{
"metadata": {
    "version": {
        "essentia": "2.0.1",
        "extractor": "archive-music 1.0"
    },
    "audio_properties": {
        "analysis_sample_rate": 44100,
        "bitrate": 128,
        "channels": 2,
        "equal_loudness": 0,
        "length": 14.1322450638,
        "replay_gain": -7.26859855652,
        "downmix": "mix"
    },
    "tags": {
        "track": 0,
        "year": 0,
        "album": "",
        "artist": "",
        "comment": "",
        "genre": "",
        "title": ""
    }
},
"highlevel": {
    "culture": {
        "all": {
            "non_western": 6.70715462547e-06,
            "western": 0.999993264675
        },
        "probability": 0.999993264675,
        "value": "western"
    },
    "danceability": {
        "all": {
            "danceable": 0.543813347816,
            "not_danceable": 0.456186622381
        },
        "probability": 0.543813347816,
        "value": "danceable"
    },
    "gender": {
        "all": {
            "female": 0.57522726059,
            "male": 0.424772769213
        },
        "probability": 0.57522726059,
        "value": "female"
    },
    "genre_dortmund": {
        "all": {
            "alternative": 0.0751775950193,
            "blues": 0.128382980824,
            "electronic": 0.0810199230909,
            "folkcountry": 0.0790281295776,
            "funksoulrnb": 0.125320792198,
            "jazz": 0.114999778569,
            "pop": 0.0376904830337,
            "raphiphop": 0.00676501682028,
            "rock": 0.351615309715
        },
        "probability": 0.351615309715,
        "value": "rock"
    },
    "genre_electronic": {
        "all": {
            "ambient": 0.903607189655,
            "dnb": 0.0686800032854,
            "house": 0.0150652872398,
            "techno": 0.004708154127,
            "trance": 0.00793939363211
        },
        "probability": 0.903607189655,
        "value": "ambient"
    },
    "genre_rosamerica": {
        "all": {
            "cla": 0.282046109438,
            "dan": 0.0149743091315,
            "hip": 0.016679899767,
            "jaz": 0.0501400567591,
            "pop": 0.0560474731028,
            "rhy": 0.0231615956873,
            "roc": 0.548051595688,
            "spe": 0.00889893155545
        },
        "probability": 0.548051595688,
        "value": "roc"
    },
    "genre_tzanetakis": {
        "all": {
            "blu": 0.0128672532737,
            "cla": 0.191670060158,
            "cou": 0.0253031328321,
            "dis": 0.0538676567376,
            "hip": 0.0222982373089,
            "jaz": 0.055127132684,
            "met": 0.0138519462198,
            "pop": 0.314676910639,
            "reg": 0.0298196878284,
            "roc": 0.280517995358
        },
        "probability": 0.314676910639,
        "value": "pop"
    },
    "mirex_ballroom": {
        "all": {
            "ChaChaCha": 0.00953372381628,
            "Jive": 0.0122534418479,
            "Quickstep": 0.0302030332386,
            "Rumba-American": 0.00175152975135,
            "Rumba-International": 0.00564464833587,
            "Rumba-Misc": 0.00240489188582,
            "Samba": 0.00434849131852,
            "Tango": 0.649657905102,
            "VienneseWaltz": 0.240868672729,
            "Waltz": 0.0433336831629
        },
        "probability": 0.649657905102,
        "value": "Tango"
    },
    "mood_acoustic": {
        "all": {
            "acoustic": 0.0750213637948,
            "not_acoustic": 0.924978613853
        },
        "probability": 0.924978613853,
        "value": "not_acoustic"
    },
    "mood_aggressive": {
        "all": {
            "aggressive": 0.654638826847,
            "not_aggressive": 0.345361143351
        },
        "probability": 0.654638826847,
        "value": "aggressive"
    },
    "mood_electronic": {
        "all": {
            "electronic": 0.969720304012,
            "not_electronic": 0.0302797164768
        },
        "probability": 0.969720304012,
        "value": "electronic"
    },
    "mood_happy": {
        "all": {
            "happy": 0.109798848629,
            "not_happy": 0.890201151371
        },
        "probability": 0.890201151371,
        "value": "not_happy"
    },
    "mood_party": {
        "all": {
            "not_party": 0.740920960903,
            "party": 0.259079039097
        },
        "probability": 0.740920960903,
        "value": "not_party"
    },
    "mood_relaxed": {
        "all": {
            "not_relaxed": 0.260051071644,
            "relaxed": 0.739948928356
        },
        "probability": 0.739948928356,
        "value": "relaxed"
    },
    "mood_sad": {
        "all": {
            "not_sad": 0.857555150986,
            "sad": 0.142444834113
        },
        "probability": 0.857555150986,
        "value": "not_sad"
    },
    "moods_mirex": {
        "all": {
            "Cluster1": 0.260742485523,
            "Cluster2": 0.0987379401922,
            "Cluster3": 0.320598214865,
            "Cluster4": 0.150901049376,
            "Cluster5": 0.169020310044
        },
        "probability": 0.320598214865,
        "value": "Cluster3"
    },
    "timbre": {
        "all": {
            "bright": 0.00988454278558,
            "dark": 0.990115463734
        },
        "probability": 0.990115463734,
        "value": "dark"
    },
    "tonal_atonal": {
        "all": {
            "atonal": 0.00680007599294,
            "tonal": 0.993199944496
        },
        "probability": 0.993199944496,
        "value": "tonal"
    },
    "voice_instrumental": {
        "all": {
            "instrumental": 0.845780611038,
            "voice": 0.154219403863
        },
        "probability": 0.845780611038,
        "value": "instrumental"
    }
},
"lowlevel": {
    "average_loudness": 0.966582119465,
    "barkbands_kurtosis": {
        "dmean": 1.14259040356,
        "dmean2": 1.91100728512,
        "dvar": 1.57290220261,
        "dvar2": 4.45221424103,
        "max": 19.3301963806,
        "mean": 1.5797368288,
        "median": 0.666714906693,
        "min": -1.61201143265,
        "var": 7.71955442429
    },
    "barkbands_skewness": {
        "dmean": 0.348402261734,
        "dmean2": 0.581866681576,
        "dvar": 0.0973728895187,
        "dvar2": 0.230677321553,
        "max": 3.34118795395,
        "mean": 1.05148673058,
        "median": 1.04087150097,
        "min": -2.12288475037,
        "var": 0.485790461302
    },
    "barkbands_spread": {
        "dmean": 3.33596539497,
        "dmean2": 5.49890232086,
        "dvar": 19.5651302338,
        "dvar2": 47.8004455566,
        "max": 92.6609268188,
        "mean": 19.458404541,
        "median": 19.4095687866,
        "min": 3.47181391716,
        "var": 80.1587142944
    },
    "dissonance": {
        "dmean": 0.0154939237982,
        "dmean2": 0.0261646546423,
        "dvar": 0.000171948689967,
        "dvar2": 0.000484104850329,
        "max": 0.500000059605,
        "mean": 0.461850076914,
        "median": 0.465381920338,
        "min": 0.379598587751,
        "var": 0.00051030452596
    },
    "dynamic_complexity": 2.57278895378,
    "erbbands_kurtosis": {
        "dmean": 0.535458147526,
        "dmean2": 0.940854310989,
        "dvar": 0.41012135148,
        "dvar2": 1.20046639442,
        "max": 6.42714881897,
        "mean": -0.125102549791,
        "median": -0.416565060616,
        "min": -1.29760360718,
        "var": 1.03215420246
    },
    "erbbands_skewness": {
        "dmean": 0.303526371717,
        "dmean2": 0.506499886513,
        "dvar": 0.0521124340594,
        "dvar2": 0.149303898215,
        "max": 2.49701452255,
        "mean": 0.287691563368,
        "median": 0.237511724234,
        "min": -1.66438138485,
        "var": 0.395020037889
    },
    "erbbands_spread": {
        "dmean": 4.2540974617,
        "dmean2": 7.24993419647,
        "dvar": 18.9530677795,
        "dvar2": 54.2914199829,
        "max": 67.2149581909,
        "mean": 29.7844963074,
        "median": 29.2401218414,
        "min": 11.1584405899,
        "var": 59.0382041931
    },
    "hfc": {
        "dmean": 4.21664190292,
        "dmean2": 6.91931247711,
        "dvar": 32.2544136047,
        "dvar2": 73.1705932617,
        "max": 94.9168548584,
        "mean": 21.7473239899,
        "median": 18.9457530975,
        "min": 1.16454523277e-16,
        "var": 278.75994873
    },
    "melbands_kurtosis": {
        "dmean": 2.22334098816,
        "dmean2": 3.74866008759,
        "dvar": 5.50393199921,
        "dvar2": 14.9056978226,
        "max": 27.2375030518,
        "mean": 4.85912227631,
        "median": 3.83487319946,
        "min": -1.29321599007,
        "var": 18.1817970276
    },
    "melbands_skewness": {
        "dmean": 0.39194381237,
        "dmean2": 0.65568369627,
        "dvar": 0.135739356279,
        "dvar2": 0.366569757462,
        "max": 4.48909950256,
        "mean": 1.70933735371,
        "median": 1.65758693218,
        "min": -0.273052453995,
        "var": 0.421157896519
    },
    "melbands_spread": {
        "dmean": 5.50694942474,
        "dmean2": 9.04591178894,
        "dvar": 62.425113678,
        "dvar2": 110.707931519,
        "max": 157.827484131,
        "mean": 24.9553947449,
        "median": 22.0176239014,
        "min": 3.95685338974,
        "var": 245.147186279
    },
    "pitch_salience": {
        "dmean": 0.0556578226388,
        "dmean2": 0.0944164469838,
        "dvar": 0.00193607597612,
        "dvar2": 0.00575071480125,
        "max": 0.990795373917,
        "mean": 0.622328519821,
        "median": 0.626656711102,
        "min": 0.358529299498,
        "var": 0.00666275667027
    },
    "silence_rate_20dB": {
        "dmean": 0,
        "dmean2": 0,
        "dvar": 0,
        "dvar2": 0,
        "max": 1,
        "mean": 1,
        "median": 1,
        "min": 1,
        "var": 0
    },
    "silence_rate_30dB": {
        "dmean": 0.00656814454123,
        "dmean2": 0.0131578948349,
        "dvar": 0.00652501359582,
        "dvar2": 0.0129847377539,
        "max": 1,
        "mean": 0.99016392231,
        "median": 1,
        "min": 0,
        "var": 0.00973935239017
    },
    "silence_rate_60dB": {
        "dmean": 0.00328407227062,
        "dmean2": 0.00657894741744,
        "dvar": 0.00327328895219,
        "dvar2": 0.00653565814719,
        "max": 1,
        "mean": 0.049180328846,
        "median": 0,
        "min": 0,
        "var": 0.0467614606023
    },
    "spectral_centroid": {
        "dmean": 172.48487854,
        "dmean2": 275.569091797,
        "dvar": 114546.15625,
        "dvar2": 140831.5625,
        "max": 10949.1367188,
        "mean": 1256.74475098,
        "median": 1197.97766113,
        "min": 414.37020874,
        "var": 400252.21875
    },
    "spectral_complexity": {
        "dmean": 2.44334983826,
        "dmean2": 3.85197377205,
        "dvar": 4.59160995483,
        "dvar2": 11.1820545197,
        "max": 47,
        "mean": 22.5098361969,
        "median": 24,
        "min": 0,
        "var": 84.817237854
    },
    "spectral_crest": {
        "dmean": 1.80308008194,
        "dmean2": 3.11529660225,
        "dvar": 2.4599711895,
        "dvar2": 6.95599365234,
        "max": 17.5861549377,
        "mean": 7.89100265503,
        "median": 7.26029968262,
        "min": 3.17171978951,
        "var": 8.58326435089
    },
    "spectral_decrease": {
        "dmean": 1.27554977691e-09,
        "dmean2": 2.16379647533e-09,
        "dvar": 4.22036233921e-18,
        "dvar2": 1.09951245844e-17,
        "max": 1.19169056943e-26,
        "mean": -6.45260556098e-09,
        "median": -6.09037753563e-09,
        "min": -3.74079647258e-08,
        "var": 1.88003611398e-17
    },
    "spectral_energy": {
        "dmean": 0.00511211995035,
        "dmean2": 0.00864348374307,
        "dvar": 6.36646946077e-05,
        "dvar2": 0.000164033146575,
        "max": 0.149120539427,
        "mean": 0.0263261478394,
        "median": 0.0251781120896,
        "min": 1.06356039729e-20,
        "var": 0.00030937010888
    },
    "spectral_energyband_high": {
        "dmean": 0.000107992127596,
        "dmean2": 0.000158967479365,
        "dvar": 4.72453436373e-08,
        "dvar2": 9.25193859302e-08,
        "max": 0.00583676621318,
        "mean": 0.000457737740362,
        "median": 0.000211379083339,
        "min": 7.63748541929e-21,
        "var": 4.19475611579e-07
    },
    "spectral_energyband_low": {
        "dmean": 0.00252021895722,
        "dmean2": 0.00441586598754,
        "dvar": 4.48106366093e-05,
        "dvar2": 0.000135602924274,
        "max": 0.0832436531782,
        "mean": 0.00439074775204,
        "median": 0.00252143340185,
        "min": 5.91775493866e-23,
        "var": 6.26562687103e-05
    },
    "spectral_energyband_middle_high": {
        "dmean": 0.00189041171689,
        "dmean2": 0.00309155881405,
        "dvar": 6.49441062706e-06,
        "dvar2": 1.68569531525e-05,
        "max": 0.0367471277714,
        "mean": 0.00724702514708,
        "median": 0.00590886920691,
        "min": 1.60337602146e-21,
        "var": 3.73268048861e-05
    },
    "spectral_energyband_middle_low": {
        "dmean": 0.00351235968992,
        "dmean2": 0.00580608146265,
        "dvar": 1.76731900865e-05,
        "dvar2": 3.92665460822e-05,
        "max": 0.0753788277507,
        "mean": 0.015375033021,
        "median": 0.0146407671273,
        "min": 3.4048486225e-22,
        "var": 8.73660901561e-05
    },
    "spectral_flatness_db": {
        "dmean": 0.0121649187058,
        "dmean2": 0.0199863836169,
        "dvar": 0.000116111768875,
        "dvar2": 0.000315726996632,
        "max": 0.234962448478,
        "mean": 0.122021019459,
        "median": 0.113622531295,
        "min": 0.0380659326911,
        "var": 0.00171705742832
    },
    "spectral_flux": {
        "dmean": 0.0107945445925,
        "dmean2": 0.0174520127475,
        "dvar": 0.000148082966916,
        "dvar2": 0.00036746400292,
        "max": 0.254938721657,
        "mean": 0.0709787681699,
        "median": 0.0693355053663,
        "min": 1.03129067786e-10,
        "var": 0.00113442447037
    },
    "spectral_kurtosis": {
        "dmean": 2.27895760536,
        "dmean2": 4.14838838577,
        "dvar": 5.53642368317,
        "dvar2": 19.7363567352,
        "max": 22.7804584503,
        "mean": 6.14036226273,
        "median": 5.19590854645,
        "min": -1.20341610909,
        "var": 11.8793544769
    },
    "spectral_rms": {
        "dmean": 0.000460906332592,
        "dmean2": 0.000766787212342,
        "dvar": 2.64206846623e-07,
        "dvar2": 6.5724026399e-07,
        "max": 0.0120616527274,
        "mean": 0.00477700028569,
        "median": 0.00495620910078,
        "min": 3.22121084147e-12,
        "var": 2.86432236862e-06
    },
    "spectral_rolloff": {
        "dmean": 308.995788574,
        "dmean2": 537.37322998,
        "dvar": 813215.8125,
        "dvar2": 1374723,
        "max": 18733.8867188,
        "mean": 1552.12023926,
        "median": 1335.05859375,
        "min": 301.46484375,
        "var": 2659111.75
    },
    "spectral_skewness": {
        "dmean": 0.230065882206,
        "dmean2": 0.406704545021,
        "dvar": 0.0432635247707,
        "dvar2": 0.14539411664,
        "max": 3.3651664257,
        "mean": 1.70694279671,
        "median": 1.6256300211,
        "min": 0.00260763335973,
        "var": 0.167986124754
    },
    "spectral_spread": {
        "dmean": 270691.90625,
        "dmean2": 413271.96875,
        "dvar": 1.73441928397e+12,
        "dvar2": 1.78108235776e+12,
        "max": 41381848,
        "mean": 3405150.75,
        "median": 3288774.5,
        "min": 1917774,
        "var": 3.06543486566e+12
    },
    "spectral_strongpeak": {
        "dmean": 0.79281359911,
        "dmean2": 1.32382786274,
        "dvar": 1.75100266933,
        "dvar2": 4.16576099396,
        "max": 10.1968679428,
        "mean": 1.43765473366,
        "median": 1.09544181824,
        "min": 0,
        "var": 2.63075971603
    },
    "zerocrossingrate": {
        "dmean": 0.00630035158247,
        "dmean2": 0.00867020431906,
        "dvar": 0.000547903997358,
        "dvar2": 0.000973536109086,
        "max": 0.51416015625,
        "mean": 0.0564965419471,
        "median": 0.051513671875,
        "min": 0.01806640625,
        "var": 0.00183670583647
    },
    "barkbands": {
        "dmean": [6.08529408055e-05, 0.00152638508007, 0.00119034352247, 0.000665992905851, 0.00127567944583, 0.00183820177335, 0.00125367275905, 0.000468295038445, 0.000585117435548, 0.000775627791882, 0.000433419045294, 0.00027954869438, 0.000214019673876, 0.000481982482597, 0.000728667946532, 0.000454953202279, 0.000416332972236, 0.000162795535289, 0.000105588194856, 0.000143799261423, 5.62517670915e-05, 4.07940278819e-05, 2.02583596547e-05, 1.59252231242e-05, 7.85354677646e-06, 2.48670517067e-06, 3.18182600267e-07],
        "dmean2": [0.000109866748971, 0.00261485739611, 0.002175349975, 0.00118089444004, 0.00210693595, 0.00317949103191, 0.00207357550971, 0.000775591062848, 0.0008520106785, 0.00113102968317, 0.00069723604247, 0.000471824489068, 0.000363276369171, 0.000791535945609, 0.00122801354155, 0.000793809827883, 0.000687690277118, 0.000268453411991, 0.000171428589965, 0.000243282411247, 8.9675981144e-05, 6.53496826999e-05, 3.16157929774e-05, 2.60122924374e-05, 1.24339030663e-05, 3.63083267985e-06, 5.11461166752e-07],
        "dvar": [1.26673720402e-08, 6.44653437121e-06, 2.01018701773e-05, 3.82682446798e-06, 4.55470490124e-06, 5.09687561134e-06, 1.52384802732e-06, 3.14437698989e-07, 7.47239027987e-07, 1.57770216447e-06, 4.26547984489e-07, 1.19814203003e-07, 1.13941112545e-07, 6.24236349722e-07, 2.07414518627e-06, 7.52611583721e-07, 9.87989096757e-07, 7.99753507863e-08, 3.8420516546e-08, 7.71821291323e-08, 8.64009308543e-09, 5.80328007871e-09, 2.00313921006e-09, 1.85423343346e-09, 4.46064601922e-10, 5.12449388479e-11, 7.50059953383e-13],
        "dvar2": [2.9611456398e-08, 1.7881495296e-05, 6.38633428025e-05, 1.2027881894e-05, 9.37088680075e-06, 1.66806203197e-05, 3.88550051866e-06, 8.27358690003e-07, 1.54344218117e-06, 3.47351578966e-06, 1.0526796359e-06, 3.21538294656e-07, 2.84079078483e-07, 1.68071619555e-06, 5.25701852894e-06, 2.44725538323e-06, 2.51358733294e-06, 2.27656315133e-07, 8.76373604797e-08, 2.10245119092e-07, 2.15549356142e-08, 1.39157743106e-08, 4.70515626461e-09, 4.22584989224e-09, 9.80285075336e-10, 1.00289568317e-10, 1.8795245308e-12],
        "max": [0.00149784900714, 0.0353020839393, 0.0516798496246, 0.0253880042583, 0.0385780930519, 0.0268997736275, 0.0134764397517, 0.00522666750476, 0.012216091156, 0.0200945008546, 0.00709204515442, 0.00392151623964, 0.00536302942783, 0.00827837083489, 0.0150735676289, 0.0081683229655, 0.0148536032066, 0.00386480195448, 0.00458745006472, 0.00346491555683, 0.0014284204226, 0.00128737452906, 0.000790627556853, 0.000902057159692, 0.000355550117092, 0.000173531443579, 1.41541295307e-05],
        "mean": [8.86580892256e-05, 0.00241697113961, 0.00133249431383, 0.000863735622261, 0.00216776202433, 0.00554831931368, 0.00342880934477, 0.000977327348664, 0.00136634067167, 0.00141162320506, 0.000813953054603, 0.000551138538867, 0.000481829047203, 0.000775575521402, 0.00125608593225, 0.000746499164961, 0.000850804906804, 0.000328266178258, 0.000242688911385, 0.000292150420137, 0.000154396577273, 0.000101319295936, 5.80560372327e-05, 4.30054424214e-05, 2.0767100068e-05, 7.1127060437e-06, 4.92445678901e-07],
        "median": [3.45197258866e-05, 0.00161656097043, 0.000306803762214, 0.000308397226036, 0.0013345022453, 0.0047679496929, 0.00311318505555, 0.000789091456681, 0.000909825088456, 0.000863887369633, 0.000490390288178, 0.000429139239714, 0.000291029951768, 0.000444127974333, 0.000555348058697, 0.00026461185189, 0.000347322202288, 0.000211377016967, 0.000138348113978, 0.000130955624627, 7.98611872597e-05, 3.96130926674e-05, 2.50580578722e-05, 1.43556644616e-05, 7.96221047494e-06, 2.51345977631e-06, 1.19615449989e-07],
        "min": [2.30081759081e-23, 2.3249680941e-23, 1.63301307129e-23, 5.24147150548e-24, 6.74794899987e-23, 2.65138611491e-23, 3.32832501262e-23, 8.03523494421e-23, 7.27091581729e-23, 8.28236550206e-23, 6.25099818402e-23, 6.35448979281e-23, 8.4450355627e-23, 1.65149292685e-22, 1.98387511476e-22, 1.70539408857e-22, 2.70926187341e-22, 1.66781086178e-22, 2.26728544875e-22, 2.98534249052e-22, 3.0743727012e-22, 6.28140530093e-22, 7.86537388e-22, 7.56140065589e-22, 1.26185301826e-21, 1.60492759096e-21, 2.31872680332e-21],
        "var": [2.89933996811e-08, 1.00054176073e-05, 1.82514704647e-05, 4.88253863296e-06, 1.04394384834e-05, 2.02310693567e-05, 5.8448058553e-06, 6.44232727609e-07, 2.12786608245e-06, 3.75599847757e-06, 1.00876286524e-06, 2.60131514551e-07, 3.61648488933e-07, 1.04574064608e-06, 4.30762929682e-06, 1.46125137235e-06, 2.38175312006e-06, 1.66556731074e-07, 1.68419262536e-07, 1.85083365523e-07, 4.12977136932e-08, 2.23763301221e-08, 8.38965785732e-09, 7.48832107433e-09, 1.726733867e-09, 2.27939250808e-10, 1.61512697747e-12]
    },
    "erbbands": {
        "dmean": [0.042291469872, 0.364017009735, 1.10364210606, 2.02117800713, 2.43489813805, 5.38198280334, 9.40061950684, 14.9605894089, 22.4731903076, 16.0700626373, 11.6895856857, 9.31335926056, 31.2109470367, 13.6620950699, 12.9255285263, 10.5535125732, 10.0412759781, 24.7650604248, 19.0128211975, 45.0256652832, 28.6273117065, 15.8630218506, 7.48095369339, 7.94168376923, 5.00462579727, 7.19874572754, 2.51314425468, 2.03463101387, 1.39013242722, 0.989965260029, 0.651202559471, 0.456965655088, 0.195604279637, 0.116479158401, 0.0438658408821, 0.0153246382251, 0.00467574084178, 0.000916025601327, 2.40563640546e-05, 6.13270049143e-06],
        "dmean2": [0.0726649686694, 0.619591832161, 2.00181627274, 3.62847328186, 3.80006361008, 8.78652667999, 16.4130802155, 25.5345516205, 38.5538215637, 25.3064002991, 18.6932621002, 14.4383916855, 45.7523612976, 22.1990680695, 19.7634334564, 17.8630580902, 16.9228458405, 40.3912506104, 31.8488903046, 76.1386642456, 49.796661377, 26.5391178131, 12.5918302536, 12.8884239197, 8.17779159546, 12.2449388504, 3.93198752403, 3.39456939697, 2.27973365784, 1.56733512878, 0.989917039871, 0.750425338745, 0.305136263371, 0.185482233763, 0.0674839243293, 0.0230928715318, 0.00675726076588, 0.00138311740011, 3.68375694961e-05, 1.0108557035e-05],
        "dvar": [0.00580689962953, 0.455501407385, 18.0473251343, 35.6630210876, 31.3851318359, 81.9276504517, 86.1502304077, 420.761444092, 586.696350098, 300.52545166, 198.86618042, 160.491363525, 2174.58642578, 512.391540527, 378.45425415, 182.210891724, 241.998382568, 1593.90307617, 1890.19042969, 11597.1513672, 3155.67285156, 1024.40478516, 121.342041016, 205.64755249, 118.830612183, 216.140991211, 17.1788902283, 15.229101181, 6.99092292786, 3.98970389366, 2.89333105087, 1.80557608604, 0.185377314687, 0.0884454399347, 0.0187849216163, 0.00184952956624, 0.000156617956236, 7.07331946614e-06, 3.87701826199e-09, 8.27785479052e-11],
        "dvar2": [0.0173706244677, 1.26170122623, 56.15209198, 113.324607849, 80.4783325195, 161.178039551, 258.076629639, 1385.96337891, 1621.70178223, 713.269104004, 497.451263428, 335.57800293, 4723.10546875, 1325.38806152, 908.571350098, 501.188323975, 597.465087891, 4252.17919922, 3923.01074219, 32631.2597656, 9937.44433594, 2747.14770508, 335.272888184, 586.885986328, 264.849060059, 606.633605957, 39.3417282104, 44.8805732727, 17.1207695007, 8.72751998901, 7.19924211502, 4.5263428688, 0.367194503546, 0.207967802882, 0.0367118678987, 0.00394270895049, 0.000315990182571, 1.59440278367e-05, 8.68995897463e-09, 1.9696773379e-10],
        "max": [1.14262914658, 8.92989063263, 56.4680175781, 87.0761413574, 84.5031204224, 193.373001099, 105.962020874, 245.20880127, 283.007110596, 184.86920166, 126.340644836, 153.354354858, 700.45513916, 568.81237793, 214.13848877, 202.977035522, 256.753143311, 384.670684814, 849.80847168, 1112.35131836, 555.399414062, 484.785919189, 125.450912476, 243.755157471, 266.640563965, 181.870300293, 65.3935165405, 47.6971092224, 38.6249313354, 31.7752056122, 31.7169075012, 27.887172699, 8.40292549133, 4.35688114166, 2.50149846077, 0.982266843319, 0.236184328794, 0.0516793690622, 0.00119698385242, 0.000183176394785],
        "mean": [0.0673446878791, 0.559315621853, 1.31014382839, 2.81107783318, 4.45399332047, 8.25596618652, 22.8040981293, 41.6907615662, 54.4390449524, 42.8795661926, 26.9279232025, 24.0092563629, 56.324962616, 27.8483505249, 27.3936157227, 22.7687988281, 25.1579208374, 43.4811935425, 36.2050552368, 77.6930007935, 54.0591011047, 35.7576560974, 17.0492134094, 17.4755878448, 13.1184692383, 14.6266202927, 6.74451541901, 5.04732275009, 3.51790428162, 2.67505049706, 1.75944364071, 1.09980273247, 0.56665879488, 0.287244617939, 0.115137092769, 0.03985433653, 0.012591348961, 0.00203822832555, 6.48726709187e-05, 3.3252123103e-05],
        "median": [0.040957480669, 0.366167128086, 0.477237999439, 0.858622431755, 2.22803974152, 5.113322258, 18.1619300842, 33.8911590576, 41.9388961792, 34.2784614563, 21.3178939819, 17.9082221985, 35.8665046692, 20.0648269653, 18.4807319641, 18.8524208069, 17.0722770691, 27.2941894531, 22.0586624146, 23.8642845154, 22.109916687, 21.1453170776, 12.8517398834, 9.90795326233, 8.11990261078, 5.48810100555, 3.51638770103, 2.44000172615, 1.47596275806, 1.10493421555, 0.651325464249, 0.347229123116, 0.209797203541, 0.112668596208, 0.0420457720757, 0.0153884962201, 0.00409321580082, 0.000620629754849, 3.0531660741e-05, 3.11977491947e-05],
        "min": [1.37349453208e-21, 2.83600549185e-21, 1.73856465717e-20, 1.82480114409e-20, 4.79765530763e-20, 2.15552798627e-19, 4.36547876997e-19, 2.20056435171e-19, 5.05030573501e-19, 7.24805017631e-19, 2.06915342481e-18, 1.35618929086e-18, 3.22270931499e-18, 1.82315963001e-18, 2.33092879173e-18, 3.12869362093e-18, 4.38463710014e-18, 5.93342236853e-18, 1.11261243509e-17, 8.59741915622e-18, 1.14818765343e-17, 1.4993603169e-17, 1.03430564532e-17, 8.34630862894e-18, 1.23462976453e-17, 1.43010660534e-17, 1.48854972803e-17, 1.11373706985e-17, 1.97718417559e-17, 2.38783981049e-17, 2.28933269113e-17, 2.00878611458e-17, 1.04699881454e-17, 1.14722928198e-17, 9.96149788896e-18, 6.4627654346e-18, 3.32187338118e-18, 1.10001093816e-18, 3.71353507772e-19, 3.16580631988e-20],
        "var": [0.0096358275041, 0.572152972221, 15.6528558731, 51.5171470642, 64.3280105591, 169.190246582, 351.073303223, 1568.09118652, 2124.26855469, 1197.18725586, 495.669006348, 480.390716553, 4458.66308594, 1248.35559082, 1015.83001709, 409.308319092, 801.037353516, 2838.90771484, 3578.34790039, 24149.3515625, 6525.9609375, 2464.7487793, 284.203369141, 499.588623047, 547.967285156, 503.859741211, 85.507774353, 48.8013534546, 24.5825786591, 16.6286220551, 9.74013805389, 5.22439527512, 1.07185804844, 0.292916506529, 0.0696902871132, 0.00647269561887, 0.000739205745049, 2.30164023378e-05, 1.44916771916e-08, 5.54409074205e-10]
    },
    "gfcc": {
        "mean": [-7.42529916763, 116.740447998, -139.371459961, 24.6945400238, -60.3869743347, 1.58845579624, -39.5377578735, 6.39762067795, -13.9686012268, 6.95995283127, -9.21950531006, 4.04069948196, -3.99290108681],
        "cov": [[18419.8066406, 246.598876953, -1510.23217773, 311.553741455, -754.256469727, 241.011520386, -509.354522705, 351.637390137, -63.2390708923, 242.958435059, -248.668899536, 189.079971313, 39.0838661194], [246.598876953, 967.282043457, -116.053253174, -101.705101013, 45.1063842773, -211.614395142, 72.100402832, -112.931137085, 46.7063369751, -34.3517875671, 156.157836914, -36.3416252136, 31.4255943298], [-1510.23217773, -116.053253174, 255.374328613, 1.92793285847, 74.6934585571, 23.9539146423, 51.3749427795, -9.64544010162, -17.9274978638, -18.7103023529, -1.01356506348, -12.2025032043, -19.1984615326], [311.553741455, -101.705101013, 1.92793285847, 173.197967529, 23.5742282867, 82.646446228, 8.51022815704, 9.39953804016, -24.198381424, -38.3137016296, -54.9940338135, -29.06199646, -25.152841568], [-754.256469727, 45.1063842773, 74.6934585571, 23.5742282867, 111.358695984, 16.1294288635, 41.0739822388, -18.0750026703, 1.11132109165, -29.0211734772, 3.31588816643, -19.1292247772, -8.46681308746], [241.011520386, -211.614395142, 23.9539146423, 82.646446228, 16.1294288635, 139.21887207, -2.08134627342, 43.7916297913, -25.7547206879, -2.52094912529, -58.6494560242, 1.44939041138, -22.553899765], [-509.354522705, 72.100402832, 51.3749427795, 8.51022815704, 41.0739822388, -2.08134627342, 70.1114120483, -9.56746578217, 5.7633600235, -19.7974262238, 14.3448791504, -18.4550132751, -3.29656195641], [351.637390137, -112.931137085, -9.64544010162, 9.39953804016, -18.0750026703, 43.7916297913, -9.56746578217, 71.1581802368, 11.0741548538, 21.4983825684, -18.1144485474, 23.7447795868, 7.66445159912], [-63.2390708923, 46.7063369751, -17.9274978638, -24.198381424, 1.11132109165, -25.7547206879, 5.7633600235, 11.0741548538, 60.4312896729, 25.1697864532, 25.827703476, 16.5216255188, 30.1391372681], [242.958435059, -34.3517875671, -18.7103023529, -38.3137016296, -29.0211734772, -2.52094912529, -19.7974262238, 21.4983825684, 25.1697864532, 63.4141845703, 22.9431419373, 29.4372367859, 17.8930835724], [-248.668899536, 156.157836914, -1.01356506348, -54.9940338135, 3.31588816643, -58.6494560242, 14.3448791504, -18.1144485474, 25.827703476, 22.9431419373, 83.7491760254, 18.4242076874, 16.9047927856], [189.079971313, -36.3416252136, -12.2025032043, -29.06199646, -19.1292247772, 1.44939041138, -18.4550132751, 23.7447795868, 16.5216255188, 29.4372367859, 18.4242076874, 53.0689659119, 24.9964065552], [39.0838661194, 31.4255943298, -19.1984615326, -25.152841568, -8.46681308746, -22.553899765, -3.29656195641, 7.66445159912, 30.1391372681, 17.8930835724, 16.9047927856, 24.9964065552, 53.6318206787]],
        "icov": [[0.000218581320951, -0.000432082306361, 0.000786863733083, -0.000523469003383, 0.000673116184771, -0.000223964510951, 0.000420604745159, -0.000672255526297, 0.00059775315458, -0.000818540342152, 0.000850407523103, -0.000615563942119, 0.000220084737521], [-0.000432082306361, 0.00358991092071, 0.000399809330702, 0.00130252493545, -0.00249002943747, 0.00225481390953, -0.00264207902364, 0.00230297865346, -0.000982343452051, 0.00321073178202, -0.0054681841284, 0.0028291027993, -0.00108517869376], [0.000786863733083, 0.000399809330702, 0.0098820226267, -0.000785554409958, -0.00161055568606, 0.00026817645994, -0.00324107822962, -0.00152854749467, 0.00451694428921, -0.0030901839491, 0.00139312585816, -0.00260395812802, 0.00150621787179], [-0.000523469003383, 0.00130252493545, -0.000785554409958, 0.0118334842846, -0.00170679518487, -0.00583179667592, -0.000933724455535, 0.00231810309924, -0.00322303245775, 0.00719949323684, -0.00153719482478, 0.00511972326785, -0.000716095033567], [0.000673116184771, -0.00249002943747, -0.00161055568606, -0.00170679518487, 0.0181446615607, -0.00604102015495, -0.00117277423851, 0.00109144614544, -0.00339635484852, 0.00305185304023, 0.00128910015337, -0.00097771291621, 0.000627289176919], [-0.000223964510951, 0.00225481390953, 0.00026817645994, -0.00583179667592, -0.00604102015495, 0.0210352707654, -0.00451141083613, -0.0060287755914, 0.00574572058395, -0.00593489455059, 0.00587443029508, -0.00473213149235, 0.00378457992338], [0.000420604745159, -0.00264207902364, -0.00324107822962, -0.000933724455535, -0.00117277423851, -0.00451141083613, 0.0270444713533, -0.00503965048119, -0.00365038309246, 0.00502449227497, -0.00490230321884, 0.00764813879505, -0.00170061283279], [-0.000672255526297, 0.00230297865346, -0.00152854749467, 0.00231810309924, 0.00109144614544, -0.0060287755914, -0.00503965048119, 0.0279733408242, -0.00820944365114, -0.000362737744581, 0.00194095668849, -0.00690188957378, 0.000349509675289], [0.00059775315458, -0.000982343452051, 0.00451694428921, -0.00322303245775, -0.00339635484852, 0.00574572058395, -0.00365038309246, -0.00820944365114, 0.0334195047617, -0.0130876721814, 0.000188534206245, -0.000444679142674, -0.0111920582131], [-0.000818540342152, 0.00321073178202, -0.0030901839491, 0.00719949323684, 0.00305185304023, -0.00593489455059, 0.00502449227497, -0.000362737744581, -0.0130876721814, 0.0377188250422, -0.0150810116902, 0.000570532632992, -0.00140948290937], [0.000850407523103, -0.0054681841284, 0.00139312585816, -0.00153719482478, 0.00128910015337, 0.00587443029508, -0.00490230321884, 0.00194095668849, 0.000188534206245, -0.0150810116902, 0.0354814827442, -0.0163084995002, 0.00579998642206], [-0.000615563942119, 0.0028291027993, -0.00260395812802, 0.00511972326785, -0.00097771291621, -0.00473213149235, 0.00764813879505, -0.00690188957378, -0.000444679142674, 0.000570532632992, -0.0163084995002, 0.0434862524271, -0.0154958935454], [0.000220084737521, -0.00108517869376, 0.00150621787179, -0.000716095033567, 0.000627289176919, 0.00378457992338, -0.00170061283279, 0.000349509675289, -0.0111920582131, -0.00140948290937, 0.00579998642206, -0.0154958935454, 0.0330143943429]]
    },
    "melbands": {
        "dmean": [0.000397637108108, 0.000524351955391, 0.000319139973726, 0.000275951286312, 0.00028236824437, 0.000364551204257, 0.000313824333716, 0.000153017739649, 0.000108032487333, 6.70028166496e-05, 0.00015644863015, 5.32284466317e-05, 5.80589985475e-05, 2.66976967396e-05, 3.40850674547e-05, 2.62738722085e-05, 5.14797502547e-05, 2.83628487523e-05, 4.76562672702e-05, 4.50403567811e-05, 3.89849010389e-05, 2.20392630581e-05, 6.83599500917e-06, 1.00860115708e-05, 6.77397338222e-06, 3.57199837708e-06, 5.91630578128e-06, 4.24305653723e-06, 1.78514733307e-06, 1.54308486344e-06, 1.13163127935e-06, 7.41066457977e-07, 1.19862329484e-06, 4.61783656647e-07, 5.14762405146e-07, 2.68859906782e-07, 2.85667653088e-07, 1.86122989021e-07, 1.08176628544e-07, 1.04054642236e-07],
        "dmean2": [0.000678407144733, 0.000925912172534, 0.000557784573175, 0.000442136166384, 0.000490717648063, 0.000618892663624, 0.000534244347364, 0.00024166352523, 0.000170169412741, 9.97327078949e-05, 0.000229052297072, 8.72597229318e-05, 9.09660957404e-05, 4.4908203563e-05, 5.69524527236e-05, 4.3195719627e-05, 8.47641858854e-05, 4.73007457913e-05, 8.02533613751e-05, 7.78121320764e-05, 6.70313092996e-05, 3.68477594748e-05, 1.15551938507e-05, 1.68195492734e-05, 1.11643976197e-05, 5.46020646652e-06, 1.00233137346e-05, 7.21939295545e-06, 2.91026481136e-06, 2.57890792454e-06, 1.87601506241e-06, 1.2478537883e-06, 1.95351253751e-06, 7.3332341799e-07, 8.13689666757e-07, 4.36153783312e-07, 4.74663181649e-07, 2.96438429359e-07, 1.66340399232e-07, 1.65320770407e-07],
        "dvar": [4.04607675364e-07, 3.02476837533e-06, 8.7432960072e-07, 3.13642004812e-07, 7.75214559212e-08, 2.26761343924e-07, 1.07949652772e-07, 2.83001320156e-08, 1.65172266975e-08, 9.9596508818e-09, 5.42311759943e-08, 8.92249296669e-09, 8.58041016016e-09, 1.42743228349e-09, 1.84917359203e-09, 1.73169156792e-09, 6.9589090046e-09, 4.67425920192e-09, 8.20918089062e-09, 1.06435020797e-08, 6.48407372239e-09, 2.67951572042e-09, 1.78485989877e-10, 3.5343999949e-10, 1.7431810162e-10, 7.93838328406e-11, 1.37199987482e-10, 7.77063829949e-11, 9.95586339064e-12, 7.64182380569e-12, 5.072450706e-12, 1.83124630911e-12, 5.66852467743e-12, 9.08820707492e-13, 1.92739010516e-12, 5.80013793071e-13, 5.53306695166e-13, 1.95773410504e-13, 5.05763169518e-14, 7.95329039714e-14],
        "dvar2": [1.14819226837e-06, 9.25917629502e-06, 2.84227871816e-06, 6.29138526165e-07, 2.27670440722e-07, 7.46990622247e-07, 3.0417271546e-07, 6.85850309878e-08, 4.10628189229e-08, 2.09253023797e-08, 1.17957462464e-07, 2.25403340437e-08, 2.06719992235e-08, 3.71823682954e-09, 4.62117455413e-09, 4.51008563829e-09, 1.91118569859e-08, 9.49538936368e-09, 2.22214069368e-08, 3.05183895932e-08, 1.91993141385e-08, 7.17495751701e-09, 4.76620243273e-10, 9.92115611886e-10, 4.95964713743e-10, 1.42215766941e-10, 3.64575564182e-10, 2.16014553467e-10, 2.34709231217e-11, 2.06795205959e-11, 1.42915913479e-11, 4.65621161419e-12, 1.35754697414e-11, 2.05832139527e-12, 5.0731419933e-12, 1.40130409446e-12, 1.32933074271e-12, 4.62881794526e-13, 1.10564836908e-13, 2.02644094538e-13],
        "max": [0.00964932516217, 0.0237926505506, 0.0128163285553, 0.0107286749408, 0.00277614197694, 0.00538057414815, 0.00380060798489, 0.00170026009437, 0.00129338470288, 0.0013129862491, 0.00344462576322, 0.00245184218511, 0.00104027113412, 0.00044310640078, 0.000563571869861, 0.000387505831895, 0.000853798876051, 0.00133237498812, 0.000999523093924, 0.000974490540102, 0.00092109158868, 0.000780529109761, 0.000171765961568, 0.000233002356254, 0.00020777231839, 0.00029830186395, 0.000171519030118, 0.000111252011266, 3.94029957533e-05, 4.95803396916e-05, 3.36859375238e-05, 1.93906762433e-05, 3.04487912217e-05, 1.62040723808e-05, 2.2346903279e-05, 1.60829476954e-05, 1.39043750096e-05, 8.01824262453e-06, 4.65839730168e-06, 4.19144316766e-06],
        "mean": [0.000663764541969, 0.000725986843463, 0.000504331721459, 0.00046040507732, 0.000676523661241, 0.00106162426528, 0.00079585966887, 0.000392112589907, 0.000231088677538, 0.000156655252795, 0.000279704894638, 0.000101926474599, 0.000113243258966, 5.00212408951e-05, 6.66057312628e-05, 5.34349601367e-05, 8.34015809232e-05, 5.09717647219e-05, 8.52076846058e-05, 7.53871208872e-05, 7.02369361534e-05, 4.52619751741e-05, 1.41409545904e-05, 1.845621955e-05, 1.35886284625e-05, 8.58545536175e-06, 1.15310822366e-05, 8.24645485409e-06, 4.07580364481e-06, 3.60276681022e-06, 2.56515477304e-06, 1.75230513833e-06, 2.33085256696e-06, 1.15305692816e-06, 1.19207561511e-06, 6.32689591384e-07, 6.35362027879e-07, 4.43017114549e-07, 2.71746699809e-07, 2.18286984932e-07],
        "median": [0.000439446419477, 0.000374419149011, 0.000198177673155, 0.000251466146437, 0.000549484742805, 0.000891296309419, 0.000653000664897, 0.000309677561745, 0.000169599370565, 0.000109641390736, 0.000176119589014, 6.91814348102e-05, 6.89825392328e-05, 3.45031075994e-05, 4.7613397328e-05, 3.59820696758e-05, 4.77912544739e-05, 2.68139010586e-05, 3.92160436604e-05, 2.12726899917e-05, 2.30563382502e-05, 1.95443390112e-05, 8.89420516614e-06, 1.07415680759e-05, 7.17268176231e-06, 4.69358019473e-06, 5.78029676035e-06, 2.50478569797e-06, 1.96158998733e-06, 1.62213632393e-06, 1.23574000099e-06, 8.09663447399e-07, 8.00088400865e-07, 5.18210526934e-07, 4.16800446601e-07, 2.34097228713e-07, 1.91471286826e-07, 1.45496045434e-07, 1.15965235636e-07, 8.42054248551e-08],
        "min": [1.02966361533e-23, 7.1762755434e-24, 3.63488409122e-24, 8.22579581323e-24, 1.57535159897e-23, 4.99594446519e-24, 7.09088213928e-24, 1.07091733302e-23, 1.55361406341e-23, 9.29945364904e-24, 1.59309812943e-23, 6.59929754973e-24, 8.15368840447e-24, 6.73553737794e-24, 7.42749224298e-24, 9.75496560154e-24, 1.15987962277e-23, 1.71901800039e-23, 1.75410164252e-23, 9.41022628621e-24, 1.38445341302e-23, 1.51095909208e-23, 1.3926174923e-23, 6.60362800167e-24, 6.46544954779e-24, 1.02922816411e-23, 8.70494992706e-24, 9.7617584828e-24, 8.74031456145e-24, 7.83574906067e-24, 6.21691576416e-24, 1.06206923245e-23, 1.39344169417e-23, 1.27829853093e-23, 1.24767179514e-23, 1.41062466241e-23, 1.16743572695e-23, 7.40697160425e-24, 6.78609626221e-24, 1.07846870404e-23],
