{
"metadata": {
    "version": {
        "essentia": "2.0.1",
        "extractor": "archive-music 1.0"
    },
    "audio_properties": {
        "analysis_sample_rate": 44100,
        "bitrate": 128,
        "channels": 2,
        "equal_loudness": 0,
        "length": 15.0726528168,
        "replay_gain": -2.18607521057,
        "downmix": "mix"
    },
    "tags": {
        "track": 0,
        "year": 0,
        "album": "",
        "artist": "",
        "comment": "",
        "genre": "",
        "title": ""
    }
},
"highlevel": {
    "culture": {
        "all": {
            "non_western": 0.0187665279955,
            "western": 0.981233477592
        },
        "probability": 0.981233477592,
        "value": "western"
    },
    "danceability": {
        "all": {
            "danceable": 0.147568538785,
            "not_danceable": 0.852431476116
        },
        "probability": 0.852431476116,
        "value": "not_danceable"
    },
    "gender": {
        "all": {
            "female": 0.00558241689578,
            "male": 0.994417607784
        },
        "probability": 0.994417607784,
        "value": "male"
    },
    "genre_dortmund": {
        "all": {
            "alternative": 0.15721385181,
            "blues": 0.0178278852254,
            "electronic": 0.0378117635846,
            "folkcountry": 0.0313421078026,
            "funksoulrnb": 0.0328428372741,
            "jazz": 0.0807685032487,
            "pop": 0.0470598898828,
            "raphiphop": 0.00459445826709,
            "rock": 0.590538740158
        },
        "probability": 0.590538740158,
        "value": "rock"
    },
    "genre_electronic": {
        "all": {
            "ambient": 0.887147724628,
            "dnb": 0.0812457278371,
            "house": 0.00864359736443,
            "techno": 0.00626624887809,
            "trance": 0.0166967064142
        },
        "probability": 0.887147724628,
        "value": "ambient"
    },
    "genre_rosamerica": {
        "all": {
            "cla": 0.0916678160429,
            "dan": 0.015043082647,
            "hip": 0.0124928615987,
            "jaz": 0.0108303744346,
            "pop": 0.058445584029,
            "rhy": 0.0101956510916,
            "roc": 0.791561365128,
            "spe": 0.0097632361576
        },
        "probability": 0.791561365128,
        "value": "roc"
    },
    "genre_tzanetakis": {
        "all": {
            "blu": 0.00639229081571,
            "cla": 0.0560885220766,
            "cou": 0.00828191079199,
            "dis": 0.0190410427749,
            "hip": 0.0319715850055,
            "jaz": 0.0366786010563,
            "met": 0.0223507098854,
            "pop": 0.08907661587,
            "reg": 0.0158888250589,
            "roc": 0.714229881763
        },
        "probability": 0.714229881763,
        "value": "roc"
    },
    "mirex_ballroom": {
        "all": {
            "ChaChaCha": 0.0447493903339,
            "Jive": 0.228697985411,
            "Quickstep": 0.0180135406554,
            "Rumba-American": 0.0044776070863,
            "Rumba-International": 0.00581003306434,
            "Rumba-Misc": 0.00854425039142,
            "Samba": 0.00641144765541,
            "Tango": 0.0178392920643,
            "VienneseWaltz": 0.649153709412,
            "Waltz": 0.0163027215749
        },
        "probability": 0.649153709412,
        "value": "VienneseWaltz"
    },
    "mood_acoustic": {
        "all": {
            "acoustic": 0.353364259005,
            "not_acoustic": 0.646635711193
        },
        "probability": 0.646635711193,
        "value": "not_acoustic"
    },
    "mood_aggressive": {
        "all": {
            "aggressive": 0.783296942711,
            "not_aggressive": 0.21670307219
        },
        "probability": 0.783296942711,
        "value": "aggressive"
    },
    "mood_electronic": {
        "all": {
            "electronic": 0.449463129044,
            "not_electronic": 0.550536870956
        },
        "probability": 0.550536870956,
        "value": "not_electronic"
    },
    "mood_happy": {
        "all": {
            "happy": 0.275064229965,
            "not_happy": 0.724935770035
        },
        "probability": 0.724935770035,
        "value": "not_happy"
    },
    "mood_party": {
        "all": {
            "not_party": 0.647313833237,
            "party": 0.352686166763
        },
        "probability": 0.647313833237,
        "value": "not_party"
    },
    "mood_relaxed": {
        "all": {
            "not_relaxed": 0.400339871645,
            "relaxed": 0.599660098553
        },
        "probability": 0.599660098553,
        "value": "relaxed"
    },
    "mood_sad": {
        "all": {
            "not_sad": 0.665737867355,
            "sad": 0.334262162447
        },
        "probability": 0.665737867355,
        "value": "not_sad"
    },
    "moods_mirex": {
        "all": {
            "Cluster1": 0.130505427718,
            "Cluster2": 0.032834507525,
            "Cluster3": 0.0289240870625,
            "Cluster4": 0.0294488631189,
            "Cluster5": 0.778287112713
        },
        "probability": 0.778287112713,
        "value": "Cluster5"
    },
    "timbre": {
        "all": {
            "bright": 0.0340299084783,
            "dark": 0.965970098972
        },
        "probability": 0.965970098972,
        "value": "dark"
    },
    "tonal_atonal": {
        "all": {
            "atonal": 0.0287594757974,
            "tonal": 0.971240520477
        },
        "probability": 0.971240520477,
        "value": "tonal"
    },
    "voice_instrumental": {
        "all": {
            "instrumental": 0.623257935047,
            "voice": 0.376742035151
        },
        "probability": 0.623257935047,
        "value": "instrumental"
    }
},
"lowlevel": {
    "average_loudness": 0.944720447063,
    "barkbands_kurtosis": {
        "dmean": 1.75446641445,
        "dmean2": 2.87555742264,
        "dvar": 3.008664608,
        "dvar2": 7.8826212883,
        "max": 16.7545394897,
        "mean": 3.76725673676,
        "median": 3.33090209961,
        "min": -1.71169006824,
        "var": 6.71539068222
    },
    "barkbands_skewness": {
        "dmean": 0.357759863138,
        "dmean2": 0.580027163029,
        "dvar": 0.102896332741,
        "dvar2": 0.241847366095,
        "max": 3.36148142815,
        "mean": 1.64784812927,
        "median": 1.62825798988,
        "min": -1.99857378006,
        "var": 0.382238864899
    },
    "barkbands_spread": {
        "dmean": 3.52427434921,
        "dmean2": 5.73979139328,
        "dvar": 21.3919029236,
        "dvar2": 54.7547187805,
        "max": 93.6436309814,
        "mean": 15.7638072968,
        "median": 14.6488494873,
        "min": 5.29252243042,
        "var": 39.9128036499
    },
    "dissonance": {
        "dmean": 0.0161895509809,
        "dmean2": 0.0264811590314,
        "dvar": 0.000496584631037,
        "dvar2": 0.000782192102633,
        "max": 0.499966293573,
        "mean": 0.472695201635,
        "median": 0.476273566484,
        "min": 0.00525672361255,
        "var": 0.000578875362407
    },
    "dynamic_complexity": 3.38837361336,
    "erbbands_kurtosis": {
        "dmean": 0.567657470703,
        "dmean2": 0.953720748425,
        "dvar": 0.274339318275,
        "dvar2": 0.777247786522,
        "max": 4.09359073639,
        "mean": 0.266993999481,
        "median": 0.134001731873,
        "min": -1.38002705574,
        "var": 0.67344558239
    },
    "erbbands_skewness": {
        "dmean": 0.255394995213,
        "dmean2": 0.421533793211,
        "dvar": 0.0370551347733,
        "dvar2": 0.10195312649,
        "max": 1.92680537701,
        "mean": 0.739589333534,
        "median": 0.733349919319,
        "min": -0.799249708652,
        "var": 0.117546364665
    },
    "erbbands_spread": {
        "dmean": 5.01371765137,
        "dmean2": 8.27114963531,
        "dvar": 26.551109314,
        "dvar2": 68.9797668457,
        "max": 89.610748291,
        "mean": 35.2819519043,
        "median": 33.490398407,
        "min": 13.9877347946,
        "var": 99.3468322754
    },
    "hfc": {
        "dmean": 2.97717380524,
        "dmean2": 4.49180078506,
        "dvar": 13.4805307388,
        "dvar2": 23.9298706055,
        "max": 66.8930969238,
        "mean": 17.016122818,
        "median": 13.5978002548,
        "min": 1.11400449734e-16,
        "var": 154.910675049
    },
    "melbands_kurtosis": {
        "dmean": 3.24268245697,
        "dmean2": 5.35201406479,
        "dvar": 9.88960552216,
        "dvar2": 26.1228694916,
        "max": 34.6724433899,
        "mean": 9.15339565277,
        "median": 7.88745975494,
        "min": -1.27989733219,
        "var": 30.9387111664
    },
    "melbands_skewness": {
        "dmean": 0.450337946415,
        "dmean2": 0.756113290787,
        "dvar": 0.151501879096,
        "dvar2": 0.380686551332,
        "max": 4.79157018661,
        "mean": 2.28349161148,
        "median": 2.24830341339,
        "min": -0.135930076241,
        "var": 0.557806491852
    },
    "melbands_spread": {
        "dmean": 3.83594918251,
        "dmean2": 6.19396781921,
        "dvar": 33.9688949585,
        "dvar2": 56.0816383362,
        "max": 151.768478394,
        "mean": 16.880859375,
        "median": 14.939871788,
        "min": 5.9770154953,
        "var": 142.2865448
    },
    "pitch_salience": {
        "dmean": 0.0626529082656,
        "dmean2": 0.104002721608,
        "dvar": 0.00260000070557,
        "dvar2": 0.0070252455771,
        "max": 0.989518284798,
        "mean": 0.714796662331,
        "median": 0.722564220428,
        "min": 0.35543563962,
        "var": 0.00464543374255
    },
    "silence_rate_20dB": {
        "dmean": 0,
        "dmean2": 0,
        "dvar": 0,
        "dvar2": 0,
        "max": 1,
        "mean": 1,
        "median": 1,
        "min": 1,
        "var": 0
    },
    "silence_rate_30dB": {
        "dmean": 0,
        "dmean2": 0,
        "dvar": 0,
        "dvar2": 0,
        "max": 1,
        "mean": 1,
        "median": 1,
        "min": 1,
        "var": 0
    },
    "silence_rate_60dB": {
        "dmean": 0.00307692307979,
        "dmean2": 0.00616332842037,
        "dvar": 0.0030674636364,
        "dvar2": 0.0061253788881,
        "max": 1,
        "mean": 0.0537634417415,
        "median": 0,
        "min": 0,
        "var": 0.0508729889989
    },
    "spectral_centroid": {
        "dmean": 171.815887451,
        "dmean2": 268.125396729,
        "dvar": 105313.695312,
        "dvar2": 125324.539062,
        "max": 11102.1826172,
        "mean": 956.279541016,
        "median": 865.667419434,
        "min": 437.172515869,
        "var": 286825.5625
    },
    "spectral_complexity": {
        "dmean": 2.81230759621,
        "dmean2": 4.50231122971,
        "dvar": 5.51862001419,
        "dvar2": 13.5597009659,
        "max": 49,
        "mean": 22.2595996857,
        "median": 23,
        "min": 0,
        "var": 77.9925994873
    },
    "spectral_crest": {
        "dmean": 2.28815984726,
        "dmean2": 3.9406671524,
        "dvar": 3.52774000168,
        "dvar2": 9.59242153168,
        "max": 18.5131702423,
        "mean": 7.52432918549,
        "median": 6.94767427444,
        "min": 3.2773065567,
        "var": 6.23953819275
    },
    "spectral_decrease": {
        "dmean": 2.09546580088e-09,
        "dmean2": 3.39737860067e-09,
        "dvar": 6.06455324309e-18,
        "dvar2": 1.39474761201e-17,
        "max": 6.93081974711e-26,
        "mean": -7.1720727135e-09,
        "median": -6.29590557466e-09,
        "min": -3.08640686342e-08,
        "var": 2.40483225094e-17
    },
    "spectral_energy": {
        "dmean": 0.00812393426895,
        "dmean2": 0.0131659703329,
        "dvar": 9.12733958103e-05,
        "dvar2": 0.000208010242204,
        "max": 0.122555628419,
        "mean": 0.0286124646664,
        "median": 0.0250502452254,
        "min": 1.077177535e-20,
        "var": 0.000380240584491
    },
    "spectral_energyband_high": {
        "dmean": 0.000105766375782,
        "dmean2": 0.000139480660437,
        "dvar": 2.41755984121e-08,
        "dvar2": 3.50340876309e-08,
        "max": 0.00263891555369,
        "mean": 0.000454546388937,
        "median": 0.000240243840381,
        "min": 7.99911844334e-21,
        "var": 2.69192980795e-07
    },
    "spectral_energyband_low": {
        "dmean": 0.00386346923187,
        "dmean2": 0.00640431465581,
        "dvar": 2.74926860584e-05,
        "dvar2": 7.71608829382e-05,
        "max": 0.0522266551852,
        "mean": 0.00610009999946,
        "median": 0.00425697257742,
        "min": 7.22949367779e-23,
        "var": 4.03572776122e-05
    },
    "spectral_energyband_middle_high": {
        "dmean": 0.00106951443013,
        "dmean2": 0.00172900489997,
        "dvar": 2.02014780371e-06,
        "dvar2": 5.19279410582e-06,
        "max": 0.0264017060399,
        "mean": 0.00446301326156,
        "median": 0.00362503970973,
        "min": 1.60506542073e-21,
        "var": 1.37115148391e-05
    },
    "spectral_energyband_middle_low": {
        "dmean": 0.00666955672204,
        "dmean2": 0.0109788523987,
        "dvar": 6.66188570904e-05,
        "dvar2": 0.000161300515174,
        "max": 0.103515461087,
        "mean": 0.0195382107049,
        "median": 0.0157013516873,
        "min": 3.89687088785e-22,
        "var": 0.000212202692637
    },
    "spectral_flatness_db": {
        "dmean": 0.017023364082,
        "dmean2": 0.0271081551909,
        "dvar": 0.000207129123737,
        "dvar2": 0.000482695963001,
        "max": 0.201270028949,
        "mean": 0.112064741552,
        "median": 0.113577798009,
        "min": 0.0271448660642,
        "var": 0.000727773760445
    },
    "spectral_flux": {
        "dmean": 0.0167420189828,
        "dmean2": 0.027543283999,
        "dvar": 0.000324773136526,
        "dvar2": 0.000758965848945,
        "max": 0.226272806525,
        "mean": 0.0929241552949,
        "median": 0.090159073472,
        "min": 1.03787166361e-10,
        "var": 0.00158223451581
    },
    "spectral_kurtosis": {
        "dmean": 1.09029889107,
        "dmean2": 1.89649391174,
        "dvar": 1.0688341856,
        "dvar2": 2.93599629402,
        "max": 13.4420681,
        "mean": 4.36182546616,
        "median": 4.03742694855,
        "min": -1.19808650017,
        "var": 2.67352485657
    },
    "spectral_rms": {
        "dmean": 0.000708723033313,
        "dmean2": 0.00114036013838,
        "dvar": 4.95409381074e-07,
        "dvar2": 1.0694257071e-06,
        "max": 0.01093464531,
        "mean": 0.00491687469184,
        "median": 0.00494360830635,
        "min": 3.24176623046e-12,
        "var": 3.73893794858e-06
    },
    "spectral_rolloff": {
        "dmean": 258.464691162,
        "dmean2": 420.876251221,
        "dvar": 595104.4375,
        "dvar2": 905587.25,
        "max": 18733.8867188,
        "mean": 1055.39147949,
        "median": 796.728515625,
        "min": 344.53125,
        "var": 3015189.25
    },
    "spectral_skewness": {
        "dmean": 0.148677304387,
        "dmean2": 0.248857542872,
        "dvar": 0.0188286453485,
        "dvar2": 0.0466085076332,
        "max": 2.67649936676,
        "mean": 1.67025566101,
        "median": 1.64038836956,
        "min": -0.0091602280736,
        "var": 0.063935905695
    },
    "spectral_spread": {
        "dmean": 422180.875,
        "dmean2": 562085.5625,
        "dvar": 1.85461230797e+12,
        "dvar2": 1.6434865111e+12,
        "max": 40534200,
        "mean": 4410481,
        "median": 4088392.25,
        "min": 2301459,
        "var": 3.9298620457e+12
    },
    "spectral_strongpeak": {
        "dmean": 0.346977084875,
        "dmean2": 0.602564334869,
        "dvar": 0.165789976716,
        "dvar2": 0.475342035294,
        "max": 3.97258210182,
        "mean": 0.597863852978,
        "median": 0.451881140471,
        "min": 0,
        "var": 0.25945931673
    },
    "zerocrossingrate": {
        "dmean": 0.00709885824472,
        "dmean2": 0.00978443399072,
        "dvar": 0.000407201150665,
        "dvar2": 0.000652763061225,
        "max": 0.51513671875,
        "mean": 0.0510452650487,
        "median": 0.04443359375,
        "min": 0.015625,
        "var": 0.00194080232177
    },
    "barkbands": {
        "dmean": [4.78488618683e-05, 0.00149725598749, 0.00187124672811, 0.00263087893836, 0.00366515456699, 0.00226204935461, 0.00211261329241, 0.000838764186483, 0.000966561667155, 0.000618730438873, 0.000445758050773, 0.000343659688951, 0.000240576337092, 0.000194026259123, 0.000156226509716, 0.000103625665361, 7.60093607823e-05, 8.22747824714e-05, 7.49641621951e-05, 4.25288526458e-05, 3.75248237106e-05, 2.62623816525e-05, 2.60744764091e-05, 2.11244241655e-05, 1.52339425767e-05, 9.68821495917e-06, 1.35100560783e-06],
        "dmean2": [8.31518264022e-05, 0.00259646493942, 0.00315237115137, 0.00452730385587, 0.00636758515611, 0.00378182926215, 0.00360855343752, 0.00144297024235, 0.00160804996267, 0.00103987636976, 0.000758747861255, 0.000563378445804, 0.000400743563659, 0.000323358894093, 0.000265473267063, 0.000168515412952, 0.000128636645968, 0.000135066817165, 0.000125885097077, 7.10176173015e-05, 5.94543198531e-05, 4.15230424551e-05, 3.89495071431e-05, 3.02397220366e-05, 2.12889171962e-05, 1.18634179671e-05, 1.76523440132e-06],
        "dvar": [4.02109812114e-09, 3.6485214423e-06, 1.02899621197e-05, 1.78158006747e-05, 2.6288726076e-05, 7.78672620072e-06, 7.03584692019e-06, 8.67505320912e-07, 2.14701231016e-06, 9.6703570307e-07, 3.29747194883e-07, 2.1076981227e-07, 9.68685185398e-08, 6.47763727102e-08, 4.67373482138e-08, 2.49762468485e-08, 7.87291654092e-09, 1.10102984507e-08, 1.1053041149e-08, 2.7496684929e-09, 2.05224570671e-09, 1.21451693147e-09, 1.51732937326e-09, 1.21253962426e-09, 7.81587405907e-10, 8.16878675813e-10, 2.63392016531e-11],
        "dvar2": [1.1455111526e-08, 1.03760139609e-05, 2.7368982046e-05, 4.70113918709e-05, 7.65349323046e-05, 2.09839254239e-05, 2.10004509427e-05, 2.21457662519e-06, 6.18139756625e-06, 2.73912246485e-06, 9.24224536902e-07, 5.18042611475e-07, 2.54456153925e-07, 1.78802650908e-07, 1.26014512603e-07, 6.45485229711e-08, 2.12601527494e-08, 2.45116353881e-08, 2.99795281933e-08, 6.78081990557e-09, 5.30989519021e-09, 2.76989853276e-09, 3.15908876836e-09, 2.30258767608e-09, 1.45677847563e-09, 1.06061992522e-09, 4.66952969347e-11],
        "max": [0.000564516056329, 0.0207838788629, 0.0368362925947, 0.0371458902955, 0.0491385310888, 0.0240900851786, 0.0249861516058, 0.00929900724441, 0.0202255789191, 0.0128102898598, 0.00561525113881, 0.0071238973178, 0.00377123244107, 0.00343803316355, 0.00281051103957, 0.00243544322439, 0.00100427970756, 0.00208605150692, 0.00117459893227, 0.000733913737349, 0.000625071057584, 0.000458655587863, 0.000567398732528, 0.000486801436637, 0.0003830610367, 0.000479688198538, 8.81776140886e-05],
        "mean": [6.11152354395e-05, 0.00204216456041, 0.002278824104, 0.00321923429146, 0.00539054209366, 0.00389108899981, 0.0034649616573, 0.00138983130455, 0.00178178329952, 0.00111545016989, 0.000722456839867, 0.000696340168361, 0.000459535891423, 0.000403437094064, 0.000331382034346, 0.000236592532019, 0.00019306903414, 0.000224622053793, 0.000192898660316, 0.000120899836475, 0.000109600223368, 8.11386344139e-05, 7.73598003434e-05, 6.2842911575e-05, 4.13319285144e-05, 2.21241334657e-05, 1.83788279173e-06],
        "median": [2.96511516353e-05, 0.00122995895799, 0.00128005165607, 0.00162440934218, 0.00301154190674, 0.00275473622605, 0.00219983351417, 0.0010368807707, 0.00110873416997, 0.000675213406794, 0.000468251470011, 0.000473583902931, 0.000328356196405, 0.000272167671937, 0.000225427778787, 0.000155438116053, 0.000146074045915, 0.000145019585034, 0.000112363464723, 7.50620383769e-05, 7.12330802344e-05, 4.98789013363e-05, 3.65978121408e-05, 2.46494491876e-05, 1.38021987368e-05, 3.86761439586e-06, 1.60065098953e-07],
        "min": [3.86216517321e-24, 1.93640834435e-23, 3.59659514947e-23, 1.4511433984e-23, 7.03865686522e-23, 3.15536441925e-23, 1.14150444905e-22, 6.64296360408e-23, 5.73518665056e-23, 6.02201900005e-23, 3.24049134616e-23, 4.82232249083e-23, 1.39441603205e-22, 1.32521551262e-22, 1.36732049012e-22, 1.29147788808e-22, 1.94911815571e-22, 2.32009419589e-22, 2.77087254119e-22, 4.78635409387e-22, 8.57694812596e-22, 5.31077014344e-22, 7.6724364255e-22, 8.21773444364e-22, 1.17335125604e-21, 1.44522841836e-21, 2.26101197245e-21],
        "var": [6.27392937602e-09, 5.57670136914e-06, 1.22536885101e-05, 1.99245241674e-05, 4.09009990108e-05, 1.38996701935e-05, 1.26887262013e-05, 1.62932769854e-06, 4.66725032311e-06, 1.74642684669e-06, 6.21220692665e-07, 5.91690138663e-07, 2.07898480653e-07, 1.58737250899e-07, 1.31426105554e-07, 7.02932467789e-08, 2.61153054737e-08, 5.89390438677e-08, 3.79221276603e-08, 1.36082380919e-08, 1.14595675171e-08, 6.78536205001e-09, 9.94748550198e-09, 8.27622059774e-09, 4.88668172594e-09, 3.54709328576e-09, 5.18265846905e-11]
    },
    "erbbands": {
        "dmean": [0.0190710909665, 0.422799497843, 1.80304741859, 5.86233139038, 6.80948781967, 18.8202056885, 15.3944349289, 20.7580928802, 31.8519172668, 25.9261837006, 20.6185951233, 23.1063842773, 19.7924728394, 14.8193025589, 17.6067371368, 12.6712350845, 10.8632936478, 9.1621389389, 8.91857051849, 6.56950139999, 4.40466213226, 4.43246746063, 4.52197027206, 3.18210077286, 3.63976192474, 1.95705533028, 1.52818131447, 1.33654367924, 0.947362363338, 0.882116675377, 0.759498953819, 0.490841567516, 0.357669144869, 0.192523345351, 0.100380979478, 0.0483988411725, 0.0174370408058, 0.00425619212911, 0.000112531859486, 1.04934833871e-05],
        "dmean2": [0.0338485948741, 0.728669464588, 3.03382086754, 10.1292285919, 11.4111652374, 33.5209617615, 25.8954124451, 35.3283576965, 54.7780647278, 43.7763786316, 34.7923355103, 39.3349456787, 33.9674987793, 25.0918254852, 29.907907486, 20.9064311981, 18.208738327, 15.3681097031, 15.1451921463, 10.9142532349, 7.1851272583, 7.32808589935, 7.33402347565, 5.24592542648, 6.10292863846, 3.24894452095, 2.52752423286, 2.11781430244, 1.50627994537, 1.36572194099, 1.1712628603, 0.724079787731, 0.53810697794, 0.273619502783, 0.137949034572, 0.0629334151745, 0.0200519170612, 0.00515578640625, 0.000141239070217, 1.6279913325e-05],
        "dvar": [0.000549293647055, 0.28183093667, 6.83322715759, 90.0078353882, 91.8861160278, 820.206848145, 436.27456665, 807.661132812, 1912.42138672, 1065.90893555, 558.819091797, 1594.97741699, 873.33001709, 399.767486572, 484.797851562, 283.68572998, 189.25642395, 185.514068604, 147.917663574, 93.9392623901, 28.6603965759, 24.1178798676, 32.3900260925, 15.0230979919, 25.6850509644, 6.35309791565, 3.62847208977, 2.83010697365, 1.48359060287, 1.7769908905, 1.3650329113, 0.689336299896, 0.367488980293, 0.118754550815, 0.0386431217194, 0.0165468882769, 0.00279564713128, 0.000216913642362, 1.84756302701e-07, 2.37319219831e-10],
        "dvar2": [0.00170445605181, 0.791848003864, 17.3033847809, 250.681365967, 237.950164795, 2473.97045898, 1220.63208008, 2214.49584961, 5854.09521484, 3205.1159668, 1431.65771484, 4766.85498047, 2373.83886719, 1110.21484375, 1346.31335449, 739.36114502, 517.540405273, 495.8309021, 435.39276123, 229.520904541, 73.7232666016, 61.9134063721, 70.8103485107, 41.3640098572, 68.1565933228, 17.1070137024, 8.64846515656, 7.03156089783, 3.53898715973, 3.84387373924, 2.84241962433, 1.34651768208, 0.808853983879, 0.236390918493, 0.067913338542, 0.0249306727201, 0.00376217602752, 0.000337323726853, 3.22049885426e-07, 4.2238057496e-10],
        "max": [0.187772631645, 5.84742641449, 28.4337272644, 83.693107605, 98.4694442749, 236.19203186, 234.692062378, 271.801879883, 405.537384033, 263.720092773, 263.381134033, 623.640380859, 360.614929199, 210.490966797, 200.180450439, 186.648254395, 136.525177002, 174.411132812, 144.120803833, 162.766464233, 83.3880386353, 65.5573730469, 117.467529297, 52.0884933472, 60.7661819458, 35.0047569275, 27.9470539093, 22.9691905975, 15.1053609848, 21.5526428223, 15.913233757, 12.4619960785, 7.8171081543, 4.81872940063, 3.01592278481, 2.00178790092, 0.82529848814, 0.251842051744, 0.00832198280841, 0.000268313015113],
        "mean": [0.0256112013012, 0.579219520092, 2.38712286949, 7.57543516159, 10.6353960037, 22.9393367767, 26.8824501038, 32.8480262756, 47.5785446167, 41.562953949, 36.3518714905, 40.6253662109, 36.2943229675, 28.4184093475, 31.8615169525, 27.3326797485, 22.0813217163, 20.66157341, 19.4502830505, 16.0055332184, 11.4112997055, 11.8024520874, 12.7024278641, 8.91585731506, 9.48128509521, 5.67246961594, 4.81784534454, 3.87636876106, 2.92483782768, 2.58065319061, 2.18520140648, 1.49574124813, 0.963003695011, 0.529598534107, 0.257324337959, 0.114526741207, 0.0362231768668, 0.0071287243627, 0.000189875936485, 3.83790720662e-05],
        "median": [0.0167749989778, 0.350295633078, 1.44113111496, 3.85875248909, 6.53691482544, 11.2300338745, 17.6453914642, 21.9870700836, 28.5876083374, 28.7031536102, 27.8789710999, 24.5819454193, 22.4082107544, 19.3281650543, 21.5650539398, 19.8278579712, 16.606218338, 14.4442834854, 13.4399805069, 10.587641716, 8.30290222168, 9.45434474945, 8.5768289566, 6.02188062668, 5.40205144882, 3.55567646027, 3.1093416214, 2.44696784019, 1.84753394127, 1.40116250515, 1.00355088711, 0.59123301506, 0.352642327547, 0.185265108943, 0.0798112004995, 0.0232091024518, 0.00587457465008, 0.000905058113858, 3.629033381e-05, 3.02692424157e-05],
        "min": [4.16120568164e-22, 5.4322380621e-21, 3.05212585432e-20, 6.66489146337e-20, 8.47400784133e-20, 3.17475434615e-19, 2.38344907376e-19, 3.20779659271e-19, 1.41297689427e-18, 1.92605097205e-18, 1.12109535838e-18, 1.11189121631e-18, 2.20518162219e-18, 1.38150484331e-18, 1.2844917569e-18, 2.56631006606e-18, 6.49836770175e-18, 6.74922552535e-18, 4.3135661555e-18, 1.09162140355e-17, 5.81164318439e-18, 1.12521684782e-17, 1.2667761538e-17, 1.23503698554e-17, 1.6145397578e-17, 2.82082981823e-17, 2.93522327212e-17, 3.19294826645e-17, 1.79674564374e-17, 1.95630315908e-17, 2.58802810664e-17, 2.11149134098e-17, 1.1283026451e-17, 1.10884901145e-17, 9.63929780548e-18, 5.83012901672e-18, 2.65038801224e-18, 1.18578832691e-18, 3.07792122323e-19, 3.35951230918e-20],
        "var": [0.000717394868843, 0.436387211084, 9.13868522644, 105.542015076, 139.451934814, 978.675231934, 766.34185791, 1198.56176758, 2976.99829102, 1749.8425293, 1183.53967285, 2831.16503906, 1769.00195312, 810.50402832, 1095.81274414, 739.186706543, 426.098754883, 435.440185547, 381.450531006, 361.735443115, 100.641288757, 90.9939422607, 182.413192749, 65.9733505249, 96.1596908569, 29.5992908478, 21.5673274994, 14.5725564957, 8.07123279572, 9.43433380127, 8.35667514801, 4.62782716751, 2.05403804779, 0.711832940578, 0.224184125662, 0.0761203616858, 0.0107701169327, 0.000580358027946, 3.97370286009e-07, 1.0625448299e-09]
    },
    "gfcc": {
        "mean": [1.18421578407, 108.759086609, -118.285171509, 24.4736709595, -70.5703277588, 9.17541599274, -42.4534454346, 4.74078702927, -25.8398590088, 0.660281121731, -15.3898220062, -1.19718682766, -13.0095539093],
        "cov": [[18608.2167969, 1137.05371094, -1076.39367676, 126.444137573, -761.897521973, 144.766967773, -525.389831543, 60.0019950867, -384.28729248, -27.1882781982, -235.899276733, -31.8890647888, -182.219284058], [1137.05371094, 694.705505371, -205.105072021, 67.7577133179, -5.21546506882, -15.7374067307, 35.6475219727, -45.4382476807, 64.2908248901, -46.6595153809, 49.2474250793, -45.6647033691, 46.8871917725], [-1076.39367676, -205.105072021, 315.526397705, 2.42310476303, 67.7921142578, -8.72328662872, 6.54292964935, 3.4941136837, -9.91486930847, 22.946975708, -1.1462059021, 31.6605415344, -13.5671873093], [126.444137573, 67.7577133179, 2.42310476303, 128.560897827, 13.0508985519, 13.1534929276, 0.114821963012, 1.14792466164, -10.0951471329, -7.07007789612, 18.2591819763, -13.4851322174, 1.42640697956], [-761.897521973, -5.21546506882, 67.7921142578, 13.0508985519, 86.4218978882, 17.0862178802, 47.3252182007, -1.57648515701, 26.2699394226, -0.806273579597, 12.3435850143, -3.05198311806, 5.39269685745], [144.766967773, -15.7374067307, -8.72328662872, 13.1534929276, 17.0862178802, 63.0854988098, 25.396478653, 21.5801448822, 5.40683794022, 8.5258731842, -7.80702352524, -2.47200870514, -4.8699889183], [-525.389831543, 35.6475219727, 6.54292964935, 0.114821963012, 47.3252182007, 25.396478653, 72.1782073975, 18.2423171997, 39.7498283386, 2.08262300491, 13.8923063278, -5.4184217453, 12.6262149811], [60.0019950867, -45.4382476807, 3.4941136837, 1.14792466164, -1.57648515701, 21.5801448822, 18.2423171997, 45.203453064, 16.9590950012, 16.3120498657, -4.56031751633, 3.93691563606, -3.59369969368], [-384.28729248, 64.2908248901, -9.91486930847, -10.0951471329, 26.2699394226, 5.40683794022, 39.7498283386, 16.9590950012, 63.1963768005, 14.2352046967, 17.4111652374, -2.49759864807, 16.7284984589], [-27.1882781982, -46.6595153809, 22.946975708, -7.07007789612, -0.806273579597, 8.5258731842, 2.08262300491, 16.3120498657, 14.2352046967, 39.5440864563, 9.5666475296, 15.4575557709, -2.64195275307], [-235.899276733, 49.2474250793, -1.1462059021, 18.2591819763, 12.3435850143, -7.80702352524, 13.8923063278, -4.56031751633, 17.4111652374, 9.5666475296, 42.6635894775, 9.041431427, 14.644536972], [-31.8890647888, -45.6647033691, 31.6605415344, -13.4851322174, -3.05198311806, -2.47200870514, -5.4184217453, 3.93691563606, -2.49759864807, 15.4575557709, 9.041431427, 35.5792808533, 8.32658100128], [-182.219284058, 46.8871917725, -13.5671873093, 1.42640697956, 5.39269685745, -4.8699889183, 12.6262149811, -3.59369969368, 16.7284984589, -2.64195275307, 14.644536972, 8.32658100128, 35.8674926758]],
        "icov": [[0.000227576500038, -0.000756188179366, 0.000309083756292, 7.77212262619e-05, 0.00062627956504, -0.000797705026343, 0.00113037764095, -0.00122992508113, 0.00135357945692, -0.000621454848442, 0.000773268984631, -0.000702110410202, 0.000705072714482], [-0.000756188179366, 0.0055579347536, 6.72526730341e-05, -0.0020013297908, -0.000141923956107, 0.00217056157999, -0.00464209727943, 0.00825691223145, -0.00917229149491, 0.00492423167452, -0.00399426044896, 0.00300761498511, -0.00265144696459], [0.000309083756292, 6.72526730341e-05, 0.00650276709348, -0.00118427886628, -0.00540499342605, 0.00241629895754, 0.00170010363217, -0.00175793794915, 0.00295115960762, -0.00319780828431, 0.00335930241272, -0.00559668149799, 0.00267098634504], [7.77212262619e-05, -0.0020013297908, -0.00118427886628, 0.0123659754172, -0.00356148928404, -0.00377707928419, 0.00560098467395, -0.00786743033677, 0.00804932136089, 0.000418005394749, -0.00906552374363, 0.00766182458028, -0.00246666395105], [0.00062627956504, -0.000141923956107, -0.00540499342605, -0.00356148928404, 0.0332841426134, -0.00878041237593, -0.013542833738, 0.0121462577954, -0.00787006970495, 0.00472615892068, -2.08923829632e-05, -0.00122499512509, 0.00556391989812], [-0.000797705026343, 0.00217056157999, 0.00241629895754, -0.00377707928419, -0.00878041237593, 0.0302722286433, -0.0140173779801, -0.00384261738509, 0.00357010797597, -0.00769441761076, 0.00767511641607, 5.95432975388e-05, -0.00122537580319], [0.00113037764095, -0.00464209727943, 0.00170010363217, 0.00560098467395, -0.013542833738, -0.0140173779801, 0.0466519296169, -0.0211755950004, -0.00285396561958, 0.0058923647739, -0.0067567829974, 0.00245508155786, -0.00222604908049], [-0.00122992508113, 0.00825691223145, -0.00175793794915, -0.00786743033677, 0.0121462577954, -0.00384261738509, -0.0211755950004, 0.0549828782678, -0.0256784148514, -0.00268190354109, 0.00623673712835, -0.00343973841518, 0.0032519788947], [0.00135357945692, -0.00917229149491, 0.00295115960762, 0.00804932136089, -0.00787006970495, 0.00357010797597, -0.00285396561958, -0.0256784148514, 0.0550753027201, -0.0242197290063, 0.000355245487299, 0.00843990594149, -0.00981229171157], [-0.000621454848442, 0.00492423167452, -0.00319780828431, 0.000418005394749, 0.00472615892068, -0.00769441761076, 0.0058923647739, -0.00268190354109, -0.0242197290063, 0.054016482085, -0.0173816122115, -0.0133904656395, 0.0105613879859], [0.000773268984631, -0.00399426044896, 0.00335930241272, -0.00906552374363, -2.08923829632e-05, 0.00767511641607, -0.0067567829974, 0.00623673712835, 0.000355245487299, -0.0173816122115, 0.0486995354295, -0.0162046644837, -0.00273811304942], [-0.000702110410202, 0.00300761498511, -0.00559668149799, 0.00766182458028, -0.00122499512509, 5.95432975388e-05, 0.00245508155786, -0.00343973841518, 0.00843990594149, -0.0133904656395, -0.0162046644837, 0.0555859990418, -0.022147519514], [0.000705072714482, -0.00265144696459, 0.00267098634504, -0.00246666395105, 0.00556391989812, -0.00122537580319, -0.00222604908049, 0.0032519788947, -0.00981229171157, 0.0105613879859, -0.00273811304942, -0.022147519514, 0.0477572605014]]
    },
    "melbands": {
        "dmean": [0.000296143291052, 0.000814261904452, 0.0010248265462, 0.000843235349748, 0.000573616765905, 0.000456269190181, 0.000449992221547, 0.000248350930633, 0.000187770288903, 0.000135327834869, 0.00010191432375, 6.50119691272e-05, 6.363477587e-05, 4.06243598263e-05, 3.09440583806e-05, 2.24374562094e-05, 1.76698522409e-05, 1.62810447364e-05, 1.16600249385e-05, 8.69839004736e-06, 5.33451520823e-06, 5.22483105669e-06, 5.35868412044e-06, 4.04591810366e-06, 2.80336575997e-06, 3.57722183253e-06, 2.06678237191e-06, 1.40251916037e-06, 1.04000309875e-06, 1.11019426186e-06, 8.27569408557e-07, 6.13004146999e-07, 5.92252831666e-07, 5.28552675405e-07, 5.12716042067e-07, 3.82791171205e-07, 3.44840486832e-07, 2.80178227285e-07, 2.15699657247e-07, 1.66684017699e-07],
        "dmean2": [0.000520019326359, 0.00136377138551, 0.00175297481474, 0.00147206324618, 0.000976817449555, 0.00077170424629, 0.00077340361895, 0.000424084253609, 0.000319014012348, 0.000229663884966, 0.000175462511834, 0.000110423919978, 0.000108538602944, 6.69880173518e-05, 5.08722077939e-05, 3.74144328816e-05, 2.9637991247e-05, 2.78371917375e-05, 1.95501670532e-05, 1.44606310641e-05, 8.73158387549e-06, 8.70242547535e-06, 8.79354411154e-06, 6.65721199766e-06, 4.73731734019e-06, 6.09128710494e-06, 3.56693385584e-06, 2.34650769926e-06, 1.71967633378e-06, 1.85745795989e-06, 1.34327103751e-06, 9.8823954886e-07, 9.58610030466e-07, 8.21147864372e-07, 8.09781226963e-07, 5.69266319417e-07, 5.33586103302e-07, 4.2972331471e-07, 3.26461957911e-07, 2.50590574069e-07],
        "dvar": [1.39912202712e-07, 1.13978592253e-06, 2.43730619331e-06, 1.51574556639e-06, 5.75189858409e-07, 3.51965013579e-07, 3.6044667695e-07, 9.80805836548e-08, 5.05471255963e-08, 5.06177642023e-08, 2.36559802858e-08, 8.73929639766e-09, 6.27869667369e-09, 2.73286882013e-09, 1.73026293293e-09, 9.68829128034e-10, 6.63298360681e-10, 5.299425343e-10, 3.2550245832e-10, 1.76249487227e-10, 3.94750516997e-11, 3.68863065092e-11, 4.68009207777e-11, 2.73437418541e-11, 1.2550744298e-11, 3.08244124669e-11, 7.7153188352e-12, 3.50749659352e-12, 1.76604596832e-12, 2.33237951522e-12, 1.13670281954e-12, 6.45394165628e-13, 6.26665060989e-13, 6.69543251137e-13, 6.21177642744e-13, 4.66834633017e-13, 3.40630274638e-13, 2.20846466657e-13, 1.77610611765e-13, 9.06048849771e-14],
        "dvar2": [4.15267521703e-07, 2.94500614473e-06, 6.69627252137e-06, 4.559422905e-06, 1.57795102496e-06, 9.65103595263e-07, 1.08636857021e-06, 2.90541777304e-07, 1.30085481942e-07, 1.51442606011e-07, 6.44630873126e-08, 2.50800944457e-08, 1.76220051884e-08, 6.81504763733e-09, 4.72302419396e-09, 2.398643284e-09, 1.77380998778e-09, 1.57790269739e-09, 8.04288136091e-10, 4.47907044787e-10, 1.0702715797e-10, 9.60918289383e-11, 1.08683902156e-10, 7.13872919111e-11, 3.54278759107e-11, 8.42720546124e-11, 2.04813214999e-11, 9.72171562003e-12, 4.56273040184e-12, 6.08676824221e-12, 2.9925059826e-12, 1.60285836253e-12, 1.5631362307e-12, 1.55855569336e-12, 1.45369426132e-12, 9.32035048098e-13, 8.17272627612e-13, 5.23228704287e-13, 4.11090486738e-13, 1.96074683182e-13],
        "max": [0.00375672290102, 0.0108510907739, 0.0135566443205, 0.0125121064484, 0.00771273532882, 0.00539476796985, 0.00559656089172, 0.00248343590647, 0.00217899726704, 0.00350003573112, 0.00176872196607, 0.00108229345642, 0.000665128638502, 0.000772551167756, 0.00054029043531, 0.000411010114476, 0.000322539417539, 0.000243788294028, 0.000291521282634, 0.000182600953849, 7.03661426087e-05, 7.20801253919e-05, 0.000141808122862, 7.33129563741e-05, 4.91136779601e-05, 6.42154482193e-05, 3.05005742121e-05, 2.484849756e-05, 2.01236089197e-05, 1.97140998353e-05, 1.33238117996e-05, 9.90851003735e-06, 1.10402079372e-05, 1.09393731691e-05, 9.78065327217e-06, 1.10105920612e-05, 7.56954023018e-06, 5.76508591621e-06, 5.71915916225e-06, 3.92165839003e-06],
        "mean": [0.000406350503908, 0.00112359097693, 0.00137563387398, 0.00118556548841, 0.000990849221125, 0.000752308464143, 0.000711940519977, 0.000396853545681, 0.000318029371556, 0.000240257984842, 0.000179504757398, 0.000116406306915, 0.000105713428638, 8.14511586213e-05, 6.10834686086e-05, 4.37606249761e-05, 3.73573420802e-05, 3.18633647112e-05, 2.51252549788e-05, 1.85443459486e-05, 1.18808875413e-05, 1.20208351291e-05, 1.26126287796e-05, 9.64578703133e-06, 6.69741302772e-06, 8.11826885183e-06, 5.04691524839e-06, 3.43830743077e-06, 3.01148156723e-06, 2.66358279077e-06, 2.13356588574e-06, 1.63771323969e-06, 1.54430290422e-06, 1.38049915677e-06, 1.30251976316e-06, 1.04635535081e-06, 8.80835443695e-07, 6.99718384567e-07, 5.40424309747e-07, 4.17134288e-07],
        "median": [0.000257834733929, 0.000720090116374, 0.000818618515041, 0.000647959124763, 0.000631294911727, 0.000517997134011, 0.000453733897302, 0.000273763755104, 0.000225962037803, 0.000148935811012, 0.000106485291326, 7.56057852414e-05, 6.93908004905e-05, 5.77957398491e-05, 4.11033834098e-05, 3.13853961416e-05, 2.55274662777e-05, 2.26575248234e-05, 1.5580910258e-05, 1.1505261682e-05, 8.50112519402e-06, 9.07040066522e-06, 8.22032507131e-06, 6.40862617729e-06, 4.34793855675e-06, 4.38013830717e-06, 2.97614451483e-06, 2.13658427128e-06, 1.89773822967e-06, 1.74142132892e-06, 1.29660952553e-06, 1.08325968995e-06, 9.05398451323e-07, 7.21874130249e-07, 5.99981319738e-07, 4.18830950366e-07, 3.3477962802e-07, 2.59842437345e-07, 1.92259435039e-07, 1.42482065257e-07],
        "min": [5.2205059492e-24, 1.34349196829e-23, 1.03032089423e-23, 1.47857351202e-23, 9.98711947734e-24, 8.4077631471e-24, 2.09665391987e-23, 1.9834806212e-23, 9.34266113854e-24, 7.06146630498e-24, 1.09625854297e-23, 5.5012710117e-24, 4.14496589127e-24, 4.07555007592e-24, 1.4659933894e-23, 9.98129847272e-24, 1.42999671966e-23, 6.03325514035e-24, 1.30003969525e-23, 1.24970224423e-23, 5.79022129495e-24, 1.11020868033e-23, 9.87479436191e-24, 1.26535150909e-23, 9.28641220055e-24, 1.08227314352e-23, 1.29053234362e-23, 1.90117592305e-23, 1.64654045809e-23, 2.29470644314e-23, 1.45592184445e-23, 8.60610565564e-24, 1.20763528982e-23, 1.01562055015e-23, 1.37656653946e-23, 1.72118863006e-23, 1.08468989779e-23, 7.62494570528e-24, 7.15167570494e-24, 1.00409268908e-23],
        "var": [2.01735943506e-07, 1.64909511113e-06, 2.91886249215e-06, 2.17628939936e-06, 9.96939093056e-07, 5.68898542497e-07, 6.09484288816e-07, 1.56076168878e-07, 1.04252983135e-07, 9.48234841758e-08, 4.49444819139e-08, 1.53307713191e-08, 1.27417552065e-08, 7.49608819461e-09, 3.99432176224e-09, 1.93560878436e-09, 1.50222656536e-09, 1.04565722747e-09, 1.04309016979e-09, 4.79027262301e-10, 1.07930435422e-10, 1.12657480567e-10, 2.02730984777e-10, 9.20229448198e-11, 4.18972703753e-11, 8.12995712418e-11, 2.60174277955e-11, 1.20068503751e-11, 9.01984216484e-12, 7.40826063689e-12, 4.65283497494e-12, 2.51673465054e-12, 2.98075821838e-12, 2.95042375947e-12, 2.93035235834e-12, 2.38484015522e-12, 1.67825844367e-12, 1.06826797842e-12, 7.41232975606e-13, 4.61028784593e-13]
    },
    "mfcc": {
