{
"metadata": {
    "version": {
        "essentia": "2.0.1",
        "extractor": "archive-music 1.0"
    },
    "audio_properties": {
        "analysis_sample_rate": 44100,
        "bitrate": 128,
        "channels": 2,
        "equal_loudness": 0,
        "length": 15.2555103302,
        "replay_gain": -3.54402160645,
        "downmix": "mix"
    },
    "tags": {
        "track": 0,
        "year": 0,
        "album": "",
        "artist": "",
        "comment": "",
        "genre": "",
        "title": ""
    }
},
"highlevel": {
    "culture": {
        "all": {
            "non_western": 2.15080682153e-08,
            "western": 1
        },
        "probability": 1,
        "value": "western"
    },
    "danceability": {
        "all": {
            "danceable": 0.153720960021,
            "not_danceable": 0.846279025078
        },
        "probability": 0.846279025078,
        "value": "not_danceable"
    },
    "gender": {
        "all": {
            "female": 0.764539778233,
            "male": 0.23546025157
        },
        "probability": 0.764539778233,
        "value": "female"
    },
    "genre_dortmund": {
        "all": {
            "alternative": 0.43995013833,
            "blues": 0.0132148666307,
            "electronic": 0.0120339933783,
            "folkcountry": 0.0813704431057,
            "funksoulrnb": 0.0541477166116,
            "jazz": 0.103200025856,
            "pop": 0.147519901395,
            "raphiphop": 0.00198476784863,
            "rock": 0.146578162909
        },
        "probability": 0.43995013833,
        "value": "alternative"
    },
    "genre_electronic": {
        "all": {
            "ambient": 0.859628677368,
            "dnb": 0.117729850113,
            "house": 0.0100423367694,
            "techno": 0.00268875644542,
            "trance": 0.00991038605571
        },
        "probability": 0.859628677368,
        "value": "ambient"
    },
    "genre_rosamerica": {
        "all": {
            "cla": 0.577117145061,
            "dan": 0.0148928575218,
            "hip": 0.00426880689338,
            "jaz": 0.0463923960924,
            "pop": 0.0593067221344,
            "rhy": 0.0105085289106,
            "roc": 0.2829605937,
            "spe": 0.00455297157168
        },
        "probability": 0.577117145061,
        "value": "cla"
    },
    "genre_tzanetakis": {
        "all": {
            "blu": 0.0070176445879,
            "cla": 0.118446812034,
            "cou": 0.0295817721635,
            "dis": 0.0445039533079,
            "hip": 0.0178009681404,
            "jaz": 0.0975068956614,
            "met": 0.0134189641103,
            "pop": 0.191258341074,
            "reg": 0.0420267507434,
            "roc": 0.438437908888
        },
        "probability": 0.438437908888,
        "value": "roc"
    },
    "mirex_ballroom": {
        "all": {
            "ChaChaCha": 0.0158755481243,
            "Jive": 0.0150729585439,
            "Quickstep": 0.018446655944,
            "Rumba-American": 0.00694368872792,
            "Rumba-International": 0.0137286614627,
            "Rumba-Misc": 0.0104904696345,
            "Samba": 0.0111096510664,
            "Tango": 0.195020064712,
            "VienneseWaltz": 0.335585564375,
            "Waltz": 0.377726733685
        },
        "probability": 0.377726733685,
        "value": "Waltz"
    },
    "mood_acoustic": {
        "all": {
            "acoustic": 0.279917061329,
            "not_acoustic": 0.720082938671
        },
        "probability": 0.720082938671,
        "value": "not_acoustic"
    },
    "mood_aggressive": {
        "all": {
            "aggressive": 0.36519742012,
            "not_aggressive": 0.63480257988
        },
        "probability": 0.63480257988,
        "value": "not_aggressive"
    },
    "mood_electronic": {
        "all": {
            "electronic": 0.146129190922,
            "not_electronic": 0.853870809078
        },
        "probability": 0.853870809078,
        "value": "not_electronic"
    },
    "mood_happy": {
        "all": {
            "happy": 0.708508074284,
            "not_happy": 0.291491955519
        },
        "probability": 0.708508074284,
        "value": "happy"
    },
    "mood_party": {
        "all": {
            "not_party": 0.694984793663,
            "party": 0.305015236139
        },
        "probability": 0.694984793663,
        "value": "not_party"
    },
    "mood_relaxed": {
        "all": {
            "not_relaxed": 0.299621850252,
            "relaxed": 0.70037817955
        },
        "probability": 0.70037817955,
        "value": "relaxed"
    },
    "mood_sad": {
        "all": {
            "not_sad": 0.338358670473,
            "sad": 0.661641299725
        },
        "probability": 0.661641299725,
        "value": "sad"
    },
    "moods_mirex": {
        "all": {
            "Cluster1": 0.0664877444506,
            "Cluster2": 0.032223764807,
            "Cluster3": 0.767746388912,
            "Cluster4": 0.0388767309487,
            "Cluster5": 0.0946653932333
        },
        "probability": 0.767746388912,
        "value": "Cluster3"
    },
    "timbre": {
        "all": {
            "bright": 0.142851457,
            "dark": 0.857148528099
        },
        "probability": 0.857148528099,
        "value": "dark"
    },
    "tonal_atonal": {
        "all": {
            "atonal": 0.0113367764279,
            "tonal": 0.988663196564
        },
        "probability": 0.988663196564,
        "value": "tonal"
    },
    "voice_instrumental": {
        "all": {
            "instrumental": 0.0151745993644,
            "voice": 0.984825372696
        },
        "probability": 0.984825372696,
        "value": "voice"
    }
},
"lowlevel": {
    "average_loudness": 0.922559559345,
    "barkbands_kurtosis": {
        "dmean": 0.795822441578,
        "dmean2": 1.25863456726,
        "dvar": 0.756631910801,
        "dvar2": 1.71124100685,
        "max": 11.2502288818,
        "mean": 1.77887940407,
        "median": 1.40557551384,
        "min": -1.52767527103,
        "var": 3.15641403198
    },
    "barkbands_skewness": {
        "dmean": 0.222348257899,
        "dmean2": 0.350405842066,
        "dvar": 0.052673920989,
        "dvar2": 0.102290920913,
        "max": 2.84773468971,
        "mean": 1.26766443253,
        "median": 1.26122534275,
        "min": -1.89761328697,
        "var": 0.259157538414
    },
    "barkbands_spread": {
        "dmean": 1.99472129345,
        "dmean2": 2.96837115288,
        "dvar": 9.338555336,
        "dvar2": 20.7188549042,
        "max": 69.3059997559,
        "mean": 15.7447910309,
        "median": 15.5710811615,
        "min": 5.23810863495,
        "var": 26.991317749
    },
    "dissonance": {
        "dmean": 0.0149637004361,
        "dmean2": 0.0252562351525,
        "dvar": 0.000174050670466,
        "dvar2": 0.000461058953078,
        "max": 0.500000059605,
        "mean": 0.459836423397,
        "median": 0.463151067495,
        "min": 0.359832763672,
        "var": 0.000703464669641
    },
    "dynamic_complexity": 3.44713592529,
    "erbbands_kurtosis": {
        "dmean": 0.370018005371,
        "dmean2": 0.591296315193,
        "dvar": 0.135111168027,
        "dvar2": 0.299226909876,
        "max": 3.03378677368,
        "mean": -0.0672435760498,
        "median": -0.209569692612,
        "min": -1.45980572701,
        "var": 0.482662022114
    },
    "erbbands_skewness": {
        "dmean": 0.191024065018,
        "dmean2": 0.297407776117,
        "dvar": 0.0261157918721,
        "dvar2": 0.0592083930969,
        "max": 1.70123207569,
        "mean": 0.472609698772,
        "median": 0.438330411911,
        "min": -0.776978075504,
        "var": 0.167927831411
    },
    "erbbands_spread": {
        "dmean": 3.12518882751,
        "dmean2": 4.89152622223,
        "dvar": 9.81930923462,
        "dvar2": 23.5102481842,
        "max": 62.3015136719,
        "mean": 29.283164978,
        "median": 28.2951889038,
        "min": 13.9893722534,
        "var": 36.998916626
    },
    "hfc": {
        "dmean": 2.28890562057,
        "dmean2": 3.30838727951,
        "dvar": 5.92948579788,
        "dvar2": 12.1749505997,
        "max": 66.90990448,
        "mean": 22.422246933,
        "median": 15.9219856262,
        "min": 1.28481398511e-16,
        "var": 267.146392822
    },
    "melbands_kurtosis": {
        "dmean": 1.61985814571,
        "dmean2": 2.53564667702,
        "dvar": 3.45328378677,
        "dvar2": 7.93235445023,
        "max": 28.7044372559,
        "mean": 5.35136318207,
        "median": 4.5786857605,
        "min": -1.24469089508,
        "var": 14.8781242371
    },
    "melbands_skewness": {
        "dmean": 0.277620911598,
        "dmean2": 0.434258848429,
        "dvar": 0.0638302415609,
        "dvar2": 0.14249047637,
        "max": 4.91569280624,
        "mean": 1.86674714088,
        "median": 1.80053853989,
        "min": -0.0729833319783,
        "var": 0.377907246351
    },
    "melbands_spread": {
        "dmean": 2.82711625099,
        "dmean2": 4.21304416656,
        "dvar": 30.9716758728,
        "dvar2": 42.4897918701,
        "max": 142.52166748,
        "mean": 20.1347846985,
        "median": 19.1592597961,
        "min": 5.46923589706,
        "var": 132.92237854
    },
    "pitch_salience": {
        "dmean": 0.0415111221373,
        "dmean2": 0.0679007172585,
        "dvar": 0.00129564676899,
        "dvar2": 0.00337995076552,
        "max": 0.99061191082,
        "mean": 0.635429263115,
        "median": 0.631112933159,
        "min": 0.322122991085,
        "var": 0.010478627868
    },
    "silence_rate_20dB": {
        "dmean": 0,
        "dmean2": 0,
        "dvar": 0,
        "dvar2": 0,
        "max": 1,
        "mean": 1,
        "median": 1,
        "min": 1,
        "var": 0
    },
    "silence_rate_30dB": {
        "dmean": 0,
        "dmean2": 0,
        "dvar": 0,
        "dvar2": 0,
        "max": 1,
        "mean": 1,
        "median": 1,
        "min": 1,
        "var": 0
    },
    "silence_rate_60dB": {
        "dmean": 0.0030441400595,
        "dmean2": 0.00609756074846,
        "dvar": 0.00303484778851,
        "dvar2": 0.00606039306149,
        "max": 1,
        "mean": 0.0683890581131,
        "median": 0,
        "min": 0,
        "var": 0.0637117400765
    },
    "spectral_centroid": {
        "dmean": 117.531013489,
        "dmean2": 176.065383911,
        "dvar": 97159.3203125,
        "dvar2": 106379.476562,
        "max": 11067.1005859,
        "mean": 1153.75366211,
        "median": 1087.26293945,
        "min": 402.628417969,
        "var": 307025.5625
    },
    "spectral_complexity": {
        "dmean": 1.99086761475,
        "dmean2": 3.2804877758,
        "dvar": 3.06231832504,
        "dvar2": 8.05242347717,
        "max": 38,
        "mean": 21.7082061768,
        "median": 24,
        "min": 0,
        "var": 56.4923477173
    },
    "spectral_crest": {
        "dmean": 1.26641786098,
        "dmean2": 2.02584409714,
        "dvar": 1.21455812454,
        "dvar2": 3.09909677505,
        "max": 15.0421743393,
        "mean": 7.4585185051,
        "median": 7.08549976349,
        "min": 3.52725791931,
        "var": 5.07593345642
    },
    "spectral_decrease": {
        "dmean": 7.69027785896e-10,
        "dmean2": 1.09799769277e-09,
        "dvar": 4.80033433883e-19,
        "dvar2": 1.04659213119e-18,
        "max": 4.27093472151e-29,
        "mean": -6.01430549807e-09,
        "median": -5.74616842997e-09,
        "min": -1.84033019934e-08,
        "var": 1.06405428615e-17
    },
    "spectral_energy": {
        "dmean": 0.00307497032918,
        "dmean2": 0.00438470579684,
        "dvar": 7.65554250393e-06,
        "dvar2": 1.6499805497e-05,
        "max": 0.0751255601645,
        "mean": 0.0247331485152,
        "median": 0.0231970362365,
        "min": 1.14924403029e-20,
        "var": 0.000185893266462
    },
    "spectral_energyband_high": {
        "dmean": 9.30545502342e-05,
        "dmean2": 0.000148379636812,
        "dvar": 1.8346794306e-08,
        "dvar2": 4.8328640645e-08,
        "max": 0.00223831948824,
        "mean": 0.000603381195106,
        "median": 0.000199098809389,
        "min": 8.47631764625e-21,
        "var": 4.22076794848e-07
    },
    "spectral_energyband_low": {
        "dmean": 0.00045559721184,
        "dmean2": 0.000740746501833,
        "dvar": 5.66867697671e-07,
        "dvar2": 1.45207559399e-06,
        "max": 0.0126358969137,
        "mean": 0.00168396369554,
        "median": 0.000848698953632,
        "min": 3.00746025704e-23,
        "var": 4.48577065981e-06
    },
    "spectral_energyband_middle_high": {
        "dmean": 0.00126688822638,
        "dmean2": 0.00173783558421,
        "dvar": 2.05203286896e-06,
        "dvar2": 3.49566039404e-06,
        "max": 0.0427015013993,
        "mean": 0.0082520255819,
        "median": 0.00637971237302,
        "min": 1.69749639184e-21,
        "var": 4.23641722591e-05
    },
    "spectral_energyband_middle_low": {
        "dmean": 0.00267059542239,
        "dmean2": 0.00391443492845,
        "dvar": 6.30630393061e-06,
        "dvar2": 1.43809338624e-05,
        "max": 0.0582981593907,
        "mean": 0.0144595270976,
        "median": 0.0136249121279,
        "min": 2.73042656973e-22,
        "var": 7.85980664659e-05
    },
    "spectral_flatness_db": {
        "dmean": 0.00970745645463,
        "dmean2": 0.0147204501554,
        "dvar": 6.78926080582e-05,
        "dvar2": 0.000138333591167,
        "max": 0.255129814148,
        "mean": 0.136844962835,
        "median": 0.130640715361,
        "min": 0.03414645046,
        "var": 0.0010588329751
    },
    "spectral_flux": {
        "dmean": 0.00722257047892,
        "dmean2": 0.0118766389787,
        "dvar": 3.7399779103e-05,
        "dvar2": 0.000102328420326,
        "max": 0.1085357517,
        "mean": 0.0528274178505,
        "median": 0.0550704151392,
        "min": 1.07202802191e-10,
        "var": 0.000311802956276
    },
    "spectral_kurtosis": {
        "dmean": 1.76455032825,
        "dmean2": 3.12774729729,
        "dvar": 4.04485750198,
        "dvar2": 13.2360782623,
        "max": 22.2060527802,
        "mean": 5.55187320709,
        "median": 4.71491622925,
        "min": -1.2473500967,
        "var": 5.95754718781
    },
    "spectral_rms": {
        "dmean": 0.000305352412397,
        "dmean2": 0.0004374855489,
        "dvar": 6.17517770252e-08,
        "dvar2": 1.49418170281e-07,
        "max": 0.00856114644557,
        "mean": 0.00463841715828,
        "median": 0.00475722923875,
        "min": 3.34845280843e-12,
        "var": 2.6149768928e-06
    },
    "spectral_rolloff": {
        "dmean": 233.816879272,
        "dmean2": 390.256225586,
        "dvar": 768377.6875,
        "dvar2": 1340873.125,
        "max": 18884.6191406,
        "mean": 1504.67272949,
        "median": 1270.45898438,
        "min": 215.33203125,
        "var": 2810141.5
    },
    "spectral_skewness": {
        "dmean": 0.179235622287,
        "dmean2": 0.305986613035,
        "dvar": 0.0334404110909,
        "dvar2": 0.1067693308,
        "max": 3.118019104,
        "mean": 1.74217891693,
        "median": 1.7103010416,
        "min": -0.0167849883437,
        "var": 0.0563937351108
    },
    "spectral_spread": {
        "dmean": 249049.9375,
        "dmean2": 353991.46875,
        "dvar": 1.55881334374e+12,
        "dvar2": 1.5639478272e+12,
        "max": 41156548,
        "mean": 3765777.5,
        "median": 3371651.25,
        "min": 1833112.625,
        "var": 3.49397424538e+12
    },
    "spectral_strongpeak": {
        "dmean": 0.385751664639,
        "dmean2": 0.630460083485,
        "dvar": 0.192305505276,
        "dvar2": 0.475940138102,
        "max": 5.40477371216,
        "mean": 1.21935808659,
        "median": 0.851962208748,
        "min": 0,
        "var": 1.19290840626
    },
    "zerocrossingrate": {
        "dmean": 0.0055843917653,
        "dmean2": 0.00703467382118,
        "dvar": 0.000333501549903,
        "dvar2": 0.000450710795121,
        "max": 0.50927734375,
        "mean": 0.0586649887264,
        "median": 0.048095703125,
        "min": 0.015625,
        "var": 0.00207179971039
    },
    "barkbands": {
        "dmean": [7.70616861701e-06, 0.000256204046309, 0.000252000929322, 0.000112773530418, 0.00113430537749, 0.000776666682214, 0.00103385793045, 0.000629779300652, 0.000944903527852, 0.000743730750401, 0.000463874777779, 0.000337137462338, 0.000159699309734, 0.000322532083374, 0.000207796489121, 0.000222276794375, 0.000245359813562, 0.000124771817354, 6.69948858558e-05, 8.80241714185e-05, 4.95338572364e-05, 4.62326606794e-05, 2.60295637418e-05, 1.96285145648e-05, 1.53730670718e-05, 4.44611214334e-06, 4.42773483655e-07],
        "dmean2": [1.24621583382e-05, 0.000450233666925, 0.00038162645069, 0.000169074046426, 0.0019420174649, 0.00109504524153, 0.00159416208044, 0.0010335809784, 0.00113805953879, 0.000996439252049, 0.00065813283436, 0.000450997584267, 0.000241779562202, 0.000444630306447, 0.000314912758768, 0.000339358841302, 0.000371319736587, 0.000209665944567, 0.000109244669147, 0.000139090159792, 8.09497578302e-05, 7.79890688136e-05, 4.30163490819e-05, 3.32269592036e-05, 2.44083748839e-05, 7.40170889912e-06, 7.31954514777e-07],
        "dvar": [1.91182611409e-10, 1.7611004921e-07, 2.02670818794e-07, 4.1975710019e-08, 2.27636064665e-06, 5.51400034965e-07, 1.12607972369e-06, 4.23342726208e-07, 1.84355724286e-06, 1.03477839275e-06, 2.41885004471e-07, 2.72774428822e-07, 3.30492824219e-08, 2.47234623885e-07, 5.04543145041e-08, 9.17528666378e-08, 1.74479964699e-07, 3.28576916786e-08, 8.51064640983e-09, 2.11042578968e-08, 5.61369217777e-09, 6.72238886779e-09, 1.91575577624e-09, 1.15046683291e-09, 7.49336870332e-10, 5.96475993597e-11, 6.6960987536e-13],
        "dvar2": [3.86082665838e-10, 5.54625501081e-07, 4.42524452637e-07, 8.80313564267e-08, 6.61355352349e-06, 1.09064455955e-06, 2.41733982875e-06, 1.12873158287e-06, 2.33965874941e-06, 1.30141506816e-06, 4.54391141602e-07, 3.42298676514e-07, 7.15916641525e-08, 4.00133217227e-07, 1.15312246862e-07, 1.77151150638e-07, 3.69236772713e-07, 9.37325097539e-08, 2.17151967519e-08, 5.53444330365e-08, 1.49047174602e-08, 1.85707556e-08, 5.16435960662e-09, 3.5051381797e-09, 2.04124783743e-09, 1.76447842448e-10, 1.91810282935e-12],
        "max": [0.000355010124622, 0.00386117096059, 0.0074485167861, 0.00354996277019, 0.0145723186433, 0.0140387285501, 0.0158377215266, 0.00801117997617, 0.0332153663039, 0.0258723720908, 0.0101020522416, 0.0118148587644, 0.00279133534059, 0.00968540459871, 0.00279208971187, 0.00444662105292, 0.00455592852086, 0.00195618788712, 0.000936546595767, 0.00135099259205, 0.000800918904133, 0.000833572586998, 0.000429289299063, 0.000403284211643, 0.00032409033156, 9.9453391158e-05, 8.76508511283e-06],
        "mean": [1.30102525873e-05, 0.000507807999384, 0.000965825980529, 0.000507146236487, 0.0025232268963, 0.00325381802395, 0.00303902011365, 0.00142065424006, 0.00353257916868, 0.00207622442394, 0.00175474095158, 0.000872446864378, 0.000439092167653, 0.000972171255853, 0.000579653074965, 0.000567577139009, 0.00049522932386, 0.000301526277326, 0.000189783924725, 0.000199496833375, 0.000133885187097, 0.000141816781252, 8.35903119878e-05, 7.77029927121e-05, 6.68333595968e-05, 1.75059340108e-05, 7.98214045972e-07],
        "median": [5.2866362239e-06, 0.000261681328993, 0.000205491276574, 3.05092435156e-05, 0.00146051938646, 0.00276890024543, 0.00189548858907, 0.00111500546336, 0.00113003188744, 0.00121067254804, 0.00113544752821, 0.000567725859582, 0.000360307341907, 0.000361894752132, 0.000476626155432, 0.000415343849454, 0.000203886593226, 0.000195730928681, 0.000115333969006, 0.000100300138001, 6.92616013112e-05, 3.39508842444e-05, 2.4608012609e-05, 1.49406696437e-05, 6.10176357441e-06, 1.36551352625e-06, 2.62255710481e-08],
        "min": [1.16080440441e-23, 2.02587905495e-23, 6.07878582522e-24, 1.82722147537e-23, 6.58475955322e-23, 6.71414536345e-23, 1.95822539709e-23, 2.69656228568e-23, 4.55340675022e-23, 9.75601383991e-23, 9.42715666119e-23, 1.10358308492e-22, 3.77155503191e-23, 1.18084652011e-22, 2.07487066194e-22, 2.02004104249e-22, 1.58294987565e-22, 2.36124168557e-22, 3.24892426924e-22, 2.84644920245e-22, 3.89218795709e-22, 4.97055526094e-22, 6.81890306244e-22, 1.02505822958e-21, 1.35623622447e-21, 2.03334807836e-21, 2.69273118585e-21],
        "var": [5.80921921678e-10, 4.57318577674e-07, 1.91291837837e-06, 5.86255737289e-07, 6.47494152872e-06, 6.52317930872e-06, 9.38600351219e-06, 1.60468880495e-06, 2.37593521888e-05, 8.58955172589e-06, 3.27322595695e-06, 1.50375194607e-06, 1.46177654869e-07, 1.80422398444e-06, 2.41003334622e-07, 3.20124598829e-07, 4.5607103516e-07, 8.89876901056e-08, 3.50912863212e-08, 5.55336399088e-08, 2.01418206558e-08, 3.21191464536e-08, 1.0009442164e-08, 9.15382081246e-09, 7.86368481442e-09, 5.52907386542e-10, 1.58663284334e-12]
    },
    "erbbands": {
        "dmean": [0.00421698438004, 0.0717491656542, 0.291997820139, 0.334747165442, 0.864977478981, 5.00625038147, 7.87631320953, 5.08315610886, 15.2970609665, 17.1818656921, 19.1703624725, 14.434841156, 17.5798664093, 21.6660346985, 12.605386734, 11.5537805557, 8.76241588593, 14.8458900452, 11.8174524307, 11.7046260834, 9.44935035706, 16.6220760345, 6.61527585983, 5.77376794815, 3.97385621071, 2.58279514313, 2.19433140755, 2.01293039322, 1.91614294052, 1.08266663551, 0.816785275936, 0.515991449356, 0.338509500027, 0.242778673768, 0.097080744803, 0.0287499893457, 0.00654585566372, 0.00109945051372, 2.7846373996e-05, 3.63660660696e-06],
        "dmean2": [0.00703017320484, 0.125857204199, 0.454142093658, 0.514454007149, 1.36354959011, 8.64241313934, 12.1561250687, 7.00540590286, 23.126625061, 28.8052825928, 24.2327194214, 17.4573993683, 24.5586643219, 31.6765823364, 18.8833446503, 15.474404335, 12.2514705658, 21.8507709503, 16.4288272858, 17.960226059, 14.4701299667, 25.1056594849, 10.7441883087, 9.59856033325, 6.10997533798, 4.04032087326, 3.5659737587, 3.29626870155, 3.25321483612, 1.73583722115, 1.34128165245, 0.881658434868, 0.574816405773, 0.394670754671, 0.154982686043, 0.0492336414754, 0.0104048419744, 0.00182939390652, 4.6158398618e-05, 5.21665015185e-06],
        "dvar": [5.17139014846e-05, 0.0134140886366, 0.252648442984, 0.340878129005, 1.10492956638, 45.7830886841, 58.7424964905, 25.0207881927, 327.153564453, 425.419433594, 721.731323242, 411.966430664, 511.418579102, 515.857666016, 171.656707764, 360.290039062, 132.774246216, 477.072631836, 202.969680786, 148.466629028, 155.554748535, 869.493408203, 90.6649551392, 81.4612197876, 38.540512085, 15.447262764, 11.0934247971, 10.2400979996, 12.6585836411, 3.15962743759, 1.89763522148, 0.768340647221, 0.360132843256, 0.195500105619, 0.0295870732516, 0.00256571895443, 0.000124828744447, 3.69276949641e-06, 2.5781097257e-09, 1.10975655748e-11],
        "dvar2": [0.000148997773067, 0.0417012609541, 0.579728186131, 0.797724723816, 2.82091784477, 134.676834106, 145.199981689, 46.2693481445, 668.508117676, 1208.84655762, 961.108032227, 558.030029297, 742.346313477, 951.924804688, 387.679534912, 456.547729492, 185.476135254, 888.570495605, 331.72076416, 336.99105835, 341.765899658, 1847.79663086, 255.887283325, 224.93850708, 93.5253753662, 40.1558799744, 27.7448692322, 28.6501464844, 35.8984489441, 7.76373815536, 5.2075138092, 2.29217934608, 1.01982939243, 0.542475879192, 0.0767715200782, 0.00757858669385, 0.000341867969837, 9.90823718894e-06, 7.24786985984e-09, 2.40546523672e-11],
        "max": [0.110232189298, 1.16024005413, 8.31166553497, 8.33709335327, 12.9204273224, 56.0919418335, 97.6831893921, 126.735710144, 278.120666504, 214.087509155, 636.125366211, 490.743255615, 554.531921387, 583.758300781, 181.78302002, 429.02041626, 251.434799194, 398.756103516, 213.047012329, 155.555053711, 147.581680298, 323.959747314, 113.198036194, 92.8806381226, 64.6541213989, 45.2225875854, 38.4445304871, 30.924577713, 33.8437461853, 21.4376506805, 15.0911273956, 11.4203929901, 6.72263145447, 4.57379245758, 2.30990123749, 0.615625679493, 0.137817382812, 0.0206291917711, 0.00071068352554, 9.98239775072e-05],
        "mean": [0.0129872756079, 0.138481840491, 1.05744457245, 1.23598372936, 2.69756174088, 9.08889579773, 27.1013641357, 23.7969226837, 46.2441291809, 29.4548130035, 67.232421875, 55.5624771118, 48.3491897583, 79.4552001953, 42.8462867737, 31.3849487305, 25.0271453857, 44.7433319092, 37.0776176453, 33.7427406311, 26.5060100555, 34.6474723816, 16.5802955627, 14.5690698624, 10.0988769531, 7.28461027145, 6.23824882507, 5.17769861221, 5.07951688766, 3.2800219059, 2.54486703873, 1.81929457188, 1.15673232079, 0.851810276508, 0.394098073244, 0.112477369606, 0.0259657949209, 0.00397201022133, 0.000109446875285, 3.37866986229e-05],
        "median": [0.00356857758015, 0.0672914013267, 0.273879826069, 0.37434399128, 1.56539082527, 5.68352937698, 25.2690811157, 20.5326690674, 23.0318222046, 24.0570640564, 22.0535507202, 23.7275791168, 28.8259353638, 49.2526893616, 39.3572692871, 19.4504070282, 18.7983055115, 24.0038108826, 31.5264129639, 29.3644142151, 20.8828125, 12.1212921143, 9.21920967102, 9.36951446533, 4.82090044022, 4.2292842865, 2.32628488541, 3.21291399002, 1.24728667736, 0.961327135563, 0.767246127129, 0.424708783627, 0.165908664465, 0.0873643308878, 0.03783916682, 0.00876203086227, 0.00196230271831, 0.000232055172091, 1.77051479113e-05, 2.84191446553e-05],
        "min": [4.71767800916e-22, 4.73137536078e-21, 9.3119122366e-21, 2.67157462805e-20, 1.60620432081e-19, 1.42658644519e-19, 3.82758544811e-19, 7.71020580731e-19, 4.13703087183e-19, 4.68893585779e-19, 4.67280169994e-19, 9.15223338809e-19, 3.21881226033e-18, 1.91056428982e-18, 4.8580284288e-18, 3.98673716931e-18, 2.25175540619e-18, 4.95779468248e-18, 1.01927668349e-17, 1.08848796068e-17, 8.68538071538e-18, 1.09285034579e-17, 1.27184867347e-17, 1.1006475984e-17, 1.90943427839e-17, 1.39434891095e-17, 1.46550431073e-17, 1.61765144583e-17, 1.90520192607e-17, 1.9000241063e-17, 1.62907580271e-17, 1.95361680732e-17, 1.96545690517e-17, 1.29212411105e-17, 1.06049376992e-17, 7.02705233205e-18, 3.8998956127e-18, 1.53179249707e-18, 3.60132544269e-19, 3.98567413883e-20],
        "var": [0.000395597424358, 0.034179341048, 2.2518184185, 2.68882107735, 7.23627853394, 85.8790283203, 375.986602783, 339.725219727, 2895.33691406, 699.519714355, 8272.03710938, 5089.70654297, 4196.70996094, 7320.70507812, 942.872558594, 2000.82543945, 722.62512207, 2879.96533203, 1124.24975586, 656.860351562, 580.571289062, 2371.19824219, 284.082214355, 214.316253662, 135.658370972, 54.6307411194, 50.3683929443, 29.4468135834, 43.0820503235, 17.0083599091, 9.39653015137, 5.04540777206, 2.19392991066, 1.29417037964, 0.283501952887, 0.0225018616766, 0.00119777547661, 2.86810391117e-05, 1.83545942889e-08, 4.34925845338e-10]
    },
    "gfcc": {
        "mean": [-19.8906974792, 97.2436218262, -154.991653442, 4.9867939949, -77.318611145, -2.96975207329, -47.6368141174, 0.775115609169, -22.4655532837, -0.892058610916, -13.7794456482, 2.65245628357, -1.28076696396],
        "cov": [[19982.8105469, -1080.40063477, -1704.47302246, -724.335571289, -1726.33032227, 167.634750366, -1014.0065918, 227.282028198, -384.706726074, 278.083526611, -312.98739624, 254.713424683, -98.9208831787], [-1080.40063477, 3557.22753906, 602.089538574, 1204.80615234, 1356.66870117, 233.902557373, 735.811401367, -324.907928467, 246.089706421, -339.860443115, 171.475296021, -387.143920898, 122.952972412], [-1704.47302246, 602.089538574, 414.529876709, 319.258392334, 425.948425293, 84.7805404663, 225.345825195, -34.1203727722, 78.5238571167, -55.0117912292, 37.5773658752, -81.3356552124, 9.79650211334], [-724.335571289, 1204.80615234, 319.258392334, 550.800720215, 569.923095703, 151.87260437, 288.379516602, -83.3154830933, 97.4338226318, -109.123153687, 51.2444114685, -149.652496338, 30.6826095581], [-1726.33032227, 1356.66870117, 425.948425293, 569.923095703, 733.920471191, 154.786026001, 375.799957275, -103.797157288, 123.964637756, -127.706748962, 70.3369750977, -168.270095825, 33.4303321838], [167.634750366, 233.902557373, 84.7805404663, 151.87260437, 154.786026001, 148.653686523, 73.7295761108, -8.4441947937, 18.7472915649, -9.22362804413, 4.96177959442, -32.4475479126, -1.20233798027], [-1014.0065918, 735.811401367, 225.345825195, 288.379516602, 375.799957275, 73.7295761108, 242.778198242, -45.4274177551, 66.0100097656, -78.2029495239, 41.4363212585, -91.921257019, 20.2389907837], [227.282028198, -324.907928467, -34.1203727722, -83.3154830933, -103.797157288, -8.4441947937, -45.4274177551, 85.5707550049, -2.4453971386, 42.1254234314, -28.6919956207, 28.5447635651, -20.0153598785], [-384.706726074, 246.089706421, 78.5238571167, 97.4338226318, 123.964637756, 18.7472915649, 66.0100097656, -2.4453971386, 63.3187599182, -5.32256555557, 15.4886035919, -33.6625785828, 7.395424366], [278.083526611, -339.860443115, -55.0117912292, -109.123153687, -127.706748962, -9.22362804413, -78.2029495239, 42.1254234314, -5.32256555557, 76.245803833, -5.76448249817, 38.139465332, -17.1170959473], [-312.98739624, 171.475296021, 37.5773658752, 51.2444114685, 70.3369750977, 4.96177959442, 41.4363212585, -28.6919956207, 15.4886035919, -5.76448249817, 51.4934120178, -2.5553176403, 11.0444698334], [254.713424683, -387.143920898, -81.3356552124, -149.652496338, -168.270095825, -32.4475479126, -91.921257019, 28.5447635651, -33.6625785828, 38.139465332, -2.5553176403, 80.455696106, 3.30218410492], [-98.9208831787, 122.952972412, 9.79650211334, 30.6826095581, 33.4303321838, -1.20233798027, 20.2389907837, -20.0153598785, 7.395424366, -17.1170959473, 11.0444698334, 3.30218410492, 40.0661506653]],
        "icov": [[0.000246093404712, -0.000897607416846, 0.000343970197719, -7.19181844033e-05, 0.00102494284511, -0.000947522930801, 0.000828287564218, -0.0011200257577, 0.00119149149396, -0.000979180564173, 0.00106822291855, -0.000807364005595, 0.000605377892498], [-0.000897607416846, 0.00638258224353, 0.00100238167215, -0.00354827218689, -0.00471847411245, 0.00464245211333, -0.00550462398678, 0.00814236048609, -0.00728933839127, 0.00563336489722, -0.00508483778685, 0.00506202457473, -0.00366939883679], [0.000343970197719, 0.00100238167215, 0.00910554267466, -0.00353225530125, -0.00354372663423, 0.000724472862203, -0.00291506457143, 0.00101004529279, -0.000977259129286, -0.00216558063403, 0.0027301912196, -0.00381762371399, 0.00202469085343], [-7.19181844033e-05, -0.00354827218689, -0.00353225530125, 0.0172425601631, -0.00642045447603, -0.00572724081576, 0.00661112321541, -0.00761261582375, 0.00293942145072, 0.00228387676179, -0.00315493042581, 0.00633347919211, -0.00280588911846], [0.00102494284511, -0.00471847411245, -0.00354372663423, -0.00642045447603, 0.0217772927135, -0.00577078945935, -0.00677399663255, 0.000363041064702, 0.000751815154217, -0.00449335761368, 0.005438181106, -0.00370335695334, 0.004800807219], [-0.000947522930801, 0.00464245211333, 0.000724472862203, -0.00572724081576, -0.00577078945935, 0.0156181193888, -0.00627294601873, 0.00657216412947, -0.00240129674785, -0.00175104278605, -0.000245641072979, 2.46598665399e-06, -0.00087887205882], [0.000828287564218, -0.00550462398678, -0.00291506457143, 0.00661112321541, -0.00677399663255, -0.00627294601873, 0.0326638817787, -0.0178867895156, 0.00621340703219, 0.0075171533972, -0.00785188097507, 0.0060623511672, -0.00165481597651], [-0.0011200257577, 0.00814236048609, 0.00101004529279, -0.00761261582375, 0.000363041064702, 0.00657216412947, -0.0178867895156, 0.0388254448771, -0.0176137126982, -0.00420885160565, 0.0112403295934, -0.0064379083924, 0.00504099018872], [0.00119149149396, -0.00728933839127, -0.000977259129286, 0.00293942145072, 0.000751815154217, -0.00240129674785, 0.00621340703219, -0.0176137126982, 0.0421456620097, -0.0172273796052, 0.0004531321174, 0.00560638075694, -0.00506438361481], [-0.000979180564173, 0.00563336489722, -0.00216558063403, 0.00228387676179, -0.00449335761368, -0.00175104278605, 0.0075171533972, -0.00420885160565, -0.0172273796052, 0.0413727909327, -0.0179302860051, 0.00476039620116, 0.00227782921866], [0.00106822291855, -0.00508483778685, 0.0027301912196, -0.00315493042581, 0.005438181106, -0.000245641072979, -0.00785188097507, 0.0112403295934, 0.0004531321174, -0.0179302860051, 0.0444087199867, -0.0228263102472, 0.00692252488807], [-0.000807364005595, 0.00506202457473, -0.00381762371399, 0.00633347919211, -0.00370335695334, 2.46598665399e-06, 0.0060623511672, -0.0064379083924, 0.00560638075694, 0.00476039620116, -0.0228263102472, 0.048971850425, -0.0213775690645], [0.000605377892498, -0.00366939883679, 0.00202469085343, -0.00280588911846, 0.004800807219, -0.00087887205882, -0.00165481597651, 0.00504099018872, -0.00506438361481, 0.00227782921866, 0.00692252488807, -0.0213775690645, 0.0404512286186]]
    },
    "melbands": {
        "dmean": [5.22385671502e-05, 0.00012849686027, 5.64729016332e-05, 0.000182528616278, 0.000278166349744, 0.000130920408992, 0.000207788776606, 0.00017632561503, 0.000195058717509, 8.38200357975e-05, 9.5591734862e-05, 9.55466312007e-05, 5.20618232258e-05, 1.97634526558e-05, 4.99719863001e-05, 1.21770017358e-05, 3.29886388499e-05, 2.17340857489e-05, 1.80858769454e-05, 2.05291526072e-05, 9.35538082558e-06, 2.07556531677e-05, 4.96380789627e-06, 7.00628243067e-06, 5.16928730576e-06, 2.77019603345e-06, 5.12645783601e-06, 1.90012929124e-06, 1.34821539177e-06, 1.45271872043e-06, 1.17393233268e-06, 1.23188021917e-06, 9.50129503963e-07, 5.95496089772e-07, 5.84125643854e-07, 4.32127194472e-07, 3.59484459977e-07, 3.35376824978e-07, 2.04682919502e-07, 2.31860454392e-07],
        "dmean2": [9.10296002985e-05, 0.000209456193261, 8.41034488985e-05, 0.000314541655825, 0.000449128914624, 0.000181113442522, 0.000317453261232, 0.000297388847684, 0.000234219114645, 0.000105985018308, 0.000131428154418, 0.000136635673698, 7.63937932788e-05, 2.82206074189e-05, 6.59111174173e-05, 2.00056983886e-05, 4.79988484585e-05, 2.96558555419e-05, 2.68578296527e-05, 3.05189860228e-05, 1.45794374475e-05, 3.13617201755e-05, 7.88601482782e-06, 1.15458597065e-05, 8.54187692312e-06, 4.29232522947e-06, 8.17799354991e-06, 3.03616343444e-06, 2.17423325921e-06, 2.33681976169e-06, 1.92152401723e-06, 2.05423771149e-06, 1.58026557529e-06, 9.45103067806e-07, 9.60879788181e-07, 7.38182791338e-07, 5.99650206823e-07, 5.68655309507e-07, 3.4981141539e-07, 3.71464579985e-07],
        "dvar": [7.90513166038e-09, 4.64366642916e-08, 7.89434206894e-09, 5.90792303967e-08, 8.36459790321e-08, 1.4577415719e-08, 5.67829303577e-08, 4.49872850083e-08, 9.16151563501e-08, 1.17769598518e-08, 1.63192037661e-08, 1.11680975579e-08, 2.73011901974e-09, 4.29976471095e-10, 8.11107625509e-09, 2.9821364822e-10, 2.56257970399e-09, 8.7083018574e-10, 4.76149564221e-10, 7.71014863066e-10, 1.38704436825e-10, 1.33016520021e-09, 3.70295911989e-11, 1.30833371914e-10, 6.39482425346e-11, 1.55804934926e-11, 8.19240994487e-11, 8.65041805548e-12, 3.86978903782e-12, 5.28493524984e-12, 3.03415604273e-12, 4.94747775734e-12, 2.64499706859e-12, 9.64825116502e-13, 9.85586178642e-13, 5.9253003979e-13, 3.76473158203e-13, 3.75731862073e-13, 1.33891107836e-13, 1.7388411403e-13],
        "dvar2": [2.45107827368e-08, 1.17492142238e-07, 1.74399801267e-08, 1.74329343849e-07, 2.24715094532e-07, 2.83247683086e-08, 1.2000168681e-07, 1.29646210212e-07, 1.17282510814e-07, 1.64970934691e-08, 2.19865832207e-08, 1.84140933612e-08, 5.95450622143e-09, 8.72134975349e-10, 9.82590453447e-09, 8.20845891258e-10, 4.73540939794e-09, 1.25960675224e-09, 1.0320813093e-09, 1.45582634836e-09, 3.06547787154e-10, 2.83597234585e-09, 8.86674692002e-11, 3.65398156177e-10, 1.73215469745e-10, 3.59376556291e-11, 2.10465742057e-10, 2.17918096762e-11, 9.85660771752e-12, 1.32389724183e-11, 8.29396447355e-12, 1.39002819671e-11, 7.01691873009e-12, 2.44744047077e-12, 2.65219790574e-12, 1.70696226251e-12, 1.13925318831e-12, 1.07339083368e-12, 3.6689959881e-13, 4.80834014098e-13],
        "max": [0.000933691626415, 0.00332341622561, 0.00151619582903, 0.00251394300722, 0.00357360346243, 0.00277209444903, 0.00359398126602, 0.00205204915255, 0.00714253168553, 0.00262508285232, 0.00315494672395, 0.00288823689334, 0.000826151343063, 0.00031555671012, 0.00201811245643, 0.000179784430657, 0.000919284590054, 0.000446365098469, 0.000308588205371, 0.000409117434174, 0.000144114921568, 0.000389612861909, 6.79418299114e-05, 0.000123879377497, 8.37139668874e-05, 4.7015837481e-05, 7.75261869421e-05, 3.2539908716e-05, 2.06912591239e-05, 2.40669014602e-05, 1.80676906893e-05, 1.92274419533e-05, 1.96671444428e-05, 1.06552224679e-05, 9.49015247897e-06, 8.73043063621e-06, 6.95762901159e-06, 6.16818851995e-06, 3.66274571206e-06, 3.9083597585e-06],
        "mean": [0.000122494267998, 0.000410861015553, 0.000252219411777, 0.000388653657865, 0.000871076597832, 0.000611701514572, 0.000624714710284, 0.000266518909484, 0.000714536115993, 0.000306817091769, 0.000251961348113, 0.00033812210313, 0.000184543154319, 6.01822503086e-05, 0.000116210634587, 3.26955050696e-05, 9.58848395385e-05, 6.03901207796e-05, 4.56185989606e-05, 4.83955445816e-05, 2.21800055442e-05, 4.03686535719e-05, 1.33847488542e-05, 1.49854986375e-05, 1.13896876428e-05, 7.65067579778e-06, 7.81734797783e-06, 4.23071605837e-06, 3.61456477549e-06, 3.52741471943e-06, 2.79391474578e-06, 2.97778797176e-06, 2.31472927226e-06, 1.64974346717e-06, 1.59620776685e-06, 1.09843870177e-06, 1.1046876125e-06, 8.68077563609e-07, 6.85927943778e-07, 7.25696963855e-07],
        "median": [5.20864414284e-05, 0.000124000187498, 9.17325814953e-05, 0.000239769404288, 0.000793448998593, 0.000521451816894, 0.000349284120603, 0.000199765680009, 0.000166727579199, 0.000143852128531, 0.000138370785862, 0.000207949458854, 0.000157285627211, 5.00486421515e-05, 4.23857345595e-05, 1.76129979081e-05, 4.22378143412e-05, 4.65742850793e-05, 3.82888829336e-05, 3.54453950422e-05, 1.70908169821e-05, 1.27073080876e-05, 9.26064785745e-06, 7.56055260354e-06, 7.66069115343e-06, 3.82012967748e-06, 3.27326733895e-06, 2.67902078122e-06, 1.53302312356e-06, 1.30351713779e-06, 1.8380817437e-06, 6.10526569744e-07, 6.42089389657e-07, 4.86136229938e-07, 5.30223587702e-07, 2.68357780442e-07, 2.3313484121e-07, 1.17090550589e-07, 7.67797843082e-08, 7.19886514844e-08],
        "min": [4.9824884703e-24, 5.64163776573e-24, 1.00613497108e-23, 9.28259016947e-24, 1.36579874588e-23, 1.51007667227e-23, 5.67878640905e-24, 5.69516316144e-24, 4.23049734606e-24, 5.9597451369e-24, 1.67677923208e-23, 7.85637698448e-24, 1.47747699537e-23, 1.40467128693e-23, 7.17673229387e-24, 4.52074885538e-24, 8.73638761186e-24, 1.52423388562e-23, 1.48372193384e-23, 1.57734757483e-23, 8.63305551075e-24, 9.9995842685e-24, 1.17631830075e-23, 1.2183004526e-23, 7.32073175237e-24, 1.63482271821e-23, 1.00464607501e-23, 9.24757736705e-24, 8.11986047113e-24, 9.70582193373e-24, 9.114005072e-24, 1.06025816558e-23, 9.86860417038e-24, 1.14096510485e-23, 8.16254889016e-24, 1.16584680332e-23, 1.23274386469e-23, 1.60385377456e-23, 1.04267540264e-23, 1.07911028461e-23],
        "var": [2.90638872968e-08, 3.30177471142e-07, 9.99432927529e-08, 1.57525334998e-07, 3.9134354779e-07, 2.04963995998e-07, 4.78034792195e-07, 7.09875465077e-08, 1.06840695935e-06, 1.44150831716e-07, 1.32912816753e-07, 1.49406375272e-07, 2.15180602225e-08, 2.43479947315e-09, 4.55918147679e-08, 1.25951959973e-09, 1.57714694637e-08, 4.534630893e-09, 1.70911884645e-09, 2.40140485275e-09, 4.13558104428e-10, 3.4550875494e-09, 1.53112106327e-10, 3.0266858464e-10, 1.42886549814e-10, 7.70705652076e-11, 1.39352168693e-10, 2.01576342423e-11, 1.62637976003e-11, 1.78728854633e-11, 8.39023295285e-12, 1.59110224995e-11, 9.32409531529e-12, 4.48878737999e-12, 3.87354167838e-12, 2.02976025744e-12, 1.96839267975e-12, 1.36788757404e-12, 8.16653493961e-13, 9.84630562847e-13]
    },
    "mfcc": {
