{
"metadata": {
    "version": {
        "essentia": "2.0.1",
        "extractor": "archive-music 1.0"
    },
    "audio_properties": {
        "analysis_sample_rate": 44100,
        "bitrate": 128,
        "channels": 2,
        "equal_loudness": 0,
        "length": 15.1248979568,
        "replay_gain": -3.90895843506,
        "downmix": "mix"
    },
    "tags": {
        "track": 0,
        "year": 0,
        "album": "",
        "artist": "",
        "comment": "",
        "genre": "",
        "title": ""
    }
},
"highlevel": {
    "culture": {
        "all": {
            "non_western": 0.44643715024,
            "western": 0.553562819958
        },
        "probability": 0.553562819958,
        "value": "western"
    },
    "danceability": {
        "all": {
            "danceable": 0.932152748108,
            "not_danceable": 0.0678472295403
        },
        "probability": 0.932152748108,
        "value": "danceable"
    },
    "gender": {
        "all": {
            "female": 0.600735425949,
            "male": 0.399264574051
        },
        "probability": 0.600735425949,
        "value": "female"
    },
    "genre_dortmund": {
        "all": {
            "alternative": 0.296277165413,
            "blues": 0.0128724938259,
            "electronic": 0.201535016298,
            "folkcountry": 0.0349251925945,
            "funksoulrnb": 0.00868076644838,
            "jazz": 0.179509013891,
            "pop": 0.0231459420174,
            "raphiphop": 0.0362492017448,
            "rock": 0.206805214286
        },
        "probability": 0.296277165413,
        "value": "alternative"
    },
    "genre_electronic": {
        "all": {
            "ambient": 0.941179156303,
            "dnb": 0.0149224642664,
            "house": 0.0131925046444,
            "techno": 0.0135525390506,
            "trance": 0.0171533562243
        },
        "probability": 0.941179156303,
        "value": "ambient"
    },
    "genre_rosamerica": {
        "all": {
            "cla": 0.169953584671,
            "dan": 0.274124771357,
            "hip": 0.0990620404482,
            "jaz": 0.150274276733,
            "pop": 0.0742203146219,
            "rhy": 0.0595552064478,
            "roc": 0.117899402976,
            "spe": 0.0549104064703
        },
        "probability": 0.274124771357,
        "value": "dan"
    },
    "genre_tzanetakis": {
        "all": {
            "blu": 0.0229248292744,
            "cla": 0.0717909038067,
            "cou": 0.019342744723,
            "dis": 0.0265221633017,
            "hip": 0.409195065498,
            "jaz": 0.175788164139,
            "met": 0.0128918774426,
            "pop": 0.107588231564,
            "reg": 0.103786528111,
            "roc": 0.0501694940031
        },
        "probability": 0.409195065498,
        "value": "hip"
    },
    "mirex_ballroom": {
        "all": {
            "ChaChaCha": 0.0245365947485,
            "Jive": 0.00634927954525,
            "Quickstep": 0.0525777041912,
            "Rumba-American": 0.0149476323277,
            "Rumba-International": 0.0441527292132,
            "Rumba-Misc": 0.0157175380737,
            "Samba": 0.0335863046348,
            "Tango": 0.355928182602,
            "VienneseWaltz": 0.213956624269,
            "Waltz": 0.238247394562
        },
        "probability": 0.355928182602,
        "value": "Tango"
    },
    "mood_acoustic": {
        "all": {
            "acoustic": 0.469650119543,
            "not_acoustic": 0.530349850655
        },
        "probability": 0.530349850655,
        "value": "not_acoustic"
    },
    "mood_aggressive": {
        "all": {
            "aggressive": 0.174545988441,
            "not_aggressive": 0.825453996658
        },
        "probability": 0.825453996658,
        "value": "not_aggressive"
    },
    "mood_electronic": {
        "all": {
            "electronic": 0.831753671169,
            "not_electronic": 0.16824631393
        },
        "probability": 0.831753671169,
        "value": "electronic"
    },
    "mood_happy": {
        "all": {
            "happy": 0.285875320435,
            "not_happy": 0.714124679565
        },
        "probability": 0.714124679565,
        "value": "not_happy"
    },
    "mood_party": {
        "all": {
            "not_party": 0.91535449028,
            "party": 0.0846454873681
        },
        "probability": 0.91535449028,
        "value": "not_party"
    },
    "mood_relaxed": {
        "all": {
            "not_relaxed": 5.75763078814e-06,
            "relaxed": 0.999994218349
        },
        "probability": 0.999994218349,
        "value": "relaxed"
    },
    "mood_sad": {
        "all": {
            "not_sad": 0.301632374525,
            "sad": 0.698367595673
        },
        "probability": 0.698367595673,
        "value": "sad"
    },
    "moods_mirex": {
        "all": {
            "Cluster1": 0.411017000675,
            "Cluster2": 0.0711735635996,
            "Cluster3": 0.132594257593,
            "Cluster4": 0.0714286416769,
            "Cluster5": 0.313786536455
        },
        "probability": 0.411017000675,
        "value": "Cluster1"
    },
    "timbre": {
        "all": {
            "bright": 0.0343560129404,
            "dark": 0.965644001961
        },
        "probability": 0.965644001961,
        "value": "dark"
    },
    "tonal_atonal": {
        "all": {
            "atonal": 0.533811450005,
            "tonal": 0.466188579798
        },
        "probability": 0.533811450005,
        "value": "atonal"
    },
    "voice_instrumental": {
        "all": {
            "instrumental": 0.966639637947,
            "voice": 0.0333603881299
        },
        "probability": 0.966639637947,
        "value": "instrumental"
    }
},
"lowlevel": {
    "average_loudness": 0.946502149105,
    "barkbands_kurtosis": {
        "dmean": 5.7193107605,
        "dmean2": 9.1448135376,
        "dvar": 58.0883178711,
        "dvar2": 144.719085693,
        "max": 91.28490448,
        "mean": 12.0483312607,
        "median": 6.35220623016,
        "min": -1.45951926708,
        "var": 217.754043579
    },
    "barkbands_skewness": {
        "dmean": 0.683011889458,
        "dmean2": 1.07659602165,
        "dvar": 0.392704367638,
        "dvar2": 0.927787542343,
        "max": 7.98649835587,
        "mean": 2.57585096359,
        "median": 2.25077915192,
        "min": -2.0548787117,
        "var": 2.69921588898
    },
    "barkbands_spread": {
        "dmean": 2.41506409645,
        "dmean2": 3.6830060482,
        "dvar": 12.9432783127,
        "dvar2": 30.7350769043,
        "max": 70.9728240967,
        "mean": 9.04037094116,
        "median": 7.93137741089,
        "min": 0.888591527939,
        "var": 39.8011665344
    },
    "dissonance": {
        "dmean": 0.023947365582,
        "dmean2": 0.0413345992565,
        "dvar": 0.000381796096917,
        "dvar2": 0.00107279315125,
        "max": 0.499999850988,
        "mean": 0.456093043089,
        "median": 0.460701167583,
        "min": 0.334790587425,
        "var": 0.000748253776692
    },
    "dynamic_complexity": 3.25281786919,
    "erbbands_kurtosis": {
        "dmean": 0.73810428381,
        "dmean2": 1.21408212185,
        "dvar": 0.721639096737,
        "dvar2": 1.82617473602,
        "max": 8.45433521271,
        "mean": 0.281848162413,
        "median": -0.0310082435608,
        "min": -1.33696913719,
        "var": 1.63830244541
    },
    "erbbands_skewness": {
        "dmean": 0.303075373173,
        "dmean2": 0.488619238138,
        "dvar": 0.0621162727475,
        "dvar2": 0.147328987718,
        "max": 2.39722633362,
        "mean": 0.577142655849,
        "median": 0.596628904343,
        "min": -1.53497099876,
        "var": 0.314849048853
    },
    "erbbands_spread": {
        "dmean": 5.44662046432,
        "dmean2": 8.55632781982,
        "dvar": 23.9617156982,
        "dvar2": 60.5239906311,
        "max": 68.2610931396,
        "mean": 30.6697273254,
        "median": 31.0958843231,
        "min": 6.84823513031,
        "var": 102.439163208
    },
    "hfc": {
        "dmean": 2.64731431007,
        "dmean2": 3.98712778091,
        "dvar": 9.38278961182,
        "dvar2": 21.3882389069,
        "max": 39.4429588318,
        "mean": 10.8658571243,
        "median": 9.41699886322,
        "min": 1.2276951124e-16,
        "var": 60.5713233948
    },
    "melbands_kurtosis": {
        "dmean": 10.5979719162,
        "dmean2": 17.1675014496,
        "dvar": 184.593048096,
        "dvar2": 477.40625,
        "max": 136.720718384,
        "mean": 22.966129303,
        "median": 13.0277481079,
        "min": -1.25618684292,
        "var": 627.598937988
    },
    "melbands_skewness": {
        "dmean": 0.86490291357,
        "dmean2": 1.38492250443,
        "dvar": 0.619874298573,
        "dvar2": 1.52063238621,
        "max": 9.04288387299,
        "mean": 3.41235160828,
        "median": 3.06744289398,
        "min": -0.190775081515,
        "var": 3.70361733437
    },
    "melbands_spread": {
        "dmean": 2.89790606499,
        "dmean2": 4.4643573761,
        "dvar": 40.6359481812,
        "dvar2": 70.0704116821,
        "max": 144.250015259,
        "mean": 10.0820903778,
        "median": 7.68140649796,
        "min": 0.77751237154,
        "var": 160.817214966
    },
    "pitch_salience": {
        "dmean": 0.0797139853239,
        "dmean2": 0.130468547344,
        "dvar": 0.00431397883222,
        "dvar2": 0.0108291450888,
        "max": 0.983337938786,
        "mean": 0.489572942257,
        "median": 0.507918119431,
        "min": 0.144329115748,
        "var": 0.0198879148811
    },
    "silence_rate_20dB": {
        "dmean": 0,
        "dmean2": 0,
        "dvar": 0,
        "dvar2": 0,
        "max": 1,
        "mean": 1,
        "median": 1,
        "min": 1,
        "var": 0
    },
    "silence_rate_30dB": {
        "dmean": 0.0398772992194,
        "dmean2": 0.0798771157861,
        "dvar": 0.0382872670889,
        "dvar2": 0.0796418339014,
        "max": 1,
        "mean": 0.871362924576,
        "median": 1,
        "min": 0,
        "var": 0.112089827657
    },
    "silence_rate_60dB": {
        "dmean": 0.00306748459116,
        "dmean2": 0.00614439323545,
        "dvar": 0.0030580831226,
        "dvar2": 0.00610667187721,
        "max": 1,
        "mean": 0.0444104149938,
        "median": 0,
        "min": 0,
        "var": 0.0424380376935
    },
    "spectral_centroid": {
        "dmean": 120.62677002,
        "dmean2": 179.223678589,
        "dvar": 115761.4375,
        "dvar2": 132831.21875,
        "max": 11602.3417969,
        "mean": 613.502685547,
        "median": 543.178100586,
        "min": 169.829101562,
        "var": 305046.625
    },
    "spectral_complexity": {
        "dmean": 2.06134963036,
        "dmean2": 3.48079872131,
        "dvar": 2.91955423355,
        "dvar2": 7.79494142532,
        "max": 28,
        "mean": 13.9448699951,
        "median": 14,
        "min": 0,
        "var": 22.7473373413
    },
    "spectral_crest": {
        "dmean": 2.52567815781,
        "dmean2": 4.14511823654,
        "dvar": 5.98547649384,
        "dvar2": 13.5776510239,
        "max": 24.1326789856,
        "mean": 13.4258937836,
        "median": 12.8226900101,
        "min": 3.62435746193,
        "var": 27.9137516022
    },
    "spectral_decrease": {
        "dmean": 3.7595273561e-09,
        "dmean2": 5.90045434734e-09,
        "dvar": 2.83301848999e-17,
        "dvar2": 6.50479944461e-17,
        "max": 1.23790687919e-26,
        "mean": -1.22334196107e-08,
        "median": -7.90527021621e-09,
        "min": -8.10889702052e-08,
        "var": 1.52231712661e-16
    },
    "spectral_energy": {
        "dmean": 0.0143919577822,
        "dmean2": 0.0225691664964,
        "dvar": 0.000411765067838,
        "dvar2": 0.000944610743318,
        "max": 0.309592723846,
        "mean": 0.04715725407,
        "median": 0.0307636056095,
        "min": 1.08943644862e-20,
        "var": 0.00222568190657
    },
    "spectral_energyband_high": {
        "dmean": 1.15981674753e-05,
        "dmean2": 1.70850798895e-05,
        "dvar": 2.59859550544e-10,
        "dvar2": 4.65728122734e-10,
        "max": 0.000230337725952,
        "mean": 3.91307730752e-05,
        "median": 3.05172125081e-05,
        "min": 8.20055065499e-21,
        "var": 9.76215219772e-10
    },
    "spectral_energyband_low": {
        "dmean": 0.0132765844464,
        "dmean2": 0.0212004762143,
        "dvar": 0.000405944738304,
        "dvar2": 0.000943590712268,
        "max": 0.298917621374,
        "mean": 0.0348606444895,
        "median": 0.0164791699499,
        "min": 4.41208642113e-23,
        "var": 0.00194476940669
    },
    "spectral_energyband_middle_high": {
        "dmean": 0.000732803193387,
        "dmean2": 0.00113209546544,
        "dvar": 2.18944182961e-06,
        "dvar2": 5.527715075e-06,
        "max": 0.0247632339597,
        "mean": 0.00215932144783,
        "median": 0.00139979086816,
        "min": 1.25493658877e-21,
        "var": 6.77634852764e-06
    },
    "spectral_energyband_middle_low": {
        "dmean": 0.00406937161461,
        "dmean2": 0.00672535970807,
        "dvar": 2.12852100958e-05,
        "dvar2": 5.69610456296e-05,
        "max": 0.0510536842048,
        "mean": 0.0115932822227,
        "median": 0.00970144383609,
        "min": 3.21516809069e-22,
        "var": 7.19466988812e-05
    },
    "spectral_flatness_db": {
        "dmean": 0.0204350668937,
        "dmean2": 0.0316717103124,
        "dvar": 0.000359090598067,
        "dvar2": 0.000832196383271,
        "max": 0.367901414633,
        "mean": 0.206019699574,
        "median": 0.200716689229,
        "min": 0.0330161936581,
        "var": 0.00256928685121
    },
    "spectral_flux": {
        "dmean": 0.0245592519641,
        "dmean2": 0.0408092588186,
        "dvar": 0.000885450863279,
        "dvar2": 0.0023385877721,
        "max": 0.265027999878,
        "mean": 0.080819055438,
        "median": 0.0761079639196,
        "min": 1.04376070287e-10,
        "var": 0.00179421389475
    },
    "spectral_kurtosis": {
        "dmean": 4.22765684128,
        "dmean2": 7.59749126434,
        "dvar": 13.5309448242,
        "dvar2": 44.5865402222,
        "max": 36.321598053,
        "mean": 10.4960479736,
        "median": 9.54217815399,
        "min": -1.2211073637,
        "var": 26.191411972
    },
    "spectral_rms": {
        "dmean": 0.000956174219027,
        "dmean2": 0.00147184345406,
        "dvar": 1.16139312922e-06,
        "dvar2": 2.58162413047e-06,
        "max": 0.0173793453723,
        "mean": 0.00599092198536,
        "median": 0.00547843705863,
        "min": 3.26016080451e-12,
        "var": 1.01159203041e-05
    },
    "spectral_rolloff": {
        "dmean": 189.042831421,
        "dmean2": 301.431610107,
        "dvar": 739478.25,
        "dvar2": 1190922.25,
        "max": 19164.5507812,
        "mean": 648.303894043,
        "median": 430.6640625,
        "min": 129.19921875,
        "var": 2811745
    },
    "spectral_skewness": {
        "dmean": 0.374343663454,
        "dmean2": 0.659162700176,
        "dvar": 0.090044669807,
        "dvar2": 0.283585757017,
        "max": 4.36857032776,
        "mean": 2.24697828293,
        "median": 2.19636201859,
        "min": -0.0391241312027,
        "var": 0.258260548115
    },
    "spectral_spread": {
        "dmean": 312069.3125,
        "dmean2": 467765.25,
        "dvar": 1.67688352563e+12,
        "dvar2": 1.67505074586e+12,
        "max": 42390776,
        "mean": 2842395,
        "median": 2637752.75,
        "min": 1611347.25,
        "var": 3.08377760563e+12
    },
    "spectral_strongpeak": {
        "dmean": 0.301831096411,
        "dmean2": 0.492843657732,
        "dvar": 0.258616238832,
        "dvar2": 0.683990120888,
        "max": 5.12860059738,
        "mean": 0.772582888603,
        "median": 0.642837464809,
        "min": 0,
        "var": 0.437794178724
    },
    "zerocrossingrate": {
        "dmean": 0.00523030105978,
        "dmean2": 0.00750498054549,
        "dvar": 0.000552513229195,
        "dvar2": 0.00102804554626,
        "max": 0.5078125,
        "mean": 0.0257226265967,
        "median": 0.021484375,
        "min": 0.0048828125,
        "var": 0.00177500839345
    },
    "barkbands": {
        "dmean": [7.638741954e-05, 0.00331133208238, 0.0108186453581, 0.00155975494999, 0.0019854507409, 0.00111660535913, 0.000644532381557, 0.00121217570268, 0.000400771939894, 0.000180714618182, 0.000216296495637, 0.000287618371658, 0.000275132828392, 0.00010054786253, 7.58343376219e-05, 6.73367758282e-05, 3.55934316758e-05, 3.18523525493e-05, 1.99233581952e-05, 1.80781207746e-05, 6.47450951874e-06, 3.51762969331e-06, 1.61734044468e-06, 8.49358343658e-07, 5.06844855863e-07, 3.20921202501e-07, 7.33287421895e-08],
        "dmean2": [0.000138512594276, 0.00579325947911, 0.0167430825531, 0.00253350683488, 0.00349086592905, 0.00181155803148, 0.00101808737963, 0.00192991271615, 0.000611721014138, 0.00030333281029, 0.000330841634423, 0.000455375149613, 0.000453943706816, 0.000160173425684, 0.000126903498312, 0.000109077940579, 5.83261535212e-05, 5.32333579031e-05, 3.21557490679e-05, 2.96800080832e-05, 1.01824725789e-05, 5.47963009012e-06, 2.37928497882e-06, 1.24966027215e-06, 7.65488834986e-07, 4.44843294645e-07, 1.07881135136e-07],
        "dvar": [2.4936937848e-08, 2.31423509831e-05, 0.000278994441032, 4.47019147032e-06, 7.61173669162e-06, 2.14005831367e-06, 7.38152323265e-07, 4.02755313189e-06, 3.17674050621e-07, 6.05750827276e-08, 2.32526460309e-07, 1.12972645638e-06, 8.41299765852e-07, 3.89937397927e-08, 1.83860535685e-08, 2.4539691168e-08, 2.4410655719e-09, 4.44800640764e-09, 5.98364358062e-10, 9.30644006303e-10, 8.07698352645e-11, 2.632764666e-11, 5.01214391171e-12, 1.93116334556e-12, 1.0604763595e-12, 5.71304462071e-12, 2.27252651376e-13],
        "dvar2": [8.05380224733e-08, 6.38084457023e-05, 0.000614125106949, 1.16456203614e-05, 2.27454438573e-05, 5.59501495445e-06, 1.75554237103e-06, 9.62069407251e-06, 6.56104077734e-07, 1.68602113604e-07, 3.86577767131e-07, 3.00889723803e-06, 2.16563466893e-06, 9.75497798095e-08, 4.24134256605e-08, 5.32375601381e-08, 6.14368156349e-09, 1.33787931844e-08, 1.54087642645e-09, 2.3359654211e-09, 1.68934977118e-10, 6.31833682596e-11, 1.0729085155e-11, 3.70025581356e-12, 1.95206069191e-12, 1.24699131229e-11, 4.26089908799e-13],
        "max": [0.00156080524903, 0.0545893795788, 0.236825525761, 0.0215016230941, 0.0253968201578, 0.026090811938, 0.00872727110982, 0.0200962014496, 0.00720835197717, 0.00273718149401, 0.0133393835276, 0.0207753162831, 0.0158648770303, 0.00273059215397, 0.00212440593168, 0.00362611468881, 0.000409684987972, 0.00116076250561, 0.000338747428032, 0.000453154585557, 0.000143217577715, 6.11916548223e-05, 3.50153422914e-05, 2.30857531278e-05, 1.91993840417e-05, 6.46591070108e-05, 1.21753146232e-05],
        "mean": [9.27744622459e-05, 0.00461720116436, 0.0286999512464, 0.00273595750332, 0.00320804165676, 0.00232085143216, 0.00107158522587, 0.00143171392847, 0.000737989554182, 0.000312768213917, 0.000374629773432, 0.000457004323835, 0.000395656010369, 0.000182476287591, 0.000141281430842, 0.000130695130792, 7.28409795556e-05, 6.12503790762e-05, 4.31900152762e-05, 3.80353194487e-05, 1.4855048903e-05, 8.53463916428e-06, 3.97558051191e-06, 2.06790423363e-06, 1.24261532619e-06, 6.2902006448e-07, 1.40923575032e-07],
        "median": [3.48022040271e-05, 0.00306978262961, 0.0109288934618, 0.00160945346579, 0.00253060716204, 0.00113087298814, 0.000720310548786, 0.000654317555018, 0.000438634800958, 0.000215820400626, 0.000178954171133, 0.000129890802782, 0.000212222876144, 0.000113276619231, 8.43084053486e-05, 7.97095417511e-05, 4.7280704166e-05, 4.39221148554e-05, 3.22026317008e-05, 2.17044944293e-05, 1.0385605492e-05, 5.8706150412e-06, 2.98537520393e-06, 1.31729859731e-06, 6.90858826147e-07, 2.8056103929e-07, 9.38614803658e-08],
        "min": [4.33545805052e-23, 2.32608748773e-23, 8.67402756566e-25, 2.39903282454e-23, 4.02075934732e-23, 2.73961168746e-23, 9.26432693511e-23, 4.79672237674e-23, 7.49530572406e-23, 3.36627427087e-23, 1.6753233104e-23, 1.38837272643e-22, 1.3784969452e-22, 7.70673748606e-23, 1.84527124397e-22, 7.61563982872e-23, 1.35739460044e-22, 1.28930946722e-22, 2.42716698075e-22, 3.83032056241e-22, 3.99792737769e-22, 5.65891402466e-22, 6.49124886504e-22, 9.08090326935e-22, 1.27783400229e-21, 1.97945653443e-21, 2.40465503622e-21],
        "var": [3.66047103739e-08, 2.52046829701e-05, 0.00156597816385, 1.09599832285e-05, 9.51537367655e-06, 1.22962010209e-05, 1.38340453759e-06, 4.58037129647e-06, 8.88988665793e-07, 1.17182963777e-07, 8.64832372827e-07, 2.63500191977e-06, 7.76305569161e-07, 6.78424072476e-08, 3.81600813171e-08, 5.23561460852e-08, 5.3277822154e-09, 6.2995257899e-09, 1.56693402698e-09, 2.0792674249e-09, 2.18892626247e-10, 6.9361537347e-11, 1.62770179279e-11, 6.35338439844e-12, 3.89101294587e-12, 8.99559246537e-12, 3.46608782257e-13]
    },
    "erbbands": {
        "dmean": [0.0560616105795, 1.04302763939, 10.4414844513, 8.45604610443, 7.45937395096, 6.24434280396, 4.46976041794, 12.9620828629, 7.74881744385, 18.6463279724, 17.6742115021, 9.92681884766, 7.09845972061, 7.21864509583, 7.91406774521, 9.9730014801, 11.7354001999, 6.78482246399, 4.10612916946, 2.61965680122, 4.23457670212, 1.57068419456, 1.91316771507, 1.3655731678, 0.848720788956, 0.681805968285, 0.351168334484, 0.135263264179, 0.116658225656, 0.103247657418, 0.0439609251916, 0.0208269022405, 0.0135476412252, 0.00732732471079, 0.00330634578131, 0.00122445332818, 0.00061358732637, 0.000217420878471, 1.016339138e-05, 1.5642530343e-05],
        "dmean2": [0.0906537622213, 1.79798054695, 16.5766925812, 13.029841423, 12.976691246, 10.8877382278, 7.31130838394, 21.1943473816, 12.4864807129, 28.9000358582, 28.2967662811, 15.0156936646, 11.3213968277, 11.3296842575, 12.870595932, 15.7632551193, 19.3911838531, 11.2515392303, 6.52116727829, 4.50427103043, 6.8043756485, 2.51427388191, 3.21299338341, 2.25684642792, 1.37393295765, 1.12143826485, 0.546400487423, 0.207609847188, 0.185027942061, 0.164273321629, 0.066102989018, 0.0309560019523, 0.020206823945, 0.0110269840807, 0.00499537214637, 0.00184337701648, 0.00082367064897, 0.000304039451294, 1.49490952026e-05, 2.45422124863e-05],
        "dvar": [0.00633153878152, 2.47416520119, 266.054443359, 138.559204102, 116.633018494, 66.6273040771, 26.6335163116, 309.660797119, 81.8472595215, 852.976806641, 1203.51428223, 213.54359436, 88.5670852661, 216.1302948, 302.031097412, 1424.59082031, 1564.26550293, 234.772521973, 33.1913719177, 23.1020317078, 104.566390991, 3.96276545525, 20.9737682343, 3.35694479942, 1.51468765736, 0.98611676693, 0.231387555599, 0.0430114679039, 0.0322590619326, 0.0216833967716, 0.00356254610233, 0.000937105389312, 0.000550531316549, 0.000214611485717, 5.8015146351e-05, 2.71702647296e-05, 2.64546888502e-05, 3.31595470016e-06, 1.56834911724e-09, 4.83572015764e-10],
        "dvar2": [0.0156211694703, 6.82724905014, 619.414123535, 331.19442749, 349.772064209, 186.756713867, 75.6599578857, 840.572875977, 206.192779541, 2054.43212891, 2874.54492188, 454.058288574, 213.239105225, 376.872467041, 823.762451172, 3507.59863281, 3972.30981445, 610.742004395, 77.9864044189, 57.1717376709, 226.409347534, 9.5976934433, 63.1254730225, 9.05290222168, 3.60513424873, 2.6430618763, 0.513447880745, 0.0808266252279, 0.0762444585562, 0.0533137768507, 0.00807048566639, 0.0017907184083, 0.00114376412239, 0.000414668727899, 0.000119072246889, 6.49037247058e-05, 5.59927138966e-05, 6.9573370638e-06, 3.30506599866e-09, 1.10556963584e-09],
        "max": [1.07050895691, 20.129404068, 229.066589355, 181.417114258, 92.4228363037, 76.0704956055, 62.8283081055, 287.408569336, 120.11995697, 231.292236328, 398.348205566, 174.613037109, 157.385009766, 384.746459961, 238.480133057, 790.043518066, 707.613525391, 179.66885376, 71.1226730347, 77.3950881958, 243.847198486, 24.4629192352, 81.6740570068, 20.8462982178, 18.4770050049, 9.79105472565, 8.70356273651, 3.25887751579, 2.58776116371, 1.58431410789, 0.813459575176, 0.550750017166, 0.36430773139, 0.248934984207, 0.146369457245, 0.145097896457, 0.13577991724, 0.0473083257675, 0.00102299579885, 0.000335947202984],
        "mean": [0.105823509395, 1.70985269547, 25.170211792, 23.1688327789, 11.2545919418, 10.5000019073, 8.57762145996, 25.5309715271, 15.7750902176, 25.6530914307, 23.7214889526, 17.7991409302, 14.8478088379, 13.4129457474, 14.2829933167, 17.1063747406, 18.0327243805, 11.1481866837, 9.06671619415, 5.69758272171, 8.35980796814, 4.08994722366, 3.62596273422, 2.88546729088, 2.0042848587, 1.53509509563, 0.814264059067, 0.359733939171, 0.269140899181, 0.2433886379, 0.112376071513, 0.0520531572402, 0.0314716249704, 0.0168906934559, 0.00763614708558, 0.00285720732063, 0.00109140831046, 0.000394124770537, 3.16391233355e-05, 5.20661560586e-05],
        "median": [0.0810457095504, 0.951515555382, 9.50403785706, 10.3446598053, 6.58231019974, 8.24668979645, 6.62823963165, 11.6516456604, 10.2331829071, 13.4709634781, 12.725897789, 10.828792572, 8.86047172546, 8.54128551483, 6.61155653, 5.30037069321, 10.0315513611, 6.9398431778, 5.70936441422, 4.04475784302, 5.14896631241, 2.85486698151, 2.50336670876, 2.04323506355, 1.47302746773, 1.01538395882, 0.554353058338, 0.286555469036, 0.19534099102, 0.162051185966, 0.0842966064811, 0.0362661033869, 0.0194174572825, 0.00983605440706, 0.00388353760354, 0.00148251245264, 0.000464861543151, 0.000217980545131, 2.20318306674e-05, 3.46760061802e-05],
        "min": [3.99383640815e-22, 6.32836708676e-21, 5.24739833421e-21, 3.71055515956e-20, 6.21551590208e-20, 1.56104891891e-19, 2.64019973204e-19, 2.66953439999e-19, 1.19481958824e-18, 1.09312982944e-18, 1.22755040129e-18, 1.92375802739e-18, 1.61293198752e-18, 7.17544956792e-19, 1.65701606128e-18, 5.23470249152e-18, 4.85685920901e-18, 6.51585802222e-18, 6.82536212406e-18, 7.65758068014e-18, 3.22832959366e-18, 8.69260861957e-18, 5.4713874025e-18, 1.00879101117e-17, 1.33943106659e-17, 2.06480857593e-17, 1.72142191542e-17, 1.68396254507e-17, 1.99472272068e-17, 2.02570394334e-17, 1.83520457914e-17, 1.67035062635e-17, 1.87141358328e-17, 1.46900361559e-17, 8.00580221133e-18, 6.92163023093e-18, 3.51946697719e-18, 1.23305683923e-18, 3.61516210638e-19, 3.78554974497e-20],
        "var": [0.0111799277365, 3.7670071125, 1193.01940918, 891.587585449, 186.850891113, 95.5388031006, 63.6247024536, 1582.11279297, 304.741394043, 1112.89343262, 1351.86560059, 524.746337891, 273.096801758, 709.189758301, 712.70324707, 3643.921875, 1460.89477539, 271.724243164, 108.183937073, 46.0831222534, 221.940658569, 14.3269252777, 28.7679309845, 7.01430606842, 3.79436993599, 2.32595896721, 0.694915950298, 0.0988597869873, 0.0679136440158, 0.0633860751987, 0.0122571596876, 0.00336594856344, 0.00162930530496, 0.000640215468593, 0.000183180396562, 5.68149225728e-05, 3.8284339098e-05, 4.8289393817e-06, 2.64371147196e-09, 2.63203725481e-09]
    },
    "gfcc": {
        "mean": [-58.2379112244, 158.769348145, -112.544425964, 26.6784095764, -38.6246070862, 2.25663375854, -24.4116039276, 0.480341106653, -14.3542261124, -3.40012145042, -11.2000341415, -8.86535930634, -13.255358696],
        "cov": [[14931.8710938, 1766.09509277, -455.049285889, 584.926635742, -168.523345947, 165.253051758, -175.01222229, -142.951858521, -219.563705444, -126.61655426, -131.476608276, -190.021331787, -121.829109192], [1766.09509277, 543.413879395, -145.212646484, -41.2011528015, 33.8457260132, -50.7533569336, 21.5655384064, -29.706079483, 30.6846790314, -28.262336731, -1.76497066021, -54.7541503906, -3.11028933525], [-455.049285889, -145.212646484, 405.703613281, 102.992393494, 57.4576187134, 25.9656944275, 10.3303194046, -25.3771953583, -0.16712230444, -34.6183776855, -26.1258449554, -47.8007316589, -20.4197292328], [584.926635742, -41.2011528015, 102.992393494, 186.935821533, 25.0933628082, 44.8696632385, -2.37255549431, -27.3689002991, -21.1504688263, -29.3923473358, -21.8478069305, -27.2414093018, -20.9950466156], [-168.523345947, 33.8457260132, 57.4576187134, 25.0933628082, 132.430435181, 38.1598701477, 45.0607223511, -21.9954013824, 4.17420578003, -19.9479465485, -18.5505161285, -35.2808799744, -8.89784240723], [165.253051758, -50.7533569336, 25.9656944275, 44.8696632385, 38.1598701477, 89.4429855347, 20.3550949097, 1.71147179604, -30.0631389618, -6.8284163475, -11.607465744, -5.40827703476, -7.79823446274], [-175.01222229, 21.5655384064, 10.3303194046, -2.37255549431, 45.0607223511, 20.3550949097, 65.7604522705, 15.0195999146, 16.0819377899, -5.27861595154, -3.15719175339, -13.9126996994, -1.59761166573], [-142.951858521, -29.706079483, -25.3771953583, -27.3689002991, -21.9954013824, 1.71147179604, 15.0195999146, 61.2585144043, 15.0830373764, 16.7438793182, 7.51857471466, 16.069026947, 9.39524173737], [-219.563705444, 30.6846790314, -0.16712230444, -21.1504688263, 4.17420578003, -30.0631389618, 16.0819377899, 15.0830373764, 64.0101699829, 12.518863678, 9.6551733017, -3.99016952515, 1.69090485573], [-126.61655426, -28.262336731, -34.6183776855, -29.3923473358, -19.9479465485, -6.8284163475, -5.27861595154, 16.7438793182, 12.518863678, 48.9791221619, 23.184179306, 22.0948410034, 7.47575235367], [-131.476608276, -1.76497066021, -26.1258449554, -21.8478069305, -18.5505161285, -11.607465744, -3.15719175339, 7.51857471466, 9.6551733017, 23.184179306, 52.0017738342, 32.4177513123, 14.9806318283], [-190.021331787, -54.7541503906, -47.8007316589, -27.2414093018, -35.2808799744, -5.40827703476, -13.9126996994, 16.069026947, -3.99016952515, 22.0948410034, 32.4177513123, 80.1180953979, 34.1022377014], [-121.829109192, -3.11028933525, -20.4197292328, -20.9950466156, -8.89784240723, -7.79823446274, -1.59761166573, 9.39524173737, 1.69090485573, 7.47575235367, 14.9806318283, 34.1022377014, 52.9578056335]],
        "icov": [[0.000328123336658, -0.00147427408956, 1.36568114613e-05, -0.0012084862683, 0.000888999784365, -0.0011184932664, 0.000884765875526, -0.000394628470531, 0.00072843284579, -0.000737509748433, 0.000729528837837, -0.000279352039797, 0.000330162874889], [-0.00147427408956, 0.00953502301127, 0.0013958606869, 0.00555949518457, -0.00453883176669, 0.00631098868325, -0.00459573511034, 0.00300834933296, -0.00409509427845, 0.00535540143028, -0.00473392289132, 0.00406765891239, -0.00250040227547], [1.36568114613e-05, 0.0013958606869, 0.00383175420575, -0.00139859889168, -0.00111270579509, 0.000549571588635, 0.000231073630857, 0.000526127987541, -0.00100644840859, 0.00187917717267, -0.000828147109132, 0.00232213712297, -0.000650219910312], [-0.0012084862683, 0.00555949518457, -0.00139859889168, 0.0123381204903, -0.00236595468596, -1.37252618515e-06, -0.00211495975964, 0.00378247722983, -0.00351469963789, 0.00547072896734, -0.00262615922838, 0.00157543027308, -0.000165688514244], [0.000888999784365, -0.00453883176669, -0.00111270579509, -0.00236595468596, 0.0168434493244, -0.00860755052418, -0.0057625407353, 0.00598802557215, -0.000770876184106, -0.00158137106337, 0.0035859013442, 0.00155901617836, -0.00103258970194], [-0.0011184932664, 0.00631098868325, 0.000549571588635, -1.37252618515e-06, -0.00860755052418, 0.0250633694232, -0.00854896008968, -0.00291887437925, 0.00854074861854, -0.000303636101307, -0.00143010669854, -0.000296344893286, 0.000878860184457], [0.000884765875526, -0.00459573511034, 0.000231073630857, -0.00211495975964, -0.0057625407353, -0.00854896008968, 0.0294088255614, -0.0100015904754, -0.00435868604109, 0.00224200077355, -0.000779733236413, 0.0016791142989, 0.00041259356658], [-0.000394628470531, 0.00300834933296, 0.000526127987541, 0.00378247722983, 0.00598802557215, -0.00291887437925, -0.0100015904754, 0.0263840164989, -0.0067110019736, -0.00309235486202, 0.00207056873478, -0.00103808008134, -0.00270140287466], [0.00072843284579, -0.00409509427845, -0.00100644840859, -0.00351469963789, -0.000770876184106, 0.00854074861854, -0.00435868604109, -0.0067110019736, 0.0273489262909, -0.00805998593569, -0.000568344432395, 0.00111558020581, 0.00154796324205], [-0.000737509748433, 0.00535540143028, 0.00187917717267, 0.00547072896734, -0.00158137106337, -0.000303636101307, 0.00224200077355, -0.00309235486202, -0.00805998593569, 0.0347860902548, -0.0127313164994, 2.16412645386e-05, 0.000751455954742], [0.000729528837837, -0.00473392289132, -0.000828147109132, -0.00262615922838, 0.0035859013442, -0.00143010669854, -0.000779733236413, 0.00207056873478, -0.000568344432395, -0.0127313164994, 0.0332139208913, -0.0119953965768, 0.000185126686119], [-0.000279352039797, 0.00406765891239, 0.00232213712297, 0.00157543027308, 0.00155901617836, -0.000296344893286, 0.0016791142989, -0.00103808008134, 0.00111558020581, 2.16412645386e-05, -0.0119953965768, 0.028232075274, -0.0132561735809], [0.000330162874889, -0.00250040227547, -0.000650219910312, -0.000165688514244, -0.00103258970194, 0.000878860184457, 0.00041259356658, -0.00270140287466, 0.00154796324205, 0.000751455954742, 0.000185126686119, -0.0132561735809, 0.0279553215951]]
    },
    "melbands": {
        "dmean": [0.000672007794492, 0.00392968999222, 0.00138347817119, 0.00048732405412, 0.000172285552253, 0.000257714593317, 0.00012629388948, 0.000241269677645, 0.000114774054964, 6.77027928759e-05, 3.60600497515e-05, 2.91934211418e-05, 2.25422572839e-05, 4.28401544923e-05, 8.88249178388e-06, 3.75426570827e-05, 9.70208111539e-06, 7.36679157853e-06, 6.54003633827e-06, 3.09834877044e-06, 5.75951935389e-06, 1.99638179765e-06, 1.64659456914e-06, 1.33978051053e-06, 1.24631333165e-06, 6.16550153154e-07, 9.49309026055e-07, 3.67470846641e-07, 2.45001245958e-07, 1.79468770511e-07, 7.28951263795e-08, 8.40555998138e-08, 7.27876567908e-08, 5.24447010264e-08, 3.34199654617e-08, 1.85401169972e-08, 1.23321131085e-08, 1.0457091193e-08, 7.77059838697e-09, 6.80066580827e-09],
        "dmean2": [0.00114307389595, 0.00632604397833, 0.00209719943814, 0.000857950653881, 0.000288814626401, 0.000418186187744, 0.000200775408302, 0.000376963493181, 0.000184916352737, 0.000102773126855, 5.82001521252e-05, 4.6377605031e-05, 3.59379882866e-05, 6.67731510475e-05, 1.42707431223e-05, 6.23215164524e-05, 1.60073632287e-05, 1.18517991723e-05, 1.12382185762e-05, 5.04039553562e-06, 9.25767926674e-06, 3.20872391057e-06, 2.71266594609e-06, 2.20803144657e-06, 2.05189144253e-06, 9.5425696145e-07, 1.58966986419e-06, 5.99266627432e-07, 3.87284302406e-07, 2.76475020655e-07, 1.14376256022e-07, 1.36117435545e-07, 1.15303059545e-07, 8.16429306383e-08, 5.18436920061e-08, 2.90016544113e-08, 1.8908275834e-08, 1.63118745178e-08, 1.16696829977e-08, 1.06340847239e-08],
        "dvar": [8.4063100303e-07, 3.77852848032e-05, 3.52350798494e-06, 4.6539679488e-07, 4.2760959218e-08, 1.19128905851e-07, 2.32162165048e-08, 1.40486989153e-07, 5.1297288195e-08, 9.96530680197e-09, 2.28180963013e-09, 3.11065995184e-09, 2.227105389e-09, 2.63277826207e-08, 3.12313175321e-10, 1.56023194364e-08, 4.34551589157e-10, 1.29485117073e-10, 1.93278310023e-10, 3.1729181782e-11, 1.64387503609e-10, 7.30058201392e-12, 9.72244507125e-12, 8.31838157384e-12, 2.97153447681e-12, 7.7811043199e-13, 3.56338851655e-12, 2.7543153305e-13, 1.33879520425e-13, 5.89769661059e-14, 1.52734304425e-14, 1.98137489624e-14, 1.36315697296e-14, 5.56587001355e-15, 2.31511256902e-15, 6.66556166578e-16, 3.49320304975e-16, 3.0658823394e-16, 2.57183263816e-16, 1.78574066744e-16],
        "dvar2": [2.20416745833e-06, 8.90943265404e-05, 8.21942921903e-06, 1.35757750286e-06, 1.23425266452e-07, 3.18856024251e-07, 5.76014826947e-08, 3.38090870855e-07, 1.2236696989e-07, 2.05978594181e-08, 5.53263834746e-09, 5.61868551685e-09, 4.4195069826e-09, 7.13614696224e-08, 6.69470090475e-10, 4.02887181394e-08, 1.13818376946e-09, 3.08703257401e-10, 4.43753866985e-10, 7.01348493171e-11, 3.65301511263e-10, 1.83502484041e-11, 2.90386291402e-11, 2.49026736732e-11, 7.98935483742e-12, 1.54023451979e-12, 8.66234948355e-12, 7.54153521316e-13, 3.13029495987e-13, 1.15928425713e-13, 3.15763108477e-14, 4.65457072841e-14, 3.53645877773e-14, 1.32560037911e-14, 5.55961806337e-15, 1.37780856772e-15, 7.14185040961e-16, 6.7615432042e-16, 5.4688983995e-16, 3.68454170449e-16],
        "max": [0.00978961028159, 0.087770819664, 0.0286901704967, 0.00662083085626, 0.00243098125793, 0.00588758103549, 0.00177475309465, 0.0027780176606, 0.0025956958998, 0.00118084845599, 0.000777451670729, 0.00141828728374, 0.00114761001896, 0.00312665314414, 0.000325092813, 0.00214896467514, 0.000292465410894, 0.000149608255015, 0.00023300947214, 9.09894515644e-05, 0.000298927130643, 2.97354090435e-05, 5.17659464094e-05, 5.16031868756e-05, 2.05330088647e-05, 2.0104836949e-05, 2.98185932479e-05, 5.53706559003e-06, 7.75525222707e-06, 2.41537168222e-06, 2.09941026696e-06, 2.25275471166e-06, 2.23924462261e-06, 8.7802300186e-07, 7.14117845746e-07, 4.54165075325e-07, 2.76375686781e-07, 2.81142547465e-07, 3.01455941099e-07, 2.31082069035e-07],
        "mean": [0.00106604106259, 0.00949529279023, 0.00398417143151, 0.000763346208259, 0.000337605539244, 0.000522821384948, 0.000250294135185, 0.00031322077848, 0.000157697868417, 0.000118370466225, 7.23533594282e-05, 5.28554919583e-05, 4.28775420005e-05, 6.7010827479e-05, 1.85185672308e-05, 5.03969131387e-05, 1.57155827765e-05, 1.50466685227e-05, 1.0756993106e-05, 6.30441127214e-06, 1.05810704554e-05, 4.38617871623e-06, 3.18165666613e-06, 2.64002551376e-06, 2.38968755184e-06, 1.34791048367e-06, 1.79250446308e-06, 7.47496699205e-07, 5.22738957898e-07, 3.54318558493e-07, 1.67204476043e-07, 1.60769943136e-07, 1.54741783831e-07, 1.14283075447e-07, 7.20616668559e-08, 4.17743102332e-08, 2.68484896537e-08, 2.25838228118e-08, 1.72899206063e-08, 1.35503697152e-08],
        "median": [0.000753066968173, 0.00395715143532, 0.00209966767579, 0.000538500316907, 0.000274080462987, 0.000245542294579, 0.000162439377164, 0.000162948330399, 8.70407748153e-05, 6.99539668858e-05, 4.31947082689e-05, 3.37974670401e-05, 2.21425834752e-05, 1.71327319549e-05, 1.12098305181e-05, 2.52292320511e-05, 9.52383106778e-06, 9.03286490939e-06, 6.37549828753e-06, 4.11439168602e-06, 6.50281981507e-06, 2.77767594525e-06, 2.24932227866e-06, 1.85883743598e-06, 1.54147539888e-06, 9.0071324621e-07, 9.14916142847e-07, 5.19115417319e-07, 3.59138681461e-07, 2.21353161578e-07, 1.32752063564e-07, 1.14895733816e-07, 1.04043564875e-07, 7.75529471753e-08, 5.0522672268e-08, 2.91581212508e-08, 1.70783440723e-08, 1.38534099747e-08, 9.7079597694e-09, 7.46479145164e-09],
        "min": [7.26678707709e-24, 4.98602414487e-24, 7.89169270949e-24, 6.57316456009e-24, 1.03524543732e-23, 6.29639981124e-24, 1.76411512731e-23, 1.01271967194e-23, 9.41985512242e-24, 1.22811861543e-23, 7.9455782202e-24, 2.89985998456e-24, 3.71387076151e-24, 1.24820096304e-23, 1.28860144878e-23, 1.41946053564e-23, 1.10309765147e-23, 7.92041592391e-24, 1.75656762171e-23, 5.92367604973e-24, 3.01936570638e-24, 8.1655465616e-24, 7.96983332646e-24, 4.93048912601e-24, 8.30085987267e-24, 9.08246720187e-24, 7.85948509645e-24, 1.61314355835e-23, 1.09416679939e-23, 9.61855814039e-24, 9.70085289889e-24, 1.15816006377e-23, 1.00692848626e-23, 1.13185557577e-23, 1.0902949123e-23, 9.13432060689e-24, 1.03792267346e-23, 1.41844211621e-23, 1.21697784841e-23, 1.23540792685e-23],
