{
"metadata": {
    "version": {
        "essentia": "2.0.1",
        "extractor": "archive-music 1.0"
    },
    "audio_properties": {
        "analysis_sample_rate": 44100,
        "bitrate": 128,
        "channels": 2,
        "equal_loudness": 0,
        "length": 14.1061220169,
        "replay_gain": -3.40441513062,
        "downmix": "mix"
    },
    "tags": {
        "track": 0,
        "year": 0,
        "album": "",
        "artist": "",
        "comment": "",
        "genre": "",
        "title": ""
    }
},
"highlevel": {
    "culture": {
        "all": {
            "non_western": 1.11831668925e-10,
            "western": 1
        },
        "probability": 1,
        "value": "western"
    },
    "danceability": {
        "all": {
            "danceable": 0.41718557477,
            "not_danceable": 0.582814395428
        },
        "probability": 0.582814395428,
        "value": "not_danceable"
    },
    "gender": {
        "all": {
            "female": 0.737842619419,
            "male": 0.262157380581
        },
        "probability": 0.737842619419,
        "value": "female"
    },
    "genre_dortmund": {
        "all": {
            "alternative": 0.0484474748373,
            "blues": 0.170983478427,
            "electronic": 0.0356166809797,
            "folkcountry": 0.0254144761711,
            "funksoulrnb": 0.0599241778255,
            "jazz": 0.366747915745,
            "pop": 0.0228150356561,
            "raphiphop": 0.130798131227,
            "rock": 0.139252647758
        },
        "probability": 0.366747915745,
        "value": "jazz"
    },
    "genre_electronic": {
        "all": {
            "ambient": 0.972568511963,
            "dnb": 0.00987873319536,
            "house": 0.00866889581084,
            "techno": 0.00380349718034,
            "trance": 0.00508035812527
        },
        "probability": 0.972568511963,
        "value": "ambient"
    },
    "genre_rosamerica": {
        "all": {
            "cla": 0.480419337749,
            "dan": 0.0212862454355,
            "hip": 0.218649595976,
            "jaz": 0.097030185163,
            "pop": 0.0382723659277,
            "rhy": 0.068138718605,
            "roc": 0.0368877276778,
            "spe": 0.0393158122897
        },
        "probability": 0.480419337749,
        "value": "cla"
    },
    "genre_tzanetakis": {
        "all": {
            "blu": 0.00978681538254,
            "cla": 0.149148732424,
            "cou": 0.0103419292718,
            "dis": 0.0494917519391,
            "hip": 0.108337596059,
            "jaz": 0.152694016695,
            "met": 0.0120854303241,
            "pop": 0.28022134304,
            "reg": 0.105434171855,
            "roc": 0.122458219528
        },
        "probability": 0.28022134304,
        "value": "pop"
    },
    "mirex_ballroom": {
        "all": {
            "ChaChaCha": 0.142256364226,
            "Jive": 0.0923269838095,
            "Quickstep": 0.156254768372,
            "Rumba-American": 0.014486623928,
            "Rumba-International": 0.0205223560333,
            "Rumba-Misc": 0.0130871199071,
            "Samba": 0.0576252043247,
            "Tango": 0.454591363668,
            "VienneseWaltz": 0.0279333423823,
            "Waltz": 0.0209158882499
        },
        "probability": 0.454591363668,
        "value": "Tango"
    },
    "mood_acoustic": {
        "all": {
            "acoustic": 0.562886178493,
            "not_acoustic": 0.437113791704
        },
        "probability": 0.562886178493,
        "value": "acoustic"
    },
    "mood_aggressive": {
        "all": {
            "aggressive": 0.20359313488,
            "not_aggressive": 0.79640686512
        },
        "probability": 0.79640686512,
        "value": "not_aggressive"
    },
    "mood_electronic": {
        "all": {
            "electronic": 0.562734723091,
            "not_electronic": 0.437265276909
        },
        "probability": 0.562734723091,
        "value": "electronic"
    },
    "mood_happy": {
        "all": {
            "happy": 0.338310927153,
            "not_happy": 0.66168910265
        },
        "probability": 0.66168910265,
        "value": "not_happy"
    },
    "mood_party": {
        "all": {
            "not_party": 0.389461070299,
            "party": 0.610538899899
        },
        "probability": 0.610538899899,
        "value": "party"
    },
    "mood_relaxed": {
        "all": {
            "not_relaxed": 0.448858559132,
            "relaxed": 0.551141440868
        },
        "probability": 0.551141440868,
        "value": "relaxed"
    },
    "mood_sad": {
        "all": {
            "not_sad": 0.268055826426,
            "sad": 0.731944143772
        },
        "probability": 0.731944143772,
        "value": "sad"
    },
    "moods_mirex": {
        "all": {
            "Cluster1": 0.183294773102,
            "Cluster2": 0.338433384895,
            "Cluster3": 0.0402587503195,
            "Cluster4": 0.14195650816,
            "Cluster5": 0.296056598425
        },
        "probability": 0.338433384895,
        "value": "Cluster2"
    },
    "timbre": {
        "all": {
            "bright": 0.898088753223,
            "dark": 0.101911246777
        },
        "probability": 0.898088753223,
        "value": "bright"
    },
    "tonal_atonal": {
        "all": {
            "atonal": 0.202635884285,
            "tonal": 0.797364115715
        },
        "probability": 0.797364115715,
        "value": "tonal"
    },
    "voice_instrumental": {
        "all": {
            "instrumental": 0.926890194416,
            "voice": 0.073109805584
        },
        "probability": 0.926890194416,
        "value": "instrumental"
    }
},
"lowlevel": {
    "average_loudness": 0.946311175823,
    "barkbands_kurtosis": {
        "dmean": 1.98963010311,
        "dmean2": 3.33722925186,
        "dvar": 10.1500263214,
        "dvar2": 22.4997177124,
        "max": 50.0453948975,
        "mean": 1.99068903923,
        "median": 0.51392865181,
        "min": -1.74922013283,
        "var": 22.6751556396
    },
    "barkbands_skewness": {
        "dmean": 0.56486749649,
        "dmean2": 0.910795986652,
        "dvar": 0.320873975754,
        "dvar2": 0.742594182491,
        "max": 5.81746864319,
        "mean": 1.01692998409,
        "median": 0.895242989063,
        "min": -1.96778047085,
        "var": 1.07935166359
    },
    "barkbands_spread": {
        "dmean": 5.65374326706,
        "dmean2": 8.97291088104,
        "dvar": 37.1833343506,
        "dvar2": 87.7962341309,
        "max": 99.7138366699,
        "mean": 20.6911411285,
        "median": 19.2066307068,
        "min": 1.45210313797,
        "var": 109.315864563
    },
    "dissonance": {
        "dmean": 0.0188828315586,
        "dmean2": 0.0317180305719,
        "dvar": 0.000264309928752,
        "dvar2": 0.000679289863911,
        "max": 0.499368786812,
        "mean": 0.466811358929,
        "median": 0.471680551767,
        "min": 0.353422492743,
        "var": 0.000487434706884
    },
    "dynamic_complexity": 6.15946674347,
    "erbbands_kurtosis": {
        "dmean": 0.801369488239,
        "dmean2": 1.28190052509,
        "dvar": 0.692225635052,
        "dvar2": 1.59597301483,
        "max": 7.45842647552,
        "mean": 0.214255794883,
        "median": -0.111770153046,
        "min": -1.4499065876,
        "var": 1.55626070499
    },
    "erbbands_skewness": {
        "dmean": 0.316480457783,
        "dmean2": 0.485005915165,
        "dvar": 0.0737435892224,
        "dvar2": 0.1734264642,
        "max": 1.95359265804,
        "mean": 0.130950212479,
        "median": 0.0659595951438,
        "min": -1.37523138523,
        "var": 0.232807025313
    },
    "erbbands_spread": {
        "dmean": 8.45987796783,
        "dmean2": 13.4409866333,
        "dvar": 102.493728638,
        "dvar2": 245.335403442,
        "max": 97.6636657715,
        "mean": 30.1283969879,
        "median": 28.2040100098,
        "min": 6.33206224442,
        "var": 174.301055908
    },
    "hfc": {
        "dmean": 4.56820774078,
        "dmean2": 6.23682641983,
        "dvar": 105.567649841,
        "dvar2": 264.768218994,
        "max": 151.67515564,
        "mean": 10.8988933563,
        "median": 4.87892866135,
        "min": 1.17720480191e-16,
        "var": 240.386398315
    },
    "melbands_kurtosis": {
        "dmean": 5.26425075531,
        "dmean2": 8.99360752106,
        "dvar": 88.9989776611,
        "dvar2": 220.468261719,
        "max": 99.077293396,
        "mean": 6.72564840317,
        "median": 2.91636323929,
        "min": -1.41720843315,
        "var": 134.066864014
    },
    "melbands_skewness": {
        "dmean": 0.796911180019,
        "dmean2": 1.27551269531,
        "dvar": 0.8056833148,
        "dvar2": 1.9420620203,
        "max": 8.04140281677,
        "mean": 1.84902191162,
        "median": 1.63079595566,
        "min": -0.649241924286,
        "var": 1.99573040009
    },
    "melbands_spread": {
        "dmean": 7.27271652222,
        "dmean2": 11.4327125549,
        "dvar": 58.3859214783,
        "dvar2": 131.274536133,
        "max": 137.644821167,
        "mean": 24.9185390472,
        "median": 23.3177223206,
        "min": 1.12227857113,
        "var": 227.945510864
    },
    "pitch_salience": {
        "dmean": 0.0781323090196,
        "dmean2": 0.130505040288,
        "dvar": 0.00447178492323,
        "dvar2": 0.0120203746483,
        "max": 0.973414480686,
        "mean": 0.581689834595,
        "median": 0.590632379055,
        "min": 0.200978398323,
        "var": 0.010351639241
    },
    "silence_rate_20dB": {
        "dmean": 0,
        "dmean2": 0,
        "dvar": 0,
        "dvar2": 0,
        "max": 1,
        "mean": 1,
        "median": 1,
        "min": 1,
        "var": 0
    },
    "silence_rate_30dB": {
        "dmean": 0.0098684206605,
        "dmean2": 0.0197693575174,
        "dvar": 0.00977100152522,
        "dvar2": 0.0226735435426,
        "max": 1,
        "mean": 0.99178981781,
        "median": 1,
        "min": 0,
        "var": 0.0081427115947
    },
    "silence_rate_60dB": {
        "dmean": 0.0953947380185,
        "dmean2": 0.19110378623,
        "dvar": 0.0862952172756,
        "dvar2": 0.171058118343,
        "max": 1,
        "mean": 0.285714298487,
        "median": 0,
        "min": 0,
        "var": 0.204082235694
    },
    "spectral_centroid": {
        "dmean": 275.210327148,
        "dmean2": 413.191192627,
        "dvar": 157740.53125,
        "dvar2": 253457.234375,
        "max": 11331.3095703,
        "mean": 1300.46337891,
        "median": 1240.48425293,
        "min": 202.35067749,
        "var": 475800.21875
    },
    "spectral_complexity": {
        "dmean": 3.46052622795,
        "dmean2": 4.71499156952,
        "dvar": 16.6464347839,
        "dvar2": 26.6123218536,
        "max": 52,
        "mean": 14.344827652,
        "median": 11,
        "min": 0,
        "var": 125.792488098
    },
    "spectral_crest": {
        "dmean": 2.57092666626,
        "dmean2": 4.27615499496,
        "dvar": 4.42088985443,
        "dvar2": 12.3847780228,
        "max": 18.5944728851,
        "mean": 8.50515174866,
        "median": 7.7962603569,
        "min": 3.25424647331,
        "var": 10.2540197372
    },
    "spectral_decrease": {
        "dmean": 1.85295989663e-09,
        "dmean2": 2.89498292005e-09,
        "dvar": 1.07484667704e-17,
        "dvar2": 2.55512468167e-17,
        "max": -4.65381892318e-29,
        "mean": -4.49431247773e-09,
        "median": -1.64096858324e-09,
        "min": -3.76355266951e-08,
        "var": 3.95435313105e-17
    },
    "spectral_energy": {
        "dmean": 0.00733965495601,
        "dmean2": 0.0113832298666,
        "dvar": 0.000168012687936,
        "dvar2": 0.000398180796765,
        "max": 0.143755108118,
        "mean": 0.0179511532187,
        "median": 0.00659064250067,
        "min": 1.08532486014e-20,
        "var": 0.000619293190539
    },
    "spectral_energyband_high": {
        "dmean": 0.000176805857336,
        "dmean2": 0.000283189729089,
        "dvar": 5.4401283478e-07,
        "dvar2": 1.60474689892e-06,
        "max": 0.0127627318725,
        "mean": 0.000222207192564,
        "median": 4.94098567287e-05,
        "min": 7.72963366265e-21,
        "var": 3.60946017963e-07
    },
    "spectral_energyband_low": {
        "dmean": 0.00373145425692,
        "dmean2": 0.00631321733817,
        "dvar": 7.43927084841e-05,
        "dvar2": 0.000184752614587,
        "max": 0.133331358433,
        "mean": 0.00648679025471,
        "median": 0.00123337819241,
        "min": 2.8850372487e-23,
        "var": 0.000184429460205
    },
    "spectral_energyband_middle_high": {
        "dmean": 0.0015948372893,
        "dmean2": 0.00207433081232,
        "dvar": 8.26331870485e-06,
        "dvar2": 1.66762820299e-05,
        "max": 0.0289106499404,
        "mean": 0.00359386135824,
        "median": 0.00177028938197,
        "min": 1.77994767927e-21,
        "var": 2.57837837125e-05
    },
    "spectral_energyband_middle_low": {
        "dmean": 0.00449534365907,
        "dmean2": 0.0070029264316,
        "dvar": 7.0464106102e-05,
        "dvar2": 0.000165084871696,
        "max": 0.10014654696,
        "mean": 0.00842855125666,
        "median": 0.00229196087457,
        "min": 3.09170744627e-22,
        "var": 0.000191575658391
    },
    "spectral_flatness_db": {
        "dmean": 0.0232910439372,
        "dmean2": 0.0351764000952,
        "dvar": 0.000383791601053,
        "dvar2": 0.000891199219041,
        "max": 0.324399650097,
        "mean": 0.121760703623,
        "median": 0.113416142762,
        "min": 0.0343826562166,
        "var": 0.00205152155831
    },
    "spectral_flux": {
        "dmean": 0.0192867647856,
        "dmean2": 0.0311219338328,
        "dvar": 0.000726682890672,
        "dvar2": 0.00166790746152,
        "max": 0.33030167222,
        "mean": 0.0645061656833,
        "median": 0.0473968870938,
        "min": 1.04178922433e-10,
        "var": 0.00259297620505
    },
    "spectral_kurtosis": {
        "dmean": 2.34498047829,
        "dmean2": 3.98041558266,
        "dvar": 5.80240058899,
        "dvar2": 16.4936351776,
        "max": 23.1685962677,
        "mean": 6.25550317764,
        "median": 5.36411857605,
        "min": -1.19747042656,
        "var": 10.8631772995
    },
    "spectral_rms": {
        "dmean": 0.000744619464967,
        "dmean2": 0.00110113073606,
        "dvar": 9.01663099739e-07,
        "dvar2": 2.00305839826e-06,
        "max": 0.0118426717818,
        "mean": 0.00335145043209,
        "median": 0.00253572384827,
        "min": 3.25400296985e-12,
        "var": 6.2811063799e-06
    },
    "spectral_rolloff": {
        "dmean": 530.325805664,
        "dmean2": 837.807983398,
        "dvar": 1189578.375,
        "dvar2": 2338602.75,
        "max": 19121.484375,
        "mean": 1616.75732422,
        "median": 1313.52539062,
        "min": 129.19921875,
        "var": 4486670
    },
    "spectral_skewness": {
        "dmean": 0.265224039555,
        "dmean2": 0.437156111002,
        "dvar": 0.0565331466496,
        "dvar2": 0.146658867598,
        "max": 3.40643215179,
        "mean": 1.72434079647,
        "median": 1.6488339901,
        "min": -0.0580384917557,
        "var": 0.151992231607
    },
    "spectral_spread": {
        "dmean": 648806.6875,
        "dmean2": 981322.4375,
        "dvar": 2.17596100608e+12,
        "dvar2": 2.77313539277e+12,
        "max": 41070708,
        "mean": 3737996.75,
        "median": 3394113.5,
        "min": 1589464.25,
        "var": 4.26413287014e+12
    },
    "spectral_strongpeak": {
        "dmean": 0.4423379004,
        "dmean2": 0.720247089863,
        "dvar": 0.363337188959,
        "dvar2": 0.764255166054,
        "max": 5.76945734024,
        "mean": 0.693297743797,
        "median": 0.351802021265,
        "min": 0,
        "var": 0.745564639568
    },
    "zerocrossingrate": {
        "dmean": 0.0103518841788,
        "dmean2": 0.0123405642807,
        "dvar": 0.000494457781315,
        "dvar2": 0.000857523700688,
        "max": 0.51806640625,
        "mean": 0.060531642288,
        "median": 0.052734375,
        "min": 0.0068359375,
        "var": 0.00283493637107
    },
    "barkbands": {
        "dmean": [0.000145244441228, 0.00171085412148, 0.00228957086802, 0.00152731733397, 0.00150225835387, 0.000801005051471, 0.000690693792421, 0.00142345961649, 0.000436380505562, 0.000417599687353, 0.000354854564648, 0.00022150107543, 0.000362495047739, 0.000266043381998, 0.000222933260375, 0.000174876622623, 0.000202786890441, 0.000131879831315, 9.62354315561e-05, 7.91644633864e-05, 6.0178230342e-05, 2.69025567832e-05, 1.7820904759e-05, 1.7886133719e-05, 1.6283343939e-05, 9.81109496934e-06, 8.3039844867e-07],
        "dmean2": [0.000235377912759, 0.00272140000015, 0.00391364470124, 0.00263166520745, 0.00249479920603, 0.00133382400963, 0.00109678530134, 0.00208332994953, 0.000709810876288, 0.000606948160566, 0.000561200606171, 0.000348635803675, 0.000559926498681, 0.000421987933805, 0.000346599554177, 0.000265329697868, 0.000317486934364, 0.000199905553018, 0.000148496299516, 0.000117380019219, 9.83067366178e-05, 4.5926819439e-05, 3.09234274027e-05, 3.2172905776e-05, 2.76909595414e-05, 1.53489163495e-05, 1.35670916279e-06],
        "dvar": [1.16750605628e-07, 2.07076718652e-05, 2.79613341263e-05, 1.2475584299e-05, 7.97230222815e-06, 4.0773506953e-06, 3.99065584133e-06, 3.02120988636e-05, 8.28395343433e-07, 1.00246131751e-06, 4.0265567236e-07, 1.36371866688e-07, 3.31559505184e-07, 3.118315135e-07, 2.85298455083e-07, 2.41015698066e-07, 3.08846011876e-07, 1.385278523e-07, 1.78112713911e-07, 3.53466589331e-08, 1.07189585208e-07, 1.83149513333e-08, 1.1998901428e-08, 5.09107289659e-09, 3.1623978991e-09, 7.45840333938e-10, 7.34260222068e-12],
        "dvar2": [1.67129201145e-07, 5.81067288294e-05, 7.38231028663e-05, 3.52474562533e-05, 1.94701115106e-05, 9.05441083887e-06, 9.1826877906e-06, 6.38067358523e-05, 2.18955779019e-06, 2.01276861844e-06, 9.75206944531e-07, 3.21746568943e-07, 6.78866001635e-07, 7.33388503704e-07, 6.75724550092e-07, 5.42101702194e-07, 8.13194560578e-07, 3.5004833876e-07, 5.29582962372e-07, 9.04360319964e-08, 3.16440434744e-07, 5.47565974784e-08, 3.56702969384e-08, 1.50716914504e-08, 9.3704359827e-09, 1.73003089632e-09, 1.82693669221e-11],
        "max": [0.0108564356342, 0.0829935893416, 0.0532428883016, 0.0395370535553, 0.0373994484544, 0.0352364592254, 0.0352774374187, 0.0760560408235, 0.00998892728239, 0.0193896498531, 0.008017138578, 0.00309140933678, 0.00648298161104, 0.00759705621749, 0.00764910876751, 0.00687880674377, 0.00771133694798, 0.00493263360113, 0.00723665300757, 0.00272194296122, 0.00584142981097, 0.00235707871616, 0.0019496754976, 0.000898570986465, 0.000791430531535, 0.000271718221484, 2.9002505471e-05],
        "mean": [0.000238412700128, 0.00254981196485, 0.00301582831889, 0.00148279673886, 0.002082336694, 0.00124763627537, 0.00106160948053, 0.00175719894469, 0.000611161871348, 0.000607758294791, 0.00050871638814, 0.000352604110958, 0.000539560453035, 0.00040272573824, 0.000342922488926, 0.000285126880044, 0.000261735112872, 0.000179245194886, 0.00013418024173, 0.000118947660667, 6.87884312356e-05, 2.98943377857e-05, 1.81951454579e-05, 1.68930309883e-05, 2.48907908826e-05, 1.14177064461e-05, 7.69995381233e-07],
        "median": [8.22494621389e-05, 0.000351393071469, 0.00043850322254, 0.000205885968171, 0.000406258623116, 0.000488672521897, 9.89440377452e-05, 0.000219745707, 0.000195076339878, 0.000130804255605, 0.000185834054719, 0.000132749424665, 0.000225167736062, 0.000167507256265, 0.000107510721136, 5.53638165002e-05, 5.09097444592e-05, 3.85407220165e-05, 3.32656090904e-05, 2.84153775283e-05, 1.44130535773e-05, 6.85023996994e-06, 3.48603816747e-06, 2.94201322504e-06, 1.89013621821e-06, 1.15339753393e-06, 1.20784761748e-07],
        "min": [5.52984907571e-24, 8.68027830225e-24, 7.7877689627e-24, 2.44726961786e-23, 2.03405764927e-23, 4.78227612475e-23, 6.88013179533e-23, 6.01520197965e-23, 8.46877459614e-23, 4.43697277388e-23, 8.09771020355e-23, 2.85140716168e-23, 8.17123330209e-23, 8.65686049297e-23, 1.72632364124e-22, 2.45300425799e-22, 3.97528845811e-22, 3.53093813011e-22, 1.49766340951e-22, 3.64011900375e-22, 3.56203035694e-22, 3.67599765989e-22, 9.25309456556e-22, 7.15388445236e-22, 1.36128644888e-21, 1.79397663015e-21, 2.24709449709e-21],
        "var": [9.10990820557e-07, 4.04810125474e-05, 4.77131325169e-05, 1.10053761091e-05, 1.50266068886e-05, 7.64336164139e-06, 9.00256600289e-06, 4.37497255916e-05, 1.27037617403e-06, 2.13590942622e-06, 7.19307536201e-07, 2.55260545146e-07, 6.3213917656e-07, 4.67783706881e-07, 4.70229252869e-07, 4.52745354096e-07, 3.68247611959e-07, 1.65720820178e-07, 1.31599961151e-07, 4.72517420746e-08, 6.46190443376e-08, 1.09227080713e-08, 6.80810607889e-09, 2.9701787696e-09, 5.31833466155e-09, 9.45870493041e-10, 6.67757602685e-12]
    },
    "erbbands": {
        "dmean": [0.0430192127824, 0.431023955345, 2.29598927498, 3.75711750984, 5.64208459854, 4.38151502609, 7.00849533081, 6.12504005432, 6.31642818451, 27.5247936249, 17.1311893463, 9.20275783539, 10.5643396378, 13.0733804703, 12.1592683792, 9.86950397491, 16.2011928558, 13.9722948074, 10.9989271164, 9.91116428375, 10.8727807999, 10.7449674606, 7.48212862015, 5.51103162766, 4.16435050964, 3.92747807503, 2.79830789566, 2.01659083366, 1.08673381805, 0.611296236515, 0.524438500404, 0.39292371273, 0.29153239727, 0.181046798825, 0.102814361453, 0.0517133660614, 0.0187022909522, 0.00342185329646, 8.68233910296e-05, 9.88127339951e-06],
        "dmean2": [0.0694934874773, 0.686738610268, 3.92371916771, 6.52455186844, 9.95502185822, 6.75345182419, 11.2358617783, 10.2410964966, 10.2103223801, 40.1637039185, 26.3648071289, 15.1198368073, 15.6366205215, 20.0499248505, 18.7316112518, 14.7164173126, 25.0827102661, 21.9247989655, 16.4480781555, 15.7177848816, 16.5834598541, 16.3593997955, 11.3703174591, 8.4238576889, 6.44226074219, 5.78579521179, 4.39332580566, 3.43869781494, 1.86658585072, 1.0373455286, 0.919485569, 0.703658878803, 0.523387312889, 0.324424743652, 0.169480115175, 0.0826247185469, 0.0290867201984, 0.00544652622193, 0.000139138821396, 1.52534576046e-05],
        "dvar": [0.0265212897211, 1.12565851212, 29.2966079712, 66.1689910889, 176.261291504, 68.462852478, 357.816192627, 151.803268433, 179.311737061, 10529.0732422, 2963.02197266, 390.710662842, 598.366516113, 835.727783203, 564.04498291, 208.709442139, 690.766174316, 782.890441895, 672.024230957, 548.337036133, 974.651123047, 733.399414062, 462.700775146, 366.273956299, 363.508361816, 81.3478393555, 112.778579712, 183.460571289, 32.9289016724, 10.170173645, 9.57118701935, 2.38710689545, 1.38905322552, 0.604898929596, 0.105104506016, 0.0153649775311, 0.00281771761365, 0.000121917379147, 9.80128760375e-08, 3.24059806767e-10],
        "dvar2": [0.075284793973, 3.04809832573, 75.5666503906, 189.186431885, 489.352874756, 146.636505127, 788.770446777, 358.690856934, 412.664886475, 23471.7636719, 6754.46142578, 967.663391113, 1227.21472168, 1978.41540527, 1365.11181641, 461.018890381, 1407.09863281, 1840.39807129, 1481.96496582, 1370.67053223, 2311.03491211, 1826.7088623, 1164.46350098, 1024.65148926, 1063.79541016, 204.428985596, 327.576202393, 543.565979004, 98.1788482666, 30.023109436, 28.5647525787, 7.04144763947, 4.12443399429, 1.8147342205, 0.307647764683, 0.0385364331305, 0.00644803838804, 0.000293598102871, 2.48147301818e-07, 7.9227674421e-10],
        "max": [3.93904519081, 12.7151613235, 61.3202056885, 85.9109573364, 124.554824829, 162.173477173, 355.960266113, 127.923583984, 152.053527832, 1353.08789062, 707.008300781, 250.923965454, 370.256530762, 377.582397461, 404.661773682, 121.309150696, 287.930419922, 376.482574463, 366.733734131, 285.235748291, 420.332977295, 297.710662842, 303.565734863, 290.918029785, 337.421417236, 119.674613953, 181.900344849, 241.73550415, 100.597747803, 56.4229049683, 54.3383255005, 18.9260826111, 13.3154497147, 10.1797809601, 4.65163373947, 1.76194834709, 0.542536199093, 0.122635133564, 0.00465594418347, 0.000231521611568],
        "mean": [0.0651333034039, 0.625166296959, 3.18966889381, 4.32259893417, 5.42935848236, 6.99193811417, 10.5460214615, 9.47439289093, 10.3652858734, 38.4986686707, 24.2989273071, 13.9441947937, 16.6391105652, 20.7340984344, 18.7360916138, 16.3735561371, 24.8207168579, 20.9253730774, 18.6116142273, 16.9665603638, 16.8092250824, 14.8440675735, 10.630437851, 8.0048532486, 6.11222505569, 5.94362831116, 3.31499528885, 2.26524567604, 1.19788038731, 0.698157846928, 0.51479446888, 0.366932630539, 0.273751437664, 0.166492640972, 0.162120848894, 0.0908836200833, 0.0226557590067, 0.00356899527833, 9.6796436992e-05, 2.36466494243e-05],
        "median": [0.00915786996484, 0.093260101974, 0.449339002371, 0.694244861603, 0.747273921967, 1.1973477602, 3.54897379875, 3.41461038589, 1.856523633, 2.6196513176, 5.59844779968, 4.40411806107, 3.50920629501, 6.72687482834, 8.22382640839, 7.75340032578, 10.4402866364, 9.06855773926, 6.81142282486, 5.09162139893, 3.11424899101, 2.84859681129, 2.39675140381, 1.7579472065, 1.71772527695, 1.35603308678, 0.7181173563, 0.44848293066, 0.274878442287, 0.159556627274, 0.0919219180942, 0.0727029070258, 0.0430413708091, 0.0216679349542, 0.0122634330764, 0.00610043527558, 0.00210801954381, 0.000405442202464, 1.90365917661e-05, 9.86588929663e-06],
        "min": [3.98416358505e-22, 1.60543852039e-21, 8.26574363481e-21, 4.08412091018e-20, 5.48651645836e-20, 6.8816728837e-20, 1.60079184541e-19, 5.46858563837e-19, 5.02520804125e-19, 1.81845690143e-18, 1.22465020267e-18, 2.22902944604e-18, 9.68276945539e-19, 3.01022770873e-18, 2.03597128134e-18, 1.52344510732e-18, 3.46500064937e-18, 5.18942055684e-18, 4.78521709615e-18, 1.1818609354e-17, 1.58323113705e-17, 2.26692304485e-17, 2.06918287244e-17, 1.04080099836e-17, 1.13104731309e-17, 1.64018533464e-17, 1.73047276025e-17, 1.40533684734e-17, 1.27826900123e-17, 2.04156364266e-17, 2.48547193819e-17, 1.52718783075e-17, 1.31804183032e-17, 1.52030204846e-17, 1.01595348538e-17, 6.37365078567e-18, 3.42018979404e-18, 1.13056078613e-18, 2.82281148449e-19, 3.5790266567e-20],
        "var": [0.0675999522209, 1.97614657879, 55.7428855896, 73.3656921387, 140.722091675, 203.592422485, 667.301391602, 288.531433105, 446.080474854, 17230.8339844, 4497.66748047, 662.671569824, 1361.97216797, 1745.64001465, 889.189147949, 438.632476807, 1382.74780273, 1172.74572754, 1171.82324219, 1011.86022949, 1645.8651123, 1077.40112305, 568.329711914, 352.217437744, 269.451507568, 117.134841919, 81.0183105469, 103.783126831, 19.3632678986, 6.15791416168, 5.39785432816, 1.41062664986, 0.817241072655, 0.354665160179, 0.211831822991, 0.0631438493729, 0.00360543932766, 0.000125672086142, 8.79603447856e-08, 9.27759369329e-10]
    },
    "gfcc": {
        "mean": [-74.5093002319, 103.053977966, -130.891555786, 18.3055591583, -45.4196777344, 9.74087810516, -33.2036972046, 3.74915742874, -28.0850811005, 7.23071479797, -14.0689573288, 2.42232847214, -10.4522104263],
        "cov": [[21665.984375, 2321.12084961, -923.173522949, 578.49597168, -564.553100586, -244.145278931, -365.946563721, 335.298126221, -53.6818084717, -95.5157775879, -471.107666016, -296.879669189, -340.952545166], [2321.12084961, 2056.45068359, -123.063209534, 88.7638702393, 295.015686035, -228.6534729, 242.847122192, -68.0470428467, 387.575805664, -224.427886963, 16.1276607513, -263.097320557, -12.5635566711], [-923.173522949, -123.063209534, 709.59576416, 148.701950073, 125.567420959, 71.5857315063, 12.5196218491, 37.3019599915, -44.8363685608, 8.42969894409, -109.886863708, -61.4143257141, -93.9442596436], [578.49597168, 88.7638702393, 148.701950073, 220.192977905, 43.2623176575, 8.0797700882, -14.4188203812, 16.4637680054, 9.38853645325, -31.8540267944, -39.6850128174, -41.0840568542, -35.1683731079], [-564.553100586, 295.015686035, 125.567420959, 43.2623176575, 212.055664062, 12.9868011475, 93.8265075684, -34.9383049011, 79.1229858398, -18.0224246979, 16.5134811401, -35.8792381287, -5.02250957489], [-244.145278931, -228.6534729, 71.5857315063, 8.0797700882, 12.9868011475, 153.359680176, 6.44574356079, 19.8063983917, -63.5457038879, 46.1073493958, -3.47881913185, 24.0985565186, -11.4307003021], [-365.946563721, 242.847122192, 12.5196218491, -14.4188203812, 93.8265075684, 6.44574356079, 141.767303467, 8.07821750641, 92.9204711914, -21.8749580383, 28.1479244232, -35.5827598572, 3.50972270966], [335.298126221, -68.0470428467, 37.3019599915, 16.4637680054, -34.9383049011, 19.8063983917, 8.07821750641, 93.5342788696, 13.0490217209, 32.203666687, -17.8464508057, 8.29739093781, -9.10569763184], [-53.6818084717, 387.575805664, -44.8363685608, 9.38853645325, 79.1229858398, -63.5457038879, 92.9204711914, 13.0490217209, 180.603912354, -38.7030944824, 38.2799758911, -50.6567192078, 12.9724826813], [-95.5157775879, -224.427886963, 8.42969894409, -31.8540267944, -18.0224246979, 46.1073493958, -21.8749580383, 32.203666687, -38.7030944824, 104.066261292, 22.295255661, 48.6011047363, 1.96546173096], [-471.107666016, 16.1276607513, -109.886863708, -39.6850128174, 16.5134811401, -3.47881913185, 28.1479244232, -17.8464508057, 38.2799758911, 22.295255661, 94.2170715332, 37.2782897949, 43.9238777161], [-296.879669189, -263.097320557, -61.4143257141, -41.0840568542, -35.8792381287, 24.0985565186, -35.5827598572, 8.29739093781, -50.6567192078, 48.6011047363, 37.2782897949, 102.802940369, 42.8636054993], [-340.952545166, -12.5635566711, -93.9442596436, -35.1683731079, -5.02250957489, -11.4307003021, 3.50972270966, -9.10569763184, 12.9724826813, 1.96546173096, 43.9238777161, 42.8636054993, 74.3935775757]],
        "icov": [[0.000160188355949, -0.000435084308265, 0.000362355611287, -0.00046817646944, 0.000467770762043, -0.000117511561257, 0.000233311075135, -0.000405088008847, 0.00032215740066, -0.000493273662869, 0.000739595096093, -0.000457776914118, 0.000633814604953], [-0.000435084308265, 0.00264171906747, -0.000412045366829, 0.00116088916548, -0.00284440862015, 0.00136650109198, -0.000827467767522, 0.000698409043252, -0.00174322316889, 0.002278824104, -0.00202575349249, 0.00373580632731, -0.0020896284841], [0.000362355611287, -0.000412045366829, 0.00358402729034, -0.00188438710757, -0.0016201233957, 2.44820221269e-05, 0.000457952643046, -0.00225368491374, 0.00151478906628, -0.00124597421382, 0.00345010333695, 0.000221499809413, 0.00242727296427], [-0.00046817646944, 0.00116088916548, -0.00188438710757, 0.00817580427974, -0.00363056152128, -0.000513359904289, 0.00312356068753, -0.00215467554517, -0.00101837900002, 0.00481941457838, -0.00350344204344, 0.00260043772869, -0.000578877341468], [0.000467770762043, -0.00284440862015, -0.0016201233957, -0.00363056152128, 0.0150790484622, -0.00318653252907, -0.00552686210722, 0.00830157659948, -0.00340469414368, -0.00583183718845, 0.00438941968605, -0.00597806321457, 0.0013071000576], [-0.000117511561257, 0.00136650109198, 2.44820221269e-05, -0.000513359904289, -0.00318653252907, 0.011401867494, -0.00370438792743, -0.00260212318972, 0.0053049121052, -0.0015191740822, -0.00205369759351, 0.00221960386261, -7.77423774707e-05], [0.000233311075135, -0.000827467767522, 0.000457952643046, 0.00312356068753, -0.00552686210722, -0.00370438792743, 0.0179475452751, -0.00694339722395, -0.00323324347846, 0.00417910888791, -0.00432547414675, 0.00314774620347, 0.00153916457202], [-0.000405088008847, 0.000698409043252, -0.00225368491374, -0.00215467554517, 0.00830157659948, -0.00260212318972, -0.00694339722395, 0.0245570968837, -0.00996426865458, -0.0087873917073, 0.00881348084658, -0.00551699940115, -0.00216443557292], [0.00032215740066, -0.00174322316889, 0.00151478906628, -0.00101837900002, -0.00340469414368, 0.0053049121052, -0.00323324347846, -0.00996426865458, 0.0188832823187, 0.00156629981939, -0.00696690334007, 0.00539276143536, -0.000196201304789], [-0.000493273662869, 0.002278824104, -0.00124597421382, 0.00481941457838, -0.00583183718845, -0.0015191740822, 0.00417910888791, -0.0087873917073, 0.00156629981939, 0.0223114732653, -0.0112904878333, -0.000994660076685, 0.00330583797768], [0.000739595096093, -0.00202575349249, 0.00345010333695, -0.00350344204344, 0.00438941968605, -0.00205369759351, -0.00432547414675, 0.00881348084658, -0.00696690334007, -0.0112904878333, 0.0305687822402, -0.010255699046, -0.00361464149319], [-0.000457776914118, 0.00373580632731, 0.000221499809413, 0.00260043772869, -0.00597806321457, 0.00221960386261, 0.00314774620347, -0.00551699940115, 0.00539276143536, -0.000994660076685, -0.010255699046, 0.0304314941168, -0.0132371168584], [0.000633814604953, -0.0020896284841, 0.00242727296427, -0.000578877341468, 0.0013071000576, -7.77423774707e-05, 0.00153916457202, -0.00216443557292, -0.000196201304789, 0.00330583797768, -0.00361464149319, -0.0132371168584, 0.0282321497798]]
    },
    "melbands": {
        "dmean": [0.000410908949561, 0.00093681254657, 0.000722214754205, 0.000331866089255, 0.00023923603294, 0.00013945029059, 0.000103540311102, 0.000323477433994, 0.000126291182823, 5.55969309062e-05, 5.45044640603e-05, 5.50202457816e-05, 4.65994344268e-05, 2.41645157075e-05, 4.1472580051e-05, 2.69262382062e-05, 2.81618158624e-05, 1.91296767298e-05, 1.54898261826e-05, 1.17806575872e-05, 1.39574540299e-05, 1.28728352138e-05, 7.86880536907e-06, 6.08265918345e-06, 4.55139434052e-06, 3.42657881447e-06, 2.84587736132e-06, 2.63979814008e-06, 1.88053650163e-06, 1.37867789363e-06, 1.11691360871e-06, 6.87743522576e-07, 3.82975997582e-07, 3.30745280053e-07, 3.18105605857e-07, 2.42372692583e-07, 2.42430900244e-07, 2.09390336181e-07, 1.72580627122e-07, 1.50307400304e-07],
        "dmean2": [0.00065973517485, 0.00160449778195, 0.0012491842499, 0.000560364394914, 0.000375855335733, 0.000231310579693, 0.000165522185853, 0.000470035214676, 0.000194413616555, 9.1293863079e-05, 8.13028891571e-05, 8.36846666061e-05, 7.35525027267e-05, 3.62912505807e-05, 6.48420318612e-05, 4.17223454861e-05, 4.47821512353e-05, 2.93838111247e-05, 2.43792001129e-05, 1.84916152648e-05, 2.18584882532e-05, 2.00629147002e-05, 1.26832710521e-05, 9.44090334087e-06, 7.11273287379e-06, 5.40636256119e-06, 4.36826167061e-06, 3.90290915675e-06, 3.03144270219e-06, 2.32387469623e-06, 1.92397942556e-06, 1.20537015391e-06, 6.3022565655e-07, 5.67122867778e-07, 5.54297116651e-07, 4.22048969995e-07, 4.40625370857e-07, 3.7735773617e-07, 3.05572740444e-07, 2.72655199751e-07],
        "dvar": [1.5933215991e-06, 4.98645977132e-06, 2.46746367338e-06, 4.14811523797e-07, 3.19348572475e-07, 8.13100058394e-08, 5.62856712349e-08, 1.59982334935e-06, 1.37428699531e-07, 1.34975026711e-08, 1.64407563119e-08, 1.60139492777e-08, 6.95299595677e-09, 1.73251502034e-09, 4.96445995424e-09, 1.53750889798e-09, 3.4192049192e-09, 1.84330095632e-09, 1.27905008807e-09, 9.33706778561e-10, 1.8346814068e-09, 1.20093002209e-09, 3.59515056614e-10, 3.02621205872e-10, 2.49807424746e-10, 2.77177475416e-10, 9.85669462716e-11, 2.95076636736e-11, 3.93962813761e-11, 6.2370462961e-11, 5.69236602299e-11, 1.46095809062e-11, 1.70858672262e-12, 3.88052394037e-12, 3.80267041813e-12, 1.03498720011e-12, 9.90457282163e-13, 7.42550552296e-13, 4.25531869941e-13, 4.62480639722e-13],
        "dvar2": [4.52448057331e-06, 1.25746882986e-05, 7.05214006302e-06, 1.10358450911e-06, 6.74246393828e-07, 1.88254801969e-07, 1.29082508238e-07, 3.48335902345e-06, 3.32140331238e-07, 3.37635768233e-08, 3.38308581149e-08, 3.69315920068e-08, 1.65940114982e-08, 3.76465614238e-09, 1.03549258057e-08, 3.5854870184e-09, 8.02641242359e-09, 4.13191525439e-09, 3.31924021602e-09, 2.24161134099e-09, 4.42934533496e-09, 3.05872083217e-09, 9.38876532075e-10, 7.47510220389e-10, 7.07234937281e-10, 8.28692559018e-10, 2.73616934665e-10, 7.05245306598e-11, 1.14265048812e-10, 1.8346209274e-10, 1.68854444316e-10, 4.36218908217e-11, 4.99284944985e-12, 1.14840610979e-11, 1.13733267595e-11, 3.04177169563e-12, 2.93028383676e-12, 2.20780295088e-12, 1.25873085826e-12, 1.39121765323e-12],
        "max": [0.0276627186686, 0.0246777273715, 0.0172406211495, 0.00499244406819, 0.00935544632375, 0.00386220193468, 0.00298851169646, 0.0172545015812, 0.005570827052, 0.00138741650153, 0.00209835544229, 0.00192592141684, 0.00108836346772, 0.000529721670318, 0.000686143699568, 0.000347213092027, 0.00079548539361, 0.000567653973121, 0.000430043000961, 0.000473255728139, 0.000638961209916, 0.000431368069258, 0.000190841019503, 0.000231475758483, 0.000241373447352, 0.000295389996609, 0.00016849001986, 5.3595751524e-05, 0.000101748752058, 0.000141606898978, 0.000133890105644, 6.67076019454e-05, 2.14177489397e-05, 3.50720256392e-05, 3.43506217177e-05, 1.61650204973e-05, 1.28030078486e-05, 1.00207034848e-05, 7.8173361544e-06, 8.64881803864e-06],
        "mean": [0.000631413655356, 0.00139670306817, 0.000818083353806, 0.000422129553044, 0.000379206525395, 0.000218452361878, 0.000167188045452, 0.000439932045992, 0.000177137757419, 8.1249854702e-05, 8.281745977e-05, 8.38158157421e-05, 6.87700376147e-05, 4.04780184908e-05, 5.84610170336e-05, 4.26292681368e-05, 3.96924442612e-05, 3.05642497551e-05, 2.39623277594e-05, 1.97184544959e-05, 1.99630721909e-05, 1.63374479598e-05, 1.08906224341e-05, 8.2233300418e-06, 6.34171874481e-06, 4.70378518003e-06, 4.30625323133e-06, 3.76555613002e-06, 2.17519936996e-06, 1.48981700931e-06, 1.28026886159e-06, 7.31957698008e-07, 4.49563430038e-07, 3.55643180683e-07, 3.04216143832e-07, 2.3998194365e-07, 2.14822136968e-07, 1.87458851997e-07, 1.67819791841e-07, 1.33007105774e-07],
        "median": [9.77799572865e-05, 0.000219478912186, 0.00013838976156, 5.90545969317e-05, 0.000117778072308, 8.18119297037e-05, 2.5315579478e-05, 3.16495352308e-05, 4.96272077726e-05, 2.41997349804e-05, 1.7670188754e-05, 2.67481882474e-05, 2.71184471785e-05, 1.46111688082e-05, 2.49838176387e-05, 1.88461217476e-05, 1.49142424561e-05, 1.08823433038e-05, 7.85371048551e-06, 4.96444454257e-06, 3.47020022673e-06, 2.80844415101e-06, 2.738837793e-06, 1.85008991593e-06, 1.37598829042e-06, 1.209603397e-06, 1.12617749437e-06, 8.01656938165e-07, 4.18785987222e-07, 2.68750284249e-07, 2.54137461297e-07, 1.54565924504e-07, 9.83606369687e-08, 7.92721763787e-08, 5.41842446466e-08, 4.43332339728e-08, 3.88260481543e-08, 3.15772048509e-08, 2.25538503429e-08, 1.62519953051e-08],
        "min": [3.39359915045e-24, 3.29415495031e-24, 8.62072877024e-24, 3.47905171915e-24, 5.81303751891e-24, 1.11517747851e-23, 9.73614653579e-24, 1.90341991679e-23, 1.06872082872e-23, 1.27998101347e-23, 4.62698712007e-24, 1.21196195523e-23, 8.79126787617e-24, 3.92325850601e-24, 4.2957889966e-24, 9.33166836183e-24, 9.42886549168e-24, 5.09717582971e-24, 1.64100549444e-23, 1.72713064594e-23, 1.78106348831e-23, 2.7720404971e-23, 1.03335887646e-23, 2.39245514454e-23, 6.01041130626e-24, 6.1371082841e-24, 1.01761005735e-23, 1.165793003e-23, 1.03279058107e-23, 8.94036495384e-24, 8.81811754594e-24, 7.6685421032e-24, 6.2137236385e-24, 1.30905645428e-23, 1.25864059049e-23, 1.48082570991e-23, 7.36069860127e-24, 7.79962869754e-24, 1.28719577753e-23, 1.23495985386e-23],
        "var": [3.50688287654e-06, 9.99811709335e-06, 2.50123753176e-06, 5.70734243865e-07, 7.09204186933e-07, 1.61915778563e-07, 1.40462844911e-07, 2.47467346526e-06, 2.05964056477e-07, 2.25293206313e-08, 3.64327910063e-08, 3.30698242124e-08, 1.15538796308e-08, 3.63625130007e-09, 8.38467162367e-09, 3.06999337063e-09, 4.83473394652e-09, 3.0949829366e-09, 2.13499462554e-09, 1.55722901241e-09, 2.84087087188e-09, 1.53332913033e-09, 4.74973504971e-10, 3.62222724037e-10, 2.32941471667e-10, 1.91840349162e-10, 9.15749351349e-11, 4.59265854513e-11, 3.0086676206e-11, 3.75178360601e-11, 3.23282824122e-11, 8.35521755949e-12, 1.27425815125e-12, 2.23458035929e-12, 2.1194296318e-12, 6.3674646068e-13, 5.67063160751e-13, 4.2613544529e-13, 2.68162716425e-13, 2.63568924715e-13]
    },
    "mfcc": {
