{
"metadata": {
    "version": {
        "essentia": "2.0.1",
        "extractor": "archive-music 1.0"
    },
    "audio_properties": {
        "analysis_sample_rate": 44100,
        "bitrate": 128,
        "channels": 2,
        "equal_loudness": 0,
        "length": 15.83020401,
        "replay_gain": -3.41973114014,
        "downmix": "mix"
    },
    "tags": {
        "track": 0,
        "year": 0,
        "album": "",
        "artist": "",
        "comment": "",
        "genre": "",
        "title": ""
    }
},
"highlevel": {
    "culture": {
        "all": {
            "non_western": 0.00899890810251,
            "western": 0.991001069546
        },
        "probability": 0.991001069546,
        "value": "western"
    },
    "danceability": {
        "all": {
            "danceable": 0.247775152326,
            "not_danceable": 0.752224862576
        },
        "probability": 0.752224862576,
        "value": "not_danceable"
    },
    "gender": {
        "all": {
            "female": 0.151401102543,
            "male": 0.848598897457
        },
        "probability": 0.848598897457,
        "value": "male"
    },
    "genre_dortmund": {
        "all": {
            "alternative": 0.137299075723,
            "blues": 0.0367309004068,
            "electronic": 0.190754175186,
            "folkcountry": 0.034937530756,
            "funksoulrnb": 0.0320276729763,
            "jazz": 0.141542613506,
            "pop": 0.0344038456678,
            "raphiphop": 0.0189927536994,
            "rock": 0.373311430216
        },
        "probability": 0.373311430216,
        "value": "rock"
    },
    "genre_electronic": {
        "all": {
            "ambient": 0.914036512375,
            "dnb": 0.0201844815165,
            "house": 0.0402701236308,
            "techno": 0.0150699699298,
            "trance": 0.0104389134794
        },
        "probability": 0.914036512375,
        "value": "ambient"
    },
    "genre_rosamerica": {
        "all": {
            "cla": 0.32609140873,
            "dan": 0.0379000231624,
            "hip": 0.102607481182,
            "jaz": 0.0938653945923,
            "pop": 0.115235865116,
            "rhy": 0.0944204777479,
            "roc": 0.152412727475,
            "spe": 0.0774666294456
        },
        "probability": 0.32609140873,
        "value": "cla"
    },
    "genre_tzanetakis": {
        "all": {
            "blu": 0.02195539698,
            "cla": 0.31820628047,
            "cou": 0.0219043362886,
            "dis": 0.0247085168958,
            "hip": 0.060047775507,
            "jaz": 0.103999309242,
            "met": 0.0175625085831,
            "pop": 0.0484561249614,
            "reg": 0.0853765383363,
            "roc": 0.297783225775
        },
        "probability": 0.31820628047,
        "value": "cla"
    },
    "mirex_ballroom": {
        "all": {
            "ChaChaCha": 0.0125269396231,
            "Jive": 0.0129887145013,
            "Quickstep": 0.0396174862981,
            "Rumba-American": 0.00927160959691,
            "Rumba-International": 0.0672967880964,
            "Rumba-Misc": 0.0261709894985,
            "Samba": 0.0120786484331,
            "Tango": 0.224507525563,
            "VienneseWaltz": 0.284165173769,
            "Waltz": 0.31137612462
        },
        "probability": 0.31137612462,
        "value": "Waltz"
    },
    "mood_acoustic": {
        "all": {
            "acoustic": 0.523478090763,
            "not_acoustic": 0.476521879435
        },
        "probability": 0.523478090763,
        "value": "acoustic"
    },
    "mood_aggressive": {
        "all": {
            "aggressive": 0.490376889706,
            "not_aggressive": 0.509623110294
        },
        "probability": 0.509623110294,
        "value": "not_aggressive"
    },
    "mood_electronic": {
        "all": {
            "electronic": 0.516661882401,
            "not_electronic": 0.483338117599
        },
        "probability": 0.516661882401,
        "value": "electronic"
    },
    "mood_happy": {
        "all": {
            "happy": 0.113292604685,
            "not_happy": 0.886707425117
        },
        "probability": 0.886707425117,
        "value": "not_happy"
    },
    "mood_party": {
        "all": {
            "not_party": 0.913878619671,
            "party": 0.0861213803291
        },
        "probability": 0.913878619671,
        "value": "not_party"
    },
    "mood_relaxed": {
        "all": {
            "not_relaxed": 0.00373341329396,
            "relaxed": 0.99626660347
        },
        "probability": 0.99626660347,
        "value": "relaxed"
    },
    "mood_sad": {
        "all": {
            "not_sad": 0.790074825287,
            "sad": 0.209925204515
        },
        "probability": 0.790074825287,
        "value": "not_sad"
    },
    "moods_mirex": {
        "all": {
            "Cluster1": 0.249278500676,
            "Cluster2": 0.10153772682,
            "Cluster3": 0.236601442099,
            "Cluster4": 0.177080646157,
            "Cluster5": 0.235501676798
        },
        "probability": 0.249278500676,
        "value": "Cluster1"
    },
    "timbre": {
        "all": {
            "bright": 0.000526577001438,
            "dark": 0.999473452568
        },
        "probability": 0.999473452568,
        "value": "dark"
    },
    "tonal_atonal": {
        "all": {
            "atonal": 0.999999761581,
            "tonal": 2.62397321649e-07
        },
        "probability": 0.999999761581,
        "value": "atonal"
    },
    "voice_instrumental": {
        "all": {
            "instrumental": 0.94813388586,
            "voice": 0.0518660955131
        },
        "probability": 0.94813388586,
        "value": "instrumental"
    }
},
"lowlevel": {
    "average_loudness": 0.743165433407,
    "barkbands_kurtosis": {
        "dmean": 2.63173007965,
        "dmean2": 4.53761196136,
        "dvar": 11.2104663849,
        "dvar2": 32.4481735229,
        "max": 38.4756965637,
        "mean": 4.78036117554,
        "median": 3.67065620422,
        "min": -1.79204273224,
        "var": 17.0716953278
    },
    "barkbands_skewness": {
        "dmean": 0.505274236202,
        "dmean2": 0.862157583237,
        "dvar": 0.245316535234,
        "dvar2": 0.657150089741,
        "max": 4.87723779678,
        "mean": 1.58435380459,
        "median": 1.45211923122,
        "min": -2.01553797722,
        "var": 0.62040323019
    },
    "barkbands_spread": {
        "dmean": 2.02394652367,
        "dmean2": 3.41086316109,
        "dvar": 31.8526763916,
        "dvar2": 82.8714447021,
        "max": 110.019577026,
        "mean": 7.43902778625,
        "median": 5.93153476715,
        "min": 1.67170834541,
        "var": 39.3405075073
    },
    "dissonance": {
        "dmean": 0.0286821331829,
        "dmean2": 0.0488233529031,
        "dvar": 0.000533788756002,
        "dvar2": 0.00158723141067,
        "max": 0.499975800514,
        "mean": 0.445630222559,
        "median": 0.450328916311,
        "min": 0.336767941713,
        "var": 0.000872763572261
    },
    "dynamic_complexity": 4.83769464493,
    "erbbands_kurtosis": {
        "dmean": 0.801832973957,
        "dmean2": 1.33442437649,
        "dvar": 0.863232851028,
        "dvar2": 2.00766849518,
        "max": 14.5678367615,
        "mean": 0.963900625706,
        "median": 0.690816640854,
        "min": -1.34441888332,
        "var": 2.37636137009
    },
    "erbbands_skewness": {
        "dmean": 0.304413169622,
        "dmean2": 0.50211596489,
        "dvar": 0.0680697336793,
        "dvar2": 0.168644219637,
        "max": 3.51960587502,
        "mean": 0.81480127573,
        "median": 0.820576667786,
        "min": -1.12357604504,
        "var": 0.225698307157
    },
    "erbbands_spread": {
        "dmean": 3.64872288704,
        "dmean2": 6.2440495491,
        "dvar": 28.8458633423,
        "dvar2": 78.7633285522,
        "max": 112.448005676,
        "mean": 20.6081409454,
        "median": 18.2828350067,
        "min": 7.74467897415,
        "var": 75.927154541
    },
    "hfc": {
        "dmean": 2.0990884304,
        "dmean2": 3.55037403107,
        "dvar": 8.48636627197,
        "dvar2": 24.2309684753,
        "max": 49.56665802,
        "mean": 10.2400712967,
        "median": 6.23100376129,
        "min": 1.23469729555e-16,
        "var": 108.044082642
    },
    "melbands_kurtosis": {
        "dmean": 4.76856803894,
        "dmean2": 8.28887462616,
        "dvar": 39.447681427,
        "dvar2": 112.508911133,
        "max": 65.8924713135,
        "mean": 9.32960796356,
        "median": 7.29641914368,
        "min": -1.22839522362,
        "var": 58.3753089905
    },
    "melbands_skewness": {
        "dmean": 0.616766989231,
        "dmean2": 1.05519866943,
        "dvar": 0.355451226234,
        "dvar2": 1.01188826561,
        "max": 6.40042495728,
        "mean": 2.20872783661,
        "median": 2.09357786179,
        "min": -0.142457291484,
        "var": 0.920625686646
    },
    "melbands_spread": {
        "dmean": 2.34538912773,
        "dmean2": 3.94786572456,
        "dvar": 32.9205856323,
        "dvar2": 62.3383712769,
        "max": 131.083343506,
        "mean": 8.38278865814,
        "median": 6.43447542191,
        "min": 1.39143836498,
        "var": 113.194252014
    },
    "pitch_salience": {
        "dmean": 0.0849776864052,
        "dmean2": 0.14670149982,
        "dvar": 0.00479354290292,
        "dvar2": 0.0134842563421,
        "max": 0.954755604267,
        "mean": 0.592179894447,
        "median": 0.604688167572,
        "min": 0.213840410113,
        "var": 0.0110001740977
    },
    "silence_rate_20dB": {
        "dmean": 0,
        "dmean2": 0,
        "dvar": 0,
        "dvar2": 0,
        "max": 1,
        "mean": 1,
        "median": 1,
        "min": 1,
        "var": 0
    },
    "silence_rate_30dB": {
        "dmean": 0.0146627565846,
        "dmean2": 0.0293685756624,
        "dvar": 0.0144475586712,
        "dvar2": 0.0343795903027,
        "max": 1,
        "mean": 0.96925330162,
        "median": 1,
        "min": 0,
        "var": 0.0298016630113
    },
    "silence_rate_60dB": {
        "dmean": 0.00293255131692,
        "dmean2": 0.00587371503934,
        "dvar": 0.00292393518612,
        "dvar2": 0.00583917088807,
        "max": 1,
        "mean": 0.065885797143,
        "median": 0,
        "min": 0,
        "var": 0.0615450590849
    },
    "spectral_centroid": {
        "dmean": 86.3830032349,
        "dmean2": 139.912918091,
        "dvar": 102209.992188,
        "dvar2": 120219.445312,
        "max": 11149.4248047,
        "mean": 515.746887207,
        "median": 457.721893311,
        "min": 216.64805603,
        "var": 268235.8125
    },
    "spectral_complexity": {
        "dmean": 1.91788852215,
        "dmean2": 3.24229073524,
        "dvar": 2.86423158646,
        "dvar2": 8.06610107422,
        "max": 34,
        "mean": 13.6617860794,
        "median": 12,
        "min": 0,
        "var": 62.4170417786
    },
    "spectral_crest": {
        "dmean": 3.20088434219,
        "dmean2": 5.66425085068,
        "dvar": 6.39762544632,
        "dvar2": 19.6730308533,
        "max": 21.1603717804,
        "mean": 10.6825246811,
        "median": 10.2104206085,
        "min": 3.92716670036,
        "var": 11.0084676743
    },
    "spectral_decrease": {
        "dmean": 2.87793255893e-09,
        "dmean2": 5.05921837757e-09,
        "dvar": 1.06670556545e-17,
        "dvar2": 3.28436131943e-17,
        "max": 4.59899172765e-21,
        "mean": -8.68092708828e-09,
        "median": -6.60472609937e-09,
        "min": -4.6523876307e-08,
        "var": 5.39767278862e-17
    },
    "spectral_energy": {
        "dmean": 0.0110050262883,
        "dmean2": 0.0193617474288,
        "dvar": 0.000156329857418,
        "dvar2": 0.000480173999676,
        "max": 0.178758502007,
        "mean": 0.0336925759912,
        "median": 0.0255380049348,
        "min": 1.11688543558e-20,
        "var": 0.000815288280137
    },
    "spectral_energyband_high": {
        "dmean": 4.86855424242e-06,
        "dmean2": 8.14277609607e-06,
        "dvar": 7.70654234872e-11,
        "dvar2": 2.08222300513e-10,
        "max": 0.000161826959811,
        "mean": 2.31275535043e-05,
        "median": 6.3424245127e-06,
        "min": 8.17879111968e-21,
        "var": 1.21295806732e-09
    },
    "spectral_energyband_low": {
        "dmean": 0.00924772769213,
        "dmean2": 0.0161415487528,
        "dvar": 0.000134032845381,
        "dvar2": 0.000416006630985,
        "max": 0.147186815739,
        "mean": 0.0166512411088,
        "median": 0.0109805148095,
        "min": 7.98036241073e-23,
        "var": 0.000309447495965
    },
    "spectral_energyband_middle_high": {
        "dmean": 0.000581616419367,
        "dmean2": 0.000946547836065,
        "dvar": 1.0899307199e-06,
        "dvar2": 2.71914336736e-06,
        "max": 0.013632052578,
        "mean": 0.00238929642364,
        "median": 0.000709995860234,
        "min": 1.61410947751e-21,
        "var": 9.43160648603e-06
    },
    "spectral_energyband_middle_low": {
        "dmean": 0.00561724137515,
        "dmean2": 0.00956954900175,
        "dvar": 7.05242709955e-05,
        "dvar2": 0.00019133387832,
        "max": 0.1166106686,
        "mean": 0.0158224850893,
        "median": 0.00949615146965,
        "min": 3.6802476638e-22,
        "var": 0.000259937456576
    },
    "spectral_flatness_db": {
        "dmean": 0.0218288227916,
        "dmean2": 0.0368973985314,
        "dvar": 0.000304557790514,
        "dvar2": 0.000861365697347,
        "max": 0.378729552031,
        "mean": 0.254202336073,
        "median": 0.25016951561,
        "min": 0.0520871765912,
        "var": 0.00307091861032
    },
    "spectral_flux": {
        "dmean": 0.0181779097766,
        "dmean2": 0.0297238584608,
        "dvar": 0.000255457591265,
        "dvar2": 0.000662269711029,
        "max": 0.280917644501,
        "mean": 0.0899717435241,
        "median": 0.0807302296162,
        "min": 1.05682802787e-10,
        "var": 0.00217845384032
    },
    "spectral_kurtosis": {
        "dmean": 9.28358364105,
        "dmean2": 16.1383571625,
        "dvar": 75.1944198608,
        "dvar2": 228.539001465,
        "max": 92.6585998535,
        "mean": 22.5240287781,
        "median": 17.8345870972,
        "min": -1.17328357697,
        "var": 269.178039551
    },
    "spectral_rms": {
        "dmean": 0.000888899434358,
        "dmean2": 0.0015475024702,
        "dvar": 6.14597297499e-07,
        "dvar2": 1.91734739019e-06,
        "max": 0.0132060041651,
        "mean": 0.00521554565057,
        "median": 0.00499150529504,
        "min": 3.30097602898e-12,
        "var": 5.66886728848e-06
    },
    "spectral_rolloff": {
        "dmean": 165.445602417,
        "dmean2": 291.72555542,
        "dvar": 851726.375,
        "dvar2": 1601656.25,
        "max": 19358.3496094,
        "mean": 588.238769531,
        "median": 366.064453125,
        "min": 107.666015625,
        "var": 2779772
    },
    "spectral_skewness": {
        "dmean": 0.614842474461,
        "dmean2": 1.06874597073,
        "dvar": 0.267754405737,
        "dvar2": 0.789805054665,
        "max": 8.08435726166,
        "mean": 3.12696623802,
        "median": 2.84893488884,
        "min": -0.00768124498427,
        "var": 1.65573763847
    },
    "spectral_spread": {
        "dmean": 246054.421875,
        "dmean2": 378412.9375,
        "dvar": 1.2931161129e+12,
        "dvar2": 1.27845859328e+12,
        "max": 39071456,
        "mean": 1937307.5,
        "median": 1805585,
        "min": 856365.8125,
        "var": 2.89231391949e+12
    },
    "spectral_strongpeak": {
        "dmean": 0.26366969943,
        "dmean2": 0.464108556509,
        "dvar": 0.12426584214,
        "dvar2": 0.36355650425,
        "max": 3.49323153496,
        "mean": 0.426123917103,
        "median": 0.241398587823,
        "min": 0,
        "var": 0.244447514415
    },
    "zerocrossingrate": {
        "dmean": 0.00388047564775,
        "dmean2": 0.00547434249893,
        "dvar": 0.000361112266546,
        "dvar2": 0.000505602278281,
        "max": 0.51220703125,
        "mean": 0.0222550444305,
        "median": 0.01611328125,
        "min": 0.0048828125,
        "var": 0.00190774502698
    },
    "barkbands": {
        "dmean": [0.000927420856897, 0.00645051058382, 0.00352159584872, 0.00141596235335, 0.00253564654849, 0.00319546507671, 0.00179240503348, 0.000301452615531, 0.000721902993973, 0.000199838905246, 0.000425225473009, 9.06126224436e-05, 0.000159680916113, 7.97117972979e-05, 7.5375988672e-05, 6.58026401652e-05, 5.32033736818e-05, 2.80973636109e-05, 2.13425973925e-05, 7.76220986154e-06, 2.609535386e-06, 8.94282720765e-07, 2.09877498492e-07, 7.47875006368e-08, 4.11265972389e-08, 1.64704641037e-08, 4.41668301931e-09],
        "dmean2": [0.00166825659107, 0.0111461747438, 0.00592457363382, 0.00245040212758, 0.00418386608362, 0.00582684157416, 0.00302946264856, 0.000453762273537, 0.00113047997002, 0.000326628476614, 0.000688287022058, 0.000158405688126, 0.000259062362602, 0.000138579227496, 0.000132091983687, 0.000106473467895, 8.82947497303e-05, 4.91293321829e-05, 3.57149474439e-05, 1.36365388244e-05, 4.41915244664e-06, 1.58779164394e-06, 3.42199086845e-07, 1.27012285134e-07, 6.66807125072e-08, 2.80962435539e-08, 7.46112949201e-09],
        "dvar": [1.65084418313e-06, 6.26149121672e-05, 3.21512125083e-05, 8.0499539763e-06, 2.59474600171e-05, 2.84049201582e-05, 1.16979645099e-05, 1.55642950972e-07, 1.61728394232e-06, 1.53563519234e-07, 5.70847930703e-07, 3.19100834645e-08, 8.5352297674e-08, 2.6255079888e-08, 2.33174137776e-08, 1.45793084272e-08, 1.00764125932e-08, 2.93852808753e-09, 2.52252840838e-09, 2.77845912944e-10, 2.95948751616e-11, 2.98988503226e-12, 1.78800008653e-13, 2.1439638869e-14, 5.81263866317e-15, 9.71244505618e-16, 5.90701983872e-17],
        "dvar2": [5.46104047316e-06, 0.000190907157958, 9.07024805201e-05, 2.39315522776e-05, 7.3683251685e-05, 0.000100751371065, 3.20543440466e-05, 3.37239526971e-07, 3.63188519259e-06, 3.72832346329e-07, 1.41022439948e-06, 9.31989987407e-08, 2.18390013629e-07, 6.81933443047e-08, 7.00638693729e-08, 3.89225824904e-08, 2.93710957777e-08, 8.7212104205e-09, 6.73948408192e-09, 7.95450372237e-10, 8.52044615418e-11, 8.71606259389e-12, 4.84186692476e-13, 5.8372760564e-14, 1.55803409725e-14, 2.71063672132e-15, 1.63946257731e-16],
        "max": [0.0128435064107, 0.065634444356, 0.0958440601826, 0.0381519794464, 0.0770802944899, 0.0394265241921, 0.0425739064813, 0.00581519771367, 0.0200066380203, 0.00625760387629, 0.00732076447457, 0.00287787639536, 0.00317339249887, 0.00200821971521, 0.00147727818694, 0.00152712780982, 0.00118727143854, 0.000549199059606, 0.000720024923794, 0.000219223671593, 7.10248568794e-05, 2.41452271439e-05, 7.2947937042e-06, 2.16925582208e-06, 1.20510060242e-06, 4.79130790154e-07, 7.42310533042e-08],
        "mean": [0.00100618298166, 0.0095965526998, 0.00488845724612, 0.00192709825933, 0.00426257075742, 0.00445820530877, 0.00266867922619, 0.000669786531944, 0.00179189350456, 0.000340326630976, 0.000832769321278, 0.000181577139301, 0.000340637809131, 0.000166059457115, 0.000149690138642, 0.00014538866526, 0.000114235728688, 6.07370129728e-05, 5.57040548301e-05, 2.33151495195e-05, 8.6003128672e-06, 2.8508509331e-06, 7.80661878252e-07, 3.12024468485e-07, 1.62582395546e-07, 7.34283247539e-08, 9.03051589063e-09],
        "median": [0.00051759253256, 0.00623645447195, 0.00229114410467, 0.000802694063168, 0.00223020697013, 0.00214754184708, 0.000886720197741, 0.000394294358557, 0.000593973090872, 0.000108551044832, 0.000172052124981, 6.32800074527e-05, 8.69887080626e-05, 4.93733496114e-05, 4.60981536889e-05, 3.87401705666e-05, 4.34029279859e-05, 1.7770427803e-05, 1.00281604318e-05, 6.8874360295e-06, 1.57774752552e-06, 6.62632771764e-07, 2.73072942036e-07, 1.14855474465e-07, 5.85579194023e-08, 3.01201232844e-08, 3.8457343976e-09],
        "min": [1.4373052004e-23, 2.41692608314e-23, 1.46171981433e-23, 6.69342104084e-23, 1.84750798018e-23, 4.95088536137e-23, 1.24949950697e-22, 2.63364415983e-23, 4.41085548257e-23, 8.034771094e-23, 1.88212884494e-22, 4.73221406507e-23, 6.04575929568e-23, 1.65497628418e-22, 1.44139995648e-22, 1.26714323309e-22, 1.15672580421e-22, 3.32830967716e-22, 2.02823711797e-22, 3.58893871796e-22, 6.13880499769e-22, 5.51761426906e-22, 5.96795514366e-22, 7.17132824957e-22, 1.45557413349e-21, 1.60113318263e-21, 2.66865085962e-21],
        "var": [1.79568132808e-06, 0.000102118188806, 6.23409432592e-05, 1.16517685456e-05, 4.17558367189e-05, 3.70034431398e-05, 1.6501524442e-05, 5.69562132569e-07, 9.81947414402e-06, 3.01485300724e-07, 1.67753069036e-06, 9.52630614393e-08, 2.87470697913e-07, 6.72663205137e-08, 5.72419338596e-08, 4.86931845955e-08, 2.8498210014e-08, 8.56484039247e-09, 8.74401884232e-09, 1.27684363083e-09, 2.04060837672e-10, 1.81248141495e-11, 1.29696958468e-12, 1.9998385543e-13, 5.60730999935e-14, 9.53204630841e-15, 1.5932495185e-16]
    },
    "erbbands": {
        "dmean": [0.231206536293, 1.44048655033, 3.40858650208, 5.27449035645, 6.92313814163, 8.92256069183, 11.3847579956, 34.3204345703, 28.2593364716, 10.1319770813, 7.76792383194, 18.8625183105, 6.8494811058, 5.9364824295, 17.3822383881, 3.6396086216, 7.41880083084, 2.90464615822, 5.03151941299, 3.35540103912, 3.30780005455, 2.36987066269, 1.75395131111, 1.12920761108, 0.936031758785, 0.351931393147, 0.163392618299, 0.0912623181939, 0.0371213555336, 0.0135053079575, 0.00560088036582, 0.00229383655824, 0.00105659279507, 0.000542877649423, 0.000297488149954, 9.55662690103e-05, 3.31628398271e-05, 9.68670428847e-06, 4.90366755912e-06, 1.19552623801e-05],
        "dmean2": [0.410138696432, 2.500467062, 5.75271368027, 9.47308444977, 11.9258871078, 14.2904825211, 20.6951599121, 62.5366973877, 47.5736579895, 16.3107566833, 12.0618591309, 29.1611423492, 11.0114192963, 9.46799182892, 27.8450069427, 6.258852005, 11.7575883865, 4.90040016174, 8.79155254364, 5.75411176682, 5.38230895996, 3.99103069305, 3.05213928223, 1.94140088558, 1.57282042503, 0.605152845383, 0.273564368486, 0.156916171312, 0.0658863633871, 0.0229810234159, 0.00943196751177, 0.00383473187685, 0.00177142908797, 0.000899611914065, 0.000498928595334, 0.000161668940564, 5.45372095075e-05, 1.56572641572e-05, 8.62128490553e-06, 2.10504040297e-05],
        "dvar": [0.101618759334, 2.94650197029, 21.9952640533, 112.087051392, 226.790023804, 301.421356201, 300.628448486, 3325.30981445, 3333.76879883, 311.575134277, 134.151199341, 1135.67626953, 122.290496826, 101.678001404, 1057.00183105, 63.1169700623, 189.842971802, 27.7389659882, 101.226112366, 39.7202720642, 42.5666885376, 23.9076843262, 11.2980270386, 7.32356357574, 3.9589509964, 0.535877466202, 0.0924244225025, 0.0414225496352, 0.00510110612959, 0.00077168509597, 0.000136866714456, 1.83270294656e-05, 4.04488810091e-06, 1.02833462279e-06, 3.53669321385e-07, 2.6374836537e-08, 3.68202557333e-09, 3.03541941582e-10, 3.10688280658e-11, 1.84987927754e-10],
        "dvar2": [0.328166216612, 8.41958332062, 62.3600921631, 340.977935791, 666.568664551, 790.395080566, 975.259643555, 11947.2324219, 8882.11035156, 843.428894043, 288.969268799, 2493.49316406, 290.979797363, 246.925048828, 2519.12939453, 180.455551147, 472.19039917, 79.5211715698, 297.742553711, 111.712471008, 122.251159668, 70.5035095215, 32.311126709, 19.7965221405, 10.8086671829, 1.5015181303, 0.268565833569, 0.119305640459, 0.0147374942899, 0.00226293830201, 0.000367406348232, 5.12660189997e-05, 1.08000695036e-05, 2.92084564535e-06, 1.00310194284e-06, 7.64097620731e-08, 1.04183053296e-08, 8.38141667181e-10, 9.58275819807e-11, 5.66849844841e-10],
        "max": [3.43453645706, 13.4918985367, 72.6330566406, 120.715812683, 198.151351929, 258.305541992, 130.483551025, 418.056518555, 760.178222656, 235.240936279, 201.793563843, 544.674194336, 161.178421021, 135.559280396, 336.116973877, 132.224884033, 155.946594238, 74.659828186, 101.676460266, 79.2894668579, 75.7213134766, 64.7746124268, 33.8090248108, 37.2118225098, 23.2780570984, 10.6718387604, 4.17197751999, 3.09791970253, 0.929529130459, 0.385859549046, 0.184815019369, 0.0648633763194, 0.0352227166295, 0.0147808641195, 0.00858558993787, 0.00256376038305, 0.000868190603796, 0.000229294149904, 8.40381835587e-05, 0.000195763816009],
        "mean": [0.313787221909, 1.99986064434, 5.21088075638, 7.18111944199, 10.5436420441, 15.4808235168, 16.9529514313, 45.8811416626, 42.0454063416, 22.5785446167, 18.5815258026, 46.2306785583, 16.582988739, 14.2303056717, 33.3069801331, 8.85953044891, 15.7047977448, 8.31343269348, 10.4381132126, 7.7584810257, 7.66717672348, 5.65682697296, 4.00587844849, 2.66456532478, 2.38670563698, 1.16370916367, 0.539427280426, 0.281677216291, 0.115509279072, 0.0461010634899, 0.0208413284272, 0.0091298436746, 0.00425740797073, 0.00204732269049, 0.00107283110265, 0.000370966125047, 0.000138504561619, 3.18388047162e-05, 1.64999582921e-05, 3.73406983272e-05],
        "median": [0.17943418026, 1.24660885334, 2.90892410278, 3.03393292427, 5.10649108887, 8.49990653992, 9.33481311798, 20.8195323944, 16.2344474792, 9.97566699982, 9.65783405304, 15.0238189697, 6.6214299202, 4.42634725571, 6.05168104172, 3.18391871452, 4.07971763611, 2.4639582634, 3.30554556847, 2.32668280602, 2.37466430664, 1.95158028603, 1.35411083698, 0.559255123138, 0.49562934041, 0.326139986515, 0.137007683516, 0.050470083952, 0.0269216038287, 0.0133288512006, 0.00694561982527, 0.00336256460287, 0.00145936582703, 0.000726351805497, 0.000375840638299, 0.000143509649206, 6.03287335252e-05, 1.31818633236e-05, 1.23475456348e-05, 2.8134241802e-05],
        "min": [1.34783264702e-21, 3.2902647711e-21, 1.31307749036e-20, 1.3177199123e-19, 1.24125469024e-19, 5.0098707556e-20, 1.70689081292e-19, 5.194004585e-19, 1.03496889941e-18, 1.93350573052e-18, 7.34960314011e-19, 8.14159187049e-19, 2.36889596825e-18, 4.63871679222e-18, 6.16328303946e-18, 1.83765886538e-18, 2.40886988494e-18, 7.28250224882e-18, 5.29169606291e-18, 9.81619616974e-18, 7.18327448972e-18, 7.53297915575e-18, 1.24765893451e-17, 1.67907126067e-17, 1.20664781605e-17, 1.69587328415e-17, 1.66306382689e-17, 2.70519989476e-17, 1.88592365471e-17, 2.13343693894e-17, 1.69912823986e-17, 1.59709898546e-17, 1.13354175895e-17, 1.29714699989e-17, 1.07965772492e-17, 5.10306951833e-18, 3.28028294678e-18, 1.51555731979e-18, 3.65752926338e-19, 3.93456083932e-20],
        "var": [0.152451828122, 4.60836362839, 46.7209815979, 165.314117432, 298.264648438, 545.320617676, 416.862091064, 4254.55029297, 4318.16162109, 1059.6529541, 572.000244141, 6738.67431641, 585.179748535, 365.714385986, 2967.0769043, 203.420043945, 631.639770508, 143.357772827, 260.742614746, 134.077163696, 137.9269104, 73.5297317505, 35.1056060791, 20.3043880463, 14.9281673431, 3.07682991028, 0.724256336689, 0.225077748299, 0.0310548748821, 0.00473065720871, 0.000932524271775, 0.000166237121448, 3.71072601411e-05, 8.45717568154e-06, 2.5640797503e-06, 2.48954194149e-07, 3.19819868366e-08, 1.81484927086e-09, 2.01749533746e-10, 1.00658148483e-09]
    },
    "gfcc": {
        "mean": [-113.576721191, 202.769073486, -109.323913574, 14.4216547012, -30.8948459625, -8.66456127167, -19.590675354, -3.67353010178, -6.92853593826, -3.67940759659, -2.77760672569, -4.57721042633, 0.344082713127],
        "cov": [[20152.0898438, 1391.93823242, -3098.17480469, 567.696960449, -414.100616455, -464.421173096, 217.076034546, 189.579025269, -196.991973877, 42.7922668457, 35.4986305237, 39.1503829956, 36.515914917], [1391.93823242, 884.021606445, 125.533828735, -114.948486328, 23.9771060944, -7.10170555115, -39.9488792419, -78.6631469727, 70.8525772095, -58.8700637817, 22.5925827026, -53.1686210632, 34.6997947693], [-3098.17480469, 125.533828735, 841.457641602, -90.6511154175, 160.367538452, 142.61390686, -89.6769104004, -96.1229171753, 51.7728996277, -38.4747886658, -10.118891716, -37.6829681396, 14.2657194138], [567.696960449, -114.948486328, -90.6511154175, 162.353744507, 53.1766853333, 8.08310127258, 26.2653274536, 22.4733867645, -23.4183654785, 8.51532173157, -16.3211956024, -8.47472763062, -5.33257007599], [-414.100616455, 23.9771060944, 160.367538452, 53.1766853333, 106.892860413, 59.1723556519, 5.26195907593, -13.0754899979, 10.1406764984, -11.3176002502, -8.30408668518, -21.9399604797, 1.17429077625], [-464.421173096, -7.10170555115, 142.61390686, 8.08310127258, 59.1723556519, 73.4456787109, -3.21329593658, -18.5487041473, 0.162922918797, -7.90517663956, -10.0823879242, -9.7127199173, -1.39997303486], [217.076034546, -39.9488792419, -89.6769104004, 26.2653274536, 5.26195907593, -3.21329593658, 75.0975494385, 48.5297622681, 17.049665451, 7.11922931671, 7.76489162445, -2.2952337265, -7.5046005249], [189.579025269, -78.6631469727, -96.1229171753, 22.4733867645, -13.0754899979, -18.5487041473, 48.5297622681, 66.4820785522, 15.9565963745, 17.0707359314, 5.1815237999, 5.14829206467, -8.75205039978], [-196.991973877, 70.8525772095, 51.7728996277, -23.4183654785, 10.1406764984, 0.162922918797, 17.049665451, 15.9565963745, 52.7666435242, 9.14041996002, 14.8514604568, -6.22779035568, 3.02985572815], [42.7922668457, -58.8700637817, -38.4747886658, 8.51532173157, -11.3176002502, -7.90517663956, 7.11922931671, 17.0707359314, 9.14041996002, 37.8982048035, 15.6312427521, 11.7503976822, -3.08097267151], [35.4986305237, 22.5925827026, -10.118891716, -16.3211956024, -8.30408668518, -10.0823879242, 7.76489162445, 5.1815237999, 14.8514604568, 15.6312427521, 35.1016273499, 15.6682138443, 7.81307935715], [39.1503829956, -53.1686210632, -37.6829681396, -8.47472763062, -21.9399604797, -9.7127199173, -2.2952337265, 5.14829206467, -6.22779035568, 11.7503976822, 15.6682138443, 37.2837944031, 11.5754804611], [36.515914917, 34.6997947693, 14.2657194138, -5.33257007599, 1.17429077625, -1.39997303486, -7.5046005249, -8.75205039978, 3.02985572815, -3.08097267151, 7.81307935715, 11.5754804611, 30.7584457397]],
        "icov": [[0.00037446373608, -0.00114377611317, 0.00132420158479, -0.00135919696186, 0.000526673393324, -0.000846153008752, 0.000507267483044, -0.000648757268209, 0.00101486267522, -0.000483247160446, -3.23910062434e-05, -0.000415869581047, -0.000107117331936], [-0.00114377611317, 0.00581579003483, -0.00322736823, 0.00521677313372, -0.00263444543816, 0.00303207570687, -0.000440744363004, 0.00434944685549, -0.0067310705781, 0.00489438930526, -0.0025819838047, 0.00490500451997, -0.00146999116987], [0.00132420158479, -0.00322736823, 0.00850853230804, -0.00188027764671, -0.00321972486563, -0.00590263819322, 0.0063646058552, -0.00154843158089, -0.000644654093776, 0.00041651178617, -0.000947464839555, -0.000239550921833, -0.000800795329269], [-0.00135919696186, 0.00521677313372, -0.00188027764671, 0.0206294171512, -0.0179469250143, 0.00838990882039, -0.002214578446, 0.000205809017643, 0.0027733379975, -0.00444049807265, 0.00553532829508, 0.00348132965155, -0.00267194653861], [0.000526673393324, -0.00263444543816, -0.00321972486563, -0.0179469250143, 0.038436640054, -0.0191713497043, -0.00334586179815, 0.000659289944451, -0.00360852479935, 0.0054582869634, -0.00751541182399, 0.00718054454774, -0.00213121203706], [-0.000846153008752, 0.00303207570687, -0.00590263819322, 0.00838990882039, -0.0191713497043, 0.0365760885179, -0.0101571027189, 0.00906305387616, 0.00355544639751, -0.00598505046219, 0.0109876459464, -0.00541125889868, 0.0025691378396], [0.000507267483044, -0.000440744363004, 0.0063646058552, -0.002214578446, -0.00334586179815, -0.0101571027189, 0.0366429202259, -0.0227707717568, -0.00670207990333, 0.0112521871924, -0.0130242127925, 0.00587314134464, 0.00157104770187], [-0.000648757268209, 0.00434944685549, -0.00154843158089, 0.000205809017643, 0.000659289944451, 0.00906305387616, -0.0227707717568, 0.0445554256439, -0.0154621722177, -0.00580721255392, 0.0092745013535, -0.00558432238176, 0.00481385644525], [0.00101486267522, -0.0067310705781, -0.000644654093776, 0.0027733379975, -0.00360852479935, 0.00355544639751, -0.00670207990333, -0.0154621722177, 0.046963468194, -0.0165885295719, -0.00606844574213, 0.00734981242567, -0.00607895618305], [-0.000483247160446, 0.00489438930526, 0.00041651178617, -0.00444049807265, 0.0054582869634, -0.00598505046219, 0.0112521871924, -0.00580721255392, -0.0165885295719, 0.0518280602992, -0.0238427147269, -0.00157797441352, 0.00817703735083], [-3.23910062434e-05, -0.0025819838047, -0.000947464839555, 0.00553532829508, -0.00751541182399, 0.0109876459464, -0.0130242127925, 0.0092745013535, -0.00606844574213, -0.0238427147269, 0.0603671967983, -0.024875799194, -0.00316428951919], [-0.000415869581047, 0.00490500451997, -0.000239550921833, 0.00348132965155, 0.00718054454774, -0.00541125889868, 0.00587314134464, -0.00558432238176, 0.00734981242567, -0.00157797441352, -0.024875799194, 0.0575141757727, -0.021209442988], [-0.000107117331936, -0.00146999116987, -0.000800795329269, -0.00267194653861, -0.00213121203706, 0.0025691378396, 0.00157104770187, 0.00481385644525, -0.00607895618305, 0.00817703735083, -0.00316428951919, -0.021209442988, 0.0463599488139]]
    },
    "melbands": {
        "dmean": [0.00185806432273, 0.00173419027124, 0.000792062084656, 0.000692912668455, 0.000359305966413, 0.000705140468199, 0.000404155842261, 9.23765910557e-05, 7.43487034924e-05, 0.000117700270494, 3.58866127499e-05, 2.50190350926e-05, 6.11503492109e-05, 1.83874253707e-05, 1.149968557e-05, 1.66349909705e-05, 4.98815870742e-06, 9.4243678177e-06, 5.29323961018e-06, 5.22753407495e-06, 4.55998906546e-06, 3.19051559927e-06, 2.08873848351e-06, 1.22683331938e-06, 1.03686863895e-06, 7.64840194734e-07, 5.39999462035e-07, 2.34702682178e-07, 1.414426265e-07, 7.59519735993e-08, 5.38755742241e-08, 2.86257009208e-08, 1.35057920403e-08, 7.22295601108e-09, 4.16844470053e-09, 2.36831332323e-09, 1.33204369757e-09, 9.76397296348e-10, 7.43053230057e-10, 4.93056651063e-10],
        "dmean2": [0.00326331006363, 0.00291063752957, 0.00140120636206, 0.00112831231672, 0.000654016912449, 0.00128552340902, 0.000685137696564, 0.000146642138134, 0.000116254348541, 0.000181968454854, 5.78203726036e-05, 3.96846407966e-05, 9.94226575131e-05, 3.01122126984e-05, 1.83645370271e-05, 2.78998322756e-05, 8.24287144496e-06, 1.63669010362e-05, 9.12667746888e-06, 8.43619363877e-06, 7.67614892538e-06, 5.35204117114e-06, 3.7098982375e-06, 2.14184728975e-06, 1.76750734227e-06, 1.3387391391e-06, 8.96546339391e-07, 4.02000495114e-07, 2.33457186027e-07, 1.27684984363e-07, 9.4255746319e-08, 5.08469142346e-08, 2.30622312358e-08, 1.23550343289e-08, 7.05593850014e-09, 4.07004741021e-09, 2.24552931805e-09, 1.68074121287e-09, 1.28697097423e-09, 8.2219997477e-10],
        "dvar": [5.85381440033e-06, 4.71122575618e-06, 2.31733861256e-06, 1.95476832232e-06, 2.95295791375e-07, 1.38290818086e-06, 6.22346306045e-07, 2.48921185886e-08, 1.30595863013e-08, 4.65964227203e-08, 3.4040712471e-09, 1.89937732209e-09, 1.22119079293e-08, 1.47113288218e-09, 4.4600709237e-10, 9.20607701183e-10, 8.35900307306e-11, 3.54144880088e-10, 1.13640014066e-10, 8.57440507485e-11, 8.98007987415e-11, 4.5186354658e-11, 1.49324146798e-11, 5.61740020819e-12, 6.29720277659e-12, 2.82114739555e-12, 1.13702786336e-12, 2.28491867354e-13, 7.61656498505e-14, 2.52403739592e-14, 1.39076491073e-14, 2.95024137803e-15, 7.59957060304e-16, 2.11748734163e-16, 8.14515947979e-17, 1.95580420373e-17, 6.67537525385e-18, 3.64414046629e-18, 2.21822729442e-18, 8.52365005182e-19],
        "dvar2": [1.85257667908e-05, 1.34829469971e-05, 6.83954476699e-06, 5.44313479622e-06, 9.67952018982e-07, 4.9197556109e-06, 1.69326119703e-06, 6.77306246644e-08, 2.97368796254e-08, 9.98975622224e-08, 8.19370882255e-09, 4.60834437277e-09, 3.04810967577e-08, 3.74453668073e-09, 1.08209818883e-09, 2.47065701231e-09, 2.29871274793e-10, 1.00460850749e-09, 3.35926730877e-10, 2.17773840627e-10, 2.64689575813e-10, 1.3237161367e-10, 4.43249499604e-11, 1.57600616585e-11, 1.71183102415e-11, 8.17202989306e-12, 3.02157582809e-12, 6.59881329267e-13, 2.22545167516e-13, 7.28071100045e-14, 4.02172056508e-14, 8.54430170686e-15, 2.27463815842e-15, 6.26969340635e-16, 2.18146453423e-16, 5.74620136926e-17, 1.79112015383e-17, 1.0355146525e-17, 6.40886965461e-18, 2.50875401186e-18],
        "max": [0.0238849390298, 0.0297281388193, 0.0179042108357, 0.0215608216822, 0.00469401152804, 0.00852871965617, 0.0100851245224, 0.00215418054722, 0.00170203228481, 0.00372392544523, 0.000722927798051, 0.000677466217894, 0.00094531767536, 0.00049984396901, 0.000285422953311, 0.000379460980184, 0.0001517579949, 0.000201740142074, 0.00011446892313, 0.000111486617243, 0.000113160109322, 8.36676554172e-05, 5.03077390022e-05, 2.37031508732e-05, 3.38957397616e-05, 2.23132938117e-05, 1.34631663968e-05, 6.10097913523e-06, 3.36181233251e-06, 1.91345543499e-06, 1.66327947682e-06, 6.23944231393e-07, 3.51550198729e-07, 1.92448027292e-07, 1.15642990295e-07, 6.4123582888e-08, 3.34563807769e-08, 2.74976041936e-08, 2.02747738598e-08, 1.20542447135e-08],
        "mean": [0.00275432458147, 0.00278968922794, 0.00125687394757, 0.00109295290895, 0.000575654092245, 0.000977861811407, 0.000610379327554, 0.000207126620808, 0.000162268479471, 0.000291821314022, 7.60864641052e-05, 5.3361432947e-05, 0.00011688212544, 3.67257161997e-05, 2.41075722442e-05, 3.30771836161e-05, 1.33981293402e-05, 1.77878009708e-05, 1.05138815343e-05, 1.06637216959e-05, 8.87430815055e-06, 6.54399309497e-06, 4.42153896074e-06, 2.64851405518e-06, 2.12501390706e-06, 1.76541198016e-06, 1.37841107062e-06, 6.45665920729e-07, 3.83033125217e-07, 2.15597893316e-07, 1.39960974366e-07, 7.20892572303e-08, 3.6602624931e-08, 2.02551380113e-08, 1.26486980889e-08, 8.18334999764e-09, 4.4162926649e-09, 2.99226043943e-09, 2.40168351873e-09, 1.44287737314e-09],
        "median": [0.00177987688221, 0.00173540506512, 0.000585112138651, 0.000548941316083, 0.000343244435498, 0.000457748479676, 0.000230514575378, 8.98357466212e-05, 8.68780189194e-05, 8.98496655282e-05, 2.87252096314e-05, 1.67897669598e-05, 2.31159501709e-05, 9.51082347456e-06, 7.02411489328e-06, 8.38461892272e-06, 3.89777778764e-06, 5.76781940254e-06, 3.20564072354e-06, 3.22047981172e-06, 2.55848408415e-06, 1.95594998331e-06, 1.84070108844e-06, 7.53896415517e-07, 4.21153174557e-07, 3.24794058315e-07, 3.19602889931e-07, 1.85025015753e-07, 9.84049037811e-08, 3.87179568406e-08, 2.21231477582e-08, 1.67364575532e-08, 9.31442389884e-09, 5.70248603893e-09, 4.12771861136e-09, 2.936111132e-09, 1.6580216089e-09, 1.0463463429e-09, 7.62571894519e-10, 5.21993004376e-10],
        "min": [9.63962703745e-24, 5.13430909024e-24, 2.39043108523e-23, 4.77227044969e-24, 4.98288329518e-24, 1.04488784193e-23, 2.05650815732e-23, 1.84813102252e-23, 5.94908486506e-24, 5.33053429611e-24, 1.12551273966e-23, 1.69263391633e-23, 2.46116950478e-23, 6.5083955299e-24, 5.67966362238e-24, 4.71104103838e-24, 1.60975871398e-23, 8.72295094406e-24, 1.2652703353e-23, 1.10848509814e-23, 7.81868915474e-24, 7.14743005554e-24, 9.76677642701e-24, 1.36753676422e-23, 1.37785948248e-23, 7.8987285599e-24, 1.04891308359e-23, 1.15716807118e-23, 8.2528734638e-24, 1.52654240818e-23, 1.54538797966e-23, 9.55655209552e-24, 1.2415712971e-23, 1.17670847135e-23, 1.02247693471e-23, 8.19088950704e-24, 1.05388164512e-23, 6.7286190678e-24, 1.0367206861e-23, 1.13374387212e-23],
