{
"metadata": {
    "version": {
        "essentia": "2.0.1",
        "extractor": "archive-music 1.0"
    },
    "audio_properties": {
        "analysis_sample_rate": 44100,
        "bitrate": 128,
        "channels": 2,
        "equal_loudness": 0,
        "length": 16.7444896698,
        "replay_gain": 6.37516212463,
        "downmix": "mix"
    },
    "tags": {
        "track": 0,
        "year": 0,
        "album": "",
        "artist": "",
        "comment": "",
        "genre": "",
        "title": ""
    }
},
"highlevel": {
    "culture": {
        "all": {
            "non_western": 0.525755107403,
            "western": 0.474244892597
        },
        "probability": 0.525755107403,
        "value": "non_western"
    },
    "danceability": {
        "all": {
            "danceable": 0.753212928772,
            "not_danceable": 0.246787056327
        },
        "probability": 0.753212928772,
        "value": "danceable"
    },
    "gender": {
        "all": {
            "female": 0.818475306034,
            "male": 0.181524693966
        },
        "probability": 0.818475306034,
        "value": "female"
    },
    "genre_dortmund": {
        "all": {
            "alternative": 0.0153660122305,
            "blues": 0.0237630531192,
            "electronic": 0.205134451389,
            "folkcountry": 0.00570700317621,
            "funksoulrnb": 0.0360425636172,
            "jazz": 0.501176536083,
            "pop": 0.00781636778265,
            "raphiphop": 0.187888517976,
            "rock": 0.0171055011451
        },
        "probability": 0.501176536083,
        "value": "jazz"
    },
    "genre_electronic": {
        "all": {
            "ambient": 0.936939656734,
            "dnb": 0.00831204559654,
            "house": 0.0224875751883,
            "techno": 0.0303947962821,
            "trance": 0.00186594564002
        },
        "probability": 0.936939656734,
        "value": "ambient"
    },
    "genre_rosamerica": {
        "all": {
            "cla": 0.172625139356,
            "dan": 0.0377341844141,
            "hip": 0.215136930346,
            "jaz": 0.250560045242,
            "pop": 0.0350129529834,
            "rhy": 0.224719494581,
            "roc": 0.0164727587253,
            "spe": 0.0477385222912
        },
        "probability": 0.250560045242,
        "value": "jaz"
    },
    "genre_tzanetakis": {
        "all": {
            "blu": 0.0146134020761,
            "cla": 0.126785591245,
            "cou": 0.00806370563805,
            "dis": 0.0559118688107,
            "hip": 0.290278822184,
            "jaz": 0.213377699256,
            "met": 0.00548441428691,
            "pop": 0.0353901721537,
            "reg": 0.211718738079,
            "roc": 0.0383755974472
        },
        "probability": 0.290278822184,
        "value": "hip"
    },
    "mirex_ballroom": {
        "all": {
            "ChaChaCha": 0.0378582552075,
            "Jive": 0.0161006581038,
            "Quickstep": 0.154658958316,
            "Rumba-American": 0.043610278517,
            "Rumba-International": 0.111492305994,
            "Rumba-Misc": 0.0536499582231,
            "Samba": 0.174576893449,
            "Tango": 0.303750663996,
            "VienneseWaltz": 0.0233338475227,
            "Waltz": 0.0809681788087
        },
        "probability": 0.303750663996,
        "value": "Tango"
    },
    "mood_acoustic": {
        "all": {
            "acoustic": 0.567472934723,
            "not_acoustic": 0.432527065277
        },
        "probability": 0.567472934723,
        "value": "acoustic"
    },
    "mood_aggressive": {
        "all": {
            "aggressive": 0.479567348957,
            "not_aggressive": 0.520432651043
        },
        "probability": 0.520432651043,
        "value": "not_aggressive"
    },
    "mood_electronic": {
        "all": {
            "electronic": 0.834076285362,
            "not_electronic": 0.165923714638
        },
        "probability": 0.834076285362,
        "value": "electronic"
    },
    "mood_happy": {
        "all": {
            "happy": 0.221874192357,
            "not_happy": 0.778125822544
        },
        "probability": 0.778125822544,
        "value": "not_happy"
    },
    "mood_party": {
        "all": {
            "not_party": 0.77662563324,
            "party": 0.223374336958
        },
        "probability": 0.77662563324,
        "value": "not_party"
    },
    "mood_relaxed": {
        "all": {
            "not_relaxed": 0.0725953876972,
            "relaxed": 0.927404642105
        },
        "probability": 0.927404642105,
        "value": "relaxed"
    },
    "mood_sad": {
        "all": {
            "not_sad": 0.340944081545,
            "sad": 0.659055888653
        },
        "probability": 0.659055888653,
        "value": "sad"
    },
    "moods_mirex": {
        "all": {
            "Cluster1": 0.150821328163,
            "Cluster2": 0.30327346921,
            "Cluster3": 0.175548434258,
            "Cluster4": 0.221068814397,
            "Cluster5": 0.149287939072
        },
        "probability": 0.30327346921,
        "value": "Cluster2"
    },
    "timbre": {
        "all": {
            "bright": 0.00353716523387,
            "dark": 0.99646282196
        },
        "probability": 0.99646282196,
        "value": "dark"
    },
    "tonal_atonal": {
        "all": {
            "atonal": 0.997435986996,
            "tonal": 0.00256402324885
        },
        "probability": 0.997435986996,
        "value": "atonal"
    },
    "voice_instrumental": {
        "all": {
            "instrumental": 0.9481138587,
            "voice": 0.0518861301243
        },
        "probability": 0.9481138587,
        "value": "instrumental"
    }
},
"lowlevel": {
    "average_loudness": 0.878769099712,
    "barkbands_kurtosis": {
        "dmean": 5.21259117126,
        "dmean2": 9.09638404846,
        "dvar": 59.7437782288,
        "dvar2": 165.955169678,
        "max": 84.7777862549,
        "mean": 6.12287998199,
        "median": 3.76194572449,
        "min": -1.80666983128,
        "var": 79.0494613647
    },
    "barkbands_skewness": {
        "dmean": 0.884738981724,
        "dmean2": 1.49715125561,
        "dvar": 0.667137265205,
        "dvar2": 1.6971218586,
        "max": 8.07812595367,
        "mean": 1.84743690491,
        "median": 1.83279156685,
        "min": -1.84101974964,
        "var": 1.79217791557
    },
    "barkbands_spread": {
        "dmean": 4.54634475708,
        "dmean2": 7.38462686539,
        "dvar": 27.8362350464,
        "dvar2": 60.1837501526,
        "max": 89.1595153809,
        "mean": 12.2259321213,
        "median": 7.98238039017,
        "min": 0.755297005177,
        "var": 114.511604309
    },
    "dissonance": {
        "dmean": 0.0338636115193,
        "dmean2": 0.0580311901867,
        "dvar": 0.00119993241969,
        "dvar2": 0.00290767196566,
        "max": 0.499524414539,
        "mean": 0.442722588778,
        "median": 0.451331526041,
        "min": 0.046732518822,
        "var": 0.00202975259162
    },
    "dynamic_complexity": 7.71098613739,
    "erbbands_kurtosis": {
        "dmean": 4.01104545593,
        "dmean2": 6.98540830612,
        "dvar": 85.931892395,
        "dvar2": 248.88911438,
        "max": 93.8942184448,
        "mean": 4.12961483002,
        "median": 0.32644534111,
        "min": -1.47696149349,
        "var": 105.776290894
    },
    "erbbands_skewness": {
        "dmean": 0.638777971268,
        "dmean2": 1.06682693958,
        "dvar": 0.471444964409,
        "dvar2": 1.39328122139,
        "max": 3.34859728813,
        "mean": -0.204297095537,
        "median": 0.0529249161482,
        "min": -3.50526118279,
        "var": 1.04486441612
    },
    "erbbands_spread": {
        "dmean": 6.13803291321,
        "dmean2": 10.3940191269,
        "dvar": 36.4229011536,
        "dvar2": 99.3292922974,
        "max": 51.3628501892,
        "mean": 19.8250045776,
        "median": 19.6304988861,
        "min": 1.92983579636,
        "var": 77.8070831299
    },
    "hfc": {
        "dmean": 5.36491394043,
        "dmean2": 8.93526744843,
        "dvar": 89.2032165527,
        "dvar2": 230.435684204,
        "max": 66.5819091797,
        "mean": 9.37898826599,
        "median": 2.99800658226,
        "min": 1.15157755539e-16,
        "var": 155.252288818
    },
    "melbands_kurtosis": {
        "dmean": 8.73804187775,
        "dmean2": 15.1691570282,
        "dvar": 124.552879333,
        "dvar2": 340.577301025,
        "max": 116.752296448,
        "mean": 12.3136978149,
        "median": 8.82411575317,
        "min": -1.90424287319,
        "var": 204.628158569
    },
    "melbands_skewness": {
        "dmean": 1.03317892551,
        "dmean2": 1.73046588898,
        "dvar": 0.839700520039,
        "dvar2": 2.22196364403,
        "max": 8.54781913757,
        "mean": 2.71715950966,
        "median": 2.5928850174,
        "min": -1.1190277338,
        "var": 2.25205588341
    },
    "melbands_spread": {
        "dmean": 6.39798927307,
        "dmean2": 10.4956817627,
        "dvar": 81.8482055664,
        "dvar2": 175.056121826,
        "max": 171.663970947,
        "mean": 14.4270305634,
        "median": 7.39720535278,
        "min": 0.693553268909,
        "var": 326.980621338
    },
    "pitch_salience": {
        "dmean": 0.108877167106,
        "dmean2": 0.183307364583,
        "dvar": 0.00757127907127,
        "dvar2": 0.0207887347788,
        "max": 0.946696102619,
        "mean": 0.491066038609,
        "median": 0.480191141367,
        "min": 0.126164600253,
        "var": 0.0175843778998
    },
    "silence_rate_20dB": {
        "dmean": 0.0027700830251,
        "dmean2": 0.00554785039276,
        "dvar": 0.00276240031235,
        "dvar2": 0.00829104240984,
        "max": 1,
        "mean": 0.998616874218,
        "median": 1,
        "min": 0,
        "var": 0.00138121156488
    },
    "silence_rate_30dB": {
        "dmean": 0.0720221623778,
        "dmean2": 0.144244104624,
        "dvar": 0.0668353438377,
        "dvar2": 0.165045872331,
        "max": 1,
        "mean": 0.827109277248,
        "median": 1,
        "min": 0,
        "var": 0.143000110984
    },
    "silence_rate_60dB": {
        "dmean": 0.0498614944518,
        "dmean2": 0.0998613014817,
        "dvar": 0.0473752319813,
        "dvar2": 0.100984178483,
        "max": 1,
        "mean": 0.313969582319,
        "median": 0,
        "min": 0,
        "var": 0.215392306447
    },
    "spectral_centroid": {
        "dmean": 191.958236694,
        "dmean2": 301.579986572,
        "dvar": 130479.054688,
        "dvar2": 283048.0625,
        "max": 11387.9140625,
        "mean": 692.946166992,
        "median": 484.476837158,
        "min": 147.870010376,
        "var": 538767.4375
    },
    "spectral_complexity": {
        "dmean": 2.14681434631,
        "dmean2": 3.5034673214,
        "dvar": 6.41334438324,
        "dvar2": 14.8297748566,
        "max": 27,
        "mean": 8.95020771027,
        "median": 8,
        "min": 0,
        "var": 37.4302940369
    },
    "spectral_crest": {
        "dmean": 3.35027718544,
        "dmean2": 5.6425037384,
        "dvar": 6.93138837814,
        "dvar2": 18.931394577,
        "max": 23.3822517395,
        "mean": 12.6488790512,
        "median": 12.3311624527,
        "min": 4.32102966309,
        "var": 15.0545940399
    },
    "spectral_decrease": {
        "dmean": 6.86653889304e-09,
        "dmean2": 1.18010730077e-08,
        "dvar": 2.04817767958e-16,
        "dvar2": 6.37345441299e-16,
        "max": 6.28203218897e-27,
        "mean": -1.21951027054e-08,
        "median": -3.26597171529e-09,
        "min": -1.53846642093e-07,
        "var": 3.69804896832e-16
    },
    "spectral_energy": {
        "dmean": 0.0263112559915,
        "dmean2": 0.0451768413186,
        "dvar": 0.00297261704691,
        "dvar2": 0.00924552045763,
        "max": 0.585871636868,
        "mean": 0.0468777231872,
        "median": 0.0128432884812,
        "min": 1.05712276723e-20,
        "var": 0.00540201319382
    },
    "spectral_energyband_high": {
        "dmean": 3.04048244288e-05,
        "dmean2": 4.7212903155e-05,
        "dvar": 5.33644683998e-09,
        "dvar2": 1.24916272881e-08,
        "max": 0.000460952549474,
        "mean": 2.72672114079e-05,
        "median": 2.66682832262e-06,
        "min": 7.67631605606e-21,
        "var": 5.28054178162e-09
    },
    "spectral_energyband_low": {
        "dmean": 0.0239069238305,
        "dmean2": 0.0418887212873,
        "dvar": 0.00278378394432,
        "dvar2": 0.00875913817436,
        "max": 0.557498633862,
        "mean": 0.0352072380483,
        "median": 0.00689005339518,
        "min": 1.34109525108e-23,
        "var": 0.00400366308168
    },
    "spectral_energyband_middle_high": {
        "dmean": 0.00232535973191,
        "dmean2": 0.00390549073927,
        "dvar": 3.03818105749e-05,
        "dvar2": 7.57153975428e-05,
        "max": 0.042031571269,
        "mean": 0.00232401536778,
        "median": 0.000585128262173,
        "min": 1.47640137406e-21,
        "var": 2.60744527623e-05
    },
    "spectral_energyband_middle_low": {
        "dmean": 0.00388418370858,
        "dmean2": 0.00587971089408,
        "dvar": 4.88278274133e-05,
        "dvar2": 0.000119028059999,
        "max": 0.102072350681,
        "mean": 0.0100172497332,
        "median": 0.00242116488516,
        "min": 3.11056892119e-22,
        "var": 0.000212076847674
    },
    "spectral_flatness_db": {
        "dmean": 0.0398501344025,
        "dmean2": 0.06451164186,
        "dvar": 0.00127258023713,
        "dvar2": 0.00333772459999,
        "max": 0.44254219532,
        "mean": 0.241637930274,
        "median": 0.238274767995,
        "min": 0.0459349229932,
        "var": 0.00455315364525
    },
    "spectral_flux": {
        "dmean": 0.0317292809486,
        "dmean2": 0.0503920018673,
        "dvar": 0.00159492075909,
        "dvar2": 0.00339786941186,
        "max": 0.482146531343,
        "mean": 0.0953576564789,
        "median": 0.0640049874783,
        "min": 6.79671458004e-11,
        "var": 0.00770396180451
    },
    "spectral_kurtosis": {
        "dmean": 9.41283607483,
        "dmean2": 14.8221826553,
        "dvar": 124.240509033,
        "dvar2": 299.487792969,
        "max": 92.9444732666,
        "mean": 25.2108268738,
        "median": 18.9751796722,
        "min": -1.19959318638,
        "var": 318.145629883
    },
    "spectral_rms": {
        "dmean": 0.00144726480357,
        "dmean2": 0.00234915362671,
        "dvar": 3.88846501664e-06,
        "dvar2": 1.11102881419e-05,
        "max": 0.0239077825099,
        "mean": 0.00506532099098,
        "median": 0.0035397792235,
        "min": 3.21144716722e-12,
        "var": 2.00769281946e-05
    },
    "spectral_rolloff": {
        "dmean": 296.961120605,
        "dmean2": 517.721801758,
        "dvar": 661989,
        "dvar2": 1148277.375,
        "max": 20370.4101562,
        "mean": 855.19354248,
        "median": 387.59765625,
        "min": 86.1328125,
        "var": 4659759
    },
    "spectral_skewness": {
        "dmean": 0.68681371212,
        "dmean2": 1.06905734539,
        "dvar": 0.538489699364,
        "dvar2": 1.29320693016,
        "max": 7.43711805344,
        "mean": 3.69158864021,
        "median": 3.40357685089,
        "min": -0.0604267530143,
        "var": 1.44654047489
    },
    "spectral_spread": {
        "dmean": 602025.625,
        "dmean2": 822643.125,
        "dvar": 1.78635092787e+12,
        "dvar2": 3.30253467648e+12,
        "max": 40584008,
        "mean": 2838592,
        "median": 2313401.25,
        "min": 899129.625,
        "var": 6.52061599334e+12
    },
    "spectral_strongpeak": {
        "dmean": 0.358620434999,
        "dmean2": 0.637960493565,
        "dvar": 0.430205762386,
        "dvar2": 1.17660963535,
        "max": 4.8572807312,
        "mean": 0.44089832902,
        "median": 0.269922524691,
        "min": 0,
        "var": 0.356548190117
    },
    "zerocrossingrate": {
        "dmean": 0.00687448587269,
        "dmean2": 0.0092028491199,
        "dvar": 0.000320841558278,
        "dvar2": 0.000613625743426,
        "max": 0.51904296875,
        "mean": 0.0299729052931,
        "median": 0.01904296875,
        "min": 0.00439453125,
        "var": 0.00289603462443
    },
    "barkbands": {
        "dmean": [0.00115623348393, 0.015966495499, 0.0102877337486, 0.00133325683419, 0.00191411899868, 0.00146374292672, 0.000579450454097, 0.0004302134912, 0.000302144617308, 0.000211224119994, 0.000226683710935, 0.000169729668414, 0.00182489596773, 0.000105054881715, 7.28501327103e-05, 3.87017571484e-05, 4.0880528104e-05, 4.22231823904e-05, 2.48263968388e-05, 3.50473328581e-06, 7.14620637154e-06, 1.75671152647e-06, 1.36899632253e-06, 1.2801349385e-06, 1.42337148645e-05, 5.2965674513e-06, 1.4079834898e-07],
        "dmean2": [0.00185927725397, 0.0279140230268, 0.0184701960534, 0.00220118323341, 0.00318708759733, 0.00235701538622, 0.000924436957575, 0.000718717696145, 0.000465024902951, 0.000359027093509, 0.000372653943487, 0.000293853285257, 0.00319957407191, 0.000180421149707, 0.000126631144667, 6.85791455908e-05, 7.38866365282e-05, 7.86376258475e-05, 4.6057291911e-05, 6.24122139925e-06, 1.33401190396e-05, 3.0817645893e-06, 2.26161705541e-06, 2.08154915526e-06, 2.07871198654e-05, 8.45058002596e-06, 2.3050935738e-07],
        "dvar": [8.6257014118e-06, 0.00121599412523, 0.000536225095857, 9.41226426221e-06, 1.34196734507e-05, 7.26907728676e-06, 1.15214947982e-06, 1.17682122891e-06, 4.71821437031e-07, 4.27601378306e-07, 2.81517202438e-07, 1.23311068023e-07, 2.60553788394e-05, 6.22615630164e-08, 4.92512697292e-08, 2.76976805935e-08, 1.82027317663e-08, 1.40932536752e-08, 6.56758958328e-09, 1.04256471511e-10, 3.96233379441e-10, 1.89252745419e-11, 9.52691571465e-12, 8.12622451968e-12, 1.4464563991e-09, 2.22669410688e-10, 1.84145843647e-13],
        "dvar2": [2.1972155082e-05, 0.00376732647419, 0.00165428058244, 2.23910919885e-05, 3.83375736419e-05, 1.98184661713e-05, 2.75477600553e-06, 2.83755912278e-06, 1.16546800655e-06, 1.13945634439e-06, 6.81063454522e-07, 3.22345869108e-07, 6.95942799211e-05, 1.52586864033e-07, 1.30519850927e-07, 7.61538672123e-08, 5.04693815628e-08, 3.99144397534e-08, 1.88710043147e-08, 2.74247069498e-10, 1.11375308975e-09, 4.89360288403e-11, 2.35561899847e-11, 1.97681333108e-11, 3.28298388474e-09, 5.55843926442e-10, 4.6821379239e-13],
        "max": [0.0341112464666, 0.379575908184, 0.205784931779, 0.0400199964643, 0.0366618670523, 0.0265214629471, 0.0141170332208, 0.0160804782063, 0.00854634586722, 0.00774316955358, 0.00564698735252, 0.00292956503108, 0.0292760692537, 0.00228840694763, 0.00256396713667, 0.0017138577532, 0.00147398782428, 0.000668938155286, 0.000744453107473, 0.000136828399263, 0.000130235683173, 3.07951995637e-05, 2.07636330742e-05, 1.61697662406e-05, 0.000224854738917, 0.000100948083855, 6.61440526528e-06],
        "mean": [0.0014767923858, 0.0206114072353, 0.0124420020729, 0.00178837415297, 0.00351576530375, 0.00248077069409, 0.00101380608976, 0.000637049146462, 0.000538864638656, 0.000248444615863, 0.000268447445706, 0.000199213376618, 0.00134406262077, 0.00010527104314, 6.72088426654e-05, 3.46972337866e-05, 3.1996081816e-05, 2.81593765976e-05, 1.67460111697e-05, 2.75347360912e-06, 4.59919465357e-06, 1.39550593303e-06, 1.16402554795e-06, 1.10509381557e-06, 1.32725344884e-05, 4.30195223089e-06, 1.56100512072e-07],
        "median": [0.000143915123772, 0.00322249811143, 0.002075094264, 0.000281940388959, 0.000594248005655, 0.000446700461907, 0.000198029432795, 0.000119105156045, 9.47149746935e-05, 4.8169051297e-05, 6.2482933572e-05, 6.14447853877e-05, 0.000227997385082, 2.47101197601e-05, 1.27917237478e-05, 5.82982147534e-06, 5.63426328881e-06, 3.91917774323e-06, 2.00999716071e-06, 4.35076515259e-07, 5.27804218109e-07, 1.91892439716e-07, 1.40396636539e-07, 9.94335493942e-08, 6.48212790111e-07, 1.92257587628e-07, 6.37579447016e-08],
        "min": [1.45099114825e-23, 3.06910910569e-24, 2.01094153984e-24, 8.60271828691e-24, 4.65875754639e-23, 5.29544528973e-23, 1.5464097123e-23, 2.95224094031e-23, 9.99003857823e-23, 2.74945351611e-23, 6.65079920167e-23, 1.01892373164e-22, 1.02658615849e-22, 8.6875402402e-23, 1.24166378316e-22, 8.88902856826e-23, 1.06609603605e-22, 2.59796129896e-22, 2.37450010236e-22, 2.7271565204e-22, 4.05566467532e-22, 3.88169345647e-22, 7.83327317339e-22, 8.12754479676e-22, 1.0278881324e-21, 1.67116191766e-21, 2.044298326e-21],
        "var": [1.33408020702e-05, 0.00158903142437, 0.000620210717898, 1.59710762091e-05, 3.39150137734e-05, 1.75445002242e-05, 3.13393934448e-06, 1.79750213647e-06, 9.85739347925e-07, 3.92788109593e-07, 3.38291783919e-07, 1.29884412559e-07, 1.79569415195e-05, 5.92371982577e-08, 3.73479167592e-08, 1.82839929863e-08, 1.19029177625e-08, 8.32041990861e-09, 3.82953047051e-09, 8.01635077763e-11, 2.36937941489e-10, 1.46221351e-11, 8.36300126372e-12, 7.44839780131e-12, 1.51005885574e-09, 1.89134444217e-10, 1.47955310655e-13]
    },
    "erbbands": {
        "dmean": [0.423561125994, 3.90162849426, 12.2190465927, 6.30141830444, 4.85509967804, 7.42784547806, 8.4776763916, 15.4830331802, 7.50344228745, 8.36129379272, 9.28576660156, 8.00095653534, 4.02029037476, 9.58912372589, 7.70423412323, 14.8660840988, 92.3933639526, 8.36716079712, 5.20594167709, 2.56920170784, 1.48901247978, 2.39178180695, 1.40851724148, 2.7657122612, 0.84219455719, 0.192208454013, 0.177092134953, 0.32681196928, 0.0823673456907, 0.0570951402187, 0.0339275747538, 0.0324879959226, 0.0180017855018, 0.0375430956483, 0.155658319592, 0.0610349811614, 0.00190121063497, 0.00028863811167, 2.46834952122e-05, 2.91316537187e-05],
        "dmean2": [0.750597119331, 6.75586366653, 21.8128108978, 10.7957515717, 7.82144594193, 12.238035202, 14.2696285248, 25.2083721161, 11.6900033951, 13.4008989334, 15.8704690933, 12.4703006744, 6.80769824982, 16.0343227386, 12.4879112244, 23.9888591766, 163.44619751, 13.4910526276, 8.82964801788, 4.54027462006, 2.56586742401, 4.30758619308, 2.51566100121, 5.18710803986, 1.56899642944, 0.347119808197, 0.322815567255, 0.615702271461, 0.148851156235, 0.0905333682895, 0.057497292757, 0.0552520155907, 0.0275123976171, 0.0550280287862, 0.229489356279, 0.0944662615657, 0.00283756176941, 0.00045081882854, 4.07576626458e-05, 4.97275395901e-05],
        "dvar": [0.779684484005, 78.5791931152, 797.643798828, 191.26713562, 112.905273438, 233.471374512, 434.61907959, 939.775939941, 193.286895752, 406.21282959, 448.700012207, 365.693206787, 78.4886245728, 913.696655273, 269.559112549, 961.722961426, 69173.4921875, 299.335968018, 234.250259399, 49.73229599, 23.8407897949, 70.0996780396, 11.1774749756, 56.1100234985, 15.1838178635, 0.262863129377, 0.199085146189, 0.943674385548, 0.0437670536339, 0.0180058442056, 0.00612666737288, 0.00650544231758, 0.00165979634039, 0.00945175625384, 0.175041869283, 0.0284030251205, 2.41266316152e-05, 5.38901588243e-07, 3.21154858263e-09, 3.49006934464e-09],
        "dvar2": [2.45618319511, 243.361740112, 2469.36987305, 563.24407959, 286.392974854, 603.852600098, 1229.31689453, 2553.90942383, 483.941497803, 957.762756348, 1193.87158203, 915.289855957, 205.129333496, 2409.38305664, 608.100891113, 2238.75756836, 186641.46875, 634.104614258, 617.217895508, 135.084640503, 63.9346885681, 195.607070923, 30.2583942413, 159.985397339, 44.1294708252, 0.69804918766, 0.540706932545, 2.67923426628, 0.11602076143, 0.0435028150678, 0.0155460368842, 0.0171564929187, 0.0037291906774, 0.0191512200981, 0.408087402582, 0.0678963214159, 5.38871827303e-05, 1.19071921745e-06, 8.4128792821e-09, 1.08389714981e-08],
        "max": [7.42920398712, 96.4100418091, 257.026947021, 130.943496704, 150.966064453, 169.140258789, 397.423339844, 336.12310791, 159.400970459, 333.471038818, 214.705917358, 245.646453857, 84.9953460693, 302.844726562, 200.540847778, 196.677108765, 1498.66052246, 129.847412109, 172.238967896, 63.1442298889, 47.4663352966, 99.3846282959, 18.2398643494, 43.8379516602, 39.635219574, 5.95252609253, 2.65261912346, 6.49266910553, 1.18352437019, 0.880062758923, 0.601365447044, 0.618743360043, 0.295497775078, 0.638965904713, 2.53551268578, 1.11811900139, 0.0320365056396, 0.00911498069763, 0.000739174138289, 0.000633965712041],
        "mean": [0.503324329853, 4.97068881989, 15.0026960373, 8.89273166656, 8.30047893524, 13.8244066238, 12.9602470398, 24.9966926575, 14.1620826721, 14.8064146042, 14.7315778732, 14.7182607651, 6.40812492371, 11.4063768387, 9.57039356232, 15.7765169144, 67.1779022217, 9.03070068359, 5.11099290848, 2.45511507988, 1.43738603592, 1.87605118752, 1.0789078474, 1.76858925819, 0.567744731903, 0.145816013217, 0.125986814499, 0.202780678868, 0.059486720711, 0.0511960424483, 0.0283461995423, 0.0259169656783, 0.0168105643243, 0.0378921329975, 0.142420008779, 0.0524605773389, 0.00175975100137, 0.000329579808749, 3.63319086318e-05, 5.20005851286e-05],
        "median": [0.0573517344892, 0.92605727911, 2.79925489426, 1.96206188202, 1.35671770573, 2.19375276566, 2.18726396561, 3.80298924446, 3.16155767441, 2.80363965034, 3.35338521004, 2.59385538101, 1.41896903515, 2.58363437653, 2.37524676323, 4.22273159027, 11.2935619354, 2.05282568932, 1.18511867523, 0.528775691986, 0.290273725986, 0.334838539362, 0.189775884151, 0.210399001837, 0.0619517788291, 0.0232252515852, 0.0171908400953, 0.0227360501885, 0.00768547644839, 0.00655593723059, 0.00342097040266, 0.00242134742439, 0.00145225168671, 0.00191343040206, 0.00723359314725, 0.00238365703262, 0.000112591245852, 0.000106200044684, 1.19093328976e-05, 1.47289292727e-05],
        "min": [1.18312563393e-22, 6.37667142551e-22, 1.87066451242e-21, 1.95856497331e-20, 1.50759960965e-19, 9.05844002467e-20, 1.98499966236e-19, 4.39005068706e-19, 4.00604087647e-19, 2.30464667873e-19, 1.04129052385e-18, 1.63025366654e-18, 1.5096861986e-18, 1.8858617816e-18, 2.45105919811e-18, 4.40227383157e-18, 4.55735158486e-18, 5.48040780708e-18, 5.04231765183e-18, 6.9552522277e-18, 4.37684050928e-18, 7.08555550805e-18, 1.29292432558e-17, 9.892736019e-18, 1.43862441498e-17, 1.24074999116e-17, 1.33875765886e-17, 1.37216905544e-17, 1.42821087281e-17, 1.67536433348e-17, 2.4550191185e-17, 1.74597164338e-17, 9.88993766699e-18, 1.28515221926e-17, 6.42331429605e-18, 6.13756433986e-18, 3.03677358895e-18, 1.15662493704e-18, 2.9601392343e-19, 2.81773647293e-20],
        "var": [0.974904417992, 97.6295394897, 918.682067871, 264.54788208, 240.718963623, 710.103820801, 753.169006348, 2080.63891602, 491.997619629, 840.104919434, 704.782226562, 752.823852539, 123.414581299, 834.421447754, 372.487457275, 961.369567871, 46491.9609375, 334.813354492, 184.113983154, 36.7138557434, 18.0579929352, 45.3507614136, 7.78211355209, 32.4771957397, 8.42806911469, 0.192132651806, 0.132975846529, 0.546200335026, 0.0308830086142, 0.0169593784958, 0.00500022387132, 0.00483335973695, 0.00180878827814, 0.0112787857652, 0.176587492228, 0.0262727849185, 2.5299275876e-05, 5.63021956168e-07, 3.33751715154e-09, 6.41401820545e-09]
    },
    "gfcc": {
        "mean": [-142.190490723, 161.071548462, -83.7255935669, -2.00008368492, -18.770816803, 21.4162464142, -27.3943710327, 5.63938379288, -26.9377536774, 10.821969986, -3.84436130524, 1.29271841049, -16.5562076569],
        "cov": [[19909.6210938, 4427.2734375, -246.971908569, -63.9174766541, -405.118347168, -487.556488037, -341.184570312, 91.2173538208, 161.055877686, -252.445632935, -219.439147949, -247.531158447, 342.314575195], [4427.2734375, 2844.44482422, 276.449493408, -273.812866211, -133.795135498, -801.00970459, 103.451049805, -112.343795776, 413.974212646, -321.156524658, -61.9228820801, -262.291015625, 377.817779541], [-246.971908569, 276.449493408, 446.502868652, -102.169036865, 2.49812245369, 13.2029933929, 29.1761283875, 15.9525260925, 91.8405456543, -23.2839813232, 12.6391830444, -8.629570961, 51.8244819641], [-63.9174766541, -273.812866211, -102.169036865, 150.080551147, 36.0912284851, 78.0988082886, 24.1647624969, 0.0277378503233, -26.0207595825, 15.9705572128, 17.1901397705, 22.8913497925, -19.0024337769], [-405.118347168, -133.795135498, 2.49812245369, 36.0912284851, 148.907028198, 97.6683578491, 53.8283081055, 7.06633329391, -17.5354328156, 25.3175563812, 30.7675056458, 21.0174827576, -29.8763446808], [-487.556488037, -801.00970459, 13.2029933929, 78.0988082886, 97.6683578491, 490.431396484, -5.98687410355, 81.9191513062, -152.37109375, 136.727630615, 47.3944816589, 123.946273804, -149.487701416], [-341.184570312, 103.451049805, 29.1761283875, 24.1647624969, 53.8283081055, -5.98687410355, 151.52204895, -3.15128326416, 72.2472763062, -38.6364059448, 23.6983852386, -13.8413333893, 50.8095741272], [91.2173538208, -112.343795776, 15.9525260925, 0.0277378503233, 7.06633329391, 81.9191513062, -3.15128326416, 74.54737854, -23.363702774, 31.7003498077, 0.534511506557, 17.9395637512, -24.0322399139], [161.055877686, 413.974212646, 91.8405456543, -26.0207595825, -17.5354328156, -152.37109375, 72.2472763062, -23.363702774, 171.541793823, -72.2113647461, -0.578823029995, -50.4610939026, 107.848228455], [-252.445632935, -321.156524658, -23.2839813232, 15.9705572128, 25.3175563812, 136.727630615, -38.6364059448, 31.7003498077, -72.2113647461, 97.6492462158, 17.6531906128, 52.1836166382, -67.6485748291], [-219.439147949, -61.9228820801, 12.6391830444, 17.1901397705, 30.7675056458, 47.3944816589, 23.6983852386, 0.534511506557, -0.578823029995, 17.6531906128, 68.032409668, 21.7870349884, -19.7323417664], [-247.531158447, -262.291015625, -8.629570961, 22.8913497925, 21.0174827576, 123.946273804, -13.8413333893, 17.9395637512, -50.4610939026, 52.1836166382, 21.7870349884, 68.6591873169, -32.3096847534], [342.314575195, 377.817779541, 51.8244819641, -19.0024337769, -29.8763446808, -149.487701416, 50.8095741272, -24.0322399139, 107.848228455, -67.6485748291, -19.7323417664, -32.3096847534, 126.708869934]],
        "icov": [[0.000216418993659, -0.000713980989531, 0.000328241032548, -0.000782411720138, 0.000364392151823, -0.000807434495073, 0.000731073669158, -0.00046875452972, 0.000254890910583, -0.000141412121593, 0.000289699644782, 8.85281624505e-05, -0.000180823859409], [-0.000713980989531, 0.00341988820583, -0.00116177496966, 0.00371809699573, -0.00157955032773, 0.00315640028566, -0.0019412235124, 0.00127501797397, -0.00102978816722, 0.0012690302683, -0.00189720944036, 0.00146709266119, -0.00123138388153], [0.000328241032548, -0.00116177496966, 0.00402546999976, 0.00138301902916, 0.000201312548597, -0.00293728732504, 0.00187343731523, -0.0010485497769, -0.00166289729532, 0.000368651060853, -0.000542993249837, 0.00062681233976, -0.00154215085786], [-0.000782411720138, 0.00371809699573, 0.00138301902916, 0.0138753578067, -0.00261998106726, 0.00116605544463, -0.0028948225081, 0.0024914459791, -0.00142866570968, 0.00217952392995, -0.00340223452076, 0.00142348918598, -0.00285352137871], [0.000364392151823, -0.00157955032773, 0.000201312548597, -0.00261998106726, 0.0107538094744, -0.00244403653778, -0.00341163924895, 0.00068132893648, 0.00112771918066, -0.00248735467903, -0.000438477669377, 0.000287318485789, 0.00211680447683], [-0.000807434495073, 0.00315640028566, -0.00293728732504, 0.00116605544463, -0.00244403653778, 0.0110099613667, -0.00526208803058, -0.00160503794905, -5.4643209296e-05, -0.000263206049567, 0.000358698976925, -0.00842663273215, 0.00617765914649], [0.000731073669158, -0.0019412235124, 0.00187343731523, -0.0028948225081, -0.00341163924895, -0.00526208803058, 0.0160293336958, -0.00302835786715, -0.00264716940001, 0.00398525036871, -0.00364063493907, 0.00408738013357, -0.00654556369409], [-0.00046875452972, 0.00127501797397, -0.0010485497769, 0.0024914459791, 0.00068132893648, -0.00160503794905, -0.00302835786715, 0.0190653316677, -0.000699596886989, -0.00472151488066, 0.00156850670464, 0.0019806989003, 0.000188527512364], [0.000254890910583, -0.00102978816722, -0.00166289729532, -0.00142866570968, 0.00112771918066, -5.4643209296e-05, -0.00264716940001, -0.000699596886989, 0.0184393059462, -0.000997402705252, -0.00404061470181, 0.00703041255474, -0.0110855484381], [-0.000141412121593, 0.0012690302683, 0.000368651060853, 0.00217952392995, -0.00248735467903, -0.000263206049567, 0.00398525036871, -0.00472151488066, -0.000997402705252, 0.0276567824185, -0.00177667266689, -0.0115384468809, 0.00577929755673], [0.000289699644782, -0.00189720944036, -0.000542993249837, -0.00340223452076, -0.000438477669377, 0.000358698976925, -0.00364063493907, 0.00156850670464, -0.00404061470181, -0.00177667266689, 0.0229005478323, -0.0110163604841, 0.00991126801819], [8.85281624505e-05, 0.00146709266119, 0.00062681233976, 0.00142348918598, 0.000287318485789, -0.00842663273215, 0.00408738013357, 0.0019806989003, 0.00703041255474, -0.0115384468809, -0.0110163604841, 0.0443193092942, -0.0183524377644], [-0.000180823859409, -0.00123138388153, -0.00154215085786, -0.00285352137871, 0.00211680447683, 0.00617765914649, -0.00654556369409, 0.000188527512364, -0.0110855484381, 0.00577929755673, 0.00991126801819, -0.0183524377644, 0.0320877172053]]
    },
    "melbands": {
        "dmean": [0.00396093912423, 0.00581599120051, 0.00106587226037, 0.00045003942796, 0.000282481196336, 0.00031404744368, 0.000120073920698, 8.93340838957e-05, 6.87563151587e-05, 4.94600644743e-05, 2.03385679924e-05, 3.90460518247e-05, 2.81809516309e-05, 1.76081302925e-05, 0.000155381072545, 0.000132832006784, 9.85404403764e-06, 9.29555790208e-06, 4.31383705291e-06, 3.56912414645e-06, 1.21777736695e-06, 2.60787305706e-06, 1.97028089133e-06, 1.45443789279e-06, 2.38064149016e-06, 8.51534196045e-07, 1.87686538311e-07, 1.06828551338e-07, 9.49321119492e-08, 1.2636313329e-07, 2.24395151349e-07, 3.80846572057e-08, 2.90356112487e-08, 3.26410329876e-08, 2.01108178999e-08, 1.61230353513e-08, 2.04145642613e-08, 1.12265325924e-08, 1.51273376048e-08, 3.14341299656e-08],
        "dmean2": [0.00700882356614, 0.0102594140917, 0.00181106524542, 0.000745865749195, 0.00047862806241, 0.000512137718033, 0.000188257632544, 0.000142269782373, 0.000116351686302, 7.75972657721e-05, 3.47599525412e-05, 6.55073163216e-05, 4.57270034531e-05, 2.99941693811e-05, 0.000270133285085, 0.00023129733745, 1.74272317963e-05, 1.59382798302e-05, 7.70718997956e-06, 6.46933540338e-06, 2.04963248507e-06, 4.76902096125e-06, 3.52083520738e-06, 2.70490136245e-06, 4.47620595878e-06, 1.6123444766e-06, 3.3262185184e-07, 1.95261776526e-07, 1.71589661591e-07, 2.34552715028e-07, 4.25459035114e-07, 6.88934918003e-08, 4.90148757137e-08, 5.19464471438e-08, 3.46378357108e-08, 2.70018407633e-08, 3.50878401889e-08, 1.74722050161e-08, 2.29152803399e-08, 4.54008990403e-08],
        "dvar": [7.02412799001e-05, 0.000180119706783, 5.29951194039e-06, 7.94160484929e-07, 4.35044569258e-07, 3.67548295799e-07, 4.70452228285e-08, 5.13960856097e-08, 2.27161969235e-08, 1.48556109636e-08, 2.0634940423e-09, 1.6109892087e-08, 3.96766264288e-09, 1.54581092371e-09, 1.7749087533e-07, 1.34631392257e-07, 4.55966292501e-10, 7.71113506381e-10, 1.14664826245e-10, 2.5617952204e-10, 1.26442398218e-11, 1.13765254162e-10, 2.74915264165e-11, 1.59196596877e-11, 4.3938058053e-11, 2.13871264448e-11, 3.08475277657e-13, 1.00744472443e-13, 6.34124642986e-14, 1.08980471945e-13, 4.87770848018e-13, 8.98886017296e-15, 5.93680988159e-15, 5.79547692863e-15, 2.28321860218e-15, 1.29734128476e-15, 2.86896200224e-15, 6.92738537313e-16, 1.49982895773e-15, 6.5501388154e-15],
        "dvar2": [0.000215109088458, 0.000563310284633, 1.52067941599e-05, 2.23670167543e-06, 1.25202802792e-06, 9.95764594336e-07, 1.15998687988e-07, 1.19557256539e-07, 5.80640744374e-08, 3.76007704972e-08, 5.49608358824e-09, 4.27368043177e-08, 9.56102041982e-09, 3.80727360749e-09, 4.69857809549e-07, 3.57098031145e-07, 1.14163645204e-09, 2.05396832875e-09, 2.96351498896e-10, 7.06780245441e-10, 3.22556183152e-11, 3.21403265113e-10, 7.53178630575e-11, 4.51931062018e-11, 1.25539648121e-10, 6.24944193617e-11, 8.24224260891e-13, 2.74118618429e-13, 1.74269073564e-13, 2.97235841626e-13, 1.39620704321e-12, 2.34530734541e-14, 1.55812879553e-14, 1.38341817047e-14, 5.95804711516e-15, 3.16873670315e-15, 7.75002874782e-15, 1.63671901112e-15, 3.39619617795e-15, 1.28300656503e-14],
        "max": [0.0877425372601, 0.130507424474, 0.0244377609342, 0.00915604736656, 0.0117421848699, 0.00648781610653, 0.00226457021199, 0.00404071900994, 0.00147730926983, 0.00158038525842, 0.000437276583398, 0.00130132306367, 0.00054444669513, 0.000346697779605, 0.00247368006967, 0.00209092954174, 0.000146605350892, 0.000286919734208, 9.11407405511e-05, 0.000162787910085, 4.40922740381e-05, 0.00013133889297, 3.80530727853e-05, 2.20162401092e-05, 3.97557414544e-05, 4.71582461614e-05, 6.59922125124e-06, 3.20127378473e-06, 1.70605380845e-06, 2.28811177294e-06, 4.79483378513e-06, 6.0196106233e-07, 6.3415296836e-07, 5.05771254211e-07, 3.66764624005e-07, 2.66925837877e-07, 4.44525909415e-07, 1.96087157178e-07, 2.82516054995e-07, 5.80684627494e-07],
        "mean": [0.00521052954718, 0.00760355312377, 0.00161886960268, 0.000811603793409, 0.000481834809761, 0.000519063614774, 0.00022590412118, 0.000158723662025, 0.00011223898764, 8.82843596628e-05, 2.91750493489e-05, 4.5609085646e-05, 3.37547317031e-05, 2.18784862227e-05, 0.000120923796203, 9.91303677438e-05, 9.90975240711e-06, 8.59881765791e-06, 4.10543134421e-06, 3.09761344397e-06, 1.21734740333e-06, 1.98318639377e-06, 1.51276981342e-06, 9.82184587883e-07, 1.51130461745e-06, 5.52191067982e-07, 1.44380081224e-07, 7.94511194613e-08, 6.8729001157e-08, 8.57585646941e-08, 1.35088484399e-07, 2.8058366297e-08, 2.39368720401e-08, 2.92517743361e-08, 1.63143418774e-08, 1.37507507603e-08, 1.5792348762e-08, 1.01373736072e-08, 1.42285392357e-08, 3.22580930856e-08],
        "median": [0.00069625931792, 0.00146761874203, 0.000369822810171, 0.000127829931444, 8.43293746584e-05, 8.84045803105e-05, 4.8300378694e-05, 3.31435694534e-05, 2.45198898483e-05, 1.42115914059e-05, 6.23417508905e-06, 9.77624949883e-06, 8.35626542539e-06, 5.63544972465e-06, 2.45049304795e-05, 1.65853034559e-05, 2.45264754994e-06, 1.82587825748e-06, 8.25256393e-07, 5.0661486739e-07, 2.36345002236e-07, 3.19159227047e-07, 2.50722905548e-07, 1.45127330597e-07, 1.78285020525e-07, 4.7624961752e-08, 2.0465249051e-08, 1.29186012998e-08, 1.00962518346e-08, 1.02223820519e-08, 1.39341693739e-08, 3.45288531101e-09, 3.2591722654e-09, 3.73876485327e-09, 1.99443217497e-09, 1.37578815007e-09, 1.44426837156e-09, 1.03998032408e-09, 7.64672380971e-10, 1.46777634491e-09],
        "min": [2.0473421458e-24, 1.03467420342e-24, 6.96134802319e-24, 1.10243808487e-23, 5.99553102301e-24, 1.01856252801e-23, 5.65679138929e-24, 3.11931536915e-24, 1.10715697192e-23, 1.21699299454e-23, 7.19578486245e-24, 6.48760233973e-24, 6.96345822612e-24, 1.13075976909e-23, 8.19655273948e-24, 1.04547806766e-23, 8.8189537385e-24, 7.46609751796e-24, 1.03673078352e-23, 7.87927367226e-24, 4.0578803805e-24, 6.35870641212e-24, 7.54436356381e-24, 1.1897223097e-23, 7.05276595806e-24, 6.65250109019e-24, 1.10064366297e-23, 7.12253676082e-24, 6.81289544488e-24, 1.20925986997e-23, 7.1260763797e-24, 8.39469487735e-24, 7.07190530134e-24, 1.04207997043e-23, 1.39811253959e-23, 1.35183433013e-23, 9.67311654946e-24, 6.02783487707e-24, 7.94104858088e-24, 1.20685076765e-23],
