{
"metadata": {
    "version": {
        "essentia": "2.0.1",
        "extractor": "archive-music 1.0"
    },
    "audio_properties": {
        "analysis_sample_rate": 44100,
        "bitrate": 128,
        "channels": 2,
        "equal_loudness": 0,
        "length": 15.9869384766,
        "replay_gain": -4.752784729,
        "downmix": "mix"
    },
    "tags": {
        "track": 0,
        "year": 0,
        "album": "",
        "artist": "",
        "comment": "",
        "genre": "",
        "title": ""
    }
},
"highlevel": {
    "culture": {
        "all": {
            "non_western": 0.178246125579,
            "western": 0.82175385952
        },
        "probability": 0.82175385952,
        "value": "western"
    },
    "danceability": {
        "all": {
            "danceable": 0.00711235497147,
            "not_danceable": 0.992887616158
        },
        "probability": 0.992887616158,
        "value": "not_danceable"
    },
    "gender": {
        "all": {
            "female": 0.330701202154,
            "male": 0.669298827648
        },
        "probability": 0.669298827648,
        "value": "male"
    },
    "genre_dortmund": {
        "all": {
            "alternative": 0.0249794796109,
            "blues": 0.0690660104156,
            "electronic": 0.0699723958969,
            "folkcountry": 0.0689713656902,
            "funksoulrnb": 0.0793532207608,
            "jazz": 0.514529943466,
            "pop": 0.0417931117117,
            "raphiphop": 0.0177432019264,
            "rock": 0.113591276109
        },
        "probability": 0.514529943466,
        "value": "jazz"
    },
    "genre_electronic": {
        "all": {
            "ambient": 0.953103125095,
            "dnb": 0.00918397027999,
            "house": 0.0235122703016,
            "techno": 0.00886869989336,
            "trance": 0.00533194979653
        },
        "probability": 0.953103125095,
        "value": "ambient"
    },
    "genre_rosamerica": {
        "all": {
            "cla": 0.113835468888,
            "dan": 0.0074132415466,
            "hip": 0.00235016387887,
            "jaz": 0.120396152139,
            "pop": 0.0727736502886,
            "rhy": 0.657393395901,
            "roc": 0.0114613929763,
            "spe": 0.0143765257671
        },
        "probability": 0.657393395901,
        "value": "rhy"
    },
    "genre_tzanetakis": {
        "all": {
            "blu": 0.0179538521916,
            "cla": 0.431330174208,
            "cou": 0.0159579310566,
            "dis": 0.00948050431907,
            "hip": 0.0106807565317,
            "jaz": 0.317990779877,
            "met": 0.00263967062347,
            "pop": 0.0719442665577,
            "reg": 0.0755118206143,
            "roc": 0.0465102382004
        },
        "probability": 0.431330174208,
        "value": "cla"
    },
    "mirex_ballroom": {
        "all": {
            "ChaChaCha": 0.00480919051915,
            "Jive": 0.0028103608638,
            "Quickstep": 0.0867045819759,
            "Rumba-American": 0.0245301406831,
            "Rumba-International": 0.0469547025859,
            "Rumba-Misc": 0.0133016165346,
            "Samba": 0.00406327936798,
            "Tango": 0.211033627391,
            "VienneseWaltz": 0.263161540031,
            "Waltz": 0.342630952597
        },
        "probability": 0.342630952597,
        "value": "Waltz"
    },
    "mood_acoustic": {
        "all": {
            "acoustic": 0.763184070587,
            "not_acoustic": 0.236815929413
        },
        "probability": 0.763184070587,
        "value": "acoustic"
    },
    "mood_aggressive": {
        "all": {
            "aggressive": 0.0605667382479,
            "not_aggressive": 0.939433276653
        },
        "probability": 0.939433276653,
        "value": "not_aggressive"
    },
    "mood_electronic": {
        "all": {
            "electronic": 0.378903537989,
            "not_electronic": 0.621096491814
        },
        "probability": 0.621096491814,
        "value": "not_electronic"
    },
    "mood_happy": {
        "all": {
            "happy": 0.178042680025,
            "not_happy": 0.821957290173
        },
        "probability": 0.821957290173,
        "value": "not_happy"
    },
    "mood_party": {
        "all": {
            "not_party": 0.962756156921,
            "party": 0.0372438542545
        },
        "probability": 0.962756156921,
        "value": "not_party"
    },
    "mood_relaxed": {
        "all": {
            "not_relaxed": 0.0089189466089,
            "relaxed": 0.991081058979
        },
        "probability": 0.991081058979,
        "value": "relaxed"
    },
    "mood_sad": {
        "all": {
            "not_sad": 0.128733426332,
            "sad": 0.87126660347
        },
        "probability": 0.87126660347,
        "value": "sad"
    },
    "moods_mirex": {
        "all": {
            "Cluster1": 0.208708390594,
            "Cluster2": 0.343605965376,
            "Cluster3": 0.194700628519,
            "Cluster4": 0.234034761786,
            "Cluster5": 0.0189502574503
        },
        "probability": 0.343605965376,
        "value": "Cluster2"
    },
    "timbre": {
        "all": {
            "bright": 0.99682277441,
            "dark": 0.00317724677734
        },
        "probability": 0.99682277441,
        "value": "bright"
    },
    "tonal_atonal": {
        "all": {
            "atonal": 0.0487274639308,
            "tonal": 0.951272547245
        },
        "probability": 0.951272547245,
        "value": "tonal"
    },
    "voice_instrumental": {
        "all": {
            "instrumental": 0.972361862659,
            "voice": 0.0276381392032
        },
        "probability": 0.972361862659,
        "value": "instrumental"
    }
},
"lowlevel": {
    "average_loudness": 0.948275566101,
    "barkbands_kurtosis": {
        "dmean": 2.29621338844,
        "dmean2": 3.52361822128,
        "dvar": 10.7037410736,
        "dvar2": 27.4014816284,
        "max": 37.9602088928,
        "mean": 3.35144424438,
        "median": 2.10673379898,
        "min": -1.63536953926,
        "var": 21.7065219879
    },
    "barkbands_skewness": {
        "dmean": 0.526877462864,
        "dmean2": 0.815030395985,
        "dvar": 0.298050493002,
        "dvar2": 0.673023223877,
        "max": 4.66272211075,
        "mean": 0.912001132965,
        "median": 0.977423369884,
        "min": -5.51410055161,
        "var": 1.24093806744
    },
    "barkbands_spread": {
        "dmean": 2.92594957352,
        "dmean2": 4.58497810364,
        "dvar": 34.0378570557,
        "dvar2": 85.8677902222,
        "max": 104.843009949,
        "mean": 9.23163127899,
        "median": 8.1607131958,
        "min": 1.62094676495,
        "var": 49.6691703796
    },
    "dissonance": {
        "dmean": 0.0388399288058,
        "dmean2": 0.0647596791387,
        "dvar": 0.00115954282228,
        "dvar2": 0.00311549031176,
        "max": 0.499586224556,
        "mean": 0.421060234308,
        "median": 0.431155502796,
        "min": 0.234645694494,
        "var": 0.00263158325106
    },
    "dynamic_complexity": 4.30877399445,
    "erbbands_kurtosis": {
        "dmean": 2.29469370842,
        "dmean2": 3.73080873489,
        "dvar": 23.4678897858,
        "dvar2": 61.9656333923,
        "max": 75.5826339722,
        "mean": 2.60430884361,
        "median": 1.15887904167,
        "min": -1.37180578709,
        "var": 43.8366699219
    },
    "erbbands_skewness": {
        "dmean": 0.52567589283,
        "dmean2": 0.81899946928,
        "dvar": 0.299076616764,
        "dvar2": 0.700294852257,
        "max": 3.05531311035,
        "mean": 0.450514376163,
        "median": 0.646000385284,
        "min": -6.90610074997,
        "var": 1.35765218735
    },
    "erbbands_spread": {
        "dmean": 4.30138349533,
        "dmean2": 6.52260446548,
        "dvar": 20.2806682587,
        "dvar2": 41.604019165,
        "max": 73.0518722534,
        "mean": 15.9218540192,
        "median": 15.1595468521,
        "min": 0.967471241951,
        "var": 65.0168991089
    },
    "hfc": {
        "dmean": 6.0420050621,
        "dmean2": 9.73311138153,
        "dvar": 211.84034729,
        "dvar2": 630.696899414,
        "max": 172.887557983,
        "mean": 14.0367078781,
        "median": 9.2736492157,
        "min": 1.18287926091e-16,
        "var": 325.934692383
    },
    "melbands_kurtosis": {
        "dmean": 3.10928440094,
        "dmean2": 4.88302469254,
        "dvar": 20.9231529236,
        "dvar2": 48.3203697205,
        "max": 56.5860290527,
        "mean": 5.00677871704,
        "median": 3.3966755867,
        "min": -1.74099266529,
        "var": 43.0014801025
    },
    "melbands_skewness": {
        "dmean": 0.58203047514,
        "dmean2": 0.891780674458,
        "dvar": 0.292687624693,
        "dvar2": 0.660879015923,
        "max": 6.3190331459,
        "mean": 1.35619652271,
        "median": 1.36516749859,
        "min": -3.90531301498,
        "var": 1.2435863018
    },
    "melbands_spread": {
        "dmean": 4.18186569214,
        "dmean2": 6.5524392128,
        "dvar": 52.9823188782,
        "dvar2": 105.522346497,
        "max": 148.499343872,
        "mean": 13.1448793411,
        "median": 9.95981407166,
        "min": 1.86606609821,
        "var": 192.155319214
    },
    "pitch_salience": {
        "dmean": 0.0701206102967,
        "dmean2": 0.113197036088,
        "dvar": 0.00321909692138,
        "dvar2": 0.00797731149942,
        "max": 0.906346738338,
        "mean": 0.54096865654,
        "median": 0.540553927422,
        "min": 0.204132005572,
        "var": 0.0105675114319
    },
    "silence_rate_20dB": {
        "dmean": 0,
        "dmean2": 0,
        "dvar": 0,
        "dvar2": 0,
        "max": 1,
        "mean": 1,
        "median": 1,
        "min": 1,
        "var": 0
    },
    "silence_rate_30dB": {
        "dmean": 0.0145137878135,
        "dmean2": 0.0290697682649,
        "dvar": 0.0143032083288,
        "dvar2": 0.031131612137,
        "max": 1,
        "mean": 0.973913013935,
        "median": 1,
        "min": 0,
        "var": 0.0254066661
    },
    "silence_rate_60dB": {
        "dmean": 0.0232220608741,
        "dmean2": 0.0465116277337,
        "dvar": 0.0226824134588,
        "dvar2": 0.0501618720591,
        "max": 1,
        "mean": 0.10434782505,
        "median": 0,
        "min": 0,
        "var": 0.0934582352638
    },
    "spectral_centroid": {
        "dmean": 124.40309906,
        "dmean2": 193.4453125,
        "dvar": 114886.921875,
        "dvar2": 232034.140625,
        "max": 10982.1914062,
        "mean": 670.178955078,
        "median": 554.538452148,
        "min": 222.469650269,
        "var": 426696.90625
    },
    "spectral_complexity": {
        "dmean": 1.77939045429,
        "dmean2": 2.80813956261,
        "dvar": 2.66540956497,
        "dvar2": 5.79458141327,
        "max": 23,
        "mean": 11.6217393875,
        "median": 12,
        "min": 0,
        "var": 20.3830070496
    },
    "spectral_crest": {
        "dmean": 2.50563359261,
        "dmean2": 3.99325847626,
        "dvar": 5.4714422226,
        "dvar2": 13.2032728195,
        "max": 26.1317062378,
        "mean": 10.47311306,
        "median": 9.49737167358,
        "min": 3.84578704834,
        "var": 16.1819629669
    },
    "spectral_decrease": {
        "dmean": 2.25493668182e-09,
        "dmean2": 3.06443559417e-09,
        "dvar": 8.39299470271e-18,
        "dvar2": 1.93896892759e-17,
        "max": -1.65800043859e-29,
        "mean": -7.51150075473e-09,
        "median": -5.6074886956e-09,
        "min": -4.60390552348e-08,
        "var": 4.94026143135e-17
    },
    "spectral_energy": {
        "dmean": 0.00897758081555,
        "dmean2": 0.0123324356973,
        "dvar": 0.000143488156027,
        "dvar2": 0.000345612090314,
        "max": 0.178612589836,
        "mean": 0.029623247683,
        "median": 0.0221236906946,
        "min": 1.07916446484e-20,
        "var": 0.000765538716223
    },
    "spectral_energyband_high": {
        "dmean": 6.01883448326e-06,
        "dmean2": 1.02305057226e-05,
        "dvar": 4.02943650668e-10,
        "dvar2": 9.0503382566e-10,
        "max": 0.000401434954256,
        "mean": 1.91054077732e-05,
        "median": 6.97396353644e-06,
        "min": 7.76315790347e-21,
        "var": 1.89782767279e-09
    },
    "spectral_energyband_low": {
        "dmean": 0.00329885142855,
        "dmean2": 0.00398548878729,
        "dvar": 3.35181539413e-05,
        "dvar2": 4.45889527327e-05,
        "max": 0.108951449394,
        "mean": 0.00883137993515,
        "median": 0.00320697715506,
        "min": 8.4692750495e-23,
        "var": 0.000203715244425
    },
    "spectral_energyband_middle_high": {
        "dmean": 0.00353267090395,
        "dmean2": 0.00597575167194,
        "dvar": 0.000100696524896,
        "dvar2": 0.000294391677016,
        "max": 0.119049623609,
        "mean": 0.00526573834941,
        "median": 0.00183349079452,
        "min": 1.62082850245e-21,
        "var": 0.000130003274535
    },
    "spectral_energyband_middle_low": {
        "dmean": 0.00542613025755,
        "dmean2": 0.00752596464008,
        "dvar": 4.47605380032e-05,
        "dvar2": 9.98408577289e-05,
        "max": 0.124317966402,
        "mean": 0.0162624884397,
        "median": 0.0117761576548,
        "min": 2.76932814087e-22,
        "var": 0.000298774190014
    },
    "spectral_flatness_db": {
        "dmean": 0.0224180985242,
        "dmean2": 0.0308941826224,
        "dvar": 0.000386457482819,
        "dvar2": 0.000777097709943,
        "max": 0.395893990993,
        "mean": 0.239239528775,
        "median": 0.237409830093,
        "min": 0.0524948984385,
        "var": 0.00232024630532
    },
    "spectral_flux": {
        "dmean": 0.0193076673895,
        "dmean2": 0.0307467896491,
        "dvar": 0.00043311654008,
        "dvar2": 0.0010967788985,
        "max": 0.284115850925,
        "mean": 0.0706352889538,
        "median": 0.0658742934465,
        "min": 6.99913668689e-11,
        "var": 0.00156351877376
    },
    "spectral_kurtosis": {
        "dmean": 9.84234428406,
        "dmean2": 16.8334541321,
        "dvar": 66.7537460327,
        "dvar2": 179.24899292,
        "max": 84.818862915,
        "mean": 22.1796703339,
        "median": 19.338809967,
        "min": -1.23544383049,
        "var": 186.325317383
    },
    "spectral_rms": {
        "dmean": 0.000773986452259,
        "dmean2": 0.00103060540278,
        "dvar": 5.99129236889e-07,
        "dvar2": 1.4297229427e-06,
        "max": 0.0132006127387,
        "mean": 0.00479537481442,
        "median": 0.00464586634189,
        "min": 3.24475472532e-12,
        "var": 5.9051194512e-06
    },
    "spectral_rolloff": {
        "dmean": 233.052001953,
        "dmean2": 407.095977783,
        "dvar": 980965.4375,
        "dvar2": 2071914.375,
        "max": 19487.5488281,
        "mean": 914.163146973,
        "median": 602.9296875,
        "min": 129.19921875,
        "var": 3239716.25
    },
    "spectral_skewness": {
        "dmean": 0.69217479229,
        "dmean2": 1.15985357761,
        "dvar": 0.287500023842,
        "dvar2": 0.748709559441,
        "max": 6.99388742447,
        "mean": 3.07978367805,
        "median": 2.93016862869,
        "min": -0.0224688537419,
        "var": 0.94701564312
    },
    "spectral_spread": {
        "dmean": 326443.84375,
        "dmean2": 516411.625,
        "dvar": 1.77094367642e+12,
        "dvar2": 3.45897880781e+12,
        "max": 41537472,
        "mean": 2027691,
        "median": 1773552.375,
        "min": 824197.8125,
        "var": 5.59259634893e+12
    },
    "spectral_strongpeak": {
        "dmean": 0.741121411324,
        "dmean2": 1.25075042248,
        "dvar": 1.72029578686,
        "dvar2": 4.6809797287,
        "max": 17.4959659576,
        "mean": 1.29728472233,
        "median": 0.715224981308,
        "min": 0,
        "var": 2.86664438248
    },
    "zerocrossingrate": {
        "dmean": 0.00531014706939,
        "dmean2": 0.00623126374558,
        "dvar": 0.000361300160876,
        "dvar2": 0.000457925983937,
        "max": 0.5087890625,
        "mean": 0.0324367359281,
        "median": 0.02490234375,
        "min": 0.00390625,
        "var": 0.00222383486107
    },
    "barkbands": {
        "dmean": [6.57983619021e-05, 0.00179119035602, 0.00167183438316, 0.000554959406145, 0.00179418059997, 0.00236427038908, 0.000568756542634, 0.00197491189465, 0.000644835119601, 0.00079086056212, 0.000686135608703, 0.000513459264766, 0.00124407466501, 0.00111482280772, 7.62498239055e-05, 0.000157976784976, 4.13449088228e-05, 1.41363070725e-05, 1.18534035209e-05, 5.09869232701e-06, 3.82488133255e-06, 5.51570451535e-07, 1.61930984177e-07, 1.96006340047e-07, 2.10678791746e-07, 4.57298938272e-07, 5.39557980517e-08],
        "dmean2": [0.000114009053505, 0.00216290354729, 0.00215510604903, 0.000659219571389, 0.0025317305699, 0.00361144565977, 0.000876089499798, 0.00278257811442, 0.000972860085312, 0.00129730149638, 0.00108148902655, 0.000775793625508, 0.00206989678554, 0.0020719578024, 0.000129634994664, 0.000260429864284, 6.74782932037e-05, 2.23467013711e-05, 1.89070506167e-05, 8.183384125e-06, 6.76580202708e-06, 8.13550798284e-07, 2.44813065819e-07, 3.12040299377e-07, 3.34765303478e-07, 7.25641598365e-07, 1.05524726735e-07],
        "dvar": [7.76984343531e-09, 8.42764620756e-06, 1.05436874946e-05, 9.50763990204e-07, 1.07625910459e-05, 1.33601997732e-05, 1.37702863867e-06, 1.31502310978e-05, 2.09003678719e-06, 2.98125655718e-06, 3.78307890969e-06, 4.63794776806e-06, 4.9697853683e-05, 4.6517510782e-05, 7.06199827505e-08, 5.01575811995e-07, 6.60831611654e-09, 1.15167930748e-09, 4.09703548865e-10, 4.6987129465e-11, 2.01272568057e-10, 5.53670228155e-13, 4.42240340214e-14, 8.64892847011e-13, 2.73220270193e-12, 1.40087230011e-11, 4.26332932716e-13],
        "dvar2": [2.22648637305e-08, 1.06987117761e-05, 1.74405286089e-05, 1.05410356355e-06, 1.73902990355e-05, 3.93471345888e-05, 3.16439786729e-06, 2.55026825471e-05, 3.2319840102e-06, 8.50006563269e-06, 9.51992751652e-06, 1.19421229101e-05, 0.000128086001496, 0.000157972812303, 2.06495130328e-07, 1.31151318783e-06, 1.65852593881e-08, 2.89904011908e-09, 9.85522885522e-10, 1.1577630521e-10, 4.61002236385e-10, 1.23142804547e-12, 1.133241992e-13, 2.08794309967e-12, 7.2096187527e-12, 2.97892648049e-11, 1.27632832688e-12],
        "max": [0.00101350620389, 0.0511407107115, 0.0575716458261, 0.0223970860243, 0.0670085474849, 0.0561495758593, 0.0185370426625, 0.058169439435, 0.0445412881672, 0.0272410940379, 0.0229986533523, 0.0382427610457, 0.114838473499, 0.0987566635013, 0.00459465803578, 0.010154241696, 0.00145375914872, 0.000478710106108, 0.000297359889373, 8.46227558213e-05, 0.00028446057695, 1.31784308905e-05, 2.34456456383e-06, 1.84481305041e-05, 3.39360885846e-05, 7.88856705185e-05, 1.09709299068e-05],
        "mean": [8.05688396213e-05, 0.00448888819665, 0.00383648462594, 0.00128136307467, 0.00399282760918, 0.00443386379629, 0.00104027031921, 0.0034692066256, 0.00139437417965, 0.00118213577662, 0.000863332359586, 0.0006559190806, 0.00123169797007, 0.00124376663007, 0.000105254679511, 0.000182718213182, 6.82591780787e-05, 2.34203944274e-05, 2.28448425332e-05, 1.05569797597e-05, 1.13755468192e-05, 1.63096751749e-06, 3.93263945853e-07, 7.06614116552e-07, 4.5847289698e-07, 9.77887452791e-07, 4.02631172847e-08],
        "median": [4.47007878392e-05, 0.00150701683015, 0.000928620691411, 0.000505119212903, 0.00192129565403, 0.00245147151873, 0.000486157427076, 0.00109194358811, 0.000373394286726, 0.000404843885917, 0.000130666128825, 0.00010917065083, 8.38741689222e-05, 5.36493462278e-05, 4.68931757496e-05, 5.51648481633e-05, 4.08917439927e-05, 1.34399961098e-05, 1.51821841428e-05, 7.70187034504e-06, 2.30759997066e-06, 8.35734624616e-07, 2.53980431353e-07, 1.39388447451e-07, 5.73396761183e-08, 3.92143100214e-08, 1.51798538184e-08],
        "min": [2.96938067897e-23, 2.63191450341e-23, 9.06702682737e-24, 1.36319929142e-23, 3.85929750605e-23, 3.82625370045e-23, 2.99801790755e-23, 3.61949388828e-23, 2.46493836664e-23, 7.91974065897e-23, 5.01047402088e-23, 6.23041206984e-23, 6.01340463897e-23, 6.65139936705e-23, 1.05525576193e-22, 1.28938797466e-22, 2.23879911349e-22, 2.08045718554e-22, 2.17445860831e-22, 2.96106046834e-22, 5.10059386935e-22, 3.73210775836e-22, 5.95397829547e-22, 1.05292276575e-21, 1.15734654307e-21, 1.86295856569e-21, 2.0868228008e-21],
        "var": [1.14685949626e-08, 5.1846524002e-05, 5.43705791642e-05, 5.40187056686e-06, 4.27109298471e-05, 3.76911266358e-05, 3.93692471334e-06, 3.5651588405e-05, 2.04607586056e-05, 4.99951511301e-06, 5.48918251297e-06, 7.03501018506e-06, 4.62985335616e-05, 5.98119549977e-05, 7.07958918156e-08, 4.75251027865e-07, 1.0074554524e-08, 1.4924090852e-09, 7.41816330585e-10, 1.17043943981e-10, 1.05857977939e-09, 4.70151782089e-12, 1.50540766918e-13, 3.96105067149e-12, 4.19903434939e-12, 3.47394855937e-11, 2.14286880883e-13]
    },
    "erbbands": {
        "dmean": [0.0238757804036, 0.507687091827, 2.09064722061, 1.25721549988, 2.47416090965, 6.76785373688, 20.2553062439, 17.525636673, 5.93264961243, 26.2371864319, 34.6871948242, 15.3078947067, 24.9311466217, 22.3343544006, 28.4530086517, 17.8094654083, 51.6997413635, 71.8732223511, 13.5259475708, 5.61855125427, 5.98586416245, 1.69567394257, 0.896339654922, 0.823239266872, 0.400442391634, 0.220503523946, 0.117764033377, 0.147353231907, 0.0204144250602, 0.0129391541705, 0.00458151195198, 0.00523168314248, 0.00228777038865, 0.00225689052604, 0.00152189331129, 0.000754724023864, 0.00122722156812, 0.000235738683841, 9.64812988968e-06, 1.03220927485e-05],
        "dmean2": [0.0284964237362, 0.620517790318, 2.68979406357, 1.4651517868, 2.86569786072, 10.1882266998, 32.0159568787, 25.0158882141, 8.83755493164, 37.9129257202, 48.9608535767, 23.0109672546, 41.2888221741, 34.9164543152, 46.9505996704, 26.4255771637, 87.1499023438, 129.376327515, 25.2478218079, 9.34254169464, 9.68080425262, 2.67609262466, 1.36889982224, 1.33830404282, 0.616252303123, 0.343755125999, 0.198146671057, 0.268276721239, 0.0315656550229, 0.0189480986446, 0.00697188172489, 0.00833625067025, 0.00341253192164, 0.00358144007623, 0.00240685464814, 0.00122684601229, 0.00188145646825, 0.000388991524233, 1.5555850041e-05, 1.43964616655e-05],
        "dvar": [0.00205481401645, 0.714302718639, 16.1020832062, 3.72639656067, 18.920917511, 207.453765869, 1382.61254883, 587.162353516, 121.760406494, 2407.61767578, 5777.98681641, 691.826904297, 4270.13427734, 2813.95507812, 11261.4785156, 3669.7434082, 79999.3515625, 135487.296875, 4799.60546875, 336.929260254, 718.339050293, 9.18682193756, 3.36245131493, 5.65011739731, 0.267012566328, 0.0894665271044, 0.0552366115153, 0.396795839071, 0.000892685726285, 0.000707466620952, 4.14273708884e-05, 0.000550424098037, 8.39227286633e-05, 0.000291063159239, 0.000129510721308, 3.7011828681e-05, 8.94386394066e-05, 5.0561388889e-06, 3.39451777798e-09, 2.06766034849e-10],
        "dvar2": [0.00188385799993, 0.915259420872, 23.693977356, 4.66922998428, 19.7655296326, 398.515441895, 4270.2734375, 1113.51904297, 277.978912354, 5115.08007812, 9339.44628906, 1313.59106445, 12036.9130859, 7372.80908203, 28825.9921875, 9240.48632812, 210530.71875, 454131.53125, 15749.0478516, 909.263977051, 1877.26550293, 22.6814632416, 7.61194610596, 14.6110906601, 0.665698885918, 0.220344185829, 0.131419733167, 0.917664527893, 0.0020156793762, 0.00158589333296, 9.58446689765e-05, 0.00141619285569, 0.00019547836564, 0.000775100255851, 0.000323634914821, 9.03632244444e-05, 0.000170795479789, 1.32428795041e-05, 9.4690193464e-09, 5.20793519421e-10],
        "max": [1.23289072514, 15.9394311905, 78.2266845703, 35.0878715515, 113.884895325, 273.754821777, 448.754150391, 301.792175293, 164.191482544, 708.326965332, 1592.3770752, 681.290466309, 1001.15795898, 635.496704102, 1069.62438965, 1004.46356201, 4316.02539062, 5471.15234375, 1085.79125977, 272.537475586, 429.367523193, 49.7270851135, 34.4837532043, 38.3587684631, 4.93163967133, 3.82088804245, 4.01395559311, 12.5484952927, 0.441030353308, 0.618520498276, 0.0814751535654, 0.473493844271, 0.177009731531, 0.344617635012, 0.2331058532, 0.107508100569, 0.241490364075, 0.0389270596206, 0.00102407182567, 0.00019742026052],
        "mean": [0.0694347769022, 1.22861456871, 4.81325244904, 3.51827096939, 6.98077583313, 13.2709760666, 37.0044670105, 32.1307945251, 12.9861211777, 48.2545051575, 64.6655960083, 32.6620864868, 36.4769134521, 36.0485687256, 34.2891998291, 25.0807514191, 52.499710083, 80.2414627075, 16.2444229126, 8.07431030273, 7.6352353096, 3.08783602715, 1.67197549343, 1.41661286354, 0.835814893246, 0.474239706993, 0.311486542225, 0.45010098815, 0.0576262772083, 0.0442081578076, 0.0132196741179, 0.0165803637356, 0.0074325632304, 0.00529384659603, 0.00361745571718, 0.00157463515643, 0.00290474714711, 0.000329345581122, 2.11149490497e-05, 3.36418670486e-05],
        "median": [0.0222407132387, 0.380433082581, 1.16359460354, 1.80367398262, 2.19140625, 5.56227016449, 15.7959747314, 17.612121582, 7.25453186035, 18.5230884552, 21.5908889771, 13.0510959625, 11.0377082825, 11.8995981216, 5.27215147018, 5.63809633255, 5.21241569519, 4.05014038086, 2.9484205246, 3.46258187294, 3.0195775032, 1.97619283199, 1.07748961449, 0.913124084473, 0.610835075378, 0.341059446335, 0.147647023201, 0.0630774646997, 0.0320627316833, 0.0158513803035, 0.00771171506494, 0.00402942998335, 0.00171773694456, 0.000709876301698, 0.000418645417085, 0.000182062765816, 8.41394867166e-05, 3.91834910261e-05, 1.28625961224e-05, 2.54353435594e-05],
        "min": [2.69661687486e-22, 8.00363643276e-21, 2.13535334193e-20, 4.04523922087e-20, 7.44813133706e-20, 1.44344102565e-19, 2.70347853191e-19, 3.31740035032e-19, 3.72940686422e-19, 5.85020024409e-19, 1.00053916078e-18, 6.16905303783e-19, 2.20059759403e-18, 2.05444677391e-18, 3.29983708287e-18, 3.26760681748e-18, 2.4873809056e-18, 3.96905535654e-18, 4.00256402956e-18, 4.7746808831e-18, 7.48784156408e-18, 1.2014123418e-17, 1.06346367919e-17, 9.79125584709e-18, 1.29824425497e-17, 1.46780651981e-17, 1.98095975877e-17, 1.58504382065e-17, 1.29741426194e-17, 1.17728720564e-17, 1.63710177075e-17, 1.96007956944e-17, 1.64424761863e-17, 1.42519480687e-17, 7.62471100414e-18, 6.86099251536e-18, 3.90515772217e-18, 1.06430744478e-18, 2.70295973457e-19, 3.16347890505e-20],
        "var": [0.0204657204449, 4.22670507431, 88.2923660278, 24.0461540222, 166.59967041, 684.641418457, 3174.57788086, 1768.40234375, 401.457702637, 6338.24511719, 18952.0273438, 5219.62548828, 6599.40820312, 4891.04052734, 14208.2666016, 6091.16064453, 71830.7109375, 166755.796875, 6246.53466797, 386.126281738, 661.535339355, 15.7467279434, 5.93841934204, 5.97555208206, 0.722065746784, 0.23011495173, 0.259945511818, 2.05373907089, 0.00516354152933, 0.00719278724864, 0.000228678851272, 0.00172873947304, 0.0004578390799, 0.000475473585539, 0.000256377854384, 7.11045286153e-05, 0.000307754788082, 5.36993320566e-06, 2.85139112322e-09, 9.74966440914e-10]
    },
    "gfcc": {
        "mean": [-111.192382812, 188.860092163, -122.861297607, -0.662166893482, -37.0298957825, -14.6299638748, -20.2458095551, -3.41885471344, -11.4885759354, -2.10647726059, -7.73713064194, -5.2978348732, -3.9588778019],
        "cov": [[17945.0429688, 2137.83862305, -1513.92285156, 322.673156738, -291.946472168, 108.888343811, -106.268562317, -231.019393921, -243.155975342, -224.023406982, -229.594314575, -159.561355591, -24.3982334137], [2137.83862305, 1184.92932129, -188.315567017, -84.9503936768, 163.367858887, -98.5419235229, 103.993721008, -88.3517379761, 50.3472480774, -101.289741516, 121.892799377, -83.0049362183, 18.6482620239], [-1513.92285156, -188.315567017, 629.601135254, 98.8599853516, -48.8650856018, -17.7399349213, 5.05894613266, 98.0366897583, 4.48775434494, 1.61486423016, -63.4289512634, 23.7666378021, 8.76038265228], [322.673156738, -84.9503936768, 98.8599853516, 262.503234863, 33.8960342407, 46.7876777649, -4.44550514221, 59.719997406, 8.42345809937, -37.8098449707, -49.5870132446, 20.590713501, 8.50570106506], [-291.946472168, 163.367858887, -48.8650856018, 33.8960342407, 283.501434326, 100.298019409, 66.1396636963, -62.0157432556, 28.1664772034, 6.6775021553, 79.0440216064, -35.257183075, -18.9713306427], [108.888343811, -98.5419235229, -17.7399349213, 46.7876777649, 100.298019409, 162.399124146, 37.1349487305, -12.3586778641, -14.4034309387, 13.1133899689, -3.52604651451, -18.7898788452, -36.7307891846], [-106.268562317, 103.993721008, 5.05894613266, -4.44550514221, 66.1396636963, 37.1349487305, 101.447731018, 18.9816074371, 28.2669124603, -8.09340190887, 35.2043457031, -13.4332294464, 1.41524338722], [-231.019393921, -88.3517379761, 98.0366897583, 59.719997406, -62.0157432556, -12.3586778641, 18.9816074371, 117.327651978, 32.4357147217, -3.05745315552, -38.7098617554, 22.9821796417, 6.98456144333], [-243.155975342, 50.3472480774, 4.48775434494, 8.42345809937, 28.1664772034, -14.4034309387, 28.2669124603, 32.4357147217, 75.5760192871, 15.3386259079, 29.9628505707, -13.2221374512, -4.78843688965], [-224.023406982, -101.289741516, 1.61486423016, -37.8098449707, 6.6775021553, 13.1133899689, -8.09340190887, -3.05745315552, 15.3386259079, 98.4549026489, 29.9521064758, -2.72748684883, -27.5680484772], [-229.594314575, 121.892799377, -63.4289512634, -49.5870132446, 79.0440216064, -3.52604651451, 35.2043457031, -38.7098617554, 29.9628505707, 29.9521064758, 110.764083862, 2.03644824028, -10.0212173462], [-159.561355591, -83.0049362183, 23.7666378021, 20.590713501, -35.257183075, -18.7898788452, -13.4332294464, 22.9821796417, -13.2221374512, -2.72748684883, 2.03644824028, 80.8169250488, 39.4679641724], [-24.3982334137, 18.6482620239, 8.76038265228, 8.50570106506, -18.9713306427, -36.7307891846, 1.41524338722, 6.98456144333, -4.78843688965, -27.5680484772, -10.0212173462, 39.4679641724, 75.3028259277]],
        "icov": [[0.000229501558351, -0.000722178258002, 0.000522132089827, -0.000752692634705, 0.000927356421016, -0.000779459311161, 8.58355269884e-05, 0.000369447749108, 0.000433785520727, -0.000755800458137, 0.000735279347282, -8.52666489664e-05, -1.15409575301e-05], [-0.000722178258002, 0.0039079580456, -0.00137966510374, 0.00239465199411, -0.00365553540178, 0.00425521144643, -0.00153788330499, -0.000810184516013, -0.00119497720152, 0.00411252817139, -0.0033884588629, 0.00178691081237, -1.09698039523e-05], [0.000522132089827, -0.00137966510374, 0.00319029740058, -0.00219582067803, 0.00162879459094, -0.000701961223967, -0.000545314280316, -0.000414959125919, 0.00176317628939, -0.00215192465112, 0.00241621630266, -0.000145933765452, 0.000226747550187], [-0.000752692634705, 0.00239465199411, -0.00219582067803, 0.00870440620929, -0.00513555575162, 0.000683597405441, 0.00244735903107, -0.00440681772307, -0.00279589160345, 0.00512657454237, -0.000779526715633, -0.00135474535637, 0.000143081575516], [0.000927356421016, -0.00365553540178, 0.00162879459094, -0.00513555575162, 0.0126279676333, -0.00843350682408, -0.00118131632917, 0.00615163147449, -0.00145079230424, -0.00322480197065, -0.00110268208664, 0.00111125048716, -0.00188630702905], [-0.000779459311161, 0.00425521144643, -0.000701961223967, 0.000683597405441, -0.00843350682408, 0.0176763050258, -0.00791920069605, 0.000292124896077, 0.00310707837343, 0.00112542591523, 0.00228293891996, -0.000885871879291, 0.00669493479654], [8.58355269884e-05, -0.00153788330499, -0.000545314280316, 0.00244735903107, -0.00118131632917, -0.00791920069605, 0.0212847199291, -0.00992590654641, -0.00047223168076, 0.00315220584162, -0.00838286802173, 0.0054419268854, -0.00628794822842], [0.000369447749108, -0.000810184516013, -0.000414959125919, -0.00440681772307, 0.00615163147449, 0.000292124896077, -0.00992590654641, 0.0250228196383, -0.0125565892085, -0.00252094864845, 0.0117258289829, -0.00999337807298, 0.00550113106146], [0.000433785520727, -0.00119497720152, 0.00176317628939, -0.00279589160345, -0.00145079230424, 0.00310707837343, -0.00047223168076, -0.0125565892085, 0.0278577841818, -0.00463675148785, -0.00786798913032, 0.00951218232512, -0.00308791757561], [-0.000755800458137, 0.00411252817139, -0.00215192465112, 0.00512657454237, -0.00322480197065, 0.00112542591523, 0.00315220584162, -0.00252094864845, -0.00463675148785, 0.0191917773336, -0.00818017404526, 0.000422687910032, 0.00374009320512], [0.000735279347282, -0.0033884588629, 0.00241621630266, -0.000779526715633, -0.00110268208664, 0.00228293891996, -0.00838286802173, 0.0117258289829, -0.00786798913032, -0.00818017404526, 0.0282589178532, -0.0134530132636, 0.00810667686164], [-8.52666489664e-05, 0.00178691081237, -0.000145933765452, -0.00135474535637, 0.00111125048716, -0.000885871879291, 0.0054419268854, -0.00999337807298, 0.00951218232512, 0.000422687910032, -0.0134530132636, 0.027800893411, -0.0152294402942], [-1.15409575301e-05, -1.09698039523e-05, 0.000226747550187, 0.000143081575516, -0.00188630702905, 0.00669493479654, -0.00628794822842, 0.00550113106146, -0.00308791757561, 0.00374009320512, 0.00810667686164, -0.0152294402942, 0.0258682798594]]
    },
    "melbands": {
        "dmean": [0.000344575033523, 0.000945712788962, 0.000270941061899, 0.000262349116383, 0.000625260407105, 0.000385911756894, 9.86020240816e-05, 0.000326184323058, 0.000270276272204, 9.36168580665e-05, 0.000123924677609, 8.7389635155e-05, 8.44412279548e-05, 7.86715754657e-05, 2.27231630561e-05, 0.000166260666447, 0.000139562165714, 2.68747680821e-05, 6.97297446095e-06, 1.34978390633e-05, 5.42483803656e-06, 2.13619932765e-06, 1.29383420244e-06, 6.67732876991e-07, 7.56230463139e-07, 4.0854175154e-07, 2.50699628168e-07, 1.38654655757e-07, 7.72182460196e-08, 1.34463405743e-07, 5.77213334907e-08, 1.31752031507e-08, 8.35300095758e-09, 6.3197624911e-09, 2.94326607531e-09, 3.33934968566e-09, 3.04441494237e-09, 1.42881084741e-09, 1.54915691386e-09, 2.78238854179e-09],
        "dmean2": [0.000417406816268, 0.00119362701662, 0.000298018770991, 0.000356612115866, 0.000966100487858, 0.000561592460144, 0.000149841231178, 0.00047066991101, 0.000380247278372, 0.000145505968248, 0.000204951778869, 0.000137826951686, 0.000137324255775, 0.000120688469906, 3.45245825883e-05, 0.00028208681033, 0.000255100807408, 4.81117021991e-05, 1.18632315207e-05, 2.2329382773e-05, 9.01445491763e-06, 3.4758484162e-06, 2.05487822313e-06, 1.08203744276e-06, 1.23581799016e-06, 6.54299640246e-07, 3.93754845618e-07, 2.22663842919e-07, 1.25300559262e-07, 2.45627745699e-07, 1.03045188382e-07, 2.02501961866e-08, 1.21941967635e-08, 9.43767908268e-09, 4.47504655554e-09, 5.08396258425e-09, 4.9699928617e-09, 2.218777162e-09, 2.45709719238e-09, 4.4701669033e-09],
        "dvar": [2.98620363992e-07, 3.08136486638e-06, 1.81761677709e-07, 2.37784988144e-07, 1.14236434001e-06, 2.69263011887e-07, 3.77873590196e-08, 4.01754476798e-07, 4.0209852159e-07, 2.46347244826e-08, 1.07841174213e-07, 4.18195469365e-08, 7.90149456975e-08, 1.0161611641e-07, 3.86147736009e-09, 9.1579107675e-07, 6.82650238559e-07, 2.29234977667e-08, 7.48709094722e-10, 3.5182960989e-09, 5.70203828598e-10, 1.89463635752e-11, 3.81625720608e-12, 2.26782915363e-12, 4.78663549769e-12, 3.16749149696e-13, 1.0180276896e-13, 4.31342380433e-14, 1.47230606206e-14, 3.30244349662e-13, 4.7076204019e-14, 3.00188476507e-16, 1.82055305982e-16, 1.45673493892e-16, 1.61175828027e-17, 7.17258963231e-17, 3.63218977439e-16, 2.84739919038e-17, 4.22418440995e-17, 4.86676332372e-16],
        "dvar2": [3.67811765045e-07, 4.19533671447e-06, 1.91906892155e-07, 4.52418532859e-07, 3.09389929498e-06, 5.84679639815e-07, 8.73971757187e-08, 8.63883599322e-07, 6.37990922314e-07, 5.46551746083e-08, 3.04693315911e-07, 1.09298873952e-07, 1.99348036745e-07, 2.69574229605e-07, 8.51235348875e-09, 2.40498479798e-06, 2.32328898164e-06, 7.17264398986e-08, 2.19683604641e-09, 9.31481469735e-09, 1.47818868257e-09, 4.97309832204e-11, 8.43859183919e-12, 5.8425417282e-12, 1.2213616403e-11, 8.27392408059e-13, 2.65378891822e-13, 1.11523352944e-13, 4.23373392822e-14, 7.47510560395e-13, 1.10807244185e-13, 7.31543445968e-16, 4.29503646605e-16, 3.30033153008e-16, 3.96735442505e-17, 1.3594872186e-16, 1.00856700074e-15, 6.90214855586e-17, 9.15858146162e-17, 1.31094675148e-15],
        "max": [0.011000986211, 0.0347789563239, 0.00836648978293, 0.00864431913942, 0.0138005148619, 0.00677747745067, 0.00281797070056, 0.00967131741345, 0.012861748226, 0.00368735217489, 0.00503919320181, 0.0023606903851, 0.00327566149645, 0.00564646348357, 0.000920467544347, 0.0152912549675, 0.012465137057, 0.0024621351622, 0.000479897134937, 0.00087443360826, 0.000450971885584, 7.78694084147e-05, 2.19467747229e-05, 2.26368101721e-05, 3.5854489397e-05, 5.07852564624e-06, 3.52895472133e-06, 2.37450512941e-06, 1.36954236041e-06, 1.16505952974e-05, 4.24219797424e-06, 1.77282075242e-07, 2.85191248395e-07, 2.73367845693e-07, 4.36516494062e-08, 1.97937339408e-07, 3.96572119143e-07, 1.08522954179e-07, 1.58843604936e-07, 4.42333174533e-07],
        "mean": [0.00091833336046, 0.00226054270752, 0.000780345581006, 0.000627966830507, 0.00119215564337, 0.000721568416338, 0.000202164446819, 0.000592760334257, 0.000513239356223, 0.000186337681953, 0.000174252912984, 0.000137059192639, 0.000106220359157, 9.2422014859e-05, 3.55018091796e-05, 0.000161689764354, 0.000154958717758, 2.79714822682e-05, 9.39806614042e-06, 1.55766847456e-05, 6.94618756825e-06, 3.3849510146e-06, 2.17194224206e-06, 1.08222309336e-06, 1.18409082006e-06, 6.94289212788e-07, 4.82428106352e-07, 2.64011305262e-07, 1.45042591271e-07, 4.0466363771e-07, 1.66224623399e-07, 2.78417733313e-08, 2.55180747644e-08, 2.00593941457e-08, 6.2245955057e-09, 1.07862554444e-08, 8.13426126456e-09, 4.0880743235e-09, 4.87040763275e-09, 5.35956878878e-09],
        "median": [0.000334073265549, 0.000639725476503, 0.000358503049938, 0.000243289658101, 0.000566222588532, 0.000397832074668, 0.000102954953036, 0.000209659032407, 0.000155443063704, 6.82372410665e-05, 4.65321390948e-05, 4.22586454079e-05, 1.53155888256e-05, 1.28299489006e-05, 1.14885206131e-05, 7.6873038779e-06, 6.71057841828e-06, 3.82330472348e-06, 3.62871651305e-06, 4.48809259979e-06, 2.88616502075e-06, 2.04425214179e-06, 1.21668097108e-06, 6.14515101915e-07, 6.98318785908e-07, 4.39005702901e-07, 3.36095695275e-07, 1.83686154287e-07, 9.42232816215e-08, 4.64648053367e-08, 2.83933019318e-08, 1.79170314141e-08, 1.12872031721e-08, 6.97738489208e-09, 3.87186416262e-09, 3.27262394961e-09, 2.07468309199e-09, 1.18859355691e-09, 6.9856853635e-10, 5.17628662156e-10],
        "min": [5.33035916899e-24, 1.90900252764e-23, 5.99012890353e-24, 7.49730485537e-24, 8.58254790243e-24, 6.78182536927e-24, 6.38247203018e-24, 7.64347525908e-24, 7.04586658058e-24, 3.55085304988e-24, 1.1863557669e-23, 8.03540265604e-24, 1.06047920441e-23, 4.36199257035e-24, 8.13707262722e-24, 6.66301187289e-24, 7.09117165123e-24, 4.42106799696e-24, 6.21267760894e-24, 7.53236025627e-24, 7.77542565611e-24, 1.25706846959e-23, 1.16704460972e-23, 8.43217208123e-24, 7.25937572888e-24, 1.00739746407e-23, 8.24991286883e-24, 9.56521457712e-24, 1.09616829728e-23, 8.50522296764e-24, 9.03499986348e-24, 7.67140961259e-24, 6.71990925454e-24, 5.94490508555e-24, 7.72883631991e-24, 1.22204391314e-23, 1.16329846705e-23, 8.60483243414e-24, 1.686820327e-23, 1.04720409532e-23],
