{
"metadata": {
    "version": {
        "essentia": "2.0.1",
        "extractor": "archive-music 1.0"
    },
    "audio_properties": {
        "analysis_sample_rate": 44100,
        "bitrate": 128,
        "channels": 2,
        "equal_loudness": 0,
        "length": 14.7069387436,
        "replay_gain": -5.36835289001,
        "downmix": "mix"
    },
    "tags": {
        "track": 0,
        "year": 0,
        "album": "",
        "artist": "",
        "comment": "",
        "genre": "",
        "title": ""
    }
},
"highlevel": {
    "culture": {
        "all": {
            "non_western": 6.74777936638e-07,
            "western": 0.999999344349
        },
        "probability": 0.999999344349,
        "value": "western"
    },
    "danceability": {
        "all": {
            "danceable": 0.922434866428,
            "not_danceable": 0.0775651186705
        },
        "probability": 0.922434866428,
        "value": "danceable"
    },
    "gender": {
        "all": {
            "female": 0.175757408142,
            "male": 0.824242591858
        },
        "probability": 0.824242591858,
        "value": "male"
    },
    "genre_dortmund": {
        "all": {
            "alternative": 0.0436217710376,
            "blues": 0.242909193039,
            "electronic": 0.0142282713205,
            "folkcountry": 0.120155356824,
            "funksoulrnb": 0.0302338860929,
            "jazz": 0.329957604408,
            "pop": 0.053455915302,
            "raphiphop": 0.0166838224977,
            "rock": 0.148754179478
        },
        "probability": 0.329957604408,
        "value": "jazz"
    },
    "genre_electronic": {
        "all": {
            "ambient": 0.794961988926,
            "dnb": 0.0898142009974,
            "house": 0.0831731706858,
            "techno": 0.0071379756555,
            "trance": 0.0249126683921
        },
        "probability": 0.794961988926,
        "value": "ambient"
    },
    "genre_rosamerica": {
        "all": {
            "cla": 0.143730252981,
            "dan": 0.0137739134952,
            "hip": 0.0190860684961,
            "jaz": 0.0754114165902,
            "pop": 0.277949184179,
            "rhy": 0.0910906866193,
            "roc": 0.355662792921,
            "spe": 0.023295680061
        },
        "probability": 0.355662792921,
        "value": "roc"
    },
    "genre_tzanetakis": {
        "all": {
            "blu": 0.0224653370678,
            "cla": 0.196344465017,
            "cou": 0.12435939908,
            "dis": 0.111864976585,
            "hip": 0.0230532810092,
            "jaz": 0.092785127461,
            "met": 0.0126055432484,
            "pop": 0.0793743208051,
            "reg": 0.240418598056,
            "roc": 0.0967289358377
        },
        "probability": 0.240418598056,
        "value": "reg"
    },
    "mirex_ballroom": {
        "all": {
            "ChaChaCha": 0.0204462427646,
            "Jive": 0.026766680181,
            "Quickstep": 0.0166772007942,
            "Rumba-American": 0.00166808057111,
            "Rumba-International": 0.00266727036797,
            "Rumba-Misc": 0.00173255626578,
            "Samba": 0.00273705064319,
            "Tango": 0.867023229599,
            "VienneseWaltz": 0.0417227894068,
            "Waltz": 0.0185588952154
        },
        "probability": 0.867023229599,
        "value": "Tango"
    },
    "mood_acoustic": {
        "all": {
            "acoustic": 0.445894002914,
            "not_acoustic": 0.554105997086
        },
        "probability": 0.554105997086,
        "value": "not_acoustic"
    },
    "mood_aggressive": {
        "all": {
            "aggressive": 0.312478274107,
            "not_aggressive": 0.687521755695
        },
        "probability": 0.687521755695,
        "value": "not_aggressive"
    },
    "mood_electronic": {
        "all": {
            "electronic": 0.0529092215002,
            "not_electronic": 0.947090804577
        },
        "probability": 0.947090804577,
        "value": "not_electronic"
    },
    "mood_happy": {
        "all": {
            "happy": 0.812164902687,
            "not_happy": 0.187835097313
        },
        "probability": 0.812164902687,
        "value": "happy"
    },
    "mood_party": {
        "all": {
            "not_party": 0.86384421587,
            "party": 0.136155813932
        },
        "probability": 0.86384421587,
        "value": "not_party"
    },
    "mood_relaxed": {
        "all": {
            "not_relaxed": 0.719501972198,
            "relaxed": 0.280497997999
        },
        "probability": 0.719501972198,
        "value": "not_relaxed"
    },
    "mood_sad": {
        "all": {
            "not_sad": 0.403674870729,
            "sad": 0.596325159073
        },
        "probability": 0.596325159073,
        "value": "sad"
    },
    "moods_mirex": {
        "all": {
            "Cluster1": 0.127505227923,
            "Cluster2": 0.544571816921,
            "Cluster3": 0.0765895992517,
            "Cluster4": 0.236639142036,
            "Cluster5": 0.0146942147985
        },
        "probability": 0.544571816921,
        "value": "Cluster2"
    },
    "timbre": {
        "all": {
            "bright": 1,
            "dark": 5.8270409331e-11
        },
        "probability": 1,
        "value": "bright"
    },
    "tonal_atonal": {
        "all": {
            "atonal": 0.0124032804742,
            "tonal": 0.987596690655
        },
        "probability": 0.987596690655,
        "value": "tonal"
    },
    "voice_instrumental": {
        "all": {
            "instrumental": 0.996224284172,
            "voice": 0.00377571745776
        },
        "probability": 0.996224284172,
        "value": "instrumental"
    }
},
"lowlevel": {
    "average_loudness": 0.977325320244,
    "barkbands_kurtosis": {
        "dmean": 1.453982234,
        "dmean2": 2.43765187263,
        "dvar": 4.09438705444,
        "dvar2": 9.73269557953,
        "max": 25.6633377075,
        "mean": 0.329780191183,
        "median": -0.461829185486,
        "min": -1.72708082199,
        "var": 6.45703983307
    },
    "barkbands_skewness": {
        "dmean": 0.625710844994,
        "dmean2": 0.984419941902,
        "dvar": 0.296294301748,
        "dvar2": 0.71654099226,
        "max": 4.68025016785,
        "mean": 0.474626541138,
        "median": 0.445591926575,
        "min": -2.44216418266,
        "var": 0.862966001034
    },
    "barkbands_spread": {
        "dmean": 4.91479206085,
        "dmean2": 7.74607658386,
        "dvar": 20.8916912079,
        "dvar2": 51.6858329773,
        "max": 51.0976257324,
        "mean": 20.0848140717,
        "median": 18.9848079681,
        "min": 3.133923769,
        "var": 55.0064468384
    },
    "dissonance": {
        "dmean": 0.0244063809514,
        "dmean2": 0.0420045033097,
        "dvar": 0.000546137685888,
        "dvar2": 0.00155708438251,
        "max": 0.499999880791,
        "mean": 0.458392292261,
        "median": 0.463098883629,
        "min": 0.315481007099,
        "var": 0.000786875141785
    },
    "dynamic_complexity": 3.21373844147,
    "erbbands_kurtosis": {
        "dmean": 1.54378843307,
        "dmean2": 2.5401391983,
        "dvar": 4.1216211319,
        "dvar2": 10.4840326309,
        "max": 16.9135894775,
        "mean": 0.659936547279,
        "median": -0.136548042297,
        "min": -1.58040380478,
        "var": 5.32030010223
    },
    "erbbands_skewness": {
        "dmean": 0.497800052166,
        "dmean2": 0.809757292271,
        "dvar": 0.16759082675,
        "dvar2": 0.425378888845,
        "max": 2.59254622459,
        "mean": -0.372586458921,
        "median": -0.377008646727,
        "min": -2.80712628365,
        "var": 0.40405318141
    },
    "erbbands_spread": {
        "dmean": 6.6079993248,
        "dmean2": 10.7373123169,
        "dvar": 28.7962741852,
        "dvar2": 71.8045730591,
        "max": 65.7048797607,
        "mean": 23.08735466,
        "median": 22.3918609619,
        "min": 3.78892421722,
        "var": 84.0435791016
    },
    "hfc": {
        "dmean": 12.1964292526,
        "dmean2": 18.3845005035,
        "dvar": 188.651290894,
        "dvar2": 403.810180664,
        "max": 153.189163208,
        "mean": 23.596321106,
        "median": 18.7411670685,
        "min": 1.21270209984e-16,
        "var": 404.760345459
    },
    "melbands_kurtosis": {
        "dmean": 2.9996547699,
        "dmean2": 4.87788105011,
        "dvar": 25.055273056,
        "dvar2": 58.4549331665,
        "max": 68.6680374146,
        "mean": 2.79915070534,
        "median": 0.804560899734,
        "min": -1.70285248756,
        "var": 43.1163520813
    },
    "melbands_skewness": {
        "dmean": 0.705193996429,
        "dmean2": 1.10870480537,
        "dvar": 0.465779215097,
        "dvar2": 1.11402094364,
        "max": 7.17872905731,
        "mean": 1.26859557629,
        "median": 1.10682797432,
        "min": -1.62617373466,
        "var": 1.28168308735
    },
    "melbands_spread": {
        "dmean": 8.99598407745,
        "dmean2": 14.3037815094,
        "dvar": 74.1509933472,
        "dvar2": 168.225814819,
        "max": 152.904281616,
        "mean": 30.2287521362,
        "median": 28.9831466675,
        "min": 3.93316912651,
        "var": 230.355407715
    },
    "pitch_salience": {
        "dmean": 0.0721355602145,
        "dmean2": 0.116642162204,
        "dvar": 0.00353445508517,
        "dvar2": 0.00894682854414,
        "max": 0.976674079895,
        "mean": 0.496658742428,
        "median": 0.489961892366,
        "min": 0.24271863699,
        "var": 0.00914505589753
    },
    "silence_rate_20dB": {
        "dmean": 0,
        "dmean2": 0,
        "dvar": 0,
        "dvar2": 0,
        "max": 1,
        "mean": 1,
        "median": 1,
        "min": 1,
        "var": 0
    },
    "silence_rate_30dB": {
        "dmean": 0.0094637228176,
        "dmean2": 0.0189573466778,
        "dvar": 0.00937418546528,
        "dvar2": 0.0249171219766,
        "max": 1,
        "mean": 0.993700802326,
        "median": 1,
        "min": 0,
        "var": 0.00625951541588
    },
    "silence_rate_60dB": {
        "dmean": 0.0126182967797,
        "dmean2": 0.0252764616162,
        "dvar": 0.012459103018,
        "dvar2": 0.0246375910938,
        "max": 1,
        "mean": 0.080314964056,
        "median": 0,
        "min": 0,
        "var": 0.073864646256
    },
    "spectral_centroid": {
        "dmean": 260.575927734,
        "dmean2": 398.041229248,
        "dvar": 127742.132812,
        "dvar2": 166702.875,
        "max": 11199.5712891,
        "mean": 1453.06481934,
        "median": 1420.73303223,
        "min": 442.101104736,
        "var": 334937
    },
    "spectral_complexity": {
        "dmean": 3.05678224564,
        "dmean2": 4.36334896088,
        "dvar": 8.71286487579,
        "dvar2": 15.4761753082,
        "max": 39,
        "mean": 15.9905509949,
        "median": 16,
        "min": 0,
        "var": 44.8849334717
    },
    "spectral_crest": {
        "dmean": 3.34417366982,
        "dmean2": 5.59497785568,
        "dvar": 8.21043682098,
        "dvar2": 21.7106819153,
        "max": 21.8685150146,
        "mean": 10.087015152,
        "median": 9.3530960083,
        "min": 4.10081481934,
        "var": 14.2192621231
    },
    "spectral_decrease": {
        "dmean": 3.58116403198e-09,
        "dmean2": 5.36386179917e-09,
        "dvar": 2.86142287961e-17,
        "dvar2": 6.90103086942e-17,
        "max": 1.50479755643e-28,
        "mean": -6.75355948943e-09,
        "median": -5.08919217879e-09,
        "min": -4.22926156318e-08,
        "var": 4.00498584896e-17
    },
    "spectral_energy": {
        "dmean": 0.0144924800843,
        "dmean2": 0.021634362638,
        "dvar": 0.000438007496996,
        "dvar2": 0.00104407442268,
        "max": 0.163485273719,
        "mean": 0.0276297591627,
        "median": 0.0210700090975,
        "min": 1.04316126712e-20,
        "var": 0.000639435427729
    },
    "spectral_energyband_high": {
        "dmean": 9.64689970715e-05,
        "dmean2": 0.000132496628794,
        "dvar": 1.59305759695e-08,
        "dvar2": 2.97770785807e-08,
        "max": 0.00116779434029,
        "mean": 0.000196634427994,
        "median": 0.000143974000821,
        "min": 7.59546480573e-21,
        "var": 3.31798908348e-08
    },
    "spectral_energyband_low": {
        "dmean": 0.00591980107129,
        "dmean2": 0.00995763018727,
        "dvar": 0.000274806166999,
        "dvar2": 0.000745591241866,
        "max": 0.134324669838,
        "mean": 0.00672683259472,
        "median": 0.00054342841031,
        "min": 1.07326659235e-22,
        "var": 0.000227097494644
    },
    "spectral_energyband_middle_high": {
        "dmean": 0.00610187184066,
        "dmean2": 0.00944938510656,
        "dvar": 5.54852740606e-05,
        "dvar2": 0.000126613478642,
        "max": 0.0811600387096,
        "mean": 0.00999870337546,
        "median": 0.00729930959642,
        "min": 1.43373906948e-21,
        "var": 9.71485278569e-05
    },
    "spectral_energyband_middle_low": {
        "dmean": 0.00573819968849,
        "dmean2": 0.00829647295177,
        "dvar": 6.16384277237e-05,
        "dvar2": 0.000117326584586,
        "max": 0.0905127897859,
        "mean": 0.0111328363419,
        "median": 0.0076799178496,
        "min": 2.94115012396e-22,
        "var": 0.00013712553482
    },
    "spectral_flatness_db": {
        "dmean": 0.0228973180056,
        "dmean2": 0.0372002571821,
        "dvar": 0.000390147586586,
        "dvar2": 0.00100722908974,
        "max": 0.256452769041,
        "mean": 0.15488769114,
        "median": 0.153499856591,
        "min": 0.0426141098142,
        "var": 0.000910195696633
    },
    "spectral_flux": {
        "dmean": 0.033653408289,
        "dmean2": 0.0512093231082,
        "dvar": 0.00149124464951,
        "dvar2": 0.00342775532044,
        "max": 0.365357577801,
        "mean": 0.0909164324403,
        "median": 0.0812142491341,
        "min": 1.02135265523e-10,
        "var": 0.00305971479975
    },
    "spectral_kurtosis": {
        "dmean": 3.14479184151,
        "dmean2": 5.49997091293,
        "dvar": 7.59907817841,
        "dvar2": 22.5710010529,
        "max": 25.5846824646,
        "mean": 6.55231666565,
        "median": 5.87056159973,
        "min": -1.25239515305,
        "var": 11.22103405
    },
    "spectral_rms": {
        "dmean": 0.00124931882601,
        "dmean2": 0.00175177166238,
        "dvar": 1.99685518965e-06,
        "dvar2": 4.38889401266e-06,
        "max": 0.0126292444766,
        "mean": 0.0046666264534,
        "median": 0.00453388411552,
        "min": 3.19016969959e-12,
        "var": 5.17843682246e-06
    },
    "spectral_rolloff": {
        "dmean": 431.682281494,
        "dmean2": 722.36529541,
        "dvar": 775740.75,
        "dvar2": 1429940.875,
        "max": 19250.6835938,
        "mean": 1804.95666504,
        "median": 1765.72265625,
        "min": 107.666015625,
        "var": 3057084.75
    },
    "spectral_skewness": {
        "dmean": 0.314923346043,
        "dmean2": 0.534837067127,
        "dvar": 0.0671539753675,
        "dvar2": 0.188465297222,
        "max": 3.33728098869,
        "mean": 1.60377192497,
        "median": 1.55866348743,
        "min": -0.0476384945214,
        "var": 0.131918802857
    },
    "spectral_spread": {
        "dmean": 401901.4375,
        "dmean2": 558733.375,
        "dvar": 2.22358011904e+12,
        "dvar2": 1.81301818163e+12,
        "max": 42420980,
        "mean": 3004273.25,
        "median": 2738496,
        "min": 1894317.125,
        "var": 4.195876864e+12
    },
    "spectral_strongpeak": {
        "dmean": 1.4905411005,
        "dmean2": 2.52367925644,
        "dvar": 3.47847700119,
        "dvar2": 8.49723815918,
        "max": 15.5532264709,
        "mean": 1.99256777763,
        "median": 0.916953861713,
        "min": 0,
        "var": 5.136739254
    },
    "zerocrossingrate": {
        "dmean": 0.00828075688332,
        "dmean2": 0.00961289275438,
        "dvar": 0.000319657410728,
        "dvar2": 0.000347555527696,
        "max": 0.5205078125,
        "mean": 0.0605045817792,
        "median": 0.05712890625,
        "min": 0.01123046875,
        "var": 0.00214492739178
    },
    "barkbands": {
        "dmean": [7.63459102018e-05, 0.00397821050137, 0.00205170083791, 0.00054323655786, 0.00169043359347, 0.000557838589884, 0.0018561478937, 0.00130835652817, 0.001608122373, 0.000751435291022, 0.000179089576704, 0.00154955720063, 0.000906204571947, 0.00103567598853, 0.00170015043113, 0.00149080937263, 0.000409417290939, 0.000311529962346, 9.81942284852e-05, 6.72577371006e-05, 5.11716498295e-05, 1.50396899699e-05, 6.70713598083e-06, 3.69404324374e-06, 2.47600223702e-06, 9.38245989346e-07, 2.30305545301e-07],
        "dmean2": [0.000131933426019, 0.00684078270569, 0.00342272501439, 0.000862263492309, 0.00273211020976, 0.00088630290702, 0.00289483973756, 0.00196683150716, 0.00223362678662, 0.00109187909402, 0.000277552724583, 0.00254245148972, 0.00154982763343, 0.00172036560252, 0.00282851257361, 0.00247089494951, 0.000681388191879, 0.000520672299899, 0.000140591495438, 0.000102121543023, 7.46183868614e-05, 2.22881226364e-05, 9.47012358665e-06, 4.87459737997e-06, 3.36280618285e-06, 1.44301441196e-06, 3.81136743499e-07],
        "dvar": [2.9898245657e-08, 0.000134247748065, 3.25903420162e-05, 9.8465238807e-07, 6.80285529597e-06, 1.11769327305e-06, 1.56879104907e-05, 4.0507434278e-06, 2.71654134849e-05, 1.3364768165e-05, 2.75680804407e-07, 1.52725988301e-05, 3.79963717023e-06, 7.83644645708e-06, 1.21648445202e-05, 9.05650540517e-06, 3.82476002869e-07, 2.44281977757e-07, 1.88353741493e-08, 8.02829092095e-09, 6.65885036e-09, 3.97912369721e-10, 8.58123502812e-11, 4.16104720125e-11, 3.73771291695e-11, 6.1894113966e-12, 2.06974994327e-13],
        "dvar2": [7.96386174784e-08, 0.000373730115825, 8.55483303894e-05, 2.43924387178e-06, 1.79026847036e-05, 2.89041054202e-06, 3.50976843038e-05, 9.12417635845e-06, 5.29553035449e-05, 2.19668982027e-05, 6.03410512667e-07, 3.83171427529e-05, 1.09355723907e-05, 2.09007030207e-05, 2.92774293484e-05, 2.43944850808e-05, 9.4920187621e-07, 6.87135070621e-07, 3.77750417613e-08, 1.59744590889e-08, 1.43649705464e-08, 7.89677045976e-10, 1.73443356899e-10, 7.73184849479e-11, 7.5491272955e-11, 1.44188020898e-11, 5.33583919236e-13],
        "max": [0.00184679951053, 0.096166998148, 0.0483444184065, 0.00880559254438, 0.0220169778913, 0.0134345199913, 0.0419094190001, 0.018367215991, 0.0718418508768, 0.081997603178, 0.00952305458486, 0.0385807044804, 0.0195428598672, 0.0259206648916, 0.0352927520871, 0.0326087325811, 0.00519874272868, 0.00590922450647, 0.00176354672294, 0.000871653261129, 0.000870792660862, 0.000183306896361, 8.78506689332e-05, 7.60331604397e-05, 7.13072076906e-05, 2.76438458968e-05, 5.76090633331e-06],
        "mean": [0.000107694038888, 0.0043389769271, 0.00208017835394, 0.000702627410647, 0.00268238177523, 0.000995401642285, 0.00241930247284, 0.00192740617786, 0.00197806931101, 0.000956549600232, 0.000241824498517, 0.00161074427888, 0.000958537566476, 0.001099253539, 0.00245434325188, 0.00174222420901, 0.00050984241534, 0.000402206176659, 0.000158301918418, 0.000125061866129, 8.75879559317e-05, 2.80270160147e-05, 1.28703750306e-05, 5.87975409871e-06, 3.05630919684e-06, 9.00578470464e-07, 5.33673585323e-07],
        "median": [5.95585952397e-05, 0.000273997604381, 9.76128721959e-05, 0.000267081049969, 0.00158339075278, 0.00050832569832, 0.000569005555008, 0.000806134601589, 0.000281684275251, 0.000212168815779, 6.30145514151e-05, 0.000410740525695, 0.000222068076255, 0.000201780843781, 0.000598845770583, 0.000463499192847, 0.000211773556657, 0.000212080354686, 7.87693425082e-05, 7.7607910498e-05, 5.52964665985e-05, 1.89195616258e-05, 9.6149115052e-06, 2.99145222016e-06, 7.50048229747e-07, 1.43408158237e-07, 4.76503885238e-07],
        "min": [4.41645237181e-24, 8.13543921183e-23, 1.79763540489e-23, 1.94839524358e-23, 1.28914197627e-22, 3.60334464337e-23, 3.02998823123e-23, 2.33206247799e-23, 3.43503296509e-23, 8.38809368929e-23, 3.58198954758e-23, 3.64866249357e-23, 6.93411638697e-23, 8.46833788275e-23, 2.24503477495e-22, 2.0899697121e-22, 2.36256924381e-22, 1.55072964084e-22, 2.25960812821e-22, 1.86976329248e-22, 2.65348120325e-22, 4.35047070463e-22, 5.84533409968e-22, 7.7910750472e-22, 1.31127736278e-21, 1.4670058261e-21, 2.94001012529e-21],
        "var": [2.86664647575e-08, 0.000105022540083, 2.97986971418e-05, 1.30869466375e-06, 1.06664256236e-05, 1.70337261807e-06, 2.43537051574e-05, 7.32925991542e-06, 4.2953681259e-05, 2.05095930141e-05, 3.86219937809e-07, 1.53226537805e-05, 3.7030229123e-06, 7.97306984168e-06, 2.184135883e-05, 1.17327699627e-05, 5.10601410042e-07, 2.9981777061e-07, 4.3734736721e-08, 1.98483824931e-08, 1.06121404997e-08, 8.06101796424e-10, 1.63840122025e-10, 7.65056143437e-11, 5.22057466701e-11, 6.20534873486e-12, 1.98630378096e-13]
    },
    "erbbands": {
        "dmean": [0.0764066502452, 1.03027331829, 2.67211508751, 1.62911558151, 4.52308225632, 5.38961172104, 6.09643030167, 4.04859542847, 26.0548191071, 16.2826595306, 33.8104019165, 30.2023925781, 36.3907165527, 13.8320159912, 17.2416343689, 66.7203140259, 42.8881607056, 37.634513855, 124.63180542, 26.4528808594, 100.905342102, 18.9797077179, 15.1906528473, 9.2066526413, 4.71488428116, 4.149559021, 2.37349414825, 1.52753067017, 0.533176958561, 0.238940194249, 0.177423611283, 0.0884049832821, 0.0624089464545, 0.0290208030492, 0.0179375559092, 0.00558988889679, 0.00144202227239, 0.000517046370078, 1.98241214093e-05, 1.72382260644e-05],
        "dmean2": [0.132933571935, 1.77397668362, 4.49851369858, 2.59428524971, 7.40734243393, 8.71806144714, 9.99575614929, 6.05338287354, 40.3111305237, 25.1645584106, 50.6183815002, 42.16822052, 47.8246192932, 20.7705001831, 27.8817825317, 109.856018066, 72.3770675659, 64.9629516602, 207.498413086, 41.8586959839, 167.101593018, 31.2838668823, 25.0523986816, 14.3342590332, 6.84138727188, 6.29174757004, 3.48116493225, 2.23884916306, 0.766173183918, 0.329408049583, 0.251091986895, 0.113688439131, 0.085015937686, 0.038892634213, 0.0263148732483, 0.00866834446788, 0.00217528943904, 0.000841164786834, 3.13196323987e-05, 2.55744034803e-05],
        "dvar": [0.0491938628256, 9.18925952911, 57.3560180664, 10.7861623764, 47.9763641357, 82.2693634033, 190.178573608, 42.7829170227, 3380.78344727, 969.745239258, 2497.22167969, 8244.24414062, 25832.2675781, 982.970214844, 1851.41564941, 32565.7324219, 8206.49023438, 12039.8193359, 48709.0585938, 1709.90991211, 41042.3515625, 745.585449219, 528.827636719, 172.156600952, 42.7439537048, 32.1222686768, 18.007730484, 3.59231567383, 0.516852378845, 0.0933455973864, 0.0646826773882, 0.0176499355584, 0.0149442767724, 0.0050671454519, 0.00225745816715, 0.000215156644117, 1.67271155078e-05, 1.46499553466e-06, 2.05422479027e-09, 5.73200764631e-10],
        "dvar2": [0.132447585464, 25.7029838562, 154.791687012, 25.8169403076, 129.638031006, 202.147766113, 505.294342041, 95.311882019, 7605.66992188, 2118.31420898, 5591.49121094, 17335.9492188, 42291.734375, 1881.98986816, 4844.92236328, 80960.796875, 23568.5820312, 34072.4921875, 120646.09375, 3588.44555664, 109488.179688, 1788.52368164, 1415.95727539, 448.957550049, 97.8647842407, 62.0405426025, 41.356300354, 7.24148464203, 1.03968381882, 0.19138944149, 0.127091258764, 0.032705694437, 0.0275595784187, 0.0091859344393, 0.00521104224026, 0.000510126468726, 3.81941099477e-05, 3.63797335012e-06, 5.10588726854e-09, 1.34451305644e-09],
        "max": [2.18311452866, 24.3658943176, 65.9914627075, 28.9845142365, 57.3662605286, 91.3234405518, 171.530044556, 75.3620758057, 613.151977539, 423.932220459, 429.756134033, 1144.98461914, 2894.60180664, 540.242736816, 559.381835938, 1971.98242188, 1020.26068115, 1459.23681641, 2152.89794922, 551.636047363, 2265.11694336, 224.590408325, 245.594406128, 127.608505249, 77.2693557739, 53.7673683167, 46.7438163757, 17.0032291412, 9.09036254883, 3.24994206429, 3.29635548592, 1.35116493702, 1.83447349072, 0.981796443462, 0.471397131681, 0.137451678514, 0.0507440008223, 0.0147803844884, 0.000690901535563, 0.000183547730558],
        "mean": [0.0838628038764, 1.11095583439, 2.75252151489, 2.02694702148, 6.2655620575, 8.6792678833, 9.98598861694, 7.75631856918, 34.2373008728, 24.625202179, 49.2642555237, 39.869594574, 49.5272712708, 19.501455307, 20.9753093719, 70.8635787964, 48.3781280518, 45.3325767517, 171.448516846, 40.7095756531, 119.681854248, 26.7928771973, 20.7667579651, 14.056555748, 7.9870262146, 7.67237186432, 3.91490030289, 2.86733651161, 1.03271043301, 0.462640911341, 0.327949523926, 0.162385821342, 0.0890813246369, 0.0392083264887, 0.0192082300782, 0.0056991931051, 0.00141230225563, 0.00100226106588, 4.36487134721e-05, 3.34874603141e-05],
        "median": [0.00641297223046, 0.070402905345, 0.139012739062, 0.714178264141, 3.08234286308, 4.11039352417, 4.24887132645, 3.98930168152, 8.03639602661, 11.9363832474, 20.5434112549, 9.55550003052, 6.57879686356, 8.36718082428, 7.58469581604, 21.4468097687, 15.1016139984, 19.1978321075, 55.7176589966, 20.8131504059, 36.3025360107, 15.0256538391, 11.4554128647, 7.77560663223, 4.53905582428, 4.48575687408, 2.44411563873, 2.09539532661, 0.756300091743, 0.355018496513, 0.238995954394, 0.102134943008, 0.0356059446931, 0.0112669542432, 0.00413844129071, 0.00120268284809, 0.000263728346908, 0.000789981801063, 3.4920496546e-05, 2.58722666331e-05],
        "min": [3.51544732531e-21, 1.36811876687e-20, 2.45462082457e-20, 3.00669780594e-20, 9.82831188417e-20, 6.44241141486e-19, 4.18024769842e-19, 3.1986283296e-19, 5.06287732936e-19, 3.47072965059e-19, 6.6969364403e-19, 9.84166154528e-19, 1.43148526727e-18, 3.05858179221e-18, 1.68656047122e-18, 1.4863566034e-18, 3.2643590996e-18, 3.56532132085e-18, 8.41608544951e-18, 1.14885154859e-17, 9.83565724801e-18, 1.40333738636e-17, 8.883673279e-18, 1.01003715876e-17, 1.11793377068e-17, 1.00435533785e-17, 8.76051601196e-18, 1.47824884787e-17, 1.39774084777e-17, 1.44057986995e-17, 1.78824239248e-17, 1.49947992721e-17, 1.45514618967e-17, 1.37870874536e-17, 9.38132002476e-18, 4.31110363882e-18, 3.30834566944e-18, 1.55074620343e-18, 3.90268646839e-19, 4.12385562951e-20],
        "var": [0.0441587120295, 7.02071714401, 48.2234191895, 12.5464830399, 72.0447921753, 150.488296509, 231.32699585, 94.7799911499, 5210.82470703, 1428.87854004, 4375.30908203, 12926.2617188, 47295.9765625, 1434.02294922, 1839.23425293, 32614.7246094, 8447.50292969, 10603.1425781, 83786.484375, 3224.34765625, 53592.6679688, 1076.72668457, 694.504943848, 278.914001465, 95.8616104126, 83.0253295898, 25.2630767822, 7.20096492767, 1.00890541077, 0.195851683617, 0.119211368263, 0.0365172363818, 0.0255593825132, 0.00830392725766, 0.00242726295255, 0.000212211962207, 1.70329312823e-05, 1.37918607379e-06, 2.01239847009e-09, 8.83733863866e-10]
    },
    "gfcc": {
        "mean": [-45.1791763306, 119.00214386, -159.56993103, 23.2257003784, -42.5770378113, -6.29367589951, -32.9378852844, -7.38230323792, -8.44176769257, 0.221734419465, -13.544801712, -8.62480258942, -10.7788476944],
        "cov": [[18798.7070312, 2060.88037109, -1261.83947754, 421.530303955, -392.334136963, 115.68649292, -421.398712158, -183.800048828, -226.18838501, -2.40122008324, -149.487625122, -69.799041748, 172.487457275], [2060.88037109, 617.39642334, -30.8773822784, 7.87695789337, 3.09926128387, -4.81612730026, 34.8887519836, -51.1112518311, -3.06410646439, -34.646270752, 6.08306074142, 12.3113479614, 44.6509208679], [-1261.83947754, -30.8773822784, 846.44354248, 265.552642822, 236.396835327, 351.223571777, 158.73576355, 250.854476929, 34.1890716553, 87.5703582764, 26.2402706146, 22.1507015228, -17.3456306458], [421.530303955, 7.87695789337, 265.552642822, 348.041992188, 177.101821899, 197.067138672, 55.709777832, 146.457489014, 56.1428489685, 84.2865600586, 13.3399381638, -29.4240474701, -42.7721176147], [-392.334136963, 3.09926128387, 236.396835327, 177.101821899, 248.493865967, 161.494491577, 106.742141724, 98.1716079712, 65.4034347534, 84.4871444702, 42.8622970581, 2.34661650658, -33.7658233643], [115.68649292, -4.81612730026, 351.223571777, 197.067138672, 161.494491577, 312.899871826, 99.6050033569, 154.28956604, 25.2182846069, 85.5691604614, 36.1679229736, 7.07073974609, -13.7697515488], [-421.398712158, 34.8887519836, 158.73576355, 55.709777832, 106.742141724, 99.6050033569, 140.807723999, 81.3562698364, 46.8233108521, 23.6108512878, 19.6056175232, 6.44690895081, -12.4315824509], [-183.800048828, -51.1112518311, 250.854476929, 146.457489014, 98.1716079712, 154.28956604, 81.3562698364, 205.523635864, 46.2586708069, 36.1307563782, -21.0861244202, -6.91437959671, -19.4279289246], [-226.18838501, -3.06410646439, 34.1890716553, 56.1428489685, 65.4034347534, 25.2182846069, 46.8233108521, 46.2586708069, 107.316467285, 37.7537727356, 8.56139087677, -15.7578306198, -3.11339712143], [-2.40122008324, -34.646270752, 87.5703582764, 84.2865600586, 84.4871444702, 85.5691604614, 23.6108512878, 36.1307563782, 37.7537727356, 122.570487976, 65.5342025757, 11.9232358932, -16.2429008484], [-149.487625122, 6.08306074142, 26.2402706146, 13.3399381638, 42.8622970581, 36.1679229736, 19.6056175232, -21.0861244202, 8.56139087677, 65.5342025757, 109.098091125, 33.4684333801, -11.06690979], [-69.799041748, 12.3113479614, 22.1507015228, -29.4240474701, 2.34661650658, 7.07073974609, 6.44690895081, -6.91437959671, -15.7578306198, 11.9232358932, 33.4684333801, 64.4919204712, 27.7759017944], [172.487457275, 44.6509208679, -17.3456306458, -42.7721176147, -33.7658233643, -13.7697515488, -12.4315824509, -19.4279289246, -3.11339712143, -16.2429008484, -11.06690979, 27.7759017944, 83.5964584351]],
        "icov": [[0.00023671456438, -0.000843112356961, 0.000671315996442, -0.00053227879107, 0.000435649853898, -0.000722727563698, 0.000592438271269, -0.000297677644994, 0.000465410586912, -0.000592887983657, 0.000516075757332, -8.72350938153e-05, -9.5861410955e-05], [-0.000843112356961, 0.00492118531838, -0.00227966997772, 0.00115179328714, -0.00141446501948, 0.00249727000482, -0.0032999815885, 0.00208558305167, -0.00153513380792, 0.00293046538718, -0.00211902614683, 0.000320900871884, -0.000813559046946], [0.000671315996442, -0.00227966997772, 0.00458584679291, -0.00184473837726, 0.000459108239738, -0.00365639524534, 0.000988393556327, -0.00232602236792, 0.00222029187717, -0.00134944554884, 0.00140787370037, -0.000866740650963, -0.000675412884448], [-0.00053227879107, 0.00115179328714, -0.00184473837726, 0.00851658731699, -0.00437714578584, -0.000291904027108, 0.00230252207257, -0.00215076468885, -0.00181542197242, 0.000282227469143, -0.00123131508008, 0.00303745362908, 0.00129928987008], [0.000435649853898, -0.00141446501948, 0.000459108239738, -0.00437714578584, 0.0118418540806, -0.00253448751755, -0.00409068586305, 0.00180193746928, -0.00173825502861, -0.00370005494915, 0.00173143867869, -0.00254150247201, 0.00217837421224], [-0.000722727563698, 0.00249727000482, -0.00365639524534, -0.000291904027108, -0.00253448751755, 0.0118217570707, -0.00415032636374, -0.00218793866225, 0.00227247970179, -0.0010037625907, -0.00331720919348, 0.00227508042008, -0.00225826539099], [0.000592438271269, -0.0032999815885, 0.000988393556327, 0.00230252207257, -0.00409068586305, -0.00415032636374, 0.0175203122199, -0.00474613811821, -0.00340552022681, 0.00268809660338, -0.00151805533096, -0.000896999787074, 0.00158242206089], [-0.000297677644994, 0.00208558305167, -0.00232602236792, -0.00215076468885, 0.00180193746928, -0.00218793866225, -0.00474613811821, 0.0138096027076, -0.00401736609638, -0.00026439659996, 0.00574752874672, -0.00381535245106, 0.00261577917263], [0.000465410586912, -0.00153513380792, 0.00222029187717, -0.00181542197242, -0.00173825502861, 0.00227247970179, -0.00340552022681, -0.00401736609638, 0.0170811060816, -0.00576540874317, -0.000180930510396, 0.00642474275082, -0.0050190971233], [-0.000592887983657, 0.00293046538718, -0.00134944554884, 0.000282227469143, -0.00370005494915, -0.0010037625907, 0.00268809660338, -0.00026439659996, -0.00576540874317, 0.0203441046178, -0.0110279591754, -0.000367020780686, 0.000601126754191], [0.000516075757332, -0.00211902614683, 0.00140787370037, -0.00123131508008, 0.00173143867869, -0.00331720919348, -0.00151805533096, 0.00574752874672, -0.000180930510396, -0.0110279591754, 0.0220994073898, -0.0107937250286, 0.00535452924669], [-8.72350938153e-05, 0.000320900871884, -0.000866740650963, 0.00303745362908, -0.00254150247201, 0.00227508042008, -0.000896999787074, -0.00381535245106, 0.00642474275082, -0.000367020780686, -0.0107937250286, 0.0285494625568, -0.0110358800739], [-9.5861410955e-05, -0.000813559046946, -0.000675412884448, 0.00129928987008, 0.00217837421224, -0.00225826539099, 0.00158242206089, 0.00261577917263, -0.0050190971233, 0.000601126754191, 0.00535452924669, -0.0110358800739, 0.0187758691609]]
    },
    "melbands": {
        "dmean": [0.00091372220777, 0.00139849423431, 0.00035637212568, 0.000391231558751, 0.000206090204301, 9.34195122682e-05, 0.000401911063818, 0.000185529832379, 0.000273110315902, 0.0002037860977, 0.000181677038199, 5.92795040575e-05, 3.76556090487e-05, 0.000170066283317, 0.000136792630656, 7.78955291025e-05, 6.75687988405e-05, 0.000210140831769, 6.52117014397e-05, 5.00202913827e-05, 0.000124540616525, 1.92899315152e-05, 1.1808243471e-05, 1.96847231564e-05, 6.08082564213e-06, 4.50248626294e-06, 2.1004939299e-06, 2.96607163364e-06, 1.51485176048e-06, 1.23661379803e-06, 9.44393036661e-07, 3.64461612889e-07, 1.53470296027e-07, 1.44066419239e-07, 1.13837174354e-07, 7.61776206559e-08, 5.49422765062e-08, 4.90800857733e-08, 3.14223456144e-08, 2.27452474633e-08],
        "dmean2": [0.00157467718236, 0.00238526728936, 0.000563965644687, 0.00062913907459, 0.000333254545694, 0.00014345474483, 0.000625617743935, 0.000282936787698, 0.00040530654951, 0.000283976696664, 0.00023934127239, 9.1226916993e-05, 6.01690771873e-05, 0.00027661662898, 0.000219906680286, 0.000136553077027, 0.000115085931611, 0.000348978152033, 0.00010735874821, 8.34042584756e-05, 0.00020569600747, 3.23664462485e-05, 1.91070230358e-05, 3.32972231263e-05, 9.35893604037e-06, 6.59955549054e-06, 3.16662408295e-06, 4.53041457149e-06, 2.25809299081e-06, 1.85471492387e-06, 1.44225509757e-06, 5.47033778275e-07, 2.27364893135e-07, 2.07189799539e-07, 1.6518964685e-07, 1.14163249521e-07, 7.50593756038e-08, 6.85258569888e-08, 4.43012133644e-08, 3.11330623504e-08],
        "dvar": [7.01699036654e-06, 1.60370600497e-05, 3.67700664583e-07, 3.89467459172e-07, 1.84162573191e-07, 2.46639757506e-08, 7.8269158621e-07, 9.23165330846e-08, 1.70477022721e-07, 4.04180127589e-07, 6.66434516461e-07, 2.46540796667e-08, 9.01273899956e-09, 1.83478107374e-07, 1.1302117997e-07, 3.22895630234e-08, 3.97735959723e-08, 1.33390798851e-07, 1.68875864404e-08, 7.54296625161e-09, 6.70279121096e-08, 1.00558961158e-09, 5.74196690195e-10, 1.37261224609e-09, 9.37711505666e-11, 4.31118231392e-11, 6.11105784032e-12, 1.94328459574e-11, 6.10485707125e-12, 5.3648648024e-12, 1.74798608747e-12, 2.42780567785e-13, 6.3161017486e-14, 4.10198337428e-14, 2.61766350512e-14, 1.13839186762e-14, 8.9697646622e-15, 9.77755033784e-15, 4.50490788404e-15, 3.66303336743e-15],
        "dvar2": [1.93486466742e-05, 4.38045608462e-05, 8.72999976309e-07, 1.07777032099e-06, 4.73269722079e-07, 5.66629800858e-08, 1.7530084051e-06, 2.01949205803e-07, 3.79271966722e-07, 8.04716478342e-07, 1.08029075818e-06, 4.86565774338e-08, 2.31294610131e-08, 4.64395156996e-07, 2.81950150338e-07, 9.54560590571e-08, 1.10891043903e-07, 3.3596427329e-07, 4.0026055359e-08, 2.103691088e-08, 1.74184719981e-07, 2.60632204707e-09, 1.28913990594e-09, 3.91837762237e-09, 2.24475465993e-10, 9.63315330282e-11, 1.33078799716e-11, 3.89998935924e-11, 1.44980277783e-11, 1.19188816802e-11, 3.61558938171e-12, 4.67707578396e-13, 1.52375453834e-13, 9.16106180173e-14, 5.32034709528e-14, 2.32403834811e-14, 1.80570636162e-14, 1.88042042739e-14, 8.87103619593e-15, 6.81567093887e-15],
        "max": [0.022486936301, 0.0352487154305, 0.00507851969451, 0.00516518577933, 0.00526222866029, 0.00163258286193, 0.0095295375213, 0.00387181830592, 0.00316097121686, 0.0077987909317, 0.0149841839448, 0.00272377952933, 0.00114264281001, 0.00426338799298, 0.00514475814998, 0.00159930961672, 0.00253162765875, 0.0032874501776, 0.00132876343559, 0.00073921418516, 0.00304480828345, 0.000281605374767, 0.000231710029766, 0.000452858628705, 9.74141075858e-05, 8.52727825986e-05, 1.98702127818e-05, 4.97331602674e-05, 2.29145261983e-05, 2.62368084805e-05, 1.43009865496e-05, 5.30096576767e-06, 4.36474874732e-06, 2.15824707084e-06, 1.88207695828e-06, 1.08920983166e-06, 1.00683439541e-06, 1.56021098974e-06, 8.60969919358e-07, 9.15365149012e-07],
        "mean": [0.00100488378666, 0.0015058015706, 0.000485785974888, 0.000567327311728, 0.000355654337909, 0.000177321446245, 0.000527489231899, 0.000284895941149, 0.000389718246879, 0.000257623032667, 0.000245176139288, 7.89287660155e-05, 4.88913683512e-05, 0.000172082465724, 0.000151184605784, 8.39270214783e-05, 7.47666417737e-05, 0.000282791268546, 9.5175622846e-05, 6.18800186203e-05, 0.000147154540173, 2.38622415054e-05, 1.57092199515e-05, 2.42774240178e-05, 9.24317737372e-06, 7.04141120877e-06, 3.71369128516e-06, 5.23578364664e-06, 2.29554507314e-06, 2.00827548724e-06, 1.65185770129e-06, 6.62843376631e-07, 2.68708163276e-07, 2.54060239513e-07, 1.97179616634e-07, 1.36430941211e-07, 8.6882259609e-08, 6.71308768574e-08, 4.16579730711e-08, 2.93982296284e-08],
        "median": [7.13271438144e-05, 8.73587123351e-05, 0.000223218507017, 0.000290362891974, 0.000160910669365, 8.92250463949e-05, 0.000129250867758, 0.000154656925588, 0.000164420082001, 3.84011073038e-05, 2.92874465231e-05, 2.78148763755e-05, 1.42992248584e-05, 4.08269879699e-05, 4.28764979006e-05, 2.34680501308e-05, 1.67841644725e-05, 9.10593080334e-05, 3.03965935018e-05, 2.02660448849e-05, 4.43331773567e-05, 8.85582721821e-06, 5.06437299919e-06, 9.81094399322e-06, 4.27485019827e-06, 3.29676959154e-06, 2.30257251133e-06, 2.98353529615e-06, 1.38536336181e-06, 1.09173413421e-06, 1.16814123885e-06, 4.42913574261e-07, 1.95878669729e-07, 1.8590267814e-07, 1.38540031003e-07, 9.32261201569e-08, 4.52415704899e-08, 2.65097650498e-08, 1.33781012934e-08, 7.64448682133e-09],
        "min": [2.5831122546e-23, 1.39090171983e-23, 7.17458107018e-24, 2.47228155726e-23, 1.98872118196e-23, 7.3807309351e-24, 7.6982908368e-24, 3.39779431274e-24, 6.41656028762e-24, 5.64733413033e-24, 7.12898333214e-24, 1.26415567485e-23, 5.31572698249e-24, 3.9469712704e-24, 6.76353799577e-24, 6.08505726942e-24, 6.40792857159e-24, 1.08405486477e-23, 2.03851755329e-23, 1.15159997537e-23, 1.20387281773e-23, 1.2747580443e-23, 1.27484694892e-23, 7.30443230834e-24, 8.07899589852e-24, 8.63725698393e-24, 6.32924797934e-24, 6.65519189474e-24, 5.63093331768e-24, 5.19217164321e-24, 1.04134948523e-23, 8.52907891027e-24, 7.20208943881e-24, 8.18229960064e-24, 1.05925781107e-23, 8.37280635381e-24, 1.01685969286e-23, 8.87915092532e-24, 1.18213449331e-23, 1.18893281771e-23],
        "var": [5.72028784518e-06, 1.28497140395e-05, 4.94348796565e-07, 5.58609428936e-07, 2.53753114521e-07, 5.11839957085e-08, 1.21558252886e-06, 1.51437376417e-07, 2.88829312467e-07, 6.50605556984e-07, 1.21895300254e-06, 3.19553628003e-08, 1.09639657353e-08, 1.76318152967e-07, 1.41614179938e-07, 2.9092690923e-08, 3.70510946368e-08, 2.17080724951e-07, 2.96025230995e-08, 1.07066879806e-08, 8.60785007717e-08, 1.22602639152e-09, 8.75547190304e-10, 1.60019075768e-09, 1.64280131165e-10, 9.85246259577e-11, 1.59389550169e-11, 4.14670346671e-11, 8.14398375126e-12, 8.35242118524e-12, 2.96494404549e-12, 4.83479304769e-13, 9.39921494044e-14, 7.03898134983e-14, 4.61314709035e-14, 2.09134924954e-14, 1.53113571897e-14, 1.58343458245e-14, 7.16250721385e-15, 5.61820606178e-15]
    },
    "mfcc": {
