{
"metadata": {
    "version": {
        "essentia": "2.0.1",
        "extractor": "archive-music 1.0"
    },
    "audio_properties": {
        "analysis_sample_rate": 44100,
        "bitrate": 128,
        "channels": 2,
        "equal_loudness": 0,
        "length": 14.3934698105,
        "replay_gain": -5.17506408691,
        "downmix": "mix"
    },
    "tags": {
        "track": 0,
        "year": 0,
        "album": "",
        "artist": "",
        "comment": "",
        "genre": "",
        "title": ""
    }
},
"highlevel": {
    "culture": {
        "all": {
            "non_western": 0.00295159243979,
            "western": 0.997048377991
        },
        "probability": 0.997048377991,
        "value": "western"
    },
    "danceability": {
        "all": {
            "danceable": 0.880057156086,
            "not_danceable": 0.119942821562
        },
        "probability": 0.880057156086,
        "value": "danceable"
    },
    "gender": {
        "all": {
            "female": 0.0657025277615,
            "male": 0.934297442436
        },
        "probability": 0.934297442436,
        "value": "male"
    },
    "genre_dortmund": {
        "all": {
            "alternative": 0.101181656122,
            "blues": 0.0437321551144,
            "electronic": 0.0316319055855,
            "folkcountry": 0.0765718445182,
            "funksoulrnb": 0.0999139845371,
            "jazz": 0.474299818277,
            "pop": 0.0588722229004,
            "raphiphop": 0.010876567103,
            "rock": 0.102919846773
        },
        "probability": 0.474299818277,
        "value": "jazz"
    },
    "genre_electronic": {
        "all": {
            "ambient": 0.892491340637,
            "dnb": 0.054900623858,
            "house": 0.0337037779391,
            "techno": 0.00277589354664,
            "trance": 0.0161283425987
        },
        "probability": 0.892491340637,
        "value": "ambient"
    },
    "genre_rosamerica": {
        "all": {
            "cla": 0.63097012043,
            "dan": 0.0152671942487,
            "hip": 0.00821613986045,
            "jaz": 0.0393409281969,
            "pop": 0.0647910833359,
            "rhy": 0.163811787963,
            "roc": 0.0653145313263,
            "spe": 0.0122882258147
        },
        "probability": 0.63097012043,
        "value": "cla"
    },
    "genre_tzanetakis": {
        "all": {
            "blu": 0.00263771857135,
            "cla": 0.655489802361,
            "cou": 0.0175668802112,
            "dis": 0.097232401371,
            "hip": 0.0106974057853,
            "jaz": 0.0443589873612,
            "met": 0.0047560017556,
            "pop": 0.105262428522,
            "reg": 0.0126723200083,
            "roc": 0.0493260473013
        },
        "probability": 0.655489802361,
        "value": "cla"
    },
    "mirex_ballroom": {
        "all": {
            "ChaChaCha": 0.0399172157049,
            "Jive": 0.0342843309045,
            "Quickstep": 0.112202852964,
            "Rumba-American": 0.00813550036401,
            "Rumba-International": 0.0060188700445,
            "Rumba-Misc": 0.0143677024171,
            "Samba": 0.00848564319313,
            "Tango": 0.318290650845,
            "VienneseWaltz": 0.325492590666,
            "Waltz": 0.132804647088
        },
        "probability": 0.325492590666,
        "value": "VienneseWaltz"
    },
    "mood_acoustic": {
        "all": {
            "acoustic": 0.282345384359,
            "not_acoustic": 0.717654645443
        },
        "probability": 0.717654645443,
        "value": "not_acoustic"
    },
    "mood_aggressive": {
        "all": {
            "aggressive": 0.439429670572,
            "not_aggressive": 0.56057035923
        },
        "probability": 0.56057035923,
        "value": "not_aggressive"
    },
    "mood_electronic": {
        "all": {
            "electronic": 0.317556530237,
            "not_electronic": 0.68244343996
        },
        "probability": 0.68244343996,
        "value": "not_electronic"
    },
    "mood_happy": {
        "all": {
            "happy": 0.84016007185,
            "not_happy": 0.159839913249
        },
        "probability": 0.84016007185,
        "value": "happy"
    },
    "mood_party": {
        "all": {
            "not_party": 0.60760384798,
            "party": 0.39239615202
        },
        "probability": 0.60760384798,
        "value": "not_party"
    },
    "mood_relaxed": {
        "all": {
            "not_relaxed": 0.158623293042,
            "relaxed": 0.841376721859
        },
        "probability": 0.841376721859,
        "value": "relaxed"
    },
    "mood_sad": {
        "all": {
            "not_sad": 0.21734046936,
            "sad": 0.78265953064
        },
        "probability": 0.78265953064,
        "value": "sad"
    },
    "moods_mirex": {
        "all": {
            "Cluster1": 0.239669248462,
            "Cluster2": 0.532891988754,
            "Cluster3": 0.0278773158789,
            "Cluster4": 0.153044119477,
            "Cluster5": 0.0465173497796
        },
        "probability": 0.532891988754,
        "value": "Cluster2"
    },
    "timbre": {
        "all": {
            "bright": 0.999982833862,
            "dark": 1.71742703969e-05
        },
        "probability": 0.999982833862,
        "value": "bright"
    },
    "tonal_atonal": {
        "all": {
            "atonal": 0.214839190245,
            "tonal": 0.785160779953
        },
        "probability": 0.785160779953,
        "value": "tonal"
    },
    "voice_instrumental": {
        "all": {
            "instrumental": 0.540977597237,
            "voice": 0.459022402763
        },
        "probability": 0.540977597237,
        "value": "instrumental"
    }
},
"lowlevel": {
    "average_loudness": 0.917185306549,
    "barkbands_kurtosis": {
        "dmean": 0.784599304199,
        "dmean2": 1.26397049427,
        "dvar": 1.00173079967,
        "dvar2": 2.65862035751,
        "max": 14.8807563782,
        "mean": 0.533039748669,
        "median": 0.200159788132,
        "min": -1.49621415138,
        "var": 2.15953421593
    },
    "barkbands_skewness": {
        "dmean": 0.335187703371,
        "dmean2": 0.519756793976,
        "dvar": 0.0969651043415,
        "dvar2": 0.219881266356,
        "max": 2.73626852036,
        "mean": 0.682353138924,
        "median": 0.720517218113,
        "min": -1.87632107735,
        "var": 0.343746721745
    },
    "barkbands_spread": {
        "dmean": 2.90999865532,
        "dmean2": 4.45859479904,
        "dvar": 21.8203048706,
        "dvar2": 54.2071762085,
        "max": 95.9255752563,
        "mean": 15.6583433151,
        "median": 15.043296814,
        "min": 5.54958438873,
        "var": 38.6179046631
    },
    "dissonance": {
        "dmean": 0.0189682599157,
        "dmean2": 0.031865529716,
        "dvar": 0.000295399775496,
        "dvar2": 0.000777838751674,
        "max": 0.498972475529,
        "mean": 0.463290929794,
        "median": 0.466448277235,
        "min": 0.329830527306,
        "var": 0.000525380426552
    },
    "dynamic_complexity": 3.01047730446,
    "erbbands_kurtosis": {
        "dmean": 0.645469248295,
        "dmean2": 1.01436960697,
        "dvar": 0.57064807415,
        "dvar2": 1.28458988667,
        "max": 9.62788295746,
        "mean": 0.322252333164,
        "median": 0.175238132477,
        "min": -1.21338474751,
        "var": 1.14013004303
    },
    "erbbands_skewness": {
        "dmean": 0.2846378088,
        "dmean2": 0.44035577774,
        "dvar": 0.0674009919167,
        "dvar2": 0.148775160313,
        "max": 2.03542423248,
        "mean": 0.304518073797,
        "median": 0.310155659914,
        "min": -1.97552418709,
        "var": 0.278873592615
    },
    "erbbands_spread": {
        "dmean": 4.23229265213,
        "dmean2": 6.72740983963,
        "dvar": 17.6631298065,
        "dvar2": 39.8990325928,
        "max": 57.8979759216,
        "mean": 22.1375808716,
        "median": 21.5010566711,
        "min": 6.74646615982,
        "var": 45.5900993347
    },
    "hfc": {
        "dmean": 5.62929487228,
        "dmean2": 6.91240024567,
        "dvar": 36.6698760986,
        "dvar2": 56.8740539551,
        "max": 129.253631592,
        "mean": 21.9503116608,
        "median": 19.3898544312,
        "min": 1.1107908014e-16,
        "var": 330.576171875
    },
    "melbands_kurtosis": {
        "dmean": 1.38045680523,
        "dmean2": 2.21190738678,
        "dvar": 1.78094112873,
        "dvar2": 4.04276371002,
        "max": 11.5729875565,
        "mean": 2.12989449501,
        "median": 1.69853782654,
        "min": -1.61911463737,
        "var": 5.17180252075
    },
    "melbands_skewness": {
        "dmean": 0.382112383842,
        "dmean2": 0.59451431036,
        "dvar": 0.108138337731,
        "dvar2": 0.256164193153,
        "max": 3.00077700615,
        "mean": 1.12857294083,
        "median": 1.12468147278,
        "min": -0.438017010689,
        "var": 0.335082113743
    },
    "melbands_spread": {
        "dmean": 4.57116222382,
        "dmean2": 6.74154615402,
        "dvar": 35.5520019531,
        "dvar2": 52.8879623413,
        "max": 145.861068726,
        "mean": 24.4130458832,
        "median": 23.210855484,
        "min": 7.89314842224,
        "var": 162.623809814
    },
    "pitch_salience": {
        "dmean": 0.0524186640978,
        "dmean2": 0.0834607928991,
        "dvar": 0.00164120830595,
        "dvar2": 0.00397141091526,
        "max": 0.853800475597,
        "mean": 0.56780809164,
        "median": 0.57221609354,
        "min": 0.33763423562,
        "var": 0.00646436680108
    },
    "silence_rate_20dB": {
        "dmean": 0,
        "dmean2": 0,
        "dvar": 0,
        "dvar2": 0,
        "max": 1,
        "mean": 1,
        "median": 1,
        "min": 1,
        "var": 0
    },
    "silence_rate_30dB": {
        "dmean": 0.00322580640204,
        "dmean2": 0.00646203570068,
        "dvar": 0.00321538420394,
        "dvar2": 0.00642026122659,
        "max": 1,
        "mean": 0.990338146687,
        "median": 1,
        "min": 0,
        "var": 0.00956853758544
    },
    "silence_rate_60dB": {
        "dmean": 0.00645161280409,
        "dmean2": 0.0129240714014,
        "dvar": 0.00641008280218,
        "dvar2": 0.0127569101751,
        "max": 1,
        "mean": 0.0756843835115,
        "median": 0,
        "min": 0,
        "var": 0.0699559003115
    },
    "spectral_centroid": {
        "dmean": 189.945770264,
        "dmean2": 290.689056396,
        "dvar": 124646.90625,
        "dvar2": 258368.46875,
        "max": 11354.5107422,
        "mean": 1437.15344238,
        "median": 1390.54040527,
        "min": 556.476806641,
        "var": 443428.90625
    },
    "spectral_complexity": {
        "dmean": 2.74838709831,
        "dmean2": 4.16478204727,
        "dvar": 5.46895885468,
        "dvar2": 12.7095518112,
        "max": 39,
        "mean": 20.3542671204,
        "median": 21,
        "min": 0,
        "var": 61.9549865723
    },
    "spectral_crest": {
        "dmean": 1.98513972759,
        "dmean2": 3.17482948303,
        "dvar": 2.73389983177,
        "dvar2": 7.0013589859,
        "max": 18.8237495422,
        "mean": 7.74004411697,
        "median": 7.32218074799,
        "min": 3.19184970856,
        "var": 6.66621160507
    },
    "spectral_decrease": {
        "dmean": 1.37897882002e-09,
        "dmean2": 1.85516546569e-09,
        "dvar": 2.61653854081e-18,
        "dvar2": 5.63434322395e-18,
        "max": -3.84862613203e-29,
        "mean": -5.38688205154e-09,
        "median": -4.47486536714e-09,
        "min": -3.6194769848e-08,
        "var": 2.06634018355e-17
    },
    "spectral_energy": {
        "dmean": 0.00565055664629,
        "dmean2": 0.00751361018047,
        "dvar": 4.15327449446e-05,
        "dvar2": 8.75939585967e-05,
        "max": 0.146552428603,
        "mean": 0.0223222821951,
        "median": 0.0186437126249,
        "min": 1.05770147055e-20,
        "var": 0.000347524648532
    },
    "spectral_energyband_high": {
        "dmean": 0.00014954667131,
        "dmean2": 0.00019241461996,
        "dvar": 6.22328286681e-08,
        "dvar2": 9.99630529464e-08,
        "max": 0.0044289981015,
        "mean": 0.000396685238229,
        "median": 0.000224989358685,
        "min": 7.41872522784e-21,
        "var": 3.30160730755e-07
    },
    "spectral_energyband_low": {
        "dmean": 0.00103098072577,
        "dmean2": 0.00171978655271,
        "dvar": 1.408848766e-05,
        "dvar2": 3.71017413272e-05,
        "max": 0.0441965609789,
        "mean": 0.00156865280587,
        "median": 0.000119197793538,
        "min": 3.15381288762e-23,
        "var": 2.08770015888e-05
    },
    "spectral_energyband_middle_high": {
        "dmean": 0.00285861524753,
        "dmean2": 0.00394852971658,
        "dvar": 9.78958723863e-06,
        "dvar2": 1.71391766344e-05,
        "max": 0.056062631309,
        "mean": 0.00894676707685,
        "median": 0.0074687465094,
        "min": 1.68328528351e-21,
        "var": 5.97420948907e-05
    },
    "spectral_energyband_middle_low": {
        "dmean": 0.00372317642905,
        "dmean2": 0.00510456599295,
        "dvar": 1.93285613932e-05,
        "dvar2": 4.11723012803e-05,
        "max": 0.0756938233972,
        "mean": 0.0124655142426,
        "median": 0.00849543884397,
        "min": 2.68377320958e-22,
        "var": 0.00013920989295
    },
    "spectral_flatness_db": {
        "dmean": 0.0149475131184,
        "dmean2": 0.0228710528463,
        "dvar": 0.00017768816906,
        "dvar2": 0.00036974583054,
        "max": 0.236943274736,
        "mean": 0.142667680979,
        "median": 0.141579851508,
        "min": 0.047557272017,
        "var": 0.000956942210905
    },
    "spectral_flux": {
        "dmean": 0.0134919779375,
        "dmean2": 0.0213368646801,
        "dvar": 0.000162612879649,
        "dvar2": 0.000423967750976,
        "max": 0.194009184837,
        "mean": 0.0682984814048,
        "median": 0.0690670982003,
        "min": 6.84643522431e-11,
        "var": 0.000859374995343
    },
    "spectral_kurtosis": {
        "dmean": 2.14091348648,
        "dmean2": 3.8240468502,
        "dvar": 3.7030711174,
        "dvar2": 11.097864151,
        "max": 15.4291419983,
        "mean": 5.58199834824,
        "median": 5.11292743683,
        "min": -1.20008575916,
        "var": 5.54633140564
    },
    "spectral_rms": {
        "dmean": 0.000583025452215,
        "dmean2": 0.000734305125661,
        "dvar": 2.62434497245e-07,
        "dvar2": 4.81837275856e-07,
        "max": 0.0119573399425,
        "mean": 0.00425068102777,
        "median": 0.00426485482603,
        "min": 3.2123260215e-12,
        "var": 3.70952034245e-06
    },
    "spectral_rolloff": {
        "dmean": 288.510009766,
        "dmean2": 496.550323486,
        "dvar": 898085.5625,
        "dvar2": 1686659.25,
        "max": 18992.2851562,
        "mean": 1790.06481934,
        "median": 1593.45703125,
        "min": 602.9296875,
        "var": 3346167.5
    },
    "spectral_skewness": {
        "dmean": 0.229962870479,
        "dmean2": 0.398970782757,
        "dvar": 0.0365438498557,
        "dvar2": 0.100961729884,
        "max": 2.54080700874,
        "mean": 1.61284697056,
        "median": 1.59414160252,
        "min": -0.0143461385742,
        "var": 0.082248441875
    },
    "spectral_spread": {
        "dmean": 295258.90625,
        "dmean2": 457352.28125,
        "dvar": 1.60382713856e+12,
        "dvar2": 3.05907079578e+12,
        "max": 41198076,
        "mean": 3254597.5,
        "median": 3031478.5,
        "min": 1756492.5,
        "var": 5.16333764608e+12
    },
    "spectral_strongpeak": {
        "dmean": 0.876828491688,
        "dmean2": 1.38352310658,
        "dvar": 1.25263404846,
        "dvar2": 2.74815130234,
        "max": 10.5181074142,
        "mean": 1.72624993324,
        "median": 1.38283622265,
        "min": 0,
        "var": 2.41104269028
    },
    "zerocrossingrate": {
        "dmean": 0.00696903374046,
        "dmean2": 0.00859816744924,
        "dvar": 0.000315715325996,
        "dvar2": 0.000352199771442,
        "max": 0.51123046875,
        "mean": 0.0644924417138,
        "median": 0.05908203125,
        "min": 0.02734375,
        "var": 0.00218337331899
    },
    "barkbands": {
        "dmean": [1.1434802218e-05, 0.000209993653698, 0.000456008943729, 0.000646518426947, 0.000805817428045, 0.00106408644933, 0.000977145740762, 0.00125409627799, 0.00114257773384, 0.000853399105836, 0.00027129551745, 0.0010415421566, 0.000828726042528, 0.000496058259159, 0.000910050468519, 0.000230874720728, 0.000297269696603, 0.000173194290255, 0.00018592554261, 7.53910790081e-05, 6.3933126512e-05, 4.28384155384e-05, 2.52693807852e-05, 1.48372528201e-05, 5.6960548136e-06, 1.40390318393e-06, 1.13755746156e-07],
        "dmean2": [1.8609858671e-05, 0.000301814696286, 0.000812008918729, 0.00107390945777, 0.00130835489836, 0.00154723692685, 0.00137936591636, 0.00182113447227, 0.00159501936287, 0.0013012283016, 0.000435634166934, 0.00169507751707, 0.00131769815926, 0.000769404461607, 0.00135486992076, 0.000354865565896, 0.000477351073641, 0.000271110242466, 0.000295630947221, 0.000115639268188, 9.49245295487e-05, 6.30239665043e-05, 3.12857409881e-05, 2.10837570194e-05, 7.63057869335e-06, 1.84484019883e-06, 1.9015288899e-07],
        "dvar": [2.03074210225e-10, 6.4013681822e-07, 3.93139725929e-06, 4.71746989206e-06, 2.45998558057e-06, 2.03680792765e-06, 1.58581212872e-06, 3.83011320082e-06, 2.08661867873e-06, 1.06122274701e-06, 3.41224961176e-07, 2.96054963655e-06, 1.40789290981e-06, 6.95461778832e-07, 2.97935594062e-06, 1.04939836376e-07, 2.13405755289e-07, 6.97421853602e-08, 6.89274983756e-08, 1.00218615628e-08, 1.21287264676e-08, 9.6950119044e-09, 3.14742854002e-09, 1.23313570466e-09, 2.49157638965e-10, 1.32033394634e-11, 2.73907551371e-13],
        "dvar2": [4.80690653948e-10, 1.26756913232e-06, 1.07582272904e-05, 1.21661450976e-05, 5.72735143578e-06, 4.32163369624e-06, 2.7627329473e-06, 8.4157609308e-06, 4.13616226069e-06, 2.04709931495e-06, 8.04363367024e-07, 7.41902476875e-06, 3.28821306539e-06, 1.53446899276e-06, 5.81046606385e-06, 2.51859148648e-07, 5.32622834726e-07, 1.7789622575e-07, 1.60778000691e-07, 2.40527437967e-08, 2.9085990505e-08, 2.06496135746e-08, 4.88056839387e-09, 2.56749732586e-09, 5.56008961095e-10, 2.78884155352e-11, 7.59815225061e-13],
        "max": [0.000127393883304, 0.0183727741241, 0.0266423374414, 0.0284768845886, 0.016766667366, 0.0255827028304, 0.0269135572016, 0.0309586375952, 0.0249914508313, 0.0175385028124, 0.00708527397364, 0.0275750961155, 0.0117877498269, 0.007758455351, 0.0216849688441, 0.00335684907623, 0.00443822331727, 0.00274728378281, 0.00339753786102, 0.00163002463523, 0.001735314494, 0.00149052299093, 0.000931822811253, 0.000425452453783, 0.000277204293525, 7.21374599379e-05, 8.67534254212e-06],
        "mean": [1.50569048856e-05, 0.000350208312739, 0.00055691623129, 0.000975384784397, 0.00137274560984, 0.00254038884304, 0.00213250843808, 0.00209651282057, 0.00245422124863, 0.00190521031618, 0.000402018777095, 0.00179280305747, 0.00147742195986, 0.000781948387157, 0.0014220320154, 0.000428724539233, 0.000501307717059, 0.000306161527988, 0.000341327860951, 0.000162564319908, 0.000130407483084, 8.35423124954e-05, 5.19408531545e-05, 2.73891710094e-05, 1.0646186638e-05, 2.78285119748e-06, 1.26610217421e-07],
        "median": [8.84563996806e-06, 1.81198574865e-05, 1.51142867253e-05, 7.08265652065e-05, 0.00046525374637, 0.0013329659123, 0.00100339285564, 0.000990169937722, 0.00134236318991, 0.00113990297541, 0.000131031920318, 0.000890263530891, 0.000781961192843, 0.0003068378428, 0.000502748356666, 0.000247528339969, 0.000266292598099, 0.000188150734175, 0.000211227263208, 0.00011581578292, 7.12694018148e-05, 3.74224691768e-05, 1.9111103029e-05, 1.07453979581e-05, 3.24496841131e-06, 8.97033942238e-07, 1.73782410684e-08],
        "min": [5.49580499449e-24, 1.63033899059e-23, 6.87198664871e-24, 9.0932114874e-24, 3.47575080957e-23, 3.86836877537e-23, 6.57447848682e-23, 1.72830557537e-23, 5.38535523808e-23, 2.52912198316e-23, 2.4868857392e-23, 4.89485667335e-23, 9.41086195033e-23, 1.13324059464e-22, 8.23477005266e-23, 1.58449351867e-22, 1.46311786518e-22, 2.0730124843e-22, 2.51614190805e-22, 2.87857187094e-22, 3.78450175398e-22, 5.36641247894e-22, 4.65888931772e-22, 7.45018565707e-22, 1.18545745628e-21, 1.3842316232e-21, 1.83490167368e-21],
        "var": [3.22549181808e-10, 1.51911888224e-06, 4.52621861768e-06, 8.38881896925e-06, 4.81269580632e-06, 1.22151050164e-05, 1.13493415483e-05, 1.0207430023e-05, 1.01971227195e-05, 5.31104387846e-06, 5.70932058963e-07, 8.03618058853e-06, 3.41428290085e-06, 1.5016036059e-06, 6.94109166943e-06, 2.73511204796e-07, 4.49893150289e-07, 1.44898336885e-07, 1.5038963852e-07, 3.10838430551e-08, 3.55599247825e-08, 2.60548791431e-08, 1.14424398845e-08, 3.05941871837e-09, 6.51264375762e-10, 4.46595503634e-11, 2.4873449112e-13]
    },
    "erbbands": {
        "dmean": [0.00249147019349, 0.0621575824916, 0.393447101116, 1.71152853966, 1.8419226408, 3.59057021141, 3.919485569, 10.2413978577, 12.9073028564, 12.2277126312, 33.1478843689, 27.729057312, 25.453578949, 22.0868263245, 12.1764822006, 49.1767234802, 34.5645256042, 34.0701942444, 50.7696075439, 15.1766061783, 17.4151878357, 10.4087123871, 9.05498600006, 6.0858297348, 10.1494646072, 4.23328733444, 3.13547801971, 1.84356176853, 1.70261383057, 1.03803491592, 0.59631973505, 0.435454547405, 0.198044925928, 0.0764905288815, 0.0331684350967, 0.00971504859626, 0.00237246509641, 0.000345867854776, 1.33782868943e-05, 6.90998558639e-06],
        "dmean2": [0.00375267188065, 0.0906529501081, 0.687608242035, 2.91091299057, 3.09773612022, 5.84124231339, 5.69064188004, 14.6438674927, 19.1020145416, 17.3316345215, 48.3398399353, 38.3604240417, 36.2349586487, 36.2507209778, 18.8962001801, 79.5865097046, 54.476360321, 54.4130897522, 75.7205505371, 22.2763538361, 26.4116210938, 16.4835605621, 14.3080663681, 9.41513252258, 15.9412927628, 6.31240797043, 4.69123458862, 2.78689885139, 2.45892715454, 1.41812312603, 0.770205318928, 0.602123975754, 0.28853264451, 0.102683916688, 0.0486848093569, 0.0127007737756, 0.00321170804091, 0.00050791958347, 2.0126808522e-05, 8.93534524948e-06],
        "dvar": [5.73432080273e-05, 0.0524216480553, 2.250207901, 43.4066085815, 17.1255130768, 49.3530426025, 29.5892448425, 230.790756226, 262.101043701, 337.382293701, 2666.84619141, 1587.40002441, 1090.03356934, 837.043151855, 471.791290283, 7385.24511719, 2528.67358398, 3053.15893555, 9248.57519531, 549.205871582, 638.509887695, 215.213790894, 154.545288086, 71.9780731201, 238.997253418, 34.6403274536, 26.9519786835, 11.8403930664, 15.2017889023, 5.85225868225, 1.55146503448, 1.10482180119, 0.24896478653, 0.0424527339637, 0.0112609695643, 0.000641272927169, 3.74262563128e-05, 8.5885739054e-07, 3.5603564541e-09, 5.7959359534e-11],
        "dvar2": [0.000112621339213, 0.106438621879, 6.09379291534, 114.816627502, 43.3055419922, 113.918731689, 62.9021606445, 470.845275879, 565.646911621, 648.978820801, 5846.68310547, 3148.09912109, 1793.18603516, 2105.19140625, 1090.84399414, 18772.0273438, 5591.34716797, 7384.30126953, 18854.0097656, 1228.08032227, 1596.68444824, 541.21862793, 394.992614746, 175.908660889, 528.566040039, 83.4476699829, 59.6595497131, 27.9878616333, 31.4254302979, 11.4982481003, 2.32971596718, 2.14854192734, 0.588541865349, 0.0818337127566, 0.0294341556728, 0.00146146991756, 6.20786013315e-05, 1.82771759683e-06, 1.00349328847e-08, 1.16325914179e-10],
        "max": [0.16312558949, 5.14799499512, 19.6367092133, 83.9525604248, 53.1821899414, 86.0645675659, 66.7179718018, 271.107666016, 183.955673218, 398.013397217, 823.717102051, 668.296875, 495.317169189, 361.529174805, 235.563293457, 1404.28759766, 537.644042969, 497.565948486, 1324.04821777, 280.126281738, 316.384796143, 155.340652466, 126.129325867, 98.8888244629, 216.511611938, 97.4333877563, 82.0686569214, 46.6287155151, 54.2497367859, 34.474647522, 22.7054691315, 12.5245084763, 5.9920296669, 4.09378004074, 1.98990774155, 0.440812647343, 0.110123798251, 0.0140108661726, 0.00106680265162, 0.000179779337486],
        "mean": [0.00392174627632, 0.102334029973, 0.522266507149, 2.48149180412, 2.63461017609, 5.90823125839, 8.55427455902, 24.5887470245, 28.8696937561, 29.2197933197, 57.6800270081, 63.991443634, 63.6658668518, 40.9773521423, 24.0825767517, 84.6557769775, 71.2419433594, 53.7094230652, 80.9988327026, 28.7523899078, 33.9018554688, 20.6494007111, 16.7571353912, 13.2381267548, 18.1277999878, 9.2757062912, 6.57883310318, 3.61831235886, 3.24494934082, 2.06161665916, 1.29466569424, 0.777252912521, 0.358021318913, 0.148188143969, 0.0616528056562, 0.0185029804707, 0.00458628870547, 0.000632416107692, 2.98661616398e-05, 2.78291208815e-05],
        "median": [0.000844270747621, 0.0030352906324, 0.0200374238193, 0.160393700004, 0.773618400097, 1.8828368187, 4.33193683624, 12.222026825, 18.1840877533, 12.2532815933, 30.3964252472, 34.2776260376, 31.2899055481, 27.927564621, 14.3445186615, 40.5773086548, 38.691860199, 24.7038898468, 32.844329834, 16.9505271912, 20.3815193176, 13.2990732193, 11.6410598755, 8.9648475647, 11.2666873932, 6.39984321594, 4.03587865829, 1.99684214592, 1.40444767475, 0.797237455845, 0.497216284275, 0.296934783459, 0.14522922039, 0.0478270053864, 0.0177270956337, 0.00563590507954, 0.00113898003474, 0.000170450948644, 1.79185899469e-05, 2.37905169342e-05],
        "min": [5.67435095972e-22, 3.04563519262e-21, 6.31479211587e-21, 3.01580713243e-20, 6.67595435783e-20, 1.7232410717e-19, 1.19319226548e-19, 4.54220590785e-19, 1.07941093558e-18, 6.53370423714e-19, 7.31550727225e-19, 1.23100119201e-18, 1.52604121367e-18, 7.15828091732e-19, 1.67843993575e-18, 1.99594649304e-18, 3.50111018503e-18, 5.73682304363e-18, 6.47311635919e-18, 4.70859701037e-18, 1.00524836204e-17, 9.23102709772e-18, 1.19005746809e-17, 1.44687554159e-17, 1.28777173483e-17, 1.26096860144e-17, 1.54618585332e-17, 1.67608315343e-17, 1.85402690854e-17, 1.40072680435e-17, 1.51664375949e-17, 1.64153645145e-17, 1.28692726614e-17, 1.21434100933e-17, 8.66901329259e-18, 5.07815359751e-18, 3.00791408455e-18, 9.62996741497e-19, 2.59403297259e-19, 2.84871955675e-20],
        "var": [0.000129150444991, 0.120584473014, 2.83451485634, 66.2885513306, 26.6613483429, 95.8788146973, 111.958961487, 1424.01293945, 1013.18328857, 2428.56323242, 6894.73095703, 7879.87744141, 7660.20703125, 1862.42919922, 1004.53112793, 19279.6796875, 8013.74462891, 5592.22412109, 20404.2207031, 1373.26635742, 1767.53637695, 531.500305176, 326.239044189, 193.98828125, 510.168945312, 109.010604858, 75.9416046143, 31.093503952, 39.93334198, 15.8763446808, 6.70516061783, 2.61233615875, 0.580136358738, 0.119649164379, 0.0267633609474, 0.00209508487023, 0.000132593981107, 2.60394722318e-06, 3.82529519172e-09, 5.43532385766e-10]
    },
    "gfcc": {
        "mean": [-42.9680404663, 99.2007217407, -179.426620483, 3.81373691559, -77.7716674805, -3.70578813553, -40.436706543, -2.70148897171, -20.2920780182, -0.109380438924, -9.26223182678, -6.33717060089, -7.01430892944],
        "cov": [[21980.2871094, 1283.9864502, -1475.13659668, 413.788879395, -981.193725586, 74.8724822998, -692.809143066, -97.2383651733, -477.04989624, 8.97790527344, -217.36428833, -205.616363525, -338.767303467], [1283.9864502, 1064.66088867, -42.1652374268, 206.664627075, 139.961715698, 17.9720039368, 125.561325073, -83.0054931641, 40.8881988525, -166.979263306, 22.5660762787, -152.986434937, 1.60530519485], [-1475.13659668, -42.1652374268, 647.603027344, 178.540756226, 192.516555786, 117.350868225, 90.2723007202, 11.6972465515, -30.387046814, -61.37940979, -63.0060119629, -35.4577445984, -104.149368286], [413.788879395, 206.664627075, 178.540756226, 246.402191162, 119.595550537, 117.626213074, 56.683883667, 12.5147542953, 11.9433679581, -47.272895813, -15.520611763, -46.0341644287, -48.5722007751], [-981.193725586, 139.961715698, 192.516555786, 119.595550537, 218.81578064, 78.6917877197, 86.1469573975, -9.73438644409, 35.6289558411, -22.6051330566, 4.71344041824, -24.4775886536, 2.93706130981], [74.8724822998, 17.9720039368, 117.350868225, 117.626213074, 78.6917877197, 194.756896973, 60.1468048096, 31.3485202789, 34.3167495728, -7.1890835762, -5.03233766556, -5.00433158875, -34.5762405396], [-692.809143066, 125.561325073, 90.2723007202, 56.683883667, 86.1469573975, 60.1468048096, 124.843223572, 29.738401413, 48.7608222961, -31.717628479, 24.9237098694, -16.676607132, 8.11396121979], [-97.2383651733, -83.0054931641, 11.6972465515, 12.5147542953, -9.73438644409, 31.3485202789, 29.738401413, 75.5302963257, 33.2380714417, 12.3893518448, 4.50936937332, 12.4256343842, 1.30361175537], [-477.04989624, 40.8881988525, -30.387046814, 11.9433679581, 35.6289558411, 34.3167495728, 48.7608222961, 33.2380714417, 113.362716675, 24.0356006622, 39.079662323, 3.11998701096, 36.2007026672], [8.97790527344, -166.979263306, -61.37940979, -47.272895813, -22.6051330566, -7.1890835762, -31.717628479, 12.3893518448, 24.0356006622, 94.2361984253, 35.5238418579, 45.7445220947, 26.267873764], [-217.36428833, 22.5660762787, -63.0060119629, -15.520611763, 4.71344041824, -5.03233766556, 24.9237098694, 4.50936937332, 39.079662323, 35.5238418579, 96.0457458496, 43.2739715576, 52.5745811462], [-205.616363525, -152.986434937, -35.4577445984, -46.0341644287, -24.4775886536, -5.00433158875, -16.676607132, 12.4256343842, 3.11998701096, 45.7445220947, 43.2739715576, 84.7863616943, 41.2831192017], [-338.767303467, 1.60530519485, -104.149368286, -48.5722007751, 2.93706130981, -34.5762405396, 8.11396121979, 1.30361175537, 36.2007026672, 26.267873764, 52.5745811462, 41.2831192017, 103.878067017]],
        "icov": [[0.000211207356188, -0.000575946934987, 0.000368139939383, -0.000676030991599, 0.000931940798182, -0.00053184304852, 0.000794065766968, -0.000552436977159, 0.000972691574134, -0.0010529353749, 0.000367650209228, -4.25520338467e-05, 0.000250338402111], [-0.000575946934987, 0.00452197575942, 7.20852185623e-05, -0.000337074801791, -0.0027565700002, 0.00213749497198, -0.00371895148419, 0.00464825378731, -0.00351359928027, 0.00634658196941, -0.003226459492, 0.00342485262081, -0.0011204732582], [0.000368139939383, 7.20852185623e-05, 0.00418803794309, -0.00263730878942, -0.000906484317966, -0.000313963741064, -0.000594793993514, -0.000302907195874, 0.0022731188219, -0.00030494373641, 0.00126953434665, -0.00115397153422, 0.0032376749441], [-0.000676030991599, -0.000337074801791, -0.00263730878942, 0.0125401038677, -0.0062907487154, -0.00252536893822, 0.00161134067457, -0.00316391373053, -0.00192822457757, 0.00407021027058, -0.00305594294332, 0.0012361939298, 0.000969187531155], [0.000931940798182, -0.0027565700002, -0.000906484317966, -0.0062907487154, 0.0157002117485, -0.0032188789919, -0.00220901938155, 0.00340495002456, 0.00270339148119, -0.00799469463527, 0.00400768686086, 0.000719011644833, -0.00338858528994], [-0.00053184304852, 0.00213749497198, -0.000313963741064, -0.00252536893822, -0.0032188789919, 0.0110200289637, -0.00563202798367, 0.00158231949899, -0.00478290766478, 0.00202341028489, 0.00090089510195, -0.00336744170636, 0.00295350677334], [0.000794065766968, -0.00371895148419, -0.000594793993514, 0.00161134067457, -0.00220901938155, -0.00563202798367, 0.0254338700324, -0.0122777530923, 0.000822804111522, 0.00385278789327, -0.00687866378576, 0.00297977728769, 0.000195613160031], [-0.000552436977159, 0.00464825378731, -0.000302907195874, -0.00316391373053, 0.00340495002456, 0.00158231949899, -0.0122777530923, 0.026614267379, -0.00903259962797, 0.00218860572204, 0.00297512277029, -0.00206617987715, -0.000691384542733], [0.000972691574134, -0.00351359928027, 0.0022731188219, -0.00192822457757, 0.00270339148119, -0.00478290766478, 0.000822804111522, -0.00903259962797, 0.0214583631605, -0.0106026390567, -0.00132744119037, 0.00504671037197, -0.00314625794999], [-0.0010529353749, 0.00634658196941, -0.00030494373641, 0.00407021027058, -0.00799469463527, 0.00202341028489, 0.00385278789327, 0.00218860572204, -0.0106026390567, 0.0303667038679, -0.0105286696926, -0.0017133691581, 0.000662385311443], [0.000367650209228, -0.003226459492, 0.00126953434665, -0.00305594294332, 0.00400768686086, 0.00090089510195, -0.00687866378576, 0.00297512277029, -0.00132744119037, -0.0105286696926, 0.025574086234, -0.0124566843733, -0.00308869592845], [-4.25520338467e-05, 0.00342485262081, -0.00115397153422, 0.0012361939298, 0.000719011644833, -0.00336744170636, 0.00297977728769, -0.00206617987715, 0.00504671037197, -0.0017133691581, -0.0124566843733, 0.0305778887123, -0.00929182674736], [0.000250338402111, -0.0011204732582, 0.0032376749441, 0.000969187531155, -0.00338858528994, 0.00295350677334, 0.000195613160031, -0.000691384542733, -0.00314625794999, 0.000662385311443, -0.00308869592845, -0.00929182674736, 0.0214169379324]]
    },
    "melbands": {
        "dmean": [4.03569283662e-05, 0.000168490543729, 0.000273895653663, 0.000204012612812, 0.000129291016492, 0.000223657654715, 0.000201755567105, 0.000133665365865, 0.000265904265689, 0.000173874097527, 0.000127779261675, 9.72392081167e-05, 3.8095353375e-05, 0.000115614129754, 8.17340187496e-05, 9.6993506304e-05, 5.61661254324e-05, 7.49703467591e-05, 4.91193532071e-05, 1.30291746245e-05, 2.5105311579e-05, 1.47904393089e-05, 6.66615551381e-06, 1.07124915303e-05, 4.54506107417e-06, 8.96107212611e-06, 4.34383673564e-06, 2.98841200674e-06, 2.37265498981e-06, 1.56917542427e-06, 1.21792390928e-06, 8.50357707805e-07, 1.02904698451e-06, 6.10409927049e-07, 3.82078496841e-07, 2.69294901045e-07, 2.99896726119e-07, 1.59618849693e-07, 1.09332262355e-07, 6.38332124936e-08],
        "dmean2": [5.87210633967e-05, 0.000283510889858, 0.00045976342517, 0.000334934768034, 0.000193182451767, 0.000320606544847, 0.000289842719212, 0.000192650826648, 0.000387759675505, 0.000240373497945, 0.000184043077752, 0.000160030162078, 6.01407664362e-05, 0.000185087192222, 0.000130860731588, 0.000155508940225, 8.9647299319e-05, 0.000112292727863, 7.07628641976e-05, 2.0733115889e-05, 3.8529815356e-05, 2.38262928178e-05, 1.10772316475e-05, 1.70468174474e-05, 7.20503021512e-06, 1.43846245919e-05, 6.61120702716e-06, 4.62787011202e-06, 3.54843746209e-06, 2.50063749263e-06, 1.86617728559e-06, 1.24823793612e-06, 1.5218711269e-06, 8.62893045905e-07, 5.26360111053e-07, 3.62796583886e-07, 4.35514039054e-07, 2.4712431923e-07, 1.55276168812e-07, 8.83594495349e-08],
        "dvar": [2.14102122698e-08, 3.62588792768e-07, 8.69604889431e-07, 1.58714215104e-07, 3.34178409389e-08, 1.02264756663e-07, 6.29279810482e-08, 3.75133417663e-08, 1.52372052753e-07, 5.83319206271e-08, 2.64989470367e-08, 1.62382498559e-08, 7.16697456937e-09, 3.3156400292e-08, 1.61124908971e-08, 2.17481996856e-08, 8.57989590486e-09, 1.85228934413e-08, 8.44524805643e-09, 3.86067400271e-10, 1.44585843298e-09, 5.09651820746e-10, 8.78563402584e-11, 3.78987341509e-10, 4.71930307333e-11, 1.44126516277e-10, 7.12800304892e-11, 2.11064707378e-11, 1.64653516516e-11, 1.05861474101e-11, 6.32001265558e-12, 3.02209754617e-12, 7.26672715057e-12, 2.3243551181e-12, 6.69192891205e-13, 3.9139592717e-13, 6.04469870425e-13, 1.99851609871e-13, 6.84573789799e-14, 4.671394158e-14],
        "dvar2": [4.10862597278e-08, 9.57011025093e-07, 2.26351789934e-06, 3.75608266268e-07, 6.75705109643e-08, 2.15630095113e-07, 1.26679381651e-07, 7.38072998274e-08, 3.40631430618e-07, 1.09939669812e-07, 4.38397407265e-08, 4.09793550205e-08, 1.70750684703e-08, 8.12990847976e-08, 4.02012609868e-08, 5.18855536313e-08, 2.06554986448e-08, 3.90170065145e-08, 1.53824810667e-08, 8.48981440704e-10, 3.64119800977e-09, 1.29369481794e-09, 2.29548630104e-10, 9.85214132498e-10, 1.22104396039e-10, 3.57711998911e-10, 1.41151090816e-10, 5.18414165762e-11, 3.28699081842e-11, 2.82169513449e-11, 1.4932218656e-11, 6.7338166293e-12, 1.4846299537e-11, 4.84224379343e-12, 1.10046130194e-12, 7.28358020598e-13, 1.21527787833e-12, 5.17950645481e-13, 1.42235561437e-13, 1.07259653362e-13],
        "max": [0.00334191741422, 0.00754408724606, 0.0121050467715, 0.00429834984243, 0.00261852424592, 0.00554100330919, 0.00397061090916, 0.0037922563497, 0.00625900831074, 0.00474455114454, 0.00245011365041, 0.00158941815607, 0.00107725663111, 0.00290368590504, 0.0022101579234, 0.00151104957331, 0.000841337372549, 0.00195309938863, 0.00107882090379, 0.000312125805067, 0.000445821147878, 0.000225560404942, 8.64247849677e-05, 0.000212086219108, 7.90240083006e-05, 0.000121820143249, 0.000134696616442, 7.96682215878e-05, 7.54043940105e-05, 5.70430674998e-05, 3.52129900421e-05, 2.76353202935e-05, 3.34994183504e-05, 2.07052362384e-05, 1.51502481458e-05, 1.07918567664e-05, 9.38136417972e-06, 5.20932371728e-06, 3.49659308085e-06, 4.34726462117e-06],
        "mean": [6.79544027662e-05, 0.000232842183323, 0.000404653634178, 0.000304666347802, 0.000290856987704, 0.000537070445716, 0.000470657483675, 0.00032011323492, 0.000461496441858, 0.000396109884605, 0.000311148061883, 0.000169978826307, 6.14407108515e-05, 0.000194412627025, 0.000167435311596, 0.000160061215865, 8.4162253188e-05, 0.00011679862655, 7.93086583144e-05, 2.47980042332e-05, 4.51447922387e-05, 2.55124050454e-05, 1.18544876386e-05, 1.79456710612e-05, 8.67560993356e-06, 1.546024032e-05, 7.84790699981e-06, 5.91937350691e-06, 4.45697105533e-06, 2.7431522085e-06, 2.02935075322e-06, 1.60777733527e-06, 1.82690268957e-06, 1.0280072047e-06, 7.76715978645e-07, 5.34298123966e-07, 4.66192830118e-07, 2.58447158785e-07, 1.80351563017e-07, 1.03994288736e-07],
        "median": [7.65308413975e-06, 7.18608953321e-06, 3.86652936868e-05, 9.06244240468e-05, 0.000143185432535, 0.000269548792858, 0.00026304347557, 0.000133776993607, 0.000260433647782, 0.0001897381444, 0.000153475164552, 0.000110077678983, 2.58067484538e-05, 9.4931514468e-05, 8.85982663021e-05, 8.04506344139e-05, 3.18378370139e-05, 4.88953483e-05, 3.00167648675e-05, 1.29743420985e-05, 2.48355736403e-05, 1.38444302138e-05, 8.0401005107e-06, 9.11122788239e-06, 5.41631470696e-06, 9.39670371736e-06, 4.70667191621e-06, 3.91388948628e-06, 2.66151937467e-06, 1.31683657401e-06, 9.75483430921e-07, 7.829710853e-07, 5.73815327698e-07, 3.62459417147e-07, 2.92044290973e-07, 2.12060200511e-07, 1.63401054465e-07, 9.98071101321e-08, 6.11978805409e-08, 3.18238981833e-08],
        "min": [5.27030594929e-24, 3.6253029811e-24, 5.67150522289e-24, 7.96639310405e-24, 5.16462185938e-24, 9.06917095131e-24, 1.7576373171e-23, 5.88532084366e-24, 7.14925074651e-24, 7.40184479723e-24, 6.75906515443e-24, 2.66060064137e-24, 4.42891795183e-24, 5.02266239518e-24, 5.33103680051e-24, 9.72947908342e-24, 1.06956325328e-23, 1.062526614e-23, 5.8157417341e-24, 7.03852386327e-24, 1.3077400032e-23, 9.28038135893e-24, 9.13400664025e-24, 1.0659436439e-23, 1.11702325526e-23, 8.81051608226e-24, 8.82167925293e-24, 8.65865799142e-24, 9.48046803893e-24, 8.61730984708e-24, 1.04998979984e-23, 1.09629774936e-23, 7.1708355586e-24, 6.13668900452e-24, 8.61409918319e-24, 1.02731596527e-23, 9.24230619848e-24, 8.95777195858e-24, 9.58965743227e-24, 9.82106977882e-24],
        "var": [5.16090068459e-08, 4.92807714636e-07, 1.42996259456e-06, 2.69863591029e-07, 1.32611063464e-07, 6.09087862813e-07, 3.40066947047e-07, 2.46001576443e-07, 3.90827665342e-07, 3.42444991475e-07, 1.79328409899e-07, 3.5229216877e-08, 1.15963985081e-08, 9.51861451881e-08, 6.11934112271e-08, 4.11059808414e-08, 1.612216316e-08, 3.94661192615e-08, 2.07280308473e-08, 1.07599662513e-09, 3.56679907831e-09, 1.11813081016e-09, 1.57311483284e-10, 7.28207438794e-10, 1.09653425229e-10, 3.18153697831e-10, 1.33838176652e-10, 5.73204712861e-11, 4.33153513058e-11, 1.95743820458e-11, 1.30371789753e-11, 8.41527975776e-12, 1.63957094429e-11, 4.72632480028e-12, 2.62214750781e-12, 1.21194601663e-12, 1.12837820684e-12, 3.57361032042e-13, 1.64858388442e-13, 8.12867839445e-14]
    },
    "mfcc": {
