{
"metadata": {
    "version": {
        "essentia": "2.0.1",
        "extractor": "archive-music 1.0"
    },
    "audio_properties": {
        "analysis_sample_rate": 44100,
        "bitrate": 128,
        "channels": 2,
        "equal_loudness": 0,
        "length": 15.15102005,
        "replay_gain": 7.77817344666,
        "downmix": "mix"
    },
    "tags": {
        "track": 0,
        "year": 0,
        "album": "",
        "artist": "",
        "comment": "",
        "genre": "",
        "title": ""
    }
},
"highlevel": {
    "culture": {
        "all": {
            "non_western": 1.71688952832e-07,
            "western": 0.999999821186
        },
        "probability": 0.999999821186,
        "value": "western"
    },
    "danceability": {
        "all": {
            "danceable": 0.944658577442,
            "not_danceable": 0.0553414411843
        },
        "probability": 0.944658577442,
        "value": "danceable"
    },
    "gender": {
        "all": {
            "female": 0.519019961357,
            "male": 0.480980068445
        },
        "probability": 0.519019961357,
        "value": "female"
    },
    "genre_dortmund": {
        "all": {
            "alternative": 0.00741112418473,
            "blues": 0.0864635258913,
            "electronic": 0.019363924861,
            "folkcountry": 0.0118552325293,
            "funksoulrnb": 0.0802974551916,
            "jazz": 0.617462992668,
            "pop": 0.0169985033572,
            "raphiphop": 0.152152001858,
            "rock": 0.00799525622278
        },
        "probability": 0.617462992668,
        "value": "jazz"
    },
    "genre_electronic": {
        "all": {
            "ambient": 0.941238164902,
            "dnb": 0.0200979728252,
            "house": 0.0209107324481,
            "techno": 0.0108781671152,
            "trance": 0.00687493756413
        },
        "probability": 0.941238164902,
        "value": "ambient"
    },
    "genre_rosamerica": {
        "all": {
            "cla": 0.0374279730022,
            "dan": 0.00395834352821,
            "hip": 0.00969504378736,
            "jaz": 0.450267344713,
            "pop": 0.106939055026,
            "rhy": 0.384919315577,
            "roc": 0.0024816186633,
            "spe": 0.0043113110587
        },
        "probability": 0.450267344713,
        "value": "jaz"
    },
    "genre_tzanetakis": {
        "all": {
            "blu": 0.0108775403351,
            "cla": 0.0990790873766,
            "cou": 0.0084524275735,
            "dis": 0.0127212936059,
            "hip": 0.0451247990131,
            "jaz": 0.5650806427,
            "met": 0.00424033822492,
            "pop": 0.199846714735,
            "reg": 0.0415415540338,
            "roc": 0.0130355926231
        },
        "probability": 0.5650806427,
        "value": "jaz"
    },
    "mirex_ballroom": {
        "all": {
            "ChaChaCha": 0.0118274781853,
            "Jive": 0.00623069377616,
            "Quickstep": 0.127360984683,
            "Rumba-American": 0.0595061741769,
            "Rumba-International": 0.035772562027,
            "Rumba-Misc": 0.0177615936846,
            "Samba": 0.0363214574754,
            "Tango": 0.12749812007,
            "VienneseWaltz": 0.129923805594,
            "Waltz": 0.447797119617
        },
        "probability": 0.447797119617,
        "value": "Waltz"
    },
    "mood_acoustic": {
        "all": {
            "acoustic": 0.0844149887562,
            "not_acoustic": 0.915585041046
        },
        "probability": 0.915585041046,
        "value": "not_acoustic"
    },
    "mood_aggressive": {
        "all": {
            "aggressive": 0.296077638865,
            "not_aggressive": 0.703922390938
        },
        "probability": 0.703922390938,
        "value": "not_aggressive"
    },
    "mood_electronic": {
        "all": {
            "electronic": 0.160868510604,
            "not_electronic": 0.839131474495
        },
        "probability": 0.839131474495,
        "value": "not_electronic"
    },
    "mood_happy": {
        "all": {
            "happy": 0.445576161146,
            "not_happy": 0.554423868656
        },
        "probability": 0.554423868656,
        "value": "not_happy"
    },
    "mood_party": {
        "all": {
            "not_party": 0.999999880791,
            "party": 1.00000008274e-07
        },
        "probability": 0.999999880791,
        "value": "not_party"
    },
    "mood_relaxed": {
        "all": {
            "not_relaxed": 0.0963307544589,
            "relaxed": 0.903669238091
        },
        "probability": 0.903669238091,
        "value": "relaxed"
    },
    "mood_sad": {
        "all": {
            "not_sad": 0.197768270969,
            "sad": 0.802231729031
        },
        "probability": 0.802231729031,
        "value": "sad"
    },
    "moods_mirex": {
        "all": {
            "Cluster1": 0.0516831092536,
            "Cluster2": 0.514310777187,
            "Cluster3": 0.157343149185,
            "Cluster4": 0.248986750841,
            "Cluster5": 0.0276761893183
        },
        "probability": 0.514310777187,
        "value": "Cluster2"
    },
    "timbre": {
        "all": {
            "bright": 0.973640739918,
            "dark": 0.0263592433184
        },
        "probability": 0.973640739918,
        "value": "bright"
    },
    "tonal_atonal": {
        "all": {
            "atonal": 0.981093943119,
            "tonal": 0.0189060326666
        },
        "probability": 0.981093943119,
        "value": "atonal"
    },
    "voice_instrumental": {
        "all": {
            "instrumental": 1,
            "voice": 1.19077568986e-11
        },
        "probability": 1,
        "value": "instrumental"
    }
},
"lowlevel": {
    "average_loudness": 0.858225047588,
    "barkbands_kurtosis": {
        "dmean": 3.23046565056,
        "dmean2": 5.14314508438,
        "dvar": 34.7682800293,
        "dvar2": 77.6580200195,
        "max": 143.927719116,
        "mean": 4.72276735306,
        "median": 0.921481728554,
        "min": -1.75117897987,
        "var": 190.216156006
    },
    "barkbands_skewness": {
        "dmean": 0.658729910851,
        "dmean2": 1.02567374706,
        "dvar": 0.375456929207,
        "dvar2": 0.777547359467,
        "max": 9.05626773834,
        "mean": 0.212377548218,
        "median": -0.0793454349041,
        "min": -5.67599964142,
        "var": 3.30767178535
    },
    "barkbands_spread": {
        "dmean": 5.92308282852,
        "dmean2": 9.98418807983,
        "dvar": 42.8195304871,
        "dvar2": 114.214805603,
        "max": 98.5730209351,
        "mean": 16.2074050903,
        "median": 15.2585554123,
        "min": 0.826409041882,
        "var": 94.5332183838
    },
    "dissonance": {
        "dmean": 0.0450736433268,
        "dmean2": 0.0759136080742,
        "dvar": 0.00172884122003,
        "dvar2": 0.00484806345776,
        "max": 0.498687952757,
        "mean": 0.408136814833,
        "median": 0.417423427105,
        "min": 0.197574198246,
        "var": 0.00358638330363
    },
    "dynamic_complexity": 4.05276679993,
    "erbbands_kurtosis": {
        "dmean": 4.14375972748,
        "dmean2": 6.39208555222,
        "dvar": 37.8510551453,
        "dvar2": 79.992980957,
        "max": 77.011932373,
        "mean": 6.19689655304,
        "median": 3.12109160423,
        "min": -1.47604334354,
        "var": 97.048210144
    },
    "erbbands_skewness": {
        "dmean": 0.533095300198,
        "dmean2": 0.786167800426,
        "dvar": 0.298135370016,
        "dvar2": 0.650105059147,
        "max": 3.86547875404,
        "mean": 0.16763189435,
        "median": 0.188781291246,
        "min": -6.23452806473,
        "var": 1.68256866932
    },
    "erbbands_spread": {
        "dmean": 4.2783780098,
        "dmean2": 6.57661581039,
        "dvar": 29.2766170502,
        "dvar2": 64.2377090454,
        "max": 64.7250671387,
        "mean": 13.8168869019,
        "median": 10.5590858459,
        "min": 0.593883931637,
        "var": 114.664276123
    },
    "hfc": {
        "dmean": 8.74419403076,
        "dmean2": 12.0647354126,
        "dvar": 223.325546265,
        "dvar2": 378.711761475,
        "max": 227.977050781,
        "mean": 21.9428272247,
        "median": 14.9119091034,
        "min": 1.13481768504e-16,
        "var": 638.955810547
    },
    "melbands_kurtosis": {
        "dmean": 4.00733852386,
        "dmean2": 6.13002824783,
        "dvar": 91.7170715332,
        "dvar2": 173.185409546,
        "max": 192.454605103,
        "mean": 7.83202600479,
        "median": 1.12889313698,
        "min": -1.67693817616,
        "var": 447.666625977
    },
    "melbands_skewness": {
        "dmean": 0.670413970947,
        "dmean2": 0.974916815758,
        "dvar": 0.454022586346,
        "dvar2": 0.801187992096,
        "max": 9.18383598328,
        "mean": 0.776657879353,
        "median": 0.230694919825,
        "min": -4.63415002823,
        "var": 4.75743818283
    },
    "melbands_spread": {
        "dmean": 6.22156476974,
        "dmean2": 9.66974639893,
        "dvar": 64.115524292,
        "dvar2": 135.788772583,
        "max": 167.180633545,
        "mean": 22.5513324738,
        "median": 20.466342926,
        "min": 0.592858552933,
        "var": 287.364715576
    },
    "pitch_salience": {
        "dmean": 0.070063456893,
        "dmean2": 0.115923970938,
        "dvar": 0.00349661009386,
        "dvar2": 0.00976180005819,
        "max": 0.897895753384,
        "mean": 0.414110898972,
        "median": 0.406215667725,
        "min": 0.122245907784,
        "var": 0.0103832781315
    },
    "silence_rate_20dB": {
        "dmean": 0.00612557446584,
        "dmean2": 0.0122699383646,
        "dvar": 0.00608800258487,
        "dvar2": 0.015186958015,
        "max": 1,
        "mean": 0.995412826538,
        "median": 1,
        "min": 0,
        "var": 0.00456607853994
    },
    "silence_rate_30dB": {
        "dmean": 0.0214395094663,
        "dmean2": 0.0429447852075,
        "dvar": 0.0209798719734,
        "dvar2": 0.0472355894744,
        "max": 1,
        "mean": 0.949541270733,
        "median": 1,
        "min": 0,
        "var": 0.0479127690196
    },
    "silence_rate_60dB": {
        "dmean": 0.00306278723292,
        "dmean2": 0.00613496918231,
        "dvar": 0.00305338669568,
        "dvar2": 0.00609736191109,
        "max": 1,
        "mean": 0.0810397565365,
        "median": 0,
        "min": 0,
        "var": 0.074471861124
    },
    "spectral_centroid": {
        "dmean": 151.417221069,
        "dmean2": 219.66078186,
        "dvar": 102332.835938,
        "dvar2": 186663.640625,
        "max": 11184.0175781,
        "mean": 1145.09631348,
        "median": 1168.57373047,
        "min": 146.792007446,
        "var": 523838.9375
    },
    "spectral_complexity": {
        "dmean": 1.16079628468,
        "dmean2": 1.91717791557,
        "dvar": 1.4121311903,
        "dvar2": 3.09128379822,
        "max": 19,
        "mean": 8.84862422943,
        "median": 9,
        "min": 0,
        "var": 14.0061473846
    },
    "spectral_crest": {
        "dmean": 3.04513859749,
        "dmean2": 4.99546957016,
        "dvar": 8.34945964813,
        "dvar2": 21.4260406494,
        "max": 25.6428871155,
        "mean": 13.0383234024,
        "median": 12.7408084869,
        "min": 3.47116541862,
        "var": 21.1538734436
    },
    "spectral_decrease": {
        "dmean": 2.96119462284e-09,
        "dmean2": 4.1746317514e-09,
        "dvar": 2.39928302708e-17,
        "dvar2": 3.81264882031e-17,
        "max": -9.25811827544e-30,
        "mean": -8.67137206484e-09,
        "median": -5.55889689835e-09,
        "min": -1.08555440193e-07,
        "var": 1.38583722245e-16
    },
    "spectral_energy": {
        "dmean": 0.0119035160169,
        "dmean2": 0.0167270153761,
        "dvar": 0.000366493419278,
        "dvar2": 0.00058527168585,
        "max": 0.414948642254,
        "mean": 0.034718003124,
        "median": 0.0226087030023,
        "min": 1.05394353409e-20,
        "var": 0.00207924470305
    },
    "spectral_energyband_high": {
        "dmean": 2.26862921409e-05,
        "dmean2": 3.02452372125e-05,
        "dvar": 2.71356759285e-09,
        "dvar2": 4.42337366735e-09,
        "max": 0.00109320913907,
        "mean": 6.92990724929e-05,
        "median": 2.66347597062e-05,
        "min": 7.70490790936e-21,
        "var": 1.70816569778e-08
    },
    "spectral_energyband_low": {
        "dmean": 0.00574037944898,
        "dmean2": 0.00799247808754,
        "dvar": 0.000270124583039,
        "dvar2": 0.000416295195464,
        "max": 0.394818663597,
        "mean": 0.0153587963432,
        "median": 0.00232452107593,
        "min": 2.20839543601e-23,
        "var": 0.0015507787466
    },
    "spectral_energyband_middle_high": {
        "dmean": 0.00641104206443,
        "dmean2": 0.00907560158521,
        "dvar": 9.55194336711e-05,
        "dvar2": 0.000179291368113,
        "max": 0.114857070148,
        "mean": 0.0131219867617,
        "median": 0.00747627485543,
        "min": 1.67889765178e-21,
        "var": 0.000262936431682
    },
    "spectral_energyband_middle_low": {
        "dmean": 0.0017380611971,
        "dmean2": 0.00248785736039,
        "dvar": 1.09774300654e-05,
        "dvar2": 2.14287520066e-05,
        "max": 0.0697874575853,
        "mean": 0.005188471172,
        "median": 0.00328695448115,
        "min": 3.45582645503e-22,
        "var": 4.26130536653e-05
    },
    "spectral_flatness_db": {
        "dmean": 0.0245514288545,
        "dmean2": 0.0373051948845,
        "dvar": 0.000504145282321,
        "dvar2": 0.00117750570644,
        "max": 0.391405522823,
        "mean": 0.232332348824,
        "median": 0.225190520287,
        "min": 0.0388991758227,
        "var": 0.0030352647882
    },
    "spectral_flux": {
        "dmean": 0.024000165984,
        "dmean2": 0.0393712520599,
        "dvar": 0.000849079573527,
        "dvar2": 0.0023329181131,
        "max": 0.343024075031,
        "mean": 0.0661579594016,
        "median": 0.061653919518,
        "min": 7.10080674815e-11,
        "var": 0.00163190194871
    },
    "spectral_kurtosis": {
        "dmean": 3.56862735748,
        "dmean2": 5.90343379974,
        "dvar": 10.0844516754,
        "dvar2": 23.4597473145,
        "max": 42.0815734863,
        "mean": 14.3535280228,
        "median": 13.3802547455,
        "min": -1.2506685257,
        "var": 38.3199157715
    },
    "spectral_rms": {
        "dmean": 0.000932284805458,
        "dmean2": 0.0013478306355,
        "dvar": 1.03824095277e-06,
        "dvar2": 2.0125098672e-06,
        "max": 0.0201203357428,
        "mean": 0.0050601135008,
        "median": 0.00469651678577,
        "min": 3.20661444446e-12,
        "var": 8.26649920782e-06
    },
    "spectral_rolloff": {
        "dmean": 203.130599976,
        "dmean2": 361.737365723,
        "dvar": 779864.3125,
        "dvar2": 1317500.625,
        "max": 18841.5527344,
        "mean": 1284.02587891,
        "median": 1184.32617188,
        "min": 107.666015625,
        "var": 3723790.75
    },
    "spectral_skewness": {
        "dmean": 0.327903836966,
        "dmean2": 0.522472798824,
        "dvar": 0.0761896520853,
        "dvar2": 0.171735003591,
        "max": 5.58160448074,
        "mean": 2.90791487694,
        "median": 2.88984322548,
        "min": 0.0121090020984,
        "var": 0.441621333361
    },
    "spectral_spread": {
        "dmean": 442663.78125,
        "dmean2": 678412.9375,
        "dvar": 1.81186055373e+12,
        "dvar2": 3.76427669094e+12,
        "max": 42309420,
        "mean": 3340760.75,
        "median": 3079783.75,
        "min": 1592630.625,
        "var": 5.50821848678e+12
    },
    "spectral_strongpeak": {
        "dmean": 1.40890645981,
        "dmean2": 2.10941100121,
        "dvar": 3.94600939751,
        "dvar2": 7.53970718384,
        "max": 26.6890125275,
        "mean": 3.10543489456,
        "median": 2.03505039215,
        "min": 0,
        "var": 12.6988286972
    },
    "zerocrossingrate": {
        "dmean": 0.00539876054972,
        "dmean2": 0.00756161939353,
        "dvar": 0.000470864499221,
        "dvar2": 0.000961336598266,
        "max": 0.50390625,
        "mean": 0.0473229661584,
        "median": 0.047119140625,
        "min": 0.00390625,
        "var": 0.00222581019625
    },
    "barkbands": {
        "dmean": [0.00212492304854, 0.00236947019584, 0.00313751632348, 0.000304466171656, 0.000600976578426, 0.000372357753804, 0.000203895921004, 0.000241205983912, 0.000534970487934, 0.000296157988487, 0.000866827147547, 0.00402131443843, 0.000994070782326, 0.000150378356921, 0.000553538557142, 0.000329265923938, 0.000189683662029, 7.05605052644e-05, 6.34165480733e-05, 1.85269818758e-05, 1.49702800627e-05, 6.69837936584e-06, 1.22789947454e-06, 8.44987084747e-07, 1.91037042896e-06, 6.92166167937e-07, 8.57977937585e-08],
        "dmean2": [0.00412237178534, 0.00324434041977, 0.004192114342, 0.000463691394543, 0.000847344228532, 0.000599419698119, 0.000322113715811, 0.000328963302309, 0.000688629515935, 0.00041856241296, 0.00134079123382, 0.00609140098095, 0.00113738328218, 0.000161310264957, 0.000694371468853, 0.000433762004832, 0.000290918454994, 0.000105457744212, 9.71217814367e-05, 2.54858878179e-05, 2.151742774e-05, 9.55176437856e-06, 1.80966640073e-06, 1.20600066111e-06, 2.75933302873e-06, 1.02207980035e-06, 1.48088901142e-07],
        "dvar": [4.04410138799e-06, 4.38096831203e-05, 0.00013342119928, 1.41617636018e-06, 5.59611680728e-06, 1.57536408096e-06, 4.55450162917e-07, 5.49078492895e-07, 1.3415549347e-06, 1.49289007823e-06, 3.61610159416e-06, 5.75134108658e-05, 9.06494369701e-06, 2.07741152281e-07, 1.42176131703e-05, 5.05638126924e-06, 2.44574692942e-07, 2.63803077161e-08, 1.92203195581e-08, 3.09693470868e-09, 1.66097979815e-09, 2.58185084423e-10, 5.81726203666e-12, 1.18016805096e-12, 8.65745149181e-12, 1.43333348662e-12, 5.26980785805e-15],
        "dvar2": [1.44261994137e-05, 7.67627789173e-05, 0.000214848434553, 3.15095599035e-06, 9.53428389039e-06, 4.19680281993e-06, 1.20628874356e-06, 9.50785363329e-07, 2.14132205656e-06, 3.09766642204e-06, 8.47220690048e-06, 0.00013234691869, 1.11331228254e-05, 2.2006680922e-07, 2.06129188882e-05, 8.37239895191e-06, 5.11032794748e-07, 6.05681123034e-08, 4.77422403833e-08, 5.42580069762e-09, 3.43070882813e-09, 4.85913254078e-10, 1.30239664539e-11, 2.27143390902e-12, 1.77489689612e-11, 3.19076384238e-12, 1.49418170436e-14],
        "max": [0.011554390192, 0.13584806025, 0.25765183568, 0.018812963739, 0.0645793229342, 0.0221325494349, 0.00855654850602, 0.0135563695803, 0.0290146265179, 0.0337968841195, 0.0195922944695, 0.0867161005735, 0.0455962717533, 0.00977592170238, 0.0737697035074, 0.0399306081235, 0.00794000830501, 0.00192129216157, 0.00213578972034, 0.000986461294815, 0.00081705552293, 0.00027833081549, 5.73470606469e-05, 1.15355869639e-05, 4.87302640977e-05, 2.12258928514e-05, 6.37276457383e-07],
        "mean": [0.00193324964494, 0.0061582038179, 0.00827588979155, 0.00046718242811, 0.00116921740118, 0.000690848683007, 0.000331701390678, 0.000553488440346, 0.00189887476154, 0.000621943734586, 0.00133077253122, 0.00663630384952, 0.00210110354237, 0.000382663973141, 0.00095411442453, 0.000547940435354, 0.000327574729454, 0.000131442066049, 0.000116936018458, 3.13019627356e-05, 3.04782115563e-05, 1.46008696902e-05, 3.15726219924e-06, 2.21387995225e-06, 4.34066259913e-06, 2.3085972316e-06, 2.06082958698e-07],
        "median": [0.00136119453236, 0.000778369838372, 0.000281748478301, 1.24018051793e-05, 9.93340436253e-05, 0.000256444356637, 0.000102692123619, 9.1895031801e-05, 0.000915645505302, 4.25227372034e-05, 0.000201734394068, 0.000571261625737, 6.62055390421e-05, 8.46780494612e-06, 2.79115120065e-05, 2.09514510061e-05, 2.17525048356e-05, 1.37037295644e-05, 3.11828152917e-05, 7.07489289198e-06, 6.01767305852e-06, 4.03380090575e-06, 1.5458448388e-06, 1.58831926456e-06, 3.10323821395e-06, 2.05500919037e-06, 2.01894422958e-07],
        "min": [2.68205331926e-24, 1.37101311646e-23, 1.72332324823e-24, 7.7371438141e-24, 1.90574752977e-23, 1.70640095907e-23, 3.30314425698e-23, 3.04503496413e-23, 9.24365373068e-23, 7.41517828202e-23, 7.33743067555e-23, 3.46474399114e-23, 8.16509596425e-23, 9.01869836842e-23, 1.18360677598e-22, 1.45441742359e-22, 2.00270743338e-22, 2.51585968517e-22, 2.64116538058e-22, 2.14370161582e-22, 2.88445765682e-22, 5.33416939871e-22, 5.37797654872e-22, 8.14414293508e-22, 1.05924243775e-21, 1.61688243088e-21, 2.16282022152e-21],
        "var": [3.47130730916e-06, 0.000221737820539, 0.00072806555545, 3.16273735734e-06, 1.89545953617e-05, 2.20261154027e-06, 5.51493144485e-07, 1.71571355168e-06, 1.1055944924e-05, 7.01999761077e-06, 6.60211708237e-06, 0.000136367059895, 4.15253525716e-05, 1.37475728934e-06, 3.34464530169e-05, 1.07179721454e-05, 5.369788596e-07, 8.02350470508e-08, 5.21555314492e-08, 6.10923356348e-09, 6.99926250292e-09, 8.58133397674e-10, 3.24854795841e-11, 3.90139786796e-12, 1.93452094621e-11, 2.73330837131e-12, 1.070479307e-14]
    },
    "erbbands": {
        "dmean": [0.0395606458187, 0.672262966633, 3.66168117523, 1.46582460403, 1.96964323521, 2.1313765049, 1.20509171486, 3.89495754242, 2.73093390465, 2.90339112282, 6.31364631653, 10.213341713, 9.82427406311, 27.6428585052, 33.1733779907, 206.396820068, 55.2460746765, 10.6613855362, 5.49999761581, 50.8744010925, 9.54472446442, 9.09384822845, 5.58511400223, 2.60349655151, 2.73118495941, 0.771754324436, 0.653753995895, 0.371818870306, 0.217074871063, 0.117377005517, 0.0386548228562, 0.0208700038493, 0.0124317407608, 0.0131641812623, 0.0194520298392, 0.0057703605853, 0.00088117190171, 0.000199742033146, 8.65396759764e-06, 1.3782424503e-05],
        "dmean2": [0.0673599466681, 0.886717140675, 4.85600948334, 2.11956071854, 2.78790998459, 3.05518054962, 2.00946092606, 6.22736549377, 4.28962135315, 4.24146175385, 8.55463695526, 13.140581131, 13.0651960373, 42.5632095337, 50.1170578003, 310.408325195, 66.4183883667, 12.0845689774, 6.81996870041, 65.1356506348, 13.3647022247, 13.8545942307, 8.44281291962, 3.89440798759, 4.18486261368, 1.04892671108, 0.943284869194, 0.515648901463, 0.319332093, 0.168258070946, 0.0565776117146, 0.0289774816483, 0.018089139834, 0.0195872038603, 0.0293804556131, 0.00822162255645, 0.0013401923934, 0.000336088618496, 1.29135041789e-05, 1.92952775251e-05],
        "dvar": [0.00478479173034, 4.09015274048, 168.43699646, 28.8563899994, 42.3031654358, 133.340667725, 9.40280628204, 218.361740112, 61.8764953613, 99.4713363647, 229.804626465, 315.52255249, 781.940673828, 4656.09765625, 4900.33056641, 154034.53125, 16646.2949219, 619.623535156, 366.801452637, 149762.3125, 1465.23583984, 920.461608887, 139.329315186, 51.2057495117, 38.6464500427, 4.66593408585, 4.48448324203, 0.527070045471, 0.230166405439, 0.0369304865599, 0.0077112019062, 0.000737685477361, 0.000276307953754, 0.000280408305116, 0.00103665015195, 0.000113023663289, 9.86701820693e-07, 4.00650996824e-08, 1.00564910566e-10, 4.64330379701e-10],
        "dvar2": [0.0132932821289, 6.59222984314, 256.179840088, 53.5501594543, 81.8114089966, 208.020233154, 25.2144603729, 572.976135254, 166.105438232, 179.447067261, 440.319244385, 475.750152588, 1354.10510254, 10268.0693359, 10636.8300781, 355463.46875, 21517.2890625, 743.329589844, 531.83190918, 222867.28125, 2223.23339844, 1886.76501465, 317.352264404, 111.671875, 107.561180115, 7.04687595367, 9.0384645462, 1.00124144554, 0.511297762394, 0.0773310288787, 0.0179653447121, 0.00127247860655, 0.000608649919741, 0.000626815774012, 0.00222674128599, 0.000258824351477, 2.22599032895e-06, 1.0445490517e-07, 1.74963432631e-10, 7.44225681082e-10],
        "max": [0.964427173138, 45.544128418, 316.835601807, 127.744224548, 127.041519165, 336.935058594, 38.5828552246, 265.819732666, 94.9875793457, 208.20451355, 181.561828613, 341.307403564, 671.889526367, 1349.62341309, 984.494018555, 4474.11767578, 2524.67333984, 522.793701172, 314.667297363, 7360.10058594, 711.477905273, 538.406555176, 137.699203491, 151.296463013, 103.544502258, 31.8938827515, 43.3404808044, 10.3682451248, 6.75657749176, 3.00838732719, 1.49616777897, 0.328682690859, 0.20801705122, 0.261954903603, 0.437990903854, 0.170471429825, 0.01545418147, 0.00297092809342, 0.000208778146771, 0.000451836676802],
        "mean": [0.0654205903411, 1.85150945187, 10.108338356, 3.62945437431, 3.56257247925, 4.44080114365, 2.3789293766, 6.97820711136, 4.41293525696, 5.6595454216, 18.7189121246, 36.9149169922, 27.3909034729, 49.0240516663, 57.342124939, 341.494049072, 123.766616821, 27.3760089874, 12.0893449783, 89.1473388672, 16.686870575, 15.3697481155, 11.0562705994, 4.89449357986, 4.9399933815, 1.5059286356, 1.40628528595, 0.822833776474, 0.481327682734, 0.275553584099, 0.0889573395252, 0.0525355190039, 0.0327327176929, 0.0308165829629, 0.0405525267124, 0.0137075753883, 0.00360833131708, 0.000817666354124, 3.73560178559e-05, 4.06122489949e-05],
        "median": [0.0354562029243, 0.0878053456545, 0.351619869471, 0.116157576442, 0.190609380603, 0.339248359203, 0.885901689529, 2.22926521301, 1.46349620819, 1.721971035, 7.45616292953, 15.958990097, 5.13230514526, 5.43054819107, 26.6610145569, 24.718744278, 16.8077316284, 7.55153274536, 1.8542817831, 2.37010097504, 3.8276617527, 3.14875555038, 1.8807694912, 1.27867364883, 1.51221013069, 0.445793956518, 0.269563764334, 0.22348703444, 0.154754444957, 0.0870746895671, 0.0465946607292, 0.0357970036566, 0.0251029282808, 0.0234137736261, 0.027586877346, 0.0109035242349, 0.00336886732839, 0.000814028491732, 3.37553356076e-05, 2.77435974567e-05],
        "min": [3.73372233575e-22, 3.02743095874e-21, 2.93776445917e-21, 2.02084133368e-20, 4.39157748152e-20, 6.21467773548e-20, 9.95738889512e-20, 2.29395614479e-19, 4.72418409164e-19, 6.42769018489e-19, 6.17519123496e-19, 2.02410123955e-18, 2.89042093676e-18, 3.08695677555e-18, 2.69726226961e-18, 1.55072118122e-18, 4.13314193388e-18, 4.39992132991e-18, 4.9081990009e-18, 5.95443316968e-18, 8.79072547511e-18, 1.2295483113e-17, 1.09866741073e-17, 1.65090145948e-17, 1.24583971619e-17, 9.59350922267e-18, 1.07365404803e-17, 1.18510505505e-17, 1.504129344e-17, 2.36420279361e-17, 1.45083012666e-17, 2.02445903652e-17, 1.27485084278e-17, 1.27211651455e-17, 6.53757688997e-18, 6.08625225851e-18, 2.60771024893e-18, 1.4692388244e-18, 2.86286822264e-19, 3.25810545907e-20],
        "var": [0.00816473178566, 22.4676208496, 973.324157715, 135.283065796, 129.337127686, 488.812744141, 17.2145233154, 314.025512695, 72.5565490723, 228.025177002, 842.449279785, 2793.4934082, 5303.55371094, 15252.9355469, 9154.75488281, 363508.75, 97952.8046875, 3938.47045898, 1068.29602051, 345322.09375, 3404.50048828, 1904.55102539, 433.570465088, 119.161315918, 74.1597213745, 14.0212917328, 19.4704418182, 2.20539498329, 0.758763611317, 0.195614099503, 0.0191136859357, 0.00270293746144, 0.000717459770385, 0.000723850971553, 0.00199695490301, 0.000190553168068, 3.49675360667e-06, 1.20510065926e-07, 6.10603012596e-10, 2.5659234737e-09]
    },
    "gfcc": {
        "mean": [-85.5660552979, 107.577613831, -123.828147888, -3.53230905533, -34.424369812, 21.9320430756, -18.5602474213, 16.6191711426, -22.7922439575, 9.26392650604, -7.33720397949, 12.0892620087, -9.20023155212],
        "cov": [[16575.5878906, 1877.70458984, -1811.37036133, 469.587158203, -238.554534912, -73.3704147339, 281.992736816, 165.2865448, -578.443359375, -225.85723877, -100.820381165, -124.076248169, -669.212219238], [1877.70458984, 1012.33624268, 485.448791504, 119.407196045, 226.860229492, 34.9833831787, -11.6300916672, -30.4767875671, -45.2798309326, -176.518127441, -194.795440674, -273.276000977, -124.642982483], [-1811.37036133, 485.448791504, 1393.36523438, 295.496917725, 210.829696655, 131.939559937, -1.85552239418, -66.9585723877, 34.1158638, -190.373016357, -217.258560181, -240.570892334, -27.4466247559], [469.587158203, 119.407196045, 295.496917725, 492.714782715, 132.529174805, 35.3906822205, 109.813041687, -83.2883453369, -147.563354492, -174.609298706, -109.036140442, -135.843353271, -151.923736572], [-238.554534912, 226.860229492, 210.829696655, 132.529174805, 400.363006592, 151.440704346, -31.7894420624, -80.8803024292, -54.2815437317, -99.2199707031, -71.53465271, -133.131729126, -39.8411483765], [-73.3704147339, 34.9833831787, 131.939559937, 35.3906822205, 151.440704346, 200.884384155, 36.6837539673, -37.3550758362, -61.7534866333, -37.7010574341, -4.7610077858, -15.1686878204, -14.0632915497], [281.992736816, -11.6300916672, -1.85552239418, 109.813041687, -31.7894420624, 36.6837539673, 209.362228394, 31.2330112457, -74.0815887451, -75.6382827759, -13.9531173706, -45.2050704956, -89.0525665283], [165.2865448, -30.4767875671, -66.9585723877, -83.2883453369, -80.8803024292, -37.3550758362, 31.2330112457, 191.779663086, 101.819488525, 8.97171783447, -52.7224159241, -5.06039476395, 30.0526390076], [-578.443359375, -45.2798309326, 34.1158638, -147.563354492, -54.2815437317, -61.7534866333, -74.0815887451, 101.819488525, 241.302993774, 120.097229004, -38.0633506775, -20.3901557922, 103.898857117], [-225.85723877, -176.518127441, -190.373016357, -174.609298706, -99.2199707031, -37.7010574341, -75.6382827759, 8.97171783447, 120.097229004, 242.04927063, 149.2787323, 91.8773193359, 67.9514312744], [-100.820381165, -194.795440674, -217.258560181, -109.036140442, -71.53465271, -4.7610077858, -13.9531173706, -52.7224159241, -38.0633506775, 149.2787323, 265.724243164, 194.104721069, 8.04438972473], [-124.076248169, -273.276000977, -240.570892334, -135.843353271, -133.131729126, -15.1686878204, -45.2050704956, -5.06039476395, -20.3901557922, 91.8773193359, 194.104721069, 298.636016846, 116.04624939], [-669.212219238, -124.642982483, -27.4466247559, -151.923736572, -39.8411483765, -14.0632915497, -89.0525665283, 30.0526390076, 103.898857117, 67.9514312744, 8.04438972473, 116.04624939, 237.112503052]],
        "icov": [[0.000381887017284, -0.0013623900013, 0.000997303868644, -0.00101932906546, 0.00088462443091, -0.000953382404987, 0.000322839303408, -0.000600500556175, 0.000355134892743, -0.000639240490273, 0.000555840670131, -0.000681028468534, 0.000455459376099], [-0.0013623900013, 0.00654919352382, -0.00404744083062, 0.00430447002873, -0.00377905019559, 0.00407782383263, -0.000786196964327, 0.00190784712322, -0.000492604100145, 0.0026158541441, -0.00182273529936, 0.00335650402121, -0.00115782243665], [0.000997303868644, -0.00404744083062, 0.00405258126557, -0.00372955854982, 0.0033082428854, -0.00417367788032, 0.00161503546406, -0.000926013221033, -0.0011231576791, 0.000430993386544, -0.000117794203106, -0.000529769051354, 0.000430758722359], [-0.00101932906546, 0.00430447002873, -0.00372955854982, 0.00747946975753, -0.00437554484233, 0.00500734709203, -0.00313753541559, 0.00281469989568, 0.00134298193734, 0.000356418953743, 0.00196990324184, 0.000119493233797, 0.00095714541385], [0.00088462443091, -0.00377905019559, 0.0033082428854, -0.00437554484233, 0.00944068934768, -0.00823015253991, 0.00483162375167, -0.000666793377604, -0.00193855667021, 0.00419728597626, -0.00460503483191, 0.00409780768678, -0.001115823281], [-0.000953382404987, 0.00407782383263, -0.00417367788032, 0.00500734709203, -0.00823015253991, 0.0135704912245, -0.00533016677946, 0.00134681502823, 0.00396136613563, -0.00400082254782, 0.00400255806744, -0.0026039078366, -2.31915055338e-05], [0.000322839303408, -0.000786196964327, 0.00161503546406, -0.00313753541559, 0.00483162375167, -0.00533016677946, 0.0106874695048, -0.00367750506848, 3.64552931842e-07, 0.00515308557078, -0.00597728183493, 0.00506724929437, -0.000103877937363], [-0.000600500556175, 0.00190784712322, -0.000926013221033, 0.00281469989568, -0.000666793377604, 0.00134681502823, -0.00367750506848, 0.0112011190504, -0.00646506622434, 0.00278010172769, 0.00205726898275, -0.00154652178753, 0.00089460198069], [0.000355134892743, -0.000492604100145, -0.0011231576791, 0.00134298193734, -0.00193855667021, 0.00396136613563, 3.64552931842e-07, -0.00646506622434, 0.0173008404672, -0.0124814193696, 0.00772922346368, -0.000704113626853, -0.00171905395109], [-0.000639240490273, 0.0026158541441, 0.000430993386544, 0.000356418953743, 0.00419728597626, -0.00400082254782, 0.00515308557078, 0.00278010172769, -0.0124814193696, 0.0232617929578, -0.0184302013367, 0.0106031559408, -0.00386111810803], [0.000555840670131, -0.00182273529936, -0.000117794203106, 0.00196990324184, -0.00460503483191, 0.00400255806744, -0.00597728183493, 0.00205726898275, 0.00772922346368, -0.0184302013367, 0.0262435730547, -0.0174677632749, 0.00837063696235], [-0.000681028468534, 0.00335650402121, -0.000529769051354, 0.000119493233797, 0.00409780768678, -0.0026039078366, 0.00506724929437, -0.00154652178753, -0.000704113626853, 0.0106031559408, -0.0174677632749, 0.0198884867132, -0.00938041508198], [0.000455459376099, -0.00115782243665, 0.000430758722359, 0.00095714541385, -0.001115823281, -2.31915055338e-05, -0.000103877937363, 0.00089460198069, -0.00171905395109, -0.00386111810803, 0.00837063696235, -0.00938041508198, 0.0113828014582]]
    },
    "melbands": {
        "dmean": [0.000542278925423, 0.001554416609, 0.000288098264718, 0.000162292591995, 4.76242967125e-05, 8.03876318969e-05, 4.45172809123e-05, 3.25030086969e-05, 5.08101074956e-05, 7.65105360188e-05, 4.80411035824e-05, 0.000105573686596, 8.88800786925e-05, 0.000380441517336, 0.000394371978473, 4.34513603977e-05, 1.85792232514e-05, 5.27257407157e-06, 4.25898688263e-05, 5.30463184987e-05, 6.97307223163e-06, 1.06765419332e-05, 5.86577107242e-06, 3.26977692566e-06, 2.19072830987e-06, 2.35030074691e-06, 1.25208134705e-06, 3.93725258618e-07, 2.72849092653e-07, 5.73032536977e-07, 1.7962537413e-07, 1.33745530206e-07, 1.20365569956e-07, 5.34973025879e-08, 2.56788190711e-08, 1.83642896445e-08, 1.41072291626e-08, 9.96955940025e-09, 1.09509530333e-08, 1.27041968057e-08],
        "dmean2": [0.000833597558085, 0.00203802553006, 0.000403956626542, 0.000224996547331, 7.69055477576e-05, 0.000128646715893, 6.96519127814e-05, 4.6923658374e-05, 6.8479203037e-05, 9.76507581072e-05, 6.3613326347e-05, 0.000162262978847, 0.000133895839099, 0.00058865948813, 0.0005422779941, 5.03420778841e-05, 2.03729905479e-05, 6.36901722828e-06, 5.46616975043e-05, 6.8721921707e-05, 1.05716835606e-05, 1.62251235452e-05, 8.90214232641e-06, 4.91767195854e-06, 3.2921896036e-06, 3.69149415747e-06, 1.80143047146e-06, 5.24080405739e-07, 4.02236054242e-07, 8.201966466e-07, 2.36014344068e-07, 1.96179769318e-07, 1.81743544658e-07, 7.73955832756e-08, 3.81958855655e-08, 2.7377730305e-08, 2.033317692e-08, 1.49105048308e-08, 1.71646306057e-08, 1.92699687318e-08],
        "dvar": [1.30568173518e-06, 2.70407981589e-05, 9.84555413197e-07, 4.21308527621e-07, 2.03374064256e-08, 8.51557047099e-08, 1.77640391286e-08, 1.46359857567e-08, 1.28203998528e-08, 2.16308411183e-08, 1.98002041429e-08, 7.47540198631e-08, 4.26892512451e-08, 5.77941477786e-07, 6.13847817021e-07, 1.61483715289e-08, 3.14915049593e-09, 2.84480689006e-10, 9.01269316955e-08, 1.53202222464e-07, 2.42683650953e-10, 1.04830044645e-09, 2.0316520688e-10, 5.95209298515e-11, 5.41795081022e-11, 3.5429655737e-11, 1.14244733465e-11, 1.25514475115e-12, 6.66832095184e-13, 2.56631261381e-12, 2.00174065149e-13, 1.09614852189e-13, 7.32047004937e-14, 1.24625897235e-14, 4.7980253295e-15, 9.4904864251e-16, 4.32213172655e-16, 1.79600366273e-16, 2.66936292338e-16, 2.93274781833e-16],
        "dvar2": [2.81880079456e-06, 4.01566685468e-05, 1.80156087026e-06, 7.26838493392e-07, 3.94958377115e-08, 2.24284491424e-07, 4.76484771639e-08, 2.44805704597e-08, 2.46712712482e-08, 3.34043903649e-08, 3.45461899087e-08, 1.63519885632e-07, 9.46325755535e-08, 1.308115543e-06, 1.10002781639e-06, 1.76260233076e-08, 3.5140856891e-09, 3.8053038498e-10, 1.33343021957e-07, 2.28335437669e-07, 5.51480194844e-10, 2.22040230646e-09, 4.15690176725e-10, 1.29671898219e-10, 1.15790307897e-10, 9.69832547604e-11, 2.27111766893e-11, 1.62102763938e-12, 1.39466238037e-12, 5.16950154558e-12, 3.07950876171e-13, 2.41500748436e-13, 1.65003508903e-13, 2.47976806596e-14, 1.1289151783e-14, 1.69935042719e-15, 8.51533445061e-16, 3.90024817362e-16, 6.71401406795e-16, 6.58912753021e-16],
        "max": [0.0193186867982, 0.12880961597, 0.0217432752252, 0.0176909044385, 0.00333012826741, 0.00521824229509, 0.00165619223844, 0.00273336959071, 0.00134312431328, 0.00331799825653, 0.00338254752569, 0.00585565948859, 0.0025802468881, 0.00920664798468, 0.00962125975639, 0.00368698942475, 0.00119996466674, 0.000380849582143, 0.00575030967593, 0.00741041731089, 0.00019409134984, 0.000527678232174, 0.000241874397034, 9.13065596251e-05, 0.000158337454195, 9.39429010032e-05, 5.92645264987e-05, 2.13393977901e-05, 1.65047295013e-05, 3.11469411827e-05, 7.48444108467e-06, 4.71532666779e-06, 3.30449529429e-06, 2.05523633667e-06, 1.08341146188e-06, 5.09089261413e-07, 2.40144430563e-07, 1.50165604396e-07, 1.84791957736e-07, 2.64070507683e-07],
        "mean": [0.00117637589574, 0.00438542058691, 0.000720614392776, 0.000311787298415, 9.62398480624e-05, 0.000145978410728, 7.29834064259e-05, 6.34582102066e-05, 0.000162963595358, 0.000262838264462, 0.000129101914354, 0.000185814278666, 0.000143732497236, 0.000628002802841, 0.00070715212496, 0.00011128418555, 4.69928527309e-05, 1.19995984278e-05, 7.47061058064e-05, 9.24994747038e-05, 1.16138917292e-05, 1.72916661541e-05, 1.20538261399e-05, 5.84820054428e-06, 3.8040070649e-06, 4.43618637291e-06, 2.01565671887e-06, 7.39428969609e-07, 5.73879333388e-07, 1.11904159894e-06, 3.25823265257e-07, 2.90139325898e-07, 2.20589257083e-07, 1.13979780281e-07, 4.87951297146e-08, 3.73057744696e-08, 3.12590167084e-08, 2.34586412518e-08, 2.08159409709e-08, 2.68594444464e-08],
        "median": [0.000382147729397, 0.000155618268764, 2.42178684857e-05, 2.01291841222e-05, 3.05616340484e-05, 4.84355914523e-05, 2.37650056079e-05, 1.4181701772e-05, 7.25316931494e-05, 8.84286419023e-05, 1.61456118803e-05, 5.96360678173e-06, 2.43868034886e-05, 6.63635946694e-05, 5.55126462132e-05, 3.63873959941e-06, 2.51782876148e-06, 8.39597760205e-07, 1.72093541551e-06, 1.97163694793e-06, 1.45928834172e-06, 1.0839139577e-06, 1.18878119792e-06, 6.8096051109e-07, 2.74523188182e-07, 4.81467054669e-07, 7.20064576853e-07, 9.57104902e-08, 1.17698697011e-07, 1.57785336796e-07, 4.90957248189e-08, 6.73318680811e-08, 5.61426958257e-08, 2.94196880191e-08, 2.2042497605e-08, 2.00634566738e-08, 1.9512917504e-08, 1.72473200166e-08, 1.59709774294e-08, 1.96919849316e-08],
        "min": [3.6755849752e-24, 2.47758372807e-24, 3.5842494763e-24, 4.03814702496e-24, 3.38796905017e-24, 4.54266972221e-24, 6.99361164536e-24, 7.12246181903e-24, 4.81094672215e-24, 1.43253858727e-23, 1.44046490387e-23, 1.211626926e-23, 1.08400003893e-23, 4.76554107174e-24, 5.09744325356e-24, 9.11055617212e-24, 8.05343680519e-24, 7.13084819932e-24, 1.00410444311e-23, 7.93199955744e-24, 9.7187829184e-24, 1.22683813641e-23, 1.02572577946e-23, 1.21004163113e-23, 1.33482475352e-23, 7.29905464355e-24, 8.54685036874e-24, 5.90652266378e-24, 6.5590013514e-24, 6.05743964356e-24, 6.92602283186e-24, 7.46696447609e-24, 1.14761315124e-23, 1.33844420513e-23, 7.04858105095e-24, 1.12633646822e-23, 1.03772750927e-23, 8.14733807418e-24, 1.00268402016e-23, 1.08890178394e-23],
