{
"metadata": {
    "version": {
        "essentia": "2.0.1",
        "extractor": "archive-music 1.0"
    },
    "audio_properties": {
        "analysis_sample_rate": 44100,
        "bitrate": 128,
        "channels": 2,
        "equal_loudness": 0,
        "length": 24.9991836548,
        "replay_gain": 1.6190776825,
        "downmix": "mix"
    },
    "tags": {
        "track": 0,
        "year": 0,
        "album": "",
        "artist": "",
        "comment": "",
        "genre": "",
        "title": ""
    }
},
"highlevel": {
    "culture": {
        "all": {
            "non_western": 0.0148053886369,
            "western": 0.98519462347
        },
        "probability": 0.98519462347,
        "value": "western"
    },
    "danceability": {
        "all": {
            "danceable": 0.0616604685783,
            "not_danceable": 0.938339531422
        },
        "probability": 0.938339531422,
        "value": "not_danceable"
    },
    "gender": {
        "all": {
            "female": 0.917401254177,
            "male": 0.0825987532735
        },
        "probability": 0.917401254177,
        "value": "female"
    },
    "genre_dortmund": {
        "all": {
            "alternative": 0.0278163254261,
            "blues": 0.0364386029541,
            "electronic": 0.0850969552994,
            "folkcountry": 0.365052700043,
            "funksoulrnb": 0.0193190332502,
            "jazz": 0.340022474527,
            "pop": 0.0595940761268,
            "raphiphop": 0.0114625357091,
            "rock": 0.0551972910762
        },
        "probability": 0.365052700043,
        "value": "folkcountry"
    },
    "genre_electronic": {
        "all": {
            "ambient": 0.977665245533,
            "dnb": 0.00194452761207,
            "house": 0.0108468681574,
            "techno": 0.00383995333686,
            "trance": 0.0057034259662
        },
        "probability": 0.977665245533,
        "value": "ambient"
    },
    "genre_rosamerica": {
        "all": {
            "cla": 0.766847968102,
            "dan": 0.00497923279181,
            "hip": 0.00379863521084,
            "jaz": 0.0289217233658,
            "pop": 0.0129839796573,
            "rhy": 0.113332256675,
            "roc": 0.0125177707523,
            "spe": 0.0566184446216
        },
        "probability": 0.766847968102,
        "value": "cla"
    },
    "genre_tzanetakis": {
        "all": {
            "blu": 0.0222232155502,
            "cla": 0.643430352211,
            "cou": 0.0350772626698,
            "dis": 0.0176092498004,
            "hip": 0.0144376615062,
            "jaz": 0.179832533002,
            "met": 0.00206043175422,
            "pop": 0.0225083716214,
            "reg": 0.0298340488225,
            "roc": 0.0329868681729
        },
        "probability": 0.643430352211,
        "value": "cla"
    },
    "mirex_ballroom": {
        "all": {
            "ChaChaCha": 0.000716545793694,
            "Jive": 0.00028839558945,
            "Quickstep": 0.00908798165619,
            "Rumba-American": 0.00395702105016,
            "Rumba-International": 0.0221787001938,
            "Rumba-Misc": 0.00504849432036,
            "Samba": 0.00037631802843,
            "Tango": 0.113282874227,
            "VienneseWaltz": 0.0835384950042,
            "Waltz": 0.761525154114
        },
        "probability": 0.761525154114,
        "value": "Waltz"
    },
    "mood_acoustic": {
        "all": {
            "acoustic": 0.986678957939,
            "not_acoustic": 0.0133210504428
        },
        "probability": 0.986678957939,
        "value": "acoustic"
    },
    "mood_aggressive": {
        "all": {
            "aggressive": 0.00691637676209,
            "not_aggressive": 0.99308359623
        },
        "probability": 0.99308359623,
        "value": "not_aggressive"
    },
    "mood_electronic": {
        "all": {
            "electronic": 0.257481873035,
            "not_electronic": 0.742518126965
        },
        "probability": 0.742518126965,
        "value": "not_electronic"
    },
    "mood_happy": {
        "all": {
            "happy": 0.263539433479,
            "not_happy": 0.736460566521
        },
        "probability": 0.736460566521,
        "value": "not_happy"
    },
    "mood_party": {
        "all": {
            "not_party": 0.973795592785,
            "party": 0.0262044165283
        },
        "probability": 0.973795592785,
        "value": "not_party"
    },
    "mood_relaxed": {
        "all": {
            "not_relaxed": 0.0381047055125,
            "relaxed": 0.961895287037
        },
        "probability": 0.961895287037,
        "value": "relaxed"
    },
    "mood_sad": {
        "all": {
            "not_sad": 0.173445060849,
            "sad": 0.826554954052
        },
        "probability": 0.826554954052,
        "value": "sad"
    },
    "moods_mirex": {
        "all": {
            "Cluster1": 0.087585195899,
            "Cluster2": 0.398296684027,
            "Cluster3": 0.127367928624,
            "Cluster4": 0.380410581827,
            "Cluster5": 0.00633962778375
        },
        "probability": 0.398296684027,
        "value": "Cluster2"
    },
    "timbre": {
        "all": {
            "bright": 0.995966076851,
            "dark": 0.00403389753774
        },
        "probability": 0.995966076851,
        "value": "bright"
    },
    "tonal_atonal": {
        "all": {
            "atonal": 0.182737290859,
            "tonal": 0.817262709141
        },
        "probability": 0.817262709141,
        "value": "tonal"
    },
    "voice_instrumental": {
        "all": {
            "instrumental": 0.97848123312,
            "voice": 0.0215187948197
        },
        "probability": 0.97848123312,
        "value": "instrumental"
    }
},
"lowlevel": {
    "average_loudness": 0.881022691727,
    "barkbands_kurtosis": {
        "dmean": 2.11414146423,
        "dmean2": 3.10261130333,
        "dvar": 7.99154472351,
        "dvar2": 15.6894073486,
        "max": 34.3391456604,
        "mean": 3.66626191139,
        "median": 2.46633267403,
        "min": -1.82076334953,
        "var": 26.1678276062
    },
    "barkbands_skewness": {
        "dmean": 0.472994983196,
        "dmean2": 0.657942652702,
        "dvar": 0.186964809895,
        "dvar2": 0.373477309942,
        "max": 4.90457057953,
        "mean": 1.10086166859,
        "median": 1.11415505409,
        "min": -2.70995759964,
        "var": 1.10136032104
    },
    "barkbands_spread": {
        "dmean": 2.1590025425,
        "dmean2": 3.03030991554,
        "dvar": 10.5830335617,
        "dvar2": 17.7914066315,
        "max": 93.4975357056,
        "mean": 8.92648410797,
        "median": 6.79379844666,
        "min": 1.20479142666,
        "var": 52.8002319336
    },
    "dissonance": {
        "dmean": 0.0382223911583,
        "dmean2": 0.0649346783757,
        "dvar": 0.00100272719283,
        "dvar2": 0.00258839968592,
        "max": 0.500000059605,
        "mean": 0.411005198956,
        "median": 0.415415167809,
        "min": 0.221120178699,
        "var": 0.00211544847116
    },
    "dynamic_complexity": 4.20134544373,
    "erbbands_kurtosis": {
        "dmean": 1.54608082771,
        "dmean2": 2.34747838974,
        "dvar": 4.13261461258,
        "dvar2": 9.77922821045,
        "max": 18.6292362213,
        "mean": 1.54041588306,
        "median": 0.599644422531,
        "min": -1.72744572163,
        "var": 10.0663795471
    },
    "erbbands_skewness": {
        "dmean": 0.435993015766,
        "dmean2": 0.623238623142,
        "dvar": 0.161346182227,
        "dvar2": 0.337875336409,
        "max": 3.64696955681,
        "mean": 0.523198008537,
        "median": 0.614284753799,
        "min": -2.86354923248,
        "var": 1.11581087112
    },
    "erbbands_spread": {
        "dmean": 3.56346511841,
        "dmean2": 5.15647697449,
        "dvar": 16.9129142761,
        "dvar2": 31.6313743591,
        "max": 87.7429046631,
        "mean": 15.8384561539,
        "median": 15.3394088745,
        "min": 2.73310041428,
        "var": 55.82654953
    },
    "hfc": {
        "dmean": 4.18389225006,
        "dmean2": 5.02100658417,
        "dvar": 35.653553009,
        "dvar2": 52.8800811768,
        "max": 104.087783813,
        "mean": 13.361536026,
        "median": 8.12470054626,
        "min": 1.18945236893e-16,
        "var": 242.38420105
    },
    "melbands_kurtosis": {
        "dmean": 3.01832103729,
        "dmean2": 4.48234939575,
        "dvar": 19.6162662506,
        "dvar2": 38.513343811,
        "max": 67.3449630737,
        "mean": 5.79381990433,
        "median": 3.63511943817,
        "min": -1.73455250263,
        "var": 61.3630714417
    },
    "melbands_skewness": {
        "dmean": 0.524690389633,
        "dmean2": 0.738725364208,
        "dvar": 0.238890811801,
        "dvar2": 0.432522505522,
        "max": 7.27630376816,
        "mean": 1.53324568272,
        "median": 1.46780896187,
        "min": -1.72134757042,
        "var": 1.21134805679
    },
    "melbands_spread": {
        "dmean": 3.28451609612,
        "dmean2": 4.5867638588,
        "dvar": 22.3354625702,
        "dvar2": 31.5972938538,
        "max": 147.771759033,
        "mean": 13.4165744781,
        "median": 8.91007995605,
        "min": 1.37918126583,
        "var": 210.956176758
    },
    "pitch_salience": {
        "dmean": 0.0708338469267,
        "dmean2": 0.107748411596,
        "dvar": 0.00379036087543,
        "dvar2": 0.00886464305222,
        "max": 0.996097207069,
        "mean": 0.531206429005,
        "median": 0.529841899872,
        "min": 0.148106217384,
        "var": 0.0141151864082
    },
    "silence_rate_20dB": {
        "dmean": 0,
        "dmean2": 0,
        "dvar": 0,
        "dvar2": 0,
        "max": 1,
        "mean": 1,
        "median": 1,
        "min": 1,
        "var": 0
    },
    "silence_rate_30dB": {
        "dmean": 0.0129990717396,
        "dmean2": 0.0260223057121,
        "dvar": 0.0128300338984,
        "dvar2": 0.0309215076268,
        "max": 1,
        "mean": 0.986085355282,
        "median": 1,
        "min": 0,
        "var": 0.0137210227549
    },
    "silence_rate_60dB": {
        "dmean": 0.0352831929922,
        "dmean2": 0.0706319734454,
        "dvar": 0.0340386256576,
        "dvar2": 0.0767959803343,
        "max": 1,
        "mean": 0.102040819824,
        "median": 0,
        "min": 0,
        "var": 0.0916300341487
    },
    "spectral_centroid": {
        "dmean": 102.773124695,
        "dmean2": 140.160980225,
        "dvar": 63541.1757812,
        "dvar2": 114305.070312,
        "max": 11166.0576172,
        "mean": 699.613220215,
        "median": 542.733581543,
        "min": 199.803161621,
        "var": 367830.6875
    },
    "spectral_complexity": {
        "dmean": 1.67688024044,
        "dmean2": 2.44237923622,
        "dvar": 2.54741573334,
        "dvar2": 4.92145442963,
        "max": 25,
        "mean": 10.112244606,
        "median": 10,
        "min": 0,
        "var": 16.5041427612
    },
    "spectral_crest": {
        "dmean": 2.25845074654,
        "dmean2": 3.51271891594,
        "dvar": 3.94755172729,
        "dvar2": 9.01375484467,
        "max": 24.2194442749,
        "mean": 10.4275884628,
        "median": 9.9993686676,
        "min": 4.0086350441,
        "var": 11.1835584641
    },
    "spectral_decrease": {
        "dmean": 2.2859039106e-09,
        "dmean2": 2.8541737862e-09,
        "dvar": 1.02109408201e-17,
        "dvar2": 1.69080696833e-17,
        "max": 1.00662166328e-27,
        "mean": -5.96989879753e-09,
        "median": -4.02678335121e-09,
        "min": -4.08632025994e-08,
        "var": 3.87537061744e-17
    },
    "spectral_energy": {
        "dmean": 0.00897521618754,
        "dmean2": 0.0111881839111,
        "dvar": 0.000155000612722,
        "dvar2": 0.000254919636063,
        "max": 0.16040802002,
        "mean": 0.0237436406314,
        "median": 0.016143027693,
        "min": 1.08481029564e-20,
        "var": 0.000601943465881
    },
    "spectral_energyband_high": {
        "dmean": 5.58851206733e-06,
        "dmean2": 7.32319040253e-06,
        "dvar": 2.04431860329e-10,
        "dvar2": 3.78693298941e-10,
        "max": 0.000347177032381,
        "mean": 1.19565529531e-05,
        "median": 3.3356232052e-06,
        "min": 7.69524346712e-21,
        "var": 5.58624813074e-10
    },
    "spectral_energyband_low": {
        "dmean": 0.00244275177829,
        "dmean2": 0.00343948439695,
        "dvar": 4.88949262945e-05,
        "dvar2": 9.39396413742e-05,
        "max": 0.122759379447,
        "mean": 0.0046998062171,
        "median": 0.000834414036945,
        "min": 2.40284128722e-23,
        "var": 0.00016338993737
    },
    "spectral_energyband_middle_high": {
        "dmean": 0.00126525654923,
        "dmean2": 0.00157150335144,
        "dvar": 8.19392153062e-06,
        "dvar2": 1.25077076518e-05,
        "max": 0.0548806227744,
        "mean": 0.00460723880678,
        "median": 0.00131237576716,
        "min": 1.44748286923e-21,
        "var": 6.41703954898e-05
    },
    "spectral_energyband_middle_low": {
        "dmean": 0.00701618753374,
        "dmean2": 0.00861822348088,
        "dvar": 8.6899715825e-05,
        "dvar2": 0.000135346519528,
        "max": 0.155005067587,
        "mean": 0.0150939486921,
        "median": 0.00990150682628,
        "min": 2.23430449959e-22,
        "var": 0.000260130938841
    },
    "spectral_flatness_db": {
        "dmean": 0.0220518577844,
        "dmean2": 0.0305232089013,
        "dvar": 0.000370570225641,
        "dvar2": 0.000719953211956,
        "max": 0.421147853136,
        "mean": 0.252661287785,
        "median": 0.252239942551,
        "min": 0.0311632510275,
        "var": 0.00215865508653
    },
    "spectral_flux": {
        "dmean": 0.0224907454103,
        "dmean2": 0.036914665252,
        "dvar": 0.0006291201571,
        "dvar2": 0.00159138557501,
        "max": 0.236347436905,
        "mean": 0.0592409074306,
        "median": 0.0504620447755,
        "min": 6.92145923908e-11,
        "var": 0.00142842635978
    },
    "spectral_kurtosis": {
        "dmean": 11.1541728973,
        "dmean2": 19.4175453186,
        "dvar": 85.8505325317,
        "dvar2": 247.211898804,
        "max": 78.5041351318,
        "mean": 25.0221214294,
        "median": 21.3485450745,
        "min": -1.19991207123,
        "var": 213.128616333
    },
    "spectral_rms": {
        "dmean": 0.000842094013933,
        "dmean2": 0.000998993171379,
        "dvar": 8.46610930694e-07,
        "dvar2": 1.30345006255e-06,
        "max": 0.0125098219141,
        "mean": 0.00423084432259,
        "median": 0.00396853778511,
        "min": 3.25323145159e-12,
        "var": 5.26449684912e-06
    },
    "spectral_rolloff": {
        "dmean": 165.727310181,
        "dmean2": 260.339141846,
        "dvar": 335189.71875,
        "dvar2": 413339.71875,
        "max": 19638.28125,
        "mean": 1053.84814453,
        "median": 602.9296875,
        "min": 107.666015625,
        "var": 3536586
    },
    "spectral_skewness": {
        "dmean": 0.767906665802,
        "dmean2": 1.31026184559,
        "dvar": 0.352697253227,
        "dvar2": 0.994646608829,
        "max": 6.8391418457,
        "mean": 3.34907078743,
        "median": 3.17878723145,
        "min": -0.0206000972539,
        "var": 1.13330113888
    },
    "spectral_spread": {
        "dmean": 286897.59375,
        "dmean2": 465602.75,
        "dvar": 918853320704,
        "dvar2": 1.81395993395e+12,
        "max": 40026160,
        "mean": 1949902.5,
        "median": 1780788.625,
        "min": 902653.875,
        "var": 3.63364823859e+12
    },
    "spectral_strongpeak": {
        "dmean": 0.651057064533,
        "dmean2": 0.980606675148,
        "dvar": 1.1741219759,
        "dvar2": 2.36638021469,
        "max": 14.7379045486,
        "mean": 1.81698536873,
        "median": 1.05767536163,
        "min": 0,
        "var": 5.26798772812
    },
    "zerocrossingrate": {
        "dmean": 0.00464660581201,
        "dmean2": 0.00535384984687,
        "dvar": 0.0001612733613,
        "dvar2": 0.000157007336384,
        "max": 0.5107421875,
        "mean": 0.0359611436725,
        "median": 0.0263671875,
        "min": 0.00439453125,
        "var": 0.00236162776127
    },
    "barkbands": {
        "dmean": [7.74262298364e-05, 0.00106626970228, 0.00125290278811, 0.000925360654946, 0.00153681379743, 0.00184683862608, 0.00278374622576, 0.00164347921964, 0.00024132191902, 0.000239045679336, 0.000128758387291, 0.000312840973493, 0.000125545513583, 0.000446843972895, 0.000397684169002, 2.45193787123e-05, 1.89495949598e-05, 1.46361298903e-05, 2.48856176768e-05, 5.2420296015e-06, 2.42590795096e-06, 1.07743369426e-06, 2.52323104633e-07, 1.62630954037e-07, 8.28210104942e-08, 4.57760798156e-08, 4.1370884496e-09],
        "dmean2": [0.000142182965646, 0.00143850489985, 0.00187717843801, 0.00134270102717, 0.00216652546078, 0.00229513971135, 0.00361160095781, 0.00248775351793, 0.000337830424542, 0.000309785245918, 0.000191283848835, 0.000433983281255, 0.000184795557288, 0.000551852863282, 0.000521350244526, 3.74916453438e-05, 2.72791221505e-05, 2.08000437851e-05, 3.29098584189e-05, 7.3321562013e-06, 3.27971656588e-06, 1.51372967139e-06, 3.67194644468e-07, 2.25181537417e-07, 1.15243665277e-07, 6.33017478435e-08, 6.68999566855e-09],
        "dvar": [8.88055584625e-09, 1.82306375791e-05, 1.34887732202e-05, 4.13107090935e-06, 1.20467439046e-05, 9.64608989307e-06, 2.87694510916e-05, 9.46354793996e-06, 2.42780288318e-07, 1.43234683492e-06, 5.70550611201e-08, 4.52019946806e-07, 5.49065305222e-07, 3.56379405275e-06, 2.05948504117e-06, 1.21243699525e-08, 1.80259784877e-09, 9.82902315094e-10, 5.90291282521e-09, 1.16042064846e-10, 7.651285161e-11, 1.23225015261e-11, 5.98665539885e-13, 2.75867057063e-13, 3.76804368415e-14, 7.70738826223e-15, 4.94710056065e-17],
        "dvar2": [2.55837573349e-08, 3.0628474633e-05, 3.14786884701e-05, 9.17143461265e-06, 2.59826756519e-05, 1.37791739689e-05, 3.729866512e-05, 1.94795375137e-05, 3.93725258618e-07, 1.60287981998e-06, 1.19003495058e-07, 7.75292562594e-07, 8.85494159775e-07, 5.23757353221e-06, 3.18876868732e-06, 2.8042745015e-08, 3.1777083187e-09, 2.06562056349e-09, 1.04565396342e-08, 2.2536918165e-10, 1.43843562062e-10, 2.59549170351e-11, 1.25264620725e-12, 4.33969212562e-13, 7.96612667324e-14, 1.53933770841e-14, 1.21869101983e-16],
        "max": [0.000584461609833, 0.0970027297735, 0.0586013235152, 0.030203782022, 0.0639513656497, 0.0405441001058, 0.136439412832, 0.0456872954965, 0.014349908568, 0.045148987323, 0.00391305983067, 0.0125922858715, 0.016212111339, 0.0514921955764, 0.0477363094687, 0.00298661040142, 0.00101274007466, 0.000486122589791, 0.00179354823194, 0.000156918569701, 0.000251474702964, 6.86264975229e-05, 1.50210771608e-05, 1.44689920489e-05, 4.42708596893e-06, 1.97761528398e-06, 9.71072964262e-08],
        "mean": [7.00692398823e-05, 0.00213201367296, 0.001996176783, 0.00133389467373, 0.0024543737527, 0.00352184893563, 0.00455792015418, 0.0025796154514, 0.000381074292818, 0.000396705087041, 0.000191488055862, 0.000956262636464, 0.000148598104715, 0.00144387199543, 0.00140493537765, 3.59646655852e-05, 3.48859284713e-05, 2.6145393349e-05, 6.09752205492e-05, 9.04414355318e-06, 4.30977570431e-06, 2.3982474886e-06, 4.64539567702e-07, 3.38110254461e-07, 2.01280101919e-07, 1.13860110673e-07, 7.37601713041e-09],
        "median": [3.58913457603e-05, 4.91442406201e-05, 0.000306338130031, 0.000315496465191, 0.000902769272216, 0.00167779042386, 0.00205999659374, 0.000991930253804, 0.000160105584655, 0.000107418898551, 6.59513607388e-05, 0.00029131420888, 2.62218345597e-05, 7.46646110201e-05, 7.73833671701e-05, 1.44461228047e-05, 1.23110003187e-05, 8.02117210696e-06, 7.92113769421e-06, 2.65102335106e-06, 1.10384496566e-06, 4.00747637741e-07, 1.33765766464e-07, 9.88892310261e-08, 6.58713545931e-08, 2.66910049618e-08, 2.25926211073e-09],
        "min": [1.14265839478e-23, 7.66170899004e-24, 2.71747277947e-24, 1.45334536557e-24, 3.0659773279e-23, 3.61418485439e-23, 1.37439433207e-23, 3.88533054701e-23, 5.27016198217e-23, 6.35772349143e-23, 6.88083482817e-23, 7.42181481104e-23, 1.05591341949e-22, 6.12027067916e-23, 4.08226209893e-23, 1.18549373126e-22, 1.50848948413e-22, 1.80559116178e-22, 2.32639700519e-22, 3.52512807488e-22, 4.6491665124e-22, 4.453438636e-22, 5.63089469505e-22, 9.3340506271e-22, 1.0595063843e-21, 1.56376838826e-21, 2.38426854802e-21],
        "var": [8.18290857296e-09, 6.50092842989e-05, 3.14438766509e-05, 8.02579415904e-06, 2.6549312679e-05, 2.57214251178e-05, 8.08458134998e-05, 1.82188814506e-05, 6.92808555414e-07, 5.35474828212e-06, 1.2063864574e-07, 2.95959330288e-06, 8.57011400512e-07, 2.95105710393e-05, 1.37688239192e-05, 1.42657867741e-08, 6.52588205696e-09, 2.35155672712e-09, 2.44062405841e-08, 2.99428926098e-10, 1.42376999079e-10, 3.14577669469e-11, 1.32478565878e-12, 9.65784635425e-13, 1.57857654357e-13, 5.21709682833e-14, 1.56321148026e-16]
    },
    "erbbands": {
        "dmean": [0.00828084722161, 0.319477379322, 1.48089146614, 1.87048745155, 5.95672464371, 3.72353672981, 5.52289390564, 16.6800174713, 41.8348655701, 37.8816299438, 29.1316108704, 7.67065620422, 8.28838348389, 4.85983085632, 5.02186822891, 15.755569458, 5.7178196907, 23.458530426, 24.0838947296, 6.0976099968, 1.26519858837, 0.775153756142, 0.900213837624, 1.23964643478, 0.947131872177, 0.250490069389, 0.116165012121, 0.0863632559776, 0.0390725918114, 0.017515681684, 0.00649300869554, 0.00366073008627, 0.0025133928284, 0.000888580922037, 0.000643877952825, 0.000289774150588, 8.02712966106e-05, 1.30274520416e-05, 4.37193966718e-06, 1.00654606285e-05],
        "dmean2": [0.011097766459, 0.439439356327, 2.19402432442, 2.62890958786, 8.9707326889, 4.82194375992, 6.66639614105, 21.1034240723, 52.0124053955, 54.1132049561, 45.0885810852, 10.5988750458, 10.3858623505, 7.17634487152, 7.35066175461, 21.889125824, 8.25088977814, 29.0856132507, 31.2193565369, 8.30028247833, 1.83546638489, 1.08343505859, 1.28939974308, 1.62415850163, 1.31082582474, 0.339544475079, 0.156454384327, 0.11499992013, 0.0532827787101, 0.0245695244521, 0.00967775285244, 0.00508203124627, 0.00351679325104, 0.00128582841717, 0.000899182225112, 0.000412679888541, 0.000113557216537, 1.85464050446e-05, 5.39712846148e-06, 1.25191736515e-05],
        "dvar": [0.00132873642724, 1.50057625771, 19.5504512787, 15.2304410934, 256.756835938, 65.4250411987, 116.980491638, 813.279968262, 6253.04541016, 6162.30175781, 2787.93530273, 192.790161133, 1935.54833984, 125.822784424, 123.775085449, 1190.91821289, 628.097290039, 8332.21191406, 6492.9765625, 244.54335022, 19.4207782745, 2.43341302872, 3.80870890617, 25.2726173401, 6.37134599686, 0.301225781441, 0.0593060143292, 0.188996478915, 0.0237449798733, 0.00508414208889, 0.000489520432893, 0.000120009273815, 8.39321219246e-05, 3.98650900024e-06, 2.75505044556e-06, 3.69417080037e-07, 2.25363319117e-08, 4.5423687034e-10, 3.47052143967e-11, 1.91735016752e-10],
        "dvar2": [0.00222145719454, 2.56634736061, 42.3413467407, 32.4882621765, 611.15838623, 94.053527832, 155.375823975, 1162.25048828, 7762.10400391, 10480.5175781, 6135.69335938, 328.586425781, 2146.07861328, 247.127670288, 244.120529175, 2034.23742676, 1025.65539551, 12354.4511719, 10246.9814453, 415.483612061, 43.2275505066, 4.27265644073, 8.56241607666, 42.7953910828, 12.6645326614, 0.541687607765, 0.117359787226, 0.349910378456, 0.0517564304173, 0.0116786845028, 0.00111553887837, 0.000184532837011, 0.000140760224895, 9.16582030186e-06, 5.52711844648e-06, 7.58962073633e-07, 4.92714953282e-08, 1.024348939e-09, 5.4290898166e-11, 3.12524978119e-10],
        "max": [0.95168274641, 27.0379657745, 74.2652893066, 61.4328117371, 271.368347168, 234.721817017, 318.113342285, 507.282287598, 1901.41796875, 1014.425354, 523.991516113, 362.365447998, 1664.25708008, 219.136672974, 196.852386475, 649.178710938, 533.221191406, 2368.63647461, 2707.25561523, 431.567321777, 114.196647644, 33.5328292847, 25.7641468048, 128.696456909, 68.2920608521, 7.91460609436, 3.79669928551, 13.6064805984, 3.75040006638, 1.78152632713, 0.495843648911, 0.304869711399, 0.28167027235, 0.0386107861996, 0.0452242642641, 0.013859978877, 0.00302200298756, 0.000409041385865, 7.8741897596e-05, 0.000180519142305],
        "mean": [0.0161868687719, 0.635719716549, 2.57361102104, 3.06286740303, 7.70320463181, 6.86546707153, 10.8429117203, 30.2482757568, 71.6655044556, 60.3288841248, 46.6444168091, 13.3867740631, 14.3315210342, 7.57557010651, 9.99157047272, 48.8899002075, 11.1752176285, 73.9030151367, 91.1422042847, 18.7854557037, 2.52373075485, 1.5577917099, 1.69524884224, 2.34749650955, 2.83053255081, 0.530728816986, 0.226975575089, 0.156338319182, 0.0815605670214, 0.0346064791083, 0.0124795762822, 0.00737013621256, 0.00509363319725, 0.00213656015694, 0.00149437889922, 0.00069324526703, 0.000187915662536, 2.98417417071e-05, 1.25364440464e-05, 2.71097414952e-05],
        "median": [0.0013293545926, 0.0192132629454, 0.315431892872, 0.910282492638, 1.78006458282, 2.24462938309, 5.54289722443, 13.1725463867, 28.6763114929, 20.4572544098, 19.6102294922, 6.2693862915, 3.7032752037, 3.12401628494, 4.45066356659, 14.0720062256, 4.12334442139, 8.27205276489, 6.70611858368, 3.11695480347, 1.16937708855, 0.653636217117, 0.531086206436, 0.457173168659, 0.290446162224, 0.153062969446, 0.0685079991817, 0.0331301949918, 0.0153370276093, 0.00706696137786, 0.00381044251844, 0.00238558254205, 0.0015448492486, 0.000835864862893, 0.000448975013569, 0.000192924664589, 3.79062366846e-05, 6.84183260091e-06, 8.70330404723e-06, 1.85248554772e-05],
        "min": [2.4490296612e-22, 1.81013250148e-21, 3.50703415531e-21, 5.72877261817e-21, 3.26877156533e-20, 8.76647693394e-20, 2.28504017176e-19, 1.80213264714e-19, 1.94913569594e-19, 3.47005265496e-19, 1.16041869752e-18, 8.4517163578e-19, 1.1647844534e-18, 2.65967952527e-18, 2.10756893323e-18, 3.62048930463e-18, 4.5166724967e-18, 3.04732158932e-18, 2.82505815873e-18, 3.95275658975e-18, 6.88779564875e-18, 9.2383153861e-18, 9.80700205723e-18, 1.06259356791e-17, 1.47557672361e-17, 1.74571306672e-17, 1.27853535339e-17, 1.898296126e-17, 1.61023080855e-17, 1.44308225674e-17, 1.65691572427e-17, 2.02352068283e-17, 1.43359449511e-17, 1.18139117953e-17, 7.47962104315e-18, 5.81845832546e-18, 2.7404874197e-18, 1.21079968369e-18, 2.90547758846e-19, 3.94585670144e-20],
        "var": [0.00433878460899, 5.33907079697, 56.5398750305, 33.0453681946, 389.392150879, 266.421020508, 366.841583252, 2164.67431641, 18031.9785156, 13514.4013672, 4639.21777344, 555.716491699, 7322.41455078, 260.748565674, 294.324707031, 7903.42138672, 1074.2598877, 66377.5546875, 46740.3203125, 1459.11572266, 27.794046402, 9.15091896057, 9.55954742432, 61.1653366089, 68.3774719238, 0.960682809353, 0.172904670238, 0.301550805569, 0.0431027859449, 0.00851597171277, 0.00106630369555, 0.000406273291446, 0.000265324488282, 1.47970413309e-05, 1.08769299914e-05, 1.96894256987e-06, 1.29139678506e-07, 3.00311775447e-09, 1.59313756631e-10, 7.70809915895e-10]
    },
    "gfcc": {
        "mean": [-135.177902222, 181.406570435, -137.516708374, -10.7735776901, -46.5518569946, -18.1767044067, -37.7734527588, -14.0463008881, -14.9205703735, 4.90937423706, -2.48257231712, -17.2092952728, -10.8097896576],
        "cov": [[16484.4414062, 1732.39782715, -2047.35681152, -73.6939163208, -186.315979004, -281.674560547, -290.509094238, -301.880371094, -110.358779907, 166.406051636, -131.665298462, -335.307312012, -186.034347534], [1732.39782715, 1496.9732666, 320.828582764, 54.9901695251, 126.383354187, -5.31714963913, 105.853050232, -18.7771034241, 82.9009933472, -213.139266968, 77.0999832153, -96.4600067139, 93.7661514282], [-2047.35681152, 320.828582764, 897.78717041, 147.587387085, 195.608169556, 181.324707031, 141.453384399, 98.4861297607, 61.5963401794, -141.30859375, 44.3697471619, 22.5995559692, 20.5394878387], [-73.6939163208, 54.9901695251, 147.587387085, 241.130126953, 101.103523254, 64.3009872437, 86.2100906372, 48.8870849609, 30.4630050659, -29.3532314301, -23.2121238708, -8.73450374603, 0.651574313641], [-186.315979004, 126.383354187, 195.608169556, 101.103523254, 263.37411499, 185.937759399, 61.9301300049, -0.483900368214, 30.1683483124, 35.7845916748, 39.1788520813, -27.4865703583, -48.0633773804], [-281.674560547, -5.31714963913, 181.324707031, 64.3009872437, 185.937759399, 239.16583252, 49.7515296936, 9.81963634491, 11.6771631241, 45.8986549377, 34.315284729, -19.813829422, -56.2858047485], [-290.509094238, 105.853050232, 141.453384399, 86.2100906372, 61.9301300049, 49.7515296936, 132.424209595, 59.3301048279, 42.3885307312, -34.9946861267, -6.47090148926, -6.19063711166, 14.089427948], [-301.880371094, -18.7771034241, 98.4861297607, 48.8870849609, -0.483900368214, 9.81963634491, 59.3301048279, 107.248298645, 35.9829177856, -21.1630058289, -17.8745708466, 10.1314249039, 2.19302368164], [-110.358779907, 82.9009933472, 61.5963401794, 30.4630050659, 30.1683483124, 11.6771631241, 42.3885307312, 35.9829177856, 75.8942642212, 8.59015083313, 9.44887542725, -10.1309928894, 4.96196460724], [166.406051636, -213.139266968, -141.30859375, -29.3532314301, 35.7845916748, 45.8986549377, -34.9946861267, -21.1630058289, 8.59015083313, 134.850448608, 27.6709728241, 8.09415721893, -40.8512763977], [-131.665298462, 77.0999832153, 44.3697471619, -23.2121238708, 39.1788520813, 34.315284729, -6.47090148926, -17.8745708466, 9.44887542725, 27.6709728241, 102.367111206, 43.0730400085, 19.008852005], [-335.307312012, -96.4600067139, 22.5995559692, -8.73450374603, -27.4865703583, -19.813829422, -6.19063711166, 10.1314249039, -10.1309928894, 8.09415721893, 43.0730400085, 96.0707626343, 41.7467193604], [-186.034347534, 93.7661514282, 20.5394878387, 0.651574313641, -48.0633773804, -56.2858047485, 14.089427948, 2.19302368164, 4.96196460724, -40.8512763977, 19.008852005, 41.7467193604, 101.122421265]],
        "icov": [[0.00018614831788, -0.000507043791004, 0.000503905117512, -0.000303424720187, 0.000243204849539, -0.000213443592656, 0.000207712830161, -8.91239033081e-05, 0.000320536579238, -0.000451383733889, 0.000434845889686, -0.00031083720387, 0.000530505436473], [-0.000507043791004, 0.00297004077584, -0.00122833484784, 0.00105002266355, -0.0018007401377, 0.00114121800289, -0.000702990684658, 0.000764343014453, -0.00227646902204, 0.00423487043008, -0.00357508286834, 0.00325395399705, -0.00243216590025], [0.000503905117512, -0.00122833484784, 0.00392977008596, -0.000764417112805, -0.00054867513245, -0.00226198486052, 0.000840849708766, -0.00117206270806, -0.000950714456849, 0.00297757983208, 0.000398966687499, -0.00220247451216, 0.00174495903775], [-0.000303424720187, 0.00105002266355, -0.000764417112805, 0.00716363545507, -0.00344941392541, 0.000537881569471, -0.00242334394716, -0.000789660552982, -0.00121972919442, 0.00202884525061, 0.00168838794343, -0.000459231290733, -0.00165641563945], [0.000243204849539, -0.0018007401377, -0.00054867513245, -0.00344941392541, 0.0127731403336, -0.00641423091292, -0.00163589511067, 0.00294612534344, -3.93314148823e-05, -0.00456392066553, -0.000566024566069, 2.91621890938e-05, 0.00316827069037], [-0.000213443592656, 0.00114121800289, -0.00226198486052, 0.000537881569471, -0.00641423091292, 0.0125273512676, -0.00272389804013, -0.000962932128459, 0.00375987193547, -0.00301230978221, -0.00323323300108, 0.00323454290628, 0.00120074115694], [0.000207712830161, -0.000702990684658, 0.000840849708766, -0.00242334394716, -0.00163589511067, -0.00272389804013, 0.0159169267863, -0.00541715463623, -0.0042985402979, 0.00286487932317, 0.00164265825879, -0.000238800712395, -0.00235704192892], [-8.91239033081e-05, 0.000764343014453, -0.00117206270806, -0.000789660552982, 0.00294612534344, -0.000962932128459, -0.00541715463623, 0.0174256097525, -0.0073292166926, 0.00180084176827, 0.00305128167383, -0.00446465006098, 0.00296835019253], [0.000320536579238, -0.00227646902204, -0.000950714456849, -0.00121972919442, -3.93314148823e-05, 0.00375987193547, -0.0042985402979, -0.0073292166926, 0.0249828603119, -0.0108512081206, -0.00182684452739, 0.00532614067197, -0.00173146405723], [-0.000451383733889, 0.00423487043008, 0.00297757983208, 0.00202884525061, -0.00456392066553, -0.00301230978221, 0.00286487932317, 0.00180084176827, -0.0108512081206, 0.0244067199528, -0.00702612940222, -0.000870886549819, 0.00241333665326], [0.000434845889686, -0.00357508286834, 0.000398966687499, 0.00168838794343, -0.000566024566069, -0.00323323300108, 0.00164265825879, 0.00305128167383, -0.00182684452739, -0.00702612940222, 0.0226216372102, -0.0127694644034, -7.01346580172e-05], [-0.00031083720387, 0.00325395399705, -0.00220247451216, -0.000459231290733, 2.91621890938e-05, 0.00323454290628, -0.000238800712395, -0.00446465006098, 0.00532614067197, -0.000870886549819, -0.0127694644034, 0.0247391108423, -0.00962034799159], [0.000530505436473, -0.00243216590025, 0.00174495903775, -0.00165641563945, 0.00316827069037, 0.00120074115694, -0.00235704192892, 0.00296835019253, -0.00173146405723, 0.00241333665326, -7.01346580172e-05, -0.00962034799159, 0.0202593896538]]
    },
    "melbands": {
        "dmean": [0.000182571617188, 0.000663819955662, 0.000459724746179, 0.000357405340765, 0.000175796900294, 0.000413421716075, 0.000633904710412, 0.000390380504541, 0.000208230310818, 4.11629407608e-05, 4.1116563807e-05, 1.92430143215e-05, 1.54769186338e-05, 3.46428532794e-05, 2.03806448553e-05, 1.47167093019e-05, 5.1754523156e-05, 3.68421351595e-05, 2.11089081859e-05, 3.35133699991e-06, 1.30103614993e-06, 9.18278772133e-07, 8.302409924e-07, 8.47237913604e-07, 1.12499003535e-06, 7.09443213509e-07, 3.64246687923e-07, 1.58450447429e-07, 7.3787923327e-08, 8.86667663735e-08, 4.33857607618e-08, 2.50500651333e-08, 1.47311443044e-08, 8.55569304292e-09, 4.05312450269e-09, 2.73760702996e-09, 2.33010166717e-09, 2.20568963094e-09, 1.20257437342e-09, 6.64934718397e-10],
        "dmean2": [0.00024246139219, 0.000959661731031, 0.000664869905449, 0.000511034333613, 0.0002152803645, 0.00051660038298, 0.000793055281974, 0.00056259019766, 0.000323327083606, 5.69192197872e-05, 5.15855645062e-05, 2.88507380901e-05, 2.26815445785e-05, 4.86706121592e-05, 2.85570149572e-05, 2.17229026021e-05, 6.42358645564e-05, 4.731881927e-05, 2.77741728496e-05, 5.15014608027e-06, 1.93377672986e-06, 1.32101342842e-06, 1.18145885608e-06, 1.18203263355e-06, 1.48066578731e-06, 9.99844928629e-07, 5.16650743521e-07, 2.24025271223e-07, 1.01591098201e-07, 1.25083204239e-07, 6.00226712777e-08, 3.55346116976e-08, 1.99016376712e-08, 1.2682066064e-08, 6.16950934784e-09, 3.69538821765e-09, 3.39541372796e-09, 3.04805336526e-09, 1.81231507579e-09, 9.98800708807e-10],
        "dvar": [5.70931888433e-07, 4.18222316512e-06, 1.08132735477e-06, 7.52135633775e-07, 1.09027709527e-07, 5.08371897467e-07, 1.44525938595e-06, 6.8715451107e-07, 1.52888716798e-07, 7.94974752694e-09, 4.93201213203e-08, 2.14651696417e-09, 9.51333567478e-10, 5.49313661224e-09, 1.63938584929e-09, 9.20294862539e-09, 4.44325287674e-08, 1.33828130799e-08, 5.28908294939e-09, 1.18396237259e-10, 1.48632339075e-11, 3.82099820534e-12, 4.03664124696e-12, 3.75015036386e-12, 2.51523021161e-11, 3.96831525973e-12, 6.31078251722e-13, 1.36658100201e-13, 2.05240386047e-14, 1.04399406058e-13, 3.67026660529e-14, 1.16055736459e-14, 1.68832195234e-15, 1.36352738047e-15, 1.92058169519e-16, 1.38188938717e-16, 4.51272618343e-17, 8.41087834756e-17, 9.3258782442e-18, 2.21846138653e-18],
        "dvar2": [9.51083620748e-07, 8.41758719616e-06, 2.41322914007e-06, 1.63674587839e-06, 1.51378088731e-07, 7.2182990607e-07, 1.78070001766e-06, 1.21391713037e-06, 3.35244891403e-07, 1.27298038777e-08, 5.4329390764e-08, 4.36527969327e-09, 1.90141991041e-09, 9.56840029431e-09, 2.84529400041e-09, 1.49011629702e-08, 6.57017480421e-08, 2.1203321765e-08, 8.32476043655e-09, 2.66106581215e-10, 3.09503950247e-11, 6.31855071737e-12, 8.9047207108e-12, 7.03247442918e-12, 4.22636231567e-11, 8.00967018405e-12, 1.2934978609e-12, 2.51461693265e-13, 4.08869105565e-14, 2.09687491979e-13, 6.95525858045e-14, 2.60707932022e-14, 3.24824683888e-15, 3.25777108909e-15, 4.9253870034e-16, 2.24143737857e-16, 8.00922988235e-17, 1.27472780794e-16, 2.43044937276e-17, 5.58822128735e-18],
        "max": [0.0171893909574, 0.0325364992023, 0.011040086858, 0.0153572792187, 0.00957942847162, 0.00987644307315, 0.0303177218884, 0.0114442864433, 0.00399745814502, 0.00256623211317, 0.00842512678355, 0.000956874340773, 0.000535467173904, 0.00136670796201, 0.000742084113881, 0.00209298892878, 0.00550806522369, 0.00373436347581, 0.00234072958119, 0.00024406927696, 8.85955814738e-05, 4.79323571199e-05, 6.21724684606e-05, 3.57277640433e-05, 0.000127739724121, 5.12778824486e-05, 2.00158119696e-05, 5.10886502525e-06, 2.20839001486e-06, 8.01587157184e-06, 5.87350223213e-06, 2.72916599897e-06, 8.04697549484e-07, 8.9443892648e-07, 3.17773412917e-07, 3.86346556525e-07, 1.62411183169e-07, 2.95625454783e-07, 5.84330059894e-08, 2.8649372652e-08],
        "mean": [0.000363405386452, 0.00121100188699, 0.00070203730138, 0.000534420600161, 0.000342420680681, 0.000758384820074, 0.00107719493099, 0.000619758735411, 0.000332154217176, 6.60932491883e-05, 6.98231378919e-05, 2.85909954982e-05, 2.38168740907e-05, 0.000101237819763, 6.47800625302e-05, 1.72016170836e-05, 0.000162614465808, 0.00014021746756, 7.26693033357e-05, 6.1218661358e-06, 2.08694746107e-06, 1.62946901128e-06, 1.60553099704e-06, 1.52332665948e-06, 1.93599794329e-06, 2.06762433663e-06, 9.73000737758e-07, 2.63659273969e-07, 1.33163013061e-07, 1.47994384747e-07, 7.39880903211e-08, 4.83010467178e-08, 3.35073266911e-08, 1.41195686254e-08, 6.97981361597e-09, 5.02956032378e-09, 4.4133292576e-09, 4.08822620201e-09, 2.43710052139e-09, 1.49015366713e-09],
        "median": [1.87010446098e-05, 0.000115853865282, 0.00019226630684, 0.000138268864248, 0.000171636609593, 0.000320679420838, 0.000457498594187, 0.000203085684916, 0.000135935755679, 2.70115342573e-05, 1.69817412825e-05, 1.12533780339e-05, 8.09795255918e-06, 3.43192041328e-05, 1.95091033675e-05, 2.6247448659e-06, 8.28375232231e-06, 1.13948772196e-05, 4.84645715915e-06, 1.61577497693e-06, 9.21459559322e-07, 6.82336235514e-07, 4.16557554672e-07, 4.16092518662e-07, 3.03935166812e-07, 2.05735361192e-07, 1.4540752602e-07, 7.87941587532e-08, 4.42652883237e-08, 2.89283441646e-08, 1.55507819954e-08, 8.91571438899e-09, 5.26221644037e-09, 3.03920022482e-09, 2.13773176938e-09, 1.57254276267e-09, 1.31193367281e-09, 1.1064839045e-09, 8.41488323466e-10, 5.90855919747e-10],
        "min": [3.56829121462e-24, 2.17652147169e-24, 1.08855754476e-24, 4.02924275749e-24, 8.23350219542e-24, 4.56236797345e-24, 2.79922243508e-24, 5.07120061225e-24, 8.64618057849e-24, 6.37119250253e-24, 5.793017018e-24, 1.15153307996e-23, 8.56842413678e-24, 5.02660512199e-24, 8.08214266467e-24, 7.131201609e-24, 5.44710545537e-24, 4.78242861157e-24, 3.43545847666e-24, 8.14332750534e-24, 7.2480271759e-24, 7.49201317641e-24, 1.01546104247e-23, 6.74715335477e-24, 8.33625448377e-24, 1.02353274614e-23, 1.07757879005e-23, 1.00172799963e-23, 6.82930690716e-24, 9.15511813579e-24, 9.10058260369e-24, 9.00167049023e-24, 7.50387370012e-24, 8.31247900494e-24, 9.30381999415e-24, 9.29535236119e-24, 1.44265525506e-23, 9.02993143216e-24, 9.56250641763e-24, 9.85476281694e-24],
