{
"metadata": {
    "version": {
        "essentia": "2.0.1",
        "extractor": "archive-music 1.0"
    },
    "audio_properties": {
        "analysis_sample_rate": 44100,
        "bitrate": 128,
        "channels": 2,
        "equal_loudness": 0,
        "length": 15.9085712433,
        "replay_gain": -5.39693641663,
        "downmix": "mix"
    },
    "tags": {
        "track": 0,
        "year": 0,
        "album": "",
        "artist": "",
        "comment": "",
        "genre": "",
        "title": ""
    }
},
"highlevel": {
    "culture": {
        "all": {
            "non_western": 0.0220778845251,
            "western": 0.977922141552
        },
        "probability": 0.977922141552,
        "value": "western"
    },
    "danceability": {
        "all": {
            "danceable": 0.0274843759835,
            "not_danceable": 0.972515642643
        },
        "probability": 0.972515642643,
        "value": "not_danceable"
    },
    "gender": {
        "all": {
            "female": 0.0682850107551,
            "male": 0.931715011597
        },
        "probability": 0.931715011597,
        "value": "male"
    },
    "genre_dortmund": {
        "all": {
            "alternative": 0.160664215684,
            "blues": 0.00735863903537,
            "electronic": 0.0339789837599,
            "folkcountry": 0.47999048233,
            "funksoulrnb": 0.00579800037667,
            "jazz": 0.122837848961,
            "pop": 0.135465234518,
            "raphiphop": 0.00111798290163,
            "rock": 0.0527886040509
        },
        "probability": 0.47999048233,
        "value": "folkcountry"
    },
    "genre_electronic": {
        "all": {
            "ambient": 0.976334869862,
            "dnb": 0.000588838884141,
            "house": 0.0193299185485,
            "techno": 0.00177183875348,
            "trance": 0.00197451864369
        },
        "probability": 0.976334869862,
        "value": "ambient"
    },
    "genre_rosamerica": {
        "all": {
            "cla": 0.822716593742,
            "dan": 0.00537739694118,
            "hip": 0.00535557093099,
            "jaz": 0.0201102755964,
            "pop": 0.0219928752631,
            "rhy": 0.0866502374411,
            "roc": 0.0275369286537,
            "spe": 0.0102601451799
        },
        "probability": 0.822716593742,
        "value": "cla"
    },
    "genre_tzanetakis": {
        "all": {
            "blu": 0.0540881827474,
            "cla": 0.489995807409,
            "cou": 0.0553132519126,
            "dis": 0.00934305042028,
            "hip": 0.00790170673281,
            "jaz": 0.248427435756,
            "met": 0.00269494042732,
            "pop": 0.0104684745893,
            "reg": 0.0441383160651,
            "roc": 0.0776288434863
        },
        "probability": 0.489995807409,
        "value": "cla"
    },
    "mirex_ballroom": {
        "all": {
            "ChaChaCha": 0.00032045590342,
            "Jive": 5.13284430781e-05,
            "Quickstep": 0.000145779122249,
            "Rumba-American": 0.000549270538613,
            "Rumba-International": 0.039945833385,
            "Rumba-Misc": 0.00584431318566,
            "Samba": 6.33421514067e-05,
            "Tango": 0.00209633051418,
            "VienneseWaltz": 0.00587588269264,
            "Waltz": 0.945107460022
        },
        "probability": 0.945107460022,
        "value": "Waltz"
    },
    "mood_acoustic": {
        "all": {
            "acoustic": 0.976177513599,
            "not_acoustic": 0.0238225143403
        },
        "probability": 0.976177513599,
        "value": "acoustic"
    },
    "mood_aggressive": {
        "all": {
            "aggressive": 4.92449680678e-06,
            "not_aggressive": 0.999995052814
        },
        "probability": 0.999995052814,
        "value": "not_aggressive"
    },
    "mood_electronic": {
        "all": {
            "electronic": 0.167096599936,
            "not_electronic": 0.832903385162
        },
        "probability": 0.832903385162,
        "value": "not_electronic"
    },
    "mood_happy": {
        "all": {
            "happy": 0.033810954541,
            "not_happy": 0.966189026833
        },
        "probability": 0.966189026833,
        "value": "not_happy"
    },
    "mood_party": {
        "all": {
            "not_party": 0.961354732513,
            "party": 0.0386452563107
        },
        "probability": 0.961354732513,
        "value": "not_party"
    },
    "mood_relaxed": {
        "all": {
            "not_relaxed": 0.0320086404681,
            "relaxed": 0.967991352081
        },
        "probability": 0.967991352081,
        "value": "relaxed"
    },
    "mood_sad": {
        "all": {
            "not_sad": 0.0680429115891,
            "sad": 0.931957066059
        },
        "probability": 0.931957066059,
        "value": "sad"
    },
    "moods_mirex": {
        "all": {
            "Cluster1": 0.154709652066,
            "Cluster2": 0.220564782619,
            "Cluster3": 0.502063333988,
            "Cluster4": 0.116983629763,
            "Cluster5": 0.00567858666182
        },
        "probability": 0.502063333988,
        "value": "Cluster3"
    },
    "timbre": {
        "all": {
            "bright": 0.842886149883,
            "dark": 0.157113865018
        },
        "probability": 0.842886149883,
        "value": "bright"
    },
    "tonal_atonal": {
        "all": {
            "atonal": 0.156680285931,
            "tonal": 0.843319714069
        },
        "probability": 0.843319714069,
        "value": "tonal"
    },
    "voice_instrumental": {
        "all": {
            "instrumental": 0.788514077663,
            "voice": 0.211485937238
        },
        "probability": 0.788514077663,
        "value": "instrumental"
    }
},
"lowlevel": {
    "average_loudness": 0.940918982029,
    "barkbands_kurtosis": {
        "dmean": 2.65350651741,
        "dmean2": 4.04382562637,
        "dvar": 43.2769889832,
        "dvar2": 95.7469329834,
        "max": 91.7327270508,
        "mean": 7.70020151138,
        "median": 5.71119213104,
        "min": -1.76718175411,
        "var": 75.5742340088
    },
    "barkbands_skewness": {
        "dmean": 0.305856227875,
        "dmean2": 0.448247224092,
        "dvar": 0.261272341013,
        "dvar2": 0.606998324394,
        "max": 6.67469024658,
        "mean": 1.67801952362,
        "median": 1.60777974129,
        "min": -2.00567626953,
        "var": 0.731308341026
    },
    "barkbands_spread": {
        "dmean": 1.01006186008,
        "dmean2": 1.61687469482,
        "dvar": 29.8563346863,
        "dvar2": 76.5270309448,
        "max": 112.325920105,
        "mean": 4.47345352173,
        "median": 3.32350468636,
        "min": 0.274975150824,
        "var": 43.278049469
    },
    "dissonance": {
        "dmean": 0.030221555382,
        "dmean2": 0.049893014133,
        "dvar": 0.000968898355495,
        "dvar2": 0.00234774244018,
        "max": 0.499813050032,
        "mean": 0.383036196232,
        "median": 0.386330246925,
        "min": 0.149297818542,
        "var": 0.00271232868545
    },
    "dynamic_complexity": 5.01817655563,
    "erbbands_kurtosis": {
        "dmean": 0.856975853443,
        "dmean2": 1.28345179558,
        "dvar": 5.58495759964,
        "dvar2": 11.1275920868,
        "max": 43.8285827637,
        "mean": 1.8647313118,
        "median": 1.21260023117,
        "min": -1.28147923946,
        "var": 10.644993782
    },
    "erbbands_skewness": {
        "dmean": 0.199533373117,
        "dmean2": 0.283805966377,
        "dvar": 0.0979787558317,
        "dvar2": 0.197875127196,
        "max": 5.60234594345,
        "mean": 1.09661710262,
        "median": 1.04641473293,
        "min": -0.942685961723,
        "var": 0.433264404535
    },
    "erbbands_spread": {
        "dmean": 1.97444009781,
        "dmean2": 2.97185564041,
        "dvar": 21.5115375519,
        "dvar2": 51.8857727051,
        "max": 104.224960327,
        "mean": 14.8488588333,
        "median": 13.8896636963,
        "min": 1.46994125843,
        "var": 48.8082008362
    },
    "hfc": {
        "dmean": 1.43642365932,
        "dmean2": 2.10054588318,
        "dvar": 21.9627933502,
        "dvar2": 47.0261306763,
        "max": 59.391002655,
        "mean": 5.92952728271,
        "median": 2.74719786644,
        "min": 1.1956653556e-16,
        "var": 68.0396347046
    },
    "melbands_kurtosis": {
        "dmean": 3.12328028679,
        "dmean2": 4.54336690903,
        "dvar": 42.3892822266,
        "dvar2": 103.250213623,
        "max": 98.2337188721,
        "mean": 10.5339612961,
        "median": 9.12298679352,
        "min": -1.36526918411,
        "var": 72.4332351685
    },
    "melbands_skewness": {
        "dmean": 0.315668702126,
        "dmean2": 0.452908754349,
        "dvar": 0.219165727496,
        "dvar2": 0.49432978034,
        "max": 6.9299697876,
        "mean": 2.21859502792,
        "median": 2.2249121666,
        "min": -0.446621805429,
        "var": 0.60718357563
    },
    "melbands_spread": {
        "dmean": 1.23389470577,
        "dmean2": 1.69671905041,
        "dvar": 46.7371406555,
        "dvar2": 80.9195098877,
        "max": 175.522460938,
        "mean": 6.0083398819,
        "median": 3.84982991219,
        "min": 0.395447134972,
        "var": 186.992538452
    },
    "pitch_salience": {
        "dmean": 0.0419385917485,
        "dmean2": 0.0628037899733,
        "dvar": 0.00227521802299,
        "dvar2": 0.00512199103832,
        "max": 0.941046059132,
        "mean": 0.54078066349,
        "median": 0.5498508811,
        "min": 0.178688138723,
        "var": 0.0108332047239
    },
    "silence_rate_20dB": {
        "dmean": 0,
        "dmean2": 0,
        "dvar": 0,
        "dvar2": 0,
        "max": 1,
        "mean": 1,
        "median": 1,
        "min": 1,
        "var": 0
    },
    "silence_rate_30dB": {
        "dmean": 0.017492711544,
        "dmean2": 0.0350364968181,
        "dvar": 0.0171867534518,
        "dvar2": 0.0396486259997,
        "max": 1,
        "mean": 0.975254714489,
        "median": 1,
        "min": 0,
        "var": 0.024132873863
    },
    "silence_rate_60dB": {
        "dmean": 0.0408163256943,
        "dmean2": 0.0817518234253,
        "dvar": 0.0391499921679,
        "dvar2": 0.0896669626236,
        "max": 1,
        "mean": 0.133915573359,
        "median": 0,
        "min": 0,
        "var": 0.115981809795
    },
    "spectral_centroid": {
        "dmean": 42.0153388977,
        "dmean2": 63.215965271,
        "dvar": 94043.8125,
        "dvar2": 170663.140625,
        "max": 11197.0644531,
        "mean": 389.245147705,
        "median": 307.120910645,
        "min": 200.344650269,
        "var": 442290.3125
    },
    "spectral_complexity": {
        "dmean": 1.02332365513,
        "dmean2": 1.64087593555,
        "dvar": 1.46301329136,
        "dvar2": 2.85789942741,
        "max": 24,
        "mean": 8.36535644531,
        "median": 7,
        "min": 0,
        "var": 20.7733230591
    },
    "spectral_crest": {
        "dmean": 1.44626891613,
        "dmean2": 2.21496129036,
        "dvar": 3.3141708374,
        "dvar2": 8.0154504776,
        "max": 23.8365592957,
        "mean": 10.0598220825,
        "median": 9.06242179871,
        "min": 4.42907571793,
        "var": 12.7411680222
    },
    "spectral_decrease": {
        "dmean": 1.475094491e-09,
        "dmean2": 2.17022466664e-09,
        "dvar": 2.15978264145e-17,
        "dvar2": 4.81343115151e-17,
        "max": 2.3847377953e-20,
        "mean": -5.30132382437e-09,
        "median": -3.24821924913e-09,
        "min": -5.9585119061e-08,
        "var": 5.01498065608e-17
    },
    "spectral_energy": {
        "dmean": 0.00569449970499,
        "dmean2": 0.00837528891861,
        "dvar": 0.000322366424371,
        "dvar2": 0.000717782240827,
        "max": 0.230080321431,
        "mean": 0.0205462127924,
        "median": 0.0125177679583,
        "min": 1.07489907247e-20,
        "var": 0.000753432977945
    },
    "spectral_energyband_high": {
        "dmean": 3.10282644023e-06,
        "dmean2": 4.4066978262e-06,
        "dvar": 2.00858746302e-10,
        "dvar2": 4.62380383981e-10,
        "max": 0.000220554473344,
        "mean": 5.14500561621e-06,
        "median": 3.26172596488e-07,
        "min": 7.86026519153e-21,
        "var": 3.38137018385e-10
    },
    "spectral_energyband_low": {
        "dmean": 0.00146855926141,
        "dmean2": 0.00206020055339,
        "dvar": 1.37174502015e-05,
        "dvar2": 2.91464075417e-05,
        "max": 0.047296077013,
        "mean": 0.00578610878438,
        "median": 0.00472768722102,
        "min": 3.34436823462e-23,
        "var": 3.62210012099e-05
    },
    "spectral_energyband_middle_high": {
        "dmean": 0.000193077750737,
        "dmean2": 0.000258085667156,
        "dvar": 6.03911587405e-07,
        "dvar2": 1.24228972709e-06,
        "max": 0.0152899585664,
        "mean": 0.000800729147159,
        "median": 0.000214827130549,
        "min": 1.49925415699e-21,
        "var": 2.30886098507e-06
    },
    "spectral_energyband_middle_low": {
        "dmean": 0.00509046670049,
        "dmean2": 0.00764626124874,
        "dvar": 0.000290176336421,
        "dvar2": 0.000687384337652,
        "max": 0.221910297871,
        "mean": 0.0154065461829,
        "median": 0.00769034819677,
        "min": 2.99647211883e-22,
        "var": 0.000547930481844
    },
    "spectral_flatness_db": {
        "dmean": 0.0166558884084,
        "dmean2": 0.0248440708965,
        "dvar": 0.000507603748702,
        "dvar2": 0.0011296053417,
        "max": 0.52227127552,
        "mean": 0.318719089031,
        "median": 0.3248013556,
        "min": 0.0472134128213,
        "var": 0.00367360725068
    },
    "spectral_flux": {
        "dmean": 0.0154791157693,
        "dmean2": 0.0250674858689,
        "dvar": 0.00127226766199,
        "dvar2": 0.00312893814407,
        "max": 0.390270203352,
        "mean": 0.0337288379669,
        "median": 0.0192873589694,
        "min": 6.75588474053e-11,
        "var": 0.00211092270911
    },
    "spectral_kurtosis": {
        "dmean": 22.4663677216,
        "dmean2": 38.2843589783,
        "dvar": 410.729553223,
        "dvar2": 1073.02502441,
        "max": 208.080886841,
        "mean": 66.1340026855,
        "median": 58.3052444458,
        "min": -1.20506858826,
        "var": 1683.25964355
    },
    "spectral_rms": {
        "dmean": 0.000446222344181,
        "dmean2": 0.000629650894552,
        "dvar": 1.09455390884e-06,
        "dvar2": 2.26052065955e-06,
        "max": 0.0149822765961,
        "mean": 0.00384496781044,
        "median": 0.00349463243037,
        "min": 3.23833603162e-12,
        "var": 5.26131725564e-06
    },
    "spectral_rolloff": {
        "dmean": 87.5138549805,
        "dmean2": 136.806289673,
        "dvar": 611402.4375,
        "dvar2": 839266.875,
        "max": 18970.7519531,
        "mean": 605.876525879,
        "median": 322.998046875,
        "min": 172.265625,
        "var": 3887444.5
    },
    "spectral_skewness": {
        "dmean": 1.22744238377,
        "dmean2": 2.08364844322,
        "dvar": 0.960163533688,
        "dvar2": 2.60716176033,
        "max": 12.1093235016,
        "mean": 5.75728988647,
        "median": 5.56153964996,
        "min": -0.0183604825288,
        "var": 4.43033695221
    },
    "spectral_spread": {
        "dmean": 378908.3125,
        "dmean2": 648731.4375,
        "dvar": 1.71027188941e+12,
        "dvar2": 3.47850617651e+12,
        "max": 40914840,
        "mean": 1516936.125,
        "median": 1163137.625,
        "min": 484380.6875,
        "var": 5.67886531789e+12
    },
    "spectral_strongpeak": {
        "dmean": 0.203284054995,
        "dmean2": 0.336352229118,
        "dvar": 0.123985737562,
        "dvar2": 0.238111063838,
        "max": 4.5521607399,
        "mean": 0.583238780499,
        "median": 0.315262079239,
        "min": 0,
        "var": 0.414399445057
    },
    "zerocrossingrate": {
        "dmean": 0.00310549722053,
        "dmean2": 0.00382071174681,
        "dvar": 0.000273578858469,
        "dvar2": 0.00023858671193,
        "max": 0.50732421875,
        "mean": 0.0211311355233,
        "median": 0.01416015625,
        "min": 0.00634765625,
        "var": 0.00273022102192
    },
    "barkbands": {
        "dmean": [1.77148751845e-06, 0.000396519724745, 0.00104098441079, 0.000754902313929, 0.00387307046913, 0.000829928321764, 0.000391571666114, 0.000103605329059, 0.000295368110528, 6.98376243236e-05, 3.77122123609e-05, 9.20074453461e-05, 1.86090910574e-05, 6.18418052909e-05, 1.03967113319e-05, 5.81038239034e-06, 3.9417309381e-06, 5.18837032359e-06, 1.89986678834e-06, 8.44080091156e-07, 1.53909525125e-06, 4.90372713102e-07, 3.47686011537e-07, 3.08495032186e-07, 1.59070040695e-07, 2.9041751759e-07, 3.40455521552e-08],
        "dmean2": [3.18578895531e-06, 0.000563420588151, 0.00138588086702, 0.00118715898134, 0.00597410323098, 0.00109497259837, 0.000544448732398, 0.000158603827003, 0.000490922422614, 8.65875117597e-05, 5.55278784304e-05, 0.000131906243041, 3.01052314171e-05, 9.0335313871e-05, 1.58190850925e-05, 9.50634603214e-06, 5.86535861657e-06, 7.89431942394e-06, 2.83582312477e-06, 1.23905135752e-06, 2.34256049225e-06, 8.15090061224e-07, 4.8186376489e-07, 4.41073126467e-07, 2.490627935e-07, 5.05601235545e-07, 5.6878196375e-08],
        "dvar": [3.9316692263e-11, 1.01015280052e-06, 5.77248874833e-06, 9.04634725885e-06, 0.000204863026738, 5.00969463246e-06, 1.80479230494e-06, 3.46699181364e-07, 1.78082609636e-06, 6.49357403404e-08, 5.39199511707e-08, 1.540599186e-07, 6.42273834117e-09, 6.13495885204e-08, 8.37852343061e-10, 1.69894501245e-10, 1.27167179564e-10, 2.79316347829e-10, 6.44199346644e-11, 9.5783528678e-12, 8.7974613705e-11, 4.99227612374e-12, 3.34591902795e-12, 1.66324950774e-12, 5.86816944863e-13, 3.58506865687e-12, 8.64165374459e-15],
        "dvar2": [1.10143685839e-10, 1.87204773283e-06, 1.08061685751e-05, 2.56262428593e-05, 0.000499932852108, 1.10416958705e-05, 3.14604562845e-06, 7.08606535227e-07, 4.50897823612e-06, 7.99096895321e-08, 1.33864659801e-07, 2.57512823509e-07, 1.65108957617e-08, 1.39438796509e-07, 1.70672986854e-09, 3.87462867346e-10, 2.48538023495e-10, 6.35779151548e-10, 1.43565270783e-10, 2.05530783365e-11, 2.20025275777e-10, 1.27679438203e-11, 5.7599380994e-12, 3.85723874716e-12, 1.47458456036e-12, 9.86370967543e-12, 2.1547615241e-14],
        "max": [8.83653119672e-05, 0.0165603049099, 0.0297251492739, 0.0475100204349, 0.195808619261, 0.0336787290871, 0.0283496379852, 0.0128983799368, 0.0280913170427, 0.00862376298755, 0.00558882020414, 0.00810335110873, 0.00142019498162, 0.00419916352257, 0.000520410423633, 0.000190726626897, 0.00029258657014, 0.000327066518366, 0.000147784492583, 5.53679819859e-05, 0.000184175121831, 3.08767412207e-05, 4.80311719002e-05, 2.15533273149e-05, 1.3220404071e-05, 3.65181549569e-05, 1.7021907297e-06],
        "mean": [1.65738902069e-06, 0.00166335061658, 0.00281052757055, 0.00213955761865, 0.00730818556622, 0.00344160478562, 0.00123585772235, 0.000316367571941, 0.000694568094332, 0.000349179492332, 9.08903457457e-05, 0.000198994559469, 5.23168419022e-05, 0.000170680941665, 2.48525539064e-05, 1.4470349015e-05, 1.11185290734e-05, 1.19636652016e-05, 4.20085598307e-06, 1.64161224347e-06, 2.05085598282e-06, 8.01336284439e-07, 5.45671070995e-07, 3.85820669635e-07, 1.68200926964e-07, 2.48382036716e-07, 7.03718257e-08],
        "median": [3.99417643848e-07, 0.000885411747731, 0.00173025391996, 0.00143285049126, 0.00229337834753, 0.00174636952579, 0.000531124416739, 9.70544642769e-05, 7.95913947513e-05, 5.88317525398e-05, 2.83580284304e-05, 5.43378228031e-05, 1.25746410049e-05, 2.26353695325e-05, 3.79596258426e-06, 2.9653351703e-06, 1.82376163593e-06, 9.54581764745e-07, 4.59943208853e-07, 1.22251762491e-07, 9.07570338882e-08, 4.21764987379e-08, 1.8488464093e-08, 1.03677448848e-08, 6.57223919731e-09, 2.77944844917e-09, 4.70284149401e-08],
        "min": [3.21309357584e-24, 1.48206248604e-23, 1.65322905193e-23, 5.99504429583e-24, 6.5477714431e-23, 2.58475340083e-23, 3.41815954587e-23, 1.53997087182e-23, 4.68739004181e-23, 4.50122991223e-23, 5.99303372604e-23, 1.00409251553e-22, 6.65037195461e-23, 8.66929420301e-23, 1.21650997501e-22, 5.85011043158e-23, 1.73718985311e-22, 1.58861642131e-22, 2.87674171364e-22, 3.27561604061e-22, 4.65780636947e-22, 4.2258768773e-22, 5.22558376796e-22, 7.74156790383e-22, 1.26429992595e-21, 1.68891176765e-21, 2.24379304478e-21],
        "var": [2.96033128566e-11, 4.24926429332e-06, 1.36131448016e-05, 8.92065600056e-06, 0.000311770651024, 2.70815180556e-05, 6.7102482717e-06, 6.87545423261e-07, 5.30618399353e-06, 1.10921405394e-06, 1.05014862584e-07, 3.44284899256e-07, 1.29810286964e-08, 1.56454561306e-07, 3.10899239686e-09, 6.80232703498e-10, 1.01053110324e-09, 8.72603322932e-10, 1.4802661874e-10, 2.6405096859e-11, 9.22603521358e-11, 8.59064121922e-12, 8.75407125261e-12, 2.33407022009e-12, 5.95218861178e-13, 2.64657024594e-12, 1.03164970734e-14]
    },
    "erbbands": {
        "dmean": [0.0022441400215, 0.132126331329, 1.07861745358, 1.54757285118, 10.9877643585, 11.0656347275, 11.2941389084, 3.95301938057, 7.02315330505, 2.52966928482, 2.97429394722, 8.1186504364, 3.49972176552, 0.978708326817, 2.27597522736, 3.63062620163, 0.920150279999, 2.73273515701, 1.31031262875, 0.730492055416, 0.250963360071, 0.175650194287, 0.256782352924, 0.136472851038, 0.0640972554684, 0.0415495447814, 0.0331054106355, 0.077835559845, 0.0209783632308, 0.0114689869806, 0.0101199354976, 0.00782046001405, 0.00428964709863, 0.00232482329011, 0.000953250390012, 0.000999563140795, 0.000629825575743, 0.000117105555546, 4.78190440845e-06, 6.256800134e-06],
        "dmean2": [0.003413856728, 0.185922861099, 1.450725317, 2.42488837242, 16.6872825623, 17.9779186249, 15.814414978, 5.80823469162, 9.79448890686, 3.5359518528, 4.67609930038, 14.2166824341, 5.13281583786, 1.28427445889, 3.6589717865, 4.89530181885, 1.38748884201, 3.88783144951, 2.08791065216, 1.1766462326, 0.40099927783, 0.263093113899, 0.401125103235, 0.204547837377, 0.0961828157306, 0.0621999204159, 0.0447211973369, 0.123654790223, 0.0341366827488, 0.0175862442702, 0.0129807274789, 0.0117860976607, 0.00590921519324, 0.00371032883413, 0.00148412119597, 0.00170216837432, 0.00108312291559, 0.00020221338491, 7.65276945458e-06, 9.20786897041e-06],
        "dvar": [3.41535924235e-05, 0.115280508995, 7.20110273361, 36.6168327332, 1630.37756348, 2040.27844238, 1410.33068848, 121.220848083, 486.407012939, 59.3424911499, 253.042999268, 1471.46557617, 154.997787476, 6.84764862061, 171.818389893, 383.621887207, 14.8057365417, 119.279006958, 21.8126964569, 3.49510574341, 0.364478647709, 0.254971206188, 0.696680665016, 0.267462104559, 0.0562529601157, 0.0212562885135, 0.0165490284562, 0.292987167835, 0.0107132932171, 0.00206614495255, 0.00277607073076, 0.00114374049008, 0.000377414835384, 0.000149433035403, 1.37320312206e-05, 3.49451656803e-05, 2.21043537749e-05, 3.17822610896e-07, 2.19958676273e-10, 3.92530202786e-10],
        "dvar2": [7.8553428466e-05, 0.206304460764, 12.6729011536, 102.704963684, 3804.05688477, 5185.42871094, 3151.60400391, 282.142730713, 865.489501953, 118.456489563, 530.979675293, 3943.45068359, 283.903778076, 13.6214370728, 449.869750977, 623.562927246, 34.0592079163, 277.012878418, 48.3018188477, 8.26367855072, 0.780780494213, 0.540060162544, 1.44383430481, 0.575116872787, 0.0998918041587, 0.0473980531096, 0.0303061828017, 0.757768511772, 0.0286002550274, 0.00438482593745, 0.00446996418759, 0.00262771360576, 0.000805966497865, 0.000379763514502, 3.41962986568e-05, 9.41448961385e-05, 6.09898997936e-05, 8.7972688334e-07, 5.73160019446e-10, 8.74273764495e-10],
        "max": [0.108784399927, 5.39157962799, 36.2542648315, 104.923149109, 607.90411377, 730.999023438, 597.255249023, 208.349472046, 429.96295166, 129.752243042, 354.356445312, 755.50402832, 346.146362305, 53.1396903992, 312.935394287, 420.36505127, 76.5981826782, 186.435379028, 71.5779724121, 27.5449829102, 13.9827194214, 9.00608253479, 16.5534000397, 9.11084365845, 3.43830776215, 2.45683979988, 2.14911103249, 10.72356987, 1.4539077282, 0.811051130295, 1.48129189014, 0.55208927393, 0.322406560183, 0.202973783016, 0.0595353357494, 0.108336873353, 0.0911353304982, 0.0104632377625, 0.000235150408116, 0.000252858764725],
        "mean": [0.00795094761997, 0.533967196941, 3.30977916718, 5.81036424637, 17.5469894409, 20.0578117371, 39.311706543, 16.0534038544, 23.1538257599, 8.10555076599, 10.0711231232, 19.1329021454, 14.8396930695, 4.32136440277, 6.04843854904, 7.65342140198, 3.13631296158, 7.70528364182, 3.29207038879, 1.57807898521, 0.705632269382, 0.522220492363, 0.639316678047, 0.344246387482, 0.154951274395, 0.0821091681719, 0.0660845637321, 0.0949867516756, 0.0292698908597, 0.0216419566423, 0.0160775743425, 0.00947601348162, 0.00561566324905, 0.00242199702188, 0.00108058180194, 0.000963110011071, 0.000518153305165, 0.00016314968525, 1.3701401258e-05, 2.27702785196e-05],
        "median": [0.00485839881003, 0.281520247459, 1.90342521667, 4.06738424301, 6.46790122986, 5.17199039459, 14.8283405304, 8.08132362366, 10.6945028305, 2.40005803108, 2.80355143547, 2.22836828232, 2.30787205696, 1.88079845905, 1.84342157841, 1.99534237385, 0.765011012554, 1.10732221603, 0.563926458359, 0.266725748777, 0.167330399156, 0.0964728668332, 0.058418892324, 0.0382666289806, 0.0139813367277, 0.00630401447415, 0.00391861563548, 0.00303353718482, 0.00146163732279, 0.00090555998031, 0.000467567471787, 0.000256877887296, 0.000163929580594, 8.26405230328e-05, 5.38026433787e-05, 3.05635039695e-05, 2.27959299082e-05, 8.12453727121e-05, 9.64579794527e-06, 1.3807652067e-05],
        "min": [9.95831690351e-23, 4.28445145297e-21, 1.85115589389e-20, 1.91212928323e-20, 3.62646708042e-20, 3.11746717735e-19, 2.5870993896e-19, 3.13462807313e-19, 2.46926544339e-19, 8.96479736321e-19, 3.93156386056e-19, 6.28852428466e-19, 1.40851808057e-18, 1.45576374203e-18, 4.00076491173e-18, 3.6612192644e-18, 3.69931217238e-18, 4.45556576972e-18, 5.14074015061e-18, 5.56162494912e-18, 4.45286833374e-18, 9.95250478134e-18, 9.96118604187e-18, 1.18364896901e-17, 1.79323244224e-17, 1.36074800729e-17, 1.8799858214e-17, 1.57175797652e-17, 1.49873265225e-17, 1.73317780628e-17, 1.24647441187e-17, 1.31077852279e-17, 1.59375155095e-17, 1.3904942493e-17, 8.63215577886e-18, 5.43784398789e-18, 3.51025508029e-18, 1.28501556902e-18, 2.81768632511e-19, 3.16771368205e-20],
        "var": [9.8259159131e-05, 0.447449922562, 19.1567001343, 45.411819458, 2287.41870117, 3064.23681641, 4866.73046875, 720.32824707, 1796.61755371, 225.237060547, 581.882263184, 4145.69482422, 1802.16308594, 36.4124298096, 315.922790527, 824.173034668, 41.3065452576, 309.718322754, 59.8058815002, 10.4855594635, 2.4588944912, 1.27148139477, 2.38328647614, 0.809863865376, 0.173303604126, 0.0634654909372, 0.0506974384189, 0.266758948565, 0.0125649254769, 0.00564156472683, 0.00776294898242, 0.0014709548559, 0.000676473602653, 0.000145374462591, 1.71623269125e-05, 2.85736077785e-05, 1.54408608068e-05, 2.44862718546e-07, 3.35972138998e-10, 9.23576548573e-10]
    },
    "gfcc": {
        "mean": [-189.255020142, 209.121749878, -80.8326873779, -17.2360858917, -28.5059700012, -14.3481111526, -29.7104549408, -21.2172679901, -20.5141429901, -12.7045412064, -11.1443099976, -7.19154071808, -12.0696983337],
        "cov": [[18729.9238281, 2329.12866211, -2078.54125977, 200.471328735, -529.690490723, -222.886383057, -365.151794434, -175.236587524, 62.6714553833, -40.2601776123, -169.53616333, -182.88772583, 48.8747024536], [2329.12866211, 1649.63391113, -9.65073776245, -437.199432373, 362.137298584, -175.337615967, 134.207473755, -156.135238647, 74.8784942627, -74.1627655029, 69.9422454834, -28.4860095978, 1.61646223068], [-2078.54125977, -9.65073776245, 747.585571289, -129.952972412, 139.953231812, 129.073699951, 54.81640625, -5.98980998993, -54.2390174866, 35.7349433899, -36.0334472656, 4.99748039246, -27.4731121063], [200.471328735, -437.199432373, -129.952972412, 331.934234619, -125.134620667, 58.089466095, -36.2567977905, 32.6107711792, -21.9461860657, -5.70579147339, -28.4791927338, -13.6630983353, -2.88961720467], [-529.690490723, 362.137298584, 139.953231812, -125.134620667, 313.976043701, 18.9784145355, 116.393333435, 5.4015007019, 42.5458068848, 10.607049942, 36.9683151245, 17.6852054596, -11.5487289429], [-222.886383057, -175.337615967, 129.073699951, 58.089466095, 18.9784145355, 192.088882446, 26.4043197632, 57.4671325684, 11.2767696381, 46.920791626, -18.0990142822, 16.2391166687, -15.0635576248], [-365.151794434, 134.207473755, 54.81640625, -36.2567977905, 116.393333435, 26.4043197632, 100.013237, -2.49325203896, 35.7925796509, 4.67744827271, 26.0510177612, 7.62955379486, 5.35389471054], [-175.236587524, -156.135238647, -5.98980998993, 32.6107711792, 5.4015007019, 57.4671325684, -2.49325203896, 87.6346740723, 14.3355417252, 22.4667816162, -9.38112449646, 10.3848314285, -7.72113180161], [62.6714553833, 74.8784942627, -54.2390174866, -21.9461860657, 42.5458068848, 11.2767696381, 35.7925796509, 14.3355417252, 82.783531189, 4.69059610367, 3.24295186996, -1.50489771366, 19.2889938354], [-40.2601776123, -74.1627655029, 35.7349433899, -5.70579147339, 10.607049942, 46.920791626, 4.67744827271, 22.4667816162, 4.69059610367, 63.9965667725, 5.36363172531, 7.45657062531, -7.66831827164], [-169.53616333, 69.9422454834, -36.0334472656, -28.4791927338, 36.9683151245, -18.0990142822, 26.0510177612, -9.38112449646, 3.24295186996, 5.36363172531, 73.4328842163, 17.5981254578, -8.9800863266], [-182.88772583, -28.4860095978, 4.99748039246, -13.6630983353, 17.6852054596, 16.2391166687, 7.62955379486, 10.3848314285, -1.50489771366, 7.45657062531, 17.5981254578, 47.5774459839, -3.07711148262], [48.8747024536, 1.61646223068, -27.4731121063, -2.88961720467, -11.5487289429, -15.0635576248, 5.35389471054, -7.72113180161, 19.2889938354, -7.66831827164, -8.9800863266, -3.07711148262, 46.9500999451]],
        "icov": [[0.000315337645588, -0.00105503259692, 0.000832361169159, -0.000656374089886, 0.0006655746256, -0.000738372851629, 0.000873062177561, -0.000158367955009, 0.000595776713453, -0.00129463372286, 0.00106933887582, 1.08671647467e-05, -0.000295040430501], [-0.00105503259692, 0.00530138565227, -0.00212352490053, 0.00405341666192, -0.00385274831206, 0.00216053100303, -0.00306321727112, 0.00294776400551, -0.00241655507125, 0.00579156493768, -0.00345761235803, 0.0014642404858, 0.00187559786718], [0.000832361169159, -0.00212352490053, 0.00482826167718, 0.00012459026766, 0.000424447440309, -0.00401063030586, 0.0012852618238, 0.00127147010062, 0.00413611717522, -0.00314878113568, 0.00461286539212, 0.00108036538586, -0.000340722734109], [-0.000656374089886, 0.00405341666192, 0.00012459026766, 0.00800506491214, -0.0016568711726, -0.00115057115909, -0.00314941676334, 0.00186189380474, 0.000484353484353, 0.00554058607668, -0.00124971638434, 0.00301354750991, 0.0016623652773], [0.0006655746256, -0.00385274831206, 0.000424447440309, -0.0016568711726, 0.0099375937134, -0.000161643692991, -0.00529052084312, -0.00401675561443, 0.000515693158377, -0.00395663967356, 0.00205138744786, -0.00221993215382, 0.00131025386509], [-0.000738372851629, 0.00216053100303, -0.00401063030586, -0.00115057115909, -0.000161643692991, 0.0126661974937, -0.00562776718289, -0.00410119118169, -0.00349464267492, -0.00219777226448, 3.3472882933e-05, -0.00349591695704, 0.00312204193324], [0.000873062177561, -0.00306321727112, 0.0012852618238, -0.00314941676334, -0.00529052084312, -0.00562776718289, 0.0261202268302, 0.00262009608559, -0.00472952984273, -0.00184875365812, -0.00376901519485, 0.000825134629849, -0.00492551410571], [-0.000158367955009, 0.00294776400551, 0.00127147010062, 0.00186189380474, -0.00401675561443, -0.00410119118169, 0.00262009608559, 0.0200315266848, -0.00409682793543, -9.42977640079e-05, 0.00163374119438, -0.000832496094517, 0.00353924836963], [0.000595776713453, -0.00241655507125, 0.00413611717522, 0.000484353484353, 0.000515693158377, -0.00349464267492, -0.00472952984273, -0.00409682793543, 0.0215332135558, -0.00354882352985, 0.00366779812612, 0.00257971114479, -0.00777143752202], [-0.00129463372286, 0.00579156493768, -0.00314878113568, 0.00554058607668, -0.00395663967356, -0.00219777226448, -0.00184875365812, -9.42977640079e-05, -0.00354882352985, 0.0272546373308, -0.00769084319472, 0.00158681580797, 0.00270616472699], [0.00106933887582, -0.00345761235803, 0.00461286539212, -0.00124971638434, 0.00205138744786, 3.3472882933e-05, -0.00376901519485, 0.00163374119438, 0.00366779812612, -0.00769084319472, 0.0242040064186, -0.00668432470411, 0.00427036592737], [1.08671647467e-05, 0.0014642404858, 0.00108036538586, 0.00301354750991, -0.00221993215382, -0.00349591695704, 0.000825134629849, -0.000832496094517, 0.00257971114479, 0.00158681580797, -0.00668432470411, 0.0269678123295, -0.00145447032992], [-0.000295040430501, 0.00187559786718, -0.000340722734109, 0.0016623652773, 0.00131025386509, 0.00312204193324, -0.00492551410571, 0.00353924836963, -0.00777143752202, 0.00270616472699, 0.00427036592737, -0.00145447032992, 0.0282686762512]]
    },
    "melbands": {
        "dmean": [5.91024472669e-05, 0.000425694976002, 0.000465093820821, 0.000929702364374, 0.000374086230295, 0.000105880222691, 0.000100567282061, 2.25244693866e-05, 2.84993147943e-05, 5.01683934999e-05, 1.64029806911e-05, 3.78776076104e-06, 6.26766041023e-06, 1.06581146611e-05, 4.96456505061e-06, 2.10026996683e-06, 5.87782596995e-06, 2.900886102e-06, 7.88115755768e-07, 7.61581475217e-07, 2.83544636659e-07, 1.9268742335e-07, 2.71902905524e-07, 2.5449014629e-07, 1.04519109811e-07, 6.47160263156e-08, 3.5276368493e-08, 2.69176574363e-08, 1.75872507668e-08, 3.6467053377e-08, 4.62300810966e-08, 1.1897080654e-08, 7.42623429417e-09, 6.33746299883e-09, 6.61798704726e-09, 4.57950521948e-09, 4.67844518681e-09, 3.10208525534e-09, 2.14615547556e-09, 1.99387395483e-09],
        "dmean2": [8.55666658026e-05, 0.000572310062125, 0.000696167524438, 0.0014801309444, 0.000534922175575, 0.000148452119902, 0.000140567237395, 3.14171556965e-05, 4.61090530735e-05, 8.65620822879e-05, 2.31107405853e-05, 5.04953595737e-06, 9.56762414717e-06, 1.5919940779e-05, 6.31478451396e-06, 3.01116779156e-06, 8.41393921291e-06, 4.64997719973e-06, 1.30259093112e-06, 1.24766131648e-06, 4.46292460765e-07, 2.89525786457e-07, 4.12093072555e-07, 4.27184232876e-07, 1.5908807427e-07, 9.07279940066e-08, 5.32775636941e-08, 3.98941644164e-08, 2.5379350177e-08, 5.42009033211e-08, 7.62716325653e-08, 2.01753653783e-08, 1.12004139297e-08, 1.00344239584e-08, 8.43708924947e-09, 7.00026792089e-09, 7.18841919323e-09, 4.19692280929e-09, 3.27629390284e-09, 3.25376037225e-09],
        "dvar": [2.23441851688e-08, 1.10383928131e-06, 2.92540562441e-06, 1.36823055072e-05, 1.53297310135e-06, 7.50763433643e-08, 1.06273716938e-07, 4.25439194984e-09, 1.76324501666e-08, 6.11618773405e-08, 3.78257869471e-09, 1.05439643128e-10, 1.12698761434e-09, 1.96952432141e-09, 5.97140170644e-10, 6.51135395602e-11, 5.75751113452e-10, 1.12545549269e-10, 5.05502931181e-12, 3.20352013146e-12, 5.91183514902e-13, 2.74280354288e-13, 8.14221303228e-13, 9.64875857164e-13, 1.9101276008e-13, 6.08431016615e-14, 1.98260563511e-14, 9.07569375555e-15, 3.99879468663e-15, 3.38550463163e-14, 1.30857537263e-13, 4.36455113655e-15, 1.2522819907e-15, 9.60643782404e-16, 1.44559661449e-15, 3.7836339714e-16, 3.93456465469e-16, 2.04784045459e-16, 1.18935244551e-16, 1.17597250132e-16],
        "dvar2": [4.45172609886e-08, 1.94384824681e-06, 7.34918421585e-06, 3.47478126059e-05, 3.21407060255e-06, 1.69267565298e-07, 1.84872732234e-07, 8.38915426016e-09, 3.93763635032e-08, 1.61470723015e-07, 6.85358703123e-09, 2.0886056773e-10, 2.8866489199e-09, 3.7687173382e-09, 9.07659614136e-10, 1.6629107813e-10, 1.33620381426e-09, 2.53493809277e-10, 1.26124917801e-11, 7.45736198488e-12, 1.16522958817e-12, 6.07723073254e-13, 1.69933002132e-12, 2.59667829773e-12, 4.16307911538e-13, 1.26068724687e-13, 4.33987291633e-14, 2.06106392532e-14, 8.18588310336e-15, 8.01091235448e-14, 3.4489094523e-13, 1.18306506288e-14, 2.79229281502e-15, 2.00061389438e-15, 2.30187365581e-15, 8.4578807352e-16, 9.22899994274e-16, 4.1329442708e-16, 2.87988263921e-16, 3.06098093031e-16],
        "max": [0.00256855343468, 0.0143649522215, 0.0230208802968, 0.0513330176473, 0.0212559551001, 0.00483105704188, 0.00656818784773, 0.00113045948092, 0.00275339046493, 0.00528815435246, 0.00170434894972, 0.000221972906729, 0.000805063638836, 0.000804744544439, 0.000548124022316, 0.000159266390256, 0.000422063283622, 0.000154776338604, 3.15915822284e-05, 2.87216098513e-05, 2.18653749471e-05, 1.03776483229e-05, 1.75701843546e-05, 1.60671970661e-05, 7.87495628174e-06, 3.77714923161e-06, 3.00097576655e-06, 1.67119617345e-06, 1.19925050512e-06, 3.01589761875e-06, 7.30233978175e-06, 1.01879220438e-06, 6.57952966776e-07, 6.04532601756e-07, 1.08487563466e-06, 3.12731259555e-07, 3.0324380873e-07, 2.82843245714e-07, 2.08106470723e-07, 1.85870547398e-07],
        "mean": [0.000241166504566, 0.00138494442217, 0.00126945134252, 0.00142515299376, 0.00122653436847, 0.000440237723524, 0.000333352742018, 7.06933060428e-05, 9.30457536015e-05, 0.000111894936708, 6.96510178386e-05, 1.54676909006e-05, 1.71829033206e-05, 2.22510661843e-05, 1.20884351418e-05, 6.4450427999e-06, 1.59836872626e-05, 6.82373956806e-06, 1.76722835477e-06, 1.66685265413e-06, 7.32036937734e-07, 4.90527781949e-07, 7.3621475849e-07, 5.05300931763e-07, 2.53479356616e-07, 1.31812896598e-07, 7.07335630068e-08, 5.00747567855e-08, 3.58987755078e-08, 5.15563343129e-08, 5.32679216292e-08, 1.59958162271e-08, 1.20986847207e-08, 1.12845945921e-08, 1.06551958368e-08, 5.49518652804e-09, 5.4700781682e-09, 3.97240862426e-09, 2.51862242173e-09, 1.90430293756e-09],
        "median": [0.000133558321977, 0.000772188417614, 0.0008710360853, 0.000382950820494, 0.000442484451924, 0.00022337831615, 0.000149848361616, 1.82303465408e-05, 1.75380246219e-05, 1.22752053358e-05, 8.83530447027e-06, 7.32930129743e-06, 5.93262166149e-06, 5.20727462572e-06, 3.02748776448e-06, 1.56498458637e-06, 2.21077175411e-06, 1.00687987015e-06, 2.83355660713e-07, 3.68841540421e-07, 1.25662339201e-07, 1.01965731858e-07, 8.31210158481e-08, 3.01998390739e-08, 2.91982917844e-08, 1.16905845005e-08, 5.53561285699e-09, 3.49607254257e-09, 2.24804308502e-09, 2.05784922436e-09, 1.6570120831e-09, 7.60510598941e-10, 5.46590162021e-10, 4.26716717516e-10, 2.60535176766e-10, 1.61591753867e-10, 1.48890275109e-10, 1.08305003854e-10, 7.84852738356e-11, 5.77118526579e-11],
        "min": [2.23010031273e-24, 9.03342766369e-24, 3.5375552216e-24, 1.13274193989e-23, 1.20624468582e-23, 6.49088597325e-24, 4.47640264516e-24, 7.87492625981e-24, 2.67321630218e-24, 5.43664397647e-24, 6.86661056164e-24, 5.70025525859e-24, 1.14822223075e-23, 1.14942074712e-23, 9.34544581754e-24, 6.38942978337e-24, 7.70428144651e-24, 7.37540454627e-24, 1.00461404725e-23, 4.25286707475e-24, 5.56154590132e-24, 1.18718588523e-23, 6.49835411944e-24, 9.92972590218e-24, 9.26355890013e-24, 1.12878588133e-23, 1.45897599833e-23, 7.09361238687e-24, 1.12783916936e-23, 8.06971337225e-24, 9.57064746218e-24, 9.42593566228e-24, 7.14798620248e-24, 1.07455398179e-23, 6.67457972921e-24, 7.81137799187e-24, 8.08758580492e-24, 1.10183941833e-23, 1.0116106124e-23, 1.22529449339e-23],
