{
"metadata": {
    "version": {
        "essentia": "2.0.1",
        "extractor": "archive-music 1.0"
    },
    "audio_properties": {
        "analysis_sample_rate": 44100,
        "bitrate": 128,
        "channels": 2,
        "equal_loudness": 0,
        "length": 21.9167346954,
        "replay_gain": 2.94674873352,
        "downmix": "mix"
    },
    "tags": {
        "track": 0,
        "year": 0,
        "album": "",
        "artist": "",
        "comment": "",
        "genre": "",
        "title": ""
    }
},
"highlevel": {
    "culture": {
        "all": {
            "non_western": 0.586265206337,
            "western": 0.413734793663
        },
        "probability": 0.586265206337,
        "value": "non_western"
    },
    "danceability": {
        "all": {
            "danceable": 0.0686058327556,
            "not_danceable": 0.931394159794
        },
        "probability": 0.931394159794,
        "value": "not_danceable"
    },
    "gender": {
        "all": {
            "female": 0.866940617561,
            "male": 0.133059382439
        },
        "probability": 0.866940617561,
        "value": "female"
    },
    "genre_dortmund": {
        "all": {
            "alternative": 0.245646327734,
            "blues": 0.0487971864641,
            "electronic": 0.0234890319407,
            "folkcountry": 0.423633635044,
            "funksoulrnb": 0.00647920789197,
            "jazz": 0.0368187315762,
            "pop": 0.0703686475754,
            "raphiphop": 0.00146899733227,
            "rock": 0.143298223615
        },
        "probability": 0.423633635044,
        "value": "folkcountry"
    },
    "genre_electronic": {
        "all": {
            "ambient": 0.978303134441,
            "dnb": 0.00686642108485,
            "house": 0.00848792865872,
            "techno": 0.00206718873233,
            "trance": 0.00427530705929
        },
        "probability": 0.978303134441,
        "value": "ambient"
    },
    "genre_rosamerica": {
        "all": {
            "cla": 0.137499198318,
            "dan": 0.00729252537712,
            "hip": 0.00357085559517,
            "jaz": 0.0235268753022,
            "pop": 0.0897851213813,
            "rhy": 0.656449258327,
            "roc": 0.0646645575762,
            "spe": 0.0172116197646
        },
        "probability": 0.656449258327,
        "value": "rhy"
    },
    "genre_tzanetakis": {
        "all": {
            "blu": 0.0174423195422,
            "cla": 0.226699084044,
            "cou": 0.220296651125,
            "dis": 0.0175232440233,
            "hip": 0.00387599226087,
            "jaz": 0.266333669424,
            "met": 0.00792916119099,
            "pop": 0.00438894471154,
            "reg": 0.079331099987,
            "roc": 0.156179845333
        },
        "probability": 0.266333669424,
        "value": "jaz"
    },
    "mirex_ballroom": {
        "all": {
            "ChaChaCha": 0.00136801810004,
            "Jive": 0.00046145831584,
            "Quickstep": 0.000667731568683,
            "Rumba-American": 0.00199402752332,
            "Rumba-International": 0.00722020724788,
            "Rumba-Misc": 0.00217455881648,
            "Samba": 0.000208660989301,
            "Tango": 0.00155974121299,
            "VienneseWaltz": 0.228342086077,
            "Waltz": 0.756003499031
        },
        "probability": 0.756003499031,
        "value": "Waltz"
    },
    "mood_acoustic": {
        "all": {
            "acoustic": 0.914803802967,
            "not_acoustic": 0.0851961970329
        },
        "probability": 0.914803802967,
        "value": "acoustic"
    },
    "mood_aggressive": {
        "all": {
            "aggressive": 0.0255878102034,
            "not_aggressive": 0.974412202835
        },
        "probability": 0.974412202835,
        "value": "not_aggressive"
    },
    "mood_electronic": {
        "all": {
            "electronic": 0.284400910139,
            "not_electronic": 0.715599060059
        },
        "probability": 0.715599060059,
        "value": "not_electronic"
    },
    "mood_happy": {
        "all": {
            "happy": 0.31069406867,
            "not_happy": 0.689305961132
        },
        "probability": 0.689305961132,
        "value": "not_happy"
    },
    "mood_party": {
        "all": {
            "not_party": 0.965493738651,
            "party": 0.0345062837005
        },
        "probability": 0.965493738651,
        "value": "not_party"
    },
    "mood_relaxed": {
        "all": {
            "not_relaxed": 0.0733711794019,
            "relaxed": 0.926628828049
        },
        "probability": 0.926628828049,
        "value": "relaxed"
    },
    "mood_sad": {
        "all": {
            "not_sad": 0.14647346735,
            "sad": 0.85352653265
        },
        "probability": 0.85352653265,
        "value": "sad"
    },
    "moods_mirex": {
        "all": {
            "Cluster1": 0.101556941867,
            "Cluster2": 0.186103597283,
            "Cluster3": 0.622857511044,
            "Cluster4": 0.0644866600633,
            "Cluster5": 0.02499531582
        },
        "probability": 0.622857511044,
        "value": "Cluster3"
    },
    "timbre": {
        "all": {
            "bright": 0.273889839649,
            "dark": 0.726110160351
        },
        "probability": 0.726110160351,
        "value": "dark"
    },
    "tonal_atonal": {
        "all": {
            "atonal": 0.128592342138,
            "tonal": 0.871407628059
        },
        "probability": 0.871407628059,
        "value": "tonal"
    },
    "voice_instrumental": {
        "all": {
            "instrumental": 0.999984741211,
            "voice": 1.52550383063e-05
        },
        "probability": 0.999984741211,
        "value": "instrumental"
    }
},
"lowlevel": {
    "average_loudness": 0.961175024509,
    "barkbands_kurtosis": {
        "dmean": 2.40378141403,
        "dmean2": 3.8439707756,
        "dvar": 9.32080173492,
        "dvar2": 23.1524600983,
        "max": 40.0704650879,
        "mean": 3.68489098549,
        "median": 2.46692705154,
        "min": -1.76167953014,
        "var": 27.5343437195
    },
    "barkbands_skewness": {
        "dmean": 0.445975989103,
        "dmean2": 0.702686667442,
        "dvar": 0.182710245252,
        "dvar2": 0.447134405375,
        "max": 4.98540496826,
        "mean": 1.56821167469,
        "median": 1.54728758335,
        "min": -2.09365773201,
        "var": 0.777757763863
    },
    "barkbands_spread": {
        "dmean": 2.66152596474,
        "dmean2": 4.15151071548,
        "dvar": 14.0088863373,
        "dvar2": 30.999797821,
        "max": 78.992477417,
        "mean": 11.4963321686,
        "median": 10.8762140274,
        "min": 1.57449364662,
        "var": 42.4462203979
    },
    "dissonance": {
        "dmean": 0.0357186459005,
        "dmean2": 0.059787672013,
        "dvar": 0.00104445649777,
        "dvar2": 0.00301227229647,
        "max": 0.499505072832,
        "mean": 0.436510294676,
        "median": 0.443950712681,
        "min": 0.262460678816,
        "var": 0.00160618510563
    },
    "dynamic_complexity": 2.4030892849,
    "erbbands_kurtosis": {
        "dmean": 0.8367177248,
        "dmean2": 1.32851743698,
        "dvar": 1.29214692116,
        "dvar2": 3.43543314934,
        "max": 12.2368106842,
        "mean": 0.247723132372,
        "median": -0.310846567154,
        "min": -1.77189922333,
        "var": 3.07545590401
    },
    "erbbands_skewness": {
        "dmean": 0.403626710176,
        "dmean2": 0.620997428894,
        "dvar": 0.154599383473,
        "dvar2": 0.38625022769,
        "max": 2.2384352684,
        "mean": -0.126345232129,
        "median": -0.074490904808,
        "min": -2.99211978912,
        "var": 0.706112146378
    },
    "erbbands_spread": {
        "dmean": 3.92940187454,
        "dmean2": 6.17208623886,
        "dvar": 17.7639904022,
        "dvar2": 45.0263442993,
        "max": 88.4315338135,
        "mean": 23.8168811798,
        "median": 24.0934581757,
        "min": 5.82637643814,
        "var": 56.8192138672
    },
    "hfc": {
        "dmean": 2.95268726349,
        "dmean2": 4.53951931,
        "dvar": 13.3595352173,
        "dvar2": 34.1204223633,
        "max": 58.2660140991,
        "mean": 13.6358203888,
        "median": 11.6167993546,
        "min": 1.19660675331e-16,
        "var": 69.265914917
    },
    "melbands_kurtosis": {
        "dmean": 3.81248092651,
        "dmean2": 6.14162778854,
        "dvar": 22.8477230072,
        "dvar2": 55.9425621033,
        "max": 57.7083129883,
        "mean": 7.84723567963,
        "median": 6.18546867371,
        "min": -1.68244838715,
        "var": 63.2093963623
    },
    "melbands_skewness": {
        "dmean": 0.502645611763,
        "dmean2": 0.791535556316,
        "dvar": 0.217209860682,
        "dvar2": 0.531586766243,
        "max": 6.6497592926,
        "mean": 2.34119939804,
        "median": 2.27649521828,
        "min": -0.211964964867,
        "var": 0.951356053352
    },
    "melbands_spread": {
        "dmean": 3.64090013504,
        "dmean2": 5.78830051422,
        "dvar": 41.340385437,
        "dvar2": 87.0334396362,
        "max": 146.349639893,
        "mean": 13.4904460907,
        "median": 10.9490499496,
        "min": 1.60063505173,
        "var": 152.532943726
    },
    "pitch_salience": {
        "dmean": 0.060816001147,
        "dmean2": 0.0994807928801,
        "dvar": 0.00259080319665,
        "dvar2": 0.0069715208374,
        "max": 0.98864865303,
        "mean": 0.518846988678,
        "median": 0.526146531105,
        "min": 0.159477338195,
        "var": 0.00986312516034
    },
    "silence_rate_20dB": {
        "dmean": 0,
        "dmean2": 0,
        "dvar": 0,
        "dvar2": 0,
        "max": 1,
        "mean": 1,
        "median": 1,
        "min": 1,
        "var": 0
    },
    "silence_rate_30dB": {
        "dmean": 0.0169491525739,
        "dmean2": 0.0339342541993,
        "dvar": 0.0166616775095,
        "dvar2": 0.0497503019869,
        "max": 1,
        "mean": 0.984126985073,
        "median": 1,
        "min": 0,
        "var": 0.0156208975241
    },
    "silence_rate_60dB": {
        "dmean": 0.00211864407174,
        "dmean2": 0.00424178177491,
        "dvar": 0.00211413856596,
        "dvar2": 0.00422379467636,
        "max": 1,
        "mean": 0.0391534380615,
        "median": 0,
        "min": 0,
        "var": 0.0376209318638
    },
    "spectral_centroid": {
        "dmean": 103.090141296,
        "dmean2": 157.430603027,
        "dvar": 79213.5234375,
        "dvar2": 95566.40625,
        "max": 11297.7490234,
        "mean": 618.938842773,
        "median": 557.194702148,
        "min": 225.222640991,
        "var": 231185.328125
    },
    "spectral_complexity": {
        "dmean": 1.52754235268,
        "dmean2": 2.5493106842,
        "dvar": 1.66661775112,
        "dvar2": 4.3578619957,
        "max": 23,
        "mean": 13.0116405487,
        "median": 13,
        "min": 0,
        "var": 15.5480127335
    },
    "spectral_crest": {
        "dmean": 1.87768447399,
        "dmean2": 3.11690092087,
        "dvar": 2.56076669693,
        "dvar2": 7.2829375267,
        "max": 22.0492992401,
        "mean": 10.2449607849,
        "median": 9.56080436707,
        "min": 3.85964417458,
        "var": 12.3923044205
    },
    "spectral_decrease": {
        "dmean": 1.79275172485e-09,
        "dmean2": 2.86785861725e-09,
        "dvar": 2.64430678718e-18,
        "dvar2": 7.20396972146e-18,
        "max": 4.20382930372e-29,
        "mean": -9.40901578872e-09,
        "median": -8.54699155894e-09,
        "min": -3.36028627146e-08,
        "var": 3.04395318579e-17
    },
    "spectral_energy": {
        "dmean": 0.00695381080732,
        "dmean2": 0.0111074214801,
        "dvar": 3.98679221689e-05,
        "dvar2": 0.000108467582322,
        "max": 0.130718156695,
        "mean": 0.0367485396564,
        "median": 0.0333343297243,
        "min": 1.06949218701e-20,
        "var": 0.000455828616396
    },
    "spectral_energyband_high": {
        "dmean": 8.71696101967e-06,
        "dmean2": 1.33718567668e-05,
        "dvar": 2.12538070476e-10,
        "dvar2": 4.42147346513e-10,
        "max": 0.000246171868639,
        "mean": 2.68568855972e-05,
        "median": 1.72102900251e-05,
        "min": 8.08006420551e-21,
        "var": 1.04704001025e-09
    },
    "spectral_energyband_low": {
        "dmean": 0.00441341567785,
        "dmean2": 0.00716484710574,
        "dvar": 1.81347531907e-05,
        "dvar2": 4.9075926654e-05,
        "max": 0.0645111724734,
        "mean": 0.0149235306308,
        "median": 0.0125767420977,
        "min": 1.02808360582e-22,
        "var": 0.00012189685367
    },
    "spectral_energyband_middle_high": {
        "dmean": 0.00195897254162,
        "dmean2": 0.00298846443184,
        "dvar": 7.33542810849e-06,
        "dvar2": 1.88830581465e-05,
        "max": 0.0353343039751,
        "mean": 0.00537644000724,
        "median": 0.0039742058143,
        "min": 1.27752643489e-21,
        "var": 2.48798987741e-05
    },
    "spectral_energyband_middle_low": {
        "dmean": 0.00511838216335,
        "dmean2": 0.00835462473333,
        "dvar": 2.43760041485e-05,
        "dvar2": 7.13985064067e-05,
        "max": 0.114446431398,
        "mean": 0.0210841931403,
        "median": 0.0162445623428,
        "min": 2.54977868461e-22,
        "var": 0.000326408131514
    },
    "spectral_flatness_db": {
        "dmean": 0.0132385203615,
        "dmean2": 0.0210427381098,
        "dvar": 0.000126324011944,
        "dvar2": 0.000305935653159,
        "max": 0.35049828887,
        "mean": 0.239706963301,
        "median": 0.238058879972,
        "min": 0.0397539250553,
        "var": 0.00162275508046
    },
    "spectral_flux": {
        "dmean": 0.0136837158352,
        "dmean2": 0.0224541779608,
        "dvar": 0.000135666923597,
        "dvar2": 0.000349828973413,
        "max": 0.15304595232,
        "mean": 0.064372882247,
        "median": 0.0632646530867,
        "min": 1.03416254726e-10,
        "var": 0.000496179505717
    },
    "spectral_kurtosis": {
        "dmean": 8.97384357452,
        "dmean2": 15.7733049393,
        "dvar": 49.7887802124,
        "dvar2": 147.970809937,
        "max": 64.0468978882,
        "mean": 23.1102657318,
        "median": 20.2022037506,
        "min": -1.14742302895,
        "var": 165.288223267
    },
    "spectral_rms": {
        "dmean": 0.000559693900868,
        "dmean2": 0.000890122377314,
        "dvar": 2.01147514645e-07,
        "dvar2": 5.6000163795e-07,
        "max": 0.0112929139286,
        "mean": 0.00569816166535,
        "median": 0.00570274470374,
        "min": 3.23018109656e-12,
        "var": 3.38319887305e-06
    },
    "spectral_rolloff": {
        "dmean": 234.19593811,
        "dmean2": 423.151092529,
        "dvar": 715926.25,
        "dvar2": 1447503.375,
        "max": 18970.7519531,
        "mean": 845.513916016,
        "median": 559.86328125,
        "min": 107.666015625,
        "var": 2145015
    },
    "spectral_skewness": {
        "dmean": 0.633184671402,
        "dmean2": 1.10927915573,
        "dvar": 0.232953101397,
        "dvar2": 0.692772507668,
        "max": 6.1552696228,
        "mean": 3.21403312683,
        "median": 3.0229985714,
        "min": -0.0440074801445,
        "var": 1.06818151474
    },
    "spectral_spread": {
        "dmean": 248653.78125,
        "dmean2": 396878.3125,
        "dvar": 971299487744,
        "dvar2": 1.01744200909e+12,
        "max": 38758396,
        "mean": 1926754.25,
        "median": 1834181.125,
        "min": 1095894.5,
        "var": 2.01629499392e+12
    },
    "spectral_strongpeak": {
        "dmean": 0.441941678524,
        "dmean2": 0.776377141476,
        "dvar": 0.825098991394,
        "dvar2": 1.9140380621,
        "max": 8.37354469299,
        "mean": 0.951775312424,
        "median": 0.483467310667,
        "min": 0,
        "var": 2.00022768974
    },
    "zerocrossingrate": {
        "dmean": 0.00460556801409,
        "dmean2": 0.00602817628533,
        "dvar": 0.000288371287752,
        "dvar2": 0.000394883099943,
        "max": 0.51806640625,
        "mean": 0.0297867059708,
        "median": 0.02587890625,
        "min": 0.005859375,
        "var": 0.00142179313116
    },
    "barkbands": {
        "dmean": [0.000206655298825, 0.00202171504498, 0.00159394461662, 0.00381681532599, 0.00198184140027, 0.00105710548814, 0.000367846776498, 0.000326616165694, 0.000313183874823, 0.000326100824168, 0.000149038969539, 0.000317076104693, 0.00140848755836, 0.000225671450607, 0.000137068534968, 2.75117818092e-05, 2.30342338909e-05, 4.86355020257e-05, 2.49729800998e-05, 1.23207537399e-05, 2.99700559481e-06, 2.21950813284e-06, 1.43495228144e-07, 3.85591363283e-08, 2.15434798889e-08, 6.5964274043e-09, 8.53188225847e-07],
        "dmean2": [0.000361898826668, 0.0033078843262, 0.00196249876171, 0.00665652239695, 0.00295192259364, 0.00126997043844, 0.000496763910633, 0.000495191081427, 0.000465197314043, 0.00044757098658, 0.000221653550398, 0.000442861608462, 0.00219766423106, 0.000332519994117, 0.000236288455199, 4.55916742794e-05, 3.55810261681e-05, 7.53263084334e-05, 3.72550166503e-05, 1.85203516594e-05, 4.72513966088e-06, 3.46679939867e-06, 2.26739530262e-07, 6.38553601107e-08, 3.6279107718e-08, 1.10652935703e-08, 1.41203406656e-06],
        "dvar": [2.95785667959e-07, 5.74944851905e-06, 2.68133180725e-06, 1.89313195733e-05, 5.79115248911e-06, 1.30083196836e-06, 1.4148486116e-07, 3.05858947058e-07, 1.57637941811e-07, 1.71769855228e-07, 1.73927261926e-07, 4.25304762075e-07, 7.28724626242e-06, 2.64081535306e-07, 1.08067794713e-07, 1.87933091311e-09, 1.51174417429e-09, 6.32402308298e-09, 2.35572095164e-09, 3.52766510447e-10, 2.32304661618e-11, 2.75652851239e-11, 6.91513564618e-14, 1.38675630613e-15, 4.58193578971e-16, 3.51679907156e-17, 4.87622583371e-13],
        "dvar2": [8.67799030857e-07, 1.5125147911e-05, 3.62863852388e-06, 5.94632183493e-05, 1.3016563571e-05, 1.92735842575e-06, 2.72119820011e-07, 6.96528275057e-07, 3.84747693261e-07, 3.67094941112e-07, 3.66378998251e-07, 7.7272471799e-07, 1.90616883629e-05, 4.8343281378e-07, 2.99946833593e-07, 5.38402300521e-09, 3.31004401666e-09, 1.53437760275e-08, 4.76741179867e-09, 7.45082495701e-10, 5.0183787681e-11, 6.13773129543e-11, 1.423782831e-13, 3.69993139317e-15, 1.22474929063e-15, 9.79805229388e-17, 1.39315685724e-12],
        "max": [0.00618245638907, 0.0483320727944, 0.0344267636538, 0.088510401547, 0.0440768264234, 0.0184013098478, 0.00447512092069, 0.00769482599571, 0.00444225780666, 0.0052735847421, 0.00693510007113, 0.0144417397678, 0.0299264732748, 0.0120851052925, 0.00366263976321, 0.000434641377069, 0.000406065490097, 0.00114652491175, 0.00146029493771, 0.000334809010383, 8.0997182522e-05, 0.000100195888081, 6.29558826404e-06, 5.51577727492e-07, 3.61682054972e-07, 6.49051443702e-08, 1.14823687909e-05],
        "mean": [0.000267324940069, 0.00548804178834, 0.00452464260161, 0.0095082661137, 0.00617053965107, 0.00299555785023, 0.00101085018832, 0.000747928628698, 0.000617033103481, 0.00069323455682, 0.0003658477508, 0.000732872402295, 0.0024531672243, 0.000610932358541, 0.000256208528299, 4.51944724773e-05, 4.52434287581e-05, 0.000115707742225, 5.76244565309e-05, 2.65981343546e-05, 6.79420782035e-06, 4.58730391983e-06, 3.63491949429e-07, 1.57516254262e-07, 9.50628162855e-08, 2.07921999618e-08, 3.79650964533e-06],
        "median": [3.26153713104e-05, 0.00284604262561, 0.00319269788451, 0.00415014382452, 0.00446367403492, 0.00218236912042, 0.00080633565085, 0.000295054225717, 0.000407042913139, 0.000397498253733, 4.43024619017e-05, 8.87176865945e-05, 0.00069265399361, 7.3762908869e-05, 4.3614738388e-05, 2.81937991531e-05, 1.75110762939e-05, 4.37308553956e-05, 2.15793206735e-05, 1.2597708519e-05, 3.26697454511e-06, 1.38260645599e-06, 2.49516489248e-07, 1.52127327624e-07, 9.47732061718e-08, 1.99766247988e-08, 3.64101447303e-06],
        "min": [6.59556584322e-24, 3.78226902518e-23, 2.72299133482e-23, 4.12266092807e-23, 3.66013473994e-23, 3.88855982801e-23, 4.99239048904e-23, 2.5899406346e-23, 4.72081691826e-23, 3.9130744695e-23, 5.11688946373e-23, 1.02170292016e-22, 3.89848748473e-23, 1.07968463846e-22, 1.26699909242e-22, 9.18411618935e-23, 1.69956421715e-22, 1.74751408598e-22, 2.03398431676e-22, 3.54997025142e-22, 6.63543597777e-22, 4.64927051582e-22, 5.92024029228e-22, 1.21591016304e-21, 1.20392392014e-21, 1.71150979269e-21, 2.20817116601e-21],
        "var": [4.84102827158e-07, 5.18484011991e-05, 2.07159700949e-05, 0.000207271354157, 3.83017177228e-05, 7.41971825846e-06, 6.5399444793e-07, 1.27339183109e-06, 4.24676073862e-07, 6.36315348856e-07, 8.42591362016e-07, 2.57520127889e-06, 1.72969375853e-05, 2.46999138653e-06, 2.41721579641e-07, 2.87375789831e-09, 4.52408066565e-09, 2.95747906165e-08, 1.54012091969e-08, 1.6617740517e-09, 9.32080593263e-11, 7.90553109087e-11, 1.99836688538e-13, 4.89578860172e-15, 1.57789596107e-15, 9.28942224394e-17, 2.72617757362e-12]
    },
    "erbbands": {
        "dmean": [0.0470534488559, 0.506925404072, 1.53655636311, 8.27553462982, 7.32852983475, 8.30469036102, 4.53758144379, 10.9502725601, 7.00979375839, 4.12007236481, 7.21610307693, 8.33675193787, 6.20669937134, 8.37479114532, 8.61590671539, 16.987405777, 72.4539489746, 13.4462080002, 10.1398353577, 2.97678184509, 1.19637024403, 1.22470521927, 2.56919288635, 1.53137969971, 0.688817024231, 0.71538490057, 0.155725181103, 0.120415769517, 0.0670506879687, 0.00919372029603, 0.00262802653015, 0.00106793968007, 0.000590841460507, 0.000357171869837, 0.000128671352286, 5.26113581145e-05, 0.000234276536503, 0.0013312442461, 3.12531774398e-05, 7.7376525951e-06],
        "dmean2": [0.0863275155425, 0.796809494495, 1.92882907391, 14.4880447388, 11.4264392853, 13.1208677292, 6.91263055801, 12.921628952, 9.21590995789, 5.6669793129, 11.1954164505, 12.3010778427, 8.86397361755, 11.7590551376, 12.6734952927, 24.0644054413, 112.642997742, 20.0769691467, 16.6876487732, 5.02856779099, 1.92626833916, 1.91911768913, 4.03538513184, 2.29777121544, 1.0380371809, 1.08067774773, 0.237414062023, 0.191102236509, 0.10143827647, 0.0141400806606, 0.00416875211522, 0.00176487490535, 0.00098068639636, 0.000606687448453, 0.000214572515688, 8.68816205184e-05, 0.000387904030504, 0.00220308988355, 5.18412416568e-05, 1.23219933812e-05],
        "dvar": [0.00317996786907, 0.360453933477, 2.34384799004, 87.6761322021, 77.8268585205, 106.44178772, 23.3588371277, 164.457992554, 46.65782547, 17.9737949371, 146.131332397, 127.177261353, 43.7823143005, 235.382171631, 236.271026611, 795.007202148, 19830.2988281, 808.828918457, 475.873260498, 28.3758773804, 5.14970779419, 4.12374401093, 21.5699424744, 6.17015838623, 1.7328556776, 1.33715355396, 0.0669634118676, 0.0489230975509, 0.0229833256453, 0.000248824857408, 2.04649131774e-05, 9.7728889159e-07, 3.33996808877e-07, 1.23282660525e-07, 1.7532448382e-08, 2.36607688997e-09, 3.71511603703e-08, 1.18648279113e-06, 6.6538663468e-10, 4.96050943377e-11],
        "dvar2": [0.0106039317325, 0.856260061264, 3.3004026413, 283.249603271, 187.960525513, 277.019989014, 54.3555450439, 241.035354614, 87.2519302368, 34.0722160339, 340.780944824, 316.167266846, 94.466178894, 510.710296631, 496.546203613, 1353.9206543, 51472.0976562, 1788.08850098, 1106.18481445, 80.2649459839, 14.3662900925, 9.70606994629, 53.2330322266, 13.633055687, 3.22423386574, 2.8455312252, 0.140955835581, 0.116853505373, 0.0488782674074, 0.00054877914954, 4.43524877483e-05, 2.69137535724e-06, 8.4648650045e-07, 3.54028856009e-07, 4.28832507282e-08, 6.27021945476e-09, 1.05846758913e-07, 3.39149096362e-06, 1.90394811028e-09, 1.35741973217e-10],
        "max": [0.764101028442, 12.7761678696, 29.5225086212, 150.16343689, 202.100814819, 166.537002563, 72.6341247559, 211.210342407, 100.390960693, 84.2593994141, 207.732467651, 136.320907593, 118.509742737, 218.330810547, 228.117874146, 756.018005371, 1492.6895752, 676.557189941, 487.875762939, 76.8827209473, 28.7959442139, 27.2920246124, 70.2289047241, 71.1101608276, 39.8182792664, 19.5842971802, 5.46244049072, 3.01882052422, 3.55487942696, 0.257707595825, 0.0982939451933, 0.0167282950133, 0.00961300823838, 0.00482791056857, 0.00208746967837, 0.000567737384699, 0.00319732516073, 0.0179062895477, 0.000435025605839, 0.000149391285959],
        "mean": [0.0973579883575, 1.50861883163, 5.22334003448, 19.5441551208, 24.6598644257, 23.8686637878, 11.3540592194, 29.4934558868, 19.5905590057, 13.5731658936, 17.1277542114, 16.3032360077, 14.9924945831, 20.2917957306, 21.3768692017, 39.2520828247, 127.212303162, 33.7761116028, 22.9173316956, 6.02180814743, 2.26659631729, 2.74127364159, 6.45594978333, 4.14367437363, 1.86737275124, 1.52350103855, 0.379283308983, 0.280266910791, 0.154564782977, 0.0261648837477, 0.00826831255108, 0.00410164985806, 0.00228353356943, 0.00135123520158, 0.000552713347133, 0.000238292501308, 0.00107587256934, 0.0059196962975, 0.00015470352082, 4.35088040831e-05],
        "median": [0.0526278987527, 0.821246981621, 3.95098567009, 10.8782329559, 14.6941356659, 16.5954799652, 9.5449848175, 19.4362869263, 16.5191402435, 10.4436769485, 7.59202384949, 11.8022136688, 10.028339386, 9.47998714447, 6.91408920288, 17.360616684, 37.2248649597, 9.00791549683, 6.70509290695, 3.25780010223, 1.21588289738, 1.47205615044, 2.44885230064, 1.74581563473, 0.8655128479, 0.751147985458, 0.215246990323, 0.111393965781, 0.0519125275314, 0.0148733733222, 0.00648745149374, 0.00398885225877, 0.0021634735167, 0.00129851943348, 0.000545109447557, 0.000236111518461, 0.00103612116072, 0.00567704811692, 0.000149587431224, 4.01063589379e-05],
        "min": [1.4640655585e-21, 7.18839985589e-21, 2.18542959606e-20, 1.19925175121e-19, 3.92623054894e-20, 1.32035409481e-19, 3.88513989965e-19, 3.17163148085e-19, 6.53843002337e-19, 6.88991302432e-19, 4.86509327502e-19, 9.79034532803e-19, 1.44356820467e-18, 1.31404381826e-18, 2.44254585525e-18, 4.72681359541e-18, 1.88839646979e-18, 2.86186769599e-18, 8.49824847258e-18, 6.72757738154e-18, 4.80229920298e-18, 9.66691571177e-18, 1.06223754937e-17, 9.76929006592e-18, 1.09569204207e-17, 1.80350602545e-17, 2.91025201292e-17, 2.08341236421e-17, 1.49800539505e-17, 1.83493293303e-17, 1.77168968124e-17, 2.13782893712e-17, 2.107548171e-17, 1.29623759752e-17, 8.63719909906e-18, 5.20229190076e-18, 3.44178086239e-18, 1.26333009869e-18, 3.14008953313e-19, 3.53391397093e-20],
        "var": [0.0150207672268, 3.53219509125, 21.0171051025, 604.399169922, 972.269287109, 608.853088379, 66.667388916, 889.587036133, 201.817184448, 151.365432739, 661.429443359, 258.192962646, 226.135879517, 698.225402832, 1090.78491211, 5635.97705078, 46797.8789062, 5893.03076172, 2179.58618164, 77.0335388184, 9.64714813232, 13.7413444519, 102.259094238, 46.0505485535, 12.5765008926, 5.06028699875, 0.290152847767, 0.177026107907, 0.0784288644791, 0.000930998299737, 6.22596708126e-05, 3.51162361767e-06, 1.14964450404e-06, 3.5905421214e-07, 5.60838948616e-08, 8.69100169609e-09, 2.12478383332e-07, 6.62916727379e-06, 4.1371213122e-09, 5.76977798872e-10]
    },
    "gfcc": {
        "mean": [-70.4280090332, 180.063049316, -104.162109375, -2.1810362339, -13.100684166, -18.6772441864, -9.75020980835, -17.6324958801, -24.8634700775, -2.04184174538, -8.27460861206, -3.28136730194, -22.8923950195],
        "cov": [[10747.0595703, 1470.41381836, -1394.09179688, 214.058410645, 251.03855896, -323.231994629, 295.912658691, -371.504608154, -221.109802246, 27.8159999847, -59.8625640869, -83.9641342163, -117.688583374], [1470.41381836, 454.427642822, 23.1650619507, -79.9910964966, 24.8762683868, -33.4542388916, -8.95633792877, -10.5197029114, -6.74239492416, -25.8175258636, 15.0074243546, -15.9794282913, -33.6007728577], [-1394.09179688, 23.1650619507, 566.167419434, -128.229446411, -65.0609130859, 53.9388847351, -110.161750793, 106.435493469, 56.0835151672, -48.6588516235, 31.363609314, -2.35194706917, -0.877688288689], [214.058410645, -79.9910964966, -128.229446411, 163.886245728, 36.3387298584, -29.1456947327, 52.8520050049, -16.3591384888, 4.03439664841, 26.630859375, -15.7195281982, 25.5542964935, 47.2247390747], [251.03855896, 24.8762683868, -65.0609130859, 36.3387298584, 73.7610244751, 13.3922433853, 26.5493354797, -15.1287403107, -0.0579037591815, 21.0826663971, 2.24641489983, -3.8876926899, 3.42143559456], [-323.231994629, -33.4542388916, 53.9388847351, -29.1456947327, 13.3922433853, 107.54599762, 23.5369529724, -30.647769928, 2.48341083527, 34.9599685669, 20.9945602417, -5.24189043045, -1.93997895718], [295.912658691, -8.95633792877, -110.161750793, 52.8520050049, 26.5493354797, 23.5369529724, 92.7984695435, -19.4226665497, -14.9635725021, 29.4587249756, 6.93367242813, 2.85066556931, 2.25535559654], [-371.504608154, -10.5197029114, 106.435493469, -16.3591384888, -15.1287403107, -30.647769928, -19.4226665497, 132.010528564, 53.5042037964, -29.6039447784, 10.6409673691, 35.2569923401, 18.6815567017], [-221.109802246, -6.74239492416, 56.0835151672, 4.03439664841, -0.0579037591815, 2.48341083527, -14.9635725021, 53.5042037964, 93.8260498047, 27.6153583527, -4.90921020508, 37.2097969055, 34.3033981323], [27.8159999847, -25.8175258636, -48.6588516235, 26.630859375, 21.0826663971, 34.9599685669, 29.4587249756, -29.6039447784, 27.6153583527, 99.4192428589, 40.8927383423, 4.8305015564, 13.7158794403], [-59.8625640869, 15.0074243546, 31.363609314, -15.7195281982, 2.24641489983, 20.9945602417, 6.93367242813, 10.6409673691, -4.90921020508, 40.8927383423, 84.3895874023, 22.5012779236, -13.0830945969], [-83.9641342163, -15.9794282913, -2.35194706917, 25.5542964935, -3.8876926899, -5.24189043045, 2.85066556931, 35.2569923401, 37.2097969055, 4.8305015564, 22.5012779236, 91.4188613892, 51.3543968201], [-117.688583374, -33.6007728577, -0.877688288689, 47.2247390747, 3.42143559456, -1.93997895718, 2.25535559654, 18.6815567017, 34.3033981323, 13.7158794403, -13.0830945969, 51.3543968201, 89.8782196045]],
        "icov": [[0.000545298971701, -0.00189267494716, 0.00108458462637, -0.000653966912068, 0.00017488199228, 0.000487379496917, -0.00032453465974, 0.00037218129728, 0.000170787578099, -6.53889292153e-05, 0.000109696215077, 6.74068141961e-05, 0.000217554828851], [-0.00189267494716, 0.0100355539471, -0.00432785181329, 0.00565603002906, -0.00357264955528, 0.00225055776536, -0.00181762780994, 0.00204201228917, -0.00363676645793, 0.00323965563439, -0.00335087138228, 0.000828347809147, -0.00200233375654], [0.00108458462637, -0.00432785181329, 0.0066599631682, -0.00217618537135, 0.00307440920733, -0.00396931124851, 0.00368013116531, -0.00176228175405, -0.00226416974328, 0.00369197782129, -0.00369059247896, 0.00389864179306, -0.00138214416802], [-0.000653966912068, 0.00565603002906, -0.00217618537135, 0.0166607666761, -0.00710551254451, 0.00953518413007, -0.00901587679982, 0.00461356434971, -0.00218755262904, 8.42168810777e-05, -0.00051512918435, -0.000911456590984, -0.00650569237769], [0.00017488199228, -0.00357264955528, 0.00307440920733, -0.00710551254451, 0.0206664800644, -0.00748969847336, 0.00233054650016, -0.00324300793, -0.000122288154671, -0.00104617117904, -0.000353079522029, 0.00298704439774, 0.000772248662543], [0.000487379496917, 0.00225055776536, -0.00396931124851, 0.00953518413007, -0.00748969847336, 0.0239535141736, -0.0133653376251, 0.0113208517432, -0.0047715138644, -0.00031304534059, -0.00351150589995, -0.000106981184217, -0.00336597883143], [-0.00032453465974, -0.00181762780994, 0.00368013116531, -0.00901587679982, 0.00233054650016, -0.0133653376251, 0.0253862403333, -0.0102730225772, 0.00966253504157, -0.00805626343936, 0.00559674063697, -0.00316603458486, 0.00495500396937], [0.00037218129728, 0.00204201228917, -0.00176228175405, 0.00461356434971, -0.00324300793, 0.0113208517432, -0.0102730225772, 0.0242876950651, -0.0198380202055, 0.0178290344775, -0.0156377963722, 0.00517952209339, -0.0059983660467], [0.000170787578099, -0.00363676645793, -0.00226416974328, -0.00218755262904, -0.000122288154671, -0.0047715138644, 0.00966253504157, -0.0198380202055, 0.0406877100468, -0.0317032001913, 0.0282584354281, -0.0193232279271, 0.00823721755296], [-6.53889292153e-05, 0.00323965563439, 0.00369197782129, 8.42168810777e-05, -0.00104617117904, -0.00031304534059, -0.00805626343936, 0.0178290344775, -0.0317032001913, 0.0447526276112, -0.0347404964268, 0.020886477083, -0.0140738142654], [0.000109696215077, -0.00335087138228, -0.00369059247896, -0.00051512918435, -0.000353079522029, -0.00351150589995, 0.00559674063697, -0.0156377963722, 0.0282584354281, -0.0347404964268, 0.044075589627, -0.0251167081296, 0.0174564197659], [6.74068141961e-05, 0.000828347809147, 0.00389864179306, -0.000911456590984, 0.00298704439774, -0.000106981184217, -0.00316603458486, 0.00517952209339, -0.0193232279271, 0.020886477083, -0.0251167081296, 0.0331042669713, -0.018581757322], [0.000217554828851, -0.00200233375654, -0.00138214416802, -0.00650569237769, 0.000772248662543, -0.00336597883143, 0.00495500396937, -0.0059983660467, 0.00823721755296, -0.0140738142654, 0.0174564197659, -0.018581757322, 0.027249770239]]
    },
    "melbands": {
        "dmean": [0.000503034563735, 0.000712556648068, 0.00133712391835, 0.000533319602255, 0.000167737409356, 0.000227852375247, 0.000104361919512, 5.23922826687e-05, 5.70877455175e-05, 4.74805492559e-05, 3.40768601745e-05, 3.86002284358e-05, 2.73378282145e-05, 4.04371094191e-05, 0.000119510928926, 0.000107339081296, 1.88785379578e-05, 1.78841783054e-05, 8.21457888378e-06, 1.93261257664e-06, 1.32316540657e-06, 1.00125373592e-06, 2.56970838564e-06, 2.45395676757e-06, 1.2692613609e-06, 9.83633299256e-07, 3.92744965438e-07, 4.85679549911e-07, 1.28534750843e-07, 5.61567539137e-08, 9.37795050504e-08, 5.64089006616e-08, 1.27245449733e-08, 4.90876450598e-09, 1.78589976141e-09, 9.54098133832e-10, 6.99966307138e-10, 5.24222720788e-10, 4.03634847768e-10, 3.12406961411e-10],
        "dmean2": [0.000879958912265, 0.000924272811972, 0.00229573925026, 0.000783131166827, 0.00027072665398, 0.000270481046755, 0.000134074449306, 7.44963472243e-05, 8.78435384948e-05, 7.0275287726e-05, 4.8239264288e-05, 5.37511587027e-05, 4.03266494686e-05, 5.76301426918e-05, 0.000185367840459, 0.000166867495864, 2.76360151474e-05, 2.87406419375e-05, 1.41258606163e-05, 3.19032369589e-06, 2.12662803278e-06, 1.58008538165e-06, 4.00695580538e-06, 3.78342133445e-06, 1.9042142867e-06, 1.48122956034e-06, 5.94226435169e-07, 7.36637446153e-07, 2.00264949513e-07, 9.190528516e-08, 1.52036022882e-07, 8.67173497454e-08, 2.0694383096e-08, 7.78648345801e-09, 2.9054409989e-09, 1.58137536399e-09, 1.17905485375e-09, 8.70152616628e-10, 6.81437184458e-10, 5.37168587389e-10],
        "dvar": [3.60683657163e-07, 5.57785540423e-07, 2.23234405894e-06, 4.019101425e-07, 2.88993700082e-08, 6.80240432871e-08, 1.01639257011e-08, 4.19908330329e-09, 6.99900182255e-09, 4.00816091428e-09, 1.33819155756e-09, 4.28639701511e-09, 4.01338029477e-09, 6.73013689223e-09, 5.38113056336e-08, 3.65876822173e-08, 2.42424635921e-09, 1.67251013039e-09, 3.98284072389e-10, 9.69996565708e-12, 6.99813340957e-12, 4.76679199585e-12, 1.57109325549e-11, 2.21762157249e-11, 4.39149237808e-12, 3.78349738692e-12, 4.33718328179e-13, 6.54321106845e-13, 6.39675419296e-14, 8.40741017116e-15, 3.34432697193e-14, 1.83246430183e-14, 6.57036045647e-16, 8.96357396309e-17, 1.00552943802e-17, 8.56255907687e-19, 4.68225637434e-19, 2.49246113873e-19, 1.58654999246e-19, 9.72047855157e-20],
        "dvar2": [1.09034988327e-06, 8.86916041054e-07, 6.91118248142e-06, 8.62250033151e-07, 7.31035711965e-08, 9.94247599806e-08, 1.82967259121e-08, 8.8561558087e-09, 1.60218966982e-08, 9.83777770358e-09, 2.83468604145e-09, 9.29875110245e-09, 8.18244227929e-09, 1.33752644516e-08, 1.40834615081e-07, 9.52794110276e-08, 5.20534237936e-09, 3.39181238651e-09, 1.13453246797e-09, 2.61823011188e-11, 1.94563844202e-11, 1.1067684963e-11, 3.63978847062e-11, 5.30563301626e-11, 9.30212677719e-12, 7.54881747389e-12, 8.9116783614e-13, 1.34435225538e-12, 1.3740035856e-13, 1.96013198755e-14, 8.05524538131e-14, 3.855773597e-14, 1.71239431106e-15, 1.90763903176e-16, 2.32397848935e-17, 2.16472153009e-18, 1.35307516264e-18, 6.64997326102e-19, 4.33374088385e-19, 2.81368561438e-19],
        "max": [0.0109932590276, 0.0131267849356, 0.0294893737882, 0.0135607812554, 0.00207560509443, 0.00426043663174, 0.00149499496911, 0.000939497957006, 0.00162239477504, 0.000773103907704, 0.000665952451527, 0.000929975474719, 0.00106215721462, 0.00142166949809, 0.00274485419504, 0.00190820824355, 0.0011520315893, 0.00113848561887, 0.000283582368866, 3.89228152926e-05, 3.08749658871e-05, 3.30718212354e-05, 5.75193262193e-05, 8.40890788822e-05, 6.0732854763e-05, 5.88184811932e-05, 1.32176601255e-05, 1.28894835143e-05, 5.07400591232e-06, 1.34772858473e-06, 2.45781893682e-06, 3.25122641698e-06, 3.19112217539e-07, 2.01550932388e-07, 5.68115297028e-08, 1.4615089583e-08, 1.07532232008e-08, 8.03484212497e-09, 5.91023363583e-09, 4.19772039351e-09],
        "mean": [0.00129314349033, 0.00243449141271, 0.0035509893205, 0.00194742158055, 0.000439579656813, 0.000622849678621, 0.000297554011922, 0.000152996042743, 0.00013576578931, 9.12856485229e-05, 7.77262248448e-05, 8.94075346878e-05, 6.7036053224e-05, 9.1418674856e-05, 0.000215684689465, 0.000197327448404, 4.96021384606e-05, 3.91762514482e-05, 1.57841768669e-05, 3.29245813191e-06, 2.19876028495e-06, 2.05273613574e-06, 5.27800602868e-06, 5.97643338551e-06, 3.09735196424e-06, 2.27199348046e-06, 8.31271734114e-07, 9.77327658802e-07, 2.4851561875e-07, 1.09819552563e-07, 1.94315518343e-07, 1.15225411434e-07, 2.38442012801e-08, 1.01059924873e-08, 4.66285010603e-09, 3.00406344245e-09, 2.19269491453e-09, 1.59403457101e-09, 1.36939237727e-09, 1.01301866895e-09],
        "median": [0.000658763048705, 0.0018111144891, 0.0018700400833, 0.00135458156001, 0.000380987039534, 0.000424444879172, 0.000251963239862, 0.000104943144834, 6.93527181284e-05, 6.02760155743e-05, 5.05536154378e-05, 4.50499646831e-05, 1.3552224118e-05, 1.22591936815e-05, 5.7953337091e-05, 6.73671747791e-05, 4.63628566649e-06, 1.08343601823e-05, 3.2302798445e-06, 2.12795475818e-06, 8.01231806236e-07, 7.28487236756e-07, 2.76519313047e-06, 1.71198496446e-06, 1.30591467951e-06, 8.78016919614e-07, 4.06125508334e-07, 4.24920472142e-07, 8.58931556991e-08, 6.08559815873e-08, 6.36535943954e-08, 3.31371197149e-08, 1.03497228565e-08, 5.59791812904e-09, 3.4090203993e-09, 2.816996858e-09, 2.07697992138e-09, 1.47124445959e-09, 1.30807531473e-09, 9.60653445681e-10],
        "min": [1.2005558154e-23, 1.09913646532e-23, 1.70773760499e-23, 4.15863763962e-24, 1.25538322604e-23, 7.78142178785e-24, 9.53165643421e-24, 7.45096006605e-24, 3.85491672478e-24, 6.77939646654e-24, 7.0244269189e-24, 4.82742997077e-24, 7.35172451961e-24, 1.3535614622e-23, 5.31931511632e-24, 4.74817351005e-24, 4.97648326665e-24, 1.47121012656e-23, 9.12122946017e-24, 8.78062850915e-24, 4.83726351638e-24, 9.96738217749e-24, 9.15646708794e-24, 9.65793255476e-24, 7.76023692824e-24, 6.34971655324e-24, 1.07797527154e-23, 1.14382535672e-23, 1.94977590793e-23, 1.19489439734e-23, 1.26413784659e-23, 8.26228615213e-24, 9.00076251133e-24, 1.06009526581e-23, 9.0959677674e-24, 1.21902565243e-23, 1.30333965819e-23, 1.51220565009e-23, 1.22480863396e-23, 1.10204696763e-23],
