{
"metadata": {
    "version": {
        "essentia": "2.0.1",
        "extractor": "archive-music 1.0"
    },
    "audio_properties": {
        "analysis_sample_rate": 44100,
        "bitrate": 128,
        "channels": 2,
        "equal_loudness": 0,
        "length": 16.2220401764,
        "replay_gain": 2.70848274231,
        "downmix": "mix"
    },
    "tags": {
        "track": 0,
        "year": 0,
        "album": "",
        "artist": "",
        "comment": "",
        "genre": "",
        "title": ""
    }
},
"highlevel": {
    "culture": {
        "all": {
            "non_western": 0.0174662191421,
            "western": 0.982533752918
        },
        "probability": 0.982533752918,
        "value": "western"
    },
    "danceability": {
        "all": {
            "danceable": 0.167481258512,
            "not_danceable": 0.83251875639
        },
        "probability": 0.83251875639,
        "value": "not_danceable"
    },
    "gender": {
        "all": {
            "female": 0.74002623558,
            "male": 0.259973734617
        },
        "probability": 0.74002623558,
        "value": "female"
    },
    "genre_dortmund": {
        "all": {
            "alternative": 0.0717654526234,
            "blues": 0.0167727265507,
            "electronic": 0.372714489698,
            "folkcountry": 0.361369043589,
            "funksoulrnb": 0.00419065915048,
            "jazz": 0.0503992773592,
            "pop": 0.0766530334949,
            "raphiphop": 0.000847640214488,
            "rock": 0.0452876612544
        },
        "probability": 0.372714489698,
        "value": "electronic"
    },
    "genre_electronic": {
        "all": {
            "ambient": 0.977784991264,
            "dnb": 0.00650555454195,
            "house": 0.00890265218914,
            "techno": 0.00220770738088,
            "trance": 0.00459911860526
        },
        "probability": 0.977784991264,
        "value": "ambient"
    },
    "genre_rosamerica": {
        "all": {
            "cla": 0.394383907318,
            "dan": 0.022254370153,
            "hip": 0.00438301172107,
            "jaz": 0.0704396665096,
            "pop": 0.105381138623,
            "rhy": 0.0480334125459,
            "roc": 0.346947818995,
            "spe": 0.00817668065429
        },
        "probability": 0.394383907318,
        "value": "cla"
    },
    "genre_tzanetakis": {
        "all": {
            "blu": 0.0237500034273,
            "cla": 0.260783046484,
            "cou": 0.0353482402861,
            "dis": 0.0770754516125,
            "hip": 0.00667692488059,
            "jaz": 0.0985221490264,
            "met": 0.00519353663549,
            "pop": 0.0406598038971,
            "reg": 0.0422506406903,
            "roc": 0.409740209579
        },
        "probability": 0.409740209579,
        "value": "roc"
    },
    "mirex_ballroom": {
        "all": {
            "ChaChaCha": 0.00176448968705,
            "Jive": 0.000722859986126,
            "Quickstep": 0.00166857847944,
            "Rumba-American": 0.00199521309696,
            "Rumba-International": 0.0168975740671,
            "Rumba-Misc": 0.00265679927543,
            "Samba": 0.0003748886229,
            "Tango": 0.00247343117371,
            "VienneseWaltz": 0.153327316046,
            "Waltz": 0.818118870258
        },
        "probability": 0.818118870258,
        "value": "Waltz"
    },
    "mood_acoustic": {
        "all": {
            "acoustic": 0.907992124557,
            "not_acoustic": 0.0920078903437
        },
        "probability": 0.907992124557,
        "value": "acoustic"
    },
    "mood_aggressive": {
        "all": {
            "aggressive": 0.0106578860432,
            "not_aggressive": 0.989342093468
        },
        "probability": 0.989342093468,
        "value": "not_aggressive"
    },
    "mood_electronic": {
        "all": {
            "electronic": 0.731144785881,
            "not_electronic": 0.268855243921
        },
        "probability": 0.731144785881,
        "value": "electronic"
    },
    "mood_happy": {
        "all": {
            "happy": 0.0322552882135,
            "not_happy": 0.967744708061
        },
        "probability": 0.967744708061,
        "value": "not_happy"
    },
    "mood_party": {
        "all": {
            "not_party": 0.954614043236,
            "party": 0.0453859604895
        },
        "probability": 0.954614043236,
        "value": "not_party"
    },
    "mood_relaxed": {
        "all": {
            "not_relaxed": 0.0178363937885,
            "relaxed": 0.982163608074
        },
        "probability": 0.982163608074,
        "value": "relaxed"
    },
    "mood_sad": {
        "all": {
            "not_sad": 0.300271749496,
            "sad": 0.699728250504
        },
        "probability": 0.699728250504,
        "value": "sad"
    },
    "moods_mirex": {
        "all": {
            "Cluster1": 0.0884560123086,
            "Cluster2": 0.130220845342,
            "Cluster3": 0.689114332199,
            "Cluster4": 0.0769369378686,
            "Cluster5": 0.0152718815953
        },
        "probability": 0.689114332199,
        "value": "Cluster3"
    },
    "timbre": {
        "all": {
            "bright": 0.301650881767,
            "dark": 0.698349118233
        },
        "probability": 0.698349118233,
        "value": "dark"
    },
    "tonal_atonal": {
        "all": {
            "atonal": 0.0092031667009,
            "tonal": 0.990796804428
        },
        "probability": 0.990796804428,
        "value": "tonal"
    },
    "voice_instrumental": {
        "all": {
            "instrumental": 0.967976689339,
            "voice": 0.0320232957602
        },
        "probability": 0.967976689339,
        "value": "instrumental"
    }
},
"lowlevel": {
    "average_loudness": 0.951592981815,
    "barkbands_kurtosis": {
        "dmean": 1.49055147171,
        "dmean2": 2.16346597672,
        "dvar": 3.08396244049,
        "dvar2": 6.24278211594,
        "max": 33.207069397,
        "mean": 5.39873504639,
        "median": 3.80902433395,
        "min": -1.82184767723,
        "var": 37.0267791748
    },
    "barkbands_skewness": {
        "dmean": 0.267003983259,
        "dmean2": 0.389064192772,
        "dvar": 0.0732098445296,
        "dvar2": 0.138586416841,
        "max": 4.55205726624,
        "mean": 1.55392110348,
        "median": 1.49623942375,
        "min": -2.03452253342,
        "var": 0.839872360229
    },
    "barkbands_spread": {
        "dmean": 1.79447841644,
        "dmean2": 2.83995509148,
        "dvar": 14.0450487137,
        "dvar2": 34.4798049927,
        "max": 89.0721740723,
        "mean": 10.5786180496,
        "median": 8.93026351929,
        "min": 1.78055894375,
        "var": 47.9546432495
    },
    "dissonance": {
        "dmean": 0.0230496842414,
        "dmean2": 0.0393846966326,
        "dvar": 0.000395377224777,
        "dvar2": 0.00103575864341,
        "max": 0.499297171831,
        "mean": 0.437967091799,
        "median": 0.441443681717,
        "min": 0.315704703331,
        "var": 0.000955682829954
    },
    "dynamic_complexity": 2.79439544678,
    "erbbands_kurtosis": {
        "dmean": 0.81463187933,
        "dmean2": 1.25721383095,
        "dvar": 0.763437271118,
        "dvar2": 1.67294287682,
        "max": 12.4991378784,
        "mean": 0.908395469189,
        "median": 0.442756652832,
        "min": -1.40755140781,
        "var": 2.76635122299
    },
    "erbbands_skewness": {
        "dmean": 0.261981278658,
        "dmean2": 0.394013494253,
        "dvar": 0.0567786246538,
        "dvar2": 0.122188076377,
        "max": 2.66144752502,
        "mean": 0.714428424835,
        "median": 0.73082023859,
        "min": -3.05217528343,
        "var": 0.557877361774
    },
    "erbbands_spread": {
        "dmean": 3.03326416016,
        "dmean2": 4.50231647491,
        "dvar": 7.51971054077,
        "dvar2": 15.8334970474,
        "max": 56.9782867432,
        "mean": 22.0175800323,
        "median": 21.3979263306,
        "min": 6.8692779541,
        "var": 50.4960365295
    },
    "hfc": {
        "dmean": 1.76165401936,
        "dmean2": 2.52883219719,
        "dvar": 4.72406673431,
        "dvar2": 9.874127388,
        "max": 36.4365653992,
        "mean": 11.3085289001,
        "median": 10.3361330032,
        "min": 1.11895143445e-16,
        "var": 36.0492019653
    },
    "melbands_kurtosis": {
        "dmean": 2.17442703247,
        "dmean2": 3.08372354507,
        "dvar": 5.74756193161,
        "dvar2": 12.2426338196,
        "max": 36.1427536011,
        "mean": 8.3409614563,
        "median": 6.82376861572,
        "min": -1.38410937786,
        "var": 50.7020530701
    },
    "melbands_skewness": {
        "dmean": 0.317875146866,
        "dmean2": 0.445984572172,
        "dvar": 0.0756413564086,
        "dvar2": 0.14902022481,
        "max": 4.5452170372,
        "mean": 1.99753272533,
        "median": 1.9680109024,
        "min": -0.159754797816,
        "var": 0.75133562088
    },
    "melbands_spread": {
        "dmean": 2.32817935944,
        "dmean2": 3.63252544403,
        "dvar": 32.6216926575,
        "dvar2": 58.1810302734,
        "max": 138.609603882,
        "mean": 12.8703708649,
        "median": 9.40919303894,
        "min": 2.07762980461,
        "var": 170.574737549
    },
    "pitch_salience": {
        "dmean": 0.0480733886361,
        "dmean2": 0.0711892992258,
        "dvar": 0.00170865166001,
        "dvar2": 0.00381258875132,
        "max": 0.988113462925,
        "mean": 0.553000748158,
        "median": 0.546609461308,
        "min": 0.318744719028,
        "var": 0.00845799129456
    },
    "silence_rate_20dB": {
        "dmean": 0,
        "dmean2": 0,
        "dvar": 0,
        "dvar2": 0,
        "max": 1,
        "mean": 1,
        "median": 1,
        "min": 1,
        "var": 0
    },
    "silence_rate_30dB": {
        "dmean": 0,
        "dmean2": 0,
        "dvar": 0,
        "dvar2": 0,
        "max": 1,
        "mean": 1,
        "median": 1,
        "min": 1,
        "var": 0
    },
    "silence_rate_60dB": {
        "dmean": 0.00286123040132,
        "dmean2": 0.00573065923527,
        "dvar": 0.00285302498378,
        "dvar2": 0.00569776492193,
        "max": 1,
        "mean": 0.0500000007451,
        "median": 0,
        "min": 0,
        "var": 0.0475001521409
    },
    "spectral_centroid": {
        "dmean": 85.7749328613,
        "dmean2": 129.752380371,
        "dvar": 88271.53125,
        "dvar2": 104715.367188,
        "max": 10750.0498047,
        "mean": 661.2265625,
        "median": 563.722595215,
        "min": 283.06161499,
        "var": 268432.6875
    },
    "spectral_complexity": {
        "dmean": 1.73390555382,
        "dmean2": 2.95702004433,
        "dvar": 1.95494186878,
        "dvar2": 5.23310279846,
        "max": 23,
        "mean": 14.4914283752,
        "median": 15,
        "min": 0,
        "var": 15.8413686752
    },
    "spectral_crest": {
        "dmean": 1.37986731529,
        "dmean2": 2.04929184914,
        "dvar": 1.43572258949,
        "dvar2": 3.09450793266,
        "max": 21.5310916901,
        "mean": 9.70020198822,
        "median": 8.77102088928,
        "min": 3.59633088112,
        "var": 14.4651756287
    },
    "spectral_decrease": {
        "dmean": 1.12431564059e-09,
        "dmean2": 1.51345946886e-09,
        "dvar": 1.30932278831e-18,
        "dvar2": 2.685264842e-18,
        "max": -7.79025722663e-29,
        "mean": -7.90236587278e-09,
        "median": -7.18187154192e-09,
        "min": -2.36744330806e-08,
        "var": 1.89506251155e-17
    },
    "spectral_energy": {
        "dmean": 0.00436285883188,
        "dmean2": 0.00588233582675,
        "dvar": 1.97358822334e-05,
        "dvar2": 4.03687299695e-05,
        "max": 0.0917413458228,
        "mean": 0.0308510642499,
        "median": 0.0279689468443,
        "min": 1.04432408596e-20,
        "var": 0.000283129134914
    },
    "spectral_energyband_high": {
        "dmean": 8.65750826051e-06,
        "dmean2": 1.42022918226e-05,
        "dvar": 1.08157302559e-10,
        "dvar2": 2.90767160349e-10,
        "max": 0.000130827742396,
        "mean": 2.89411345875e-05,
        "median": 2.73386158369e-05,
        "min": 7.4776473062e-21,
        "var": 2.89826385114e-10
    },
    "spectral_energyband_low": {
        "dmean": 0.00204997020774,
        "dmean2": 0.00290936254896,
        "dvar": 5.03082719661e-06,
        "dvar2": 9.98441464617e-06,
        "max": 0.0305444728583,
        "mean": 0.00888354331255,
        "median": 0.00713737495244,
        "min": 4.1478337951e-23,
        "var": 3.93768495996e-05
    },
    "spectral_energyband_middle_high": {
        "dmean": 0.000833663390949,
        "dmean2": 0.00124614150263,
        "dvar": 2.12351983464e-06,
        "dvar2": 4.3529848881e-06,
        "max": 0.0264904536307,
        "mean": 0.00325261428952,
        "median": 0.00203414168209,
        "min": 1.64473798034e-21,
        "var": 1.34474521474e-05
    },
    "spectral_energyband_middle_low": {
        "dmean": 0.00321384333074,
        "dmean2": 0.0042658909224,
        "dvar": 1.76324047061e-05,
        "dvar2": 3.40210390277e-05,
        "max": 0.0874477997422,
        "mean": 0.019501099363,
        "median": 0.014695553109,
        "min": 3.67863914486e-22,
        "var": 0.000270968972472
    },
    "spectral_flatness_db": {
        "dmean": 0.0106521816924,
        "dmean2": 0.0155048891902,
        "dvar": 8.06504613138e-05,
        "dvar2": 0.000170769460965,
        "max": 0.287435472012,
        "mean": 0.189090460539,
        "median": 0.186529457569,
        "min": 0.0362241342664,
        "var": 0.00113944453187
    },
    "spectral_flux": {
        "dmean": 0.0103737097234,
        "dmean2": 0.0187241118401,
        "dvar": 0.000120729579066,
        "dvar2": 0.000378610449843,
        "max": 0.13413760066,
        "mean": 0.049210421741,
        "median": 0.0500901192427,
        "min": 1.02192178331e-10,
        "var": 0.000341765175108
    },
    "spectral_kurtosis": {
        "dmean": 5.49916219711,
        "dmean2": 9.72243595123,
        "dvar": 22.2000160217,
        "dvar2": 67.8334960938,
        "max": 44.8464851379,
        "mean": 15.0270309448,
        "median": 13.6111078262,
        "min": -1.2353001833,
        "var": 44.6012687683
    },
    "spectral_rms": {
        "dmean": 0.000382964353776,
        "dmean2": 0.000513074628543,
        "dvar": 1.14293456477e-07,
        "dvar2": 2.32698056379e-07,
        "max": 0.00946064200252,
        "mean": 0.00521917641163,
        "median": 0.00522367469966,
        "min": 3.19194735747e-12,
        "var": 2.85875262307e-06
    },
    "spectral_rolloff": {
        "dmean": 144.447860718,
        "dmean2": 253.03024292,
        "dvar": 786436.5,
        "dvar2": 1385848.875,
        "max": 19659.8144531,
        "mean": 778.825195312,
        "median": 452.197265625,
        "min": 215.33203125,
        "var": 2889309
    },
    "spectral_skewness": {
        "dmean": 0.43591889739,
        "dmean2": 0.760689556599,
        "dvar": 0.127557992935,
        "dvar2": 0.389815509319,
        "max": 5.01939153671,
        "mean": 2.68352198601,
        "median": 2.59415149689,
        "min": 0.0614548139274,
        "var": 0.321195811033
    },
    "spectral_spread": {
        "dmean": 247379.65625,
        "dmean2": 374297.84375,
        "dvar": 1.49972687258e+12,
        "dvar2": 1.50551121101e+12,
        "max": 41458864,
        "mean": 2394516.75,
        "median": 2252181.25,
        "min": 1467140.25,
        "var": 2.84696589107e+12
    },
    "spectral_strongpeak": {
        "dmean": 0.393489718437,
        "dmean2": 0.669101119041,
        "dvar": 0.525578081608,
        "dvar2": 1.31781888008,
        "max": 7.53513813019,
        "mean": 1.02946794033,
        "median": 0.738257169724,
        "min": 0,
        "var": 1.03228068352
    },
    "zerocrossingrate": {
        "dmean": 0.00408437848091,
        "dmean2": 0.00548791745678,
        "dvar": 0.000346889457433,
        "dvar2": 0.000507654913235,
        "max": 0.5185546875,
        "mean": 0.0308803021908,
        "median": 0.02490234375,
        "min": 0.009765625,
        "var": 0.00189386843704
    },
    "barkbands": {
        "dmean": [0.000302196160192, 0.00142921810038, 0.000972667126916, 0.000537719170097, 0.00218270206824, 0.00105365994386, 0.000591832271311, 0.000313446304062, 0.000264862115728, 0.000549172866158, 0.000221974711167, 0.000128573810798, 0.000120078191685, 5.56378872716e-05, 0.00030194921419, 0.000124917642097, 5.24262432009e-05, 1.99528749363e-05, 3.5413664591e-05, 9.23782226891e-06, 2.32461843552e-06, 1.40275687954e-06, 5.70151371448e-07, 5.17097703323e-07, 3.25786459143e-07, 2.44775350211e-07, 6.38694245936e-07],
        "dmean2": [0.000557640800253, 0.00201184744947, 0.0013996376656, 0.000888696347829, 0.00308060483076, 0.00127418572083, 0.00065531389555, 0.000385089544579, 0.000372657377739, 0.000707737111952, 0.000353464565706, 0.000203546980629, 0.000181830269867, 9.14508418646e-05, 0.000481349095935, 0.000206877681194, 9.09933878575e-05, 3.37127094099e-05, 6.01121973887e-05, 1.60584004334e-05, 3.95760753236e-06, 2.34412664213e-06, 9.51261597493e-07, 7.88415832176e-07, 5.37273990631e-07, 4.18751824327e-07, 1.03108800431e-06],
        "dvar": [2.38416433263e-07, 3.25724317918e-06, 9.85516976471e-07, 3.61549297168e-07, 1.13836931632e-05, 2.54637393482e-06, 4.29259984003e-07, 1.0807331563e-07, 1.07023176099e-07, 7.83957261774e-07, 1.62610334087e-07, 3.46979440735e-08, 2.21631584196e-08, 4.73041428251e-09, 8.31450222449e-07, 4.55688997647e-08, 3.77101461169e-09, 6.76405209621e-10, 3.73605990589e-09, 1.52559367916e-10, 7.87328448965e-12, 2.65988273074e-12, 4.71100426464e-13, 7.41130854603e-12, 7.65241331673e-13, 1.18048962532e-12, 5.21603647861e-13],
        "dvar2": [8.08749405223e-07, 6.14075997873e-06, 2.0583515834e-06, 8.97194126992e-07, 2.26677730097e-05, 3.50964273821e-06, 7.10566268936e-07, 1.59015598911e-07, 1.98102270588e-07, 1.41243140206e-06, 4.59519668539e-07, 7.43003525372e-08, 4.7901142608e-08, 1.16030998143e-08, 1.84948135029e-06, 1.1447946946e-07, 1.13228235676e-08, 1.85191528779e-09, 9.5998693439e-09, 4.43125841576e-10, 2.14873518284e-11, 7.36681635832e-12, 1.3332723597e-12, 1.35578319405e-11, 1.73917976375e-12, 2.7049371857e-12, 1.39926579438e-12],
        "max": [0.00680122384802, 0.0196669511497, 0.00819445960224, 0.00736792804673, 0.0716318264604, 0.0398878678679, 0.0195405352861, 0.00794339366257, 0.00418925378472, 0.016810843721, 0.00715426541865, 0.00335200154223, 0.00192051462363, 0.000648406567052, 0.0145341213793, 0.00338903348893, 0.000560563290492, 0.000302758620819, 0.00088121794397, 0.000142622142448, 3.28960632032e-05, 1.52784705278e-05, 9.87176190392e-06, 6.65662446409e-05, 1.21288067021e-05, 1.50334344653e-05, 1.39157637022e-05],
        "mean": [0.00109839381184, 0.00431035831571, 0.0029339552857, 0.00132133730222, 0.00913754664361, 0.00439350120723, 0.00254184030928, 0.00113560818136, 0.000513387320098, 0.00138695933856, 0.000420780299464, 0.000291793170618, 0.000263077788986, 9.24493724597e-05, 0.000577680999413, 0.000205597913009, 8.85245462996e-05, 3.87960280932e-05, 6.46962580504e-05, 1.81624218385e-05, 5.32764715899e-06, 3.77634364668e-06, 1.71789463366e-06, 1.23755944514e-06, 8.6240430619e-07, 3.93609212779e-07, 3.33759658133e-06],
        "median": [9.98925170279e-05, 0.00279674120247, 0.00269744754769, 0.00093247287441, 0.00446562236175, 0.00259537412785, 0.00147764245048, 0.000757375673857, 0.000353151815943, 0.000601387408096, 0.00026898062788, 0.000159324481501, 0.000188292076928, 6.40758225927e-05, 0.000149452127516, 0.000125556369312, 6.71030866215e-05, 2.99592775264e-05, 4.79180162074e-05, 1.51376334543e-05, 4.36256777903e-06, 3.26091821989e-06, 1.48973094838e-06, 9.80989170785e-07, 5.52793608222e-07, 1.61756190664e-07, 3.00260307995e-06],
        "min": [1.79335993656e-23, 8.04839282856e-24, 7.96449983788e-24, 6.42159219467e-23, 1.58028403066e-22, 6.0099437484e-23, 3.21185979738e-23, 1.67489164571e-23, 3.09393361175e-23, 6.29075235602e-23, 3.64833306525e-23, 1.03856889253e-22, 1.85440789408e-22, 5.53513341826e-23, 1.11696885541e-22, 2.44098100805e-22, 1.84956353082e-22, 1.54342074989e-22, 2.99376449577e-22, 5.00276451481e-22, 4.09934308323e-22, 6.03318851316e-22, 5.71304780568e-22, 7.74516813879e-22, 1.11312873101e-21, 1.53599896979e-21, 2.39572245495e-21],
        "var": [2.68154940386e-06, 1.8283351892e-05, 3.38985978487e-06, 1.49836591845e-06, 0.000152473163325, 2.81756856566e-05, 9.37959339353e-06, 1.29553404804e-06, 2.87033572022e-07, 4.41927431893e-06, 3.85559530969e-07, 1.50971146695e-07, 7.13236687488e-08, 8.25184454101e-09, 2.21635559683e-06, 9.74080265337e-08, 6.03825567325e-09, 1.0939342765e-09, 5.57847146254e-09, 2.2351095974e-10, 1.78275762208e-11, 6.78885897151e-12, 1.54425419934e-12, 9.68278755786e-12, 1.21802752346e-12, 1.15474481106e-12, 6.79125635936e-12]
    },
    "erbbands": {
        "dmean": [0.0571706816554, 0.315115213394, 1.02095735073, 1.32345056534, 3.99717187881, 5.60268735886, 14.815243721, 6.57312488556, 13.1704807281, 3.31297683716, 7.35953569412, 7.8322892189, 9.4169883728, 16.5569782257, 11.1737651825, 5.31054878235, 6.26406955719, 3.08433198929, 15.5210523605, 9.97710132599, 3.42690563202, 1.92653918266, 1.89640593529, 2.03116083145, 0.608936905861, 0.586968839169, 0.146810889244, 0.0640803128481, 0.0331897847354, 0.0317847207189, 0.0160863436759, 0.0152677772567, 0.00637331325561, 0.00377197167836, 0.00218348042108, 0.00103749672417, 0.000574537669308, 0.0010195983341, 3.51656562998e-05, 4.87477836941e-06],
        "dmean2": [0.0796074271202, 0.440326362848, 1.44947767258, 2.0393435955, 5.13276720047, 8.62569999695, 21.3213500977, 7.55574989319, 12.8181562424, 4.19440698624, 9.41320800781, 10.7864675522, 11.2405376434, 22.5728607178, 17.9638729095, 8.47548007965, 9.53968334198, 5.01099348068, 24.5884552002, 16.4558467865, 5.47873973846, 3.33151531219, 3.26318073273, 3.42927098274, 1.02927935123, 1.01834440231, 0.243146359921, 0.107653565705, 0.0574331469834, 0.0529766567051, 0.0270023774356, 0.0231798328459, 0.0101321293041, 0.00612863618881, 0.00361617747694, 0.00174354529008, 0.000979760428891, 0.00163679220714, 5.65640730201e-05, 6.77011212247e-06],
        "dvar": [0.00767352897674, 0.133077725768, 1.10280919075, 1.81042218208, 28.0638637543, 98.0077819824, 973.355957031, 59.47448349, 204.389938354, 11.176325798, 75.2659454346, 93.533241272, 120.998176575, 1358.15075684, 557.334838867, 34.2128448486, 62.9053840637, 12.0277557373, 2709.05981445, 172.334243774, 48.2519111633, 5.02380514145, 4.97558927536, 18.0422668457, 0.467026919127, 0.717681527138, 0.0267971921712, 0.00826040748507, 0.00144218816422, 0.00153379852418, 0.000387249019695, 0.0103519633412, 0.000415709218942, 0.000105965940747, 3.31639457727e-05, 2.55582599493e-05, 5.04088166053e-06, 1.36239191306e-06, 1.55578860905e-09, 2.518540064e-11],
        "dvar2": [0.0145003022626, 0.259237349033, 2.3225479126, 3.81105899811, 48.1838722229, 206.789550781, 1809.73205566, 73.2760543823, 225.341033936, 24.1548309326, 114.754241943, 169.561553955, 162.100006104, 2558.84570312, 1506.53942871, 82.7225646973, 135.578308105, 28.7058105469, 5984.57666016, 422.006591797, 114.230667114, 14.9793071747, 14.6107492447, 46.3909378052, 1.2839846611, 2.09371900558, 0.0790466144681, 0.0221953168511, 0.00396373588592, 0.00426750909537, 0.000991730601527, 0.0193537008017, 0.000842198147438, 0.000220675967284, 7.4768482591e-05, 5.51805278519e-05, 1.26836848722e-05, 3.5865348309e-06, 4.13036449487e-09, 5.01602613612e-11],
        "max": [0.817733645439, 4.47762727737, 10.7562103271, 17.4291286469, 154.598602295, 212.967010498, 443.957489014, 211.299560547, 483.482513428, 75.1721801758, 219.324172974, 126.296882629, 217.622558594, 642.190917969, 452.401641846, 101.483016968, 104.336135864, 31.157705307, 827.43182373, 132.915466309, 130.518173218, 22.8970966339, 24.2417526245, 61.8508415222, 6.55946969986, 9.59067344666, 1.84189045429, 1.00784814358, 0.379406660795, 0.494388371706, 0.309522897005, 2.56615185738, 0.411363840103, 0.150785818696, 0.0963854640722, 0.0965469777584, 0.025510950014, 0.0215188115835, 0.000767006480601, 0.00010694777302],
        "mean": [0.147942245007, 0.898810446262, 2.87357640266, 4.8236207962, 17.284658432, 25.3976707458, 43.620010376, 28.7199211121, 56.6564826965, 13.5036087036, 25.6370754242, 17.2517585754, 24.3835430145, 40.657749176, 20.9469146729, 13.0573148727, 13.900056839, 6.91370201111, 30.0503940582, 16.618642807, 7.05402183533, 3.8875310421, 3.56736040115, 3.74572134018, 1.42713618279, 1.09644937515, 0.385402083397, 0.167398378253, 0.095270305872, 0.0904099568725, 0.0473875962198, 0.0332516208291, 0.016586786136, 0.0101723708212, 0.00526854209602, 0.00209283083677, 0.00119659851771, 0.00523355603218, 0.000195933724171, 3.72792601411e-05],
        "median": [0.0688288211823, 0.605959415436, 2.51116943359, 3.42139315605, 7.87111377716, 11.973859787, 14.4422616959, 18.4396190643, 33.6858215332, 9.97554016113, 15.7691230774, 13.1638813019, 16.8570365906, 9.96985626221, 10.5782928467, 8.14027023315, 9.86915397644, 5.62085914612, 5.52079200745, 11.1392126083, 4.78110980988, 3.19447994232, 2.72355008125, 2.5497341156, 1.22949337959, 0.876319289207, 0.34312492609, 0.138163208961, 0.0866387635469, 0.0721765011549, 0.0412254408002, 0.0245440751314, 0.0134107656777, 0.00763828633353, 0.00325464876369, 0.00121464277618, 0.000916021876037, 0.00468300748616, 0.000176168250619, 3.37990204571e-05],
        "min": [3.88298693592e-22, 1.5070822825e-21, 8.67702042031e-21, 1.01561080513e-19, 4.7675216349e-19, 4.20912431511e-19, 5.15784024862e-19, 5.12984845669e-19, 5.00831391121e-19, 4.85212825289e-19, 2.88184891577e-19, 7.09922745941e-19, 1.26471386846e-18, 1.68794041528e-18, 2.3971088242e-18, 5.90540989709e-18, 7.96324128727e-18, 2.97863747434e-18, 4.50215258181e-18, 7.35078848993e-18, 1.42115816548e-17, 1.10833665578e-17, 9.9321164336e-18, 1.40949855843e-17, 1.42217146173e-17, 2.21438069778e-17, 1.99802829984e-17, 1.64660409076e-17, 2.08069706113e-17, 1.87431665635e-17, 1.51967090966e-17, 1.73377751223e-17, 1.30552336164e-17, 1.33961470069e-17, 7.42765921143e-18, 5.2478699661e-18, 3.02140209162e-18, 1.44064660275e-18, 3.23826811702e-19, 3.09136232657e-20],
        "var": [0.0293820295483, 0.842227160931, 3.81180143356, 16.023065567, 723.98614502, 1420.27587891, 4885.94873047, 1039.43884277, 4697.20751953, 143.739562988, 895.662414551, 260.081512451, 659.359069824, 6961.46191406, 1458.88391113, 231.68977356, 192.447662354, 26.707025528, 7152.95703125, 329.851593018, 111.690681458, 8.92550754547, 8.56677341461, 26.3650455475, 1.08570194244, 1.00615096092, 0.0748183727264, 0.0174569357187, 0.00324893859215, 0.00470775226131, 0.00125205283985, 0.0128936590627, 0.000593825767282, 0.000166043304489, 4.95343083458e-05, 2.72155557468e-05, 4.21303730036e-06, 1.61297884915e-05, 2.09316493027e-08, 3.8693676041e-10]
    },
    "gfcc": {
        "mean": [-53.9059371948, 156.559814453, -106.967552185, 3.71087646484, -30.076335907, -11.5963850021, -26.8725528717, -1.93426370621, -15.9850921631, -4.59319114685, -10.52942276, 0.0459424369037, -9.17656135559],
        "cov": [[13564.9726562, 2078.60693359, -707.431213379, 45.753944397, -8.38986778259, -203.095184326, -211.422454834, -142.970474243, -91.4654159546, -27.9151363373, 51.9618148804, 8.76799869537, 100.832496643], [2078.60693359, 524.263366699, -18.0015888214, -23.2808113098, 24.0253715515, -133.315979004, -32.3568496704, -79.07056427, 6.28838205338, -17.1104831696, 36.4374694824, -5.14152002335, -9.37093162537], [-707.431213379, -18.0015888214, 269.939208984, 13.4193410873, 51.1391372681, -112.375869751, -9.97493362427, -67.7136001587, 16.6726875305, 1.62066257, 53.0494270325, -9.74865341187, -37.8602867126], [45.753944397, -23.2808113098, 13.4193410873, 86.6137008667, 31.0940494537, 44.8258056641, 12.0164813995, 20.0887393951, -0.00322562945075, 12.91127491, 11.0909519196, 5.1501865387, 14.622428894], [-8.38986778259, 24.0253715515, 51.1391372681, 31.0940494537, 90.1266708374, 1.52605426311, 0.459815472364, -29.7762851715, 7.28721475601, 0.739769220352, 9.77739429474, -13.8127574921, -10.2818021774], [-203.095184326, -133.315979004, -112.375869751, 44.8258056641, 1.52605426311, 244.627227783, 73.4648742676, 119.755607605, -6.46924686432, 26.8828735352, -40.3471183777, 21.7025508881, 65.7930221558], [-211.422454834, -32.3568496704, -9.97493362427, 12.0164813995, 0.459815472364, 73.4648742676, 71.8828201294, 49.0655021667, 7.26990270615, 11.7815141678, 1.93084990978, 18.2584075928, 22.914648056], [-142.970474243, -79.07056427, -67.7136001587, 20.0887393951, -29.7762851715, 119.755607605, 49.0655021667, 122.738746643, 8.65757465363, 21.647321701, -17.3929920197, 29.5481052399, 44.6999282837], [-91.4654159546, 6.28838205338, 16.6726875305, -0.00322562945075, 7.28721475601, -6.46924686432, 7.26990270615, 8.65757465363, 59.8638000488, 29.7042789459, 16.0493011475, -2.43541097641, -13.1452684402], [-27.9151363373, -17.1104831696, 1.62066257, 12.91127491, 0.739769220352, 26.8828735352, 11.7815141678, 21.647321701, 29.7042789459, 56.6766929626, 27.3292503357, 8.36255645752, 3.50406837463], [51.9618148804, 36.4374694824, 53.0494270325, 11.0909519196, 9.77739429474, -40.3471183777, 1.93084990978, -17.3929920197, 16.0493011475, 27.3292503357, 69.0741043091, 18.4127178192, -7.97722244263], [8.76799869537, -5.14152002335, -9.74865341187, 5.1501865387, -13.8127574921, 21.7025508881, 18.2584075928, 29.5481052399, -2.43541097641, 8.36255645752, 18.4127178192, 50.3851242065, 30.3162937164], [100.832496643, -9.37093162537, -37.8602867126, 14.622428894, -10.2818021774, 65.7930221558, 22.914648056, 44.6999282837, -13.1452684402, 3.50406837463, -7.97722244263, 30.3162937164, 78.1203079224]],
        "icov": [[0.000332061725203, -0.00134215783328, 0.000707865401637, -0.000610358489212, 0.000143479861435, -0.000176587331225, 0.000838983803988, -9.08632937353e-05, 0.000547440198716, -0.00039633634151, -0.000159020768479, 7.67174933571e-05, -9.49082022998e-05], [-0.00134215783328, 0.00817539263517, -0.00123827636708, 0.00261168857105, -0.00199515465647, 0.00292666279711, -0.00430194567889, 0.00101220456418, -0.00279298960231, 0.00231317337602, -0.000863385968842, 0.000217849577894, -0.00116709934082], [0.000707865401637, -0.00123827636708, 0.00849845074117, -0.00233816797845, -0.00311834551394, 0.00399826653302, -0.00123446714133, 0.000477285590023, 0.00068016233854, -0.000275034370134, -0.00354637228884, 0.00111853564158, -0.00086403999012], [-0.000610358489212, 0.00261168857105, -0.00233816797845, 0.0177040155977, -0.00607917131856, -0.00261218566447, 0.000955229450483, -0.00312774744816, 0.00106408528518, 0.000220836882363, -0.00429433537647, 0.00139100244269, -0.00124569970649], [0.000143479861435, -0.00199515465647, -0.00311834551394, -0.00607917131856, 0.0187924634665, -0.0058983550407, 0.000176601606654, 0.00728383660316, -0.00346362427808, 0.0024117208086, -0.000655500567518, 0.00236929138191, 0.000746103643905], [-0.000176587331225, 0.00292666279711, 0.00399826653302, -0.00261218566447, -0.0058983550407, 0.0170322619379, -0.00921944901347, -0.00696320878342, 0.00399825675413, -0.00719972979277, 0.00619937758893, 0.00162941182498, -0.00443019764498], [0.000838983803988, -0.00430194567889, -0.00123446714133, 0.000955229450483, 0.000176601606654, -0.00921944901347, 0.0274637322873, -0.00529987784103, -0.00184988987166, 0.00349467387423, -0.00523718167096, -0.00278156646527, 0.000465234392323], [-9.08632937353e-05, 0.00101220456418, 0.000477285590023, -0.00312774744816, 0.00728383660316, -0.00696320878342, -0.00529987784103, 0.0239118952304, -0.00586087023839, -0.0017787204124, 0.00443935347721, -0.00698801223189, -0.00199034786783], [0.000547440198716, -0.00279298960231, 0.00068016233854, 0.00106408528518, -0.00346362427808, 0.00399825675413, -0.00184988987166, -0.00586087023839, 0.0280951559544, -0.0160572584718, 0.00145047914702, 0.00222911103629, 0.00389266060665], [-0.00039633634151, 0.00231317337602, -0.000275034370134, 0.000220836882363, 0.0024117208086, -0.00719972979277, 0.00349467387423, -0.0017787204124, -0.0160572584718, 0.0381750911474, -0.0183200929314, 0.00381988449953, -0.000779271184001], [-0.000159020768479, -0.000863385968842, -0.00354637228884, -0.00429433537647, -0.000655500567518, 0.00619937758893, -0.00523718167096, 0.00443935347721, 0.00145047914702, -0.0183200929314, 0.0349536985159, -0.015692140907, 0.00360018224455], [7.67174933571e-05, 0.000217849577894, 0.00111853564158, 0.00139100244269, 0.00236929138191, 0.00162941182498, -0.00278156646527, -0.00698801223189, 0.00222911103629, 0.00381988449953, -0.015692140907, 0.0373769514263, -0.011940815486], [-9.49082022998e-05, -0.00116709934082, -0.00086403999012, -0.00124569970649, 0.000746103643905, -0.00443019764498, 0.000465234392323, -0.00199034786783, 0.00389266060665, -0.000779271184001, 0.00360018224455, -0.011940815486, 0.023120900616]]
    },
    "melbands": {
        "dmean": [0.000411224347772, 0.000473194959341, 0.00027848262107, 0.000304013839923, 0.000491087208502, 0.000179664959433, 0.000176397836185, 3.88955122617e-05, 6.26260007266e-05, 4.22635239374e-05, 4.75220404041e-05, 7.00347518432e-05, 3.12797383231e-05, 2.0501714971e-05, 1.11217887024e-05, 1.11997505883e-05, 6.11139557805e-06, 2.21462596528e-05, 1.69554987224e-05, 1.25326969282e-05, 2.73667137662e-06, 1.35520735967e-06, 4.6362761168e-06, 5.66532889934e-07, 2.00114004656e-06, 8.57917711983e-07, 2.07882848713e-07, 4.28478301728e-07, 1.11532614255e-07, 5.86663269075e-08, 5.50574519309e-08, 2.43577407133e-08, 2.67503619256e-08, 1.82399748638e-08, 9.68615587738e-09, 1.00780415124e-08, 9.64747837173e-09, 5.24819343539e-09, 5.57785417854e-09, 3.03010061486e-09],
        "dmean2": [0.000576224178076, 0.000661337631755, 0.000408228486776, 0.000429359701229, 0.000709510524757, 0.000197864574147, 0.00017571724311, 4.86945828015e-05, 8.16918109194e-05, 5.86004025536e-05, 5.70094562136e-05, 9.55978321144e-05, 4.97093242302e-05, 3.32049567078e-05, 1.74016804522e-05, 1.66416648426e-05, 1.00129091152e-05, 3.50811460521e-05, 2.73076766462e-05, 2.08793990168e-05, 4.35405172539e-06, 2.2936969799e-06, 8.08285858511e-06, 9.45303497701e-07, 3.38456857207e-06, 1.4709540892e-06, 3.58182120408e-07, 7.39935956062e-07, 1.8552209724e-07, 1.00041383178e-07, 9.47428731024e-08, 4.18998027385e-08, 4.5395815107e-08, 3.08303427232e-08, 1.65549671749e-08, 1.65084426129e-08, 1.45964422771e-08, 8.44232950215e-09, 8.99975471924e-09, 4.91284612991e-09],
        "dvar": [3.21833312e-07, 2.46287754635e-07, 7.98047068429e-08, 1.93061794107e-07, 1.0390585885e-06, 4.66406469002e-08, 3.62802019538e-08, 1.47464773725e-09, 5.07343145273e-09, 2.82791856598e-09, 3.07785996689e-09, 2.51099123716e-08, 3.45632478194e-09, 1.44083678322e-09, 1.31808161608e-10, 1.92246232822e-10, 5.5134057042e-11, 5.19646903285e-09, 2.00981165044e-09, 4.07637645861e-10, 2.60898785215e-11, 2.23654992096e-12, 3.58117875632e-11, 5.51364889075e-13, 1.83463765013e-11, 1.00377377851e-12, 6.05631335555e-14, 3.63744516278e-13, 2.144480577e-14, 8.20894357535e-15, 7.14855742824e-15, 9.46880979318e-16, 9.20705543666e-16, 5.04121611196e-16, 1.14931756561e-16, 8.81627202188e-16, 4.28891024732e-15, 1.94894724041e-16, 2.93429418286e-16, 4.67469079435e-17],
        "dvar2": [6.18738738467e-07, 5.02471323216e-07, 1.68322415561e-07, 4.16105081058e-07, 2.00924046112e-06, 5.20886942468e-08, 4.36235190193e-08, 2.57050736252e-09, 8.17623924121e-09, 5.12766584748e-09, 4.2050096738e-09, 4.6661618569e-08, 9.43898825767e-09, 3.63310026508e-09, 3.03245928368e-10, 3.91260301935e-10, 1.36471861589e-10, 1.13677165459e-08, 4.54753878998e-09, 1.02548791681e-09, 5.8599056163e-11, 6.43539865494e-12, 1.05599244626e-10, 1.36048420793e-12, 4.72786983174e-11, 2.82255902678e-12, 1.81877530072e-13, 1.05647738821e-12, 6.24188336651e-14, 2.07200894625e-14, 2.00911742755e-14, 2.56743055499e-15, 2.51962422721e-15, 1.41526690574e-15, 3.25157393135e-16, 1.70137324774e-15, 8.00705327237e-15, 3.94849278802e-16, 7.23310232781e-16, 9.96426265744e-17],
        "max": [0.0061690970324, 0.00551141100004, 0.0069250240922, 0.0122150154784, 0.0153845660388, 0.00591630954295, 0.00632281601429, 0.000646783912089, 0.00173293030821, 0.000676966214087, 0.00108538242057, 0.00281291245483, 0.00111467251554, 0.000745154800825, 0.000149067636812, 0.000164362369105, 6.65807165205e-05, 0.0011467008153, 0.000705949147232, 0.00027739701909, 0.000101719364466, 1.57773556566e-05, 6.07099536865e-05, 1.02525573311e-05, 6.16743855062e-05, 9.06220520847e-06, 2.4555906748e-06, 6.90341494192e-06, 1.74272474851e-06, 1.26939755773e-06, 8.6326139126e-07, 2.99370270795e-07, 3.83975475415e-07, 2.39681583025e-07, 1.28639385366e-07, 7.27043243387e-07, 1.65120673046e-06, 3.44184229562e-07, 2.96763033703e-07, 1.29140644844e-07],
        "mean": [0.0013414977584, 0.0014456815552, 0.00116607465316, 0.00148800457828, 0.00155685236678, 0.000787106226198, 0.000766723824199, 0.00014158875274, 0.000211818594835, 8.64032845129e-05, 0.000118716328871, 0.000169330698554, 6.04850793025e-05, 4.26514307037e-05, 2.62013400061e-05, 2.60314645857e-05, 1.02021585917e-05, 4.23877681897e-05, 3.22497835441e-05, 1.97006829694e-05, 5.55427277504e-06, 2.77475101029e-06, 6.8840881795e-06, 1.30010766952e-06, 3.42059024661e-06, 1.60953027262e-06, 4.53796161537e-07, 7.56711926897e-07, 2.60235935912e-07, 1.11399025116e-07, 1.13879721653e-07, 5.64844064854e-08, 5.89105901838e-08, 4.3277335493e-08, 2.60824553067e-08, 2.30350529762e-08, 1.88414635005e-08, 1.15668408185e-08, 1.16874145917e-08, 7.45799066948e-09],
        "median": [0.000753027794417, 0.00115138129331, 0.000788406527136, 0.000772416766267, 0.000516451429576, 0.000488307676278, 0.000451148720458, 0.000108876891318, 0.000135438953293, 6.2186823925e-05, 8.00021225587e-05, 3.52366187144e-05, 3.60661215382e-05, 2.07711964322e-05, 2.11488586501e-05, 1.76559951797e-05, 7.44343105907e-06, 8.29608416097e-06, 1.1483887647e-05, 1.20893819258e-05, 3.95506413042e-06, 2.33352920986e-06, 4.43248927695e-06, 9.8621228517e-07, 2.16727494262e-06, 1.26021575397e-06, 3.82204916605e-07, 5.93784079683e-07, 1.95849708007e-07, 7.41246282132e-08, 7.63804166581e-08, 4.79380837248e-08, 5.02858270579e-08, 3.33791305707e-08, 2.20052562838e-08, 1.74603833614e-08, 1.3421383116e-08, 9.04048036432e-09, 8.19862400192e-09, 5.52240830842e-09],
        "min": [3.96670975354e-24, 3.25841324041e-24, 3.07893168614e-23, 3.30389967018e-23, 1.82819776962e-23, 1.08827369289e-23, 8.36626354146e-24, 5.20292736722e-24, 2.26279682231e-24, 4.79880141965e-24, 6.7762757328e-24, 7.41019725649e-24, 6.09052525878e-24, 8.41186601267e-24, 2.8880986601e-23, 9.07576661734e-24, 5.45296826961e-24, 6.21350788504e-24, 9.38308868221e-24, 1.25403892817e-23, 1.69652836485e-23, 1.12476939603e-23, 9.90994127068e-24, 7.32803344891e-24, 1.2209138699e-23, 1.11489112201e-23, 1.24892229745e-23, 1.51605576462e-23, 1.4462518297e-23, 9.18008085028e-24, 9.62947991963e-24, 1.3834286827e-23, 9.64780515845e-24, 1.00561045746e-23, 8.68776932541e-24, 1.00564019752e-23, 1.02268243297e-23, 8.41359440691e-24, 1.0384532613e-23, 1.13080378753e-23],
