{
"metadata": {
    "version": {
        "essentia": "2.0.1",
        "extractor": "archive-music 1.0"
    },
    "audio_properties": {
        "analysis_sample_rate": 44100,
        "bitrate": 128,
        "channels": 2,
        "equal_loudness": 0,
        "length": 15.3338775635,
        "replay_gain": 1.57848167419,
        "downmix": "mix"
    },
    "tags": {
        "track": 0,
        "year": 0,
        "album": "",
        "artist": "",
        "comment": "",
        "genre": "",
        "title": ""
    }
},
"highlevel": {
    "culture": {
        "all": {
            "non_western": 0.0026779435575,
            "western": 0.99732208252
        },
        "probability": 0.99732208252,
        "value": "western"
    },
    "danceability": {
        "all": {
            "danceable": 0.125857234001,
            "not_danceable": 0.874142765999
        },
        "probability": 0.874142765999,
        "value": "not_danceable"
    },
    "gender": {
        "all": {
            "female": 0.626825630665,
            "male": 0.373174339533
        },
        "probability": 0.626825630665,
        "value": "female"
    },
    "genre_dortmund": {
        "all": {
            "alternative": 0.148978888988,
            "blues": 0.0339057222009,
            "electronic": 0.0286879334599,
            "folkcountry": 0.123369343579,
            "funksoulrnb": 0.0359170250595,
            "jazz": 0.426553279161,
            "pop": 0.120269782841,
            "raphiphop": 0.00396190816537,
            "rock": 0.0783561170101
        },
        "probability": 0.426553279161,
        "value": "jazz"
    },
    "genre_electronic": {
        "all": {
            "ambient": 0.984682738781,
            "dnb": 0.00251971022226,
            "house": 0.00603929720819,
            "techno": 0.00201906822622,
            "trance": 0.00473918020725
        },
        "probability": 0.984682738781,
        "value": "ambient"
    },
    "genre_rosamerica": {
        "all": {
            "cla": 0.90100723505,
            "dan": 0.00493780570105,
            "hip": 0.013417609036,
            "jaz": 0.0221252031624,
            "pop": 0.0132776591927,
            "rhy": 0.00544598000124,
            "roc": 0.0334322452545,
            "spe": 0.00635627424344
        },
        "probability": 0.90100723505,
        "value": "cla"
    },
    "genre_tzanetakis": {
        "all": {
            "blu": 0.0101737724617,
            "cla": 0.793653905392,
            "cou": 0.0136140612885,
            "dis": 0.00753265013918,
            "hip": 0.00711799971759,
            "jaz": 0.0711760148406,
            "met": 0.00218332139775,
            "pop": 0.0466691553593,
            "reg": 0.0115056438372,
            "roc": 0.0363734550774
        },
        "probability": 0.793653905392,
        "value": "cla"
    },
    "mirex_ballroom": {
        "all": {
            "ChaChaCha": 0.000174251996214,
            "Jive": 9.74179129116e-05,
            "Quickstep": 0.00189586018678,
            "Rumba-American": 0.000354861636879,
            "Rumba-International": 0.0131177371368,
            "Rumba-Misc": 0.00194789015222,
            "Samba": 0.000171865249285,
            "Tango": 0.00241813296452,
            "VienneseWaltz": 0.0926686525345,
            "Waltz": 0.887153327465
        },
        "probability": 0.887153327465,
        "value": "Waltz"
    },
    "mood_acoustic": {
        "all": {
            "acoustic": 0.910039246082,
            "not_acoustic": 0.0899607539177
        },
        "probability": 0.910039246082,
        "value": "acoustic"
    },
    "mood_aggressive": {
        "all": {
            "aggressive": 0.0184438247234,
            "not_aggressive": 0.981556177139
        },
        "probability": 0.981556177139,
        "value": "not_aggressive"
    },
    "mood_electronic": {
        "all": {
            "electronic": 0.724241316319,
            "not_electronic": 0.275758713484
        },
        "probability": 0.724241316319,
        "value": "electronic"
    },
    "mood_happy": {
        "all": {
            "happy": 0.321172207594,
            "not_happy": 0.678827762604
        },
        "probability": 0.678827762604,
        "value": "not_happy"
    },
    "mood_party": {
        "all": {
            "not_party": 0.919981062412,
            "party": 0.080018915236
        },
        "probability": 0.919981062412,
        "value": "not_party"
    },
    "mood_relaxed": {
        "all": {
            "not_relaxed": 0.00717708980665,
            "relaxed": 0.992822885513
        },
        "probability": 0.992822885513,
        "value": "relaxed"
    },
    "mood_sad": {
        "all": {
            "not_sad": 0.26910251379,
            "sad": 0.73089748621
        },
        "probability": 0.73089748621,
        "value": "sad"
    },
    "moods_mirex": {
        "all": {
            "Cluster1": 0.318481713533,
            "Cluster2": 0.063603438437,
            "Cluster3": 0.556921124458,
            "Cluster4": 0.0262635666877,
            "Cluster5": 0.0347301624715
        },
        "probability": 0.556921124458,
        "value": "Cluster3"
    },
    "timbre": {
        "all": {
            "bright": 0.190504282713,
            "dark": 0.809495747089
        },
        "probability": 0.809495747089,
        "value": "dark"
    },
    "tonal_atonal": {
        "all": {
            "atonal": 0.544596731663,
            "tonal": 0.45540329814
        },
        "probability": 0.544596731663,
        "value": "atonal"
    },
    "voice_instrumental": {
        "all": {
            "instrumental": 0.762583255768,
            "voice": 0.237416759133
        },
        "probability": 0.762583255768,
        "value": "instrumental"
    }
},
"lowlevel": {
    "average_loudness": 0.767763078213,
    "barkbands_kurtosis": {
        "dmean": 1.38937747478,
        "dmean2": 2.09294962883,
        "dvar": 2.3490793705,
        "dvar2": 5.05488443375,
        "max": 23.7152137756,
        "mean": 3.12792634964,
        "median": 2.51969194412,
        "min": -0.922039985657,
        "var": 7.51545667648
    },
    "barkbands_skewness": {
        "dmean": 0.298893511295,
        "dmean2": 0.429303020239,
        "dvar": 0.082936629653,
        "dvar2": 0.141086369753,
        "max": 3.94063043594,
        "mean": 1.35065925121,
        "median": 1.33359837532,
        "min": -2.08139586449,
        "var": 0.368467986584
    },
    "barkbands_spread": {
        "dmean": 1.6455578804,
        "dmean2": 2.53221273422,
        "dvar": 8.88766098022,
        "dvar2": 15.3208379745,
        "max": 58.6677017212,
        "mean": 9.33738899231,
        "median": 8.3370513916,
        "min": 2.37384486198,
        "var": 26.0599956512
    },
    "dissonance": {
        "dmean": 0.0246099215001,
        "dmean2": 0.0410493575037,
        "dvar": 0.000418389710831,
        "dvar2": 0.00119498674758,
        "max": 0.499529331923,
        "mean": 0.442076057196,
        "median": 0.44361153245,
        "min": 0.318145632744,
        "var": 0.000807687931228
    },
    "dynamic_complexity": 3.65289711952,
    "erbbands_kurtosis": {
        "dmean": 0.731758058071,
        "dmean2": 1.08751606941,
        "dvar": 0.401671350002,
        "dvar2": 0.885243058205,
        "max": 5.18064022064,
        "mean": 0.672110617161,
        "median": 0.476271629333,
        "min": -1.28657221794,
        "var": 1.364787817
    },
    "erbbands_skewness": {
        "dmean": 0.27281281352,
        "dmean2": 0.399822443724,
        "dvar": 0.0457213036716,
        "dvar2": 0.099313236773,
        "max": 2.0841126442,
        "mean": 0.645360827446,
        "median": 0.628313779831,
        "min": -0.784694612026,
        "var": 0.212444573641
    },
    "erbbands_spread": {
        "dmean": 3.89908647537,
        "dmean2": 5.76288557053,
        "dvar": 22.9668827057,
        "dvar2": 57.6879501343,
        "max": 96.8293151855,
        "mean": 21.0577297211,
        "median": 19.8974113464,
        "min": 9.0541973114,
        "var": 48.8926277161
    },
    "hfc": {
        "dmean": 1.74423205853,
        "dmean2": 2.38950943947,
        "dvar": 9.29765510559,
        "dvar2": 17.3487243652,
        "max": 83.9016265869,
        "mean": 9.65968513489,
        "median": 6.39319133759,
        "min": 1.20620006318e-16,
        "var": 124.559280396
    },
    "melbands_kurtosis": {
        "dmean": 2.36622452736,
        "dmean2": 3.50850343704,
        "dvar": 6.7060046196,
        "dvar2": 14.6938199997,
        "max": 33.9057235718,
        "mean": 6.08850860596,
        "median": 5.05340051651,
        "min": -1.34587073326,
        "var": 18.760515213
    },
    "melbands_skewness": {
        "dmean": 0.383634060621,
        "dmean2": 0.541618466377,
        "dvar": 0.120034046471,
        "dvar2": 0.261518865824,
        "max": 4.85767698288,
        "mean": 1.88593268394,
        "median": 1.81611013412,
        "min": -0.174532845616,
        "var": 0.4745477736
    },
    "melbands_spread": {
        "dmean": 2.21641135216,
        "dmean2": 3.48123955727,
        "dvar": 58.4606018066,
        "dvar2": 120.80531311,
        "max": 162.430297852,
        "mean": 11.3801355362,
        "median": 9.7301530838,
        "min": 2.97506642342,
        "var": 162.1771698
    },
    "pitch_salience": {
        "dmean": 0.052639439702,
        "dmean2": 0.0798901841044,
        "dvar": 0.00173721672036,
        "dvar2": 0.00430719461292,
        "max": 0.961193799973,
        "mean": 0.572182655334,
        "median": 0.568888783455,
        "min": 0.311125636101,
        "var": 0.00773716252297
    },
    "silence_rate_20dB": {
        "dmean": 0,
        "dmean2": 0,
        "dvar": 0,
        "dvar2": 0,
        "max": 1,
        "mean": 1,
        "median": 1,
        "min": 1,
        "var": 0
    },
    "silence_rate_30dB": {
        "dmean": 0.00907715596259,
        "dmean2": 0.0181818176061,
        "dvar": 0.00899476744235,
        "dvar2": 0.0208815652877,
        "max": 1,
        "mean": 0.97885197401,
        "median": 1,
        "min": 0,
        "var": 0.0207007993013
    },
    "silence_rate_60dB": {
        "dmean": 0.00302571849898,
        "dmean2": 0.0060606058687,
        "dvar": 0.0030165866483,
        "dvar2": 0.00602386146784,
        "max": 1,
        "mean": 0.0664652585983,
        "median": 0,
        "min": 0,
        "var": 0.0620474107563
    },
    "spectral_centroid": {
        "dmean": 78.9785995483,
        "dmean2": 116.54989624,
        "dvar": 98974.671875,
        "dvar2": 109516.679688,
        "max": 11038.0429688,
        "mean": 592.659362793,
        "median": 525.452697754,
        "min": 272.079803467,
        "var": 267080.65625
    },
    "spectral_complexity": {
        "dmean": 1.65506803989,
        "dmean2": 2.78787875175,
        "dvar": 1.95364058018,
        "dvar2": 4.89743089676,
        "max": 25,
        "mean": 12.9244709015,
        "median": 13,
        "min": 0,
        "var": 21.1665096283
    },
    "spectral_crest": {
        "dmean": 1.65097570419,
        "dmean2": 2.45276880264,
        "dvar": 1.9384086132,
        "dvar2": 4.64636468887,
        "max": 19.7061901093,
        "mean": 9.76690578461,
        "median": 9.37617874146,
        "min": 4.1430106163,
        "var": 8.2110376358
    },
    "spectral_decrease": {
        "dmean": 1.05549846641e-09,
        "dmean2": 1.46644907328e-09,
        "dvar": 2.4430727693e-18,
        "dvar2": 4.66042986971e-18,
        "max": 5.7323412719e-30,
        "mean": -6.31828012132e-09,
        "median": -4.74911843185e-09,
        "min": -5.18368103997e-08,
        "var": 3.73539577593e-17
    },
    "spectral_energy": {
        "dmean": 0.00411512330174,
        "dmean2": 0.00571558764204,
        "dvar": 3.76507996407e-05,
        "dvar2": 7.16017311788e-05,
        "max": 0.203253924847,
        "mean": 0.0247227679938,
        "median": 0.0185414850712,
        "min": 1.09189626081e-20,
        "var": 0.000577400031034
    },
    "spectral_energyband_high": {
        "dmean": 4.47285401606e-06,
        "dmean2": 7.71769282437e-06,
        "dvar": 7.49998396721e-11,
        "dvar2": 2.15449366681e-10,
        "max": 0.000137672366691,
        "mean": 1.71130432136e-05,
        "median": 7.94117931946e-06,
        "min": 7.97819820555e-21,
        "var": 4.99632335504e-10
    },
    "spectral_energyband_low": {
        "dmean": 0.00153537886217,
        "dmean2": 0.00188755919226,
        "dvar": 2.31356148106e-06,
        "dvar2": 3.34038850269e-06,
        "max": 0.0411983132362,
        "mean": 0.00788609590381,
        "median": 0.00591318076476,
        "min": 2.87987084086e-23,
        "var": 4.84049996885e-05
    },
    "spectral_energyband_middle_high": {
        "dmean": 0.0010237256065,
        "dmean2": 0.00141501927283,
        "dvar": 4.92524395668e-06,
        "dvar2": 8.79527397046e-06,
        "max": 0.0468343272805,
        "mean": 0.00311387446709,
        "median": 0.00139013794251,
        "min": 1.49000593039e-21,
        "var": 2.43864051299e-05
    },
    "spectral_energyband_middle_low": {
        "dmean": 0.00358145940118,
        "dmean2": 0.00521587859839,
        "dvar": 3.31044102495e-05,
        "dvar2": 6.68716311338e-05,
        "max": 0.17138543725,
        "mean": 0.0152641050518,
        "median": 0.00999461114407,
        "min": 4.11934329464e-22,
        "var": 0.000370725843823
    },
    "spectral_flatness_db": {
        "dmean": 0.0113941282034,
        "dmean2": 0.0171042606235,
        "dvar": 9.37979275477e-05,
        "dvar2": 0.000175887907972,
        "max": 0.288313925266,
        "mean": 0.211048573256,
        "median": 0.210533738136,
        "min": 0.0408256538212,
        "var": 0.000926828652155
    },
    "spectral_flux": {
        "dmean": 0.00958561711013,
        "dmean2": 0.0165126286447,
        "dvar": 8.42927183839e-05,
        "dvar2": 0.000227815180551,
        "max": 0.182769164443,
        "mean": 0.0499909967184,
        "median": 0.0473363697529,
        "min": 1.04493837194e-10,
        "var": 0.000640478858259
    },
    "spectral_kurtosis": {
        "dmean": 5.24190235138,
        "dmean2": 9.16996097565,
        "dvar": 17.5941486359,
        "dvar2": 51.5568847656,
        "max": 35.793800354,
        "mean": 15.1310625076,
        "median": 14.4037399292,
        "min": -1.15783941746,
        "var": 35.7359962463
    },
    "spectral_rms": {
        "dmean": 0.000377340154955,
        "dmean2": 0.000522352347616,
        "dvar": 1.3682148392e-07,
        "dvar2": 2.66256847681e-07,
        "max": 0.0140817798674,
        "mean": 0.00446273433045,
        "median": 0.00425314623863,
        "min": 3.26383928564e-12,
        "var": 4.20381593358e-06
    },
    "spectral_rolloff": {
        "dmean": 146.855621338,
        "dmean2": 246.424621582,
        "dvar": 726890.375,
        "dvar2": 1192078.875,
        "max": 18906.1523438,
        "mean": 762.476928711,
        "median": 538.330078125,
        "min": 236.865234375,
        "var": 2949416
    },
    "spectral_skewness": {
        "dmean": 0.402580887079,
        "dmean2": 0.693535387516,
        "dvar": 0.0991789922118,
        "dvar2": 0.280072599649,
        "max": 4.43655967712,
        "mean": 2.78192186356,
        "median": 2.75302553177,
        "min": 0.0166851971298,
        "var": 0.283149033785
    },
    "spectral_spread": {
        "dmean": 239519.125,
        "dmean2": 347073.78125,
        "dvar": 1.4591361024e+12,
        "dvar2": 1.35524109517e+12,
        "max": 40640724,
        "mean": 2327807,
        "median": 2164812,
        "min": 1549062.75,
        "var": 3.10853055283e+12
    },
    "spectral_strongpeak": {
        "dmean": 0.315188348293,
        "dmean2": 0.522971987724,
        "dvar": 0.330653727055,
        "dvar2": 0.775264620781,
        "max": 7.37425661087,
        "mean": 0.708870470524,
        "median": 0.334384918213,
        "min": 0,
        "var": 0.784320652485
    },
    "zerocrossingrate": {
        "dmean": 0.00387744070031,
        "dmean2": 0.00531338760629,
        "dvar": 0.000432680448284,
        "dvar2": 0.000698185758665,
        "max": 0.51123046875,
        "mean": 0.0279426686466,
        "median": 0.02294921875,
        "min": 0.0078125,
        "var": 0.00207223929465
    },
    "barkbands": {
        "dmean": [3.47448076354e-05, 0.000822614005301, 0.000743236974813, 0.000880179111846, 0.00214719003998, 0.00108122325037, 0.000791424419731, 0.00101594300941, 0.000291791890049, 0.000945073727053, 0.00023053959012, 0.000260109023657, 0.000192840147065, 8.596124826e-05, 7.43731434341e-05, 0.000104202910734, 8.07481701486e-05, 4.27735212725e-05, 1.22054316307e-05, 5.34405126018e-06, 1.50756466155e-06, 8.66888626661e-07, 4.88815373956e-07, 3.32228410116e-07, 7.79362636649e-08, 3.47535333844e-08, 5.11777642487e-09],
        "dmean2": [6.16593388258e-05, 0.00104201445356, 0.000913096999284, 0.00108800816815, 0.00322190695442, 0.00160930189304, 0.00102652644273, 0.00145428895485, 0.000402990786824, 0.00118624779861, 0.000332772178808, 0.000452712760307, 0.00032315129647, 0.000140710835694, 0.00012843539298, 0.000167805686942, 0.000133060399094, 7.03844052623e-05, 2.08323490369e-05, 8.92960088095e-06, 2.60594265455e-06, 1.53951498305e-06, 8.21181856736e-07, 5.70883742057e-07, 1.26976445358e-07, 5.83608468219e-08, 8.86881945661e-09],
        "dvar": [1.59052515603e-09, 9.18186060517e-07, 5.81514200348e-07, 2.04419188776e-06, 1.19673495647e-05, 3.95119923269e-06, 1.06795880583e-06, 1.31447304739e-05, 1.84723774055e-07, 4.31015860158e-06, 9.7295952628e-08, 6.9474896236e-07, 3.05642203102e-07, 2.74378280096e-08, 4.70529286645e-08, 4.50905197624e-08, 3.46201076695e-08, 8.27028934225e-09, 6.56135812349e-10, 1.0237247855e-10, 8.69625291916e-12, 3.50574539017e-12, 5.57559044507e-13, 3.06930235351e-13, 1.13746894052e-14, 2.32526044724e-15, 4.01542850789e-17],
        "dvar2": [4.43730918676e-09, 1.5519211729e-06, 8.38110850054e-07, 3.22431424138e-06, 2.26235206355e-05, 8.64382127475e-06, 1.74574472567e-06, 2.73490186373e-05, 3.03698385551e-07, 7.05256661604e-06, 1.94808237097e-07, 1.9054623408e-06, 8.87715771114e-07, 6.9794239721e-08, 1.39438256497e-07, 1.07236516556e-07, 8.5073189382e-08, 2.18327986801e-08, 1.86076842823e-09, 2.87880608241e-10, 2.26502427925e-11, 1.07043610087e-11, 1.57425689238e-12, 9.07291928219e-13, 2.85021504553e-14, 6.9433437915e-15, 1.05106015554e-16],
        "max": [0.000298994069453, 0.0264659672976, 0.0109274080023, 0.0511283688247, 0.116400912404, 0.0328391864896, 0.0273616779596, 0.0718661695719, 0.00585343874991, 0.0378584824502, 0.00459444522858, 0.00940470676869, 0.00716870138422, 0.00189470069017, 0.00367825105786, 0.00312528200448, 0.00258064689115, 0.00125274737366, 0.000296748243272, 0.000133288936922, 3.95964088966e-05, 2.68402145593e-05, 1.52303091454e-05, 8.57745544636e-06, 2.62142316387e-06, 9.59659473665e-07, 7.34605407615e-08],
        "mean": [4.47562015324e-05, 0.0042434586212, 0.00221600662917, 0.00219405372627, 0.0054896636866, 0.00238364655524, 0.00242517935112, 0.00176209677011, 0.000645357416943, 0.00151454051957, 0.000426055135904, 0.000398207834223, 0.000287802016828, 0.000137566574267, 0.000110762077384, 0.000192588951904, 0.000130557396915, 6.94011396263e-05, 2.7023945222e-05, 1.36054504765e-05, 4.11210658058e-06, 2.57898705058e-06, 1.98850443667e-06, 1.24635801058e-06, 4.01717500154e-07, 1.71573745433e-07, 1.0572272835e-08],
        "median": [3.05192770611e-05, 0.00264728209004, 0.00171292433515, 0.000927695189603, 0.00235632481053, 0.00123673607595, 0.00117972446606, 0.000386695872294, 0.000403060519602, 0.000450043997262, 0.000240464723902, 0.000111264431325, 9.0750909294e-05, 7.2459828516e-05, 4.77131652588e-05, 6.97586583556e-05, 4.15314898419e-05, 2.39905693888e-05, 1.06687066364e-05, 7.10246149538e-06, 1.58714146892e-06, 1.04109813037e-06, 1.00875467979e-06, 6.37686525806e-07, 2.29536510687e-07, 1.01776194583e-07, 7.5508275188e-09],
        "min": [3.93461889191e-24, 8.8579218895e-24, 6.21686606592e-24, 1.97693418009e-23, 8.71252567388e-23, 1.38854375147e-22, 9.264226592e-23, 2.93801020512e-23, 3.63884748618e-23, 3.31252002661e-23, 4.11102996288e-23, 5.53786287699e-23, 1.88767283317e-22, 1.51878456071e-22, 1.20920196758e-22, 9.19534010231e-23, 1.96091736915e-22, 9.67732401798e-23, 3.94958547655e-22, 4.60270828488e-22, 3.87059714965e-22, 5.39101837586e-22, 6.44984994961e-22, 6.95173057814e-22, 1.32727611828e-21, 1.88868154014e-21, 2.40634615205e-21],
        "var": [2.06542360992e-09, 2.3438144126e-05, 3.75509921469e-06, 2.45635983447e-05, 0.000142113742186, 1.46119573401e-05, 1.13206797323e-05, 2.41546131292e-05, 5.98528174578e-07, 1.06853412944e-05, 2.8602531188e-07, 1.13773990051e-06, 5.0111600558e-07, 4.29635775845e-08, 4.19834371712e-08, 1.06590007931e-07, 6.82340868252e-08, 1.54814063791e-08, 1.96866811741e-09, 3.13935821783e-10, 4.04548131105e-11, 1.3858618246e-11, 6.12993510118e-12, 2.07496476598e-12, 2.02309021857e-13, 2.6643680548e-14, 1.12697640988e-16]
    },
    "erbbands": {
        "dmean": [0.0140774520114, 0.219177663326, 0.66996639967, 2.08707380295, 3.04004716873, 9.06796741486, 11.7470149994, 6.26686143875, 11.8433647156, 15.2658185959, 18.5786094666, 6.67814493179, 24.5971736908, 14.2873249054, 11.5595254898, 6.71613550186, 8.94684028625, 4.04945659637, 3.2117869854, 4.59492063522, 5.05994415283, 4.20564889908, 2.64230871201, 0.827402174473, 0.495263457298, 0.280347496271, 0.104983597994, 0.0322833433747, 0.0340732559562, 0.0247248392552, 0.0136065781116, 0.0109245507047, 0.00336455390789, 0.00136189581826, 0.000475776410894, 0.000238777312916, 5.46570699953e-05, 1.21173479783e-05, 1.94175959223e-06, 4.57148007627e-06],
        "dmean2": [0.0181432664394, 0.276981055737, 0.838556945324, 2.46360301971, 4.71144676208, 13.887260437, 16.410364151, 9.49695205688, 15.2597761154, 22.0874137878, 25.5796127319, 9.23302078247, 31.2410240173, 18.8521404266, 17.9980449677, 11.3511610031, 15.1348495483, 6.63062286377, 5.48096370697, 7.72806215286, 8.1872177124, 7.18049478531, 4.35932970047, 1.33668804169, 0.844599127769, 0.474768608809, 0.181954756379, 0.0540603511035, 0.0579899400473, 0.041131451726, 0.0224946308881, 0.018761895597, 0.00576239731163, 0.00228306208737, 0.000792741135228, 0.000406486709835, 9.41304751905e-05, 2.04353200388e-05, 2.68346821031e-06, 6.3424745349e-06],
        "dvar": [0.000231192039791, 0.0655372664332, 0.512841403484, 8.18324661255, 15.2965545654, 138.356155396, 1100.89538574, 76.4116210938, 292.149291992, 789.979492188, 4021.17773438, 131.237762451, 2242.33227539, 836.094726562, 418.351928711, 323.175628662, 735.260925293, 61.9792022705, 35.5383605957, 189.872039795, 168.592834473, 105.641960144, 34.3567352295, 2.51643705368, 1.18102967739, 0.289949208498, 0.040711376816, 0.00311118504032, 0.00650271214545, 0.00200298288837, 0.000443093274953, 0.000311401119689, 3.07425507344e-05, 5.29759654455e-06, 4.24601097393e-07, 1.14786011807e-07, 5.89061155409e-09, 2.63851079874e-10, 8.05026444811e-12, 4.70728525603e-11],
        "dvar2": [0.000407730549341, 0.108939222991, 0.725579500198, 11.5160722733, 41.1096725464, 336.062286377, 1845.05151367, 171.156097412, 543.709228516, 1608.82214355, 8281.34667969, 223.243469238, 3758.81103516, 1389.02514648, 1070.57312012, 846.500549316, 2163.1472168, 152.25668335, 94.6793060303, 569.031311035, 414.618652344, 278.082611084, 91.1678009033, 7.5169172287, 3.28384423256, 0.802965819836, 0.102023288608, 0.00824691075832, 0.0195050649345, 0.00578012084588, 0.00122383178677, 0.000928338384256, 8.95028351806e-05, 1.45362646435e-05, 1.1185893527e-06, 3.51273655497e-07, 1.63472719805e-08, 6.89669821252e-10, 1.44164992444e-11, 8.91598253561e-11],
        "max": [0.337883353233, 7.2811255455, 15.5920314789, 108.737380981, 59.41065979, 270.35345459, 1072.30554199, 127.784339905, 495.39352417, 502.739776611, 1299.52990723, 170.128646851, 803.754211426, 551.342346191, 220.125152588, 221.291213989, 344.172729492, 105.482818604, 69.2491149902, 240.493881226, 210.892623901, 131.333648682, 75.4697723389, 23.5201644897, 16.4481830597, 7.17074728012, 2.76867198944, 0.783289074898, 1.20448231697, 0.685532331467, 0.408977717161, 0.273684769869, 0.101169340312, 0.042149502784, 0.016036670655, 0.0052328906022, 0.00152428774163, 0.00025775731774, 0.000101703160908, 0.000227582393563],
        "mean": [0.0602074488997, 1.16194355488, 2.62423682213, 5.91356658936, 6.88926553726, 20.6051540375, 33.1495704651, 14.8485956192, 35.2867927551, 32.7433204651, 32.9844970703, 15.841635704, 42.1004219055, 24.5814819336, 20.8395214081, 12.0774517059, 13.6123027802, 7.8398938179, 6.05147600174, 8.35744190216, 10.3778505325, 7.19305276871, 4.43869924545, 1.86875879765, 1.13476133347, 0.710489451885, 0.286699771881, 0.101007468998, 0.093350790441, 0.0761832296848, 0.0567392297089, 0.0394112989306, 0.0129154613242, 0.0056599532254, 0.00235923565924, 0.00101290433668, 0.000267511670245, 4.40686308139e-05, 1.28746678456e-05, 2.76863538602e-05],
        "median": [0.0383472032845, 0.761610925198, 2.00635528564, 3.32157206535, 5.01366233826, 9.96485137939, 7.67222976685, 9.90859413147, 17.1477584839, 16.3923835754, 10.2987575531, 9.63095378876, 16.1297683716, 10.496465683, 11.1453542709, 4.98377847672, 4.00830936432, 3.97762846947, 3.54674386978, 3.59354948997, 3.80279302597, 2.51855182648, 1.35429871082, 0.814772605896, 0.48361158371, 0.337161242962, 0.12489181757, 0.0430377870798, 0.0362540595233, 0.0346990600228, 0.0286645144224, 0.0198531299829, 0.00637025665492, 0.00304096611217, 0.00140458880924, 0.000589561765082, 0.000160750962095, 2.91608848784e-05, 9.7123102023e-06, 2.06551121664e-05],
        "min": [2.52807200929e-22, 2.10132673429e-21, 5.02382490479e-21, 4.51312650266e-20, 5.06540688644e-20, 2.60155566328e-19, 9.01628315249e-19, 1.28310126629e-18, 1.78235253565e-18, 8.06657847965e-19, 7.81343949872e-19, 6.7014848997e-19, 8.70946738763e-19, 1.6260482803e-18, 1.25889361887e-18, 3.41337444618e-18, 8.43541996915e-18, 6.67247557222e-18, 4.88241040454e-18, 9.41568276177e-18, 4.66124505621e-18, 1.10853005061e-17, 6.68315902342e-18, 1.65120668912e-17, 1.67490673716e-17, 2.37775234292e-17, 1.8342137822e-17, 1.42476798167e-17, 1.40554711665e-17, 2.1341842139e-17, 2.04008778701e-17, 1.68432501562e-17, 1.12483154709e-17, 1.51507691397e-17, 9.29302345745e-18, 7.01297289085e-18, 3.08061540218e-18, 1.33040782892e-18, 3.32993808196e-19, 3.56483340061e-20],
        "var": [0.00415656762198, 1.70952630043, 4.98158550262, 117.011955261, 49.6241378784, 1116.47387695, 10793.1113281, 298.842224121, 2839.74780273, 2075.88818359, 7555.80761719, 413.316314697, 5735.43896484, 2085.40161133, 861.144165039, 635.580627441, 1187.33691406, 138.049224854, 58.1829910278, 192.985183716, 387.466033936, 184.180770874, 67.544631958, 8.42219257355, 3.17524766922, 0.980891823769, 0.170415937901, 0.0204731337726, 0.0205045472831, 0.0103399828076, 0.00476853037253, 0.00197859574109, 0.000243109840085, 5.15494648425e-05, 5.66858261664e-06, 9.82309984465e-07, 6.50246292366e-08, 1.7745642733e-09, 1.52969276135e-10, 7.31167182355e-10]
    },
    "gfcc": {
        "mean": [-90.6784210205, 177.579208374, -116.006416321, 11.5533971786, -43.3749275208, -0.636693298817, -32.0945854187, 3.60929322243, -12.4727067947, -11.8103075027, -7.72786283493, -5.20792388916, -6.15370082855],
        "cov": [[16638.2363281, 2083.78198242, -1848.01318359, 156.509185791, -302.177215576, -56.7640991211, -234.979003906, 59.1454162598, -2.43181204796, -214.433120728, -15.20129776, -58.6194152832, 72.0507583618], [2083.78198242, 629.474121094, -99.8072738647, 2.6665327549, -23.9583835602, -15.5684986115, -14.5665388107, -0.106999248266, 26.4228610992, -23.0928459167, 23.0930175781, -34.8397483826, -3.93459320068], [-1848.01318359, -99.8072738647, 359.361206055, 3.99549603462, 53.6586723328, 13.4079856873, 46.160774231, -5.33245611191, 20.6254348755, 42.7841529846, 19.2850189209, -2.24740672112, -12.8571910858], [156.509185791, 2.6665327549, 3.99549603462, 84.6819458008, 47.4475975037, 14.2887163162, 4.94840526581, 8.4858083725, 12.1673383713, 6.14703273773, 5.00637865067, 3.8658349514, 3.68616008759], [-302.177215576, -23.9583835602, 53.6586723328, 47.4475975037, 82.7967758179, 23.0102939606, 16.7466106415, 2.41061782837, 15.8268127441, 6.62922096252, 4.29713821411, 4.93738222122, 5.0888466835], [-56.7640991211, -15.5684986115, 13.4079856873, 14.2887163162, 23.0102939606, 62.7040901184, 32.5518493652, 9.35260391235, 5.95357656479, 11.811712265, 6.5630812645, 3.57227158546, 3.66319227219], [-234.979003906, -14.5665388107, 46.160774231, 4.94840526581, 16.7466106415, 32.5518493652, 60.2560691833, 24.6494979858, 18.3916034698, 11.8805427551, 10.2620038986, -0.432694673538, 4.22011899948], [59.1454162598, -0.106999248266, -5.33245611191, 8.4858083725, 2.41061782837, 9.35260391235, 24.6494979858, 54.9005889893, 36.3379669189, 12.6132116318, -0.414429306984, 0.509487390518, 1.22728443146], [-2.43181204796, 26.4228610992, 20.6254348755, 12.1673383713, 15.8268127441, 5.95357656479, 18.3916034698, 36.3379669189, 61.8236999512, 37.1418838501, 14.855890274, -1.868942976, 0.985711395741], [-214.433120728, -23.0928459167, 42.7841529846, 6.14703273773, 6.62922096252, 11.811712265, 11.8805427551, 12.6132116318, 37.1418838501, 65.1371994019, 33.604057312, 0.804206430912, -4.18896007538], [-15.20129776, 23.0930175781, 19.2850189209, 5.00637865067, 4.29713821411, 6.5630812645, 10.2620038986, -0.414429306984, 14.855890274, 33.604057312, 55.0535392761, 19.6524543762, 3.45671319962], [-58.6194152832, -34.8397483826, -2.24740672112, 3.8658349514, 4.93738222122, 3.57227158546, -0.432694673538, 0.509487390518, -1.868942976, 0.804206430912, 19.6524543762, 44.144908905, 19.20337677], [72.0507583618, -3.93459320068, -12.8571910858, 3.68616008759, 5.0888466835, 3.66319227219, 4.22011899948, 1.22728443146, 0.985711395741, -4.18896007538, 3.45671319962, 19.20337677, 37.989654541]],
        "icov": [[0.000407695944887, -0.00108593981713, 0.00167606584728, -0.00121734139975, 0.000863937486429, -0.000297652208246, 0.000109064392745, -0.000127012957819, 0.000106182116724, -0.000263253867161, 0.000252757192357, -0.00018542043108, -0.000256428436842], [-0.00108593981713, 0.0052937422879, -0.00416213506833, 0.00282575865276, -0.00121427001432, 3.4975942981e-05, 0.000857058272231, 0.00140607228968, -0.00411152141169, 0.00539684016258, -0.00515669118613, 0.00449305260554, -0.000156520094606], [0.00167606584728, -0.00416213506833, 0.0110860783607, -0.00380271789618, 0.000501367729157, 0.00112959463149, -0.00402777083218, 0.00202713697217, 0.000588839757256, -0.00417817244306, 0.00217684195377, -0.00161366700195, 0.000858553219587], [-0.00121734139975, 0.00282575865276, -0.00380271789618, 0.0225478559732, -0.0148649550974, 8.47438495839e-05, 0.00271500344388, -0.00443445472047, 0.00229648617096, -0.00103737984318, -0.00199521635659, 0.000982189783826, 0.000462424912257], [0.000863937486429, -0.00121427001432, 0.000501367729157, -0.0148649550974, 0.0266960877925, -0.00690008280799, -0.000751122715883, 0.00776094989851, -0.0114479009062, 0.00703914370388, 8.96169949556e-05, -0.000921867322177, -0.00169917475432], [-0.000297652208246, 3.4975942981e-05, 0.00112959463149, 8.47438495839e-05, -0.00690008280799, 0.0272390954196, -0.0165765210986, 0.000674234877806, 0.00795896537602, -0.0103120096028, 0.00555118964985, -0.004516702611, 0.00149405898992], [0.000109064392745, 0.000857058272231, -0.00402777083218, 0.00271500344388, -0.000751122715883, -0.0165765210986, 0.0371586121619, -0.0159223843366, -0.00158632150851, 0.00946293585002, -0.0129796983674, 0.0108917225152, -0.00689909234643], [-0.000127012957819, 0.00140607228968, 0.00202713697217, -0.00443445472047, 0.00776094989851, 0.000674234877806, -0.0159223843366, 0.0440521761775, -0.0291141532362, 0.00509740877897, 0.00883189309388, -0.00763850705698, 0.00511890882626], [0.000106182116724, -0.00411152141169, 0.000588839757256, 0.00229648617096, -0.0114479009062, 0.00795896537602, -0.00158632150851, -0.0291141532362, 0.0535983107984, -0.0295825116336, 0.00526416068897, -0.000201590402867, -0.00379768526182], [-0.000263253867161, 0.00539684016258, -0.00417817244306, -0.00103737984318, 0.00703914370388, -0.0103120096028, 0.00946293585002, 0.00509740877897, -0.0295825116336, 0.0494971759617, -0.0293254628778, 0.0147653790191, 1.04119417301e-05], [0.000252757192357, -0.00515669118613, 0.00217684195377, -0.00199521635659, 8.96169949556e-05, 0.00555118964985, -0.0129796983674, 0.00883189309388, 0.00526416068897, -0.0293254628778, 0.0474851466715, -0.0274353884161, 0.00670353183523], [-0.00018542043108, 0.00449305260554, -0.00161366700195, 0.000982189783826, -0.000921867322177, -0.004516702611, 0.0108917225152, -0.00763850705698, -0.000201590402867, 0.0147653790191, -0.0274353884161, 0.0470280051231, -0.0198710039258], [-0.000256428436842, -0.000156520094606, 0.000858553219587, 0.000462424912257, -0.00169917475432, 0.00149405898992, -0.00689909234643, 0.00511890882626, -0.00379768526182, 1.04119417301e-05, 0.00670353183523, -0.0198710039258, 0.0372576639056]]
    },
    "melbands": {
        "dmean": [0.000181998257176, 0.00031813615351, 0.000344511994626, 0.000418712879764, 0.000409759668401, 0.000171742591192, 0.000170644183527, 0.000200175461941, 0.000135740148835, 4.16683542426e-05, 0.000133392037242, 7.35410721973e-05, 3.28813694068e-05, 3.57929202437e-05, 1.11411218313e-05, 2.23727420234e-05, 7.05507545717e-06, 6.32110186416e-06, 6.62427692077e-06, 8.29611144582e-06, 5.93397408011e-06, 5.3596095313e-06, 3.40878636962e-06, 1.65178369116e-06, 7.03658031398e-07, 5.02954094372e-07, 2.64279151452e-07, 2.17659518853e-07, 9.2861320411e-08, 3.78733737705e-08, 1.75743064545e-08, 2.07728430013e-08, 2.36529515973e-08, 1.33440867245e-08, 9.45349132309e-09, 9.03026098342e-09, 7.34005212166e-09, 3.10556158567e-09, 1.64756719379e-09, 1.33247368694e-09],
        "dmean2": [0.000230601945077, 0.000400266726501, 0.000422937388066, 0.000661040539853, 0.000568539311644, 0.00025903590722, 0.000219099223614, 0.000290113966912, 0.000186456527445, 5.83624860155e-05, 0.000168420185219, 9.52921036514e-05, 5.00892201671e-05, 6.04514716542e-05, 1.83153606486e-05, 3.783871216e-05, 1.13884652819e-05, 1.07157602542e-05, 1.13699779831e-05, 1.32504383146e-05, 9.49892910285e-06, 8.96838810149e-06, 5.76141792408e-06, 2.73158093478e-06, 1.15537250167e-06, 8.40677273573e-07, 4.58926479041e-07, 3.75407836373e-07, 1.58855513632e-07, 6.29729086654e-08, 2.91228854365e-08, 3.44947679309e-08, 4.12984633158e-08, 2.22103029301e-08, 1.53277301962e-08, 1.54962389587e-08, 1.2761769419e-08, 5.35963540216e-09, 2.85810197731e-09, 2.20900964187e-09],
        "dvar": [4.28236930361e-08, 1.12632321247e-07, 2.31968073194e-07, 2.38006123254e-07, 1.12908071515e-06, 5.98485030423e-08, 5.2665285466e-08, 2.50714691674e-07, 1.74274475739e-07, 5.65189361978e-09, 7.12665624292e-08, 2.707826674e-08, 2.08400363633e-09, 1.3062701143e-08, 3.04697267417e-10, 5.12813125297e-09, 2.16453632795e-10, 1.66482952424e-10, 3.02211089487e-10, 2.4304902535e-10, 2.18754653281e-10, 1.71203842769e-10, 6.32589883254e-11, 1.51410776278e-11, 1.88714864048e-12, 1.02679095695e-12, 3.21211780048e-13, 1.69416604768e-13, 3.11015861502e-14, 6.03569039027e-15, 8.31466016931e-16, 2.28552994333e-15, 2.4272715897e-15, 5.81134905551e-16, 2.41422521767e-16, 1.58400031576e-16, 1.50115281728e-16, 2.61181285797e-17, 6.09770622845e-18, 5.02175766412e-18],
        "dvar2": [7.3084791552e-08, 1.65308634337e-07, 3.87664471191e-07, 6.77120226555e-07, 1.8495167069e-06, 1.33915250444e-07, 9.33143127213e-08, 5.19328011706e-07, 3.56628362397e-07, 9.64360413747e-09, 1.18597185406e-07, 4.43137366801e-08, 4.89091656064e-09, 3.53829783251e-08, 8.10103817361e-10, 1.48155736568e-08, 5.03835584365e-10, 4.52724857603e-10, 8.84413819957e-10, 6.18027518051e-10, 5.34390642848e-10, 4.61015281505e-10, 1.51532147941e-10, 3.84776238649e-11, 5.58742895701e-12, 2.88550498599e-12, 8.83504695185e-13, 4.7908346127e-13, 7.62712375896e-14, 1.66625729463e-14, 2.1146133059e-15, 6.46079166254e-15, 7.34710788031e-15, 1.68369979942e-15, 6.56149625668e-16, 4.75436787497e-16, 4.45131272133e-16, 7.6945981706e-17, 1.67329952523e-17, 1.3640047828e-17],
        "max": [0.00552603788674, 0.00919848307967, 0.0170491654426, 0.00624504033476, 0.035909678787, 0.00315797701478, 0.00641536386684, 0.00961593538523, 0.00854866486043, 0.00115122005809, 0.00463203433901, 0.00313561386429, 0.000650802568998, 0.0013139215298, 0.000144843448652, 0.000947916996665, 0.000239134940784, 0.000153567976668, 0.000284948153421, 0.000185308934306, 0.000238268039539, 0.000172840154846, 0.000114584036055, 5.25505529367e-05, 1.99435362447e-05, 1.17298313853e-05, 7.27437009118e-06, 4.85651253257e-06, 2.33255468629e-06, 1.06277173018e-06, 3.83949384286e-07, 6.40685641429e-07, 6.45608338345e-07, 3.74439991901e-07, 2.62301369958e-07, 2.31774265558e-07, 1.57295175995e-07, 7.41727674836e-08, 4.28037694178e-08, 3.72702615437e-08],
        "mean": [0.000925668166019, 0.00151728466153, 0.000993343535811, 0.000904357933905, 0.00117030437104, 0.000394703936763, 0.000517998065334, 0.00038618844701, 0.000236349078477, 9.32633629418e-05, 0.000223661234486, 0.000118831107102, 5.98351107328e-05, 5.7582390582e-05, 1.80886345333e-05, 3.25521468767e-05, 1.24483613035e-05, 1.00200268207e-05, 9.74246995611e-06, 1.43588385981e-05, 1.09009642983e-05, 7.97413304099e-06, 5.21008541909e-06, 2.69741121883e-06, 1.38821951623e-06, 1.00600277619e-06, 5.66977462313e-07, 4.61585926814e-07, 2.17927549784e-07, 8.62037410343e-08, 4.59691058552e-08, 4.88493405726e-08, 5.66922935263e-08, 3.64902383865e-08, 3.25707567583e-08, 3.02330782631e-08, 2.15571009932e-08, 9.23418586041e-09, 5.87437387622e-09, 4.30467572698e-09],
        "median": [0.000581867643632, 0.0010899961926, 0.000588855938986, 0.000583170563914, 0.000306867295876, 0.000259520078544, 0.00027330336161, 0.000148996012285, 8.03396687843e-05, 5.79569677939e-05, 8.0302124843e-05, 4.02002297051e-05, 3.81185491278e-05, 1.61909119925e-05, 9.46250111156e-06, 8.50498508953e-06, 6.60653449813e-06, 5.28558121005e-06, 3.99702685172e-06, 4.89007106808e-06, 3.66228186977e-06, 2.68521625912e-06, 1.65008486874e-06, 9.32087914407e-07, 5.99520888045e-07, 4.28914120221e-07, 2.71951478226e-07, 2.0909818943e-07, 9.21621250427e-08, 3.36806209589e-08, 2.02618899436e-08, 1.96367526684e-08, 2.19667093404e-08, 1.75219998511e-08, 1.58190172073e-08, 1.6481441989e-08, 1.07910445024e-08, 4.7229073985e-09, 2.98436320101e-09, 2.27792451568e-09],
        "min": [2.82385639178e-24, 2.6924351232e-24, 7.90360687574e-24, 7.11652879616e-24, 2.94713227709e-23, 2.8392776364e-23, 2.53853530257e-23, 7.82018877932e-24, 6.78312856749e-24, 4.06562462801e-24, 4.37987407492e-24, 6.50254297084e-24, 4.53702818345e-24, 4.33525807428e-24, 2.14260916968e-23, 1.21140336282e-23, 1.39041751701e-23, 8.65172390407e-24, 1.13738194084e-23, 9.83589957497e-24, 4.80199196758e-24, 1.08377237368e-23, 9.08391318391e-24, 4.38367322904e-24, 1.4890521092e-23, 1.37161454401e-23, 8.74895889924e-24, 1.87412809143e-23, 1.33409679268e-23, 8.26847003276e-24, 8.14958790548e-24, 6.94545642026e-24, 1.14767381464e-23, 1.12783467285e-23, 1.16976231442e-23, 1.04704876861e-23, 1.09001944207e-23, 5.83161598209e-24, 1.36777105591e-23, 1.17719772288e-23],
