{
"metadata": {
    "version": {
        "essentia": "2.0.1",
        "extractor": "archive-music 1.0"
    },
    "audio_properties": {
        "analysis_sample_rate": 44100,
        "bitrate": 128,
        "channels": 2,
        "equal_loudness": 0,
        "length": 16.6138782501,
        "replay_gain": 13.4455547333,
        "downmix": "mix"
    },
    "tags": {
        "track": 0,
        "year": 0,
        "album": "",
        "artist": "",
        "comment": "",
        "genre": "",
        "title": ""
    }
},
"highlevel": {
    "culture": {
        "all": {
            "non_western": 0.00869324989617,
            "western": 0.991306722164
        },
        "probability": 0.991306722164,
        "value": "western"
    },
    "danceability": {
        "all": {
            "danceable": 0.0635686218739,
            "not_danceable": 0.936431348324
        },
        "probability": 0.936431348324,
        "value": "not_danceable"
    },
    "gender": {
        "all": {
            "female": 0.26370587945,
            "male": 0.736294090748
        },
        "probability": 0.736294090748,
        "value": "male"
    },
    "genre_dortmund": {
        "all": {
            "alternative": 0.137698441744,
            "blues": 0.0180815681815,
            "electronic": 0.0485674031079,
            "folkcountry": 0.269492417574,
            "funksoulrnb": 0.0081625347957,
            "jazz": 0.446048229933,
            "pop": 0.0540922433138,
            "raphiphop": 0.00162309373263,
            "rock": 0.016234094277
        },
        "probability": 0.446048229933,
        "value": "jazz"
    },
    "genre_electronic": {
        "all": {
            "ambient": 0.992964863777,
            "dnb": 0.000758151523769,
            "house": 0.00229342421517,
            "techno": 0.00145144120324,
            "trance": 0.00253214151599
        },
        "probability": 0.992964863777,
        "value": "ambient"
    },
    "genre_rosamerica": {
        "all": {
            "cla": 0.95727878809,
            "dan": 0.00392905529588,
            "hip": 0.00163186865393,
            "jaz": 0.00561104062945,
            "pop": 0.00779236573726,
            "rhy": 0.00684161717072,
            "roc": 0.0131182838231,
            "spe": 0.00379695231095
        },
        "probability": 0.95727878809,
        "value": "cla"
    },
    "genre_tzanetakis": {
        "all": {
            "blu": 0.0117917135358,
            "cla": 0.700054049492,
            "cou": 0.00653490005061,
            "dis": 0.00258065853268,
            "hip": 0.00510923750699,
            "jaz": 0.21256069839,
            "met": 0.00115919520613,
            "pop": 0.0270381122828,
            "reg": 0.00940469652414,
            "roc": 0.023766702041
        },
        "probability": 0.700054049492,
        "value": "cla"
    },
    "mirex_ballroom": {
        "all": {
            "ChaChaCha": 0.00011435696797,
            "Jive": 2.36965424847e-05,
            "Quickstep": 0.000150081847096,
            "Rumba-American": 0.000257350329775,
            "Rumba-International": 0.006000821013,
            "Rumba-Misc": 0.000807337055448,
            "Samba": 5.30368670297e-05,
            "Tango": 0.00087323790649,
            "VienneseWaltz": 0.0232280567288,
            "Waltz": 0.968492031097
        },
        "probability": 0.968492031097,
        "value": "Waltz"
    },
    "mood_acoustic": {
        "all": {
            "acoustic": 0.990694403648,
            "not_acoustic": 0.00930561311543
        },
        "probability": 0.990694403648,
        "value": "acoustic"
    },
    "mood_aggressive": {
        "all": {
            "aggressive": 2.95278732665e-06,
            "not_aggressive": 0.999997019768
        },
        "probability": 0.999997019768,
        "value": "not_aggressive"
    },
    "mood_electronic": {
        "all": {
            "electronic": 0.127049595118,
            "not_electronic": 0.87295037508
        },
        "probability": 0.87295037508,
        "value": "not_electronic"
    },
    "mood_happy": {
        "all": {
            "happy": 0.189451411366,
            "not_happy": 0.810548603535
        },
        "probability": 0.810548603535,
        "value": "not_happy"
    },
    "mood_party": {
        "all": {
            "not_party": 0.961753845215,
            "party": 0.0382461324334
        },
        "probability": 0.961753845215,
        "value": "not_party"
    },
    "mood_relaxed": {
        "all": {
            "not_relaxed": 0.00802533142269,
            "relaxed": 0.991974651814
        },
        "probability": 0.991974651814,
        "value": "relaxed"
    },
    "mood_sad": {
        "all": {
            "not_sad": 0.0895414724946,
            "sad": 0.910458505154
        },
        "probability": 0.910458505154,
        "value": "sad"
    },
    "moods_mirex": {
        "all": {
            "Cluster1": 0.275937944651,
            "Cluster2": 0.136521831155,
            "Cluster3": 0.467177867889,
            "Cluster4": 0.0939798802137,
            "Cluster5": 0.0263824649155
        },
        "probability": 0.467177867889,
        "value": "Cluster3"
    },
    "timbre": {
        "all": {
            "bright": 0.0726030468941,
            "dark": 0.927396953106
        },
        "probability": 0.927396953106,
        "value": "dark"
    },
    "tonal_atonal": {
        "all": {
            "atonal": 0.26976749301,
            "tonal": 0.730232536793
        },
        "probability": 0.730232536793,
        "value": "tonal"
    },
    "voice_instrumental": {
        "all": {
            "instrumental": 0.975472033024,
            "voice": 0.0245279874653
        },
        "probability": 0.975472033024,
        "value": "instrumental"
    }
},
"lowlevel": {
    "average_loudness": 0.908967018127,
    "barkbands_kurtosis": {
        "dmean": 2.6504149437,
        "dmean2": 3.87770628929,
        "dvar": 8.92806434631,
        "dvar2": 17.879447937,
        "max": 33.5284004211,
        "mean": 7.14141511917,
        "median": 5.64992141724,
        "min": -1.80147588253,
        "var": 36.0063171387
    },
    "barkbands_skewness": {
        "dmean": 0.468607187271,
        "dmean2": 0.698538124561,
        "dvar": 0.167014464736,
        "dvar2": 0.368103206158,
        "max": 4.75964593887,
        "mean": 1.77506291866,
        "median": 1.70536398888,
        "min": -2.12751293182,
        "var": 0.814899325371
    },
    "barkbands_spread": {
        "dmean": 1.87911009789,
        "dmean2": 2.60954117775,
        "dvar": 14.9795703888,
        "dvar2": 22.5259742737,
        "max": 111.990791321,
        "mean": 7.73664903641,
        "median": 6.07401704788,
        "min": 1.45874679089,
        "var": 60.0460700989
    },
    "dissonance": {
        "dmean": 0.0216405726969,
        "dmean2": 0.0346895679832,
        "dvar": 0.000322012085235,
        "dvar2": 0.000817407504655,
        "max": 0.498878002167,
        "mean": 0.42293831706,
        "median": 0.425520211458,
        "min": 0.312234342098,
        "var": 0.00115870370064
    },
    "dynamic_complexity": 3.65872073174,
    "erbbands_kurtosis": {
        "dmean": 0.778757214546,
        "dmean2": 1.1495732069,
        "dvar": 0.697233140469,
        "dvar2": 1.48660230637,
        "max": 12.0936203003,
        "mean": 1.00415921211,
        "median": 0.547774076462,
        "min": -1.69563317299,
        "var": 3.78768658638
    },
    "erbbands_skewness": {
        "dmean": 0.243093803525,
        "dmean2": 0.346216976643,
        "dvar": 0.0459866859019,
        "dvar2": 0.0904821753502,
        "max": 2.73690438271,
        "mean": 0.971563339233,
        "median": 1.02089822292,
        "min": -1.06614482403,
        "var": 0.39609721303
    },
    "erbbands_spread": {
        "dmean": 3.20939159393,
        "dmean2": 4.57100963593,
        "dvar": 13.7518424988,
        "dvar2": 27.2048511505,
        "max": 96.6967773438,
        "mean": 21.4436950684,
        "median": 19.8655948639,
        "min": 6.1771607399,
        "var": 74.9662017822
    },
    "hfc": {
        "dmean": 1.32414853573,
        "dmean2": 1.67146980762,
        "dvar": 2.77837824821,
        "dvar2": 3.88737821579,
        "max": 53.3833999634,
        "mean": 8.23548698425,
        "median": 6.46315574646,
        "min": 1.13731629989e-16,
        "var": 52.3028450012
    },
    "melbands_kurtosis": {
        "dmean": 3.31211256981,
        "dmean2": 4.7990732193,
        "dvar": 14.1182441711,
        "dvar2": 27.8234996796,
        "max": 47.6438140869,
        "mean": 10.3332042694,
        "median": 8.51610946655,
        "min": -1.31093502045,
        "var": 57.0625343323
    },
    "melbands_skewness": {
        "dmean": 0.458684384823,
        "dmean2": 0.683567225933,
        "dvar": 0.168525904417,
        "dvar2": 0.346360117197,
        "max": 5.48535680771,
        "mean": 2.22705411911,
        "median": 2.15818595886,
        "min": -0.298937141895,
        "var": 0.869532465935
    },
    "melbands_spread": {
        "dmean": 2.13032913208,
        "dmean2": 3.06529355049,
        "dvar": 27.2315216064,
        "dvar2": 34.3104095459,
        "max": 157.822769165,
        "mean": 10.0096797943,
        "median": 7.35369062424,
        "min": 1.85243177414,
        "var": 197.841964722
    },
    "pitch_salience": {
        "dmean": 0.0500045344234,
        "dmean2": 0.0760698840022,
        "dvar": 0.00201462954283,
        "dvar2": 0.00437748013064,
        "max": 0.864369452,
        "mean": 0.554101765156,
        "median": 0.559279680252,
        "min": 0.251736670732,
        "var": 0.00864042527974
    },
    "silence_rate_20dB": {
        "dmean": 0,
        "dmean2": 0,
        "dvar": 0,
        "dvar2": 0,
        "max": 1,
        "mean": 1,
        "median": 1,
        "min": 1,
        "var": 0
    },
    "silence_rate_30dB": {
        "dmean": 0.00279329600744,
        "dmean2": 0.00559440581128,
        "dvar": 0.00278547615744,
        "dvar2": 0.00556308729574,
        "max": 1,
        "mean": 0.997210621834,
        "median": 1,
        "min": 0,
        "var": 0.00278160930611
    },
    "silence_rate_60dB": {
        "dmean": 0.00279329600744,
        "dmean2": 0.00559440581128,
        "dvar": 0.0027854971122,
        "dvar2": 0.00556315714493,
        "max": 1,
        "mean": 0.06694560498,
        "median": 0,
        "min": 0,
        "var": 0.0624643974006
    },
    "spectral_centroid": {
        "dmean": 76.7849655151,
        "dmean2": 109.270484924,
        "dvar": 78696.3671875,
        "dvar2": 137208.078125,
        "max": 11114.1240234,
        "mean": 588.475219727,
        "median": 488.62979126,
        "min": 250.545471191,
        "var": 426061.15625
    },
    "spectral_complexity": {
        "dmean": 1.27653634548,
        "dmean2": 2.07272720337,
        "dvar": 1.26151371002,
        "dvar2": 3.05484390259,
        "max": 19,
        "mean": 10.9539747238,
        "median": 11,
        "min": 0,
        "var": 11.5334634781
    },
    "spectral_crest": {
        "dmean": 2.0846862793,
        "dmean2": 3.23366379738,
        "dvar": 3.50647449493,
        "dvar2": 8.09789943695,
        "max": 23.6055049896,
        "mean": 12.8041343689,
        "median": 12.4265413284,
        "min": 4.25743484497,
        "var": 17.9091625214
    },
    "spectral_decrease": {
        "dmean": 1.0302901865e-09,
        "dmean2": 1.3212305694e-09,
        "dvar": 1.54659975382e-18,
        "dvar2": 2.47918830202e-18,
        "max": 1.4438594478e-29,
        "mean": -5.32715471735e-09,
        "median": -4.24252277753e-09,
        "min": -3.08863903342e-08,
        "var": 2.03840215836e-17
    },
    "spectral_energy": {
        "dmean": 0.00399778038263,
        "dmean2": 0.00512284180149,
        "dvar": 2.32334259636e-05,
        "dvar2": 3.71305723093e-05,
        "max": 0.121414281428,
        "mean": 0.0208528488874,
        "median": 0.0165801811963,
        "min": 1.02612934366e-20,
        "var": 0.000311983254505
    },
    "spectral_energyband_high": {
        "dmean": 5.00494707012e-06,
        "dmean2": 7.50965455154e-06,
        "dvar": 2.55812593331e-10,
        "dvar2": 4.33953400991e-10,
        "max": 0.00050655240193,
        "mean": 1.39014700835e-05,
        "median": 6.52455628369e-06,
        "min": 7.17499209827e-21,
        "var": 1.08216491324e-09
    },
    "spectral_energyband_low": {
        "dmean": 0.000612753035966,
        "dmean2": 0.00104599411134,
        "dvar": 4.06717077794e-07,
        "dvar2": 1.11414783532e-06,
        "max": 0.00737708434463,
        "mean": 0.00113614590373,
        "median": 0.000894053082447,
        "min": 2.40528864929e-23,
        "var": 9.73872943177e-07
    },
    "spectral_energyband_middle_high": {
        "dmean": 0.000399461685447,
        "dmean2": 0.000529068347532,
        "dvar": 5.03301578192e-07,
        "dvar2": 8.76546152995e-07,
        "max": 0.015391134657,
        "mean": 0.00166885589715,
        "median": 0.00102400162723,
        "min": 1.58498407656e-21,
        "var": 3.38385348186e-06
    },
    "spectral_energyband_middle_low": {
        "dmean": 0.00384593266062,
        "dmean2": 0.00491584418342,
        "dvar": 2.24091800192e-05,
        "dvar2": 3.55199408659e-05,
        "max": 0.116925857961,
        "mean": 0.0182673595846,
        "median": 0.0142065118998,
        "min": 3.05411172393e-22,
        "var": 0.000282159046037
    },
    "spectral_flatness_db": {
        "dmean": 0.0141811268404,
        "dmean2": 0.0199739746749,
        "dvar": 0.000130245549371,
        "dvar2": 0.0002838318469,
        "max": 0.322477042675,
        "mean": 0.226153388619,
        "median": 0.227111682296,
        "min": 0.0542964711785,
        "var": 0.00167848181445
    },
    "spectral_flux": {
        "dmean": 0.0103231817484,
        "dmean2": 0.0173872988671,
        "dvar": 0.000104176506284,
        "dvar2": 0.000300640444038,
        "max": 0.139367908239,
        "mean": 0.0409812703729,
        "median": 0.0392700582743,
        "min": 6.69981153889e-11,
        "var": 0.000333915580995
    },
    "spectral_kurtosis": {
        "dmean": 7.74432563782,
        "dmean2": 13.5310411453,
        "dvar": 36.7823524475,
        "dvar2": 111.775817871,
        "max": 54.2082290649,
        "mean": 18.9988460541,
        "median": 17.3301410675,
        "min": -1.21667969227,
        "var": 91.8469390869
    },
    "spectral_rms": {
        "dmean": 0.000415379268816,
        "dmean2": 0.000531923957169,
        "dvar": 1.62247488333e-07,
        "dvar2": 2.77747005839e-07,
        "max": 0.0108836097643,
        "mean": 0.00414196401834,
        "median": 0.00402191327885,
        "min": 3.16401917687e-12,
        "var": 3.18839965985e-06
    },
    "spectral_rolloff": {
        "dmean": 131.484542847,
        "dmean2": 224.396682739,
        "dvar": 736356.5,
        "dvar2": 1337593,
        "max": 18992.2851562,
        "mean": 818.680969238,
        "median": 495.263671875,
        "min": 215.33203125,
        "var": 4022569.75
    },
    "spectral_skewness": {
        "dmean": 0.573168337345,
        "dmean2": 0.990845739841,
        "dvar": 0.187307864428,
        "dvar2": 0.570005774498,
        "max": 5.44015550613,
        "mean": 2.94669938087,
        "median": 2.85111427307,
        "min": -0.0237249750644,
        "var": 0.669778525829
    },
    "spectral_spread": {
        "dmean": 264591.71875,
        "dmean2": 443882.90625,
        "dvar": 1.44888509235e+12,
        "dvar2": 2.81837358285e+12,
        "max": 41500732,
        "mean": 2257266,
        "median": 2028395.125,
        "min": 1288792.75,
        "var": 5.22694426624e+12
    },
    "spectral_strongpeak": {
        "dmean": 0.307202547789,
        "dmean2": 0.501899242401,
        "dvar": 0.165380358696,
        "dvar2": 0.377508193254,
        "max": 5.14382743835,
        "mean": 0.960872709751,
        "median": 0.827122986317,
        "min": 0,
        "var": 0.542331576347
    },
    "zerocrossingrate": {
        "dmean": 0.00466731423512,
        "dmean2": 0.00624863430858,
        "dvar": 0.000565239402931,
        "dvar2": 0.0010326517513,
        "max": 0.49560546875,
        "mean": 0.0291204936802,
        "median": 0.0234375,
        "min": 0.009765625,
        "var": 0.00166359834839
    },
    "barkbands": {
        "dmean": [0.000254561804468, 0.000490657868795, 6.35675678495e-05, 0.00023016743944, 0.00293578556739, 0.000605094945058, 0.0011375163449, 0.000379661069019, 6.14001692156e-05, 0.000244265043875, 0.00012156804587, 7.01245226082e-05, 6.18152116658e-05, 4.05755163229e-05, 9.12496034289e-05, 2.43416616286e-05, 2.2148629796e-05, 2.15249510802e-05, 1.14271379061e-05, 9.61747991823e-06, 2.13837051888e-06, 5.22340485531e-07, 1.03867392909e-07, 4.8329855673e-08, 4.18234762378e-08, 4.19828580789e-08, 1.83953527966e-08],
        "dmean2": [0.000427802588092, 0.0008531222702, 0.000103623970062, 0.00025724209263, 0.00392617145553, 0.00069074286148, 0.00147168699186, 0.00035228888737, 7.84636285971e-05, 0.00031685992144, 0.000176086497959, 9.74671274889e-05, 9.8945449281e-05, 6.03691478318e-05, 0.000126465296489, 3.41868726537e-05, 3.55021766154e-05, 3.34400683641e-05, 1.59757091751e-05, 1.39612784551e-05, 3.17255717164e-06, 7.9340134107e-07, 1.64094032584e-07, 7.73453834313e-08, 6.85429668579e-08, 6.99322200148e-08, 3.13877954738e-08],
        "dvar": [9.15904223575e-08, 3.03611358277e-07, 5.82493964174e-09, 1.60775812219e-07, 1.52432894538e-05, 9.2803560392e-07, 3.65279834114e-06, 2.07954349207e-06, 6.39326191987e-09, 2.49091527849e-07, 1.90215516227e-07, 1.72424829969e-08, 1.64094178245e-08, 4.04351219174e-09, 2.96193434224e-08, 2.79235967682e-09, 1.06554831625e-09, 2.72823919012e-09, 1.06821840262e-09, 8.70272132136e-10, 1.08492312356e-10, 1.11695993166e-12, 2.28281715091e-14, 4.34413806603e-15, 1.70748861387e-15, 1.87520749017e-15, 2.92931601141e-16],
        "dvar2": [2.19409173496e-07, 8.15129681087e-07, 1.33309470129e-08, 2.28668994851e-07, 2.68965050054e-05, 1.31872479869e-06, 5.92389278609e-06, 1.67121606864e-06, 9.61570378877e-09, 4.4036272584e-07, 4.34863295595e-07, 3.11361638694e-08, 3.81320859333e-08, 9.17936748834e-09, 4.99818817445e-08, 4.94601648526e-09, 2.80208256598e-09, 6.35851771236e-09, 1.90812632361e-09, 1.34676214625e-09, 1.75856440521e-10, 2.21958866217e-12, 5.28539716063e-14, 1.15506249246e-14, 4.18718243739e-15, 4.75553858038e-15, 8.304873233e-16],
        "max": [0.00268990593031, 0.00697610294446, 0.00165489211213, 0.00594069808722, 0.0606460794806, 0.0317610278726, 0.0370674207807, 0.0567755810916, 0.00191922357772, 0.0128074474633, 0.00993403606117, 0.00442777574062, 0.00218228925951, 0.00125836022198, 0.00434809317812, 0.00130923674442, 0.000383741455153, 0.0011918861419, 0.00109380169306, 0.000873845943715, 0.000295451289276, 1.89791298908e-05, 2.63544598056e-06, 1.47004186601e-06, 6.06328569575e-07, 8.23412790396e-07, 1.5552221555e-07],
        "mean": [0.000296882702969, 0.000611639989074, 0.000137113544042, 0.000616954406723, 0.00914639886469, 0.0031374245882, 0.00328774307854, 0.00153977621812, 0.000241871122853, 0.000703183352016, 0.000251988618402, 0.000225440729992, 0.000142765915371, 9.53412236413e-05, 0.000220463422011, 5.69136827835e-05, 4.21976619691e-05, 4.26592559961e-05, 2.79477353615e-05, 2.12793238461e-05, 4.67384961667e-06, 1.38540667649e-06, 3.36008042723e-07, 1.67788385852e-07, 1.42161468375e-07, 1.67809986351e-07, 4.81742254976e-08],
        "median": [0.00017912023759, 0.000454447726952, 5.46995761397e-05, 0.000246820272878, 0.00629631057382, 0.00169558660127, 0.00148277543485, 0.000508303695824, 0.00013676234812, 0.000296431127936, 7.25285717635e-05, 7.4238225352e-05, 6.9020439696e-05, 5.07224394823e-05, 8.72617092682e-05, 1.85061944649e-05, 2.54497736023e-05, 2.00005615625e-05, 9.77060426521e-06, 8.44572423375e-06, 1.60509659963e-06, 6.64327160393e-07, 2.14579316093e-07, 1.39981864322e-07, 1.24212533592e-07, 1.644743719e-07, 4.49155379556e-08],
        "min": [4.15784473581e-25, 1.08688577101e-23, 5.57844566849e-25, 2.89393307536e-23, 4.53465710422e-23, 7.12015250762e-23, 2.79827106883e-23, 6.77457021553e-23, 2.36392898758e-23, 7.05524187689e-23, 6.87131674803e-23, 6.41637245984e-23, 1.05230611634e-22, 1.17394745818e-22, 6.86302929091e-23, 9.63549671952e-23, 1.83404038903e-22, 1.80500664741e-22, 2.2199371337e-22, 2.7253298972e-22, 3.36310488019e-22, 3.68202203285e-22, 6.28627579127e-22, 7.87515373574e-22, 1.13012087064e-21, 1.52235361988e-21, 2.3740687406e-21],
        "var": [1.20808451243e-07, 3.60282967904e-07, 5.85972763645e-08, 7.88287820797e-07, 8.3378108684e-05, 2.08081928577e-05, 2.51074925472e-05, 2.46657364187e-05, 9.22825975636e-08, 1.43680745168e-06, 3.22878918269e-07, 2.8746748626e-07, 5.68418450086e-08, 2.0082712382e-08, 1.52548608412e-07, 1.28739623406e-08, 2.3925785797e-09, 5.95611027165e-09, 6.08245054323e-09, 3.04045921773e-09, 2.9879493324e-10, 4.7348206085e-12, 1.33203791421e-13, 1.58199411822e-14, 8.90164881368e-15, 7.27797389819e-15, 7.10733540519e-16]
    },
    "erbbands": {
        "dmean": [0.0238831620663, 0.0858119055629, 0.0781489089131, 0.433933407068, 7.13738775253, 9.48675346375, 7.61213684082, 4.09190177917, 16.2604293823, 11.4487304688, 5.35492134094, 1.82520878315, 4.9411239624, 8.48001289368, 3.4694378376, 3.21553945541, 3.02221918106, 2.38687586784, 1.23849403858, 5.68689680099, 1.4141215086, 0.856137812138, 1.32001519203, 0.775154352188, 0.482055276632, 0.416084855795, 0.149584904313, 0.0466997250915, 0.0242877360433, 0.0063993902877, 0.00312517001294, 0.00133954023477, 0.000829169701319, 0.000520138419233, 0.00034203575342, 0.000210160476854, 8.93996111699e-05, 3.74783412553e-05, 2.17298384086e-06, 4.41691599917e-06],
        "dmean2": [0.0416292510927, 0.148134052753, 0.133486062288, 0.479647368193, 8.56927108765, 13.7713031769, 8.6703042984, 5.32000350952, 19.9580917358, 14.1099214554, 5.38071298599, 2.32386279106, 5.99535560608, 11.6545600891, 5.06471347809, 4.54194021225, 4.85977745056, 3.5970864296, 1.81354439259, 7.82739830017, 1.89631378651, 1.33213710785, 2.10077548027, 1.10294425488, 0.649580359459, 0.632613539696, 0.228125452995, 0.066841326654, 0.0365579091012, 0.0102226985618, 0.00504276296124, 0.00217316090129, 0.00135942921042, 0.000821767549496, 0.000571604236029, 0.000346698594512, 0.000148609760799, 6.22599691269e-05, 2.96071129924e-06, 5.65152868148e-06],
        "dvar": [0.000739908602554, 0.00869000144303, 0.00656991032884, 0.496193051338, 162.627883911, 162.755432129, 176.055419922, 44.8048553467, 692.012268066, 780.632507324, 130.425430298, 4.78072023392, 69.7306442261, 648.998840332, 53.1597671509, 21.4673843384, 39.0982437134, 12.34532547, 4.11490106583, 119.033149719, 10.2603826523, 1.43873667717, 12.2969484329, 4.36120319366, 2.12740278244, 0.845946729183, 0.381296604872, 0.025428969413, 0.00300370226614, 0.000151029205881, 2.47249372478e-05, 4.46537842436e-06, 8.95714435956e-07, 3.35440574872e-07, 1.21631288152e-07, 4.86264397637e-08, 7.22021731292e-09, 1.15298282033e-09, 5.71275492189e-12, 2.82981502814e-11],
        "dvar2": [0.00206044246443, 0.0233876723796, 0.0172750279307, 0.694394946098, 242.307800293, 318.090942383, 190.426635742, 102.365333557, 933.088562012, 817.660217285, 111.244216919, 7.53935194016, 103.757583618, 1306.20666504, 132.78338623, 41.0106773376, 92.5626754761, 28.8251285553, 8.76586723328, 201.582336426, 17.0929527283, 3.69743466377, 29.3372478485, 7.61487579346, 2.72625374794, 1.81022453308, 0.630158960819, 0.0386251285672, 0.00663587916642, 0.000353671581252, 5.9348942159e-05, 1.10122018668e-05, 2.37338986153e-06, 7.86215764492e-07, 3.30614909672e-07, 1.26967321989e-07, 1.8311505201e-08, 3.3750617856e-09, 9.63854343561e-12, 4.5007313848e-11],
        "max": [0.311090618372, 1.13600814342, 1.11487674713, 11.2988653183, 205.616622925, 216.783966064, 412.239074707, 180.49420166, 555.09197998, 1074.97106934, 420.088195801, 52.8686294556, 173.101867676, 527.125915527, 115.086898804, 123.668830872, 107.03793335, 69.2258911133, 47.3868675232, 255.211624146, 89.8683624268, 14.8469076157, 84.6411514282, 71.7347259521, 37.1176185608, 21.84557724, 18.1457214355, 4.66414642334, 1.00579082966, 0.255072444677, 0.0797252953053, 0.0533241853118, 0.0164036154747, 0.00953266676515, 0.00479356292635, 0.00355111155659, 0.00140489649493, 0.000540766573977, 6.57107884763e-05, 0.000136439164635],
        "mean": [0.0273537673056, 0.101827263832, 0.157566219568, 1.36847102642, 15.7557229996, 33.9435310364, 36.9319572449, 16.5303039551, 50.812046051, 39.5037307739, 22.228685379, 8.31576061249, 15.5794992447, 20.8701248169, 10.0618944168, 9.7163105011, 7.3537197113, 6.06972551346, 3.68608355522, 13.5430288315, 3.71866083145, 2.01802492142, 2.61275744438, 1.74981987476, 1.2730486393, 0.968389213085, 0.35243421793, 0.11214273423, 0.0607529468834, 0.01861291565, 0.00968844164163, 0.00438244221732, 0.00270445365459, 0.00173110677861, 0.000982094556093, 0.000593651086092, 0.000335733784596, 0.000120735632663, 1.34644878926e-05, 2.3441227313e-05],
        "median": [0.0190323609859, 0.0669906884432, 0.103174954653, 0.556364774704, 7.94872140884, 20.8243770599, 16.0943965912, 9.93692588806, 26.4937496185, 11.9565191269, 12.766541481, 6.07914495468, 10.0153121948, 4.05805397034, 3.04282927513, 4.6124124527, 3.78480100632, 3.7294895649, 2.24160051346, 4.99937868118, 1.83824050426, 1.42982196808, 1.28623080254, 0.723971605301, 0.375458180904, 0.419149518013, 0.140718266368, 0.0517775267363, 0.0284562837332, 0.0106389624998, 0.00615165941417, 0.00334246619605, 0.00227037561126, 0.00145498570055, 0.000891557196155, 0.000563395558856, 0.000329330039676, 0.000118716612633, 1.16805085781e-05, 1.87523219211e-05],
        "min": [2.16736592836e-22, 2.67636023948e-21, 3.91685206563e-21, 5.56148228631e-20, 9.94624263636e-20, 1.41928929047e-19, 2.9420487943e-19, 4.52866806314e-19, 3.63230490759e-19, 1.02484348493e-18, 1.06286711654e-18, 4.68607949974e-19, 1.00589732659e-18, 3.42587004331e-18, 1.9470659091e-18, 2.63201426289e-18, 3.67135264049e-18, 6.03815749615e-18, 4.47524026058e-18, 3.80526615063e-18, 6.56046042803e-18, 9.01896280408e-18, 1.10261959698e-17, 1.065246667e-17, 1.15465819106e-17, 1.31939708303e-17, 1.12353973913e-17, 1.50104809622e-17, 1.30458161652e-17, 1.82899046751e-17, 2.00973853034e-17, 1.18141491961e-17, 1.57954852896e-17, 1.32326076095e-17, 7.95144651891e-18, 5.70928992335e-18, 2.17728805795e-18, 1.07021723666e-18, 3.34035771425e-19, 3.38738183347e-20],
        "var": [0.000810341269244, 0.0111061921343, 0.0291058532894, 3.77708935738, 569.266784668, 1270.50415039, 3660.39599609, 459.065460205, 5409.21142578, 9636.11132812, 1513.8717041, 68.4368209839, 414.698883057, 2258.74633789, 319.5234375, 262.40637207, 130.447067261, 60.4648933411, 22.2936229706, 554.799560547, 46.2775115967, 4.01582098007, 25.9739170074, 23.5194339752, 10.9455442429, 3.05209970474, 1.18230366707, 0.0842979848385, 0.0103181218728, 0.000570559583139, 0.000113407280878, 1.68416027009e-05, 3.69614986084e-06, 1.64698781191e-06, 4.01444424369e-07, 1.33315822382e-07, 2.98997591131e-08, 3.59043461629e-09, 7.99682958741e-11, 3.88793996997e-10]
    },
    "gfcc": {
        "mean": [-109.596824646, 171.003982544, -122.420066833, -2.20457625389, -41.5636177063, -27.3216819763, -35.6896858215, -7.30550384521, -21.5649490356, 1.36520028114, -10.3493795395, -0.209776729345, -1.34977531433],
        "cov": [[12040.8925781, 2803.56665039, -1170.04016113, -65.5340652466, -336.800323486, -481.644714355, -102.739723206, -297.69418335, -259.293029785, -173.415725708, -64.7175521851, -124.718338013, 12.6268548965], [2803.56665039, 917.53894043, -131.170303345, -80.4384918213, -25.2669048309, -127.83114624, -53.8093795776, -62.7393608093, -34.8116264343, -46.9184913635, -33.8707580566, -47.9393157959, 0.359004020691], [-1170.04016113, -131.170303345, 398.032897949, -43.4660072327, 52.674407959, 34.1480026245, -41.1276359558, 10.2352838516, 25.8742599487, 2.89258384705, -26.177947998, -14.1624889374, -8.25357818604], [-65.5340652466, -80.4384918213, -43.4660072327, 132.750549316, 28.3065853119, 0.648609936237, 27.4067554474, 2.11687970161, 5.25317287445, 5.20763635635, 11.3289546967, 2.89572405815, -1.68372941017], [-336.800323486, -25.2669048309, 52.674407959, 28.3065853119, 108.412406921, 47.9460716248, -15.9137716293, 17.4325828552, 18.8123149872, 3.19883584976, -26.1287288666, -7.45841026306, -5.24323749542], [-481.644714355, -127.83114624, 34.1480026245, 0.648609936237, 47.9460716248, 92.9976730347, 23.0285110474, 31.2479305267, 13.2191305161, 11.5310602188, -7.73188734055, 14.4713602066, 2.43607187271], [-102.739723206, -53.8093795776, -41.1276359558, 27.4067554474, -15.9137716293, 23.0285110474, 73.7669830322, 24.2508926392, -5.29402828217, 5.18510198593, 30.511882782, 20.5493240356, -2.25754570961], [-297.69418335, -62.7393608093, 10.2352838516, 2.11687970161, 17.4325828552, 31.2479305267, 24.2508926392, 86.9887695312, 44.6729049683, 20.1095085144, -0.564846932888, 12.9990358353, 3.94247698784], [-259.293029785, -34.8116264343, 25.8742599487, 5.25317287445, 18.8123149872, 13.2191305161, -5.29402828217, 44.6729049683, 80.3226242065, 35.5053367615, -11.7316255569, -3.04493165016, 18.2126483917], [-173.415725708, -46.9184913635, 2.89258384705, 5.20763635635, 3.19883584976, 11.5310602188, 5.18510198593, 20.1095085144, 35.5053367615, 69.3724441528, 26.8879928589, 4.76042604446, -0.211436390877], [-64.7175521851, -33.8707580566, -26.177947998, 11.3289546967, -26.1287288666, -7.73188734055, 30.511882782, -0.564846932888, -11.7316255569, 26.8879928589, 73.1504745483, 27.896282196, -12.1259565353], [-124.718338013, -47.9393157959, -14.1624889374, 2.89572405815, -7.45841026306, 14.4713602066, 20.5493240356, 12.9990358353, -3.04493165016, 4.76042604446, 27.896282196, 56.0227394104, 16.0709953308], [12.6268548965, 0.359004020691, -8.25357818604, -1.68372941017, -5.24323749542, 2.43607187271, -2.25754570961, 3.94247698784, 18.2126483917, -0.211436390877, -12.1259565353, 16.0709953308, 47.040763855]],
        "icov": [[0.000878682301845, -0.00258885906078, 0.00143789907452, -0.00165934627876, 0.00268151075579, -0.00126991781872, 0.00148799875751, -8.73692624737e-05, 0.00151536962949, -0.000688506348524, 0.00111642142292, -0.000110163011414, 0.000155802365043], [-0.00258885906078, 0.0093998266384, -0.00354586588219, 0.00667657051235, -0.00976053345948, 0.00682258885354, -0.00527276657522, 0.000732786604203, -0.00437228288502, 0.00231396313757, -0.00288288621232, 0.00099955801852, -0.000897118356079], [0.00143789907452, -0.00354586588219, 0.0056674988009, -0.00104032002855, 0.00269898935221, -0.0019128251588, 0.00351589359343, 0.000231908081332, 0.00131977279671, -0.000384082755772, 0.00154167017899, 0.000226081319852, 0.000954909890424], [-0.00165934627876, 0.00667657051235, -0.00104032002855, 0.0154951466247, -0.0129881631583, 0.00925083644688, -0.0102012539282, 0.00293505401351, -0.00462747877464, 0.00142939365469, -0.0023526775185, 0.00099544483237, -0.001044277451], [0.00268151075579, -0.00976053345948, 0.00269898935221, -0.0129881631583, 0.0285365711898, -0.0174594521523, 0.0138050848618, -0.00247614015825, 0.00325307808816, -0.00156967283692, 0.0057747932151, -0.00119387905579, 0.00494825467467], [-0.00126991781872, 0.00682258885354, -0.0019128251588, 0.00925083644688, -0.0174594521523, 0.0287314523011, -0.0147850252688, -0.000563414534554, 0.000226816759096, -0.0040023252368, 0.00597902946174, -0.00452983519062, -0.000828968826681], [0.00148799875751, -0.00527276657522, 0.00351589359343, -0.0102012539282, 0.0138050848618, -0.0147850252688, 0.0317038111389, -0.00905184820294, 0.00572041608393, 0.00331165478565, -0.00891325436532, 0.000907658599317, -0.000330467591994], [-8.73692624737e-05, 0.000732786604203, 0.000231908081332, 0.00293505401351, -0.00247614015825, -0.000563414534554, -0.00905184820294, 0.0226196143776, -0.0140243396163, 0.000498082721606, 0.00388019927777, -0.00627767201513, 0.00616355892271], [0.00151536962949, -0.00437228288502, 0.00131977279671, -0.00462747877464, 0.00325307808816, 0.000226816759096, 0.00572041608393, -0.0140243396163, 0.0331332311034, -0.0151999536902, 0.0062903300859, 0.00499056559056, -0.0114866159856], [-0.000688506348524, 0.00231396313757, -0.000384082755772, 0.00142939365469, -0.00156967283692, -0.0040023252368, 0.00331165478565, 0.000498082721606, -0.0151999536902, 0.0285569969565, -0.0170333925635, 0.00493161706254, 0.00023807308753], [0.00111642142292, -0.00288288621232, 0.00154167017899, -0.0023526775185, 0.0057747932151, 0.00597902946174, -0.00891325436532, 0.00388019927777, 0.0062903300859, -0.0170333925635, 0.0369789339602, -0.0181469675153, 0.0127097088844], [-0.000110163011414, 0.00099955801852, 0.000226081319852, 0.00099544483237, -0.00119387905579, -0.00452983519062, 0.000907658599317, -0.00627767201513, 0.00499056559056, 0.00493161706254, -0.0181469675153, 0.034543775022, -0.017620947212], [0.000155802365043, -0.000897118356079, 0.000954909890424, -0.001044277451, 0.00494825467467, -0.000828968826681, -0.000330467591994, 0.00616355892271, -0.0114866159856, 0.00023807308753, 0.0127097088844, -0.017620947212, 0.0351599752903]]
    },
    "melbands": {
        "dmean": [0.00017204816686, 6.05186978646e-05, 0.00022972052102, 0.000679290096741, 0.000283420959022, 0.000102093465102, 0.000257562031038, 0.000116886352771, 3.7088553654e-05, 1.1726023331e-05, 2.45168048423e-05, 3.47520144715e-05, 1.23129138956e-05, 1.03745314846e-05, 4.96404982187e-06, 6.85650729793e-06, 4.86991439175e-06, 1.45445108046e-06, 6.75581350151e-06, 5.04675244883e-06, 1.57277941071e-06, 8.93496235221e-07, 1.80960580565e-06, 6.45996010462e-07, 7.18640478681e-07, 3.59570520914e-07, 3.98717020289e-07, 2.55281776163e-07, 1.23144687336e-07, 6.82193004309e-08, 1.91718161346e-08, 1.59457620441e-08, 8.41376657235e-09, 2.71294142706e-09, 2.29364016668e-09, 1.57796231637e-09, 7.7281120392e-10, 6.681818987e-10, 5.94403137821e-10, 5.08881603523e-10],
        "dmean2": [0.000297496211715, 0.000105577710201, 0.000248596479651, 0.000919168582186, 0.000362393446267, 0.000128237355966, 0.000325042521581, 0.000139137424412, 3.74668379663e-05, 1.46524107549e-05, 2.96905745927e-05, 4.80148119095e-05, 1.78485661309e-05, 1.46512311403e-05, 7.21333299225e-06, 1.133351725e-05, 7.20126809028e-06, 2.24447671826e-06, 9.34407944442e-06, 6.92586309015e-06, 2.25006465371e-06, 1.43362217386e-06, 2.86378849523e-06, 1.0201429177e-06, 1.03333104562e-06, 5.16627096658e-07, 5.47637682757e-07, 4.05126343139e-07, 1.91723117382e-07, 9.9842040413e-08, 2.89286887778e-08, 2.4467619042e-08, 1.36911211257e-08, 4.35217462069e-09, 3.68552255381e-09, 2.5776840662e-09, 1.29343380451e-09, 1.1219949414e-09, 9.73047753483e-10, 8.22095058695e-10],
        "dvar": [3.73386619401e-08, 3.91582233306e-09, 1.98886283442e-07, 9.25770564209e-07, 2.09674254847e-07, 2.47916851492e-08, 1.75437079974e-07, 1.14055026756e-07, 4.72261207918e-09, 2.31571650744e-10, 1.73277892035e-09, 1.08500675111e-08, 9.9087171801e-10, 3.71443126257e-10, 7.48349091029e-11, 1.90026397395e-10, 5.97396229707e-11, 5.30965592674e-12, 1.72290778866e-10, 7.23156950988e-11, 1.5097640152e-11, 1.13859865546e-12, 1.1085764251e-11, 3.80463672719e-12, 4.14192595152e-12, 1.19462350168e-12, 2.07823320185e-12, 2.54063751374e-13, 1.31963667424e-13, 1.6379794385e-13, 1.34841874791e-15, 1.31400972849e-15, 3.78869975782e-16, 1.83024612768e-17, 1.46188870427e-17, 7.549582325e-18, 1.11304161775e-18, 5.68264447126e-19, 4.4225046014e-19, 3.48248647203e-19],
        "dvar2": [1.0255109828e-07, 1.06297424196e-08, 2.68466749276e-07, 1.68494136688e-06, 2.80091626337e-07, 5.43363896099e-08, 2.59426485627e-07, 1.0670338213e-07, 4.13128775634e-09, 3.42298578371e-10, 2.60545340858e-09, 2.13813073913e-08, 2.3000166216e-09, 6.63628374475e-10, 1.42830650085e-10, 4.75586736659e-10, 1.34209740543e-10, 1.14831408271e-11, 3.02125741092e-10, 1.26969129655e-10, 2.61406365304e-11, 2.76917789914e-12, 2.85405761524e-11, 8.75494295116e-12, 7.66308197453e-12, 2.10952826388e-12, 2.54503362829e-12, 6.61098508836e-13, 2.57079703662e-13, 2.38000103566e-13, 2.79508230627e-15, 3.11277302457e-15, 9.39767808386e-16, 4.31607458071e-17, 3.6559377989e-17, 1.74453764307e-17, 2.99065764941e-18, 1.54048626871e-18, 1.11861288597e-18, 8.59297812691e-19],
        "max": [0.00233095907606, 0.000544984592125, 0.00703815836459, 0.0136311184615, 0.0115556009114, 0.00425135716796, 0.00858774594963, 0.0133364535868, 0.0023462807294, 0.000364265753888, 0.000852785888128, 0.00225689844228, 0.00065082142828, 0.000690143264364, 0.000205758493394, 0.000251924211625, 0.000154209148604, 3.40437327395e-05, 0.000358096585842, 0.000171714287717, 0.000110618464532, 1.00329771158e-05, 5.94704470132e-05, 4.75558372273e-05, 6.79853255861e-05, 2.32154579862e-05, 4.43421231466e-05, 7.82793995313e-06, 9.78530806606e-06, 1.10713745016e-05, 6.81515473389e-07, 6.14446378222e-07, 4.08600755009e-07, 6.35414707517e-08, 5.08860331649e-08, 6.28452951901e-08, 2.05378594131e-08, 1.29778578994e-08, 1.07387849724e-08, 8.56423909568e-09],
        "mean": [0.00022254511714, 9.6141047834e-05, 0.000537204323336, 0.0018932686653, 0.00129835039843, 0.000426314625656, 0.00078410434071, 0.000414908310631, 0.000148393955897, 4.75569322589e-05, 7.58246751502e-05, 8.45298272907e-05, 3.06893198285e-05, 3.34979595209e-05, 1.26704408103e-05, 1.55825509864e-05, 1.13484866233e-05, 3.86879491998e-06, 1.66748868651e-05, 1.18076204672e-05, 3.38138829648e-06, 1.78052823685e-06, 3.30850593855e-06, 1.34175706989e-06, 1.46136335388e-06, 8.92519494755e-07, 8.76189517385e-07, 5.69037467812e-07, 2.50534952784e-07, 1.30641041096e-07, 4.16756193999e-08, 3.61962477768e-08, 1.97131306834e-08, 6.90550150395e-09, 5.95125948522e-09, 4.03453626063e-09, 2.09411510355e-09, 1.87017090703e-09, 1.66415392577e-09, 1.39758982165e-09],
        "median": [0.000168764978298, 6.98054209352e-05, 0.000234183840803, 0.00124836456962, 0.000671752262861, 0.000246395851718, 0.000408259395044, 0.000113044909085, 9.15162672754e-05, 2.83135777863e-05, 4.68507896585e-05, 1.30661865114e-05, 9.42099450185e-06, 1.24701073219e-05, 8.49564457894e-06, 8.45253634907e-06, 6.20782839178e-06, 2.51385108641e-06, 6.68654865876e-06, 4.82927089251e-06, 1.33493676913e-06, 1.24085329389e-06, 1.66260167589e-06, 6.7910184498e-07, 5.38780966508e-07, 1.96681142484e-07, 3.00142886545e-07, 2.6204136816e-07, 1.01610403647e-07, 3.87492029574e-08, 2.29735555024e-08, 1.59319206716e-08, 9.41368760721e-09, 4.36350733324e-09, 3.59860852228e-09, 2.56661736309e-09, 1.64583102702e-09, 1.52827839273e-09, 1.39620148776e-09, 1.13867115736e-09],
        "min": [2.57581466014e-24, 2.51841654903e-24, 1.25631889395e-23, 6.64993650339e-24, 1.18783969315e-23, 1.04572584887e-23, 5.91798402387e-24, 1.23798608206e-23, 8.00895924963e-24, 3.05525473605e-24, 4.20015302248e-24, 1.40902832348e-23, 7.6991767276e-24, 6.97455671019e-24, 7.65185769506e-24, 9.13068790242e-24, 1.08622375894e-23, 5.9560161914e-24, 4.9207774594e-24, 5.37795903601e-24, 8.5201292833e-24, 8.58256999053e-24, 1.23612350258e-23, 9.61871196827e-24, 8.20038029259e-24, 8.42575864207e-24, 9.05284153057e-24, 8.80259355219e-24, 6.63282689922e-24, 7.01296792539e-24, 9.54339389562e-24, 6.87753865176e-24, 7.27279267516e-24, 9.90959496074e-24, 1.25534039089e-23, 8.06734047865e-24, 6.98569227073e-24, 1.10416837238e-23, 1.03277062289e-23, 1.16535329194e-23],
