{
"metadata": {
    "version": {
        "essentia": "2.0.1",
        "extractor": "archive-music 1.0"
    },
    "audio_properties": {
        "analysis_sample_rate": 44100,
        "bitrate": 128,
        "channels": 2,
        "equal_loudness": 0,
        "length": 16.1436729431,
        "replay_gain": -9.04106140137,
        "downmix": "mix"
    },
    "tags": {
        "track": 0,
        "year": 0,
        "album": "",
        "artist": "",
        "comment": "",
        "genre": "",
        "title": ""
    }
},
"highlevel": {
    "culture": {
        "all": {
            "non_western": 1.30984001423e-10,
            "western": 1
        },
        "probability": 1,
        "value": "western"
    },
    "danceability": {
        "all": {
            "danceable": 0.38096717,
            "not_danceable": 0.619032800198
        },
        "probability": 0.619032800198,
        "value": "not_danceable"
    },
    "gender": {
        "all": {
            "female": 0.402648836374,
            "male": 0.597351193428
        },
        "probability": 0.597351193428,
        "value": "male"
    },
    "genre_dortmund": {
        "all": {
            "alternative": 0.0688899457455,
            "blues": 0.0927125737071,
            "electronic": 0.0381449349225,
            "folkcountry": 0.0432496331632,
            "funksoulrnb": 0.0722602680326,
            "jazz": 0.485354185104,
            "pop": 0.0254000797868,
            "raphiphop": 0.00857069902122,
            "rock": 0.165417671204
        },
        "probability": 0.485354185104,
        "value": "jazz"
    },
    "genre_electronic": {
        "all": {
            "ambient": 0.95509827137,
            "dnb": 0.0195242483169,
            "house": 0.0176382064819,
            "techno": 0.00193105323706,
            "trance": 0.00580819742754
        },
        "probability": 0.95509827137,
        "value": "ambient"
    },
    "genre_rosamerica": {
        "all": {
            "cla": 0.67268794775,
            "dan": 0.00633756350726,
            "hip": 0.00742083741352,
            "jaz": 0.0479531846941,
            "pop": 0.0942108258605,
            "rhy": 0.0853188633919,
            "roc": 0.0828257352114,
            "spe": 0.00324502703734
        },
        "probability": 0.67268794775,
        "value": "cla"
    },
    "genre_tzanetakis": {
        "all": {
            "blu": 0.012647212483,
            "cla": 0.574793934822,
            "cou": 0.0618569031358,
            "dis": 0.0494658797979,
            "hip": 0.0163701083511,
            "jaz": 0.0413183569908,
            "met": 0.00838543847203,
            "pop": 0.129061952233,
            "reg": 0.0207863934338,
            "roc": 0.0853138118982
        },
        "probability": 0.574793934822,
        "value": "cla"
    },
    "mirex_ballroom": {
        "all": {
            "ChaChaCha": 0.00253517623059,
            "Jive": 0.00104226823896,
            "Quickstep": 0.00738817686215,
            "Rumba-American": 0.00349423824809,
            "Rumba-International": 0.00228478619829,
            "Rumba-Misc": 0.000992161105387,
            "Samba": 0.00110544532072,
            "Tango": 0.804122328758,
            "VienneseWaltz": 0.08035120368,
            "Waltz": 0.0966841951013
        },
        "probability": 0.804122328758,
        "value": "Tango"
    },
    "mood_acoustic": {
        "all": {
            "acoustic": 0.430257767439,
            "not_acoustic": 0.569742262363
        },
        "probability": 0.569742262363,
        "value": "not_acoustic"
    },
    "mood_aggressive": {
        "all": {
            "aggressive": 0.0450313054025,
            "not_aggressive": 0.954968690872
        },
        "probability": 0.954968690872,
        "value": "not_aggressive"
    },
    "mood_electronic": {
        "all": {
            "electronic": 0.640239179134,
            "not_electronic": 0.359760791063
        },
        "probability": 0.640239179134,
        "value": "electronic"
    },
    "mood_happy": {
        "all": {
            "happy": 0.542539417744,
            "not_happy": 0.457460552454
        },
        "probability": 0.542539417744,
        "value": "happy"
    },
    "mood_party": {
        "all": {
            "not_party": 0.743846237659,
            "party": 0.256153732538
        },
        "probability": 0.743846237659,
        "value": "not_party"
    },
    "mood_relaxed": {
        "all": {
            "not_relaxed": 0.485740870237,
            "relaxed": 0.514259159565
        },
        "probability": 0.514259159565,
        "value": "relaxed"
    },
    "mood_sad": {
        "all": {
            "not_sad": 0.165181517601,
            "sad": 0.834818482399
        },
        "probability": 0.834818482399,
        "value": "sad"
    },
    "moods_mirex": {
        "all": {
            "Cluster1": 0.236475214362,
            "Cluster2": 0.0965002253652,
            "Cluster3": 0.457120656967,
            "Cluster4": 0.122140742838,
            "Cluster5": 0.0877631679177
        },
        "probability": 0.457120656967,
        "value": "Cluster3"
    },
    "timbre": {
        "all": {
            "bright": 0.0492142476141,
            "dark": 0.950785756111
        },
        "probability": 0.950785756111,
        "value": "dark"
    },
    "tonal_atonal": {
        "all": {
            "atonal": 0.00600666413084,
            "tonal": 0.993993341923
        },
        "probability": 0.993993341923,
        "value": "tonal"
    },
    "voice_instrumental": {
        "all": {
            "instrumental": 0.885731518269,
            "voice": 0.114268481731
        },
        "probability": 0.885731518269,
        "value": "instrumental"
    }
},
"lowlevel": {
    "average_loudness": 0.675659120083,
    "barkbands_kurtosis": {
        "dmean": 0.749163329601,
        "dmean2": 1.20248818398,
        "dvar": 0.972479522228,
        "dvar2": 2.58868479729,
        "max": 12.4894123077,
        "mean": 0.626460194588,
        "median": 0.254695415497,
        "min": -1.53382110596,
        "var": 2.18618440628
    },
    "barkbands_skewness": {
        "dmean": 0.309689551592,
        "dmean2": 0.487651228905,
        "dvar": 0.0831345394254,
        "dvar2": 0.19008345902,
        "max": 2.87234926224,
        "mean": 0.614034175873,
        "median": 0.626813352108,
        "min": -2.02035260201,
        "var": 0.297180473804
    },
    "barkbands_spread": {
        "dmean": 2.89207720757,
        "dmean2": 4.47000074387,
        "dvar": 14.4146728516,
        "dvar2": 35.687171936,
        "max": 78.2819976807,
        "mean": 16.0686569214,
        "median": 15.2884864807,
        "min": 4.85099649429,
        "var": 36.1355361938
    },
    "dissonance": {
        "dmean": 0.0220700185746,
        "dmean2": 0.0366450361907,
        "dvar": 0.000352532428224,
        "dvar2": 0.000949298206251,
        "max": 0.498035043478,
        "mean": 0.451125502586,
        "median": 0.454726457596,
        "min": 0.311164319515,
        "var": 0.000662871752866
    },
    "dynamic_complexity": 4.05907154083,
    "erbbands_kurtosis": {
        "dmean": 0.734012782574,
        "dmean2": 1.14558041096,
        "dvar": 0.498144298792,
        "dvar2": 1.23497414589,
        "max": 5.8635597229,
        "mean": 0.474749714136,
        "median": 0.316168069839,
        "min": -1.58795726299,
        "var": 1.08936989307
    },
    "erbbands_skewness": {
        "dmean": 0.271529614925,
        "dmean2": 0.398624569178,
        "dvar": 0.0482314378023,
        "dvar2": 0.109899275005,
        "max": 1.86332011223,
        "mean": 0.343916982412,
        "median": 0.341491580009,
        "min": -1.2207750082,
        "var": 0.243280306458
    },
    "erbbands_spread": {
        "dmean": 3.92432594299,
        "dmean2": 6.15735673904,
        "dvar": 19.9650115967,
        "dvar2": 52.3389778137,
        "max": 84.3801422119,
        "mean": 20.6019954681,
        "median": 19.7254638672,
        "min": 7.75416755676,
        "var": 38.060760498
    },
    "hfc": {
        "dmean": 3.29785370827,
        "dmean2": 5.05895376205,
        "dvar": 26.1486167908,
        "dvar2": 54.3020553589,
        "max": 115.549728394,
        "mean": 17.3128833771,
        "median": 10.9993257523,
        "min": 1.19386554293e-16,
        "var": 270.599151611
    },
    "melbands_kurtosis": {
        "dmean": 1.3211568594,
        "dmean2": 2.12678265572,
        "dvar": 3.06423354149,
        "dvar2": 7.66488218307,
        "max": 23.0537757874,
        "mean": 1.91743969917,
        "median": 1.40994691849,
        "min": -1.39768207073,
        "var": 5.63196611404
    },
    "melbands_skewness": {
        "dmean": 0.365226835012,
        "dmean2": 0.583631515503,
        "dvar": 0.119406953454,
        "dvar2": 0.306533873081,
        "max": 4.31135654449,
        "mean": 1.04767072201,
        "median": 1.0164129734,
        "min": -0.590631961823,
        "var": 0.33326125145
    },
    "melbands_spread": {
        "dmean": 4.33551359177,
        "dmean2": 6.54874181747,
        "dvar": 42.567779541,
        "dvar2": 61.5843467712,
        "max": 178.66217041,
        "mean": 24.104675293,
        "median": 22.8941345215,
        "min": 6.9076833725,
        "var": 168.719573975
    },
    "pitch_salience": {
        "dmean": 0.0537024848163,
        "dmean2": 0.0893707349896,
        "dvar": 0.00179729668889,
        "dvar2": 0.00480691716075,
        "max": 0.977056622505,
        "mean": 0.551037728786,
        "median": 0.549827814102,
        "min": 0.327207326889,
        "var": 0.00539943575859
    },
    "silence_rate_20dB": {
        "dmean": 0,
        "dmean2": 0,
        "dvar": 0,
        "dvar2": 0,
        "max": 1,
        "mean": 1,
        "median": 1,
        "min": 1,
        "var": 0
    },
    "silence_rate_30dB": {
        "dmean": 0.00287356320769,
        "dmean2": 0.00575539562851,
        "dvar": 0.00286528142169,
        "dvar2": 0.00572228292003,
        "max": 1,
        "mean": 0.992826402187,
        "median": 1,
        "min": 0,
        "var": 0.00712216971442
    },
    "silence_rate_60dB": {
        "dmean": 0.00287356320769,
        "dmean2": 0.00575539562851,
        "dvar": 0.0028653300833,
        "dvar2": 0.00572228617966,
        "max": 1,
        "mean": 0.0774748921394,
        "median": 0,
        "min": 0,
        "var": 0.0714725703001
    },
    "spectral_centroid": {
        "dmean": 154.691955566,
        "dmean2": 236.311508179,
        "dvar": 102104.242188,
        "dvar2": 121428.554688,
        "max": 11179.6240234,
        "mean": 1206.83154297,
        "median": 1165.31555176,
        "min": 556.929382324,
        "var": 287276.1875
    },
    "spectral_complexity": {
        "dmean": 1.91091954708,
        "dmean2": 3.28057551384,
        "dvar": 2.83402466774,
        "dvar2": 7.60327672958,
        "max": 34,
        "mean": 17.1162128448,
        "median": 17,
        "min": 0,
        "var": 39.1186523438
    },
    "spectral_crest": {
        "dmean": 2.08923649788,
        "dmean2": 3.39877343178,
        "dvar": 3.15287470818,
        "dvar2": 9.08030891418,
        "max": 17.7769451141,
        "mean": 7.94982337952,
        "median": 7.39020061493,
        "min": 2.88496756554,
        "var": 7.37959623337
    },
    "spectral_decrease": {
        "dmean": 1.10792641728e-09,
        "dmean2": 1.81454695714e-09,
        "dvar": 4.10312933972e-18,
        "dvar2": 1.04703132274e-17,
        "max": 1.11839558354e-28,
        "mean": -5.37296696024e-09,
        "median": -3.96878752085e-09,
        "min": -4.72531667128e-08,
        "var": 2.63588298661e-17
    },
    "spectral_energy": {
        "dmean": 0.00442114518955,
        "dmean2": 0.00719714630395,
        "dvar": 6.26352484687e-05,
        "dvar2": 0.000157637652592,
        "max": 0.188824951649,
        "mean": 0.0218491386622,
        "median": 0.0159543734044,
        "min": 1.04066074213e-20,
        "var": 0.000426621176302
    },
    "spectral_energyband_high": {
        "dmean": 3.83369042538e-05,
        "dmean2": 5.98952865403e-05,
        "dvar": 6.9385279744e-09,
        "dvar2": 1.45166305643e-08,
        "max": 0.00163704925217,
        "mean": 0.000126234444906,
        "median": 7.51539264456e-05,
        "min": 7.6003156061e-21,
        "var": 2.49634819482e-08
    },
    "spectral_energyband_low": {
        "dmean": 0.00233675050549,
        "dmean2": 0.00424802582711,
        "dvar": 4.5660406613e-05,
        "dvar2": 0.000135915382998,
        "max": 0.109299220145,
        "mean": 0.00447220494971,
        "median": 0.00132672558539,
        "min": 6.45289103995e-23,
        "var": 9.03398467926e-05
    },
    "spectral_energyband_middle_high": {
        "dmean": 0.00210485374555,
        "dmean2": 0.0031999736093,
        "dvar": 8.37539209897e-06,
        "dvar2": 1.90963801288e-05,
        "max": 0.046384293586,
        "mean": 0.00797768030316,
        "median": 0.00447321776301,
        "min": 1.36976636282e-21,
        "var": 6.29849164397e-05
    },
    "spectral_energyband_middle_low": {
        "dmean": 0.00232853088528,
        "dmean2": 0.00325887626968,
        "dvar": 7.95045434643e-06,
        "dvar2": 1.51626954903e-05,
        "max": 0.0623975358903,
        "mean": 0.0101390313357,
        "median": 0.00766678294167,
        "min": 2.11891017881e-22,
        "var": 7.58329770179e-05
    },
    "spectral_flatness_db": {
        "dmean": 0.0122534027323,
        "dmean2": 0.0200165323913,
        "dvar": 0.000126912738779,
        "dvar2": 0.000321182626067,
        "max": 0.22667978704,
        "mean": 0.151162073016,
        "median": 0.149302557111,
        "min": 0.0385202392936,
        "var": 0.000670094275847
    },
    "spectral_flux": {
        "dmean": 0.0117002436891,
        "dmean2": 0.0198358185589,
        "dvar": 0.00024505975307,
        "dvar2": 0.000658068747725,
        "max": 0.314775019884,
        "mean": 0.058901771903,
        "median": 0.0547511614859,
        "min": 1.02012780168e-10,
        "var": 0.00113509083167
    },
    "spectral_kurtosis": {
        "dmean": 2.98657393456,
        "dmean2": 5.42426395416,
        "dvar": 5.85134887695,
        "dvar2": 18.2207832336,
        "max": 18.1096572876,
        "mean": 7.20472288132,
        "median": 6.52228832245,
        "min": -1.17371737957,
        "var": 10.6056947708
    },
    "spectral_rms": {
        "dmean": 0.000409393251175,
        "dmean2": 0.000652979244478,
        "dvar": 2.37781634382e-07,
        "dvar2": 5.88185002925e-07,
        "max": 0.0135727468878,
        "mean": 0.00415311194956,
        "median": 0.00394528079778,
        "min": 3.1863439838e-12,
        "var": 4.06788876717e-06
    },
    "spectral_rolloff": {
        "dmean": 248.250289917,
        "dmean2": 433.514221191,
        "dvar": 725869.75,
        "dvar2": 1250823.875,
        "max": 19056.8847656,
        "mean": 1446.98791504,
        "median": 1313.52539062,
        "min": 193.798828125,
        "var": 2570158.75
    },
    "spectral_skewness": {
        "dmean": 0.287859082222,
        "dmean2": 0.514123022556,
        "dvar": 0.0516614019871,
        "dvar2": 0.14746260643,
        "max": 2.96185660362,
        "mean": 1.79512226582,
        "median": 1.73796284199,
        "min": 0.0126306042075,
        "var": 0.133056014776
    },
    "spectral_spread": {
        "dmean": 226210.640625,
        "dmean2": 345236.9375,
        "dvar": 1.36912057139e+12,
        "dvar2": 1.38489980518e+12,
        "max": 39468980,
        "mean": 2763707.25,
        "median": 2653214.75,
        "min": 1987042.75,
        "var": 2.4702943232e+12
    },
    "spectral_strongpeak": {
        "dmean": 0.724597990513,
        "dmean2": 1.23143935204,
        "dvar": 1.05683016777,
        "dvar2": 2.69032788277,
        "max": 13.9221200943,
        "mean": 1.41683077812,
        "median": 1.06858599186,
        "min": 0,
        "var": 2.38046050072
    },
    "zerocrossingrate": {
        "dmean": 0.00512204226106,
        "dmean2": 0.00628302060068,
        "dvar": 0.000291496340651,
        "dvar2": 0.000299123028526,
        "max": 0.529296875,
        "mean": 0.0521907508373,
        "median": 0.04736328125,
        "min": 0.017578125,
        "var": 0.00182725640479
    },
    "barkbands": {
        "dmean": [0.000154462948558, 0.00174607522786, 0.000792958540842, 0.000520691042766, 0.000608579372056, 0.000654570234474, 0.00101027952041, 0.000497037253808, 0.000796930864453, 0.00092958350433, 0.000470117724035, 0.000484979886096, 0.000784575764555, 0.000502126291394, 0.000276402395684, 0.000407175219152, 0.000240096560447, 0.000162160184118, 0.00010768660286, 4.00939970859e-05, 1.57608465088e-05, 1.27473185785e-05, 3.89977094528e-06, 2.08584401662e-06, 6.42276233975e-07, 2.78163383882e-07, 2.80429475197e-08],
        "dmean2": [0.000287733972073, 0.00318703963421, 0.001311155851, 0.000911813345738, 0.0010372560937, 0.00101001199801, 0.00131926173344, 0.000694065354764, 0.0010361521272, 0.00124791357666, 0.000655794632621, 0.000784878793638, 0.00126510253176, 0.000872454198543, 0.000440366362454, 0.000547080882825, 0.000381501973607, 0.000282027816866, 0.000179539652891, 6.27420013188e-05, 2.61047753156e-05, 2.07417924685e-05, 6.42765053271e-06, 3.49160814039e-06, 1.11698375349e-06, 5.29633382484e-07, 5.2261437844e-08],
        "dvar": [2.38000779973e-07, 3.38364370691e-05, 3.73315560864e-06, 1.21445089007e-06, 9.25740721414e-07, 8.26192433578e-07, 2.67308109869e-06, 5.82392885917e-07, 1.62746448495e-06, 3.30909210788e-06, 5.68292080061e-07, 6.19233958332e-07, 2.06834261007e-06, 3.97695384891e-06, 1.87980219835e-07, 1.34282208819e-06, 2.34180689063e-07, 1.6796892055e-07, 3.46532260664e-08, 1.35896227604e-08, 7.03824498682e-10, 6.61184551554e-10, 4.25835651463e-11, 2.65133939109e-11, 7.11527841854e-12, 7.28417326457e-12, 8.97363983793e-14],
        "dvar2": [7.71241047914e-07, 0.000105795726995, 9.79828291747e-06, 3.43557758242e-06, 2.62107346316e-06, 2.10777648135e-06, 5.29493718204e-06, 1.05785920823e-06, 2.59652256318e-06, 5.55196038476e-06, 1.10108874196e-06, 1.61865216342e-06, 5.42087536815e-06, 1.0925396964e-05, 4.33950845036e-07, 2.07948983189e-06, 5.23436199273e-07, 5.11884479693e-07, 8.64526228384e-08, 2.34745627381e-08, 1.67103608728e-09, 1.49496437452e-09, 9.60560866958e-11, 6.74120065325e-11, 2.09387594069e-11, 2.16327164515e-11, 2.67108221392e-13],
        "max": [0.00659407116473, 0.0932903140783, 0.0288591757417, 0.0151758752763, 0.0115106925368, 0.011809322983, 0.0342559963465, 0.0122032817453, 0.0244640670717, 0.038065996021, 0.014054515399, 0.0108003476635, 0.0168642811477, 0.0343946628273, 0.00500309560448, 0.0304820071906, 0.00788917019963, 0.00699590845034, 0.00237280013971, 0.00281580165029, 0.000411057495512, 0.00066960346885, 0.000102960308141, 8.81359737832e-05, 4.96965185448e-05, 5.01528193126e-05, 5.66201833863e-06],
        "mean": [0.000223937415285, 0.00260617793538, 0.00127743976191, 0.000732952088583, 0.00118240457959, 0.00148938118946, 0.00305855437182, 0.00101691368036, 0.00187579612248, 0.00195572664961, 0.00102558732033, 0.000921100261621, 0.00118194881361, 0.000831536191981, 0.000533887883648, 0.000817079620901, 0.000445867277449, 0.000269918382401, 0.000240879424382, 7.74458167143e-05, 3.5451786971e-05, 3.14988610626e-05, 1.01170044218e-05, 5.60876787858e-06, 1.52320785674e-06, 3.98089838427e-07, 2.51474219226e-08],
        "median": [4.7976973292e-06, 0.000442562741227, 0.000471174716949, 0.000248494558036, 0.000777529552579, 0.00101057556458, 0.00117854657583, 0.000480545742903, 0.000863345107064, 0.000932360708248, 0.000353639334207, 0.00049265200505, 0.000439595314674, 7.8288554505e-05, 0.000299359468045, 0.000171898136614, 0.000139795127325, 0.00012628317927, 0.000114193186164, 4.21229087806e-05, 1.93142477656e-05, 1.66877889569e-05, 6.18485137238e-06, 2.69401584774e-06, 9.41349014738e-07, 2.2558013768e-07, 9.59340251683e-09],
        "min": [4.12757016725e-23, 3.04482954475e-23, 2.32539964046e-24, 2.24670772805e-23, 6.10240392629e-23, 1.52717412799e-23, 1.75243698824e-23, 4.7458490525e-23, 4.51858769204e-23, 7.68992465135e-23, 1.26375920913e-22, 8.6808803609e-23, 1.018290371e-22, 5.01487239375e-23, 1.66124867501e-22, 1.04767632324e-22, 1.50434992076e-22, 1.12718340507e-22, 2.29793616591e-22, 3.58981921294e-22, 4.55513631198e-22, 4.26211979786e-22, 4.75645159551e-22, 8.16620327252e-22, 1.4215567347e-21, 1.63349945137e-21, 2.51908384173e-21],
        "var": [5.07453194132e-07, 4.6486271458e-05, 5.65426262256e-06, 1.86919976386e-06, 1.80569099939e-06, 3.00580586554e-06, 1.9069046175e-05, 2.17551132664e-06, 6.98505618857e-06, 1.11480612759e-05, 2.39150676862e-06, 1.47003356687e-06, 3.53715245183e-06, 8.56329825183e-06, 5.10260292685e-07, 6.18742933511e-06, 9.28663041577e-07, 2.26404736736e-07, 1.16125434602e-07, 2.80587109103e-08, 2.11043604814e-09, 2.58498578098e-09, 1.51113940805e-10, 8.37510963358e-11, 7.01240628065e-12, 3.86580307696e-12, 4.62409380534e-14]
    },
    "erbbands": {
        "dmean": [0.0541653893888, 0.423067033291, 0.838418006897, 1.37022709846, 1.66769301891, 2.54204535484, 2.9192917347, 6.38799762726, 13.0505142212, 12.124162674, 9.57167243958, 22.5573940277, 20.3209571838, 26.6347637177, 19.1765708923, 20.764415741, 37.2726669312, 27.5584793091, 19.4542484283, 14.6533794403, 18.0975475311, 8.7229385376, 10.5434732437, 4.77862977982, 4.60485982895, 1.99159944057, 0.870535135269, 0.541740715504, 0.504343688488, 0.246524661779, 0.129633426666, 0.0568631254137, 0.0225049220026, 0.00955225061625, 0.00380816170946, 0.00182284007315, 0.000406944192946, 6.61347658024e-05, 4.05543596571e-06, 5.08352741235e-06],
        "dmean2": [0.104545131326, 0.76174134016, 1.35914802551, 2.41167640686, 2.88254237175, 4.3262348175, 4.76021957397, 10.1093263626, 16.2545280457, 17.9315414429, 12.2796621323, 29.0021533966, 26.002790451, 37.9573898315, 27.8652877808, 33.3941955566, 61.0044898987, 46.7203712463, 31.9891605377, 21.5819377899, 24.5767822266, 13.8336305618, 18.4460258484, 7.48661422729, 7.74803924561, 3.19176459312, 1.42937815189, 0.862741231918, 0.83772033453, 0.410319328308, 0.212769538164, 0.0963838845491, 0.036910712719, 0.0168139729649, 0.00665520504117, 0.0034249946475, 0.000764191092458, 0.000121495613712, 7.09749929229e-06, 8.18496755528e-06],
        "dvar": [0.0272046346217, 2.01217222214, 5.04375362396, 8.69200515747, 13.5729408264, 13.4934768677, 18.2553024292, 92.4460678101, 455.084777832, 263.091461182, 306.276031494, 1212.29431152, 4131.80273438, 1220.67004395, 1097.47058105, 1387.15466309, 4912.82861328, 8034.37695312, 1017.25549316, 986.353271484, 1771.48815918, 268.536956787, 844.619995117, 82.8198165894, 79.8918762207, 21.2778778076, 3.51621389389, 1.10741257668, 2.05971050262, 0.216185718775, 0.0617908649147, 0.0159175731242, 0.0028309810441, 0.00101652683225, 0.000536642735824, 0.000304526503896, 1.3924740415e-05, 3.92795669768e-07, 8.6473195271e-10, 7.5947387268e-11],
        "dvar2": [0.0911916643381, 6.25632810593, 12.6704235077, 25.7641105652, 39.9047431946, 37.3138809204, 49.4146308899, 249.752716064, 808.158874512, 615.050964355, 412.531066895, 1958.76184082, 6658.56738281, 2314.77490234, 2558.14233398, 3623.1262207, 13073.3945312, 22103.65625, 2541.3996582, 1965.64550781, 2789.09179688, 588.293457031, 2586.3269043, 199.063873291, 205.97819519, 43.2686843872, 6.89377260208, 2.43372178078, 4.30908203125, 0.579506039619, 0.145267248154, 0.0401913225651, 0.00737399095669, 0.00303145381622, 0.0015721883392, 0.000903498963453, 4.13488887716e-05, 1.16734111089e-06, 2.53175769238e-09, 1.84460835495e-10],
        "max": [2.02659773827, 23.0212535858, 35.4301567078, 33.7998046875, 54.1782493591, 32.5371627808, 49.9667625427, 136.453552246, 521.305114746, 345.361358643, 336.623077393, 666, 1419.39904785, 502.860656738, 422.157409668, 560.228271484, 906.916503906, 1519.62487793, 473.110900879, 688.559020996, 1046.86828613, 306.151123047, 495.452362061, 128.118225098, 119.520584106, 89.479019165, 39.379989624, 17.2809276581, 36.0938987732, 6.95356369019, 3.63361811638, 2.09657931328, 0.752849459648, 0.544031739235, 0.466596990824, 0.328303575516, 0.0694520175457, 0.0118733271956, 0.000612622883637, 0.000219614084926],
        "mean": [0.0644204765558, 0.614013254642, 1.50148618221, 2.11127305031, 2.80209803581, 4.7199549675, 6.4915766716, 14.2064933777, 38.5989341736, 33.3149108887, 24.1656570435, 54.4975852966, 48.3617744446, 61.0531005859, 41.9505081177, 41.6501350403, 58.6456298828, 46.2358703613, 37.7106590271, 28.7589302063, 40.8765716553, 19.0939502716, 18.0659599304, 10.973950386, 9.90880870819, 4.12147045135, 2.13245654106, 1.18797290325, 1.12737262249, 0.621131598949, 0.318341910839, 0.147274017334, 0.0580796413124, 0.0229094512761, 0.00832655839622, 0.00262415641919, 0.00060908542946, 9.2809459602e-05, 1.44970017573e-05, 2.58737654804e-05],
        "median": [0.0082371737808, 0.139248147607, 0.546026825905, 0.829549014568, 1.26739180088, 3.02860236168, 4.0982003212, 9.39947509766, 15.2618875504, 19.4047889709, 13.2273807526, 26.4196434021, 18.7168674469, 32.014629364, 21.219625473, 23.7964859009, 26.1730728149, 10.155503273, 17.5842723846, 10.8473052979, 10.4813156128, 8.3001537323, 8.57044124603, 4.44312095642, 5.18076324463, 2.24304819107, 1.3309981823, 0.602568268776, 0.523797929287, 0.333420664072, 0.178630918264, 0.073493629694, 0.0316743701696, 0.0134568829089, 0.00504242395982, 0.00149691279512, 0.00036225936492, 5.49567230337e-05, 1.02654657894e-05, 1.89093461813e-05],
        "min": [1.62615266985e-21, 4.26285832313e-21, 5.00813472644e-21, 3.81198430477e-20, 1.39937168605e-19, 2.79048449067e-19, 7.87117993665e-20, 1.82265254245e-19, 2.74590281607e-19, 3.66508917719e-19, 1.11217245772e-18, 1.10232942202e-18, 1.14312493585e-18, 3.68654712116e-18, 5.57269552084e-18, 3.79780911741e-18, 4.2045210033e-18, 3.05524184369e-18, 5.60965188266e-18, 9.38137544586e-18, 7.61444569273e-18, 6.81454301524e-18, 5.9744852685e-18, 7.83282881907e-18, 1.50400261993e-17, 1.48210466757e-17, 1.77178431071e-17, 1.75560482336e-17, 1.56708738391e-17, 1.45588171867e-17, 1.39002970466e-17, 1.41343808882e-17, 1.55986775152e-17, 1.34807626205e-17, 1.0994458704e-17, 7.28375956335e-18, 2.90068831611e-18, 1.26601543715e-18, 3.23072319586e-19, 3.64333284074e-20],
        "var": [0.0334897711873, 2.48379135132, 8.95222759247, 12.6102209091, 20.9937324524, 27.0724430084, 60.4401893616, 295.257202148, 3196.91870117, 1672.41162109, 1337.0513916, 5308.56054688, 14037.1992188, 5779.30224609, 2798.72631836, 3401.44775391, 7971.00634766, 16329.4609375, 2802.19335938, 3431.02368164, 9043.1171875, 1167.67382812, 1111.77075195, 285.094329834, 224.115814209, 44.4954032898, 8.70564460754, 3.04055070877, 5.98387765884, 0.739644527435, 0.209605306387, 0.0490700528026, 0.00714163575321, 0.00134189426899, 0.000373211369151, 0.000163961711223, 7.4319259511e-06, 2.06765051303e-07, 6.49884979165e-10, 5.85508475037e-10]
    },
    "gfcc": {
        "mean": [-52.4926261902, 138.911895752, -157.932922363, 18.1159610748, -58.0155334473, 3.840477705, -27.1159992218, 3.51591563225, -13.2828512192, -3.91182184219, -6.9289226532, -4.20047855377, -8.0564994812],
        "cov": [[18987.8300781, 1431.0357666, -1824.8548584, 636.392883301, -131.282867432, 417.212371826, -177.057571411, 1.17173182964, -102.469459534, -90.5935516357, -2.51878619194, 10.0058021545, -21.2478065491], [1431.0357666, 625.394592285, -25.0102481842, 26.6269645691, 17.4343013763, -15.1609125137, 59.5835075378, 6.01856660843, 47.9914360046, -41.1435508728, 21.2066001892, -43.1034355164, 30.0366096497], [-1824.8548584, -25.0102481842, 405.039642334, 5.04130029678, 85.933052063, 3.50800514221, 77.7038269043, 19.9734973907, 25.6320343018, 5.02094125748, 5.16149282455, 1.77011418343, 19.5250091553], [636.392883301, 26.6269645691, 5.04130029678, 132.323547363, 55.5125427246, 48.0473403931, 6.29192781448, 13.9856843948, 3.30139160156, -10.5128211975, -8.01415538788, 3.32978248596, 14.0846366882], [-131.282867432, 17.4343013763, 85.933052063, 55.5125427246, 130.730819702, 44.8062133789, 31.229265213, 4.13482427597, 20.4567089081, -3.03832173347, 4.46957206726, -5.01025629044, 14.2706480026], [417.212371826, -15.1609125137, 3.50800514221, 48.0473403931, 44.8062133789, 97.8221740723, 31.4828014374, -1.80910611153, -5.19119501114, -2.44745182991, -5.81188869476, 1.6890668869, 3.24675393105], [-177.057571411, 59.5835075378, 77.7038269043, 6.29192781448, 31.229265213, 31.4828014374, 84.6449661255, 26.5982933044, 14.0373067856, -10.4896507263, 1.56932556629, -7.70607423782, 6.68930864334], [1.17173182964, 6.01856660843, 19.9734973907, 13.9856843948, 4.13482427597, -1.80910611153, 26.5982933044, 56.775642395, 21.8088035583, -5.85313415527, -7.007625103, 2.54727911949, 6.78621435165], [-102.469459534, 47.9914360046, 25.6320343018, 3.30139160156, 20.4567089081, -5.19119501114, 14.0373067856, 21.8088035583, 74.3263320923, 12.5733947754, 6.12921619415, -11.2809047699, 21.3026103973], [-90.5935516357, -41.1435508728, 5.02094125748, -10.5128211975, -3.03832173347, -2.44745182991, -10.4896507263, -5.85313415527, 12.5733947754, 61.0521469116, 22.1629104614, 3.03827571869, -4.22618961334], [-2.51878619194, 21.2066001892, 5.16149282455, -8.01415538788, 4.46957206726, -5.81188869476, 1.56932556629, -7.007625103, 6.12921619415, 22.1629104614, 51.4192428589, 16.5903778076, 3.60654854774], [10.0058021545, -43.1034355164, 1.77011418343, 3.32978248596, -5.01025629044, 1.6890668869, -7.70607423782, 2.54727911949, -11.2809047699, 3.03827571869, 16.5903778076, 48.3690948486, 10.8877038956], [-21.2478065491, 30.0366096497, 19.5250091553, 14.0846366882, 14.2706480026, 3.24675393105, 6.68930864334, 6.78621435165, 21.3026103973, -4.22618961334, 3.60654854774, 10.8877038956, 52.0703582764]],
        "icov": [[0.000264343223535, -0.000701907090843, 0.00102170975879, -0.000885985675268, 0.000223967421334, -0.00109814316966, 0.00049413938541, -0.000517299340572, 0.000311760843033, -0.000365091837011, 9.05705819605e-05, -0.000496677763294, 0.000320730992826], [-0.000701907090843, 0.00429508415982, -0.00210109120235, 0.00128086132463, -0.000290687108645, 0.00433095684275, -0.00378859997727, 0.00274187489413, -0.00197350117378, 0.00301783997566, -0.00250759208575, 0.00367593369447, -0.00192626903299], [0.00102170975879, -0.00210109120235, 0.0078151319176, -0.00344815244898, -0.00157173536718, -0.00161548855249, -0.00263588246889, -0.000798690074589, 0.00099094666075, -0.00229425239377, 0.00125431839842, -0.00278629362583, 0.00050946790725], [-0.000885985675268, 0.00128086132463, -0.00344815244898, 0.0151969110593, -0.00500599341467, -0.00204682908952, 0.00345083931461, -0.00371780851856, 0.000796116306446, 0.00166287412867, 0.0007454714505, 0.00117366632912, -0.00286504952237], [0.000223967421334, -0.000290687108645, -0.00157173536718, -0.00500599341467, 0.0134154977277, -0.00480526173487, -0.000310060102493, 0.00169531686697, -0.00289745349437, 0.00150391203351, -0.00281583983451, 0.00176094926428, -0.000221418085857], [-0.00109814316966, 0.00433095684275, -0.00161548855249, -0.00204682908952, -0.00480526173487, 0.0235506873578, -0.0134910112247, 0.0087952548638, -0.000582862005103, -0.000885445275344, 0.00343267084099, -0.000612299190834, -0.00129475386348], [0.00049413938541, -0.00378859997727, -0.00263588246889, 0.00345083931461, -0.000310060102493, -0.0134910112247, 0.0276791919023, -0.0143229681998, 0.00235362374224, 0.00288149691187, -0.00470649916679, 0.00386031344533, 0.000468835060019], [-0.000517299340572, 0.00274187489413, -0.000798690074589, -0.00371780851856, 0.00169531686697, 0.0087952548638, -0.0143229681998, 0.0303626284003, -0.0102781094611, 0.00169973634183, 0.00612871674821, -0.00613952148706, 0.00158439879306], [0.000311760843033, -0.00197350117378, 0.00099094666075, 0.000796116306446, -0.00289745349437, -0.000582862005103, 0.00235362374224, -0.0102781094611, 0.0229694601148, -0.00650137243792, -0.00206694356166, 0.00716240378097, -0.00873292516917], [-0.000365091837011, 0.00301783997566, -0.00229425239377, 0.00166287412867, 0.00150391203351, -0.000885445275344, 0.00288149691187, 0.00169973634183, -0.00650137243792, 0.0247654207051, -0.0121715543792, 0.00388175994158, 0.00227322569117], [9.05705819605e-05, -0.00250759208575, 0.00125431839842, 0.0007454714505, -0.00281583983451, 0.00343267084099, -0.00470649916679, 0.00612871674821, -0.00206694356166, -0.0121715543792, 0.0323074758053, -0.015071677044, 0.00194649037439], [-0.000496677763294, 0.00367593369447, -0.00278629362583, 0.00117366632912, 0.00176094926428, -0.000612299190834, 0.00386031344533, -0.00613952148706, 0.00716240378097, 0.00388175994158, -0.015071677044, 0.0341647826135, -0.0104509927332], [0.000320730992826, -0.00192626903299, 0.00050946790725, -0.00286504952237, -0.000221418085857, -0.00129475386348, 0.000468835060019, 0.00158439879306, -0.00873292516917, 0.00227322569117, 0.00194649037439, -0.0104509927332, 0.0267131421715]]
    },
    "melbands": {
        "dmean": [0.000473275431432, 0.000453069078503, 0.000228120567044, 0.00015431502834, 9.58516320679e-05, 0.000138273477205, 0.000210227575735, 0.000123179066577, 7.97841494204e-05, 0.000140220552566, 0.000101166275272, 0.000112153618829, 5.95336969127e-05, 6.26643377473e-05, 5.32387275598e-05, 8.16531392047e-05, 5.43924725207e-05, 3.4608234273e-05, 1.4784493942e-05, 3.53153627657e-05, 1.99592032004e-05, 1.1698723938e-05, 1.05369017547e-05, 7.73000101617e-06, 3.96743325837e-06, 4.51652931588e-06, 1.81722873549e-06, 1.37617951168e-06, 6.68010500249e-07, 5.77805735702e-07, 2.75478782896e-07, 3.96698510485e-07, 1.5706531542e-07, 1.3386463138e-07, 1.05422373053e-07, 4.63276528251e-08, 3.34771392829e-08, 2.24181953001e-08, 1.38346951672e-08, 7.40228278673e-09],
        "dmean2": [0.000893408549018, 0.000767918711063, 0.000396658229874, 0.000261984911049, 0.000157201371621, 0.000213853141759, 0.00026475181221, 0.000186677309102, 0.000100614815892, 0.000180890361662, 0.000129814172396, 0.000159408751642, 8.49044736242e-05, 0.000100269666291, 8.70927033247e-05, 0.000130784348585, 9.38534649322e-05, 5.74573678023e-05, 2.3398315534e-05, 4.82864088553e-05, 2.79190226138e-05, 1.83414285857e-05, 1.83028641914e-05, 1.30191783683e-05, 6.26647852187e-06, 7.63337629905e-06, 2.85672103928e-06, 2.25179178415e-06, 1.08476103833e-06, 9.55619725573e-07, 4.4645631192e-07, 6.56842416902e-07, 2.65500460728e-07, 2.2254531018e-07, 1.72410423716e-07, 7.96997241537e-08, 5.64784521373e-08, 3.66717038958e-08, 2.29582823863e-08, 1.27670300998e-08],
        "dvar": [2.36223741013e-06, 1.77341576091e-06, 2.32616216067e-07, 6.13434352204e-08, 1.69442539999e-08, 4.03346014366e-08, 1.18117320369e-07, 2.7598645147e-08, 1.89896027791e-08, 5.42052198682e-08, 1.05719280441e-07, 2.14622666306e-08, 8.49781756074e-09, 8.14781575542e-09, 1.01803241392e-08, 2.2658777965e-08, 4.38516529755e-08, 4.95776841802e-09, 5.82209225275e-10, 1.00158770167e-08, 1.53750523424e-09, 6.96622037832e-10, 4.00771638098e-10, 3.74267616898e-10, 7.22267176623e-11, 8.79432290879e-11, 1.85393072422e-11, 9.18721088788e-12, 2.92090960793e-12, 1.05270219625e-12, 2.22276366692e-13, 1.38473954525e-12, 4.52167803525e-14, 5.89633119348e-14, 4.54717575984e-14, 1.3237412265e-14, 4.10413593911e-15, 3.32325308866e-15, 9.77457915802e-16, 5.56334680828e-16],
        "dvar2": [7.60670172895e-06, 4.85859573018e-06, 6.75700277952e-07, 1.75841393002e-07, 4.57397639764e-08, 1.04033681225e-07, 2.20454779765e-07, 6.80103156014e-08, 2.51791973938e-08, 8.68298286605e-08, 1.70773617469e-07, 4.14951273342e-08, 1.87137576546e-08, 2.10871071715e-08, 2.83381140775e-08, 5.75126968272e-08, 1.20783752777e-07, 1.28779111819e-08, 1.39609579453e-09, 1.59103681341e-08, 2.53886978108e-09, 1.52469947778e-09, 1.15581011428e-09, 1.12235210015e-09, 1.719223236e-10, 2.375373509e-10, 3.20384656305e-11, 2.01404188466e-11, 5.09920404512e-12, 2.61210367572e-12, 5.48514413144e-13, 2.8969775797e-12, 1.22836324988e-13, 1.57226594483e-13, 1.10963437061e-13, 3.54231617997e-14, 1.02625563212e-14, 8.73077431613e-15, 2.67356208922e-15, 1.63647591267e-15],
        "max": [0.02229825221, 0.0213556699455, 0.00660522095859, 0.00269382237457, 0.00160165084526, 0.00261263363063, 0.0080303568393, 0.00310267251916, 0.00261884182692, 0.00463478500023, 0.00715604890138, 0.00202266382985, 0.00112367176916, 0.00107111537363, 0.00137088319752, 0.00141728390008, 0.00357177224942, 0.00116870552301, 0.000356620934326, 0.00266867293976, 0.000737728492822, 0.000480969756609, 0.000313173659379, 0.000312259362545, 0.000119857097161, 0.000139555239002, 0.000105995160993, 4.66629717266e-05, 3.959514288e-05, 1.4479287529e-05, 6.38204573988e-06, 2.92080821964e-05, 3.10681548399e-06, 3.39057919518e-06, 2.84692282548e-06, 1.84373948287e-06, 1.05559411168e-06, 8.45307340569e-07, 4.67010977445e-07, 3.77895730708e-07],
        "mean": [0.000671283749398, 0.000833276018966, 0.00038286257768, 0.000285040732706, 0.000224577554036, 0.000307115289615, 0.000628683483228, 0.000329386472004, 0.000204571028007, 0.000328906520735, 0.000231320198509, 0.000246151932515, 0.000130298460135, 0.000122065168398, 9.37567892834e-05, 0.000120128126582, 8.89286093297e-05, 6.47520791972e-05, 2.94058881991e-05, 6.26879555057e-05, 4.64291151729e-05, 2.31910362345e-05, 1.6195790522e-05, 1.27846324176e-05, 8.37360676087e-06, 9.08028141566e-06, 3.59431260222e-06, 2.56018961409e-06, 1.38958091611e-06, 1.11385554646e-06, 5.20591413533e-07, 7.83610403232e-07, 3.72433618168e-07, 2.92798176815e-07, 2.12953338519e-07, 9.84198109677e-08, 8.05924003089e-08, 4.26171560264e-08, 3.17534727401e-08, 1.45452547784e-08],
        "median": [0.00010128874419, 0.000276887294604, 0.000150912499521, 0.000176488567377, 0.00016105468967, 0.000196561028133, 0.00023165778839, 0.000197101442609, 0.000104423539597, 0.000142316494021, 8.01580099505e-05, 0.000128297979245, 6.03003463766e-05, 7.42192132748e-05, 5.03884512e-05, 4.48066894023e-05, 1.03491984191e-05, 2.53690413956e-05, 1.75723835127e-05, 1.31791139211e-05, 1.15876155178e-05, 6.9171942414e-06, 8.06617026683e-06, 3.84582017432e-06, 2.72623469755e-06, 4.25024609285e-06, 1.97666986423e-06, 1.40953181926e-06, 7.80898972152e-07, 4.66248167186e-07, 2.77797113313e-07, 2.90158567395e-07, 2.36017726252e-07, 1.31492498667e-07, 1.14651840022e-07, 4.765589523e-08, 4.30138058505e-08, 1.99937257861e-08, 1.83133703757e-08, 8.08809463848e-09],
        "min": [1.38044142423e-23, 3.44587735707e-24, 9.67609686596e-24, 1.52460401916e-23, 4.93131624666e-24, 3.82221212937e-24, 3.81480551433e-24, 5.72393291866e-24, 7.84779417783e-24, 7.14191591782e-24, 5.49892217835e-24, 1.43595908815e-23, 1.75605359994e-23, 1.179678296e-23, 7.66620944151e-24, 1.18990177556e-23, 4.61081428822e-24, 8.95205745018e-24, 1.06510248152e-23, 1.13971349814e-23, 9.40240315261e-24, 9.11738534098e-24, 3.90048961371e-24, 5.37762574228e-24, 6.0093431886e-24, 1.05885107439e-23, 1.16575639986e-23, 9.76576747392e-24, 1.05457600048e-23, 1.16188751043e-23, 9.65991496221e-24, 8.36217724197e-24, 9.43826161392e-24, 6.99021954346e-24, 7.99418625146e-24, 7.68828571394e-24, 8.66575616185e-24, 1.10653195742e-23, 1.29294610021e-23, 1.02645405585e-23],
