{
"metadata": {
    "version": {
        "essentia": "2.0.1",
        "extractor": "archive-music 1.0"
    },
    "audio_properties": {
        "analysis_sample_rate": 44100,
        "bitrate": 128,
        "channels": 2,
        "equal_loudness": 0,
        "length": 15.0465307236,
        "replay_gain": 6.98201942444,
        "downmix": "mix"
    },
    "tags": {
        "track": 0,
        "year": 0,
        "album": "",
        "artist": "",
        "comment": "",
        "genre": "",
        "title": ""
    }
},
"highlevel": {
    "culture": {
        "all": {
            "non_western": 0.251905977726,
            "western": 0.748094022274
        },
        "probability": 0.748094022274,
        "value": "western"
    },
    "danceability": {
        "all": {
            "danceable": 0.0135317509994,
            "not_danceable": 0.98646825552
        },
        "probability": 0.98646825552,
        "value": "not_danceable"
    },
    "gender": {
        "all": {
            "female": 0.438792705536,
            "male": 0.561207294464
        },
        "probability": 0.561207294464,
        "value": "male"
    },
    "genre_dortmund": {
        "all": {
            "alternative": 0.115459531546,
            "blues": 0.0134885543957,
            "electronic": 0.0672751143575,
            "folkcountry": 0.405808091164,
            "funksoulrnb": 0.00206343363971,
            "jazz": 0.251614242792,
            "pop": 0.136148259044,
            "raphiphop": 0.00188190164044,
            "rock": 0.00626087374985
        },
        "probability": 0.405808091164,
        "value": "folkcountry"
    },
    "genre_electronic": {
        "all": {
            "ambient": 0.98828047514,
            "dnb": 0.00224874494597,
            "house": 0.00216214172542,
            "techno": 0.00633782939985,
            "trance": 0.000970813329332
        },
        "probability": 0.98828047514,
        "value": "ambient"
    },
    "genre_rosamerica": {
        "all": {
            "cla": 0.7162129879,
            "dan": 0.00492513924837,
            "hip": 0.0275967828929,
            "jaz": 0.139705076814,
            "pop": 0.00855228211731,
            "rhy": 0.0353697426617,
            "roc": 0.00469102011994,
            "spe": 0.0629469826818
        },
        "probability": 0.7162129879,
        "value": "cla"
    },
    "genre_tzanetakis": {
        "all": {
            "blu": 0.0447028614581,
            "cla": 0.125676974654,
            "cou": 0.0288510918617,
            "dis": 0.0110708782449,
            "hip": 0.0179139338434,
            "jaz": 0.329142838717,
            "met": 0.00758171081543,
            "pop": 0.0304958075285,
            "reg": 0.306979119778,
            "roc": 0.0975848063827
        },
        "probability": 0.329142838717,
        "value": "jaz"
    },
    "mirex_ballroom": {
        "all": {
            "ChaChaCha": 0.000700079137459,
            "Jive": 0.000290894211503,
            "Quickstep": 0.000595452380367,
            "Rumba-American": 0.00143732572906,
            "Rumba-International": 0.0525517389178,
            "Rumba-Misc": 0.0728482156992,
            "Samba": 0.000783624476753,
            "Tango": 0.000666454783641,
            "VienneseWaltz": 0.019833041355,
            "Waltz": 0.850293159485
        },
        "probability": 0.850293159485,
        "value": "Waltz"
    },
    "mood_acoustic": {
        "all": {
            "acoustic": 0.999204456806,
            "not_acoustic": 0.000795550993644
        },
        "probability": 0.999204456806,
        "value": "acoustic"
    },
    "mood_aggressive": {
        "all": {
            "aggressive": 0.00989929027855,
            "not_aggressive": 0.990100681782
        },
        "probability": 0.990100681782,
        "value": "not_aggressive"
    },
    "mood_electronic": {
        "all": {
            "electronic": 0.152501150966,
            "not_electronic": 0.847498834133
        },
        "probability": 0.847498834133,
        "value": "not_electronic"
    },
    "mood_happy": {
        "all": {
            "happy": 0.0352262929082,
            "not_happy": 0.964773714542
        },
        "probability": 0.964773714542,
        "value": "not_happy"
    },
    "mood_party": {
        "all": {
            "not_party": 0.955231666565,
            "party": 0.0447683297098
        },
        "probability": 0.955231666565,
        "value": "not_party"
    },
    "mood_relaxed": {
        "all": {
            "not_relaxed": 2.94383653454e-06,
            "relaxed": 0.999997079372
        },
        "probability": 0.999997079372,
        "value": "relaxed"
    },
    "mood_sad": {
        "all": {
            "not_sad": 0.028049275279,
            "sad": 0.97195070982
        },
        "probability": 0.97195070982,
        "value": "sad"
    },
    "moods_mirex": {
        "all": {
            "Cluster1": 0.00712758256122,
            "Cluster2": 0.0136657422408,
            "Cluster3": 0.966179847717,
            "Cluster4": 0.00305200275034,
            "Cluster5": 0.00997484661639
        },
        "probability": 0.966179847717,
        "value": "Cluster3"
    },
    "timbre": {
        "all": {
            "bright": 0.0219565909356,
            "dark": 0.978043437004
        },
        "probability": 0.978043437004,
        "value": "dark"
    },
    "tonal_atonal": {
        "all": {
            "atonal": 0.707868158817,
            "tonal": 0.292131841183
        },
        "probability": 0.707868158817,
        "value": "atonal"
    },
    "voice_instrumental": {
        "all": {
            "instrumental": 0.960203528404,
            "voice": 0.0397964417934
        },
        "probability": 0.960203528404,
        "value": "instrumental"
    }
},
"lowlevel": {
    "average_loudness": 0.494531601667,
    "barkbands_kurtosis": {
        "dmean": 8.82225990295,
        "dmean2": 11.4141702652,
        "dvar": 93.1091003418,
        "dvar2": 141.774337769,
        "max": 177.318374634,
        "mean": 59.4314880371,
        "median": 60.7890586853,
        "min": -1.77161002159,
        "var": 1730.62976074
    },
    "barkbands_skewness": {
        "dmean": 0.549646914005,
        "dmean2": 0.773653268814,
        "dvar": 0.449958324432,
        "dvar2": 0.961966693401,
        "max": 8.33960723877,
        "mean": 3.07638931274,
        "median": 2.86859464645,
        "min": -2.17885088921,
        "var": 4.09444236755
    },
    "barkbands_spread": {
        "dmean": 1.15782213211,
        "dmean2": 1.53480398655,
        "dvar": 29.1649456024,
        "dvar2": 59.3402366638,
        "max": 106.347549438,
        "mean": 3.08681869507,
        "median": 1.09990417957,
        "min": 0.366686314344,
        "var": 57.9119262695
    },
    "dissonance": {
        "dmean": 0.024591172114,
        "dmean2": 0.0412524454296,
        "dvar": 0.000609106791671,
        "dvar2": 0.00155062798876,
        "max": 0.498761981726,
        "mean": 0.36328881979,
        "median": 0.36331191659,
        "min": 0.199017420411,
        "var": 0.00218103849329
    },
    "dynamic_complexity": 5.3641872406,
    "erbbands_kurtosis": {
        "dmean": 7.03734922409,
        "dmean2": 9.67885017395,
        "dvar": 128.712860107,
        "dvar2": 279.905151367,
        "max": 208.236099243,
        "mean": 40.3023605347,
        "median": 20.7523326874,
        "min": -1.46487128735,
        "var": 2068.15771484
    },
    "erbbands_skewness": {
        "dmean": 0.49471321702,
        "dmean2": 0.6285982728,
        "dvar": 0.406551092863,
        "dvar2": 0.790768623352,
        "max": 12.9123210907,
        "mean": 4.68442869186,
        "median": 3.65684223175,
        "min": -1.10668170452,
        "var": 9.06373596191
    },
    "erbbands_spread": {
        "dmean": 3.00452423096,
        "dmean2": 3.96272158623,
        "dvar": 64.077545166,
        "dvar2": 120.265853882,
        "max": 127.600975037,
        "mean": 11.151515007,
        "median": 7.67604112625,
        "min": 1.58454310894,
        "var": 161.394165039
    },
    "hfc": {
        "dmean": 0.7947281003,
        "dmean2": 0.884159147739,
        "dvar": 4.36126279831,
        "dvar2": 5.75696563721,
        "max": 75.1996917725,
        "mean": 4.92404460907,
        "median": 2.92733263969,
        "min": 1.17499192833e-16,
        "var": 58.4100074768
    },
    "melbands_kurtosis": {
        "dmean": 21.945514679,
        "dmean2": 28.7253456116,
        "dvar": 1129.19750977,
        "dvar2": 2258.03930664,
        "max": 641.916809082,
        "mean": 108.182998657,
        "median": 76.3703842163,
        "min": -1.31488132477,
        "var": 10320.8789062
    },
    "melbands_skewness": {
        "dmean": 0.773661613464,
        "dmean2": 1.03220009804,
        "dvar": 1.34839439392,
        "dvar2": 3.11926054955,
        "max": 18.9533576965,
        "mean": 4.87472629547,
        "median": 4.91892004013,
        "min": -0.344524919987,
        "var": 6.48160934448
    },
    "melbands_spread": {
        "dmean": 1.02075886726,
        "dmean2": 1.44299972057,
        "dvar": 43.9689712524,
        "dvar2": 83.3943328857,
        "max": 148.773864746,
        "mean": 3.46363162994,
        "median": 1.06592154503,
        "min": 0.290365636349,
        "var": 176.465621948
    },
    "pitch_salience": {
        "dmean": 0.033713683486,
        "dmean2": 0.0370602235198,
        "dvar": 0.00134576391429,
        "dvar2": 0.00227051880211,
        "max": 0.883779168129,
        "mean": 0.376941889524,
        "median": 0.355209439993,
        "min": 0.0845715850592,
        "var": 0.0301191248
    },
    "silence_rate_20dB": {
        "dmean": 0,
        "dmean2": 0,
        "dvar": 0,
        "dvar2": 0,
        "max": 1,
        "mean": 1,
        "median": 1,
        "min": 1,
        "var": 0
    },
    "silence_rate_30dB": {
        "dmean": 0.00308641977608,
        "dmean2": 0.00618238002062,
        "dvar": 0.00307690259069,
        "dvar2": 0.00614409754053,
        "max": 1,
        "mean": 0.990755021572,
        "median": 1,
        "min": 0,
        "var": 0.00915942713618
    },
    "silence_rate_60dB": {
        "dmean": 0.0308641977608,
        "dmean2": 0.0618238039315,
        "dvar": 0.0299115981907,
        "dvar2": 0.0641840696335,
        "max": 1,
        "mean": 0.183359012008,
        "median": 0,
        "min": 0,
        "var": 0.149738222361
    },
    "spectral_centroid": {
        "dmean": 51.9011268616,
        "dmean2": 74.5351104736,
        "dvar": 105575.570312,
        "dvar2": 202157.59375,
        "max": 11085.7568359,
        "mean": 349.06072998,
        "median": 234.336364746,
        "min": 189.176971436,
        "var": 450587.71875
    },
    "spectral_complexity": {
        "dmean": 0.311728388071,
        "dmean2": 0.547140657902,
        "dvar": 0.347266644239,
        "dvar2": 0.739284515381,
        "max": 10,
        "mean": 2.88289666176,
        "median": 2,
        "min": 0,
        "var": 3.75517988205
    },
    "spectral_crest": {
        "dmean": 0.997351765633,
        "dmean2": 1.29250252247,
        "dvar": 1.75183308125,
        "dvar2": 3.52322912216,
        "max": 24.726020813,
        "mean": 16.0883083344,
        "median": 15.6695222855,
        "min": 5.87374639511,
        "var": 16.7241840363
    },
    "spectral_decrease": {
        "dmean": 7.10354275402e-10,
        "dmean2": 7.82315323633e-10,
        "dvar": 1.42339833601e-18,
        "dvar2": 2.03951099397e-18,
        "max": 8.16830670235e-19,
        "mean": -4.78503237034e-09,
        "median": -3.51097972917e-09,
        "min": -4.21531538564e-08,
        "var": 2.89687584067e-17
    },
    "spectral_energy": {
        "dmean": 0.00275189010426,
        "dmean2": 0.003031949047,
        "dvar": 2.18588047574e-05,
        "dvar2": 3.12365009449e-05,
        "max": 0.165916368365,
        "mean": 0.0185064282268,
        "median": 0.0136183099821,
        "min": 1.06211638551e-20,
        "var": 0.000439563271357
    },
    "spectral_energyband_high": {
        "dmean": 2.46014997174e-06,
        "dmean2": 4.04623415307e-06,
        "dvar": 3.30963624562e-11,
        "dvar2": 7.51532655552e-11,
        "max": 0.000105791827082,
        "mean": 9.09730260901e-06,
        "median": 4.60682440462e-06,
        "min": 7.65455490516e-21,
        "var": 1.67629604642e-10
    },
    "spectral_energyband_low": {
        "dmean": 3.55179363396e-05,
        "dmean2": 4.81809220219e-05,
        "dvar": 6.06095529321e-09,
        "dvar2": 1.03809165708e-08,
        "max": 0.00154434912838,
        "mean": 0.000199568938115,
        "median": 8.85506597115e-05,
        "min": 3.14977707523e-23,
        "var": 4.75631303232e-08
    },
    "spectral_energyband_middle_high": {
        "dmean": 3.77270807803e-05,
        "dmean2": 4.51361484011e-05,
        "dvar": 8.2845685867e-09,
        "dvar2": 1.3297111856e-08,
        "max": 0.00182098988444,
        "mean": 0.000172998363269,
        "median": 2.01551210921e-05,
        "min": 1.45493910678e-21,
        "var": 1.24909462329e-07
    },
    "spectral_energyband_middle_low": {
        "dmean": 0.00275315064937,
        "dmean2": 0.00302668171935,
        "dvar": 2.18173499889e-05,
        "dvar2": 3.10804098262e-05,
        "max": 0.164913743734,
        "mean": 0.0181515011936,
        "median": 0.0131328525022,
        "min": 3.29850083236e-22,
        "var": 0.000432998960605
    },
    "spectral_flatness_db": {
        "dmean": 0.0152515759692,
        "dmean2": 0.0182994753122,
        "dvar": 0.000272446486633,
        "dvar2": 0.000447111291578,
        "max": 0.488422036171,
        "mean": 0.34698048234,
        "median": 0.36335709691,
        "min": 0.0712691545486,
        "var": 0.00582257704809
    },
    "spectral_flux": {
        "dmean": 0.00639139628038,
        "dmean2": 0.0103285843506,
        "dvar": 0.000109245585918,
        "dvar2": 0.000281837128568,
        "max": 0.140836656094,
        "mean": 0.0154078500345,
        "median": 0.0102912671864,
        "min": 7.0043228162e-11,
        "var": 0.000270212389296
    },
    "spectral_kurtosis": {
        "dmean": 3.747433424,
        "dmean2": 6.39502477646,
        "dvar": 10.1538066864,
        "dvar2": 27.3793926239,
        "max": 34.0427284241,
        "mean": 12.6538486481,
        "median": 12.1007013321,
        "min": -1.21782445908,
        "var": 38.2601966858
    },
    "spectral_rms": {
        "dmean": 0.000290519616101,
        "dmean2": 0.000295066012768,
        "dvar": 1.1705773062e-07,
        "dvar2": 1.67717118416e-07,
        "max": 0.0127227995545,
        "mean": 0.00368668045849,
        "median": 0.00364501797594,
        "min": 3.21902335516e-12,
        "var": 4.46343392468e-06
    },
    "spectral_rolloff": {
        "dmean": 93.642791748,
        "dmean2": 148.069702148,
        "dvar": 693005.375,
        "dvar2": 1015593.25,
        "max": 19336.8164062,
        "mean": 517.260803223,
        "median": 215.33203125,
        "min": 193.798828125,
        "var": 3713108.5
    },
    "spectral_skewness": {
        "dmean": 0.356708347797,
        "dmean2": 0.590414345264,
        "dvar": 0.0851035043597,
        "dvar2": 0.2126326859,
        "max": 4.82325792313,
        "mean": 2.87015295029,
        "median": 2.90935015678,
        "min": 0.0110321044922,
        "var": 0.519732713699
    },
    "spectral_spread": {
        "dmean": 478120.15625,
        "dmean2": 771555.4375,
        "dvar": 1.32369494835e+12,
        "dvar2": 2.33326221722e+12,
        "max": 41073260,
        "mean": 4067713.75,
        "median": 3812794.75,
        "min": 1781529.125,
        "var": 5.15082498867e+12
    },
    "spectral_strongpeak": {
        "dmean": 0.12809561193,
        "dmean2": 0.171295270324,
        "dvar": 0.0939118564129,
        "dvar2": 0.194717273116,
        "max": 6.8354101181,
        "mean": 0.94951581955,
        "median": 0.879170536995,
        "min": 0,
        "var": 0.59420132637
    },
    "zerocrossingrate": {
        "dmean": 0.00382336275652,
        "dmean2": 0.00505865411833,
        "dvar": 0.000511184800416,
        "dvar2": 0.000919451296795,
        "max": 0.50634765625,
        "mean": 0.0186449699104,
        "median": 0.00927734375,
        "min": 0.00830078125,
        "var": 0.00200747651979
    },
    "barkbands": {
        "dmean": [1.70600233105e-05, 5.4583807696e-07, 7.65680795212e-07, 0.000435496825958, 0.00184762105346, 0.000168816040969, 0.000124764163047, 0.000693486246746, 2.22792477871e-05, 3.01092368318e-05, 1.05699009509e-05, 6.34451225778e-06, 7.50085746404e-06, 1.52692723532e-06, 2.16427633859e-06, 1.87165994703e-06, 2.56709449786e-06, 2.53495977631e-06, 4.20062315243e-06, 1.60987474374e-06, 4.23816459261e-07, 4.92892922921e-07, 1.0772477026e-06, 6.05710965829e-07, 2.19315097638e-07, 3.5137620813e-08, 2.45391529319e-09],
        "dmean2": [2.86795220745e-05, 8.79483764038e-07, 1.33558171456e-06, 0.000436383241322, 0.00209284946322, 0.000175001245225, 0.000139114228659, 0.00075975182699, 2.4490755095e-05, 3.13417549478e-05, 1.36158823807e-05, 8.70036183187e-06, 1.08140666271e-05, 2.58756972471e-06, 3.08053040499e-06, 2.90001730718e-06, 4.1376893023e-06, 4.00594899475e-06, 6.32782439425e-06, 2.6072655146e-06, 6.92331752816e-07, 8.20341540475e-07, 1.75838806626e-06, 9.81806010714e-07, 3.4987044728e-07, 6.17438615791e-08, 4.2346917084e-09],
        "dvar": [2.42594111466e-10, 2.45788822238e-13, 9.9281661451e-13, 7.18365697594e-07, 8.18717035145e-06, 1.0715811527e-07, 8.60027000726e-08, 1.34980846269e-05, 2.80177281375e-09, 5.90224802366e-09, 2.1920540938e-09, 4.07106459654e-10, 9.23803811226e-10, 1.62279859689e-11, 3.08647829517e-11, 2.66735487864e-11, 3.08712777564e-11, 3.56828872006e-11, 2.17264123359e-10, 1.0091791118e-11, 8.31630283301e-13, 7.65463051017e-13, 8.00533944689e-12, 2.10996953416e-12, 2.59640806034e-13, 8.11440453404e-15, 4.74794971442e-18],
        "dvar2": [6.77198297439e-10, 6.30705557225e-13, 3.02263205784e-12, 8.28955023735e-07, 1.34502151923e-05, 1.18700164364e-07, 1.16268978445e-07, 1.60365561896e-05, 3.59647001069e-09, 6.73035849275e-09, 3.4366245405e-09, 9.14421038889e-10, 2.29411667441e-09, 4.57510765384e-11, 5.60030459507e-11, 5.70376974818e-11, 8.20365164689e-11, 7.90837603737e-11, 4.78328154863e-10, 2.24796795761e-11, 2.04846166071e-12, 1.83142021513e-12, 1.71964595341e-11, 5.34884506478e-12, 6.72320109741e-13, 2.25640276727e-14, 1.43000022992e-17],
        "max": [0.000445950165158, 4.12585632148e-06, 9.35013304115e-06, 0.0203055720776, 0.0800502896309, 0.00862723682076, 0.00949168950319, 0.105503171682, 0.00149236922152, 0.00234943325631, 0.00128328113351, 0.000279122876236, 0.000457314163214, 4.57169298897e-05, 8.80313891685e-05, 9.74534486886e-05, 5.88705479458e-05, 9.62038102443e-05, 0.000302735046716, 5.63065441384e-05, 1.24188563859e-05, 1.38073064591e-05, 5.96581739956e-05, 2.23186470976e-05, 8.19758952275e-06, 1.27850205445e-06, 1.53899151201e-08],
        "mean": [0.000208207216929, 9.9296062217e-07, 9.45699127897e-07, 0.00314306654036, 0.0117325503379, 0.00069244322367, 0.00060217466671, 0.00185039034113, 6.91539389663e-05, 0.000102576675999, 3.5846769606e-05, 1.19244741654e-05, 1.18537891467e-05, 2.76401033261e-06, 4.75801925859e-06, 3.99345481128e-06, 4.57502437712e-06, 6.87669080435e-06, 9.92421792034e-06, 3.81727159038e-06, 1.11251131329e-06, 1.23585891743e-06, 2.78213792626e-06, 1.78289064934e-06, 6.152334322e-07, 9.0395971597e-08, 6.16030959577e-09],
        "median": [0.000214474537643, 8.67818812367e-07, 6.37998709863e-07, 0.00137938791886, 0.0081659546122, 0.000251077697612, 1.41139698826e-05, 1.12823963718e-05, 9.20350794331e-06, 2.76608852801e-06, 1.69351312707e-06, 1.4324203903e-06, 7.52168944018e-07, 8.90088472261e-07, 5.27989470811e-07, 8.84192672856e-07, 1.25923065752e-06, 1.09897030143e-06, 1.75230297828e-06, 1.51614335664e-06, 3.57011117558e-07, 6.80941809605e-07, 1.37328913752e-06, 8.88086447048e-07, 3.55720658263e-07, 6.44817248485e-08, 6.15817752347e-09],
        "min": [6.08983106119e-24, 1.14264261756e-23, 9.84914612729e-24, 5.29296361221e-24, 4.81617316231e-23, 6.48399298554e-23, 4.84830315143e-23, 9.18819744013e-24, 3.94081113447e-23, 6.80581100064e-23, 3.6517276915e-23, 5.46918843312e-23, 5.14894498439e-23, 9.86161202286e-23, 1.18482692292e-22, 1.81774706657e-22, 1.49993204725e-22, 1.15753763674e-22, 1.77174751434e-22, 3.3432755676e-22, 3.90831631296e-22, 6.98753451338e-22, 5.28373278788e-22, 8.47234087852e-22, 9.2603414836e-22, 1.8131072013e-21, 2.20058335909e-21],
        "var": [1.03718864608e-08, 4.44456103865e-13, 1.03530259452e-12, 1.35957725433e-05, 0.00020007963758, 1.47995569932e-06, 2.09548215935e-06, 7.76345696067e-05, 2.76609561922e-08, 8.37717450963e-08, 2.31435439701e-08, 1.0263246919e-09, 1.85618198589e-09, 3.04889238856e-11, 1.33218991394e-10, 8.2467768725e-11, 6.84786186089e-11, 2.18854601108e-10, 8.64679938761e-10, 3.69580650805e-11, 3.13857858973e-12, 2.63128711528e-12, 2.72183282857e-11, 7.36217076885e-12, 7.76657817919e-13, 1.17396538793e-14, 1.01264211595e-17]
    },
    "erbbands": {
        "dmean": [8.10615238152e-05, 0.000252762984019, 0.00877212919295, 0.574307739735, 5.97041845322, 4.29587268829, 3.25052833557, 1.47223389149, 2.33990812302, 5.96522331238, 11.5449695587, 0.684288322926, 1.13365328312, 0.338116317987, 0.414407432079, 0.145750582218, 0.370720088482, 0.0838513225317, 0.0786402374506, 0.122932776809, 0.115065731108, 0.15987379849, 0.101505748928, 0.22155764699, 0.151354521513, 0.0679967701435, 0.0256971605122, 0.0129511766136, 0.0117202028632, 0.0421652980149, 0.025809308514, 0.0112826405093, 0.0123631572351, 0.00343345152214, 0.00130784662906, 0.000323486281559, 2.0119263354e-05, 4.91813852932e-06, 1.29109173486e-06, 3.03174988403e-06],
        "dmean2": [0.000131617620355, 0.000266740506049, 0.00911195017397, 0.569579362869, 5.71435260773, 5.90649700165, 3.91758298874, 1.44319438934, 2.56111979485, 6.92769193649, 12.3274450302, 0.747479975224, 1.16000640392, 0.406411916018, 0.53871846199, 0.207928404212, 0.531961202621, 0.13043795526, 0.121617853642, 0.18082074821, 0.17720605433, 0.255351185799, 0.162016972899, 0.336261600256, 0.223284780979, 0.11045627296, 0.0424805022776, 0.0215500555933, 0.0195715259761, 0.0654545426369, 0.0425334386528, 0.0187371689826, 0.0208854824305, 0.00556397344917, 0.0022141719237, 0.000546110095456, 3.35833719873e-05, 8.36384242575e-06, 1.45383876315e-06, 3.3398425785e-06],
        "dvar": [5.06769426423e-09, 1.40498428891e-07, 0.000238026594161, 1.00695955753, 62.3031806946, 88.3874893188, 182.8956604, 7.24678087234, 26.68932724, 846.125488281, 3806.57666016, 5.50482225418, 6.41290569305, 0.695737957954, 2.08646416664, 0.183785036206, 2.3669230938, 0.0634680762887, 0.0413115285337, 0.0981118679047, 0.116896934807, 0.133252605796, 0.0525192730129, 0.582424879074, 0.174240201712, 0.0148579562083, 0.00293236388825, 0.000678795564454, 0.000598302984145, 0.0107507631183, 0.00523530505598, 0.000856981787365, 0.000726304308046, 6.57445343677e-05, 9.76059436653e-06, 7.49419655222e-07, 5.49402467964e-10, 1.83474849896e-11, 4.91100389521e-12, 2.72508213911e-11],
        "dvar2": [1.37748594753e-08, 1.7978065614e-07, 0.000311188166961, 1.21585631371, 69.8024902344, 199.915588379, 204.645462036, 6.74911403656, 36.9628562927, 1094.25854492, 4348.57666016, 6.44412469864, 6.11960124969, 1.05073463917, 3.61441445351, 0.421919137239, 5.83633756638, 0.170270204544, 0.103356398642, 0.190381675959, 0.245502412319, 0.356646567583, 0.114066131413, 1.14472794533, 0.374423027039, 0.0351471193135, 0.00746653601527, 0.00172166293487, 0.00151315622497, 0.0208293348551, 0.0135276606306, 0.00220743310638, 0.00186772469897, 0.000152860826347, 2.55995364569e-05, 2.06595314012e-06, 1.49003165362e-09, 5.19299013513e-11, 6.90666837957e-12, 3.88040467814e-11],
        "max": [0.00130717584398, 0.00876833219081, 0.355837315321, 23.9004230499, 232.711380005, 200.834381104, 503.656829834, 76.9140777588, 171.053085327, 819.001037598, 1747.76745605, 62.9483108521, 88.695350647, 17.1761703491, 40.2204551697, 6.50263166428, 22.7476997375, 4.04212760925, 2.84082841873, 4.65938234329, 6.92986154556, 4.25381755829, 3.46678900719, 17.2247467041, 7.22418117523, 1.61066389084, 0.707756519318, 0.349912554026, 0.37987947464, 2.56456327438, 1.47627007961, 0.508488357067, 0.3639523983, 0.141354888678, 0.0394549630582, 0.0121581219137, 0.000404657563195, 4.53187967651e-05, 8.04510345915e-05, 0.00018623044889],
        "mean": [0.000605128530879, 0.00183567078784, 0.0611137598753, 4.12298440933, 43.558429718, 21.5512046814, 15.4582910538, 6.41493654251, 11.1017627716, 16.8349380493, 32.1940994263, 2.22216129303, 4.26621723175, 1.19682490826, 1.32669949532, 0.358962625265, 0.598338425159, 0.186488494277, 0.170280501246, 0.292916506529, 0.25621470809, 0.316660970449, 0.309691995382, 0.544717907906, 0.365401804447, 0.173435673118, 0.0671034529805, 0.0352330170572, 0.0331065244973, 0.102229192853, 0.0639601871371, 0.0331085436046, 0.0319469608366, 0.00958994030952, 0.00353456288576, 0.000824378803372, 8.36166873341e-05, 1.86997931451e-05, 9.195493476e-06, 2.04219813895e-05],
        "median": [0.000619116064627, 0.00151673366781, 0.0445153862238, 3.02822852135, 37.8595619202, 8.37624835968, 0.494443446398, 2.67668604851, 2.05006217957, 0.170532763004, 0.27578958869, 0.186894655228, 0.448902010918, 0.110528834164, 0.0612605512142, 0.0572512112558, 0.0400089509785, 0.0453162007034, 0.0292194113135, 0.0419786162674, 0.0505034327507, 0.0672672241926, 0.060440775007, 0.0941838100553, 0.0856323167682, 0.0711770281196, 0.0218319166452, 0.0137531235814, 0.0158386882395, 0.0515062361956, 0.0331902205944, 0.0165411047637, 0.0161994826049, 0.00528747681528, 0.00197444460355, 0.000467351434054, 8.66251866682e-05, 1.98314628506e-05, 6.99360225553e-06, 1.49865982166e-05],
        "min": [1.88579218877e-22, 3.27145873102e-21, 8.14070122961e-21, 1.5380349125e-20, 7.30977310115e-20, 1.96802152179e-19, 4.48966959919e-19, 3.83514381096e-19, 9.27547916346e-19, 4.30827819664e-19, 3.3315663353e-19, 9.19993792799e-19, 8.38836000974e-19, 3.08059513626e-18, 1.6494933706e-18, 2.67310880252e-18, 2.55829820144e-18, 6.05102304981e-18, 2.93864722083e-18, 6.4690801314e-18, 1.02359613793e-17, 7.89866908711e-18, 6.73181750936e-18, 8.46678334926e-18, 1.04016357298e-17, 1.38178130775e-17, 1.29706494357e-17, 1.99415874894e-17, 2.0739077281e-17, 1.82774175566e-17, 1.71632036171e-17, 1.87984123023e-17, 1.32771223342e-17, 1.04071000849e-17, 6.33826110393e-18, 5.61444828944e-18, 3.47180524388e-18, 1.49770624518e-18, 3.30325582034e-19, 2.93503585367e-20],
        "var": [6.32016607938e-08, 2.67611653726e-06, 0.00386113882996, 18.1545886993, 1800.40869141, 1328.37792969, 3757.89135742, 94.0327987671, 629.720336914, 4518.72119141, 22775.7324219, 37.1621437073, 110.155036926, 7.85364723206, 22.3579273224, 0.696064770222, 4.88714551926, 0.174012243748, 0.14679287374, 0.426648914814, 0.395465105772, 0.364361017942, 0.385159879923, 2.52884197235, 0.742879509926, 0.0627654865384, 0.0106277251616, 0.00259020342492, 0.00219084648415, 0.0372574999928, 0.0118915066123, 0.00271374452859, 0.0023017169442, 0.000208830882912, 2.42907517531e-05, 1.40526401537e-06, 1.53748291876e-09, 8.48239048445e-11, 9.58828502706e-11, 5.41388656128e-10]
    },
    "gfcc": {
        "mean": [-205.706451416, 118.180526733, -70.842010498, 31.8806781769, -76.1701202393, -19.3168945312, -57.3437271118, -14.8968744278, -35.3855705261, -31.4577445984, -14.6057605743, -16.464881897, -9.33698177338],
        "cov": [[15138.5849609, 2525.80517578, -1797.125, -351.756378174, -1443.02600098, -416.630828857, -425.226379395, 122.903091431, -139.261230469, -784.949157715, 101.052818298, -470.792694092, 168.634262085], [2525.80517578, 719.409729004, -103.90296936, -91.9254379272, -196.979858398, -145.966262817, -58.7800636292, -46.2546424866, -31.9936199188, -166.440505981, 8.22336292267, -107.99622345, 11.2098369598], [-1797.125, -103.90296936, 1004.56634521, 489.819335938, 530.369506836, 117.269302368, 38.5240898132, -226.223205566, -124.677131653, -105.467376709, -170.123672485, -68.3567733765, -120.859413147], [-351.756378174, -91.9254379272, 489.819335938, 439.744110107, 306.04901123, 106.158164978, -39.0082092285, -135.786178589, -88.1786651611, -81.603477478, -103.033851624, -62.130569458, -84.119972229], [-1443.02600098, -196.979858398, 530.369506836, 306.04901123, 394.817169189, 104.530853271, 31.3172264099, -133.50982666, -65.616569519, -36.5691146851, -92.7540969849, -27.1780605316, -74.2947540283], [-416.630828857, -145.966262817, 117.269302368, 106.158164978, 104.530853271, 133.503143311, 45.4638671875, -10.8202476501, -44.8427238464, -28.9735088348, -51.7268028259, 10.2453527451, -9.59635353088], [-425.226379395, -58.7800636292, 38.5240898132, -39.0082092285, 31.3172264099, 45.4638671875, 82.667350769, 25.5671634674, -11.6599559784, -22.0548343658, -26.5296134949, 11.8048849106, 13.2357540131], [122.903091431, -46.2546424866, -226.223205566, -135.786178589, -133.50982666, -10.8202476501, 25.5671634674, 110.944335938, 39.582736969, 32.2113342285, 26.9271202087, 37.1384048462, 37.3120040894], [-139.261230469, -31.9936199188, -124.677131653, -88.1786651611, -65.616569519, -44.8427238464, -11.6599559784, 39.582736969, 78.5713729858, 71.7145080566, 39.5342597961, 14.821231842, 5.41308403015], [-784.949157715, -166.440505981, -105.467376709, -81.603477478, -36.5691146851, -28.9735088348, -22.0548343658, 32.2113342285, 71.7145080566, 182.423339844, 67.1424255371, 71.2351379395, -3.47459983826], [101.052818298, 8.22336292267, -170.123672485, -103.033851624, -92.7540969849, -51.7268028259, -26.5296134949, 26.9271202087, 39.5342597961, 67.1424255371, 84.9028778076, 30.3771877289, 7.17713975906], [-470.792694092, -107.99622345, -68.3567733765, -62.130569458, -27.1780605316, 10.2453527451, 11.8048849106, 37.1384048462, 14.821231842, 71.2351379395, 30.3771877289, 86.4295272827, 22.3137607574], [168.634262085, 11.2098369598, -120.859413147, -84.119972229, -74.2947540283, -9.59635353088, 13.2357540131, 37.3120040894, 5.41308403015, -3.47459983826, 7.17713975906, 22.3137607574, 56.4821128845]],
        "icov": [[0.00112918473314, -0.00257937517017, 0.00227222801186, -0.00249751610681, 0.00244232988916, -0.000995266134851, 0.00198355130851, -3.8418063923e-05, 0.00105613691267, 0.00221241521649, 0.000373098388081, 0.00133585406002, 0.000346834101947], [-0.00257937517017, 0.0103950975463, -0.0057364157401, 0.00650455104187, -0.00158703466877, 0.00569933932275, -0.00449173757806, 0.00459329690784, -0.00175913341809, -0.00100337108597, -0.00023461926321, -0.00252596032806, 0.00108425528742], [0.00227222801186, -0.0057364157401, 0.0108512360603, -0.00843517575413, 0.00142237078398, 0.00225080852397, -0.00198865006678, 0.00451238593087, 0.00298970448785, 0.00350919459015, 0.00581091456115, -0.000249129225267, 0.00403894530609], [-0.00249751610681, 0.00650455104187, -0.00843517575413, 0.0197596251965, -0.00989425927401, -0.0051363138482, 0.0123853003606, -0.0036470417399, 0.000427590974141, -0.00225700531155, 0.00192253722344, -0.000185798257007, 0.00281362631358], [0.00244232988916, -0.00158703466877, 0.00142237078398, -0.00989425927401, 0.0227490328252, -0.000744062184822, -0.00439436547458, 0.0118395285681, -0.000442317832494, 0.00642814394087, 0.00170470401645, 0.00121324218344, 0.00407835934311], [-0.000995266134851, 0.00569933932275, 0.00225080852397, -0.0051363138482, -0.000744062184822, 0.0240641180426, -0.0160112623125, 0.00448543718085, 0.00549820251763, -0.00117563118692, 0.00664644362405, -0.00637671258301, 0.00398107245564], [0.00198355130851, -0.00449173757806, -0.00198865006678, 0.0123853003606, -0.00439436547458, -0.0160112623125, 0.0447422191501, -0.0159950144589, 0.00359629443847, 0.00914676114917, 0.00306436885148, 0.00492327846587, -0.00137554993853], [-3.8418063923e-05, 0.00459329690784, 0.00451238593087, -0.0036470417399, 0.0118395285681, 0.00448543718085, -0.0159950144589, 0.0364310741425, -0.00973745808005, 0.00458386074752, 0.00729985674843, -0.00936037208885, 0.00342979235575], [0.00105613691267, -0.00175913341809, 0.00298970448785, 0.000427590974141, -0.000442317832494, 0.00549820251763, 0.00359629443847, -0.00973745808005, 0.033917915076, -0.00989087019116, 0.00050719518913, 0.0107716713101, 0.00199324637651], [0.00221241521649, -0.00100337108597, 0.00350919459015, -0.00225700531155, 0.00642814394087, -0.00117563118692, 0.00914676114917, 0.00458386074752, -0.00989087019116, 0.0252296663821, -0.00330151384696, -0.00892235152423, 0.00726967537776], [0.000373098388081, -0.00023461926321, 0.00581091456115, 0.00192253722344, 0.00170470401645, 0.00664644362405, 0.00306436885148, 0.00729985674843, 0.00050719518913, -0.00330151384696, 0.034320756793, -0.00828673504293, 0.0107221109793], [0.00133585406002, -0.00252596032806, -0.000249129225267, -0.000185798257007, 0.00121324218344, -0.00637671258301, 0.00492327846587, -0.00936037208885, 0.0107716713101, -0.00892235152423, -0.00828673504293, 0.0312702693045, -0.0116364378482], [0.000346834101947, 0.00108425528742, 0.00403894530609, 0.00281362631358, 0.00407835934311, 0.00398107245564, -0.00137554993853, 0.00342979235575, 0.00199324637651, 0.00726967537776, 0.0107221109793, -0.0116364378482, 0.0368752330542]]
    },
    "melbands": {
        "dmean": [1.19051810543e-06, 2.07989828027e-07, 0.000270779739367, 0.000405646773288, 0.000133244073368, 3.42122984875e-05, 3.17003468808e-05, 0.000102905738459, 7.61222108849e-05, 2.47104821938e-06, 5.91366278968e-06, 1.52322365921e-06, 1.63005825016e-06, 8.87406145011e-07, 2.68867523801e-07, 9.2385988637e-07, 9.66402708968e-08, 1.52158776245e-07, 1.80708980224e-07, 1.20967428074e-07, 1.40179835739e-07, 2.08592112472e-07, 1.08111116504e-07, 1.29915676439e-07, 2.09166373111e-07, 1.43183754631e-07, 1.00441383211e-07, 4.4836021118e-08, 1.94799483211e-08, 1.02494386311e-08, 8.52823678343e-09, 6.50958043025e-09, 1.38812694672e-08, 2.73484079827e-08, 2.08604529206e-08, 8.61610605085e-09, 7.24602067237e-09, 1.04414263902e-08, 5.44308154105e-09, 2.58782151263e-09],
        "dmean2": [2.03377135222e-06, 3.6191113395e-07, 0.000248406606261, 0.000460485549411, 0.000168947924976, 3.39383113896e-05, 3.4704891732e-05, 0.000115459981316, 8.11140489532e-05, 2.7728567602e-06, 6.06518233326e-06, 1.88819160485e-06, 2.10104985854e-06, 1.18964499052e-06, 3.95126875219e-07, 1.34356366743e-06, 1.62890756883e-07, 2.37906007783e-07, 2.66101466195e-07, 1.84497778832e-07, 2.14844973812e-07, 3.37278862617e-07, 1.7571299793e-07, 2.08612348729e-07, 3.1789184618e-07, 2.17012626536e-07, 1.55932042389e-07, 7.34528811108e-08, 3.27068718775e-08, 1.71322689368e-08, 1.41293474698e-08, 1.1231622743e-08, 2.21882832108e-08, 4.3662943483e-08, 3.4769595203e-08, 1.45833416454e-08, 1.21871401859e-08, 1.78153811703e-08, 8.71543903713e-09, 4.19048218347e-09],
        "dvar": [1.13129546963e-12, 7.60270617078e-14, 1.59422896218e-07, 3.87617802744e-07, 2.71271943575e-07, 3.26371574211e-09, 4.43229186686e-09, 2.79204925846e-07, 1.6324501928e-07, 3.47069491202e-11, 1.71454198061e-10, 1.72788242048e-11, 4.6638540252e-11, 7.73058526915e-12, 6.302340377e-13, 1.47406427342e-11, 3.53271353685e-14, 1.83085629448e-13, 1.95158207086e-13, 7.59965143116e-14, 1.64512785447e-13, 2.3797443508e-13, 5.97514794804e-14, 1.06203593012e-13, 5.23460452501e-13, 2.25814714692e-13, 7.55565044124e-14, 5.61353891024e-15, 1.51264308391e-15, 5.04630836816e-16, 3.2213753539e-16, 1.67310156437e-16, 7.63282511655e-16, 4.35457562953e-15, 4.12506485269e-15, 3.77621131581e-16, 3.19017648347e-16, 4.81456544774e-16, 1.8026429452e-16, 3.6471375898e-17],
        "dvar2": [3.28908059642e-12, 2.32690033691e-13, 1.78299657705e-07, 6.02566672114e-07, 3.84905177953e-07, 3.37137384676e-09, 6.15675066484e-09, 3.44885535242e-07, 1.86730474638e-07, 4.68185455682e-11, 1.70132977151e-10, 2.69897298955e-11, 7.51775100505e-11, 1.71504910967e-11, 1.48827955168e-12, 3.70151756468e-11, 9.8012167772e-14, 4.70640236852e-13, 4.09120952177e-13, 1.54210520222e-13, 3.33711628209e-13, 6.36707212561e-13, 1.41149868486e-13, 2.34388978495e-13, 1.03104363155e-12, 5.13578979691e-13, 1.58810085308e-13, 1.49132754214e-14, 3.73747104635e-15, 1.33596545776e-15, 8.23414280553e-16, 4.33174793278e-16, 1.67789667082e-15, 8.48939110199e-15, 1.09936101292e-14, 9.63911635514e-16, 8.44772057499e-16, 1.22722146217e-15, 4.70364224813e-16, 8.89814728536e-17],
        "max": [1.998794869e-05, 2.43184877036e-06, 0.0097042536363, 0.0217112991959, 0.0184611938894, 0.00151070056017, 0.00219301693141, 0.0151328919455, 0.0114527484402, 0.000171670370037, 0.00044524401892, 0.000100174365798, 0.000189549609786, 3.93327245547e-05, 1.02920321297e-05, 5.86391106481e-05, 2.11630913327e-06, 5.02513876199e-06, 5.65068148717e-06, 4.41537122242e-06, 8.03811781225e-06, 5.30971965418e-06, 3.03416527458e-06, 5.53326708541e-06, 1.58019865921e-05, 9.77958825388e-06, 4.66714709546e-06, 8.66088669227e-07, 5.6994389297e-07, 2.57433640627e-07, 2.32802918276e-07, 1.76529823648e-07, 5.88308296301e-07, 1.59077467288e-06, 1.28243686959e-06, 2.83489043795e-07, 3.08257313009e-07, 2.71963557452e-07, 2.43728578653e-07, 1.12738014479e-07],
        "mean": [9.44859857555e-06, 2.89635323725e-07, 0.00201030308381, 0.00264788465574, 0.000570632400922, 0.000144387158798, 0.000147601560457, 0.000278399471426, 0.00021165634098, 7.87900444266e-06, 2.16021344386e-05, 4.94629239256e-06, 5.43838268641e-06, 1.6481116063e-06, 5.08027710566e-07, 1.44220973652e-06, 1.96547276232e-07, 2.7089510013e-07, 3.83066861787e-07, 3.07178964931e-07, 2.74162914593e-07, 3.53096226036e-07, 2.47830143962e-07, 3.14843873639e-07, 4.70997463253e-07, 3.32566457928e-07, 1.92056845094e-07, 9.98888864956e-08, 4.63904044068e-08, 2.21939515654e-08, 2.01420267132e-08, 1.48624943463e-08, 3.32212977128e-08, 6.38422363863e-08, 4.36714024943e-08, 2.00185983346e-08, 1.93714857488e-08, 2.56478926985e-08, 1.33349091769e-08, 6.43162545444e-09],
        "median": [9.66421794146e-06, 2.03463059734e-07, 0.00164018478245, 0.00193955248687, 4.256572538e-06, 5.96792924625e-05, 2.98411941912e-05, 1.33569824357e-06, 1.91822709894e-06, 1.37312929382e-06, 2.17504907596e-06, 3.63387130164e-07, 2.10879193219e-07, 1.57666605105e-07, 9.06980091031e-08, 9.49814520368e-08, 7.34425782412e-08, 4.50014709941e-08, 4.65025529195e-08, 6.21634654863e-08, 6.09103381066e-08, 7.32333376163e-08, 4.93982703631e-08, 6.00264868922e-08, 7.90471190726e-08, 5.7579864432e-08, 5.78718584165e-08, 4.39929621621e-08, 1.47365266656e-08, 7.55458451351e-09, 7.88222553894e-09, 6.8468879455e-09, 1.55293484738e-08, 3.30833458406e-08, 2.20861817724e-08, 9.86952031212e-09, 1.00322132823e-08, 1.30144952593e-08, 6.84106993276e-09, 3.63096841483e-09],
        "min": [2.71872213793e-24, 4.26441165967e-24, 4.52110936481e-24, 8.18285890302e-24, 1.37844418619e-23, 9.55901491927e-24, 1.39619907858e-23, 3.59823085255e-24, 1.98005783261e-24, 5.6641380509e-24, 4.00388995129e-24, 1.27072885834e-23, 5.04738687368e-24, 6.88812674283e-24, 5.7794340165e-24, 7.12495619722e-24, 1.00914968192e-23, 3.69244687705e-24, 9.07472689867e-24, 9.1169207019e-24, 1.31795243871e-23, 8.15539155516e-24, 7.57229002871e-24, 4.99316609708e-24, 6.08782735449e-24, 6.74555985574e-24, 1.25521764413e-23, 7.57688435462e-24, 8.15543967568e-24, 7.77738597546e-24, 1.37964199258e-23, 1.21894029768e-23, 1.20041374155e-23, 8.69340336999e-24, 9.79389509835e-24, 9.64457082874e-24, 1.20687632675e-23, 9.06572915118e-24, 9.63101267637e-24, 8.03687940365e-24],
