{
"metadata": {
    "version": {
        "essentia": "2.0.1",
        "extractor": "archive-music 1.0"
    },
    "audio_properties": {
        "analysis_sample_rate": 44100,
        "bitrate": 128,
        "channels": 2,
        "equal_loudness": 0,
        "length": 15.6212244034,
        "replay_gain": 3.85969734192,
        "downmix": "mix"
    },
    "tags": {
        "track": 0,
        "year": 0,
        "album": "",
        "artist": "",
        "comment": "",
        "genre": "",
        "title": ""
    }
},
"highlevel": {
    "culture": {
        "all": {
            "non_western": 7.95027153799e-06,
            "western": 0.999992072582
        },
        "probability": 0.999992072582,
        "value": "western"
    },
    "danceability": {
        "all": {
            "danceable": 0.0586426854134,
            "not_danceable": 0.941357314587
        },
        "probability": 0.941357314587,
        "value": "not_danceable"
    },
    "gender": {
        "all": {
            "female": 0.525408446789,
            "male": 0.474591553211
        },
        "probability": 0.525408446789,
        "value": "female"
    },
    "genre_dortmund": {
        "all": {
            "alternative": 0.148273035884,
            "blues": 0.0303422510624,
            "electronic": 0.04433779791,
            "folkcountry": 0.317065507174,
            "funksoulrnb": 0.0095172515139,
            "jazz": 0.364969909191,
            "pop": 0.0676918402314,
            "raphiphop": 0.0021995655261,
            "rock": 0.0156028140336
        },
        "probability": 0.364969909191,
        "value": "jazz"
    },
    "genre_electronic": {
        "all": {
            "ambient": 0.99106323719,
            "dnb": 0.00100738939364,
            "house": 0.00438745645806,
            "techno": 0.0015969814267,
            "trance": 0.00194491061848
        },
        "probability": 0.99106323719,
        "value": "ambient"
    },
    "genre_rosamerica": {
        "all": {
            "cla": 0.909723639488,
            "dan": 0.00347184273414,
            "hip": 0.00239679892547,
            "jaz": 0.0447162091732,
            "pop": 0.00883279461414,
            "rhy": 0.0123814530671,
            "roc": 0.00687967054546,
            "spe": 0.0115975691006
        },
        "probability": 0.909723639488,
        "value": "cla"
    },
    "genre_tzanetakis": {
        "all": {
            "blu": 0.00234358687885,
            "cla": 0.897348463535,
            "cou": 0.00199906923808,
            "dis": 0.00943024735898,
            "hip": 0.00285587343387,
            "jaz": 0.056815199554,
            "met": 0.00243684579618,
            "pop": 0.00551678426564,
            "reg": 0.00704017840326,
            "roc": 0.0142137538642
        },
        "probability": 0.897348463535,
        "value": "cla"
    },
    "mirex_ballroom": {
        "all": {
            "ChaChaCha": 0.00020658968424,
            "Jive": 5.59502259421e-05,
            "Quickstep": 0.000137486858875,
            "Rumba-American": 0.000327152200043,
            "Rumba-International": 0.00317863957025,
            "Rumba-Misc": 0.0116626517847,
            "Samba": 6.87644424033e-05,
            "Tango": 0.00191174505744,
            "VienneseWaltz": 0.298617899418,
            "Waltz": 0.683833122253
        },
        "probability": 0.683833122253,
        "value": "Waltz"
    },
    "mood_acoustic": {
        "all": {
            "acoustic": 0.978321492672,
            "not_acoustic": 0.0216785091907
        },
        "probability": 0.978321492672,
        "value": "acoustic"
    },
    "mood_aggressive": {
        "all": {
            "aggressive": 0.0439364723861,
            "not_aggressive": 0.956063508987
        },
        "probability": 0.956063508987,
        "value": "not_aggressive"
    },
    "mood_electronic": {
        "all": {
            "electronic": 0.647859811783,
            "not_electronic": 0.352140218019
        },
        "probability": 0.647859811783,
        "value": "electronic"
    },
    "mood_happy": {
        "all": {
            "happy": 0.105091787875,
            "not_happy": 0.894908189774
        },
        "probability": 0.894908189774,
        "value": "not_happy"
    },
    "mood_party": {
        "all": {
            "not_party": 0.976374030113,
            "party": 0.0236259903759
        },
        "probability": 0.976374030113,
        "value": "not_party"
    },
    "mood_relaxed": {
        "all": {
            "not_relaxed": 5.25233190274e-07,
            "relaxed": 0.999999463558
        },
        "probability": 0.999999463558,
        "value": "relaxed"
    },
    "mood_sad": {
        "all": {
            "not_sad": 0.0820413902402,
            "sad": 0.91795861721
        },
        "probability": 0.91795861721,
        "value": "sad"
    },
    "moods_mirex": {
        "all": {
            "Cluster1": 0.0313493125141,
            "Cluster2": 0.277668118477,
            "Cluster3": 0.637903630733,
            "Cluster4": 0.0417519360781,
            "Cluster5": 0.0113269779831
        },
        "probability": 0.637903630733,
        "value": "Cluster3"
    },
    "timbre": {
        "all": {
            "bright": 0.295770168304,
            "dark": 0.704229831696
        },
        "probability": 0.704229831696,
        "value": "dark"
    },
    "tonal_atonal": {
        "all": {
            "atonal": 0.00531083252281,
            "tonal": 0.994689166546
        },
        "probability": 0.994689166546,
        "value": "tonal"
    },
    "voice_instrumental": {
        "all": {
            "instrumental": 0.999998092651,
            "voice": 1.89647482784e-06
        },
        "probability": 0.999998092651,
        "value": "instrumental"
    }
},
"lowlevel": {
    "average_loudness": 0.781630337238,
    "barkbands_kurtosis": {
        "dmean": 2.90700864792,
        "dmean2": 4.55385971069,
        "dvar": 26.8056488037,
        "dvar2": 75.0785980225,
        "max": 79.1435470581,
        "mean": 7.3219499588,
        "median": 4.95924091339,
        "min": -1.39586091042,
        "var": 73.5729293823
    },
    "barkbands_skewness": {
        "dmean": 0.416175931692,
        "dmean2": 0.625107705593,
        "dvar": 0.151681438088,
        "dvar2": 0.339236944914,
        "max": 6.45819759369,
        "mean": 1.80834579468,
        "median": 1.74110901356,
        "min": -2.05962085724,
        "var": 0.998227357864
    },
    "barkbands_spread": {
        "dmean": 1.78157246113,
        "dmean2": 2.68508243561,
        "dvar": 9.62992095947,
        "dvar2": 20.1119861603,
        "max": 72.337890625,
        "mean": 7.93742322922,
        "median": 6.77569198608,
        "min": 0.472418159246,
        "var": 35.6594963074
    },
    "dissonance": {
        "dmean": 0.0281360447407,
        "dmean2": 0.0477990470827,
        "dvar": 0.000568264396861,
        "dvar2": 0.0015657300828,
        "max": 0.497436851263,
        "mean": 0.414419025183,
        "median": 0.421187162399,
        "min": 0.261883795261,
        "var": 0.00199324218556
    },
    "dynamic_complexity": 3.84410810471,
    "erbbands_kurtosis": {
        "dmean": 1.36003935337,
        "dmean2": 2.13207292557,
        "dvar": 8.94701385498,
        "dvar2": 15.8887968063,
        "max": 79.5723342896,
        "mean": 2.21477651596,
        "median": 0.415955543518,
        "min": -1.5257242918,
        "var": 39.2462234497
    },
    "erbbands_skewness": {
        "dmean": 0.319402128458,
        "dmean2": 0.477860450745,
        "dvar": 0.0896435454488,
        "dvar2": 0.186282619834,
        "max": 6.93304729462,
        "mean": 1.12338495255,
        "median": 0.974014639854,
        "min": -0.852762758732,
        "var": 0.829033255577
    },
    "erbbands_spread": {
        "dmean": 3.95024871826,
        "dmean2": 6.10564470291,
        "dvar": 16.6799087524,
        "dvar2": 40.7146911621,
        "max": 79.7548141479,
        "mean": 21.7776260376,
        "median": 21.8445777893,
        "min": 1.29829955101,
        "var": 84.3461227417
    },
    "hfc": {
        "dmean": 1.92514240742,
        "dmean2": 2.66459965706,
        "dvar": 14.3930625916,
        "dvar2": 27.4400062561,
        "max": 100.628555298,
        "mean": 10.2071609497,
        "median": 9.10159111023,
        "min": 1.16223203873e-16,
        "var": 70.9345245361
    },
    "melbands_kurtosis": {
        "dmean": 4.0480055809,
        "dmean2": 6.23186397552,
        "dvar": 28.9675312042,
        "dvar2": 66.2509002686,
        "max": 85.6030349731,
        "mean": 11.3830194473,
        "median": 7.83647298813,
        "min": -1.31676733494,
        "var": 129.394454956
    },
    "melbands_skewness": {
        "dmean": 0.456344634295,
        "dmean2": 0.684400141239,
        "dvar": 0.174692258239,
        "dvar2": 0.379010766745,
        "max": 7.86506223679,
        "mean": 2.27839612961,
        "median": 2.16618251801,
        "min": -0.262110501528,
        "var": 1.45302534103
    },
    "melbands_spread": {
        "dmean": 2.20990967751,
        "dmean2": 3.27609872818,
        "dvar": 32.6708641052,
        "dvar2": 51.1262321472,
        "max": 147.624053955,
        "mean": 10.2834939957,
        "median": 8.0091791153,
        "min": 0.646490037441,
        "var": 165.58190918
    },
    "pitch_salience": {
        "dmean": 0.0518947429955,
        "dmean2": 0.0793792530894,
        "dvar": 0.0022774389945,
        "dvar2": 0.00555929448456,
        "max": 0.990861415863,
        "mean": 0.526209771633,
        "median": 0.532050132751,
        "min": 0.193242654204,
        "var": 0.0130777312443
    },
    "silence_rate_20dB": {
        "dmean": 0,
        "dmean2": 0,
        "dvar": 0,
        "dvar2": 0,
        "max": 1,
        "mean": 1,
        "median": 1,
        "min": 1,
        "var": 0
    },
    "silence_rate_30dB": {
        "dmean": 0.00594353629276,
        "dmean2": 0.0119047621265,
        "dvar": 0.0059081944637,
        "dvar2": 0.0117629971355,
        "max": 1,
        "mean": 0.98664689064,
        "median": 1,
        "min": 0,
        "var": 0.013174822554
    },
    "silence_rate_60dB": {
        "dmean": 0.0148588409647,
        "dmean2": 0.0297619048506,
        "dvar": 0.0146382972598,
        "dvar2": 0.0318519696593,
        "max": 1,
        "mean": 0.0994065254927,
        "median": 0,
        "min": 0,
        "var": 0.0895238518715
    },
    "spectral_centroid": {
        "dmean": 92.241394043,
        "dmean2": 133.327941895,
        "dvar": 100010.523438,
        "dvar2": 108055.9375,
        "max": 11253.5615234,
        "mean": 654.423339844,
        "median": 574.186523438,
        "min": 260.022827148,
        "var": 303124.21875
    },
    "spectral_complexity": {
        "dmean": 1.49479937553,
        "dmean2": 2.45535707474,
        "dvar": 1.62292802334,
        "dvar2": 4.27181768417,
        "max": 24,
        "mean": 11.5637979507,
        "median": 11,
        "min": 0,
        "var": 23.5189666748
    },
    "spectral_crest": {
        "dmean": 1.637814641,
        "dmean2": 2.44710493088,
        "dvar": 2.54740309715,
        "dvar2": 5.66821956635,
        "max": 24.9123592377,
        "mean": 11.3590717316,
        "median": 10.4503650665,
        "min": 3.74754118919,
        "var": 16.6114654541
    },
    "spectral_decrease": {
        "dmean": 1.33620126075e-09,
        "dmean2": 1.75827441495e-09,
        "dvar": 8.69299574009e-18,
        "dvar2": 1.74494577399e-17,
        "max": -1.85985766764e-28,
        "mean": -6.69421851285e-09,
        "median": -5.28692378765e-09,
        "min": -8.14624243617e-08,
        "var": 4.37350804674e-17
    },
    "spectral_energy": {
        "dmean": 0.00520103098825,
        "dmean2": 0.00684752641246,
        "dvar": 0.00013114194735,
        "dvar2": 0.000262615241809,
        "max": 0.316584765911,
        "mean": 0.0261912960559,
        "median": 0.0209612678736,
        "min": 1.12437376273e-20,
        "var": 0.000656380900182
    },
    "spectral_energyband_high": {
        "dmean": 6.2258491198e-06,
        "dmean2": 1.05840017568e-05,
        "dvar": 8.45110301184e-11,
        "dvar2": 2.30104449384e-10,
        "max": 0.000104645609099,
        "mean": 1.79854614544e-05,
        "median": 1.17202225738e-05,
        "min": 8.02052901183e-21,
        "var": 2.81379003431e-10
    },
    "spectral_energyband_low": {
        "dmean": 0.000711685162969,
        "dmean2": 0.0011671386892,
        "dvar": 4.79932759845e-06,
        "dvar2": 1.36888966153e-05,
        "max": 0.0542108602822,
        "mean": 0.00281449127942,
        "median": 0.000232970181969,
        "min": 8.98966008295e-23,
        "var": 5.89521441725e-05
    },
    "spectral_energyband_middle_high": {
        "dmean": 0.000556505518034,
        "dmean2": 0.000862968619913,
        "dvar": 7.5988845083e-07,
        "dvar2": 1.83501083484e-06,
        "max": 0.0107202939689,
        "mean": 0.0018446064787,
        "median": 0.00110043562017,
        "min": 1.59886752362e-21,
        "var": 3.2325376651e-06
    },
    "spectral_energyband_middle_low": {
        "dmean": 0.00461310846731,
        "dmean2": 0.00604532798752,
        "dvar": 0.00012631273421,
        "dvar2": 0.000248555181315,
        "max": 0.311529517174,
        "mean": 0.0215448513627,
        "median": 0.0170556567609,
        "min": 6.59397647782e-22,
        "var": 0.000547445146367
    },
    "spectral_flatness_db": {
        "dmean": 0.0138108758256,
        "dmean2": 0.0197267457843,
        "dvar": 0.000157970498549,
        "dvar2": 0.000327711284626,
        "max": 0.425996869802,
        "mean": 0.224588096142,
        "median": 0.220871329308,
        "min": 0.0522917360067,
        "var": 0.00262762932107
    },
    "spectral_flux": {
        "dmean": 0.011973685585,
        "dmean2": 0.0206022113562,
        "dvar": 0.000297572521959,
        "dvar2": 0.00077688152669,
        "max": 0.309122443199,
        "mean": 0.0449288263917,
        "median": 0.0422865450382,
        "min": 1.06036492087e-10,
        "var": 0.000848255294841
    },
    "spectral_kurtosis": {
        "dmean": 7.3166513443,
        "dmean2": 12.9994888306,
        "dvar": 46.9294281006,
        "dvar2": 138.596557617,
        "max": 78.470199585,
        "mean": 17.6812076569,
        "median": 14.3226690292,
        "min": -1.24330544472,
        "var": 149.849685669
    },
    "spectral_rms": {
        "dmean": 0.000441816111561,
        "dmean2": 0.000561497174203,
        "dvar": 3.29687651401e-07,
        "dvar2": 6.09625544712e-07,
        "max": 0.0175745040178,
        "mean": 0.00455389125273,
        "median": 0.00452216900885,
        "min": 3.31202361543e-12,
        "var": 4.81455481349e-06
    },
    "spectral_rolloff": {
        "dmean": 176.456832886,
        "dmean2": 276.470550537,
        "dvar": 531094,
        "dvar2": 664889.625,
        "max": 18841.5527344,
        "mean": 856.887817383,
        "median": 581.396484375,
        "min": 150.732421875,
        "var": 3381482.25
    },
    "spectral_skewness": {
        "dmean": 0.563305854797,
        "dmean2": 0.994074761868,
        "dvar": 0.226920112967,
        "dvar2": 0.670108318329,
        "max": 7.03420257568,
        "mean": 2.76648807526,
        "median": 2.55856537819,
        "min": -0.0290742293,
        "var": 1.00086975098
    },
    "spectral_spread": {
        "dmean": 294018.1875,
        "dmean2": 442462.5625,
        "dvar": 1.64943272346e+12,
        "dvar2": 1.62015674368e+12,
        "max": 40428984,
        "mean": 2330625.25,
        "median": 2225526,
        "min": 931019.3125,
        "var": 3.41559502438e+12
    },
    "spectral_strongpeak": {
        "dmean": 0.30151411891,
        "dmean2": 0.474274724722,
        "dvar": 0.212368249893,
        "dvar2": 0.490832924843,
        "max": 7.3634095192,
        "mean": 1.15232884884,
        "median": 0.940856218338,
        "min": 0,
        "var": 0.873277008533
    },
    "zerocrossingrate": {
        "dmean": 0.00422258069739,
        "dmean2": 0.00585356215015,
        "dvar": 0.000388002576074,
        "dvar2": 0.000669097586069,
        "max": 0.5,
        "mean": 0.0318418778479,
        "median": 0.02685546875,
        "min": 0.005859375,
        "var": 0.00205598026514
    },
    "barkbands": {
        "dmean": [0.000528596108779, 0.000449829181889, 0.000115631097287, 0.000812644662801, 0.00152191554662, 0.00278520910069, 0.00068855274003, 0.000879479048308, 0.000196962326299, 0.000213967927266, 0.00031774508534, 6.91322129569e-05, 9.96105445665e-05, 0.000130600164994, 9.56020885496e-05, 8.09967677924e-05, 0.000100358622149, 2.8935386581e-05, 3.20797807944e-05, 1.58573948283e-05, 2.49312915912e-06, 1.05947185602e-06, 3.79056643851e-07, 1.55275074576e-07, 4.98968262264e-08, 1.61255719888e-08, 1.21739304859e-07],
        "dmean2": [0.000810728466604, 0.000773759908043, 0.000202106806682, 0.00126080820337, 0.00200307997875, 0.00356131372973, 0.000851040706038, 0.00125951343216, 0.00027559834416, 0.000294860335998, 0.000496447901241, 0.000108081956569, 0.000164321420016, 0.000213109175093, 0.000159294126206, 0.000134300658829, 0.000176715126145, 5.02282455273e-05, 5.42610432603e-05, 2.74482135865e-05, 4.28816338172e-06, 1.77171057203e-06, 6.43206249151e-07, 2.67817540589e-07, 8.29191222351e-08, 2.71649422956e-08, 2.03076140792e-07],
        "dvar": [2.43547628997e-06, 3.39546727446e-06, 2.66163880269e-07, 3.15776128446e-06, 7.16247723176e-06, 0.000113700938527, 1.25204712731e-06, 2.627323056e-06, 1.16586569732e-07, 2.08374430599e-07, 4.93657125844e-07, 1.25261490069e-08, 3.79841544884e-08, 7.98568038363e-08, 3.1637519271e-08, 1.34265523144e-08, 5.00185883823e-08, 1.89798576855e-09, 3.81663145532e-09, 6.23401719135e-10, 1.05687368579e-11, 2.29607110235e-12, 2.8449196666e-13, 9.05008761074e-14, 5.43273633952e-15, 5.00203342661e-16, 1.34585234396e-14],
        "dvar2": [5.33799402547e-06, 1.03821275843e-05, 8.38292805838e-07, 1.12714060378e-05, 1.45041394717e-05, 0.000216401516809, 1.87595946954e-06, 5.25766108694e-06, 2.1707786857e-07, 4.47184760333e-07, 1.20261540815e-06, 2.99586844221e-08, 9.2466493129e-08, 2.05588506219e-07, 9.04041641547e-08, 3.53079876447e-08, 1.49471333089e-07, 5.41629274764e-09, 1.13032605498e-08, 1.75597492102e-09, 2.9753713382e-11, 6.08843314306e-12, 8.00901500068e-13, 2.6593468096e-13, 1.48147129736e-14, 1.34487338563e-15, 3.79996598424e-14],
        "max": [0.0370211899281, 0.0354146808386, 0.00853195600212, 0.0199263505638, 0.060316234827, 0.281113386154, 0.01613596268, 0.0309586580843, 0.00437537999824, 0.00630055880174, 0.00957266706973, 0.00129187910352, 0.00252382201143, 0.00295159197412, 0.00237013143487, 0.00123549171258, 0.0019860228058, 0.000472918240121, 0.000643813051283, 0.000230082281632, 3.88628141081e-05, 1.99747955776e-05, 5.37776986675e-06, 4.83060921397e-06, 1.08562574042e-06, 4.34543039773e-07, 1.44906960031e-06],
        "mean": [0.0016034510918, 0.0010803877376, 0.000207164470339, 0.00222247093916, 0.00535411061719, 0.0088678970933, 0.00197243015282, 0.00251799705438, 0.000368309294572, 0.000382034602808, 0.000543575093616, 0.000120174314361, 0.00015951077512, 0.000216378131881, 0.000147013619426, 0.000140551783261, 0.00014715018915, 4.78782858409e-05, 5.48577409063e-05, 2.75346010312e-05, 5.4574288697e-06, 2.86159183815e-06, 9.70355699792e-07, 4.74329880262e-07, 1.98364148218e-07, 4.60589326678e-08, 4.86433236802e-07],
        "median": [8.91725940164e-05, 4.16814800701e-05, 6.94582922733e-06, 0.000860378611833, 0.00306243007071, 0.00286209606566, 0.000995728420094, 0.00087311246898, 0.000195005864953, 0.000131681445055, 0.000224434450502, 6.35588003206e-05, 7.32106127543e-05, 8.24294838822e-05, 7.46576261008e-05, 8.40079155751e-05, 4.59859111288e-05, 2.6484241971e-05, 1.74737469933e-05, 1.3029703041e-05, 3.53789846486e-06, 1.43194006341e-06, 6.59808904402e-07, 2.27736848046e-07, 1.09439454832e-07, 2.69798476893e-08, 4.58795966551e-07],
        "min": [1.91577773841e-23, 5.76348845548e-23, 5.00421685507e-24, 4.20649633191e-23, 3.21506036385e-23, 5.35815215863e-23, 1.50633797646e-22, 1.78870739271e-22, 1.57596233508e-22, 6.26514025124e-23, 8.04361201593e-23, 1.09300704764e-22, 1.08680218331e-22, 1.25257379258e-22, 6.67549244127e-23, 1.0973669872e-22, 1.82232511039e-22, 1.97405297607e-22, 4.05500379921e-22, 4.27572758536e-22, 4.92439288782e-22, 7.84818150854e-22, 7.33148847035e-22, 7.59948256899e-22, 1.23463744325e-21, 1.59335857344e-21, 2.40401910073e-21],
        "var": [2.19996381929e-05, 1.02929489003e-05, 6.23600612926e-07, 1.00414872577e-05, 4.94849482493e-05, 0.000376170966774, 7.52457526687e-06, 1.51946960614e-05, 2.92768248755e-07, 4.64602379679e-07, 8.32458397326e-07, 2.84390573313e-08, 6.02773582159e-08, 1.29178189923e-07, 4.72503067783e-08, 2.85394037292e-08, 6.54322249716e-08, 3.34922067857e-09, 7.06225877778e-09, 1.24164989401e-09, 2.91236167127e-11, 8.86331286143e-12, 8.07370717591e-13, 2.82949038548e-13, 3.55002553504e-14, 2.6183545993e-15, 7.88840631813e-14]
    },
    "erbbands": {
        "dmean": [0.0265442356467, 0.0646201074123, 0.115711942315, 1.16746282578, 4.6875743866, 6.28643894196, 11.7266073227, 22.3762187958, 9.65091609955, 17.194524765, 13.8971071243, 4.70199584961, 7.83277273178, 5.77247810364, 11.7593717575, 3.20005536079, 4.93379259109, 6.7587594986, 3.61926174164, 6.33675098419, 4.58337688446, 3.07741641998, 1.6924546957, 2.37882184982, 0.934429764748, 0.803086638451, 0.155060648918, 0.0530829168856, 0.0358060821891, 0.0221374612302, 0.0125561812893, 0.00434467894956, 0.00238557741977, 0.000821870286018, 0.000364433566574, 0.000105778563011, 3.94735579903e-05, 0.000191080092918, 6.03539501753e-06, 5.76280626774e-06],
        "dmean2": [0.0481472685933, 0.105898529291, 0.192923888564, 1.80002939701, 6.3225607872, 8.57300853729, 15.3010511398, 28.8194293976, 12.5221748352, 23.6667079926, 19.8809680939, 6.52633905411, 10.6480693817, 8.90012264252, 18.80052948, 4.91763782501, 8.10664272308, 11.1505537033, 6.09151649475, 10.4823532104, 7.92289495468, 5.38857793808, 2.91856622696, 3.9711663723, 1.58979797363, 1.39085507393, 0.263175517321, 0.0903399512172, 0.0596218854189, 0.037280920893, 0.0217698812485, 0.00748516619205, 0.00404687877744, 0.00139345147181, 0.000618477701209, 0.000179136026418, 6.53355091345e-05, 0.000318368896842, 9.77782019618e-06, 7.59375689086e-06],
        "dvar": [0.00868242420256, 0.0914641320705, 0.167532742023, 6.72959089279, 50.661315918, 215.720397949, 2451.51074219, 6405.81494141, 329.785339355, 700.689941406, 1246.60888672, 61.9526443481, 298.646209717, 102.377227783, 721.219238281, 28.8485965729, 94.4784393311, 216.000045776, 60.3681030273, 145.479354858, 61.8207702637, 38.728012085, 6.962018013, 22.6182460785, 3.11946058273, 2.05790495872, 0.0429576002061, 0.00683530885726, 0.00293859071098, 0.001044277451, 0.000385516032111, 6.63982282276e-05, 1.84994969459e-05, 1.44159014326e-06, 2.73952309726e-07, 2.15964082173e-08, 1.62944657767e-09, 3.30921778868e-08, 4.80725979857e-11, 1.60080004807e-10],
        "dvar2": [0.0277812983841, 0.252059876919, 0.440071433783, 22.4252605438, 145.166732788, 435.406311035, 4985.58154297, 11274.2724609, 516.679870605, 1450.25195312, 2392.69482422, 111.841812134, 631.145629883, 244.80140686, 1728.85827637, 65.1733551025, 229.702072144, 546.788208008, 181.962280273, 366.609893799, 181.562942505, 115.515228271, 20.1488513947, 68.7583084106, 9.22487735748, 5.80486059189, 0.114945754409, 0.0198712069541, 0.00829036347568, 0.00280879763886, 0.00109629577491, 0.000199302638066, 5.08665762027e-05, 4.14178612118e-06, 7.74807972448e-07, 6.44951541062e-08, 4.32230029546e-09, 9.34827895094e-08, 1.14261523854e-10, 3.19858139974e-10],
        "max": [1.71985054016, 5.22067165375, 6.81435203552, 27.5137329102, 114.21912384, 362.742889404, 1313.71704102, 2118.55957031, 214.835464478, 447.749511719, 791.242553711, 107.095565796, 253.888565063, 117.972930908, 339.982910156, 67.4633483887, 124.042884827, 150.851501465, 107.257072449, 173.808654785, 83.5597076416, 53.9291229248, 28.949596405, 55.298412323, 23.2646942139, 15.5848655701, 2.2706758976, 1.20812797546, 0.825649857521, 0.347400814295, 0.194226637483, 0.11805614084, 0.0565811358392, 0.0177789498121, 0.00803662929684, 0.00243516988121, 0.000473392981803, 0.00228120270185, 0.000177508918568, 0.000350573536707],
        "mean": [0.0678563117981, 0.119674548507, 0.299139916897, 3.04918575287, 17.7143650055, 17.8756961823, 35.8638381958, 75.9333267212, 26.4148979187, 49.2478790283, 46.4981384277, 11.6172466278, 14.6361103058, 11.219742775, 19.7299766541, 6.47685956955, 8.36912631989, 11.1600971222, 6.51011323929, 10.4184608459, 8.6104516983, 5.09404945374, 3.11891412735, 3.92482614517, 1.83980858326, 1.46396684647, 0.370511561632, 0.139137640595, 0.0961771681905, 0.058269970119, 0.0314232893288, 0.012006633915, 0.00684397108853, 0.00281176832505, 0.00122157752048, 0.000390613160562, 0.000156293375767, 0.000770986778662, 3.36008015438e-05, 2.96421985695e-05],
        "median": [0.002455444308, 0.00472080521286, 0.0314603634179, 1.15215301514, 9.72382068634, 5.58694791794, 6.29591655731, 29.3732223511, 13.9230146408, 25.1036815643, 13.3102607727, 6.43220424652, 6.17683076859, 6.54185581207, 6.84124660492, 3.37778878212, 3.43953323364, 4.27544212341, 2.97302532196, 5.76027107239, 4.21131229401, 1.99358916283, 1.77880942822, 1.44642686844, 0.768268764019, 0.634236097336, 0.234246909618, 0.0874420404434, 0.0502647832036, 0.0322530716658, 0.0188815053552, 0.00652784947306, 0.00330915721133, 0.00148896616884, 0.000710133230314, 0.00024265513639, 0.000146355421748, 0.000723802600987, 3.18821257679e-05, 2.42422211159e-05],
        "min": [2.06511435843e-21, 1.12224126849e-20, 9.55522046676e-21, 7.51730366955e-20, 9.15263069328e-20, 8.3728934125e-20, 4.1198891046e-19, 4.65625653673e-19, 1.43459122707e-18, 2.5769492631e-18, 5.34246096428e-18, 3.04429017917e-18, 2.7328843891e-18, 1.55504671544e-18, 3.27932465804e-18, 4.81839986002e-18, 5.68118770281e-18, 5.49346609382e-18, 4.81741882381e-18, 5.2197532699e-18, 6.75181915016e-18, 8.70768729495e-18, 9.97838891707e-18, 1.19740481716e-17, 2.54571103542e-17, 1.88078537418e-17, 1.77344760548e-17, 2.47341098311e-17, 3.14003352266e-17, 1.92717862602e-17, 2.166239117e-17, 1.63884381312e-17, 1.31775835552e-17, 9.70836159636e-18, 1.05099996988e-17, 5.84066936568e-18, 3.58423687351e-18, 1.44647026445e-18, 3.03753154488e-19, 3.2689657589e-20],
        "var": [0.0425992868841, 0.163875088096, 0.816554784775, 19.9148902893, 466.191589355, 1496.03881836, 7134.92675781, 24776.6699219, 1112.89099121, 4528.82324219, 8839.60742188, 222.363967896, 648.470092773, 196.771286011, 1187.80651855, 75.3132781982, 159.550460815, 354.559753418, 94.1005325317, 213.338745117, 125.430732727, 57.4664039612, 13.9112300873, 37.4482765198, 7.31308031082, 3.8321762085, 0.137948706746, 0.0185906887054, 0.00963696744293, 0.00358855118975, 0.00100853212643, 0.000160625364515, 6.20124919806e-05, 7.98045311967e-06, 1.33177206862e-06, 1.24921157862e-07, 6.65829524849e-09, 1.92810915678e-07, 3.37072425527e-10, 8.00163546533e-10]
    },
    "gfcc": {
        "mean": [-102.433898926, 151.851959229, -135.48097229, -5.67231035233, -50.461643219, -34.2288475037, -36.2430992126, -14.3942909241, -17.245595932, -8.6196231842, -9.68530654907, -4.26519775391, -8.58370876312],
        "cov": [[13682.1396484, 2326.0793457, -1113.92443848, 115.060302734, -267.605316162, -453.639770508, -321.98651123, -265.343505859, -21.062702179, -155.768539429, 184.208099365, 72.27394104, 127.530319214], [2326.0793457, 1016.72137451, 340.906219482, 84.1772079468, 195.894088745, -64.19190979, 56.4373893738, -83.2440719604, 67.6840744019, -18.053024292, 41.4906654358, 3.05839848518, -0.552291512489], [-1113.92443848, 340.906219482, 862.514831543, 200.819580078, 316.89151001, 125.904563904, 168.47706604, -10.2237005234, 57.9208755493, 3.45121693611, -10.7919025421, -4.92077970505, -15.8528175354], [115.060302734, 84.1772079468, 200.819580078, 174.25177002, 98.7824707031, 51.235912323, 47.1038246155, -2.02352976799, -12.0424938202, -28.2594547272, -15.3242769241, -8.39988708496, 4.77557277679], [-267.605316162, 195.894088745, 316.89151001, 98.7824707031, 250.017593384, 56.134147644, 74.0631408691, -16.6937007904, 27.8523902893, -1.25044691563, 0.572897076607, -5.77124834061, -36.2370758057], [-453.639770508, -64.19190979, 125.904563904, 51.235912323, 56.134147644, 153.241195679, 87.3367080688, 36.6155357361, -7.43771600723, -11.7662153244, -49.7982902527, -31.2388000488, -24.9015884399], [-321.98651123, 56.4373893738, 168.47706604, 47.1038246155, 74.0631408691, 87.3367080688, 123.317390442, 45.3768692017, 9.37536334991, -7.51954650879, -37.433883667, -28.4082813263, -32.1571311951], [-265.343505859, -83.2440719604, -10.2237005234, -2.02352976799, -16.6937007904, 36.6155357361, 45.3768692017, 83.6935958862, 22.6823329926, -0.0269865635782, -28.6256942749, -25.6113166809, -23.4777908325], [-21.062702179, 67.6840744019, 57.9208755493, -12.0424938202, 27.8523902893, -7.43771600723, 9.37536334991, 22.6823329926, 75.9225158691, 41.9228782654, 23.3009548187, 13.5633010864, 7.82901287079], [-155.768539429, -18.053024292, 3.45121693611, -28.2594547272, -1.25044691563, -11.7662153244, -7.51954650879, -0.0269865635782, 41.9228782654, 87.1485900879, 69.9796829224, 47.5777511597, 39.4240112305], [184.208099365, 41.4906654358, -10.7919025421, -15.3242769241, 0.572897076607, -49.7982902527, -37.433883667, -28.6256942749, 23.3009548187, 69.9796829224, 142.270446777, 103.398368835, 82.5481262207], [72.27394104, 3.05839848518, -4.92077970505, -8.39988708496, -5.77124834061, -31.2388000488, -28.4082813263, -25.6113166809, 13.5633010864, 47.5777511597, 103.398368835, 129.11177063, 108.109512329], [127.530319214, -0.552291512489, -15.8528175354, 4.77557277679, -36.2370758057, -24.9015884399, -32.1571311951, -23.4777908325, 7.82901287079, 39.4240112305, 82.5481262207, 108.109512329, 147.085800171]],
        "icov": [[0.000466563680675, -0.00155005627312, 0.00124797143508, -0.0014047777513, 0.000649002322461, -0.00055981829064, 0.000728373182938, -6.48462882964e-05, -9.11935640033e-05, 0.000345682870829, -0.000293070683256, -0.000418771523982, 0.000368249573512], [-0.00155005627312, 0.00706539582461, -0.00420831423253, 0.00449154851958, -0.00255644693971, 0.00341025320813, -0.00507363164797, 0.00338994129561, -0.00284228357486, 0.00140697893221, -0.00061682111118, 0.00298114004545, -0.00192032963969], [0.00124797143508, -0.00420831423253, 0.00634659640491, -0.0053125382401, -0.000261454260908, -0.00176254415419, -0.000774112762883, 0.0018175279256, -0.00237050629221, 0.00103431928437, -0.000613012060057, -0.0009067634237, 0.000376186537324], [-0.0014047777513, 0.00449154851958, -0.0053125382401, 0.0143824676052, -0.00477750599384, 0.000392904010369, -0.00130473845638, -0.00192191172391, 0.00329672405496, 0.00203908164985, -0.000618186255451, 0.00416025845334, -0.00494011584669], [0.000649002322461, -0.00255644693971, -0.000261454260908, -0.00477750599384, 0.0112030887976, -0.0022247035522, -0.00107829971239, 0.00409171357751, -0.0036905775778, 0.00135009014048, -0.00158276490401, -0.00391735974699, 0.00595757551491], [-0.00055981829064, 0.00341025320813, -0.00176254415419, 0.000392904010369, -0.0022247035522, 0.0147111890838, -0.00936330296099, 0.0001179985411, 0.00181881163735, -0.0024151483085, 0.00359905511141, 0.00126249762252, -0.0021875645034], [0.000728373182938, -0.00507363164797, -0.000774112762883, -0.00130473845638, -0.00107829971239, -0.00936330296099, 0.0265518743545, -0.0147292660549, 0.00763608794659, -0.00459876656532, 0.00329229398631, -0.00376312737353, 0.00265579065308], [-6.48462882964e-05, 0.00338994129561, 0.0018175279256, -0.00192191172391, 0.00409171357751, 0.0001179985411, -0.0147292660549, 0.02897641249, -0.01650547795, 0.00625326577574, -0.00197582948022, 0.00275308312848, 0.00104805396404], [-9.11935640033e-05, -0.00284228357486, -0.00237050629221, 0.00329672405496, -0.0036905775778, 0.00181881163735, 0.00763608794659, -0.01650547795, 0.0316549800336, -0.0169609002769, 0.00541047612205, -0.00202798377723, -0.00054529751651], [0.000345682870829, 0.00140697893221, 0.00103431928437, 0.00203908164985, 0.00135009014048, -0.0024151483085, -0.00459876656532, 0.00625326577574, -0.0169609002769, 0.0321798734367, -0.016502333805, 0.00462618051097, -0.00219400366768], [-0.000293070683256, -0.00061682111118, -0.000613012060057, -0.000618186255451, -0.00158276490401, 0.00359905511141, 0.00329229398631, -0.00197582948022, 0.00541047612205, -0.016502333805, 0.0277135930955, -0.0170785803348, 0.001964161871], [-0.000418771523982, 0.00298114004545, -0.0009067634237, 0.00416025845334, -0.00391735974699, 0.00126249762252, -0.00376312737353, 0.00275308312848, -0.00202798377723, 0.00462618051097, -0.0170785803348, 0.0362315252423, -0.0191708076745], [0.000368249573512, -0.00192032963969, 0.000376186537324, -0.00494011584669, 0.00595757551491, -0.0021875645034, 0.00265579065308, 0.00104805396404, -0.00054529751651, -0.00219400366768, 0.001964161871, -0.0191708076745, 0.0221239998937]]
    },
    "melbands": {
        "dmean": [0.000182484596735, 6.08257469139e-05, 0.000345019041561, 0.000371208414435, 0.000381864374503, 0.00051708612591, 0.000143973244121, 0.000193834057427, 9.85010046861e-05, 2.76094160654e-05, 3.91347930417e-05, 2.17004835577e-05, 4.54517248727e-05, 1.23126555991e-05, 9.72773796093e-06, 8.51701770443e-06, 1.46208840306e-05, 6.29383930573e-06, 5.99858094574e-06, 8.06353455118e-06, 6.37156381345e-06, 3.87426780435e-06, 2.88520027425e-06, 1.721141075e-06, 2.1229811864e-06, 7.00314444657e-07, 6.66170933528e-07, 4.93759102937e-07, 1.17829578983e-07, 5.95511657764e-08, 3.46714799093e-08, 2.26586962526e-08, 2.43143638556e-08, 1.00126396063e-08, 1.03142081542e-08, 3.39824590689e-09, 2.38883623993e-09, 2.12076711747e-09, 1.32269040165e-09, 7.18045900516e-10],
        "dmean2": [0.000317491474561, 9.81638731901e-05, 0.000504072755575, 0.000501601665746, 0.000487784098368, 0.000662303064018, 0.000182292438694, 0.000270856107818, 0.000140029049362, 3.80871315429e-05, 5.3298095736e-05, 3.33412317559e-05, 7.13566187187e-05, 1.92982370208e-05, 1.57087797561e-05, 1.38737650559e-05, 2.39878791035e-05, 1.06383286038e-05, 9.99768326437e-06, 1.32649620355e-05, 1.1220658962e-05, 6.82953304931e-06, 4.93096922582e-06, 2.94733104056e-06, 3.53900009031e-06, 1.18484592804e-06, 1.13217083708e-06, 8.58228133893e-07, 2.02899471446e-07, 1.03332254753e-07, 5.95486291388e-08, 3.81156546325e-08, 4.16243253198e-08, 1.66449094507e-08, 1.79540755596e-08, 5.9029008348e-09, 4.08652178763e-09, 3.53492746186e-09, 2.22784946047e-09, 1.23105281524e-09],
        "dvar": [4.22755448426e-07, 5.23774197347e-08, 4.14767384882e-07, 4.41998963652e-07, 2.19282378566e-06, 3.51648213837e-06, 6.91950603482e-08, 8.81944473008e-08, 6.6411196542e-08, 2.16737272574e-09, 7.24993221013e-09, 1.58817348161e-09, 1.16426228658e-08, 5.36379385352e-10, 3.28326671406e-10, 2.06186456797e-10, 1.10045872415e-09, 1.5394957531e-10, 1.16062826017e-10, 1.8012367986e-10, 1.77580894434e-10, 8.71248420631e-11, 4.77446068792e-11, 7.97817454462e-12, 2.06097413441e-11, 2.3429027815e-12, 9.62214899772e-13, 8.15713002787e-13, 3.76993561694e-14, 9.08299856769e-15, 2.47493942759e-15, 1.63308894555e-15, 1.33620389754e-15, 1.80866667295e-16, 3.09568889942e-16, 3.19346409628e-17, 1.7539580722e-17, 1.3747707039e-17, 4.22502722427e-18, 1.26933232801e-18],
        "dvar2": [1.31556328142e-06, 1.23379194861e-07, 1.43334420954e-06, 9.87528324004e-07, 4.44922943643e-06, 6.41314954919e-06, 1.06419832946e-07, 1.87451476563e-07, 1.24417951497e-07, 4.0310763616e-09, 1.53514037038e-08, 3.76763642507e-09, 2.88777037838e-08, 1.2515755099e-09, 8.2614282082e-10, 4.85539553008e-10, 2.79699929884e-09, 4.65508909198e-10, 3.01807079328e-10, 4.74014549834e-10, 5.28028565316e-10, 2.65458210968e-10, 1.37621580798e-10, 2.25678052634e-11, 6.26362989253e-11, 7.0050445479e-12, 2.6953673668e-12, 2.27725303892e-12, 1.01023119178e-13, 2.70301986225e-14, 7.04081907252e-15, 4.59671905574e-15, 3.66907906509e-15, 4.87661696388e-16, 8.96520953077e-16, 9.67917849892e-17, 5.20312222466e-17, 3.83540158111e-17, 1.15358566868e-17, 3.71021978952e-18],
        "max": [0.0138716222718, 0.00382785545662, 0.0073528084904, 0.0126958480105, 0.0398863106966, 0.0494089499116, 0.00325484853238, 0.00422503380105, 0.0058987387456, 0.000567310082261, 0.0012490588706, 0.000515467661899, 0.00152334326413, 0.000317800120683, 0.00024029611086, 0.00015442793665, 0.000342944229487, 0.000158781942446, 0.000152831984451, 0.000154618464876, 0.00012892614177, 8.85150657268e-05, 6.78539945511e-05, 3.15087818308e-05, 5.19682471349e-05, 2.11814203794e-05, 9.59109638643e-06, 1.03295715235e-05, 2.16917851503e-06, 1.02661363144e-06, 5.56859617973e-07, 5.9443976852e-07, 5.11352766353e-07, 1.44324715734e-07, 1.74403893993e-07, 7.13496177696e-08, 6.09491408454e-08, 4.29522728496e-08, 2.32449473003e-08, 1.7661449192e-08],
        "mean": [0.000567759852856, 0.000144327961607, 0.0010916988831, 0.00126639194787, 0.00124045694247, 0.00170656549744, 0.000389196589822, 0.000537946354598, 0.00032728840597, 5.60761000088e-05, 7.0793517807e-05, 3.98544980271e-05, 7.59758113418e-05, 2.06825498026e-05, 1.71679930645e-05, 1.41791733768e-05, 2.29105753533e-05, 1.06093311842e-05, 9.83277823252e-06, 1.33527701109e-05, 1.06995121314e-05, 5.66240851185e-06, 4.50097786597e-06, 2.68379540103e-06, 3.32374179379e-06, 1.25536621454e-06, 1.21319089885e-06, 8.49071852826e-07, 2.41549031443e-07, 1.19847769042e-07, 7.12658660973e-08, 5.344209697e-08, 5.41432783052e-08, 2.23221228168e-08, 2.16094520056e-08, 8.98180640974e-09, 5.7930198416e-09, 5.09547737337e-09, 3.36501004838e-09, 1.98104532778e-09],
        "median": [2.39690307353e-05, 4.42186592409e-06, 0.000486033182824, 0.000728316430468, 0.000316575722536, 0.000640651793219, 0.000200424357899, 0.00024734789622, 7.68751488067e-05, 3.17436060868e-05, 2.86156118818e-05, 2.13306248042e-05, 2.66944753093e-05, 1.07558535092e-05, 7.53671156417e-06, 7.42868178349e-06, 7.52239247959e-06, 4.48810260423e-06, 5.22643404111e-06, 7.20126899978e-06, 3.94039670937e-06, 1.56076725943e-06, 1.19823289424e-06, 1.52748839355e-06, 1.06544484879e-06, 4.33641588415e-07, 5.76206048208e-07, 3.79752862045e-07, 1.31477335685e-07, 6.35678958361e-08, 4.94162541997e-08, 2.39479351904e-08, 2.855558634e-08, 1.29234374313e-08, 1.07609583466e-08, 5.80061687572e-09, 3.15875925416e-09, 2.3895578849e-09, 1.76463232915e-09, 1.05244546411e-09],
        "min": [1.81425118214e-23, 8.23576938166e-24, 1.44705867663e-23, 4.69590713634e-24, 1.21547072965e-23, 1.1285041791e-23, 2.43135482241e-23, 3.10225735648e-23, 4.48933104988e-23, 1.72559347158e-23, 1.30314173298e-23, 5.52776017204e-24, 1.15195212288e-23, 1.00784743033e-23, 1.27798551092e-23, 1.27128263869e-23, 9.90270662732e-24, 8.92192138588e-24, 5.10449330347e-24, 9.06861164893e-24, 7.71819616402e-24, 8.46412410334e-24, 1.14944662176e-23, 8.47327410098e-24, 8.49519575667e-24, 1.97120815432e-23, 1.50063511164e-23, 1.24739900704e-23, 9.60802369187e-24, 1.51582652164e-23, 1.37639078125e-23, 2.09044432237e-23, 1.03858287115e-23, 1.07944105399e-23, 1.33912341437e-23, 9.32413552904e-24, 1.05000904805e-23, 1.01495909028e-23, 7.67336914308e-24, 8.02794713162e-24],
