{
"metadata": {
    "version": {
        "essentia": "2.0.1",
        "extractor": "archive-music 1.0"
    },
    "audio_properties": {
        "analysis_sample_rate": 44100,
        "bitrate": 128,
        "channels": 2,
        "equal_loudness": 0,
        "length": 16.6661224365,
        "replay_gain": -3.12343978882,
        "downmix": "mix"
    },
    "tags": {
        "track": 0,
        "year": 0,
        "album": "",
        "artist": "",
        "comment": "",
        "genre": "",
        "title": ""
    }
},
"highlevel": {
    "culture": {
        "all": {
            "non_western": 0.0134422443807,
            "western": 0.986557781696
        },
        "probability": 0.986557781696,
        "value": "western"
    },
    "danceability": {
        "all": {
            "danceable": 0.02135014534,
            "not_danceable": 0.97864985466
        },
        "probability": 0.97864985466,
        "value": "not_danceable"
    },
    "gender": {
        "all": {
            "female": 0.993808567524,
            "male": 0.0061914618127
        },
        "probability": 0.993808567524,
        "value": "female"
    },
    "genre_dortmund": {
        "all": {
            "alternative": 0.00703799212351,
            "blues": 0.0249129086733,
            "electronic": 0.00174960982986,
            "folkcountry": 0.0150395901874,
            "funksoulrnb": 0.00113073585089,
            "jazz": 0.942299842834,
            "pop": 0.00251673068851,
            "raphiphop": 0.000847265357152,
            "rock": 0.00446533970535
        },
        "probability": 0.942299842834,
        "value": "jazz"
    },
    "genre_electronic": {
        "all": {
            "ambient": 0.989148676395,
            "dnb": 0.00217512948439,
            "house": 0.00155473605264,
            "techno": 0.00602257577702,
            "trance": 0.00109888159204
        },
        "probability": 0.989148676395,
        "value": "ambient"
    },
    "genre_rosamerica": {
        "all": {
            "cla": 0.727645099163,
            "dan": 0.00092525157379,
            "hip": 0.00997506454587,
            "jaz": 0.244065761566,
            "pop": 0.00114049063995,
            "rhy": 0.00379543029703,
            "roc": 0.00092687580036,
            "spe": 0.0115260258317
        },
        "probability": 0.727645099163,
        "value": "cla"
    },
    "genre_tzanetakis": {
        "all": {
            "blu": 0.00687048304826,
            "cla": 0.877492010593,
            "cou": 0.00693463440984,
            "dis": 0.00873042456806,
            "hip": 0.00837091263384,
            "jaz": 0.0238007009029,
            "met": 0.00206469371915,
            "pop": 0.0269258525223,
            "reg": 0.0336110405624,
            "roc": 0.00519923586398
        },
        "probability": 0.877492010593,
        "value": "cla"
    },
    "mirex_ballroom": {
        "all": {
            "ChaChaCha": 0.00244484469295,
            "Jive": 0.000237120082602,
            "Quickstep": 0.00477048940957,
            "Rumba-American": 0.0027130083181,
            "Rumba-International": 0.000995347741991,
            "Rumba-Misc": 0.0174774955958,
            "Samba": 0.000992106739432,
            "Tango": 0.0919643938541,
            "VienneseWaltz": 0.12177991122,
            "Waltz": 0.756625294685
        },
        "probability": 0.756625294685,
        "value": "Waltz"
    },
    "mood_acoustic": {
        "all": {
            "acoustic": 0.992687106133,
            "not_acoustic": 0.00731290969998
        },
        "probability": 0.992687106133,
        "value": "acoustic"
    },
    "mood_aggressive": {
        "all": {
            "aggressive": 0.0111974328756,
            "not_aggressive": 0.988802552223
        },
        "probability": 0.988802552223,
        "value": "not_aggressive"
    },
    "mood_electronic": {
        "all": {
            "electronic": 0.408190906048,
            "not_electronic": 0.591809093952
        },
        "probability": 0.591809093952,
        "value": "not_electronic"
    },
    "mood_happy": {
        "all": {
            "happy": 0.144487604499,
            "not_happy": 0.8555123806
        },
        "probability": 0.8555123806,
        "value": "not_happy"
    },
    "mood_party": {
        "all": {
            "not_party": 0.987428426743,
            "party": 0.0125716021284
        },
        "probability": 0.987428426743,
        "value": "not_party"
    },
    "mood_relaxed": {
        "all": {
            "not_relaxed": 0.00403232965618,
            "relaxed": 0.995967686176
        },
        "probability": 0.995967686176,
        "value": "relaxed"
    },
    "mood_sad": {
        "all": {
            "not_sad": 0.0462398454547,
            "sad": 0.953760147095
        },
        "probability": 0.953760147095,
        "value": "sad"
    },
    "moods_mirex": {
        "all": {
            "Cluster1": 0.0896931961179,
            "Cluster2": 0.323692500591,
            "Cluster3": 0.331934034824,
            "Cluster4": 0.105994910002,
            "Cluster5": 0.148685365915
        },
        "probability": 0.331934034824,
        "value": "Cluster3"
    },
    "timbre": {
        "all": {
            "bright": 0.579057514668,
            "dark": 0.42094245553
        },
        "probability": 0.579057514668,
        "value": "bright"
    },
    "tonal_atonal": {
        "all": {
            "atonal": 8.80501465872e-05,
            "tonal": 0.99991196394
        },
        "probability": 0.99991196394,
        "value": "tonal"
    },
    "voice_instrumental": {
        "all": {
            "instrumental": 0.999999940395,
            "voice": 3.4869295007e-08
        },
        "probability": 0.999999940395,
        "value": "instrumental"
    }
},
"lowlevel": {
    "average_loudness": 0.369364321232,
    "barkbands_kurtosis": {
        "dmean": 6.21284151077,
        "dmean2": 8.64132213593,
        "dvar": 202.91758728,
        "dvar2": 380.683227539,
        "max": 282.132537842,
        "mean": 19.5198554993,
        "median": 2.88454914093,
        "min": -1.67921769619,
        "var": 1538.2611084
    },
    "barkbands_skewness": {
        "dmean": 0.6805357337,
        "dmean2": 0.981919527054,
        "dvar": 0.696737289429,
        "dvar2": 1.63612818718,
        "max": 11.6179380417,
        "mean": 1.54580628872,
        "median": 0.882016897202,
        "min": -5.97228479385,
        "var": 6.14108800888
    },
    "barkbands_spread": {
        "dmean": 2.61570286751,
        "dmean2": 4.09098529816,
        "dvar": 24.286031723,
        "dvar2": 61.9748420715,
        "max": 89.3245925903,
        "mean": 9.15700340271,
        "median": 7.62449121475,
        "min": 0.176225543022,
        "var": 72.5475616455
    },
    "dissonance": {
        "dmean": 0.0453616790473,
        "dmean2": 0.0784246698022,
        "dvar": 0.0021672595758,
        "dvar2": 0.00581572763622,
        "max": 0.499496012926,
        "mean": 0.389072418213,
        "median": 0.40969979763,
        "min": 0.116005375981,
        "var": 0.00639411248267
    },
    "dynamic_complexity": 10.0012426376,
    "erbbands_kurtosis": {
        "dmean": 3.37203931808,
        "dmean2": 4.93783664703,
        "dvar": 88.7961807251,
        "dvar2": 190.634277344,
        "max": 189.58039856,
        "mean": 8.78974437714,
        "median": 1.00179624557,
        "min": -1.64524805546,
        "var": 336.702789307
    },
    "erbbands_skewness": {
        "dmean": 0.479772150517,
        "dmean2": 0.683329880238,
        "dvar": 0.406854182482,
        "dvar2": 0.766915142536,
        "max": 10.3933887482,
        "mean": 1.58366656303,
        "median": 1.00217044353,
        "min": -2.58185362816,
        "var": 3.54984807968
    },
    "erbbands_spread": {
        "dmean": 2.65201926231,
        "dmean2": 3.98403215408,
        "dvar": 14.112988472,
        "dvar2": 32.0857620239,
        "max": 63.7173843384,
        "mean": 11.7649917603,
        "median": 11.1035633087,
        "min": 0.357272237539,
        "var": 66.9666213989
    },
    "hfc": {
        "dmean": 2.26107907295,
        "dmean2": 2.54400491714,
        "dvar": 71.9885864258,
        "dvar2": 106.948287964,
        "max": 177.7734375,
        "mean": 8.62568092346,
        "median": 1.67988014221,
        "min": 1.1579901242e-16,
        "var": 434.078979492
    },
    "melbands_kurtosis": {
        "dmean": 4.72536039352,
        "dmean2": 6.67683553696,
        "dvar": 49.962020874,
        "dvar2": 87.5880050659,
        "max": 131.408843994,
        "mean": 18.1571235657,
        "median": 4.20692920685,
        "min": -1.44539880753,
        "var": 749.30657959
    },
    "melbands_skewness": {
        "dmean": 0.669947564602,
        "dmean2": 0.967376053333,
        "dvar": 0.472497671843,
        "dvar2": 1.02962601185,
        "max": 8.54337692261,
        "mean": 1.59436273575,
        "median": 1.21866238117,
        "min": -5.26492214203,
        "var": 4.75037622452
    },
    "melbands_spread": {
        "dmean": 4.53759479523,
        "dmean2": 6.60184431076,
        "dvar": 62.9321479797,
        "dvar2": 112.255065918,
        "max": 177.388320923,
        "mean": 16.2357940674,
        "median": 11.7660646439,
        "min": 0.306890368462,
        "var": 353.825134277
    },
    "pitch_salience": {
        "dmean": 0.057066872716,
        "dmean2": 0.0890911072493,
        "dvar": 0.00396589003503,
        "dvar2": 0.00936951860785,
        "max": 0.960748612881,
        "mean": 0.365269124508,
        "median": 0.39444231987,
        "min": 0.0579661242664,
        "var": 0.0237747989595
    },
    "silence_rate_20dB": {
        "dmean": 0,
        "dmean2": 0,
        "dvar": 0,
        "dvar2": 0,
        "max": 1,
        "mean": 1,
        "median": 1,
        "min": 1,
        "var": 0
    },
    "silence_rate_30dB": {
        "dmean": 0.0083565460518,
        "dmean2": 0.016736401245,
        "dvar": 0.00828670430928,
        "dvar2": 0.0164562650025,
        "max": 1,
        "mean": 0.977746844292,
        "median": 1,
        "min": 0,
        "var": 0.0217579677701
    },
    "silence_rate_60dB": {
        "dmean": 0.0362116992474,
        "dmean2": 0.0725244060159,
        "dvar": 0.0349002480507,
        "dvar2": 0.0700542926788,
        "max": 1,
        "mean": 0.630041718483,
        "median": 1,
        "min": 0,
        "var": 0.233089968562
    },
    "spectral_centroid": {
        "dmean": 165.933639526,
        "dmean2": 245.929519653,
        "dvar": 109001.617188,
        "dvar2": 206883.28125,
        "max": 11060.3789062,
        "mean": 1445.60644531,
        "median": 1298.24279785,
        "min": 501.017883301,
        "var": 669015.75
    },
    "spectral_complexity": {
        "dmean": 0.974930346012,
        "dmean2": 1.59832632542,
        "dvar": 1.75424206257,
        "dvar2": 3.76056718826,
        "max": 19,
        "mean": 4.13630056381,
        "median": 4,
        "min": 0,
        "var": 7.54749298096
    },
    "spectral_crest": {
        "dmean": 2.07073235512,
        "dmean2": 3.06707000732,
        "dvar": 5.96651268005,
        "dvar2": 12.5984554291,
        "max": 26.6277923584,
        "mean": 16.592086792,
        "median": 16.2549972534,
        "min": 4.29595804214,
        "var": 43.9558906555
    },
    "spectral_decrease": {
        "dmean": 7.73877684157e-10,
        "dmean2": 8.84698037051e-10,
        "dvar": 8.49720705219e-18,
        "dvar2": 1.2909088173e-17,
        "max": 1.89574014991e-28,
        "mean": -2.84185386334e-09,
        "median": -3.34089117482e-10,
        "min": -5.85705350886e-08,
        "var": 4.9428346248e-17
    },
    "spectral_energy": {
        "dmean": 0.00312433904037,
        "dmean2": 0.00356584484689,
        "dvar": 0.000138425370096,
        "dvar2": 0.000209951016586,
        "max": 0.237183213234,
        "mean": 0.0115081723779,
        "median": 0.00140590779483,
        "min": 1.08389070344e-20,
        "var": 0.000807217496913
    },
    "spectral_energyband_high": {
        "dmean": 2.19982553062e-06,
        "dmean2": 3.62955847777e-06,
        "dvar": 8.22023352165e-12,
        "dvar2": 2.0670617995e-11,
        "max": 3.74623923562e-05,
        "mean": 7.63306070439e-06,
        "median": 6.81800020175e-06,
        "min": 7.94886479775e-21,
        "var": 4.26219649852e-11
    },
    "spectral_energyband_low": {
        "dmean": 1.45166504808e-05,
        "dmean2": 2.3726703148e-05,
        "dvar": 1.04056641081e-09,
        "dvar2": 2.50333509477e-09,
        "max": 0.000374505994841,
        "mean": 2.19029370783e-05,
        "median": 9.02989086171e-06,
        "min": 4.17026615934e-23,
        "var": 1.64710389772e-09
    },
    "spectral_energyband_middle_high": {
        "dmean": 0.000537215732038,
        "dmean2": 0.00059477071045,
        "dvar": 3.10865789288e-06,
        "dvar2": 3.61398724635e-06,
        "max": 0.0535673685372,
        "mean": 0.00201741373166,
        "median": 0.000681737263221,
        "min": 1.37021600091e-21,
        "var": 2.4280656362e-05
    },
    "spectral_energyband_middle_low": {
        "dmean": 0.00292156776413,
        "dmean2": 0.0033127469942,
        "dvar": 0.000131877241074,
        "dvar2": 0.000199546499061,
        "max": 0.234337925911,
        "mean": 0.010425192304,
        "median": 0.000682820100337,
        "min": 2.89884925652e-22,
        "var": 0.000778262503445
    },
    "spectral_flatness_db": {
        "dmean": 0.0192685257643,
        "dmean2": 0.0266843419522,
        "dvar": 0.000481168535771,
        "dvar2": 0.000811705773231,
        "max": 0.522356152534,
        "mean": 0.254194170237,
        "median": 0.23037263751,
        "min": 0.0701900050044,
        "var": 0.00919650122523
    },
    "spectral_flux": {
        "dmean": 0.00978713389486,
        "dmean2": 0.0166596919298,
        "dvar": 0.00101518037263,
        "dvar2": 0.00270964344963,
        "max": 0.428308993578,
        "mean": 0.0188730191439,
        "median": 0.0120051540434,
        "min": 6.90706103423e-11,
        "var": 0.000961932528298
    },
    "spectral_kurtosis": {
        "dmean": 6.12073945999,
        "dmean2": 10.1167087555,
        "dvar": 69.0482406616,
        "dvar2": 173.544158936,
        "max": 155.57194519,
        "mean": 19.933221817,
        "median": 11.4101915359,
        "min": -1.19326651096,
        "var": 497.017700195
    },
    "spectral_rms": {
        "dmean": 0.000327112356899,
        "dmean2": 0.000393069989514,
        "dvar": 6.93397112173e-07,
        "dvar2": 1.07550704342e-06,
        "max": 0.0152117805555,
        "mean": 0.00222584954463,
        "median": 0.00117116072215,
        "min": 3.25185234643e-12,
        "var": 6.27307463219e-06
    },
    "spectral_rolloff": {
        "dmean": 294.116546631,
        "dmean2": 503.311767578,
        "dvar": 795223.6875,
        "dvar2": 1425348.375,
        "max": 19099.9511719,
        "mean": 1741.61242676,
        "median": 1507.32421875,
        "min": 452.197265625,
        "var": 4100084
    },
    "spectral_skewness": {
        "dmean": 0.496900469065,
        "dmean2": 0.82630687952,
        "dvar": 0.264760911465,
        "dvar2": 0.671916782856,
        "max": 10.4699678421,
        "mean": 2.83210587502,
        "median": 2.26722216606,
        "min": 0.00992560572922,
        "var": 2.80051207542
    },
    "spectral_spread": {
        "dmean": 371350.09375,
        "dmean2": 616888.5,
        "dvar": 1.26871181722e+12,
        "dvar2": 2.27521304986e+12,
        "max": 40378684,
        "mean": 2766139.75,
        "median": 2641247.25,
        "min": 517884.46875,
        "var": 4.95259589018e+12
    },
    "spectral_strongpeak": {
        "dmean": 0.354528993368,
        "dmean2": 0.465129315853,
        "dvar": 0.511583089828,
        "dvar2": 0.843454182148,
        "max": 14.079164505,
        "mean": 1.73084652424,
        "median": 0.870060026646,
        "min": 0,
        "var": 4.74535226822
    },
    "zerocrossingrate": {
        "dmean": 0.00624088710174,
        "dmean2": 0.00752511527389,
        "dvar": 0.000307042209897,
        "dvar2": 0.000356669916073,
        "max": 0.52490234375,
        "mean": 0.0610928796232,
        "median": 0.052734375,
        "min": 0.01953125,
        "var": 0.00280412519351
    },
    "barkbands": {
        "dmean": [3.44585328094e-06, 9.67352571024e-06, 5.29805902261e-06, 3.33367074745e-06, 7.80997743277e-06, 1.82022595254e-05, 0.000298329454381, 0.000582427252084, 0.00157556543127, 0.000729459978174, 9.21008177102e-05, 2.46640684054e-05, 4.1802173655e-05, 7.36740839784e-05, 2.78239367617e-05, 3.17912381433e-05, 2.17641263589e-05, 1.66240060935e-05, 6.01638203079e-06, 1.37674251164e-05, 1.66608162999e-06, 5.5068983329e-07, 1.7612667591e-07, 8.03849502518e-08, 2.07585202361e-08, 1.61129705134e-08, 1.38956224305e-07],
        "dmean2": [5.80680216444e-06, 1.6365227566e-05, 8.76714511833e-06, 5.62944251215e-06, 1.25372489492e-05, 2.88628689304e-05, 0.000489570433274, 0.000786862103269, 0.00169839104638, 0.000708579435013, 0.00011935121438, 3.43351493939e-05, 6.03051339567e-05, 9.66819206951e-05, 4.23374476668e-05, 4.80051676277e-05, 3.41747836501e-05, 2.73202822427e-05, 1.04964929051e-05, 2.24367740884e-05, 2.76166497315e-06, 9.33051865104e-07, 2.93172377042e-07, 1.41821629995e-07, 3.47416104773e-08, 2.76813505451e-08, 2.22505008196e-07],
        "dvar": [1.64826312321e-11, 4.83812379048e-10, 2.16430234845e-10, 9.08807681888e-11, 6.94458879291e-10, 9.76186598223e-09, 8.56841143104e-06, 1.2372927813e-05, 0.00010100761574, 1.18398311315e-05, 6.29434708799e-08, 2.19453042405e-08, 4.35717666392e-08, 4.6768700912e-08, 5.17716802761e-09, 3.45095818588e-09, 1.87230764226e-09, 6.49286568954e-10, 1.34414063213e-10, 4.08231504156e-10, 6.9059107391e-12, 5.53086981596e-13, 5.47316369743e-14, 1.02861699057e-14, 4.83560680494e-16, 2.42038420598e-16, 1.98598563538e-14],
        "dvar2": [4.40409896052e-11, 1.23638277394e-09, 5.3539078726e-10, 2.19982088101e-10, 1.73084679922e-09, 2.43906317365e-08, 1.68170536199e-05, 2.08272158488e-05, 0.000152967128088, 1.23921026898e-05, 8.73965433357e-08, 5.34439728028e-08, 8.96973020303e-08, 7.28476265976e-08, 1.27361809987e-08, 7.81872966371e-09, 4.67682159666e-09, 1.78609504964e-09, 3.9711597899e-10, 1.00929664626e-09, 1.75355702181e-11, 1.49009428928e-12, 1.47740516652e-13, 2.8451907849e-14, 1.37991111525e-15, 7.21596949826e-16, 5.33833434814e-14],
        "max": [3.19074133586e-05, 0.000296558544505, 0.000198877954972, 0.000115958508104, 0.000299125560559, 0.00144962174818, 0.0738884955645, 0.0825444459915, 0.226371467113, 0.113071262836, 0.00726111326367, 0.00291904434562, 0.00424920069054, 0.00575832417235, 0.00150239618961, 0.000723563833162, 0.000457718095277, 0.000288409355562, 8.51193690323e-05, 0.000221774695092, 3.44504078384e-05, 6.4730484155e-06, 2.73864475275e-06, 1.09382222035e-06, 2.82254461581e-07, 1.4708945173e-07, 1.90992477656e-06],
        "mean": [3.89976275983e-06, 1.16163873827e-05, 6.15486487732e-06, 3.64498282579e-06, 9.91519755189e-06, 1.66647059814e-05, 0.00101363006979, 0.00216149492189, 0.00488012656569, 0.0025883668568, 0.000195977350813, 4.93992301926e-05, 0.000128010840854, 0.000228737771977, 5.16613217769e-05, 5.85022025916e-05, 3.5256769479e-05, 2.46969520958e-05, 7.93238632468e-06, 2.63019301201e-05, 3.7815630094e-06, 1.21936341202e-06, 4.45278288908e-07, 2.28051888485e-07, 8.87452813458e-08, 4.05829467809e-08, 4.02507566832e-07],
        "median": [2.22712151299e-06, 4.61762010673e-06, 1.13247915579e-06, 4.18641661781e-07, 8.39673930386e-07, 8.26064194825e-07, 1.06724803572e-06, 1.00934084912e-06, 9.66186707956e-05, 0.000109694170533, 0.000105808379885, 2.38013555531e-07, 9.10101880436e-06, 4.61936870124e-05, 1.56795995281e-05, 1.90799855773e-05, 5.71738337385e-06, 1.4116561033e-05, 1.60285821948e-06, 1.34938900374e-05, 2.26069801101e-06, 9.4764016012e-07, 3.63764627309e-07, 2.20744425405e-07, 9.28267667177e-08, 3.8346030351e-08, 3.55959855369e-07],
        "min": [7.3447703163e-25, 1.54869725116e-23, 8.34509761451e-24, 7.82838819957e-24, 1.97583813675e-23, 5.04275957338e-23, 5.27932917698e-23, 8.5158536572e-24, 7.25549705758e-23, 3.34353677523e-23, 6.34775228959e-23, 8.14037306348e-23, 6.2785862276e-23, 8.9716412377e-23, 1.57668783468e-22, 2.00640611817e-22, 2.0801908661e-22, 1.24399174324e-22, 1.63764179154e-22, 2.05094078726e-22, 2.93657977942e-22, 5.19897151377e-22, 6.74612591077e-22, 6.27369188211e-22, 1.1605395491e-21, 1.70795873217e-21, 2.27772098043e-21],
        "var": [2.13306958902e-11, 5.72692449019e-10, 2.87187745807e-10, 1.18599893795e-10, 9.97961935312e-10, 8.31739654927e-09, 3.22105515806e-05, 8.467482985e-05, 0.000571296433918, 0.000108209977043, 2.06108708767e-07, 5.62037172358e-08, 2.29821168318e-07, 3.94965809392e-07, 1.61527804465e-08, 8.62703242177e-09, 4.14347667288e-09, 9.89559878484e-10, 1.85566645383e-10, 1.34541411345e-09, 2.12885195583e-11, 1.33844812403e-12, 1.90611401988e-13, 3.18903466189e-14, 3.2821842727e-15, 6.79438425975e-16, 6.86414900614e-14]
    },
    "erbbands": {
        "dmean": [0.000261164765107, 0.00233106082305, 0.00631797825918, 0.0076161804609, 0.0149948578328, 0.0289807058871, 0.0728111341596, 0.302959531546, 4.06348657608, 5.39453554153, 12.9877166748, 23.5833568573, 50.6325683594, 6.53359603882, 2.96045160294, 1.17845666409, 2.1198515892, 4.05649757385, 1.26256811619, 1.88873517513, 2.35360193253, 0.765787005424, 0.639310419559, 0.727135002613, 0.482287228107, 0.517121315002, 0.0871600285172, 0.056869789958, 0.0167619977146, 0.00935229845345, 0.00442408910021, 0.00257030990906, 0.00105874054134, 0.000317604222801, 0.00015426169557, 6.27768677077e-05, 5.04284726048e-05, 0.000218845671043, 6.23117966825e-06, 3.618490382e-06],
        "dmean2": [0.000449177401606, 0.00395204219967, 0.0102930003777, 0.0126075036824, 0.0254620350897, 0.0486762300134, 0.116478137672, 0.473937362432, 6.54701185226, 7.90692806244, 18.4511985779, 27.7873764038, 45.3315925598, 7.74798965454, 3.72924733162, 1.6988350153, 3.00576066971, 5.41463041306, 1.63724887371, 3.06277108192, 3.53342342377, 1.20051312447, 1.04259777069, 1.23621606827, 0.77663397789, 0.855086863041, 0.144542917609, 0.0976211056113, 0.0287424065173, 0.0162096563727, 0.00729250395671, 0.00446832273155, 0.00178837240674, 0.000536734529305, 0.000257103471085, 0.000106003244582, 8.5815845523e-05, 0.000350565707777, 9.67656978901e-06, 4.13517818743e-06],
        "dvar": [1.57123892564e-07, 3.59499026672e-05, 0.000326813809806, 0.000479294365505, 0.00242084707133, 0.012177134864, 0.0980340316892, 4.7109670639, 1711.95922852, 866.916015625, 5266.41357422, 18121.3183594, 54686.1015625, 887.593078613, 57.0734825134, 44.9032249451, 107.400352478, 159.049438477, 17.308221817, 7.54701375961, 15.9562454224, 1.60789608955, 0.899032950401, 1.00766170025, 0.799226462841, 0.532914876938, 0.0247554946691, 0.00688359187916, 0.000482979463413, 0.000144431120134, 2.87134116661e-05, 1.16337223517e-05, 1.5739221908e-06, 1.30429683054e-07, 2.74594764704e-08, 4.32114566351e-09, 2.24252638681e-09, 4.92966449883e-08, 5.4535632954e-11, 1.83696835521e-10],
        "dvar2": [4.2134925593e-07, 9.03567997739e-05, 0.000769160455093, 0.00115233531687, 0.00599460536614, 0.0316076017916, 0.228990718722, 10.6456565857, 3238.890625, 1551.47888184, 9451.61328125, 30639.5, 69318.4140625, 1458.83032227, 76.7495346069, 113.228782654, 218.694519043, 283.593933105, 36.2228393555, 18.9011764526, 35.8423309326, 3.99653434753, 2.43718218803, 2.88987493515, 1.96383070946, 1.44573509693, 0.0629546418786, 0.0198010448366, 0.00134639348835, 0.000412472494645, 7.93661602074e-05, 3.24100874423e-05, 4.38194729213e-06, 3.89877754969e-07, 7.92817687056e-08, 1.20425163175e-08, 6.48218101418e-09, 1.32436142053e-07, 1.14011397545e-10, 2.77830286555e-10],
        "max": [0.00428025377914, 0.0788371115923, 0.265752762556, 0.261064112186, 0.558558642864, 1.39734077454, 4.33826160431, 50.5132789612, 1098.02319336, 622.473083496, 1564.31604004, 2636.86865234, 5040.109375, 688.967529297, 224.189086914, 148.371917725, 220.425567627, 295.247711182, 90.7294616699, 29.6044902802, 50.6465759277, 13.906463623, 9.94804096222, 9.48402404785, 10.7185974121, 7.43234825134, 1.82984125614, 1.14643537998, 0.223319038749, 0.122601993382, 0.0710182189941, 0.0317233130336, 0.0126701043919, 0.00436332123354, 0.00210617040284, 0.000828827440273, 0.000587456685025, 0.00304146530107, 0.000142530931043, 0.00027500683791],
        "mean": [0.000301697320538, 0.00272316695191, 0.00751316454262, 0.0098922085017, 0.0182852875441, 0.034992415458, 0.0872124657035, 0.636008501053, 14.804649353, 18.2818927765, 46.5228271484, 68.566947937, 185.869155884, 19.3559131622, 6.99932909012, 2.71260380745, 6.92583751678, 12.3318061829, 3.73484873772, 3.0110938549, 4.10514116287, 1.3469170332, 1.09507799149, 1.13583707809, 0.94113355875, 0.939494371414, 0.167541414499, 0.125364094973, 0.042238201946, 0.0242579244077, 0.0121418256313, 0.00632817484438, 0.00278006005101, 0.00114802166354, 0.000565555121284, 0.000235385450651, 0.000156326786964, 0.000645132153295, 2.25234343816e-05, 1.36442167786e-05],
        "median": [0.000169461985934, 0.000803804316092, 0.00150659168139, 0.00147818319965, 0.00188097113278, 0.00259571801871, 0.00550242979079, 0.00805950444192, 0.0191490463912, 0.0341266356409, 0.0975544601679, 2.40103244781, 8.45815086365, 3.08521604538, 3.93651390076, 0.272089481354, 0.835625886917, 2.76816344261, 0.699758827686, 1.7486730814, 2.05076599121, 0.633905649185, 0.696594357491, 0.704362869263, 0.281523764133, 0.663444280624, 0.0983296632767, 0.0961372479796, 0.0364948920906, 0.0206152163446, 0.010676083155, 0.00574663421139, 0.00257725454867, 0.00116908270866, 0.000579768966418, 0.000242848997004, 0.000154078268679, 0.000574321777094, 1.91435938177e-05, 2.08660958378e-06],
        "min": [1.58219824898e-22, 4.28636026916e-21, 1.05710782305e-20, 3.20411124459e-20, 4.25446227835e-20, 5.94718949736e-20, 4.59999636435e-19, 3.4910338327e-19, 5.63222419401e-19, 2.28023166746e-19, 5.20577950102e-19, 1.60627473456e-18, 1.23587866249e-18, 1.86868599657e-18, 2.52398116617e-18, 3.16594549302e-18, 2.86463854424e-18, 4.99951064154e-18, 5.15379388786e-18, 9.99887239058e-18, 1.20652324265e-17, 1.20983097248e-17, 7.97903878261e-18, 7.03813241636e-18, 8.20675746934e-18, 1.11521830217e-17, 1.36744585414e-17, 1.15893479754e-17, 1.71171064959e-17, 1.5709344355e-17, 2.03694036478e-17, 1.34468242271e-17, 1.16582736272e-17, 1.0994298231e-17, 9.91676727016e-18, 5.55732609147e-18, 3.40926149738e-18, 1.29716705902e-18, 3.28519329769e-19, 3.2798884204e-20],
        "var": [1.83579274449e-07, 4.2420499085e-05, 0.000439657917013, 0.000688488129526, 0.00307880877517, 0.0140554765239, 0.123767271638, 10.7755451202, 7200.79345703, 4426.00292969, 31674.5058594, 81791.4375, 415327.5625, 3166.77856445, 200.809921265, 103.140213013, 596.374206543, 1074.4675293, 85.8243026733, 12.5810651779, 36.7373428345, 3.64105796814, 1.55434286594, 1.65219116211, 2.73143219948, 1.06865620613, 0.0516706518829, 0.0183125752956, 0.00133282423485, 0.000457857968286, 0.00011700468167, 2.85951209662e-05, 4.70566374133e-06, 6.09830067333e-07, 1.26350940377e-07, 1.76612022784e-08, 7.26202786794e-09, 1.71581532982e-07, 3.26073640311e-10, 1.07718067799e-09]
    },
    "gfcc": {
        "mean": [-224.411224365, 68.0470352173, -174.606292725, -21.3965511322, -35.0855789185, 4.78401374817, 4.64576673508, 20.0447711945, -6.09548664093, -5.15711355209, -22.1963386536, -1.83156871796, -3.29459381104],
        "cov": [[17858.6484375, 1953.63769531, -3003.81958008, -325.730621338, -1059.72265625, -879.525146484, 126.265365601, 237.044769287, 598.037536621, 300.158874512, 28.7396850586, -853.398864746, -634.306335449], [1953.63769531, 1370.3861084, 186.215682983, -689.829040527, -218.145492554, -352.706268311, -138.322006226, -171.044082642, 110.924354553, -11.0656747818, 81.788444519, -180.130371094, -112.202224731], [-3003.81958008, 186.215682983, 1002.45751953, -32.6315193176, 186.698883057, -7.03519439697, -144.354019165, -159.977722168, -102.07699585, -53.3665351868, 54.6722793579, 202.906646729, 91.6756515503], [-325.730621338, -689.829040527, -32.6315193176, 817.414794922, 174.072280884, 126.123641968, -28.7120685577, 51.1877174377, -120.800552368, 51.0756111145, 31.4918479919, 217.922576904, 32.082572937], [-1059.72265625, -218.145492554, 186.698883057, 174.072280884, 374.755310059, 265.749389648, 40.2606811523, -49.7340431213, -134.009674072, -117.905883789, -112.496269226, 121.792175293, 107.602760315], [-879.525146484, -352.706268311, -7.03519439697, 126.123641968, 265.749389648, 367.672088623, 143.457397461, 7.29097604752, -126.687393188, -122.751968384, -132.12701416, 59.7075843811, 105.240188599], [126.265365601, -138.322006226, -144.354019165, -28.7120685577, 40.2606811523, 143.457397461, 231.768371582, 107.982284546, -33.3795166016, -81.3609313965, -98.6216583252, -84.9798126221, 27.6613998413], [237.044769287, -171.044082642, -159.977722168, 51.1877174377, -49.7340431213, 7.29097604752, 107.982284546, 183.69203186, 44.2269096375, -11.8041734695, -40.2956924438, -48.5968399048, -13.8369913101], [598.037536621, 110.924354553, -102.07699585, -120.800552368, -134.009674072, -126.687393188, -33.3795166016, 44.2269096375, 174.482879639, 93.7375640869, 39.7455863953, -88.1993637085, -75.5676498413], [300.158874512, -11.0656747818, -53.3665351868, 51.0756111145, -117.905883789, -122.751968384, -81.3609313965, -11.8041734695, 93.7375640869, 166.826065063, 114.913543701, -5.23338270187, -76.6691436768], [28.7396850586, 81.788444519, 54.6722793579, 31.4918479919, -112.496269226, -132.12701416, -98.6216583252, -40.2956924438, 39.7455863953, 114.913543701, 166.981277466, 53.2750167847, -65.1345825195], [-853.398864746, -180.130371094, 202.906646729, 217.922576904, 121.792175293, 59.7075843811, -84.9798126221, -48.5968399048, -88.1993637085, -5.23338270187, 53.2750167847, 256.501831055, 93.3468399048], [-634.306335449, -112.202224731, 91.6756515503, 32.082572937, 107.602760315, 105.240188599, 27.6613998413, -13.8369913101, -75.5676498413, -76.6691436768, -65.1345825195, 93.3468399048, 161.54258728]],
        "icov": [[0.000530607067049, -0.00147593568545, 0.00170027348213, -0.00111735879909, 0.000306147820083, 0.000516309344675, -0.000904200831428, 0.000600061262958, -0.00073809211608, -0.000261034292635, 0.00136031978764, -0.000863563560415, 0.000559601816349], [-0.00147593568545, 0.00639820471406, -0.00471976771951, 0.00444321101531, -0.0016236625379, 0.000876209698617, 0.00227416306734, 9.86072045635e-05, 0.00173115718644, 0.00288822012953, -0.0048430589959, 0.00284731457941, -0.000843059679028], [0.00170027348213, -0.00471976771951, 0.00707075046375, -0.00315227848478, -0.000328770285705, 0.00254953303374, -0.0026992300991, 0.00228383555077, -0.0021213486325, -0.000226366188144, 0.00339685520157, -0.00345475762151, 0.00149344734382], [-0.00111735879909, 0.00444321101531, -0.00315227848478, 0.00587702635676, -0.00233582453802, 0.000234558683587, 0.00255730794743, -0.002571715042, 0.00433890288696, -0.0014808831038, -0.00255332817324, 0.000225205702009, 0.000232573715039], [0.000306147820083, -0.0016236625379, -0.000328770285705, -0.00233582453802, 0.0100777922198, -0.00546546280384, 0.000214942425373, 0.00216209492646, -0.000985249294899, 0.000396262883442, 0.00599176669493, -0.00308325374499, 0.00164577795658], [0.000516309344675, 0.000876209698617, 0.00254953303374, 0.000234558683587, -0.00546546280384, 0.0124537386, -0.00641636690125, 0.00413780799136, 1.4097418898e-05, 0.00105940725189, 0.00235735019669, -0.00232987338677, 0.000929053407162], [-0.000904200831428, 0.00227416306734, -0.0026992300991, 0.00255730794743, 0.000214942425373, -0.00641636690125, 0.0151363303885, -0.00876410026103, 0.00500179314986, 0.00111438008025, -0.00404326384887, 0.00699078151956, -0.00305372383446], [0.000600061262958, 9.86072045635e-05, 0.00228383555077, -0.002571715042, 0.00216209492646, 0.00413780799136, -0.00876410026103, 0.0151345478371, -0.00748121831566, 0.00460603274405, 0.00363426469266, -0.00377344968729, 0.00263282260858], [-0.00073809211608, 0.00173115718644, -0.0021213486325, 0.00433890288696, -0.000985249294899, 1.4097418898e-05, 0.00500179314986, -0.00748121831566, 0.0177268888801, -0.0102299768478, 0.00160124502145, 0.00294593325816, 0.000176748420927], [-0.000261034292635, 0.00288822012953, -0.000226366188144, -0.0014808831038, 0.000396262883442, 0.00105940725189, 0.00111438008025, 0.00460603274405, -0.0102299768478, 0.0238609369844, -0.0129927238449, 0.0029896015767, 0.000226105490583], [0.00136031978764, -0.0048430589959, 0.00339685520157, -0.00255332817324, 0.00599176669493, 0.00235735019669, -0.00404326384887, 0.00363426469266, 0.00160124502145, -0.0129927238449, 0.0277521368116, -0.0121229430661, 0.00881130155176], [-0.000863563560415, 0.00284731457941, -0.00345475762151, 0.000225205702009, -0.00308325374499, -0.00232987338677, 0.00699078151956, -0.00377344968729, 0.00294593325816, 0.0029896015767, -0.0121229430661, 0.0159520637244, -0.00875491742045], [0.000559601816349, -0.000843059679028, 0.00149344734382, 0.000232573715039, 0.00164577795658, 0.000929053407162, -0.00305372383446, 0.00263282260858, 0.000176748420927, 0.000226105490583, 0.00881130155176, -0.00875491742045, 0.0147570008412]]
    },
    "melbands": {
        "dmean": [2.54962628787e-06, 3.15758370562e-06, 1.42673798109e-06, 1.56553380748e-06, 2.22564767682e-06, 6.24021004114e-06, 6.43030725769e-05, 8.05226736702e-05, 9.88147658063e-05, 0.000194346546778, 0.000252681405982, 2.08912679227e-05, 1.34638921736e-05, 2.49729828283e-06, 4.3306522457e-06, 4.15115118813e-06, 8.39113181428e-06, 2.05351352633e-06, 1.93390906134e-06, 1.96616565518e-06, 3.36235348186e-06, 1.01415412246e-06, 2.56058115156e-07, 1.20157892525e-06, 5.69239205106e-07, 1.21874805359e-07, 6.64690503527e-07, 2.79346068055e-07, 6.41105870614e-08, 3.775161872e-08, 3.03729841278e-08, 8.18790635293e-09, 1.41684468602e-08, 4.90608664805e-09, 3.77229625315e-09, 1.48488932261e-09, 1.45953304997e-09, 9.45117095696e-10, 3.63743063447e-10, 2.97353308643e-10],
        "dmean2": [4.33512605014e-06, 5.17397211297e-06, 2.35155744122e-06, 2.63704805548e-06, 3.58709507964e-06, 1.08172816908e-05, 0.000104534388811, 0.000112866735435, 0.00013937325275, 0.000218051020056, 0.000226673902944, 2.69278662017e-05, 1.69826744241e-05, 3.41553550243e-06, 6.21564277026e-06, 6.01747069595e-06, 1.10288638098e-05, 2.62588309852e-06, 3.04592458633e-06, 3.13787018058e-06, 5.11110920343e-06, 1.60331012466e-06, 4.13867638827e-07, 1.98427437681e-06, 9.75109401224e-07, 1.95696046035e-07, 1.07449534426e-06, 4.73083446195e-07, 1.08287359524e-07, 6.45909068453e-08, 5.18220630852e-08, 1.39223175211e-08, 2.44136444394e-08, 8.3974045495e-09, 6.22049745047e-09, 2.51737342083e-09, 2.55869991861e-09, 1.5908709905e-09, 6.05696381939e-10, 5.07000719185e-10],
        "dvar": [2.19337187302e-11, 7.6271260141e-11, 1.66585443356e-11, 2.85488195584e-11, 8.1858415879e-11, 2.20576712451e-09, 4.17246099005e-07, 2.11465334132e-07, 2.71202821978e-07, 1.42735791542e-06, 1.39054031933e-06, 1.43821550225e-08, 1.2797461979e-09, 2.27941096553e-10, 4.61162025234e-10, 3.52933654524e-10, 6.73089084469e-10, 4.37672467712e-11, 2.02685750128e-11, 7.56348716296e-12, 2.77580562702e-11, 4.2833085169e-12, 5.14555629008e-13, 3.35002034793e-12, 7.70237389494e-13, 6.31918901429e-14, 1.22173527805e-12, 1.72682818023e-13, 1.89690470498e-14, 2.74676521762e-15, 1.65668601291e-15, 1.19376323723e-16, 4.16144666478e-16, 4.87404992465e-17, 2.2737669718e-17, 3.4488245121e-18, 3.87548840796e-18, 1.26211497037e-18, 2.2292913004e-19, 1.09099939992e-19],
        "dvar2": [5.74413745735e-11, 1.79419257229e-10, 3.82077564032e-11, 7.40051839254e-11, 1.9507657989e-10, 6.19459239459e-09, 7.98757525899e-07, 3.51113897068e-07, 4.88543946631e-07, 2.27010991694e-06, 1.76908622507e-06, 2.45919977715e-08, 1.71457714693e-09, 5.34339739122e-10, 9.74027303258e-10, 8.03110911107e-10, 1.09171760521e-09, 8.35086375051e-11, 5.27666660366e-11, 1.86995974261e-11, 6.20071771706e-11, 1.0786266845e-11, 1.33234287318e-12, 9.18977827863e-12, 2.24582050005e-12, 1.57792791962e-13, 2.98480619561e-12, 4.76264318781e-13, 4.96214058883e-14, 7.56017986522e-15, 4.70817419204e-15, 3.22678260048e-16, 1.17947072092e-15, 1.36109168429e-16, 6.34209698858e-17, 9.31940638309e-18, 1.04804155842e-17, 3.50574405082e-18, 5.52726221211e-19, 3.27133647146e-19],
        "max": [6.3302795752e-05, 0.000115569586342, 4.97647597513e-05, 6.55759795336e-05, 0.000115661285236, 0.000970387947746, 0.0170225668699, 0.0110791670159, 0.0102113708854, 0.0253988169134, 0.0255205724388, 0.00301183317788, 0.00108194246422, 0.000329055794282, 0.000361357961083, 0.000299314066069, 0.000679022748955, 0.000131265624077, 6.42183076707e-05, 2.9812221328e-05, 6.05699242442e-05, 2.20727361011e-05, 1.27320354295e-05, 2.0046127247e-05, 8.64718276716e-06, 2.76881360151e-06, 1.31660399347e-05, 4.4830171646e-06, 1.40358770295e-06, 6.01592489602e-07, 5.28162843239e-07, 1.03176766686e-07, 2.09145881058e-07, 6.3763671676e-08, 6.08888512943e-08, 1.60748161449e-08, 2.3026773377e-08, 1.10058229197e-08, 9.55684953396e-09, 3.30562799356e-09],
        "mean": [3.21251764035e-06, 3.96122140955e-06, 1.93776395463e-06, 1.85399835573e-06, 2.49765071203e-06, 7.91568982095e-06, 0.000225889671128, 0.000289211486233, 0.000327536021359, 0.00060330965789, 0.000928907538764, 5.32443264092e-05, 2.9455508411e-05, 4.72661577078e-06, 1.32814166136e-05, 1.16768915177e-05, 2.57523388427e-05, 6.32268984191e-06, 3.3160338262e-06, 3.28824285134e-06, 5.50673166799e-06, 1.59440583047e-06, 4.35112866626e-07, 1.7685434841e-06, 8.37066750137e-07, 2.17158984128e-07, 1.26454119709e-06, 4.10967459175e-07, 9.16281805985e-08, 7.45274277847e-08, 6.49813216569e-08, 1.91061300114e-08, 2.63306940695e-08, 1.00591188712e-08, 8.98665675209e-09, 3.39362871138e-09, 3.29860760928e-09, 2.05795291919e-09, 1.11546316628e-09, 8.54523451999e-10],
        "median": [1.71986380337e-06, 9.29020700369e-07, 2.82718929157e-07, 1.75709971018e-07, 1.7487020898e-07, 1.65610018144e-07, 2.31363941339e-07, 2.46034090878e-07, 1.60824740192e-07, 1.7162921722e-05, 3.93102091039e-05, 8.24982635095e-06, 1.59584051289e-05, 1.30530779074e-07, 1.21981017287e-07, 1.75062427843e-06, 4.62067600893e-06, 5.72914075292e-07, 1.29212583033e-06, 1.86856232176e-06, 2.6679263101e-06, 2.40593379885e-07, 3.15859658429e-08, 9.8226018963e-07, 4.15704846546e-07, 1.90073414785e-08, 4.79438256207e-07, 2.40947883867e-07, 1.64239466471e-08, 5.24986951689e-08, 4.85245230664e-08, 1.43597196356e-08, 1.93925870917e-08, 7.0222041515e-09, 7.18586345982e-09, 3.07963921031e-09, 2.81911516353e-09, 1.75879322217e-09, 1.0953878915e-09, 8.02014843426e-10],
        "min": [3.00531747416e-24, 5.92178948888e-24, 5.22285793799e-24, 3.38265291653e-24, 1.49379221661e-23, 8.25581985929e-24, 9.38807507199e-24, 1.66585433685e-24, 6.4882365839e-24, 1.05380780773e-23, 6.30805601998e-24, 7.19920220789e-24, 9.62114323758e-24, 5.55848985417e-24, 6.15093188817e-24, 6.52748123064e-24, 9.79070494485e-24, 6.56292041238e-24, 1.3157173591e-23, 1.23126814259e-23, 1.27334669325e-23, 1.29475282835e-23, 9.56372520773e-24, 6.47872292138e-24, 5.07236142107e-24, 6.07206946347e-24, 5.35520315991e-24, 6.92936208007e-24, 9.09015544025e-24, 7.54401567615e-24, 6.44333343788e-24, 1.03370684301e-23, 9.93983594354e-24, 8.04293154452e-24, 1.25119902891e-23, 9.71248780838e-24, 8.28350335503e-24, 6.90482613934e-24, 9.95933737398e-24, 8.0870675233e-24],
