{
"metadata": {
    "version": {
        "essentia": "2.0.1",
        "extractor": "archive-music 1.0"
    },
    "audio_properties": {
        "analysis_sample_rate": 44100,
        "bitrate": 128,
        "channels": 2,
        "equal_loudness": 0,
        "length": 17.1624488831,
        "replay_gain": -4.16012763977,
        "downmix": "mix"
    },
    "tags": {
        "track": 0,
        "year": 0,
        "album": "",
        "artist": "",
        "comment": "",
        "genre": "",
        "title": ""
    }
},
"highlevel": {
    "culture": {
        "all": {
            "non_western": 0.0451865792274,
            "western": 0.954813420773
        },
        "probability": 0.954813420773,
        "value": "western"
    },
    "danceability": {
        "all": {
            "danceable": 0.0334457196295,
            "not_danceable": 0.966554284096
        },
        "probability": 0.966554284096,
        "value": "not_danceable"
    },
    "gender": {
        "all": {
            "female": 0.575436711311,
            "male": 0.424563258886
        },
        "probability": 0.575436711311,
        "value": "female"
    },
    "genre_dortmund": {
        "all": {
            "alternative": 0.0284977648407,
            "blues": 0.00143551954534,
            "electronic": 0.00830641947687,
            "folkcountry": 0.0557010956109,
            "funksoulrnb": 0.00306307990104,
            "jazz": 0.881257593632,
            "pop": 0.0132583724335,
            "raphiphop": 0.000159806892043,
            "rock": 0.00832032132894
        },
        "probability": 0.881257593632,
        "value": "jazz"
    },
    "genre_electronic": {
        "all": {
            "ambient": 0.983397841454,
            "dnb": 0.00166287878528,
            "house": 0.006619151216,
            "techno": 0.00627211667597,
            "trance": 0.00204800977372
        },
        "probability": 0.983397841454,
        "value": "ambient"
    },
    "genre_rosamerica": {
        "all": {
            "cla": 0.3789242208,
            "dan": 0.00213439855725,
            "hip": 0.00214571109973,
            "jaz": 0.563283622265,
            "pop": 0.0181955322623,
            "rhy": 0.0114090144634,
            "roc": 0.00811454467475,
            "spe": 0.0157929453999
        },
        "probability": 0.563283622265,
        "value": "jaz"
    },
    "genre_tzanetakis": {
        "all": {
            "blu": 0.00840756855905,
            "cla": 0.547868490219,
            "cou": 0.00865449476987,
            "dis": 0.0069742850028,
            "hip": 0.00641222530976,
            "jaz": 0.349796533585,
            "met": 0.00138126360252,
            "pop": 0.014637991786,
            "reg": 0.0110519686714,
            "roc": 0.0448151752353
        },
        "probability": 0.547868490219,
        "value": "cla"
    },
    "mirex_ballroom": {
        "all": {
            "ChaChaCha": 0.000104540660686,
            "Jive": 3.92150068365e-05,
            "Quickstep": 0.000870817224495,
            "Rumba-American": 0.000196174602024,
            "Rumba-International": 0.0100971935317,
            "Rumba-Misc": 0.00413141213357,
            "Samba": 5.78250328545e-05,
            "Tango": 0.00140800676309,
            "VienneseWaltz": 0.0241623707116,
            "Waltz": 0.958932459354
        },
        "probability": 0.958932459354,
        "value": "Waltz"
    },
    "mood_acoustic": {
        "all": {
            "acoustic": 0.971542358398,
            "not_acoustic": 0.0284576527774
        },
        "probability": 0.971542358398,
        "value": "acoustic"
    },
    "mood_aggressive": {
        "all": {
            "aggressive": 0.0626087337732,
            "not_aggressive": 0.937391281128
        },
        "probability": 0.937391281128,
        "value": "not_aggressive"
    },
    "mood_electronic": {
        "all": {
            "electronic": 0.48625433445,
            "not_electronic": 0.51374566555
        },
        "probability": 0.51374566555,
        "value": "not_electronic"
    },
    "mood_happy": {
        "all": {
            "happy": 0.117332078516,
            "not_happy": 0.882667899132
        },
        "probability": 0.882667899132,
        "value": "not_happy"
    },
    "mood_party": {
        "all": {
            "not_party": 0.981016159058,
            "party": 0.0189838539809
        },
        "probability": 0.981016159058,
        "value": "not_party"
    },
    "mood_relaxed": {
        "all": {
            "not_relaxed": 2.1036992166e-06,
            "relaxed": 0.999997913837
        },
        "probability": 0.999997913837,
        "value": "relaxed"
    },
    "mood_sad": {
        "all": {
            "not_sad": 0.064677387476,
            "sad": 0.935322642326
        },
        "probability": 0.935322642326,
        "value": "sad"
    },
    "moods_mirex": {
        "all": {
            "Cluster1": 0.163002848625,
            "Cluster2": 0.110322497785,
            "Cluster3": 0.627459108829,
            "Cluster4": 0.0857316330075,
            "Cluster5": 0.0134839052334
        },
        "probability": 0.627459108829,
        "value": "Cluster3"
    },
    "timbre": {
        "all": {
            "bright": 0.252861887217,
            "dark": 0.747138082981
        },
        "probability": 0.747138082981,
        "value": "dark"
    },
    "tonal_atonal": {
        "all": {
            "atonal": 0.477583944798,
            "tonal": 0.522416055202
        },
        "probability": 0.522416055202,
        "value": "tonal"
    },
    "voice_instrumental": {
        "all": {
            "instrumental": 1,
            "voice": 1.44338736519e-08
        },
        "probability": 1,
        "value": "instrumental"
    }
},
"lowlevel": {
    "average_loudness": 0.850776553154,
    "barkbands_kurtosis": {
        "dmean": 1.73665487766,
        "dmean2": 2.63933801651,
        "dvar": 4.17273521423,
        "dvar2": 9.55352115631,
        "max": 23.7218837738,
        "mean": 4.04276371002,
        "median": 3.36312246323,
        "min": -1.47300422192,
        "var": 12.6685857773
    },
    "barkbands_skewness": {
        "dmean": 0.341148495674,
        "dmean2": 0.489596843719,
        "dvar": 0.111624896526,
        "dvar2": 0.206077501178,
        "max": 3.77439069748,
        "mean": 1.00828611851,
        "median": 1.01142728329,
        "min": -1.96459317207,
        "var": 0.565079689026
    },
    "barkbands_spread": {
        "dmean": 1.13192605972,
        "dmean2": 1.72563230991,
        "dvar": 12.3403606415,
        "dvar2": 29.1004714966,
        "max": 82.3907394409,
        "mean": 5.22760772705,
        "median": 4.67219924927,
        "min": 1.06992208958,
        "var": 22.3539524078
    },
    "dissonance": {
        "dmean": 0.041521217674,
        "dmean2": 0.0701745897532,
        "dvar": 0.00137175049167,
        "dvar2": 0.00359731819481,
        "max": 0.495739430189,
        "mean": 0.397930651903,
        "median": 0.409432858229,
        "min": 0.192505925894,
        "var": 0.00349596445449
    },
    "dynamic_complexity": 3.73123455048,
    "erbbands_kurtosis": {
        "dmean": 1.72381281853,
        "dmean2": 2.58424568176,
        "dvar": 4.76827907562,
        "dvar2": 10.2052516937,
        "max": 37.3084793091,
        "mean": 3.86490559578,
        "median": 2.7704000473,
        "min": -1.34858036041,
        "var": 14.4902133942
    },
    "erbbands_skewness": {
        "dmean": 0.333739519119,
        "dmean2": 0.507030546665,
        "dvar": 0.085107780993,
        "dvar2": 0.191103368998,
        "max": 3.77033305168,
        "mean": 1.00659775734,
        "median": 0.96953868866,
        "min": -0.753892540932,
        "var": 0.459720760584
    },
    "erbbands_spread": {
        "dmean": 2.32924103737,
        "dmean2": 3.45641899109,
        "dvar": 16.7162895203,
        "dvar2": 40.8589057922,
        "max": 91.4396743774,
        "mean": 11.7144708633,
        "median": 10.8073539734,
        "min": 1.80183196068,
        "var": 39.8621940613
    },
    "hfc": {
        "dmean": 2.02693486214,
        "dmean2": 2.8120071888,
        "dvar": 10.0190992355,
        "dvar2": 19.9309520721,
        "max": 51.0382614136,
        "mean": 9.50548744202,
        "median": 7.60826730728,
        "min": 1.20872938297e-16,
        "var": 59.3359527588
    },
    "melbands_kurtosis": {
        "dmean": 1.99004745483,
        "dmean2": 3.06776332855,
        "dvar": 7.39145374298,
        "dvar2": 17.5697212219,
        "max": 37.2853393555,
        "mean": 4.2892241478,
        "median": 3.42216825485,
        "min": -1.24158608913,
        "var": 16.1221237183
    },
    "melbands_skewness": {
        "dmean": 0.377385735512,
        "dmean2": 0.539568245411,
        "dvar": 0.130758613348,
        "dvar2": 0.2914750278,
        "max": 4.68983602524,
        "mean": 1.23036456108,
        "median": 1.21069467068,
        "min": -1.35361802578,
        "var": 0.658345162868
    },
    "melbands_spread": {
        "dmean": 1.49664902687,
        "dmean2": 2.35384488106,
        "dvar": 34.147731781,
        "dvar2": 60.0191879272,
        "max": 139.844070435,
        "mean": 7.5303235054,
        "median": 6.16379594803,
        "min": 2.25958275795,
        "var": 128.943862915
    },
    "pitch_salience": {
        "dmean": 0.0526271983981,
        "dmean2": 0.082611836493,
        "dvar": 0.00200200127438,
        "dvar2": 0.00483061047271,
        "max": 0.973631560802,
        "mean": 0.566465735435,
        "median": 0.57233029604,
        "min": 0.268553346395,
        "var": 0.00788680370897
    },
    "silence_rate_20dB": {
        "dmean": 0,
        "dmean2": 0,
        "dvar": 0,
        "dvar2": 0,
        "max": 1,
        "mean": 1,
        "median": 1,
        "min": 1,
        "var": 0
    },
    "silence_rate_30dB": {
        "dmean": 0.00540540553629,
        "dmean2": 0.0108254393563,
        "dvar": 0.00537623930722,
        "dvar2": 0.0161210242659,
        "max": 1,
        "mean": 0.997300922871,
        "median": 1,
        "min": 0,
        "var": 0.00269176368602
    },
    "silence_rate_60dB": {
        "dmean": 0.00270270276815,
        "dmean2": 0.00541271967813,
        "dvar": 0.00269542168826,
        "dvar2": 0.00538344914094,
        "max": 1,
        "mean": 0.0850202441216,
        "median": 0,
        "min": 0,
        "var": 0.0777922123671
    },
    "spectral_centroid": {
        "dmean": 50.5135345459,
        "dmean2": 72.7263336182,
        "dvar": 78524.8828125,
        "dvar2": 85448.5625,
        "max": 10515.6552734,
        "mean": 441.612304688,
        "median": 396.720184326,
        "min": 252.884628296,
        "var": 219990.453125
    },
    "spectral_complexity": {
        "dmean": 1.38108110428,
        "dmean2": 2.3518269062,
        "dvar": 1.46288633347,
        "dvar2": 3.74089670181,
        "max": 17,
        "mean": 9.68286132812,
        "median": 10,
        "min": 0,
        "var": 10.1598901749
    },
    "spectral_crest": {
        "dmean": 1.75966775417,
        "dmean2": 2.70479869843,
        "dvar": 2.30960655212,
        "dvar2": 5.4916062355,
        "max": 23.3457126617,
        "mean": 10.2793722153,
        "median": 9.5907201767,
        "min": 4.81714057922,
        "var": 9.98592472076
    },
    "spectral_decrease": {
        "dmean": 1.48771506225e-09,
        "dmean2": 2.16785545071e-09,
        "dvar": 3.54874462138e-18,
        "dvar2": 8.32369433818e-18,
        "max": 4.58093029887e-29,
        "mean": -7.49347872642e-09,
        "median": -6.08271610858e-09,
        "min": -2.90438748607e-08,
        "var": 2.97304957979e-17
    },
    "spectral_energy": {
        "dmean": 0.00578463869169,
        "dmean2": 0.00840854365379,
        "dvar": 5.40913097211e-05,
        "dvar2": 0.000126319529954,
        "max": 0.112629108131,
        "mean": 0.0291441939771,
        "median": 0.0236744824797,
        "min": 1.07906462156e-20,
        "var": 0.000449794111773
    },
    "spectral_energyband_high": {
        "dmean": 3.70188536181e-06,
        "dmean2": 6.33922718407e-06,
        "dvar": 4.89914844803e-11,
        "dvar2": 1.42290915162e-10,
        "max": 0.000138848670758,
        "mean": 1.24705766211e-05,
        "median": 7.31280988475e-06,
        "min": 7.94118268093e-21,
        "var": 2.55514082115e-10
    },
    "spectral_energyband_low": {
        "dmean": 0.00179624848533,
        "dmean2": 0.00243931170553,
        "dvar": 4.67900281365e-06,
        "dvar2": 8.35556420498e-06,
        "max": 0.0501219108701,
        "mean": 0.00922746676952,
        "median": 0.00609576608986,
        "min": 2.46899153397e-23,
        "var": 8.02660433692e-05
    },
    "spectral_energyband_middle_high": {
        "dmean": 0.000334143725922,
        "dmean2": 0.000506131502334,
        "dvar": 2.71853394906e-07,
        "dvar2": 5.51164816898e-07,
        "max": 0.00826816167682,
        "mean": 0.000918186618946,
        "median": 0.000669223547447,
        "min": 1.51906802052e-21,
        "var": 9.31438762564e-07
    },
    "spectral_energyband_middle_low": {
        "dmean": 0.00545882154256,
        "dmean2": 0.00797538924962,
        "dvar": 5.08146913489e-05,
        "dvar2": 0.000119594784337,
        "max": 0.10501845181,
        "mean": 0.0221078023314,
        "median": 0.0170705858618,
        "min": 3.41064252186e-22,
        "var": 0.000334273325279
    },
    "spectral_flatness_db": {
        "dmean": 0.0139479730278,
        "dmean2": 0.0204125139862,
        "dvar": 0.000159594841534,
        "dvar2": 0.000338919111528,
        "max": 0.393964856863,
        "mean": 0.270407855511,
        "median": 0.268855601549,
        "min": 0.0449188277125,
        "var": 0.00156086985953
    },
    "spectral_flux": {
        "dmean": 0.0142541974783,
        "dmean2": 0.023619921878,
        "dvar": 0.000298451195704,
        "dvar2": 0.000800499576144,
        "max": 0.227404609323,
        "mean": 0.0521727018058,
        "median": 0.0497012808919,
        "min": 1.03878038116e-10,
        "var": 0.000761770876125
    },
    "spectral_kurtosis": {
        "dmean": 10.1053037643,
        "dmean2": 17.5503101349,
        "dvar": 82.5614471436,
        "dvar2": 239.27293396,
        "max": 139.593185425,
        "mean": 28.3787841797,
        "median": 24.5572566986,
        "min": -1.17731034756,
        "var": 316.465545654
    },
    "spectral_rms": {
        "dmean": 0.000495965243317,
        "dmean2": 0.000714475580025,
        "dvar": 2.67971813628e-07,
        "dvar2": 6.10024301295e-07,
        "max": 0.0104824639857,
        "mean": 0.00490383664146,
        "median": 0.00480593973771,
        "min": 3.24460467174e-12,
        "var": 4.38578035755e-06
    },
    "spectral_rolloff": {
        "dmean": 97.5685501099,
        "dmean2": 166.146392822,
        "dvar": 724194.8125,
        "dvar2": 1271313,
        "max": 19315.2832031,
        "mean": 656.98059082,
        "median": 473.73046875,
        "min": 215.33203125,
        "var": 2966487.5
    },
    "spectral_skewness": {
        "dmean": 0.646830260754,
        "dmean2": 1.10949170589,
        "dvar": 0.260321229696,
        "dvar2": 0.762971222401,
        "max": 9.89467430115,
        "mean": 3.92005038261,
        "median": 3.74315571785,
        "min": 0.0494241975248,
        "var": 1.34158146381
    },
    "spectral_spread": {
        "dmean": 294972.46875,
        "dmean2": 434670.46875,
        "dvar": 1.43428380262e+12,
        "dvar2": 1.43452287795e+12,
        "max": 40368848,
        "mean": 1995068.125,
        "median": 1843364.875,
        "min": 614036.0625,
        "var": 3.29752929894e+12
    },
    "spectral_strongpeak": {
        "dmean": 0.361667901278,
        "dmean2": 0.583204984665,
        "dvar": 0.253488183022,
        "dvar2": 0.520693778992,
        "max": 6.80655431747,
        "mean": 0.995776236057,
        "median": 0.689893782139,
        "min": 0,
        "var": 0.950443804264
    },
    "zerocrossingrate": {
        "dmean": 0.00322265620343,
        "dmean2": 0.00423992006108,
        "dvar": 0.000303723907564,
        "dvar2": 0.000362544960808,
        "max": 0.5166015625,
        "mean": 0.0228760745376,
        "median": 0.01806640625,
        "min": 0.00634765625,
        "var": 0.00202632625587
    },
    "barkbands": {
        "dmean": [4.49666185887e-06, 0.000647997483611, 0.000701461744029, 0.00204626796767, 0.00141649378929, 0.00208209455013, 0.00134034489747, 0.00118135730736, 0.000612443021964, 0.000227618817007, 0.000144219899084, 0.000121241013403, 3.37891906383e-05, 2.27070995606e-05, 2.40379795287e-05, 1.09812253868e-05, 5.90436502534e-06, 5.68051336813e-06, 4.51791447631e-06, 3.40675819643e-06, 1.64251935075e-06, 9.07002402073e-07, 2.89553156563e-07, 9.12096069783e-08, 4.17764312033e-08, 2.47071749726e-08, 7.51588391523e-09],
        "dmean2": [7.49532318878e-06, 0.00087046000408, 0.00087616906967, 0.00320420670323, 0.00227471976541, 0.00298426137306, 0.00183079415001, 0.0015251096338, 0.000843979418278, 0.000348081317497, 0.000224596573389, 0.000184570293641, 5.42008274351e-05, 3.65550986317e-05, 3.94769631384e-05, 1.84643213288e-05, 9.73534224613e-06, 9.69331540546e-06, 7.57269117457e-06, 5.93462755205e-06, 2.78330549008e-06, 1.53704797867e-06, 5.07012032358e-07, 1.54578117417e-07, 7.03989044837e-08, 4.19719512479e-08, 1.29157831097e-08],
        "dvar": [7.50510764647e-11, 9.60033389674e-07, 1.17217928164e-06, 1.60961299116e-05, 2.88591922981e-06, 6.96542883816e-06, 7.14443831384e-06, 9.18222031032e-06, 5.87651720707e-06, 2.24681102168e-07, 9.11076440957e-08, 8.41753688974e-08, 4.78718487074e-09, 3.31906724327e-09, 1.80412773609e-09, 6.65947741396e-10, 1.191761273e-10, 1.07174533137e-10, 4.93823176795e-11, 3.09322949199e-11, 6.98373130159e-12, 4.58483294732e-12, 2.49118325794e-13, 2.32048352023e-14, 2.794091913e-15, 7.85202930237e-16, 9.8358802559e-17],
        "dvar2": [1.81891543494e-10, 2.28826547755e-06, 1.67586551925e-06, 4.18668023485e-05, 6.73220529279e-06, 1.67412508745e-05, 1.56566384248e-05, 1.57097620104e-05, 9.65898925642e-06, 4.96424661378e-07, 1.91201536381e-07, 1.74075978521e-07, 1.08791171627e-08, 6.70255140278e-09, 4.47065184872e-09, 1.61722746306e-09, 3.24550719633e-10, 2.93407742546e-10, 1.35620153996e-10, 8.51540296609e-11, 2.09343167801e-11, 1.2631265825e-11, 7.23918158491e-13, 6.78815524299e-14, 8.30114226463e-15, 2.32551053372e-15, 2.59324721925e-16],
        "max": [0.000229488941841, 0.0179872680455, 0.027579728514, 0.0535621792078, 0.0197450909764, 0.0299941673875, 0.0372972898185, 0.0557766892016, 0.0605058036745, 0.00856298860162, 0.00659717386588, 0.00561460666358, 0.00149302568752, 0.00134799163789, 0.000521390174981, 0.000447388767498, 0.000180628412636, 0.000140769785503, 7.67615638324e-05, 8.70194126037e-05, 5.40324181202e-05, 3.85654639103e-05, 7.78410048952e-06, 2.01526836463e-06, 1.07213895717e-06, 3.93915229324e-07, 1.73185810581e-07],
        "mean": [1.05013159555e-05, 0.00290117762052, 0.00331366970204, 0.00494749099016, 0.00360092939809, 0.00553555740044, 0.00311136851087, 0.00328648719005, 0.00135412288364, 0.00040534225991, 0.000229475263041, 0.000243173664785, 6.03267981205e-05, 4.16413749917e-05, 4.03624362662e-05, 1.7843216483e-05, 1.05980943772e-05, 1.03233523987e-05, 9.01533076103e-06, 7.25216887076e-06, 4.03070953325e-06, 2.13006410377e-06, 8.25451706987e-07, 3.1952140489e-07, 1.77302268867e-07, 1.16364859082e-07, 1.84693966787e-08],
        "median": [2.65253765974e-06, 0.00167359318584, 0.00175033789128, 0.00205667992122, 0.00255828839727, 0.00354627589695, 0.00112198106945, 0.00106362521183, 0.000438875606051, 0.000233450904489, 0.000116947914648, 7.82359857112e-05, 3.29492322635e-05, 1.76651901711e-05, 2.15527652472e-05, 5.99726809014e-06, 5.51472385268e-06, 6.38892515781e-06, 5.12432643518e-06, 4.35299580204e-06, 2.73336627288e-06, 1.00464671959e-06, 5.23862865975e-07, 2.18267302898e-07, 1.38119915505e-07, 1.00488463772e-07, 1.50234455987e-08],
        "min": [1.07772220496e-23, 8.86661040351e-24, 9.42193377091e-24, 2.57585370875e-24, 3.88136226111e-23, 5.1017856173e-23, 6.23684791265e-23, 7.16134745518e-23, 9.59351795977e-23, 5.66570567529e-23, 1.30960490194e-22, 1.26256556792e-22, 5.08657448578e-23, 7.01946861256e-23, 1.70627811765e-22, 9.61322559845e-23, 2.31350663935e-22, 1.62165442089e-22, 3.20697958828e-22, 2.69035622228e-22, 2.96145275309e-22, 5.06443450494e-22, 5.88786493586e-22, 8.34574700481e-22, 1.52695198476e-21, 1.82614276803e-21, 2.56458947869e-21],
        "var": [7.1567707316e-10, 1.18071529869e-05, 2.06408512895e-05, 5.803350723e-05, 1.24686048366e-05, 3.3128701034e-05, 2.69164320343e-05, 4.76710411021e-05, 1.79580438271e-05, 3.9563633436e-07, 2.04989703434e-07, 2.86912353431e-07, 9.27004162321e-09, 9.83663550613e-09, 3.26951599128e-09, 1.33427580096e-09, 2.58251753316e-10, 1.89279036888e-10, 1.09135672721e-10, 7.87230072796e-11, 2.45854551995e-11, 1.23939903479e-11, 7.97989495663e-13, 1.00748131625e-13, 2.15773325449e-14, 6.43658769608e-15, 2.72830397572e-16]
    },
    "erbbands": {
        "dmean": [0.00953857786953, 0.17659714818, 0.667935371399, 3.67329239845, 6.08987522125, 4.59267520905, 17.2645301819, 15.1898870468, 14.7018632889, 25.1308250427, 21.3289222717, 15.1693572998, 9.4172000885, 6.14619541168, 3.98279047012, 5.62217998505, 1.62351739407, 1.33806407452, 1.17782151699, 0.677243232727, 0.472614258528, 0.193427219987, 0.283878624439, 0.219750627875, 0.250751525164, 0.152993902564, 0.0794080346823, 0.0649437904358, 0.0302305743098, 0.0149046340957, 0.00788109656423, 0.00248840358108, 0.00127442972735, 0.000635206815787, 0.000314173783408, 0.000134878981044, 5.23728631379e-05, 1.6298612536e-05, 2.73359432867e-06, 6.39958307147e-06],
        "dmean2": [0.0119752008468, 0.239438310266, 0.850357055664, 5.47518205643, 9.94497013092, 7.48864412308, 27.6347446442, 19.6693172455, 20.1869392395, 34.8724136353, 27.971113205, 20.6517658234, 13.9586439133, 9.6770324707, 6.21834278107, 8.48111438751, 2.60277152061, 2.15589690208, 1.87800776958, 1.14537119865, 0.803077697754, 0.315637052059, 0.478377789259, 0.377964049578, 0.429400533438, 0.267395138741, 0.134660348296, 0.112952053547, 0.0518388003111, 0.0256359055638, 0.0137778678909, 0.00426687067375, 0.00220574950799, 0.0010846615769, 0.000533767044544, 0.00022991275182, 8.89088987606e-05, 2.77442759398e-05, 3.95371444029e-06, 9.27864675759e-06],
        "dvar": [0.000293060176773, 0.0707447379827, 1.0365664959, 35.0465507507, 110.782287598, 32.4836425781, 644.255432129, 484.625976562, 804.326171875, 4464.53027344, 2067.56835938, 4014.10620117, 482.538726807, 109.340087891, 140.07800293, 210.708358765, 10.0696296692, 9.88943767548, 5.18702697754, 1.0625191927, 0.932582437992, 0.0992155224085, 0.298085361719, 0.124230310321, 0.191569909453, 0.0821557715535, 0.017530169338, 0.0132708251476, 0.00391496345401, 0.000540150562301, 0.000259049877059, 1.40447782542e-05, 4.80160770167e-06, 7.01068870512e-07, 1.84941981729e-07, 2.59276422554e-08, 3.40454708869e-09, 4.08961753351e-10, 1.1698629912e-11, 6.68409147475e-11],
        "dvar2": [0.000528493837919, 0.166558280587, 1.4257427454, 84.5070495605, 290.887908936, 86.1496658325, 1883.68591309, 648.823181152, 1796.65576172, 9419.54980469, 2990.90893555, 7149.43896484, 1036.81774902, 276.053741455, 267.520904541, 427.866638184, 22.6464385986, 19.6889038086, 11.9827108383, 2.83189606667, 2.36599946022, 0.27027463913, 0.817528665066, 0.335596740246, 0.52935898304, 0.2201359272, 0.0517813973129, 0.039660513401, 0.011147572659, 0.00147741124965, 0.000735927838832, 4.13982743339e-05, 1.34034125949e-05, 2.03304671231e-06, 5.46915089217e-07, 7.8851400076e-08, 9.86364590005e-09, 1.10821463117e-09, 2.60192700718e-11, 1.55087470644e-10],
        "max": [0.566109955311, 4.81220531464, 25.9772644043, 101.790359497, 124.743431091, 56.9030685425, 253.094192505, 360.016204834, 469.293792725, 1261.55285645, 886.31640625, 1795.32092285, 348.533416748, 118.6407547, 331.574645996, 276.008087158, 65.2301864624, 71.4604568481, 31.8144054413, 14.6286735535, 14.9426803589, 5.17383766174, 6.83179664612, 3.16632580757, 4.74022245407, 5.36192512512, 2.67708110809, 1.4999859333, 0.789036512375, 0.346678704023, 0.212240159512, 0.0497367568314, 0.0394187830389, 0.0143941594288, 0.00820694863796, 0.00202790903859, 0.000750290055294, 0.000325281405821, 5.55549777346e-05, 0.000124559097458],
        "mean": [0.0495923161507, 0.794690728188, 3.28135442734, 12.1924562454, 12.7419528961, 9.88520145416, 34.662776947, 44.8097419739, 37.9361076355, 71.2524795532, 54.6632461548, 33.2623786926, 19.4082641602, 10.1053609848, 7.86823320389, 11.420425415, 3.31954669952, 2.63061547279, 2.18488526344, 1.36316466331, 0.889755189419, 0.42784127593, 0.550073564053, 0.454233914614, 0.501229345798, 0.34014159441, 0.203429192305, 0.154131084681, 0.076768912375, 0.0413876138628, 0.0209038481116, 0.00843806006014, 0.00435500172898, 0.00236037629656, 0.00112769403495, 0.000479116453789, 0.000230803547311, 6.21701183263e-05, 1.50857340486e-05, 3.23301610479e-05],
        "median": [0.0294083505869, 0.452783614397, 1.8662109375, 6.6374335289, 6.38204574585, 7.3304028511, 19.6952838898, 24.0390701294, 20.6882362366, 26.5555896759, 22.2979450226, 12.4673194885, 10.5961780548, 6.58781051636, 4.15613603592, 3.42497801781, 2.02320122719, 1.30307471752, 1.08522284031, 0.879580438137, 0.422294557095, 0.278747290373, 0.303705632687, 0.305583298206, 0.288138240576, 0.18349532783, 0.129100367427, 0.0873097553849, 0.0361857041717, 0.0269063860178, 0.0123040759936, 0.00599300814793, 0.00300078792498, 0.0017957102973, 0.000917158846278, 0.000397915689973, 0.000203549250728, 5.38196763955e-05, 1.26963423099e-05, 2.62980320258e-05],
        "min": [2.66699659937e-22, 2.20717152147e-21, 7.4693843858e-21, 1.4911269863e-20, 2.99554185366e-20, 1.36076548665e-19, 2.97037249245e-19, 5.27117278133e-19, 7.38480122614e-19, 1.29979770016e-18, 2.02295518081e-18, 2.05688571594e-18, 1.75739153348e-18, 3.84206079864e-18, 5.40347670139e-18, 4.28540355077e-18, 2.57707271981e-18, 3.88463909349e-18, 4.36323917846e-18, 8.82036335645e-18, 6.6328780227e-18, 1.46085175066e-17, 8.96308344498e-18, 1.22165874534e-17, 1.72000065369e-17, 1.30111630878e-17, 1.36778193763e-17, 1.01450029448e-17, 1.41657343421e-17, 1.98353956967e-17, 1.77052368745e-17, 1.99478244312e-17, 1.34039779258e-17, 1.52725499782e-17, 9.75140311236e-18, 6.50312564464e-18, 4.02347887776e-18, 1.28848300675e-18, 3.77438765346e-19, 3.35928192645e-20],
        "var": [0.00479699019343, 0.905613720417, 19.9391651154, 249.902679443, 316.029998779, 89.1262130737, 1466.76623535, 3198.52709961, 2867.63696289, 20117.7441406, 8805.96582031, 10483.4599609, 1052.30859375, 150.55456543, 391.346435547, 707.767700195, 21.2711277008, 29.0217323303, 10.3854560852, 2.4714577198, 1.94571840763, 0.276863306761, 0.551696002483, 0.257922798395, 0.394739717245, 0.229459673166, 0.0662027671933, 0.0399875082076, 0.0127344196662, 0.00197434425354, 0.00067369628232, 6.34847965557e-05, 2.04231546377e-05, 4.32720298704e-06, 9.2412091135e-07, 1.43794011365e-07, 2.30151222524e-08, 1.90533500088e-09, 1.11638032152e-10, 5.53257051283e-10]
    },
    "gfcc": {
        "mean": [-121.786804199, 189.795120239, -89.3745651245, 2.15543150902, -57.6201591492, -13.3737297058, -20.3055973053, -6.94876623154, -16.0404853821, -1.98959124088, -10.3387174606, -9.09606456757, -9.4441242218],
        "cov": [[18750.0410156, 2135.03369141, -1642.33679199, 963.662475586, -253.20866394, -336.715484619, 46.1748504639, -171.359130859, 3.24707818031, 41.5636177063, 98.3249664307, -37.1919517517, 85.0853652954], [2135.03369141, 679.78515625, -84.3449249268, -104.540550232, -18.3968639374, -48.8860740662, -21.2063446045, -38.7935714722, 15.8327331543, 3.75626707077, 11.6637115479, -31.7207489014, 5.90708875656], [-1642.33679199, -84.3449249268, 316.416687012, -63.5692977905, 40.45154953, 43.7058181763, -4.87418460846, 13.1064739227, -14.2493772507, -10.9258422852, -8.93218803406, 16.3948287964, 8.67114067078], [963.662475586, -104.540550232, -63.5692977905, 305.674224854, 21.7780895233, 10.5349798203, 43.7730789185, 26.559179306, -5.6807551384, -6.90652036667, 2.54437708855, 25.385093689, 33.1641769409], [-253.20866394, -18.3968639374, 40.45154953, 21.7780895233, 100.333900452, 33.3435058594, 14.0948410034, 14.0939359665, 24.2372493744, 11.7137880325, 15.4877996445, 7.9320306778, 9.57277488708], [-336.715484619, -48.8860740662, 43.7058181763, 10.5349798203, 33.3435058594, 93.0676498413, 45.0097236633, 30.9070739746, -7.48967504501, -13.0290756226, -12.2968273163, 11.0194816589, -1.5886977911], [46.1748504639, -21.2063446045, -4.87418460846, 43.7730789185, 14.0948410034, 45.0097236633, 74.9974899292, 45.8118019104, 1.83318734169, -9.15813064575, -7.54122161865, 5.54176712036, 6.90505886078], [-171.359130859, -38.7935714722, 13.1064739227, 26.559179306, 14.0939359665, 30.9070739746, 45.8118019104, 72.000541687, 26.0962715149, 2.63574790955, -5.50586843491, 9.68044090271, 6.1646938324], [3.24707818031, 15.8327331543, -14.2493772507, -5.6807551384, 24.2372493744, -7.48967504501, 1.83318734169, 26.0962715149, 72.1509094238, 36.183052063, 14.4704666138, 0.690892577171, 7.88875579834], [41.5636177063, 3.75626707077, -10.9258422852, -6.90652036667, 11.7137880325, -13.0290756226, -9.15813064575, 2.63574790955, 36.183052063, 63.7524757385, 39.3852424622, 5.05430269241, -7.64107179642], [98.3249664307, 11.6637115479, -8.93218803406, 2.54437708855, 15.4877996445, -12.2968273163, -7.54122161865, -5.50586843491, 14.4704666138, 39.3852424622, 62.886089325, 19.7021942139, -4.39042043686], [-37.1919517517, -31.7207489014, 16.3948287964, 25.385093689, 7.9320306778, 11.0194816589, 5.54176712036, 9.68044090271, 0.690892577171, 5.05430269241, 19.7021942139, 47.3047561646, 23.2669296265], [85.0853652954, 5.90708875656, 8.67114067078, 33.1641769409, 9.57277488708, -1.5886977911, 6.90505886078, 6.1646938324, 7.88875579834, -7.64107179642, -4.39042043686, 23.2669296265, 53.0013046265]],
        "icov": [[0.000462505384348, -0.00151201721746, 0.00158479390666, -0.00169651769102, 0.00049374619266, 0.000111407018267, -0.000141865049955, 0.000571265118197, 0.000284091744106, -0.000458963040728, 0.000253445381531, -0.000717132468708, 0.000321865809383], [-0.00151201721746, 0.00675303209573, -0.00472329743207, 0.00629847683012, -0.00155276909936, -1.18226580526e-06, -0.000178786111064, -0.00103436119389, -0.00143138633575, 0.00220049312338, -0.00197763857432, 0.00388376927003, -0.0024081338197], [0.00158479390666, -0.00472329743207, 0.00970159936696, -0.00448841461912, -0.000217121647438, -0.000971975619905, 0.00165274366736, -2.12870800169e-05, 0.00326546863653, -0.00208409503102, 0.00152908067685, -0.00312127871439, -0.000288809707854], [-0.00169651769102, 0.00629847683012, -0.00448841461912, 0.0108381537721, -0.00334022473544, 0.000879555474967, -0.00174025178421, -0.00277649634518, 0.00083293399075, 0.00126695388462, -0.000829774595331, 0.001733922516, -0.00361776538193], [0.00049374619266, -0.00155276909936, -0.000217121647438, -0.00334022473544, 0.0159025285393, -0.00690308678895, 0.000413918751292, 0.00277982605621, -0.00654496671632, 0.00204738136381, -0.00638503208756, 0.00340543547645, -0.00270491559058], [0.000111407018267, -1.18226580526e-06, -0.000971975619905, 0.000879555474967, -0.00690308678895, 0.0220899041742, -0.0116706266999, -0.00059213390341, 0.00330696371384, -0.000845995906275, 0.0072446516715, -0.00887253135443, 0.00680908374488], [-0.000141865049955, -0.000178786111064, 0.00165274366736, -0.00174025178421, 0.000413918751292, -0.0116706266999, 0.0323858447373, -0.0186052322388, 0.00539860315621, 0.00160461990163, -0.0044081970118, 0.00705826282501, -0.00544948177412], [0.000571265118197, -0.00103436119389, -2.12870800169e-05, -0.00277649634518, 0.00277982605621, -0.00059213390341, -0.0186052322388, 0.0336775742471, -0.0149784283713, 0.00151930353604, 0.00485012913123, -0.00844901334494, 0.00548519473523], [0.000284091744106, -0.00143138633575, 0.00326546863653, 0.00083293399075, -0.00654496671632, 0.00330696371384, 0.00539860315621, -0.0149784283713, 0.0316537767649, -0.0178001672029, 0.0038834225852, 0.00409636134282, -0.00778603088111], [-0.000458963040728, 0.00220049312338, -0.00208409503102, 0.00126695388462, 0.00204738136381, -0.000845995906275, 0.00160461990163, 0.00151930353604, -0.0178001672029, 0.0387876741588, -0.0213666297495, 0.00345419044606, 0.00421387795359], [0.000253445381531, -0.00197763857432, 0.00152908067685, -0.000829774595331, -0.00638503208756, 0.0072446516715, -0.0044081970118, 0.00485012913123, 0.0038834225852, -0.0213666297495, 0.0389393158257, -0.0214304011315, 0.0104380277917], [-0.000717132468708, 0.00388376927003, -0.00312127871439, 0.001733922516, 0.00340543547645, -0.00887253135443, 0.00705826282501, -0.00844901334494, 0.00409636134282, 0.00345419044606, -0.0214304011315, 0.0452573038638, -0.0224281121045], [0.000321865809383, -0.0024081338197, -0.000288809707854, -0.00361776538193, -0.00270491559058, 0.00680908374488, -0.00544948177412, 0.00548519473523, -0.00778603088111, 0.00421387795359, 0.0104380277917, -0.0224281121045, 0.0341714285314]]
    },
    "melbands": {
        "dmean": [0.000135208290885, 0.000302020285744, 0.000753882050049, 0.00030418773531, 0.000503990100697, 0.000338048994308, 0.000250162964221, 0.000270115997409, 0.000162891388754, 9.55696159508e-05, 4.49462422694e-05, 2.3813039661e-05, 1.36123244374e-05, 1.53579076141e-05, 7.85919110058e-06, 3.43287069882e-06, 2.64998993771e-06, 1.75953880444e-06, 1.64382709045e-06, 1.01333932889e-06, 5.05299340148e-07, 2.80115415308e-07, 1.55085444931e-07, 3.50759904677e-07, 1.74765844463e-07, 2.12024488633e-07, 1.0974834197e-07, 1.31934214664e-07, 5.72523930487e-08, 6.47113083119e-08, 3.84747629312e-08, 2.40397817208e-08, 9.55856460649e-09, 8.86418760615e-09, 6.6361685036e-09, 2.35324582043e-09, 1.57852486637e-09, 1.13594844642e-09, 8.27994284247e-10, 5.83857295844e-10],
        "dmean2": [0.000175014283741, 0.000395045499317, 0.00117727112956, 0.000485680706333, 0.000800910289399, 0.000452607026091, 0.000340490834787, 0.00036989300861, 0.000216576765524, 0.000132468514494, 6.68965367367e-05, 3.76020616386e-05, 2.14173669519e-05, 2.32366874116e-05, 1.21387702166e-05, 5.43467785974e-06, 4.31076432506e-06, 2.81354368781e-06, 2.78291508948e-06, 1.70354746842e-06, 8.60899035615e-07, 4.6469332915e-07, 2.54460417182e-07, 5.9920756712e-07, 3.00276440157e-07, 3.59450211818e-07, 1.90926726873e-07, 2.31799504036e-07, 9.93977948838e-08, 1.11772322953e-07, 6.55489102996e-08, 4.1860189981e-08, 1.59729047766e-08, 1.52164538747e-08, 1.16125375982e-08, 4.15302281453e-09, 2.69806443853e-09, 1.94740312764e-09, 1.43731193614e-09, 9.9701003009e-10],
        "dvar": [4.39966285626e-08, 2.02884322675e-07, 1.79384710464e-06, 1.74717982304e-07, 4.84014378799e-07, 2.08202209251e-07, 2.40791791839e-07, 5.86491069043e-07, 1.58875693046e-07, 1.76160781962e-07, 1.02794945889e-08, 1.60818647288e-09, 1.16232734548e-09, 1.24970400694e-09, 2.63960048263e-10, 7.54119822144e-11, 4.87489493217e-11, 1.14258272982e-11, 8.54988128907e-12, 5.08388426843e-12, 8.10691140954e-13, 2.48734138755e-13, 8.34055589351e-14, 5.56745459197e-13, 9.41176864634e-14, 1.71940125982e-13, 2.44044185088e-14, 7.75324899768e-14, 1.0794077966e-14, 1.19769594768e-14, 6.90665964158e-15, 2.61062987058e-15, 2.1243843074e-16, 1.78325211111e-16, 1.96609184901e-16, 1.12232337004e-17, 5.08598658432e-18, 4.27995863439e-18, 1.32660869177e-18, 5.66755669689e-19],
        "dvar2": [1.00637116418e-07, 3.25489281749e-07, 4.63157402919e-06, 4.55566521396e-07, 1.37002587053e-06, 3.20725348502e-07, 5.32656713403e-07, 1.17402305477e-06, 2.15871082787e-07, 3.23801060631e-07, 2.23377973896e-08, 4.0855598904e-09, 2.31033747689e-09, 2.53867282751e-09, 5.60462565247e-10, 1.60285715256e-10, 9.67723332024e-11, 2.60168206423e-11, 2.34372504043e-11, 1.20644145715e-11, 2.14163105652e-12, 6.92329386095e-13, 2.2238157496e-13, 1.4872108536e-12, 2.56779488081e-13, 4.78138145396e-13, 6.75333134683e-14, 2.11286120978e-13, 3.21540889617e-14, 3.63526720391e-14, 2.01684304565e-14, 7.65186101737e-15, 5.31130050812e-16, 5.06656621988e-16, 5.55016115227e-16, 3.22145489559e-17, 1.51645632036e-17, 1.09951121767e-17, 3.85127848579e-18, 1.6858573677e-18],
        "max": [0.00499749649316, 0.0113658197224, 0.018985349685, 0.00486981589347, 0.00691124983132, 0.00704186409712, 0.00719153927639, 0.0148057769984, 0.00981037598103, 0.0120108835399, 0.00168420246337, 0.000438097165897, 0.000887745816726, 0.00065630953759, 0.000293443386909, 0.000203045754461, 0.000163920820341, 4.68715043098e-05, 4.36233494838e-05, 3.98578340537e-05, 1.19044925668e-05, 7.95098912931e-06, 3.80287224289e-06, 1.01170653579e-05, 2.90861112262e-06, 4.73079307994e-06, 1.5984478523e-06, 4.95465747008e-06, 1.19625246953e-06, 2.25511530516e-06, 1.35521497668e-06, 6.22763252522e-07, 2.00907095405e-07, 1.70293546375e-07, 1.80222301083e-07, 4.00357897945e-08, 2.49229064053e-08, 3.88893006686e-08, 1.86438384731e-08, 1.00232986355e-08],
        "mean": [0.000646318250801, 0.00151552411262, 0.00213654665276, 0.000703378755134, 0.00104322179686, 0.00098846340552, 0.000624953827355, 0.000790700898506, 0.000401937199058, 0.000201015995117, 8.92499010661e-05, 3.72067952412e-05, 2.44402253884e-05, 3.14820354106e-05, 1.49863171828e-05, 5.80948199058e-06, 4.84197516926e-06, 3.17686135531e-06, 2.81787856693e-06, 1.62665230619e-06, 8.97946392797e-07, 5.11922053192e-07, 3.28228509261e-07, 6.03056832915e-07, 3.14087571951e-07, 3.89192393868e-07, 2.25082033012e-07, 2.54626741025e-07, 1.28317864778e-07, 1.29867785859e-07, 7.56496589815e-08, 5.08603861249e-08, 2.33442243314e-08, 2.10434709658e-08, 1.39094158413e-08, 6.17487483368e-09, 4.49296244653e-09, 3.12664649726e-09, 2.47007259091e-09, 1.75993863927e-09],
        "median": [0.000398925709305, 0.000957064679824, 0.00125203072093, 0.000401473604143, 0.000664702791255, 0.000599037390202, 0.000283799483441, 0.000285692716716, 0.000154115972691, 6.38295678073e-05, 4.75511260447e-05, 2.28123444685e-05, 1.35936916195e-05, 1.11069230115e-05, 5.94717494096e-06, 2.99596058539e-06, 2.0302259145e-06, 1.44043769978e-06, 1.45597380197e-06, 6.86903490532e-07, 4.46641450935e-07, 2.91235323857e-07, 1.72652960373e-07, 3.33818519493e-07, 1.62498309919e-07, 1.70449226289e-07, 1.50883096239e-07, 9.7377821362e-08, 7.75095188033e-08, 7.38758672014e-08, 3.85197935771e-08, 2.04441352736e-08, 1.50726062742e-08, 1.34099673588e-08, 6.85927314947e-09, 4.30337543378e-09, 3.20139803556e-09, 2.06832528882e-09, 1.81503156949e-09, 1.31528288261e-09],
        "min": [3.20903863357e-24, 3.77042893297e-24, 2.84003454844e-24, 4.71392669157e-24, 1.02266799682e-23, 1.17317476892e-23, 1.08159227768e-23, 1.29288985443e-23, 1.86798254943e-23, 1.19146837443e-23, 8.45098641382e-24, 1.42488679426e-23, 1.71434683943e-23, 1.8284860194e-23, 4.5999678452e-24, 6.15807384037e-24, 7.15444776216e-24, 5.34742380809e-24, 1.29917865357e-23, 8.04848196984e-24, 7.42252320813e-24, 1.56731436852e-23, 1.04965863603e-23, 7.36287506851e-24, 9.69013701235e-24, 1.27209122112e-23, 9.37852985504e-24, 8.82248941308e-24, 9.05947821737e-24, 8.06070852501e-24, 4.81947194195e-24, 7.71501232141e-24, 1.07688956228e-23, 1.03637256178e-23, 8.90266686891e-24, 1.30769645808e-23, 1.17337900501e-23, 8.50974550721e-24, 1.15528356137e-23, 1.37105098178e-23],
