{
"metadata": {
    "version": {
        "essentia": "2.0.1",
        "extractor": "archive-music 1.0"
    },
    "audio_properties": {
        "analysis_sample_rate": 44100,
        "bitrate": 128,
        "channels": 2,
        "equal_loudness": 0,
        "length": 16.0914287567,
        "replay_gain": 6.14511299133,
        "downmix": "mix"
    },
    "tags": {
        "track": 0,
        "year": 0,
        "album": "",
        "artist": "",
        "comment": "",
        "genre": "",
        "title": ""
    }
},
"highlevel": {
    "culture": {
        "all": {
            "non_western": 0.0321002155542,
            "western": 0.967899799347
        },
        "probability": 0.967899799347,
        "value": "western"
    },
    "danceability": {
        "all": {
            "danceable": 0.0126512944698,
            "not_danceable": 0.987348675728
        },
        "probability": 0.987348675728,
        "value": "not_danceable"
    },
    "gender": {
        "all": {
            "female": 0.923498272896,
            "male": 0.0765017420053
        },
        "probability": 0.923498272896,
        "value": "female"
    },
    "genre_dortmund": {
        "all": {
            "alternative": 0.00203895708546,
            "blues": 0.000513781385962,
            "electronic": 0.0221029929817,
            "folkcountry": 0.0119435079396,
            "funksoulrnb": 0.00193530123215,
            "jazz": 0.955674767494,
            "pop": 0.00545654818416,
            "raphiphop": 8.83801840246e-05,
            "rock": 0.00024575938005
        },
        "probability": 0.955674767494,
        "value": "jazz"
    },
    "genre_electronic": {
        "all": {
            "ambient": 0.999212265015,
            "dnb": 7.41513431421e-05,
            "house": 0.000294995057629,
            "techno": 0.000299017061479,
            "trance": 0.000119543183246
        },
        "probability": 0.999212265015,
        "value": "ambient"
    },
    "genre_rosamerica": {
        "all": {
            "cla": 0.604384660721,
            "dan": 0.000405724247685,
            "hip": 0.000339766120305,
            "jaz": 0.382653743029,
            "pop": 0.00405382364988,
            "rhy": 0.0049156579189,
            "roc": 0.000520883768331,
            "spe": 0.0027257357724
        },
        "probability": 0.604384660721,
        "value": "cla"
    },
    "genre_tzanetakis": {
        "all": {
            "blu": 0.00762753374875,
            "cla": 0.887208759785,
            "cou": 0.00237557361834,
            "dis": 0.00495635252446,
            "hip": 0.00183208542876,
            "jaz": 0.0844650268555,
            "met": 0.00015441144933,
            "pop": 0.00159159372561,
            "reg": 0.00785486400127,
            "roc": 0.00193381879944
        },
        "probability": 0.887208759785,
        "value": "cla"
    },
    "mirex_ballroom": {
        "all": {
            "ChaChaCha": 6.46799890092e-06,
            "Jive": 1.10155531274e-06,
            "Quickstep": 0.000124351747218,
            "Rumba-American": 0.000538004096597,
            "Rumba-International": 0.00223935884424,
            "Rumba-Misc": 0.00211800774559,
            "Samba": 8.20005425339e-06,
            "Tango": 0.0001414171129,
            "VienneseWaltz": 0.00537215219811,
            "Waltz": 0.989450931549
        },
        "probability": 0.989450931549,
        "value": "Waltz"
    },
    "mood_acoustic": {
        "all": {
            "acoustic": 0.915809512138,
            "not_acoustic": 0.0841904953122
        },
        "probability": 0.915809512138,
        "value": "acoustic"
    },
    "mood_aggressive": {
        "all": {
            "aggressive": 0.00938735622913,
            "not_aggressive": 0.990612626076
        },
        "probability": 0.990612626076,
        "value": "not_aggressive"
    },
    "mood_electronic": {
        "all": {
            "electronic": 0.337978541851,
            "not_electronic": 0.662021458149
        },
        "probability": 0.662021458149,
        "value": "not_electronic"
    },
    "mood_happy": {
        "all": {
            "happy": 0.116739332676,
            "not_happy": 0.883260667324
        },
        "probability": 0.883260667324,
        "value": "not_happy"
    },
    "mood_party": {
        "all": {
            "not_party": 0.996354520321,
            "party": 0.00364546664059
        },
        "probability": 0.996354520321,
        "value": "not_party"
    },
    "mood_relaxed": {
        "all": {
            "not_relaxed": 0.00649600243196,
            "relaxed": 0.993503987789
        },
        "probability": 0.993503987789,
        "value": "relaxed"
    },
    "mood_sad": {
        "all": {
            "not_sad": 0.112720109522,
            "sad": 0.887279868126
        },
        "probability": 0.887279868126,
        "value": "sad"
    },
    "moods_mirex": {
        "all": {
            "Cluster1": 0.0588610954583,
            "Cluster2": 0.235381230712,
            "Cluster3": 0.525908052921,
            "Cluster4": 0.140458405018,
            "Cluster5": 0.0393912345171
        },
        "probability": 0.525908052921,
        "value": "Cluster3"
    },
    "timbre": {
        "all": {
            "bright": 0.97909116745,
            "dark": 0.020908812061
        },
        "probability": 0.97909116745,
        "value": "bright"
    },
    "tonal_atonal": {
        "all": {
            "atonal": 0.0039475010708,
            "tonal": 0.996052503586
        },
        "probability": 0.996052503586,
        "value": "tonal"
    },
    "voice_instrumental": {
        "all": {
            "instrumental": 0.987583637238,
            "voice": 0.0124163841829
        },
        "probability": 0.987583637238,
        "value": "instrumental"
    }
},
"lowlevel": {
    "average_loudness": 0.832889080048,
    "barkbands_kurtosis": {
        "dmean": 8.69337654114,
        "dmean2": 14.4347848892,
        "dvar": 273.688354492,
        "dvar2": 778.262268066,
        "max": 219.234329224,
        "mean": 19.4174404144,
        "median": 9.1916217804,
        "min": -1.77677547932,
        "var": 733.168395996
    },
    "barkbands_skewness": {
        "dmean": 0.680441439152,
        "dmean2": 1.05441808701,
        "dvar": 0.687180280685,
        "dvar2": 1.8499571085,
        "max": 7.1909365654,
        "mean": 0.756209909916,
        "median": 0.564729511738,
        "min": -8.90362739563,
        "var": 4.55432415009
    },
    "barkbands_spread": {
        "dmean": 1.03629243374,
        "dmean2": 1.62654173374,
        "dvar": 16.032995224,
        "dvar2": 37.0550193787,
        "max": 86.9906539917,
        "mean": 3.13327431679,
        "median": 2.24751901627,
        "min": 0.366294741631,
        "var": 25.6615657806
    },
    "dissonance": {
        "dmean": 0.0572293661535,
        "dmean2": 0.0983020886779,
        "dvar": 0.00330803496763,
        "dvar2": 0.00962895061821,
        "max": 0.498698443174,
        "mean": 0.300699859858,
        "median": 0.291038453579,
        "min": 0.0906060934067,
        "var": 0.00828028656542
    },
    "dynamic_complexity": 4.90605783463,
    "erbbands_kurtosis": {
        "dmean": 5.0435590744,
        "dmean2": 7.91841173172,
        "dvar": 140.145996094,
        "dvar2": 304.963989258,
        "max": 234.355545044,
        "mean": 16.9833526611,
        "median": 4.68069934845,
        "min": -1.87013876438,
        "var": 1029.31945801
    },
    "erbbands_skewness": {
        "dmean": 0.509181439877,
        "dmean2": 0.75869423151,
        "dvar": 0.48291939497,
        "dvar2": 1.02100527287,
        "max": 8.58800983429,
        "mean": 0.483097910881,
        "median": 0.268473744392,
        "min": -6.26324367523,
        "var": 4.06482172012
    },
    "erbbands_spread": {
        "dmean": 1.10991942883,
        "dmean2": 1.62559962273,
        "dvar": 18.4110412598,
        "dvar2": 41.2249259949,
        "max": 99.5032806396,
        "mean": 4.93611097336,
        "median": 3.38778376579,
        "min": 0.239929661155,
        "var": 37.1965026855
    },
    "hfc": {
        "dmean": 2.83087086678,
        "dmean2": 4.40011882782,
        "dvar": 66.6004714966,
        "dvar2": 173.804260254,
        "max": 109.032371521,
        "mean": 9.20677471161,
        "median": 5.54225301743,
        "min": 1.2961523152e-16,
        "var": 154.815490723
    },
    "melbands_kurtosis": {
        "dmean": 2.81210494041,
        "dmean2": 4.32963418961,
        "dvar": 23.7573642731,
        "dvar2": 55.168888092,
        "max": 72.3870620728,
        "mean": 6.13218355179,
        "median": 2.95675110817,
        "min": -1.70468175411,
        "var": 78.2219467163
    },
    "melbands_skewness": {
        "dmean": 0.502873122692,
        "dmean2": 0.774847209454,
        "dvar": 0.319680213928,
        "dvar2": 0.729986667633,
        "max": 5.91309690475,
        "mean": 0.273887515068,
        "median": 0.19223099947,
        "min": -6.45393610001,
        "var": 3.32532930374
    },
    "melbands_spread": {
        "dmean": 1.65970754623,
        "dmean2": 2.57529854774,
        "dvar": 28.0779895782,
        "dvar2": 42.1428031921,
        "max": 132.664337158,
        "mean": 5.9012055397,
        "median": 4.09805393219,
        "min": 0.699406206608,
        "var": 115.979995728
    },
    "pitch_salience": {
        "dmean": 0.0529679842293,
        "dmean2": 0.083896458149,
        "dvar": 0.00367732229643,
        "dvar2": 0.00812895037234,
        "max": 0.992177784443,
        "mean": 0.426568597555,
        "median": 0.428198963404,
        "min": 0.0676890462637,
        "var": 0.0179271958768
    },
    "silence_rate_20dB": {
        "dmean": 0,
        "dmean2": 0,
        "dvar": 0,
        "dvar2": 0,
        "max": 1,
        "mean": 1,
        "median": 1,
        "min": 1,
        "var": 0
    },
    "silence_rate_30dB": {
        "dmean": 0.0115440115333,
        "dmean2": 0.0231213867664,
        "dvar": 0.0114106405526,
        "dvar2": 0.0283669866621,
        "max": 1,
        "mean": 0.984149873257,
        "median": 1,
        "min": 0,
        "var": 0.0155987339094
    },
    "silence_rate_60dB": {
        "dmean": 0.0259740259498,
        "dmean2": 0.0520231202245,
        "dvar": 0.0252993553877,
        "dvar2": 0.0493166670203,
        "max": 1,
        "mean": 0.184438034892,
        "median": 0,
        "min": 0,
        "var": 0.15041936934
    },
    "spectral_centroid": {
        "dmean": 43.5730133057,
        "dmean2": 55.6007385254,
        "dvar": 85294.984375,
        "dvar2": 84775.8984375,
        "max": 10740.1591797,
        "mean": 525.344360352,
        "median": 439.214172363,
        "min": 218.042694092,
        "var": 256324.515625
    },
    "spectral_complexity": {
        "dmean": 0.862914860249,
        "dmean2": 1.47109830379,
        "dvar": 1.11108279228,
        "dvar2": 2.56708669662,
        "max": 13,
        "mean": 6.00864553452,
        "median": 6,
        "min": 0,
        "var": 8.72614765167
    },
    "spectral_crest": {
        "dmean": 1.82663333416,
        "dmean2": 2.93717432022,
        "dvar": 4.4576177597,
        "dvar2": 11.2352952957,
        "max": 26.2768573761,
        "mean": 17.217124939,
        "median": 16.9662799835,
        "min": 4.34945964813,
        "var": 21.0586547852
    },
    "spectral_decrease": {
        "dmean": 1.39304667801e-09,
        "dmean2": 2.20759477365e-09,
        "dvar": 1.08360651973e-17,
        "dvar2": 2.78812938338e-17,
        "max": 1.16208012839e-28,
        "mean": -5.13684650372e-09,
        "median": -3.86499854343e-09,
        "min": -4.7342652465e-08,
        "var": 3.17509373836e-17
    },
    "spectral_energy": {
        "dmean": 0.00550613598898,
        "dmean2": 0.00872090086341,
        "dvar": 0.000172619853402,
        "dvar2": 0.000444858538685,
        "max": 0.188571572304,
        "mean": 0.02022267133,
        "median": 0.0151106379926,
        "min": 1.13178793442e-20,
        "var": 0.000498772133142
    },
    "spectral_energyband_high": {
        "dmean": 2.30154938663e-07,
        "dmean2": 3.8913722733e-07,
        "dvar": 3.96033845908e-14,
        "dvar2": 1.16420734815e-13,
        "max": 2.93194489132e-06,
        "mean": 1.56837040777e-06,
        "median": 1.64102323197e-06,
        "min": 8.44499383511e-21,
        "var": 4.00702610199e-13
    },
    "spectral_energyband_low": {
        "dmean": 0.000193048108486,
        "dmean2": 0.000307203794364,
        "dvar": 2.60198021351e-07,
        "dvar2": 5.47331183043e-07,
        "max": 0.0131238522008,
        "mean": 0.000646891712677,
        "median": 0.000110582244815,
        "min": 5.50795368909e-23,
        "var": 3.60708986591e-06
    },
    "spectral_energyband_middle_high": {
        "dmean": 0.000390893721487,
        "dmean2": 0.000526631134562,
        "dvar": 5.36498964721e-06,
        "dvar2": 8.09098128229e-06,
        "max": 0.0684381574392,
        "mean": 0.000961908954196,
        "median": 0.000148276551045,
        "min": 1.51946323352e-21,
        "var": 2.06058393815e-05
    },
    "spectral_energyband_middle_low": {
        "dmean": 0.0051904967986,
        "dmean2": 0.00830126646906,
        "dvar": 0.000169816135895,
        "dvar2": 0.00044421752682,
        "max": 0.180335983634,
        "mean": 0.0188817363232,
        "median": 0.013384484686,
        "min": 2.57088128181e-22,
        "var": 0.000475401961012
    },
    "spectral_flatness_db": {
        "dmean": 0.0180432312191,
        "dmean2": 0.0266890693456,
        "dvar": 0.000335863413056,
        "dvar2": 0.000693675654475,
        "max": 0.488450616598,
        "mean": 0.392854005098,
        "median": 0.404045164585,
        "min": 0.0643550753593,
        "var": 0.00322015280835
    },
    "spectral_flux": {
        "dmean": 0.0180487073958,
        "dmean2": 0.0287430100143,
        "dvar": 0.00106439110823,
        "dvar2": 0.00247652339749,
        "max": 0.35040473938,
        "mean": 0.0338736847043,
        "median": 0.0231604184955,
        "min": 1.06385525389e-10,
        "var": 0.00142926385161
    },
    "spectral_kurtosis": {
        "dmean": 26.2797336578,
        "dmean2": 44.4266777039,
        "dvar": 668.663085938,
        "dvar2": 1805.34033203,
        "max": 307.724151611,
        "mean": 148.371368408,
        "median": 155.299041748,
        "min": -1.22201430798,
        "var": 4445.01953125
    },
    "spectral_rms": {
        "dmean": 0.000507402757648,
        "dmean2": 0.000756859546527,
        "dvar": 7.02812712916e-07,
        "dvar2": 1.62885032751e-06,
        "max": 0.0135636376217,
        "mean": 0.00385191175155,
        "median": 0.00383954215795,
        "min": 3.32292548512e-12,
        "var": 4.89221747557e-06
    },
    "spectral_rolloff": {
        "dmean": 71.0626831055,
        "dmean2": 111.462249756,
        "dvar": 590284.6875,
        "dvar2": 910928.625,
        "max": 18755.4199219,
        "mean": 760.612365723,
        "median": 602.9296875,
        "min": 215.33203125,
        "var": 2833773.5
    },
    "spectral_skewness": {
        "dmean": 0.956165552139,
        "dmean2": 1.58838117123,
        "dvar": 0.732586681843,
        "dvar2": 1.85401535034,
        "max": 14.7235212326,
        "mean": 9.89343261719,
        "median": 10.4782791138,
        "min": 0.0195780377835,
        "var": 7.02761411667
    },
    "spectral_spread": {
        "dmean": 413849.625,
        "dmean2": 663332.875,
        "dvar": 1.48799920538e+12,
        "dvar2": 1.61557866086e+12,
        "max": 40386900,
        "mean": 1255680.375,
        "median": 899121.625,
        "min": 294863.71875,
        "var": 3.76615940915e+12
    },
    "spectral_strongpeak": {
        "dmean": 0.431213736534,
        "dmean2": 0.685900628567,
        "dvar": 0.54946821928,
        "dvar2": 1.19940507412,
        "max": 10.4544229507,
        "mean": 1.64807009697,
        "median": 1.25274634361,
        "min": 0,
        "var": 2.30872440338
    },
    "zerocrossingrate": {
        "dmean": 0.00310301687568,
        "dmean2": 0.00414615683258,
        "dvar": 0.000438195536844,
        "dvar2": 0.000596941856202,
        "max": 0.50390625,
        "mean": 0.0280818007886,
        "median": 0.02294921875,
        "min": 0.0087890625,
        "var": 0.00172275619116
    },
    "barkbands": {
        "dmean": [9.32524199015e-06, 4.30414729635e-05, 0.00011950940825, 0.000197858069441, 0.00197431235574, 0.000982232391834, 0.000207197706914, 0.00104848633055, 0.00211796513759, 0.000109112741484, 0.000254058337305, 8.5030842456e-05, 2.09929494304e-05, 1.22153664961e-06, 1.38231121127e-06, 4.24497756057e-07, 1.2722952647e-07, 2.59975028172e-08, 6.06067445119e-08, 1.05101296555e-08, 7.76289166282e-09, 5.60942581274e-09, 4.64695304458e-09, 4.87579265851e-09, 5.64106006351e-09, 6.3753695656e-09, 2.25221143069e-07],
        "dmean2": [1.50740252138e-05, 7.32280313969e-05, 0.000189468672033, 0.00030561722815, 0.00299182953313, 0.00152151670773, 0.000343577587046, 0.00156630203128, 0.00350120966323, 0.000142732518725, 0.000359432335244, 0.000122685290989, 2.9427365007e-05, 1.84691748473e-06, 1.74664148744e-06, 6.38405765585e-07, 2.03955778488e-07, 4.27718021001e-08, 9.07408619355e-08, 1.62536650805e-08, 1.18962901752e-08, 9.33762134281e-09, 7.63800045434e-09, 7.67597452267e-09, 8.99024588108e-09, 1.05344870605e-08, 3.8090249177e-07],
        "dvar": [1.05080964763e-10, 2.72451128325e-09, 1.63484131122e-07, 1.28007727085e-07, 1.92511997739e-05, 4.49787057732e-06, 2.56276109667e-07, 2.0154973754e-05, 0.000116099858133, 3.68270292483e-07, 4.70539953312e-06, 3.12426664095e-07, 3.39766526025e-09, 1.11472966274e-11, 4.23623566781e-11, 3.71436822272e-12, 9.02266678255e-14, 6.20691259485e-15, 5.83081759958e-14, 5.69933530098e-16, 1.24956616485e-16, 9.55826189872e-17, 5.64160007946e-17, 6.74003637593e-17, 5.06307955434e-17, 4.16051863431e-17, 3.82952269071e-14],
        "dvar2": [2.91766777405e-10, 7.57745510782e-09, 3.62071347126e-07, 2.72098390042e-07, 4.18091076426e-05, 1.0288280464e-05, 6.83478219798e-07, 4.95889289596e-05, 0.000328406371409, 6.07969013799e-07, 7.40860787118e-06, 6.42126110506e-07, 6.12772632635e-09, 2.82331918261e-11, 5.12878281511e-11, 8.52207280438e-12, 1.99797169369e-13, 1.55312333903e-14, 1.41508834273e-13, 1.21421018907e-15, 2.6875916018e-16, 2.096773945e-16, 1.43774221032e-16, 1.53778222769e-16, 1.1040407429e-16, 1.06289472783e-16, 1.13467130928e-13],
        "max": [0.000101283942058, 0.000587687187362, 0.00980614311993, 0.0075685530901, 0.0555305629969, 0.0396445952356, 0.00743903033435, 0.0738698616624, 0.150490030646, 0.0134986545891, 0.0645851790905, 0.00998634938151, 0.00131163292099, 5.98767474003e-05, 0.000182938441867, 4.53265529359e-05, 4.17127284891e-06, 1.11293149985e-06, 4.18943272962e-06, 3.2808634387e-07, 1.44000779301e-07, 1.51891057953e-07, 9.55616741294e-08, 1.23107568584e-07, 1.0175236298e-07, 7.06277205609e-08, 2.84899806502e-06],
        "mean": [1.1327771972e-05, 6.18339327048e-05, 0.00042747054249, 0.000479678215925, 0.00529053108767, 0.00470866262913, 0.00069803110091, 0.00233255838975, 0.00510661723092, 0.00029154799995, 0.000552783196326, 0.000192974053789, 5.80375308346e-05, 3.09111555907e-06, 4.47451066066e-06, 1.07317316633e-06, 3.12491778232e-07, 6.03235363883e-08, 9.70067048911e-08, 2.3576149033e-08, 2.13209716549e-08, 1.54401398333e-08, 1.34922730766e-08, 1.69264016137e-08, 2.35468551324e-08, 1.75844920847e-08, 1.4467652818e-06],
        "median": [7.94398965809e-06, 4.26792685175e-05, 1.56224141392e-05, 6.74976326991e-05, 0.00143794040196, 0.00215425342321, 0.000310299219564, 0.000490009668283, 0.000442069809651, 3.76996031264e-05, 3.10420873575e-05, 9.67539290286e-06, 9.77627678367e-06, 1.42057069752e-06, 5.66691824133e-07, 1.51891100586e-07, 9.33107244805e-08, 2.20044586996e-08, 2.82976628796e-08, 1.56137147655e-08, 1.49402783478e-08, 1.22468506447e-08, 1.13797913315e-08, 1.51421417627e-08, 2.25690612865e-08, 1.52871955095e-08, 1.51644508151e-06],
        "min": [1.61432369427e-23, 3.08043020632e-23, 3.84362023662e-24, 1.43051736786e-23, 2.40286037766e-23, 2.76769576677e-23, 3.64424013933e-23, 4.73468982614e-23, 9.62497142178e-23, 5.16279138654e-23, 5.00927936993e-23, 1.58308593838e-22, 8.15475115788e-23, 1.3468628656e-22, 8.07928746151e-23, 1.07180802009e-22, 2.16367734099e-22, 2.66270595335e-22, 2.80251911636e-22, 3.35486866747e-22, 4.20670490673e-22, 5.10329745344e-22, 5.46745281291e-22, 8.91865591194e-22, 1.0605359172e-21, 2.33471990426e-21, 2.76670871877e-21],
        "var": [1.42349271259e-10, 3.92067489585e-09, 2.20112906391e-06, 8.28617146453e-07, 6.41108708805e-05, 3.6640529288e-05, 9.6908706837e-07, 3.39834477927e-05, 0.000207617864362, 1.91616254597e-06, 1.72570362338e-05, 8.51564266213e-07, 2.2280243428e-08, 2.09730271344e-11, 2.09341571855e-10, 1.17132050587e-11, 3.23235687348e-13, 1.41241651282e-14, 7.50757081828e-14, 9.65579231629e-16, 3.60349944498e-16, 1.84100930255e-16, 1.01249553954e-16, 1.36923789131e-16, 1.4583526395e-16, 1.09600643687e-16, 3.71964232419e-13]
    },
    "erbbands": {
        "dmean": [0.00211421516724, 0.00856901053339, 0.0943691730499, 0.385667622089, 2.70526456833, 6.56061172485, 11.4966926575, 7.2631778717, 3.82141900063, 12.2870502472, 24.4542560577, 60.5432662964, 9.85001373291, 1.77355539799, 12.1934280396, 3.66225004196, 1.16223025322, 0.105280533433, 0.0835087001324, 0.0344567112625, 0.0148402117193, 0.0045705283992, 0.00232243374921, 0.00303675350733, 0.00152781943325, 0.00057678023586, 0.00034220694215, 0.00028489655233, 0.000211559206946, 0.000157653557835, 0.000132085886435, 0.000106656974822, 8.80250881892e-05, 6.6750748374e-05, 4.92416620546e-05, 2.82785094896e-05, 5.67393144593e-05, 0.00035465657129, 9.66864627117e-06, 6.20504170001e-06],
        "dmean2": [0.00352572556585, 0.0150467399508, 0.156559437513, 0.573510587215, 3.86317610741, 9.939494133, 18.307598114, 11.7443656921, 6.14324140549, 19.4324626923, 38.2148399353, 98.7043685913, 14.1677656174, 2.53188896179, 16.9759654999, 4.747859478, 1.59918439388, 0.146709099412, 0.103884093463, 0.0473363511264, 0.0223192181438, 0.00726815126836, 0.00392812956125, 0.0046671028249, 0.00224152347073, 0.000883284606971, 0.000526704301592, 0.000450938765425, 0.000345851120073, 0.000263387075393, 0.000214561048779, 0.000170069120941, 0.000137142880703, 0.000106226187199, 7.94398947619e-05, 4.5372187742e-05, 9.64319478953e-05, 0.000599710445385, 1.63991899171e-05, 9.83437712421e-06],
        "dvar": [6.54656696497e-06, 0.000189725018572, 0.0868667513132, 0.642472565174, 44.1663246155, 275.629150391, 854.600646973, 300.362182617, 117.824157715, 2114.09057617, 12297.9726562, 92374.84375, 1644.84716797, 61.5052146912, 10950.1289062, 467.720916748, 8.97647953033, 0.0469077862799, 0.151508033276, 0.0107611147687, 0.00391761912033, 0.000108486914542, 4.91978935315e-05, 0.000132411340019, 2.78174175037e-05, 2.45650130637e-06, 3.08960522943e-07, 1.8189587081e-07, 1.8817517855e-07, 8.78004726701e-08, 4.05552924576e-08, 2.82090475423e-08, 1.54976937949e-08, 9.44599243269e-09, 2.68689381855e-09, 7.23019810689e-10, 2.3591057996e-09, 9.48528366962e-08, 8.98859736642e-11, 2.23761717488e-10],
        "dvar2": [1.83291085705e-05, 0.000542614958249, 0.218763142824, 1.23612439632, 74.5018997192, 557.700195312, 2015.4942627, 751.627319336, 321.835968018, 4721.38134766, 31744.8027344, 259233.75, 3360.31225586, 144.218276978, 16343.1171875, 747.932922363, 15.5247087479, 0.100111953914, 0.188048526645, 0.0187513064593, 0.00923923309892, 0.000246141746175, 0.000116260569484, 0.000336983619491, 6.5272244683e-05, 5.2480904742e-06, 6.87971123625e-07, 4.12683363038e-07, 3.692116195e-07, 2.48526220048e-07, 9.53140144588e-08, 6.15946120774e-08, 3.49995339377e-08, 2.19788205413e-08, 5.9300724331e-09, 1.80584625031e-09, 6.8903864836e-09, 2.81445949213e-07, 2.62211530266e-10, 5.77540626434e-10],
        "max": [0.0323978401721, 0.222756132483, 6.26992845535, 20.2872714996, 123.27898407, 229.089401245, 385.056518555, 372.177246094, 200.290740967, 667.719482422, 1947.49157715, 4183.6796875, 678.123413086, 148.422149658, 3170.68798828, 479.080963135, 65.6634902954, 3.68496012688, 10.8282518387, 2.2732424736, 1.47465837002, 0.14987590909, 0.133949652314, 0.17080964148, 0.0923992022872, 0.022287202999, 0.00979013834149, 0.00502479961142, 0.00864596944302, 0.00438214140013, 0.00267356564291, 0.00227492535487, 0.00190052331891, 0.00157517252956, 0.000683251942974, 0.000369355577277, 0.000711544416845, 0.00448409328237, 0.000152361259097, 0.000215287378523],
        "mean": [0.00287412735634, 0.0154125932604, 0.299537539482, 1.26739573479, 7.72094011307, 17.766462326, 35.5179214478, 34.0365867615, 18.1593761444, 31.6840839386, 49.125038147, 146.926010132, 28.8125343323, 4.20181083679, 26.9355697632, 9.86663913727, 3.37523818016, 0.349937975407, 0.267485439777, 0.120007410645, 0.037519954145, 0.0119620459154, 0.00625414028764, 0.00509365135804, 0.00281992554665, 0.00123564375099, 0.000884340901393, 0.000806015159469, 0.00058030593209, 0.000455661356682, 0.000393579131924, 0.000343173363945, 0.000306613976136, 0.000254189828411, 0.000191348575754, 0.000121045901324, 0.000377450371161, 0.00228079501539, 6.64178514853e-05, 2.36985360971e-05],
        "median": [0.00183940352872, 0.00764927081764, 0.0255102775991, 0.160830795765, 1.59348917007, 4.18975687027, 14.8216362, 13.2615299225, 7.88615036011, 5.50182247162, 12.1912269592, 13.6309070587, 3.48496365547, 0.949444055557, 1.54700136185, 0.955236554146, 0.677315592766, 0.180340915918, 0.0545793399215, 0.0271518006921, 0.0104059819132, 0.00429477589205, 0.00211606593803, 0.00166667881422, 0.00110847479664, 0.00075058825314, 0.000614627380855, 0.000596865778789, 0.000448137958301, 0.000381981721148, 0.000335183023708, 0.000308717484586, 0.000271719211014, 0.000236007617787, 0.00018470705254, 0.000122137804283, 0.000398425909225, 0.00239112670533, 6.97783398209e-05, 1.80917304533e-05],
        "min": [1.44965613685e-21, 4.45192563865e-21, 5.4574266811e-21, 2.90993964625e-20, 7.03634079485e-20, 9.35684413818e-20, 1.45587678143e-19, 2.32979788073e-19, 2.97339092621e-19, 8.33556210522e-19, 1.11562748774e-18, 2.31853824653e-18, 1.67039188198e-18, 1.84476765556e-18, 3.16470699684e-18, 6.14070431746e-18, 4.99153000299e-18, 6.68838473694e-18, 4.89137456084e-18, 3.7656007723e-18, 1.05681571133e-17, 9.48665651268e-18, 1.18389091934e-17, 1.54585167235e-17, 1.48908938067e-17, 1.60697353674e-17, 1.69005241418e-17, 1.59983844221e-17, 1.91148171584e-17, 1.65307049248e-17, 1.57519755894e-17, 1.74877330412e-17, 1.4733851913e-17, 1.17633917394e-17, 8.09957471429e-18, 7.61160680887e-18, 4.17028234338e-18, 1.98695379901e-18, 3.57644565932e-19, 3.68313282979e-20],
        "var": [1.02991980384e-05, 0.000543989008293, 0.952723503113, 8.68211555481, 268.072753906, 930.508361816, 2817.83886719, 2286.95629883, 647.467468262, 6945.54345703, 15111.5878906, 169574.921875, 6931.37597656, 153.52355957, 41613.1132812, 2072.12402344, 60.8888244629, 0.260289251804, 0.720838069916, 0.0739324018359, 0.0110877938569, 0.000397515686927, 0.000186644479982, 0.000155900401296, 4.04902457376e-05, 3.74470982933e-06, 7.4088478641e-07, 4.902829005e-07, 3.66688254871e-07, 1.24322710349e-07, 8.18346919118e-08, 5.93526117143e-08, 3.91567596125e-08, 2.18742250979e-08, 8.6354932094e-09, 2.64075317169e-09, 2.30545929014e-08, 9.21807895793e-07, 7.52075068888e-10, 6.40610287039e-10]
    },
    "gfcc": {
        "mean": [-236.527740479, 185.608276367, -43.8161964417, -81.1506729126, -55.1111030579, -18.5677909851, -22.7431659698, -15.5194044113, -18.131608963, -0.905365884304, -13.2581739426, 0.327589005232, -14.1927165985],
        "cov": [[10811.3789062, 3586.90039062, -58.655456543, -1177.09448242, -141.354232788, -852.49041748, -605.472717285, -737.862670898, -298.999267578, -362.696411133, -87.5266799927, -97.803276062, 40.5504875183], [3586.90039062, 1668.5526123, 190.882781982, -480.182312012, -99.7555770874, -480.685058594, -432.959777832, -443.900878906, -85.5522842407, -95.6249694824, -10.4440937042, -113.148254395, -0.743488550186], [-58.655456543, 190.882781982, 496.03503418, 101.417961121, -123.581413269, -128.960784912, -87.7742767334, -74.475944519, 36.1485481262, 93.2400436401, 26.6122150421, -32.7206802368, -63.7997512817], [-1177.09448242, -480.182312012, 101.417961121, 302.676696777, 56.1631813049, 141.573822021, 111.576881409, 90.995475769, -13.200876236, 15.2894430161, -4.50370979309, 16.0421924591, -27.3803577423], [-141.354232788, -99.7555770874, -123.581413269, 56.1631813049, 234.831558228, 188.214935303, 87.0883331299, -6.8617515564, -85.1578826904, -88.7314834595, -20.6511325836, 41.4708709717, 1.94738554955], [-852.49041748, -480.685058594, -128.960784912, 141.573822021, 188.214935303, 400.540344238, 281.96585083, 134.980499268, -75.3634033203, -49.8259429932, -28.0732440948, 55.8423461914, -24.444644928], [-605.472717285, -432.959777832, -87.7742767334, 111.576881409, 87.0883331299, 281.96585083, 326.943237305, 241.03805542, 6.34118938446, -12.0287799835, -36.8620529175, 3.24294424057, -63.7759399414], [-737.862670898, -443.900878906, -74.475944519, 90.995475769, -6.8617515564, 134.980499268, 241.03805542, 336.151611328, 160.795684814, 62.0960960388, -46.3541374207, -55.7673110962, -83.6930770874], [-298.999267578, -85.5522842407, 36.1485481262, -13.200876236, -85.1578826904, -75.3634033203, 6.34118938446, 160.795684814, 232.493682861, 142.75100708, 3.70479941368, -62.072719574, -31.2488689423], [-362.696411133, -95.6249694824, 93.2400436401, 15.2894430161, -88.7314834595, -49.8259429932, -12.0287799835, 62.0960960388, 142.75100708, 176.190109253, 93.2655029297, 21.8187179565, -7.16413354874], [-87.5266799927, -10.4440937042, 26.6122150421, -4.50370979309, -20.6511325836, -28.0732440948, -36.8620529175, -46.3541374207, 3.70479941368, 93.2655029297, 166.939666748, 137.706100464, 52.2517547607], [-97.803276062, -113.148254395, -32.7206802368, 16.0421924591, 41.4708709717, 55.8423461914, 3.24294424057, -55.7673110962, -62.072719574, 21.8187179565, 137.706100464, 237.11769104, 135.829177856], [40.5504875183, -0.743488550186, -63.7997512817, -27.3803577423, 1.94738554955, -24.444644928, -63.7759399414, -83.6930770874, -31.2488689423, -7.16413354874, 52.2517547607, 135.829177856, 181.920303345]],
        "icov": [[0.000616573321167, -0.00186775508337, 0.000911699433345, -0.000457552669104, 0.000375152740162, 0.000600599159952, -0.00087856472237, -0.000523655675352, 0.000939049816225, -0.00118610565551, 0.00184613652527, -0.0018653756706, 0.000610684219282], [-0.00186775508337, 0.00908793695271, -0.0048767272383, 0.00600220775232, -0.00304271117784, 0.000709427869879, 0.000824641494546, 0.00504355505109, -0.00471869716421, 0.00693688262254, -0.00755332224071, 0.00740818120539, -0.00151525822002], [0.000911699433345, -0.0048767272383, 0.00729027297348, -0.0064462441951, 0.00373607384972, 0.00144572684076, -0.00355087220669, 0.00311743048951, -0.000283247296466, -0.00562560698017, 0.00720635941252, -0.00716413185, 0.00471598142758], [-0.000457552669104, 0.00600220775232, -0.0064462441951, 0.0131915425882, -0.00530790863559, 0.000740886607673, 0.00255822739564, -0.00265689427033, 0.00377847906202, 0.00140160333831, -0.00386032904498, 0.00564910378307, -0.00272270757705], [0.000375152740162, -0.00304271117784, 0.00373607384972, -0.00530790863559, 0.0133163696155, -0.00708520505577, -0.000446188729256, 0.005007263273, -0.00826376490295, 0.00849866960198, -0.00105024746154, -0.00458988873288, 0.00411176448688], [0.000600599159952, 0.000709427869879, 0.00144572684076, 0.000740886607673, -0.00708520505577, 0.0172148644924, -0.0142382979393, 0.00618989858776, 0.00329546793364, -0.00730761652812, 0.00810289941728, -0.00497199688107, 0.00239596003667], [-0.00087856472237, 0.000824641494546, -0.00355087220669, 0.00255822739564, -0.000446188729256, -0.0142382979393, 0.0301639400423, -0.0255456715822, 0.0155847379938, -0.00440425751731, -0.00370827247389, 0.00545101985335, -0.0042485347949], [-0.000523655675352, 0.00504355505109, 0.00311743048951, -0.00265689427033, 0.005007263273, 0.00618989858776, -0.0255456715822, 0.040088146925, -0.0332492515445, 0.0172570720315, -0.001126665622, -0.00533297332004, 0.0103697227314], [0.000939049816225, -0.00471869716421, -0.000283247296466, 0.00377847906202, -0.00826376490295, 0.00329546793364, 0.0155847379938, -0.0332492515445, 0.0475083552301, -0.0382945798337, 0.0147949475795, 0.00289927935228, -0.00882247649133], [-0.00118610565551, 0.00693688262254, -0.00562560698017, 0.00140160333831, 0.00849866960198, -0.00730761652812, -0.00440425751731, 0.0172570720315, -0.0382945798337, 0.0528201311827, -0.0324608832598, 0.00925811845809, 0.00176622276194], [0.00184613652527, -0.00755332224071, 0.00720635941252, -0.00386032904498, -0.00105024746154, 0.00810289941728, -0.00370827247389, -0.001126665622, 0.0147949475795, -0.0324608832598, 0.0422116927803, -0.0269246660173, 0.0100274998695], [-0.0018653756706, 0.00740818120539, -0.00716413185, 0.00564910378307, -0.00458988873288, -0.00497199688107, 0.00545101985335, -0.00533297332004, 0.00289927935228, 0.00925811845809, -0.0269246660173, 0.0318688862026, -0.0175762288272], [0.000610684219282, -0.00151525822002, 0.00471598142758, -0.00272270757705, 0.00411176448688, 0.00239596003667, -0.0042485347949, 0.0103697227314, -0.00882247649133, 0.00176622276194, 0.0100274998695, -0.0175762288272, 0.0189549587667]]
    },
    "melbands": {
        "dmean": [1.45559351949e-05, 3.64512343367e-05, 0.000129017265863, 0.000291771517368, 0.000414240494138, 0.000165893128724, 5.2114322898e-05, 0.000160138821229, 0.00023608628544, 0.000352366943844, 3.38886966347e-05, 4.2125757318e-06, 3.55716219929e-05, 1.98355792236e-05, 3.790514711e-06, 1.41356895256e-06, 1.30979060486e-07, 1.29401570348e-07, 7.25996969209e-08, 4.54791440063e-08, 1.20439622719e-08, 5.50869305727e-09, 4.41397318696e-09, 1.36756950209e-09, 2.82870282753e-09, 1.99618721552e-09, 4.52640563919e-10, 3.96903426791e-10, 2.10785652821e-10, 2.47996845282e-10, 1.71954075978e-10, 1.35264605072e-10, 1.10139571075e-10, 9.78811059982e-11, 8.68757912831e-11, 7.43128406033e-11, 7.37511787752e-11, 6.7601445275e-11, 6.51079815062e-11, 6.38918085105e-11],
        "dmean2": [2.43524464167e-05, 6.03113949182e-05, 0.000184609103599, 0.0004242148716, 0.000652414397337, 0.000261251669144, 8.41410437715e-05, 0.000251180375926, 0.000383621983929, 0.000572701683268, 4.52395906905e-05, 6.72499572829e-06, 5.01097129018e-05, 2.6410261853e-05, 4.95522226629e-06, 2.01675879907e-06, 1.97081973852e-07, 1.65566930832e-07, 9.51431786689e-08, 6.68512285529e-08, 1.84704962436e-08, 8.73786998312e-09, 7.42285743982e-09, 2.20267204476e-09, 4.3756420709e-09, 2.85795431765e-09, 7.16902204267e-10, 6.16663053954e-10, 3.36402627976e-10, 3.7876557446e-10, 2.85462015137e-10, 2.25431659451e-10, 1.85448004175e-10, 1.65912575345e-10, 1.43426506782e-10, 1.182844378e-10, 1.20391974168e-10, 1.07507926173e-10, 1.04168430826e-10, 1.05546120455e-10],
        "dvar": [2.89578194757e-10, 1.23640262473e-08, 7.44269286201e-08, 3.41719129437e-07, 1.15217324037e-06, 1.49402183069e-07, 2.10145820745e-08, 3.57789303962e-07, 1.03964930531e-06, 3.20021558764e-06, 2.35452279895e-08, 4.12112038939e-10, 8.15541980614e-08, 1.84916171264e-08, 2.85661272414e-10, 1.30386786437e-11, 9.94967996881e-14, 3.25632614406e-13, 8.2478037529e-14, 3.43607419264e-14, 1.82067720309e-15, 1.6563072833e-16, 2.5265499921e-16, 2.12743193856e-17, 1.18457623848e-16, 8.06497060598e-17, 1.09284827784e-18, 1.12125469405e-18, 1.37777309552e-19, 1.33714301781e-19, 7.00448400151e-20, 6.41980366399e-20, 3.53256624814e-20, 3.33551954777e-20, 1.65731726488e-20, 1.13532994765e-20, 1.12863301587e-20, 8.30233991457e-21, 7.2147807782e-21, 7.97910616552e-21],
        "dvar2": [8.11467337769e-10, 3.00652089891e-08, 1.24505277199e-07, 6.41049098249e-07, 2.68875737675e-06, 3.6624996369e-07, 5.74439624756e-08, 8.16656779534e-07, 2.86916929326e-06, 8.72587406775e-06, 4.13421084033e-08, 1.17615428508e-09, 1.25086131675e-07, 2.89643438123e-08, 3.9116773709e-10, 2.3197097021e-11, 2.40160484815e-13, 4.29964386577e-13, 1.05215939043e-13, 7.57331141701e-14, 4.3584774868e-15, 3.74542802092e-16, 5.65158964193e-16, 4.87006357584e-17, 3.02329272872e-16, 1.88794895681e-16, 2.54720819097e-18, 2.37352859327e-18, 3.13429590842e-19, 2.66841744767e-19, 1.71646245583e-19, 1.33224946901e-19, 8.50059071203e-20, 9.72695059363e-20, 4.17857459638e-20, 2.38373209231e-20, 2.64536188836e-20, 1.9203101318e-20, 1.61883171753e-20, 1.94888566767e-20],
        "max": [0.000216350104893, 0.00245006429031, 0.0064853830263, 0.0068019554019, 0.0125086829066, 0.00838807411492, 0.00257178093307, 0.00824853871018, 0.0141625711694, 0.0239791925997, 0.00259902444668, 0.000410317297792, 0.00861256103963, 0.00358739728108, 0.000511999533046, 8.24361195555e-05, 5.10619747729e-06, 1.54094705067e-05, 7.95438609202e-06, 4.11585506299e-06, 9.57105839916e-07, 1.94431549971e-07, 3.46890004721e-07, 6.65795027999e-08, 1.5780152296e-07, 1.6830077243e-07, 1.59865649607e-08, 1.53017314375e-08, 6.03277650058e-09, 5.49498402336e-09, 2.88713275509e-09, 4.7223314148e-09, 2.59842392047e-09, 2.48878739839e-09, 1.60719726416e-09, 1.31177702034e-09, 1.38246336601e-09, 1.21959720101e-09, 1.36167754849e-09, 1.27557320262e-09],
        "mean": [2.03971139854e-05, 0.000116230708954, 0.000401897530537, 0.000828492629807, 0.00126417959109, 0.000818940927275, 0.000235798725043, 0.000394093425712, 0.000455048837466, 0.000882854219526, 0.000105160426756, 8.24712515168e-06, 7.68119934946e-05, 4.53975626442e-05, 1.1450164493e-05, 4.08176856581e-06, 3.46752756286e-07, 3.91944979583e-07, 2.44836712682e-07, 1.2526328419e-07, 2.70079461018e-08, 1.27492558732e-08, 1.05453574761e-08, 3.22440141254e-09, 4.30362900872e-09, 3.33648331186e-09, 8.97269369915e-10, 7.59810769857e-10, 4.84035367343e-10, 5.84793102831e-10, 4.23190371635e-10, 3.25827531622e-10, 2.73831318731e-10, 2.40187675304e-10, 2.224871537e-10, 2.03901562301e-10, 2.01315089599e-10, 2.01686986556e-10, 2.06989356211e-10, 2.02768024593e-10],
        "median": [1.39754083648e-05, 9.60238867265e-06, 5.32841550012e-05, 0.000206106895348, 0.000472012470709, 0.000327010377077, 8.75458936207e-05, 6.19963684585e-05, 0.000109781249193, 6.76095223753e-05, 8.59615101945e-06, 2.06859135687e-06, 4.33792047261e-06, 2.01084185392e-06, 1.72174236468e-06, 7.9849849044e-07, 1.65598748936e-07, 8.34965021568e-08, 4.16321910279e-08, 1.73374186119e-08, 7.48267137141e-09, 4.01160438201e-09, 2.11287676244e-09, 9.92323778704e-10, 1.2707010999e-09, 8.53740189655e-10, 5.50831824597e-10, 4.38185543405e-10, 3.29654553655e-10, 4.00800781453e-10, 3.13151532483e-10, 2.48429499194e-10, 2.15324785779e-10, 2.00379171589e-10, 1.86239745847e-10, 1.76281544917e-10, 1.77620529396e-10, 1.74666919817e-10, 1.86838683414e-10, 1.87045184896e-10],
        "min": [1.14725934712e-23, 4.29816859553e-24, 6.52590508655e-24, 5.57185197461e-24, 5.23289027655e-24, 5.30235697344e-24, 5.28834838148e-24, 9.41310326193e-24, 1.02047417464e-23, 1.44563225834e-23, 8.48087004263e-24, 7.45967619019e-24, 8.28478919831e-24, 1.78911491825e-23, 1.24061496103e-23, 8.48826955792e-24, 1.35425124217e-23, 7.79784113873e-24, 6.01044562171e-24, 5.5122298674e-24, 1.42435368206e-23, 1.17449816198e-23, 7.21950275443e-24, 1.28342312914e-23, 1.2459167374e-23, 1.14368509725e-23, 8.40711075913e-24, 1.19536329626e-23, 9.94416678991e-24, 1.25197227037e-23, 7.42702444846e-24, 9.73616546845e-24, 1.11653195269e-23, 8.91247477654e-24, 8.78343764283e-24, 9.66323527776e-24, 1.1405235794e-23, 1.20717301733e-23, 8.1289110723e-24, 1.03545211888e-23],
