{
"metadata": {
    "version": {
        "essentia": "2.0.1",
        "extractor": "archive-music 1.0"
    },
    "audio_properties": {
        "analysis_sample_rate": 44100,
        "bitrate": 128,
        "channels": 2,
        "equal_loudness": 0,
        "length": 15.3861227036,
        "replay_gain": 10.5708179474,
        "downmix": "mix"
    },
    "tags": {
        "track": 0,
        "year": 0,
        "album": "",
        "artist": "",
        "comment": "",
        "genre": "",
        "title": ""
    }
},
"highlevel": {
    "culture": {
        "all": {
            "non_western": 5.51264243143e-08,
            "western": 0.999999940395
        },
        "probability": 0.999999940395,
        "value": "western"
    },
    "danceability": {
        "all": {
            "danceable": 3.83801449289e-07,
            "not_danceable": 0.999999642372
        },
        "probability": 0.999999642372,
        "value": "not_danceable"
    },
    "gender": {
        "all": {
            "female": 0.651140630245,
            "male": 0.348859369755
        },
        "probability": 0.651140630245,
        "value": "female"
    },
    "genre_dortmund": {
        "all": {
            "alternative": 0.0617682859302,
            "blues": 0.185459822416,
            "electronic": 0.0689338594675,
            "folkcountry": 0.282120317221,
            "funksoulrnb": 0.0269441343844,
            "jazz": 0.119745150208,
            "pop": 0.0650693997741,
            "raphiphop": 0.0052054352127,
            "rock": 0.184753581882
        },
        "probability": 0.282120317221,
        "value": "folkcountry"
    },
    "genre_electronic": {
        "all": {
            "ambient": 0.951379537582,
            "dnb": 0.0160524118692,
            "house": 0.0196512173861,
            "techno": 0.00322479056194,
            "trance": 0.00969204399735
        },
        "probability": 0.951379537582,
        "value": "ambient"
    },
    "genre_rosamerica": {
        "all": {
            "cla": 0.0333029553294,
            "dan": 0.0312155857682,
            "hip": 0.00769989425316,
            "jaz": 0.0709359645844,
            "pop": 0.14910620451,
            "rhy": 0.668365061283,
            "roc": 0.0215766523033,
            "spe": 0.0177976675332
        },
        "probability": 0.668365061283,
        "value": "rhy"
    },
    "genre_tzanetakis": {
        "all": {
            "blu": 0.0221391711384,
            "cla": 0.356367170811,
            "cou": 0.0705198943615,
            "dis": 0.0278194341809,
            "hip": 0.00773166446015,
            "jaz": 0.230629444122,
            "met": 0.00462946947664,
            "pop": 0.0846640095115,
            "reg": 0.134773224592,
            "roc": 0.0607265233994
        },
        "probability": 0.356367170811,
        "value": "cla"
    },
    "mirex_ballroom": {
        "all": {
            "ChaChaCha": 0.000668503984343,
            "Jive": 0.000614911725279,
            "Quickstep": 0.00351422186941,
            "Rumba-American": 0.00733806146309,
            "Rumba-International": 0.0118967490271,
            "Rumba-Misc": 0.0037958691828,
            "Samba": 0.000492450897582,
            "Tango": 0.00703369034454,
            "VienneseWaltz": 0.419214725494,
            "Waltz": 0.545430839062
        },
        "probability": 0.545430839062,
        "value": "Waltz"
    },
    "mood_acoustic": {
        "all": {
            "acoustic": 0.312715858221,
            "not_acoustic": 0.687284171581
        },
        "probability": 0.687284171581,
        "value": "not_acoustic"
    },
    "mood_aggressive": {
        "all": {
            "aggressive": 0.0110117038712,
            "not_aggressive": 0.988988280296
        },
        "probability": 0.988988280296,
        "value": "not_aggressive"
    },
    "mood_electronic": {
        "all": {
            "electronic": 0.223702147603,
            "not_electronic": 0.776297867298
        },
        "probability": 0.776297867298,
        "value": "not_electronic"
    },
    "mood_happy": {
        "all": {
            "happy": 0.306714504957,
            "not_happy": 0.693285524845
        },
        "probability": 0.693285524845,
        "value": "not_happy"
    },
    "mood_party": {
        "all": {
            "not_party": 0.988612949848,
            "party": 0.0113870324567
        },
        "probability": 0.988612949848,
        "value": "not_party"
    },
    "mood_relaxed": {
        "all": {
            "not_relaxed": 0.00888893473893,
            "relaxed": 0.991111040115
        },
        "probability": 0.991111040115,
        "value": "relaxed"
    },
    "mood_sad": {
        "all": {
            "not_sad": 0.298768848181,
            "sad": 0.701231122017
        },
        "probability": 0.701231122017,
        "value": "sad"
    },
    "moods_mirex": {
        "all": {
            "Cluster1": 0.12723313272,
            "Cluster2": 0.160896167159,
            "Cluster3": 0.484896659851,
            "Cluster4": 0.103903464973,
            "Cluster5": 0.123070597649
        },
        "probability": 0.484896659851,
        "value": "Cluster3"
    },
    "timbre": {
        "all": {
            "bright": 0.954116284847,
            "dark": 0.0458837002516
        },
        "probability": 0.954116284847,
        "value": "bright"
    },
    "tonal_atonal": {
        "all": {
            "atonal": 0.740238130093,
            "tonal": 0.259761869907
        },
        "probability": 0.740238130093,
        "value": "atonal"
    },
    "voice_instrumental": {
        "all": {
            "instrumental": 0.949311733246,
            "voice": 0.0506882704794
        },
        "probability": 0.949311733246,
        "value": "instrumental"
    }
},
"lowlevel": {
    "average_loudness": 0.920939862728,
    "barkbands_kurtosis": {
        "dmean": 1.44924199581,
        "dmean2": 2.30017828941,
        "dvar": 4.51867580414,
        "dvar2": 11.8441295624,
        "max": 37.8407440186,
        "mean": 2.03018307686,
        "median": 0.473703980446,
        "min": -1.75658667088,
        "var": 21.3383140564
    },
    "barkbands_skewness": {
        "dmean": 0.399533569813,
        "dmean2": 0.626449167728,
        "dvar": 0.129010260105,
        "dvar2": 0.322588115931,
        "max": 4.8775601387,
        "mean": 1.02728497982,
        "median": 0.99161195755,
        "min": -2.01146030426,
        "var": 1.02020728588
    },
    "barkbands_spread": {
        "dmean": 3.28453183174,
        "dmean2": 4.94616413116,
        "dvar": 18.1096382141,
        "dvar2": 42.4097251892,
        "max": 94.6439819336,
        "mean": 16.2149066925,
        "median": 15.3527421951,
        "min": 1.67833924294,
        "var": 71.3579559326
    },
    "dissonance": {
        "dmean": 0.0336849205196,
        "dmean2": 0.058471892029,
        "dvar": 0.00105571723543,
        "dvar2": 0.00303082820028,
        "max": 0.499493569136,
        "mean": 0.42771294713,
        "median": 0.433822691441,
        "min": 0.226391911507,
        "var": 0.00138433021493
    },
    "dynamic_complexity": 2.84846425056,
    "erbbands_kurtosis": {
        "dmean": 1.27616322041,
        "dmean2": 2.06045460701,
        "dvar": 4.10843610764,
        "dvar2": 11.0314922333,
        "max": 24.0640449524,
        "mean": 0.904439628124,
        "median": 0.00546717643738,
        "min": -1.65485966206,
        "var": 8.49132537842
    },
    "erbbands_skewness": {
        "dmean": 0.423210591078,
        "dmean2": 0.6524066329,
        "dvar": 0.174511060119,
        "dvar2": 0.466209113598,
        "max": 1.91119158268,
        "mean": -0.410835921764,
        "median": -0.290043801069,
        "min": -4.12822389603,
        "var": 1.00631558895
    },
    "erbbands_spread": {
        "dmean": 4.39929580688,
        "dmean2": 6.92118024826,
        "dvar": 17.7758827209,
        "dvar2": 43.0910415649,
        "max": 62.1120758057,
        "mean": 21.8714256287,
        "median": 21.3567409515,
        "min": 2.86200284958,
        "var": 75.5924453735
    },
    "hfc": {
        "dmean": 5.37877511978,
        "dmean2": 8.26642131805,
        "dvar": 99.5481796265,
        "dvar2": 269.015960693,
        "max": 148.260101318,
        "mean": 17.7433700562,
        "median": 13.3629379272,
        "min": 1.19723554292e-16,
        "var": 365.55279541
    },
    "melbands_kurtosis": {
        "dmean": 2.98054909706,
        "dmean2": 4.58496665955,
        "dvar": 15.7702455521,
        "dvar2": 37.8264923096,
        "max": 70.6239471436,
        "mean": 6.24073171616,
        "median": 3.05650782585,
        "min": -1.86791574955,
        "var": 93.1616592407
    },
    "melbands_skewness": {
        "dmean": 0.490653008223,
        "dmean2": 0.747756838799,
        "dvar": 0.175715714693,
        "dvar2": 0.420361936092,
        "max": 6.39440536499,
        "mean": 1.88318049908,
        "median": 1.77327227592,
        "min": -1.01151907444,
        "var": 1.45869147778
    },
    "melbands_spread": {
        "dmean": 4.48215579987,
        "dmean2": 6.78905725479,
        "dvar": 42.8642044067,
        "dvar2": 80.2552871704,
        "max": 146.777908325,
        "mean": 19.5439529419,
        "median": 16.7504711151,
        "min": 1.2026976347,
        "var": 239.947402954
    },
    "pitch_salience": {
        "dmean": 0.053036890924,
        "dmean2": 0.0862076580524,
        "dvar": 0.00205116602592,
        "dvar2": 0.00544013595209,
        "max": 0.953619360924,
        "mean": 0.511339426041,
        "median": 0.513565778732,
        "min": 0.239258140326,
        "var": 0.00945912674069
    },
    "silence_rate_20dB": {
        "dmean": 0,
        "dmean2": 0,
        "dvar": 0,
        "dvar2": 0,
        "max": 1,
        "mean": 1,
        "median": 1,
        "min": 1,
        "var": 0
    },
    "silence_rate_30dB": {
        "dmean": 0.00904977414757,
        "dmean2": 0.0181268882006,
        "dvar": 0.00896793231368,
        "dvar2": 0.0177984964103,
        "max": 1,
        "mean": 0.974397599697,
        "median": 1,
        "min": 0,
        "var": 0.0249472092837
    },
    "silence_rate_60dB": {
        "dmean": 0.00301659130491,
        "dmean2": 0.00604229606688,
        "dvar": 0.00300750904717,
        "dvar2": 0.00600575702265,
        "max": 1,
        "mean": 0.0587349385023,
        "median": 0,
        "min": 0,
        "var": 0.0552857108414
    },
    "spectral_centroid": {
        "dmean": 128.571212769,
        "dmean2": 185.068969727,
        "dvar": 105049.085938,
        "dvar2": 117714.273438,
        "max": 11389.8662109,
        "mean": 791.720703125,
        "median": 720.998413086,
        "min": 202.908630371,
        "var": 329023.1875
    },
    "spectral_complexity": {
        "dmean": 1.41478133202,
        "dmean2": 2.41993951797,
        "dvar": 1.5217730999,
        "dvar2": 4.05023050308,
        "max": 19,
        "mean": 12.0165662766,
        "median": 13,
        "min": 0,
        "var": 12.8747367859
    },
    "spectral_crest": {
        "dmean": 1.96837329865,
        "dmean2": 3.14473152161,
        "dvar": 3.36302089691,
        "dvar2": 9.2348690033,
        "max": 20.7569770813,
        "mean": 9.46839141846,
        "median": 8.48795700073,
        "min": 3.83499526978,
        "var": 11.3808469772
    },
    "spectral_decrease": {
        "dmean": 2.13272954852e-09,
        "dmean2": 3.30213278943e-09,
        "dvar": 8.23056207301e-18,
        "dvar2": 1.90917520542e-17,
        "max": -2.14653152736e-29,
        "mean": -9.94200810567e-09,
        "median": -8.82407036329e-09,
        "min": -7.61738405686e-08,
        "var": 5.18112649955e-17
    },
    "spectral_energy": {
        "dmean": 0.00847598165274,
        "dmean2": 0.013089871034,
        "dvar": 0.000127139981487,
        "dvar2": 0.000299422506941,
        "max": 0.290052682161,
        "mean": 0.0391327440739,
        "median": 0.0346682108939,
        "min": 1.09402899738e-20,
        "var": 0.000788484641816
    },
    "spectral_energyband_high": {
        "dmean": 6.05954028288e-06,
        "dmean2": 9.06288823899e-06,
        "dvar": 1.2599886412e-10,
        "dvar2": 2.26965446437e-10,
        "max": 0.000151056126924,
        "mean": 1.71939700522e-05,
        "median": 9.72609996097e-06,
        "min": 8.06593266485e-21,
        "var": 4.53636461728e-10
    },
    "spectral_energyband_low": {
        "dmean": 0.00442648027092,
        "dmean2": 0.006902822759,
        "dvar": 9.91130509647e-05,
        "dvar2": 0.000230090096011,
        "max": 0.254782646894,
        "mean": 0.0125802699476,
        "median": 0.00671504624188,
        "min": 4.14922471464e-23,
        "var": 0.000440445699496
    },
    "spectral_energyband_middle_high": {
        "dmean": 0.00350009044632,
        "dmean2": 0.00542605901137,
        "dvar": 4.67405589006e-05,
        "dvar2": 0.000127974737552,
        "max": 0.0901143327355,
        "mean": 0.00840020831674,
        "median": 0.00492448918521,
        "min": 1.58230684673e-21,
        "var": 0.000146811784361
    },
    "spectral_energyband_middle_low": {
        "dmean": 0.00285381311551,
        "dmean2": 0.00408039800823,
        "dvar": 1.19765045383e-05,
        "dvar2": 3.14067692671e-05,
        "max": 0.0583056621253,
        "mean": 0.0152017008513,
        "median": 0.0127683486789,
        "min": 2.95755666374e-22,
        "var": 0.000121240336739
    },
    "spectral_flatness_db": {
        "dmean": 0.0138343647122,
        "dmean2": 0.0219370573759,
        "dvar": 0.000146132384543,
        "dvar2": 0.000360601843568,
        "max": 0.379105985165,
        "mean": 0.229918465018,
        "median": 0.22735132277,
        "min": 0.0367692671716,
        "var": 0.00159325962886
    },
    "spectral_flux": {
        "dmean": 0.0171044766903,
        "dmean2": 0.0285970102996,
        "dvar": 0.000356590171577,
        "dvar2": 0.000997391762212,
        "max": 0.196471571922,
        "mean": 0.0613902434707,
        "median": 0.05604904145,
        "min": 1.04595838935e-10,
        "var": 0.0010014786385
    },
    "spectral_kurtosis": {
        "dmean": 6.75930976868,
        "dmean2": 11.5583934784,
        "dvar": 30.4485034943,
        "dvar2": 86.4330215454,
        "max": 52.2544174194,
        "mean": 18.2301063538,
        "median": 16.3633937836,
        "min": -1.20946073532,
        "var": 72.935333252
    },
    "spectral_rms": {
        "dmean": 0.000621341401711,
        "dmean2": 0.000966868014075,
        "dvar": 4.04073006166e-07,
        "dvar2": 9.7954591638e-07,
        "max": 0.016821956262,
        "mean": 0.00578897772357,
        "median": 0.00581572391093,
        "min": 3.26702510531e-12,
        "var": 4.66603796667e-06
    },
    "spectral_rolloff": {
        "dmean": 245.374435425,
        "dmean2": 441.853088379,
        "dvar": 859220.9375,
        "dvar2": 1607315.5,
        "max": 19013.8183594,
        "mean": 1072.63964844,
        "median": 904.39453125,
        "min": 107.666015625,
        "var": 3465610
    },
    "spectral_skewness": {
        "dmean": 0.497272282839,
        "dmean2": 0.832937538624,
        "dvar": 0.15291082859,
        "dvar2": 0.44159835577,
        "max": 5.29952144623,
        "mean": 2.88876366615,
        "median": 2.79388380051,
        "min": -0.0287321228534,
        "var": 0.451505959034
    },
    "spectral_spread": {
        "dmean": 241195.6875,
        "dmean2": 361668.375,
        "dvar": 1.48283929395e+12,
        "dvar2": 1.48651062067e+12,
        "max": 40567672,
        "mean": 2129863.75,
        "median": 1972904,
        "min": 1222522.375,
        "var": 3.02823112704e+12
    },
    "spectral_strongpeak": {
        "dmean": 0.932389736176,
        "dmean2": 1.6255338192,
        "dvar": 2.6905772686,
        "dvar2": 6.29995679855,
        "max": 18.5455970764,
        "mean": 1.67381393909,
        "median": 0.447367668152,
        "min": 0,
        "var": 8.94517230988
    },
    "zerocrossingrate": {
        "dmean": 0.00549334799871,
        "dmean2": 0.00782430171967,
        "dvar": 0.000534104707185,
        "dvar2": 0.001058200025,
        "max": 0.52490234375,
        "mean": 0.0356415882707,
        "median": 0.03125,
        "min": 0.0048828125,
        "var": 0.00185221293941
    },
    "barkbands": {
        "dmean": [0.00246361573227, 0.0033952484373, 0.00124386651441, 0.00111470266711, 0.00150921603199, 0.000820258166641, 0.000281399959931, 0.000327782472596, 0.00048719937331, 0.000251550081884, 0.000378024706151, 0.000815860461444, 0.00129404629115, 0.000805352057796, 0.000537373067345, 7.5913114415e-05, 0.000150947453221, 2.14756855712e-05, 3.6875531805e-05, 5.93362392465e-06, 4.5095571295e-06, 9.52354582751e-07, 2.90580317142e-07, 1.90113709664e-07, 1.29825494355e-07, 7.69326788941e-08, 1.00553601001e-08],
        "dmean2": [0.00451762601733, 0.0051256516017, 0.00192894297652, 0.00173168804031, 0.00232966151088, 0.000850115378853, 0.000411902728956, 0.000441502052126, 0.000533720245585, 0.000363685598131, 0.000549919321202, 0.00124880846124, 0.00209443690255, 0.00115465489216, 0.000858961197082, 0.000122836034279, 0.000238263426581, 3.41924096574e-05, 5.43186943105e-05, 1.00177285276e-05, 6.63778928356e-06, 1.53871656039e-06, 4.8181072998e-07, 3.16868209893e-07, 2.06436482131e-07, 1.15989472249e-07, 1.69734271083e-08],
        "dvar": [4.34428329754e-06, 6.46230619168e-05, 7.13581539458e-06, 3.06697870656e-06, 5.90499803366e-06, 9.70233372755e-07, 1.06057925109e-07, 1.99040329107e-07, 1.12757459192e-06, 2.09648433724e-07, 6.69006055887e-07, 5.39399752597e-06, 2.49129097938e-05, 2.03293220693e-05, 1.99332112061e-06, 2.51046543553e-08, 2.54820918144e-07, 2.16835149836e-09, 4.05260225378e-09, 1.44657341661e-10, 1.16278917051e-10, 2.00875015406e-12, 1.46620088575e-13, 5.42137711947e-14, 3.48571066217e-14, 1.58800229233e-14, 1.56369217145e-16],
        "dvar2": [1.50873129314e-05, 0.000147581231431, 1.76163357537e-05, 8.93455671758e-06, 1.46091942952e-05, 1.0580788512e-06, 2.54975361713e-07, 3.65830061355e-07, 1.07912387648e-06, 4.06956388588e-07, 1.38367931868e-06, 1.35734426294e-05, 7.48329912312e-05, 4.9280217354e-05, 5.32233934791e-06, 5.4883997791e-08, 5.7954383692e-07, 4.65694061091e-09, 6.77561340368e-09, 4.18431483906e-10, 2.05160430311e-10, 4.83626506897e-12, 3.93228581207e-13, 1.37832426679e-13, 8.79066784643e-14, 2.85320778234e-14, 4.09877390292e-16],
        "max": [0.014132887125, 0.19892680645, 0.0470884405077, 0.0230793133378, 0.0312945991755, 0.020701020956, 0.00463921483606, 0.0070162913762, 0.0222704894841, 0.00647723302245, 0.010433010757, 0.0364173129201, 0.0641837120056, 0.0874286517501, 0.0159735307097, 0.00186919432599, 0.00616095354781, 0.000767063698731, 0.000797017884906, 0.000149440253153, 0.000138969917316, 1.87606729014e-05, 4.64835329694e-06, 3.18862612403e-06, 2.38868096858e-06, 1.87527950857e-06, 1.38651017778e-07],
        "mean": [0.0053245597519, 0.00794118456542, 0.00239550066181, 0.00330810667947, 0.00569589762017, 0.00292002782226, 0.000687920430209, 0.000853356381413, 0.00144881929737, 0.00061954400735, 0.000767765159253, 0.00156646664254, 0.00215309113264, 0.00191160582472, 0.000999568379484, 0.000124253463582, 0.00028102149372, 4.28467974416e-05, 6.58781427774e-05, 1.22398805615e-05, 8.8060987764e-06, 2.35053107644e-06, 7.633332757e-07, 5.77964783588e-07, 4.1420670982e-07, 2.47145379717e-07, 2.04741326115e-08],
        "median": [0.00537104811519, 0.00299827056006, 0.00128786289133, 0.00203550956212, 0.00325060961768, 0.00192301243078, 0.000487650802825, 0.000478369765915, 0.000285684567643, 0.0002410102461, 0.000233463579207, 0.000195068205358, 7.16437934898e-05, 2.79195191979e-05, 5.42076668353e-05, 4.42797281721e-05, 4.46713202109e-05, 1.59327191795e-05, 2.86775684799e-05, 5.76639831706e-06, 2.50527318713e-06, 1.58523573646e-06, 5.70115901155e-07, 4.38488370946e-07, 3.00929286823e-07, 1.76230656734e-07, 1.54142192343e-08],
        "min": [4.85166614436e-25, 2.34071770207e-23, 1.51096177421e-23, 1.56383785851e-23, 6.52700041992e-23, 7.61668301838e-23, 4.80873278402e-24, 1.03913491601e-22, 2.36437500953e-23, 6.69783992409e-23, 1.12188945419e-22, 2.1145506179e-22, 5.33899546041e-23, 1.39495018555e-22, 9.23565531219e-23, 1.96489108241e-22, 1.44757844131e-22, 2.48185712959e-22, 1.73789465299e-22, 3.99855922372e-22, 7.48335568042e-22, 5.08668972258e-22, 6.00431645647e-22, 8.82371492428e-22, 1.06681651218e-21, 1.6666898715e-21, 2.61035179205e-21],
        "var": [5.6110143305e-06, 0.000294979836326, 1.67412599694e-05, 1.32116429086e-05, 3.62495520676e-05, 9.11563984118e-06, 3.80489268537e-07, 1.05875278678e-06, 9.00352006283e-06, 1.07591631604e-06, 1.93016740013e-06, 1.31697261168e-05, 5.18076449225e-05, 8.82138556335e-05, 4.96238862979e-06, 6.22650020432e-08, 7.24421340692e-07, 7.01356706045e-09, 1.06344320017e-08, 3.74627662225e-10, 3.37127437078e-10, 6.70012179418e-12, 4.70691573825e-13, 2.43261790919e-13, 1.3963699988e-13, 6.07534516943e-14, 3.85868691388e-16]
    },
    "erbbands": {
        "dmean": [0.0678966939449, 0.882099866867, 1.6956025362, 1.85825908184, 6.20025634766, 4.80157661438, 3.92526245117, 8.73350811005, 3.4479663372, 4.91989517212, 9.33446025848, 9.60656452179, 5.41919851303, 9.92084789276, 17.5469150543, 35.799571991, 62.6160545349, 56.7291679382, 35.2071723938, 8.32560157776, 5.69092035294, 5.16260004044, 1.04049038887, 2.11066699028, 1.69638812542, 0.245585933328, 0.234647750854, 0.0747220292687, 0.030582215637, 0.024223100394, 0.0104289073497, 0.00426841154695, 0.00288194254972, 0.00161633465905, 0.00087789434474, 0.000372746580979, 0.000163095173775, 2.84511879727e-05, 4.43857607024e-06, 9.69079519564e-06],
        "dmean2": [0.0937026143074, 1.36150407791, 2.70237016678, 2.85693955421, 9.95842266083, 7.2998547554, 4.94598388672, 8.79815483093, 5.00608730316, 6.25088310242, 11.6283807755, 11.2237987518, 7.34578418732, 14.4419622421, 26.4213848114, 55.2081298828, 100.359481812, 83.1993484497, 56.225818634, 13.1458902359, 9.11161613464, 7.88316631317, 1.72722136974, 3.16893863678, 2.58160614967, 0.385566651821, 0.349033176899, 0.117769502103, 0.0497449375689, 0.0382183529437, 0.0171123631299, 0.00737537210807, 0.00473447563127, 0.00263796187937, 0.00138293125201, 0.000575520098209, 0.000249679287663, 4.50789375464e-05, 6.7710843723e-06, 1.49366078404e-05],
        "dvar": [0.0345656685531, 4.10976648331, 13.7619895935, 8.98629379272, 100.867973328, 66.6192169189, 25.8746967316, 130.736160278, 14.4230985641, 30.3775043488, 403.300964355, 294.612884521, 122.045578003, 284.427856445, 1846.58422852, 10574.125, 50268.5234375, 60403.7929688, 8260.56640625, 206.657852173, 186.863967896, 275.585662842, 2.40948534012, 19.4387321472, 15.6581954956, 0.135079592466, 0.226260364056, 0.0387806519866, 0.002320287982, 0.00174045958556, 0.000183640993782, 3.23487947753e-05, 1.22361434478e-05, 4.38483220933e-06, 1.37894733143e-06, 2.75240637393e-07, 8.30791009321e-08, 1.63446944867e-09, 3.09473384419e-11, 1.63473276582e-10],
        "dvar2": [0.0585591644049, 10.0044107437, 35.2332000732, 23.5804386139, 299.435302734, 171.049438477, 46.2043952942, 120.868865967, 36.5931091309, 49.9176101685, 541.295532227, 344.870361328, 183.632217407, 583.301269531, 3926.08154297, 25655.2480469, 151602.828125, 145560.234375, 22078.6132812, 511.072845459, 456.679718018, 571.29107666, 6.65265369415, 35.7527084351, 27.4822502136, 0.321685343981, 0.384109765291, 0.0734895169735, 0.00539299612865, 0.00384411774576, 0.00049995444715, 8.95091361599e-05, 3.09643473884e-05, 1.10129185487e-05, 3.27118095811e-06, 5.58748070034e-07, 1.5122493835e-07, 3.84449894142e-09, 7.42884712079e-11, 3.91900040198e-10],
        "max": [6.38468885422, 42.6895332336, 57.8558387756, 57.6701469421, 123.550956726, 115.882072449, 120.967185974, 209.388290405, 52.0390853882, 102.04397583, 463.018310547, 339.345184326, 217.910202026, 242.632003784, 592.691955566, 1869.86352539, 2954.14257812, 4684.72314453, 921.123840332, 210.866348267, 159.445724487, 200.153015137, 16.1181907654, 64.3873748779, 55.7206993103, 4.54336357117, 5.44921207428, 2.65919303894, 0.653908610344, 0.908085763454, 0.157312244177, 0.060204025358, 0.0506979636848, 0.0250601265579, 0.0187947507948, 0.00737532880157, 0.00395442033187, 0.000570141419303, 0.000129065752844, 0.000313809054205],
        "mean": [0.184741780162, 1.91788291931, 3.48345732689, 6.08294391632, 21.4694461823, 15.932923317, 13.706662178, 29.4322166443, 10.1254405975, 14.1695423126, 29.7171726227, 27.7801322937, 16.6792545319, 20.4111442566, 36.7266311646, 70.093711853, 107.047370911, 126.249351501, 67.9499053955, 17.9233207703, 11.758641243, 9.56248474121, 2.07705712318, 3.92244076729, 3.02371311188, 0.567971110344, 0.469930112362, 0.17045776546, 0.0704049989581, 0.0598217323422, 0.0268121566623, 0.0124801257625, 0.00894812773913, 0.00513965589926, 0.00275851087645, 0.00119871657807, 0.000459644681541, 8.12447688077e-05, 2.12124868995e-05, 4.42467426183e-05],
        "median": [0.0463240109384, 0.825265049934, 2.01452326775, 4.11985206604, 11.6889247894, 9.03598117828, 10.3791484833, 16.1176815033, 8.36600112915, 9.9427728653, 8.59442424774, 8.66761207581, 7.56614351273, 10.7571392059, 11.3557624817, 11.6131515503, 10.4704227448, 7.88598442078, 6.73591136932, 5.99152421951, 3.41685009003, 2.1195192337, 1.24511790276, 1.48537802696, 1.03082156181, 0.378009736538, 0.170464172959, 0.071397870779, 0.0441849417984, 0.0361535176635, 0.0197869241238, 0.0095400037244, 0.00662870006636, 0.00367579050362, 0.00212220125832, 0.000890104100108, 0.000333384086844, 6.39533100184e-05, 1.90732553165e-05, 3.94372473238e-05],
        "min": [2.82902888174e-22, 6.73488192919e-21, 2.13878678771e-20, 2.8299415875e-20, 2.23613389353e-19, 1.18426091206e-19, 3.52657778362e-19, 7.37618303813e-19, 1.38120524883e-19, 6.2689904145e-19, 2.21534250204e-18, 7.49719128994e-19, 1.59002756316e-18, 2.85982972975e-18, 5.02488523401e-18, 8.42663944695e-18, 2.95954263028e-18, 6.45904518979e-18, 6.36427882933e-18, 8.57625987615e-18, 7.88482291084e-18, 8.5761424165e-18, 1.26941651431e-17, 8.67054771263e-18, 1.09828343349e-17, 1.67508739341e-17, 3.02696124165e-17, 2.98493914304e-17, 2.19054747366e-17, 1.9352858232e-17, 1.41948064319e-17, 1.29385540008e-17, 1.79742690969e-17, 1.24900326844e-17, 7.29085346428e-18, 5.60750245384e-18, 3.2383459237e-18, 1.14787915643e-18, 3.47052052899e-19, 4.35521966243e-20],
        "var": [0.345682442188, 13.4154586792, 29.9512519836, 37.8778152466, 569.722595215, 297.726135254, 173.959869385, 1266.83239746, 62.0225067139, 176.918060303, 3725.55395508, 2148.48364258, 894.789978027, 929.203491211, 5044.39208984, 26688.6542969, 102679.304688, 254648.75, 21561.0996094, 884.16973877, 576.370605469, 756.506530762, 5.85459947586, 49.162399292, 37.9462203979, 0.378920078278, 0.678371787071, 0.110312923789, 0.00698624551296, 0.00698069110513, 0.000598893442657, 0.000108098131022, 5.87978829572e-05, 1.97336303245e-05, 5.28857799509e-06, 1.0901907217e-06, 2.59582947137e-07, 5.57063595252e-09, 1.94863236658e-10, 9.90479032126e-10]
    },
    "gfcc": {
        "mean": [-76.9023590088, 174.455871582, -120.130104065, 8.52840900421, -28.0465278625, 0.536107003689, -29.0898666382, -4.87621545792, -21.3219909668, -4.26804828644, -6.90567111969, -7.35571146011, -6.57533597946],
        "cov": [[12621.7587891, 2595.3371582, -1017.89556885, 217.237609863, 132.474731445, -133.217147827, -122.293952942, -156.612457275, -81.6950836182, -2.36118078232, -5.93169164658, -184.318603516, 70.9583511353], [2595.3371582, 920.211608887, -106.618782043, -19.6638126373, 106.059150696, -1.21759045124, 3.00960063934, -70.4967041016, 10.0625619888, -28.4309310913, 54.3760375977, -89.8692855835, 10.7292442322], [-1017.89556885, -106.618782043, 477.518157959, 112.34954834, 15.1675243378, 46.8794212341, 42.553062439, 83.7409439087, 40.5056610107, -43.1080627441, 0.570536673069, 35.8451881409, 33.8082122803], [217.237609863, -19.6638126373, 112.34954834, 163.455825806, 22.6746807098, -12.1604337692, 19.3528423309, 70.1973953247, 13.8161973953, -15.8536672592, -22.0386123657, 50.2633972168, 50.8192214966], [132.474731445, 106.059150696, 15.1675243378, 22.6746807098, 146.291213989, 44.5383834839, 26.2951774597, -22.0871181488, 12.7441320419, 3.05001664162, 12.9817590714, -24.6229095459, 19.7875995636], [-133.217147827, -1.21759045124, 46.8794212341, -12.1604337692, 44.5383834839, 117.337654114, 33.1327972412, -33.3954658508, 0.818009197712, 9.40772342682, 29.442363739, -8.54569244385, -18.6456699371], [-122.293952942, 3.00960063934, 42.553062439, 19.3528423309, 26.2951774597, 33.1327972412, 74.7532196045, 23.5748119354, 0.715873718262, -3.62503457069, 21.707408905, 24.7637805939, 6.30074214935], [-156.612457275, -70.4967041016, 83.7409439087, 70.1973953247, -22.0871181488, -33.3954658508, 23.5748119354, 118.646141052, 29.1543560028, -21.667673111, -17.5100059509, 60.190032959, 46.1085891724], [-81.6950836182, 10.0625619888, 40.5056610107, 13.8161973953, 12.7441320419, 0.818009197712, 0.715873718262, 29.1543560028, 82.3565673828, 28.1008262634, -0.406316637993, -2.18868851662, 23.2984466553], [-2.36118078232, -28.4309310913, -43.1080627441, -15.8536672592, 3.05001664162, 9.40772342682, -3.62503457069, -21.667673111, 28.1008262634, 79.8971481323, 9.60645961761, -40.9778251648, -8.61255931854], [-5.93169164658, 54.3760375977, 0.570536673069, -22.0386123657, 12.9817590714, 29.442363739, 21.707408905, -17.5100059509, -0.406316637993, 9.60645961761, 94.5337982178, 54.9078826904, -20.5620307922], [-184.318603516, -89.8692855835, 35.8451881409, 50.2633972168, -24.6229095459, -8.54569244385, 24.7637805939, 60.190032959, -2.18868851662, -40.9778251648, 54.9078826904, 207.264404297, 39.260471344], [70.9583511353, 10.7292442322, 33.8082122803, 50.8192214966, 19.7875995636, -18.6456699371, 6.30074214935, 46.1085891724, 23.2984466553, -8.61255931854, -20.5620307922, 39.260471344, 90.4033889771]],
        "icov": [[0.000467996811494, -0.00144349329639, 0.000965899904259, -0.00152995111421, 0.000597036094405, -0.000659587269183, 0.000699493160937, -0.000344520405633, 0.000633456977084, -0.000732833694201, 0.000704483070876, -0.000313204276608, 0.000226236705203], [-0.00144349329639, 0.0062151090242, -0.00230685155839, 0.00388497463427, -0.00219998578541, 0.00270135141909, -0.00251484080218, 0.00214945850894, -0.00323698064312, 0.00503459852189, -0.00504482537508, 0.00306567270309, -0.00197307625785], [0.000965899904259, -0.00230685155839, 0.00553219253197, -0.00548840779811, 0.00190850347281, -0.00307136820629, 0.00104341551196, -0.00159646268003, -0.000926604785491, 0.00207039387897, -0.000737764348742, 0.00127930031158, -6.50078509352e-05], [-0.00152995111421, 0.00388497463427, -0.00548840779811, 0.016409592703, -0.00489767361432, 0.00264987512492, -0.00193583487999, -0.00356322200969, 0.000919034820981, -0.00167516828515, 0.00250784144737, -0.002603872912, -0.00155657040887], [0.000597036094405, -0.00219998578541, 0.00190850347281, -0.00489767361432, 0.0116371121258, -0.00360295153223, -0.00221777590923, 0.00335073284805, -0.00160872249398, 0.00167776888702, -0.00163340533618, 0.00244102720171, -0.00386990909465], [-0.000659587269183, 0.00270135141909, -0.00307136820629, 0.00264987512492, -0.00360295153223, 0.015089658089, -0.00683652283624, 0.00597054511309, -0.00216697365977, 0.000857833772898, -0.00256425770931, 0.000371066969819, 0.00108409207314], [0.000699493160937, -0.00251484080218, 0.00104341551196, -0.00193583487999, -0.00221777590923, -0.00683652283624, 0.0217465367168, -0.00873621087521, 0.00489367498085, -0.00305464118719, -0.00207759765908, -0.000948880449869, 0.000850273412652], [-0.000344520405633, 0.00214945850894, -0.00159646268003, -0.00356322200969, 0.00335073284805, 0.00597054511309, -0.00873621087521, 0.0220300648361, -0.00833251234144, 0.00555262854323, 0.00108359416481, -0.00147248257417, -0.00395142612979], [0.000633456977084, -0.00323698064312, -0.000926604785491, 0.000919034820981, -0.00160872249398, -0.00216697365977, 0.00489367498085, -0.00833251234144, 0.0212136507034, -0.0120097380131, 0.00230028154328, -0.00176914222538, -0.00178893376142], [-0.000732833694201, 0.00503459852189, 0.00207039387897, -0.00167516828515, 0.00167776888702, 0.000857833772898, -0.00305464118719, 0.00555262854323, -0.0120097380131, 0.0261299889535, -0.010916323401, 0.00916929356754, -0.00354480138049], [0.000704483070876, -0.00504482537508, -0.000737764348742, 0.00250784144737, -0.00163340533618, -0.00256425770931, -0.00207759765908, 0.00108359416481, 0.00230028154328, -0.010916323401, 0.0263813436031, -0.0131214521825, 0.0083986716345], [-0.000313204276608, 0.00306567270309, 0.00127930031158, -0.002603872912, 0.00244102720171, 0.000371066969819, -0.000948880449869, -0.00147248257417, -0.00176914222538, 0.00916929356754, -0.0131214521825, 0.0136023228988, -0.00633549736813], [0.000226236705203, -0.00197307625785, -6.50078509352e-05, -0.00155657040887, -0.00386990909465, 0.00108409207314, 0.000850273412652, -0.00395142612979, -0.00178893376142, -0.00354480138049, 0.0083986716345, -0.00633549736813, 0.0198291558772]]
    },
    "melbands": {
        "dmean": [0.00085132161621, 0.000960455043241, 0.000462795374915, 0.000385040824767, 0.00014632284001, 0.000175727691385, 5.59826949029e-05, 5.28544078406e-05, 8.97107602214e-05, 5.83378932788e-05, 2.66174320132e-05, 4.04136371799e-05, 4.67665413453e-05, 6.58260323689e-05, 0.000103310725535, 0.000166798301507, 0.000103729216789, 5.14829953318e-05, 2.89310137305e-05, 6.87637384544e-06, 8.15335260995e-06, 8.01258920546e-06, 1.23398797314e-06, 8.03987916242e-07, 1.94697122424e-06, 1.24560574477e-06, 6.52518338029e-07, 1.11132671066e-07, 1.60426552043e-07, 1.3894216977e-07, 2.42057520694e-08, 1.91247302439e-08, 1.96961345011e-08, 1.07220197165e-08, 6.11656947314e-09, 4.91461404906e-09, 3.30781446678e-09, 2.30292251935e-09, 2.67454991487e-09, 1.49856660414e-09],
        "dmean2": [0.00126596644986, 0.00153512693942, 0.000730315747205, 0.000585474597756, 0.000197004832444, 0.000178665432031, 8.23423615657e-05, 6.63757964503e-05, 0.000106741113996, 6.87457213644e-05, 3.6482604628e-05, 5.90347590332e-05, 6.95854105288e-05, 0.000103644742921, 0.000156077396241, 0.000271591707133, 0.000146111837239, 8.32898876979e-05, 4.49444560218e-05, 1.12641373562e-05, 1.29891841425e-05, 1.21943448903e-05, 2.1530140657e-06, 1.28532440158e-06, 2.94696928904e-06, 1.90915511666e-06, 1.01702630673e-06, 1.84407937809e-07, 2.45743763116e-07, 2.12277186051e-07, 4.07867730701e-08, 3.19167234863e-08, 3.13320356327e-08, 1.70707643576e-08, 1.00325188157e-08, 8.28234281158e-09, 5.74046454815e-09, 3.73453623581e-09, 4.54625759261e-09, 2.47548048726e-09],
        "dvar": [3.97682651965e-06, 4.8059182518e-06, 5.06661365307e-07, 3.86718539858e-07, 3.86464122926e-08, 4.99231660456e-08, 3.8933696267e-09, 4.0386987088e-09, 4.87995279741e-08, 1.00903410072e-08, 3.03974845295e-09, 4.89148765936e-09, 1.22881500531e-08, 2.94849105131e-08, 9.36442532407e-08, 4.69898196798e-07, 3.09203926463e-07, 2.01934557964e-08, 4.2285925872e-09, 1.83895162986e-10, 6.14848283398e-10, 7.46292028175e-10, 6.77123331363e-12, 2.3964606341e-12, 1.73160409622e-11, 9.10268214971e-12, 1.67433666758e-12, 3.59116287597e-14, 1.09505449413e-13, 2.44530632722e-13, 1.2062920192e-15, 7.81507166669e-16, 1.33806324073e-15, 4.16101494267e-16, 5.90474277593e-17, 6.37963113606e-17, 2.09311601998e-17, 8.8107316654e-18, 1.35533204223e-17, 4.53971568061e-18],
        "dvar2": [8.39098629513e-06, 1.21364482766e-05, 1.42105636769e-06, 9.32134753384e-07, 8.89754900868e-08, 4.85628177671e-08, 9.84172121576e-09, 6.10156236647e-09, 5.86262984825e-08, 1.24814327762e-08, 4.61550175856e-09, 1.02479269515e-08, 2.60657362361e-08, 7.38507779374e-08, 2.35429766349e-07, 1.41203327075e-06, 7.36277740998e-07, 5.34594128965e-08, 1.06125881416e-08, 4.16538969983e-10, 1.52861912017e-09, 1.56478152658e-09, 1.94403972087e-11, 4.93000518881e-12, 3.13536523133e-11, 1.69244913223e-11, 3.24113912792e-12, 9.97514110158e-14, 1.8405485198e-13, 4.64669806539e-13, 3.44561716229e-15, 2.10873299142e-15, 2.9134087856e-15, 8.96160858195e-16, 1.55238613449e-16, 1.92963753619e-16, 5.2244737415e-17, 2.11852601578e-17, 3.75684126049e-17, 1.15773794992e-17],
        "max": [0.0582956410944, 0.0392589569092, 0.0124410139397, 0.00778763182461, 0.00349016417749, 0.00411072792485, 0.000783421914093, 0.00126031856053, 0.00507773784921, 0.0018117694417, 0.00108131486923, 0.000981733901426, 0.00148990924936, 0.00338393775746, 0.00498375715688, 0.00858489144593, 0.0107734203339, 0.00135025486816, 0.000744528602809, 0.000163868797245, 0.000301531923469, 0.000328495138092, 3.72833637812e-05, 2.63379388343e-05, 5.81453605264e-05, 4.20070755354e-05, 1.60735380632e-05, 2.80079325421e-06, 4.14654232372e-06, 6.59225952404e-06, 4.56031870044e-07, 3.26477078261e-07, 5.16659497407e-07, 4.40278824954e-07, 7.11223506755e-08, 8.43899528036e-08, 5.87851651801e-08, 3.49087407869e-08, 4.50079653547e-08, 2.33558594687e-08],
        "mean": [0.00214209733531, 0.002174312016, 0.00162542960607, 0.00145186425652, 0.000494902778883, 0.00060352840228, 0.000155429632287, 0.000150406965986, 0.000290920928819, 0.000162940734299, 7.77342720539e-05, 7.71856648498e-05, 9.60707620834e-05, 0.000132047731313, 0.000200423935894, 0.000263589201495, 0.000241121233557, 9.91887718556e-05, 5.77139326197e-05, 1.12258549052e-05, 1.61632560776e-05, 1.44681616803e-05, 1.89868887901e-06, 1.69755662682e-06, 3.37310416398e-06, 2.1783248485e-06, 1.11308838768e-06, 2.35514988844e-07, 3.0798466355e-07, 2.52164767289e-07, 5.0318682554e-08, 3.76789479617e-08, 4.35268532328e-08, 2.44945059791e-08, 1.45995002754e-08, 1.01401465002e-08, 7.69480035245e-09, 5.99862648443e-09, 6.7349410493e-09, 3.78230025078e-09],
        "median": [0.000846609298605, 0.00121667794883, 0.00106298422907, 0.000795332307462, 0.000394875823986, 0.000365420011804, 0.000126956379972, 0.000100835910416, 5.83488581469e-05, 5.39716420462e-05, 2.84051529889e-05, 3.55612719432e-05, 2.68767871603e-05, 3.06132387777e-05, 1.17097279144e-05, 7.09520099917e-06, 5.34278478881e-06, 5.02645343659e-06, 3.95897495764e-06, 4.43595308752e-06, 2.47550042332e-06, 2.05222113436e-06, 8.76643298398e-07, 8.07424271443e-07, 9.44476596487e-07, 5.12263568453e-07, 4.51988114492e-07, 1.43593013036e-07, 1.22291055504e-07, 4.46485799444e-08, 3.03922931266e-08, 2.47138842724e-08, 1.86492119525e-08, 1.28166668389e-08, 1.08662927545e-08, 6.97062940702e-09, 5.16943554629e-09, 4.14497680623e-09, 4.55921123077e-09, 2.55478482813e-09],
        "min": [4.76516320736e-24, 1.05036348325e-23, 1.14100762445e-23, 1.28721321136e-23, 1.14779766581e-23, 1.5514481669e-23, 1.59839677008e-24, 1.13244367158e-23, 1.5381295127e-23, 4.02611452957e-24, 8.19988331022e-24, 1.14101882628e-23, 1.55007223571e-23, 2.44603662826e-23, 1.42493854353e-23, 5.35290560252e-24, 1.28279117267e-23, 1.0589457377e-23, 7.33866571619e-24, 1.54733630832e-23, 8.36559853172e-24, 9.79028921516e-24, 7.2784235643e-24, 1.4063099088e-23, 5.60435935479e-24, 8.51039395087e-24, 8.16786423494e-24, 1.14685150604e-23, 1.90350968916e-23, 1.80214942476e-23, 1.52236649409e-23, 1.28490232222e-23, 9.3108692552e-24, 1.19041966274e-23, 8.2622664306e-24, 8.14337010383e-24, 7.15302386822e-24, 1.47601350062e-23, 8.45134061237e-24, 1.15993492192e-23],
