{
"metadata": {
    "version": {
        "essentia": "2.0.1",
        "extractor": "archive-music 1.0"
    },
    "audio_properties": {
        "analysis_sample_rate": 44100,
        "bitrate": 128,
        "channels": 2,
        "equal_loudness": 0,
        "length": 15.1248979568,
        "replay_gain": 2.92482566833,
        "downmix": "mix"
    },
    "tags": {
        "track": 0,
        "year": 0,
        "album": "",
        "artist": "",
        "comment": "",
        "genre": "",
        "title": ""
    }
},
"highlevel": {
    "culture": {
        "all": {
            "non_western": 0.00828162953258,
            "western": 0.991718351841
        },
        "probability": 0.991718351841,
        "value": "western"
    },
    "danceability": {
        "all": {
            "danceable": 0.0490551628172,
            "not_danceable": 0.950944840908
        },
        "probability": 0.950944840908,
        "value": "not_danceable"
    },
    "gender": {
        "all": {
            "female": 0.666231215,
            "male": 0.333768814802
        },
        "probability": 0.666231215,
        "value": "female"
    },
    "genre_dortmund": {
        "all": {
            "alternative": 0.0912516117096,
            "blues": 0.00774776795879,
            "electronic": 0.0313962064683,
            "folkcountry": 0.66289883852,
            "funksoulrnb": 0.013470695354,
            "jazz": 0.0827767029405,
            "pop": 0.0865878388286,
            "raphiphop": 0.00137175701093,
            "rock": 0.0224985834211
        },
        "probability": 0.66289883852,
        "value": "folkcountry"
    },
    "genre_electronic": {
        "all": {
            "ambient": 0.879896044731,
            "dnb": 0.00585981458426,
            "house": 0.0902888849378,
            "techno": 0.00475809024647,
            "trance": 0.0191971603781
        },
        "probability": 0.879896044731,
        "value": "ambient"
    },
    "genre_rosamerica": {
        "all": {
            "cla": 0.891739785671,
            "dan": 0.00358544290066,
            "hip": 0.00167930976022,
            "jaz": 0.00932217016816,
            "pop": 0.0124221947044,
            "rhy": 0.0335511900485,
            "roc": 0.041291449219,
            "spe": 0.0064084562473
        },
        "probability": 0.891739785671,
        "value": "cla"
    },
    "genre_tzanetakis": {
        "all": {
            "blu": 0.0127887073904,
            "cla": 0.881150007248,
            "cou": 0.0037242542021,
            "dis": 0.00561533402652,
            "hip": 0.00422501005232,
            "jaz": 0.0491223819554,
            "met": 0.00101112236734,
            "pop": 0.00619486533105,
            "reg": 0.00716990884393,
            "roc": 0.028998401016
        },
        "probability": 0.881150007248,
        "value": "cla"
    },
    "mirex_ballroom": {
        "all": {
            "ChaChaCha": 6.23162341071e-05,
            "Jive": 1.93871037482e-05,
            "Quickstep": 7.94951774878e-05,
            "Rumba-American": 0.000150626059622,
            "Rumba-International": 0.000532945734449,
            "Rumba-Misc": 0.000443011464085,
            "Samba": 3.42214334523e-05,
            "Tango": 0.000940049823839,
            "VienneseWaltz": 0.00933390669525,
            "Waltz": 0.988404035568
        },
        "probability": 0.988404035568,
        "value": "Waltz"
    },
    "mood_acoustic": {
        "all": {
            "acoustic": 0.982966125011,
            "not_acoustic": 0.0170338712633
        },
        "probability": 0.982966125011,
        "value": "acoustic"
    },
    "mood_aggressive": {
        "all": {
            "aggressive": 4.06934873354e-07,
            "not_aggressive": 0.999999582767
        },
        "probability": 0.999999582767,
        "value": "not_aggressive"
    },
    "mood_electronic": {
        "all": {
            "electronic": 0.140049263835,
            "not_electronic": 0.859950721264
        },
        "probability": 0.859950721264,
        "value": "not_electronic"
    },
    "mood_happy": {
        "all": {
            "happy": 0.385473489761,
            "not_happy": 0.614526510239
        },
        "probability": 0.614526510239,
        "value": "not_happy"
    },
    "mood_party": {
        "all": {
            "not_party": 0.96707379818,
            "party": 0.0329261943698
        },
        "probability": 0.96707379818,
        "value": "not_party"
    },
    "mood_relaxed": {
        "all": {
            "not_relaxed": 0.0487278625369,
            "relaxed": 0.951272130013
        },
        "probability": 0.951272130013,
        "value": "relaxed"
    },
    "mood_sad": {
        "all": {
            "not_sad": 0.161265164614,
            "sad": 0.838734865189
        },
        "probability": 0.838734865189,
        "value": "sad"
    },
    "moods_mirex": {
        "all": {
            "Cluster1": 0.13240160048,
            "Cluster2": 0.350238472223,
            "Cluster3": 0.335915774107,
            "Cluster4": 0.174270778894,
            "Cluster5": 0.00717336079106
        },
        "probability": 0.350238472223,
        "value": "Cluster2"
    },
    "timbre": {
        "all": {
            "bright": 0.968232572079,
            "dark": 0.0317674092948
        },
        "probability": 0.968232572079,
        "value": "bright"
    },
    "tonal_atonal": {
        "all": {
            "atonal": 0.872647106647,
            "tonal": 0.127352908254
        },
        "probability": 0.872647106647,
        "value": "atonal"
    },
    "voice_instrumental": {
        "all": {
            "instrumental": 0.96733468771,
            "voice": 0.0326652899384
        },
        "probability": 0.96733468771,
        "value": "instrumental"
    }
},
"lowlevel": {
    "average_loudness": 0.921773135662,
    "barkbands_kurtosis": {
        "dmean": 1.61243963242,
        "dmean2": 2.36454725266,
        "dvar": 5.57882928848,
        "dvar2": 9.98422241211,
        "max": 33.1115531921,
        "mean": 4.12040662766,
        "median": 3.10898971558,
        "min": -1.77522873878,
        "var": 24.1182098389
    },
    "barkbands_skewness": {
        "dmean": 0.323168456554,
        "dmean2": 0.463600814342,
        "dvar": 0.121675260365,
        "dvar2": 0.216353684664,
        "max": 4.93385601044,
        "mean": 1.51946258545,
        "median": 1.57662725449,
        "min": -2.04350662231,
        "var": 1.0500150919
    },
    "barkbands_spread": {
        "dmean": 1.68759119511,
        "dmean2": 2.348508358,
        "dvar": 13.6709165573,
        "dvar2": 19.9118080139,
        "max": 94.404083252,
        "mean": 9.56748008728,
        "median": 8.58157062531,
        "min": 1.53955888748,
        "var": 63.353427887
    },
    "dissonance": {
        "dmean": 0.0243669003248,
        "dmean2": 0.0408385619521,
        "dvar": 0.00088050350314,
        "dvar2": 0.00260202679783,
        "max": 0.498546004295,
        "mean": 0.412833988667,
        "median": 0.414691120386,
        "min": 0.101788282394,
        "var": 0.00125144375488
    },
    "dynamic_complexity": 4.71553039551,
    "erbbands_kurtosis": {
        "dmean": 0.617152929306,
        "dmean2": 0.91084498167,
        "dvar": 0.67326104641,
        "dvar2": 1.34182035923,
        "max": 12.6294546127,
        "mean": 0.509531021118,
        "median": 0.157387495041,
        "min": -1.53865695,
        "var": 2.23597621918
    },
    "erbbands_skewness": {
        "dmean": 0.220593184233,
        "dmean2": 0.31182128191,
        "dvar": 0.0520699284971,
        "dvar2": 0.0916142314672,
        "max": 3.1423971653,
        "mean": 0.545472741127,
        "median": 0.587555885315,
        "min": -1.3632093668,
        "var": 0.482767760754
    },
    "erbbands_spread": {
        "dmean": 2.70589494705,
        "dmean2": 3.77664732933,
        "dvar": 15.2398958206,
        "dvar2": 23.4731483459,
        "max": 103.989875793,
        "mean": 20.8043727875,
        "median": 20.1972808838,
        "min": 5.76859092712,
        "var": 71.5654373169
    },
    "hfc": {
        "dmean": 1.77396345139,
        "dmean2": 2.48910212517,
        "dvar": 9.13610267639,
        "dvar2": 15.7411422729,
        "max": 62.2432250977,
        "mean": 12.7988958359,
        "median": 11.9366750717,
        "min": 1.17460123439e-16,
        "var": 72.1737670898
    },
    "melbands_kurtosis": {
        "dmean": 2.28442525864,
        "dmean2": 3.29634737968,
        "dvar": 11.8817853928,
        "dvar2": 22.0782318115,
        "max": 48.8771400452,
        "mean": 6.77581548691,
        "median": 5.28813552856,
        "min": -1.22264742851,
        "var": 50.9588928223
    },
    "melbands_skewness": {
        "dmean": 0.335036426783,
        "dmean2": 0.475812017918,
        "dvar": 0.134422272444,
        "dvar2": 0.237555548549,
        "max": 5.48815727234,
        "mean": 1.91788244247,
        "median": 1.85969662666,
        "min": -0.480022728443,
        "var": 0.938778460026
    },
    "melbands_spread": {
        "dmean": 2.20279335976,
        "dmean2": 3.1482052803,
        "dvar": 26.1163406372,
        "dvar2": 40.0968475342,
        "max": 151.692352295,
        "mean": 13.94962883,
        "median": 11.1331949234,
        "min": 2.1610519886,
        "var": 271.306915283
    },
    "pitch_salience": {
        "dmean": 0.0457543805242,
        "dmean2": 0.069345779717,
        "dvar": 0.00197720178403,
        "dvar2": 0.00433251587674,
        "max": 0.976561486721,
        "mean": 0.537422180176,
        "median": 0.533150672913,
        "min": 0.26522397995,
        "var": 0.00897174328566
    },
    "silence_rate_20dB": {
        "dmean": 0,
        "dmean2": 0,
        "dvar": 0,
        "dvar2": 0,
        "max": 1,
        "mean": 1,
        "median": 1,
        "min": 1,
        "var": 0
    },
    "silence_rate_30dB": {
        "dmean": 0.00613496918231,
        "dmean2": 0.0122887864709,
        "dvar": 0.0060973437503,
        "dvar2": 0.0121377734467,
        "max": 1,
        "mean": 0.992343008518,
        "median": 1,
        "min": 0,
        "var": 0.00759834703058
    },
    "silence_rate_60dB": {
        "dmean": 0.00306748459116,
        "dmean2": 0.00614439323545,
        "dvar": 0.00305808265693,
        "dvar2": 0.00610666675493,
        "max": 1,
        "mean": 0.117917306721,
        "median": 0,
        "min": 0,
        "var": 0.104012832046
    },
    "spectral_centroid": {
        "dmean": 95.2821502686,
        "dmean2": 136.516418457,
        "dvar": 183154.59375,
        "dvar2": 268333.375,
        "max": 11201.8037109,
        "mean": 756.605102539,
        "median": 637.136657715,
        "min": 354.014251709,
        "var": 643021.0625
    },
    "spectral_complexity": {
        "dmean": 1.23619627953,
        "dmean2": 2.07373261452,
        "dvar": 1.25095844269,
        "dvar2": 3.17736721039,
        "max": 21,
        "mean": 12,
        "median": 13,
        "min": 0,
        "var": 19.9571208954
    },
    "spectral_crest": {
        "dmean": 1.50571370125,
        "dmean2": 2.40851044655,
        "dvar": 2.89295840263,
        "dvar2": 6.78478145599,
        "max": 22.4861183167,
        "mean": 10.2076301575,
        "median": 9.70770645142,
        "min": 4.27609539032,
        "var": 6.97901725769
    },
    "spectral_decrease": {
        "dmean": 1.13783715783e-09,
        "dmean2": 1.59995783289e-09,
        "dvar": 4.29108628158e-18,
        "dvar2": 7.52812029683e-18,
        "max": 1.7809966443e-29,
        "mean": -6.19344353581e-09,
        "median": -5.55361312493e-09,
        "min": -3.85490039889e-08,
        "var": 2.26599891867e-17
    },
    "spectral_energy": {
        "dmean": 0.0044418182224,
        "dmean2": 0.00624091131613,
        "dvar": 6.52671587886e-05,
        "dvar2": 0.000114473696158,
        "max": 0.151138186455,
        "mean": 0.0245363432914,
        "median": 0.0221935678273,
        "min": 1.08170214833e-20,
        "var": 0.000348300498445
    },
    "spectral_energyband_high": {
        "dmean": 9.42698079598e-06,
        "dmean2": 1.63929162227e-05,
        "dvar": 1.95589003327e-10,
        "dvar2": 5.71153624396e-10,
        "max": 0.000162243479281,
        "mean": 2.33103073697e-05,
        "median": 1.60750387295e-05,
        "min": 7.81481064752e-21,
        "var": 6.0625238163e-10
    },
    "spectral_energyband_low": {
        "dmean": 0.000104808299511,
        "dmean2": 0.000140720512718,
        "dvar": 1.87960296216e-08,
        "dvar2": 2.7350550269e-08,
        "max": 0.00411856872961,
        "mean": 0.000363851082511,
        "median": 0.000122045865282,
        "min": 6.03004518644e-23,
        "var": 4.13911863006e-07
    },
    "spectral_energyband_middle_high": {
        "dmean": 0.000573460769374,
        "dmean2": 0.000744004035369,
        "dvar": 4.2191055627e-07,
        "dvar2": 6.90478884735e-07,
        "max": 0.018281981349,
        "mean": 0.00394922634587,
        "median": 0.00304442737252,
        "min": 1.41247814475e-21,
        "var": 1.24014541143e-05
    },
    "spectral_energyband_middle_low": {
        "dmean": 0.00436849659309,
        "dmean2": 0.00618108687922,
        "dvar": 6.49988505756e-05,
        "dvar2": 0.000113900685392,
        "max": 0.145125895739,
        "mean": 0.0208808947355,
        "median": 0.0172656942159,
        "min": 2.7090498276e-22,
        "var": 0.000317020487273
    },
    "spectral_flatness_db": {
        "dmean": 0.0128646846861,
        "dmean2": 0.0194727033377,
        "dvar": 0.000169886625372,
        "dvar2": 0.000349863112206,
        "max": 0.34303638339,
        "mean": 0.236973389983,
        "median": 0.240899801254,
        "min": 0.0509014092386,
        "var": 0.00156228570268
    },
    "spectral_flux": {
        "dmean": 0.0127106411383,
        "dmean2": 0.0218561142683,
        "dvar": 0.000442556163762,
        "dvar2": 0.00129121961072,
        "max": 0.249252855778,
        "mean": 0.0389097966254,
        "median": 0.0353940315545,
        "min": 6.50137582658e-11,
        "var": 0.00072035077028
    },
    "spectral_kurtosis": {
        "dmean": 7.08934593201,
        "dmean2": 12.6805353165,
        "dvar": 31.8625984192,
        "dvar2": 101.749481201,
        "max": 50.8544578552,
        "mean": 14.29114151,
        "median": 13.4383354187,
        "min": -1.25311481953,
        "var": 62.3302536011
    },
    "spectral_rms": {
        "dmean": 0.000389428489143,
        "dmean2": 0.000546780764125,
        "dvar": 2.89298611733e-07,
        "dvar2": 5.36931111128e-07,
        "max": 0.012142976746,
        "mean": 0.00446652621031,
        "median": 0.00465319911018,
        "min": 3.24856764752e-12,
        "var": 3.98806241719e-06
    },
    "spectral_rolloff": {
        "dmean": 142.277313232,
        "dmean2": 213.611709595,
        "dvar": 465349.0625,
        "dvar2": 503607.9375,
        "max": 19466.015625,
        "mean": 1185.8425293,
        "median": 775.1953125,
        "min": 301.46484375,
        "var": 6383867
    },
    "spectral_skewness": {
        "dmean": 0.558067202568,
        "dmean2": 0.992386996746,
        "dvar": 0.185615107417,
        "dvar2": 0.588911473751,
        "max": 5.1267156601,
        "mean": 2.40256071091,
        "median": 2.34080219269,
        "min": -0.0298483129591,
        "var": 0.42986869812
    },
    "spectral_spread": {
        "dmean": 311174.46875,
        "dmean2": 483680.0625,
        "dvar": 2.93515637555e+12,
        "dvar2": 4.19744029082e+12,
        "max": 41955060,
        "mean": 2443779.25,
        "median": 2059223.5,
        "min": 1193059,
        "var": 8.48573707059e+12
    },
    "spectral_strongpeak": {
        "dmean": 0.363421529531,
        "dmean2": 0.606776416302,
        "dvar": 0.282450258732,
        "dvar2": 0.620208621025,
        "max": 5.85598182678,
        "mean": 1.35837090015,
        "median": 1.16002762318,
        "min": 0,
        "var": 1.08157610893
    },
    "zerocrossingrate": {
        "dmean": 0.00427021412179,
        "dmean2": 0.0055533554405,
        "dvar": 0.000244549883064,
        "dvar2": 0.000361584010534,
        "max": 0.50341796875,
        "mean": 0.0415054000914,
        "median": 0.03173828125,
        "min": 0.0126953125,
        "var": 0.00403051450849
    },
    "barkbands": {
        "dmean": [0.000106285973743, 3.64234219887e-05, 2.07178800338e-05, 0.000131191292894, 0.00212502107024, 0.00223400699906, 0.000588582421187, 0.000610450515524, 0.000210046608117, 0.000430973537732, 5.58708125027e-05, 0.000299957522657, 7.29126477381e-05, 5.35336839675e-05, 0.00017249416851, 2.71363478532e-05, 9.46958971326e-05, 4.56009802292e-05, 3.01760574075e-05, 1.04376204035e-05, 3.19986224895e-06, 8.82161657501e-07, 2.80806176534e-07, 5.40266746896e-08, 1.84109900658e-08, 8.25583423847e-09, 2.10999884231e-09],
        "dmean2": [0.000160443829373, 5.18767956237e-05, 2.22419930651e-05, 0.000180690563866, 0.00320464093238, 0.00310606975108, 0.000841432251036, 0.000695089693181, 0.000299767911201, 0.000512198777869, 6.29084024695e-05, 0.000397499999963, 9.39255187404e-05, 7.13160479791e-05, 0.000231732439715, 4.26409242209e-05, 0.000152804597747, 7.18066366971e-05, 4.95398089697e-05, 1.73742064362e-05, 5.40080554856e-06, 1.55206100771e-06, 4.8501448191e-07, 9.59073176432e-08, 3.15427186592e-08, 1.3648052466e-08, 3.7180842849e-09],
        "dvar": [2.54397409805e-08, 2.85485124429e-09, 2.84540035977e-09, 3.47072450779e-08, 1.50177138494e-05, 3.24346983689e-05, 4.32600336353e-06, 7.49504806663e-07, 8.59506258166e-07, 2.90963924954e-07, 5.44363354393e-09, 1.73781160129e-07, 6.519219653e-08, 5.37175814941e-09, 4.63619826974e-08, 1.88842097515e-09, 1.64311781958e-08, 3.63315000307e-09, 1.450443321e-09, 2.08931913437e-10, 2.60057218815e-11, 1.41398221257e-12, 1.87328641097e-13, 4.75815337109e-15, 6.21045615718e-16, 1.11098283965e-16, 7.32406228434e-18],
        "dvar2": [4.70505732153e-08, 4.15346024241e-09, 3.44014727816e-09, 6.37227302036e-08, 3.38425961672e-05, 5.47413619643e-05, 9.37950244406e-06, 1.0142236988e-06, 1.47145942719e-06, 3.9187958123e-07, 7.21366921752e-09, 3.04455113564e-07, 7.67635626175e-08, 8.98648266912e-09, 7.98205661567e-08, 4.21749746238e-09, 4.52470523271e-08, 9.79247882782e-09, 4.10211820068e-09, 5.78013525931e-10, 7.68766508785e-11, 4.37431384517e-12, 5.10637918668e-13, 1.32919484813e-14, 1.68800590317e-15, 3.08277826442e-16, 2.05675564179e-17],
        "max": [0.00231202365831, 0.00195659231395, 0.00217873882502, 0.00388928921893, 0.056644462049, 0.0954681187868, 0.0371495336294, 0.012197535485, 0.0339153967798, 0.0119142821059, 0.00116552808322, 0.0135255614296, 0.00892834831029, 0.00173903815448, 0.00277738552541, 0.00097838207148, 0.00112474325579, 0.000528236210812, 0.000650239351671, 0.000173429551069, 4.74861626572e-05, 1.31004999275e-05, 4.65565517516e-06, 9.52910113483e-07, 4.09393038581e-07, 1.6803225833e-07, 2.10293773506e-08],
        "mean": [0.000148245802848, 0.000140260119224, 0.00012510594388, 0.000647965352982, 0.00686714425683, 0.00679491041228, 0.001785651315, 0.00248511089012, 0.000973128422629, 0.0016615325585, 0.000156452719239, 0.00138738681562, 0.000289103074465, 0.000117426032375, 0.000536702922545, 7.56243316573e-05, 0.000160774332471, 8.4324470663e-05, 6.74650145811e-05, 2.15175423364e-05, 7.09724190529e-06, 2.41973089032e-06, 7.44959379517e-07, 1.97907226607e-07, 7.80260123179e-08, 2.81147229941e-08, 3.19117043901e-09],
        "median": [7.86047166912e-05, 3.58055804099e-05, 1.75180139195e-06, 0.000508802535478, 0.00537528004497, 0.00423634843901, 0.000628901470918, 0.00154446787201, 0.000146784776007, 0.00110000919085, 9.64379723882e-05, 0.000404237041948, 5.90199560975e-05, 6.14520104136e-05, 0.000426521903137, 3.92562287743e-05, 0.000100450808532, 5.93154036324e-05, 4.99404632137e-05, 1.63832173712e-05, 4.5850524657e-06, 1.86550710168e-06, 4.78313893382e-07, 1.52914466867e-07, 6.87778154429e-08, 2.01894145846e-08, 1.65400815266e-09],
        "min": [2.01113666458e-23, 1.71663690264e-23, 1.19595565192e-23, 1.07734055406e-23, 3.33593688926e-23, 2.20406632513e-23, 2.68430212504e-23, 3.55955876106e-23, 7.3318202968e-23, 1.66749118378e-23, 4.34261491219e-23, 4.46321091867e-23, 6.19661221995e-23, 7.08332469403e-23, 1.00016102211e-22, 1.18922813568e-22, 1.05994102772e-22, 1.93916411948e-22, 1.60479488562e-22, 3.55680746665e-22, 3.90940935863e-22, 3.95306201811e-22, 4.46181242606e-22, 8.31658060833e-22, 1.16228771535e-21, 1.5380728788e-21, 1.87559932332e-21],
        "var": [5.38485664947e-08, 8.21753260993e-08, 1.08885686245e-07, 3.869237446e-07, 4.74694134027e-05, 9.34920899454e-05, 1.31078131744e-05, 6.651617241e-06, 1.3423564269e-05, 3.91534467781e-06, 3.1086536012e-08, 6.24097810942e-06, 1.20576851259e-06, 3.06742826695e-08, 2.48127349778e-07, 1.89673485806e-08, 3.32527427815e-08, 7.20740445104e-09, 5.97955862602e-09, 5.01294949995e-10, 5.81579923109e-11, 4.57773489254e-12, 6.00256389732e-13, 2.73493894361e-14, 3.25920511587e-15, 6.69055813745e-16, 1.25156430233e-17]
    },
    "erbbands": {
        "dmean": [0.0021494787652, 0.00587940076366, 0.0279912799597, 0.184213742614, 2.58484220505, 6.33444404602, 18.8515033722, 17.4534301758, 16.6831493378, 2.3187983036, 16.3660335541, 7.42727327347, 14.9693431854, 5.30044221878, 2.52026581764, 15.5846881866, 4.13684511185, 3.04444098473, 8.20003890991, 5.14736604691, 2.91933870316, 2.81403875351, 2.4307103157, 1.36141252518, 1.53724610806, 0.591833531857, 0.227107807994, 0.0714015364647, 0.0303373690695, 0.0157469492406, 0.00537241902202, 0.00167641916778, 0.000841547385789, 0.000287417176878, 0.000128188592498, 5.23255548615e-05, 1.41588270708e-05, 4.14576652474e-06, 2.09876293411e-06, 4.93867628393e-06],
        "dmean2": [0.00335834990256, 0.00704457703978, 0.0290591102093, 0.242073312402, 3.26486706734, 10.1462869644, 26.2603111267, 25.4846591949, 22.4608860016, 3.19940543175, 18.5887641907, 9.89409255981, 17.5249500275, 6.59724617004, 3.05828046799, 20.5805606842, 5.27699613571, 4.01929426193, 10.9825363159, 6.92660045624, 4.60419988632, 4.58805799484, 3.79360938072, 2.276699543, 2.51877164841, 1.00579333305, 0.379188984632, 0.121578477323, 0.0532892271876, 0.0267316997051, 0.00895018130541, 0.00290306215174, 0.00146523618605, 0.000495614192914, 0.000214218322071, 8.60857107909e-05, 2.38449883909e-05, 7.01883027432e-06, 2.9373502457e-06, 6.93393349138e-06],
        "dvar": [7.55644941819e-06, 0.000210107013118, 0.00485337013379, 0.0678305402398, 12.7225008011, 218.48059082, 942.868164062, 3132.48266602, 3746.85693359, 12.4008741379, 562.950683594, 752.664978027, 378.181121826, 74.6930847168, 9.66384124756, 466.850952148, 165.295471191, 15.6718387604, 142.340789795, 61.9741287231, 14.4180088043, 14.1080093384, 10.2442331314, 2.80354118347, 5.9300031662, 0.754950582981, 0.077692002058, 0.00904945936054, 0.0015101042809, 0.000463806267362, 4.70292143291e-05, 5.46799219592e-06, 1.55942302626e-06, 1.25487531477e-07, 3.45061366147e-08, 3.9758973891e-09, 4.01703559305e-10, 3.11881458159e-11, 1.39216884548e-11, 8.03324351484e-11],
        "dvar2": [1.35449754453e-05, 0.000234429055126, 0.00488596409559, 0.119585089386, 22.1728668213, 521.709960938, 1800.12976074, 5860.82275391, 6532.28271484, 28.1653156281, 735.023925781, 1295.99926758, 509.503936768, 100.605514526, 14.1508302689, 810.230407715, 195.396530151, 26.4055480957, 240.459579468, 103.878890991, 38.3034629822, 39.1574668884, 26.9233417511, 7.91409492493, 16.4967689514, 2.09792709351, 0.229927688837, 0.0256130695343, 0.00455285236239, 0.00128826498985, 0.000133514025947, 1.53606542881e-05, 4.4082084969e-06, 3.67577712268e-07, 9.060759254e-08, 1.07720392606e-08, 1.13073805874e-09, 8.85281500884e-11, 2.4480468e-11, 1.40847791763e-10],
        "max": [0.0294004436582, 0.605993628502, 2.98301196098, 5.87685489655, 85.9927444458, 227.686538696, 600.116821289, 812.844299316, 1080.1875, 61.0991821289, 329.884674072, 993.307067871, 457.613830566, 141.248397827, 47.4825057983, 701.175842285, 461.48236084, 88.3907775879, 165.151824951, 203.113937378, 35.7413253784, 35.4360160828, 32.5585784912, 23.0089817047, 45.0543136597, 8.99140930176, 4.15732192993, 1.05203187466, 0.45395937562, 0.242323428392, 0.0698297321796, 0.0315991230309, 0.0186670795083, 0.00456677796319, 0.00355345988646, 0.00110609794501, 0.000267360388534, 4.8451438488e-05, 7.16833601473e-05, 0.000168854327057],
        "mean": [0.00383919081651, 0.0345737859607, 0.183195486665, 1.02817416191, 15.2882385254, 15.2353382111, 51.3869514465, 44.0882987976, 51.2290458679, 8.78247356415, 68.5101776123, 35.5632629395, 57.6727828979, 16.3492984772, 10.535993576, 73.231262207, 19.55534935, 8.51275920868, 24.2259960175, 15.5488300323, 6.98260498047, 5.42878770828, 5.00889158249, 2.93419408798, 3.27038478851, 1.23421168327, 0.531335115433, 0.198558092117, 0.0883041396737, 0.0425108037889, 0.0159592200071, 0.00593525683507, 0.00282101216726, 0.00110458640847, 0.000513399834745, 0.000211725695408, 3.98329648306e-05, 8.83248867467e-06, 1.23037998492e-05, 2.78409024759e-05],
        "median": [0.00252771587111, 0.00245171017013, 0.0208942051977, 0.797523915768, 12.1349163055, 10.4492797852, 23.9332275391, 21.4088363647, 18.1641101837, 6.70056533813, 43.3942832947, 13.2649326324, 34.1253204346, 10.1229228973, 7.285779953, 22.511800766, 5.87002182007, 5.76178979874, 15.7335853577, 9.97295093536, 5.36234664917, 3.96008706093, 3.75301027298, 2.42258906364, 1.73552036285, 0.908597052097, 0.415330827236, 0.142481863499, 0.0705616250634, 0.0295270252973, 0.0136265894398, 0.0044079660438, 0.0021660849452, 0.000961175304838, 0.000455169589259, 0.00018510283553, 2.39847613557e-05, 4.57304076917e-06, 1.13441774374e-05, 2.53880662058e-05],
        "min": [1.28913856839e-21, 1.65989259156e-21, 1.05917084704e-20, 3.74563343365e-20, 6.86315696268e-20, 7.59134150425e-20, 8.18130545793e-20, 2.89824260153e-19, 1.59928159456e-19, 9.28514890482e-19, 7.32724910104e-19, 1.31659329231e-18, 7.41826688577e-19, 9.30807731742e-19, 1.78828197307e-18, 1.88777442997e-18, 2.99206716517e-18, 4.1832988575e-18, 5.04321472921e-18, 7.56574129827e-18, 7.06664202335e-18, 6.01566438735e-18, 1.11924179139e-17, 7.86212011175e-18, 1.09660797916e-17, 1.46601683184e-17, 1.63363753835e-17, 1.49902977552e-17, 1.57104196898e-17, 1.4956772125e-17, 1.30022535254e-17, 1.70695667717e-17, 1.39413070071e-17, 1.30267091202e-17, 8.75482500934e-18, 5.22654814504e-18, 2.70241994752e-18, 1.22388588778e-18, 2.62823301351e-19, 2.957341619e-20],
        "var": [1.92028492165e-05, 0.00780515372753, 0.200999051332, 0.911311149597, 207.642944336, 396.778900146, 5749.23583984, 6618.83154297, 11939.7382812, 81.5026016235, 4936.45751953, 10945.2392578, 5596.59960938, 360.380767822, 107.832435608, 16749.265625, 3139.96166992, 91.7072296143, 676.274963379, 557.296264648, 40.6793365479, 28.7778186798, 21.6272068024, 6.18877744675, 26.6440563202, 1.67975330353, 0.246195137501, 0.0335056781769, 0.00529128219932, 0.00171424041037, 0.000167763064383, 2.72623328783e-05, 6.36990989733e-06, 6.81687367887e-07, 1.48517045773e-07, 2.62576058674e-08, 1.6370870215e-09, 9.3459615047e-11, 8.01845256859e-11, 4.3581727116e-10]
    },
    "gfcc": {
        "mean": [-124.262535095, 170.142440796, -163.731552124, -2.69263505936, -56.0461082458, -32.6020469666, -36.9691047668, -20.9646492004, -23.7098045349, -15.2481336594, -7.933842659, -10.2926692963, 3.91111040115],
        "cov": [[26064.359375, 4864.26757812, -3341.98876953, 273.097503662, -796.620422363, -997.208618164, -178.601150513, -371.183166504, 152.390731812, -385.371276855, -84.9109039307, -576.305908203, 200.087234497], [4864.26757812, 1271.10351562, -635.777099609, -6.12902975082, -106.834739685, -204.069763184, -42.8442764282, -93.7917251587, 43.0262908936, -82.1964111328, 1.84897732735, -145.47718811, 49.1256217957], [-3341.98876953, -635.777099609, 643.64642334, 56.1462020874, 98.5789871216, 125.525688171, 34.7781181335, 79.7908630371, 35.8056106567, 69.7438354492, -18.7348461151, 61.2580947876, -34.818901062], [273.097503662, -6.12902975082, 56.1462020874, 160.460403442, 7.8910150528, -6.25789690018, 16.1321163177, 35.1512527466, 34.7993125916, 22.0301647186, -12.8162059784, -20.747095108, -10.9520263672], [-796.620422363, -106.834739685, 98.5789871216, 7.8910150528, 147.073730469, 96.4748077393, 40.2850036621, 27.4719753265, 1.25140738487, 2.83052062988, -2.92618107796, 8.18059921265, -20.5418567657], [-997.208618164, -204.069763184, 125.525688171, -6.25789690018, 96.4748077393, 172.150390625, 72.1621780396, 20.6396656036, -36.5438957214, -8.1804227829, -3.92617440224, 40.8800239563, -16.4222564697], [-178.601150513, -42.8442764282, 34.7781181335, 16.1321163177, 40.2850036621, 72.1621780396, 99.884185791, 52.6615753174, 7.63604831696, 3.26585674286, 6.40296173096, -0.824688494205, -9.00697040558], [-371.183166504, -93.7917251587, 79.7908630371, 35.1512527466, 27.4719753265, 20.6396656036, 52.6615753174, 132.366729736, 84.431602478, 51.6892967224, -12.5691261292, -26.1941413879, -19.8861026764], [152.390731812, 43.0262908936, 35.8056106567, 34.7993125916, 1.25140738487, -36.5438957214, 7.63604831696, 84.431602478, 150.378494263, 69.2236938477, -14.4835214615, -55.4145431519, -0.082093372941], [-385.371276855, -82.1964111328, 69.7438354492, 22.0301647186, 2.83052062988, -8.1804227829, 3.26585674286, 51.6892967224, 69.2236938477, 97.9537887573, 35.2237510681, -2.804656744, -14.1273574829], [-84.9109039307, 1.84897732735, -18.7348461151, -12.8162059784, -2.92618107796, -3.92617440224, 6.40296173096, -12.5691261292, -14.4835214615, 35.2237510681, 88.0889816284, 42.2255592346, 2.49411654472], [-576.305908203, -145.47718811, 61.2580947876, -20.747095108, 8.18059921265, 40.8800239563, -0.824688494205, -26.1941413879, -55.4145431519, -2.804656744, 42.2255592346, 101.88759613, 12.1003570557], [200.087234497, 49.1256217957, -34.818901062, -10.9520263672, -20.5418567657, -16.4222564697, -9.00697040558, -19.8861026764, -0.082093372941, -14.1273574829, 2.49411654472, 12.1003570557, 49.6345481873]],
        "icov": [[0.000376832031179, -0.000804867304396, 0.00120990653522, -0.00105140847154, 0.000821686524432, 0.000112347530376, -0.000498948094901, 0.000387145701097, -0.000673821836244, 0.000259021617239, 0.000710838357918, -0.000693128909916, 0.00054195796838], [-0.000804867304396, 0.00392553489655, -0.000985516002402, 0.00180048774928, -0.00211682845838, 0.000743851240259, 0.000297323917039, 0.000728778832126, -0.000435193185695, 0.001385601121, -0.00290366564877, 0.00325247854926, -0.00147212971933], [0.00120990653522, -0.000985516002402, 0.00758060673252, -0.00428984500468, 0.00169418181758, 1.04182672658e-05, -0.00168229278643, 0.00193215324543, -0.0037140888162, 6.557728193e-05, 0.00356846442446, -0.00342338019982, 0.00231052748859], [-0.00105140847154, 0.00180048774928, -0.00428984500468, 0.0101535618305, -0.00262192683294, 0.00111372442916, -0.000330004520947, -0.0015048685018, 0.00214973441325, -0.00233049644157, -0.000363606261089, 0.00199771439657, -0.000820465502329], [0.000821686524432, -0.00211682845838, 0.00169418181758, -0.00262192683294, 0.0138883618638, -0.00753341056406, 0.000913733383641, -0.00019900641928, -0.00347877619788, 0.00333868479356, -0.00127381004859, 0.000226341871894, 0.0036874464713], [0.000112347530376, 0.000743851240259, 1.04182672658e-05, 0.00111372442916, -0.00753341056406, 0.0181572865695, -0.0118019320071, 0.0030752948951, 0.00261199474335, -0.00273738522083, 0.00621233927086, -0.00544918002561, 0.00128566334024], [-0.000498948094901, 0.000297323917039, -0.00168229278643, -0.000330004520947, 0.000913733383641, -0.0118019320071, 0.024340916425, -0.0117962099612, 0.00201205140911, 0.00576126622036, -0.00957175251096, 0.00591188855469, -0.00268878112547], [0.000387145701097, 0.000728778832126, 0.00193215324543, -0.0015048685018, -0.00019900641928, 0.0030752948951, -0.0117962099612, 0.0213040374219, -0.0100623872131, -0.00363288004883, 0.00544092664495, -0.00253903446719, 0.00536631885916], [-0.000673821836244, -0.000435193185695, -0.0037140888162, 0.00214973441325, -0.00347877619788, 0.00261199474335, 0.00201205140911, -0.0100623872131, 0.0236581340432, -0.0145968375728, 0.00403666775674, 0.00678354874253, -0.0091980881989], [0.000259021617239, 0.001385601121, 6.557728193e-05, -0.00233049644157, 0.00333868479356, -0.00273738522083, 0.00576126622036, -0.00363288004883, -0.0145968375728, 0.0318783521652, -0.0174760185182, 0.00227516423911, 0.00655503477901], [0.000710838357918, -0.00290366564877, 0.00356846442446, -0.000363606261089, -0.00127381004859, 0.00621233927086, -0.00957175251096, 0.00544092664495, 0.00403666775674, -0.0174760185182, 0.0287216864526, -0.0137624638155, 0.00134704425], [-0.000693128909916, 0.00325247854926, -0.00342338019982, 0.00199771439657, 0.000226341871894, -0.00544918002561, 0.00591188855469, -0.00253903446719, 0.00678354874253, 0.00227516423911, -0.0137624638155, 0.0250672698021, -0.00880019087344], [0.00054195796838, -0.00147212971933, 0.00231052748859, -0.000820465502329, 0.0036874464713, 0.00128566334024, -0.00268878112547, 0.00536631885916, -0.0091980881989, 0.00655503477901, 0.00134704425, -0.00880019087344, 0.0284011568874]]
    },
    "melbands": {
        "dmean": [2.00157246582e-05, 1.16537539725e-05, 0.000102768179204, 0.000253325299127, 0.000614897930063, 0.000417688192101, 0.000223723502131, 3.0708633858e-05, 0.00012888009951, 3.89500710298e-05, 7.4156523624e-05, 2.20149886445e-05, 8.05753188615e-06, 3.08513699565e-05, 2.27595246542e-05, 6.70839517625e-06, 6.34695607005e-06, 1.15934608402e-05, 9.08051879378e-06, 5.10949121235e-06, 5.0580961215e-06, 4.51488267572e-06, 2.18331160795e-06, 2.44550733441e-06, 1.10309179036e-06, 1.23628115034e-06, 4.74224549407e-07, 4.73003353818e-07, 1.7188692425e-07, 1.38733412314e-07, 3.63947201265e-08, 2.22973408626e-08, 1.38121691862e-08, 1.01492929616e-08, 4.00679756041e-09, 2.02329308863e-09, 9.29276711137e-10, 8.18052847684e-10, 4.56302884366e-10, 2.41980047111e-10],
        "dmean2": [2.95833742712e-05, 1.22973733596e-05, 0.000127366714878, 0.000384657847462, 0.000882285647094, 0.000598819518927, 0.000299656880088, 3.98684896936e-05, 0.000145852813148, 5.31031837454e-05, 8.74206161825e-05, 2.78176121356e-05, 9.1860356406e-06, 4.06315994042e-05, 2.9517826988e-05, 9.19454760151e-06, 8.46268540045e-06, 1.55495872605e-05, 1.23808331409e-05, 7.18449928172e-06, 8.09912489785e-06, 7.35588264433e-06, 3.26897725245e-06, 4.0156992327e-06, 1.84424959571e-06, 2.03219656214e-06, 7.76734225383e-07, 8.11346865248e-07, 2.89164091782e-07, 2.35949116245e-07, 6.20153173259e-08, 3.83474443311e-08, 2.33845387498e-08, 1.75830443538e-08, 6.77185374443e-09, 3.43300854411e-09, 1.6063038677e-09, 1.42615985688e-09, 7.88302867427e-10, 4.20308149396e-10],
        "dvar": [6.71230127036e-10, 9.47414813268e-10, 2.11136867989e-08, 2.36389880115e-07, 1.0675047406e-06, 1.64162474903e-06, 6.84722863298e-07, 1.71342073862e-09, 3.40508528041e-08, 2.52384442234e-08, 9.43000078024e-09, 1.4316596797e-09, 1.14948266183e-10, 1.79205073003e-09, 1.13806408741e-09, 3.88922727357e-10, 7.28500385017e-11, 2.83713386118e-10, 1.15862743011e-10, 5.92301485636e-11, 4.80368800293e-11, 3.83405113213e-11, 9.39628843483e-12, 1.43190546226e-11, 2.21414726831e-12, 3.83813033439e-12, 4.31192326853e-13, 6.00627728976e-13, 4.05085985372e-14, 5.66269409564e-14, 2.51387604987e-15, 8.77077841168e-16, 3.11884254503e-16, 2.6378228575e-16, 2.64494954787e-17, 9.30076007772e-18, 1.65735510194e-18, 1.63648275014e-18, 3.78330362649e-19, 9.58474596787e-20],
        "dvar2": [1.13349651887e-09, 9.3303698101e-10, 3.41544286186e-08, 5.79989603011e-07, 2.188281087e-06, 2.90387447421e-06, 1.16614967283e-06, 3.09222647488e-09, 4.44430732216e-08, 4.39444320932e-08, 1.26975425729e-08, 1.93414995131e-09, 1.50543341682e-10, 3.15698911457e-09, 1.71068814669e-09, 4.99008112609e-10, 1.22096416311e-10, 4.73986627725e-10, 2.05456984759e-10, 1.08254481768e-10, 1.28540858513e-10, 1.05850959942e-10, 2.25440187351e-11, 4.15026658873e-11, 6.0484737878e-12, 1.06413211576e-11, 1.21815166461e-12, 1.71255436048e-12, 1.1566622497e-13, 1.66637157632e-13, 7.57630144331e-15, 2.62540233694e-15, 9.05825398244e-16, 7.28368342965e-16, 7.38316930219e-17, 2.70006988604e-17, 4.88078334027e-18, 4.75161908762e-18, 1.12765779577e-18, 2.72177499158e-19],
        "max": [0.000330261100316, 0.00130446115509, 0.00355635490268, 0.00821619667113, 0.0181146934628, 0.0204827561975, 0.014493056573, 0.000751460262109, 0.00250491127372, 0.00557194836438, 0.00227819429711, 0.000611185969319, 0.000175310575287, 0.00137448788155, 0.000888888724148, 0.000621894432697, 0.000199748741579, 0.000235791318119, 0.000167195132235, 0.000202422015718, 6.17915575276e-05, 5.41831504961e-05, 3.4895077988e-05, 3.68944238289e-05, 1.70967159647e-05, 3.65719351976e-05, 1.14078229672e-05, 8.12566759123e-06, 3.06272113448e-06, 1.91875960809e-06, 5.44246347545e-07, 3.93233591467e-07, 1.8151595782e-07, 1.52200513526e-07, 4.54328237254e-08, 4.06555429322e-08, 1.66201648e-08, 1.71769531931e-08, 9.22699339156e-09, 3.86663545626e-09],
        "mean": [4.51481610071e-05, 7.42481570342e-05, 0.000615438912064, 0.00103998580016, 0.00155234988779, 0.00114890618715, 0.000678923679516, 0.00011615047697, 0.000554027559701, 0.000177986570634, 0.000280780514004, 6.08754489804e-05, 2.31539706874e-05, 0.000143221739563, 0.000109157306724, 2.56131716014e-05, 1.3848510207e-05, 3.36268421961e-05, 2.93402408715e-05, 1.34273186632e-05, 9.10365724849e-06, 7.38837798053e-06, 4.09980975746e-06, 4.42877444584e-06, 1.98277871277e-06, 2.54549422607e-06, 1.11752899556e-06, 8.26784742003e-07, 3.45983238503e-07, 2.42762126845e-07, 7.85074973919e-08, 5.45058078671e-08, 3.13568939703e-08, 2.08848387473e-08, 9.21842158164e-09, 5.36749755753e-09, 2.74578737525e-09, 2.11165063213e-09, 1.3737876392e-09, 7.40939143373e-10],
        "median": [2.30715577345e-05, 1.24914618027e-06, 0.000482000759803, 0.000835218525026, 0.00076720333891, 0.000611855066381, 0.000229233352002, 8.75161640579e-05, 0.000336933124345, 4.01143443014e-05, 0.000165202145581, 3.08440321533e-05, 1.44781115523e-05, 4.52047643194e-05, 2.95237605314e-05, 6.69277596899e-06, 7.52921050662e-06, 2.11804253922e-05, 2.38038683165e-05, 6.7450273491e-06, 5.87677232033e-06, 4.74936996397e-06, 2.44518628278e-06, 2.92206641461e-06, 1.57938325174e-06, 1.36540802487e-06, 7.67671963331e-07, 4.95482709084e-07, 2.78389393316e-07, 1.32101618533e-07, 6.06440764273e-08, 4.42151701918e-08, 2.16997584346e-08, 1.24417436353e-08, 7.89482257346e-09, 3.89566645609e-09, 2.06091876898e-09, 1.5201376824e-09, 1.07291053819e-09, 6.55537124583e-10],
        "min": [1.08531562226e-23, 4.06371755677e-24, 7.46344694531e-24, 8.89803546653e-24, 2.58039143389e-24, 8.00697920876e-24, 2.98362084104e-24, 1.02916955174e-23, 6.00997546061e-24, 1.03056544111e-23, 3.28956417427e-24, 3.25780009827e-24, 6.53579582458e-24, 4.90705285737e-24, 3.77368850623e-24, 7.05661481041e-24, 7.09312881513e-24, 8.37902178888e-24, 7.50748826079e-24, 7.58169167298e-24, 7.07577781952e-24, 4.36503757345e-24, 9.03803066708e-24, 9.39372173835e-24, 5.94081563062e-24, 5.91103652588e-24, 5.04247424239e-24, 1.09542755689e-23, 9.85706234648e-24, 7.6497017382e-24, 9.32954395941e-24, 8.64496573269e-24, 7.80278414117e-24, 8.15085166065e-24, 7.51896776469e-24, 8.23614961261e-24, 9.74445481884e-24, 9.7979135558e-24, 1.07027496359e-23, 1.12109417196e-23],
