{
"metadata": {
    "version": {
        "essentia": "2.0.1",
        "extractor": "archive-music 1.0"
    },
    "audio_properties": {
        "analysis_sample_rate": 44100,
        "bitrate": 128,
        "channels": 2,
        "equal_loudness": 0,
        "length": 15.7257146835,
        "replay_gain": -2.12833213806,
        "downmix": "mix"
    },
    "tags": {
        "track": 0,
        "year": 0,
        "album": "",
        "artist": "",
        "comment": "",
        "genre": "",
        "title": ""
    }
},
"highlevel": {
    "culture": {
        "all": {
            "non_western": 6.66276145367e-09,
            "western": 1
        },
        "probability": 1,
        "value": "western"
    },
    "danceability": {
        "all": {
            "danceable": 0.0550852380693,
            "not_danceable": 0.944914758205
        },
        "probability": 0.944914758205,
        "value": "not_danceable"
    },
    "gender": {
        "all": {
            "female": 0.719132125378,
            "male": 0.280867874622
        },
        "probability": 0.719132125378,
        "value": "female"
    },
    "genre_dortmund": {
        "all": {
            "alternative": 0.0575880296528,
            "blues": 0.0398630984128,
            "electronic": 0.0207129623741,
            "folkcountry": 0.354815810919,
            "funksoulrnb": 0.0154599249363,
            "jazz": 0.425577163696,
            "pop": 0.050365511328,
            "raphiphop": 0.0020911169704,
            "rock": 0.0335263907909
        },
        "probability": 0.425577163696,
        "value": "jazz"
    },
    "genre_electronic": {
        "all": {
            "ambient": 0.892815768719,
            "dnb": 0.0145046021789,
            "house": 0.064306281507,
            "techno": 0.0199628546834,
            "trance": 0.00841049291193
        },
        "probability": 0.892815768719,
        "value": "ambient"
    },
    "genre_rosamerica": {
        "all": {
            "cla": 0.879361689091,
            "dan": 0.00553886266425,
            "hip": 0.00274086766876,
            "jaz": 0.0281993914396,
            "pop": 0.0264277476817,
            "rhy": 0.0302747450769,
            "roc": 0.0171495657414,
            "spe": 0.0103071220219
        },
        "probability": 0.879361689091,
        "value": "cla"
    },
    "genre_tzanetakis": {
        "all": {
            "blu": 0.0100652361289,
            "cla": 0.664198458195,
            "cou": 0.0186871849,
            "dis": 0.0105114588514,
            "hip": 0.0122381895781,
            "jaz": 0.125907897949,
            "met": 0.00316600804217,
            "pop": 0.0371908657253,
            "reg": 0.0120922848582,
            "roc": 0.105942383409
        },
        "probability": 0.664198458195,
        "value": "cla"
    },
    "mirex_ballroom": {
        "all": {
            "ChaChaCha": 0.000261843058979,
            "Jive": 0.000136006812681,
            "Quickstep": 0.00212660408579,
            "Rumba-American": 0.000269709795248,
            "Rumba-International": 0.00345192546956,
            "Rumba-Misc": 0.00313677778468,
            "Samba": 0.00012476129632,
            "Tango": 0.00274949450977,
            "VienneseWaltz": 0.0785123705864,
            "Waltz": 0.909230530262
        },
        "probability": 0.909230530262,
        "value": "Waltz"
    },
    "mood_acoustic": {
        "all": {
            "acoustic": 0.961570382118,
            "not_acoustic": 0.0384295992553
        },
        "probability": 0.961570382118,
        "value": "acoustic"
    },
    "mood_aggressive": {
        "all": {
            "aggressive": 0.0456406436861,
            "not_aggressive": 0.954359352589
        },
        "probability": 0.954359352589,
        "value": "not_aggressive"
    },
    "mood_electronic": {
        "all": {
            "electronic": 0.465108633041,
            "not_electronic": 0.534891366959
        },
        "probability": 0.534891366959,
        "value": "not_electronic"
    },
    "mood_happy": {
        "all": {
            "happy": 0.422417372465,
            "not_happy": 0.577582657337
        },
        "probability": 0.577582657337,
        "value": "not_happy"
    },
    "mood_party": {
        "all": {
            "not_party": 0.941000878811,
            "party": 0.0589991360903
        },
        "probability": 0.941000878811,
        "value": "not_party"
    },
    "mood_relaxed": {
        "all": {
            "not_relaxed": 0.039897184819,
            "relaxed": 0.960102796555
        },
        "probability": 0.960102796555,
        "value": "relaxed"
    },
    "mood_sad": {
        "all": {
            "not_sad": 0.0642683580518,
            "sad": 0.935731649399
        },
        "probability": 0.935731649399,
        "value": "sad"
    },
    "moods_mirex": {
        "all": {
            "Cluster1": 0.242984443903,
            "Cluster2": 0.199002876878,
            "Cluster3": 0.30945071578,
            "Cluster4": 0.192892313004,
            "Cluster5": 0.0556696392596
        },
        "probability": 0.30945071578,
        "value": "Cluster3"
    },
    "timbre": {
        "all": {
            "bright": 0.991344094276,
            "dark": 0.00865588895977
        },
        "probability": 0.991344094276,
        "value": "bright"
    },
    "tonal_atonal": {
        "all": {
            "atonal": 0.561151206493,
            "tonal": 0.438848763704
        },
        "probability": 0.561151206493,
        "value": "atonal"
    },
    "voice_instrumental": {
        "all": {
            "instrumental": 0.980492174625,
            "voice": 0.0195078253746
        },
        "probability": 0.980492174625,
        "value": "instrumental"
    }
},
"lowlevel": {
    "average_loudness": 0.942923486233,
    "barkbands_kurtosis": {
        "dmean": 1.47356796265,
        "dmean2": 2.22042274475,
        "dvar": 2.02999854088,
        "dvar2": 4.70022201538,
        "max": 15.5391635895,
        "mean": 3.07117676735,
        "median": 2.42839002609,
        "min": -1.4442974329,
        "var": 8.32704734802
    },
    "barkbands_skewness": {
        "dmean": 0.310197889805,
        "dmean2": 0.463726192713,
        "dvar": 0.0778151005507,
        "dvar2": 0.143733307719,
        "max": 3.3389954567,
        "mean": 1.42700433731,
        "median": 1.38697075844,
        "min": -2.09247970581,
        "var": 0.469842791557
    },
    "barkbands_spread": {
        "dmean": 2.12428307533,
        "dmean2": 3.08296012878,
        "dvar": 12.7837724686,
        "dvar2": 25.4434719086,
        "max": 91.0019607544,
        "mean": 11.1606988907,
        "median": 10.2013807297,
        "min": 3.22049498558,
        "var": 47.0574645996
    },
    "dissonance": {
        "dmean": 0.0206806585193,
        "dmean2": 0.033580057323,
        "dvar": 0.00038394657895,
        "dvar2": 0.00096684199525,
        "max": 0.498547285795,
        "mean": 0.429110765457,
        "median": 0.434498906136,
        "min": 0.301678210497,
        "var": 0.00096858269535
    },
    "dynamic_complexity": 4.47012662888,
    "erbbands_kurtosis": {
        "dmean": 0.664549529552,
        "dmean2": 1.01361691952,
        "dvar": 0.51619631052,
        "dvar2": 1.1776124239,
        "max": 9.13638210297,
        "mean": 0.17247389257,
        "median": -0.103377103806,
        "min": -1.55225098133,
        "var": 1.34325909615
    },
    "erbbands_skewness": {
        "dmean": 0.274230986834,
        "dmean2": 0.394941180944,
        "dvar": 0.049439009279,
        "dvar2": 0.0974196791649,
        "max": 2.67467880249,
        "mean": 0.565666913986,
        "median": 0.564141511917,
        "min": -1.12559056282,
        "var": 0.332218974829
    },
    "erbbands_spread": {
        "dmean": 3.77744960785,
        "dmean2": 5.50405406952,
        "dvar": 14.4721393585,
        "dvar2": 29.4902381897,
        "max": 81.1680374146,
        "mean": 23.3644638062,
        "median": 22.6061191559,
        "min": 8.14002037048,
        "var": 48.6434669495
    },
    "hfc": {
        "dmean": 1.91261565685,
        "dmean2": 2.56887459755,
        "dvar": 5.40782785416,
        "dvar2": 8.66398715973,
        "max": 43.7744140625,
        "mean": 11.371512413,
        "median": 9.46481895447,
        "min": 1.11804259457e-16,
        "var": 74.7439498901
    },
    "melbands_kurtosis": {
        "dmean": 2.24906802177,
        "dmean2": 3.33212614059,
        "dvar": 5.57361125946,
        "dvar2": 12.7255315781,
        "max": 26.0869102478,
        "mean": 5.90792512894,
        "median": 5.11102104187,
        "min": -1.19769608974,
        "var": 16.9334621429
    },
    "melbands_skewness": {
        "dmean": 0.357633024454,
        "dmean2": 0.516154229641,
        "dvar": 0.100098654628,
        "dvar2": 0.210091724992,
        "max": 4.11080121994,
        "mean": 1.86567056179,
        "median": 1.84263753891,
        "min": -0.317988604307,
        "var": 0.41923391819
    },
    "melbands_spread": {
        "dmean": 2.71516346931,
        "dmean2": 3.91977787018,
        "dvar": 25.9991130829,
        "dvar2": 31.8180675507,
        "max": 147.429733276,
        "mean": 14.760471344,
        "median": 12.5428085327,
        "min": 4.31827878952,
        "var": 225.209976196
    },
    "pitch_salience": {
        "dmean": 0.0456614717841,
        "dmean2": 0.0667293518782,
        "dvar": 0.00149822537787,
        "dvar2": 0.003018733114,
        "max": 0.98635917902,
        "mean": 0.581631839275,
        "median": 0.580856740475,
        "min": 0.340708911419,
        "var": 0.00760802114382
    },
    "silence_rate_20dB": {
        "dmean": 0,
        "dmean2": 0,
        "dvar": 0,
        "dvar2": 0,
        "max": 1,
        "mean": 1,
        "median": 1,
        "min": 1,
        "var": 0
    },
    "silence_rate_30dB": {
        "dmean": 0,
        "dmean2": 0,
        "dvar": 0,
        "dvar2": 0,
        "max": 1,
        "mean": 1,
        "median": 1,
        "min": 1,
        "var": 0
    },
    "silence_rate_60dB": {
        "dmean": 0.0147492624819,
        "dmean2": 0.0295420978218,
        "dvar": 0.0145316254348,
        "dvar2": 0.0286692958325,
        "max": 1,
        "mean": 0.131075114012,
        "median": 0,
        "min": 0,
        "var": 0.113895013928
    },
    "spectral_centroid": {
        "dmean": 106.125518799,
        "dmean2": 164.358520508,
        "dvar": 87345.609375,
        "dvar2": 162164.375,
        "max": 11164.6855469,
        "mean": 792.779907227,
        "median": 694.883483887,
        "min": 361.361206055,
        "var": 446496.0625
    },
    "spectral_complexity": {
        "dmean": 1.61946904659,
        "dmean2": 2.70605611801,
        "dvar": 2.04103541374,
        "dvar2": 5.21494340897,
        "max": 23,
        "mean": 13.4609718323,
        "median": 14,
        "min": 0,
        "var": 26.1895542145
    },
    "spectral_crest": {
        "dmean": 1.593141675,
        "dmean2": 2.29941368103,
        "dvar": 2.00569796562,
        "dvar2": 4.34938812256,
        "max": 20.9778747559,
        "mean": 9.21435546875,
        "median": 8.6036567688,
        "min": 3.60582637787,
        "var": 9.28582000732
    },
    "spectral_decrease": {
        "dmean": 9.75679426141e-10,
        "dmean2": 1.23835575128e-09,
        "dvar": 1.36055525353e-18,
        "dvar2": 2.12654424969e-18,
        "max": 1.38911910211e-29,
        "mean": -5.80422154783e-09,
        "median": -4.53966197966e-09,
        "min": -2.10940651613e-08,
        "var": 2.21589923595e-17
    },
    "spectral_energy": {
        "dmean": 0.00382978632115,
        "dmean2": 0.00486537721008,
        "dvar": 2.09818972507e-05,
        "dvar2": 3.26026274706e-05,
        "max": 0.0828520432115,
        "mean": 0.0229378789663,
        "median": 0.0180243458599,
        "min": 1.05821441946e-20,
        "var": 0.00034277830855
    },
    "spectral_energyband_high": {
        "dmean": 1.09979619083e-05,
        "dmean2": 1.84264335985e-05,
        "dvar": 3.63809454784e-10,
        "dvar2": 1.14374865134e-09,
        "max": 0.000285440153675,
        "mean": 3.22014057019e-05,
        "median": 2.3856298867e-05,
        "min": 7.25896708631e-21,
        "var": 1.03484365521e-09
    },
    "spectral_energyband_low": {
        "dmean": 0.000639535079245,
        "dmean2": 0.000844545895234,
        "dvar": 9.42218377986e-07,
        "dvar2": 2.2842866656e-06,
        "max": 0.0184466894716,
        "mean": 0.00268751219846,
        "median": 0.00175575318281,
        "min": 8.08388936049e-23,
        "var": 9.74570139078e-06
    },
    "spectral_energyband_middle_high": {
        "dmean": 0.000845751783345,
        "dmean2": 0.00122542574536,
        "dvar": 9.81727794169e-07,
        "dvar2": 1.95084476218e-06,
        "max": 0.0125381667167,
        "mean": 0.00294817076065,
        "median": 0.00261098099872,
        "min": 1.58159820982e-21,
        "var": 4.84678548673e-06
    },
    "spectral_energyband_middle_low": {
        "dmean": 0.00353877944872,
        "dmean2": 0.00444086035714,
        "dvar": 1.86866091099e-05,
        "dvar2": 2.83268982457e-05,
        "max": 0.0767144411802,
        "mean": 0.0182929299772,
        "median": 0.0128395250067,
        "min": 2.52262748065e-22,
        "var": 0.000267256837105
    },
    "spectral_flatness_db": {
        "dmean": 0.0116119077429,
        "dmean2": 0.0165408570319,
        "dvar": 8.71786978678e-05,
        "dvar2": 0.000187389479834,
        "max": 0.291579782963,
        "mean": 0.202059745789,
        "median": 0.202325150371,
        "min": 0.0442697219551,
        "var": 0.00106459099334
    },
    "spectral_flux": {
        "dmean": 0.0091022439301,
        "dmean2": 0.0151966400445,
        "dvar": 8.33862359286e-05,
        "dvar2": 0.000242737951339,
        "max": 0.129752859473,
        "mean": 0.042922783643,
        "median": 0.0427107773721,
        "min": 6.73880673485e-11,
        "var": 0.000452628941275
    },
    "spectral_kurtosis": {
        "dmean": 5.47141122818,
        "dmean2": 9.73089313507,
        "dvar": 18.6257991791,
        "dvar2": 61.4748039246,
        "max": 31.2438850403,
        "mean": 11.0793018341,
        "median": 10.1958656311,
        "min": -1.19567060471,
        "var": 28.9707698822
    },
    "spectral_rms": {
        "dmean": 0.000365410203813,
        "dmean2": 0.000472968502436,
        "dvar": 1.18272645011e-07,
        "dvar2": 1.95529636926e-07,
        "max": 0.00899062119424,
        "mean": 0.00424219015986,
        "median": 0.00419341493398,
        "min": 3.21310491234e-12,
        "var": 4.38224788013e-06
    },
    "spectral_rolloff": {
        "dmean": 221.238937378,
        "dmean2": 374.301879883,
        "dvar": 633429.3125,
        "dvar2": 1000215.9375,
        "max": 18970.7519531,
        "mean": 1112.7175293,
        "median": 775.1953125,
        "min": 366.064453125,
        "var": 4847067
    },
    "spectral_skewness": {
        "dmean": 0.459554612637,
        "dmean2": 0.810367763042,
        "dvar": 0.12792596221,
        "dvar2": 0.417044073343,
        "max": 3.89997529984,
        "mean": 2.13755989075,
        "median": 2.07017469406,
        "min": -0.00873834174126,
        "var": 0.243825688958
    },
    "spectral_spread": {
        "dmean": 243518.203125,
        "dmean2": 407352.375,
        "dvar": 1.34454915891e+12,
        "dvar2": 2.50899437978e+12,
        "max": 40075728,
        "mean": 2498776.5,
        "median": 2230074.75,
        "min": 1685542.5,
        "var": 5.17034265805e+12
    },
    "spectral_strongpeak": {
        "dmean": 0.337304711342,
        "dmean2": 0.495406866074,
        "dvar": 0.190929353237,
        "dvar2": 0.421771198511,
        "max": 4.56611394882,
        "mean": 1.10942459106,
        "median": 0.866811454296,
        "min": 0,
        "var": 0.826406478882
    },
    "zerocrossingrate": {
        "dmean": 0.00471285032108,
        "dmean2": 0.00555356824771,
        "dvar": 0.000227457567235,
        "dvar2": 0.000205400603591,
        "max": 0.5126953125,
        "mean": 0.0397650785744,
        "median": 0.03173828125,
        "min": 0.0146484375,
        "var": 0.00323914457113
    },
    "barkbands": {
        "dmean": [2.34678755078e-05, 0.00019650941249, 0.000272562989267, 0.000784768024459, 0.00106484431308, 0.00178988685366, 0.00091891665943, 0.000868759758305, 0.00048453384079, 0.000383177772164, 0.000177959926077, 0.000444219738711, 0.000106090374175, 0.000202685288968, 0.0002079463884, 9.09827285795e-05, 9.03141772142e-05, 5.62047061976e-05, 3.68839646399e-05, 1.4809127606e-05, 4.43173576059e-06, 1.22780591028e-06, 3.020747954e-07, 9.18810911799e-08, 7.08463829824e-08, 2.03830747836e-08, 3.80940745615e-09],
        "dmean2": [4.0493774577e-05, 0.00025840519811, 0.000350133981556, 0.00118275987916, 0.00157412083354, 0.00176747702062, 0.00105458556209, 0.00100296468008, 0.000615872675553, 0.000510197074618, 0.00025676592486, 0.000649288238492, 0.000176730522071, 0.000308773160214, 0.000346132932464, 0.000155785615789, 0.000153414963279, 9.3165821454e-05, 6.3063831476e-05, 2.49180902756e-05, 7.4421386671e-06, 2.15265345105e-06, 5.10847598889e-07, 1.49870658106e-07, 9.48105878251e-08, 3.2157768004e-08, 6.53061649203e-09],
        "dvar": [1.12154185938e-09, 1.27540303652e-07, 1.59681633249e-07, 2.61404397861e-06, 2.02280943995e-06, 5.43914075024e-06, 3.63451385965e-06, 3.54637950295e-06, 7.17049999821e-07, 3.79176327669e-07, 9.91781377024e-08, 5.6591863995e-07, 6.68549802185e-08, 1.76151928599e-07, 1.0653004523e-07, 4.98597749754e-08, 1.77492154307e-08, 7.89044474203e-09, 2.31449925892e-09, 4.22137408362e-10, 3.49391904297e-11, 3.45163979863e-12, 1.90267547269e-13, 1.69816959973e-14, 2.85282661752e-14, 1.0955619431e-15, 2.81987227396e-17],
        "dvar2": [3.21702153805e-09, 2.02999842713e-07, 3.04515026528e-07, 6.22694369667e-06, 4.46930152975e-06, 6.15538101556e-06, 4.75232945973e-06, 4.37413973486e-06, 1.09024711037e-06, 6.14559326095e-07, 2.01382746923e-07, 1.21164021039e-06, 1.55646930011e-07, 3.53285656729e-07, 2.71087714054e-07, 1.43055842727e-07, 5.13018321158e-08, 2.11051531807e-08, 6.71894229143e-09, 1.22523835522e-09, 9.91797616257e-11, 1.03189410142e-11, 5.43505832788e-13, 4.53946064495e-14, 3.97168463482e-14, 2.55747961193e-15, 8.33074969249e-17],
        "max": [0.000338586076396, 0.0108640901744, 0.00957791693509, 0.0342896617949, 0.0230589937419, 0.0405372977257, 0.0350448675454, 0.0451989024878, 0.0117786247283, 0.0087315114215, 0.00482633942738, 0.00988715235144, 0.00392527552322, 0.00612204708159, 0.00365499244072, 0.00290087074973, 0.00168141443282, 0.00124386372045, 0.000472029234516, 0.000338871177519, 5.86267524341e-05, 2.26361789828e-05, 6.11831774222e-06, 2.09189170164e-06, 3.68940436601e-06, 6.30503450338e-07, 6.19007565206e-08],
        "mean": [2.36173400481e-05, 0.00076443963917, 0.00115861522499, 0.00219786842354, 0.00311126979068, 0.00659810798243, 0.00260294834152, 0.00221001892351, 0.00105885486118, 0.000773799722083, 0.000340485188644, 0.000745071156416, 0.000167117759702, 0.000356519100023, 0.000321855768561, 0.000138358373079, 0.000146361475345, 0.00010202894191, 7.43310083635e-05, 3.06747424474e-05, 1.08617432488e-05, 3.09898405249e-06, 9.49091258917e-07, 3.549365033e-07, 2.36427496247e-07, 7.99644155336e-08, 7.48905826242e-09],
        "median": [1.16891569633e-05, 0.000163104530657, 0.000584782275837, 0.000748371181544, 0.00201174221002, 0.00339879654348, 0.000813600898255, 0.000584497698583, 0.000377922726329, 0.000382698024623, 0.000147751532495, 0.000450259947684, 7.32768894522e-05, 8.01571586635e-05, 0.000185972137842, 6.9400506618e-05, 8.73889875947e-05, 7.0639034675e-05, 5.6976601627e-05, 2.30783662118e-05, 7.50240133129e-06, 2.29536090046e-06, 6.8393978836e-07, 2.722676129e-07, 1.32968537514e-07, 5.37057225358e-08, 5.43012701471e-09],
        "min": [1.1811046354e-23, 1.72356231252e-23, 1.24237001877e-23, 3.00785129539e-24, 3.77154051687e-23, 3.19716584307e-23, 5.898566686e-23, 2.62711680916e-23, 5.59633135402e-23, 1.11527034322e-22, 4.38122492034e-23, 1.63894511597e-22, 7.4804940717e-23, 6.27893080204e-23, 8.69990579266e-23, 1.81847433322e-22, 1.62206058959e-22, 2.32185947726e-22, 1.46416155971e-22, 2.01146580891e-22, 3.55039913931e-22, 4.4909429767e-22, 6.56900606405e-22, 8.48531303347e-22, 1.04294439474e-21, 1.38468105934e-21, 2.10040383014e-21],
        "var": [1.09933484538e-09, 2.14399551624e-06, 2.59439661932e-06, 1.43140832733e-05, 1.10939354272e-05, 6.38813799014e-05, 2.1482926968e-05, 1.93226223928e-05, 2.7726641747e-06, 1.17376771414e-06, 2.94147241675e-07, 1.02376043287e-06, 1.07095665669e-07, 4.88737043725e-07, 1.92955454281e-07, 6.50200675523e-08, 3.20216315686e-08, 1.33309692174e-08, 4.91354557042e-09, 9.76703495859e-10, 1.14422096797e-10, 9.83814071875e-12, 9.05641393042e-13, 1.11545335143e-13, 1.47313612047e-13, 7.33912713588e-15, 5.53430681308e-17]
    },
    "erbbands": {
        "dmean": [0.00188185810111, 0.0577947497368, 0.286139190197, 1.35752260685, 3.23605132103, 4.17628288269, 4.52110624313, 19.5940761566, 17.0419120789, 12.8547153473, 16.4612026215, 13.820479393, 13.1662635803, 5.40036249161, 9.00014877319, 22.2220306396, 4.98117256165, 11.1923933029, 10.3519763947, 7.2947101593, 4.45185279846, 3.58409810066, 3.18956398964, 2.33213376999, 1.47748231888, 0.724136710167, 0.316997349262, 0.102397963405, 0.0461205132306, 0.0194342434406, 0.00858845096081, 0.00274771056138, 0.00128415529616, 0.000768654281273, 0.000580090971198, 0.0001480733481, 3.57438766514e-05, 8.66499340191e-06, 1.85229134786e-06, 4.28891644333e-06],
        "dmean2": [0.00273686926812, 0.0747619047761, 0.37473705411, 1.96148729324, 5.04135227203, 5.80622720718, 6.30250072479, 19.1295166016, 17.5635318756, 15.3523931503, 19.7171554565, 17.6060905457, 17.2137737274, 7.71734666824, 13.2420701981, 32.349155426, 8.06586647034, 17.2098808289, 16.9784126282, 12.3657264709, 7.56698274612, 6.0296292305, 5.24843978882, 3.98091125488, 2.46880602837, 1.21503353119, 0.534178853035, 0.174030870199, 0.0797015652061, 0.0322788543999, 0.0142137045041, 0.0046788523905, 0.00205390690826, 0.00108740536962, 0.000811388541479, 0.000223566661589, 5.77899591008e-05, 1.47366463352e-05, 2.36013761423e-06, 5.45632792637e-06],
        "dvar": [1.20177055578e-05, 0.0103751020506, 0.177604153752, 7.12228059769, 28.3964233398, 43.3270759583, 61.806930542, 724.68145752, 964.933654785, 1090.12414551, 1178.68347168, 559.473693848, 535.833312988, 61.0435295105, 295.939056396, 1486.18969727, 92.2954101562, 440.670623779, 370.965606689, 113.310890198, 61.331489563, 26.6572990417, 19.7999095917, 10.2705717087, 4.31911993027, 0.887099385262, 0.182121410966, 0.0166362021118, 0.0055346051231, 0.000857182312757, 0.000177744208486, 1.47321316035e-05, 2.9583657124e-06, 2.33070750255e-06, 2.20548554353e-06, 8.05781468216e-08, 2.55121146431e-09, 1.52047138768e-10, 4.93898411752e-12, 2.63646413728e-11],
        "dvar2": [1.87028526852e-05, 0.0168740730733, 0.373508572578, 18.0674266815, 73.2492904663, 81.1803970337, 143.305877686, 788.391235352, 1037.01098633, 1357.08996582, 1538.50817871, 851.49206543, 851.298400879, 117.515586853, 618.34765625, 3172.68212891, 214.948120117, 889.579772949, 946.855163574, 302.033294678, 168.266616821, 81.4870376587, 52.9721603394, 29.1408348083, 11.7165498734, 2.57913732529, 0.554621219635, 0.0455094836652, 0.0175202544779, 0.00229742494412, 0.000484713877086, 4.0966708184e-05, 7.73358715378e-06, 3.32794365931e-06, 3.68183395949e-06, 1.65465735336e-07, 6.20849238686e-09, 4.10775746751e-10, 7.78733848239e-12, 4.0771625659e-11],
        "max": [0.122632615268, 3.08886432648, 8.18169593811, 44.7234191895, 130.049850464, 117.743743896, 135.587036133, 509.866119385, 685.970092773, 826.000793457, 600.864929199, 324.687194824, 335.325042725, 100.530075073, 269.401306152, 505.444641113, 141.312484741, 290.206726074, 220.037353516, 105.798355103, 115.234680176, 53.0561103821, 51.3852729797, 29.4127674103, 24.8985137939, 12.089717865, 5.88327169418, 1.83570516109, 0.946837246418, 0.367900580168, 0.231521934271, 0.0493058934808, 0.0320387296379, 0.0348606221378, 0.028903901577, 0.00551414676011, 0.000875012483448, 0.000195826985873, 4.09731292166e-05, 9.29815287236e-05],
        "mean": [0.00696437945589, 0.232491090894, 1.22116613388, 4.15176200867, 9.41777038574, 11.5700588226, 15.0985965729, 70.5829086304, 55.2510757446, 32.8625411987, 42.7343940735, 32.5312805176, 28.5049037933, 12.0689315796, 18.8853702545, 36.6892433167, 9.71691417694, 20.1991043091, 17.610912323, 11.8554592133, 8.21874809265, 6.55855703354, 6.06696939468, 4.37467288971, 2.80149698257, 1.51102340221, 0.800393283367, 0.294923573732, 0.120661616325, 0.0551904551685, 0.0252616163343, 0.0100004989654, 0.00478551536798, 0.00273793190718, 0.00165476009715, 0.000480475224322, 0.000135508264066, 2.87218244921e-05, 1.19064652608e-05, 2.59811695287e-05],
        "median": [0.00216808100231, 0.0829251259565, 0.724864006042, 2.03748250008, 4.78317451477, 5.21763515472, 9.06091403961, 31.2408618927, 20.0434741974, 11.0279922485, 15.5116586685, 13.3485431671, 14.34608078, 8.23833560944, 7.80963611603, 19.4089260101, 6.47598743439, 8.62724399567, 8.62053203583, 8.43926620483, 5.4337887764, 4.47521018982, 4.71390628815, 3.39588117599, 1.94215655327, 1.15637695789, 0.616696953773, 0.221104681492, 0.091588973999, 0.0430115312338, 0.0186009146273, 0.00805565807968, 0.00357708591036, 0.00172563223168, 0.000828697346151, 0.000299876468489, 9.7897464002e-05, 2.16828648263e-05, 9.45100146055e-06, 2.05052674573e-05],
        "min": [5.73318660417e-22, 5.00491041842e-21, 1.88125282816e-20, 9.08125082253e-21, 8.40449235813e-20, 1.37137420725e-19, 3.77491562733e-20, 3.91912745855e-19, 8.65523018884e-19, 6.7030891131e-19, 6.47141702002e-19, 1.50976633172e-18, 3.22234246039e-18, 2.38591851808e-18, 3.32086608199e-18, 5.11874459094e-18, 3.88377386257e-18, 3.65229109046e-18, 6.11036705491e-18, 9.13574747169e-18, 7.44088086634e-18, 8.98728674971e-18, 1.0804906958e-17, 8.48930995888e-18, 1.07216843165e-17, 9.46299418408e-18, 1.05578297633e-17, 1.66502788454e-17, 1.70894091803e-17, 1.85633937467e-17, 1.64218926239e-17, 1.43932057019e-17, 1.38587874691e-17, 9.19851807247e-18, 8.89957748063e-18, 5.01523741294e-18, 2.89636960613e-18, 1.15775527935e-18, 2.48371551321e-19, 3.3516883438e-20],
        "var": [0.000231627578614, 0.170920699835, 2.26165771484, 32.4194145203, 205.130493164, 256.262573242, 357.490905762, 8341.98339844, 8651.31542969, 4700.62451172, 6390.74072266, 2191.78710938, 1707.05334473, 185.787246704, 932.050170898, 2684.97119141, 156.129501343, 1150.80126953, 677.994873047, 164.062759399, 103.892097473, 50.8291130066, 37.8188209534, 18.7923946381, 9.58263397217, 2.05156254768, 0.539791882038, 0.0721640363336, 0.0143016623333, 0.00284187262878, 0.000674254610203, 8.3000617451e-05, 2.13698276639e-05, 1.38834766403e-05, 9.07501089387e-06, 4.12768741853e-07, 1.71287535267e-08, 7.52945317206e-10, 8.73036504201e-11, 4.3344872136e-10]
    },
    "gfcc": {
        "mean": [-104.755371094, 168.85534668, -151.422927856, 9.44451618195, -48.423084259, -23.3630332947, -32.0565643311, -11.081152916, -21.4258117676, -7.17819452286, -9.18964385986, -10.3003644943, -6.80325841904],
        "cov": [[24731.4414062, 3908.78613281, -2278.24047852, 145.455856323, -721.096862793, -751.124267578, -247.487182617, -349.139465332, -126.931648254, -155.950820923, 13.8122377396, -244.808334351, -42.7658004761], [3908.78613281, 1107.81005859, -317.933776855, 106.669937134, 30.598482132, -81.0594177246, 74.6208648682, -73.6348953247, 22.5158977509, -25.945098877, 84.560585022, -37.5953025818, 15.9415493011], [-2278.24047852, -317.933776855, 437.602935791, 39.865146637, 130.913619995, 71.2702560425, 74.3902816772, 42.3443145752, 53.4169044495, 38.8110542297, 43.5374755859, 39.5451850891, 5.18520689011], [145.455856323, 106.669937134, 39.865146637, 124.4972229, 79.082611084, 37.7084388733, 59.5283050537, 10.291926384, 23.1141834259, -9.58022975922, 27.2358016968, 7.7039141655, 8.53494262695], [-721.096862793, 30.598482132, 130.913619995, 79.082611084, 166.101959229, 92.236000061, 90.1143264771, 7.81754541397, 37.1161384583, 20.2385101318, 50.7129592896, 20.2307052612, 1.6773430109], [-751.124267578, -81.0594177246, 71.2702560425, 37.7084388733, 92.236000061, 128.279891968, 82.8499145508, 23.2036361694, 14.5700435638, 12.6463375092, 18.551530838, 17.2111701965, -1.20422768593], [-247.487182617, 74.6208648682, 74.3902816772, 59.5283050537, 90.1143264771, 82.8499145508, 136.4400177, 36.3674507141, 42.9423408508, 13.4384078979, 41.3545761108, 11.8439569473, 2.79874515533], [-349.139465332, -73.6348953247, 42.3443145752, 10.291926384, 7.81754541397, 23.2036361694, 36.3674507141, 90.9433059692, 44.0994606018, 5.86248683929, -16.8620662689, 0.405787229538, -6.83730220795], [-126.931648254, 22.5158977509, 53.4169044495, 23.1141834259, 37.1161384583, 14.5700435638, 42.9423408508, 44.0994606018, 91.9778366089, 40.0839881897, 19.9403362274, -0.634205579758, -1.09839212894], [-155.950820923, -25.945098877, 38.8110542297, -9.58022975922, 20.2385101318, 12.6463375092, 13.4384078979, 5.86248683929, 40.0839881897, 74.3188476562, 43.9893264771, 8.41018486023, -5.84031057358], [13.8122377396, 84.560585022, 43.5374755859, 27.2358016968, 50.7129592896, 18.551530838, 41.3545761108, -16.8620662689, 19.9403362274, 43.9893264771, 96.8193435669, 40.9320335388, 9.85442447662], [-244.808334351, -37.5953025818, 39.5451850891, 7.7039141655, 20.2307052612, 17.2111701965, 11.8439569473, 0.405787229538, -0.634205579758, 8.41018486023, 40.9320335388, 64.1763839722, 23.1325626373], [-42.7658004761, 15.9415493011, 5.18520689011, 8.53494262695, 1.6773430109, -1.20422768593, 2.79874515533, -6.83730220795, -1.09839212894, -5.84031057358, 9.85442447662, 23.1325626373, 41.5744476318]],
        "icov": [[0.000203428702662, -0.000599494145717, 0.000423723191489, -0.000584621971939, 0.000820669927634, 0.000230289049796, -8.3157523477e-05, 0.000226332937018, 2.13202401937e-05, -0.000517699401826, 0.000457725895103, -0.000525148236193, 0.000634225900285], [-0.000599494145717, 0.00436861440539, 0.00110238103662, 0.000973790767603, -0.00423231441528, 0.00277243484743, -0.00248360377736, 0.000624299398623, -0.00123764236923, 0.00345218880102, -0.00427277199924, 0.00376970390789, -0.00274075148627], [0.000423723191489, 0.00110238103662, 0.00638033729047, -0.00116133049596, -0.00314091471955, 0.00439483905211, -0.00285687088035, 0.000402686477173, -0.00101025321055, -0.000503626128193, -0.000722612079699, -0.000865752284881, 0.000523938389961], [-0.000584621971939, 0.000973790767603, -0.00116133049596, 0.016060905531, -0.0081981420517, -0.000527789525222, -0.000580288935453, -0.0023642918095, -0.00188681960572, 0.00739789009094, -0.00448384974152, 0.00326212006621, -0.00392429577187], [0.000820669927634, -0.00423231441528, -0.00314091471955, -0.0081981420517, 0.0237563382834, -0.0107405427843, 6.55267358525e-05, 0.00492480024695, -0.00348837906495, -0.00142857001629, -0.00031192266033, -0.00265202345327, 0.00533446902409], [0.000230289049796, 0.00277243484743, 0.00439483905211, -0.000527789525222, -0.0107405427843, 0.0248058382422, -0.0136099075899, 0.000216509972233, 0.00488268071786, -0.00495495647192, 0.00525167770684, -0.00400195317343, 0.0012525562197], [-8.3157523477e-05, -0.00248360377736, -0.00285687088035, -0.000580288935453, 6.55267358525e-05, -0.0136099075899, 0.0232253819704, -0.00717129884288, -0.00339626893401, 0.00520027289167, -0.00846902560443, 0.00478606158867, -0.00181233754847], [0.000226332937018, 0.000624299398623, 0.000402686477173, -0.0023642918095, 0.00492480024695, 0.000216509972233, -0.00717129884288, 0.022081412375, -0.0107084047049, 0.00029592672945, 0.00858724769205, -0.00691851926968, 0.0059231845662], [2.13202401937e-05, -0.00123764236923, -0.00101025321055, -0.00188681960572, -0.00348837906495, 0.00488268071786, -0.00339626893401, -0.0107084047049, 0.0252407994121, -0.0147799868137, 0.00364537560381, 0.00182308687363, -0.00352830719203], [-0.000517699401826, 0.00345218880102, -0.000503626128193, 0.00739789009094, -0.00142857001629, -0.00495495647192, 0.00520027289167, 0.00029592672945, -0.0147799868137, 0.0352432243526, -0.0223148595542, 0.00942961871624, 0.000903491803911], [0.000457725895103, -0.00427277199924, -0.000722612079699, -0.00448384974152, -0.00031192266033, 0.00525167770684, -0.00846902560443, 0.00858724769205, 0.00364537560381, -0.0223148595542, 0.038497518748, -0.0233695618808, 0.00610651215538], [-0.000525148236193, 0.00376970390789, -0.000865752284881, 0.00326212006621, -0.00265202345327, -0.00400195317343, 0.00478606158867, -0.00691851926968, 0.00182308687363, 0.00942961871624, -0.0233695618808, 0.0370790883899, -0.0177354738116], [0.000634225900285, -0.00274075148627, 0.000523938389961, -0.00392429577187, 0.00533446902409, 0.0012525562197, -0.00181233754847, 0.0059231845662, -0.00352830719203, 0.000903491803911, 0.00610651215538, -0.0177354738116, 0.0358685553074]]
    },
    "melbands": {
        "dmean": [3.53790928784e-05, 0.000122762998217, 0.000310148549033, 0.000229744429816, 0.000172262545675, 0.000423517340096, 0.000245051429374, 0.000147065657075, 0.000123854566482, 8.91774470801e-05, 6.50634829071e-05, 2.23551123781e-05, 2.40453773586e-05, 5.14649509569e-05, 2.75556649285e-05, 1.35591544677e-05, 2.40314293478e-05, 1.64758403116e-05, 1.02142621472e-05, 1.09545289888e-05, 5.1177835303e-06, 5.28860664417e-06, 2.50081529884e-06, 2.97734823107e-06, 2.04149023375e-06, 1.20666618386e-06, 6.15172154994e-07, 5.44167505723e-07, 2.75772492841e-07, 1.61775020047e-07, 5.00905024126e-08, 3.22060600411e-08, 2.37900259492e-08, 9.42269018367e-09, 6.57203935717e-09, 3.15604764545e-09, 1.48554202273e-09, 1.08829822931e-09, 8.51970272109e-10, 7.62768570528e-10],
        "dmean2": [4.78399197164e-05, 0.000155392088345, 0.000466428668005, 0.000331649323925, 0.000245864212047, 0.000411158485804, 0.00026030652225, 0.000173875145265, 0.000149542509462, 0.000114173082693, 8.53660385474e-05, 3.18266465911e-05, 3.53318755515e-05, 7.44998542359e-05, 4.05267892347e-05, 2.26303582167e-05, 3.66307176591e-05, 2.6739855457e-05, 1.7095471776e-05, 1.88095127669e-05, 8.72272630659e-06, 9.02262581803e-06, 4.13121506426e-06, 4.9949003369e-06, 3.49186598214e-06, 1.99854525817e-06, 1.04666321477e-06, 9.13958729143e-07, 4.65512158598e-07, 2.77803593463e-07, 8.69645901957e-08, 5.5777469754e-08, 4.16201331177e-08, 1.60290145601e-08, 1.07505879754e-08, 5.36766187054e-09, 2.50057374807e-09, 1.79082793039e-09, 1.4034596818e-09, 1.09929798597e-09],
        "dvar": [4.22929558042e-09, 3.21566808736e-08, 3.23930578361e-07, 9.36759363412e-08, 8.45502299285e-08, 3.17066451316e-07, 2.03805043952e-07, 1.46553034597e-07, 6.8278907861e-08, 2.55880170386e-08, 1.32960868982e-08, 1.15980325344e-09, 1.9020953701e-09, 6.57423537831e-09, 2.14676942889e-09, 1.18050313969e-09, 2.34266517296e-09, 8.31294755255e-10, 2.14076312233e-10, 4.40683128877e-10, 6.24379714598e-11, 6.30691332493e-11, 1.13155830192e-11, 4.09227547682e-11, 8.5683647677e-12, 3.16546485205e-12, 7.02005890484e-13, 7.25255250821e-13, 1.86814959661e-13, 5.46027456648e-14, 4.58954934536e-15, 2.53553849398e-15, 1.94676949223e-15, 2.01889178012e-16, 1.036016321e-16, 1.74810428044e-17, 4.19413823225e-18, 1.93856580112e-18, 2.18314160156e-18, 2.81284525057e-18],
        "dvar2": [6.43456088412e-09, 6.16795858832e-08, 7.81653852755e-07, 1.96363245664e-07, 1.93849203356e-07, 3.4198535559e-07, 2.29992522804e-07, 1.75804871105e-07, 8.90509426199e-08, 3.92885759481e-08, 2.12216786366e-08, 2.28290897297e-09, 3.95849930612e-09, 1.39704336988e-08, 4.6407748755e-09, 2.7434146066e-09, 4.73413974689e-09, 2.10327422145e-09, 5.27609345102e-10, 1.26736010575e-09, 1.65781263717e-10, 1.91887492007e-10, 2.9080429037e-11, 1.10260418851e-10, 2.4840436999e-11, 8.5814289702e-12, 1.94824798655e-12, 2.18438179871e-12, 5.9250992784e-13, 1.49350068987e-13, 1.26258722647e-14, 8.37451734071e-15, 5.5317841372e-15, 5.43007411496e-16, 2.80171182139e-16, 4.92575963172e-17, 1.17035716919e-17, 5.15035116215e-18, 4.97885428729e-18, 4.12949530815e-18],
        "max": [0.00214812811464, 0.00446215039119, 0.012763781473, 0.00520302681252, 0.00458490522578, 0.00980635732412, 0.00905079580843, 0.0103879841045, 0.00470927963033, 0.00226684194058, 0.00165975524578, 0.000447243015515, 0.000689687556587, 0.00107590213884, 0.000584987981711, 0.000518457964063, 0.000671077519655, 0.000320448772982, 0.000176884510438, 0.000268346280791, 9.63256534305e-05, 7.97476095613e-05, 3.01159561786e-05, 9.51730980887e-05, 2.8426073186e-05, 2.09932532016e-05, 1.09623260869e-05, 1.0555134395e-05, 6.66674259264e-06, 2.51139499596e-06, 8.29021814752e-07, 6.24796598458e-07, 4.91836203764e-07, 1.92524296949e-07, 1.77067136065e-07, 4.76457806542e-08, 3.43170007966e-08, 2.61159325277e-08, 3.03350837783e-08, 3.41994876862e-08],
        "mean": [0.00013845039939, 0.000533813727088, 0.00095056660939, 0.000728646875359, 0.0005459865788, 0.00152490870096, 0.000774161657318, 0.000370134279365, 0.000319199694786, 0.000193493964616, 0.000136988601298, 4.58480171801e-05, 4.71623607154e-05, 9.16567441891e-05, 4.55799890915e-05, 2.01669154194e-05, 4.17499795731e-05, 2.77786803053e-05, 1.68028764165e-05, 1.60508880072e-05, 8.82769290911e-06, 8.52469474921e-06, 4.5026386033e-06, 5.34599348612e-06, 3.38809400091e-06, 2.05113883567e-06, 1.23362599425e-06, 1.00641807421e-06, 5.74453338231e-07, 3.3228766938e-07, 1.1828933566e-07, 6.97786433079e-08, 4.82885909037e-08, 2.35528379022e-08, 1.57650799082e-08, 8.73810801494e-09, 4.78387995884e-09, 3.36724870209e-09, 2.70199507213e-09, 2.19366724785e-09],
        "median": [3.16003861371e-05, 0.00028894256684, 0.000526341085788, 0.000426274724305, 0.000334802578436, 0.000720088894013, 0.000272662000498, 0.000109150525532, 0.000105272920337, 6.97168143233e-05, 6.69370565447e-05, 2.87925759039e-05, 1.97901499632e-05, 6.03288790444e-05, 2.24864197662e-05, 8.41905603011e-06, 1.18325551739e-05, 1.30939924929e-05, 1.07847117761e-05, 9.49859622779e-06, 5.80887035539e-06, 4.6371683311e-06, 2.90187631435e-06, 3.0603025607e-06, 2.23730648941e-06, 1.28128692722e-06, 9.10537721666e-07, 7.15807743745e-07, 4.2112628762e-07, 2.13627458834e-07, 8.91140672366e-08, 5.09900814905e-08, 3.28111582348e-08, 1.7802641139e-08, 1.08318758407e-08, 6.77040734587e-09, 3.76595288287e-09, 2.48897147337e-09, 1.82709691821e-09, 1.22807641834e-09],
        "min": [5.01766180591e-24, 9.4753656866e-24, 2.52580166761e-24, 1.06725425741e-23, 1.44787067088e-24, 8.96060318037e-24, 1.23710973648e-23, 6.53824247668e-24, 4.75438184537e-24, 9.5724831415e-24, 1.61881057732e-23, 9.76123231257e-24, 7.27043082561e-24, 2.02810869141e-23, 7.87297067363e-24, 7.69048426928e-24, 6.16875698918e-24, 1.09058047995e-23, 9.04433287685e-24, 1.45122354667e-23, 6.87635851585e-24, 8.4652750514e-24, 1.12001643019e-23, 9.78303485027e-24, 6.30495855763e-24, 6.257620198e-24, 1.0138462442e-23, 5.27211835722e-24, 5.04802782316e-24, 8.89945304958e-24, 9.7542461604e-24, 1.01196086664e-23, 7.68554915546e-24, 1.15698836867e-23, 8.47074659064e-24, 9.64410697853e-24, 8.02208273965e-24, 8.85708964125e-24, 1.08454064531e-23, 6.68626197035e-24],
