{
"metadata": {
    "version": {
        "essentia": "2.0.1",
        "extractor": "archive-music 1.0"
    },
    "audio_properties": {
        "analysis_sample_rate": 44100,
        "bitrate": 128,
        "channels": 2,
        "equal_loudness": 0,
        "length": 14.1844902039,
        "replay_gain": 11.497297287,
        "downmix": "mix"
    },
    "tags": {
        "track": 0,
        "year": 0,
        "album": "",
        "artist": "",
        "comment": "",
        "genre": "",
        "title": ""
    }
},
"highlevel": {
    "culture": {
        "all": {
            "non_western": 1.13248956879e-08,
            "western": 1
        },
        "probability": 1,
        "value": "western"
    },
    "danceability": {
        "all": {
            "danceable": 0.608220994473,
            "not_danceable": 0.39177903533
        },
        "probability": 0.608220994473,
        "value": "danceable"
    },
    "gender": {
        "all": {
            "female": 0.742518723011,
            "male": 0.257481247187
        },
        "probability": 0.742518723011,
        "value": "female"
    },
    "genre_dortmund": {
        "all": {
            "alternative": 0.125649899244,
            "blues": 0.00282947649248,
            "electronic": 0.0159738920629,
            "folkcountry": 0.172701835632,
            "funksoulrnb": 0.0348507761955,
            "jazz": 0.569093942642,
            "pop": 0.0644185245037,
            "raphiphop": 0.00138250866439,
            "rock": 0.013099161908
        },
        "probability": 0.569093942642,
        "value": "jazz"
    },
    "genre_electronic": {
        "all": {
            "ambient": 0.971551001072,
            "dnb": 0.0100296298042,
            "house": 0.00619028089568,
            "techno": 0.00114466785453,
            "trance": 0.0110844457522
        },
        "probability": 0.971551001072,
        "value": "ambient"
    },
    "genre_rosamerica": {
        "all": {
            "cla": 0.188461750746,
            "dan": 0.00689142756164,
            "hip": 0.00486162863672,
            "jaz": 0.206622645259,
            "pop": 0.472124963999,
            "rhy": 0.0788292810321,
            "roc": 0.0221366733313,
            "spe": 0.020071612671
        },
        "probability": 0.472124963999,
        "value": "pop"
    },
    "genre_tzanetakis": {
        "all": {
            "blu": 0.00925874616951,
            "cla": 0.0204915460199,
            "cou": 0.133278921247,
            "dis": 0.00667583709583,
            "hip": 0.00830990355462,
            "jaz": 0.480376392603,
            "met": 0.00313338008709,
            "pop": 0.0421393811703,
            "reg": 0.0264159888029,
            "roc": 0.269919902086
        },
        "probability": 0.480376392603,
        "value": "jaz"
    },
    "mirex_ballroom": {
        "all": {
            "ChaChaCha": 0.00525346724316,
            "Jive": 0.00877129472792,
            "Quickstep": 0.0497997924685,
            "Rumba-American": 0.0103837121278,
            "Rumba-International": 0.50126260519,
            "Rumba-Misc": 0.0808365419507,
            "Samba": 0.0146294469014,
            "Tango": 0.00414272816852,
            "VienneseWaltz": 0.101318508387,
            "Waltz": 0.223601922393
        },
        "probability": 0.50126260519,
        "value": "Rumba-International"
    },
    "mood_acoustic": {
        "all": {
            "acoustic": 0.93706882,
            "not_acoustic": 0.0629311725497
        },
        "probability": 0.93706882,
        "value": "acoustic"
    },
    "mood_aggressive": {
        "all": {
            "aggressive": 1.25078668134e-05,
            "not_aggressive": 0.999987483025
        },
        "probability": 0.999987483025,
        "value": "not_aggressive"
    },
    "mood_electronic": {
        "all": {
            "electronic": 0.216921553016,
            "not_electronic": 0.783078432083
        },
        "probability": 0.783078432083,
        "value": "not_electronic"
    },
    "mood_happy": {
        "all": {
            "happy": 0.882080972195,
            "not_happy": 0.117919005454
        },
        "probability": 0.882080972195,
        "value": "happy"
    },
    "mood_party": {
        "all": {
            "not_party": 0.993638336658,
            "party": 0.00636169314384
        },
        "probability": 0.993638336658,
        "value": "not_party"
    },
    "mood_relaxed": {
        "all": {
            "not_relaxed": 0.00415712827817,
            "relaxed": 0.99584287405
        },
        "probability": 0.99584287405,
        "value": "relaxed"
    },
    "mood_sad": {
        "all": {
            "not_sad": 0.0329777002335,
            "sad": 0.967022299767
        },
        "probability": 0.967022299767,
        "value": "sad"
    },
    "moods_mirex": {
        "all": {
            "Cluster1": 0.0413206405938,
            "Cluster2": 0.436464250088,
            "Cluster3": 0.464993804693,
            "Cluster4": 0.0345085188746,
            "Cluster5": 0.0227127633989
        },
        "probability": 0.464993804693,
        "value": "Cluster3"
    },
    "timbre": {
        "all": {
            "bright": 0.967759013176,
            "dark": 0.0322409793735
        },
        "probability": 0.967759013176,
        "value": "bright"
    },
    "tonal_atonal": {
        "all": {
            "atonal": 0.506513416767,
            "tonal": 0.493486583233
        },
        "probability": 0.506513416767,
        "value": "atonal"
    },
    "voice_instrumental": {
        "all": {
            "instrumental": 0.706268966198,
            "voice": 0.293731063604
        },
        "probability": 0.706268966198,
        "value": "instrumental"
    }
},
"lowlevel": {
    "average_loudness": 0.970082163811,
    "barkbands_kurtosis": {
        "dmean": 1.64817214012,
        "dmean2": 2.55717039108,
        "dvar": 2.93958187103,
        "dvar2": 7.88896560669,
        "max": 19.5842170715,
        "mean": 4.73749685287,
        "median": 4.02705097198,
        "min": -1.65306282043,
        "var": 11.5570726395
    },
    "barkbands_skewness": {
        "dmean": 0.272374510765,
        "dmean2": 0.41050991416,
        "dvar": 0.0713351815939,
        "dvar2": 0.155977219343,
        "max": 3.42987704277,
        "mean": 1.28301548958,
        "median": 1.23595547676,
        "min": -2.02538776398,
        "var": 0.483739227057
    },
    "barkbands_spread": {
        "dmean": 2.31807279587,
        "dmean2": 3.48542523384,
        "dvar": 14.1714677811,
        "dvar2": 29.5710582733,
        "max": 79.3139724731,
        "mean": 11.8555965424,
        "median": 10.8895587921,
        "min": 2.46075510979,
        "var": 37.3827285767
    },
    "dissonance": {
        "dmean": 0.0338751040399,
        "dmean2": 0.0598783902824,
        "dvar": 0.00082793814363,
        "dvar2": 0.00222294963896,
        "max": 0.499241411686,
        "mean": 0.409685671329,
        "median": 0.411904633045,
        "min": 0.245060577989,
        "var": 0.00178936880548
    },
    "dynamic_complexity": 2.61941480637,
    "erbbands_kurtosis": {
        "dmean": 1.59325873852,
        "dmean2": 2.3006746769,
        "dvar": 5.84819602966,
        "dvar2": 11.944817543,
        "max": 43.3828697205,
        "mean": 4.50702667236,
        "median": 3.40356278419,
        "min": -1.2041490078,
        "var": 18.8555107117
    },
    "erbbands_skewness": {
        "dmean": 0.307955414057,
        "dmean2": 0.439093768597,
        "dvar": 0.0791634246707,
        "dvar2": 0.156461119652,
        "max": 4.92171239853,
        "mean": 1.39378857613,
        "median": 1.35153830051,
        "min": -0.765928268433,
        "var": 0.518420815468
    },
    "erbbands_spread": {
        "dmean": 3.94337129593,
        "dmean2": 5.91735696793,
        "dvar": 33.1816825867,
        "dvar2": 75.5365447998,
        "max": 82.9136886597,
        "mean": 21.6305084229,
        "median": 20.0988407135,
        "min": 3.07336902618,
        "var": 94.5976791382
    },
    "hfc": {
        "dmean": 3.26779603958,
        "dmean2": 4.47752904892,
        "dvar": 18.0067958832,
        "dvar2": 35.1576843262,
        "max": 70.6863021851,
        "mean": 18.7446632385,
        "median": 16.8278312683,
        "min": 1.07501279145e-16,
        "var": 141.091033936
    },
    "melbands_kurtosis": {
        "dmean": 2.2293446064,
        "dmean2": 3.54806566238,
        "dvar": 7.31832504272,
        "dvar2": 18.3222007751,
        "max": 35.4839439392,
        "mean": 6.76821088791,
        "median": 4.98709487915,
        "min": -1.26358413696,
        "var": 31.9780979156
    },
    "melbands_skewness": {
        "dmean": 0.300726890564,
        "dmean2": 0.451291590929,
        "dvar": 0.0938109531999,
        "dvar2": 0.209027677774,
        "max": 4.30428552628,
        "mean": 1.51372218132,
        "median": 1.48274326324,
        "min": -0.507787227631,
        "var": 0.601909279823
    },
    "melbands_spread": {
        "dmean": 2.35599851608,
        "dmean2": 3.66500353813,
        "dvar": 36.2109718323,
        "dvar2": 61.215171814,
        "max": 143.268203735,
        "mean": 14.393787384,
        "median": 12.6688365936,
        "min": 3.41593265533,
        "var": 167.291168213
    },
    "pitch_salience": {
        "dmean": 0.0446397177875,
        "dmean2": 0.0709862560034,
        "dvar": 0.00142174435314,
        "dvar2": 0.003566383617,
        "max": 0.870477259159,
        "mean": 0.568561732769,
        "median": 0.572448730469,
        "min": 0.25222119689,
        "var": 0.00827541854233
    },
    "silence_rate_20dB": {
        "dmean": 0,
        "dmean2": 0,
        "dvar": 0,
        "dvar2": 0,
        "max": 1,
        "mean": 1,
        "median": 1,
        "min": 1,
        "var": 0
    },
    "silence_rate_30dB": {
        "dmean": 0.0032733224798,
        "dmean2": 0.00655737705529,
        "dvar": 0.00326261087321,
        "dvar2": 0.00651436066255,
        "max": 1,
        "mean": 0.996731996536,
        "median": 1,
        "min": 0,
        "var": 0.00325730419718
    },
    "silence_rate_60dB": {
        "dmean": 0.0032733224798,
        "dmean2": 0.00655737705529,
        "dvar": 0.00326262158342,
        "dvar2": 0.00651440816,
        "max": 1,
        "mean": 0.0637254938483,
        "median": 0,
        "min": 0,
        "var": 0.0596643649042
    },
    "spectral_centroid": {
        "dmean": 77.9260406494,
        "dmean2": 127.389793396,
        "dvar": 114903.25,
        "dvar2": 238619.640625,
        "max": 11470.3417969,
        "mean": 705.658935547,
        "median": 636.133056641,
        "min": 411.442352295,
        "var": 434956.46875
    },
    "spectral_complexity": {
        "dmean": 1.09656298161,
        "dmean2": 1.88524591923,
        "dvar": 1.05614590645,
        "dvar2": 2.65568876266,
        "max": 18,
        "mean": 12.142156601,
        "median": 13,
        "min": 0,
        "var": 10.2232637405
    },
    "spectral_crest": {
        "dmean": 1.64657878876,
        "dmean2": 2.64059376717,
        "dvar": 2.80467319489,
        "dvar2": 7.35160160065,
        "max": 22.9088993073,
        "mean": 9.29256820679,
        "median": 8.36415481567,
        "min": 4.05605792999,
        "var": 12.2310256958
    },
    "spectral_decrease": {
        "dmean": 1.39475597738e-09,
        "dmean2": 2.09503703275e-09,
        "dvar": 2.86643724849e-18,
        "dvar2": 7.1409848809e-18,
        "max": 7.91729216761e-29,
        "mean": -8.85340600831e-09,
        "median": -8.77484929163e-09,
        "min": -2.94462960682e-08,
        "var": 2.28235939313e-17
    },
    "spectral_energy": {
        "dmean": 0.00551890488714,
        "dmean2": 0.00823877099901,
        "dvar": 4.4674055971e-05,
        "dvar2": 0.000109937420348,
        "max": 0.117548711598,
        "mean": 0.0351149737835,
        "median": 0.0345529913902,
        "min": 1.0408960524e-20,
        "var": 0.00036181716132
    },
    "spectral_energyband_high": {
        "dmean": 0.000159551360412,
        "dmean2": 0.000241220535827,
        "dvar": 1.64702726124e-07,
        "dvar2": 4.01380702897e-07,
        "max": 0.00563124613836,
        "mean": 0.000411102722865,
        "median": 0.000227622702369,
        "min": 7.28793860259e-21,
        "var": 2.86945152084e-07
    },
    "spectral_energyband_low": {
        "dmean": 0.00102424505167,
        "dmean2": 0.00148940330837,
        "dvar": 1.06713969217e-06,
        "dvar2": 2.23355073103e-06,
        "max": 0.0231899097562,
        "mean": 0.00640700338408,
        "median": 0.00548938848078,
        "min": 6.81593745031e-23,
        "var": 2.16970638576e-05
    },
    "spectral_energyband_middle_high": {
        "dmean": 0.000791123253293,
        "dmean2": 0.00108399114106,
        "dvar": 8.94331265044e-07,
        "dvar2": 1.56687133313e-06,
        "max": 0.0135417990386,
        "mean": 0.00330077344552,
        "median": 0.00248975795694,
        "min": 1.31987420485e-21,
        "var": 6.81446681483e-06
    },
    "spectral_energyband_middle_low": {
        "dmean": 0.00522600812837,
        "dmean2": 0.00788827985525,
        "dvar": 4.32550586993e-05,
        "dvar2": 0.00010718566773,
        "max": 0.107272319496,
        "mean": 0.0254463143647,
        "median": 0.023723822087,
        "min": 2.46185035485e-22,
        "var": 0.000270279066171
    },
    "spectral_flatness_db": {
        "dmean": 0.0105800135061,
        "dmean2": 0.016575878486,
        "dvar": 0.000101176221506,
        "dvar2": 0.000273580837529,
        "max": 0.268519252539,
        "mean": 0.164539411664,
        "median": 0.165988773108,
        "min": 0.0422150827944,
        "var": 0.000634961586911
    },
    "spectral_flux": {
        "dmean": 0.0108534805477,
        "dmean2": 0.0173761341721,
        "dvar": 0.000141143085784,
        "dvar2": 0.000331023446051,
        "max": 0.178127422929,
        "mean": 0.0495233424008,
        "median": 0.0455984920263,
        "min": 7.08088032653e-11,
        "var": 0.000557661056519
    },
    "spectral_kurtosis": {
        "dmean": 1.82622826099,
        "dmean2": 3.08694148064,
        "dvar": 2.42456531525,
        "dvar2": 6.76123523712,
        "max": 16.1527748108,
        "mean": 6.966173172,
        "median": 6.54915428162,
        "min": -1.19960844517,
        "var": 8.8976020813
    },
    "spectral_rms": {
        "dmean": 0.000435938563896,
        "dmean2": 0.000645540363621,
        "dvar": 2.04469628784e-07,
        "dvar2": 5.55226847609e-07,
        "max": 0.0107089532539,
        "mean": 0.0055429614149,
        "median": 0.00580604933202,
        "min": 3.18670415576e-12,
        "var": 3.53407767761e-06
    },
    "spectral_rolloff": {
        "dmean": 149.005279541,
        "dmean2": 238.559448242,
        "dvar": 601884.8125,
        "dvar2": 777012.0625,
        "max": 19186.0839844,
        "mean": 989.577941895,
        "median": 710.595703125,
        "min": 387.59765625,
        "var": 3476795.25
    },
    "spectral_skewness": {
        "dmean": 0.203150302172,
        "dmean2": 0.339274019003,
        "dvar": 0.0298918709159,
        "dvar2": 0.0751948729157,
        "max": 3.3421049118,
        "mean": 2.21603322029,
        "median": 2.19325113297,
        "min": -0.0490252450109,
        "var": 0.160577192903
    },
    "spectral_spread": {
        "dmean": 372929.53125,
        "dmean2": 605626,
        "dvar": 1.6197615616e+12,
        "dvar2": 3.13564882534e+12,
        "max": 40733648,
        "mean": 4165843.25,
        "median": 3866033,
        "min": 2271073.25,
        "var": 5.40604209562e+12
    },
    "spectral_strongpeak": {
        "dmean": 0.501611292362,
        "dmean2": 0.855612814426,
        "dvar": 0.456553459167,
        "dvar2": 0.958603382111,
        "max": 6.98915243149,
        "mean": 1.64860224724,
        "median": 1.3725194931,
        "min": 0,
        "var": 1.89505660534
    },
    "zerocrossingrate": {
        "dmean": 0.00650189258158,
        "dmean2": 0.00852491054684,
        "dvar": 0.000636053329799,
        "dvar2": 0.00117459823377,
        "max": 0.525390625,
        "mean": 0.0426137074828,
        "median": 0.0361328125,
        "min": 0.0166015625,
        "var": 0.00158968719188
    },
    "barkbands": {
        "dmean": [0.00051935587544, 0.000521725858562, 0.000544272130355, 0.000312843563734, 0.000960880133789, 0.00293803028762, 0.000611628347542, 0.00197329558432, 0.00119700399227, 7.29642633814e-05, 0.000103778023913, 0.000507425807882, 0.000293014105409, 1.01267278296e-05, 7.28200575395e-06, 1.5821577108e-05, 8.63371315063e-06, 1.63830500242e-05, 1.6433208657e-05, 1.81669565791e-05, 2.17499418795e-05, 5.65193367947e-05, 6.84539845679e-05, 3.44898180629e-05, 5.84900317335e-06, 2.72281727121e-06, 1.79878804829e-06],
        "dmean2": [0.000848203897476, 0.00079245789675, 0.000722076976672, 0.000419397198129, 0.0012082682224, 0.00563555490226, 0.000803137663752, 0.00231541926041, 0.00164866249543, 9.49420646066e-05, 0.000148983861436, 0.000696014554705, 0.000434690271504, 1.44420728247e-05, 1.13969817903e-05, 2.52987119893e-05, 1.47448472489e-05, 2.66540519078e-05, 2.35488769249e-05, 2.76128102996e-05, 3.1715590012e-05, 9.54788702074e-05, 0.000102564299596, 5.13188788318e-05, 8.58323892317e-06, 3.98949623559e-06, 2.74202488981e-06],
        "dvar": [2.69690247023e-07, 3.34621319098e-07, 3.43629437793e-07, 1.34826990461e-07, 1.07906043922e-06, 2.13601524592e-05, 7.82560505286e-07, 2.04959542316e-05, 1.06815869003e-05, 7.17275057127e-08, 2.0366559994e-08, 4.45816823458e-07, 1.69435466546e-07, 1.64194394192e-10, 5.2518371596e-11, 5.15450293559e-10, 3.16855680582e-10, 4.65733951405e-10, 1.02435893101e-09, 1.93513316482e-09, 1.09833191431e-08, 9.87999442259e-08, 5.0233538218e-08, 7.48010986484e-09, 2.09900347103e-10, 3.27905341768e-11, 2.52129376405e-11],
        "dvar2": [6.70364045163e-07, 8.52046241562e-07, 5.84542476645e-07, 2.33287948959e-07, 1.55157431436e-06, 7.89229961811e-05, 1.31991532726e-06, 2.26001175179e-05, 2.1644635126e-05, 1.31966672257e-07, 3.89549654756e-08, 8.01551720997e-07, 3.76373748168e-07, 2.95647090143e-10, 1.21710252987e-10, 1.36111610871e-09, 9.0729623814e-10, 9.6969110519e-10, 1.66053659711e-09, 3.24844151578e-09, 2.38415882592e-08, 2.60371109562e-07, 1.13075564911e-07, 1.56111479299e-08, 4.55056825555e-10, 5.56153803566e-11, 4.7001295217e-11],
        "max": [0.00432498659939, 0.00971850659698, 0.0124576371163, 0.00686678476632, 0.023783929646, 0.0380745865405, 0.0153681105003, 0.0901535600424, 0.0802610442042, 0.00793599337339, 0.00285550253466, 0.00862962659448, 0.00511222053319, 0.000197871690034, 9.02177198441e-05, 0.000380163022783, 0.000301653315546, 0.000370607012883, 0.0010954689933, 0.001133157406, 0.0029582134448, 0.00532757537439, 0.00297365523875, 0.0012598016765, 0.000324137916323, 0.000114325164759, 8.31103388919e-05],
        "mean": [0.000930028734729, 0.00213768426329, 0.00291093531996, 0.00153148069512, 0.00572785362601, 0.00480553228408, 0.00198955950327, 0.00568618206307, 0.00566920218989, 0.000187331170309, 0.00021127553191, 0.00175634457264, 0.000961850280873, 2.16868484131e-05, 1.6839514501e-05, 3.97447402065e-05, 1.54194967763e-05, 3.8634188968e-05, 5.85250527365e-05, 5.76814163651e-05, 6.10194947512e-05, 8.16208848846e-05, 0.000109783148218, 8.20727873361e-05, 1.54233111971e-05, 7.81181915954e-06, 3.47699665326e-06],
        "median": [0.000778638408519, 0.0012946302304, 0.00246527558193, 0.000919583602808, 0.00517291296273, 0.00246864743531, 0.00127018988132, 0.00192366819829, 0.00219632918015, 6.19759666733e-05, 0.000135183057864, 0.00111327390186, 0.000667070271447, 1.54539411596e-05, 1.49173465616e-05, 2.20159017772e-05, 9.1533329396e-06, 2.71905300906e-05, 3.75843483198e-05, 3.43230130966e-05, 3.34255200869e-05, 3.27917950926e-05, 2.30565528909e-05, 3.78935073968e-05, 7.58462374506e-06, 3.0156872981e-06, 1.73724833985e-06],
        "min": [9.86287309591e-24, 8.02906731411e-24, 2.43349744752e-24, 1.59328224957e-23, 2.20531588081e-23, 2.83355997256e-23, 2.54525623971e-23, 3.85544470939e-23, 4.57971747022e-23, 2.13067543968e-23, 7.12823801635e-23, 7.03492081998e-23, 3.63053163007e-23, 9.42835888521e-23, 1.37131944693e-22, 1.19674717917e-22, 1.5374403007e-22, 1.40745950002e-22, 1.46792057659e-22, 4.10846837375e-22, 3.80674813638e-22, 5.33760100676e-22, 5.23719580049e-22, 5.40610846456e-22, 1.395130374e-21, 1.4082028973e-21, 1.94518306508e-21],
        "var": [5.18822844242e-07, 4.46162994194e-06, 5.25673931406e-06, 2.67085101768e-06, 1.96290438907e-05, 3.73478360416e-05, 4.88528712594e-06, 0.000115594419185, 7.42973861634e-05, 4.43389865268e-07, 7.63787255664e-08, 3.40029487234e-06, 9.21453818137e-07, 5.70758273977e-10, 1.38749206569e-10, 2.35921304714e-09, 4.88572737822e-10, 1.80849213383e-09, 7.8010451432e-09, 9.68850866201e-09, 2.59689425519e-08, 8.85599433786e-08, 8.15562941625e-08, 1.95547382731e-08, 6.3995986288e-10, 1.76773901073e-10, 5.49753575996e-11]
    },
    "erbbands": {
        "dmean": [0.0134877534583, 0.14023116231, 0.566341519356, 0.795621991158, 1.96273434162, 3.90289402008, 6.55327892303, 35.5976753235, 9.85647201538, 16.134519577, 39.0176544189, 31.4877891541, 7.70496845245, 4.26153326035, 7.15157651901, 17.5664157867, 14.6067123413, 1.61242032051, 0.407893449068, 0.462953150272, 0.763758420944, 0.325223445892, 1.13981199265, 0.644476175308, 0.732913315296, 1.09625077248, 0.618245065212, 0.899594247341, 1.41839003563, 2.64605879784, 1.85403347015, 0.943907320499, 0.24006088078, 0.0818587094545, 0.0368265658617, 0.015202970244, 0.004430051893, 0.00274564838037, 0.000136070753797, 7.54002940084e-06],
        "dmean2": [0.0239212214947, 0.203097552061, 0.76277422905, 1.13711833954, 2.36624264717, 5.13935375214, 10.6674213409, 68.4214706421, 14.5113363266, 20.5127410889, 44.8052864075, 42.9065704346, 10.8827762604, 5.77495718002, 10.0281515121, 24.0529556274, 20.2626609802, 2.4668879509, 0.602206945419, 0.734774053097, 1.22623538971, 0.538557171822, 1.86833333969, 1.0045106411, 0.992869019508, 1.65264904499, 0.937506914139, 1.33311867714, 2.33444070816, 4.26973867416, 2.73271822929, 1.39092111588, 0.372417718172, 0.117622487247, 0.0560117997229, 0.0230722930282, 0.00615744711831, 0.00400121090934, 0.000204078954994, 1.07747646325e-05],
        "dvar": [0.000203180112294, 0.0236765872687, 0.368039429188, 0.713663578033, 4.71999549866, 20.4434356689, 100.598487854, 2956.10839844, 200.595626831, 759.492126465, 7955.15625, 8254.93945312, 367.972137451, 110.234672546, 79.7257156372, 632.715332031, 394.035369873, 6.11826515198, 0.281597703695, 0.258009254932, 0.954190254211, 0.36077979207, 1.71457839012, 1.32727777958, 4.72039890289, 7.74428749084, 2.5082154274, 20.5728034973, 33.1486549377, 136.869598389, 28.8680381775, 6.67160511017, 0.203450039029, 0.0305669791996, 0.0257744099945, 0.00108585332055, 0.000111196000944, 5.04394483869e-05, 1.84061988762e-07, 9.22998344421e-11],
        "dvar2": [0.000574512116145, 0.0587346553802, 0.650883972645, 1.55928516388, 6.62072849274, 32.5292205811, 317.739501953, 11091.8134766, 455.78817749, 1074.25610352, 8436.6875, 16964.8613281, 780.874328613, 197.616470337, 162.211196899, 1096.90844727, 753.734558105, 13.0853118896, 0.457532078028, 0.69568169117, 2.49341011047, 0.989512681961, 4.20743131638, 2.63282823563, 7.15880680084, 13.6431035995, 5.21838760376, 45.1721496582, 71.4117507935, 364.762542725, 62.4858932495, 13.0126543045, 0.491947799921, 0.0643199458718, 0.0598073489964, 0.00202713115141, 0.000172079715412, 9.1913563665e-05, 3.43723286278e-07, 1.93471544341e-10],
        "max": [0.118242099881, 2.84749531746, 11.1948442459, 23.5909748077, 63.174533844, 99.142616272, 127.363288879, 387.092559814, 240.964691162, 532.764770508, 1785.64379883, 2247.24658203, 420.655609131, 319.561798096, 159.931808472, 333.092132568, 266.198822021, 31.4368667603, 9.46539783478, 6.69907474518, 16.2113742828, 11.3307962418, 14.2579698563, 23.8393802643, 77.5383300781, 72.1796340942, 45.8291740417, 125.560264587, 91.5269088745, 190.554946899, 67.8268432617, 35.8365440369, 7.31750917435, 3.76419115067, 4.11840867996, 0.599174320698, 0.23415723443, 0.123414494097, 0.00707564456388, 0.000149406070705],
        "mean": [0.0287369769067, 0.615494966507, 3.19329094887, 4.62218093872, 10.5201368332, 22.6278572083, 21.5586662292, 49.8103027344, 32.0398635864, 53.3792877197, 125.501098633, 150.362854004, 35.463722229, 10.5953788757, 19.0509967804, 64.5938186646, 50.1674308777, 4.23056507111, 1.08262777328, 1.31258511543, 2.01606321335, 0.859056949615, 2.54630279541, 2.61633014679, 2.39856719971, 3.42271161079, 2.19783186913, 2.35647726059, 2.54537272453, 3.69807314873, 3.04460000992, 2.29559516907, 0.601770102978, 0.235595926642, 0.0853545218706, 0.0384891927242, 0.0131564997137, 0.00676418049261, 0.000280806096271, 4.52003187092e-05],
        "median": [0.0258390903473, 0.383904486895, 2.79169869423, 2.99294948578, 7.90324735641, 19.8148384094, 16.5139961243, 24.4930896759, 22.5485916138, 36.4677886963, 53.9118347168, 54.4470291138, 15.0874481201, 6.12222480774, 11.6300773621, 39.3305053711, 35.7559585571, 3.40302276611, 0.847213745117, 1.06845152378, 1.35064458847, 0.671311020851, 1.96746361256, 1.36174583435, 1.37083053589, 1.88492286205, 1.49635100365, 1.34235239029, 1.33645892143, 0.871604859829, 0.762763142586, 1.0970056057, 0.309276044369, 0.125499397516, 0.036233574152, 0.0147367939353, 0.00522196479142, 0.00378513545729, 0.000126899045426, 4.21321456088e-05],
        "min": [2.60818872283e-22, 2.4172705503e-21, 3.929990828e-21, 2.97125828657e-20, 3.77255202336e-20, 8.76831417963e-20, 2.07485887724e-19, 2.47317619823e-19, 2.65527328924e-19, 6.45447429313e-19, 8.23719895665e-19, 1.20809800842e-18, 8.86174823648e-19, 2.2404143464e-18, 3.355416589e-18, 2.33710017948e-18, 2.29602342424e-18, 2.48708312058e-18, 5.5499906538e-18, 8.85831440296e-18, 8.20387639927e-18, 1.02974390968e-17, 7.33953387051e-18, 9.10131442433e-18, 8.84461463765e-18, 1.97307110271e-17, 1.29551522069e-17, 1.43642196388e-17, 1.72322268761e-17, 1.44256659235e-17, 1.55923330399e-17, 1.24586163647e-17, 1.15758798207e-17, 1.56393814188e-17, 9.15024133038e-18, 4.7059165316e-18, 2.99426911996e-18, 9.12548650298e-19, 3.02075528808e-19, 2.88828916307e-20],
        "var": [0.000398703996325, 0.368133932352, 6.21055698395, 19.6860389709, 97.7132034302, 351.168334961, 394.84375, 4360.49853516, 1066.28369141, 3927.75854492, 46872.4570312, 55850.671875, 2910.4387207, 694.15423584, 405.925048828, 4819.43115234, 2475.92822266, 15.7523269653, 1.06850445271, 0.984264671803, 4.28698825836, 0.777406334877, 4.84997034073, 9.66363811493, 35.4609870911, 38.187953949, 8.41423988342, 45.8071632385, 41.4542160034, 127.335899353, 51.12890625, 17.6007499695, 0.781706750393, 0.121620476246, 0.0528579540551, 0.00427605770528, 0.000630585360341, 0.000148489896674, 4.13208425698e-07, 6.87024825918e-10]
    },
    "gfcc": {
        "mean": [-19.700668335, 113.426071167, -85.5495681763, 11.0853633881, -86.2809906006, 10.1995820999, -25.4110012054, -1.408390522, -26.0382175446, -1.01203119755, -7.23104000092, -2.6394546032, -24.2201271057],
        "cov": [[15017.7236328, 1764.49304199, -400.459747314, 345.693878174, -673.010437012, 48.9211959839, -164.974151611, 48.6992340088, -112.929122925, 57.3442497253, 59.5543670654, -89.8921051025, -193.093551636], [1764.49304199, 602.593566895, -78.1939849854, 22.7533588409, 11.0194149017, -27.0022945404, 15.2581977844, -48.6375427246, -25.7258777618, -4.48104715347, 34.8022651672, -39.7488479614, -21.8311386108], [-400.459747314, -78.1939849854, 132.339981079, 32.0841674805, 4.00030565262, 8.49181365967, 21.4525318146, -7.97488451004, 17.5020275116, -0.92356801033, -0.233025759459, 15.5666093826, 3.97454833984], [345.693878174, 22.7533588409, 32.0841674805, 119.092781067, -0.0326000638306, 7.69638252258, -2.48574090004, 12.9796304703, 13.0177850723, 11.4544343948, 1.57036948204, 7.42827320099, 30.7708930969], [-673.010437012, 11.0194149017, 4.00030565262, -0.0326000638306, 146.625762939, -33.1226768494, 11.6417675018, -4.80745601654, 4.17984962463, 22.8885726929, 11.1049976349, -16.0732860565, 7.64930915833], [48.9211959839, -27.0022945404, 8.49181365967, 7.69638252258, -33.1226768494, 155.429733276, 35.0700454712, -17.2464256287, -22.8699645996, -11.6221151352, 25.0369644165, -18.3364219666, -55.1119842529], [-164.974151611, 15.2581977844, 21.4525318146, -2.48574090004, 11.6417675018, 35.0700454712, 67.6015319824, 6.74519252777, 2.21199846268, -1.97052693367, -0.223825335503, -14.4452915192, -13.2060565948], [48.6992340088, -48.6375427246, -7.97488451004, 12.9796304703, -4.80745601654, -17.2464256287, 6.74519252777, 102.705032349, 25.9942817688, -6.44379425049, -43.2856674194, -19.9359378815, 25.8541851044], [-112.929122925, -25.7258777618, 17.5020275116, 13.0177850723, 4.17984962463, -22.8699645996, 2.21199846268, 25.9942817688, 71.6528167725, 13.8988418579, -6.39954042435, -8.31829833984, 12.9565916061], [57.3442497253, -4.48104715347, -0.92356801033, 11.4544343948, 22.8885726929, -11.6221151352, -1.97052693367, -6.44379425049, 13.8988418579, 70.6644515991, 23.8621959686, -9.65617275238, 2.48804593086], [59.5543670654, 34.8022651672, -0.233025759459, 1.57036948204, 11.1049976349, 25.0369644165, -0.223825335503, -43.2856674194, -6.39954042435, 23.8621959686, 80.9742965698, 9.57013034821, -20.02891922], [-89.8921051025, -39.7488479614, 15.5666093826, 7.42827320099, -16.0732860565, -18.3364219666, -14.4452915192, -19.9359378815, -8.31829833984, -9.65617275238, 9.57013034821, 78.628074646, 32.6966629028], [-193.093551636, -21.8311386108, 3.97454833984, 30.7708930969, 7.64930915833, -55.1119842529, -13.2060565948, 25.8541851044, 12.9565916061, 2.48804593086, -20.02891922, 32.6966629028, 112.921348572]],
        "icov": [[0.000251362973358, -0.000735139357857, 0.000287875678623, -0.000730772793759, 0.00119246100076, 9.36059514061e-05, 0.000531035999302, -0.000651991344057, 0.000359541823855, -0.000678650278132, 3.15873003274e-05, -0.000211981983739, 0.000693675188813], [-0.000735139357857, 0.00460484810174, 0.000996677088551, 0.000486727862153, -0.00303115718998, 0.00153320084792, -0.00347111397423, 0.00359687884338, -0.000501632632222, 0.00323739391752, -0.00132082309574, 0.0025031324476, -0.00178322487045], [0.000287875678623, 0.000996677088551, 0.0112733440474, -0.00472383061424, 0.00133934931364, 0.00138070737012, -0.00433261413127, 0.00235764798708, -0.00203475006856, 0.000619707047008, 0.000412514957134, -0.00151055527385, 0.00184239819646], [-0.000730772793759, 0.000486727862153, -0.00472383061424, 0.0137928482145, -0.00388625240885, -0.00377884064801, 0.00166612246539, -0.000608487054706, -0.00206701108254, -0.000532839971129, 8.91465242603e-05, -0.000447198399343, -0.00560042681172], [0.00119246100076, -0.00303115718998, 0.00133934931364, -0.00388625240885, 0.0140626234934, 0.00354585866444, -0.000333584554028, -0.00210323533975, 0.00271907378919, -0.00448667537421, -0.00168155867141, 0.00188885943498, 0.00262712989934], [9.36059514061e-05, 0.00153320084792, 0.00138070737012, -0.00377884064801, 0.00354585866444, 0.0122701898217, -0.00635373033583, 0.000999546726234, 0.00334380450659, 0.00248158955947, -0.00422487175092, 0.00309324660338, 0.00413066893816], [0.000531035999302, -0.00347111397423, -0.00433261413127, 0.00166612246539, -0.000333584554028, -0.00635373033583, 0.0222566537559, -0.00462923757732, -0.000254549871897, -0.00217737280764, 0.00146829523146, 0.000100467019365, 0.000828409392852], [-0.000651991344057, 0.00359687884338, 0.00235764798708, -0.000608487054706, -0.00210323533975, 0.000999546726234, -0.00462923757732, 0.0184023194015, -0.00498138694093, 0.00323546444997, 0.00566508201882, 0.00533457752317, -0.0045006503351], [0.000359541823855, -0.000501632632222, -0.00203475006856, -0.00206701108254, 0.00271907378919, 0.00334380450659, -0.000254549871897, -0.00498138694093, 0.0186253022403, -0.00365086039528, -0.00161543907598, 0.00219557085074, 0.00073234597221], [-0.000678650278132, 0.00323739391752, 0.000619707047008, -0.000532839971129, -0.00448667537421, 0.00248158955947, -0.00217737280764, 0.00323546444997, -0.00365086039528, 0.0209612473845, -0.00701578101143, 0.005005012732, -0.00262810499407], [3.15873003274e-05, -0.00132082309574, 0.000412514957134, 8.91465242603e-05, -0.00168155867141, -0.00422487175092, 0.00146829523146, 0.00566508201882, -0.00161543907598, -0.00701578101143, 0.0204578917474, -0.00470611639321, 0.00201766542159], [-0.000211981983739, 0.0025031324476, -0.00151055527385, -0.000447198399343, 0.00188885943498, 0.00309324660338, 0.000100467019365, 0.00533457752317, 0.00219557085074, 0.005005012732, -0.00470611639321, 0.0207864306867, -0.00674712704495], [0.000693675188813, -0.00178322487045, 0.00184239819646, -0.00560042681172, 0.00262712989934, 0.00413066893816, 0.000828409392852, -0.0045006503351, 0.00073234597221, -0.00262810499407, 0.00201766542159, -0.00674712704495, 0.0164091773331]]
    },
    "melbands": {
        "dmean": [0.000135530528496, 0.000253465463175, 0.000143901037518, 0.000230333738727, 0.000213448642171, 0.000699237396475, 0.00015205903037, 0.000271939265076, 0.000275486760074, 0.00020092453633, 3.46057531715e-05, 1.69536378962e-05, 1.4020094568e-05, 5.26230978721e-05, 6.86539788148e-05, 1.83749434655e-05, 1.29467809984e-06, 7.41231644952e-07, 6.18974354438e-07, 1.01274599729e-06, 8.75749606166e-07, 2.53267927519e-07, 1.10913049411e-06, 6.79035281337e-07, 6.00548275997e-07, 6.19216677933e-07, 4.25105639579e-07, 9.11995527986e-07, 2.7026413818e-07, 9.20376123759e-07, 4.02797638799e-07, 6.06712092122e-07, 1.6562289602e-06, 1.61983746239e-06, 1.51107826696e-06, 5.27641361714e-07, 6.10364566e-07, 2.40023439346e-07, 8.52946229202e-08, 7.08434484409e-08],
        "dmean2": [0.000223737370106, 0.000342510407791, 0.000196006018086, 0.000279942440102, 0.00035210774513, 0.00134267180692, 0.000216056505451, 0.00033252677531, 0.000319773214869, 0.000276842270978, 4.93900224683e-05, 2.27611999435e-05, 1.96308174054e-05, 7.51442930778e-05, 8.51836593938e-05, 2.81168977381e-05, 1.99962482839e-06, 1.0969580444e-06, 9.82682649919e-07, 1.61162279255e-06, 1.42500073252e-06, 4.30618797509e-07, 1.84119824098e-06, 1.09845609586e-06, 9.41116638842e-07, 8.8345518634e-07, 6.19729121354e-07, 1.37276254009e-06, 4.33673022826e-07, 1.35755669817e-06, 6.23050993909e-07, 1.01067860214e-06, 2.79691857941e-06, 2.54910651165e-06, 2.22962398766e-06, 7.99179417754e-07, 8.99912834029e-07, 3.81844444064e-07, 1.29157157858e-07, 1.04870096607e-07],
        "dvar": [1.93236022739e-08, 7.24440951672e-08, 2.14913278285e-08, 7.06507989889e-08, 1.03632110893e-07, 1.15735576856e-06, 4.48719852386e-08, 3.09752039129e-07, 3.41156550121e-07, 3.44204750036e-07, 6.54969278813e-09, 2.08286410341e-09, 3.54073381725e-10, 4.81874806724e-09, 1.47399603634e-08, 6.74530653555e-10, 3.05281429476e-12, 1.20747693528e-12, 4.69132707941e-13, 3.05088701698e-12, 1.00775540256e-12, 1.03135131457e-13, 2.82899832033e-12, 7.86852570947e-13, 1.21552345012e-12, 1.72581003308e-12, 1.0249507406e-12, 6.08882952738e-12, 1.16456106911e-13, 1.95306965045e-11, 2.27386599133e-12, 3.86417590634e-12, 1.26427868175e-10, 2.94512504662e-11, 2.39604482088e-11, 4.06441980766e-12, 2.64059889406e-12, 2.62123683219e-13, 2.08256467084e-14, 2.5822593914e-14],
        "dvar2": [5.32410275866e-08, 1.41061846648e-07, 4.32342837087e-08, 9.11645727797e-08, 3.36170955961e-07, 4.32619026469e-06, 9.48011802393e-08, 3.81704467145e-07, 3.65622071286e-07, 7.11068992132e-07, 1.38414852913e-08, 3.77874487256e-09, 6.65915877995e-10, 1.15410676571e-08, 2.35544881377e-08, 1.49020540352e-09, 6.82263056814e-12, 1.8504074141e-12, 1.14597415758e-12, 8.09623808967e-12, 2.6115453116e-12, 3.03795264769e-13, 7.10021104411e-12, 1.79957307736e-12, 2.50200966716e-12, 2.84166960796e-12, 1.58311070416e-12, 9.94838846718e-12, 2.41865826412e-13, 4.24810499278e-11, 5.05935744688e-12, 6.84910635151e-12, 3.38808897604e-10, 7.13136286135e-11, 5.29158834806e-11, 9.12182569063e-12, 4.83286457728e-12, 6.76255275736e-13, 4.75733581489e-14, 5.65117749688e-14],
        "max": [0.00185776234139, 0.00486395228654, 0.00334447505884, 0.00690275803208, 0.00385161722079, 0.00800267420709, 0.00360273546539, 0.0110261132941, 0.0116795189679, 0.0143785281107, 0.00160907662939, 0.0013759911526, 0.000403767451644, 0.000957393203862, 0.00172508042306, 0.00028666909202, 1.95869524759e-05, 2.05940868909e-05, 9.65467006608e-06, 2.81447082671e-05, 1.39561407195e-05, 4.79860773339e-06, 3.13831405947e-05, 1.14158356155e-05, 2.11881488212e-05, 4.43910612375e-05, 3.56384516635e-05, 6.31199291092e-05, 7.2484899647e-06, 0.000124862868688, 4.05746432079e-05, 4.10969114455e-05, 0.000193052197574, 6.25140455668e-05, 6.1588420067e-05, 3.50949667336e-05, 3.55660304194e-05, 8.69504219736e-06, 2.14319607039e-06, 3.41088707501e-06],
        "mean": [0.000472084473586, 0.00142757117283, 0.000905488850549, 0.00127085519489, 0.000805935414974, 0.00102290837094, 0.000505775620695, 0.000847652263474, 0.000900108716451, 0.000959418364801, 0.000147968050442, 3.75944036932e-05, 3.78488621209e-05, 0.000132867775392, 0.000256497500231, 4.12127992604e-05, 2.70782652478e-06, 1.58152431595e-06, 1.36369533266e-06, 2.63864853878e-06, 2.18026980292e-06, 5.51834375528e-07, 2.23282836487e-06, 1.5831218434e-06, 2.3328957468e-06, 1.87737680335e-06, 1.27775251713e-06, 2.64229151981e-06, 8.26446921565e-07, 2.53284224527e-06, 8.16182705421e-07, 1.28568171931e-06, 1.91249910131e-06, 2.41194129558e-06, 2.32465390582e-06, 1.00697991456e-06, 1.53219639287e-06, 4.75275783174e-07, 2.22033122554e-07, 1.73573809548e-07],
        "median": [0.000370909430785, 0.00119790504687, 0.000634035270195, 0.00102572888136, 0.000631117320154, 0.000506269745529, 0.000362159858923, 0.000464595970698, 0.000457637448562, 0.0002982862934, 5.45267903362e-05, 1.61260686582e-05, 2.59633397945e-05, 7.20399766578e-05, 9.72224224824e-05, 2.94654273603e-05, 2.01236025532e-06, 1.02644105482e-06, 1.16724277177e-06, 1.22396716051e-06, 1.63538470588e-06, 4.52309336652e-07, 1.54242411554e-06, 9.7624490536e-07, 9.59649014476e-07, 1.08917936359e-06, 6.9508331535e-07, 1.39033102187e-06, 6.54914742881e-07, 1.27197836264e-06, 3.80210536832e-07, 9.07555318008e-07, 2.89560659894e-07, 4.8202355174e-07, 4.5561165507e-07, 3.40346019811e-07, 6.39188556306e-07, 1.74988741719e-07, 1.12827606813e-07, 8.40116385348e-08],
        "min": [2.90918905362e-24, 3.70264014323e-24, 5.40442334723e-24, 4.2860552419e-24, 6.86034227289e-24, 5.49407186708e-24, 3.96803346213e-24, 7.14305345524e-24, 7.39827520163e-24, 6.84384166934e-24, 4.12530156106e-24, 8.31242299582e-24, 1.09623101172e-23, 7.83169194904e-24, 4.44680103412e-24, 3.10893948166e-24, 4.62663016051e-24, 8.11683992273e-24, 1.39620712496e-23, 6.50322770211e-24, 9.65429432826e-24, 1.14926052947e-23, 5.34616044735e-24, 7.32436603456e-24, 7.13943495027e-24, 5.80910623059e-24, 8.88564088399e-24, 1.30174047936e-23, 8.43072925464e-24, 7.74573529822e-24, 7.80995252021e-24, 7.12214311923e-24, 9.88321702979e-24, 7.20066081171e-24, 9.16268646732e-24, 9.040651263e-24, 6.05296719665e-24, 7.0532574184e-24, 1.19157132078e-23, 1.29989557036e-23],
