{
"metadata": {
    "version": {
        "essentia": "2.0.1",
        "extractor": "archive-music 1.0"
    },
    "audio_properties": {
        "analysis_sample_rate": 44100,
        "bitrate": 128,
        "channels": 2,
        "equal_loudness": 0,
        "length": 15.0204086304,
        "replay_gain": -3.21572685242,
        "downmix": "mix"
    },
    "tags": {
        "track": 0,
        "year": 0,
        "album": "",
        "artist": "",
        "comment": "",
        "genre": "",
        "title": ""
    }
},
"highlevel": {
    "culture": {
        "all": {
            "non_western": 0.00510296178982,
            "western": 0.994897067547
        },
        "probability": 0.994897067547,
        "value": "western"
    },
    "danceability": {
        "all": {
            "danceable": 0.0960242822766,
            "not_danceable": 0.903975725174
        },
        "probability": 0.903975725174,
        "value": "not_danceable"
    },
    "gender": {
        "all": {
            "female": 0.962301313877,
            "male": 0.0376986786723
        },
        "probability": 0.962301313877,
        "value": "female"
    },
    "genre_dortmund": {
        "all": {
            "alternative": 0.272991120815,
            "blues": 0.16089977324,
            "electronic": 0.0243223831058,
            "folkcountry": 0.100429221988,
            "funksoulrnb": 0.035443380475,
            "jazz": 0.104115724564,
            "pop": 0.0827773362398,
            "raphiphop": 0.00263978075236,
            "rock": 0.216381281614
        },
        "probability": 0.272991120815,
        "value": "alternative"
    },
    "genre_electronic": {
        "all": {
            "ambient": 0.959576010704,
            "dnb": 0.0294628906995,
            "house": 0.00503612821922,
            "techno": 0.00205450528301,
            "trance": 0.00387044227682
        },
        "probability": 0.959576010704,
        "value": "ambient"
    },
    "genre_rosamerica": {
        "all": {
            "cla": 0.701835095882,
            "dan": 0.00570629956201,
            "hip": 0.00475607067347,
            "jaz": 0.0121640320867,
            "pop": 0.0662825256586,
            "rhy": 0.122766427696,
            "roc": 0.0834492221475,
            "spe": 0.00304034422152
        },
        "probability": 0.701835095882,
        "value": "cla"
    },
    "genre_tzanetakis": {
        "all": {
            "blu": 0.00597512349486,
            "cla": 0.410907834768,
            "cou": 0.0237346813083,
            "dis": 0.0149459755048,
            "hip": 0.0127450432628,
            "jaz": 0.0424870960414,
            "met": 0.00522724026814,
            "pop": 0.0281698200852,
            "reg": 0.0261298958212,
            "roc": 0.429677277803
        },
        "probability": 0.429677277803,
        "value": "roc"
    },
    "mirex_ballroom": {
        "all": {
            "ChaChaCha": 0.00423623947427,
            "Jive": 0.00118208071217,
            "Quickstep": 0.00850586406887,
            "Rumba-American": 0.00380905903876,
            "Rumba-International": 0.00180160684977,
            "Rumba-Misc": 0.00265815714374,
            "Samba": 0.00139111897442,
            "Tango": 0.243729934096,
            "VienneseWaltz": 0.627149105072,
            "Waltz": 0.105536811054
        },
        "probability": 0.627149105072,
        "value": "VienneseWaltz"
    },
    "mood_acoustic": {
        "all": {
            "acoustic": 0.623319685459,
            "not_acoustic": 0.376680344343
        },
        "probability": 0.623319685459,
        "value": "acoustic"
    },
    "mood_aggressive": {
        "all": {
            "aggressive": 0.0458198897541,
            "not_aggressive": 0.954180121422
        },
        "probability": 0.954180121422,
        "value": "not_aggressive"
    },
    "mood_electronic": {
        "all": {
            "electronic": 0.125263169408,
            "not_electronic": 0.874736845493
        },
        "probability": 0.874736845493,
        "value": "not_electronic"
    },
    "mood_happy": {
        "all": {
            "happy": 0.274718314409,
            "not_happy": 0.725281655788
        },
        "probability": 0.725281655788,
        "value": "not_happy"
    },
    "mood_party": {
        "all": {
            "not_party": 0.980669617653,
            "party": 0.0193303972483
        },
        "probability": 0.980669617653,
        "value": "not_party"
    },
    "mood_relaxed": {
        "all": {
            "not_relaxed": 0.5,
            "relaxed": 0.5
        },
        "probability": 0.5,
        "value": "not_relaxed"
    },
    "mood_sad": {
        "all": {
            "not_sad": 0.145313322544,
            "sad": 0.854686677456
        },
        "probability": 0.854686677456,
        "value": "sad"
    },
    "moods_mirex": {
        "all": {
            "Cluster1": 0.0922923758626,
            "Cluster2": 0.0768251717091,
            "Cluster3": 0.706745326519,
            "Cluster4": 0.0679119303823,
            "Cluster5": 0.0562252067029
        },
        "probability": 0.706745326519,
        "value": "Cluster3"
    },
    "timbre": {
        "all": {
            "bright": 0.160713911057,
            "dark": 0.839286088943
        },
        "probability": 0.839286088943,
        "value": "dark"
    },
    "tonal_atonal": {
        "all": {
            "atonal": 0.446860641241,
            "tonal": 0.553139388561
        },
        "probability": 0.553139388561,
        "value": "tonal"
    },
    "voice_instrumental": {
        "all": {
            "instrumental": 0.759526669979,
            "voice": 0.240473300219
        },
        "probability": 0.759526669979,
        "value": "instrumental"
    }
},
"lowlevel": {
    "average_loudness": 0.909265458584,
    "barkbands_kurtosis": {
        "dmean": 0.498490571976,
        "dmean2": 0.787621974945,
        "dvar": 0.726340413094,
        "dvar2": 2.07388544083,
        "max": 13.4943141937,
        "mean": -0.455783784389,
        "median": -0.642107486725,
        "min": -1.63839626312,
        "var": 0.939865291119
    },
    "barkbands_skewness": {
        "dmean": 0.268638253212,
        "dmean2": 0.375367701054,
        "dvar": 0.0753130838275,
        "dvar2": 0.141703009605,
        "max": 2.22015833855,
        "mean": 0.304475218058,
        "median": 0.360681533813,
        "min": -3.43152427673,
        "var": 0.306234627962
    },
    "barkbands_spread": {
        "dmean": 2.53487658501,
        "dmean2": 3.87852263451,
        "dvar": 17.2937679291,
        "dvar2": 45.4268379211,
        "max": 80.5507125854,
        "mean": 20.5887355804,
        "median": 20.7106018066,
        "min": 7.23970842361,
        "var": 35.0922203064
    },
    "dissonance": {
        "dmean": 0.0245402548462,
        "dmean2": 0.0419705957174,
        "dvar": 0.000663267914206,
        "dvar2": 0.00182957772631,
        "max": 0.499983638525,
        "mean": 0.444706916809,
        "median": 0.450438946486,
        "min": 0.29778060317,
        "var": 0.000988795654848
    },
    "dynamic_complexity": 3.59348344803,
    "erbbands_kurtosis": {
        "dmean": 0.954056739807,
        "dmean2": 1.43812191486,
        "dvar": 1.87663650513,
        "dvar2": 4.41362714767,
        "max": 15.5601215363,
        "mean": 0.975822269917,
        "median": 0.35274708271,
        "min": -1.55313408375,
        "var": 4.3508939743
    },
    "erbbands_skewness": {
        "dmean": 0.309409230947,
        "dmean2": 0.476233661175,
        "dvar": 0.0705677270889,
        "dvar2": 0.166465610266,
        "max": 1.50288558006,
        "mean": -0.239481329918,
        "median": -0.176696240902,
        "min": -2.56172537804,
        "var": 0.331186532974
    },
    "erbbands_spread": {
        "dmean": 3.36577558517,
        "dmean2": 4.93562412262,
        "dvar": 16.2485122681,
        "dvar2": 39.257686615,
        "max": 79.9260787964,
        "mean": 18.6951904297,
        "median": 18.5167503357,
        "min": 4.62074327469,
        "var": 51.4359321594
    },
    "hfc": {
        "dmean": 4.5266828537,
        "dmean2": 6.58845090866,
        "dvar": 26.2453727722,
        "dvar2": 54.8190307617,
        "max": 71.7231674194,
        "mean": 21.4680652618,
        "median": 19.0484848022,
        "min": 1.17891197034e-16,
        "var": 228.152603149
    },
    "melbands_kurtosis": {
        "dmean": 0.907576739788,
        "dmean2": 1.3558703661,
        "dvar": 1.21346092224,
        "dvar2": 2.54796862602,
        "max": 13.7222499847,
        "mean": 0.798884987831,
        "median": 0.497192025185,
        "min": -1.72771561146,
        "var": 3.42198681831
    },
    "melbands_skewness": {
        "dmean": 0.286442250013,
        "dmean2": 0.409841060638,
        "dvar": 0.0808986872435,
        "dvar2": 0.152001768351,
        "max": 3.48999023438,
        "mean": 1.01557314396,
        "median": 1.03782701492,
        "min": -0.670600414276,
        "var": 0.371355623007
    },
    "melbands_spread": {
        "dmean": 4.14776325226,
        "dmean2": 5.99976205826,
        "dvar": 31.7124958038,
        "dvar2": 40.6583557129,
        "max": 151.941207886,
        "mean": 29.1062736511,
        "median": 27.8267631531,
        "min": 9.97620487213,
        "var": 128.957321167
    },
    "pitch_salience": {
        "dmean": 0.040821287781,
        "dmean2": 0.0648652240634,
        "dvar": 0.00115674012341,
        "dvar2": 0.00277252984233,
        "max": 0.91279643774,
        "mean": 0.481638729572,
        "median": 0.48171710968,
        "min": 0.301833838224,
        "var": 0.00550361350179
    },
    "silence_rate_20dB": {
        "dmean": 0,
        "dmean2": 0,
        "dvar": 0,
        "dvar2": 0,
        "max": 1,
        "mean": 1,
        "median": 1,
        "min": 1,
        "var": 0
    },
    "silence_rate_30dB": {
        "dmean": 0,
        "dmean2": 0,
        "dvar": 0,
        "dvar2": 0,
        "max": 1,
        "mean": 1,
        "median": 1,
        "min": 1,
        "var": 0
    },
    "silence_rate_60dB": {
        "dmean": 0.00309119001031,
        "dmean2": 0.0061919502914,
        "dvar": 0.00308161624707,
        "dvar2": 0.00615365384147,
        "max": 1,
        "mean": 0.0648148134351,
        "median": 0,
        "min": 0,
        "var": 0.0606143251061
    },
    "spectral_centroid": {
        "dmean": 127.674674988,
        "dmean2": 191.107315063,
        "dvar": 90271.0078125,
        "dvar2": 140478.21875,
        "max": 10973.7314453,
        "mean": 1198.98876953,
        "median": 1124.54992676,
        "min": 641.334594727,
        "var": 393493.25
    },
    "spectral_complexity": {
        "dmean": 1.75270473957,
        "dmean2": 2.83281731606,
        "dvar": 2.33451986313,
        "dvar2": 6.14541530609,
        "max": 41,
        "mean": 17.2037029266,
        "median": 17,
        "min": 0,
        "var": 47.1930580139
    },
    "spectral_crest": {
        "dmean": 1.36943984032,
        "dmean2": 2.05701088905,
        "dvar": 2.02622485161,
        "dvar2": 4.33182621002,
        "max": 20.210187912,
        "mean": 8.07059574127,
        "median": 7.39883422852,
        "min": 3.92604708672,
        "var": 8.25810241699
    },
    "spectral_decrease": {
        "dmean": 9.95328042208e-10,
        "dmean2": 1.43118195073e-09,
        "dvar": 1.26100127507e-18,
        "dvar2": 2.57167743426e-18,
        "max": 4.05977091015e-19,
        "mean": -6.87793377807e-09,
        "median": -6.30989216432e-09,
        "min": -2.00346903512e-08,
        "var": 1.74489630859e-17
    },
    "spectral_energy": {
        "dmean": 0.00412855343893,
        "dmean2": 0.00594061054289,
        "dvar": 2.16382650251e-05,
        "dvar2": 4.40101975983e-05,
        "max": 0.0815778672695,
        "mean": 0.0279061347246,
        "median": 0.0256388969719,
        "min": 1.09249871325e-20,
        "var": 0.000291781732813
    },
    "spectral_energyband_high": {
        "dmean": 3.17960439133e-05,
        "dmean2": 4.6566441597e-05,
        "dvar": 2.41224218378e-09,
        "dvar2": 5.89506221615e-09,
        "max": 0.000751206767745,
        "mean": 0.000107695246697,
        "median": 5.97811886109e-05,
        "min": 7.79719751659e-21,
        "var": 1.6866248842e-08
    },
    "spectral_energyband_low": {
        "dmean": 0.000789658981375,
        "dmean2": 0.00119290070143,
        "dvar": 1.56171859089e-06,
        "dvar2": 3.16133809974e-06,
        "max": 0.0290705598891,
        "mean": 0.00710123870522,
        "median": 0.00518924649805,
        "min": 5.27078928436e-23,
        "var": 2.70541386271e-05
    },
    "spectral_energyband_middle_high": {
        "dmean": 0.00341375987045,
        "dmean2": 0.00486593926325,
        "dvar": 1.84626824193e-05,
        "dvar2": 3.72274516849e-05,
        "max": 0.0672332793474,
        "mean": 0.0120250042528,
        "median": 0.0098822824657,
        "min": 1.53048436505e-21,
        "var": 0.00010064918024
    },
    "spectral_energyband_middle_low": {
        "dmean": 0.00176166323945,
        "dmean2": 0.00261181010865,
        "dvar": 3.13492432724e-06,
        "dvar2": 6.83547932567e-06,
        "max": 0.032412905246,
        "mean": 0.00929162185639,
        "median": 0.00804418697953,
        "min": 2.23201440483e-22,
        "var": 3.61130478268e-05
    },
    "spectral_flatness_db": {
        "dmean": 0.0118978740647,
        "dmean2": 0.0172779951245,
        "dvar": 0.000142668621265,
        "dvar2": 0.000269534124527,
        "max": 0.301618278027,
        "mean": 0.172475099564,
        "median": 0.171485841274,
        "min": 0.0311783012003,
        "var": 0.000875297177117
    },
    "spectral_flux": {
        "dmean": 0.0121980998665,
        "dmean2": 0.0203058868647,
        "dvar": 0.000165616496815,
        "dvar2": 0.000434971618233,
        "max": 0.156111553311,
        "mean": 0.0541298873723,
        "median": 0.0526541769505,
        "min": 6.97888899448e-11,
        "var": 0.000670891371556
    },
    "spectral_kurtosis": {
        "dmean": 4.36872386932,
        "dmean2": 7.69147729874,
        "dvar": 13.6060152054,
        "dvar2": 43.9709892273,
        "max": 29.7364730835,
        "mean": 10.7137794495,
        "median": 9.87680053711,
        "min": -1.24234306812,
        "var": 30.1242790222
    },
    "spectral_rms": {
        "dmean": 0.000367540196748,
        "dmean2": 0.000520778121427,
        "dvar": 1.27429032659e-07,
        "dvar2": 2.59830756022e-07,
        "max": 0.00892121996731,
        "mean": 0.00489356555045,
        "median": 0.00500135589391,
        "min": 3.26473939029e-12,
        "var": 3.27848965753e-06
    },
    "spectral_rolloff": {
        "dmean": 207.211044312,
        "dmean2": 370.397277832,
        "dvar": 809432.5625,
        "dvar2": 1418383.25,
        "max": 18841.5527344,
        "mean": 1520.01818848,
        "median": 1464.2578125,
        "min": 344.53125,
        "var": 2667715.5
    },
    "spectral_skewness": {
        "dmean": 0.364088147879,
        "dmean2": 0.63592851162,
        "dvar": 0.0888775289059,
        "dvar2": 0.27538394928,
        "max": 3.62193346024,
        "mean": 2.09630823135,
        "median": 2.11972546577,
        "min": -0.000883017899469,
        "var": 0.367054253817
    },
    "spectral_spread": {
        "dmean": 284424.78125,
        "dmean2": 414552.3125,
        "dvar": 1.21801578906e+12,
        "dvar2": 2.02087582925e+12,
        "max": 40856500,
        "mean": 2561413.5,
        "median": 2336285.5,
        "min": 1352851.875,
        "var": 5.03640175411e+12
    },
    "spectral_strongpeak": {
        "dmean": 0.899886846542,
        "dmean2": 1.49433231354,
        "dvar": 1.93350279331,
        "dvar2": 3.95935702324,
        "max": 8.74378108978,
        "mean": 1.81609296799,
        "median": 0.626987934113,
        "min": 0,
        "var": 4.79882621765
    },
    "zerocrossingrate": {
        "dmean": 0.00496356375515,
        "dmean2": 0.00633253902197,
        "dvar": 0.000325135450112,
        "dvar2": 0.00038166140439,
        "max": 0.52734375,
        "mean": 0.0496042519808,
        "median": 0.0458984375,
        "min": 0.0244140625,
        "var": 0.00175703840796
    },
    "barkbands": {
        "dmean": [4.28078346886e-05, 0.000552409968805, 0.000289788556984, 0.000335258548148, 0.000466683268314, 0.000520094588865, 0.000607376452535, 0.000434110610513, 0.000557867344469, 0.00161603046581, 0.000521075678989, 0.000303789769532, 0.00132060644682, 0.00134863087442, 0.000186591380043, 0.000219203197048, 5.81135609536e-05, 0.000102949568827, 0.00011306371016, 7.7470242104e-05, 1.39402900459e-05, 1.040132247e-05, 3.42848602486e-06, 1.31765671085e-06, 1.14693307296e-06, 1.3715592786e-06, 1.27486799784e-07],
        "dmean2": [7.42619522498e-05, 0.000807248230558, 0.000445187557489, 0.000542894005775, 0.000707103987224, 0.000764677650295, 0.00084520643577, 0.00056342384778, 0.000684192287736, 0.00234335893765, 0.000779081543442, 0.000428244646173, 0.00174365693238, 0.00219466397539, 0.000261206179857, 0.000344876985764, 9.68845852185e-05, 0.000161037605722, 0.000191696744878, 0.000125168386148, 2.13702860492e-05, 1.42559792948e-05, 5.08300263391e-06, 1.90303887848e-06, 1.62959031513e-06, 2.00789486371e-06, 2.19448850203e-07],
        "dvar": [2.82640955085e-09, 6.78836897805e-07, 2.89616906457e-07, 4.05511144663e-07, 5.04419460867e-07, 4.52011278185e-07, 1.12631516913e-06, 9.91624460767e-07, 6.39108691303e-07, 1.25381639009e-05, 8.75347154761e-07, 4.06930297459e-07, 5.11941198056e-06, 3.92397623727e-06, 2.61764455445e-07, 1.10383396645e-07, 6.40362296522e-09, 5.06586346205e-08, 9.33022832328e-08, 3.90132548489e-08, 5.13268205715e-10, 6.32579322257e-10, 8.23715193277e-11, 1.02562038723e-11, 1.36269875592e-11, 5.31120147862e-11, 7.60516649656e-13],
        "dvar2": [8.57660431564e-09, 1.40549980188e-06, 6.23610901584e-07, 1.09711993446e-06, 1.3425326415e-06, 1.0987097312e-06, 2.21924824473e-06, 1.83038878276e-06, 1.05864330635e-06, 2.48856104008e-05, 2.05892342819e-06, 8.18527496449e-07, 8.42580175231e-06, 1.00296019809e-05, 5.01137606079e-07, 2.54679747513e-07, 1.67876166302e-08, 1.21579091683e-07, 2.6114221896e-07, 8.77172254832e-08, 1.15680198753e-09, 1.2159487861e-09, 1.57559396086e-10, 2.37846096984e-11, 2.9079225139e-11, 1.20964002703e-10, 2.05964217036e-12],
        "max": [0.000720597046893, 0.0188042186201, 0.0107204308733, 0.0110577698797, 0.012672657147, 0.012270135805, 0.019400767982, 0.0135083450004, 0.0115724941716, 0.061063144356, 0.0150141799822, 0.0114999450743, 0.0259292218834, 0.0209469851106, 0.00752168335021, 0.0042503294535, 0.000849238596857, 0.0036930651404, 0.00495041161776, 0.00248423381709, 0.000462496158434, 0.000339377205819, 0.000137489943882, 3.74297051167e-05, 7.49735918362e-05, 0.000127399209305, 1.25685555759e-05],
        "mean": [0.000134645000799, 0.004900644999, 0.0015966395149, 0.0010229483014, 0.00176161993295, 0.00156966899522, 0.00194704020396, 0.00103935797233, 0.00167157547548, 0.00336853228509, 0.00105537136551, 0.000583067303523, 0.0025312367361, 0.00301165133715, 0.000402202771511, 0.000501896603964, 0.000112188703497, 0.000254570128163, 0.000208635319723, 0.000160866926308, 4.08367814089e-05, 1.98381239898e-05, 5.53650124857e-06, 2.23399183596e-06, 1.753069796e-06, 1.49864899868e-06, 9.75316041263e-08],
        "median": [9.91638662526e-05, 0.00357315177098, 0.00105463434011, 0.000686282932293, 0.00120444502681, 0.000936800264753, 0.000450119638117, 0.000181377487024, 0.000761111674365, 0.000920539197978, 0.000462618249003, 0.000197011759155, 0.000826716248412, 0.00162365275901, 9.83785575954e-05, 0.000253213453107, 7.2287992225e-05, 6.75925984979e-05, 8.25923489174e-05, 3.9020080294e-05, 1.85603894352e-05, 6.21292474534e-06, 2.10105508813e-06, 1.10791233965e-06, 7.23259063307e-07, 3.25173459714e-07, 1.65254903095e-08],
        "min": [2.60959822005e-25, 1.25689973224e-23, 2.74040338826e-23, 1.88203531759e-23, 6.74474180698e-24, 4.02227332917e-23, 2.41822912358e-23, 1.85922540452e-23, 4.36652528623e-23, 4.07337763187e-23, 6.72105957151e-23, 1.13473930414e-22, 5.63247191199e-23, 9.23428143204e-23, 1.91326764612e-22, 8.18508885503e-23, 1.20052235192e-22, 1.98848206244e-22, 1.78648684392e-22, 3.3355374101e-22, 3.55125741998e-22, 4.48812276741e-22, 4.53792475542e-22, 7.03775453456e-22, 1.2012616345e-21, 1.70960764079e-21, 2.35259980902e-21],
        "var": [1.51987542552e-08, 1.42815224535e-05, 2.8861741157e-06, 1.69528107108e-06, 3.48817206941e-06, 2.99644307233e-06, 9.31672730076e-06, 4.47457568953e-06, 4.3532518248e-06, 5.08385928697e-05, 2.24865470955e-06, 1.23282825371e-06, 1.70005569089e-05, 1.14169743028e-05, 9.53261178438e-07, 4.28043193779e-07, 1.47343754975e-08, 2.00966198349e-07, 1.56539869067e-07, 1.07793390214e-07, 3.40761463491e-09, 1.38778866177e-09, 1.24167301441e-10, 1.43849264098e-11, 1.93142481175e-11, 5.4753129114e-11, 5.0554357792e-13]
    },
    "erbbands": {
        "dmean": [0.0126755023375, 0.144100487232, 0.330139011145, 0.795049130917, 0.963122308254, 2.14006114006, 2.66028881073, 4.7566409111, 8.66549110413, 11.1464576721, 5.18834447861, 14.7479667664, 33.6134605408, 31.4718360901, 23.0758209229, 13.4047393799, 62.0456199646, 52.6952934265, 36.3639755249, 8.04507541656, 8.84600448608, 4.10429525375, 5.5548491478, 3.68465065956, 5.49199485779, 2.38093042374, 0.822236120701, 0.480542331934, 0.215867176652, 0.151507198811, 0.103261068463, 0.0386366471648, 0.0189335402101, 0.0123049011454, 0.00902838259935, 0.00470680836588, 0.00289148907177, 0.000541505753063, 1.56453752425e-05, 5.12159385835e-06],
        "dmean2": [0.0180371515453, 0.219288095832, 0.513212561607, 1.26700401306, 1.55347335339, 3.17394757271, 4.34064245224, 6.72574520111, 12.013666153, 14.6501045227, 6.73610496521, 17.4921550751, 51.0695343018, 44.4198265076, 33.8830184937, 19.3308906555, 81.7674636841, 84.8895568848, 58.395778656, 12.7697916031, 13.3700294495, 6.58730554581, 8.78324508667, 6.00997400284, 8.84753227234, 3.93339467049, 1.31981348991, 0.691116690636, 0.30302298069, 0.214594572783, 0.150997176766, 0.0573488548398, 0.0281523894519, 0.0176035109907, 0.0133298737928, 0.00689762225375, 0.00427191192284, 0.000853766978253, 2.54035912803e-05, 7.42956672184e-06],
        "dvar": [0.000462771888124, 0.0501320101321, 0.414890140295, 1.84951376915, 3.53417563438, 11.4168958664, 12.0880527496, 34.8912696838, 279.815917969, 473.637939453, 74.0547332764, 439.70401001, 4187.61376953, 4729.92626953, 1770.39233398, 451.797058105, 11710.4492188, 7898.30517578, 3822.59033203, 111.187454224, 273.698425293, 31.3061885834, 140.276138306, 66.8324584961, 151.46987915, 25.5271167755, 3.31193518639, 0.840888798237, 0.233367100358, 0.179306223989, 0.12010872364, 0.00943053048104, 0.00170906726271, 0.000989314168692, 0.00118712359108, 0.000491923361551, 0.000291997712338, 9.02359988686e-06, 8.31315993821e-09, 3.48136207362e-11],
        "dvar2": [0.000953744340222, 0.110555879772, 0.924060940742, 5.30371189117, 9.59097576141, 30.8005485535, 36.2719154358, 66.7940979004, 574.296264648, 894.166992188, 135.552581787, 605.754394531, 9186.91015625, 8973.19433594, 3889.70825195, 931.295837402, 19958.7871094, 20564.5703125, 10041.3847656, 267.166442871, 547.901000977, 76.5251312256, 355.767211914, 181.686828613, 381.50289917, 65.7355880737, 8.75452804565, 1.60289549828, 0.442554295063, 0.387547492981, 0.227108940482, 0.0220689754933, 0.00379424262792, 0.00208382145502, 0.00277651729994, 0.0011429511942, 0.00065796810668, 2.19820904022e-05, 2.16179660839e-08, 7.31717117453e-11],
        "max": [0.491118937731, 5.20474720001, 13.7883062363, 17.6797981262, 39.7908325195, 47.6543045044, 38.3804664612, 130.420333862, 342.605682373, 327.438415527, 113.130050659, 334.288726807, 1063.23449707, 1103.24499512, 572.487609863, 247.178817749, 1365.46508789, 1008.94158936, 600.068847656, 150.059432983, 274.875549316, 65.124168396, 184.419723511, 132.574645996, 185.497344971, 70.8999099731, 36.5802764893, 11.1770133972, 6.66501140594, 6.24188804626, 6.39057064056, 1.03345227242, 0.507503151894, 0.543408095837, 0.690196990967, 0.323632746935, 0.320964366198, 0.0467870645225, 0.00152444187552, 9.58002710831e-05],
        "mean": [0.119041666389, 1.14178359509, 2.18640112877, 2.5662047863, 3.59675645828, 8.02279090881, 6.86792516708, 16.0686607361, 29.7651615143, 29.6819095612, 14.8961019516, 44.0137557983, 71.5095825195, 70.7851257324, 52.9233322144, 31.7579460144, 129.121948242, 128.185684204, 80.0238037109, 20.8065090179, 20.8163013458, 9.15605735779, 14.1074562073, 8.43110370636, 11.7241411209, 5.69944906235, 2.57944178581, 1.36489486694, 0.536984741688, 0.270144015551, 0.166085496545, 0.0648062080145, 0.0313737243414, 0.0189244989306, 0.0132422605529, 0.00615421123803, 0.00297389156185, 0.000480439251987, 2.66075949185e-05, 3.30872753693e-05],
        "median": [0.107365876436, 0.765858054161, 1.7939157486, 1.5791233778, 2.18417644501, 5.11219072342, 5.22169494629, 10.5013046265, 9.32448387146, 9.13150978088, 8.28781318665, 20.9378585815, 29.3886909485, 20.5348567963, 26.0670700073, 16.5959892273, 54.3209152222, 55.4825668335, 40.7403411865, 15.0587215424, 9.04517745972, 5.24180984497, 4.13074493408, 4.42335271835, 3.99963879585, 2.12015652657, 0.772573828697, 0.63764333725, 0.251389920712, 0.10740865767, 0.054441139102, 0.0287745781243, 0.0145171545446, 0.00802579894662, 0.00552257522941, 0.00177183956839, 0.000558623461984, 9.72891139099e-05, 1.74084634637e-05, 3.04454042634e-05],
        "min": [3.07389458838e-22, 3.34309548012e-21, 2.91783372811e-20, 5.32195049108e-20, 4.47786243605e-20, 2.47458140361e-20, 4.96571158935e-20, 4.79622221721e-19, 5.45743937962e-19, 1.20214933904e-19, 6.15555293324e-19, 9.45347395562e-19, 1.65502379678e-18, 1.82547139303e-18, 2.76001219088e-18, 4.54155739824e-18, 4.0772745689e-18, 4.50355961604e-18, 8.19235129179e-18, 5.18259673037e-18, 5.13015802903e-18, 7.93143288399e-18, 1.1680114504e-17, 8.30288412832e-18, 1.30635277564e-17, 1.33518316328e-17, 1.36427692522e-17, 1.66891447537e-17, 1.51204231917e-17, 1.39284129157e-17, 1.45260128579e-17, 1.57713167265e-17, 1.11993993182e-17, 1.07261006338e-17, 1.02439072763e-17, 6.01268860509e-18, 3.16947776103e-18, 1.28773740683e-18, 3.49831612402e-19, 3.18184457647e-20],
        "var": [0.00673554418609, 0.966575145721, 3.91246604919, 7.27006912231, 17.842086792, 71.9562759399, 35.6103591919, 303.98147583, 2207.39916992, 2314.8828125, 311.742462158, 2992.83349609, 17576.6503906, 17602.390625, 5811.60253906, 1594.23596191, 42143.640625, 31599.1015625, 9740.96582031, 428.481689453, 1291.24609375, 93.4484329224, 571.243652344, 147.928359985, 388.839538574, 92.1554031372, 21.9817390442, 3.0034198761, 0.630790829659, 0.316480904818, 0.181931495667, 0.0123064005747, 0.00247111334465, 0.00152195757255, 0.00141748075839, 0.000547361385543, 0.000295863719657, 7.77060449764e-06, 6.33346575185e-09, 4.16965767469e-10]
    },
    "gfcc": {
        "mean": [-45.9346427917, 153.279205322, -145.668258667, 15.3156633377, -31.7892894745, 8.81842708588, -20.4392204285, 1.25498795509, -19.0129051208, 9.06554603577, -6.76402902603, -5.94046115875, -5.93543434143],
        "cov": [[16953.0410156, 1614.46325684, -1705.44421387, 510.352020264, -364.637969971, 118.917297363, 114.680206299, -112.406394958, -180.868438721, -91.3310852051, 49.0145492554, -45.5965766907, -35.1042327881], [1614.46325684, 674.144104004, -292.417755127, -30.0174655914, 68.5744934082, -105.546134949, 53.887878418, -19.3694171906, 8.90381145477, -14.3334541321, 2.73506140709, -76.1770401001, 42.6690483093], [-1705.44421387, -292.417755127, 416.188934326, -50.6560440063, 19.7346153259, 101.64679718, -66.0782546997, 26.9508495331, -12.7939977646, -5.1937623024, -63.3577575684, 38.5529441833, -3.83309912682], [510.352020264, -30.0174655914, -50.6560440063, 218.829040527, -20.1458797455, 12.4054632187, 38.611038208, -48.7364273071, -10.8287744522, -25.6430130005, 30.3451480865, 0.925090789795, 0.844514489174], [-364.637969971, 68.5744934082, 19.7346153259, -20.1458797455, 149.942565918, -17.6554012299, 10.3824052811, 22.4947223663, -23.8532123566, -21.5199298859, -45.3356704712, -39.0788497925, 16.4101829529], [118.917297363, -105.546134949, 101.64679718, 12.4054632187, -17.6554012299, 160.083633423, -17.1533336639, -30.7863998413, -15.3085546494, -23.5921478271, -20.0736293793, 19.8088130951, -18.2987976074], [114.680206299, 53.887878418, -66.0782546997, 38.611038208, 10.3824052811, -17.1533336639, 119.11240387, 3.62830853462, 1.52166891098, -25.1296005249, 0.17453289032, -22.920923233, 14.6554002762], [-112.406394958, -19.3694171906, 26.9508495331, -48.7364273071, 22.4947223663, -30.7863998413, 3.62830853462, 121.768630981, 6.53178071976, 6.8279914856, -60.5868110657, -6.12652587891, 24.8083629608], [-180.868438721, 8.90381145477, -12.7939977646, -10.8287744522, -23.8532123566, -15.3085546494, 1.52166891098, 6.53178071976, 75.9834060669, 31.66847229, 20.3753967285, 7.79309988022, 2.59797644615], [-91.3310852051, -14.3334541321, -5.1937623024, -25.6430130005, -21.5199298859, -23.5921478271, -25.1296005249, 6.8279914856, 31.66847229, 97.1349029541, 44.564414978, 12.96230793, -32.9929046631], [49.0145492554, 2.73506140709, -63.3577575684, 30.3451480865, -45.3356704712, -20.0736293793, 0.17453289032, -60.5868110657, 20.3753967285, 44.564414978, 130.319610596, 29.3585567474, -40.9241027832], [-45.5965766907, -76.1770401001, 38.5529441833, 0.925090789795, -39.0788497925, 19.8088130951, -22.920923233, -6.12652587891, 7.79309988022, 12.96230793, 29.3585567474, 66.1288528442, 2.19084739685], [-35.1042327881, 42.6690483093, -3.83309912682, 0.844514489174, 16.4101829529, -18.2987976074, 14.6554002762, 24.8083629608, 2.59797644615, -32.9929046631, -40.9241027832, 2.19084739685, 80.5492324829]],
        "icov": [[0.000252724887105, -0.000550297438167, 0.00104470865335, -0.000558471248951, 0.000667101470754, -0.000887480855454, 0.000357031967724, -0.000500949448906, 0.000784402247518, -0.000184069955139, 0.0006558765308, -0.000686288811266, 0.000460222130641], [-0.000550297438167, 0.00395072484389, -0.000498257635627, 0.00209678965621, -0.00240615080111, 0.00224166712724, -0.000749523867853, 0.00219863816164, -0.00201730802655, 0.000254714512266, -0.00134889956098, 0.00315343984403, -0.00252135796472], [0.00104470865335, -0.000498257635627, 0.00910886283964, -0.00144140119664, 0.00121637387201, -0.00526041304693, 0.00260138534941, -0.00168185774237, 0.00289641041309, -0.00112390029244, 0.00465306360275, -0.00434655649588, 0.00169816042762], [-0.000558471248951, 0.00209678965621, -0.00144140119664, 0.00713660847396, -0.00121266720816, 0.00170339748729, -0.00232598558068, 0.00305959186517, -0.00116180197801, 0.00141604256351, -0.00230040564202, 0.00196766876616, -0.00198741722852], [0.000667101470754, -0.00240615080111, 0.00121637387201, -0.00121266720816, 0.0111550651491, -0.00141663115937, 0.000717115064617, -0.00195635249838, 0.00448327790946, -0.000290759751806, 0.00237214844674, 0.00254250969738, 0.000385915278457], [-0.000887480855454, 0.00224166712724, -0.00526041304693, 0.00170339748729, -0.00141663115937, 0.0129630398005, -0.00161368516274, 0.00534524070099, -0.00283864326775, 0.00267581269145, 0.00168974162079, -0.000780907517765, 0.00210568029433], [0.000357031967724, -0.000749523867853, 0.00260138534941, -0.00232598558068, 0.000717115064617, -0.00161368516274, 0.0115527538583, -0.00271681323647, -8.90677911229e-05, 0.00274640717544, -0.00132949627005, 0.00264393910766, -0.000696643372066], [-0.000500949448906, 0.00219863816164, -0.00168185774237, 0.00305959186517, -0.00195635249838, 0.00534524070099, -0.00271681323647, 0.0157828256488, -0.00252044317313, -0.00335861183703, 0.00740301283076, -0.00138519180473, -0.00174440210685], [0.000784402247518, -0.00201730802655, 0.00289641041309, -0.00116180197801, 0.00448327790946, -0.00283864326775, -8.90677911229e-05, -0.00252044317313, 0.0194408036768, -0.00622974988073, 3.09922097586e-06, -0.00121345487423, -0.0023494316265], [-0.000184069955139, 0.000254714512266, -0.00112390029244, 0.00141604256351, -0.000290759751806, 0.00267581269145, 0.00274640717544, -0.00335861183703, -0.00622974988073, 0.0186240188777, -0.00556024676189, -0.000174963090103, 0.00592748029158], [0.0006558765308, -0.00134889956098, 0.00465306360275, -0.00230040564202, 0.00237214844674, 0.00168974162079, -0.00132949627005, 0.00740301283076, 3.09922097586e-06, -0.00556024676189, 0.021881852299, -0.0115603450686, 0.00826258212328], [-0.000686288811266, 0.00315343984403, -0.00434655649588, 0.00196766876616, 0.00254250969738, -0.000780907517765, 0.00264393910766, -0.00138519180473, -0.00121345487423, -0.000174963090103, -0.0115603450686, 0.0289413910359, -0.00963991414756], [0.000460222130641, -0.00252135796472, 0.00169816042762, -0.00198741722852, 0.000385915278457, 0.00210568029433, -0.000696643372066, -0.00174440210685, -0.0023494316265, 0.00592748029158, 0.00826258212328, -0.00963991414756, 0.022080136463]]
    },
    "melbands": {
        "dmean": [0.000125007252791, 0.000176541012479, 0.000134081099532, 0.00010133512842, 9.72564157564e-05, 0.000108102132799, 0.000124439946376, 0.000123643345432, 5.14780695084e-05, 8.41682049213e-05, 0.000189724421944, 0.000158249691594, 7.79533802415e-05, 3.50502014044e-05, 0.000111064327939, 0.000104555838334, 0.00010489703709, 7.7657525253e-05, 8.47423689265e-06, 1.7058557205e-05, 9.66308834904e-06, 3.00660440189e-06, 8.31099350762e-06, 3.73297416445e-06, 3.07953860101e-06, 5.83091150475e-06, 4.54196697319e-06, 1.00356237454e-06, 6.58371959616e-07, 2.98338306948e-07, 3.56555347025e-07, 1.56085121716e-07, 1.08501090779e-07, 7.63431771134e-08, 7.08234892954e-08, 3.49041648917e-08, 1.97208525066e-08, 1.34488180592e-08, 1.25169732357e-08, 1.01367714223e-08],
        "dmean2": [0.000181360781426, 0.000274366990197, 0.000215213018237, 0.000149313826114, 0.000155221889145, 0.000153550718096, 0.000173241845914, 0.00016190270253, 6.55421317788e-05, 0.000100317709439, 0.000284316949546, 0.000223028793698, 0.000114553331514, 4.76593231724e-05, 0.000153236382175, 0.000145604994032, 0.000168447601027, 0.000125678649056, 1.28323345052e-05, 2.80372787529e-05, 1.35037134896e-05, 4.89422245664e-06, 1.37993110911e-05, 5.9760068325e-06, 5.06264314026e-06, 9.86241684586e-06, 7.14367024557e-06, 1.72607929017e-06, 1.08360279683e-06, 4.66310495995e-07, 5.14337216373e-07, 2.20302055709e-07, 1.51147901306e-07, 1.11357650212e-07, 1.04580244908e-07, 5.12417770437e-08, 3.02978229172e-08, 2.06323971241e-08, 1.84540382975e-08, 1.49115209069e-08],
        "dvar": [3.81204188216e-08, 1.01446708811e-07, 5.49053602583e-08, 2.95617752499e-08, 1.26079022778e-08, 1.69637210945e-08, 5.45882095082e-08, 6.28075724762e-08, 4.36069091947e-09, 1.4363828349e-08, 1.47240385218e-07, 1.31889933641e-07, 2.16752269466e-08, 5.28707877478e-09, 4.52642119342e-08, 2.5613571708e-08, 2.71994746726e-08, 1.89196089906e-08, 2.60151067355e-10, 6.9894318111e-10, 5.76594438861e-10, 2.31755257346e-11, 3.26558474706e-10, 4.68984052981e-11, 4.67316497998e-11, 2.91993484947e-10, 1.41826411726e-10, 3.88407188356e-12, 2.27045313973e-12, 3.50291410461e-13, 6.49089343472e-13, 1.56205425114e-13, 1.65320814221e-13, 3.8076648361e-14, 7.06469455961e-14, 1.1858215622e-14, 3.07754661836e-15, 9.02302058821e-16, 8.51690093217e-16, 8.45704111379e-16],
        "dvar2": [7.09776628582e-08, 2.23138329147e-07, 1.51048595853e-07, 7.71709096625e-08, 3.66557664222e-08, 3.49372868413e-08, 1.10897872219e-07, 1.17712268377e-07, 7.15337789003e-09, 2.15606785758e-08, 3.13485486458e-07, 2.4929173037e-07, 4.87500990687e-08, 9.69742597334e-09, 7.78670283808e-08, 4.9647315592e-08, 7.07324261384e-08, 5.12238891304e-08, 6.11778461224e-10, 1.83918236196e-09, 9.81607573003e-10, 5.90316129312e-11, 7.91226362207e-10, 1.09877842935e-10, 1.27843166609e-10, 8.26402668519e-10, 3.06565967056e-10, 1.11600364366e-11, 6.21721380975e-12, 8.35061024235e-13, 1.24880932418e-12, 2.83147230705e-13, 3.49849543866e-13, 7.96243089908e-14, 1.35952108403e-13, 2.2656740511e-14, 7.64712017396e-15, 2.02171623796e-15, 1.88141200651e-15, 1.83046720989e-15],
        "max": [0.00443662237376, 0.00736756436527, 0.00374526600353, 0.00370645499788, 0.00141899927985, 0.00274657737464, 0.00449513318017, 0.00320013659075, 0.000780769041739, 0.00183552829549, 0.00646181404591, 0.00600242894143, 0.00229935534298, 0.00145576277282, 0.00261653843336, 0.00191069592256, 0.00181274861097, 0.0014096434461, 0.000230477860896, 0.000321294151945, 0.000427519000368, 6.08862028457e-05, 0.000290106254397, 9.88557876553e-05, 0.000101565034129, 0.00027551522362, 0.000164915953064, 3.1490384572e-05, 2.51314449997e-05, 1.10657629193e-05, 1.12134785013e-05, 6.11755831414e-06, 7.90783087723e-06, 3.14946328217e-06, 4.80637254441e-06, 1.58792420279e-06, 5.74221132865e-07, 3.13734005886e-07, 4.10735680134e-07, 5.50615766315e-07],
        "mean": [0.00122055388056, 0.00133645639289, 0.000480440881802, 0.000427282095188, 0.000281650427496, 0.000360201345757, 0.000424816185841, 0.00031619812944, 0.000150254767505, 0.000248564465437, 0.000391294131987, 0.000341799692251, 0.000168557322468, 8.1026882981e-05, 0.000212989310967, 0.000245045259362, 0.000240280700382, 0.000161547082826, 2.07697303267e-05, 3.57178905688e-05, 2.07116263482e-05, 5.75986814511e-06, 1.70321382029e-05, 9.15861528483e-06, 6.08186201134e-06, 9.959552699e-06, 8.56866608956e-06, 2.45815726885e-06, 1.85092085303e-06, 7.97933068952e-07, 8.7650568048e-07, 3.5609571114e-07, 1.93400410353e-07, 1.22382175505e-07, 1.07068942157e-07, 5.64485311827e-08, 3.09059373649e-08, 2.11203587952e-08, 1.91352178547e-08, 1.46604186568e-08],
        "median": [0.00100630300585, 0.00100393989123, 0.000318549631629, 0.000264235306531, 0.000242481037276, 0.000253243139014, 0.000140983640449, 8.11299323686e-05, 9.79380056378e-05, 0.000115274669952, 0.000143812503666, 7.51485858927e-05, 7.44800126995e-05, 2.97290844173e-05, 6.0668833612e-05, 9.9940574728e-05, 0.000111883186037, 5.49120704818e-05, 7.1766326073e-06, 2.06137847272e-05, 5.09440269525e-06, 2.99490966427e-06, 4.7792082114e-06, 3.59995692634e-06, 3.20326512337e-06, 3.40794690601e-06, 2.31630974667e-06, 8.29491909826e-07, 4.01786564908e-07, 2.60529304796e-07, 3.30056991515e-07, 1.29832486095e-07, 4.9093664245e-08, 4.17816110598e-08, 2.87214589889e-08, 2.12640074437e-08, 1.24234036392e-08, 9.44822797777e-09, 7.34662997104e-09, 5.65380720019e-09],
        "min": [3.07972441247e-24, 1.09913283656e-23, 9.6896195196e-24, 2.27717440396e-24, 1.22841499047e-24, 9.77496953638e-24, 7.49594643689e-24, 8.46819403396e-25, 6.2959264947e-24, 5.00714352903e-24, 8.47879376073e-24, 6.31322266448e-24, 9.56400052019e-24, 1.53372845771e-23, 1.03870143694e-23, 6.42080790916e-24, 7.18979346388e-24, 1.45713195708e-23, 1.33943170121e-23, 5.51790966591e-24, 5.37695678823e-24, 7.96497315442e-24, 9.17626197464e-24, 8.06340248501e-24, 6.11873531918e-24, 7.5443375314e-24, 1.16598280294e-23, 8.50783015293e-24, 7.69007642819e-24, 1.07775723039e-23, 8.89054838768e-24, 6.89971037636e-24, 1.14655323773e-23, 6.43912841483e-24, 8.58623582716e-24, 8.57453465335e-24, 9.99684139914e-24, 7.30318906356e-24, 7.70245128921e-24, 9.28730597996e-24],
