{
"metadata": {
    "version": {
        "essentia": "2.0.1",
        "extractor": "archive-music 1.0"
    },
    "audio_properties": {
        "analysis_sample_rate": 44100,
        "bitrate": 128,
        "channels": 2,
        "equal_loudness": 0,
        "length": 14.9942855835,
        "replay_gain": -2.93301200867,
        "downmix": "mix"
    },
    "tags": {
        "track": 0,
        "year": 0,
        "album": "",
        "artist": "",
        "comment": "",
        "genre": "",
        "title": ""
    }
},
"highlevel": {
    "culture": {
        "all": {
            "non_western": 6.24659287496e-06,
            "western": 0.999993741512
        },
        "probability": 0.999993741512,
        "value": "western"
    },
    "danceability": {
        "all": {
            "danceable": 0.251760065556,
            "not_danceable": 0.748239934444
        },
        "probability": 0.748239934444,
        "value": "not_danceable"
    },
    "gender": {
        "all": {
            "female": 0.807415962219,
            "male": 0.192584067583
        },
        "probability": 0.807415962219,
        "value": "female"
    },
    "genre_dortmund": {
        "all": {
            "alternative": 0.0130053646863,
            "blues": 0.0254981536418,
            "electronic": 0.00324747688137,
            "folkcountry": 0.0721431523561,
            "funksoulrnb": 0.00730957975611,
            "jazz": 0.851503312588,
            "pop": 0.0222070664167,
            "raphiphop": 0.000499061425216,
            "rock": 0.00458682188764
        },
        "probability": 0.851503312588,
        "value": "jazz"
    },
    "genre_electronic": {
        "all": {
            "ambient": 0.946897089481,
            "dnb": 0.00717116706073,
            "house": 0.0296356100589,
            "techno": 0.0103454794735,
            "trance": 0.00595064135268
        },
        "probability": 0.946897089481,
        "value": "ambient"
    },
    "genre_rosamerica": {
        "all": {
            "cla": 0.705830693245,
            "dan": 0.0107627687976,
            "hip": 0.00861629191786,
            "jaz": 0.201738610864,
            "pop": 0.0292198322713,
            "rhy": 0.0278435535729,
            "roc": 0.00704931141809,
            "spe": 0.00893895048648
        },
        "probability": 0.705830693245,
        "value": "cla"
    },
    "genre_tzanetakis": {
        "all": {
            "blu": 0.00151213805657,
            "cla": 0.0392297022045,
            "cou": 0.00100524921436,
            "dis": 0.00168662308715,
            "hip": 0.00174475030508,
            "jaz": 0.936965167522,
            "met": 0.000236700114328,
            "pop": 0.00765468878672,
            "reg": 0.0073854806833,
            "roc": 0.00257950648665
        },
        "probability": 0.936965167522,
        "value": "jaz"
    },
    "mirex_ballroom": {
        "all": {
            "ChaChaCha": 0.000519135908689,
            "Jive": 0.000272485456662,
            "Quickstep": 0.000945545209106,
            "Rumba-American": 0.000690533954185,
            "Rumba-International": 0.01833117567,
            "Rumba-Misc": 0.00657278113067,
            "Samba": 0.000426643702667,
            "Tango": 0.00108780444134,
            "VienneseWaltz": 0.0351656116545,
            "Waltz": 0.935988306999
        },
        "probability": 0.935988306999,
        "value": "Waltz"
    },
    "mood_acoustic": {
        "all": {
            "acoustic": 0.876877963543,
            "not_acoustic": 0.123122066259
        },
        "probability": 0.876877963543,
        "value": "acoustic"
    },
    "mood_aggressive": {
        "all": {
            "aggressive": 0.0178835988045,
            "not_aggressive": 0.982116401196
        },
        "probability": 0.982116401196,
        "value": "not_aggressive"
    },
    "mood_electronic": {
        "all": {
            "electronic": 0.269696652889,
            "not_electronic": 0.730303347111
        },
        "probability": 0.730303347111,
        "value": "not_electronic"
    },
    "mood_happy": {
        "all": {
            "happy": 0.246407330036,
            "not_happy": 0.753592669964
        },
        "probability": 0.753592669964,
        "value": "not_happy"
    },
    "mood_party": {
        "all": {
            "not_party": 0.912187039852,
            "party": 0.087812975049
        },
        "probability": 0.912187039852,
        "value": "not_party"
    },
    "mood_relaxed": {
        "all": {
            "not_relaxed": 0.003928410355,
            "relaxed": 0.996071577072
        },
        "probability": 0.996071577072,
        "value": "relaxed"
    },
    "mood_sad": {
        "all": {
            "not_sad": 0.0837499648333,
            "sad": 0.916250050068
        },
        "probability": 0.916250050068,
        "value": "sad"
    },
    "moods_mirex": {
        "all": {
            "Cluster1": 0.0442517250776,
            "Cluster2": 0.0674293041229,
            "Cluster3": 0.845102727413,
            "Cluster4": 0.0364749729633,
            "Cluster5": 0.00674125691876
        },
        "probability": 0.845102727413,
        "value": "Cluster3"
    },
    "timbre": {
        "all": {
            "bright": 0.992735683918,
            "dark": 0.00726429931819
        },
        "probability": 0.992735683918,
        "value": "bright"
    },
    "tonal_atonal": {
        "all": {
            "atonal": 0.874453425407,
            "tonal": 0.125546574593
        },
        "probability": 0.874453425407,
        "value": "atonal"
    },
    "voice_instrumental": {
        "all": {
            "instrumental": 0.819874763489,
            "voice": 0.180125251412
        },
        "probability": 0.819874763489,
        "value": "instrumental"
    }
},
"lowlevel": {
    "average_loudness": 0.868029117584,
    "barkbands_kurtosis": {
        "dmean": 5.04273509979,
        "dmean2": 7.93844032288,
        "dvar": 52.7830505371,
        "dvar2": 139.971130371,
        "max": 77.2007827759,
        "mean": 9.32579040527,
        "median": 6.15832233429,
        "min": -1.45823740959,
        "var": 121.104026794
    },
    "barkbands_skewness": {
        "dmean": 0.638715267181,
        "dmean2": 0.939755380154,
        "dvar": 0.378333240747,
        "dvar2": 0.998053312302,
        "max": 7.55151367188,
        "mean": 2.33657717705,
        "median": 2.21429634094,
        "min": -2.05667543411,
        "var": 1.81733191013
    },
    "barkbands_spread": {
        "dmean": 3.07649493217,
        "dmean2": 4.64248228073,
        "dvar": 20.0860176086,
        "dvar2": 41.5613975525,
        "max": 78.0014266968,
        "mean": 10.1186714172,
        "median": 8.65206432343,
        "min": 0.956671476364,
        "var": 55.8307380676
    },
    "dissonance": {
        "dmean": 0.0247430708259,
        "dmean2": 0.041784580797,
        "dvar": 0.000371629110305,
        "dvar2": 0.000974247988779,
        "max": 0.499646484852,
        "mean": 0.425562590361,
        "median": 0.427432328463,
        "min": 0.331533938646,
        "var": 0.000915175536647
    },
    "dynamic_complexity": 4.56268453598,
    "erbbands_kurtosis": {
        "dmean": 1.11503124237,
        "dmean2": 1.83032226562,
        "dvar": 3.66250014305,
        "dvar2": 9.67915725708,
        "max": 22.661523819,
        "mean": 0.403311431408,
        "median": -0.278694629669,
        "min": -1.65957415104,
        "var": 6.14590072632
    },
    "erbbands_skewness": {
        "dmean": 0.411480933428,
        "dmean2": 0.637078940868,
        "dvar": 0.167268738151,
        "dvar2": 0.427604436874,
        "max": 4.6167011261,
        "mean": 0.743083715439,
        "median": 0.702407717705,
        "min": -0.938988208771,
        "var": 0.664000451565
    },
    "erbbands_spread": {
        "dmean": 5.29515218735,
        "dmean2": 8.17704772949,
        "dvar": 24.4391956329,
        "dvar2": 64.4990539551,
        "max": 79.6162185669,
        "mean": 30.7928695679,
        "median": 30.7326927185,
        "min": 5.78702354431,
        "var": 98.4329681396
    },
    "hfc": {
        "dmean": 2.08786487579,
        "dmean2": 2.95593833923,
        "dvar": 9.79909038544,
        "dvar2": 20.2291679382,
        "max": 57.0955047607,
        "mean": 7.96478796005,
        "median": 5.89231443405,
        "min": 1.23078400333e-16,
        "var": 62.707572937
    },
    "melbands_kurtosis": {
        "dmean": 9.33998012543,
        "dmean2": 14.5021896362,
        "dvar": 181.961746216,
        "dvar2": 471.215545654,
        "max": 184.1118927,
        "mean": 19.6169528961,
        "median": 13.9815120697,
        "min": -1.21510541439,
        "var": 429.496032715
    },
    "melbands_skewness": {
        "dmean": 0.785846889019,
        "dmean2": 1.15997672081,
        "dvar": 0.592692136765,
        "dvar2": 1.59818732738,
        "max": 11.4744777679,
        "mean": 3.24669599533,
        "median": 3.04225468636,
        "min": -0.288083434105,
        "var": 2.70013022423
    },
    "melbands_spread": {
        "dmean": 3.85034418106,
        "dmean2": 5.90044021606,
        "dvar": 51.8196601868,
        "dvar2": 99.7765808105,
        "max": 146.208145142,
        "mean": 11.8223810196,
        "median": 8.77629470825,
        "min": 0.878868103027,
        "var": 191.687911987
    },
    "pitch_salience": {
        "dmean": 0.0623123012483,
        "dmean2": 0.096198476851,
        "dvar": 0.00314583466388,
        "dvar2": 0.00715554133058,
        "max": 0.977901220322,
        "mean": 0.421798110008,
        "median": 0.424758195877,
        "min": 0.0727861747146,
        "var": 0.0164713356644
    },
    "silence_rate_20dB": {
        "dmean": 0,
        "dmean2": 0,
        "dvar": 0,
        "dvar2": 0,
        "max": 1,
        "mean": 1,
        "median": 1,
        "min": 1,
        "var": 0
    },
    "silence_rate_30dB": {
        "dmean": 0.0061919502914,
        "dmean2": 0.012403100729,
        "dvar": 0.00615362357348,
        "dvar2": 0.0122493114322,
        "max": 1,
        "mean": 0.990726411343,
        "median": 1,
        "min": 0,
        "var": 0.00918752606958
    },
    "silence_rate_60dB": {
        "dmean": 0.0278637763113,
        "dmean2": 0.0558139532804,
        "dvar": 0.0270873010159,
        "dvar2": 0.0713041350245,
        "max": 1,
        "mean": 0.157650694251,
        "median": 0,
        "min": 0,
        "var": 0.132797509432
    },
    "spectral_centroid": {
        "dmean": 155.40222168,
        "dmean2": 225.35697937,
        "dvar": 121809.671875,
        "dvar2": 160407.171875,
        "max": 11279.4267578,
        "mean": 729.024291992,
        "median": 613.52532959,
        "min": 178.892715454,
        "var": 350416.21875
    },
    "spectral_complexity": {
        "dmean": 1.47987616062,
        "dmean2": 2.3658914566,
        "dvar": 1.99572587013,
        "dvar2": 4.69402456284,
        "max": 24,
        "mean": 10.1205568314,
        "median": 10,
        "min": 0,
        "var": 22.06275177
    },
    "spectral_crest": {
        "dmean": 2.51733899117,
        "dmean2": 3.92577672005,
        "dvar": 5.53237724304,
        "dvar2": 14.5369186401,
        "max": 24.6240177155,
        "mean": 14.0540094376,
        "median": 13.7115688324,
        "min": 4.43072080612,
        "var": 23.0390872955
    },
    "spectral_decrease": {
        "dmean": 1.63574731538e-09,
        "dmean2": 2.36621455763e-09,
        "dvar": 6.65303475987e-18,
        "dvar2": 1.43629887941e-17,
        "max": 7.54824486982e-29,
        "mean": -4.91915486123e-09,
        "median": -3.30230953693e-09,
        "min": -4.30170423726e-08,
        "var": 2.96320877748e-17
    },
    "spectral_energy": {
        "dmean": 0.00634708628058,
        "dmean2": 0.00917870458215,
        "dvar": 0.000100009521702,
        "dvar2": 0.000215776250116,
        "max": 0.167534798384,
        "mean": 0.0192884225398,
        "median": 0.0129879489541,
        "min": 1.08786844052e-20,
        "var": 0.000449565821327
    },
    "spectral_energyband_high": {
        "dmean": 1.27822095237e-05,
        "dmean2": 1.74568540388e-05,
        "dvar": 4.07220923648e-10,
        "dvar2": 7.09964642631e-10,
        "max": 0.000354068732122,
        "mean": 4.58104550489e-05,
        "median": 2.55386985373e-05,
        "min": 7.80614463813e-21,
        "var": 3.01658298341e-09
    },
    "spectral_energyband_low": {
        "dmean": 0.000834143953398,
        "dmean2": 0.00116982567124,
        "dvar": 5.10881318405e-06,
        "dvar2": 1.08441936391e-05,
        "max": 0.0289547666907,
        "mean": 0.00266036018729,
        "median": 0.000517182808835,
        "min": 7.5174392678e-23,
        "var": 2.31764697673e-05
    },
    "spectral_energyband_middle_high": {
        "dmean": 0.000478896661662,
        "dmean2": 0.000660782796331,
        "dvar": 7.78337721385e-07,
        "dvar2": 1.61849095548e-06,
        "max": 0.0181511100382,
        "mean": 0.00174787442666,
        "median": 0.0010972028831,
        "min": 1.66439583874e-21,
        "var": 4.52733775091e-06
    },
    "spectral_energyband_middle_low": {
        "dmean": 0.00596259348094,
        "dmean2": 0.00870224181563,
        "dvar": 9.82230121735e-05,
        "dvar2": 0.000213334802538,
        "max": 0.153428986669,
        "mean": 0.0149221597239,
        "median": 0.00912256911397,
        "min": 2.98701083668e-22,
        "var": 0.000345101580024
    },
    "spectral_flatness_db": {
        "dmean": 0.0227485112846,
        "dmean2": 0.0342447273433,
        "dvar": 0.000478871981613,
        "dvar2": 0.00117836822756,
        "max": 0.369504958391,
        "mean": 0.213384211063,
        "median": 0.21280361712,
        "min": 0.0449247285724,
        "var": 0.00262752384879
    },
    "spectral_flux": {
        "dmean": 0.0161938425153,
        "dmean2": 0.0269914753735,
        "dvar": 0.000344802043401,
        "dvar2": 0.000989464111626,
        "max": 0.170660674572,
        "mean": 0.0422620102763,
        "median": 0.0362517163157,
        "min": 1.04300929005e-10,
        "var": 0.000836221675854
    },
    "spectral_kurtosis": {
        "dmean": 3.94063520432,
        "dmean2": 7.0028834343,
        "dvar": 12.9134912491,
        "dvar2": 42.0259552002,
        "max": 41.4972038269,
        "mean": 10.6465101242,
        "median": 9.32968997955,
        "min": -1.1787314415,
        "var": 35.8116188049
    },
    "spectral_rms": {
        "dmean": 0.00063718133606,
        "dmean2": 0.000935997988563,
        "dvar": 5.52436461021e-07,
        "dvar2": 1.37756865115e-06,
        "max": 0.0127847008407,
        "mean": 0.00378402648494,
        "median": 0.00355965853669,
        "min": 3.25781372365e-12,
        "var": 4.49913977718e-06
    },
    "spectral_rolloff": {
        "dmean": 259.698120117,
        "dmean2": 436.973358154,
        "dvar": 822718.9375,
        "dvar2": 1361517,
        "max": 19229.1503906,
        "mean": 866.753601074,
        "median": 538.330078125,
        "min": 86.1328125,
        "var": 3485474.5
    },
    "spectral_skewness": {
        "dmean": 0.352100163698,
        "dmean2": 0.60644865036,
        "dvar": 0.0829147100449,
        "dvar2": 0.261597603559,
        "max": 4.92846488953,
        "mean": 2.23958563805,
        "median": 2.15589404106,
        "min": 0.013937279582,
        "var": 0.353936731815
    },
    "spectral_spread": {
        "dmean": 309664.0625,
        "dmean2": 459753.625,
        "dvar": 1.48843226726e+12,
        "dvar2": 1.53512850227e+12,
        "max": 39603080,
        "mean": 3050373.25,
        "median": 2915832.5,
        "min": 1560266.875,
        "var": 3.17397978317e+12
    },
    "spectral_strongpeak": {
        "dmean": 0.325920403004,
        "dmean2": 0.507613241673,
        "dvar": 0.227147996426,
        "dvar2": 0.539680063725,
        "max": 5.74314785004,
        "mean": 0.937968671322,
        "median": 0.714084684849,
        "min": 0,
        "var": 0.706097841263
    },
    "zerocrossingrate": {
        "dmean": 0.00600147526711,
        "dmean2": 0.00737418234348,
        "dvar": 0.000330719398335,
        "dvar2": 0.000378842552891,
        "max": 0.50537109375,
        "mean": 0.0342936441302,
        "median": 0.02685546875,
        "min": 0.0048828125,
        "var": 0.00230695167556
    },
    "barkbands": {
        "dmean": [2.95731092592e-06, 0.000562292756513, 0.000328337133396, 0.000123645440908, 0.00271591707133, 0.00340525875799, 0.000142489487189, 0.000309178984025, 0.000187029392691, 0.000131614477141, 7.16612848919e-05, 0.000298651430057, 3.52379174728e-05, 3.77167489205e-05, 0.000117242096167, 6.19141355855e-05, 5.94494158577e-05, 4.51242485724e-05, 2.45546452788e-05, 1.18772795759e-05, 4.79838672618e-06, 2.29820170716e-06, 1.94105996343e-06, 2.07946845876e-06, 6.16186980551e-07, 1.58105507353e-07, 1.33158231108e-08],
        "dmean2": [5.18717297382e-06, 0.000828472315334, 0.000475797074614, 0.000158982918947, 0.00372950080782, 0.00519251218066, 0.000185589975445, 0.000418141280534, 0.00025124187232, 0.000194120089873, 0.000109228240035, 0.000446673016995, 5.03726405441e-05, 5.61295964872e-05, 0.000175882887561, 9.16323551792e-05, 9.74608046818e-05, 6.94369882694e-05, 3.90014356526e-05, 1.71874253283e-05, 7.55498467697e-06, 3.2809800814e-06, 2.95021982311e-06, 3.08022822537e-06, 8.72440693911e-07, 2.29880171787e-07, 2.25328911085e-08],
        "dvar": [7.36234753718e-11, 3.0864978271e-06, 7.84394387665e-07, 1.65239953276e-07, 2.04403677344e-05, 5.10246427439e-05, 1.12136213204e-07, 4.59703159095e-07, 1.69780648207e-07, 1.07854923215e-07, 1.23269838781e-08, 6.62428078613e-07, 5.00466024178e-09, 3.30246674451e-09, 4.06505904493e-08, 9.93911886127e-09, 2.88226633671e-08, 9.11011710514e-09, 1.92322868742e-09, 5.77720538075e-10, 7.27140153645e-11, 1.63063035297e-11, 1.23317744904e-11, 1.20808389334e-11, 1.14010667226e-12, 6.72395014559e-14, 4.25378278515e-16],
        "dvar2": [1.97399124824e-10, 6.88329419063e-06, 1.58574016496e-06, 1.98657104988e-07, 3.57073622581e-05, 0.000125450053019, 2.0015933444e-07, 8.02297734026e-07, 2.61343842567e-07, 2.98570796531e-07, 2.74300209213e-08, 1.44157240811e-06, 8.586796163e-09, 7.8623028088e-09, 8.45179641829e-08, 1.74651333396e-08, 7.9746200754e-08, 2.28019452209e-08, 4.36317204588e-09, 1.23247845263e-09, 1.72012515343e-10, 3.64707812561e-11, 2.62754661778e-11, 2.60434954852e-11, 2.17820076212e-12, 1.40951811854e-13, 1.14863713345e-15],
        "max": [0.00011612020171, 0.0266193579882, 0.0125109208748, 0.00989508256316, 0.062437556684, 0.0878875106573, 0.00679910881445, 0.0212012026459, 0.00809872150421, 0.0060746925883, 0.00177722366061, 0.01505725272, 0.00153532344848, 0.000708902720362, 0.00249682087451, 0.00249748467468, 0.00329109258018, 0.00142614357173, 0.000666684820317, 0.0005840951344, 0.000135693408083, 5.65481059311e-05, 6.07396650594e-05, 5.53561694687e-05, 1.90690061572e-05, 3.29469912685e-06, 2.31306643173e-07],
        "mean": [4.79993877889e-06, 0.00160478404723, 0.00101666909177, 0.000261508917902, 0.00635742582381, 0.00650216685608, 0.000385206163628, 0.000805312476587, 0.00050160381943, 0.000250605517067, 0.000154046734679, 0.000533561047632, 7.2506183642e-05, 8.39115236886e-05, 0.000264536793111, 0.000141948999953, 0.000121703735203, 0.000105628743768, 6.21985891485e-05, 2.80414988083e-05, 1.2463047824e-05, 5.38870017408e-06, 5.27984047949e-06, 5.03408909935e-06, 1.67441817212e-06, 4.36709370888e-07, 2.4912077734e-08],
        "median": [7.17315970178e-07, 0.000143432349432, 0.000183997995919, 4.56301349914e-05, 0.00223654694855, 0.0016334435204, 9.97510360321e-05, 0.000219978595851, 0.00010933856538, 5.67018541915e-05, 8.58611601871e-05, 0.000156821057317, 3.17865924444e-05, 3.96455761802e-05, 0.000112525813165, 6.36836557533e-05, 5.15282881679e-05, 5.88714174228e-05, 2.95583031402e-05, 1.27020775835e-05, 5.68187624594e-06, 2.54220503848e-06, 2.84142970486e-06, 2.75859542853e-06, 9.25380334138e-07, 2.62386464556e-07, 1.67876521573e-08],
        "min": [2.56797038507e-23, 5.16583039429e-23, 8.69294819725e-24, 1.68371769762e-24, 4.83949630829e-23, 5.19173343097e-23, 2.23279301054e-23, 1.04868940997e-22, 6.65255489051e-23, 5.54598814432e-23, 1.55699572078e-22, 1.0129890995e-22, 5.5343754807e-23, 1.77643562003e-22, 1.2291638088e-22, 1.12252243619e-22, 1.81945845297e-22, 1.6107575381e-22, 3.59948042401e-22, 2.84605666526e-22, 4.46743567903e-22, 4.67233756599e-22, 7.40188061151e-22, 5.58289459156e-22, 1.26551676599e-21, 1.82554035598e-21, 2.56686887019e-21],
        "var": [1.95923555157e-10, 1.09443144538e-05, 4.27821305493e-06, 6.25783968644e-07, 9.06061395654e-05, 0.00014044062118, 6.01496935815e-07, 4.15938120568e-06, 9.5100699582e-07, 3.11412890142e-07, 3.72358108791e-08, 1.85584826795e-06, 2.19315303696e-08, 1.22960228666e-08, 1.4385328484e-07, 6.3922037441e-08, 5.90768678421e-08, 2.24406662142e-08, 8.11793476885e-09, 2.32602870298e-09, 2.90903079403e-10, 6.1404013818e-11, 4.48642407946e-11, 4.57491891592e-11, 5.37123123756e-12, 2.69522495685e-13, 7.42458788982e-16]
    },
    "erbbands": {
        "dmean": [0.0096928300336, 0.149678841233, 0.427971512079, 0.295795619488, 3.40342950821, 7.1484208107, 41.7103347778, 11.1526403427, 2.2658059597, 3.80363416672, 7.21122074127, 4.14531612396, 3.25966477394, 3.70849680901, 2.9898211956, 14.274728775, 2.68626713753, 2.06257605553, 5.73355722427, 3.25838732719, 3.66569805145, 2.42266201973, 2.35593676567, 1.61554920673, 1.0460370779, 0.578462958336, 0.239459618926, 0.161172106862, 0.0828078389168, 0.0690031051636, 0.0536938905716, 0.0740771889687, 0.0120109543204, 0.00775898201391, 0.00421373452991, 0.000983481178991, 0.000308144371957, 4.31106927863e-05, 3.36238417731e-06, 7.01304907125e-06],
        "dmean2": [0.0126641262323, 0.2226267308, 0.61446505785, 0.378118753433, 3.83910608292, 10.5241146088, 63.7970161438, 15.721944809, 2.81323862076, 5.14591264725, 10.0373067856, 5.67231798172, 4.57527637482, 5.60903358459, 4.45303964615, 21.2251853943, 4.01250648499, 3.14825892448, 8.60390090942, 4.82361412048, 5.38030576706, 3.86319684982, 3.66702389717, 2.45442295074, 1.58822584152, 0.819424331188, 0.354095071554, 0.252894461155, 0.122244760394, 0.103064164519, 0.0794982686639, 0.111283220351, 0.0172846317291, 0.0111390938982, 0.00614663446322, 0.00140346353874, 0.000459856528323, 6.31454095128e-05, 4.79109985463e-06, 1.01317154986e-05],
        "dvar": [0.00100609299261, 0.214187473059, 1.32803106308, 0.535573780537, 115.83795929, 148.292037964, 7846.4375, 440.512817383, 16.5401039124, 186.246139526, 209.14781189, 79.6907501221, 44.7607574463, 125.873260498, 40.9261932373, 1703.41259766, 19.6385746002, 10.4990749359, 117.431259155, 34.2778549194, 43.6221122742, 35.2900085449, 20.9178199768, 8.89121723175, 3.70219302177, 0.994033873081, 0.167851164937, 0.120338521898, 0.0274555422366, 0.017023768276, 0.0075041311793, 0.0154142575338, 0.00036596209975, 0.000215232532355, 6.1809856561e-05, 2.78212519333e-06, 2.63341036089e-07, 4.04712663382e-09, 2.29322429102e-11, 1.21606003045e-10],
        "dvar2": [0.00169484154321, 0.489651411772, 2.64056634903, 0.668998658657, 118.888153076, 324.158905029, 17407.6601562, 879.243774414, 21.6850795746, 385.773773193, 362.542510986, 126.080955505, 95.3182678223, 374.917694092, 86.0612792969, 3725.3527832, 44.0528030396, 26.1955909729, 246.076644897, 78.9572143555, 90.7282409668, 93.3387451172, 53.6005020142, 17.9656543732, 8.51354026794, 2.1294491291, 0.321207761765, 0.307712227106, 0.0644572153687, 0.0363981612027, 0.014357086271, 0.0337604172528, 0.000787696160842, 0.000399547483539, 0.000125012113131, 5.29612816536e-06, 6.1688660935e-07, 8.3278575147e-09, 4.61704181831e-11, 2.61667854051e-10],
        "max": [0.760550200939, 6.55441093445, 17.8847885132, 17.5743255615, 245.249145508, 160.555953979, 1354.97937012, 446.122924805, 63.8685760498, 468.422180176, 191.268798828, 209.632537842, 112.158500671, 232.629653931, 101.33795166, 773.033874512, 59.5318717957, 40.3148002625, 144.322967529, 94.6102828979, 149.418380737, 124.866149902, 77.9535522461, 47.0709495544, 35.6269187927, 15.8514757156, 5.28759288788, 7.44569540024, 2.43915009499, 1.77027130127, 1.22555279732, 2.14789128304, 0.304415911436, 0.292032361031, 0.181419178843, 0.0281258188188, 0.00712108891457, 0.000815843755845, 8.47953051561e-05, 0.000186375968042],
        "mean": [0.0247183926404, 0.435537993908, 1.34940135479, 0.874100029469, 9.00338935852, 17.1637477875, 78.354309082, 24.9938106537, 6.14833974838, 12.6433572769, 15.8044900894, 11.8792104721, 7.48554992676, 7.53724765778, 6.58327817917, 25.8276691437, 6.11295127869, 5.1284661293, 12.2942476273, 8.03123760223, 8.97529029846, 5.90297937393, 5.84170722961, 3.99982142448, 2.6620194912, 1.41356348991, 0.63153898716, 0.420051217079, 0.204118937254, 0.163256585598, 0.15799690783, 0.179659754038, 0.0347351022065, 0.019864493981, 0.0109889646992, 0.00264255190268, 0.000777861801907, 0.000117204333947, 1.20891354527e-05, 2.17795004573e-05],
        "median": [0.00268096802756, 0.0425907149911, 0.271851211786, 0.356158822775, 1.05698204041, 5.5077881813, 21.9344749451, 6.84280633926, 2.79628443718, 1.90881407261, 5.92276477814, 3.32704997063, 2.45598077774, 3.06921815872, 3.0576775074, 7.36155319214, 3.07049822807, 2.77094125748, 5.2643404007, 4.19751310349, 4.34358263016, 3.49764347076, 3.74366545677, 1.98815190792, 1.26263821125, 0.629041790962, 0.303031235933, 0.196462213993, 0.0978274643421, 0.0861526206136, 0.0903153195977, 0.0994444414973, 0.0192881692201, 0.00992264226079, 0.00536544714123, 0.00143187795766, 0.000450914405519, 7.94355364633e-05, 9.32981856749e-06, 1.46446109284e-05],
        "min": [2.76873143386e-21, 6.9577909484e-21, 8.33435035024e-21, 1.14862534119e-20, 8.27693916897e-20, 1.41310676162e-19, 5.08671202172e-19, 2.5668076152e-19, 2.15507975777e-19, 8.23118431962e-19, 2.65384397284e-18, 1.52369532945e-18, 1.66967709453e-18, 4.16936830881e-18, 4.01468305272e-18, 5.04047758856e-18, 2.67454251331e-18, 7.41790096175e-18, 8.20542074547e-18, 6.29760765836e-18, 7.82133431728e-18, 9.27965373721e-18, 9.67841765819e-18, 1.17284359139e-17, 1.99950862227e-17, 1.4463878359e-17, 1.62240789979e-17, 1.60976841459e-17, 1.5262967918e-17, 2.13765374026e-17, 2.03082286784e-17, 1.18337963901e-17, 1.06453727691e-17, 1.19689676283e-17, 1.08232563055e-17, 4.34756865535e-18, 3.74985042626e-18, 1.55970705101e-18, 4.06168919369e-19, 3.66067584551e-20],
        "var": [0.0045683584176, 0.766257405281, 7.44878578186, 2.52792787552, 578.506652832, 698.748168945, 23596.5449219, 2103.66308594, 93.8302688599, 1760.94287109, 662.663146973, 547.722351074, 176.979949951, 315.779907227, 108.556007385, 4741.67578125, 68.8633270264, 38.8705368042, 350.674560547, 140.180450439, 241.4322052, 88.5018615723, 55.8982391357, 34.6584892273, 15.3351888657, 4.82907915115, 0.735491394997, 0.37936142087, 0.0958041548729, 0.0493152141571, 0.035978782922, 0.0575506575406, 0.00205794884823, 0.000834927486721, 0.000258040148765, 1.2332150618e-05, 8.77683703493e-07, 1.54268313679e-08, 1.34495400927e-10, 5.58471935364e-10]
    },
    "gfcc": {
        "mean": [-106.671318054, 132.74168396, -128.175323486, 19.9897022247, -47.9439468384, -5.01896953583, -46.5411262512, -3.25940895081, -23.0796546936, -8.05341243744, -6.66131162643, -0.336345493793, -5.26251840591],
        "cov": [[19890.7929688, 1154.65429688, -2453.5546875, 146.674057007, -1159.35986328, -348.229064941, -831.056396484, -160.044189453, -243.122146606, -191.384796143, 190.46572876, 211.096923828, 357.600799561], [1154.65429688, 1121.18310547, 212.800552368, -8.31848144531, 328.240020752, 20.3179645538, 151.013092041, -34.1311302185, 51.6997756958, -92.9487686157, 33.7402000427, -11.9032812119, -37.8171424866], [-2453.5546875, 212.800552368, 675.869506836, 99.4381866455, 338.730133057, 67.7305297852, 146.516204834, -0.635241687298, 57.6308174133, -7.20728063583, 18.137298584, -8.79653072357, -27.7420959473], [146.674057007, -8.31848144531, 99.4381866455, 244.532211304, 90.8540115356, 44.7240905762, -16.5865116119, 5.50974369049, 29.9856872559, 18.2708721161, 32.3626060486, 2.12027788162, 38.8234939575], [-1159.35986328, 328.240020752, 338.730133057, 90.8540115356, 366.979309082, 95.5865859985, 140.584396362, 1.95897269249, 51.2859725952, -25.6789894104, 21.3764057159, 7.44543170929, -37.3679542542], [-348.229064941, 20.3179645538, 67.7305297852, 44.7240905762, 95.5865859985, 135.468093872, 88.0632324219, 63.4004821777, 48.0872154236, 37.1837844849, 13.879360199, 14.363743782, -1.01339375973], [-831.056396484, 151.013092041, 146.516204834, -16.5865116119, 140.584396362, 88.0632324219, 171.233764648, 65.2474746704, 63.2280273438, 21.5733852386, 10.7876310349, 3.16180586815, -9.43371009827], [-160.044189453, -34.1311302185, -0.635241687298, 5.50974369049, 1.95897269249, 63.4004821777, 65.2474746704, 101.454566956, 54.5460472107, 40.8824996948, -1.82135438919, 6.46488142014, 10.4877271652], [-243.122146606, 51.6997756958, 57.6308174133, 29.9856872559, 51.2859725952, 48.0872154236, 63.2280273438, 54.5460472107, 104.40271759, 46.4280433655, 25.5431613922, 9.62883758545, 28.4980010986], [-191.384796143, -92.9487686157, -7.20728063583, 18.2708721161, -25.6789894104, 37.1837844849, 21.5733852386, 40.8824996948, 46.4280433655, 114.826057434, 48.6740150452, 12.4879741669, 40.0900497437], [190.46572876, 33.7402000427, 18.137298584, 32.3626060486, 21.3764057159, 13.879360199, 10.7876310349, -1.82135438919, 25.5431613922, 48.6740150452, 107.619735718, 53.7246742249, 52.3929710388], [211.096923828, -11.9032812119, -8.79653072357, 2.12027788162, 7.44543170929, 14.363743782, 3.16180586815, 6.46488142014, 9.62883758545, 12.4879741669, 53.7246742249, 97.2932128906, 53.019493103], [357.600799561, -37.8171424866, -27.7420959473, 38.8234939575, -37.3679542542, -1.01339375973, -9.43371009827, 10.4877271652, 28.4980010986, 40.0900497437, 52.3929710388, 53.019493103, 132.342987061]],
        "icov": [[0.000332140334649, -0.000913102878258, 0.00093962950632, -0.000749146973249, 0.000922742066905, -0.000532879901584, 0.00107630738057, -0.000415038288338, 0.000256045721471, 0.000522745656781, -0.000412869267166, -0.000464296608698, -0.000239611676079], [-0.000913102878258, 0.00409069471061, -0.00213061529212, 0.00250567239709, -0.00413297815248, 0.00223471596837, -0.00376705313101, 0.00149562349543, -0.00150514498819, 6.0495807702e-05, -8.81033774931e-05, 0.00223613576964, 0.000362424150808], [0.00093962950632, -0.00213061529212, 0.00574745004997, -0.00258144922554, -0.000357644050382, -2.21386562771e-05, 0.00154005049262, -0.000590475276113, 0.000438260496594, 0.00110422924627, -0.00106137013063, -0.000872485397849, -0.000789431156591], [-0.000749146973249, 0.00250567239709, -0.00258144922554, 0.00890714488924, -0.00529167382047, -0.00162069615908, 0.00323294126429, -0.000937123200856, -0.00158419122454, -0.000152080901898, -0.00131396658253, 0.00434158416465, -0.00244762236252], [0.000922742066905, -0.00413297815248, -0.000357644050382, -0.00529167382047, 0.013805674389, -0.00541974697262, -0.0020004096441, 0.00383236119524, -0.000598617247306, 0.00308604980819, -0.000859210791532, -0.00401766132563, 0.00235715298913], [-0.000532879901584, 0.00223471596837, -2.21386562771e-05, -0.00162069615908, -0.00541974697262, 0.0182506404817, -0.00720948399976, -0.00533604435623, 0.000549807096832, -0.00424490263686, 0.00171770912129, -0.00196169130504, 0.00234102876857], [0.00107630738057, -0.00376705313101, 0.00154005049262, 0.00323294126429, -0.0020004096441, -0.00720948399976, 0.0227452628314, -0.00980023574084, -0.0013398998417, 0.00201458507217, -0.00314913410693, 0.00134900689591, -0.00244781957008], [-0.000415038288338, 0.00149562349543, -0.000590475276113, -0.000937123200856, 0.00383236119524, -0.00533604435623, -0.00980023574084, 0.0250219553709, -0.00775043480098, -0.00350222177804, 0.00604007439688, -0.00273122009821, 0.00149256247096], [0.000256045721471, -0.00150514498819, 0.000438260496594, -0.00158419122454, -0.000598617247306, 0.000549807096832, -0.0013398998417, -0.00775043480098, 0.0188171081245, -0.00401355791837, -0.00112590857316, 0.000703786092345, -0.00288386223838], [0.000522745656781, 6.0495807702e-05, 0.00110422924627, -0.000152080901898, 0.00308604980819, -0.00424490263686, 0.00201458507217, -0.00350222177804, -0.00401355791837, 0.0189126487821, -0.00996976345778, 0.00439119525254, -0.00253628566861], [-0.000412869267166, -8.81033774931e-05, -0.00106137013063, -0.00131396658253, -0.000859210791532, 0.00171770912129, -0.00314913410693, 0.00604007439688, -0.00112590857316, -0.00996976345778, 0.0208665113896, -0.00927673466504, -0.000960976292845], [-0.000464296608698, 0.00223613576964, -0.000872485397849, 0.00434158416465, -0.00401766132563, -0.00196169130504, 0.00134900689591, -0.00273122009821, 0.000703786092345, 0.00439119525254, -0.00927673466504, 0.0200000125915, -0.00622146110982], [-0.000239611676079, 0.000362424150808, -0.000789431156591, -0.00244762236252, 0.00235715298913, 0.00234102876857, -0.00244781957008, 0.00149256247096, -0.00288386223838, -0.00253628566861, -0.000960976292845, -0.00622146110982, 0.0135125853121]]
    },
    "melbands": {
        "dmean": [0.000124504687847, 0.000214930812945, 0.000128656713059, 0.000328990630805, 0.0011629385408, 0.000334163487423, 2.89933377644e-05, 4.43174794782e-05, 6.07489091635e-05, 2.43529957515e-05, 1.62058568094e-05, 1.55565849127e-05, 8.65149741003e-06, 2.73541008937e-05, 2.51690180448e-05, 2.92255299428e-06, 4.26402630183e-06, 8.16999272502e-06, 7.310921319e-06, 4.68068128612e-06, 4.66994924864e-06, 3.11967050948e-06, 2.5606213967e-06, 2.33134483096e-06, 1.32340403525e-06, 9.93746652966e-07, 4.78707818274e-07, 4.45779903657e-07, 1.78524288685e-07, 1.39430341051e-07, 8.96694558605e-08, 5.27400025874e-08, 4.95372134424e-08, 3.82244316199e-08, 3.19313180341e-08, 4.90529643571e-08, 4.67838034979e-08, 8.70063754377e-09, 7.05592517747e-09, 7.5155845991e-09],
        "dmean2": [0.000176461486262, 0.000307086826069, 0.00014913114137, 0.00042025159928, 0.00177722249646, 0.000488311634399, 3.56701639248e-05, 5.86856695008e-05, 8.51993900142e-05, 3.27492089127e-05, 2.267099444e-05, 2.35729676206e-05, 1.32908207888e-05, 3.96834802814e-05, 3.83278529625e-05, 4.51544838143e-06, 6.34605021332e-06, 1.22187857414e-05, 1.08117465061e-05, 6.98689109413e-06, 7.07598610461e-06, 4.97784822073e-06, 4.08320283896e-06, 3.6082594761e-06, 2.05834408007e-06, 1.55106056354e-06, 7.28455404442e-07, 6.49981245715e-07, 2.60227039917e-07, 2.23903569463e-07, 1.42216777022e-07, 7.88314622469e-08, 7.43273531612e-08, 5.65485152038e-08, 4.80358792743e-08, 7.45319468365e-08, 7.03459974716e-08, 1.34413911113e-08, 1.08022915057e-08, 1.11469304898e-08],
        "dvar": [1.59104629915e-07, 3.34901869792e-07, 1.59994044679e-07, 5.44392605661e-07, 5.73916440771e-06, 4.05669112524e-07, 3.00811042742e-09, 2.32680275047e-08, 1.54956243392e-08, 3.29411942168e-09, 1.11775111389e-09, 2.39999575768e-09, 2.09062905876e-10, 7.73548158861e-09, 2.9135716062e-09, 2.72012256469e-11, 4.5966862261e-11, 2.57208615517e-10, 1.69269306904e-10, 5.4024878321e-11, 8.92297138955e-11, 8.2805311219e-11, 2.84611327561e-11, 3.54015462778e-11, 6.10647079777e-12, 2.86557930163e-12, 1.68253410336e-12, 6.26919740079e-13, 9.56972267272e-14, 6.59260244052e-14, 3.86140873779e-14, 1.35073896173e-14, 7.94003263745e-15, 5.0945296362e-15, 2.49546705931e-15, 6.3983335706e-15, 6.6711086728e-15, 2.23632765231e-16, 1.63833906751e-16, 2.37966150886e-16],
        "dvar2": [3.32362958488e-07, 6.99854865616e-07, 1.60471813615e-07, 7.59070417189e-07, 1.24296202557e-05, 9.53214055244e-07, 4.14022238715e-09, 4.61537617014e-08, 2.70992419615e-08, 5.06192998628e-09, 2.40406072827e-09, 7.11463599146e-09, 4.52621218283e-10, 1.64400262292e-08, 6.70665967206e-09, 6.8172273382e-11, 1.09324729825e-10, 5.27846599763e-10, 3.73213404625e-10, 1.20661286518e-10, 2.26291915761e-10, 2.22894772084e-10, 7.70604829947e-11, 8.85631359915e-11, 1.24380132929e-11, 6.6914551157e-12, 3.623578217e-12, 1.25903963904e-12, 1.82200812055e-13, 1.54738919703e-13, 9.71860328216e-14, 3.04156859746e-14, 1.75657489314e-14, 1.15018298976e-14, 5.03592977933e-15, 1.42898066562e-14, 1.55171709493e-14, 5.33882696132e-16, 3.33596408859e-16, 4.79879475306e-16],
        "max": [0.00765580264851, 0.00853002257645, 0.00999310519546, 0.0139463301748, 0.0378570072353, 0.00870407279581, 0.0008239998715, 0.00555016752332, 0.00181217608042, 0.00142064178362, 0.000551396049559, 0.00102201616392, 0.000240586770815, 0.00161182088777, 0.000916251970921, 7.21108081052e-05, 9.19898666325e-05, 0.000205835720408, 0.000235070488998, 0.000126930492115, 0.000146472593769, 0.000186344594113, 0.000104030739749, 0.000108467851533, 3.53807372449e-05, 2.13990551856e-05, 3.54855474143e-05, 1.42917697303e-05, 4.83197436552e-06, 3.46223532688e-06, 4.07229208577e-06, 1.91803428606e-06, 1.09824895844e-06, 9.30279156819e-07, 6.61274839331e-07, 9.00481893495e-07, 1.39497831242e-06, 2.87656661158e-07, 2.67199396831e-07, 2.76068220728e-07],
        "mean": [0.000337076635333, 0.00068199535599, 0.000351502501871, 0.000864126021042, 0.00227345200256, 0.000702006916981, 7.78279500082e-05, 0.000144856530824, 0.000127413994051, 7.15472415322e-05, 3.55957199645e-05, 3.00349311146e-05, 1.81099421752e-05, 4.95490712638e-05, 4.74930347991e-05, 5.56313534616e-06, 9.53716426011e-06, 1.67895304912e-05, 1.67495109054e-05, 9.95029859041e-06, 1.00740808193e-05, 6.39149129711e-06, 5.75851890972e-06, 4.96987922816e-06, 2.95619270219e-06, 2.41763950726e-06, 1.08744086447e-06, 9.54836195888e-07, 4.1641337134e-07, 3.11600558689e-07, 2.05822402677e-07, 1.09734095588e-07, 1.04465435413e-07, 8.2419013836e-08, 7.99085668746e-08, 1.23153185427e-07, 9.90189263916e-08, 1.90682758472e-08, 1.75883130282e-08, 1.65727822576e-08],
        "median": [3.12859192491e-05, 0.00012366331066, 7.22251352272e-05, 0.000149274492287, 0.000664727005642, 0.000197436864255, 2.83688532363e-05, 1.54382069013e-05, 4.46146368631e-05, 1.5710862499e-05, 1.07638825284e-05, 1.05046510726e-05, 9.25631775317e-06, 1.24046355268e-05, 1.80000461114e-05, 2.49951494879e-06, 4.40075291408e-06, 6.36978529656e-06, 7.73690680944e-06, 4.63839978693e-06, 4.77799676446e-06, 2.8306249078e-06, 3.25194491779e-06, 2.5274644031e-06, 1.27229907321e-06, 1.07455946363e-06, 4.60860860585e-07, 3.3945681821e-07, 1.82600032872e-07, 1.39507591257e-07, 8.75760619579e-08, 4.63215634738e-08, 4.85952895701e-08, 4.13717167191e-08, 4.20943138124e-08, 6.50193214824e-08, 4.94688805475e-08, 8.13027511981e-09, 8.30466451163e-09, 7.40104288965e-09],
        "min": [1.99355847703e-23, 5.55945896979e-24, 2.69565446455e-24, 9.79653699352e-24, 1.38154598727e-23, 6.55597528097e-24, 3.34092375236e-24, 1.0910259497e-23, 1.99543580821e-23, 9.47163831882e-24, 8.46871606267e-24, 1.63393903622e-23, 1.86096342287e-23, 1.0238800816e-23, 7.99032162189e-24, 7.02788212966e-24, 1.47463409844e-23, 1.42818202403e-23, 9.14144559859e-24, 8.24743742331e-24, 9.94626279334e-24, 1.10460429692e-23, 8.31067251347e-24, 7.9683029363e-24, 9.01534539402e-24, 1.42542069532e-23, 1.37482205245e-23, 8.14374560162e-24, 8.9625982096e-24, 1.03699899622e-23, 9.17934089875e-24, 7.54667650398e-24, 1.0810239034e-23, 1.27409508559e-23, 1.18420998636e-23, 9.57607719179e-24, 6.55699606698e-24, 7.19295600725e-24, 7.33433171437e-24, 1.07846499639e-23],
