{
"metadata": {
    "version": {
        "essentia": "2.0.1",
        "extractor": "archive-music 1.0"
    },
    "audio_properties": {
        "analysis_sample_rate": 44100,
        "bitrate": 128,
        "channels": 2,
        "equal_loudness": 0,
        "length": 15.6995916367,
        "replay_gain": 4.07827568054,
        "downmix": "mix"
    },
    "tags": {
        "track": 0,
        "year": 0,
        "album": "",
        "artist": "",
        "comment": "",
        "genre": "",
        "title": ""
    }
},
"highlevel": {
    "culture": {
        "all": {
            "non_western": 0.401638001204,
            "western": 0.598361968994
        },
        "probability": 0.598361968994,
        "value": "western"
    },
    "danceability": {
        "all": {
            "danceable": 0.518430948257,
            "not_danceable": 0.481569051743
        },
        "probability": 0.518430948257,
        "value": "danceable"
    },
    "gender": {
        "all": {
            "female": 0.939463019371,
            "male": 0.0605369843543
        },
        "probability": 0.939463019371,
        "value": "female"
    },
    "genre_dortmund": {
        "all": {
            "alternative": 0.139551430941,
            "blues": 0.00491582741961,
            "electronic": 0.0531248040497,
            "folkcountry": 0.0715899914503,
            "funksoulrnb": 0.00865925010294,
            "jazz": 0.569178819656,
            "pop": 0.0911531001329,
            "raphiphop": 0.0021179295145,
            "rock": 0.0597088746727
        },
        "probability": 0.569178819656,
        "value": "jazz"
    },
    "genre_electronic": {
        "all": {
            "ambient": 0.951797485352,
            "dnb": 0.0123065765947,
            "house": 0.0198317859322,
            "techno": 0.00625952146947,
            "trance": 0.00980460550636
        },
        "probability": 0.951797485352,
        "value": "ambient"
    },
    "genre_rosamerica": {
        "all": {
            "cla": 0.043224286288,
            "dan": 0.275740653276,
            "hip": 0.0406886599958,
            "jaz": 0.0586357414722,
            "pop": 0.198813140392,
            "rhy": 0.143451824784,
            "roc": 0.216831669211,
            "spe": 0.022614037618
        },
        "probability": 0.275740653276,
        "value": "dan"
    },
    "genre_tzanetakis": {
        "all": {
            "blu": 0.0200910270214,
            "cla": 0.0224852971733,
            "cou": 0.0473755672574,
            "dis": 0.0538963824511,
            "hip": 0.046478703618,
            "jaz": 0.115699842572,
            "met": 0.0144953448325,
            "pop": 0.421111434698,
            "reg": 0.0742075294256,
            "roc": 0.184158846736
        },
        "probability": 0.421111434698,
        "value": "pop"
    },
    "mirex_ballroom": {
        "all": {
            "ChaChaCha": 0.0917922258377,
            "Jive": 0.0132513009012,
            "Quickstep": 0.016068181023,
            "Rumba-American": 0.00847329944372,
            "Rumba-International": 0.250090867281,
            "Rumba-Misc": 0.0418701581657,
            "Samba": 0.0339449457824,
            "Tango": 0.01625617221,
            "VienneseWaltz": 0.315524488688,
            "Waltz": 0.212728366256
        },
        "probability": 0.315524488688,
        "value": "VienneseWaltz"
    },
    "mood_acoustic": {
        "all": {
            "acoustic": 0.585411608219,
            "not_acoustic": 0.414588421583
        },
        "probability": 0.585411608219,
        "value": "acoustic"
    },
    "mood_aggressive": {
        "all": {
            "aggressive": 0.00553865591064,
            "not_aggressive": 0.994461357594
        },
        "probability": 0.994461357594,
        "value": "not_aggressive"
    },
    "mood_electronic": {
        "all": {
            "electronic": 0.594111323357,
            "not_electronic": 0.405888646841
        },
        "probability": 0.594111323357,
        "value": "electronic"
    },
    "mood_happy": {
        "all": {
            "happy": 0.366701751947,
            "not_happy": 0.633298277855
        },
        "probability": 0.633298277855,
        "value": "not_happy"
    },
    "mood_party": {
        "all": {
            "not_party": 0.926638007164,
            "party": 0.0733620151877
        },
        "probability": 0.926638007164,
        "value": "not_party"
    },
    "mood_relaxed": {
        "all": {
            "not_relaxed": 0.0567077249289,
            "relaxed": 0.94329226017
        },
        "probability": 0.94329226017,
        "value": "relaxed"
    },
    "mood_sad": {
        "all": {
            "not_sad": 0.110635854304,
            "sad": 0.889364123344
        },
        "probability": 0.889364123344,
        "value": "sad"
    },
    "moods_mirex": {
        "all": {
            "Cluster1": 0.220870047808,
            "Cluster2": 0.198474764824,
            "Cluster3": 0.520203232765,
            "Cluster4": 0.0397438555956,
            "Cluster5": 0.0207081008703
        },
        "probability": 0.520203232765,
        "value": "Cluster3"
    },
    "timbre": {
        "all": {
            "bright": 0.912819981575,
            "dark": 0.0871800035238
        },
        "probability": 0.912819981575,
        "value": "bright"
    },
    "tonal_atonal": {
        "all": {
            "atonal": 0.0392530336976,
            "tonal": 0.960746943951
        },
        "probability": 0.960746943951,
        "value": "tonal"
    },
    "voice_instrumental": {
        "all": {
            "instrumental": 0.969188153744,
            "voice": 0.0308118462563
        },
        "probability": 0.969188153744,
        "value": "instrumental"
    }
},
"lowlevel": {
    "average_loudness": 0.840765297413,
    "barkbands_kurtosis": {
        "dmean": 6.03179502487,
        "dmean2": 9.36174964905,
        "dvar": 73.3496780396,
        "dvar2": 169.019683838,
        "max": 91.6780853271,
        "mean": 14.3655824661,
        "median": 9.23090553284,
        "min": -1.7226639986,
        "var": 208.027267456
    },
    "barkbands_skewness": {
        "dmean": 0.646453201771,
        "dmean2": 0.952052354813,
        "dvar": 0.416247695684,
        "dvar2": 0.873944044113,
        "max": 8.10165882111,
        "mean": 2.62942957878,
        "median": 2.31767416,
        "min": -1.99218714237,
        "var": 2.11857128143
    },
    "barkbands_spread": {
        "dmean": 2.01219773293,
        "dmean2": 2.95333480835,
        "dvar": 14.6664037704,
        "dvar2": 32.7248077393,
        "max": 98.3059616089,
        "mean": 8.20522403717,
        "median": 6.46086978912,
        "min": 1.20199334621,
        "var": 44.2535476685
    },
    "dissonance": {
        "dmean": 0.0206186510623,
        "dmean2": 0.0330267138779,
        "dvar": 0.000391810783185,
        "dvar2": 0.00075845659012,
        "max": 0.496572643518,
        "mean": 0.437254905701,
        "median": 0.439950764179,
        "min": 0.14962477982,
        "var": 0.000935597054195
    },
    "dynamic_complexity": 3.60714769363,
    "erbbands_kurtosis": {
        "dmean": 0.994784712791,
        "dmean2": 1.50713181496,
        "dvar": 0.868603467941,
        "dvar2": 2.0839574337,
        "max": 10.8061513901,
        "mean": 1.97842824459,
        "median": 1.66593003273,
        "min": -1.38923454285,
        "var": 3.38818311691
    },
    "erbbands_skewness": {
        "dmean": 0.274913549423,
        "dmean2": 0.417767316103,
        "dvar": 0.0495411343873,
        "dvar2": 0.115079902112,
        "max": 2.63323760033,
        "mean": 1.06448292732,
        "median": 1.06896424294,
        "min": -0.771626830101,
        "var": 0.294122427702
    },
    "erbbands_spread": {
        "dmean": 5.24123096466,
        "dmean2": 7.4993391037,
        "dvar": 33.1619529724,
        "dvar2": 85.6743927002,
        "max": 98.372215271,
        "mean": 27.6421947479,
        "median": 26.7104377747,
        "min": 9.72906589508,
        "var": 95.4239044189
    },
    "hfc": {
        "dmean": 2.25761914253,
        "dmean2": 3.20524454117,
        "dvar": 5.82942676544,
        "dvar2": 10.7599878311,
        "max": 47.8968582153,
        "mean": 11.5880336761,
        "median": 10.6166305542,
        "min": 1.20978089497e-16,
        "var": 61.2549781799
    },
    "melbands_kurtosis": {
        "dmean": 8.23579311371,
        "dmean2": 12.7774839401,
        "dvar": 157.68371582,
        "dvar2": 371.963562012,
        "max": 154.253356934,
        "mean": 20.4966125488,
        "median": 13.7791557312,
        "min": -1.22704291344,
        "var": 428.424285889
    },
    "melbands_skewness": {
        "dmean": 0.659800648689,
        "dmean2": 0.978369057178,
        "dvar": 0.469365656376,
        "dvar2": 1.04217767715,
        "max": 10.0132799149,
        "mean": 3.04527521133,
        "median": 2.66388511658,
        "min": -0.121600918472,
        "var": 2.33770728111
    },
    "melbands_spread": {
        "dmean": 2.13829112053,
        "dmean2": 3.22345018387,
        "dvar": 40.1109886169,
        "dvar2": 74.3570327759,
        "max": 153.234664917,
        "mean": 8.288230896,
        "median": 6.00283336639,
        "min": 1.0018376112,
        "var": 168.451034546
    },
    "pitch_salience": {
        "dmean": 0.0733981505036,
        "dmean2": 0.121071584523,
        "dvar": 0.00428048847243,
        "dvar2": 0.0113532356918,
        "max": 0.987142026424,
        "mean": 0.495968878269,
        "median": 0.504634141922,
        "min": 0.144317045808,
        "var": 0.0159734580666
    },
    "silence_rate_20dB": {
        "dmean": 0,
        "dmean2": 0,
        "dvar": 0,
        "dvar2": 0,
        "max": 1,
        "mean": 1,
        "median": 1,
        "min": 1,
        "var": 0
    },
    "silence_rate_30dB": {
        "dmean": 0.0738552436233,
        "dmean2": 0.147928997874,
        "dvar": 0.068400926888,
        "dvar2": 0.15858925879,
        "max": 1,
        "mean": 0.83923304081,
        "median": 1,
        "min": 0,
        "var": 0.134922191501
    },
    "silence_rate_60dB": {
        "dmean": 0.00295420968905,
        "dmean2": 0.00591715984046,
        "dvar": 0.00294545805082,
        "dvar2": 0.00588218122721,
        "max": 1,
        "mean": 0.0530973449349,
        "median": 0,
        "min": 0,
        "var": 0.050277788192
    },
    "spectral_centroid": {
        "dmean": 85.120010376,
        "dmean2": 122.095230103,
        "dvar": 82589.0859375,
        "dvar2": 91420.7578125,
        "max": 10410.2011719,
        "mean": 541.839233398,
        "median": 476.063690186,
        "min": 240.148727417,
        "var": 248901.265625
    },
    "spectral_complexity": {
        "dmean": 1.6218611002,
        "dmean2": 2.71597623825,
        "dvar": 1.97223031521,
        "dvar2": 5.18264436722,
        "max": 23,
        "mean": 11.5589971542,
        "median": 12,
        "min": 0,
        "var": 16.0193862915
    },
    "spectral_crest": {
        "dmean": 2.38658690453,
        "dmean2": 3.84322595596,
        "dvar": 4.83254003525,
        "dvar2": 12.0965585709,
        "max": 24.8611907959,
        "mean": 12.1454391479,
        "median": 11.2944059372,
        "min": 3.90617370605,
        "var": 24.9762248993
    },
    "spectral_decrease": {
        "dmean": 4.15263912146e-09,
        "dmean2": 6.3443499343e-09,
        "dvar": 3.05975862206e-17,
        "dvar2": 6.96694194412e-17,
        "max": 8.0589972781e-29,
        "mean": -1.49987631204e-08,
        "median": -1.15397451594e-08,
        "min": -6.6597728221e-08,
        "var": 1.67530967338e-16
    },
    "spectral_energy": {
        "dmean": 0.0158398374915,
        "dmean2": 0.0241750739515,
        "dvar": 0.000442456192104,
        "dvar2": 0.00100627413485,
        "max": 0.253119528294,
        "mean": 0.0576598197222,
        "median": 0.044787414372,
        "min": 1.06689020315e-20,
        "var": 0.00243986072019
    },
    "spectral_energyband_high": {
        "dmean": 5.47186209587e-05,
        "dmean2": 7.64479918871e-05,
        "dvar": 6.39291819482e-09,
        "dvar2": 1.322955967e-08,
        "max": 0.000583596702199,
        "mean": 9.67390224105e-05,
        "median": 6.16135002929e-05,
        "min": 8.1786756052e-21,
        "var": 1.064175148e-08
    },
    "spectral_energyband_low": {
        "dmean": 0.0145055046305,
        "dmean2": 0.0222830995917,
        "dvar": 0.000421186239691,
        "dvar2": 0.000971497793216,
        "max": 0.242442131042,
        "mean": 0.038263682276,
        "median": 0.021326251328,
        "min": 3.99939257638e-23,
        "var": 0.00184302008711
    },
    "spectral_energyband_middle_high": {
        "dmean": 0.000456943642348,
        "dmean2": 0.000661549624056,
        "dvar": 2.41788541189e-07,
        "dvar2": 5.34231617166e-07,
        "max": 0.00577649381012,
        "mean": 0.00155018735677,
        "median": 0.00127121969126,
        "min": 1.30838505792e-21,
        "var": 1.20916593005e-06
    },
    "spectral_energyband_middle_low": {
        "dmean": 0.0044203097932,
        "dmean2": 0.00666542444378,
        "dvar": 3.1345145544e-05,
        "dvar2": 6.92320681992e-05,
        "max": 0.0977211818099,
        "mean": 0.0186359658837,
        "median": 0.0127865187824,
        "min": 2.57457845199e-22,
        "var": 0.000302755477605
    },
    "spectral_flatness_db": {
        "dmean": 0.0206780023873,
        "dmean2": 0.0300221480429,
        "dvar": 0.00027409181348,
        "dvar2": 0.000634769443423,
        "max": 0.353609263897,
        "mean": 0.197022154927,
        "median": 0.195609629154,
        "min": 0.0359073877335,
        "var": 0.00283277500421
    },
    "spectral_flux": {
        "dmean": 0.0246065221727,
        "dmean2": 0.0420494526625,
        "dvar": 0.000881403277162,
        "dvar2": 0.00221879268065,
        "max": 0.331064194441,
        "mean": 0.0818543285131,
        "median": 0.0750783830881,
        "min": 1.03290376252e-10,
        "var": 0.00210923864506
    },
    "spectral_kurtosis": {
        "dmean": 2.34769511223,
        "dmean2": 3.98098516464,
        "dvar": 4.96068048477,
        "dvar2": 14.2453718185,
        "max": 24.8046169281,
        "mean": 9.54104328156,
        "median": 9.01745414734,
        "min": -1.19415128231,
        "var": 11.8714809418
    },
    "spectral_rms": {
        "dmean": 0.00095996633172,
        "dmean2": 0.001451440854,
        "dvar": 1.02874594177e-06,
        "dvar2": 2.27406621889e-06,
        "max": 0.0157145112753,
        "mean": 0.00675581628457,
        "median": 0.00661021936685,
        "min": 3.2262493458e-12,
        "var": 1.06124834929e-05
    },
    "spectral_rolloff": {
        "dmean": 134.03364563,
        "dmean2": 220.906219482,
        "dvar": 715321.375,
        "dvar2": 1197644.375,
        "max": 19121.484375,
        "mean": 573.203369141,
        "median": 344.53125,
        "min": 64.599609375,
        "var": 3214816.25
    },
    "spectral_skewness": {
        "dmean": 0.239120781422,
        "dmean2": 0.389342278242,
        "dvar": 0.0412617586553,
        "dvar2": 0.113935887814,
        "max": 3.85530209541,
        "mean": 2.49677801132,
        "median": 2.47779273987,
        "min": 0.0326515994966,
        "var": 0.152765870094
    },
    "spectral_spread": {
        "dmean": 700327.6875,
        "dmean2": 947487.8125,
        "dvar": 1.7760756695e+12,
        "dvar2": 2.1163269161e+12,
        "max": 40589232,
        "mean": 4190734.75,
        "median": 3829270,
        "min": 2285479.5,
        "var": 3.47115146445e+12
    },
    "spectral_strongpeak": {
        "dmean": 0.296650469303,
        "dmean2": 0.507859647274,
        "dvar": 0.159680187702,
        "dvar2": 0.426982462406,
        "max": 2.99055790901,
        "mean": 0.589113712311,
        "median": 0.455442488194,
        "min": 0,
        "var": 0.260781079531
    },
    "zerocrossingrate": {
        "dmean": 0.00641833804548,
        "dmean2": 0.00841779541224,
        "dvar": 0.00040447563515,
        "dvar2": 0.000676031631883,
        "max": 0.5126953125,
        "mean": 0.0282094050199,
        "median": 0.02099609375,
        "min": 0.00341796875,
        "var": 0.00211817352101
    },
    "barkbands": {
        "dmean": [0.00143308728002, 0.011110833846, 0.00505589414388, 0.00182727503125, 0.00238105282187, 0.00186220929027, 0.000828093034215, 0.000123451085528, 0.000516329309903, 0.000200902737561, 0.000260833156062, 8.91900854185e-05, 0.000120264179714, 4.73208892799e-05, 4.27047816629e-05, 3.92637957702e-05, 3.19108876283e-05, 1.79509061127e-05, 1.76187622856e-05, 8.7099870143e-06, 4.99263660458e-06, 4.15887961935e-06, 5.17954049428e-06, 4.19055504608e-06, 1.22728188217e-05, 2.79692703771e-05, 2.44542979999e-06],
        "dmean2": [0.00258202338591, 0.0175911355764, 0.00778619293123, 0.00314454431646, 0.00364761799574, 0.00260236742906, 0.00114823831245, 0.000186717501492, 0.000642387080006, 0.000260816887021, 0.000395513663534, 0.000132106026285, 0.000197082321392, 7.52948690206e-05, 7.39625684218e-05, 6.7890068749e-05, 5.34970713488e-05, 3.04684490402e-05, 2.97885726468e-05, 1.5143426026e-05, 8.15618568595e-06, 6.47935576126e-06, 7.99453846412e-06, 6.50784795653e-06, 1.90099144675e-05, 3.80800156563e-05, 3.40752330885e-06],
        "dvar": [3.40802671417e-06, 0.000319941173075, 8.81202431628e-05, 6.86088014845e-06, 1.2720621271e-05, 9.63182719715e-06, 2.14508736462e-06, 3.17137995864e-08, 5.07785387072e-07, 9.34466086733e-08, 1.67437065102e-07, 3.10549985727e-08, 2.43397177968e-08, 3.90569177e-09, 3.00583202772e-09, 2.29468777313e-09, 1.96259408725e-09, 4.34434849206e-10, 4.90998963709e-10, 8.67673988214e-11, 2.45634675794e-11, 2.01759442486e-11, 4.44481951245e-11, 2.74645618747e-11, 6.38840147449e-10, 2.14810613741e-09, 2.2490351595e-11],
        "dvar2": [1.05570297819e-05, 0.000779168563895, 0.000194297565031, 1.90982354979e-05, 2.97762489936e-05, 2.17289070861e-05, 4.73551062896e-06, 7.51743627347e-08, 7.70938243022e-07, 1.45469016388e-07, 3.94870227183e-07, 6.52563301173e-08, 6.62953993924e-08, 9.86236781131e-09, 8.90725004865e-09, 6.6669909593e-09, 5.02312325068e-09, 1.20243370816e-09, 1.42181211249e-09, 2.39842506966e-10, 5.91687671081e-11, 4.86049638038e-11, 1.07902103919e-10, 6.42325290179e-11, 1.64708990891e-09, 3.82607989735e-09, 3.93684980449e-11],
        "max": [0.0165013074875, 0.220353588462, 0.0940163433552, 0.0237585157156, 0.0389779396355, 0.0573925934732, 0.0304757151753, 0.00321106286719, 0.0140180429444, 0.00377313909121, 0.00414864299819, 0.0026133840438, 0.00202045566402, 0.000911021430511, 0.000537750893272, 0.000509827630594, 0.000475967186503, 0.000196662484086, 0.00021907761402, 0.000101979603642, 4.8709782277e-05, 4.43155950052e-05, 5.50332442799e-05, 4.89174090035e-05, 0.000197957095224, 0.000383122300263, 4.28516541433e-05],
        "mean": [0.00200605671853, 0.0264874733984, 0.00889146421105, 0.0030930840876, 0.00607356568798, 0.00562494853511, 0.00214478955604, 0.00027181673795, 0.00141078210436, 0.000411677989177, 0.000391996640246, 0.000150600826601, 0.000194541469682, 0.000102309975773, 7.27931401343e-05, 7.50586259528e-05, 6.69132932671e-05, 3.80009078071e-05, 4.24818208558e-05, 2.12426821236e-05, 1.09523462015e-05, 8.19349952508e-06, 9.78824937192e-06, 8.73675253388e-06, 1.49928164319e-05, 3.27298148477e-05, 2.92433742288e-06],
        "median": [0.00121057359502, 0.0116470213979, 0.00225647329353, 0.00158058223315, 0.00312038417906, 0.00293951341882, 0.000689110369422, 0.000145944650285, 0.000760047871154, 0.000211175880395, 0.000178460526513, 7.02139077475e-05, 0.000132313289214, 7.10337917553e-05, 5.44414069736e-05, 6.12262883806e-05, 4.56122434116e-05, 3.1966039387e-05, 3.38435056619e-05, 1.74823071575e-05, 9.20568527363e-06, 6.83309372107e-06, 7.76939577918e-06, 7.00151667843e-06, 5.9577760112e-06, 6.96710912962e-06, 4.46170361101e-07],
        "min": [1.21367504557e-23, 1.53453719791e-23, 8.44960432951e-24, 6.90755165376e-24, 6.06026739436e-23, 2.06178327019e-23, 5.38345944756e-23, 4.64122463946e-23, 6.12404837627e-23, 5.83169463152e-23, 4.93735797457e-23, 1.2884003208e-22, 8.15324790454e-23, 7.64797239733e-23, 1.59506539076e-22, 1.16892361328e-22, 7.92548609072e-23, 1.58675130169e-22, 2.62217137704e-22, 2.97167639042e-22, 5.78266396015e-22, 3.88925213234e-22, 7.7127539073e-22, 8.49135330986e-22, 1.21857790129e-21, 1.89470242949e-21, 2.47341684801e-21],
        "var": [4.92516210215e-06, 0.00142843811773, 0.000198101668502, 1.57136983034e-05, 5.05907846673e-05, 5.23978415004e-05, 1.41290893225e-05, 1.21257798469e-07, 3.79695620722e-06, 3.17532823146e-07, 3.35093659487e-07, 6.29212664194e-08, 4.15163903256e-08, 1.00899688604e-08, 5.13499553989e-09, 4.15247525254e-09, 4.27927915325e-09, 8.47784287217e-10, 1.24700472171e-09, 2.54647886111e-10, 4.97778693265e-11, 3.4012882788e-11, 6.66739372046e-11, 4.31077604168e-11, 5.80828163343e-10, 3.60899199414e-09, 3.74097558486e-11]
    },
    "erbbands": {
        "dmean": [0.451831281185, 2.23718476295, 5.28907871246, 5.11076831818, 6.9099111557, 9.83973693848, 9.16391944885, 16.049161911, 12.3994569778, 5.99686479568, 3.49277210236, 13.8653354645, 3.18309211731, 8.79313659668, 8.57166004181, 2.37942123413, 5.85696411133, 2.1564848423, 1.70970129967, 2.90635156631, 2.53812217712, 1.29815065861, 1.05267035961, 0.847091794014, 0.839159369469, 0.473353594542, 0.230666488409, 0.16852915287, 0.146466106176, 0.138941928744, 0.176987797022, 0.0843741521239, 0.0777434110641, 0.0825426951051, 0.114685609937, 0.0871795937419, 0.0622746832669, 0.0128798494115, 0.000271432683803, 2.11861843127e-05],
        "dmean2": [0.749575078487, 3.3973801136, 7.96680116653, 8.55261993408, 11.1412153244, 15.5862207413, 14.1535453796, 21.4978599548, 17.2642421722, 7.91846513748, 4.8505730629, 17.339471817, 4.36378955841, 11.5973148346, 12.9748287201, 3.65218234062, 9.644490242, 3.23775100708, 2.88722372055, 5.15576410294, 4.38799285889, 2.17374825478, 1.82329034805, 1.39717757702, 1.41424822807, 0.822034060955, 0.389899611473, 0.270446836948, 0.230113938451, 0.213635995984, 0.27943611145, 0.133491590619, 0.119112446904, 0.129959896207, 0.178234398365, 0.127962529659, 0.0838715434074, 0.0160202551633, 0.000343586929375, 3.03914857795e-05],
        "dvar": [0.540888369083, 12.3410787582, 91.2960205078, 59.138759613, 117.565406799, 204.301330566, 179.279907227, 850.409729004, 566.110656738, 81.3359069824, 20.093957901, 423.395629883, 19.7735710144, 132.880615234, 159.17515564, 14.5854625702, 60.0746498108, 8.95424556732, 4.53230047226, 14.0463886261, 10.3235225677, 2.69156050682, 1.41678500175, 1.05869626999, 1.53422093391, 0.263221681118, 0.0639635846019, 0.0326030403376, 0.0258266497403, 0.0235422160476, 0.0579627715051, 0.0100089805201, 0.0111112855375, 0.0168419666588, 0.0614904984832, 0.0270358771086, 0.0109404819086, 0.000487734854687, 2.19630308607e-07, 6.04104821722e-10],
        "dvar2": [1.40958297253, 30.3390865326, 197.227874756, 150.908554077, 271.767425537, 519.367370605, 422.927520752, 1944.94421387, 1269.34460449, 139.296035767, 43.5623054504, 643.216430664, 36.0963172913, 221.206008911, 360.61819458, 31.8597240448, 163.801361084, 20.7230949402, 11.9970531464, 40.3074836731, 29.5869255066, 6.93218183517, 3.86713123322, 3.03608846664, 4.36510276794, 0.729879140854, 0.168536856771, 0.077733501792, 0.0620951466262, 0.0533622317016, 0.143666878343, 0.0239197630435, 0.025767788291, 0.0404824055731, 0.158167108893, 0.0640331283212, 0.0196038484573, 0.000780138478149, 3.52783445123e-07, 1.27055244104e-09],
        "max": [9.21142482758, 38.7760353088, 100.999923706, 90.2091674805, 156.626647949, 161.941390991, 246.027328491, 472.203094482, 482.658447266, 158.666229248, 81.7264633179, 404.982788086, 56.9804763794, 151.160812378, 135.191329956, 58.0172767639, 102.991630554, 44.7124290466, 31.9756603241, 33.6356735229, 29.2851467133, 19.0913658142, 11.8951864243, 9.64781093597, 14.0558519363, 5.81938362122, 3.04314351082, 1.79486393929, 1.66214978695, 1.60953438282, 1.91047143936, 1.2249392271, 0.984393894672, 0.928519010544, 2.01822066307, 1.29474914074, 0.920542836189, 0.201782792807, 0.00448681367561, 0.000324796244968],
        "mean": [0.926175832748, 5.45333480835, 10.5630207062, 9.22394561768, 15.5995635986, 23.8714485168, 28.1483631134, 49.3367080688, 34.8629112244, 16.5306968689, 11.3413658142, 36.9944152832, 9.01594734192, 18.2081222534, 14.9405174255, 5.23883056641, 9.60344314575, 4.9676618576, 3.69063568115, 4.71979188919, 4.75251340866, 3.21875214577, 2.43604874611, 2.00251960754, 1.8730751276, 1.14343619347, 0.552080869675, 0.35940605402, 0.285756856203, 0.289389908314, 0.308056712151, 0.176444962621, 0.150221586227, 0.125509142876, 0.125971913338, 0.0932820662856, 0.0714754536748, 0.0156521517783, 0.000351366819814, 7.17634684406e-05],
        "median": [0.365506231785, 2.27725934982, 4.06464481354, 5.61024522781, 7.58227920532, 11.8601207733, 15.8459396362, 22.0234909058, 10.8229293823, 7.48519229889, 6.57594251633, 17.55818367, 5.7704706192, 11.2422523499, 8.49574661255, 3.58025217056, 6.45736503601, 3.51039934158, 2.76459693909, 3.54434728622, 3.69794511795, 2.46624517441, 2.02599191666, 1.62046074867, 1.40487146378, 0.89732336998, 0.484094321728, 0.300794929266, 0.237204641104, 0.241545572877, 0.234110370278, 0.148950770497, 0.114180393517, 0.0761893466115, 0.0340785011649, 0.0205625928938, 0.0141490809619, 0.00278679886833, 9.13638214115e-05, 5.9545483964e-05],
        "min": [1.07679710462e-21, 1.18912544492e-21, 6.58326553902e-21, 2.35632591841e-20, 2.14500938311e-20, 2.35810529376e-19, 3.75500965514e-19, 1.71244843266e-19, 4.61669145405e-19, 1.25479462874e-18, 8.18046677434e-19, 1.75424700638e-18, 1.30497802214e-18, 2.41652792305e-18, 2.81545852092e-18, 4.73973374299e-18, 4.04811438435e-18, 4.24937032252e-18, 4.63672039182e-18, 8.88356409116e-18, 6.38003579282e-18, 5.31505647058e-18, 8.09508725946e-18, 1.22402092502e-17, 1.36852259515e-17, 1.2660933162e-17, 2.27797351609e-17, 1.84775754125e-17, 1.47820533817e-17, 1.99239139484e-17, 2.43821874938e-17, 1.8688109422e-17, 1.29387740308e-17, 1.11495376981e-17, 9.82690733149e-18, 8.02415321322e-18, 3.17535570646e-18, 1.32062083471e-18, 3.05004187616e-19, 4.07697613764e-20],
        "var": [1.92539036274, 57.4855690002, 244.391525269, 107.022888184, 584.823303223, 859.873535156, 1043.55700684, 4411.87353516, 3705.59887695, 549.917907715, 155.934646606, 2956.69799805, 86.1237411499, 433.177642822, 331.984741211, 36.2365264893, 102.317245483, 24.6555118561, 11.3448629379, 19.9680290222, 18.1230506897, 6.93094205856, 3.25372505188, 2.42235922813, 3.01552200317, 0.755084216595, 0.131512030959, 0.0599858313799, 0.0422242023051, 0.0446862094104, 0.0766907781363, 0.0165503881872, 0.0161999091506, 0.0191000457853, 0.0553290098906, 0.0298067536205, 0.0182182844728, 0.000951406196691, 4.17132497432e-07, 3.28820237705e-09]
    },
    "gfcc": {
        "mean": [-33.3284263611, 126.463058472, -72.4898605347, 18.3855648041, -40.5404548645, 9.78644561768, -33.1885719299, 12.6839666367, -23.5064945221, 3.84118437767, -12.3794879913, 8.52393341064, -8.32991504669],
        "cov": [[16252.2392578, 1732.06347656, -336.412445068, 108.215209961, -83.58568573, -85.7588424683, -382.172668457, 193.235321045, -142.451538086, 188.922805786, -79.7519607544, 101.695137024, -146.2762146], [1732.06347656, 807.719055176, -136.42791748, 164.325653076, -32.3483657837, -62.4717445374, -15.8269309998, -57.4941482544, 104.692253113, -50.6187438965, 119.928062439, -83.0514526367, 52.5058517456], [-336.412445068, -136.42791748, 352.053161621, 20.0904655457, 154.951095581, 39.1730651855, 50.397151947, 26.1194896698, -21.6001014709, 38.4540672302, -36.2776947021, 40.773563385, -16.9759483337], [108.215209961, 164.325653076, 20.0904655457, 176.203857422, 57.1383972168, 17.7564735413, 20.1715202332, -28.7168006897, 53.7239990234, -27.4985980988, 44.3389358521, -26.9645042419, 25.6502494812], [-83.58568573, -32.3483657837, 154.951095581, 57.1383972168, 167.140853882, 45.6665115356, 53.4369506836, 14.8145256042, 6.03090429306, 8.78174781799, -3.60426211357, 11.7257528305, 3.42561721802], [-85.7588424683, -62.4717445374, 39.1730651855, 17.7564735413, 45.6665115356, 107.266372681, 57.286026001, 25.2271404266, -7.79864645004, -5.16636419296, -12.8094100952, 15.8540077209, 4.20823049545], [-382.172668457, -15.8269309998, 50.397151947, 20.1715202332, 53.4369506836, 57.286026001, 86.6642837524, 23.7628993988, 18.5695152283, -12.7389993668, 7.87520360947, 0.696042954922, 15.9900989532], [193.235321045, -57.4941482544, 26.1194896698, -28.7168006897, 14.8145256042, 25.2271404266, 23.7628993988, 67.8356323242, 5.62152862549, 17.5785236359, -19.0821762085, 20.6194019318, -2.1842880249], [-142.451538086, 104.692253113, -21.6001014709, 53.7239990234, 6.03090429306, -7.79864645004, 18.5695152283, 5.62152862549, 90.5790939331, 0.154395088553, 45.2189559937, -23.0151367188, 17.3037281036], [188.922805786, -50.6187438965, 38.4540672302, -27.4985980988, 8.78174781799, -5.16636419296, -12.7389993668, 17.5785236359, 0.154395088553, 58.5686264038, 8.40310764313, 26.4477233887, -8.23567581177], [-79.7519607544, 119.928062439, -36.2776947021, 44.3389358521, -3.60426211357, -12.8094100952, 7.87520360947, -19.0821762085, 45.2189559937, 8.40310764313, 87.7302932739, 3.09516334534, 30.7925109863], [101.695137024, -83.0514526367, 40.773563385, -26.9645042419, 11.7257528305, 15.8540077209, 0.696042954922, 20.6194019318, -23.0151367188, 26.4477233887, 3.09516334534, 68.6278076172, 13.7473716736], [-146.2762146, 52.5058517456, -16.9759483337, 25.6502494812, 3.42561721802, 4.20823049545, 15.9900989532, -2.1842880249, 17.3037281036, -8.23567581177, 30.7925109863, 13.7473716736, 57.9019737244]],
        "icov": [[0.000239423607127, -0.00091273651924, 0.000452695414424, -0.000414745998569, -0.000340296741342, -0.000248287717113, 0.000846141425427, -0.00116068124771, 0.000837345200125, -0.00106716575101, 0.000884500856046, -0.000956593721639, 0.000864414672833], [-0.00091273651924, 0.00567864719778, -0.00165668071713, 0.000391894893255, 0.00145292317029, 0.00153280654922, -0.00231909775175, 0.0035615095403, -0.00319514190778, 0.00512964138761, -0.00580685213208, 0.00575504405424, -0.00413095811382], [0.000452695414424, -0.00165668071713, 0.00730705540627, -0.00203734170645, -0.00522686401382, 0.00171884312294, -0.00223960285075, -0.000475867826026, 0.00191408139654, -0.00607648026198, 0.00546317873523, -0.00508800987154, 0.00334198656492], [-0.000414745998569, 0.000391894893255, -0.00203734170645, 0.013146193698, -0.00351877277717, -0.00405282620341, 0.00324918725528, 0.00547050498426, -0.00696324044839, 0.00717895384878, -0.00425881519914, 0.00309271598235, -0.0033797333017], [-0.000340296741342, 0.00145292317029, -0.00522686401382, -0.00351877277717, 0.013877988793, -0.000427201855928, -0.00568887451664, 0.0010465271771, 1.6079246052e-05, -0.000463222822873, -0.000996844028123, 0.0019523492083, -0.0013344399631], [-0.000248287717113, 0.00153280654922, 0.00171884312294, -0.00405282620341, -0.000427201855928, 0.018826238811, -0.0140389166772, -0.000558898493182, 0.00274875969626, -0.000646164873615, 0.00260762637481, -0.00357234920375, 0.00134306121618], [0.000846141425427, -0.00231909775175, -0.00223960285075, 0.00324918725528, -0.00568887451664, -0.0140389166772, 0.0339632220566, -0.0124087994918, -0.00106654688716, 0.00794387981296, -0.006128215231, 0.00349769624881, -0.00246866536327], [-0.00116068124771, 0.0035615095403, -0.000475867826026, 0.00547050498426, 0.0010465271771, -0.000558898493182, -0.0124087994918, 0.0332211665809, -0.0133741563186, -0.00277841626666, 0.00801991857588, -0.00448518572375, -0.00366450543515], [0.000837345200125, -0.00319514190778, 0.00191408139654, -0.00696324044839, 1.6079246052e-05, 0.00274875969626, -0.00106654688716, -0.0133741563186, 0.0266318693757, -0.0078345593065, -0.0065771471709, 0.00642836932093, 0.00114622036926], [-0.00106716575101, 0.00512964138761, -0.00607648026198, 0.00717895384878, -0.000463222822873, -0.000646164873615, 0.00794387981296, -0.00277841626666, -0.0078345593065, 0.0383572876453, -0.0158826261759, -0.00192465016153, 0.00216694991104], [0.000884500856046, -0.00580685213208, 0.00546317873523, -0.00425881519914, -0.000996844028123, 0.00260762637481, -0.006128215231, 0.00801991857588, -0.0065771471709, -0.0158826261759, 0.033263001591, -0.0132229793817, -0.00199056603014], [-0.000956593721639, 0.00575504405424, -0.00508800987154, 0.00309271598235, 0.0019523492083, -0.00357234920375, 0.00349769624881, -0.00448518572375, 0.00642836932093, -0.00192465016153, -0.0132229793817, 0.0355104319751, -0.0150819597766], [0.000864414672833, -0.00413095811382, 0.00334198656492, -0.0033797333017, -0.0013344399631, 0.00134306121618, -0.00246866536327, -0.00366450543515, 0.00114622036926, 0.00216694991104, -0.00199056603014, -0.0150819597766, 0.0308072511107]]
    },
    "melbands": {
        "dmean": [0.00345626706257, 0.00251993280835, 0.000913807773031, 0.000621682673227, 0.000305466528516, 0.000349959678715, 0.00018611572159, 5.26015683135e-05, 4.38821407442e-05, 7.71966515458e-05, 1.5986035578e-05, 3.67705688404e-05, 3.84091035812e-05, 1.14290105557e-05, 1.11377094072e-05, 8.410062037e-06, 4.43757335233e-06, 3.49768038177e-06, 2.83597614725e-06, 2.74720559901e-06, 4.01091165259e-06, 1.54396150265e-06, 1.79991400273e-06, 9.9927899555e-07, 7.69451389715e-07, 6.29692294751e-07, 4.98357337619e-07, 3.02220598769e-07, 1.93637220036e-07, 1.27756663915e-07, 9.15854201367e-08, 8.28257853414e-08, 1.05395159267e-07, 8.24719350589e-08, 1.1003690048e-07, 6.68366908485e-08, 5.34101758376e-08, 5.2771312653e-08, 7.26664026729e-08, 6.89874681825e-08],
        "dmean2": [0.00562855182216, 0.00374360056594, 0.0015088932123, 0.000969923101366, 0.000464698532596, 0.000469819729915, 0.000256021361565, 6.98820440448e-05, 5.6363591284e-05, 9.70924302237e-05, 2.23071983783e-05, 4.82994910271e-05, 5.832635361e-05, 1.69882114278e-05, 1.87505884242e-05, 1.34697211251e-05, 6.70976851325e-06, 5.94577204538e-06, 4.94135156259e-06, 4.84422116642e-06, 6.9824241109e-06, 2.58532281805e-06, 3.04084665004e-06, 1.70806811184e-06, 1.30363855533e-06, 1.04256912437e-06, 8.43592601996e-07, 5.31972602857e-07, 3.34943138114e-07, 2.0749291707e-07, 1.47433937059e-07, 1.34643528327e-07, 1.70967368263e-07, 1.28289840973e-07, 1.75239236455e-07, 1.06438854175e-07, 8.55567066083e-08, 8.06765996231e-08, 1.12469599856e-07, 1.11516349932e-07],
        "dvar": [3.23863823724e-05, 1.52477659867e-05, 1.64778612088e-06, 8.96816459317e-07, 1.86039684991e-07, 3.81510204761e-07, 1.21551082088e-07, 6.06849814844e-09, 3.24206550495e-09, 1.28512418485e-08, 5.18959486495e-10, 2.5035975515e-09, 3.63167340645e-09, 5.7371474238e-10, 2.20190587985e-10, 1.17273940559e-10, 3.95876456616e-11, 1.68104141718e-11, 1.33978036998e-11, 1.12597431379e-11, 2.8555616205e-11, 3.85386210791e-12, 4.25542066862e-12, 1.62463575579e-12, 9.05605126479e-13, 5.72737712291e-13, 4.33963520501e-13, 1.11812231837e-13, 5.45028127177e-14, 2.03237288652e-14, 1.00620890336e-14, 9.7283529702e-15, 1.42898642545e-14, 1.01879327186e-14, 2.48828481284e-14, 5.9691618815e-15, 4.83821661933e-15, 4.43446989469e-15, 1.17532496051e-14, 1.2251072044e-14],
        "dvar2": [8.04743540357e-05, 3.27359921357e-05, 4.17714500145e-06, 2.12033864955e-06, 4.27713899853e-07, 8.58818054894e-07, 2.65170911007e-07, 1.04054871386e-08, 5.61239144048e-09, 2.00898284675e-08, 9.60431734143e-10, 3.99591826294e-09, 8.3871647405e-09, 1.19935461562e-09, 6.00089811176e-10, 2.98963187539e-10, 9.32354332628e-11, 4.49365267219e-11, 3.91786568466e-11, 3.16348162943e-11, 8.11428216285e-11, 1.051375393e-11, 1.13605470517e-11, 4.58462738259e-12, 2.64372248052e-12, 1.64127880124e-12, 1.23003939933e-12, 3.17208851417e-13, 1.49632313918e-13, 5.23512507758e-14, 2.38876115205e-14, 2.36977423091e-14, 3.56154111736e-14, 2.28000449331e-14, 6.33236071543e-14, 1.40764060225e-14, 1.19586508597e-14, 1.05409370875e-14, 2.81622225811e-14, 2.99873922352e-14],
        "max": [0.0722465366125, 0.0387754738331, 0.0141409933567, 0.010356137529, 0.00738044269383, 0.0106054330245, 0.00710795260966, 0.00144511624239, 0.00116461352445, 0.00228307023644, 0.000283722474705, 0.00065071467543, 0.000633116753306, 0.000352453818778, 0.00018631205603, 0.000135713024065, 9.37447039178e-05, 5.08518460265e-05, 3.50064401573e-05, 3.22698324453e-05, 4.52365093224e-05, 2.01654638659e-05, 1.99673086172e-05, 1.31170099849e-05, 8.49010302773e-06, 8.11323570815e-06, 7.01940325598e-06, 3.44462910107e-06, 3.07808045363e-06, 1.5244692122e-06, 1.00779891454e-06, 9.24769153698e-07, 9.45204192249e-07, 1.03052275335e-06, 1.40559768624e-06, 6.70562656069e-07, 9.32574153012e-07, 6.03235832841e-07, 8.43720386001e-07, 8.53021788316e-07],
        "mean": [0.00801778119057, 0.00599639723077, 0.00186493387446, 0.00149533199146, 0.00102334260009, 0.00107670447323, 0.000517865410075, 0.000143450932228, 0.00013481984206, 0.000205925520277, 3.86595056625e-05, 7.54427383072e-05, 6.15887693129e-05, 1.8695503968e-05, 1.77316760528e-05, 1.55715188157e-05, 9.12417090149e-06, 6.42675740892e-06, 5.01397107655e-06, 4.57761098005e-06, 6.6480224632e-06, 3.32335616804e-06, 3.11747248816e-06, 1.83595602721e-06, 1.57471811235e-06, 1.47977129927e-06, 1.06534093902e-06, 6.75499450153e-07, 3.99265502438e-07, 2.35791191017e-07, 1.88800044043e-07, 1.51445547658e-07, 1.78622030944e-07, 1.56272108143e-07, 1.80579263542e-07, 1.31250899926e-07, 1.01981186162e-07, 9.91530981764e-08, 1.17727829263e-07, 9.79977698989e-08],
        "median": [0.00333360116929, 0.00295737711713, 0.0011592709925, 0.000774670974351, 0.000574107049033, 0.000502153008711, 0.000160198222147, 6.96112838341e-05, 7.10106178303e-05, 0.000105810358946, 2.24597715714e-05, 4.5094107918e-05, 3.1901166949e-05, 7.96160384198e-06, 1.22013043438e-05, 1.01136120065e-05, 6.02983664066e-06, 4.60244609712e-06, 3.75641911887e-06, 3.44900718119e-06, 4.80255857838e-06, 2.42382930082e-06, 2.41609859586e-06, 1.45325816447e-06, 1.24582106764e-06, 1.16923934002e-06, 8.08028175925e-07, 5.32325429958e-07, 3.30271944904e-07, 1.93474733123e-07, 1.58280585083e-07, 1.27398934069e-07, 1.41842747325e-07, 1.19988300185e-07, 1.34713275202e-07, 1.08911791585e-07, 8.17343703829e-08, 7.72704140672e-08, 7.69876464801e-08, 5.79224135322e-08],
        "min": [7.37745637348e-24, 2.72066293297e-24, 3.46242410899e-24, 7.23647982997e-24, 1.45265785357e-23, 3.42379871805e-24, 8.44544229938e-24, 1.35562228243e-23, 5.95053676355e-24, 1.10071316161e-23, 6.0637544751e-24, 9.70916828169e-24, 8.18926129813e-24, 1.24132580359e-23, 9.7609775105e-24, 1.01565778438e-23, 7.55163922794e-24, 5.43672759573e-24, 1.45940292985e-23, 8.26317519837e-24, 7.3823551997e-24, 4.25994197378e-24, 8.71842446019e-24, 5.54625107166e-24, 1.07009928426e-23, 9.19717073293e-24, 9.31660506284e-24, 8.02571228868e-24, 1.42228860198e-23, 1.3194656317e-23, 1.00129065515e-23, 7.08142921905e-24, 1.01176909455e-23, 1.15065933763e-23, 1.45372439351e-23, 1.0797608582e-23, 1.24494304639e-23, 8.77332523489e-24, 8.27435572398e-24, 1.01600354212e-23],
        "var": [0.000135399561259, 5.14924940944e-05, 4.42384452981e-06, 3.23995936924e-06, 1.28189753923e-06, 2.0633033273e-06, 8.40659822643e-07, 3.90543419826e-08, 2.78778458096e-08, 8.71750529541e-08, 1.88853799266e-09, 8.2230720011e-09, 7.29128490917e-09, 1.1125133037e-09, 3.6118372182e-10, 2.47974918377e-10, 9.86066367448e-11, 3.7386843621e-11, 2.23981857367e-11, 1.67362096404e-11, 4.31994787164e-11, 8.73041222649e-12, 7.50242229453e-12, 2.58712495871e-12, 1.67693994541e-12, 1.4836500084e-12, 9.62472723048e-13, 2.67280474012e-13, 8.82711940109e-14, 3.23842684711e-14, 1.79439034025e-14, 1.46158838477e-14, 1.99325588858e-14, 1.91821131055e-14, 2.98424953911e-14, 9.97702829099e-15, 6.78317960205e-15, 6.76470200182e-15, 1.44993219498e-14, 1.31744133425e-14]
    },
    "mfcc": {
