{
"metadata": {
    "version": {
        "essentia": "2.0.1",
        "extractor": "archive-music 1.0"
    },
    "audio_properties": {
        "analysis_sample_rate": 44100,
        "bitrate": 128,
        "channels": 2,
        "equal_loudness": 0,
        "length": 16.7444896698,
        "replay_gain": 5.88605308533,
        "downmix": "mix"
    },
    "tags": {
        "track": 0,
        "year": 0,
        "album": "",
        "artist": "",
        "comment": "",
        "genre": "",
        "title": ""
    }
},
"highlevel": {
    "culture": {
        "all": {
            "non_western": 0.0960443243384,
            "western": 0.903955698013
        },
        "probability": 0.903955698013,
        "value": "western"
    },
    "danceability": {
        "all": {
            "danceable": 0.017057262361,
            "not_danceable": 0.982942759991
        },
        "probability": 0.982942759991,
        "value": "not_danceable"
    },
    "gender": {
        "all": {
            "female": 0.930854737759,
            "male": 0.0691452696919
        },
        "probability": 0.930854737759,
        "value": "female"
    },
    "genre_dortmund": {
        "all": {
            "alternative": 0.00266806012951,
            "blues": 4.85881937493e-05,
            "electronic": 0.00964641105384,
            "folkcountry": 0.00684013077989,
            "funksoulrnb": 0.000284281792119,
            "jazz": 0.977872908115,
            "pop": 0.00240003410727,
            "raphiphop": 8.700631588e-05,
            "rock": 0.000152597087435
        },
        "probability": 0.977872908115,
        "value": "jazz"
    },
    "genre_electronic": {
        "all": {
            "ambient": 0.999434828758,
            "dnb": 8.63860896061e-06,
            "house": 0.000128467960167,
            "techno": 0.000239987930399,
            "trance": 0.000188068195712
        },
        "probability": 0.999434828758,
        "value": "ambient"
    },
    "genre_rosamerica": {
        "all": {
            "cla": 0.868060469627,
            "dan": 0.000191024912056,
            "hip": 0.000131059830892,
            "jaz": 0.121896646917,
            "pop": 0.000391994050005,
            "rhy": 0.000596543715801,
            "roc": 7.92884238763e-05,
            "spe": 0.0086529944092
        },
        "probability": 0.868060469627,
        "value": "cla"
    },
    "genre_tzanetakis": {
        "all": {
            "blu": 0.000174125190824,
            "cla": 0.97948807478,
            "cou": 0.000121933298942,
            "dis": 0.000277980550891,
            "hip": 8.93749020179e-05,
            "jaz": 0.0193742252886,
            "met": 5.96069639869e-06,
            "pop": 0.000126391561935,
            "reg": 0.000321595958667,
            "roc": 2.03303661692e-05
        },
        "probability": 0.97948807478,
        "value": "cla"
    },
    "mirex_ballroom": {
        "all": {
            "ChaChaCha": 2.85068381345e-06,
            "Jive": 2.00278577722e-06,
            "Quickstep": 7.27758197172e-06,
            "Rumba-American": 1.95607099158e-05,
            "Rumba-International": 0.000683206657413,
            "Rumba-Misc": 0.000164920682437,
            "Samba": 2.68975054496e-06,
            "Tango": 6.75185583532e-05,
            "VienneseWaltz": 0.00371154537424,
            "Waltz": 0.995338439941
        },
        "probability": 0.995338439941,
        "value": "Waltz"
    },
    "mood_acoustic": {
        "all": {
            "acoustic": 0.987231314182,
            "not_acoustic": 0.0127686830238
        },
        "probability": 0.987231314182,
        "value": "acoustic"
    },
    "mood_aggressive": {
        "all": {
            "aggressive": 0.0104823354632,
            "not_aggressive": 0.989517688751
        },
        "probability": 0.989517688751,
        "value": "not_aggressive"
    },
    "mood_electronic": {
        "all": {
            "electronic": 0.350841730833,
            "not_electronic": 0.649158239365
        },
        "probability": 0.649158239365,
        "value": "not_electronic"
    },
    "mood_happy": {
        "all": {
            "happy": 0.0894368439913,
            "not_happy": 0.91056317091
        },
        "probability": 0.91056317091,
        "value": "not_happy"
    },
    "mood_party": {
        "all": {
            "not_party": 0.977863669395,
            "party": 0.0221363548189
        },
        "probability": 0.977863669395,
        "value": "not_party"
    },
    "mood_relaxed": {
        "all": {
            "not_relaxed": 1.75812910896e-08,
            "relaxed": 1
        },
        "probability": 1,
        "value": "relaxed"
    },
    "mood_sad": {
        "all": {
            "not_sad": 0.0802114829421,
            "sad": 0.91978853941
        },
        "probability": 0.91978853941,
        "value": "sad"
    },
    "moods_mirex": {
        "all": {
            "Cluster1": 0.124168604612,
            "Cluster2": 0.168606802821,
            "Cluster3": 0.347773104906,
            "Cluster4": 0.342160701752,
            "Cluster5": 0.0172907654196
        },
        "probability": 0.347773104906,
        "value": "Cluster3"
    },
    "timbre": {
        "all": {
            "bright": 0.453343659639,
            "dark": 0.546656310558
        },
        "probability": 0.546656310558,
        "value": "dark"
    },
    "tonal_atonal": {
        "all": {
            "atonal": 0.38854855299,
            "tonal": 0.61145144701
        },
        "probability": 0.61145144701,
        "value": "tonal"
    },
    "voice_instrumental": {
        "all": {
            "instrumental": 0.986179530621,
            "voice": 0.0138204824179
        },
        "probability": 0.986179530621,
        "value": "instrumental"
    }
},
"lowlevel": {
    "average_loudness": 0.758411467075,
    "barkbands_kurtosis": {
        "dmean": 8.30803203583,
        "dmean2": 12.9742965698,
        "dvar": 464.170654297,
        "dvar2": 1040.5670166,
        "max": 420.233795166,
        "mean": 20.7083797455,
        "median": 5.91698646545,
        "min": -1.61469268799,
        "var": 1618.87866211
    },
    "barkbands_skewness": {
        "dmean": 0.651757895947,
        "dmean2": 1.04066252708,
        "dvar": 0.755435585976,
        "dvar2": 1.79738295078,
        "max": 11.2429666519,
        "mean": 1.06934762001,
        "median": 0.955856204033,
        "min": -3.51053762436,
        "var": 2.18690776825
    },
    "barkbands_spread": {
        "dmean": 0.663914680481,
        "dmean2": 0.940350115299,
        "dvar": 15.4519357681,
        "dvar2": 32.5382003784,
        "max": 88.6317749023,
        "mean": 2.04779982567,
        "median": 1.46998810768,
        "min": 0.110830359161,
        "var": 29.0670547485
    },
    "dissonance": {
        "dmean": 0.0565562173724,
        "dmean2": 0.095600694418,
        "dvar": 0.00306098815054,
        "dvar2": 0.00726912450045,
        "max": 0.4994186759,
        "mean": 0.326280772686,
        "median": 0.317407369614,
        "min": 0.0505593456328,
        "var": 0.00788507517427
    },
    "dynamic_complexity": 4.84172391891,
    "erbbands_kurtosis": {
        "dmean": 2.49754261971,
        "dmean2": 3.92396903038,
        "dvar": 18.8432235718,
        "dvar2": 32.9139633179,
        "max": 117.14553833,
        "mean": 9.35314178467,
        "median": 5.11336898804,
        "min": -1.5022110939,
        "var": 142.126525879
    },
    "erbbands_skewness": {
        "dmean": 0.374410241842,
        "dmean2": 0.582369804382,
        "dvar": 0.152613595128,
        "dvar2": 0.305603593588,
        "max": 8.04280090332,
        "mean": 1.33335781097,
        "median": 1.15411925316,
        "min": -1.33713245392,
        "var": 1.37617254257
    },
    "erbbands_spread": {
        "dmean": 1.03393769264,
        "dmean2": 1.53119671345,
        "dvar": 13.8816318512,
        "dvar2": 27.5496864319,
        "max": 88.188331604,
        "mean": 4.03179788589,
        "median": 3.33613920212,
        "min": 0.48857358098,
        "var": 35.6846084595
    },
    "hfc": {
        "dmean": 1.71285188198,
        "dmean2": 2.72139263153,
        "dvar": 7.95630550385,
        "dvar2": 18.1286849976,
        "max": 46.1745491028,
        "mean": 7.8306851387,
        "median": 5.80716085434,
        "min": 1.16079128862e-16,
        "var": 66.1939544678
    },
    "melbands_kurtosis": {
        "dmean": 3.16116333008,
        "dmean2": 4.77083921432,
        "dvar": 74.3479995728,
        "dvar2": 133.128311157,
        "max": 244.208953857,
        "mean": 8.11102676392,
        "median": 3.44651031494,
        "min": -1.30747365952,
        "var": 216.503723145
    },
    "melbands_skewness": {
        "dmean": 0.498209267855,
        "dmean2": 0.778836727142,
        "dvar": 0.30916723609,
        "dvar2": 0.636746227741,
        "max": 11.3781251907,
        "mean": 0.48923304677,
        "median": 0.443660885096,
        "min": -2.7361061573,
        "var": 1.29453742504
    },
    "melbands_spread": {
        "dmean": 0.907998740673,
        "dmean2": 1.32903397083,
        "dvar": 32.8365745544,
        "dvar2": 55.5561828613,
        "max": 147.5418396,
        "mean": 3.94064617157,
        "median": 2.87794184685,
        "min": 0.405967980623,
        "var": 149.184341431
    },
    "pitch_salience": {
        "dmean": 0.053826905787,
        "dmean2": 0.0877354815602,
        "dvar": 0.00294466898777,
        "dvar2": 0.00792148895562,
        "max": 0.938020944595,
        "mean": 0.507618069649,
        "median": 0.504649460316,
        "min": 0.109895661473,
        "var": 0.0196331813931
    },
    "silence_rate_20dB": {
        "dmean": 0,
        "dmean2": 0,
        "dvar": 0,
        "dvar2": 0,
        "max": 1,
        "mean": 1,
        "median": 1,
        "min": 1,
        "var": 0
    },
    "silence_rate_30dB": {
        "dmean": 0,
        "dmean2": 0,
        "dvar": 0,
        "dvar2": 0,
        "max": 1,
        "mean": 1,
        "median": 1,
        "min": 1,
        "var": 0
    },
    "silence_rate_60dB": {
        "dmean": 0.0249307472259,
        "dmean2": 0.0499306507409,
        "dvar": 0.0243093669415,
        "dvar2": 0.0585336312652,
        "max": 1,
        "mean": 0.222683265805,
        "median": 0,
        "min": 0,
        "var": 0.173096954823
    },
    "spectral_centroid": {
        "dmean": 42.550907135,
        "dmean2": 62.720413208,
        "dvar": 78595.796875,
        "dvar2": 125711.125,
        "max": 11085.6123047,
        "mean": 505.29776001,
        "median": 457.480926514,
        "min": 287.056976318,
        "var": 391758.875
    },
    "spectral_complexity": {
        "dmean": 0.855955660343,
        "dmean2": 1.43689322472,
        "dvar": 0.957092940807,
        "dvar2": 2.35698318481,
        "max": 16,
        "mean": 5.8243432045,
        "median": 6,
        "min": 0,
        "var": 9.95114898682
    },
    "spectral_crest": {
        "dmean": 1.93248534203,
        "dmean2": 3.13718295097,
        "dvar": 3.1453192234,
        "dvar2": 7.89871311188,
        "max": 26.492477417,
        "mean": 14.7774991989,
        "median": 13.7595415115,
        "min": 4.04817771912,
        "var": 26.4505290985
    },
    "spectral_decrease": {
        "dmean": 1.01458419444e-09,
        "dmean2": 1.6954887494e-09,
        "dvar": 2.62307078611e-18,
        "dvar2": 6.88894791134e-18,
        "max": 2.62737041923e-19,
        "mean": -4.23283097462e-09,
        "median": -3.26665516859e-09,
        "min": -2.58236312334e-08,
        "var": 1.77134193451e-17
    },
    "spectral_energy": {
        "dmean": 0.00397834135219,
        "dmean2": 0.00663876160979,
        "dvar": 4.03832673328e-05,
        "dvar2": 0.000105425839138,
        "max": 0.101652413607,
        "mean": 0.0166859272867,
        "median": 0.0128263738006,
        "min": 1.05807265169e-20,
        "var": 0.000276012084214
    },
    "spectral_energyband_high": {
        "dmean": 3.67952175395e-08,
        "dmean2": 5.75571270645e-08,
        "dvar": 1.19970350047e-14,
        "dvar2": 2.99984477092e-14,
        "max": 2.46170793616e-06,
        "mean": 1.33241385925e-07,
        "median": 9.73958265149e-08,
        "min": 7.63844669364e-21,
        "var": 2.12843760357e-14
    },
    "spectral_energyband_low": {
        "dmean": 2.25720905291e-05,
        "dmean2": 3.82878861274e-05,
        "dvar": 1.39144851197e-09,
        "dvar2": 3.4532725568e-09,
        "max": 0.000616069708485,
        "mean": 3.76498173864e-05,
        "median": 2.51882702287e-05,
        "min": 2.91472492447e-23,
        "var": 2.18479678793e-09
    },
    "spectral_energyband_middle_high": {
        "dmean": 5.36140323675e-05,
        "dmean2": 7.60236362112e-05,
        "dvar": 2.18453113376e-08,
        "dvar2": 3.95754078397e-08,
        "max": 0.00289539759979,
        "mean": 0.000258325744653,
        "median": 9.08754227567e-05,
        "min": 1.60639696746e-21,
        "var": 1.66442518434e-07
    },
    "spectral_energyband_middle_low": {
        "dmean": 0.00396209210157,
        "dmean2": 0.00661825155839,
        "dvar": 3.9807320718e-05,
        "dvar2": 0.000104445709439,
        "max": 0.101088352501,
        "mean": 0.0164126660675,
        "median": 0.0126702152193,
        "min": 1.08591184334e-22,
        "var": 0.000265658571152
    },
    "spectral_flatness_db": {
        "dmean": 0.0191371291876,
        "dmean2": 0.0304688792676,
        "dvar": 0.00030593003612,
        "dvar2": 0.000766766897868,
        "max": 0.540279388428,
        "mean": 0.411460518837,
        "median": 0.414745002985,
        "min": 0.0419499613345,
        "var": 0.00351945334114
    },
    "spectral_flux": {
        "dmean": 0.0142384720966,
        "dmean2": 0.0227130521089,
        "dvar": 0.000319044862408,
        "dvar2": 0.00076084776083,
        "max": 0.218030318618,
        "mean": 0.0354555957019,
        "median": 0.0272869542241,
        "min": 6.84736919943e-11,
        "var": 0.00090326362988
    },
    "spectral_kurtosis": {
        "dmean": 35.3177185059,
        "dmean2": 61.4717254639,
        "dvar": 1048.38793945,
        "dvar2": 3216.8737793,
        "max": 332.400177002,
        "mean": 170.552032471,
        "median": 176.019363403,
        "min": -1.1815880537,
        "var": 3840.56298828
    },
    "spectral_rms": {
        "dmean": 0.000431721506175,
        "dmean2": 0.000700392294675,
        "dvar": 2.67204086413e-07,
        "dvar2": 6.9604050168e-07,
        "max": 0.00995856802911,
        "mean": 0.00352843105793,
        "median": 0.00353744765744,
        "min": 3.21288958979e-12,
        "var": 3.82911002816e-06
    },
    "spectral_rolloff": {
        "dmean": 73.815322876,
        "dmean2": 126.182495117,
        "dvar": 685957.25,
        "dvar2": 1151969.625,
        "max": 19272.2167969,
        "mean": 731.953857422,
        "median": 581.396484375,
        "min": 279.931640625,
        "var": 3363595.75
    },
    "spectral_skewness": {
        "dmean": 1.2604572773,
        "dmean2": 2.14286923409,
        "dvar": 1.24122977257,
        "dvar2": 3.63393950462,
        "max": 15.2489871979,
        "mean": 10.4753637314,
        "median": 10.9037466049,
        "min": 0.00405920669436,
        "var": 5.65153455734
    },
    "spectral_spread": {
        "dmean": 412543.28125,
        "dmean2": 677858.5,
        "dvar": 1.78744537907e+12,
        "dvar2": 2.89273649562e+12,
        "max": 40549204,
        "mean": 1140806.25,
        "median": 764162.5625,
        "min": 254549.796875,
        "var": 6.88407078502e+12
    },
    "spectral_strongpeak": {
        "dmean": 0.357341736555,
        "dmean2": 0.599636733532,
        "dvar": 0.258962005377,
        "dvar2": 0.665465414524,
        "max": 5.43356609344,
        "mean": 1.3661454916,
        "median": 1.19906949997,
        "min": 0,
        "var": 1.02729213238
    },
    "zerocrossingrate": {
        "dmean": 0.00248265988193,
        "dmean2": 0.00396855501458,
        "dvar": 0.000421293312684,
        "dvar2": 0.000840601220261,
        "max": 0.5126953125,
        "mean": 0.0258255526423,
        "median": 0.021484375,
        "min": 0.0107421875,
        "var": 0.00190594629385
    },
    "barkbands": {
        "dmean": [6.86994951593e-07, 1.166482798e-05, 1.23427789731e-05, 1.76388512045e-05, 0.00110673950985, 0.00192173500545, 0.000821360503323, 0.00158326583914, 0.000518873333931, 1.74498181877e-05, 1.50888718053e-05, 2.40951176238e-05, 3.92936271965e-06, 9.63427828538e-06, 1.63259901456e-05, 6.33839931652e-07, 5.18517651926e-07, 9.36191284495e-08, 8.15797989162e-08, 3.47824702374e-08, 7.84075915305e-09, 3.13951531439e-09, 2.03017935796e-09, 2.03982586378e-09, 2.31231878089e-09, 2.56022292255e-09, 2.2169910352e-08],
        "dmean2": [1.22054791518e-06, 1.98593206733e-05, 2.09067766264e-05, 2.97815768135e-05, 0.00180152116809, 0.00345557369292, 0.00124157627579, 0.00238443911076, 0.000736473943107, 2.61342865997e-05, 2.28554908972e-05, 3.13006021315e-05, 6.67610129312e-06, 1.55662619363e-05, 2.23334900511e-05, 9.24832761484e-07, 8.48891261285e-07, 1.35907171739e-07, 1.3348122252e-07, 5.20828429273e-08, 1.24976304861e-08, 5.19684473232e-09, 3.41371175772e-09, 3.34183347661e-09, 3.87048704198e-09, 4.33094049512e-09, 3.57146916485e-08],
        "dvar": [5.9737089407e-13, 1.87087609294e-10, 5.70056890581e-10, 9.4598184841e-10, 4.27840541306e-06, 1.36394219226e-05, 1.68607982687e-06, 8.24706967251e-06, 2.48531387115e-06, 1.17641951736e-09, 2.67582911384e-09, 3.12470160857e-09, 6.68405469861e-11, 4.26282370514e-10, 8.474939861e-09, 6.67310824654e-12, 1.66109498118e-12, 1.00050074833e-13, 1.58752405752e-13, 2.87016741483e-14, 9.88544941807e-16, 6.16315399929e-17, 1.85211165455e-17, 5.60440424886e-18, 4.378089552e-18, 5.9483186506e-18, 5.45514893718e-16],
        "dvar2": [1.87337146663e-12, 4.91089557908e-10, 1.4430991957e-09, 2.19744311636e-09, 1.12168236228e-05, 4.63274373033e-05, 4.02223304263e-06, 1.8793871277e-05, 4.45987188868e-06, 2.96125102217e-09, 6.49192077873e-09, 4.33647118214e-09, 1.85393728147e-10, 1.10295717004e-09, 1.61000990317e-08, 1.0542836569e-11, 4.21167484568e-12, 1.82219880461e-13, 3.33461990659e-13, 5.06915540902e-14, 1.82432897388e-15, 1.58045442408e-16, 5.10586199736e-17, 1.46827321511e-17, 1.16637189571e-17, 1.68160871992e-17, 1.37383481852e-15],
        "max": [4.71826524517e-06, 0.000114218550152, 0.000382626778446, 0.00060747761745, 0.024013992399, 0.028372598812, 0.0203843396157, 0.0511113554239, 0.0315691232681, 0.000567052164115, 0.00103539100382, 0.00130997772794, 0.000131676555611, 0.00034594812314, 0.00201699160971, 6.67967833579e-05, 2.0290404791e-05, 8.23741811473e-06, 9.0743005785e-06, 3.86975898437e-06, 7.1609878205e-07, 1.39305171842e-07, 8.02673127964e-08, 3.16899111397e-08, 2.44595881327e-08, 3.54369902311e-08, 3.56245749344e-07],
        "mean": [7.81129244842e-07, 1.62900087162e-05, 1.52858592628e-05, 2.86226731987e-05, 0.00219248444773, 0.00355714396574, 0.00420127995312, 0.00516545400023, 0.00122485554311, 5.75160920562e-05, 3.86210740544e-05, 0.00010764227045, 1.08286340037e-05, 1.91703111341e-05, 4.63336291432e-05, 1.882608899e-06, 1.14310057597e-06, 2.6676062248e-07, 1.69921008819e-07, 6.46964650741e-08, 1.91502156355e-08, 7.06253144855e-09, 5.99662941525e-09, 7.13855552448e-09, 8.55566373303e-09, 6.23079587925e-09, 6.40436184085e-08],
        "median": [4.8461760116e-07, 1.10903401946e-05, 6.24611038802e-06, 8.69974155648e-06, 0.000978871248662, 0.00190430809744, 0.00321721937507, 0.00146625563502, 0.000283790199319, 3.71993955923e-05, 1.33863086376e-05, 2.41497073148e-05, 5.16304453413e-06, 3.56327132067e-06, 2.99258044834e-06, 2.77966393014e-07, 1.26893596075e-07, 3.30844684981e-08, 1.47342849033e-08, 6.32492191954e-09, 6.55228404867e-09, 5.04865971251e-09, 5.2612194601e-09, 6.70609745512e-09, 8.70964633748e-09, 5.40474864863e-09, 4.61995846024e-08],
        "min": [6.25399656544e-24, 9.5199978589e-24, 7.17416612934e-24, 1.14042347295e-24, 1.72480997493e-23, 2.72766991108e-23, 1.03129000985e-23, 1.78179302687e-23, 2.84906266707e-23, 6.85929766328e-23, 8.36741228071e-23, 1.22097593747e-22, 9.66306267499e-23, 6.6189292211e-23, 1.23104861838e-22, 1.33918882671e-22, 1.63405960572e-22, 2.23473818376e-22, 1.66609000904e-22, 3.3703366521e-22, 2.75519503511e-22, 5.63943458766e-22, 4.32749251175e-22, 9.46358234504e-22, 9.75299660472e-22, 1.46024368518e-21, 2.54937549465e-21],
        "var": [7.0776815398e-13, 2.85728496419e-10, 8.20282952674e-10, 3.05030400938e-09, 9.4621500466e-06, 2.24779741984e-05, 1.73463213287e-05, 6.4779240347e-05, 7.62633408158e-06, 4.23241264258e-09, 5.353451904e-09, 3.75646500572e-08, 2.57765975231e-10, 2.12342587957e-09, 2.82637664384e-08, 3.57284028751e-11, 6.38331878675e-12, 5.16843241382e-13, 3.62458516976e-13, 7.50243305523e-14, 3.18549270891e-15, 7.89563680842e-17, 2.02261458919e-17, 1.29221998129e-17, 1.39474463416e-17, 2.10546268324e-17, 3.18284276634e-15]
    },
    "erbbands": {
        "dmean": [0.000315233250149, 0.00293644005433, 0.0124448910356, 0.0317096076906, 0.347326934338, 3.59833359718, 21.4388027191, 6.90231323242, 9.31917858124, 14.2740917206, 41.9284706116, 12.2110872269, 1.37124752998, 0.501528382301, 0.465932667255, 1.15164959431, 0.285543173552, 0.547203183174, 0.943148970604, 0.185169845819, 0.0381230227649, 0.0208296459168, 0.00605703191832, 0.00388797046617, 0.00408081756905, 0.00136921775993, 0.00050128181465, 0.000250885583228, 0.000114177702926, 7.8016986663e-05, 5.72052595089e-05, 4.53507600469e-05, 3.61742095265e-05, 2.81442662526e-05, 1.97467743419e-05, 1.28012134155e-05, 7.22872846382e-06, 3.48234316334e-05, 2.11986071008e-06, 4.43932913186e-06],
        "dmean2": [0.00054331793217, 0.00501159811392, 0.0210472848266, 0.0548367500305, 0.578337609768, 5.97335529327, 38.8186454773, 11.8664627075, 14.7520437241, 21.2978496552, 63.342048645, 17.3660640717, 1.86015868187, 0.735737681389, 0.690186023712, 1.46062326431, 0.441879212856, 0.880331456661, 1.29890275002, 0.25066024065, 0.0582412257791, 0.0340628549457, 0.00912612304091, 0.00615803711116, 0.00646403571591, 0.00203407555819, 0.000766824989114, 0.000407198880566, 0.000186965364264, 0.000130785614601, 9.58764139796e-05, 7.60294933571e-05, 5.93387630943e-05, 4.70822378702e-05, 3.34269279847e-05, 2.15681448026e-05, 1.18687039503e-05, 5.62553614145e-05, 3.49376341546e-06, 7.39717916076e-06],
        "dvar": [1.11466064823e-07, 1.42696353578e-05, 0.000505443895236, 0.00317300809547, 0.64858686924, 46.355556488, 1832.59143066, 142.230056763, 226.296600342, 1094.69152832, 6267.59472656, 1459.3704834, 38.0934371948, 1.07534205914, 5.55834007263, 7.05171442032, 0.428213536739, 1.34569907188, 29.5684890747, 0.573716461658, 0.0127865150571, 0.00308106769808, 0.000336069613695, 0.00012137023441, 0.000770442711655, 4.73487125419e-05, 6.897178082e-06, 7.29215116735e-07, 9.26479515329e-08, 4.70265639763e-08, 1.04019939329e-08, 2.92214830111e-09, 1.70768776897e-09, 7.83095643886e-10, 2.80774986594e-10, 1.23465723756e-10, 4.56465282239e-11, 1.34177957634e-09, 8.86344903722e-12, 5.03978039856e-11],
        "dvar2": [3.04757321601e-07, 3.83284022973e-05, 0.00130970217288, 0.00727340206504, 1.68985366821, 129.037216187, 6001.20751953, 404.503723145, 597.287902832, 2510.76293945, 13998.7617188, 2686.22583008, 70.2701187134, 2.45049285889, 13.2005605698, 9.083735466, 0.920089840889, 3.44567203522, 55.8763885498, 1.09561800957, 0.0243491251022, 0.00782841257751, 0.000706337799784, 0.000260030850768, 0.0015665537212, 9.54115239438e-05, 1.51694121087e-05, 1.62753462973e-06, 2.29497928217e-07, 1.30069963689e-07, 2.84215939672e-08, 7.44654471418e-09, 4.3782431014e-09, 2.05558947641e-09, 7.53894890959e-10, 3.53243601037e-10, 1.17249057685e-10, 3.37321837129e-09, 2.2738862876e-11, 1.30635335882e-10],
        "max": [0.00285903923213, 0.0301579777151, 0.311516344547, 0.997933864594, 15.1219244003, 73.3922958374, 309.213104248, 148.440841675, 205.537597656, 722.331359863, 1350.62390137, 925.143981934, 173.683609009, 19.3347377777, 51.0186576843, 54.0728340149, 17.5798511505, 19.8736896515, 119.269622803, 16.0245685577, 2.66418075562, 0.840557038784, 0.377510815859, 0.224398031831, 0.64095723629, 0.124216772616, 0.048784211278, 0.0175279248506, 0.00606890209019, 0.00426055211574, 0.00192896916997, 0.000736785645131, 0.000570673495531, 0.000345983746229, 0.000190146209206, 0.000108827181975, 0.000110423919978, 0.000555798236746, 5.35873223271e-05, 0.000114091548312],
        "mean": [0.000429988402175, 0.00398771511391, 0.0166799463332, 0.0619045868516, 0.78173160553, 7.64039516449, 31.2249145508, 19.938041687, 44.2339744568, 65.5369262695, 140.458969116, 32.7558288574, 4.00562095642, 1.66804993153, 1.20153975487, 5.07483196259, 1.14199912548, 1.22064292431, 2.69039273262, 0.55674123764, 0.124590933323, 0.0530841499567, 0.0173890925944, 0.0101611008868, 0.00942362472415, 0.00270865112543, 0.00108865834773, 0.000569205149077, 0.000271944969427, 0.000210316575249, 0.000178117930773, 0.000152800363139, 0.000132923960336, 0.000106715800939, 6.99837401044e-05, 4.16119910369e-05, 2.74609592452e-05, 0.000101911398815, 1.06262377813e-05, 1.8801254555e-05],
        "median": [0.000298358732834, 0.00250054476783, 0.00785429496318, 0.0269078537822, 0.267146497965, 3.00614571571, 11.8492851257, 11.4985198975, 31.7203807831, 47.8755569458, 41.060634613, 9.07287502289, 2.02920818329, 0.861079156399, 0.410278409719, 1.15761816502, 0.407029688358, 0.294884622097, 0.187120527029, 0.0809940248728, 0.0240801740438, 0.00581422401592, 0.00267157587223, 0.0012135511497, 0.000514997751452, 0.000322928972309, 0.000266155780992, 0.000254109443631, 0.0001854156435, 0.000176801346242, 0.000157955553732, 0.000142084361869, 0.000125710066641, 0.000104215498141, 6.9502464612e-05, 4.05294267694e-05, 2.36108444369e-05, 7.38994713174e-05, 8.20143122837e-06, 1.4411308257e-05],
        "min": [3.46001562198e-22, 1.82752066191e-21, 9.23198106315e-21, 7.71932379335e-21, 3.64601536162e-20, 5.48665216768e-20, 1.07809583473e-19, 2.72614689961e-19, 1.29544367991e-19, 2.18955561173e-19, 5.74376898263e-19, 6.61509467351e-19, 9.99963029481e-19, 2.61005923507e-18, 3.92093660595e-18, 5.67464511775e-18, 4.54909301363e-18, 3.83320707095e-18, 6.46143905049e-18, 4.83795730483e-18, 8.561828056e-18, 9.43408918476e-18, 1.30088221666e-17, 1.02330803092e-17, 9.94724639419e-18, 1.58347565164e-17, 1.21030991005e-17, 1.53626977757e-17, 1.91402281468e-17, 1.42660514981e-17, 1.28084054032e-17, 1.26026649053e-17, 1.62120005066e-17, 1.0477428635e-17, 7.65690239203e-18, 4.22714149792e-18, 3.09968398325e-18, 1.23821110503e-18, 3.51277860155e-19, 3.6000971441e-20],
        "var": [1.78534790507e-07, 2.06933145819e-05, 0.000688236090355, 0.00978803448379, 1.94839680195, 122.152984619, 2549.56347656, 648.794006348, 1739.06469727, 5293.25585938, 47956.640625, 4387.35595703, 100.42036438, 4.94418811798, 8.31404590607, 83.7848815918, 3.96069025993, 7.00732278824, 98.6917800903, 2.03046989441, 0.0809712335467, 0.0139605691656, 0.00167773372959, 0.000581533298828, 0.00172746228054, 0.000105617080408, 1.42766248246e-05, 1.7496018927e-06, 1.40293749951e-07, 4.45605294885e-08, 1.47539074291e-08, 6.88059476062e-09, 4.37473302028e-09, 2.25004481713e-09, 8.64820437485e-10, 3.21199622455e-10, 2.93911506244e-10, 7.86385889739e-09, 7.98362695398e-11, 3.49896445151e-10]
    },
    "gfcc": {
        "mean": [-265.405212402, 201.835083008, -76.3678665161, -86.1964492798, -64.5911636353, -31.5497817993, -44.8968887329, -16.0644359589, 0.50694423914, 9.61765956879, -1.88354742527, -6.69809484482, -7.64958429337],
        "cov": [[12363.4746094, 3545.02172852, -2162.79736328, -1513.46057129, 221.64755249, -1100.73400879, -521.054748535, -501.228240967, 52.9529838562, -452.145477295, -89.7460327148, -556.208679199, 48.1672286987], [3545.02172852, 1341.31176758, -458.163726807, -486.185760498, 69.2701339722, -264.801452637, -168.691650391, -194.757034302, -1.90057384968, -182.834075928, -61.6182060242, -189.939453125, 16.2813358307], [-2162.79736328, -458.163726807, 852.254394531, 263.309265137, -202.493789673, 328.339111328, 92.1345443726, 68.9735031128, -20.9189739227, 140.740768433, -11.7429437637, 178.936264038, 9.3288564682], [-1513.46057129, -486.185760498, 263.309265137, 363.885650635, 22.9481639862, 133.368911743, 88.2849960327, 69.1308670044, -58.3245544434, 49.8846130371, 2.79001832008, 72.1163482666, 9.77814388275], [221.64755249, 69.2701339722, -202.493789673, 22.9481639862, 188.377548218, -31.399433136, 2.12677621841, -6.17503261566, -0.835882902145, -51.1503791809, -5.42404842377, -42.5529747009, -8.73997306824], [-1100.73400879, -264.801452637, 328.339111328, 133.368911743, -31.399433136, 267.804595947, 77.4674758911, 68.9284820557, 2.6912252903, 81.6538619995, 5.36015415192, 85.3179626465, -20.6499843597], [-521.054748535, -168.691650391, 92.1345443726, 88.2849960327, 2.12677621841, 77.4674758911, 100.717903137, 75.7869033813, 19.2800312042, 47.9682197571, 21.8951435089, 34.3663024902, -14.5894727707], [-501.228240967, -194.757034302, 68.9735031128, 69.1308670044, -6.17503261566, 68.9284820557, 75.7869033813, 128.736740112, 71.9440765381, 65.9431762695, 44.5560684204, 53.055316925, -15.8407430649], [52.9529838562, -1.90057384968, -20.9189739227, -58.3245544434, -0.835882902145, 2.6912252903, 19.2800312042, 71.9440765381, 122.465614319, 66.5752639771, 55.9261207581, 31.3939418793, 2.31709194183], [-452.145477295, -182.834075928, 140.740768433, 49.8846130371, -51.1503791809, 81.6538619995, 47.9682197571, 65.9431762695, 66.5752639771, 143.662628174, 70.0129547119, 67.7624816895, -0.181084886193], [-89.7460327148, -61.6182060242, -11.7429437637, 2.79001832008, -5.42404842377, 5.36015415192, 21.8951435089, 44.5560684204, 55.9261207581, 70.0129547119, 82.8243179321, 42.5723266602, 5.22457456589], [-556.208679199, -189.939453125, 178.936264038, 72.1163482666, -42.5529747009, 85.3179626465, 34.3663024902, 53.055316925, 31.3939418793, 67.7624816895, 42.5723266602, 109.473388672, 22.4341869354], [48.1672286987, 16.2813358307, 9.3288564682, 9.77814388275, -8.73997306824, -20.6499843597, -14.5894727707, -15.8407430649, 2.31709194183, -0.181084886193, 5.22457456589, 22.4341869354, 63.2703819275]],
        "icov": [[0.00110571633559, -0.00270456098951, 0.0024932299275, -7.29633757146e-05, 0.00119603937492, 0.000788973353337, 0.000303859327687, -0.000498028821312, 0.00104623148218, -0.00276934658177, 0.00285858754069, -0.0029309191741, 0.000622895837296], [-0.00270456098951, 0.00869276281446, -0.00688468618318, 0.00296568265185, -0.00415632035583, -0.00162909703795, -0.000801180896815, 0.0016926889075, -0.00217135623097, 0.00775505276397, -0.00809107255191, 0.00931352004409, -0.00302047817968], [0.0024932299275, -0.00688468618318, 0.0114073539153, -0.00426506716758, 0.00795584078878, -0.00210863910615, -0.000303535198327, 0.00283345207572, -0.00102958083153, -0.00710784038529, 0.0112141193822, -0.0119860721752, 0.00324227707461], [-7.29633757146e-05, 0.00296568265185, -0.00426506716758, 0.0124968001619, -0.00721160182729, 0.00218269182369, -0.000571801676415, -0.00789804104716, 0.0115080652758, -0.00244876765646, -0.00211400119588, 0.00324452714995, -0.0058074593544], [0.00119603937492, -0.00415632035583, 0.00795584078878, -0.00721160182729, 0.0142574021593, -0.00352006638423, -0.00195575365797, 0.00575892534107, -0.00710713025182, 0.00211518956348, 0.00328209414147, -0.00454841647297, 0.00352002540603], [0.000788973353337, -0.00162909703795, -0.00210863910615, 0.00218269182369, -0.00352006638423, 0.0112818274647, -0.00156832532957, -0.0035571209155, 0.00458655040711, -0.00604824349284, 0.00496122613549, -0.004840020556, 0.00285701546818], [0.000303859327687, -0.000801180896815, -0.000303535198327, -0.000571801676415, -0.00195575365797, -0.00156832532957, 0.0234978869557, -0.0149058373645, 0.00657612318173, -0.0042365998961, -0.000543686037418, 0.00228527514264, -5.97855751039e-06], [-0.000498028821312, 0.0016926889075, 0.00283345207572, -0.00789804104716, 0.00575892534107, -0.0035571209155, -0.0149058373645, 0.0351218655705, -0.0235407613218, 0.00763964792714, -0.00115744478535, -0.00566968275234, 0.00872703175992], [0.00104623148218, -0.00217135623097, -0.00102958083153, 0.0115080652758, -0.00710713025182, 0.00458655040711, 0.00657612318173, -0.0235407613218, 0.0340748466551, -0.0137533470988, -0.0014736285666, -0.000663894694299, -0.00665684556589], [-0.00276934658177, 0.00775505276397, -0.00710784038529, -0.00244876765646, 0.00211518956348, -0.00604824349284, -0.0042365998961, 0.00763964792714, -0.0137533470988, 0.0308158844709, -0.0221413820982, 0.00927453581244, -7.52205014578e-05], [0.00285858754069, -0.00809107255191, 0.0112141193822, -0.00211400119588, 0.00328209414147, 0.00496122613549, -0.000543686037418, -0.00115744478535, -0.0014736285666, -0.0221413820982, 0.0418920330703, -0.0213639438152, 0.00434305611998], [-0.0029309191741, 0.00931352004409, -0.0119860721752, 0.00324452714995, -0.00454841647297, -0.004840020556, 0.00228527514264, -0.00566968275234, -0.000663894694299, 0.00927453581244, -0.0213639438152, 0.037404563278, -0.0134478006512], [0.000622895837296, -0.00302047817968, 0.00324227707461, -0.0058074593544, 0.00352002540603, 0.00285701546818, -5.97855751039e-06, 0.00872703175992, -0.00665684556589, -7.52205014578e-05, 0.00434305611998, -0.0134478006512, 0.0247831940651]]
    },
    "melbands": {
        "dmean": [2.94087294606e-06, 5.27545171281e-06, 1.09243528641e-05, 9.8819633422e-05, 0.000595552730374, 0.000204791052965, 0.000159423070727, 0.000168162616319, 0.000348640867742, 5.81525382586e-05, 5.36841116627e-06, 1.89479931123e-06, 1.57501256126e-06, 2.40901363213e-06, 2.14642932406e-06, 3.13069989488e-07, 1.20506024359e-06, 1.33997593821e-06, 8.18477190023e-07, 5.23226368898e-08, 4.18463130814e-08, 2.86999171095e-08, 7.62158780532e-09, 5.61235058427e-09, 3.29762683826e-09, 2.32488694962e-09, 2.82782286476e-09, 6.01199923178e-10, 4.18805962132e-10, 2.2868532068e-10, 1.21276211296e-10, 6.9907447886e-11, 5.44243990153e-11, 4.45569345309e-11, 3.83436477014e-11, 3.0636670284e-11, 3.03196495688e-11, 2.75018150614e-11, 2.78394998027e-11, 2.73424772407e-11],
        "dmean2": [4.99287352795e-06, 9.04049647943e-06, 1.79066464625e-05, 0.000163940363564, 0.00106619414873, 0.000354537070962, 0.000242374779191, 0.000255171267781, 0.000524002651218, 8.09919365565e-05, 7.48278671381e-06, 2.84804059447e-06, 2.40461031353e-06, 2.96960888591e-06, 3.09022425427e-06, 5.23873325164e-07, 1.94350877791e-06, 1.86738600405e-06, 1.11933184144e-06, 7.45428963e-08, 6.42089119651e-08, 4.71583376793e-08, 1.22546843784e-08, 7.88727394507e-09, 5.46520961819e-09, 3.66683439168e-09, 4.34971569874e-09, 9.68444213711e-10, 6.64999944e-10, 3.60371343877e-10, 2.02036998243e-10, 1.15283824154e-10, 9.00225033407e-11, 7.56616574948e-11, 6.40825309484e-11, 5.18338601208e-11, 5.22672911896e-11, 4.62888616326e-11, 4.55170727498e-11, 4.66809819966e-11],
        "dvar": [1.02332933793e-11, 8.41262892681e-11, 5.86942772163e-10, 4.28532693775e-08, 1.34489596348e-06, 1.28250647435e-07, 6.29164915722e-08, 1.58194850997e-07, 4.36549584037e-07, 5.63827704525e-08, 4.51868015228e-10, 1.48971147917e-11, 4.58954957372e-11, 3.15043859056e-11, 3.11571671241e-11, 3.35081788705e-13, 6.81421976137e-12, 6.07855502044e-11, 1.58760313923e-11, 4.66239324709e-14, 1.05076029529e-14, 5.2968214328e-15, 1.25401173786e-15, 4.82482301673e-16, 8.3385556305e-17, 2.89995387899e-16, 1.97356148846e-16, 1.22613710118e-17, 5.91355597176e-18, 6.66833563665e-19, 1.51183438665e-19, 2.6947411782e-20, 2.81187447658e-20, 1.16467636093e-20, 4.52481285219e-21, 1.24959404406e-21, 1.18447729976e-21, 8.96273013869e-22, 8.77129618997e-22, 6.38600396556e-22],
        "dvar2": [2.6949062773e-11, 2.19248383337e-10, 1.22260201962e-09, 1.23595867763e-07, 4.29942792834e-06, 4.02400246458e-07, 1.62740548149e-07, 3.62174375823e-07, 9.48789420363e-07, 1.03230810566e-07, 8.50244374906e-10, 3.43949140003e-11, 1.11936189484e-10, 4.1915797222e-11, 5.79791596678e-11, 9.10163871354e-13, 1.75223602988e-11, 1.15093282127e-10, 3.01669765557e-11, 6.91935861364e-14, 2.24240791951e-14, 1.34168214665e-14, 3.23070542181e-15, 8.55981373886e-16, 2.12017958291e-16, 5.9488399729e-16, 3.60501457516e-16, 2.99527592285e-17, 1.39839018455e-17, 1.33110038589e-18, 3.91870999083e-19, 6.77776219666e-20, 7.04470307385e-20, 3.26850596281e-20, 1.24847460374e-20, 3.14047520609e-21, 3.05798251924e-21, 2.31406906562e-21, 2.27489127957e-21, 1.72659049079e-21],
        "max": [2.63067377091e-05, 0.000126339902636, 0.000536865089089, 0.00228434428573, 0.009705837816, 0.00349119119346, 0.00351436552592, 0.00866621918976, 0.0103628635406, 0.00617778254673, 0.00059447681997, 7.04873891664e-05, 0.000143972240039, 0.000110761066026, 0.000157588132424, 7.19734680388e-06, 4.4521610107e-05, 0.000171278865309, 8.65418260219e-05, 5.81079711992e-06, 2.15237946577e-06, 1.04454170469e-06, 8.89257023573e-07, 6.02029103902e-07, 1.38827829232e-07, 4.03097459412e-07, 2.53461791999e-07, 7.19170074603e-08, 4.75523833643e-08, 1.79242203302e-08, 6.28538732173e-09, 2.35538299975e-09, 3.7630458749e-09, 1.92638593965e-09, 1.24753174457e-09, 4.3985459719e-10, 4.11998352101e-10, 3.54109214173e-10, 3.85843024198e-10, 2.6581170598e-10],
        "mean": [4.18034596805e-06, 7.37128038963e-06, 2.35999305005e-05, 0.00021151691908, 0.000949675450101, 0.000517008593306, 0.000801580841653, 0.000727448088583, 0.00109570589848, 0.000136973831104, 1.3693681467e-05, 5.76866659685e-06, 3.56249142897e-06, 9.87724888546e-06, 9.34802119446e-06, 7.88432259924e-07, 2.43645808951e-06, 3.73870307158e-06, 2.34173148783e-06, 1.50211334926e-07, 1.17812788858e-07, 6.48091926791e-08, 1.62077622434e-08, 1.70034368807e-08, 7.14356707121e-09, 4.99185093261e-09, 5.88852655525e-09, 9.96113747043e-10, 7.69524499677e-10, 4.8298065547e-10, 2.49651771478e-10, 1.44511208555e-10, 1.28157914836e-10, 1.06595385296e-10, 9.98565050092e-11, 8.80100020639e-11, 8.70303690226e-11, 8.6284694667e-11, 8.14076930866e-11, 8.20755199915e-11],
        "median": [2.86983095066e-06, 3.88974331145e-06, 5.41782401342e-06, 5.58183746762e-05, 0.000402322097216, 0.000293040939141, 0.000595619436353, 0.000540196313523, 0.000308663904434, 3.73705115635e-05, 6.80835046296e-06, 2.637043508e-06, 1.23565234844e-06, 2.29575880439e-06, 1.91035610442e-06, 4.46621697847e-07, 4.43307527576e-07, 2.46893932854e-07, 2.2781804887e-07, 2.65412349876e-08, 2.31306316323e-08, 6.16871886905e-09, 1.85702508926e-09, 1.37593558769e-09, 8.89006646076e-10, 3.13355758008e-10, 2.93211205316e-10, 1.70817859857e-10, 1.49492418444e-10, 1.67551139629e-10, 1.27504215519e-10, 9.79602163276e-11, 9.59571450077e-11, 9.00435767615e-11, 8.73101105303e-11, 7.91371829179e-11, 8.0104596567e-11, 8.09135466961e-11, 7.65862720464e-11, 7.9707219991e-11],
        "min": [2.52438507064e-24, 3.65419382846e-24, 2.18551369715e-24, 3.16457843295e-24, 3.57579091524e-24, 5.66705131422e-24, 2.28982911338e-24, 2.77943740915e-24, 4.90243092133e-24, 3.97090333811e-24, 5.17965557609e-24, 1.02900688862e-23, 1.18561652535e-23, 9.90672271818e-24, 1.1546260458e-23, 8.32796513337e-24, 6.69794736694e-24, 9.96511025808e-24, 7.9880007931e-24, 4.93149176822e-24, 1.08281004226e-23, 9.17699561528e-24, 1.01064386336e-23, 1.00339336389e-23, 7.6533257652e-24, 6.60175366816e-24, 6.74525141112e-24, 1.07736350991e-23, 8.40928643751e-24, 5.49580144461e-24, 1.09849804019e-23, 1.06331902478e-23, 8.11429111314e-24, 6.80293055393e-24, 7.6947717283e-24, 6.07060573206e-24, 8.51976482956e-24, 9.88214891212e-24, 1.24898848288e-23, 6.97466793958e-24],
