{
"metadata": {
    "version": {
        "essentia": "2.0.1",
        "extractor": "archive-music 1.0"
    },
    "audio_properties": {
        "analysis_sample_rate": 44100,
        "bitrate": 128,
        "channels": 2,
        "equal_loudness": 0,
        "length": 14.889796257,
        "replay_gain": -3.83757781982,
        "downmix": "mix"
    },
    "tags": {
        "track": 0,
        "year": 0,
        "album": "",
        "artist": "",
        "comment": "",
        "genre": "",
        "title": ""
    }
},
"highlevel": {
    "culture": {
        "all": {
            "non_western": 0.0305589735508,
            "western": 0.969440996647
        },
        "probability": 0.969440996647,
        "value": "western"
    },
    "danceability": {
        "all": {
            "danceable": 0.336845844984,
            "not_danceable": 0.663154184818
        },
        "probability": 0.663154184818,
        "value": "not_danceable"
    },
    "gender": {
        "all": {
            "female": 0.217766046524,
            "male": 0.782233953476
        },
        "probability": 0.782233953476,
        "value": "male"
    },
    "genre_dortmund": {
        "all": {
            "alternative": 0.0477458722889,
            "blues": 0.019524788484,
            "electronic": 0.10996298492,
            "folkcountry": 0.205717086792,
            "funksoulrnb": 0.0078913923353,
            "jazz": 0.487097024918,
            "pop": 0.0438831374049,
            "raphiphop": 0.02591993846,
            "rock": 0.0522577799857
        },
        "probability": 0.487097024918,
        "value": "jazz"
    },
    "genre_electronic": {
        "all": {
            "ambient": 0.957464575768,
            "dnb": 0.00799883995205,
            "house": 0.0127381253988,
            "techno": 0.0145999062806,
            "trance": 0.00719857914373
        },
        "probability": 0.957464575768,
        "value": "ambient"
    },
    "genre_rosamerica": {
        "all": {
            "cla": 0.624483466148,
            "dan": 0.0363430455327,
            "hip": 0.0313404388726,
            "jaz": 0.0461674891412,
            "pop": 0.126942098141,
            "rhy": 0.0815373659134,
            "roc": 0.0335177332163,
            "spe": 0.0196683555841
        },
        "probability": 0.624483466148,
        "value": "cla"
    },
    "genre_tzanetakis": {
        "all": {
            "blu": 0.039564345032,
            "cla": 0.247607037425,
            "cou": 0.060979809612,
            "dis": 0.0411637537181,
            "hip": 0.061434391886,
            "jaz": 0.250229626894,
            "met": 0.0118176294491,
            "pop": 0.15908831358,
            "reg": 0.0660833716393,
            "roc": 0.0620317198336
        },
        "probability": 0.250229626894,
        "value": "jaz"
    },
    "mirex_ballroom": {
        "all": {
            "ChaChaCha": 0.00148309755605,
            "Jive": 0.00109838671051,
            "Quickstep": 0.0171467047185,
            "Rumba-American": 0.000742747623008,
            "Rumba-International": 0.00739439064637,
            "Rumba-Misc": 0.00946655869484,
            "Samba": 0.00304091721773,
            "Tango": 0.017307497561,
            "VienneseWaltz": 0.327932298183,
            "Waltz": 0.614387392998
        },
        "probability": 0.614387392998,
        "value": "Waltz"
    },
    "mood_acoustic": {
        "all": {
            "acoustic": 0.949551820755,
            "not_acoustic": 0.050448179245
        },
        "probability": 0.949551820755,
        "value": "acoustic"
    },
    "mood_aggressive": {
        "all": {
            "aggressive": 0.0478808879852,
            "not_aggressive": 0.952119112015
        },
        "probability": 0.952119112015,
        "value": "not_aggressive"
    },
    "mood_electronic": {
        "all": {
            "electronic": 0.340182363987,
            "not_electronic": 0.659817636013
        },
        "probability": 0.659817636013,
        "value": "not_electronic"
    },
    "mood_happy": {
        "all": {
            "happy": 0.404170781374,
            "not_happy": 0.595829248428
        },
        "probability": 0.595829248428,
        "value": "not_happy"
    },
    "mood_party": {
        "all": {
            "not_party": 0.905647277832,
            "party": 0.0943527072668
        },
        "probability": 0.905647277832,
        "value": "not_party"
    },
    "mood_relaxed": {
        "all": {
            "not_relaxed": 0.0416614748538,
            "relaxed": 0.958338499069
        },
        "probability": 0.958338499069,
        "value": "relaxed"
    },
    "mood_sad": {
        "all": {
            "not_sad": 0.168548569083,
            "sad": 0.831451416016
        },
        "probability": 0.831451416016,
        "value": "sad"
    },
    "moods_mirex": {
        "all": {
            "Cluster1": 0.257842183113,
            "Cluster2": 0.408166259527,
            "Cluster3": 0.171959519386,
            "Cluster4": 0.101874694228,
            "Cluster5": 0.0601573511958
        },
        "probability": 0.408166259527,
        "value": "Cluster2"
    },
    "timbre": {
        "all": {
            "bright": 0.950340270996,
            "dark": 0.0496597327292
        },
        "probability": 0.950340270996,
        "value": "bright"
    },
    "tonal_atonal": {
        "all": {
            "atonal": 0.315157532692,
            "tonal": 0.684842467308
        },
        "probability": 0.684842467308,
        "value": "tonal"
    },
    "voice_instrumental": {
        "all": {
            "instrumental": 0.712824046612,
            "voice": 0.287175953388
        },
        "probability": 0.712824046612,
        "value": "instrumental"
    }
},
"lowlevel": {
    "average_loudness": 0.857909083366,
    "barkbands_kurtosis": {
        "dmean": 2.99051094055,
        "dmean2": 5.01051616669,
        "dvar": 23.7180633545,
        "dvar2": 67.8805465698,
        "max": 56.5360908508,
        "mean": 4.78966140747,
        "median": 2.67760944366,
        "min": -1.28924226761,
        "var": 41.4319458008
    },
    "barkbands_skewness": {
        "dmean": 0.512176930904,
        "dmean2": 0.831615030766,
        "dvar": 0.316269904375,
        "dvar2": 0.86569672823,
        "max": 6.47380161285,
        "mean": 1.40706765652,
        "median": 1.27391684055,
        "min": -2.00265717506,
        "var": 1.12417685986
    },
    "barkbands_spread": {
        "dmean": 2.56741428375,
        "dmean2": 3.98275089264,
        "dvar": 15.4553337097,
        "dvar2": 35.0400543213,
        "max": 87.6018600464,
        "mean": 10.374786377,
        "median": 9.98067188263,
        "min": 1.5065805912,
        "var": 37.2494239807
    },
    "dissonance": {
        "dmean": 0.0312354806811,
        "dmean2": 0.0533639714122,
        "dvar": 0.000623322208412,
        "dvar2": 0.00177269277629,
        "max": 0.499471098185,
        "mean": 0.434663683176,
        "median": 0.441388487816,
        "min": 0.29397252202,
        "var": 0.00142193818465
    },
    "dynamic_complexity": 3.69464182854,
    "erbbands_kurtosis": {
        "dmean": 1.10582053661,
        "dmean2": 1.66192257404,
        "dvar": 3.51723670959,
        "dvar2": 8.65142631531,
        "max": 38.0170822144,
        "mean": 1.56483495235,
        "median": 0.587311506271,
        "min": -1.20608246326,
        "var": 10.5125551224
    },
    "erbbands_skewness": {
        "dmean": 0.304288059473,
        "dmean2": 0.442516893148,
        "dvar": 0.0805620253086,
        "dvar2": 0.167361199856,
        "max": 5.01414680481,
        "mean": 0.808337628841,
        "median": 0.692528545856,
        "min": -0.95249414444,
        "var": 0.543887495995
    },
    "erbbands_spread": {
        "dmean": 3.9351773262,
        "dmean2": 5.98407506943,
        "dvar": 18.2249698639,
        "dvar2": 45.4902191162,
        "max": 79.5698623657,
        "mean": 20.6387119293,
        "median": 20.5377922058,
        "min": 2.83922386169,
        "var": 67.0068283081
    },
    "hfc": {
        "dmean": 1.73933136463,
        "dmean2": 2.11457252502,
        "dvar": 4.77166032791,
        "dvar2": 7.27994823456,
        "max": 79.0009155273,
        "mean": 9.4779882431,
        "median": 7.04256105423,
        "min": 1.21613523026e-16,
        "var": 107.895736694
    },
    "melbands_kurtosis": {
        "dmean": 4.70211696625,
        "dmean2": 7.91752099991,
        "dvar": 59.847694397,
        "dvar2": 170.723937988,
        "max": 86.6784133911,
        "mean": 8.18263244629,
        "median": 4.76969432831,
        "min": -1.25061607361,
        "var": 101.586906433
    },
    "melbands_skewness": {
        "dmean": 0.606421709061,
        "dmean2": 0.997069478035,
        "dvar": 0.398940950632,
        "dvar2": 1.0941491127,
        "max": 7.24406576157,
        "mean": 1.87418305874,
        "median": 1.65680849552,
        "min": -0.985464334488,
        "var": 1.53617203236
    },
    "melbands_spread": {
        "dmean": 3.024071455,
        "dmean2": 4.93001747131,
        "dvar": 41.5018577576,
        "dvar2": 73.3400192261,
        "max": 139.351593018,
        "mean": 12.6606006622,
        "median": 11.2713766098,
        "min": 1.21967816353,
        "var": 173.243774414
    },
    "pitch_salience": {
        "dmean": 0.0712484195828,
        "dmean2": 0.120049782097,
        "dvar": 0.00413399050012,
        "dvar2": 0.0123761836439,
        "max": 0.986810445786,
        "mean": 0.523810565472,
        "median": 0.542744457722,
        "min": 0.173115253448,
        "var": 0.0158398207277
    },
    "silence_rate_20dB": {
        "dmean": 0,
        "dmean2": 0,
        "dvar": 0,
        "dvar2": 0,
        "max": 1,
        "mean": 1,
        "median": 1,
        "min": 1,
        "var": 0
    },
    "silence_rate_30dB": {
        "dmean": 0.00934579409659,
        "dmean2": 0.018720747903,
        "dvar": 0.00925842951983,
        "dvar2": 0.0214903149754,
        "max": 1,
        "mean": 0.981337487698,
        "median": 1,
        "min": 0,
        "var": 0.0183142200112
    },
    "silence_rate_60dB": {
        "dmean": 0.00623052939773,
        "dmean2": 0.0124804992229,
        "dvar": 0.00619175145403,
        "dvar2": 0.0154450070113,
        "max": 1,
        "mean": 0.0528771393001,
        "median": 0,
        "min": 0,
        "var": 0.0500813052058
    },
    "spectral_centroid": {
        "dmean": 100.312835693,
        "dmean2": 148.154800415,
        "dvar": 111678.570312,
        "dvar2": 126068.570312,
        "max": 11451.8779297,
        "mean": 700.214782715,
        "median": 625.518371582,
        "min": 285.125610352,
        "var": 284154.78125
    },
    "spectral_complexity": {
        "dmean": 1.82554519176,
        "dmean2": 3.05460214615,
        "dvar": 2.14713788033,
        "dvar2": 6.02667236328,
        "max": 20,
        "mean": 12.6469669342,
        "median": 13,
        "min": 0,
        "var": 14.9406108856
    },
    "spectral_crest": {
        "dmean": 2.71372032166,
        "dmean2": 4.48811769485,
        "dvar": 6.29549598694,
        "dvar2": 18.348777771,
        "max": 25.4984149933,
        "mean": 11.8066778183,
        "median": 10.6012439728,
        "min": 3.75500822067,
        "var": 26.3082046509
    },
    "spectral_decrease": {
        "dmean": 2.19633911058e-09,
        "dmean2": 3.53328077907e-09,
        "dvar": 1.49096989307e-17,
        "dvar2": 3.92782180921e-17,
        "max": 7.1925370443e-29,
        "mean": -6.73714861676e-09,
        "median": -4.24257562415e-09,
        "min": -4.86180979919e-08,
        "var": 4.83223627556e-17
    },
    "spectral_energy": {
        "dmean": 0.00841631460935,
        "dmean2": 0.0134682115167,
        "dvar": 0.000215960884816,
        "dvar2": 0.000567431503441,
        "max": 0.186957910657,
        "mean": 0.0262871999294,
        "median": 0.0167161822319,
        "min": 1.07592513186e-20,
        "var": 0.000729129475076
    },
    "spectral_energyband_high": {
        "dmean": 6.85978920956e-06,
        "dmean2": 1.04725677375e-05,
        "dvar": 6.47346828919e-11,
        "dvar2": 1.52791723718e-10,
        "max": 0.000111012697744,
        "mean": 2.54101159953e-05,
        "median": 2.07848388527e-05,
        "min": 7.6782563762e-21,
        "var": 3.88152371356e-10
    },
    "spectral_energyband_low": {
        "dmean": 0.00709944637492,
        "dmean2": 0.0125012528151,
        "dvar": 0.000204757830943,
        "dvar2": 0.000561576802284,
        "max": 0.164705917239,
        "mean": 0.0110390856862,
        "median": 0.0041883373633,
        "min": 6.39348792052e-23,
        "var": 0.000328189373249
    },
    "spectral_energyband_middle_high": {
        "dmean": 0.000616456149146,
        "dmean2": 0.000859617372043,
        "dvar": 7.11198026693e-07,
        "dvar2": 1.35919810873e-06,
        "max": 0.0151002509519,
        "mean": 0.00214368570596,
        "median": 0.00165096460842,
        "min": 1.44917469188e-21,
        "var": 4.17181354351e-06
    },
    "spectral_energyband_middle_low": {
        "dmean": 0.00293750362471,
        "dmean2": 0.00353340874426,
        "dvar": 1.47680621012e-05,
        "dvar2": 1.51771055243e-05,
        "max": 0.150029674172,
        "mean": 0.0132292667404,
        "median": 0.0085728103295,
        "min": 2.82216919974e-22,
        "var": 0.000348680012394
    },
    "spectral_flatness_db": {
        "dmean": 0.0197967216372,
        "dmean2": 0.0318103171885,
        "dvar": 0.000376024661819,
        "dvar2": 0.00104597047903,
        "max": 0.342409521341,
        "mean": 0.196262553334,
        "median": 0.188375279307,
        "min": 0.0339455120265,
        "var": 0.00206700037234
    },
    "spectral_flux": {
        "dmean": 0.016350639984,
        "dmean2": 0.0271723363549,
        "dvar": 0.000530092569534,
        "dvar2": 0.00150762067642,
        "max": 0.256998211145,
        "mean": 0.0633603334427,
        "median": 0.0531260855496,
        "min": 1.03726811862e-10,
        "var": 0.00143523083534
    },
    "spectral_kurtosis": {
        "dmean": 4.18128299713,
        "dmean2": 7.25877666473,
        "dvar": 14.9945144653,
        "dvar2": 39.6851425171,
        "max": 60.0844573975,
        "mean": 12.2908058167,
        "median": 11.2715587616,
        "min": -1.20886802673,
        "var": 30.0382575989
    },
    "spectral_rms": {
        "dmean": 0.000716876180377,
        "dmean2": 0.0011479142122,
        "dvar": 8.89593366082e-07,
        "dvar2": 2.38190250457e-06,
        "max": 0.0135054783896,
        "mean": 0.00454677641392,
        "median": 0.00403837440535,
        "min": 3.23988123656e-12,
        "var": 4.97286237078e-06
    },
    "spectral_rolloff": {
        "dmean": 176.391036987,
        "dmean2": 304.958251953,
        "dvar": 785499.8125,
        "dvar2": 1306252.125,
        "max": 19186.0839844,
        "mean": 793.512145996,
        "median": 602.9296875,
        "min": 86.1328125,
        "var": 3361681.25
    },
    "spectral_skewness": {
        "dmean": 0.35314655304,
        "dmean2": 0.607173621655,
        "dvar": 0.0836798325181,
        "dvar2": 0.221676051617,
        "max": 5.64090871811,
        "mean": 2.53001022339,
        "median": 2.47927856445,
        "min": -0.0760847330093,
        "var": 0.21641176939
    },
    "spectral_spread": {
        "dmean": 267349.71875,
        "dmean2": 381222.46875,
        "dvar": 1.65426914918e+12,
        "dvar2": 1.71105569997e+12,
        "max": 41548660,
        "mean": 2682206,
        "median": 2508054,
        "min": 1296306.625,
        "var": 3.13084293939e+12
    },
    "spectral_strongpeak": {
        "dmean": 0.351429700851,
        "dmean2": 0.555899322033,
        "dvar": 0.256635189056,
        "dvar2": 0.617360711098,
        "max": 7.43447494507,
        "mean": 1.05574905872,
        "median": 0.47614261508,
        "min": 0,
        "var": 1.78484678268
    },
    "zerocrossingrate": {
        "dmean": 0.00450557330623,
        "dmean2": 0.00637736450881,
        "dvar": 0.000481220427901,
        "dvar2": 0.000778151268605,
        "max": 0.52001953125,
        "mean": 0.0300160069019,
        "median": 0.02587890625,
        "min": 0.00634765625,
        "var": 0.00215631630272
    },
    "barkbands": {
        "dmean": [0.000660617661197, 0.0060290149413, 0.00152837729547, 0.000437256792793, 0.000676367490087, 0.000680442899466, 0.00174513354432, 0.000273312674835, 0.000573269557208, 0.000194119507796, 0.00039254501462, 9.7005344287e-05, 0.000162413081853, 3.47798777511e-05, 0.000128437561216, 4.27970990131e-05, 4.17797164118e-05, 3.16127043334e-05, 1.45980593516e-05, 9.47596436163e-06, 3.26805229633e-06, 1.82002008842e-06, 9.56224312176e-07, 6.36859965653e-07, 3.00887052163e-07, 1.30844640012e-07, 1.2663323723e-08],
        "dmean2": [0.0010951544391, 0.010845807381, 0.00238249520771, 0.000734416127671, 0.00113366835285, 0.000885979796294, 0.00176746735815, 0.0004212341737, 0.00073145260103, 0.000282559602056, 0.00051981973229, 0.000145643454744, 0.000261126231635, 5.84403132962e-05, 0.000201386283152, 7.40106697776e-05, 6.89840962877e-05, 5.3898562328e-05, 2.42997521127e-05, 1.6066887838e-05, 5.45595548829e-06, 2.94317555927e-06, 1.56715020694e-06, 9.67926325757e-07, 4.55394570054e-07, 1.75523112489e-07, 2.07798773744e-08],
        "dvar": [7.29944019895e-07, 0.000151755579282, 8.16299871076e-06, 6.06594937835e-07, 7.66997459323e-07, 9.395091638e-07, 1.4141021893e-05, 2.05518645657e-07, 1.02130729829e-06, 1.80124814619e-07, 4.45840413477e-07, 2.22446203679e-08, 8.67133849169e-08, 4.21556478614e-09, 4.08847178335e-08, 4.34233804469e-09, 4.62156313219e-09, 1.78435188847e-09, 3.71375458164e-10, 2.74849004667e-10, 2.6471675546e-11, 5.53237490541e-12, 1.70931129494e-12, 6.98299707988e-13, 1.53228287263e-13, 3.07339230292e-14, 4.13447528285e-16],
        "dvar2": [2.42430451181e-06, 0.000424486468546, 1.94643125724e-05, 1.89488400792e-06, 2.26432007366e-06, 1.4632823877e-06, 1.07369178295e-05, 4.19756361225e-07, 1.70403495758e-06, 3.28363512381e-07, 7.6591919651e-07, 4.7222219024e-08, 2.23824613954e-07, 1.10977103063e-08, 8.42891267894e-08, 1.22217782561e-08, 1.41881404403e-08, 5.04312858141e-09, 9.45673761521e-10, 7.50561279794e-10, 6.46505557422e-11, 1.55908827515e-11, 4.62468171397e-12, 1.82639472122e-12, 3.53141100346e-13, 6.10021541202e-14, 1.14196717251e-15],
        "max": [0.00763960089535, 0.130168586969, 0.0308733209968, 0.00807905197144, 0.00688640074804, 0.017922218889, 0.147651031613, 0.00844826176763, 0.0172756742686, 0.0104119759053, 0.0123461158946, 0.00242807203904, 0.00498433643952, 0.000703977944795, 0.00341595103964, 0.000626030494459, 0.000788747216575, 0.000412701716414, 0.000211362916161, 0.000254594284343, 6.52164744679e-05, 3.17512422043e-05, 1.3358947399e-05, 1.02075964605e-05, 5.22346863363e-06, 2.34846652347e-06, 2.437376736e-07],
        "mean": [0.000949362583924, 0.00772803742439, 0.00230866414495, 0.000688386848196, 0.0013172988547, 0.00231300643645, 0.00671282876283, 0.000501030299347, 0.00150713697076, 0.000399125914555, 0.000848924100865, 0.000202118724701, 0.000284702517092, 5.3743893659e-05, 0.000212041137274, 7.00743839843e-05, 7.05184065737e-05, 5.30988691025e-05, 2.94393612421e-05, 1.95599550352e-05, 7.57219004299e-06, 4.58720796814e-06, 2.64298364527e-06, 1.9572094061e-06, 9.51095046275e-07, 4.14669841575e-07, 2.00898373492e-08],
        "median": [0.000692123139743, 0.00168204586953, 0.000880284351297, 0.000426822458394, 0.000913857016712, 0.00108761270531, 0.000884343287908, 0.00029721687315, 0.000508351309691, 0.00021130713867, 0.000325810862705, 0.00011421682575, 0.000178290036274, 2.93171051453e-05, 0.000115361661301, 4.56909801869e-05, 4.46558151452e-05, 3.40930419043e-05, 2.14361862163e-05, 1.31035340019e-05, 5.64693982597e-06, 3.37886285706e-06, 1.81098175744e-06, 1.43549902987e-06, 6.81967662786e-07, 2.54890039741e-07, 1.06239133046e-08],
        "min": [8.73106911164e-24, 1.4570983516e-23, 3.33650297585e-23, 2.7559019807e-23, 7.67805324136e-23, 3.66581737836e-23, 2.41004926709e-23, 6.97647064452e-23, 2.75929218932e-23, 4.99815706225e-23, 3.54218267967e-23, 1.08491977186e-22, 1.64946990884e-22, 7.48902260472e-23, 6.3002735916e-23, 1.22002816843e-22, 2.08085641227e-22, 1.90983944595e-22, 2.13587737781e-22, 4.34384982661e-22, 3.798060569e-22, 4.50284329055e-22, 8.51630100444e-22, 9.54209887001e-22, 1.12204667102e-21, 1.69772580521e-21, 2.23246374e-21],
        "var": [9.68883114183e-07, 0.000217606240767, 1.39886851684e-05, 7.04726232925e-07, 1.60013144068e-06, 8.97349400475e-06, 0.000360788952094, 5.39621169082e-07, 5.81669837629e-06, 5.65824052501e-07, 2.13124144466e-06, 6.79211993315e-08, 1.56523896067e-07, 5.97005778147e-09, 9.61881596595e-08, 6.28737506503e-09, 7.90937981776e-09, 3.10797565461e-09, 8.13890344009e-10, 5.25448962119e-10, 5.49523516968e-11, 1.63232483086e-11, 6.01195959335e-12, 3.35418997265e-12, 7.17950221843e-13, 1.64319824566e-13, 7.43172890696e-16]
    },
    "erbbands": {
        "dmean": [0.235012829304, 1.1878361702, 1.97487807274, 1.33205032349, 2.08757758141, 2.52148509026, 2.65670275688, 7.30602169037, 14.0562925339, 22.6013240814, 8.71685123444, 14.1037025452, 7.26941347122, 12.7772312164, 9.59806728363, 3.97244524956, 6.60764312744, 3.17527365685, 4.40359210968, 4.27278470993, 2.43978643417, 1.5476526022, 2.14672780037, 0.665996730328, 0.774895429611, 0.304894447327, 0.187404513359, 0.0931783989072, 0.0815134570003, 0.0479875281453, 0.023704174906, 0.0160120949149, 0.00935297552496, 0.00435789162293, 0.00217172969133, 0.000765852222685, 0.000223484035814, 3.94212329411e-05, 4.14846681451e-06, 9.17239322007e-06],
        "dmean2": [0.447546571493, 2.01832199097, 3.11216926575, 2.09571290016, 3.65860533714, 4.09855794907, 3.59043335915, 9.32357311249, 15.9574718475, 22.2940578461, 12.7567138672, 18.3239936829, 9.72695446014, 17.7663860321, 12.4227027893, 5.9710817337, 10.6393976212, 5.24720573425, 6.83453607559, 6.92765522003, 4.16603279114, 2.54351234436, 3.65782952309, 1.11804807186, 1.31860661507, 0.511710584164, 0.311958938837, 0.151210665703, 0.133613556623, 0.0789211317897, 0.0375782512128, 0.0249535385519, 0.0141411870718, 0.00655783060938, 0.00333871226758, 0.00110171351116, 0.000315341894748, 5.75429367018e-05, 6.54735731587e-06, 1.45864123624e-05],
        "dvar": [0.153718918562, 8.1036901474, 16.0658512115, 6.24909639359, 8.67771053314, 10.835770607, 16.8015670776, 126.418624878, 637.160766602, 2646.38110352, 299.012573242, 540.3203125, 251.444946289, 523.053527832, 191.403442383, 43.9571113586, 131.969573975, 25.1612663269, 40.2270355225, 56.5672454834, 10.3094987869, 4.61404466629, 8.50751781464, 0.771865665913, 1.03390729427, 0.177477359772, 0.0761750712991, 0.0157330203801, 0.0130462497473, 0.00342253618874, 0.000898820406292, 0.000404018297559, 0.000157786867931, 3.58603138011e-05, 8.63948025653e-06, 1.18942398331e-06, 9.23917227169e-08, 3.37590400079e-09, 4.56309469377e-11, 2.5249005664e-10],
        "dvar2": [0.504588961601, 21.2928771973, 37.9167518616, 17.4472465515, 27.059217453, 29.973695755, 24.591550827, 189.487426758, 570.282653809, 2007.22741699, 562.18371582, 950.463806152, 453.949249268, 942.706298828, 294.90057373, 88.6446762085, 344.906768799, 66.3798294067, 82.0901184082, 121.180366516, 30.6160755157, 13.1319208145, 24.0353145599, 1.93203556538, 2.84212064743, 0.474558383226, 0.191720291972, 0.0391628183424, 0.0353911668062, 0.00940828491002, 0.00229644984938, 0.00109919416718, 0.000402306584874, 8.79494327819e-05, 2.10582693398e-05, 2.83787517219e-06, 1.91326606114e-07, 7.73447883518e-09, 1.1781262077e-10, 6.61166954519e-10],
        "max": [2.87257242203, 32.4015350342, 45.9195976257, 24.3583621979, 25.2579078674, 36.1554946899, 111.902458191, 225.725982666, 947.04901123, 2049.52539062, 281.983612061, 308.27142334, 401.111083984, 415.094360352, 218.475982666, 124.573127747, 189.28604126, 76.5171890259, 83.6236114502, 134.065582275, 32.0901222229, 25.7533073425, 26.754617691, 11.7053585052, 9.88274097443, 6.36675596237, 3.65152812004, 1.86370670795, 1.57739937305, 0.526071608067, 0.392761856318, 0.216406702995, 0.154727950692, 0.0786020234227, 0.0325616151094, 0.0144670205191, 0.00344981602393, 0.000676262949128, 9.10287053557e-05, 0.00020485073037],
        "mean": [0.260878413916, 1.54716432095, 2.88160634041, 2.43973350525, 3.39886546135, 4.95483493805, 8.30511379242, 25.3363380432, 49.7128372192, 91.3437423706, 20.4659404755, 36.8888702393, 18.2729282379, 27.9246082306, 21.4612808228, 8.52704334259, 11.9196767807, 6.52876615524, 7.58054351807, 7.6083817482, 4.63584375381, 3.10302305222, 3.5914785862, 1.54671919346, 1.50306034088, 0.684701859951, 0.437672197819, 0.231274709105, 0.182412609458, 0.11899356544, 0.069730848074, 0.0461795479059, 0.0278254579753, 0.0128812892362, 0.00622684229165, 0.00230162614025, 0.000657786382362, 0.000102519108623, 1.48579456436e-05, 2.93812518066e-05],
        "median": [0.0759029760957, 0.308963835239, 1.08372545242, 1.43953371048, 2.17333579063, 3.12989592552, 4.04205703735, 11.1090774536, 12.7391166687, 10.1604661942, 9.94797801971, 12.3593711853, 8.72185897827, 11.5557575226, 9.35881710052, 5.05309677124, 7.95162296295, 4.37087965012, 4.67193317413, 4.37332010269, 3.68180274963, 2.29999303818, 2.29730916023, 1.13467442989, 1.07796013355, 0.520398557186, 0.331188440323, 0.179884031415, 0.131456181407, 0.0872980877757, 0.0530104525387, 0.0342305973172, 0.0200929865241, 0.00932608824223, 0.00415165768936, 0.00143067666795, 0.000393016875023, 5.83116852795e-05, 1.09622733362e-05, 1.8930679289e-05],
        "min": [1.80100100106e-22, 4.46876530724e-21, 2.85950133905e-20, 7.56152681305e-20, 1.39880816925e-19, 3.10836224525e-19, 3.21922047396e-19, 2.6580699352e-19, 2.58073501027e-19, 6.16444047194e-19, 1.56387779906e-18, 6.58064105003e-19, 1.44772003096e-18, 1.37928965363e-18, 1.55557900616e-18, 5.21109062094e-18, 6.8999957356e-18, 5.02047181186e-18, 2.87133064219e-18, 4.72796379005e-18, 7.76345566264e-18, 1.17263530731e-17, 1.2028458458e-17, 9.85358307907e-18, 1.27109337485e-17, 2.06112001214e-17, 1.64177997343e-17, 1.44997085144e-17, 1.70786277082e-17, 2.52468029922e-17, 2.16348874146e-17, 1.92472553919e-17, 1.63047092553e-17, 1.1563671462e-17, 8.09003153156e-18, 6.28287143575e-18, 3.23863915922e-18, 1.35755806797e-18, 2.98346779553e-19, 3.27968356395e-20],
        "var": [0.196771994233, 10.8815135956, 26.4332103729, 9.17094421387, 13.8636741638, 30.0876293182, 174.503814697, 1292.52209473, 14279.9628906, 70276.1328125, 1098.34008789, 3101.49047852, 900.895874023, 2243.26098633, 807.770202637, 126.28704834, 229.86151123, 56.2824211121, 81.642074585, 135.562042236, 17.1989269257, 8.58635520935, 14.8025426865, 2.0348098278, 1.92584180832, 0.390625596046, 0.179611727595, 0.0420072637498, 0.0299817789346, 0.0111130895093, 0.00386875565164, 0.00178143067751, 0.000695942726452, 0.000137170689413, 3.21767038258e-05, 4.950336006e-06, 4.37264958464e-07, 1.25929284778e-08, 1.82816525807e-10, 8.95467811013e-10]
    },
    "gfcc": {
        "mean": [-80.9374694824, 157.612182617, -118.515869141, 14.7082929611, -47.1884155273, 5.29593276978, -26.4032707214, 9.89536380768, -10.9368886948, 1.37062072754, -5.06102323532, -1.04163265228, -3.98034071922],
        "cov": [[17136.2851562, 2015.57336426, -1505.87402344, 144.236221313, -548.280761719, 4.86521148682, -246.741821289, 85.5096893311, -18.8187522888, 5.04154348373, 18.4249477386, -64.4430465698, -27.123966217], [2015.57336426, 669.753601074, -151.118896484, 13.2119503021, 40.9372673035, -35.3487586975, -1.39601743221, -33.2783889771, 26.264585495, -32.4546813965, 38.7808570862, -42.2498626709, 28.6985683441], [-1505.87402344, -151.118896484, 399.180633545, 94.9268264771, 130.035018921, 38.9210739136, 43.2448730469, 17.8190307617, 2.35708785057, 8.99696063995, 4.64000558853, 8.84937381744, -6.48183488846], [144.236221313, 13.2119503021, 94.9268264771, 133.216156006, 65.9850311279, 53.500038147, 22.8380565643, 21.8807506561, -11.517619133, 0.0194644518197, -2.02662134171, -1.95315670967, -4.4637799263], [-548.280761719, 40.9372673035, 130.035018921, 65.9850311279, 155.245956421, 51.0033836365, 58.9559593201, 4.09546852112, 26.6381912231, 5.39195346832, 19.1715717316, -7.28675889969, 8.97688102722], [4.86521148682, -35.3487586975, 38.9210739136, 53.500038147, 51.0033836365, 101.39226532, 45.0159187317, 23.958732605, -12.012834549, 1.33020246029, -7.13038253784, 7.99975347519, 7.256483078], [-246.741821289, -1.39601743221, 43.2448730469, 22.8380565643, 58.9559593201, 45.0159187317, 92.900062561, 34.2992706299, 28.2213935852, 12.9248409271, 16.9540309906, 0.0631433427334, 7.16863059998], [85.5096893311, -33.2783889771, 17.8190307617, 21.8807506561, 4.09546852112, 23.958732605, 34.2992706299, 60.2329444885, 23.2474441528, 12.6288976669, -9.37059211731, 0.925762355328, -8.95944213867], [-18.8187522888, 26.264585495, 2.35708785057, -11.517619133, 26.6381912231, -12.012834549, 28.2213935852, 23.2474441528, 101.594276428, 43.8885307312, 29.1403446198, -17.9837493896, -3.24037194252], [5.04154348373, -32.4546813965, 8.99696063995, 0.0194644518197, 5.39195346832, 1.33020246029, 12.9248409271, 12.6288976669, 43.8885307312, 69.3476409912, 35.4906158447, 4.98499393463, -8.94719600677], [18.4249477386, 38.7808570862, 4.64000558853, -2.02662134171, 19.1715717316, -7.13038253784, 16.9540309906, -9.37059211731, 29.1403446198, 35.4906158447, 69.0187606812, 16.1239681244, 7.2929019928], [-64.4430465698, -42.2498626709, 8.84937381744, -1.95315670967, -7.28675889969, 7.99975347519, 0.0631433427334, 0.925762355328, -17.9837493896, 4.98499393463, 16.1239681244, 53.9944381714, 19.9870147705], [-27.123966217, 28.6985683441, -6.48183488846, -4.4637799263, 8.97688102722, 7.256483078, 7.16863059998, -8.95944213867, -3.24037194252, -8.94719600677, 7.2929019928, 19.9870147705, 54.9113197327]],
        "icov": [[0.000248200434726, -0.000777041015681, 0.000576559628826, -0.000802382128313, 0.000946728105191, -0.000668181921355, 0.000572904071305, -0.000604227767326, -8.53043675306e-05, -0.00041642121505, 4.42535383627e-05, -0.000324596854625, 0.000331077841111], [-0.000777041015681, 0.00485382135957, -0.000389808788896, 0.00142789527308, -0.00443437322974, 0.00330425123684, -0.00137853703927, 0.00157043721993, 0.000181627037819, 0.00330363260582, -0.00261862692423, 0.00331156654283, -0.00243463669904], [0.000576559628826, -0.000389808788896, 0.00612042285502, -0.00394201185554, -0.00218263990246, 0.000670267851092, 0.00141364615411, -0.00224866345525, 0.000609507900663, -0.000851225166116, -8.70691073942e-05, -0.00115920708049, 0.000938107084949], [-0.000802382128313, 0.00142789527308, -0.00394201185554, 0.0164630822837, -0.00708520272747, -0.0028182787355, 0.0023497606162, -0.00483892764896, 0.00446806754917, 0.000254710292211, -0.0021165991202, 0.00319155608304, -0.000410615990404], [0.000946728105191, -0.00443437322974, -0.00218263990246, -0.00708520272747, 0.0209778230637, -0.00758899888024, -0.00513164233416, 0.0065303305164, -0.00638141809031, 0.000609396083746, 0.000216731918044, -0.00114269508049, 0.0013703283621], [-0.000668181921355, 0.00330425123684, 0.000670267851092, -0.0028182787355, -0.00758899888024, 0.021182006225, -0.00806615222245, -0.00129747053143, 0.00551729463041, -0.00229425774887, 0.00357713340782, -0.000343436695402, -0.00332248094492], [0.000572904071305, -0.00137853703927, 0.00141364615411, 0.0023497606162, -0.00513164233416, -0.00806615222245, 0.0256904028356, -0.0160528142005, -7.17682341929e-05, 0.00174446054734, -0.00873412005603, 0.00358078372665, -0.00257022678852], [-0.000604227767326, 0.00157043721993, -0.00224866345525, -0.00483892764896, 0.0065303305164, -0.00129747053143, -0.0160528142005, 0.0379803702235, -0.0118156941608, -0.00136480899528, 0.0135824847966, -0.0090085407719, 0.00617392966524], [-8.53043675306e-05, 0.000181627037819, 0.000609507900663, 0.00446806754917, -0.00638141809031, 0.00551729463041, -7.17682341929e-05, -0.0118156941608, 0.0233398526907, -0.0107664642856, -0.00557314278558, 0.0108720269054, -0.00490034371614], [-0.00041642121505, 0.00330363260582, -0.000851225166116, 0.000254710292211, 0.000609396083746, -0.00229425774887, 0.00174446054734, -0.00136480899528, -0.0107664642856, 0.0307390987873, -0.0141592789441, -0.00114892178681, 0.00441305246204], [4.42535383627e-05, -0.00261862692423, -8.70691073942e-05, -0.0021165991202, 0.000216731918044, 0.00357713340782, -0.00873412005603, 0.0135824847966, -0.00557314278558, -0.0141592789441, 0.0328543409705, -0.0139292944223, 0.00212698569521], [-0.000324596854625, 0.00331156654283, -0.00115920708049, 0.00319155608304, -0.00114269508049, -0.000343436695402, 0.00358078372665, -0.0090085407719, 0.0108720269054, -0.00114892178681, -0.0139292944223, 0.0339737534523, -0.0135352592915], [0.000331077841111, -0.00243463669904, 0.000938107084949, -0.000410615990404, 0.0013703283621, -0.00332248094492, -0.00257022678852, 0.00617392966524, -0.00490034371614, 0.00441305246204, 0.00212698569521, -0.0135352592915, 0.0263564921916]]
    },
    "melbands": {
        "dmean": [0.00181796506513, 0.00116053305101, 0.000235785162658, 0.00016768767091, 8.60086583998e-05, 0.000149453684571, 0.000281406362774, 0.000202527851798, 7.52010528231e-05, 9.39848250709e-05, 3.43877618434e-05, 4.86556637043e-05, 3.65744708688e-05, 1.55507077579e-05, 6.74796956446e-06, 2.13229159272e-05, 4.4933517529e-06, 5.16767340741e-06, 1.09829225039e-05, 3.87821137338e-06, 3.04170703203e-06, 2.29357169701e-06, 1.65026460763e-06, 1.27185785459e-06, 5.9662664853e-07, 6.63704668113e-07, 4.92583581035e-07, 1.93234015455e-07, 1.38190245025e-07, 1.13661336343e-07, 4.93105360988e-08, 6.37484518506e-08, 2.78026384137e-08, 3.01283087367e-08, 1.64880624709e-08, 1.66099614063e-08, 9.82633441282e-09, 7.59617702073e-09, 6.52974962989e-09, 3.94713817187e-09],
        "dmean2": [0.0033642873168, 0.00186625565402, 0.000382187572541, 0.000281300017377, 0.000121052427858, 0.000194171982002, 0.000301659689285, 0.000201574279345, 0.00011022171384, 0.000121255034173, 4.61282725155e-05, 6.79654840496e-05, 4.79263544548e-05, 2.11209408008e-05, 1.09955672087e-05, 3.41124650731e-05, 7.51855895942e-06, 8.1041816884e-06, 1.74236629391e-05, 6.77723437548e-06, 5.22898972122e-06, 3.77803871743e-06, 2.83589588435e-06, 2.1438256681e-06, 1.02048431927e-06, 1.12763382276e-06, 8.517306469e-07, 3.19609767985e-07, 2.31523102912e-07, 1.90991144677e-07, 8.22901569109e-08, 1.0557943142e-07, 4.63005811469e-08, 4.9827754367e-08, 2.64632387115e-08, 2.71639315486e-08, 1.57924571198e-08, 1.17632996677e-08, 1.03311235122e-08, 6.12825212798e-09],
        "dvar": [1.10392156785e-05, 7.1666504482e-06, 1.5593471403e-07, 4.95840986048e-08, 1.3582472036e-08, 5.05810220375e-08, 3.10388600155e-07, 2.04276545901e-07, 3.00164799683e-08, 2.43782345422e-08, 6.14117601216e-09, 7.2622352576e-09, 2.9338207419e-09, 5.27763333036e-10, 1.1616957396e-10, 1.63614144455e-09, 6.02410551998e-11, 7.22490470229e-11, 4.63298649445e-10, 3.3916348896e-11, 2.09934084006e-11, 1.06439301817e-11, 4.56421575881e-12, 3.06749200693e-12, 7.23084786491e-13, 9.21821429953e-13, 8.7062632494e-13, 6.37729005346e-14, 3.14625001128e-14, 3.69823258389e-14, 4.79365845114e-15, 8.72965284451e-15, 1.88948634808e-15, 1.7522843748e-15, 5.15272905825e-16, 4.31833807774e-16, 1.63420184096e-16, 9.87734251867e-17, 8.3859828581e-17, 3.67922624187e-17],
        "dvar2": [3.30792463501e-05, 1.75331479113e-05, 4.32291329844e-07, 1.48541076328e-07, 2.25687095678e-08, 7.8376714896e-08, 2.47529698072e-07, 1.54348441583e-07, 5.406030823e-08, 4.24730579596e-08, 1.10678577414e-08, 1.31327313468e-08, 4.8834727373e-09, 8.89424922601e-10, 2.90563129113e-10, 4.20664836298e-09, 1.61138005716e-10, 1.48731485461e-10, 9.65604929348e-10, 9.52820045086e-11, 6.48510550816e-11, 3.05620771746e-11, 1.27902289454e-11, 8.64275057771e-12, 1.79707041349e-12, 2.51926235949e-12, 2.47881337852e-12, 1.63906879063e-13, 7.98976024772e-14, 9.06656748376e-14, 1.2413422849e-14, 2.35753629888e-14, 5.45216092258e-15, 5.01863506061e-15, 1.4074566267e-15, 1.1858748194e-15, 4.73149480902e-16, 2.54557858726e-16, 2.28891754573e-16, 9.00705719353e-17],
        "max": [0.0303468313068, 0.0335501879454, 0.00402416707948, 0.00185390014667, 0.00300624407828, 0.00439405161887, 0.0215503182262, 0.0180653873831, 0.00326939881779, 0.0021791618783, 0.00199637142941, 0.00152565620374, 0.000910978124011, 0.000385115767131, 0.000165635967278, 0.000678697077092, 7.76913730078e-05, 0.00012045634503, 0.000385550112696, 5.39888023923e-05, 5.48199495825e-05, 3.3345513657e-05, 2.41524412559e-05, 1.59163828357e-05, 1.09009024527e-05, 9.77232866717e-06, 1.155830887e-05, 2.96303778669e-06, 2.11676183426e-06, 2.39788937506e-06, 7.67635981447e-07, 1.24721702832e-06, 5.1578166449e-07, 4.45941140015e-07, 3.1128001865e-07, 2.07177123457e-07, 1.33042661332e-07, 1.14839053822e-07, 9.78935190687e-08, 9.33047772378e-08],
        "mean": [0.00223931786604, 0.00175751850475, 0.000472017069114, 0.000301776919514, 0.000272431672784, 0.000505814794451, 0.00104452180676, 0.000813748105429, 0.000149661995238, 0.000243692178628, 8.36726976559e-05, 0.00010384782945, 8.15956300357e-05, 3.3637494198e-05, 1.28048886836e-05, 3.59557852789e-05, 8.1063617472e-06, 8.49564003147e-06, 1.78218324436e-05, 6.035444585e-06, 5.35438948646e-06, 3.9137494241e-06, 2.85800729216e-06, 2.14615852201e-06, 1.17488082196e-06, 1.11333883979e-06, 9.19326794246e-07, 3.68223709302e-07, 2.90941102321e-07, 2.24395080295e-07, 1.01224664206e-07, 1.22882497067e-07, 6.09073964597e-08, 6.39050199425e-08, 3.9656516293e-08, 3.71917252551e-08, 2.44182984943e-08, 2.01666701116e-08, 1.53972994354e-08, 9.69555280506e-09],
        "median": [0.000601965119131, 0.000613678712398, 0.000308309012325, 0.000197564440896, 0.00015751052706, 0.000225730385864, 0.000203281495487, 0.000100058859971, 6.9683912443e-05, 6.98051808286e-05, 3.42724597431e-05, 4.24041209044e-05, 3.36450175382e-05, 1.52585807882e-05, 8.45870545163e-06, 2.05878168344e-05, 4.89176227347e-06, 4.83290205011e-06, 7.94612878963e-06, 3.82744292438e-06, 3.99952159569e-06, 2.58167165157e-06, 1.98066868506e-06, 1.40666838888e-06, 7.72306748331e-07, 7.75535283992e-07, 5.56518614303e-07, 2.59166057504e-07, 2.22947178941e-07, 1.5532519626e-07, 7.36035801197e-08, 8.52233057458e-08, 4.31283488922e-08, 4.36387317393e-08, 2.63107917675e-08, 2.75212705958e-08, 1.7255635143e-08, 1.37540974166e-08, 1.04660049516e-08, 6.66407506955e-09],
        "min": [3.26671245157e-24, 1.25743103006e-23, 1.34420115424e-23, 1.9289269453e-23, 1.09879315306e-23, 6.05167307034e-24, 4.4570045555e-24, 9.95872679564e-24, 1.08385804397e-23, 4.03834502905e-24, 7.20563931288e-24, 5.4329982558e-24, 5.18152359871e-24, 7.98541254047e-24, 1.83966749164e-23, 1.60692481006e-23, 8.0791315826e-24, 4.54153652352e-24, 4.38195745657e-24, 8.95330463927e-24, 8.71519091934e-24, 1.1953290597e-23, 1.37338711447e-23, 7.56408350872e-24, 8.16968492591e-24, 7.39532249526e-24, 1.28958184511e-23, 1.35105304229e-23, 1.11581700805e-23, 7.74283307895e-24, 8.14145711613e-24, 8.91285421864e-24, 9.71090298682e-24, 1.64048453069e-23, 1.10159242598e-23, 1.26971469876e-23, 1.16069853928e-23, 1.2698931391e-23, 9.52550095257e-24, 9.95129967022e-24],
