{
"metadata": {
    "version": {
        "essentia": "2.0.1",
        "extractor": "archive-music 1.0"
    },
    "audio_properties": {
        "analysis_sample_rate": 44100,
        "bitrate": 128,
        "channels": 2,
        "equal_loudness": 0,
        "length": 18.1028575897,
        "replay_gain": -5.91213607788,
        "downmix": "mix"
    },
    "tags": {
        "track": 0,
        "year": 0,
        "album": "",
        "artist": "",
        "comment": "",
        "genre": "",
        "title": ""
    }
},
"highlevel": {
    "culture": {
        "all": {
            "non_western": 5.87194051604e-07,
            "western": 0.999999403954
        },
        "probability": 0.999999403954,
        "value": "western"
    },
    "danceability": {
        "all": {
            "danceable": 0.168600380421,
            "not_danceable": 0.831399619579
        },
        "probability": 0.831399619579,
        "value": "not_danceable"
    },
    "gender": {
        "all": {
            "female": 0.5,
            "male": 0.5
        },
        "probability": 0.5,
        "value": "female"
    },
    "genre_dortmund": {
        "all": {
            "alternative": 0.0378724709153,
            "blues": 0.125583767891,
            "electronic": 0.00524790817872,
            "folkcountry": 0.0523954890668,
            "funksoulrnb": 0.0168392546475,
            "jazz": 0.696169912815,
            "pop": 0.0266223754734,
            "raphiphop": 0.00459007686004,
            "rock": 0.0346787646413
        },
        "probability": 0.696169912815,
        "value": "jazz"
    },
    "genre_electronic": {
        "all": {
            "ambient": 0.950027644634,
            "dnb": 0.0220987368375,
            "house": 0.0178325921297,
            "techno": 0.0068417545408,
            "trance": 0.00319927674718
        },
        "probability": 0.950027644634,
        "value": "ambient"
    },
    "genre_rosamerica": {
        "all": {
            "cla": 0.727490246296,
            "dan": 0.00234269606881,
            "hip": 0.00480941543356,
            "jaz": 0.164320752025,
            "pop": 0.0436579175293,
            "rhy": 0.0378946252167,
            "roc": 0.00785993877798,
            "spe": 0.0116243772209
        },
        "probability": 0.727490246296,
        "value": "cla"
    },
    "genre_tzanetakis": {
        "all": {
            "blu": 0.011543805711,
            "cla": 0.391725063324,
            "cou": 0.0209052339196,
            "dis": 0.0260402280837,
            "hip": 0.0196817144752,
            "jaz": 0.379284083843,
            "met": 0.00363786844537,
            "pop": 0.0675203800201,
            "reg": 0.0413052067161,
            "roc": 0.0383564345539
        },
        "probability": 0.391725063324,
        "value": "cla"
    },
    "mirex_ballroom": {
        "all": {
            "ChaChaCha": 0.0103503195569,
            "Jive": 0.00685929553583,
            "Quickstep": 0.066663198173,
            "Rumba-American": 0.00440916232765,
            "Rumba-International": 0.00741417752579,
            "Rumba-Misc": 0.0140262786299,
            "Samba": 0.013255123049,
            "Tango": 0.17563970387,
            "VienneseWaltz": 0.107454970479,
            "Waltz": 0.593927800655
        },
        "probability": 0.593927800655,
        "value": "Waltz"
    },
    "mood_acoustic": {
        "all": {
            "acoustic": 0.767862975597,
            "not_acoustic": 0.232137054205
        },
        "probability": 0.767862975597,
        "value": "acoustic"
    },
    "mood_aggressive": {
        "all": {
            "aggressive": 0.195883765817,
            "not_aggressive": 0.804116249084
        },
        "probability": 0.804116249084,
        "value": "not_aggressive"
    },
    "mood_electronic": {
        "all": {
            "electronic": 0.00680477265269,
            "not_electronic": 0.993195235729
        },
        "probability": 0.993195235729,
        "value": "not_electronic"
    },
    "mood_happy": {
        "all": {
            "happy": 0.270407110453,
            "not_happy": 0.729592859745
        },
        "probability": 0.729592859745,
        "value": "not_happy"
    },
    "mood_party": {
        "all": {
            "not_party": 0.80452889204,
            "party": 0.195471122861
        },
        "probability": 0.80452889204,
        "value": "not_party"
    },
    "mood_relaxed": {
        "all": {
            "not_relaxed": 0.019367871806,
            "relaxed": 0.980632126331
        },
        "probability": 0.980632126331,
        "value": "relaxed"
    },
    "mood_sad": {
        "all": {
            "not_sad": 0.166151985526,
            "sad": 0.833847999573
        },
        "probability": 0.833847999573,
        "value": "sad"
    },
    "moods_mirex": {
        "all": {
            "Cluster1": 0.124352373183,
            "Cluster2": 0.242904067039,
            "Cluster3": 0.29076820612,
            "Cluster4": 0.290483564138,
            "Cluster5": 0.0514917932451
        },
        "probability": 0.29076820612,
        "value": "Cluster3"
    },
    "timbre": {
        "all": {
            "bright": 0.505575418472,
            "dark": 0.494424581528
        },
        "probability": 0.505575418472,
        "value": "bright"
    },
    "tonal_atonal": {
        "all": {
            "atonal": 0.936741173267,
            "tonal": 0.0632588043809
        },
        "probability": 0.936741173267,
        "value": "atonal"
    },
    "voice_instrumental": {
        "all": {
            "instrumental": 0.424648046494,
            "voice": 0.575351953506
        },
        "probability": 0.575351953506,
        "value": "voice"
    }
},
"lowlevel": {
    "average_loudness": 0.381650537252,
    "barkbands_kurtosis": {
        "dmean": 1.57932960987,
        "dmean2": 2.47145414352,
        "dvar": 4.4584145546,
        "dvar2": 11.7781620026,
        "max": 31.1235542297,
        "mean": 2.46544861794,
        "median": 1.14917707443,
        "min": -1.58947098255,
        "var": 14.6545667648
    },
    "barkbands_skewness": {
        "dmean": 0.374897152185,
        "dmean2": 0.570851504803,
        "dvar": 0.121142618358,
        "dvar2": 0.284443169832,
        "max": 5.16902589798,
        "mean": 1.11563587189,
        "median": 1.06736528873,
        "min": -2.01031208038,
        "var": 0.895553350449
    },
    "barkbands_spread": {
        "dmean": 3.29851365089,
        "dmean2": 4.91938495636,
        "dvar": 14.3369312286,
        "dvar2": 33.5360946655,
        "max": 72.1429824829,
        "mean": 16.4140167236,
        "median": 15.1053886414,
        "min": 2.83031892776,
        "var": 71.2522277832
    },
    "dissonance": {
        "dmean": 0.0228067860007,
        "dmean2": 0.0386873818934,
        "dvar": 0.000351618771674,
        "dvar2": 0.000945065752603,
        "max": 0.498978942633,
        "mean": 0.44752061367,
        "median": 0.450196474791,
        "min": 0.332078158855,
        "var": 0.000832961639389
    },
    "dynamic_complexity": 5.386074543,
    "erbbands_kurtosis": {
        "dmean": 0.899959087372,
        "dmean2": 1.45163607597,
        "dvar": 0.994642972946,
        "dvar2": 2.53775811195,
        "max": 8.13169670105,
        "mean": 0.441070079803,
        "median": 0.0470156669617,
        "min": -1.42724192142,
        "var": 1.96301078796
    },
    "erbbands_skewness": {
        "dmean": 0.351741433144,
        "dmean2": 0.549475550652,
        "dvar": 0.096017844975,
        "dvar2": 0.23571023345,
        "max": 2.4047472477,
        "mean": 0.401549011469,
        "median": 0.411631435156,
        "min": -1.90499508381,
        "var": 0.430778890848
    },
    "erbbands_spread": {
        "dmean": 5.18875408173,
        "dmean2": 8.20680904388,
        "dvar": 23.934720993,
        "dvar2": 62.1768989563,
        "max": 67.8102874756,
        "mean": 26.1072025299,
        "median": 25.8960056305,
        "min": 8.58844852448,
        "var": 77.9707107544
    },
    "hfc": {
        "dmean": 2.41664671898,
        "dmean2": 3.11822652817,
        "dvar": 27.2356586456,
        "dvar2": 53.7152481079,
        "max": 123.282928467,
        "mean": 10.1735963821,
        "median": 3.89641952515,
        "min": 1.17328806862e-16,
        "var": 201.095794678
    },
    "melbands_kurtosis": {
        "dmean": 2.74918437004,
        "dmean2": 4.36973142624,
        "dvar": 15.6312360764,
        "dvar2": 40.7082672119,
        "max": 61.6246490479,
        "mean": 5.52794408798,
        "median": 3.78852510452,
        "min": -1.34341537952,
        "var": 43.3809127808
    },
    "melbands_skewness": {
        "dmean": 0.468408048153,
        "dmean2": 0.732284545898,
        "dvar": 0.198342546821,
        "dvar2": 0.494825482368,
        "max": 6.7834482193,
        "mean": 1.67411780357,
        "median": 1.57396638393,
        "min": -0.539902687073,
        "var": 1.06148290634
    },
    "melbands_spread": {
        "dmean": 4.29466438293,
        "dmean2": 6.29178714752,
        "dvar": 38.3930892944,
        "dvar2": 67.973274231,
        "max": 146.128036499,
        "mean": 22.7479610443,
        "median": 19.33436203,
        "min": 3.02860045433,
        "var": 255.636978149
    },
    "pitch_salience": {
        "dmean": 0.0573362000287,
        "dmean2": 0.0892025604844,
        "dvar": 0.00247261906043,
        "dvar2": 0.00596946384758,
        "max": 0.988767147064,
        "mean": 0.509180426598,
        "median": 0.504853665829,
        "min": 0.232425615191,
        "var": 0.0114315683022
    },
    "silence_rate_20dB": {
        "dmean": 0,
        "dmean2": 0,
        "dvar": 0,
        "dvar2": 0,
        "max": 1,
        "mean": 1,
        "median": 1,
        "min": 1,
        "var": 0
    },
    "silence_rate_30dB": {
        "dmean": 0,
        "dmean2": 0,
        "dvar": 0,
        "dvar2": 0,
        "max": 1,
        "mean": 1,
        "median": 1,
        "min": 1,
        "var": 0
    },
    "silence_rate_60dB": {
        "dmean": 0.0512820519507,
        "dmean2": 0.102695763111,
        "dvar": 0.0486515574157,
        "dvar2": 0.117821931839,
        "max": 1,
        "mean": 0.220230475068,
        "median": 0,
        "min": 0,
        "var": 0.171727925539
    },
    "spectral_centroid": {
        "dmean": 172.257034302,
        "dmean2": 252.131011963,
        "dvar": 92713.0703125,
        "dvar2": 114907.210938,
        "max": 11011.0849609,
        "mean": 1188.13537598,
        "median": 1113.57531738,
        "min": 294.97668457,
        "var": 399367.8125
    },
    "spectral_complexity": {
        "dmean": 1.63333332539,
        "dmean2": 2.59563541412,
        "dvar": 2.39119267464,
        "dvar2": 4.87500333786,
        "max": 41,
        "mean": 11.5288095474,
        "median": 10,
        "min": 0,
        "var": 52.6077194214
    },
    "spectral_crest": {
        "dmean": 2.31050467491,
        "dmean2": 3.60479927063,
        "dvar": 4.4071393013,
        "dvar2": 10.814037323,
        "max": 23.1902313232,
        "mean": 10.4827070236,
        "median": 9.5997428894,
        "min": 3.31861186028,
        "var": 15.7270889282
    },
    "spectral_decrease": {
        "dmean": 6.63355870234e-10,
        "dmean2": 8.67323435294e-10,
        "dvar": 1.1343212526e-18,
        "dvar2": 1.81987448221e-18,
        "max": 2.16162750793e-29,
        "mean": -3.01574254458e-09,
        "median": -1.75164349692e-09,
        "min": -2.21023928049e-08,
        "var": 1.38352384643e-17
    },
    "spectral_energy": {
        "dmean": 0.00269977981225,
        "dmean2": 0.00351379485801,
        "dvar": 1.91510625882e-05,
        "dvar2": 3.10620671371e-05,
        "max": 0.0913192927837,
        "mean": 0.012304879725,
        "median": 0.00713482080027,
        "min": 1.05604880569e-20,
        "var": 0.000231466532568
    },
    "spectral_energyband_high": {
        "dmean": 7.23845223547e-05,
        "dmean2": 0.000102493409941,
        "dvar": 3.39269305982e-08,
        "dvar2": 7.62886429584e-08,
        "max": 0.00364458071999,
        "mean": 0.000189517319086,
        "median": 4.01994293497e-05,
        "min": 7.41990056748e-21,
        "var": 1.24688099845e-07
    },
    "spectral_energyband_low": {
        "dmean": 0.000685539620463,
        "dmean2": 0.000934873125516,
        "dvar": 2.311490789e-06,
        "dvar2": 3.84197983294e-06,
        "max": 0.0292776860297,
        "mean": 0.00186333595775,
        "median": 0.000636373239104,
        "min": 1.34518656773e-22,
        "var": 1.07572823254e-05
    },
    "spectral_energyband_middle_high": {
        "dmean": 0.00118799088523,
        "dmean2": 0.00162254495081,
        "dvar": 6.08737082075e-06,
        "dvar2": 1.30632615765e-05,
        "max": 0.0551688708365,
        "mean": 0.00396709423512,
        "median": 0.00125283678062,
        "min": 1.83259744253e-21,
        "var": 3.47845962096e-05
    },
    "spectral_energyband_middle_low": {
        "dmean": 0.00172152684536,
        "dmean2": 0.00242514791898,
        "dvar": 9.41819052969e-06,
        "dvar2": 1.66198406077e-05,
        "max": 0.0591936483979,
        "mean": 0.00640269462019,
        "median": 0.00313879083842,
        "min": 2.00364813423e-22,
        "var": 8.66958798724e-05
    },
    "spectral_flatness_db": {
        "dmean": 0.0158666688949,
        "dmean2": 0.0231445487589,
        "dvar": 0.000173190332134,
        "dvar2": 0.000381911493605,
        "max": 0.293323487043,
        "mean": 0.166123583913,
        "median": 0.163501650095,
        "min": 0.0525263361633,
        "var": 0.00171487289481
    },
    "spectral_flux": {
        "dmean": 0.00845055840909,
        "dmean2": 0.0137758767232,
        "dvar": 8.252873522e-05,
        "dvar2": 0.000219110253965,
        "max": 0.161147654057,
        "mean": 0.0400107465684,
        "median": 0.0331423133612,
        "min": 1.02764234622e-10,
        "var": 0.000822673609946
    },
    "spectral_kurtosis": {
        "dmean": 2.53595805168,
        "dmean2": 4.33636617661,
        "dvar": 5.79692173004,
        "dvar2": 16.1690330505,
        "max": 27.42735672,
        "mean": 6.63166570663,
        "median": 5.83771038055,
        "min": -1.20577049255,
        "var": 12.8560991287
    },
    "spectral_rms": {
        "dmean": 0.000344031548593,
        "dmean2": 0.000454886670923,
        "dvar": 1.25424264752e-07,
        "dvar2": 2.10335713291e-07,
        "max": 0.00943885557353,
        "mean": 0.00296628987417,
        "median": 0.00263833301142,
        "min": 3.20981544295e-12,
        "var": 3.20587651004e-06
    },
    "spectral_rolloff": {
        "dmean": 278.96496582,
        "dmean2": 467.565734863,
        "dvar": 669300,
        "dvar2": 1136526.75,
        "max": 19013.8183594,
        "mean": 1351.63024902,
        "median": 1055.12695312,
        "min": 107.666015625,
        "var": 2777496
    },
    "spectral_skewness": {
        "dmean": 0.253587037325,
        "dmean2": 0.421412795782,
        "dvar": 0.0493509247899,
        "dvar2": 0.131168887019,
        "max": 3.76795840263,
        "mean": 1.74827897549,
        "median": 1.68885779381,
        "min": 0.00520098069683,
        "var": 0.167342826724
    },
    "spectral_spread": {
        "dmean": 255525.4375,
        "dmean2": 368706.78125,
        "dvar": 1.21489837261e+12,
        "dvar2": 1.24329014067e+12,
        "max": 39893024,
        "mean": 3151031.5,
        "median": 3004898.75,
        "min": 2063750.875,
        "var": 2.35470743142e+12
    },
    "spectral_strongpeak": {
        "dmean": 0.496570497751,
        "dmean2": 0.83830934763,
        "dvar": 0.823126852512,
        "dvar2": 2.16236066818,
        "max": 7.88804960251,
        "mean": 1.15384864807,
        "median": 0.541461229324,
        "min": 0,
        "var": 2.14424681664
    },
    "zerocrossingrate": {
        "dmean": 0.00623685400933,
        "dmean2": 0.00747214490548,
        "dvar": 0.000271540600806,
        "dvar2": 0.000323055079207,
        "max": 0.5087890625,
        "mean": 0.0509400516748,
        "median": 0.04443359375,
        "min": 0.00927734375,
        "var": 0.00195590453222
    },
    "barkbands": {
        "dmean": [1.64812918229e-05, 0.00028694033972, 0.000433875684394, 0.000101881130831, 0.000782562361564, 0.000685209874064, 0.000641934748273, 0.000317330093822, 0.000502750917803, 0.000343822030118, 0.00023382033396, 0.000105679864646, 0.000400210468797, 0.000211365899304, 0.000479673530208, 0.000135070396936, 8.50655123941e-05, 6.47357956041e-05, 5.89053415752e-05, 3.8804650103e-05, 3.49891306541e-05, 2.69970878435e-05, 1.20217073345e-05, 6.33576291875e-06, 1.96748896997e-06, 3.55993051926e-07, 1.80780013181e-08],
        "dmean2": [2.49663662544e-05, 0.000403017882491, 0.000582187436521, 0.000163754521054, 0.00126017490402, 0.000994152505882, 0.000926303386223, 0.000483460811665, 0.000700723961927, 0.00049996067537, 0.000318327802233, 0.000159757546498, 0.000596160127316, 0.000323670043144, 0.000729227031115, 0.000225946234423, 0.000139183350257, 0.000101846999314, 9.4692055427e-05, 6.07791771472e-05, 5.23971102666e-05, 4.53368593298e-05, 1.76953253685e-05, 8.67991820996e-06, 2.62642720372e-06, 4.59410728126e-07, 2.6445365009e-08],
        "dvar": [3.43169670458e-09, 2.04485289146e-07, 1.62442165674e-06, 5.7993762681e-08, 2.06290610549e-06, 3.23387575918e-06, 2.10410075852e-06, 5.25807138274e-07, 1.78285495167e-06, 5.71211785427e-07, 3.86725929502e-07, 9.51708898356e-08, 8.7321961928e-07, 3.245836524e-07, 3.35759546033e-06, 1.11414223625e-07, 2.44987994336e-08, 1.26424790636e-08, 1.24100507648e-08, 1.32079023274e-08, 5.50979351033e-09, 1.32370905348e-08, 1.2962050322e-09, 2.8432733945e-10, 3.69750480234e-11, 1.32547618714e-12, 4.35543917962e-15],
        "dvar2": [6.18643003492e-09, 4.11425503444e-07, 2.58544969256e-06, 1.52863663061e-07, 4.65919220005e-06, 5.77789933232e-06, 4.18585068473e-06, 1.21339701309e-06, 3.4477227473e-06, 1.22050562368e-06, 7.02141619513e-07, 2.15635324707e-07, 1.85318003787e-06, 8.01217311164e-07, 8.9439590738e-06, 2.87172724711e-07, 6.37162429484e-08, 2.72666635937e-08, 2.9708537852e-08, 3.07726715221e-08, 1.21379182261e-08, 3.95897927774e-08, 2.90095236721e-09, 5.08258657383e-10, 6.31351984581e-11, 2.02179570828e-12, 7.87766644858e-15],
        "max": [0.00148467067629, 0.00964565202594, 0.0239859372377, 0.00400091148913, 0.0172495730221, 0.0378121472895, 0.0248357187957, 0.0128211304545, 0.0257336720824, 0.0090355835855, 0.0120193306357, 0.00419311132282, 0.0147948358208, 0.00792969204485, 0.0319521538913, 0.0062939231284, 0.00202033109963, 0.0016270786291, 0.00156956643332, 0.00189462816343, 0.000782857940067, 0.00220105238259, 0.000897378195077, 0.000279206433333, 0.000132160144858, 2.37368840317e-05, 1.21701441458e-06],
        "mean": [2.03687886824e-05, 0.000853013305459, 0.000905239779968, 0.000199303380214, 0.00148882868234, 0.00155429134611, 0.00121583777945, 0.000708294101059, 0.00117410812527, 0.000651178008411, 0.000453401269624, 0.000189854690689, 0.000784148927778, 0.000339964026352, 0.000930456502829, 0.000237648549955, 0.00014327406825, 0.000118478834338, 0.000111861205369, 6.74926559441e-05, 7.06227583578e-05, 4.28220919275e-05, 2.47631032835e-05, 1.48155613715e-05, 4.03051262765e-06, 7.72839143792e-07, 2.18894058435e-08],
        "median": [6.20220907877e-06, 0.000327576301061, 9.69662287389e-05, 7.60614930186e-05, 0.000543603673577, 0.000371234287741, 0.000351026013959, 0.000115576171083, 0.000308422168018, 0.000110260036308, 5.07973054482e-05, 3.39198631991e-05, 9.67922460404e-05, 2.25751791731e-05, 5.30096003786e-05, 8.58035418787e-05, 5.74799742026e-05, 4.30967957072e-05, 3.839695637e-05, 2.13376661122e-05, 1.08093254312e-05, 6.15609633314e-06, 3.05953881252e-06, 1.34048423206e-06, 4.20821123726e-07, 1.09472459542e-07, 4.06664479868e-09],
        "min": [2.37142947706e-24, 5.55857520892e-23, 7.28294689273e-23, 5.18405702551e-24, 3.13252310951e-23, 3.44145429286e-23, 2.58713623408e-23, 4.65834670763e-23, 5.24949382645e-23, 2.39466758384e-23, 6.69303292127e-23, 7.89577254032e-23, 1.20947838444e-22, 1.64065574507e-22, 1.89897020486e-22, 2.12091350686e-22, 2.2808202824e-22, 3.03478223361e-22, 3.22787922734e-22, 2.54890121885e-22, 3.11893640037e-22, 3.03078214084e-22, 5.16218812883e-22, 8.26705983345e-22, 1.54018970184e-21, 1.50239102136e-21, 2.44485670061e-21],
        "var": [6.30752339248e-09, 1.60098704782e-06, 6.70048802931e-06, 1.33372765276e-07, 6.08490108789e-06, 1.19036849355e-05, 6.03161834078e-06, 2.30674254453e-06, 6.46282705929e-06, 1.81260918453e-06, 1.2571259731e-06, 2.27683102594e-07, 2.67505242846e-06, 7.59671991091e-07, 6.74427838021e-06, 2.65244636921e-07, 4.77000803301e-08, 4.09589908656e-08, 3.56240867916e-08, 2.7225302901e-08, 1.58297766006e-08, 1.35813564839e-08, 3.48455619914e-09, 1.15591036742e-09, 1.2002296379e-10, 5.13600620367e-12, 7.66297154854e-15]
    },
    "erbbands": {
        "dmean": [0.00567263923585, 0.0804941058159, 0.442340165377, 0.407798349857, 1.7671186924, 2.98410201073, 2.27258586884, 8.1832857132, 8.03122425079, 8.85070896149, 6.19518184662, 12.2389831543, 7.79006052017, 12.1215143204, 8.56253051758, 5.45523643494, 18.312078476, 10.7808446884, 13.843421936, 20.4585380554, 6.9177532196, 3.95009827614, 3.89439916611, 2.77755308151, 3.31713843346, 1.61047005653, 1.71376419067, 0.931088030338, 0.931452929974, 0.533442080021, 0.350566595793, 0.185820102692, 0.0826285853982, 0.0355381630361, 0.00891616288573, 0.00232532457449, 0.000555489968974, 8.76285994309e-05, 3.0902533581e-06, 3.22806772601e-06],
        "dmean2": [0.00834351498634, 0.111769236624, 0.596385776997, 0.614975750446, 2.67666721344, 4.89950227737, 3.58416962624, 11.8709688187, 11.6185417175, 12.9485769272, 9.81552505493, 17.5582275391, 11.0220079422, 16.7550964355, 12.7352209091, 8.28860282898, 26.8676719666, 16.1509113312, 20.3599872589, 31.9921474457, 11.1962251663, 6.48861169815, 6.10282182693, 4.30258846283, 5.28002214432, 2.5600976944, 2.62224793434, 1.34959304333, 1.58617401123, 0.812987029552, 0.517961084843, 0.278337836266, 0.112623259425, 0.050034802407, 0.0112244039774, 0.00308015523478, 0.000733645749278, 0.000115492155601, 3.72561316908e-06, 4.1631546992e-06],
        "dvar": [8.87103742571e-05, 0.0179814994335, 1.53639388084, 1.07820236683, 13.8583946228, 31.3811130524, 20.139465332, 487.538726807, 267.35736084, 439.011413574, 227.853591919, 1329.87878418, 210.836120605, 757.150634766, 570.116638184, 198.905426025, 2028.9909668, 664.664367676, 1246.78186035, 7562.75830078, 282.900085449, 65.9677658081, 48.7263336182, 30.4899368286, 47.6638755798, 14.5016012192, 13.6443185806, 5.68411827087, 18.0811748505, 2.03405427933, 0.881438732147, 0.227209195495, 0.051049798727, 0.0113806398585, 0.000837102066725, 5.15019055456e-05, 3.91765706809e-06, 1.26451595861e-07, 8.29563570615e-11, 2.90633871136e-11],
        "dvar2": [0.000199428526685, 0.035368822515, 2.51896357536, 2.33890128136, 28.9889278412, 75.7507858276, 49.6842041016, 843.764526367, 541.71673584, 955.891540527, 563.031066895, 2559.48510742, 406.744232178, 1426.2220459, 1208.84277344, 430.911346436, 4206.43554688, 1620.80761719, 2963.3762207, 20546.3652344, 688.671386719, 174.462860107, 103.688179016, 75.3168792725, 115.152290344, 33.6653518677, 30.6276760101, 11.4008646011, 52.9056243896, 4.66964101791, 2.01629781723, 0.489280760288, 0.0963753312826, 0.0213955771178, 0.00118707341608, 9.4473703939e-05, 6.45589398118e-06, 2.1622095403e-07, 1.25346955038e-10, 4.67363994727e-11],
        "max": [0.162523582578, 2.50041270256, 22.1044654846, 18.971244812, 42.6120567322, 71.9332962036, 64.531829834, 469.660430908, 299.485168457, 339.612365723, 237.363830566, 709.6484375, 211.092544556, 364.09173584, 363.144195557, 180.870269775, 753.279541016, 415.278930664, 573.118774414, 1487.22167969, 319.493225098, 129.871124268, 101.562812805, 68.2270431519, 97.1354064941, 67.6644287109, 52.1673545837, 36.6983985901, 80.1854782104, 25.8604640961, 21.2108840942, 8.35404396057, 4.55832052231, 2.03935241699, 0.71921557188, 0.161472305655, 0.0389666594565, 0.00754823628813, 0.000226153846597, 0.000114632595796],
        "mean": [0.0164006687701, 0.232739165425, 0.930008411407, 0.92723017931, 3.3957221508, 4.94865465164, 4.82750558853, 17.8940467834, 16.2701091766, 20.0100822449, 14.0020418167, 27.2743206024, 17.5484790802, 25.5972805023, 15.4510784149, 11.083322525, 36.3045845032, 21.9941635132, 37.9205360413, 32.4736709595, 12.8887233734, 7.28877162933, 7.58694791794, 5.17556381226, 6.1418671608, 3.08469104767, 3.35651564598, 1.96553134918, 1.4697073698, 1.14703083038, 0.712536454201, 0.390397518873, 0.188053831458, 0.0715027451515, 0.0187763981521, 0.00507702166215, 0.00111726520117, 0.000145505473483, 1.04174396256e-05, 1.48811286635e-05],
        "median": [0.00550458114594, 0.0912068113685, 0.189696535468, 0.301405847073, 0.938249945641, 1.65293240547, 2.07945370674, 2.57551026344, 6.286652565, 3.67934775352, 2.84488940239, 6.46414470673, 7.65497875214, 4.10852527618, 2.78981328011, 2.57635116577, 5.16608858109, 2.91368937492, 3.44705653191, 5.14105415344, 5.20860242844, 3.31532049179, 3.25678372383, 1.75611233711, 2.23951864243, 1.2017185688, 0.752599298954, 0.318352431059, 0.201123088598, 0.147282674909, 0.086168654263, 0.0374937020242, 0.0161647554487, 0.00683027971536, 0.00211566500366, 0.000660494202748, 0.000175877459696, 2.57750816672e-05, 4.99518000652e-06, 8.60849468154e-06],
        "min": [4.68179228482e-22, 1.69617342792e-20, 7.82828092837e-20, 5.29416788537e-20, 3.52642669391e-20, 9.94786339337e-20, 3.74662281921e-19, 1.93541871493e-19, 3.93628344295e-19, 5.56359353558e-19, 9.04332161876e-19, 9.18828915701e-19, 9.92052391091e-19, 1.64811042801e-18, 3.03756416682e-18, 4.10524940363e-18, 5.98248782734e-18, 7.78953997608e-18, 8.87551396943e-18, 1.30619751384e-17, 8.31452173236e-18, 1.54386759693e-17, 1.56141127055e-17, 1.64114949636e-17, 1.36935457341e-17, 1.21368108464e-17, 9.91846712631e-18, 1.45209124623e-17, 1.16535173386e-17, 1.50008591973e-17, 1.24739440215e-17, 1.44836579018e-17, 1.60261330229e-17, 1.11277580326e-17, 1.38134720336e-17, 6.33248572889e-18, 3.02345411993e-18, 1.45692034732e-18, 3.35010577927e-19, 3.3611666704e-20],
        "var": [0.000588065304328, 0.118247509003, 5.56178665161, 4.42351102829, 41.4649162292, 73.2495422363, 61.1848526001, 1814.48962402, 786.966247559, 1738.16882324, 783.559997559, 4406.55908203, 723.800598145, 2766.75634766, 1288.43115234, 552.973693848, 6066.38525391, 1990.94140625, 7615.30224609, 12719.2958984, 768.973999023, 132.262023926, 154.683395386, 78.9902496338, 115.193763733, 32.2810325623, 35.9751167297, 15.685801506, 19.6174697876, 6.46325159073, 2.45470619202, 0.759289622307, 0.197274118662, 0.0349557846785, 0.00297791953199, 0.000197198241949, 1.17507461255e-05, 2.7467046948e-07, 3.4842861929e-10, 3.45414807867e-10]
    },
    "gfcc": {
        "mean": [-98.2849273682, 127.940681458, -146.762939453, 29.0422477722, -59.901802063, 0.881945371628, -33.8402862549, 2.08345603943, -13.7862854004, -2.875218153, -8.91918468475, -5.05066394806, -2.59365177155],
        "cov": [[19734.3457031, 169.684768677, -1687.49230957, 684.958679199, -897.782714844, 896.543762207, -360.558959961, -16.7878932953, 24.3136768341, 250.317047119, -154.070297241, -363.646881104, -365.544433594], [169.684768677, 1079.67053223, 52.1170959473, -63.2034301758, 147.363479614, -306.379852295, 30.4599208832, -72.1668319702, 45.2321624756, -96.7607040405, 48.3251914978, -26.9388599396, 61.7876358032], [-1687.49230957, 52.1170959473, 469.814117432, 50.7451286316, 164.61656189, -121.385887146, 57.7670135498, 82.0631713867, -0.851195991039, -33.3619651794, -49.8109169006, 33.258808136, -10.2560129166], [684.958679199, -63.2034301758, 50.7451286316, 282.140686035, 82.8038024902, 104.628135681, 55.7143173218, 78.6764602661, 33.8539848328, 2.3552312851, -33.1541671753, -33.4032516479, -48.1917304993], [-897.782714844, 147.363479614, 164.61656189, 82.8038024902, 225.853057861, -8.41835021973, 52.3855857849, 5.88454151154, 21.1071434021, -21.7317810059, 1.86382222176, 5.35477876663, 13.3564891815], [896.543762207, -306.379852295, -121.385887146, 104.628135681, -8.41835021973, 276.256622314, 16.413269043, 10.2104539871, 25.6515617371, 64.6316375732, 14.4987840652, -7.74599123001, -9.43572998047], [-360.558959961, 30.4599208832, 57.7670135498, 55.7143173218, 52.3855857849, 16.413269043, 102.735237122, 45.836139679, 20.0995922089, -14.6366577148, 5.93367576599, 1.08140420914, 7.24401187897], [-16.7878932953, -72.1668319702, 82.0631713867, 78.6764602661, 5.88454151154, 10.2104539871, 45.836139679, 124.792396545, 23.2396717072, 6.41364574432, -25.9846935272, 14.035068512, -23.5109119415], [24.3136768341, 45.2321624756, -0.851195991039, 33.8539848328, 21.1071434021, 25.6515617371, 20.0995922089, 23.2396717072, 101.749488831, 45.7530555725, 34.8862342834, 0.639353752136, 14.0230579376], [250.317047119, -96.7607040405, -33.3619651794, 2.3552312851, -21.7317810059, 64.6316375732, -14.6366577148, 6.41364574432, 45.7530555725, 101.50692749, 48.8393363953, 11.7649049759, -0.866842985153], [-154.070297241, 48.3251914978, -49.8109169006, -33.1541671753, 1.86382222176, 14.4987840652, 5.93367576599, -25.9846935272, 34.8862342834, 48.8393363953, 103.6040802, 26.9068336487, 30.2787418365], [-363.646881104, -26.9388599396, 33.258808136, -33.4032516479, 5.35477876663, -7.74599123001, 1.08140420914, 14.035068512, 0.639353752136, 11.7649049759, 26.9068336487, 82.5734634399, 50.8116340637], [-365.544433594, 61.7876358032, -10.2560129166, -48.1917304993, 13.3564891815, -9.43572998047, 7.24401187897, -23.5109119415, 14.0230579376, -0.866842985153, 30.2787418365, 50.8116340637, 101.855941772]],
        "icov": [[0.000253249076195, -0.000762330484577, 0.000390416389564, -0.000773333187681, 0.00116582098417, -0.00111380778253, 0.000692140951287, -0.000132879431476, 0.000426448619692, -0.000695048714988, 0.00083380023716, -0.000274001824437, 0.000532976468094], [-0.000762330484577, 0.00450650928542, -0.000339672173141, 0.00200239685364, -0.00500211911276, 0.00615977263078, -0.00240173377097, 0.000925804313738, -0.00263886083849, 0.00328914565034, -0.00363492546603, 0.00213421531953, -0.00253814808093], [0.000390416389564, -0.000339672173141, 0.00555280176923, -0.0010829976527, -0.0020885465201, 0.00155756587628, -0.0002693196584, -0.00171246484388, 0.000646612490527, -0.00251960009336, 0.00354871992022, -0.00233585573733, 0.00169580883812], [-0.000773333187681, 0.00200239685364, -0.0010829976527, 0.00947594083846, -0.00593955814838, 0.000399393378757, -0.00238410499878, -0.00340272765607, -0.00238038902171, 0.00314550520852, -0.00162689038552, 0.0025603545364, 0.000145151949255], [0.00116582098417, -0.00500211911276, -0.0020885465201, -0.00593955814838, 0.0149326687679, -0.00755762122571, 0.00142040802166, 0.00293616764247, 0.00129743712023, -0.00192552560475, 0.00304409838282, -0.00231913570315, 0.00217324588448], [-0.00111380778253, 0.00615977263078, 0.00155756587628, 0.000399393378757, -0.00755762122571, 0.0151091432199, -0.00571120670065, 0.00241336459294, -0.00241897348315, -0.000853612145875, -0.00281273410656, 0.00149347749539, -0.0036172575783], [0.000692140951287, -0.00240173377097, -0.0002693196584, -0.00238410499878, 0.00142040802166, -0.00571120670065, 0.0188555996865, -0.00795563869178, 0.000509311852511, 0.00419163843617, -0.00358008104376, 0.0036058081314, -0.00187589868437], [-0.000132879431476, 0.000925804313738, -0.00171246484388, -0.00340272765607, 0.00293616764247, 0.00241336459294, -0.00795563869178, 0.0184249691665, -0.00476267142221, -0.00188476115, 0.00535560632125, -0.00857852119952, 0.00516348471865], [0.000426448619692, -0.00263886083849, 0.000646612490527, -0.00238038902171, 0.00129743712023, -0.00241897348315, 0.000509311852511, -0.00476267142221, 0.0180571787059, -0.00915879104286, -0.00124644872267, 0.00414714729413, -0.00372197455727], [-0.000695048714988, 0.00328914565034, -0.00251960009336, 0.00314550520852, -0.00192552560475, -0.000853612145875, 0.00419163843617, -0.00188476115, -0.00915879104286, 0.0246554259211, -0.0123157063499, 0.000534476886969, 0.00105037307367], [0.00083380023716, -0.00363492546603, 0.00354871992022, -0.00162689038552, 0.00304409838282, -0.00281273410656, -0.00358008104376, 0.00535560632125, -0.00124644872267, -0.0123157063499, 0.0232251808047, -0.00862608198076, 0.00308187725022], [-0.000274001824437, 0.00213421531953, -0.00233585573733, 0.0025603545364, -0.00231913570315, 0.00149347749539, 0.0036058081314, -0.00857852119952, 0.00414714729413, 0.000534476886969, -0.00862608198076, 0.026919875294, -0.0145272500813], [0.000532976468094, -0.00253814808093, 0.00169580883812, 0.000145151949255, 0.00217324588448, -0.0036172575783, -0.00187589868437, 0.00516348471865, -0.00372197455727, 0.00105037307367, 0.00308187725022, -0.0145272500813, 0.0210671164095]]
    },
    "melbands": {
        "dmean": [6.54251125525e-05, 0.000185901517398, 8.6364474555e-05, 0.000195667642402, 8.07721735328e-05, 0.000164528784808, 0.00012568308739, 8.94920012797e-05, 5.2951672842e-05, 8.19943961687e-05, 3.9676338929e-05, 5.18967790413e-05, 2.8163087336e-05, 1.29946292873e-05, 2.99105977319e-05, 4.05693572247e-05, 1.91582585103e-05, 1.89941365534e-05, 4.3300089601e-05, 1.23927320601e-05, 7.25627342035e-06, 4.22448147219e-06, 4.51440746474e-06, 3.15500278703e-06, 2.35503648582e-06, 2.47880234383e-06, 2.11071937883e-06, 1.09289885586e-06, 1.35428615522e-06, 7.66485413806e-07, 6.59248996726e-07, 7.07588469595e-07, 3.58332300721e-07, 2.78132944231e-07, 2.41094710418e-07, 1.72646736019e-07, 1.04365653897e-07, 6.69250965757e-08, 5.32397912423e-08, 2.58101469086e-08],
        "dmean2": [9.21590981307e-05, 0.000249768054346, 0.00012332170445, 0.000314152450301, 0.000129197520437, 0.000238212538534, 0.000181409457582, 0.000132249217131, 8.50115102367e-05, 0.000118415460747, 5.60231201234e-05, 7.2891562013e-05, 4.00863464165e-05, 1.93858431885e-05, 4.4032047299e-05, 6.04704582656e-05, 2.8655576898e-05, 2.85678070213e-05, 6.6913657065e-05, 1.9796201741e-05, 1.1942394849e-05, 7.15281566954e-06, 7.21846708984e-06, 4.83402664031e-06, 3.77899732484e-06, 4.00530643674e-06, 3.30060402121e-06, 1.81027007784e-06, 2.08313667827e-06, 1.17352215057e-06, 9.86053578345e-07, 1.25148676489e-06, 5.72743545035e-07, 4.26398457876e-07, 3.64016244703e-07, 2.65040995373e-07, 1.60111341074e-07, 9.60621022728e-08, 7.10129341996e-08, 3.9147881381e-08],
        "dvar": [1.0331535627e-08, 2.13353516187e-07, 3.15601411671e-08, 1.41355087635e-07, 2.35041976993e-08, 1.84630891908e-07, 7.04487490566e-08, 4.385355723e-08, 1.77465349083e-08, 5.67407063556e-08, 5.36943334239e-09, 1.40924818481e-08, 5.22401810699e-09, 1.21698562339e-09, 7.32533056436e-09, 6.95633772807e-09, 2.76812994748e-09, 2.04194594566e-09, 3.7614185544e-08, 9.05116370742e-10, 3.43465783592e-10, 9.49683179319e-11, 5.42428046924e-11, 3.95501235928e-11, 2.55469881361e-11, 2.09785921274e-11, 4.19067801294e-11, 7.87305984296e-12, 9.5063696498e-12, 3.93510788191e-12, 3.6038947434e-12, 1.39558312823e-11, 1.01216398544e-12, 5.18350119771e-13, 3.3412376056e-13, 2.48174039912e-13, 7.64633107807e-14, 3.17419159533e-14, 2.35239802762e-14, 7.13143296315e-15],
        "dvar2": [2.09106918447e-08, 3.5924142594e-07, 6.49300631039e-08, 3.25398417544e-07, 5.67060389756e-08, 3.25845547877e-07, 1.40794071513e-07, 9.50843528358e-08, 4.23821227002e-08, 1.09477952037e-07, 1.06380024789e-08, 2.7109653189e-08, 1.06633715191e-08, 2.53392617999e-09, 1.62766529144e-08, 1.60769690893e-08, 6.45899600471e-09, 4.80846207296e-09, 1.01031986333e-07, 2.21619234075e-09, 8.27826085459e-10, 2.5242255508e-10, 1.38684216888e-10, 7.71277972045e-11, 6.55092508017e-11, 5.24131259227e-11, 1.0554903479e-10, 2.06620259097e-11, 2.2927852325e-11, 9.07517463955e-12, 8.05383450903e-12, 4.13360075335e-11, 2.82940489614e-12, 1.09983918674e-12, 7.43088967095e-13, 6.19167965597e-13, 1.64961374096e-13, 6.82541317302e-14, 4.50285764079e-14, 1.55150703076e-14],
        "max": [0.00225266255438, 0.00842722598463, 0.00304798991419, 0.00454643415287, 0.0020606929902, 0.00909691862762, 0.00490799499676, 0.00377505389042, 0.0018146566581, 0.00451688887551, 0.00096540391678, 0.00149342452642, 0.00126400357112, 0.000561719993129, 0.00133661564905, 0.00111375120468, 0.000950963352807, 0.000680474739056, 0.00340969162062, 0.000521694892086, 0.000293264281936, 0.000154219917022, 6.59806973999e-05, 9.39331730478e-05, 6.05255227129e-05, 4.82196592202e-05, 9.80817785603e-05, 4.83265066578e-05, 3.81853387807e-05, 2.42611331487e-05, 3.32121599058e-05, 6.72615060466e-05, 1.47125720105e-05, 1.36606704473e-05, 1.13685655379e-05, 1.16891906146e-05, 4.57632177131e-06, 3.209767101e-06, 2.49538948083e-06, 1.54264625962e-06],
        "mean": [0.000202700146474, 0.000435620895587, 0.000212830578675, 0.00035179668339, 0.00017138425028, 0.00036358559737, 0.000252774043474, 0.000207020901144, 0.000112118381367, 0.000180525312317, 8.6024250777e-05, 0.000107095591375, 5.2638908528e-05, 2.55562681559e-05, 5.18806191394e-05, 7.90917838458e-05, 3.54843323294e-05, 4.99955422129e-05, 7.09396845195e-05, 2.24394116231e-05, 1.25265505631e-05, 6.88366708346e-06, 8.19342221803e-06, 5.66061089557e-06, 3.86227020499e-06, 4.43555836682e-06, 3.5512894101e-06, 1.73429373262e-06, 2.40679696617e-06, 1.40950442074e-06, 1.12086581794e-06, 9.16839837828e-07, 6.67078666083e-07, 5.7483157434e-07, 4.32423405528e-07, 3.13026333743e-07, 2.09066655543e-07, 1.3908183405e-07, 1.02439166483e-07, 4.40002416724e-08],
        "median": [6.8758839916e-05, 0.00012682225497, 7.29022576706e-05, 0.000117285220767, 7.24339624867e-05, 6.15642275079e-05, 9.55190262175e-05, 3.23964850395e-05, 2.14957162825e-05, 4.16828952439e-05, 3.6340970837e-05, 1.38498280648e-05, 8.6049140009e-06, 4.40044732386e-06, 6.15595172349e-06, 1.06050620161e-05, 3.03832348436e-06, 3.79426273867e-06, 4.05031278206e-06, 6.43145813228e-06, 4.37289190813e-06, 2.31559806707e-06, 3.2130933505e-06, 1.72940508492e-06, 9.45049634993e-07, 1.80663244009e-06, 8.62110880462e-07, 6.46786475045e-07, 5.10421557465e-07, 2.54541760114e-07, 1.47851835663e-07, 1.12786054274e-07, 9.66586242157e-08, 7.03835567606e-08, 5.32079589277e-08, 3.00371212347e-08, 1.78596373246e-08, 1.17679794798e-08, 8.90502427353e-09, 4.51228920895e-09],
        "min": [1.01895853618e-23, 3.63018295355e-23, 8.74812586213e-24, 4.42567494465e-24, 1.0911456199e-23, 4.64558530477e-24, 5.79010769898e-24, 7.97917817274e-24, 6.96186946025e-24, 6.45797785173e-24, 4.53001481557e-24, 5.74861677081e-24, 9.80402091693e-24, 9.08939340061e-24, 1.22653466162e-23, 1.22432719215e-23, 1.44908257817e-23, 1.33251275998e-23, 1.58906184373e-23, 1.83988190404e-23, 7.05157872239e-24, 1.43887992454e-23, 2.065121414e-23, 9.78680481654e-24, 1.400619224e-23, 1.21972616092e-23, 7.49253619119e-24, 8.30611210858e-24, 6.50590154615e-24, 5.38417565437e-24, 9.48525642463e-24, 6.07085974528e-24, 6.72715573082e-24, 9.4225411938e-24, 6.96095990363e-24, 6.67752849127e-24, 9.972789819e-24, 1.23800209594e-23, 8.15999298082e-24, 9.25491140689e-24],
        "var": [9.00524099734e-08, 7.94662241788e-07, 1.53727810925e-07, 3.98619988573e-07, 7.65357626165e-08, 6.94446555372e-07, 2.08549110425e-07, 1.916328074e-07, 5.82327075449e-08, 1.82028770723e-07, 1.77241439303e-08, 5.03385635398e-08, 1.412287709e-08, 3.41623507261e-09, 1.76632948268e-08, 2.32877290784e-08, 8.61007087849e-09, 1.40506966062e-08, 5.97243925426e-08, 2.77385558967e-09, 7.56813334224e-10, 1.66398173018e-10, 1.2948751793e-10, 1.21253729279e-10, 5.56435487964e-11, 4.68733662995e-11, 7.43606148879e-11, 1.21905003453e-11, 2.0899493941e-11, 9.01130906006e-12, 6.80108877202e-12, 1.19144633395e-11, 2.1011560547e-12, 1.70646179479e-12, 8.66098046146e-13, 5.84842395866e-13, 2.32997621847e-13, 1.09869883645e-13, 7.32433590774e-14, 1.64701948233e-14]
    },
    "mfcc": {
