{
"metadata": {
    "version": {
        "essentia": "2.0.1",
        "extractor": "archive-music 1.0"
    },
    "audio_properties": {
        "analysis_sample_rate": 44100,
        "bitrate": 128,
        "channels": 2,
        "equal_loudness": 0,
        "length": 15.15102005,
        "replay_gain": -6.34587478638,
        "downmix": "mix"
    },
    "tags": {
        "track": 0,
        "year": 0,
        "album": "",
        "artist": "",
        "comment": "",
        "genre": "",
        "title": ""
    }
},
"highlevel": {
    "culture": {
        "all": {
            "non_western": 0.0561692342162,
            "western": 0.943830788136
        },
        "probability": 0.943830788136,
        "value": "western"
    },
    "danceability": {
        "all": {
            "danceable": 0.0300539191812,
            "not_danceable": 0.969946086407
        },
        "probability": 0.969946086407,
        "value": "not_danceable"
    },
    "gender": {
        "all": {
            "female": 0.57994890213,
            "male": 0.420051127672
        },
        "probability": 0.57994890213,
        "value": "female"
    },
    "genre_dortmund": {
        "all": {
            "alternative": 0.281558454037,
            "blues": 0.050432741642,
            "electronic": 0.0085051683709,
            "folkcountry": 0.121626369655,
            "funksoulrnb": 0.0250295102596,
            "jazz": 0.1306399405,
            "pop": 0.0999217256904,
            "raphiphop": 0.0017651936505,
            "rock": 0.280520886183
        },
        "probability": 0.281558454037,
        "value": "alternative"
    },
    "genre_electronic": {
        "all": {
            "ambient": 0.890129506588,
            "dnb": 0.0796783268452,
            "house": 0.00987756345421,
            "techno": 0.0019104599487,
            "trance": 0.0184041708708
        },
        "probability": 0.890129506588,
        "value": "ambient"
    },
    "genre_rosamerica": {
        "all": {
            "cla": 0.549479484558,
            "dan": 0.0118563612923,
            "hip": 0.00268791848794,
            "jaz": 0.00465467385948,
            "pop": 0.0302177611738,
            "rhy": 0.0667504370213,
            "roc": 0.326771706343,
            "spe": 0.00758163491264
        },
        "probability": 0.549479484558,
        "value": "cla"
    },
    "genre_tzanetakis": {
        "all": {
            "blu": 0.00719740707427,
            "cla": 0.057422015816,
            "cou": 0.103965446353,
            "dis": 0.0412094667554,
            "hip": 0.00546568958089,
            "jaz": 0.0136016281322,
            "met": 0.00609852280468,
            "pop": 0.00698066921905,
            "reg": 0.00376491108909,
            "roc": 0.754294216633
        },
        "probability": 0.754294216633,
        "value": "roc"
    },
    "mirex_ballroom": {
        "all": {
            "ChaChaCha": 0.0474606305361,
            "Jive": 0.00675534363836,
            "Quickstep": 0.0205760337412,
            "Rumba-American": 0.00582930771634,
            "Rumba-International": 0.00462254649028,
            "Rumba-Misc": 0.00343888625503,
            "Samba": 0.00264783389866,
            "Tango": 0.0176323223859,
            "VienneseWaltz": 0.566303670406,
            "Waltz": 0.324733436108
        },
        "probability": 0.566303670406,
        "value": "VienneseWaltz"
    },
    "mood_acoustic": {
        "all": {
            "acoustic": 0.580538332462,
            "not_acoustic": 0.419461667538
        },
        "probability": 0.580538332462,
        "value": "acoustic"
    },
    "mood_aggressive": {
        "all": {
            "aggressive": 0.0365383811295,
            "not_aggressive": 0.963461637497
        },
        "probability": 0.963461637497,
        "value": "not_aggressive"
    },
    "mood_electronic": {
        "all": {
            "electronic": 0.141011893749,
            "not_electronic": 0.858988106251
        },
        "probability": 0.858988106251,
        "value": "not_electronic"
    },
    "mood_happy": {
        "all": {
            "happy": 0.17522598803,
            "not_happy": 0.824774026871
        },
        "probability": 0.824774026871,
        "value": "not_happy"
    },
    "mood_party": {
        "all": {
            "not_party": 0.999520599842,
            "party": 0.000479376118165
        },
        "probability": 0.999520599842,
        "value": "not_party"
    },
    "mood_relaxed": {
        "all": {
            "not_relaxed": 0.737454414368,
            "relaxed": 0.262545585632
        },
        "probability": 0.737454414368,
        "value": "not_relaxed"
    },
    "mood_sad": {
        "all": {
            "not_sad": 0.211470857263,
            "sad": 0.788529157639
        },
        "probability": 0.788529157639,
        "value": "sad"
    },
    "moods_mirex": {
        "all": {
            "Cluster1": 0.275882422924,
            "Cluster2": 0.0681058615446,
            "Cluster3": 0.469476372004,
            "Cluster4": 0.0555546842515,
            "Cluster5": 0.130980655551
        },
        "probability": 0.469476372004,
        "value": "Cluster3"
    },
    "timbre": {
        "all": {
            "bright": 0.415477901697,
            "dark": 0.584522068501
        },
        "probability": 0.584522068501,
        "value": "dark"
    },
    "tonal_atonal": {
        "all": {
            "atonal": 0.119801670313,
            "tonal": 0.880198299885
        },
        "probability": 0.880198299885,
        "value": "tonal"
    },
    "voice_instrumental": {
        "all": {
            "instrumental": 0.848231494427,
            "voice": 0.151768505573
        },
        "probability": 0.848231494427,
        "value": "instrumental"
    }
},
"lowlevel": {
    "average_loudness": 0.976762592793,
    "barkbands_kurtosis": {
        "dmean": 1.22179508209,
        "dmean2": 2.0809648037,
        "dvar": 1.45169448853,
        "dvar2": 3.94749522209,
        "max": 11.6424922943,
        "mean": 0.752269685268,
        "median": 0.29485309124,
        "min": -1.69367444515,
        "var": 3.52790784836
    },
    "barkbands_skewness": {
        "dmean": 0.411234170198,
        "dmean2": 0.684683322906,
        "dvar": 0.102051116526,
        "dvar2": 0.25347173214,
        "max": 2.92976951599,
        "mean": 0.96246111393,
        "median": 0.961711585522,
        "min": -2.01786613464,
        "var": 0.364418715239
    },
    "barkbands_spread": {
        "dmean": 3.06195497513,
        "dmean2": 5.11679792404,
        "dvar": 17.3899269104,
        "dvar2": 43.8221626282,
        "max": 87.4988021851,
        "mean": 17.1196117401,
        "median": 16.6025352478,
        "min": 4.72673845291,
        "var": 31.8430862427
    },
    "dissonance": {
        "dmean": 0.0229439530522,
        "dmean2": 0.039080068469,
        "dvar": 0.000333581352606,
        "dvar2": 0.000941252685152,
        "max": 0.498401880264,
        "mean": 0.45322060585,
        "median": 0.454121470451,
        "min": 0.352290719748,
        "var": 0.000620671489742
    },
    "dynamic_complexity": 1.86297500134,
    "erbbands_kurtosis": {
        "dmean": 0.59370225668,
        "dmean2": 0.977089345455,
        "dvar": 0.42521867156,
        "dvar2": 1.0398952961,
        "max": 6.31605052948,
        "mean": -0.141763359308,
        "median": -0.382353663445,
        "min": -1.38019907475,
        "var": 0.889460921288
    },
    "erbbands_skewness": {
        "dmean": 0.393939822912,
        "dmean2": 0.642214655876,
        "dvar": 0.0882313922048,
        "dvar2": 0.25060030818,
        "max": 1.60767436028,
        "mean": -0.043359786272,
        "median": -0.00648039672524,
        "min": -2.06520986557,
        "var": 0.281883686781
    },
    "erbbands_spread": {
        "dmean": 4.83953094482,
        "dmean2": 8.0060043335,
        "dvar": 18.7658405304,
        "dvar2": 51.1230278015,
        "max": 76.8467559814,
        "mean": 27.5304050446,
        "median": 26.8853702545,
        "min": 9.9014081955,
        "var": 53.2934036255
    },
    "hfc": {
        "dmean": 5.80017805099,
        "dmean2": 9.23859405518,
        "dvar": 29.7070484161,
        "dvar2": 80.0439758301,
        "max": 66.8620071411,
        "mean": 24.8931655884,
        "median": 24.6924247742,
        "min": 1.17450011983e-16,
        "var": 136.239532471
    },
    "melbands_kurtosis": {
        "dmean": 2.29628634453,
        "dmean2": 3.86944437027,
        "dvar": 4.21266555786,
        "dvar2": 11.7111539841,
        "max": 21.9321498871,
        "mean": 3.53092336655,
        "median": 2.74653077126,
        "min": -1.58323156834,
        "var": 11.6268815994
    },
    "melbands_skewness": {
        "dmean": 0.437162667513,
        "dmean2": 0.737441956997,
        "dvar": 0.111781276762,
        "dvar2": 0.300123661757,
        "max": 3.9016866684,
        "mean": 1.66545414925,
        "median": 1.63090372086,
        "min": -0.149602636695,
        "var": 0.394538015127
    },
    "melbands_spread": {
        "dmean": 5.71228551865,
        "dmean2": 9.38956832886,
        "dvar": 44.1792449951,
        "dvar2": 78.6560897827,
        "max": 153.959899902,
        "mean": 22.9883918762,
        "median": 21.3573722839,
        "min": 5.87159347534,
        "var": 166.358886719
    },
    "pitch_salience": {
        "dmean": 0.0616770200431,
        "dmean2": 0.104215085506,
        "dvar": 0.00236350041814,
        "dvar2": 0.00663193035871,
        "max": 0.983156561852,
        "mean": 0.554667830467,
        "median": 0.557117700577,
        "min": 0.302794039249,
        "var": 0.00765827251598
    },
    "silence_rate_20dB": {
        "dmean": 0,
        "dmean2": 0,
        "dvar": 0,
        "dvar2": 0,
        "max": 1,
        "mean": 1,
        "median": 1,
        "min": 1,
        "var": 0
    },
    "silence_rate_30dB": {
        "dmean": 0,
        "dmean2": 0,
        "dvar": 0,
        "dvar2": 0,
        "max": 1,
        "mean": 1,
        "median": 1,
        "min": 1,
        "var": 0
    },
    "silence_rate_60dB": {
        "dmean": 0.00306278723292,
        "dmean2": 0.00613496918231,
        "dvar": 0.00305338576436,
        "dvar2": 0.00609736284241,
        "max": 1,
        "mean": 0.0474006123841,
        "median": 0,
        "min": 0,
        "var": 0.045153837651
    },
    "spectral_centroid": {
        "dmean": 171.352584839,
        "dmean2": 278.877441406,
        "dvar": 96152.28125,
        "dvar2": 119837.5,
        "max": 10772.5537109,
        "mean": 1070.29064941,
        "median": 1015.00299072,
        "min": 437.553436279,
        "var": 256057.296875
    },
    "spectral_complexity": {
        "dmean": 2.24808573723,
        "dmean2": 3.87730050087,
        "dvar": 3.41777992249,
        "dvar2": 9.38986587524,
        "max": 33,
        "mean": 19.9327220917,
        "median": 21,
        "min": 0,
        "var": 29.6070632935
    },
    "spectral_crest": {
        "dmean": 2.00632834435,
        "dmean2": 3.48605656624,
        "dvar": 3.3308031559,
        "dvar2": 10.224360466,
        "max": 17.5742206573,
        "mean": 7.5254483223,
        "median": 7.08560085297,
        "min": 3.65524411201,
        "var": 5.00767660141
    },
    "spectral_decrease": {
        "dmean": 1.75958414506e-09,
        "dmean2": 2.98172220248e-09,
        "dvar": 2.18579250863e-18,
        "dvar2": 6.26476362496e-18,
        "max": -5.44162177063e-29,
        "mean": -8.8519946928e-09,
        "median": -8.94976004417e-09,
        "min": -2.03967296386e-08,
        "var": 1.23734614294e-17
    },
    "spectral_energy": {
        "dmean": 0.00701865460724,
        "dmean2": 0.0118696540594,
        "dvar": 3.44602813129e-05,
        "dvar2": 9.71765985014e-05,
        "max": 0.080409348011,
        "mean": 0.0356673337519,
        "median": 0.0361876487732,
        "min": 1.08584419062e-20,
        "var": 0.000199712769245
    },
    "spectral_energyband_high": {
        "dmean": 6.08425143582e-05,
        "dmean2": 9.81450793915e-05,
        "dvar": 4.78997375097e-09,
        "dvar2": 1.23472831959e-08,
        "max": 0.00109120598063,
        "mean": 0.000235557366977,
        "median": 0.000185568263987,
        "min": 7.82338133727e-21,
        "var": 3.29387468412e-08
    },
    "spectral_energyband_low": {
        "dmean": 0.00181749893818,
        "dmean2": 0.00245920009911,
        "dvar": 2.87770626528e-06,
        "dvar2": 5.58381861993e-06,
        "max": 0.0220856871456,
        "mean": 0.00553952064365,
        "median": 0.00449069961905,
        "min": 5.75350084533e-23,
        "var": 1.64351076819e-05
    },
    "spectral_energyband_middle_high": {
        "dmean": 0.00347436289303,
        "dmean2": 0.00551656959578,
        "dvar": 1.1346395695e-05,
        "dvar2": 2.88473056571e-05,
        "max": 0.0375968776643,
        "mean": 0.0106574138626,
        "median": 0.00972704589367,
        "min": 1.58405763831e-21,
        "var": 4.17973424192e-05
    },
    "spectral_energyband_middle_low": {
        "dmean": 0.00575566710904,
        "dmean2": 0.0101386252791,
        "dvar": 2.53705838986e-05,
        "dvar2": 7.90769190644e-05,
        "max": 0.0639239698648,
        "mean": 0.0205112118274,
        "median": 0.0195006132126,
        "min": 3.52382449801e-22,
        "var": 0.000106313826109
    },
    "spectral_flatness_db": {
        "dmean": 0.0126693015918,
        "dmean2": 0.0207029916346,
        "dvar": 0.000105879480543,
        "dvar2": 0.000264199363301,
        "max": 0.225220039487,
        "mean": 0.149089887738,
        "median": 0.15005967021,
        "min": 0.0239171069115,
        "var": 0.000486039964017
    },
    "spectral_flux": {
        "dmean": 0.0136211626232,
        "dmean2": 0.0216304268688,
        "dvar": 0.000115028691653,
        "dvar2": 0.000316097430186,
        "max": 0.157842844725,
        "mean": 0.0834980159998,
        "median": 0.0849322229624,
        "min": 1.0420384694e-10,
        "var": 0.000656934571452
    },
    "spectral_kurtosis": {
        "dmean": 2.70428991318,
        "dmean2": 4.85383462906,
        "dvar": 5.07770824432,
        "dvar2": 15.8616981506,
        "max": 22.4758281708,
        "mean": 6.76346826553,
        "median": 6.30867671967,
        "min": -1.20666897297,
        "var": 9.37458229065
    },
    "spectral_rms": {
        "dmean": 0.000569678202737,
        "dmean2": 0.000956073403358,
        "dvar": 1.91900667801e-07,
        "dvar2": 5.45312445865e-07,
        "max": 0.00885709561408,
        "mean": 0.00569325871766,
        "median": 0.00594180263579,
        "min": 3.25478142701e-12,
        "var": 2.3842144401e-06
    },
    "spectral_rolloff": {
        "dmean": 328.867523193,
        "dmean2": 587.406555176,
        "dvar": 830378.8125,
        "dvar2": 1421593.375,
        "max": 19358.3496094,
        "mean": 1477.36218262,
        "median": 1335.05859375,
        "min": 366.064453125,
        "var": 2770013.25
    },
    "spectral_skewness": {
        "dmean": 0.266868233681,
        "dmean2": 0.472450822592,
        "dvar": 0.0493069477379,
        "dvar2": 0.143229752779,
        "max": 3.33861494064,
        "mean": 1.76989781857,
        "median": 1.74979639053,
        "min": 0.0665573403239,
        "var": 0.136468246579
    },
    "spectral_spread": {
        "dmean": 248506.609375,
        "dmean2": 365941.5625,
        "dvar": 1.50755200205e+12,
        "dvar2": 1.45977953485e+12,
        "max": 40732084,
        "mean": 3022210.25,
        "median": 2876031.5,
        "min": 2098418,
        "var": 2.69225558016e+12
    },
    "spectral_strongpeak": {
        "dmean": 1.23344933987,
        "dmean2": 2.25677371025,
        "dvar": 3.63440060616,
        "dvar2": 10.0954523087,
        "max": 9.94144248962,
        "mean": 1.51545476913,
        "median": 0.775486469269,
        "min": 0,
        "var": 3.78092861176
    },
    "zerocrossingrate": {
        "dmean": 0.00563729321584,
        "dmean2": 0.00777655281126,
        "dvar": 0.00036635651486,
        "dvar2": 0.000477416382637,
        "max": 0.49560546875,
        "mean": 0.0490640513599,
        "median": 0.04443359375,
        "min": 0.02197265625,
        "var": 0.00173235940747
    },
    "barkbands": {
        "dmean": [6.10373244854e-05, 0.000433518638602, 0.0013203297276, 0.00201472081244, 0.00338588049635, 0.00228753336705, 0.00234072981402, 0.000336489931215, 0.000765159144066, 0.00111948070116, 0.000118197654956, 0.000218278117245, 0.000742477772292, 0.00186625716742, 0.00109426537529, 0.000171302453964, 0.000206082855584, 0.000142533594044, 0.000173974927748, 5.30817342224e-05, 4.02244950237e-05, 1.60647305165e-05, 9.2293112175e-06, 2.23273787014e-06, 8.37902064177e-07, 3.38658196597e-07, 4.71167780347e-08],
        "dmean2": [8.51564691402e-05, 0.000655461219139, 0.00173718447331, 0.0036610646639, 0.00613358104602, 0.00389599404298, 0.00400291569531, 0.000567617709748, 0.00111135863699, 0.00160325493198, 0.000174839718966, 0.000364615727449, 0.00114600383677, 0.00316630699672, 0.00170762406196, 0.000292877055472, 0.000334523414494, 0.000245390256168, 0.000298655795632, 8.97138452274e-05, 6.54453688185e-05, 2.70861146419e-05, 1.5641677237e-05, 3.59491059498e-06, 1.31267597681e-06, 5.35483366093e-07, 7.90874139511e-08],
        "dvar": [3.19553228323e-09, 1.75330441721e-07, 1.67945665908e-06, 4.02992100135e-06, 1.31052474899e-05, 1.05592744148e-05, 5.7385323089e-06, 1.39364004781e-07, 6.64859442168e-07, 1.8567418465e-06, 3.89173351323e-08, 3.98651110345e-07, 1.14888894132e-06, 5.40573728358e-06, 5.84147755944e-06, 8.23641812531e-08, 1.45634928117e-07, 5.34268558283e-08, 4.83645443694e-08, 4.01652000548e-09, 2.7766324795e-09, 5.97504101751e-10, 1.15997551842e-10, 1.2954673792e-11, 1.38711795956e-12, 2.43232978247e-13, 2.89429485187e-15],
        "dvar2": [6.25848128877e-09, 4.13821510392e-07, 2.94344727081e-06, 1.30171538331e-05, 4.344788249e-05, 3.34207579726e-05, 1.5884232198e-05, 3.91358327079e-07, 1.22071662645e-06, 3.70033626496e-06, 7.25485378439e-08, 1.12123768758e-06, 2.49348704529e-06, 1.57554368343e-05, 1.50637251863e-05, 2.23359691631e-07, 3.21227219047e-07, 1.4487198996e-07, 1.31788254976e-07, 1.18752305767e-08, 7.48707673637e-09, 1.79175718706e-09, 3.2144745199e-10, 3.09924343134e-11, 3.28284903602e-12, 4.85640173908e-13, 7.63343720373e-15],
        "max": [0.000506350654177, 0.00351001229137, 0.0160616189241, 0.0179323032498, 0.0339942239225, 0.0487041473389, 0.0283573530614, 0.00525316875428, 0.0123277204111, 0.0228296779096, 0.00398596096784, 0.00725784897804, 0.0126651255414, 0.0205972082913, 0.0229342039675, 0.00260334950872, 0.00888903439045, 0.00385709223337, 0.00262712803669, 0.000761486939155, 0.000813231628854, 0.000263145077042, 0.000148596533109, 9.40951140365e-05, 2.90102725558e-05, 1.44143323269e-05, 5.84035774409e-07],
        "mean": [0.000106769031845, 0.000924696971197, 0.00329797016457, 0.00352607527748, 0.00571434060112, 0.00410553626716, 0.00433053588495, 0.000540941953659, 0.00217862566933, 0.00299050682224, 0.000289877149044, 0.000350690941559, 0.00131933530793, 0.00263822288252, 0.00179006508552, 0.000296270212857, 0.000374602066586, 0.000242809779593, 0.000354399031494, 0.000117053758004, 0.000103795413452, 3.93141453969e-05, 2.35869320022e-05, 7.04374588167e-06, 3.00324199998e-06, 1.24302414406e-06, 8.54494999203e-08],
        "median": [8.79266735865e-05, 0.000721747521311, 0.00218102894723, 0.00262064323761, 0.00450259726495, 0.00257114926353, 0.00322250369936, 0.000394539849367, 0.00165054574609, 0.00212700176053, 0.00011305960652, 0.000116527386126, 0.000838163890876, 0.0015117872972, 0.00032302190084, 0.000165333040059, 0.000242200039793, 0.000120331969811, 0.000285005895421, 9.47105581872e-05, 7.16539652785e-05, 2.36702871916e-05, 1.9427807274e-05, 5.79591323913e-06, 2.45057299253e-06, 9.55164523475e-07, 6.7107343682e-08],
        "min": [6.65609435161e-24, 3.20251873763e-23, 5.63023202033e-24, 4.14972264365e-23, 1.24873549519e-23, 1.00172334535e-22, 3.95119412171e-23, 4.55052519911e-23, 8.00509162239e-23, 1.38194773835e-22, 9.89201030453e-23, 1.2764882687e-22, 1.03945500421e-22, 1.04796504633e-22, 8.84257665163e-23, 1.18371267266e-22, 1.41907897939e-22, 2.63707744026e-22, 2.78584827662e-22, 3.56994319979e-22, 6.30155520659e-22, 5.22557972899e-22, 7.17157917045e-22, 8.57536283109e-22, 1.15174792781e-21, 1.80569125245e-21, 2.03181589591e-21],
        "var": [7.65965157967e-09, 5.17795911037e-07, 1.00280367406e-05, 1.09575894385e-05, 2.57369774772e-05, 2.47843399848e-05, 1.43069955811e-05, 2.86200702249e-07, 3.50781010638e-06, 9.0324338089e-06, 3.47690445324e-07, 6.7693741812e-07, 2.57895339928e-06, 8.67611288413e-06, 1.41131968121e-05, 1.44234562072e-07, 3.56920651257e-07, 1.33026674121e-07, 1.02916473566e-07, 9.37540889367e-09, 1.07114122017e-08, 1.82543657967e-09, 3.56050661177e-10, 5.29155365359e-11, 7.29024479673e-12, 1.51341124962e-12, 5.69440006352e-15]
    },
    "erbbands": {
        "dmean": [0.0104502812028, 0.141008064151, 1.38008165359, 2.8916258812, 9.3634595871, 16.6898021698, 13.7164001465, 15.4092845917, 36.5919837952, 14.2468919754, 6.93648672104, 17.6679534912, 19.273223877, 30.0437488556, 5.87597560883, 11.9194040298, 35.5932235718, 40.2468147278, 126.425498962, 14.0712652206, 12.0471000671, 8.64646339417, 7.00435256958, 7.01235437393, 7.09773540497, 3.138266325, 2.18369150162, 0.924278557301, 0.579313755035, 0.357889711857, 0.211170330644, 0.062270257622, 0.0365039668977, 0.01267869398, 0.00506200594828, 0.00183075771201, 0.000646163534839, 0.000123365462059, 4.8402343964e-06, 8.07717697171e-06],
        "dmean2": [0.014541586861, 0.206188738346, 1.78394043446, 4.91890287399, 17.43318367, 30.7772808075, 24.3169231415, 24.4053897858, 63.1467552185, 23.4339179993, 11.2636003494, 25.3931331635, 28.0201625824, 42.4904060364, 8.91010570526, 19.0655536652, 54.2785072327, 67.2541732788, 207.117935181, 22.6859149933, 20.0043697357, 14.566069603, 12.0343446732, 11.7318181992, 12.3814935684, 5.26685476303, 3.56868553162, 1.55074083805, 0.962064683437, 0.587265431881, 0.35519272089, 0.102264389396, 0.0591824762523, 0.0200529024005, 0.00808072183281, 0.00288263778202, 0.00106286362279, 0.00020182596927, 8.13935821498e-06, 1.36143062264e-05],
        "dvar": [9.65236176853e-05, 0.0201196633279, 1.87707805634, 7.88904428482, 97.0693740845, 356.742248535, 410.662414551, 387.233581543, 1473.25195312, 194.382171631, 64.496055603, 428.939544678, 335.696563721, 2158.32861328, 77.3869018555, 834.818603516, 2806.75195312, 2283.46582031, 23946.3769531, 313.664123535, 569.67364502, 121.003852844, 85.909614563, 61.2339515686, 162.969848633, 16.5661888123, 10.4879226685, 1.04258620739, 0.878480494022, 0.198051765561, 0.0929059162736, 0.0101230992004, 0.00471312040463, 0.000237194311921, 6.3778461481e-05, 8.22941638035e-06, 1.05770027403e-06, 2.29201653212e-08, 2.09538948692e-11, 4.53884915763e-11],
        "dvar2": [0.000172215673956, 0.0430238172412, 3.13415384293, 23.7097473145, 321.480224609, 1172.55078125, 1391.70080566, 1048.3001709, 4240.68603516, 498.979980469, 162.063720703, 790.383117676, 666.104980469, 4310.20507812, 184.815322876, 2378.69677734, 6062.73779297, 5961.55322266, 64521.6445312, 824.567687988, 1463.39660645, 287.523010254, 238.70526123, 152.743255615, 450.768737793, 48.8433265686, 27.5315113068, 2.91146039963, 2.59342837334, 0.522954583168, 0.251491069794, 0.0263122078031, 0.0110310614109, 0.000579489686061, 0.00014862640819, 1.72749405465e-05, 2.51366054727e-06, 5.74147698273e-08, 5.55166017324e-11, 1.25544449836e-10],
        "max": [0.102183245122, 1.32838201523, 15.653711319, 29.5006885529, 75.6054000854, 190.513656616, 269.187835693, 323.213439941, 408.427703857, 158.122024536, 143.56288147, 336.376190186, 225.737640381, 848.662597656, 134.228546143, 375.523010254, 598.351928711, 565.939453125, 1435.57275391, 210.135894775, 362.554748535, 214.379943848, 131.907592773, 116.429847717, 188.078582764, 52.9423217773, 46.6198196411, 17.1360168457, 9.60920715332, 7.10595607758, 3.28828048706, 2.11113882065, 1.49729073048, 0.362285375595, 0.224834024906, 0.0804945379496, 0.0242250338197, 0.00255759432912, 8.12588768895e-05, 9.14319753065e-05],
        "mean": [0.0214244667441, 0.295401483774, 3.55459523201, 6.88452959061, 14.2469930649, 27.3999538422, 23.3284130096, 33.6669960022, 65.3715896606, 30.6650295258, 17.3167533875, 52.5580024719, 53.5999679565, 82.8218688965, 15.2867450714, 22.2373008728, 64.5447998047, 66.464881897, 193.008361816, 27.0845451355, 21.7826499939, 17.5820980072, 14.1227779388, 15.0614204407, 15.4155092239, 7.09965658188, 5.28433418274, 2.72654557228, 1.47300314903, 0.940330028534, 0.555066585541, 0.189053505659, 0.103338211775, 0.0422103404999, 0.0168894045055, 0.00636143423617, 0.00220609013923, 0.000381693796953, 2.76345253951e-05, 4.19070202042e-05],
        "median": [0.0181807912886, 0.204342067242, 2.41354465485, 5.81261396408, 11.9140758514, 18.1073570251, 16.330291748, 22.1173744202, 50.298286438, 26.3766536713, 13.9306926727, 37.8803367615, 48.5141448975, 50.5246963501, 9.79538536072, 12.3637285233, 40.5601577759, 48.106048584, 120.233978271, 20.348274231, 8.28944587708, 13.527220726, 9.6778421402, 12.1962394714, 9.41492080688, 5.48793411255, 2.76690196991, 2.32701635361, 0.874334454536, 0.719778418541, 0.393391698599, 0.143582940102, 0.0712084844708, 0.0357246845961, 0.0134521313012, 0.00482524232939, 0.00172984111123, 0.000292031501886, 2.78377192444e-05, 4.27303202741e-05],
        "min": [1.55099797976e-21, 4.39806600257e-21, 8.2843034998e-21, 7.21161067313e-20, 8.8938168656e-20, 4.26922906787e-20, 3.6103657513e-19, 8.05015687654e-19, 5.84297792337e-19, 9.03066678937e-19, 7.20036269701e-19, 1.55028742839e-18, 4.25694564257e-18, 4.77074226261e-18, 2.99272994364e-18, 6.38323532742e-18, 4.8027293369e-18, 5.88182284192e-18, 5.68418912766e-18, 4.24866680541e-18, 7.15334626798e-18, 8.14812938906e-18, 1.17271438578e-17, 1.29626787233e-17, 1.64224154021e-17, 1.94208442065e-17, 2.19489910543e-17, 2.39194643135e-17, 2.14834637317e-17, 2.09003162891e-17, 2.06963732547e-17, 1.62395935974e-17, 1.4184410426e-17, 1.17859142131e-17, 9.3195552756e-18, 6.78579393946e-18, 3.10276564462e-18, 1.15983181288e-18, 3.12808636696e-19, 3.22370831652e-20],
        "var": [0.000282404653262, 0.0719455555081, 11.0527448654, 28.0438671112, 128.715576172, 786.821289062, 620.731933594, 1449.46777344, 3318.2565918, 482.902770996, 206.811309814, 2444.52539062, 1464.08496094, 10693.65625, 354.607116699, 1443.01062012, 6135.51367188, 4180.56591797, 52387.375, 666.840148926, 1293.77978516, 300.759338379, 199.522033691, 184.733673096, 329.069580078, 35.3797950745, 34.6812896729, 4.3870882988, 2.56299352646, 0.714743733406, 0.299127221107, 0.0384717658162, 0.0143117643893, 0.00118842732627, 0.000290266500087, 3.91072535422e-05, 5.06821879753e-06, 1.09597614539e-07, 1.51893123079e-10, 2.74172462511e-10]
    },
    "gfcc": {
        "mean": [-8.25158214569, 137.826385498, -142.902450562, 23.6044807434, -54.5628662109, -2.83874201775, -36.3981018066, -8.18735027313, -22.4322242737, -0.762714803219, -16.1594581604, -12.0094280243, -11.4744129181],
        "cov": [[17961.1660156, 1283.4777832, -1643.56005859, 424.666442871, -511.740203857, 152.530670166, -437.929473877, -136.143249512, -233.538574219, 29.2861633301, -191.487991333, -130.750900269, -46.0529212952], [1283.4777832, 463.675964355, -101.677452087, 2.65278911591, -6.31075382233, -31.8154373169, 3.59622740746, -31.9957618713, -3.44427609444, -10.7288103104, -6.28569221497, -50.0875473022, -18.146364212], [-1643.56005859, -101.677452087, 256.679382324, -13.6305513382, 74.0881958008, 3.16861081123, 55.5779800415, 20.893032074, 17.3254680634, -2.02395391464, 21.5245685577, 8.95939254761, -1.4231877327], [424.666442871, 2.65278911591, -13.6305513382, 111.161468506, -1.98268544674, -2.7162091732, 6.89586448669, -1.23491203785, -6.17486810684, -11.668715477, -6.09506654739, -3.2561352253, -8.68165779114], [-511.740203857, -6.31075382233, 74.0881958008, -1.98268544674, 105.241134644, 44.7128791809, 22.493680954, -0.35849121213, 5.14833450317, -1.26586389542, 0.440125823021, -9.69853496552, -0.326266646385], [152.530670166, -31.8154373169, 3.16861081123, -2.7162091732, 44.7128791809, 86.4640045166, 9.66403579712, 0.494522035122, -5.37825584412, 3.27047181129, -2.25301837921, -1.03385317326, -2.40689468384], [-437.929473877, 3.59622740746, 55.5779800415, 6.89586448669, 22.493680954, 9.66403579712, 74.294052124, 20.4345016479, 6.67935323715, -0.713525891304, 9.30454826355, -0.0845660343766, -5.57961368561], [-136.143249512, -31.9957618713, 20.893032074, -1.23491203785, -0.35849121213, 0.494522035122, 20.4345016479, 48.8224716187, 12.8736915588, 0.0270494055003, 1.35879051685, 8.0083990097, -5.32465982437], [-233.538574219, -3.44427609444, 17.3254680634, -6.17486810684, 5.14833450317, -5.37825584412, 6.67935323715, 12.8736915588, 50.1421928406, 15.5300340652, 0.157192394137, -7.05826044083, -1.49806916714], [29.2861633301, -10.7288103104, -2.02395391464, -11.668715477, -1.26586389542, 3.27047181129, -0.713525891304, 0.0270494055003, 15.5300340652, 43.6915550232, 9.5774230957, -9.12423801422, -3.08519363403], [-191.487991333, -6.28569221497, 21.5245685577, -6.09506654739, 0.440125823021, -2.25301837921, 9.30454826355, 1.35879051685, 0.157192394137, 9.5774230957, 40.9807090759, 21.8535461426, -4.19599056244], [-130.750900269, -50.0875473022, 8.95939254761, -3.2561352253, -9.69853496552, -1.03385317326, -0.0845660343766, 8.0083990097, -7.05826044083, -9.12423801422, 21.8535461426, 58.5704421997, 7.21449136734], [-46.0529212952, -18.146364212, -1.4231877327, -8.68165779114, -0.326266646385, -2.40689468384, -5.57961368561, -5.32465982437, -1.49806916714, -3.08519363403, -4.19599056244, 7.21449136734, 38.7939186096]],
        "icov": [[0.000359253172064, -0.000953502720222, 0.00119274633471, -0.00137098121922, 0.00115376431495, -0.00168170919642, 0.00131593213882, -0.000998152419925, 0.00114749791101, -0.00124923163094, 0.000739647133742, -0.000273966783425, -0.00024904764723], [-0.000953502720222, 0.0057460963726, -0.00117668008897, 0.00421748775989, -0.00437749922276, 0.00634950166568, -0.00511734467, 0.00441457657143, -0.00354862911627, 0.00544354552403, -0.00391664309427, 0.00362595194019, 0.00188152387273], [0.00119274633471, -0.00117668008897, 0.01151232142, -0.00338708912022, -0.00183741212822, -0.00192616460845, 0.000342215033015, -0.00327391084284, 0.00250903400593, -0.00205623311922, -0.000831668672618, 0.000132272674819, -0.000186423145351], [-0.00137098121922, 0.00421748775989, -0.00338708912022, 0.0150716667995, -0.00492862891406, 0.00740025890991, -0.00699168071151, 0.00485460693017, -0.00407022144645, 0.00747497659177, -0.00203052884899, 0.00153025425971, 0.00360538484529], [0.00115376431495, -0.00437749922276, -0.00183741212822, -0.00492862891406, 0.0216059144586, -0.0150977922603, 0.00396138802171, -0.00145388685632, 0.0020397384651, -0.00256284559146, 0.00256919907406, 0.00153422553558, -0.00236564385705], [-0.00168170919642, 0.00634950166568, -0.00192616460845, 0.00740025890991, -0.0150977922603, 0.0256754495203, -0.00879528466612, 0.00485546840355, -0.0026009962894, 0.00372807797976, -0.00202242005616, 0.000267115305178, 0.00335418060422], [0.00131593213882, -0.00511734467, 0.000342215033015, -0.00699168071151, 0.00396138802171, -0.00879528466612, 0.0245997812599, -0.0116074653342, 0.00448453240097, -0.00407774560153, -0.00119426567107, 0.000763701624237, -0.00137340475339], [-0.000998152419925, 0.00441457657143, -0.00327391084284, 0.00485460693017, -0.00145388685632, 0.00485546840355, -0.0116074653342, 0.0308249518275, -0.0102856969461, 0.00511957984418, 0.00184627855197, -0.00389327597804, 0.00563046941534], [0.00114749791101, -0.00354862911627, 0.00250903400593, -0.00407022144645, 0.0020397384651, -0.0026009962894, 0.00448453240097, -0.0102856969461, 0.0295158457011, -0.0138386273757, 0.0047864173539, 0.000427742197644, -0.00155012647156], [-0.00124923163094, 0.00544354552403, -0.00205623311922, 0.00747497659177, -0.00256284559146, 0.00372807797976, -0.00407774560153, 0.00511957984418, -0.0138386273757, 0.0376890264452, -0.0167188048363, 0.0117953671142, 0.00144766189624], [0.000739647133742, -0.00391664309427, -0.000831668672618, -0.00203052884899, 0.00256919907406, -0.00202242005616, -0.00119426567107, 0.00184627855197, 0.0047864173539, -0.0167188048363, 0.0427326709032, -0.0202320292592, 0.00577861629426], [-0.000273966783425, 0.00362595194019, 0.000132272674819, 0.00153025425971, 0.00153422553558, 0.000267115305178, 0.000763701624237, -0.00389327597804, 0.000427742197644, 0.0117953671142, -0.0202320292592, 0.0305463578552, -0.00559132779017], [-0.00024904764723, 0.00188152387273, -0.000186423145351, 0.00360538484529, -0.00236564385705, 0.00335418060422, -0.00137340475339, 0.00563046941534, -0.00155012647156, 0.00144766189624, 0.00577861629426, -0.00559132779017, 0.0296452958137]]
    },
    "melbands": {
        "dmean": [8.87391288416e-05, 0.000522732618265, 0.000768204394262, 0.000938365701586, 0.000428183324402, 0.000369605491869, 0.000537432788406, 0.000126451413962, 7.2303446359e-05, 0.000105738443381, 0.000107038431452, 0.000141765704029, 1.94103977265e-05, 2.63011115749e-05, 6.90547676641e-05, 6.0696122091e-05, 8.77592683537e-05, 0.000242863534368, 4.41710035375e-05, 9.34335366765e-06, 1.59556293511e-05, 9.1984629762e-06, 9.98697669274e-06, 8.42765894049e-06, 5.75936610403e-06, 8.1557827798e-06, 2.50993048212e-06, 2.12135523725e-06, 1.83025099432e-06, 6.97702944308e-07, 6.08059451679e-07, 3.55705509492e-07, 3.50443514208e-07, 2.35232306522e-07, 1.6167248873e-07, 6.61975576577e-08, 3.90868102329e-08, 3.35354002345e-08, 1.3434092061e-08, 1.37179752002e-08],
        "dmean2": [0.000130842279759, 0.0006885654293, 0.00139893917367, 0.00172246375587, 0.000748891441617, 0.000601149047725, 0.000916678050999, 0.00020549997862, 0.000110547429358, 0.000153782428242, 0.000155568021, 0.000200470676646, 2.89624858851e-05, 4.36630580225e-05, 0.000106429339212, 9.32559050852e-05, 0.000147027763887, 0.000401548226364, 6.99118390912e-05, 1.59294049809e-05, 2.63212550635e-05, 1.52207621795e-05, 1.72360687429e-05, 1.4514634131e-05, 9.65397794062e-06, 1.41385435199e-05, 4.15311023971e-06, 3.5692316942e-06, 3.04136278828e-06, 1.12380735118e-06, 1.03607249002e-06, 5.94599782744e-07, 5.98900669502e-07, 3.97056766133e-07, 2.69350778126e-07, 1.09125672054e-07, 6.66606467803e-08, 5.51626335721e-08, 2.15990425545e-08, 2.21390799027e-08],
        "dvar": [6.55486154244e-09, 2.70506518518e-07, 5.90850106619e-07, 1.0111350548e-06, 3.11682100573e-07, 2.38674061848e-07, 3.0960308095e-07, 1.43200011848e-08, 6.20979356825e-09, 1.36343256685e-08, 1.04342410268e-08, 4.3499863267e-08, 9.07728836541e-10, 5.53455237196e-09, 1.03900550386e-08, 6.25015017519e-09, 1.03325765721e-08, 7.34677172431e-08, 8.71033822847e-09, 1.12547117459e-10, 1.19739884674e-09, 2.52719595251e-10, 1.45928671924e-10, 2.80504619532e-10, 4.43230591118e-11, 1.16915421788e-10, 1.84130939662e-11, 9.01183815072e-12, 7.88008113622e-12, 8.43498556592e-13, 4.79819634545e-13, 2.7289409339e-13, 5.03567565251e-13, 8.76721181005e-14, 5.5072449151e-14, 1.20283786119e-14, 3.79842734889e-15, 4.49766744641e-15, 3.17063834506e-16, 3.05392514586e-16],
        "dvar2": [1.37945903589e-08, 4.68222566496e-07, 1.93375262825e-06, 3.39506777891e-06, 1.05258129679e-06, 6.91399350217e-07, 8.7223401124e-07, 3.74027564476e-08, 1.36368045744e-08, 2.56080028294e-08, 2.0867638284e-08, 8.70329728286e-08, 1.78723114086e-09, 1.54005288522e-08, 2.30364953779e-08, 1.41918432561e-08, 2.77404357263e-08, 2.05199370384e-07, 2.30282690694e-08, 2.91858232027e-10, 2.92826229931e-09, 5.67799474105e-10, 4.11741890582e-10, 7.6423450901e-10, 1.09692095684e-10, 3.31791427666e-10, 5.07044371767e-11, 2.67075857957e-11, 2.09360619119e-11, 2.0611487777e-12, 1.42952349177e-12, 7.98885317708e-13, 1.41688169444e-12, 2.33557043063e-13, 1.45904067907e-13, 3.32767498181e-14, 1.06734672505e-14, 1.09471520661e-14, 6.80951809154e-16, 7.77109795123e-16],
        "max": [0.000748324091546, 0.00573831936345, 0.00705055845901, 0.00892109889537, 0.00762190017849, 0.00784635636955, 0.00641123531386, 0.00127545942087, 0.00110834056977, 0.00182195659727, 0.00112837948836, 0.00376674137078, 0.000598415615968, 0.000899817969184, 0.00126289599575, 0.000790303573012, 0.000957270851359, 0.00221549952403, 0.00108196539804, 0.00011635570263, 0.000626954541076, 0.000354199641151, 0.000143084311276, 0.000262258079601, 0.000108239815745, 0.000127930703457, 6.69602304697e-05, 4.19478201366e-05, 3.98420488636e-05, 1.65668679983e-05, 8.86349243956e-06, 5.20449520991e-06, 7.60750890549e-06, 4.18590661866e-06, 2.74562034974e-06, 1.5913695961e-06, 1.06025572677e-06, 1.37862389238e-06, 3.89751789953e-07, 2.94869153095e-07],
        "mean": [0.000204546275199, 0.00128571456298, 0.00149951945059, 0.00151961436495, 0.000891295319889, 0.000759645539802, 0.000985460006632, 0.000269843818387, 0.00019031490956, 0.000306190864649, 0.00028589804424, 0.000384491286241, 4.77819085063e-05, 4.05834543926e-05, 0.000122862620628, 0.000108205487777, 0.000131368622533, 0.000363120168913, 7.11795291863e-05, 1.75133736775e-05, 2.71409662673e-05, 1.68179303728e-05, 1.71453066287e-05, 1.37928318509e-05, 1.12798979899e-05, 1.59046248882e-05, 5.34604760105e-06, 4.2753267735e-06, 3.80468986805e-06, 1.74856074864e-06, 1.5422249362e-06, 8.02191436833e-07, 6.98399844623e-07, 5.29749456746e-07, 3.73745507432e-07, 1.48837202119e-07, 9.88718085182e-08, 8.19780865413e-08, 3.80877871464e-08, 3.68954715668e-08],
        "median": [0.000179320632014, 0.000870547373779, 0.0012653087033, 0.0011917592492, 0.000700200966094, 0.000493371742778, 0.000749285507482, 0.000232360282098, 0.000143746641697, 0.000231645011809, 0.000254299957305, 0.000234250474023, 2.25849398703e-05, 1.23013578559e-05, 7.49873870518e-05, 7.15915084584e-05, 8.34028032841e-05, 0.000233801227296, 1.89262900676e-05, 1.33494868351e-05, 6.50353058518e-06, 1.13168807729e-05, 1.20805461847e-05, 4.09880067309e-06, 8.24052676762e-06, 1.15842067316e-05, 3.81040399589e-06, 3.16658451993e-06, 1.82098779078e-06, 1.11977635697e-06, 1.33055903007e-06, 4.95776873777e-07, 2.66074664523e-07, 3.93748848637e-07, 2.64398863692e-07, 8.87762325874e-08, 7.91248240262e-08, 5.0418989872e-08, 3.02289429044e-08, 2.92972277549e-08],
        "min": [1.02634511416e-23, 4.45868759024e-24, 1.40539940555e-23, 4.24973253594e-24, 1.05587935647e-23, 1.8914151893e-23, 8.92521882446e-24, 1.07177237936e-23, 4.84314723544e-24, 1.17491326059e-23, 2.15691169121e-23, 1.93999561043e-23, 1.03219901427e-23, 1.49876961338e-23, 1.15641573454e-23, 1.1067481842e-23, 1.08165388771e-23, 8.9391974397e-24, 6.39546811916e-24, 4.83606602552e-24, 9.81701108946e-24, 7.42003829628e-24, 8.49028351981e-24, 1.41369680232e-23, 9.37138987499e-24, 1.25504890678e-23, 1.05260921248e-23, 1.39558629143e-23, 1.32012874817e-23, 1.33770961785e-23, 1.30885624138e-23, 1.18633691313e-23, 9.97779514144e-24, 1.28259001314e-23, 1.23922782801e-23, 9.6919600699e-24, 1.00834165169e-23, 1.01590430342e-23, 8.86267162101e-24, 1.06542559894e-23],
