{
"metadata": {
    "version": {
        "essentia": "2.0.1",
        "extractor": "archive-music 1.0"
    },
    "audio_properties": {
        "analysis_sample_rate": 44100,
        "bitrate": 128,
        "channels": 2,
        "equal_loudness": 0,
        "length": 15.0726528168,
        "replay_gain": 3.43856239319,
        "downmix": "mix"
    },
    "tags": {
        "track": 0,
        "year": 0,
        "album": "",
        "artist": "",
        "comment": "",
        "genre": "",
        "title": ""
    }
},
"highlevel": {
    "culture": {
        "all": {
            "non_western": 0.0267581548542,
            "western": 0.973241865635
        },
        "probability": 0.973241865635,
        "value": "western"
    },
    "danceability": {
        "all": {
            "danceable": 0.0678156241775,
            "not_danceable": 0.932184398174
        },
        "probability": 0.932184398174,
        "value": "not_danceable"
    },
    "gender": {
        "all": {
            "female": 0.301066458225,
            "male": 0.698933541775
        },
        "probability": 0.698933541775,
        "value": "male"
    },
    "genre_dortmund": {
        "all": {
            "alternative": 0.0175417736173,
            "blues": 0.0050768298097,
            "electronic": 0.0192268826067,
            "folkcountry": 0.195315644145,
            "funksoulrnb": 0.00692250113934,
            "jazz": 0.709105849266,
            "pop": 0.0426053665578,
            "raphiphop": 0.00127869483549,
            "rock": 0.00292646535672
        },
        "probability": 0.709105849266,
        "value": "jazz"
    },
    "genre_electronic": {
        "all": {
            "ambient": 0.992858052254,
            "dnb": 0.000838538864627,
            "house": 0.0019768839702,
            "techno": 0.00315774627961,
            "trance": 0.00116874976084
        },
        "probability": 0.992858052254,
        "value": "ambient"
    },
    "genre_rosamerica": {
        "all": {
            "cla": 0.930208325386,
            "dan": 0.00150203320663,
            "hip": 0.00179660122376,
            "jaz": 0.0273020137101,
            "pop": 0.00178493221756,
            "rhy": 0.00217854930088,
            "roc": 0.000649189634714,
            "spe": 0.0345783270895
        },
        "probability": 0.930208325386,
        "value": "cla"
    },
    "genre_tzanetakis": {
        "all": {
            "blu": 0.028711816296,
            "cla": 0.550715684891,
            "cou": 0.021199926734,
            "dis": 0.0155596286058,
            "hip": 0.017433822155,
            "jaz": 0.152237683535,
            "met": 0.00802055187523,
            "pop": 0.0734825357795,
            "reg": 0.108704768121,
            "roc": 0.0239336080849
        },
        "probability": 0.550715684891,
        "value": "cla"
    },
    "mirex_ballroom": {
        "all": {
            "ChaChaCha": 5.76384700253e-05,
            "Jive": 1.88719150174e-05,
            "Quickstep": 0.000543663976714,
            "Rumba-American": 0.000365607644198,
            "Rumba-International": 0.00119970110245,
            "Rumba-Misc": 0.00497665675357,
            "Samba": 0.000119616081065,
            "Tango": 0.00192656414583,
            "VienneseWaltz": 0.0525128208101,
            "Waltz": 0.938278853893
        },
        "probability": 0.938278853893,
        "value": "Waltz"
    },
    "mood_acoustic": {
        "all": {
            "acoustic": 0.98335146904,
            "not_acoustic": 0.0166485477239
        },
        "probability": 0.98335146904,
        "value": "acoustic"
    },
    "mood_aggressive": {
        "all": {
            "aggressive": 0.0219998117536,
            "not_aggressive": 0.978000164032
        },
        "probability": 0.978000164032,
        "value": "not_aggressive"
    },
    "mood_electronic": {
        "all": {
            "electronic": 0.374406009912,
            "not_electronic": 0.625593960285
        },
        "probability": 0.625593960285,
        "value": "not_electronic"
    },
    "mood_happy": {
        "all": {
            "happy": 0.249693751335,
            "not_happy": 0.750306248665
        },
        "probability": 0.750306248665,
        "value": "not_happy"
    },
    "mood_party": {
        "all": {
            "not_party": 0.913875579834,
            "party": 0.086124420166
        },
        "probability": 0.913875579834,
        "value": "not_party"
    },
    "mood_relaxed": {
        "all": {
            "not_relaxed": 0.00959498807788,
            "relaxed": 0.990405023098
        },
        "probability": 0.990405023098,
        "value": "relaxed"
    },
    "mood_sad": {
        "all": {
            "not_sad": 0.0444738417864,
            "sad": 0.955526173115
        },
        "probability": 0.955526173115,
        "value": "sad"
    },
    "moods_mirex": {
        "all": {
            "Cluster1": 0.0372649170458,
            "Cluster2": 0.111630424857,
            "Cluster3": 0.7659496665,
            "Cluster4": 0.077810831368,
            "Cluster5": 0.0073441429995
        },
        "probability": 0.7659496665,
        "value": "Cluster3"
    },
    "timbre": {
        "all": {
            "bright": 0.952205300331,
            "dark": 0.0477946810424
        },
        "probability": 0.952205300331,
        "value": "bright"
    },
    "tonal_atonal": {
        "all": {
            "atonal": 0.0729554519057,
            "tonal": 0.927044570446
        },
        "probability": 0.927044570446,
        "value": "tonal"
    },
    "voice_instrumental": {
        "all": {
            "instrumental": 0.0632068216801,
            "voice": 0.936793208122
        },
        "probability": 0.936793208122,
        "value": "voice"
    }
},
"lowlevel": {
    "average_loudness": 0.706511199474,
    "barkbands_kurtosis": {
        "dmean": 14.6697502136,
        "dmean2": 22.2226982117,
        "dvar": 1683.36535645,
        "dvar2": 3605.33862305,
        "max": 761.738525391,
        "mean": 25.2602825165,
        "median": 11.9563140869,
        "min": -1.74286878109,
        "var": 3133.52026367
    },
    "barkbands_skewness": {
        "dmean": 0.977367341518,
        "dmean2": 1.49156963825,
        "dvar": 1.51826643944,
        "dvar2": 3.2376563549,
        "max": 21.6887588501,
        "mean": 3.0975189209,
        "median": 2.58346128464,
        "min": -2.05200338364,
        "var": 5.83968496323
    },
    "barkbands_spread": {
        "dmean": 1.57505500317,
        "dmean2": 2.42403054237,
        "dvar": 15.3858308792,
        "dvar2": 29.8315143585,
        "max": 82.0089111328,
        "mean": 4.54739570618,
        "median": 3.46006608009,
        "min": 0.197680085897,
        "var": 41.0031967163
    },
    "dissonance": {
        "dmean": 0.0448008477688,
        "dmean2": 0.0759760290384,
        "dvar": 0.0015068409266,
        "dvar2": 0.0036555971019,
        "max": 0.49939674139,
        "mean": 0.371462762356,
        "median": 0.37857568264,
        "min": 0.0877722650766,
        "var": 0.0036748086568
    },
    "dynamic_complexity": 6.84468364716,
    "erbbands_kurtosis": {
        "dmean": 5.15995597839,
        "dmean2": 7.96493387222,
        "dvar": 88.7230682373,
        "dvar2": 180.650375366,
        "max": 169.140945435,
        "mean": 9.26017856598,
        "median": 5.53549194336,
        "min": -1.46102368832,
        "var": 224.613739014
    },
    "erbbands_skewness": {
        "dmean": 0.644025623798,
        "dmean2": 1.01257884502,
        "dvar": 0.397422105074,
        "dvar2": 0.895310342312,
        "max": 9.99681854248,
        "mean": 1.98221576214,
        "median": 1.76074337959,
        "min": -0.905301392078,
        "var": 1.6868275404
    },
    "erbbands_spread": {
        "dmean": 3.77658128738,
        "dmean2": 5.95319747925,
        "dvar": 25.3569297791,
        "dvar2": 61.2859992981,
        "max": 94.5384979248,
        "mean": 12.0430221558,
        "median": 10.0724639893,
        "min": 1.07424902916,
        "var": 69.0670166016
    },
    "hfc": {
        "dmean": 2.64282345772,
        "dmean2": 4.13237094879,
        "dvar": 21.3297386169,
        "dvar2": 50.1298103333,
        "max": 60.9248962402,
        "mean": 7.16984987259,
        "median": 3.84830188751,
        "min": 1.14201852388e-16,
        "var": 88.0634078979
    },
    "melbands_kurtosis": {
        "dmean": 11.773935318,
        "dmean2": 18.3639907837,
        "dvar": 346.586456299,
        "dvar2": 822.181030273,
        "max": 217.429855347,
        "mean": 21.3521022797,
        "median": 11.658285141,
        "min": -1.21335542202,
        "var": 871.28503418
    },
    "melbands_skewness": {
        "dmean": 0.873846173286,
        "dmean2": 1.3512994051,
        "dvar": 0.723001539707,
        "dvar2": 1.83801162243,
        "max": 11.3339366913,
        "mean": 2.63855195045,
        "median": 2.21006679535,
        "min": -0.125605836511,
        "var": 2.70551133156
    },
    "melbands_spread": {
        "dmean": 2.046875,
        "dmean2": 2.98959827423,
        "dvar": 25.8414669037,
        "dvar2": 31.95038414,
        "max": 148.850204468,
        "mean": 6.55740118027,
        "median": 4.79764652252,
        "min": 0.384277462959,
        "var": 184.945510864
    },
    "pitch_salience": {
        "dmean": 0.0866210609674,
        "dmean2": 0.13481771946,
        "dvar": 0.00475723994896,
        "dvar2": 0.012271841988,
        "max": 0.964340686798,
        "mean": 0.468144088984,
        "median": 0.482557475567,
        "min": 0.069103717804,
        "var": 0.0230503994972
    },
    "silence_rate_20dB": {
        "dmean": 0,
        "dmean2": 0,
        "dvar": 0,
        "dvar2": 0,
        "max": 1,
        "mean": 1,
        "median": 1,
        "min": 1,
        "var": 0
    },
    "silence_rate_30dB": {
        "dmean": 0.00923076923937,
        "dmean2": 0.0184899847955,
        "dvar": 0.00914562586695,
        "dvar2": 0.0243112444878,
        "max": 1,
        "mean": 0.989247322083,
        "median": 1,
        "min": 0,
        "var": 0.0106369769201
    },
    "silence_rate_60dB": {
        "dmean": 0.033846154809,
        "dmean2": 0.0677966102958,
        "dvar": 0.0327006168664,
        "dvar2": 0.0755271241069,
        "max": 1,
        "mean": 0.304147452116,
        "median": 0,
        "min": 0,
        "var": 0.211641445756
    },
    "spectral_centroid": {
        "dmean": 82.8668212891,
        "dmean2": 117.238235474,
        "dvar": 82885.2109375,
        "dvar2": 83814.9375,
        "max": 10450.2451172,
        "mean": 563.820373535,
        "median": 501.679595947,
        "min": 308.367156982,
        "var": 266641.3125
    },
    "spectral_complexity": {
        "dmean": 1.02153849602,
        "dmean2": 1.81510019302,
        "dvar": 0.974921524525,
        "dvar2": 2.4588778019,
        "max": 16,
        "mean": 5.9477725029,
        "median": 7,
        "min": 0,
        "var": 10.9711828232
    },
    "spectral_crest": {
        "dmean": 2.74223661423,
        "dmean2": 4.33822584152,
        "dvar": 5.59442853928,
        "dvar2": 12.2658996582,
        "max": 26.7249031067,
        "mean": 14.7538719177,
        "median": 13.7928762436,
        "min": 4.11233234406,
        "var": 30.8809108734
    },
    "spectral_decrease": {
        "dmean": 1.71553593553e-09,
        "dmean2": 2.68702127215e-09,
        "dvar": 9.87725119793e-18,
        "dvar2": 2.40592230955e-17,
        "max": 2.19675714058e-26,
        "mean": -3.95168342493e-09,
        "median": -2.00914884729e-09,
        "min": -4.23735073696e-08,
        "var": 2.98421254759e-17
    },
    "spectral_energy": {
        "dmean": 0.00671055587009,
        "dmean2": 0.010506093502,
        "dvar": 0.000150466017658,
        "dvar2": 0.000366217514966,
        "max": 0.165221571922,
        "mean": 0.0155648803338,
        "median": 0.00794003438205,
        "min": 1.06430639465e-20,
        "var": 0.000460197858047
    },
    "spectral_energyband_high": {
        "dmean": 1.14609238153e-05,
        "dmean2": 1.83782012755e-05,
        "dvar": 8.74037453524e-10,
        "dvar2": 1.91243021419e-09,
        "max": 0.00041644385783,
        "mean": 3.01070176647e-05,
        "median": 7.25735026208e-06,
        "min": 7.79183942186e-21,
        "var": 2.65038857528e-09
    },
    "spectral_energyband_low": {
        "dmean": 2.98618101624e-06,
        "dmean2": 5.20767025591e-06,
        "dvar": 9.33964884597e-12,
        "dvar2": 2.73798917566e-11,
        "max": 2.82461205643e-05,
        "mean": 6.61091871734e-06,
        "median": 5.97620100962e-06,
        "min": 9.45491194328e-23,
        "var": 1.57620895502e-11
    },
    "spectral_energyband_middle_high": {
        "dmean": 0.000455996429082,
        "dmean2": 0.00073019269621,
        "dvar": 1.10880966986e-06,
        "dvar2": 2.46090485234e-06,
        "max": 0.0164969973266,
        "mean": 0.00108581373934,
        "median": 0.000512822065502,
        "min": 1.60299383413e-21,
        "var": 3.16804471368e-06
    },
    "spectral_energyband_middle_low": {
        "dmean": 0.00677064387128,
        "dmean2": 0.0106417248026,
        "dvar": 0.000154261113494,
        "dvar2": 0.000377244519768,
        "max": 0.163999930024,
        "mean": 0.0147522808984,
        "median": 0.00719246687368,
        "min": 4.15392645186e-22,
        "var": 0.000429730367614
    },
    "spectral_flatness_db": {
        "dmean": 0.0272307880223,
        "dmean2": 0.0405225083232,
        "dvar": 0.000500887050293,
        "dvar2": 0.00122062838636,
        "max": 0.420795023441,
        "mean": 0.257822692394,
        "median": 0.263097137213,
        "min": 0.0493086352944,
        "var": 0.00390186905861
    },
    "spectral_flux": {
        "dmean": 0.0169952176511,
        "dmean2": 0.0292428787798,
        "dvar": 0.000456301349914,
        "dvar2": 0.00137589301448,
        "max": 0.238996297121,
        "mean": 0.0447344779968,
        "median": 0.0388912968338,
        "min": 1.03165226362e-10,
        "var": 0.00130802486092
    },
    "spectral_kurtosis": {
        "dmean": 4.01422119141,
        "dmean2": 6.87256145477,
        "dvar": 15.242518425,
        "dvar2": 45.5082702637,
        "max": 41.6986198425,
        "mean": 13.0248327255,
        "median": 11.2503595352,
        "min": -1.16028225422,
        "var": 54.0904006958
    },
    "spectral_rms": {
        "dmean": 0.000683890946675,
        "dmean2": 0.00104681623634,
        "dvar": 7.22064442016e-07,
        "dvar2": 1.79574112735e-06,
        "max": 0.0126961329952,
        "mean": 0.00315541354939,
        "median": 0.00278323097154,
        "min": 3.22234036329e-12,
        "var": 5.22862001162e-06
    },
    "spectral_rolloff": {
        "dmean": 162.65826416,
        "dmean2": 279.698974609,
        "dvar": 733255.375,
        "dvar2": 1232848.5,
        "max": 19422.9492188,
        "mean": 842.507995605,
        "median": 602.9296875,
        "min": 301.46484375,
        "var": 4131073.25
    },
    "spectral_skewness": {
        "dmean": 0.359375357628,
        "dmean2": 0.597619533539,
        "dvar": 0.0941043049097,
        "dvar2": 0.262409240007,
        "max": 5.29982757568,
        "mean": 2.82064843178,
        "median": 2.75207686424,
        "min": 0.0634917169809,
        "var": 0.599032044411
    },
    "spectral_spread": {
        "dmean": 405330.25,
        "dmean2": 630824.5625,
        "dvar": 1.16375512678e+12,
        "dvar2": 1.00826434765e+12,
        "max": 39166964,
        "mean": 3418782.5,
        "median": 3106869.75,
        "min": 1552784,
        "var": 3.74162273075e+12
    },
    "spectral_strongpeak": {
        "dmean": 0.409742861986,
        "dmean2": 0.634159743786,
        "dvar": 0.310409277678,
        "dvar2": 0.715345442295,
        "max": 6.28365707397,
        "mean": 1.0946366787,
        "median": 0.827210903168,
        "min": 0,
        "var": 1.05425047874
    },
    "zerocrossingrate": {
        "dmean": 0.00495042046532,
        "dmean2": 0.00686979386955,
        "dvar": 0.000415081478423,
        "dvar2": 0.000709765474312,
        "max": 0.5244140625,
        "mean": 0.0318972915411,
        "median": 0.025390625,
        "min": 0.0126953125,
        "var": 0.00254416721873
    },
    "barkbands": {
        "dmean": [1.32319087243e-07, 1.63633558259e-06, 1.59845342296e-06, 4.36261188952e-06, 0.00126109970734, 0.00386444968171, 0.00144853582606, 0.001502239611, 0.000363826286048, 0.000415965652792, 0.000243419359322, 6.71967136441e-05, 2.82119181065e-05, 3.36828634317e-05, 1.35512818815e-05, 7.18249566489e-06, 6.48407285553e-06, 4.08592541135e-06, 5.44213662579e-06, 1.2157225683e-05, 3.05168964587e-06, 1.42278838666e-06, 8.03608543265e-07, 1.56691669417e-07, 8.30658706263e-08, 5.15595104389e-08, 1.46305234594e-08],
        "dmean2": [2.32311478499e-07, 2.83075564766e-06, 2.8609911169e-06, 7.52908272261e-06, 0.00191180617549, 0.00607262644917, 0.00206432514824, 0.00234740483575, 0.000589416944422, 0.000657630502246, 0.00039786362322, 0.000113956848509, 4.68687067041e-05, 5.54047255719e-05, 2.30004661717e-05, 1.21495422718e-05, 1.12227289719e-05, 6.7741152634e-06, 8.73133285495e-06, 1.94230506168e-05, 4.85132977701e-06, 2.38202619585e-06, 1.30621833705e-06, 2.59195900298e-07, 1.43079091686e-07, 8.89260078907e-08, 2.56884877814e-08],
        "dvar": [3.15024766798e-14, 2.83945523344e-12, 3.28052277183e-12, 6.95018001484e-11, 9.14828888199e-06, 0.000110707682325, 1.24182870422e-05, 1.08330823423e-05, 7.09360847395e-07, 1.36851485877e-06, 6.97078348821e-07, 1.91211846357e-08, 7.80309150628e-09, 5.05971753384e-09, 8.29288748783e-10, 3.19339887866e-10, 1.51118673131e-10, 8.55433848757e-11, 1.71769320989e-10, 8.52830639442e-10, 5.03184681422e-11, 6.22918860591e-12, 1.92732418566e-12, 4.34011042437e-14, 5.37590127579e-15, 2.01656691291e-15, 1.60722953259e-16],
        "dvar2": [9.12445303775e-14, 7.69046371724e-12, 1.03912824526e-11, 1.98427274611e-10, 1.83673218999e-05, 0.000280768610537, 2.66395254584e-05, 2.65038524958e-05, 2.03583090297e-06, 2.69124666374e-06, 1.76062121682e-06, 5.26615586693e-08, 2.07938395391e-08, 1.28472894545e-08, 2.06786610057e-09, 9.60728052668e-10, 4.26390367458e-10, 2.00602770506e-10, 4.34970864882e-10, 1.98118943473e-09, 1.10725408009e-10, 1.7291858917e-11, 5.37341438706e-12, 1.02192864902e-13, 1.59108447581e-14, 5.79362743219e-15, 4.76505796016e-16],
        "max": [1.77226388587e-06, 1.68539227161e-05, 1.74133147084e-05, 0.000146963284351, 0.0755604729056, 0.158823743463, 0.0605674162507, 0.0428350865841, 0.0117719657719, 0.025785850361, 0.0139574119821, 0.00187483313493, 0.00162683962844, 0.00104452832602, 0.000376724638045, 0.000194427135284, 0.000126792787341, 0.0001129606826, 0.000178143222001, 0.000351624796167, 0.000114952264994, 3.61345591955e-05, 2.21162281377e-05, 2.91824699161e-06, 7.71989277837e-07, 5.19868365245e-07, 9.16693991826e-08],
        "mean": [1.39432017932e-07, 3.43332112607e-06, 2.03569152291e-06, 5.86219221077e-06, 0.00237807328813, 0.00596869923174, 0.00296413083561, 0.00225833919831, 0.000557570019737, 0.000795893196482, 0.000332277093548, 0.00010375281272, 4.81858114654e-05, 5.00050082337e-05, 2.06174736377e-05, 1.13260821308e-05, 1.1584582353e-05, 7.56337203711e-06, 1.01509276647e-05, 2.0933621272e-05, 6.70744520903e-06, 4.01966599384e-06, 2.28842577599e-06, 6.46481225886e-07, 3.62233748774e-07, 2.7576282946e-07, 3.54288864912e-08],
        "median": [8.81185826529e-08, 3.3267051549e-06, 1.51776453094e-06, 2.16309513235e-06, 0.000332839117618, 0.00182238442358, 0.000487080134917, 0.000411201588577, 0.00018387347518, 0.0002043889981, 5.34858154424e-05, 2.76363334706e-05, 1.49137758854e-05, 1.34625652208e-05, 6.95187463862e-06, 4.08694995713e-06, 5.30906618224e-06, 2.69328256763e-06, 2.60901447291e-06, 2.36612345361e-06, 2.27164196076e-06, 1.48918741161e-06, 9.38538164519e-07, 4.96348718571e-07, 3.73711941393e-07, 2.89795281105e-07, 3.44828912091e-08],
        "min": [1.35835884091e-23, 4.48850621691e-23, 1.01059298183e-23, 4.5966823973e-23, 6.86225873157e-23, 4.64088826917e-23, 6.22290463838e-23, 8.83610862329e-23, 9.08352001563e-23, 6.50851772445e-23, 9.66473632229e-23, 5.4450499205e-23, 1.2791969015e-22, 1.5807416962e-22, 1.76987961793e-22, 1.83923033648e-22, 2.10262909947e-22, 1.15834795466e-22, 2.30066448868e-22, 3.861716974e-22, 3.50495873169e-22, 4.60817654245e-22, 7.34286674761e-22, 9.30941494279e-22, 1.16494434644e-21, 1.55500776606e-21, 2.49597933013e-21],
        "var": [2.98103860661e-14, 4.30546310409e-12, 4.36503524298e-12, 1.54106213901e-10, 3.86480460293e-05, 0.00016397984291, 4.88629266329e-05, 2.34108938457e-05, 1.32933985242e-06, 4.28667135566e-06, 1.03724858036e-06, 3.9902445792e-08, 1.3512436503e-08, 8.47748449218e-09, 1.43298772848e-09, 4.38552860693e-10, 2.65668098631e-10, 1.60117030745e-10, 3.58827356717e-10, 1.90849869242e-09, 1.34207533975e-10, 3.23654436585e-11, 9.33184085561e-12, 2.29391511211e-13, 1.95971609437e-14, 8.75302587166e-15, 2.96310203809e-16]
    },
    "erbbands": {
        "dmean": [5.3058622143e-05, 0.000382659869501, 0.00161084358115, 0.00982768647373, 0.279998958111, 5.5820813179, 21.3675441742, 32.398601532, 13.9899520874, 44.6506576538, 17.8356437683, 8.58163642883, 15.8878574371, 5.00967121124, 9.4679069519, 2.99267983437, 1.60307598114, 1.84981822968, 0.65065664053, 0.651256322861, 0.223249658942, 0.302886992693, 0.212892428041, 0.206034809351, 0.321165710688, 0.671289980412, 0.193567767739, 0.0796576365829, 0.0490201339126, 0.038220576942, 0.0174645129591, 0.00561120081693, 0.00229129963554, 0.00124034914188, 0.000583863235079, 0.000328276946675, 0.000106905099528, 3.13987620757e-05, 3.35481513503e-06, 7.46652494854e-06],
        "dmean2": [8.85896297405e-05, 0.000666651583742, 0.00288747437298, 0.0159411840141, 0.40716278553, 8.35081672668, 33.2238197327, 51.1046638489, 21.0997333527, 69.0276184082, 27.9823970795, 13.8039588928, 25.1126232147, 8.06682777405, 15.4949684143, 5.11855649948, 2.70493388176, 3.00602293015, 1.09482216835, 1.09474217892, 0.376131743193, 0.517017126083, 0.359380185604, 0.334323316813, 0.517895340919, 1.0540060997, 0.314040094614, 0.127865463495, 0.0821418613195, 0.0648172348738, 0.0294105540961, 0.00946003850549, 0.00388871948235, 0.00214370340109, 0.00102152279578, 0.00056105281692, 0.000183157098945, 5.50652948732e-05, 5.28669534106e-06, 1.1680534044e-05],
        "dvar": [2.19553131231e-09, 1.76036834887e-07, 3.40769702234e-06, 0.000257260719081, 0.563707649708, 245.471847534, 2588.25585938, 11090.5341797, 1021.90478516, 16370.5058594, 1021.41094971, 554.431396484, 2119.04223633, 98.0662002563, 983.707336426, 44.207572937, 21.7625980377, 15.0815200806, 1.56444990635, 3.19951438904, 0.117610543966, 0.35294046998, 0.220924466848, 0.26062887907, 0.44587919116, 3.42386412621, 0.149773880839, 0.0302764624357, 0.0080100139603, 0.00461958907545, 0.000859578954987, 8.31144498079e-05, 6.03712578595e-06, 1.21133825814e-06, 2.52892590424e-07, 7.99809001251e-08, 7.94179477737e-09, 7.85967069206e-10, 3.0419437802e-11, 1.85351525794e-10],
        "dvar2": [5.90123461208e-09, 5.06411709011e-07, 1.04786768134e-05, 0.000544110662304, 0.928027808666, 433.811920166, 6524.76123047, 28062.7460938, 2190.61083984, 36672.7226562, 2583.40332031, 1555.18408203, 4285.46435547, 245.493988037, 2478.22045898, 127.081710815, 58.4106750488, 37.9943504333, 4.40493202209, 8.4597120285, 0.323214918375, 0.959901034832, 0.481832206249, 0.680384099483, 1.07613837719, 7.67748975754, 0.360638856888, 0.0678402557969, 0.0215160641819, 0.0126989092678, 0.00246853101999, 0.000222007802222, 1.64736957231e-05, 3.627008482e-06, 7.24706069377e-07, 2.39892500531e-07, 2.37234960565e-08, 2.26690666238e-09, 7.14526562917e-11, 4.50461529189e-10],
        "max": [0.000407789775636, 0.00450661685318, 0.0212323907763, 0.363155692816, 20.5427818298, 436.706176758, 675.371520996, 1595.69482422, 655.816345215, 2111.10351562, 370.154571533, 344.530822754, 980.133972168, 121.55355072, 505.379211426, 93.3012237549, 84.5175857544, 58.1447715759, 15.1044445038, 36.1412315369, 4.03527164459, 5.98792076111, 6.64023113251, 9.52538108826, 8.3698720932, 23.4679927826, 5.75371313095, 3.20878529549, 1.35473382473, 0.962040960789, 0.46446993947, 0.113029323518, 0.0380212850869, 0.0117668798193, 0.00434552971274, 0.00251636374742, 0.000988066196442, 0.00031389054493, 8.07025862741e-05, 0.000183479336556],
        "mean": [0.000120344688185, 0.000785866286606, 0.00251795491204, 0.0200569126755, 0.624428093433, 10.9064626694, 33.0024108887, 50.3786964417, 27.6866950989, 81.5966567993, 28.737285614, 14.5336008072, 31.1999320984, 8.89263343811, 13.6301164627, 4.75897216797, 2.81810331345, 2.87967157364, 1.20173001289, 1.03421247005, 0.482247769833, 0.591533303261, 0.42919421196, 0.415281176567, 0.619612812996, 1.15457749367, 0.449413657188, 0.20041641593, 0.142717853189, 0.10559399426, 0.0521244108677, 0.0190816465765, 0.0091518573463, 0.00490990420803, 0.00210584350862, 0.00104075984564, 0.00053029472474, 0.000137153154355, 1.07517262222e-05, 1.75892455445e-05],
        "median": [0.000116038441774, 0.000725665711798, 0.00188328512013, 0.00896120630205, 0.0983513221145, 1.56475973129, 10.3844823837, 13.344669342, 8.7437543869, 6.53125762939, 9.85530185699, 5.80205535889, 6.76327371597, 3.67540168762, 2.44445586205, 1.70025336742, 1.17580389977, 0.935555994511, 0.595725774765, 0.347064465284, 0.311872035265, 0.2603969872, 0.172988757491, 0.146532267332, 0.138620555401, 0.111827224493, 0.109215535223, 0.0699641630054, 0.0538717284799, 0.038996450603, 0.0237984601408, 0.0119947288185, 0.00797242950648, 0.00486169056967, 0.00221751537174, 0.00109248119406, 0.000553932623006, 0.000142600561958, 7.55223436499e-06, 9.06264085643e-06],
        "min": [2.68521022385e-21, 4.73486139392e-21, 1.09926220723e-20, 1.00247989452e-19, 2.61713250819e-19, 1.75917638245e-19, 2.21345234264e-19, 3.36361699909e-19, 4.97173856946e-19, 1.40953861465e-18, 2.07785825999e-18, 1.95117906469e-18, 2.13218479428e-18, 3.67434083045e-18, 2.99293984072e-18, 2.38427573738e-18, 6.54977242733e-18, 8.75347753212e-18, 5.46359618831e-18, 1.14224634597e-17, 1.04310271113e-17, 1.16673213287e-17, 7.60273281526e-18, 6.48624495629e-18, 1.67353245929e-17, 1.70059896699e-17, 1.40181173444e-17, 1.49144767259e-17, 1.2988260111e-17, 2.05568129961e-17, 2.14624599616e-17, 2.27767060255e-17, 1.35695315079e-17, 1.24293118372e-17, 8.39177709285e-18, 5.63154156321e-18, 3.06617427625e-18, 1.65249644981e-18, 3.54441412407e-19, 2.98699959825e-20],
        "var": [4.51828929826e-09, 2.46966038731e-07, 6.11937639405e-06, 0.00113310490269, 2.99183511734, 1181.11108398, 4694.67333984, 15773.1123047, 2811.22412109, 50480.984375, 2257.41088867, 1061.15356445, 6539.82470703, 194.14402771, 1520.203125, 84.4992523193, 35.7097053528, 26.6125888824, 3.37607479095, 5.19514131546, 0.32241782546, 0.71281182766, 0.449907004833, 0.540462613106, 1.09459900856, 7.40266084671, 0.521657347679, 0.0927462726831, 0.0429147258401, 0.0199208315462, 0.00463456148282, 0.000344062835211, 2.93445355055e-05, 4.56230736745e-06, 6.93439176302e-07, 1.96026817889e-07, 3.28625908708e-08, 2.52309306781e-09, 1.10634841566e-10, 5.77134229296e-10]
    },
    "gfcc": {
        "mean": [-169.437408447, 110.378623962, -124.26750946, -28.1630268097, -100.270362854, -25.5541439056, -42.46641922, -10.6509656906, -23.9768123627, 4.18007135391, -7.49911785126, 7.09626483917, -0.540886342525],
        "cov": [[17161.2421875, 2279.05786133, -2998.8894043, -533.572387695, -1409.1048584, -1214.72070312, -102.349868774, -695.205749512, 18.7644767761, -112.396873474, 296.447540283, 46.5587844849, 287.391082764], [2279.05786133, 579.881469727, -264.917755127, -200.767868042, -178.477264404, -162.513504028, -68.8077850342, -134.399902344, -24.0767269135, -84.9921188354, -34.3360977173, -22.867433548, 35.6746253967], [-2998.8894043, -264.917755127, 1037.88146973, 75.8361129761, 243.732254028, 347.946838379, -86.1722869873, 222.862426758, -40.9707679749, 29.8786621094, -127.984359741, 12.2165966034, -80.7102966309], [-533.572387695, -200.767868042, 75.8361129761, 206.544296265, 68.8611450195, 61.7368583679, 23.4733390808, 33.6297645569, -21.8184547424, 23.4771671295, 3.23236632347, -6.58783578873, -30.7546539307], [-1409.1048584, -178.477264404, 243.732254028, 68.8611450195, 180.269378662, 137.243713379, -3.10897231102, 51.3638458252, -18.428560257, 0.550248384476, -42.8666992188, -10.8311882019, -31.0307731628], [-1214.72070312, -162.513504028, 347.946838379, 61.7368583679, 137.243713379, 247.327926636, -3.56413698196, 133.844909668, -32.3319854736, 26.2186393738, -81.0655899048, -3.5674071312, -67.3319015503], [-102.349868774, -68.8077850342, -86.1722869873, 23.4733390808, -3.10897231102, -3.56413698196, 75.5994567871, 18.194021225, 18.0558300018, 1.75694465637, 11.1834011078, -10.6008071899, -11.5667161942], [-695.205749512, -134.399902344, 222.862426758, 33.6297645569, 51.3638458252, 133.844909668, 18.194021225, 166.023361206, 20.2872161865, 48.5792503357, -36.8891487122, 2.63434147835, -46.5147972107], [18.7644767761, -24.0767269135, -40.9707679749, -21.8184547424, -18.428560257, -32.3319854736, 18.0558300018, 20.2872161865, 76.8743362427, 33.3954391479, 21.4487762451, 3.0663049221, 8.91697597504], [-112.396873474, -84.9921188354, 29.8786621094, 23.4771671295, 0.550248384476, 26.2186393738, 1.75694465637, 48.5792503357, 33.3954391479, 83.8196334839, 44.934753418, 19.0943145752, 2.05709123611], [296.447540283, -34.3360977173, -127.984359741, 3.23236632347, -42.8666992188, -81.0655899048, 11.1834011078, -36.8891487122, 21.4487762451, 44.934753418, 116.564216614, 45.536819458, 43.9784851074], [46.5587844849, -22.867433548, 12.2165966034, -6.58783578873, -10.8311882019, -3.5674071312, -10.6008071899, 2.63434147835, 3.0663049221, 19.0943145752, 45.536819458, 56.9067726135, 33.9160461426], [287.391082764, 35.6746253967, -80.7102966309, -30.7546539307, -31.0307731628, -67.3319015503, -11.5667161942, -46.5147972107, 8.91697597504, 2.05709123611, 43.9784851074, 33.9160461426, 80.2530212402]],
        "icov": [[0.000659387209453, -0.00192106713075, 0.00142127438448, -0.00132928905077, 0.00249249557965, -0.000623024941888, 0.00127245660406, -0.000672192196362, 6.5649037424e-05, -0.000486112985527, 4.00005410484e-05, -0.0009614447481, 3.70165216736e-05], [-0.00192106713075, 0.0111959921196, -0.0035014138557, 0.00702451635152, -0.00317014241591, 0.00150555698201, 0.000712094595656, 0.00318076601252, 0.000794262508862, 0.00349694350734, 0.00168765848503, 0.00451907841489, 4.41677948402e-05], [0.00142127438448, -0.0035014138557, 0.00582353910431, -0.00266341795214, 0.00425382889807, -0.00319928023964, 0.00687235128134, -0.00377638731152, -0.000238471504417, 0.000679493474308, -4.32561610069e-05, -0.00228190911002, 6.2304075982e-05], [-0.00132928905077, 0.00702451635152, -0.00266341795214, 0.0113364029676, -0.00562350824475, 0.00265545048751, -0.00307313213125, 0.00208050687797, 0.00439862208441, -0.0017680155579, 0.00106745422818, 0.00251470529474, 0.00202876422554], [0.00249249557965, -0.00317014241591, 0.00425382889807, -0.00562350824475, 0.0261766146868, -0.0129782753065, 0.00868295691907, 0.00149897974916, -0.00368708465248, 0.00584310339764, -0.00427155056968, 0.00448281411082, -0.00333429314196], [-0.000623024941888, 0.00150555698201, -0.00319928023964, 0.00265545048751, -0.0129782753065, 0.0263900626451, -0.00810838676989, -0.00448130629957, 0.0121978390962, -0.0155705465004, 0.0177155453712, -0.0144937746227, 0.00817985180765], [0.00127245660406, 0.000712094595656, 0.00687235128134, -0.00307313213125, 0.00868295691907, -0.00810838676989, 0.0304699558765, -0.00804313831031, -0.00696596316993, 0.0138146206737, -0.0108067952096, 0.00924480240792, -0.000420234922785], [-0.000672192196362, 0.00318076601252, -0.00377638731152, 0.00208050687797, 0.00149897974916, -0.00448130629957, -0.00804313831031, 0.0203141570091, -0.00389400147833, -0.00857362244278, 0.00747231859714, -0.00485266838223, 0.00403571967036], [6.5649037424e-05, 0.000794262508862, -0.000238471504417, 0.00439862208441, -0.00368708465248, 0.0121978390962, -0.00696596316993, -0.00389400147833, 0.0257310308516, -0.0157599411905, 0.00879473052919, -0.0038046464324, 0.000738339265808], [-0.000486112985527, 0.00349694350734, 0.000679493474308, -0.0017680155579, 0.00584310339764, -0.0155705465004, 0.0138146206737, -0.00857362244278, -0.0157599411905, 0.0420642830431, -0.0274976473302, 0.0160606615245, -0.00463630491868], [4.00005410484e-05, 0.00168765848503, -4.32561610069e-05, 0.00106745422818, -0.00427155056968, 0.0177155453712, -0.0108067952096, 0.00747231859714, 0.00879473052919, -0.0274976473302, 0.0414138026536, -0.0283296182752, 0.0044625964947], [-0.0009614447481, 0.00451907841489, -0.00228190911002, 0.00251470529474, 0.00448281411082, -0.0144937746227, 0.00924480240792, -0.00485266838223, -0.0038046464324, 0.0160606615245, -0.0283296182752, 0.0509394407272, -0.0177962221205], [3.70165216736e-05, 4.41677948402e-05, 6.2304075982e-05, 0.00202876422554, -0.00333429314196, 0.00817985180765, -0.000420234922785, 0.00403571967036, 0.000738339265808, -0.00463630491868, 0.0044625964947, -0.0177962221205, 0.0261129196733]]
    },
    "melbands": {
        "dmean": [4.52920914995e-07, 6.46525904813e-07, 2.7541768759e-06, 0.000164241413586, 0.000668398337439, 0.000713442801498, 0.000222780974582, 0.000466204830445, 0.000121122269775, 5.13438426424e-05, 7.822727639e-05, 1.82157418749e-05, 3.71732785425e-05, 9.16824865271e-06, 5.52921073904e-06, 3.30854459207e-06, 3.40220594808e-06, 1.05669244022e-06, 9.40350389556e-07, 7.17033231012e-07, 2.64649003157e-07, 3.47886555119e-07, 2.76448190561e-07, 2.2579992276e-07, 1.76451308675e-07, 2.28958384696e-07, 2.43363132313e-07, 6.0404585156e-07, 1.27673928318e-07, 1.20998350894e-07, 4.01853981202e-08, 3.48535600381e-08, 2.95235356162e-08, 2.43799096467e-08, 1.28085622109e-08, 7.27662863298e-09, 2.9137752211e-09, 2.16493822869e-09, 1.39631251006e-09, 1.20219878497e-09],
        "dmean2": [7.69005509937e-07, 1.16010187412e-06, 4.53469692729e-06, 0.000238219465245, 0.00103489367757, 0.00112397281919, 0.000332050811267, 0.000721828080714, 0.000195007276488, 8.30954450066e-05, 0.000123442820041, 2.93979792332e-05, 6.09724738752e-05, 1.53958262672e-05, 9.56743224378e-06, 5.48499292563e-06, 5.51247831027e-06, 1.77025856374e-06, 1.59565706781e-06, 1.21858295188e-06, 4.53339367823e-07, 5.95712322138e-07, 4.59413200815e-07, 3.91516920217e-07, 2.83561746528e-07, 3.68132390349e-07, 3.85379337331e-07, 9.48360536768e-07, 2.14183515368e-07, 1.92413807554e-07, 6.72425244375e-08, 5.9561966026e-08, 4.97008656453e-08, 4.16398968639e-08, 2.12080255579e-08, 1.26217631902e-08, 4.85113371695e-09, 3.67750785379e-09, 2.38553132803e-09, 2.09319273026e-09],
        "dvar": [1.88718249469e-13, 5.37016232264e-13, 4.41785670546e-11, 2.67300237056e-07, 2.03510830943e-06, 4.74168291476e-06, 2.21183469762e-07, 1.67378971128e-06, 5.61853603642e-08, 1.82204900057e-08, 5.22391800928e-08, 1.20320065022e-09, 1.76150400932e-08, 3.9910455496e-10, 1.58647303627e-10, 6.3336190459e-11, 5.0420605191e-11, 3.86233189528e-12, 3.77066563736e-12, 4.13783634093e-12, 2.03895399371e-13, 5.332914557e-13, 4.22333148271e-13, 2.74037682737e-13, 2.31124066283e-13, 2.97915121392e-13, 3.24214125599e-13, 3.1168941126e-12, 6.58997053975e-14, 1.12090654954e-13, 5.4521820984e-15, 4.59680502959e-15, 2.9072567853e-15, 2.15141900504e-15, 4.90884074417e-16, 1.96141728593e-16, 2.33483324965e-17, 5.81865767599e-18, 1.68982018322e-18, 1.09872787763e-18],
        "dvar2": [5.03851951481e-13, 1.66848989052e-12, 9.78181632916e-11, 4.45642911018e-07, 5.09900883117e-06, 1.19680798889e-05, 4.8234511496e-07, 3.80885967388e-06, 1.48414699197e-07, 5.07556414675e-08, 1.05072913925e-07, 3.03526470624e-09, 4.4330427329e-08, 9.97827931393e-10, 4.5279149874e-10, 1.7036654032e-10, 1.28451055348e-10, 1.09540709836e-11, 9.01538566023e-12, 1.17411714032e-11, 5.81541976033e-13, 1.38466321742e-12, 1.05912978041e-12, 7.64635479499e-13, 5.94275442658e-13, 7.01761348684e-13, 7.95038405769e-13, 6.97243131287e-12, 1.80317024333e-13, 2.33704060878e-13, 1.51132836172e-14, 1.20711935863e-14, 8.13812992689e-15, 6.06396858522e-15, 1.41470373471e-15, 5.63140008224e-16, 5.38742137386e-17, 1.5888251941e-17, 4.64308926894e-18, 3.29504171006e-18],
        "max": [3.96591576646e-06, 8.07791548141e-06, 0.000122499317513, 0.0147252865136, 0.0180341415107, 0.0334270596504, 0.00879809632897, 0.0205497741699, 0.00336740817875, 0.00187496235594, 0.00490997452289, 0.00046169757843, 0.00223202654161, 0.000394304748625, 0.000159540650202, 0.000121459313959, 0.000101263118268, 2.13956172956e-05, 2.86106551357e-05, 3.73774055333e-05, 6.02276895734e-06, 7.10126278136e-06, 8.54518566484e-06, 7.1302761171e-06, 9.33969295147e-06, 8.63856348587e-06, 6.76280569678e-06, 2.18279492401e-05, 2.64210007117e-06, 5.93638833379e-06, 7.76252875312e-07, 9.53059952735e-07, 6.04878152899e-07, 5.905185958e-07, 2.99672137771e-07, 2.18071264158e-07, 7.78418538516e-08, 3.01485734155e-08, 1.74568342004e-08, 9.19352238782e-09],
        "mean": [1.00722365914e-06, 1.02406806946e-06, 5.10468817083e-06, 0.000327184476191, 0.00106705212966, 0.00112045463175, 0.00044511797023, 0.000827082723845, 0.000185861455975, 8.4358798631e-05, 0.000153202825459, 3.06446854665e-05, 5.14390776516e-05, 1.41338241519e-05, 8.43588350108e-06, 5.5966979744e-06, 5.12905580763e-06, 1.80244035164e-06, 1.44756882037e-06, 1.14245187888e-06, 4.84838949433e-07, 6.37013897631e-07, 4.90057971092e-07, 3.85104385714e-07, 3.16000580369e-07, 4.13656636056e-07, 4.12307571196e-07, 9.4275713991e-07, 2.52296644021e-07, 2.22538844241e-07, 8.67694751605e-08, 8.62498268361e-08, 6.74147315749e-08, 5.67306415178e-08, 3.21057349595e-08, 1.74187562152e-08, 9.27503496229e-09, 6.42341513313e-09, 5.27211740931e-09, 3.73321462632e-09],
        "median": [9.86603140518e-07, 8.23801372007e-07, 1.34581455313e-06, 1.878306648e-05, 0.000366400665371, 0.000337392732035, 0.000118248346553, 6.79852382746e-05, 7.57088055252e-05, 2.7577903893e-05, 2.88229057333e-05, 1.13801970656e-05, 7.263286534e-06, 4.53353277408e-06, 2.67413156507e-06, 1.54846088662e-06, 1.26065015138e-06, 8.38326798203e-07, 4.77995058645e-07, 2.99709938645e-07, 2.71113378858e-07, 2.67369074436e-07, 1.62778007962e-07, 1.22617549891e-07, 1.05735622924e-07, 9.21578617863e-08, 8.45824885687e-08, 6.77384974779e-08, 6.23066256367e-08, 5.53259837943e-08, 3.191886222e-08, 3.07080334494e-08, 2.21193712235e-08, 2.14803037579e-08, 1.44767069443e-08, 8.5908871128e-09, 6.53195586509e-09, 5.55225332377e-09, 5.01679053855e-09, 3.70878017186e-09],
        "min": [1.77531285008e-23, 4.99994162339e-24, 2.12585329074e-23, 1.73900884014e-23, 7.20492697148e-24, 8.56773309463e-24, 9.00837975223e-24, 1.67133751179e-23, 1.61410297099e-23, 1.25255886734e-23, 1.08609036256e-23, 1.43082944123e-23, 1.12292795802e-23, 5.22064242214e-24, 1.09407789477e-23, 1.70631355329e-23, 1.45616812682e-23, 6.04763725795e-24, 1.71047653005e-23, 1.35814158861e-23, 1.13279755458e-23, 1.15479139105e-23, 1.02470530899e-23, 4.51343019833e-24, 4.89816160611e-24, 9.96665879204e-24, 1.28952662485e-23, 1.13410453933e-23, 8.84006050088e-24, 9.23969822433e-24, 8.59865723097e-24, 7.10173607647e-24, 1.01289416797e-23, 1.13870028519e-23, 1.09357641589e-23, 1.43877169282e-23, 1.37147728222e-23, 1.03153290013e-23, 7.39902698607e-24, 1.21419656152e-23],
