{
"metadata": {
    "version": {
        "essentia": "2.0.1",
        "extractor": "archive-music 1.0"
    },
    "audio_properties": {
        "analysis_sample_rate": 44100,
        "bitrate": 128,
        "channels": 2,
        "equal_loudness": 0,
        "length": 16.0391845703,
        "replay_gain": -5.33904457092,
        "downmix": "mix"
    },
    "tags": {
        "track": 0,
        "year": 0,
        "album": "",
        "artist": "",
        "comment": "",
        "genre": "",
        "title": ""
    }
},
"highlevel": {
    "culture": {
        "all": {
            "non_western": 1.04234902665e-06,
            "western": 0.999998986721
        },
        "probability": 0.999998986721,
        "value": "western"
    },
    "danceability": {
        "all": {
            "danceable": 0.750506043434,
            "not_danceable": 0.249493941665
        },
        "probability": 0.750506043434,
        "value": "danceable"
    },
    "gender": {
        "all": {
            "female": 0.629308342934,
            "male": 0.370691657066
        },
        "probability": 0.629308342934,
        "value": "female"
    },
    "genre_dortmund": {
        "all": {
            "alternative": 0.165903955698,
            "blues": 0.0747504904866,
            "electronic": 0.0151929808781,
            "folkcountry": 0.168810859323,
            "funksoulrnb": 0.0333762578666,
            "jazz": 0.141469612718,
            "pop": 0.107714481652,
            "raphiphop": 0.00487373024225,
            "rock": 0.287907630205
        },
        "probability": 0.287907630205,
        "value": "rock"
    },
    "genre_electronic": {
        "all": {
            "ambient": 0.957648336887,
            "dnb": 0.0242981351912,
            "house": 0.0068665961735,
            "techno": 0.000919706188142,
            "trance": 0.0102672409266
        },
        "probability": 0.957648336887,
        "value": "ambient"
    },
    "genre_rosamerica": {
        "all": {
            "cla": 0.271411269903,
            "dan": 0.0162750035524,
            "hip": 0.0153834624216,
            "jaz": 0.0498580411077,
            "pop": 0.260333836079,
            "rhy": 0.108794607222,
            "roc": 0.26270237565,
            "spe": 0.0152413919568
        },
        "probability": 0.271411269903,
        "value": "cla"
    },
    "genre_tzanetakis": {
        "all": {
            "blu": 0.00592050608248,
            "cla": 0.332761108875,
            "cou": 0.0677023306489,
            "dis": 0.0505551658571,
            "hip": 0.0151481088251,
            "jaz": 0.334898114204,
            "met": 0.0209472589195,
            "pop": 0.064778983593,
            "reg": 0.0125395674258,
            "roc": 0.0947488695383
        },
        "probability": 0.334898114204,
        "value": "jaz"
    },
    "mirex_ballroom": {
        "all": {
            "ChaChaCha": 0.0331581495702,
            "Jive": 0.108021743596,
            "Quickstep": 0.09375397861,
            "Rumba-American": 0.00881826225668,
            "Rumba-International": 0.0317480228841,
            "Rumba-Misc": 0.0214033666998,
            "Samba": 0.010854428634,
            "Tango": 0.083510056138,
            "VienneseWaltz": 0.509878158569,
            "Waltz": 0.0988538116217
        },
        "probability": 0.509878158569,
        "value": "VienneseWaltz"
    },
    "mood_acoustic": {
        "all": {
            "acoustic": 0.52533864975,
            "not_acoustic": 0.474661320448
        },
        "probability": 0.52533864975,
        "value": "acoustic"
    },
    "mood_aggressive": {
        "all": {
            "aggressive": 0.553934037685,
            "not_aggressive": 0.446065932512
        },
        "probability": 0.553934037685,
        "value": "aggressive"
    },
    "mood_electronic": {
        "all": {
            "electronic": 0.715026199818,
            "not_electronic": 0.284973800182
        },
        "probability": 0.715026199818,
        "value": "electronic"
    },
    "mood_happy": {
        "all": {
            "happy": 0.642203569412,
            "not_happy": 0.357796400785
        },
        "probability": 0.642203569412,
        "value": "happy"
    },
    "mood_party": {
        "all": {
            "not_party": 0.825911819935,
            "party": 0.174088180065
        },
        "probability": 0.825911819935,
        "value": "not_party"
    },
    "mood_relaxed": {
        "all": {
            "not_relaxed": 0.186179637909,
            "relaxed": 0.813820362091
        },
        "probability": 0.813820362091,
        "value": "relaxed"
    },
    "mood_sad": {
        "all": {
            "not_sad": 0.408647269011,
            "sad": 0.591352760792
        },
        "probability": 0.591352760792,
        "value": "sad"
    },
    "moods_mirex": {
        "all": {
            "Cluster1": 0.370521277189,
            "Cluster2": 0.371851623058,
            "Cluster3": 0.0937359705567,
            "Cluster4": 0.118570253253,
            "Cluster5": 0.0453208908439
        },
        "probability": 0.371851623058,
        "value": "Cluster2"
    },
    "timbre": {
        "all": {
            "bright": 0.984691917896,
            "dark": 0.0153081016615
        },
        "probability": 0.984691917896,
        "value": "bright"
    },
    "tonal_atonal": {
        "all": {
            "atonal": 0.152005240321,
            "tonal": 0.847994744778
        },
        "probability": 0.847994744778,
        "value": "tonal"
    },
    "voice_instrumental": {
        "all": {
            "instrumental": 0.893143236637,
            "voice": 0.106856785715
        },
        "probability": 0.893143236637,
        "value": "instrumental"
    }
},
"lowlevel": {
    "average_loudness": 0.934948503971,
    "barkbands_kurtosis": {
        "dmean": 0.963601231575,
        "dmean2": 1.53778159618,
        "dvar": 1.3447791338,
        "dvar2": 3.56461882591,
        "max": 12.0207700729,
        "mean": 1.4911646843,
        "median": 0.668606638908,
        "min": -1.52398526669,
        "var": 6.52020645142
    },
    "barkbands_skewness": {
        "dmean": 0.246107906103,
        "dmean2": 0.39049628377,
        "dvar": 0.0706330239773,
        "dvar2": 0.147543460131,
        "max": 2.97769784927,
        "mean": 1.07824397087,
        "median": 1.02081894875,
        "min": -2.02928495407,
        "var": 0.36976647377
    },
    "barkbands_spread": {
        "dmean": 3.37139678001,
        "dmean2": 5.11563396454,
        "dvar": 14.7105436325,
        "dvar2": 37.3039283752,
        "max": 64.962348938,
        "mean": 20.1006755829,
        "median": 19.6400909424,
        "min": 4.47193813324,
        "var": 59.8396873474
    },
    "dissonance": {
        "dmean": 0.0167294051498,
        "dmean2": 0.0282799825072,
        "dvar": 0.000211744394619,
        "dvar2": 0.000596827245317,
        "max": 0.498853743076,
        "mean": 0.466341197491,
        "median": 0.470247387886,
        "min": 0.397566378117,
        "var": 0.000401204713853
    },
    "dynamic_complexity": 2.71486616135,
    "erbbands_kurtosis": {
        "dmean": 0.479515761137,
        "dmean2": 0.805778264999,
        "dvar": 0.307709276676,
        "dvar2": 0.855954706669,
        "max": 5.15114784241,
        "mean": -0.154878363013,
        "median": -0.44037938118,
        "min": -1.62595772743,
        "var": 1.07384550571
    },
    "erbbands_skewness": {
        "dmean": 0.293703019619,
        "dmean2": 0.46785056591,
        "dvar": 0.0611843317747,
        "dvar2": 0.162372097373,
        "max": 1.7436851263,
        "mean": 0.29005664587,
        "median": 0.259053051472,
        "min": -0.926381587982,
        "var": 0.304665088654
    },
    "erbbands_spread": {
        "dmean": 3.79480147362,
        "dmean2": 6.14151859283,
        "dvar": 13.8427495956,
        "dvar2": 35.0690193176,
        "max": 63.0989990234,
        "mean": 29.911945343,
        "median": 29.8550415039,
        "min": 10.7639865875,
        "var": 64.6866912842
    },
    "hfc": {
        "dmean": 3.89676904678,
        "dmean2": 6.17342281342,
        "dvar": 25.6612110138,
        "dvar2": 61.3192138672,
        "max": 101.179168701,
        "mean": 21.7028675079,
        "median": 18.8358840942,
        "min": 1.15364285994e-16,
        "var": 198.604476929
    },
    "melbands_kurtosis": {
        "dmean": 1.71812355518,
        "dmean2": 2.77549600601,
        "dvar": 3.98995995522,
        "dvar2": 10.0083847046,
        "max": 23.1728363037,
        "mean": 4.74584722519,
        "median": 3.70817613602,
        "min": -1.28381431103,
        "var": 16.3285999298
    },
    "melbands_skewness": {
        "dmean": 0.289806365967,
        "dmean2": 0.470481544733,
        "dvar": 0.0775587484241,
        "dvar2": 0.190539136529,
        "max": 3.74650335312,
        "mean": 1.75225269794,
        "median": 1.72104907036,
        "min": -0.154267013073,
        "var": 0.368965864182
    },
    "melbands_spread": {
        "dmean": 3.89549612999,
        "dmean2": 5.92124700546,
        "dvar": 43.0217285156,
        "dvar2": 58.0227012634,
        "max": 161.660888672,
        "mean": 23.0559978485,
        "median": 22.2606048584,
        "min": 5.62834453583,
        "var": 168.368270874
    },
    "pitch_salience": {
        "dmean": 0.0455668121576,
        "dmean2": 0.0735421776772,
        "dvar": 0.00167235999834,
        "dvar2": 0.00446919491515,
        "max": 0.985607266426,
        "mean": 0.574264228344,
        "median": 0.580529808998,
        "min": 0.346694290638,
        "var": 0.00613620597869
    },
    "silence_rate_20dB": {
        "dmean": 0,
        "dmean2": 0,
        "dvar": 0,
        "dvar2": 0,
        "max": 1,
        "mean": 1,
        "median": 1,
        "min": 1,
        "var": 0
    },
    "silence_rate_30dB": {
        "dmean": 0,
        "dmean2": 0,
        "dvar": 0,
        "dvar2": 0,
        "max": 1,
        "mean": 1,
        "median": 1,
        "min": 1,
        "var": 0
    },
    "silence_rate_60dB": {
        "dmean": 0.00289435591549,
        "dmean2": 0.00579710165039,
        "dvar": 0.00288600381464,
        "dvar2": 0.00576350605115,
        "max": 1,
        "mean": 0.0476878620684,
        "median": 0,
        "min": 0,
        "var": 0.0454135425389
    },
    "spectral_centroid": {
        "dmean": 153.80078125,
        "dmean2": 232.2290802,
        "dvar": 94627.515625,
        "dvar2": 115183.140625,
        "max": 10693.3320312,
        "mean": 1184.15332031,
        "median": 1146.15966797,
        "min": 389.715484619,
        "var": 334809.3125
    },
    "spectral_complexity": {
        "dmean": 2.16787266731,
        "dmean2": 3.5942029953,
        "dvar": 3.56660914421,
        "dvar2": 9.12519264221,
        "max": 37,
        "mean": 20.5231208801,
        "median": 21,
        "min": 0,
        "var": 36.7494812012
    },
    "spectral_crest": {
        "dmean": 1.4861137867,
        "dmean2": 2.40558314323,
        "dvar": 2.52563714981,
        "dvar2": 6.48974275589,
        "max": 21.0550270081,
        "mean": 7.77185678482,
        "median": 6.88671445847,
        "min": 3.11322903633,
        "var": 9.38523197174
    },
    "spectral_decrease": {
        "dmean": 1.38792544124e-09,
        "dmean2": 2.16568540878e-09,
        "dvar": 2.05676143206e-18,
        "dvar2": 5.24805153225e-18,
        "max": 2.29863498278e-26,
        "mean": -8.12620637447e-09,
        "median": -7.59760343527e-09,
        "min": -2.50313565431e-08,
        "var": 1.70983063349e-17
    },
    "spectral_energy": {
        "dmean": 0.00551590975374,
        "dmean2": 0.00861938204616,
        "dvar": 3.32039890054e-05,
        "dvar2": 8.40672728373e-05,
        "max": 0.103651501238,
        "mean": 0.0326387360692,
        "median": 0.0303711444139,
        "min": 1.08002840006e-20,
        "var": 0.000278713210719
    },
    "spectral_energyband_high": {
        "dmean": 8.09243429103e-05,
        "dmean2": 0.000122365352581,
        "dvar": 4.9694602211e-08,
        "dvar2": 1.27909487446e-07,
        "max": 0.00285723269917,
        "mean": 0.000214915999095,
        "median": 0.000160499243066,
        "min": 7.91399638843e-21,
        "var": 5.89877444668e-08
    },
    "spectral_energyband_low": {
        "dmean": 0.0018449681811,
        "dmean2": 0.00263473647647,
        "dvar": 5.83851033298e-06,
        "dvar2": 1.11621193355e-05,
        "max": 0.0327529273927,
        "mean": 0.00924766343087,
        "median": 0.00833852775395,
        "min": 1.01186487804e-22,
        "var": 4.00087956223e-05
    },
    "spectral_energyband_middle_high": {
        "dmean": 0.00168218452018,
        "dmean2": 0.00276379194111,
        "dvar": 6.00250086791e-06,
        "dvar2": 1.42525404954e-05,
        "max": 0.0479300022125,
        "mean": 0.00730105582625,
        "median": 0.00575059000403,
        "min": 1.54052544104e-21,
        "var": 4.00663921027e-05
    },
    "spectral_energyband_middle_low": {
        "dmean": 0.00431556394324,
        "dmean2": 0.00696255080402,
        "dvar": 1.90543596545e-05,
        "dvar2": 5.27494303242e-05,
        "max": 0.0520581528544,
        "mean": 0.016548871994,
        "median": 0.0157080218196,
        "min": 3.62786351316e-22,
        "var": 8.60624350025e-05
    },
    "spectral_flatness_db": {
        "dmean": 0.0124925030395,
        "dmean2": 0.0189701393247,
        "dvar": 0.000128647792735,
        "dvar2": 0.000284129375359,
        "max": 0.214504167438,
        "mean": 0.121924810112,
        "median": 0.121772386134,
        "min": 0.0271137058735,
        "var": 0.000855470600072
    },
    "spectral_flux": {
        "dmean": 0.013257025741,
        "dmean2": 0.0219180360436,
        "dvar": 0.000193496540305,
        "dvar2": 0.000514880288392,
        "max": 0.206893101335,
        "mean": 0.0679235830903,
        "median": 0.0663196891546,
        "min": 1.03924417683e-10,
        "var": 0.000716394220944
    },
    "spectral_kurtosis": {
        "dmean": 1.56615960598,
        "dmean2": 2.57390832901,
        "dvar": 1.95324015617,
        "dvar2": 5.57660150528,
        "max": 17.7072601318,
        "mean": 7.21225547791,
        "median": 6.63341999054,
        "min": -1.21472883224,
        "var": 7.18768072128
    },
    "spectral_rms": {
        "dmean": 0.000468794809422,
        "dmean2": 0.000723230128642,
        "dvar": 1.93336390453e-07,
        "dvar2": 4.83389214878e-07,
        "max": 0.0100560141727,
        "mean": 0.00538292108104,
        "median": 0.00544337928295,
        "min": 3.24605338269e-12,
        "var": 2.86680915451e-06
    },
    "spectral_rolloff": {
        "dmean": 288.407623291,
        "dmean2": 465.896789551,
        "dvar": 698754.5,
        "dvar2": 1077005.875,
        "max": 18776.953125,
        "mean": 1380.76867676,
        "median": 1184.32617188,
        "min": 301.46484375,
        "var": 2454748.75
    },
    "spectral_skewness": {
        "dmean": 0.17118999362,
        "dmean2": 0.276767969131,
        "dvar": 0.0216131471097,
        "dvar2": 0.0496614165604,
        "max": 3.26834273338,
        "mean": 2.00064730644,
        "median": 1.95837247372,
        "min": 0.0393987819552,
        "var": 0.132181659341
    },
    "spectral_spread": {
        "dmean": 443622.15625,
        "dmean2": 621759,
        "dvar": 1.77165277594e+12,
        "dvar2": 2.0981710848e+12,
        "max": 41671224,
        "mean": 3773280.5,
        "median": 3543389,
        "min": 2303339,
        "var": 3.1446532096e+12
    },
    "spectral_strongpeak": {
        "dmean": 0.416585087776,
        "dmean2": 0.724984407425,
        "dvar": 0.486420333385,
        "dvar2": 1.27074611187,
        "max": 6.75507640839,
        "mean": 0.821042776108,
        "median": 0.399758994579,
        "min": 0,
        "var": 0.779843211174
    },
    "zerocrossingrate": {
        "dmean": 0.00661617564037,
        "dmean2": 0.00848052557558,
        "dvar": 0.000444587349193,
        "dvar2": 0.000572398072109,
        "max": 0.53369140625,
        "mean": 0.050103161484,
        "median": 0.04736328125,
        "min": 0.0166015625,
        "var": 0.00161999452394
    },
    "barkbands": {
        "dmean": [7.64217038522e-05, 0.00131409801543, 0.000641410937533, 0.000841107044835, 0.00096017314354, 0.00135426269844, 0.00118625280447, 0.00189148413483, 0.000641981896479, 0.000650044763461, 0.000476835091831, 0.000184764154255, 0.000310909526888, 0.000588631897699, 0.000648485845886, 0.000225006107939, 0.000247766380198, 0.000206802913453, 9.33400515351e-05, 3.76592579414e-05, 2.33469763771e-05, 1.04814625956e-05, 1.29308355099e-05, 1.46472675624e-05, 1.52828561113e-05, 1.39060975926e-05, 8.07545518455e-07],
        "dmean2": [0.000126195373014, 0.0018481555162, 0.00097993935924, 0.00150567106903, 0.00145672855433, 0.00197266018949, 0.00179639051203, 0.00318262190558, 0.00100609171204, 0.0011205348419, 0.000812561716884, 0.000305883644614, 0.000502623035572, 0.00101021875162, 0.00107242900413, 0.000357992685167, 0.000418236508267, 0.000318047474138, 0.000147725339048, 6.15261305938e-05, 3.73418915842e-05, 1.57619433594e-05, 2.03015097213e-05, 2.36708365264e-05, 2.49672066275e-05, 2.25363401114e-05, 1.30248622554e-06],
        "dvar": [1.17954384038e-08, 3.32796298608e-06, 6.79136292092e-07, 1.90853779714e-06, 1.55814245772e-06, 2.88559135697e-06, 3.5250855035e-06, 1.13984742711e-05, 8.35265950627e-07, 1.17876311378e-06, 4.63812256157e-07, 7.32207325882e-08, 1.60906196811e-07, 1.11328915864e-06, 1.69892769009e-06, 8.9113392221e-08, 2.4829515155e-07, 1.4951025662e-07, 2.85860046745e-08, 4.13560563572e-09, 1.08250108877e-09, 2.81695916593e-10, 1.29687149908e-09, 2.88184298647e-09, 3.98476718289e-09, 2.79552847537e-09, 4.84297714778e-12],
        "dvar2": [3.11210115456e-08, 6.34678644928e-06, 1.48445110426e-06, 7.03353316567e-06, 3.19725972986e-06, 6.08722029938e-06, 6.19484535491e-06, 3.40279366355e-05, 1.90960008695e-06, 3.31545038534e-06, 1.31521630919e-06, 2.01886919626e-07, 4.01747769274e-07, 3.24707980326e-06, 4.37658763985e-06, 2.29984905786e-07, 5.77273283398e-07, 3.28100099978e-07, 5.97208043018e-08, 1.21710455048e-08, 2.67819011412e-09, 6.19779394473e-10, 3.36165117965e-09, 7.84847298263e-09, 1.06828821345e-08, 7.50429673957e-09, 1.1402065056e-11],
        "max": [0.00125571072567, 0.0287596508861, 0.0141566488892, 0.0125648751855, 0.0177045408636, 0.0326795578003, 0.0475582890213, 0.0335748940706, 0.0106070945039, 0.0157221779227, 0.00675730220973, 0.00395922269672, 0.00361554790288, 0.0115678254515, 0.0173087213188, 0.00313323293813, 0.0113100288436, 0.00720750819892, 0.00243532494642, 0.00113380164839, 0.000441223499365, 0.000257903913734, 0.000465771125164, 0.00070041033905, 0.000873351818882, 0.000592987635173, 2.26031224884e-05],
        "mean": [0.000158127149916, 0.00634913565591, 0.00210557738319, 0.00148272083607, 0.00276711233892, 0.00385613483377, 0.00276927300729, 0.00413158116862, 0.0014225167688, 0.00119916803669, 0.000804722716566, 0.000349462643499, 0.000588963623159, 0.000948782952037, 0.00135405210312, 0.000510289624799, 0.000711731321644, 0.00057465134887, 0.000262952351477, 0.000109278429591, 6.24435560894e-05, 2.85815367533e-05, 2.61859840975e-05, 2.52759091381e-05, 2.08411984204e-05, 1.82640433195e-05, 9.02615340692e-07],
        "median": [9.28050358198e-05, 0.00494788354263, 0.00147990009282, 0.000924777123146, 0.00203512702137, 0.00263697700575, 0.00162359047681, 0.00243036821485, 0.00076154328417, 0.00066079501994, 0.000460421724711, 0.000245539966272, 0.000354597053956, 0.000544709269889, 0.000454382126918, 0.000324218301103, 0.000201859860681, 0.000172743180883, 0.000110611523269, 6.26955661573e-05, 4.19058997068e-05, 2.35949919443e-05, 1.80190581887e-05, 1.590517968e-05, 9.61447767622e-06, 7.54569555284e-06, 2.92683665748e-07],
        "min": [3.40265969126e-23, 2.56427725385e-23, 3.25911351224e-23, 3.43208893619e-23, 5.25748088535e-23, 3.44485775435e-23, 9.98404575971e-23, 8.38010978584e-23, 4.31228226375e-23, 4.78109914428e-23, 1.78498838686e-22, 5.20972198397e-23, 6.16663802991e-23, 1.29391578382e-22, 9.00421866873e-23, 1.52371311121e-22, 1.95681731193e-22, 1.98731581048e-22, 2.42768270645e-22, 3.98248337443e-22, 4.02501951175e-22, 5.47246062815e-22, 7.25806053998e-22, 9.11019386408e-22, 1.4393746413e-21, 1.75560441623e-21, 2.12110131886e-21],
        "var": [3.4104804314e-08, 2.65895832854e-05, 4.51522555522e-06, 2.97002407024e-06, 7.02889792592e-06, 2.13843522943e-05, 1.62841424753e-05, 2.60358865489e-05, 2.81382722278e-06, 2.47793332164e-06, 8.99210476746e-07, 1.24312308003e-07, 3.88382119354e-07, 1.55035718308e-06, 4.90734419145e-06, 2.93794073514e-07, 1.35137634061e-06, 8.48711920298e-07, 1.37109665843e-07, 2.23392166987e-08, 3.42676576004e-09, 5.77151104686e-10, 1.25162435971e-09, 2.1559409813e-09, 2.95797830674e-09, 2.11060480204e-09, 4.82739716257e-12]
    },
    "erbbands": {
        "dmean": [0.0414263755083, 0.310448020697, 0.728881776333, 1.62575340271, 3.17016887665, 2.87916707993, 10.2974843979, 10.9218025208, 13.4436912537, 27.4833183289, 39.1588172913, 14.587594986, 12.6176939011, 23.4206771851, 15.4690217972, 7.3717956543, 13.0929412842, 31.8570289612, 35.394153595, 17.7885894775, 10.4683532715, 11.8866109848, 11.9075574875, 5.66228580475, 4.24684143066, 1.96045064926, 1.23292016983, 0.585047066212, 0.356710106134, 0.399173140526, 0.379357993603, 0.322453677654, 0.243047863245, 0.155727520585, 0.122857153416, 0.0643479898572, 0.0250155590475, 0.00439576152712, 9.44365820033e-05, 8.2414235294e-06],
        "dmean2": [0.0589756667614, 0.449367851019, 1.06046974659, 2.85914826393, 5.45518684387, 4.19009828568, 15.2531452179, 15.5646572113, 21.2512264252, 42.7736663818, 64.651725769, 22.4859218597, 20.686384201, 40.9218254089, 26.6393260956, 12.0386686325, 21.415473938, 55.1114006042, 59.2938728333, 28.2400074005, 16.8549041748, 19.5914611816, 18.8472976685, 8.97985363007, 6.73839569092, 3.1799492836, 1.98313307762, 0.929687857628, 0.54300057888, 0.607516884804, 0.610569119453, 0.516173958778, 0.398439258337, 0.250637203455, 0.200611174107, 0.105681918561, 0.0396403744817, 0.00695981364697, 0.000149204031914, 1.31424394567e-05],
        "dvar": [0.00271907495335, 0.203599393368, 0.754292607307, 4.65681552887, 36.1839981079, 17.5113563538, 172.28012085, 234.367218018, 470.635131836, 1636.68579102, 5065.45214844, 453.740447998, 250.063247681, 1803.93493652, 536.561767578, 96.3766403198, 288.656982422, 3687.68823242, 5486.64013672, 860.155639648, 266.737182617, 684.722412109, 534.724060059, 116.416931152, 56.0576591492, 12.0286903381, 2.89377999306, 0.637554764748, 0.306928694248, 0.627137064934, 1.22738945484, 0.991474092007, 0.937411308289, 0.355562329292, 0.293806374073, 0.0664305761456, 0.00806019920856, 0.000205927150091, 9.13125290936e-08, 1.52776430395e-10],
        "dvar2": [0.00557307712734, 0.384710878134, 1.69804763794, 15.3115329742, 109.45236969, 29.6829223633, 392.295501709, 441.374053955, 897.908508301, 3961.68652344, 15513.5908203, 1007.53930664, 586.048095703, 5076.16455078, 1504.1361084, 255.415924072, 760.112609863, 10619.9785156, 14167.4316406, 2068.13037109, 691.237243652, 1390.90356445, 1192.50488281, 256.689025879, 123.170188904, 34.3738975525, 7.32519245148, 1.38217484951, 0.679006934166, 1.48612964153, 3.25341773033, 2.63926196098, 2.5632288456, 0.949058890343, 0.798904120922, 0.180301994085, 0.0213853400201, 0.000531819066964, 2.33412293937e-07, 3.83373527368e-10],
        "max": [0.606188833714, 7.26200389862, 10.3703365326, 20.7227172852, 74.229927063, 94.8082962036, 297.023773193, 279.308288574, 547.254211426, 497.421325684, 740.075561523, 254.004974365, 194.798080444, 588.906188965, 200.857574463, 114.87374115, 156.90965271, 651.610900879, 917.020812988, 332.579986572, 210.42338562, 657.993530273, 492.511444092, 174.759613037, 112.161514282, 53.249332428, 22.5041065216, 11.2309913635, 9.81953144073, 10.6908912659, 16.4759159088, 13.3185815811, 12.554063797, 6.91417694092, 8.40806770325, 3.01913404465, 1.08389723301, 0.157521024346, 0.00325596891344, 0.000152771870489],
        "mean": [0.132405892015, 1.5761244297, 2.63450455666, 3.94855928421, 6.86340522766, 8.05333900452, 26.8373966217, 29.3045215607, 28.6802520752, 69.0352706909, 85.0872116089, 37.3356056213, 26.3460578918, 46.4106750488, 28.2321987152, 16.6936759949, 27.4469413757, 52.0162391663, 70.9338684082, 44.1793479919, 28.9985771179, 36.1235389709, 37.5411148071, 18.1395950317, 11.8929748535, 5.87961244583, 3.27255415916, 1.68468034267, 1.01099920273, 0.893565952778, 0.775609612465, 0.609326720238, 0.364917457104, 0.220274865627, 0.156310975552, 0.0845553055406, 0.0321024954319, 0.00531551754102, 0.000131162509206, 4.16312723246e-05],
        "median": [0.102602943778, 1.22623133659, 2.37373113632, 3.09700846672, 3.70968699455, 5.72280597687, 20.0966300964, 17.9119720459, 17.6694316864, 43.8288955688, 48.3545265198, 21.1474075317, 17.1155033112, 24.131816864, 17.5617370605, 12.8363990784, 18.3347358704, 25.3823661804, 23.0345802307, 22.579750061, 17.4730834961, 16.1963272095, 13.8523082733, 7.76116943359, 5.45115184784, 3.28767156601, 2.40726256371, 1.23310410976, 0.833619713783, 0.6650364995, 0.510433316231, 0.411749005318, 0.206836342812, 0.110338672996, 0.0668672770262, 0.0385702624917, 0.0123124346137, 0.00183483713772, 6.01573628956e-05, 3.92070796806e-05],
        "min": [1.5587813737e-21, 3.07238769997e-21, 2.69893184966e-20, 1.02704444452e-19, 1.53689614975e-19, 1.7763110411e-19, 1.21801298298e-19, 3.98337742016e-19, 1.18289453894e-18, 1.15373983446e-18, 2.16082695697e-18, 9.85962480626e-19, 1.75958066697e-18, 1.57160966304e-18, 8.08445881577e-18, 2.82890868448e-18, 3.43402666453e-18, 6.57076668487e-18, 5.30337006289e-18, 4.67918081343e-18, 9.86304767963e-18, 1.07550949686e-17, 1.10578736785e-17, 1.46601484661e-17, 1.02014001189e-17, 2.14727451253e-17, 1.19480829722e-17, 2.10476189582e-17, 1.72085314603e-17, 1.82675889965e-17, 2.07338445365e-17, 1.73400101643e-17, 1.82672283458e-17, 1.59555927147e-17, 9.69232090993e-18, 6.84078904249e-18, 3.22242207652e-18, 1.14654191557e-18, 3.23341566875e-19, 3.09356437183e-20],
        "var": [0.0135610448197, 1.70099711418, 3.78580904007, 12.2287387848, 93.4758834839, 94.5817947388, 889.464294434, 1671.80651855, 1879.91271973, 5545.73388672, 10321.5244141, 1706.24389648, 670.846069336, 3970.88647461, 958.225463867, 234.464431763, 687.936401367, 5503.57861328, 14388.609375, 3028.28295898, 1093.18408203, 3162.2590332, 3217.17456055, 746.764343262, 269.627990723, 62.2134933472, 9.21006298065, 2.21350193024, 0.697690606117, 0.842988371849, 1.12623381615, 0.826479792595, 0.678224444389, 0.271337836981, 0.207971602678, 0.0484844706953, 0.006344914902, 0.000172895524884, 7.85180631624e-08, 4.74304540088e-10]
    },
    "gfcc": {
        "mean": [8.66469860077, 113.677635193, -119.724601746, 18.3484230042, -47.7375068665, 7.40109968185, -40.153011322, 17.1367301941, -17.1844730377, 9.51791572571, -14.5375089645, 2.22665977478, -14.2658929825],
        "cov": [[14951.0058594, 1389.91577148, -1059.8572998, 97.4580764771, -155.32081604, 19.7172317505, -361.530426025, 203.977539062, 27.4169960022, 51.400932312, -73.3032684326, 68.7206268311, -90.8293380737], [1389.91577148, 546.747497559, -121.540206909, -5.03856134415, 26.3449363708, -9.86170578003, -33.8904495239, -26.2359466553, 54.7559242249, -37.2429924011, 1.26519966125, -23.8908023834, 18.7029018402], [-1059.8572998, -121.540206909, 410.05065918, 14.4297933578, -17.6238937378, 83.3098449707, 42.8717727661, -48.5691413879, -67.1475296021, -1.43578028679, -1.39477097988, 20.7178173065, -5.6114025116], [97.4580764771, -5.03856134415, 14.4297933578, 184.965667725, 45.8649711609, -55.8918838501, 17.8044433594, 31.3537101746, -36.548286438, 11.1827220917, 38.0636825562, -4.4434299469, -18.4088172913], [-155.32081604, 26.3449363708, -17.6238937378, 45.8649711609, 107.450950623, 2.74748873711, 4.90188455582, 27.4325141907, 43.752204895, -2.02079534531, 12.4212207794, -7.07180500031, -1.93598997593], [19.7172317505, -9.86170578003, 83.3098449707, -55.8918838501, 2.74748873711, 117.778366089, 30.8925971985, -5.4764881134, 1.47678422928, 0.814096987247, -32.4406585693, 4.67392110825, -0.680213153362], [-361.530426025, -33.8904495239, 42.8717727661, 17.8044433594, 4.90188455582, 30.8925971985, 79.2307052612, 20.2387638092, -13.0583171844, -0.140886798501, 2.36744141579, -7.50570821762, -5.28066825867], [203.977539062, -26.2359466553, -48.5691413879, 31.3537101746, 27.4325141907, -5.4764881134, 20.2387638092, 84.5708847046, 39.1194114685, 13.0124320984, 5.76167154312, -2.47662711143, -20.5214176178], [27.4169960022, 54.7559242249, -67.1475296021, -36.548286438, 43.752204895, 1.47678422928, -13.0583171844, 39.1194114685, 116.406890869, 14.3678541183, -4.47841262817, -7.57705068588, 6.29152297974], [51.400932312, -37.2429924011, -1.43578028679, 11.1827220917, -2.02079534531, 0.814096987247, -0.140886798501, 13.0124320984, 14.3678541183, 36.8149261475, 12.8030443192, 4.56356048584, -4.8596572876], [-73.3032684326, 1.26519966125, -1.39477097988, 38.0636825562, 12.4212207794, -32.4406585693, 2.36744141579, 5.76167154312, -4.47841262817, 12.8030443192, 65.265083313, 20.3592796326, -3.36040663719], [68.7206268311, -23.8908023834, 20.7178173065, -4.4434299469, -7.07180500031, 4.67392110825, -7.50570821762, -2.47662711143, -7.57705068588, 4.56356048584, 20.3592796326, 40.2943725586, 12.4038391113], [-90.8293380737, 18.7029018402, -5.6114025116, -18.4088172913, -1.93598997593, -0.680213153362, -5.28066825867, -20.5214176178, 6.29152297974, -4.8596572876, -3.36040663719, 12.4038391113, 39.853061676]],
        "icov": [[0.000230971942074, -0.000673686619848, 0.00055228517158, -0.000428860337706, 0.00055032747332, -0.000833768164739, 0.00113082653843, -0.000938401382882, 0.000709454645403, -0.000750762934331, 0.000608212430961, -0.00104391283821, 0.000574010016862], [-0.000673686619848, 0.00474682543427, -0.000679925258737, -0.000554225756787, -0.000203485440579, 0.000116637151223, -0.00205473601818, 0.00451433006674, -0.00480558164418, 0.00660460442305, -0.00418740976602, 0.00533736124635, -0.00252068601549], [0.00055228517158, -0.000679925258737, 0.00537854759023, -0.00305534456857, 0.00213973270729, -0.00534710194916, 0.00149686017539, 0.00149316131137, 0.000887516187504, -0.000321393454215, 0.000906990549993, -0.00430260924622, 0.00314000388607], [-0.000428860337706, -0.000554225756787, -0.00305534456857, 0.0148551650345, -0.00978020578623, 0.0100504243746, -0.00431942241266, -0.00462127476931, 0.00899949856102, -0.00748404860497, -0.000576912018005, 0.00270821340382, -0.000766066252254], [0.00055032747332, -0.000203485440579, 0.00213973270729, -0.00978020578623, 0.0198492091149, -0.00988877099007, 0.00547921750695, -0.00196641799994, -0.00902653392404, 0.00910233519971, -0.00568442326039, 0.00279740337282, -0.00117274501827], [-0.000833768164739, 0.000116637151223, -0.00534710194916, 0.0100504243746, -0.00988877099007, 0.0247570518404, -0.0137092871591, 0.00385986943729, 0.00143697683234, -0.00757981045172, 0.0116111533716, -0.00762044964358, 0.00424750056118], [0.00113082653843, -0.00205473601818, 0.00149686017539, -0.00431942241266, 0.00547921750695, -0.0137092871591, 0.0273900553584, -0.0141375912353, 0.00662794196978, 0.00124145031441, -0.00653656339273, 0.00864708051085, -0.00599870318547], [-0.000938401382882, 0.00451433006674, 0.00149316131137, -0.00462127476931, -0.00196641799994, 0.00385986943729, -0.0141375912353, 0.0320014841855, -0.0157354362309, 0.00371079985052, 0.00283198663965, -0.00755499722436, 0.0139206415042], [0.000709454645403, -0.00480558164418, 0.000887516187504, 0.00899949856102, -0.00902653392404, 0.00143697683234, 0.00662794196978, -0.0157354362309, 0.0259210579097, -0.0157210417092, 0.00325019704178, 0.00178352103103, -0.00577435456216], [-0.000750762934331, 0.00660460442305, -0.000321393454215, -0.00748404860497, 0.00910233519971, -0.00757981045172, 0.00124145031441, 0.00371079985052, -0.0157210417092, 0.0468300208449, -0.0150636155158, 0.00720688188449, -0.00124571472406], [0.000608212430961, -0.00418740976602, 0.000906990549993, -0.000576912018005, -0.00568442326039, 0.0116111533716, -0.00653656339273, 0.00283198663965, 0.00325019704178, -0.0150636155158, 0.0355464108288, -0.0270158890635, 0.0127824544907], [-0.00104391283821, 0.00533736124635, -0.00430260924622, 0.00270821340382, 0.00279740337282, -0.00762044964358, 0.00864708051085, -0.00755499722436, 0.00178352103103, 0.00720688188449, -0.0270158890635, 0.055993668735, -0.0260856822133], [0.000574010016862, -0.00252068601549, 0.00314000388607, -0.000766066252254, -0.00117274501827, 0.00424750056118, -0.00599870318547, 0.0139206415042, -0.00577435456216, -0.00124571472406, 0.0127824544907, -0.0260856822133, 0.0440167970955]]
    },
    "melbands": {
        "dmean": [0.000351271242835, 0.000391095411032, 0.000345270178514, 0.000185586497537, 0.000305249297526, 0.000241795627517, 0.000206197699299, 0.000334792421199, 0.000280233914964, 8.52020384627e-05, 6.60594087094e-05, 0.000101268902654, 6.90034721629e-05, 2.2710995836e-05, 2.18049299292e-05, 4.55082154076e-05, 5.71793570998e-05, 5.49889628019e-05, 3.33029129251e-05, 1.88420708582e-05, 1.31731349029e-05, 1.08717349576e-05, 1.74797405634e-05, 1.1153786545e-05, 4.47229467682e-06, 4.79642767459e-06, 1.69845191067e-06, 1.19318951874e-06, 9.29266946059e-07, 6.35206390598e-07, 2.95296160857e-07, 2.12073445027e-07, 2.5381112323e-07, 2.35131295767e-07, 2.33701314301e-07, 2.26755716426e-07, 1.95602396502e-07, 1.91226362745e-07, 1.46185868743e-07, 1.28860222048e-07],
        "dmean2": [0.000495110929478, 0.000561050372198, 0.000609957962297, 0.000296634680126, 0.000449991668575, 0.000347945839167, 0.000323221640429, 0.000539764179848, 0.00045681418851, 0.000131903681904, 0.000108748681669, 0.000176750007086, 0.000117676056107, 3.75424569938e-05, 3.52781316906e-05, 7.67311648815e-05, 9.88818355836e-05, 9.18788355193e-05, 5.43989663129e-05, 2.93316188618e-05, 2.15357122215e-05, 1.73238313437e-05, 2.88965457003e-05, 1.73910812009e-05, 7.23359516996e-06, 7.65470394981e-06, 2.78620359495e-06, 1.93108849089e-06, 1.49723246068e-06, 1.00618308352e-06, 4.73122696576e-07, 3.33767133043e-07, 3.911884221e-07, 3.69434701497e-07, 3.83446689511e-07, 3.60192586868e-07, 3.19121312486e-07, 3.14980979965e-07, 2.44421130446e-07, 2.07004120512e-07],
        "dvar": [2.22844050768e-07, 2.33679799067e-07, 2.78978177448e-07, 7.88228575743e-08, 1.38269271588e-07, 1.04656635358e-07, 1.21610909787e-07, 2.45609896865e-07, 2.27003326358e-07, 1.53531996006e-08, 6.47293241229e-09, 3.36631273967e-08, 1.07579998243e-08, 1.30387811659e-09, 8.30753077441e-10, 5.12205211578e-09, 1.15904397191e-08, 1.19897505257e-08, 3.6828662342e-09, 8.1074025271e-10, 4.64155269775e-10, 5.78442682642e-10, 8.85208684132e-10, 4.07541805858e-10, 7.52813575366e-11, 8.4642515219e-11, 6.57147600225e-12, 3.84384928401e-12, 1.53715408457e-12, 1.15050568898e-12, 1.41079571528e-13, 1.25320828476e-13, 1.16755468683e-13, 2.56432706016e-13, 4.17778523365e-13, 5.53535516035e-13, 3.50708855403e-13, 6.14902226359e-13, 2.6642853505e-13, 2.41165513124e-13],
        "dvar2": [4.25050274089e-07, 4.84737199713e-07, 9.79943138191e-07, 1.86051082096e-07, 3.09098169282e-07, 2.01519839038e-07, 2.10515452181e-07, 6.50944400604e-07, 6.8965346145e-07, 3.43033192962e-08, 1.53937609326e-08, 9.46458484918e-08, 3.06935810102e-08, 3.58653973187e-09, 1.99731076123e-09, 1.40415723493e-08, 3.34614007613e-08, 3.09271328547e-08, 9.68949009916e-09, 1.95468841113e-09, 1.16886811341e-09, 1.13497888865e-09, 2.17553974835e-09, 8.10570277565e-10, 1.7444312661e-10, 1.88058749129e-10, 1.74361167865e-11, 1.08978269117e-11, 3.81952195566e-12, 2.80989381068e-12, 3.30071094155e-13, 3.16041978829e-13, 2.53432474659e-13, 6.37942986197e-13, 1.12898004747e-12, 1.49222550549e-12, 9.34446530571e-13, 1.69848575308e-12, 7.15152980238e-13, 6.40322322075e-13],
        "max": [0.0069679543376, 0.00555128278211, 0.00419419910759, 0.00423303013667, 0.00812900904566, 0.0062536993064, 0.00951826572418, 0.00514594698325, 0.00492312898859, 0.00141410413198, 0.00095260591479, 0.00259309518151, 0.000929020578042, 0.000556314189453, 0.000400240358431, 0.000775323947892, 0.00110805849545, 0.0012979011517, 0.000818562228233, 0.000302021449897, 0.000274004269158, 0.000636571494397, 0.000442679272965, 0.000265014386969, 0.000138042101753, 0.000133568770252, 3.89494816773e-05, 2.88212977466e-05, 1.56801925186e-05, 1.43112229125e-05, 5.34720948053e-06, 6.46324724585e-06, 3.57385852112e-06, 6.46547596261e-06, 1.01707410067e-05, 1.22648380056e-05, 6.89547505317e-06, 1.00707020465e-05, 5.54260032004e-06, 5.86092619415e-06],
        "mean": [0.00155678822193, 0.00173374905717, 0.000811136793345, 0.000475216365885, 0.000815130129922, 0.000664968567435, 0.000469543825602, 0.000814486003947, 0.000616601610091, 0.000200141206733, 0.000129130741698, 0.000194226144231, 0.000114605143608, 4.28465864388e-05, 4.77099711134e-05, 7.71053237258e-05, 8.8635533757e-05, 0.000107339008537, 7.18970622984e-05, 4.39257055405e-05, 3.20222316077e-05, 3.24376487697e-05, 4.5458193199e-05, 2.81995053228e-05, 1.25337892314e-05, 1.28259498524e-05, 4.52346830571e-06, 3.30078046318e-06, 2.19851222028e-06, 1.48260869537e-06, 7.4627706681e-07, 5.18276920047e-07, 6.16113823071e-07, 4.44877485961e-07, 4.60505106048e-07, 4.06404467412e-07, 3.49775291397e-07, 2.67858666803e-07, 2.05858810887e-07, 1.76566629762e-07],
        "median": [0.00123043707572, 0.00157160195522, 0.000626016175374, 0.000304622109979, 0.00062806304777, 0.000420574797317, 0.000299730570987, 0.000518123153597, 0.000371150003048, 0.000103899903479, 8.47210685606e-05, 9.85851656878e-05, 6.64365798002e-05, 2.86525610136e-05, 3.14133503707e-05, 4.891732533e-05, 4.35870533693e-05, 3.55203810614e-05, 3.0510713259e-05, 2.71433909802e-05, 1.65594901773e-05, 1.10638202386e-05, 1.23532299767e-05, 9.24006326386e-06, 5.04793297296e-06, 4.97771907249e-06, 2.69675274467e-06, 1.94980043489e-06, 1.59639034791e-06, 8.96741482848e-07, 5.44009083114e-07, 4.13986214198e-07, 4.99689235767e-07, 3.05329876937e-07, 3.01251247947e-07, 2.79513500345e-07, 2.37259371261e-07, 1.45243831184e-07, 1.08957678435e-07, 8.57471320614e-08],
        "min": [1.1457866227e-23, 1.08095819128e-23, 1.78420220808e-23, 1.33089606844e-23, 4.77335355571e-24, 8.12239271464e-24, 1.97911033178e-23, 1.45753443391e-23, 1.51500342417e-23, 6.00361921387e-24, 8.86120670631e-24, 4.36674506288e-24, 2.69028200625e-23, 8.59515705514e-24, 8.11322693978e-24, 6.67510116627e-24, 1.32898639396e-23, 8.29966238182e-24, 6.22719383289e-24, 8.16327069789e-24, 1.1691652256e-23, 1.11485877871e-23, 1.13180737637e-23, 9.54007121349e-24, 1.27979839217e-23, 6.31272134337e-24, 1.12489387828e-23, 1.46585281438e-23, 5.37648662713e-24, 1.04624342051e-23, 1.32215730399e-23, 8.51701091614e-24, 1.18415381946e-23, 9.83854856989e-24, 1.08365593781e-23, 1.39126002045e-23, 9.19382122953e-24, 1.25894311864e-23, 1.43652107266e-23, 1.26825688381e-23],
        "var": [1.65300559729e-06, 1.31928311475e-06, 5.54697408006e-07, 3.04573006815e-07, 7.16900046882e-07, 7.82363542839e-07, 5.34971661637e-07, 7.71464499394e-07, 4.73969976156e-07, 5.64052200502e-08, 1.67489133673e-08, 7.22252977425e-08, 1.89793709637e-08, 2.0781274479e-09, 2.65036148583e-09, 7.58234008913e-09, 1.65584754797e-08, 3.05582190663e-08, 1.08542108634e-08, 2.53489673696e-09, 1.8397022794e-09, 3.03479530395e-09, 4.11420852942e-09, 1.70723213344e-09, 4.22834989244e-10, 3.96360333443e-10, 3.18787600484e-11, 1.86625489368e-11, 4.42180103297e-12, 2.83354871684e-12, 4.15756676048e-13, 2.30243775434e-13, 2.51742122157e-13, 2.90138871045e-13, 3.84697536413e-13, 4.42422709796e-13, 2.8725174908e-13, 4.30330467441e-13, 2.03494068384e-13, 1.84912415241e-13]
    },
    "mfcc": {
