{
"metadata": {
    "version": {
        "essentia": "2.0.1",
        "extractor": "archive-music 1.0"
    },
    "audio_properties": {
        "analysis_sample_rate": 44100,
        "bitrate": 128,
        "channels": 2,
        "equal_loudness": 0,
        "length": 15.0987758636,
        "replay_gain": 4.28031730652,
        "downmix": "mix"
    },
    "tags": {
        "track": 0,
        "year": 0,
        "album": "",
        "artist": "",
        "comment": "",
        "genre": "",
        "title": ""
    }
},
"highlevel": {
    "culture": {
        "all": {
            "non_western": 6.1408837837e-07,
            "western": 0.999999403954
        },
        "probability": 0.999999403954,
        "value": "western"
    },
    "danceability": {
        "all": {
            "danceable": 0.32006379962,
            "not_danceable": 0.679936230183
        },
        "probability": 0.679936230183,
        "value": "not_danceable"
    },
    "gender": {
        "all": {
            "female": 0.647707998753,
            "male": 0.352292001247
        },
        "probability": 0.647707998753,
        "value": "female"
    },
    "genre_dortmund": {
        "all": {
            "alternative": 0.0992035940289,
            "blues": 0.0182015895844,
            "electronic": 0.144157975912,
            "folkcountry": 0.0347605794668,
            "funksoulrnb": 0.0570079125464,
            "jazz": 0.563800215721,
            "pop": 0.0303652137518,
            "raphiphop": 0.0217202417552,
            "rock": 0.0307827051729
        },
        "probability": 0.563800215721,
        "value": "jazz"
    },
    "genre_electronic": {
        "all": {
            "ambient": 0.966433823109,
            "dnb": 0.00309422449209,
            "house": 0.0197266619653,
            "techno": 0.00653790030628,
            "trance": 0.00420739362016
        },
        "probability": 0.966433823109,
        "value": "ambient"
    },
    "genre_rosamerica": {
        "all": {
            "cla": 0.235972717404,
            "dan": 0.0230412781239,
            "hip": 0.0469352416694,
            "jaz": 0.444722294807,
            "pop": 0.0679012462497,
            "rhy": 0.0651727765799,
            "roc": 0.0674312189221,
            "spe": 0.0488232299685
        },
        "probability": 0.444722294807,
        "value": "jaz"
    },
    "genre_tzanetakis": {
        "all": {
            "blu": 0.0282757543027,
            "cla": 0.268314152956,
            "cou": 0.0175127442926,
            "dis": 0.0215553399175,
            "hip": 0.123419485986,
            "jaz": 0.143209353089,
            "met": 0.00915743876249,
            "pop": 0.144852608442,
            "reg": 0.16993920505,
            "roc": 0.0737639144063
        },
        "probability": 0.268314152956,
        "value": "cla"
    },
    "mirex_ballroom": {
        "all": {
            "ChaChaCha": 0.00227355351672,
            "Jive": 0.00183052488137,
            "Quickstep": 0.00488476641476,
            "Rumba-American": 0.0025519693736,
            "Rumba-International": 0.0293066762388,
            "Rumba-Misc": 0.029819553718,
            "Samba": 0.00218380917795,
            "Tango": 0.0700823590159,
            "VienneseWaltz": 0.694727897644,
            "Waltz": 0.162338897586
        },
        "probability": 0.694727897644,
        "value": "VienneseWaltz"
    },
    "mood_acoustic": {
        "all": {
            "acoustic": 0.780543625355,
            "not_acoustic": 0.219456404448
        },
        "probability": 0.780543625355,
        "value": "acoustic"
    },
    "mood_aggressive": {
        "all": {
            "aggressive": 0.0150841837749,
            "not_aggressive": 0.984915792942
        },
        "probability": 0.984915792942,
        "value": "not_aggressive"
    },
    "mood_electronic": {
        "all": {
            "electronic": 0.855486810207,
            "not_electronic": 0.144513189793
        },
        "probability": 0.855486810207,
        "value": "electronic"
    },
    "mood_happy": {
        "all": {
            "happy": 0.0720862820745,
            "not_happy": 0.927913725376
        },
        "probability": 0.927913725376,
        "value": "not_happy"
    },
    "mood_party": {
        "all": {
            "not_party": 0.935079395771,
            "party": 0.064920604229
        },
        "probability": 0.935079395771,
        "value": "not_party"
    },
    "mood_relaxed": {
        "all": {
            "not_relaxed": 0.0213311109692,
            "relaxed": 0.978668868542
        },
        "probability": 0.978668868542,
        "value": "relaxed"
    },
    "mood_sad": {
        "all": {
            "not_sad": 0.418592363596,
            "sad": 0.581407606602
        },
        "probability": 0.581407606602,
        "value": "sad"
    },
    "moods_mirex": {
        "all": {
            "Cluster1": 0.129715099931,
            "Cluster2": 0.261632859707,
            "Cluster3": 0.425741732121,
            "Cluster4": 0.128413379192,
            "Cluster5": 0.0544969327748
        },
        "probability": 0.425741732121,
        "value": "Cluster3"
    },
    "timbre": {
        "all": {
            "bright": 0.0099368263036,
            "dark": 0.99006319046
        },
        "probability": 0.99006319046,
        "value": "dark"
    },
    "tonal_atonal": {
        "all": {
            "atonal": 0.588058829308,
            "tonal": 0.411941170692
        },
        "probability": 0.588058829308,
        "value": "atonal"
    },
    "voice_instrumental": {
        "all": {
            "instrumental": 0.999990701675,
            "voice": 9.30445821723e-06
        },
        "probability": 0.999990701675,
        "value": "instrumental"
    }
},
"lowlevel": {
    "average_loudness": 0.968677639961,
    "barkbands_kurtosis": {
        "dmean": 2.94394922256,
        "dmean2": 4.7724404335,
        "dvar": 19.0629634857,
        "dvar2": 45.4304847717,
        "max": 48.0549278259,
        "mean": 5.67677783966,
        "median": 3.57948899269,
        "min": -1.84296143055,
        "var": 42.1827278137
    },
    "barkbands_skewness": {
        "dmean": 0.497309148312,
        "dmean2": 0.804409265518,
        "dvar": 0.248173862696,
        "dvar2": 0.549671649933,
        "max": 5.46969366074,
        "mean": 1.56321656704,
        "median": 1.36519312859,
        "min": -2.01810956001,
        "var": 0.981450438499
    },
    "barkbands_spread": {
        "dmean": 1.96883869171,
        "dmean2": 3.0957171917,
        "dvar": 28.642206192,
        "dvar2": 68.0939941406,
        "max": 122.288696289,
        "mean": 7.47204303741,
        "median": 6.90528774261,
        "min": 0.826023578644,
        "var": 40.0142021179
    },
    "dissonance": {
        "dmean": 0.0353720225394,
        "dmean2": 0.06049984321,
        "dvar": 0.00077577191405,
        "dvar2": 0.00212797196582,
        "max": 0.498515039682,
        "mean": 0.410672515631,
        "median": 0.413899183273,
        "min": 0.26251244545,
        "var": 0.00168023863807
    },
    "dynamic_complexity": 3.69477629662,
    "erbbands_kurtosis": {
        "dmean": 1.26130712032,
        "dmean2": 2.13498711586,
        "dvar": 2.73906064034,
        "dvar2": 6.76202201843,
        "max": 23.6603183746,
        "mean": 2.13551235199,
        "median": 1.67678022385,
        "min": -1.20685148239,
        "var": 5.10533475876
    },
    "erbbands_skewness": {
        "dmean": 0.353113353252,
        "dmean2": 0.591945588589,
        "dvar": 0.104189611971,
        "dvar2": 0.250818252563,
        "max": 4.31943225861,
        "mean": 1.08938169479,
        "median": 1.10807967186,
        "min": -0.936076521873,
        "var": 0.333153486252
    },
    "erbbands_spread": {
        "dmean": 3.79854726791,
        "dmean2": 6.33499240875,
        "dvar": 27.2734889984,
        "dvar2": 70.1393356323,
        "max": 97.6085357666,
        "mean": 18.9569721222,
        "median": 17.7687320709,
        "min": 6.24081993103,
        "var": 60.6989479065
    },
    "hfc": {
        "dmean": 1.99368906021,
        "dmean2": 3.16356635094,
        "dvar": 6.04700946808,
        "dvar2": 13.6185455322,
        "max": 44.8104667664,
        "mean": 9.16533660889,
        "median": 5.92381286621,
        "min": 1.20852106581e-16,
        "var": 76.8979034424
    },
    "melbands_kurtosis": {
        "dmean": 4.61191034317,
        "dmean2": 7.58819627762,
        "dvar": 46.2725410461,
        "dvar2": 108.4715271,
        "max": 72.7082901001,
        "mean": 9.90888023376,
        "median": 6.04618549347,
        "min": -1.23351383209,
        "var": 123.62121582
    },
    "melbands_skewness": {
        "dmean": 0.579607605934,
        "dmean2": 0.94967597723,
        "dvar": 0.358807176352,
        "dvar2": 0.88064545393,
        "max": 6.18920850754,
        "mean": 2.04866147041,
        "median": 1.73660039902,
        "min": -0.139250397682,
        "var": 1.38166534901
    },
    "melbands_spread": {
        "dmean": 2.23203372955,
        "dmean2": 3.51480102539,
        "dvar": 47.128528595,
        "dvar2": 90.3629226685,
        "max": 157.777511597,
        "mean": 8.90365314484,
        "median": 7.74911594391,
        "min": 0.740073084831,
        "var": 172.491714478
    },
    "pitch_salience": {
        "dmean": 0.0673460662365,
        "dmean2": 0.1103746593,
        "dvar": 0.00302693573758,
        "dvar2": 0.0080048320815,
        "max": 0.914384961128,
        "mean": 0.534420013428,
        "median": 0.538971602917,
        "min": 0.254279285669,
        "var": 0.00957208499312
    },
    "silence_rate_20dB": {
        "dmean": 0,
        "dmean2": 0,
        "dvar": 0,
        "dvar2": 0,
        "max": 1,
        "mean": 1,
        "median": 1,
        "min": 1,
        "var": 0
    },
    "silence_rate_30dB": {
        "dmean": 0.0307219661772,
        "dmean2": 0.0615384615958,
        "dvar": 0.0297782514244,
        "dvar2": 0.0639052540064,
        "max": 1,
        "mean": 0.952453970909,
        "median": 1,
        "min": 0,
        "var": 0.0452851131558
    },
    "silence_rate_60dB": {
        "dmean": 0.00614439323545,
        "dmean2": 0.0123076923192,
        "dvar": 0.00610656756908,
        "dvar2": 0.0121563430876,
        "max": 1,
        "mean": 0.0490797534585,
        "median": 0,
        "min": 0,
        "var": 0.0466710813344
    },
    "spectral_centroid": {
        "dmean": 80.9410476685,
        "dmean2": 128.053390503,
        "dvar": 96968.796875,
        "dvar2": 172796.546875,
        "max": 11156.2539062,
        "mean": 559.276245117,
        "median": 493.515014648,
        "min": 164.066467285,
        "var": 431292.21875
    },
    "spectral_complexity": {
        "dmean": 1.49001538754,
        "dmean2": 2.55076932907,
        "dvar": 1.8843048811,
        "dvar2": 5.18281507492,
        "max": 28,
        "mean": 10.6303682327,
        "median": 10,
        "min": 0,
        "var": 23.2300224304
    },
    "spectral_crest": {
        "dmean": 2.56412816048,
        "dmean2": 4.29534626007,
        "dvar": 4.96512460709,
        "dvar2": 12.6762609482,
        "max": 20.2610530853,
        "mean": 10.2615423203,
        "median": 9.60823822021,
        "min": 4.39338731766,
        "var": 10.8120651245
    },
    "spectral_decrease": {
        "dmean": 2.93721735822e-09,
        "dmean2": 4.3971586372e-09,
        "dvar": 1.71084045559e-17,
        "dvar2": 3.04804971506e-17,
        "max": 5.56586531691e-29,
        "mean": -9.37893229747e-09,
        "median": -6.95997037781e-09,
        "min": -6.2465097983e-08,
        "var": 7.8369824238e-17
    },
    "spectral_energy": {
        "dmean": 0.0112437922508,
        "dmean2": 0.0168407466263,
        "dvar": 0.00024808064336,
        "dvar2": 0.000442186777946,
        "max": 0.238632008433,
        "mean": 0.0362295173109,
        "median": 0.0268387086689,
        "min": 1.09098757382e-20,
        "var": 0.00115108373575
    },
    "spectral_energyband_high": {
        "dmean": 7.36593165129e-06,
        "dmean2": 1.27424618768e-05,
        "dvar": 3.07177144832e-10,
        "dvar2": 8.64042781767e-10,
        "max": 0.00031242807745,
        "mean": 3.13905438816e-05,
        "median": 8.35980245029e-06,
        "min": 7.94828318638e-21,
        "var": 4.10067046985e-09
    },
    "spectral_energyband_low": {
        "dmean": 0.008834307082,
        "dmean2": 0.0130829941481,
        "dvar": 0.000238711436396,
        "dvar2": 0.000439831695985,
        "max": 0.207461506128,
        "mean": 0.0192264672369,
        "median": 0.0092708338052,
        "min": 5.73889114137e-23,
        "var": 0.000830435776152
    },
    "spectral_energyband_middle_high": {
        "dmean": 0.000383739068639,
        "dmean2": 0.000559617998078,
        "dvar": 5.38499307368e-07,
        "dvar2": 1.03451702671e-06,
        "max": 0.0153280962259,
        "mean": 0.00170331238769,
        "median": 0.000782117131166,
        "min": 1.43260674485e-21,
        "var": 6.48236937195e-06
    },
    "spectral_energyband_middle_low": {
        "dmean": 0.00470879208297,
        "dmean2": 0.00806811731309,
        "dvar": 5.33721213287e-05,
        "dvar2": 0.00014274068235,
        "max": 0.112952239811,
        "mean": 0.0155875431374,
        "median": 0.01054251194,
        "min": 2.36113742972e-22,
        "var": 0.000241707763053
    },
    "spectral_flatness_db": {
        "dmean": 0.0194338504225,
        "dmean2": 0.0301748104393,
        "dvar": 0.0003101612092,
        "dvar2": 0.000659139768686,
        "max": 0.42686060071,
        "mean": 0.245661705732,
        "median": 0.2534263134,
        "min": 0.0518884882331,
        "var": 0.00351132755168
    },
    "spectral_flux": {
        "dmean": 0.0226284284145,
        "dmean2": 0.0370829813182,
        "dvar": 0.000576981401537,
        "dvar2": 0.00156633392908,
        "max": 0.318781137466,
        "mean": 0.0773724615574,
        "median": 0.0723792314529,
        "min": 6.62418939146e-11,
        "var": 0.00161003356334
    },
    "spectral_kurtosis": {
        "dmean": 6.88129425049,
        "dmean2": 11.9840688705,
        "dvar": 39.7256164551,
        "dvar2": 116.178565979,
        "max": 69.4936676025,
        "mean": 15.653719902,
        "median": 13.4887895584,
        "min": -1.23935747147,
        "var": 112.651992798
    },
    "spectral_rms": {
        "dmean": 0.000845963484608,
        "dmean2": 0.00129360647406,
        "dvar": 8.07707806416e-07,
        "dvar2": 1.52856489422e-06,
        "max": 0.0152581688017,
        "mean": 0.00537885539234,
        "median": 0.00511703640223,
        "min": 3.26248078032e-12,
        "var": 6.41380165689e-06
    },
    "spectral_rolloff": {
        "dmean": 135.18611145,
        "dmean2": 239.316558838,
        "dvar": 931573,
        "dvar2": 1720753.625,
        "max": 19272.2167969,
        "mean": 666.009277344,
        "median": 430.6640625,
        "min": 107.666015625,
        "var": 3517345.25
    },
    "spectral_skewness": {
        "dmean": 0.503389120102,
        "dmean2": 0.864461481571,
        "dvar": 0.181089580059,
        "dvar2": 0.513452708721,
        "max": 6.3802728653,
        "mean": 2.5900990963,
        "median": 2.44632530212,
        "min": -0.0236452966928,
        "var": 0.686997294426
    },
    "spectral_spread": {
        "dmean": 271034.3125,
        "dmean2": 440623.375,
        "dvar": 1.81769050522e+12,
        "dvar2": 3.41591169434e+12,
        "max": 41427416,
        "mean": 2304232.75,
        "median": 2009589,
        "min": 959972.5,
        "var": 6.19608434278e+12
    },
    "spectral_strongpeak": {
        "dmean": 0.34324991703,
        "dmean2": 0.590790987015,
        "dvar": 0.129986077547,
        "dvar2": 0.343340396881,
        "max": 2.97397279739,
        "mean": 0.580271422863,
        "median": 0.36970448494,
        "min": 0,
        "var": 0.399307340384
    },
    "zerocrossingrate": {
        "dmean": 0.00410651275888,
        "dmean2": 0.00613807095215,
        "dvar": 0.000505941919982,
        "dvar2": 0.000961845857091,
        "max": 0.5087890625,
        "mean": 0.0237355604768,
        "median": 0.017578125,
        "min": 0.00390625,
        "var": 0.00217030197382
    },
    "barkbands": {
        "dmean": [0.00143629848026, 0.0071776676923, 0.00192715297453, 0.00127699843142, 0.00168535660487, 0.00170462788083, 0.00177578080911, 0.000517197186127, 0.000303799257381, 0.000346665416146, 0.000191339189769, 8.72285963851e-05, 4.35735673818e-05, 2.63702004304e-05, 3.34973992722e-05, 2.75910442724e-05, 2.02376704692e-05, 1.81176183105e-05, 1.42885528476e-05, 8.46138209454e-06, 3.6110311612e-06, 2.03911804419e-06, 1.13482008146e-06, 3.5228725892e-07, 6.470894931e-08, 2.28076544317e-08, 7.40744638961e-08],
        "dmean2": [0.00219822744839, 0.0109973838553, 0.00278044841252, 0.0021768307779, 0.00280074146576, 0.00301268370822, 0.00314365979284, 0.000728833721951, 0.000414385111071, 0.000445285259048, 0.000282839377178, 0.000130600659759, 7.11706088623e-05, 4.54530163552e-05, 5.82371467317e-05, 4.55105182482e-05, 3.36652410624e-05, 2.99839412037e-05, 2.38328175328e-05, 1.44151626955e-05, 6.09837843513e-06, 3.50449977304e-06, 1.71733245224e-06, 6.10236554621e-07, 1.11498444255e-07, 3.73144963817e-08, 1.23419894749e-07],
        "dvar": [3.35528125106e-06, 0.00015737429203, 1.45986032294e-05, 1.08381500468e-05, 5.00337773701e-06, 8.08816093922e-06, 8.0292684288e-06, 3.55142333319e-07, 2.43546224965e-07, 5.99611325924e-07, 1.22402155966e-07, 2.29363212867e-08, 6.21528206679e-09, 2.02437133723e-09, 3.15283643637e-09, 1.56521928751e-09, 2.40213227087e-09, 1.18043630426e-09, 6.62215504654e-10, 2.71660388629e-10, 1.12760197013e-10, 4.22663223865e-11, 1.51172841606e-11, 1.55629393921e-12, 3.53989603743e-14, 4.63771375632e-15, 4.94354008413e-15],
        "dvar2": [8.22228776087e-06, 0.00031204460538, 2.80510957964e-05, 3.0270395655e-05, 1.3563903849e-05, 1.8349102902e-05, 2.37042859226e-05, 7.59709109843e-07, 4.62759942366e-07, 1.06994900761e-06, 2.51655933425e-07, 5.69204701151e-08, 1.75230621124e-08, 5.7798335007e-09, 9.35177535411e-09, 4.27586011043e-09, 6.10760375608e-09, 3.23239723876e-09, 1.80350334666e-09, 7.73136166199e-10, 3.16934561928e-10, 1.29549981853e-10, 3.89866368355e-11, 4.57938851769e-12, 9.5519702174e-14, 1.27303732605e-14, 1.32946539045e-14],
        "max": [0.0237423982471, 0.159208267927, 0.0523109696805, 0.0521469786763, 0.0223993323743, 0.054995290935, 0.0284033436328, 0.00741272466257, 0.00926441792399, 0.0160585027188, 0.00608855951577, 0.00161053682677, 0.00118349387776, 0.000607320049312, 0.000551875738893, 0.000534611870535, 0.000780259084422, 0.000477924826555, 0.000398935371777, 0.000230339195696, 0.000151516505866, 9.04246116988e-05, 5.51658922632e-05, 2.24097457249e-05, 4.59993907498e-06, 1.41017358146e-06, 1.09154575512e-06],
        "mean": [0.00398272275925, 0.0120505224913, 0.00332243321463, 0.00167391786817, 0.00361664267257, 0.00405711820349, 0.00312500819564, 0.00130421668291, 0.000874888151884, 0.00116956420243, 0.000455303641502, 0.000150365303853, 0.000102795522253, 6.00566563662e-05, 6.29427595413e-05, 5.77273385716e-05, 4.36066075054e-05, 4.18667623308e-05, 3.54608055204e-05, 2.01699895115e-05, 1.0980332263e-05, 5.76277534492e-06, 3.49794754584e-06, 1.37343045026e-06, 2.93382868222e-07, 8.40735197016e-08, 2.8408234698e-07],
        "median": [0.0030101055745, 0.00451180431992, 0.000802803086117, 0.000760282506235, 0.00272478186525, 0.00156240235083, 0.00126060517505, 0.000974507362116, 0.000438072893303, 0.000236170977587, 0.000145940197399, 6.99197989888e-05, 5.18762390129e-05, 2.95713143714e-05, 3.74721748813e-05, 3.21377374348e-05, 1.78800401045e-05, 2.4236185709e-05, 1.91375111172e-05, 9.67819869402e-06, 2.53002258432e-06, 4.66198599725e-07, 1.38613245326e-07, 5.74420582211e-08, 4.00086328511e-08, 1.27690817919e-08, 2.61119424749e-07],
        "min": [5.04312702479e-24, 2.11493466695e-23, 8.54410828824e-24, 7.01730034948e-24, 3.39840583772e-23, 5.77183397277e-23, 1.37583984079e-23, 3.73742985579e-23, 1.65244113766e-23, 5.65866209404e-23, 3.09078731891e-23, 6.65243940127e-23, 7.69415042145e-23, 6.04261962927e-23, 1.33767964114e-22, 8.92900235914e-23, 1.408011324e-22, 1.74540334663e-22, 2.72409195355e-22, 2.74258840675e-22, 4.441069297e-22, 4.16335113086e-22, 5.80331873678e-22, 8.98391452499e-22, 1.41137540556e-21, 1.5321863861e-21, 2.33119307755e-21],
        "var": [1.62416545209e-05, 0.00043477822328, 4.3368745537e-05, 1.02816838989e-05, 9.86752729659e-06, 4.62423267891e-05, 2.09639420063e-05, 1.52759787397e-06, 1.43052545809e-06, 6.76816262057e-06, 6.73721672229e-07, 4.74790091687e-08, 2.42065638645e-08, 7.09632486107e-09, 6.54141807388e-09, 5.13935916047e-09, 6.84612366797e-09, 3.065584675e-09, 2.44614883904e-09, 1.03080222136e-09, 5.83929182785e-10, 2.24138749227e-10, 9.0181015433e-11, 1.41423582914e-11, 5.67285639037e-13, 4.64629758821e-14, 2.69696493193e-14]
    },
    "erbbands": {
        "dmean": [0.18882830441, 1.79079437256, 3.04087328911, 2.79839706421, 6.37032270432, 5.77481842041, 6.39620542526, 18.3317680359, 31.4040260315, 15.0500841141, 10.8371086121, 6.17767238617, 12.721909523, 3.32019782066, 7.23205423355, 3.98370289803, 2.00432252884, 1.2157305479, 1.02070105076, 1.99715828896, 1.68600416183, 0.981334507465, 0.90092176199, 0.729559123516, 0.590585410595, 0.392858654261, 0.215140715241, 0.111975893378, 0.0684475377202, 0.0679481700063, 0.0220688674599, 0.0108163524419, 0.00465078558773, 0.00120477727614, 0.00036484998418, 0.000131048233015, 4.37680791947e-05, 0.000115750663099, 6.51415984976e-06, 1.2235331269e-05],
        "dmean2": [0.316754192114, 2.69102978706, 4.208548069, 4.50537014008, 11.0587291718, 9.30949401855, 9.32413578033, 33.5585784912, 55.5875244141, 22.5187358856, 15.2705450058, 8.77385044098, 16.3135795593, 4.7644739151, 10.7347984314, 5.92949295044, 3.33117103577, 1.97155821323, 1.73315429688, 3.44543600082, 2.81726145744, 1.60564947128, 1.50092494488, 1.22593736649, 0.972808301449, 0.660918712616, 0.368181616068, 0.19092041254, 0.116881854832, 0.110586956143, 0.0341124124825, 0.0173412691802, 0.00726591097191, 0.00203230232, 0.000553955382202, 0.000213776322198, 7.32335611247e-05, 0.000192900319234, 9.96409744403e-06, 1.83302545338e-05],
        "dvar": [0.0648499503732, 11.0938005447, 35.7678031921, 33.4242858887, 158.964492798, 81.3518753052, 92.4577178955, 815.348205566, 2566.04882812, 896.09588623, 230.122192383, 93.2807617188, 795.335388184, 36.3498382568, 145.223800659, 54.1040534973, 13.3656320572, 3.25316214561, 3.22987556458, 12.6887512207, 8.7152557373, 4.29859256744, 2.53228664398, 1.44182860851, 1.2159165144, 0.651216328144, 0.376425415277, 0.0994782224298, 0.0470614992082, 0.0548595823348, 0.00549137126654, 0.00128098228015, 0.000238248365349, 1.36792332341e-05, 1.16658964089e-06, 1.33547317205e-07, 1.02088435483e-08, 1.21459695634e-08, 5.11010400661e-11, 2.9017965808e-10],
        "dvar2": [0.17187513411, 21.2980251312, 61.3148498535, 85.9989395142, 470.436889648, 209.105148315, 167.427398682, 2214.15795898, 7610.62060547, 2094.34838867, 462.158355713, 210.76600647, 1410.77404785, 75.7348709106, 294.04598999, 132.442245483, 38.2028694153, 8.29286384583, 9.42068481445, 38.5393333435, 22.3436050415, 10.6476154327, 6.65388727188, 3.89975547791, 3.2440764904, 1.82053411007, 1.08236527443, 0.291996091604, 0.135870695114, 0.152997910976, 0.0132810501382, 0.00360464141704, 0.000594963727053, 3.74171067961e-05, 2.79076675724e-06, 3.5043541402e-07, 2.91378743356e-08, 3.25279927438e-08, 1.02891646592e-10, 5.17938636424e-10],
        "max": [2.73898720741, 44.7915840149, 81.9062805176, 79.0399627686, 188.816543579, 87.3129730225, 186.237136841, 450.33215332, 534.040161133, 492.896697998, 236.592636108, 147.220947266, 635.211730957, 111.420166016, 232.417327881, 81.5772628784, 42.9167976379, 40.0483894348, 25.4196243286, 38.0093002319, 49.9797515869, 30.3049697876, 25.4596881866, 16.9716053009, 17.8870563507, 11.6441764832, 8.04042339325, 4.63451719284, 3.39054226875, 3.63786196709, 1.09605121613, 0.623872876167, 0.335739701986, 0.069928213954, 0.0274544078857, 0.00866804085672, 0.00198645633645, 0.00171863264404, 0.000118339477922, 0.000259305117652],
        "mean": [0.313012361526, 2.6999335289, 5.18675374985, 4.3286614418, 8.23990631104, 12.0446414948, 17.0562934875, 38.1114273071, 59.2686805725, 30.7480316162, 27.2558078766, 18.4139347076, 46.9442749023, 10.5992593765, 18.2155761719, 7.80636739731, 5.0144610405, 3.4351811409, 2.38967704773, 3.80607438087, 3.54236888885, 2.56835460663, 2.37687087059, 1.93962287903, 1.50200283527, 0.965912222862, 0.594579219818, 0.328466653824, 0.236597776413, 0.180296137929, 0.0727553963661, 0.0387126356363, 0.0184158496559, 0.0050537539646, 0.00164121354464, 0.00059104221873, 0.000185198485269, 0.000452910520835, 2.92754357361e-05, 4.01229444833e-05],
        "median": [0.195860937238, 0.69846701622, 1.15332055092, 2.17389941216, 4.88925170898, 7.80133390427, 9.6326417923, 15.6136407852, 21.6892852783, 16.0433883667, 18.043926239, 9.46405601501, 10.7804756165, 4.09137105942, 5.62003517151, 3.56960296631, 2.51342320442, 1.90248203278, 1.32433450222, 2.18209791183, 1.94256925583, 1.22755503654, 1.33612132072, 1.08514404297, 0.81404709816, 0.406673848629, 0.191512271762, 0.060361739248, 0.0197441838682, 0.0080568883568, 0.00390722416341, 0.00160987814888, 0.000876420759596, 0.000490319915116, 0.000288670271402, 0.000122079480207, 8.24496601126e-05, 0.000417128147092, 2.56269449892e-05, 2.97383994621e-05],
        "min": [9.21024212657e-22, 4.43408996058e-21, 1.21144235779e-20, 2.04869324807e-20, 6.9586846912e-20, 8.0882379455e-20, 1.89649069058e-19, 4.55758784832e-19, 1.50193393944e-19, 1.01098303979e-18, 6.61822555213e-19, 3.50784524467e-19, 1.00134493809e-18, 1.72585082653e-18, 1.72985996417e-18, 2.84113875663e-18, 2.96504751726e-18, 4.24667867681e-18, 5.51377751376e-18, 5.28070490052e-18, 5.34842824522e-18, 7.54802557109e-18, 1.01881470312e-17, 1.33137060512e-17, 1.43906331702e-17, 1.46283516433e-17, 1.86541685471e-17, 1.44441898061e-17, 1.34498699061e-17, 1.67710372887e-17, 1.60320208945e-17, 1.53441639669e-17, 1.90831344866e-17, 1.57625453033e-17, 9.26936940066e-18, 5.03408430961e-18, 3.02686169046e-18, 1.34521746381e-18, 3.20275027399e-19, 3.32717600957e-20],
        "var": [0.133947744966, 29.9223937988, 115.860618591, 48.6951293945, 138.92755127, 167.512680054, 452.487670898, 3277.07983398, 7062.60986328, 2167.56030273, 988.444091797, 579.985595703, 10491.875, 309.669342041, 1109.99804688, 135.279083252, 52.7060890198, 22.5859451294, 10.3712711334, 26.5810165405, 24.3714771271, 18.1017494202, 10.2346515656, 6.18721961975, 4.46246051788, 2.56106162071, 1.40005254745, 0.576752543449, 0.361569404602, 0.248573467135, 0.0375928357244, 0.0109730958939, 0.00261439522728, 0.000178763701115, 1.64689645317e-05, 1.99108308152e-06, 1.10568208811e-07, 7.03040967664e-08, 3.04527653094e-10, 1.37054856353e-09]
    },
    "gfcc": {
        "mean": [-105.564178467, 186.293060303, -108.441764832, 8.60143566132, -32.767124176, -27.1310329437, -10.8994817734, -0.00351945310831, -10.2198228836, -2.12539672852, -3.26397132874, -0.258026391268, -4.30439949036],
        "cov": [[15668.5517578, 2056.37963867, -1593.28735352, 262.224212646, -814.013061523, -245.655288696, -216.572250366, -115.380523682, 17.1407470703, -172.974731445, 9.37197875977, -22.986541748, 121.179962158], [2056.37963867, 1181.64147949, 77.1374893188, -8.60173130035, 445.367950439, -184.275756836, 223.045532227, 35.485534668, 41.7513885498, 27.6339855194, 62.1452865601, -90.5924453735, -39.2498970032], [-1593.28735352, 77.1374893188, 530.133728027, 169.16809082, 357.347839355, 36.1922988892, 157.006698608, 75.3849182129, 69.4705581665, 22.8532791138, 13.7292251587, -35.3309173584, -16.5388908386], [262.224212646, -8.60173130035, 169.16809082, 419.918670654, 139.014373779, 85.8753356934, 76.0794906616, 91.5073852539, 98.7523498535, 25.2262897491, 5.59786891937, -14.2849674225, 37.5304412842], [-814.013061523, 445.367950439, 357.347839355, 139.014373779, 570.071228027, -34.8708496094, 236.903137207, 81.7574768066, 61.6873321533, 64.6468887329, 43.0025939941, -74.9685974121, -46.1550102234], [-245.655288696, -184.275756836, 36.1922988892, 85.8753356934, -34.8708496094, 122.129837036, 3.54490756989, 19.3092823029, 7.47095060349, -14.1652116776, -4.95115232468, 8.35511875153, 21.3583869934], [-216.572250366, 223.045532227, 157.006698608, 76.0794906616, 236.903137207, 3.54490756989, 150.782272339, 57.6234512329, 40.2322540283, 26.1690692902, 20.9404201508, -31.3649158478, -16.4775447845], [-115.380523682, 35.485534668, 75.3849182129, 91.5073852539, 81.7574768066, 19.3092823029, 57.6234512329, 81.9555740356, 52.1048927307, 23.9420185089, 7.56429100037, -9.40325164795, 4.84606552124], [17.1407470703, 41.7513885498, 69.4705581665, 98.7523498535, 61.6873321533, 7.47095060349, 40.2322540283, 52.1048927307, 77.6842346191, 24.4144592285, 7.79782009125, -4.28309297562, 11.4115104675], [-172.974731445, 27.6339855194, 22.8532791138, 25.2262897491, 64.6468887329, -14.1652116776, 26.1690692902, 23.9420185089, 24.4144592285, 56.1369628906, 29.3203086853, -7.1033949852, -14.3168010712], [9.37197875977, 62.1452865601, 13.7292251587, 5.59786891937, 43.0025939941, -4.95115232468, 20.9404201508, 7.56429100037, 7.79782009125, 29.3203086853, 51.304485321, 6.87145900726, -4.02402496338], [-22.986541748, -90.5924453735, -35.3309173584, -14.2849674225, -74.9685974121, 8.35511875153, -31.3649158478, -9.40325164795, -4.28309297562, -7.1033949852, 6.87145900726, 47.4780654907, 27.5274600983], [121.179962158, -39.2498970032, -16.5388908386, 37.5304412842, -46.1550102234, 21.3583869934, -16.4775447845, 4.84606552124, 11.4115104675, -14.3168010712, -4.02402496338, 27.5274600983, 59.269405365]],
        "icov": [[0.000413935282268, -0.00132946670055, 0.000991182518192, -0.00107607559767, 0.0010477231117, -0.00044470524881, 0.000345052103512, 0.000204226496862, -0.000326245790347, 0.000708461622708, 1.5381267076e-05, -0.000204698400921, 0.000616691075265], [-0.00132946670055, 0.00712232152, -0.00188596872613, 0.00340020353906, -0.00459747901186, 0.00553064607084, -0.00424041645601, -0.000102614889329, -0.000263126858044, 0.00234778481536, -0.00435076933354, 0.00470039062202, -0.00384897692129], [0.000991182518192, -0.00188596872613, 0.00694480910897, -0.00284192222171, -0.000968909298535, -0.00079301110236, -9.35481220949e-05, 0.000564321409911, -0.00331127410755, 0.00571693805978, -0.00126048468519, -0.000659743149299, 0.00216043111868], [-0.00107607559767, 0.00340020353906, -0.00284192222171, 0.00743651669472, -0.00367701263167, -0.00171965023037, 0.000281330489088, -0.00178574270103, -0.00293704215437, -0.00239085406065, 0.00030853820499, 0.00208776188083, -0.00403037946671], [0.0010477231117, -0.00459747901186, -0.000968909298535, -0.00367701263167, 0.0117608942091, 0.000405601545935, -0.00721308961511, 0.00165866303723, 0.00216630427167, -0.0037760194391, 0.000445207959274, 0.00290034641512, 0.00109671859536], [-0.00044470524881, 0.00553064607084, -0.00079301110236, -0.00171965023037, 0.000405601545935, 0.018642840907, -0.00762272486463, -0.00202564126812, 0.00254188291728, 0.00809668656439, -0.00764600140974, 0.00662632659078, -0.00504677277058], [0.000345052103512, -0.00424041645601, -9.35481220949e-05, 0.000281330489088, -0.00721308961511, -0.00762272486463, 0.0279998946935, -0.00867755990475, -0.00148630875628, 0.000957972020842, 0.000733047199901, -0.00370769947767, 0.0041951648891], [0.000204226496862, -0.000102614889329, 0.000564321409911, -0.00178574270103, 0.00165866303723, -0.00202564126812, -0.00867755990475, 0.0281125493348, -0.012043566443, -0.00543261645362, 0.00265475618653, 0.000983719830401, -0.00115678284783], [-0.000326245790347, -0.000263126858044, -0.00331127410755, -0.00293704215437, 0.00216630427167, 0.00254188291728, -0.00148630875628, -0.012043566443, 0.0303532779217, -0.0107215167955, 0.00363835017197, -0.000895026198123, -0.00500016892329], [0.000708461622708, 0.00234778481536, 0.00571693805978, -0.00239085406065, -0.0037760194391, 0.00809668656439, 0.000957972020842, -0.00543261645362, -0.0107215167955, 0.0459623076022, -0.0248221233487, 0.00614835554734, 0.00669361371547], [1.5381267076e-05, -0.00435076933354, -0.00126048468519, 0.00030853820499, 0.000445207959274, -0.00764600140974, 0.000733047199901, 0.00265475618653, 0.00363835017197, -0.0248221233487, 0.0394963845611, -0.0172976758331, 0.00364798377268], [-0.000204698400921, 0.00470039062202, -0.000659743149299, 0.00208776188083, 0.00290034641512, 0.00662632659078, -0.00370769947767, 0.000983719830401, -0.000895026198123, 0.00614835554734, -0.0172976758331, 0.0463050231338, -0.0202384591103], [0.000616691075265, -0.00384897692129, 0.00216043111868, -0.00403037946671, 0.00109671859536, -0.00504677277058, 0.0041951648891, -0.00115678284783, -0.00500016892329, 0.00669361371547, 0.00364798377268, -0.0202384591103, 0.0323778502643]]
    },
    "melbands": {
        "dmean": [0.00177994417027, 0.00195937394165, 0.000579890038352, 0.000383237027563, 0.000236591135035, 0.000438366172602, 0.00041876808973, 0.000156889116624, 9.09545778995e-05, 3.65702944691e-05, 6.46382395644e-05, 1.35141890496e-05, 2.61535406025e-05, 1.27726798382e-05, 6.08078471487e-06, 3.87006139135e-06, 2.52415793511e-06, 1.90052855942e-06, 2.45832916335e-06, 2.07558196053e-06, 2.20752781388e-06, 1.16100102332e-06, 1.15625118724e-06, 1.04870287032e-06, 6.54311747894e-07, 5.61218371331e-07, 3.64039152601e-07, 2.80497744143e-07, 1.64704331951e-07, 7.78653514999e-08, 8.88193198989e-08, 5.14218463366e-08, 5.30843315971e-08, 3.71682524758e-08, 1.5094558492e-08, 8.89766305079e-09, 6.65650912168e-09, 3.82684683942e-09, 2.36093344874e-09, 1.09462172659e-09],
        "dmean2": [0.00282934284769, 0.00273811514489, 0.00094937736867, 0.000650718924589, 0.000350019428879, 0.000798303517513, 0.000740755815059, 0.000227234660997, 0.000129155785544, 5.14510684297e-05, 8.25948809506e-05, 1.90388182091e-05, 3.88931948692e-05, 1.85293592949e-05, 9.48541310208e-06, 6.37011089566e-06, 4.223785254e-06, 3.29512772623e-06, 4.2836850298e-06, 3.56773853127e-06, 3.66458993994e-06, 1.90562536773e-06, 2.03134277399e-06, 1.74039007561e-06, 1.09579821128e-06, 9.26241398247e-07, 5.97885730258e-07, 4.81334950564e-07, 2.81909251498e-07, 1.26728920691e-07, 1.52692791744e-07, 8.25750063882e-08, 9.5743544648e-08, 5.94779088203e-08, 2.3179399733e-08, 1.52828381061e-08, 1.12041487199e-08, 6.27113516671e-09, 3.55891960346e-09, 1.97339722341e-09],
        "dvar": [7.47414560465e-06, 1.40765469041e-05, 1.63033075751e-06, 3.46085386127e-07, 1.06443977188e-07, 4.25248629199e-07, 4.26816427535e-07, 7.46734656332e-08, 2.07862509427e-08, 2.98873858995e-09, 2.05855421598e-08, 5.9302929234e-10, 2.4434569923e-09, 3.62698593381e-10, 1.10179081136e-10, 4.18626834586e-11, 1.48975727587e-11, 1.35026876832e-11, 1.36860288727e-11, 9.5457548116e-12, 2.06805631647e-11, 7.66646381795e-12, 4.69804273609e-12, 4.91721290422e-12, 1.1679733786e-12, 1.13800516319e-12, 3.98721068098e-13, 3.35947280194e-13, 1.82117870589e-13, 4.70034980989e-14, 7.30435541696e-14, 2.52877891695e-14, 3.32155804868e-14, 1.92908314783e-14, 2.41154494072e-15, 1.00652469842e-15, 5.65033391559e-16, 1.62867098051e-16, 6.18656453411e-17, 1.26122817071e-17],
        "dvar2": [1.7055639546e-05, 2.38242173509e-05, 4.44699344371e-06, 9.60226202551e-07, 2.16433946321e-07, 1.1065325225e-06, 1.25031931475e-06, 1.72223238337e-07, 4.05335072173e-08, 6.91784185491e-09, 3.66195571644e-08, 1.23336385549e-09, 4.99880670191e-09, 9.09034014729e-10, 2.97167151997e-10, 1.15217446695e-10, 3.95801412478e-11, 3.88226291392e-11, 4.09132068502e-11, 2.88624592976e-11, 4.9890227366e-11, 1.78038001009e-11, 1.33504162586e-11, 1.32276490108e-11, 3.18324316559e-12, 3.02753200114e-12, 1.0720609513e-12, 9.75556874866e-13, 5.16818196312e-13, 1.26731660105e-13, 2.18441137032e-13, 6.91419171266e-14, 9.8934932241e-14, 5.04310745182e-14, 5.70284794662e-15, 2.64551047559e-15, 1.67000962941e-15, 4.31549151764e-16, 1.28960025066e-16, 3.80956112052e-17],
        "max": [0.0314410105348, 0.0539300888777, 0.0197475682944, 0.00708719901741, 0.00557437539101, 0.010553849861, 0.00690639624372, 0.00453222356737, 0.00233338098042, 0.000852995959576, 0.00315511156805, 0.000449365819804, 0.000852517201565, 0.000262066343566, 0.000149056431837, 0.000101094505226, 7.01835888322e-05, 4.85126838612e-05, 3.60221711162e-05, 3.73277543986e-05, 7.77662571636e-05, 3.92186266254e-05, 2.72158413281e-05, 2.90494335786e-05, 1.58196144184e-05, 1.50427449626e-05, 8.3102067947e-06, 6.95237940818e-06, 5.55274664293e-06, 3.6730912143e-06, 3.39075972988e-06, 2.2994865958e-06, 2.05384822038e-06, 2.08282949643e-06, 6.37020150407e-07, 5.62806690141e-07, 3.89901856579e-07, 2.47113206342e-07, 1.19038276125e-07, 6.64893917701e-08],
        "mean": [0.00335889868438, 0.00327007472515, 0.000915289740078, 0.000683581689373, 0.000638204277493, 0.000917381141335, 0.000815515057184, 0.000306711706799, 0.000219775902224, 0.000113315414637, 0.000232819395023, 3.6892182834e-05, 6.09601302131e-05, 2.66778697551e-05, 1.48554518091e-05, 8.85830831976e-06, 6.32116552879e-06, 3.81210293199e-06, 4.70436316391e-06, 4.19133266405e-06, 4.17255114371e-06, 2.55370900959e-06, 2.37670542447e-06, 2.19182561523e-06, 1.46379818489e-06, 1.2634476434e-06, 8.10735230061e-07, 6.05264176556e-07, 4.32115626836e-07, 1.97250159317e-07, 2.04563193051e-07, 1.3861247794e-07, 1.07743048261e-07, 9.83899610674e-08, 3.96176638162e-08, 3.25228128872e-08, 1.9388352257e-08, 1.45690117748e-08, 6.97294710861e-09, 3.28382676607e-09],
        "median": [0.00188599759713, 0.000787767989095, 0.000485266500618, 0.000435368332546, 0.000375411065761, 0.000399648037273, 0.00031640715315, 0.000177654263098, 0.000123040445033, 5.79376574024e-05, 5.27866504854e-05, 1.44593468576e-05, 1.91800663742e-05, 1.23692134366e-05, 6.14815780864e-06, 4.6709765229e-06, 3.17495096169e-06, 1.73900639311e-06, 3.02820990328e-06, 2.37687027038e-06, 1.97332087737e-06, 1.05311198695e-06, 1.22609026221e-06, 1.02767262433e-06, 8.19180229428e-07, 6.71876136948e-07, 4.25062552267e-07, 2.38645782247e-07, 1.2782824399e-07, 5.40370734825e-08, 2.27178134082e-08, 1.1603307648e-08, 6.26065066456e-09, 3.34657723755e-09, 2.39921083001e-09, 1.37864675231e-09, 7.67198804486e-10, 5.91125204341e-10, 4.75976591474e-10, 3.49310330661e-10],
        "min": [8.68892895094e-24, 9.24056912677e-24, 4.64665736674e-24, 5.25245757688e-24, 7.0762826905e-24, 1.14635026382e-23, 2.11686130194e-24, 1.10686083354e-23, 4.93380983599e-24, 2.04065990229e-24, 4.92413406255e-24, 7.76109678663e-24, 4.74198410739e-24, 7.23020207489e-24, 5.46431603373e-24, 8.84191826832e-24, 6.98569542617e-24, 7.29252760842e-24, 8.76256359442e-24, 6.86046454633e-24, 6.01436586598e-24, 6.90780251153e-24, 8.50982912646e-24, 7.57753122057e-24, 1.15985603583e-23, 1.03486962398e-23, 1.11507634655e-23, 8.2873924393e-24, 1.03666672801e-23, 8.00632524307e-24, 7.6651784003e-24, 8.7033106741e-24, 6.23350314241e-24, 9.77878920088e-24, 8.67475943136e-24, 9.06686747747e-24, 7.63076907648e-24, 1.13248997771e-23, 1.30488748217e-23, 1.17541402949e-23],
