{
"metadata": {
    "version": {
        "essentia": "2.0.1",
        "extractor": "archive-music 1.0"
    },
    "audio_properties": {
        "analysis_sample_rate": 44100,
        "bitrate": 128,
        "channels": 2,
        "equal_loudness": 0,
        "length": 15.0465307236,
        "replay_gain": -1.37007713318,
        "downmix": "mix"
    },
    "tags": {
        "track": 0,
        "year": 0,
        "album": "",
        "artist": "",
        "comment": "",
        "genre": "",
        "title": ""
    }
},
"highlevel": {
    "culture": {
        "all": {
            "non_western": 0.00813879352063,
            "western": 0.991861224174
        },
        "probability": 0.991861224174,
        "value": "western"
    },
    "danceability": {
        "all": {
            "danceable": 0.568135261536,
            "not_danceable": 0.431864738464
        },
        "probability": 0.568135261536,
        "value": "danceable"
    },
    "gender": {
        "all": {
            "female": 0.691189050674,
            "male": 0.308810949326
        },
        "probability": 0.691189050674,
        "value": "female"
    },
    "genre_dortmund": {
        "all": {
            "alternative": 0.0321327112615,
            "blues": 0.0167839191854,
            "electronic": 0.151768147945,
            "folkcountry": 0.0276680141687,
            "funksoulrnb": 0.0398823171854,
            "jazz": 0.696436703205,
            "pop": 0.0110777942464,
            "raphiphop": 0.00308468262665,
            "rock": 0.0211656931788
        },
        "probability": 0.696436703205,
        "value": "jazz"
    },
    "genre_electronic": {
        "all": {
            "ambient": 0.943409919739,
            "dnb": 0.0169047154486,
            "house": 0.0236535407603,
            "techno": 0.00712699955329,
            "trance": 0.00890484452248
        },
        "probability": 0.943409919739,
        "value": "ambient"
    },
    "genre_rosamerica": {
        "all": {
            "cla": 0.825156748295,
            "dan": 0.00181172031444,
            "hip": 0.00404609227553,
            "jaz": 0.104972533882,
            "pop": 0.0270406175405,
            "rhy": 0.0244542174041,
            "roc": 0.00535093992949,
            "spe": 0.00716715864837
        },
        "probability": 0.825156748295,
        "value": "cla"
    },
    "genre_tzanetakis": {
        "all": {
            "blu": 0.00478099985048,
            "cla": 0.926898479462,
            "cou": 0.00158815388568,
            "dis": 0.0159851144999,
            "hip": 0.00925214122981,
            "jaz": 0.0275001823902,
            "met": 0.000540351611562,
            "pop": 0.00523331202567,
            "reg": 0.00606366526335,
            "roc": 0.00215757335536
        },
        "probability": 0.926898479462,
        "value": "cla"
    },
    "mirex_ballroom": {
        "all": {
            "ChaChaCha": 0.00497604859993,
            "Jive": 0.00249214400537,
            "Quickstep": 0.011430257,
            "Rumba-American": 0.0164714045823,
            "Rumba-International": 0.00662411563098,
            "Rumba-Misc": 0.0177313312888,
            "Samba": 0.00285447761416,
            "Tango": 0.0817243084311,
            "VienneseWaltz": 0.117224827409,
            "Waltz": 0.738471090794
        },
        "probability": 0.738471090794,
        "value": "Waltz"
    },
    "mood_acoustic": {
        "all": {
            "acoustic": 0.780305624008,
            "not_acoustic": 0.219694390893
        },
        "probability": 0.780305624008,
        "value": "acoustic"
    },
    "mood_aggressive": {
        "all": {
            "aggressive": 0.0624555908144,
            "not_aggressive": 0.93754440546
        },
        "probability": 0.93754440546,
        "value": "not_aggressive"
    },
    "mood_electronic": {
        "all": {
            "electronic": 0.193779960275,
            "not_electronic": 0.806220054626
        },
        "probability": 0.806220054626,
        "value": "not_electronic"
    },
    "mood_happy": {
        "all": {
            "happy": 0.601030051708,
            "not_happy": 0.398969948292
        },
        "probability": 0.601030051708,
        "value": "happy"
    },
    "mood_party": {
        "all": {
            "not_party": 0.993675589561,
            "party": 0.00632443232462
        },
        "probability": 0.993675589561,
        "value": "not_party"
    },
    "mood_relaxed": {
        "all": {
            "not_relaxed": 0.0620826967061,
            "relaxed": 0.937917292118
        },
        "probability": 0.937917292118,
        "value": "relaxed"
    },
    "mood_sad": {
        "all": {
            "not_sad": 0.17856362462,
            "sad": 0.821436345577
        },
        "probability": 0.821436345577,
        "value": "sad"
    },
    "moods_mirex": {
        "all": {
            "Cluster1": 0.227311179042,
            "Cluster2": 0.438647150993,
            "Cluster3": 0.118001155555,
            "Cluster4": 0.192843660712,
            "Cluster5": 0.0231968574226
        },
        "probability": 0.438647150993,
        "value": "Cluster2"
    },
    "timbre": {
        "all": {
            "bright": 0.25380602479,
            "dark": 0.746194005013
        },
        "probability": 0.746194005013,
        "value": "dark"
    },
    "tonal_atonal": {
        "all": {
            "atonal": 0.7918009758,
            "tonal": 0.208199009299
        },
        "probability": 0.7918009758,
        "value": "atonal"
    },
    "voice_instrumental": {
        "all": {
            "instrumental": 0.995491921902,
            "voice": 0.00450810277835
        },
        "probability": 0.995491921902,
        "value": "instrumental"
    }
},
"lowlevel": {
    "average_loudness": 0.817103922367,
    "barkbands_kurtosis": {
        "dmean": 2.84851312637,
        "dmean2": 4.78181266785,
        "dvar": 17.2182235718,
        "dvar2": 48.2360458374,
        "max": 31.4773635864,
        "mean": 3.25148844719,
        "median": 1.95173168182,
        "min": -1.66455292702,
        "var": 21.9717311859
    },
    "barkbands_skewness": {
        "dmean": 0.58868855238,
        "dmean2": 0.927977740765,
        "dvar": 0.393733650446,
        "dvar2": 1.10366594791,
        "max": 5.52931261063,
        "mean": 0.288095802069,
        "median": 0.223138526082,
        "min": -3.79164791107,
        "var": 1.87441766262
    },
    "barkbands_spread": {
        "dmean": 2.45402908325,
        "dmean2": 4.04346084595,
        "dvar": 10.6602230072,
        "dvar2": 25.3061122894,
        "max": 60.1592674255,
        "mean": 8.07327747345,
        "median": 6.85633897781,
        "min": 0.594905912876,
        "var": 33.4649925232
    },
    "dissonance": {
        "dmean": 0.046605002135,
        "dmean2": 0.0798859596252,
        "dvar": 0.00175543851219,
        "dvar2": 0.00468462239951,
        "max": 0.499971210957,
        "mean": 0.411536842585,
        "median": 0.425935387611,
        "min": 0.183639481664,
        "var": 0.00389399332926
    },
    "dynamic_complexity": 5.15140151978,
    "erbbands_kurtosis": {
        "dmean": 2.8771443367,
        "dmean2": 4.78167581558,
        "dvar": 13.4769630432,
        "dvar2": 37.2056541443,
        "max": 26.8337116241,
        "mean": 3.48327875137,
        "median": 1.91653585434,
        "min": -1.30793774128,
        "var": 21.436914444
    },
    "erbbands_skewness": {
        "dmean": 0.607798099518,
        "dmean2": 0.967869579792,
        "dvar": 0.3203137815,
        "dvar2": 0.895567715168,
        "max": 4.56500101089,
        "mean": 0.683525025845,
        "median": 0.596533060074,
        "min": -3.36585450172,
        "var": 1.42877519131
    },
    "erbbands_spread": {
        "dmean": 3.12695479393,
        "dmean2": 5.02195167542,
        "dvar": 16.0625610352,
        "dvar2": 40.3364372253,
        "max": 57.9612617493,
        "mean": 9.54887580872,
        "median": 7.85689353943,
        "min": 0.933496117592,
        "var": 44.435344696
    },
    "hfc": {
        "dmean": 5.67364597321,
        "dmean2": 9.16984176636,
        "dvar": 120.163619995,
        "dvar2": 329.569946289,
        "max": 168.408721924,
        "mean": 15.859161377,
        "median": 9.50835132599,
        "min": 1.13408208986e-16,
        "var": 326.705688477
    },
    "melbands_kurtosis": {
        "dmean": 4.08359718323,
        "dmean2": 6.85419797897,
        "dvar": 68.5333023071,
        "dvar2": 206.938568115,
        "max": 79.6823348999,
        "mean": 4.5738492012,
        "median": 1.65074539185,
        "min": -1.5694924593,
        "var": 89.6159667969
    },
    "melbands_skewness": {
        "dmean": 0.641798019409,
        "dmean2": 1.03149163723,
        "dvar": 0.564691305161,
        "dvar2": 1.64737248421,
        "max": 8.13534450531,
        "mean": 0.635634720325,
        "median": 0.356546282768,
        "min": -2.87069630623,
        "var": 2.55381369591
    },
    "melbands_spread": {
        "dmean": 4.20648288727,
        "dmean2": 6.64851999283,
        "dvar": 39.9749183655,
        "dvar2": 55.8369865417,
        "max": 149.18321228,
        "mean": 14.3709402084,
        "median": 11.8891372681,
        "min": 0.862115502357,
        "var": 166.648345947
    },
    "pitch_salience": {
        "dmean": 0.0712426677346,
        "dmean2": 0.115169331431,
        "dvar": 0.00332608446479,
        "dvar2": 0.0097448527813,
        "max": 0.933088958263,
        "mean": 0.458870202303,
        "median": 0.451867938042,
        "min": 0.102816849947,
        "var": 0.0158440321684
    },
    "silence_rate_20dB": {
        "dmean": 0,
        "dmean2": 0,
        "dvar": 0,
        "dvar2": 0,
        "max": 1,
        "mean": 1,
        "median": 1,
        "min": 1,
        "var": 0
    },
    "silence_rate_30dB": {
        "dmean": 0.00308641977608,
        "dmean2": 0.00618238002062,
        "dvar": 0.00307689397596,
        "dvar2": 0.00923534482718,
        "max": 1,
        "mean": 0.998459160328,
        "median": 1,
        "min": 0,
        "var": 0.00153845828027
    },
    "silence_rate_60dB": {
        "dmean": 0.00925925932825,
        "dmean2": 0.0185471400619,
        "dvar": 0.00917361397296,
        "dvar2": 0.0212945062667,
        "max": 1,
        "mean": 0.109399072826,
        "median": 0,
        "min": 0,
        "var": 0.0974296927452
    },
    "spectral_centroid": {
        "dmean": 135.721054077,
        "dmean2": 216.638763428,
        "dvar": 111719.960938,
        "dvar2": 232079.578125,
        "max": 11006.4677734,
        "mean": 1024.79650879,
        "median": 953.171325684,
        "min": 339.364440918,
        "var": 474704.125
    },
    "spectral_complexity": {
        "dmean": 1.53395056725,
        "dmean2": 2.68006181717,
        "dvar": 1.75502467155,
        "dvar2": 4.91925430298,
        "max": 20,
        "mean": 9.94607067108,
        "median": 10,
        "min": 0,
        "var": 18.7567443848
    },
    "spectral_crest": {
        "dmean": 3.12375736237,
        "dmean2": 5.16503477097,
        "dvar": 7.1376748085,
        "dvar2": 19.9404716492,
        "max": 25.6307849884,
        "mean": 13.6143283844,
        "median": 12.9856424332,
        "min": 4.38319969177,
        "var": 22.8081436157
    },
    "spectral_decrease": {
        "dmean": 1.69644898129e-09,
        "dmean2": 2.73528266703e-09,
        "dvar": 6.02528242992e-18,
        "dvar2": 1.64162893025e-17,
        "max": 6.90237764258e-29,
        "mean": -4.96275642803e-09,
        "median": -3.6221865507e-09,
        "min": -3.43256978397e-08,
        "var": 2.3350239975e-17
    },
    "spectral_energy": {
        "dmean": 0.00690066814423,
        "dmean2": 0.0111226383597,
        "dvar": 0.000103685364593,
        "dvar2": 0.000282858643914,
        "max": 0.144827976823,
        "mean": 0.0201690327376,
        "median": 0.0143876522779,
        "min": 1.0389403034e-20,
        "var": 0.000390021246858
    },
    "spectral_energyband_high": {
        "dmean": 4.85661712446e-06,
        "dmean2": 8.38079085952e-06,
        "dvar": 8.6686068046e-11,
        "dvar2": 2.49533366192e-10,
        "max": 0.00014794265735,
        "mean": 1.84187247214e-05,
        "median": 2.89182844426e-06,
        "min": 7.3075130563e-21,
        "var": 8.65835125818e-10
    },
    "spectral_energyband_low": {
        "dmean": 0.00125814508647,
        "dmean2": 0.00216775224544,
        "dvar": 1.09004404294e-05,
        "dvar2": 3.23688145727e-05,
        "max": 0.0369521975517,
        "mean": 0.00226350617595,
        "median": 0.000470534141641,
        "min": 3.26068366098e-23,
        "var": 2.04418302019e-05
    },
    "spectral_energyband_middle_high": {
        "dmean": 0.00431311503053,
        "dmean2": 0.0071559632197,
        "dvar": 8.71681113495e-05,
        "dvar2": 0.000239699918893,
        "max": 0.136497348547,
        "mean": 0.00881189014763,
        "median": 0.00453738309443,
        "min": 1.4937902413e-21,
        "var": 0.000164395489264
    },
    "spectral_energyband_middle_low": {
        "dmean": 0.00334726623259,
        "dmean2": 0.00468141492456,
        "dvar": 2.33637674683e-05,
        "dvar2": 4.99675479659e-05,
        "max": 0.0983689576387,
        "mean": 0.00995874777436,
        "median": 0.00618598191068,
        "min": 1.95249410173e-22,
        "var": 0.000179085036507
    },
    "spectral_flatness_db": {
        "dmean": 0.0251780990511,
        "dmean2": 0.0419160723686,
        "dvar": 0.000510328740347,
        "dvar2": 0.00136961298995,
        "max": 0.450768351555,
        "mean": 0.290096789598,
        "median": 0.296963691711,
        "min": 0.0588131695986,
        "var": 0.0037633641623
    },
    "spectral_flux": {
        "dmean": 0.0175692532212,
        "dmean2": 0.0304455757141,
        "dvar": 0.000341191596817,
        "dvar2": 0.000953460927121,
        "max": 0.223083674908,
        "mean": 0.0584276914597,
        "median": 0.0529437065125,
        "min": 6.66228114343e-11,
        "var": 0.00116242468357
    },
    "spectral_kurtosis": {
        "dmean": 14.9325904846,
        "dmean2": 25.4893417358,
        "dvar": 243.927322388,
        "dvar2": 690.48059082,
        "max": 171.468475342,
        "mean": 41.5612373352,
        "median": 36.016368866,
        "min": -1.22119677067,
        "var": 1314.13903809
    },
    "spectral_rms": {
        "dmean": 0.000682365556713,
        "dmean2": 0.00108186143916,
        "dvar": 5.13453926487e-07,
        "dvar2": 1.39481016959e-06,
        "max": 0.0118867820129,
        "mean": 0.00393023015931,
        "median": 0.00374656287022,
        "min": 3.18370893884e-12,
        "var": 4.23040000896e-06
    },
    "spectral_rolloff": {
        "dmean": 245.903289795,
        "dmean2": 422.376403809,
        "dvar": 664184.5625,
        "dvar2": 1130046.875,
        "max": 19422.9492188,
        "mean": 1334.8260498,
        "median": 1162.79296875,
        "min": 107.666015625,
        "var": 3564828.5
    },
    "spectral_skewness": {
        "dmean": 0.85416829586,
        "dmean2": 1.46450769901,
        "dvar": 0.654086410999,
        "dvar2": 1.84389209747,
        "max": 10.6353664398,
        "mean": 4.00479459763,
        "median": 3.99421143532,
        "min": -0.00523582659662,
        "var": 5.3091583252
    },
    "spectral_spread": {
        "dmean": 277131.9375,
        "dmean2": 467548.53125,
        "dvar": 1.4897774592e+12,
        "dvar2": 2.75348140851e+12,
        "max": 41418504,
        "mean": 1819221.75,
        "median": 1251952.25,
        "min": 544105.5,
        "var": 6.13776621568e+12
    },
    "spectral_strongpeak": {
        "dmean": 0.840438961983,
        "dmean2": 1.37449026108,
        "dvar": 1.12792301178,
        "dvar2": 2.79108047485,
        "max": 12.3765439987,
        "mean": 2.13171386719,
        "median": 1.70693707466,
        "min": 0,
        "var": 3.48434567451
    },
    "zerocrossingrate": {
        "dmean": 0.00506139686331,
        "dmean2": 0.00641104998067,
        "dvar": 0.000254920014413,
        "dvar2": 0.000226492877118,
        "max": 0.51171875,
        "mean": 0.0471857227385,
        "median": 0.0419921875,
        "min": 0.00927734375,
        "var": 0.00251269107684
    },
    "barkbands": {
        "dmean": [2.01916718652e-05, 0.00105710106436, 0.000381688878406, 0.000206866432563, 0.000364006933523, 9.04466141947e-05, 9.99010298983e-05, 0.00173697946593, 0.00122115819249, 0.00199907948263, 0.000148039194755, 0.0029020269867, 8.12294747448e-05, 0.000145639816765, 0.000271984114079, 1.01165651358e-05, 1.7482387193e-05, 2.40547979047e-05, 2.90959396807e-05, 4.83115718453e-06, 3.04198078993e-06, 6.64859783228e-07, 1.56628323111e-06, 6.8580511936e-08, 1.86721837991e-08, 8.31463076167e-09, 1.38983295983e-08],
        "dmean2": [3.57840326615e-05, 0.00182419503108, 0.000657072640024, 0.000374950730475, 0.000545698741917, 0.00015431639622, 0.0001799032907, 0.00256765587255, 0.00173834187444, 0.00321802287363, 0.000244068374741, 0.00473378086463, 0.00013636109361, 0.000235582701862, 0.000336222030455, 1.7591901269e-05, 3.0862276617e-05, 4.18431736762e-05, 4.689000707e-05, 7.97817210696e-06, 5.16019781571e-06, 1.1116743508e-06, 2.93669927487e-06, 1.18555703921e-07, 3.21160307237e-08, 1.37446551918e-08, 2.37933228675e-08],
        "dvar": [4.40719727379e-09, 8.21802314022e-06, 1.04247749277e-06, 4.48488094662e-07, 4.81104734718e-07, 4.76897419333e-08, 1.02841752891e-07, 1.07407049654e-05, 5.95684377913e-06, 1.13871456051e-05, 4.96685679252e-08, 8.44397509354e-05, 2.37284130122e-08, 9.57724637374e-08, 2.38252511053e-07, 2.89780449636e-10, 1.67571467813e-09, 3.15657966432e-09, 3.22897286686e-09, 1.75523540147e-10, 6.05107769447e-11, 1.98847167031e-12, 9.77634466437e-12, 3.6153761598e-14, 2.02491865777e-15, 1.8221295999e-16, 3.06199445817e-16],
        "dvar2": [1.13810765257e-08, 2.52064364759e-05, 3.07265440824e-06, 1.3937104768e-06, 1.0683313576e-06, 1.4390914771e-07, 3.04173596533e-07, 2.219806629e-05, 1.50625692186e-05, 2.91821907012e-05, 1.34088509185e-07, 0.000233225277043, 6.54134524325e-08, 2.50145745895e-07, 2.87113209652e-07, 8.8392165809e-10, 5.04563146819e-09, 9.81174341774e-09, 8.01537858308e-09, 4.99766616979e-10, 1.70538375088e-10, 5.86768090713e-12, 3.38933534016e-11, 1.01612376282e-13, 5.39163448927e-15, 4.76580864311e-16, 9.21611021886e-16],
        "max": [0.00069866044214, 0.0296526756138, 0.0091154333204, 0.00705090072006, 0.00776103790849, 0.00252332095988, 0.00431830249727, 0.0666490644217, 0.0415444038808, 0.0324095636606, 0.00193180306815, 0.130764335394, 0.00184623687528, 0.00496855610982, 0.00590696185827, 0.000217055741814, 0.000439760304289, 0.000768697762396, 0.000509991252329, 0.000165800971445, 0.000112374313176, 2.10754624277e-05, 2.14808369492e-05, 3.65564028471e-06, 7.17223485935e-07, 2.30199830753e-07, 2.19123833745e-07],
        "mean": [2.85865007754e-05, 0.00163844134659, 0.000479146401631, 0.000237157117226, 0.000723215285689, 0.000134869347676, 0.000157542308443, 0.00354619836435, 0.00347653124481, 0.00368311838247, 0.000248760712566, 0.00463012559339, 0.000164935030625, 0.000305860623484, 0.000540885492228, 1.84880136658e-05, 3.84945087717e-05, 4.918853665e-05, 4.09442509408e-05, 1.13093710752e-05, 1.00565721368e-05, 2.16526427721e-06, 2.66016036221e-06, 2.5628381195e-07, 6.5256756443e-08, 2.83396310863e-08, 3.96652879431e-08],
        "median": [6.83706275595e-07, 0.000348023546394, 8.35710234242e-05, 1.14909635158e-05, 0.000255471357377, 2.94653127639e-05, 3.24126631313e-05, 0.000679697317537, 0.00104039080907, 0.00152769254055, 0.000128102779854, 0.000470303755719, 3.23234198731e-05, 5.84610315855e-05, 0.000167758276802, 1.06805018731e-05, 4.27173426942e-06, 2.11203655454e-06, 6.91657851348e-06, 5.18212971201e-07, 2.44116279191e-07, 2.09241775906e-07, 6.82729989876e-07, 2.79858571872e-08, 1.73684426841e-08, 1.25595098766e-08, 3.53794789021e-08],
        "min": [8.67438649737e-25, 1.15131314554e-23, 3.97127489159e-24, 6.41028134924e-24, 2.27315886529e-23, 3.29675322147e-23, 1.12271299343e-23, 2.431880046e-23, 7.94870321379e-23, 2.16519646621e-23, 4.36712103398e-23, 8.07050270647e-23, 1.02671988619e-22, 1.05268893476e-22, 1.06003796295e-22, 1.91985002773e-22, 1.15414364158e-22, 2.54739014001e-22, 2.27051536084e-22, 1.89770146408e-22, 4.09132295529e-22, 4.89465901636e-22, 5.76106759914e-22, 6.42651279346e-22, 1.09676030899e-21, 1.6567228096e-21, 2.30470492064e-21],
        "var": [8.28187740609e-09, 1.13209671326e-05, 1.33235778321e-06, 5.01159149735e-07, 1.25271128582e-06, 7.5244813047e-08, 1.6989476137e-07, 6.47858323646e-05, 3.49950169038e-05, 3.01180571114e-05, 9.85693233702e-08, 0.000144083751366, 7.12286976068e-08, 3.69502942021e-07, 8.63305331222e-07, 5.40337330435e-10, 5.34800070895e-09, 7.64484298088e-09, 5.18032639008e-09, 7.28662408189e-10, 3.64557550814e-10, 1.22273345962e-11, 1.70384609199e-11, 3.27405149433e-13, 1.23613777566e-14, 1.54766302584e-15, 1.14266576293e-15]
    },
    "erbbands": {
        "dmean": [0.0255762450397, 0.259883373976, 0.497252345085, 0.456955701113, 0.509528338909, 1.60877048969, 1.71506071091, 0.643270730972, 1.44762635231, 10.5275697708, 41.1056098938, 30.2450237274, 40.9227027893, 52.3234214783, 18.1637039185, 140.875061035, 11.3127250671, 8.02887821198, 6.26708698273, 11.0747947693, 0.5860491395, 1.11141490936, 1.25699806213, 1.9013671875, 0.567233741283, 0.19010412693, 0.118740931153, 0.126256451011, 0.0254934579134, 0.0518022701144, 0.029271710664, 0.00264025293291, 0.000993404537439, 0.000269304029644, 0.000126253187773, 3.68126020476e-05, 1.75319219125e-05, 2.2681802875e-05, 3.71589089809e-06, 8.04909086582e-06],
        "dmean2": [0.0453441105783, 0.461328059435, 0.858041465282, 0.815482914448, 0.89744746685, 2.38983774185, 2.6569647789, 1.10581624508, 2.56701302528, 16.5818767548, 58.3745002747, 39.9660491943, 59.4131736755, 91.0677032471, 30.804517746, 229.851821899, 18.6329479218, 12.8395376205, 9.18556690216, 13.3445529938, 0.871450901031, 1.91537344456, 2.17754125595, 2.98778247833, 1.00694048405, 0.317932754755, 0.204320728779, 0.214410677552, 0.0431389771402, 0.0946004316211, 0.0547683238983, 0.0046032438986, 0.0016120786313, 0.000447593745776, 0.000219497116632, 6.08944974374e-05, 2.93158227578e-05, 3.90007735405e-05, 5.99548184255e-06, 1.29638419821e-05],
        "dvar": [0.00566998729482, 0.492743730545, 1.62886309624, 1.87624764442, 3.38484168053, 8.48285102844, 12.0077466965, 3.27488923073, 27.4877300262, 296.38494873, 7935.39111328, 2651.14916992, 5672.75244141, 14079.5273438, 1786.5871582, 210312.4375, 924.200317383, 300.34588623, 79.6473999023, 433.905853271, 0.577738821507, 7.51084899902, 7.93560361862, 14.2999887466, 2.34265089035, 0.297776669264, 0.0747182071209, 0.123660743237, 0.00315871788189, 0.00720057357103, 0.0030491987709, 4.35016409028e-05, 7.6202013588e-06, 4.94012795116e-07, 9.36786150874e-08, 3.95319021962e-09, 8.86328010985e-10, 8.21685663954e-10, 2.98330041226e-11, 1.47719503296e-10],
        "dvar2": [0.0169401615858, 1.52054095268, 4.66586923599, 5.80207061768, 9.86710643768, 18.0672798157, 28.0153198242, 10.1298465729, 85.6679840088, 707.406799316, 16365.6396484, 5593.10400391, 9393.79882812, 40537.5898438, 4898.78759766, 583490.8125, 2586.65087891, 778.432617188, 149.919677734, 511.752319336, 1.12941098213, 22.5815906525, 24.4851112366, 33.1304626465, 7.51502895355, 0.856676340103, 0.227177619934, 0.359080404043, 0.0092601235956, 0.024433190003, 0.0103233754635, 0.000126922386698, 1.98188718059e-05, 1.2935677205e-06, 2.78126890407e-07, 1.03621458081e-08, 2.4218125283e-09, 2.47042386547e-09, 8.14077902311e-11, 4.03586108977e-10],
        "max": [0.662046849728, 7.16391563416, 10.4447641373, 15.3571481705, 32.5545654297, 33.5757331848, 42.0737190247, 26.6257667542, 73.3776550293, 162.263336182, 2114.74609375, 914.475585938, 1243.7467041, 1280.47998047, 512.957397461, 6647.84912109, 494.054595947, 279.022857666, 120.823265076, 233.434509277, 8.28840827942, 32.8042259216, 41.0526924133, 36.8575553894, 20.9875564575, 7.18303489685, 3.87342429161, 4.97710847855, 0.802838683128, 0.627831697464, 0.542524158955, 0.134139820933, 0.0553189665079, 0.0124826552346, 0.00421704677865, 0.000953812268563, 0.000537508050911, 0.000371225149138, 8.1370031694e-05, 0.000175923065399],
        "mean": [0.0332003906369, 0.405329525471, 0.724695205688, 0.624123215675, 0.795965313911, 3.13541722298, 2.78443145752, 1.06796038151, 2.35508513451, 16.7656135559, 98.6638031006, 93.6891937256, 92.4051971436, 78.3322982788, 31.986661911, 220.618469238, 22.9402198792, 18.9899749756, 14.6808204651, 21.2976341248, 1.51253044605, 2.60850834846, 2.83921122551, 2.736338377, 1.129306674, 0.538496494293, 0.374185353518, 0.350336253643, 0.0935046076775, 0.0987972170115, 0.0552277639508, 0.00908403936774, 0.00352551415563, 0.00101917271968, 0.000400390214054, 0.000138293587952, 5.89372721151e-05, 7.38902235753e-05, 1.23895833894e-05, 2.3579252229e-05],
        "median": [0.00417175330222, 0.0934595614672, 0.161209464073, 0.0542552173138, 0.18165192008, 1.05351114273, 0.575003147125, 0.25850841403, 0.601448178291, 5.15242862701, 20.9999923706, 31.2263298035, 39.3067398071, 32.2091407776, 12.2558889389, 21.0555229187, 8.02918243408, 3.32535433769, 8.05378341675, 5.87512874603, 1.12993097305, 0.298933923244, 0.233890682459, 0.768804848194, 0.106026053429, 0.0285863243043, 0.013297425583, 0.00819463189691, 0.00865849573165, 0.0390765108168, 0.0151251200587, 0.0018910469953, 0.000490696693305, 0.00024183219648, 0.000147550163092, 8.1116661022e-05, 3.32002382493e-05, 6.19721395196e-05, 9.46563977777e-06, 1.66885711224e-05],
        "min": [4.22984087179e-22, 1.92190386812e-21, 5.72193060666e-21, 2.4240742724e-20, 9.51645606907e-21, 7.42198402865e-20, 2.53906604541e-19, 2.07395686263e-19, 1.33429286361e-19, 3.70108885293e-19, 8.07175869824e-19, 1.45217336458e-18, 7.32236666748e-19, 1.24350506095e-18, 1.82188080878e-18, 3.80205999857e-18, 5.4157768771e-18, 4.87724011212e-18, 5.93353693305e-18, 7.80910527911e-18, 9.96877707835e-18, 7.79833290599e-18, 1.3875773623e-17, 1.18537091089e-17, 1.17086406547e-17, 8.92928898106e-18, 1.43521097147e-17, 1.66994448067e-17, 1.75353240505e-17, 2.16024106494e-17, 1.29599209032e-17, 1.27679513081e-17, 1.12717494977e-17, 9.92959270555e-18, 8.98688556711e-18, 5.56547464769e-18, 3.15894154797e-18, 1.35900573744e-18, 2.99694024126e-19, 3.23907028834e-20],
        "var": [0.00754385907203, 0.643550634384, 2.3600962162, 2.67484426498, 4.17913675308, 22.4769592285, 27.5574836731, 5.09815359116, 40.8281097412, 658.162658691, 65337.6289062, 22013.1992188, 29268.7050781, 21905.1191406, 3584.03540039, 337042.625, 1870.32592773, 1319.10192871, 302.245849609, 1518.12438965, 2.31833672523, 24.8231925964, 23.5167827606, 22.4117450714, 5.83548021317, 1.5715405941, 0.453994870186, 0.510618805885, 0.0244136415422, 0.0148100638762, 0.00744409672916, 0.000349309877492, 6.48077475489e-05, 3.78629761144e-06, 3.74186157615e-07, 2.15400408621e-08, 5.47318901312e-09, 3.71918762454e-09, 1.08034935165e-10, 5.36847066801e-10]
    },
    "gfcc": {
        "mean": [-163.797866821, 151.331192017, -161.014221191, -30.5178909302, -40.3536720276, 12.6486883163, 2.02184319496, 0.315924584866, -1.19433295727, -16.5091838837, -15.1458463669, -6.76237916946, -11.3458423615],
        "cov": [[19038.6660156, 4744.14453125, -1409.08569336, -0.98066163063, 295.429351807, -75.807762146, 277.345184326, -292.766174316, 291.817932129, -201.668289185, -81.2670822144, -557.036743164, -434.080688477], [4744.14453125, 4697.38134766, 1625.37634277, -1145.15783691, 357.367706299, -254.754577637, -543.094238281, -673.839904785, 600.116516113, 115.028877258, 411.814819336, -313.284912109, -686.995544434], [-1409.08569336, 1625.37634277, 1902.32409668, -207.316894531, 116.116828918, 131.834625244, -275.369628906, -166.538513184, 487.293701172, 23.0959835052, 246.005599976, -34.2393798828, -333.571990967], [-0.98066163063, -1145.15783691, -207.316894531, 1006.47241211, 113.333717346, 226.624038696, 260.263275146, 321.841827393, -46.9757652283, -84.4512634277, -243.65914917, 87.1106796265, 250.792510986], [295.429351807, 357.367706299, 116.116828918, 113.333717346, 459.887695312, 95.3113708496, 66.8218231201, 17.1980743408, 32.3652915955, 95.3763961792, -71.5276489258, -65.6306304932, 21.9188022614], [-75.807762146, -254.754577637, 131.834625244, 226.624038696, 95.3113708496, 428.989837646, 293.586334229, 164.242492676, 132.207794189, -16.10389328, -40.4912185669, -8.32708072662, -17.7513008118], [277.345184326, -543.094238281, -275.369628906, 260.263275146, 66.8218231201, 293.586334229, 477.285736084, 306.328186035, 23.5111694336, 6.27581548691, -72.710395813, -29.5816478729, 8.98838710785], [-292.766174316, -673.839904785, -166.538513184, 321.841827393, 17.1980743408, 164.242492676, 306.328186035, 323.100280762, 12.9467468262, -9.85329246521, -83.4822921753, -8.09289550781, 62.5511894226], [291.817932129, 600.116516113, 487.293701172, -46.9757652283, 32.3652915955, 132.207794189, 23.5111694336, 12.9467468262, 302.135253906, 27.2414302826, 43.8359603882, -38.0662307739, -144.612350464], [-201.668289185, 115.028877258, 23.0959835052, -84.4512634277, 95.3763961792, -16.10389328, 6.27581548691, -9.85329246521, 27.2414302826, 124.102035522, 20.101190567, -20.6238021851, -21.9750270844], [-81.2670822144, 411.814819336, 246.005599976, -243.65914917, -71.5276489258, -40.4912185669, -72.710395813, -83.4822921753, 43.8359603882, 20.101190567, 163.661560059, -9.22750854492, -122.593643188], [-557.036743164, -313.284912109, -34.2393798828, 87.1106796265, -65.6306304932, -8.32708072662, -29.5816478729, -8.09289550781, -38.0662307739, -20.6238021851, -9.22750854492, 95.7484893799, 63.2625312805], [-434.080688477, -686.995544434, -333.571990967, 250.792510986, 21.9188022614, -17.7513008118, 8.98838710785, 62.5511894226, -144.612350464, -21.9750270844, -122.593643188, 63.2625312805, 223.48097229]],
        "icov": [[0.000501402828377, -0.00141263345722, 0.00142300676089, -0.00118251668755, 0.000826768227853, -0.000721729535144, 0.00016161747044, -0.00041124195559, 8.53582605487e-05, 0.000368447625078, -0.000169455932337, 0.00056822883198, -0.000109744527435], [-0.00141263345722, 0.00537589984015, -0.00424943352118, 0.00341826793738, -0.00369992316701, 0.00363107444718, -0.00159920752048, 0.00394861213863, -0.00253018899821, 0.000525645213202, -0.000761082628742, 0.000732382293791, 0.00100326584652], [0.00142300676089, -0.00424943352118, 0.00585592212155, -0.00368978083134, 0.00157474773005, -0.00317323138006, 0.00295808375813, -0.00281596626155, -0.00119250966236, 0.00150598306209, -0.00233596586622, 0.000380160316126, 0.00083239650121], [-0.00118251668755, 0.00341826793738, -0.00368978083134, 0.00562267471105, -0.00271356012672, 0.00137137947604, -0.000182533636689, -0.00109122972935, -0.000238103093579, 0.000582358974498, 0.0025280660484, -0.00328317214735, -0.00069891201565], [0.000826768227853, -0.00369992316701, 0.00157474773005, -0.00271356012672, 0.00716286944225, -0.00327551015653, 6.04352317168e-05, -0.00121855398174, 0.00359025062062, -0.00468393508345, 0.00329972733743, 0.00232154829428, -0.00198074197397], [-0.000721729535144, 0.00363107444718, -0.00317323138006, 0.00137137947604, -0.00327551015653, 0.00956072378904, -0.00764882657677, 0.00665561156347, -0.00523414835334, 0.00307241058908, -0.00171169755049, 0.00144010898657, -0.00142114725895], [0.00016161747044, -0.00159920752048, 0.00295808375813, -0.000182533636689, 6.04352317168e-05, -0.00764882657677, 0.014223985374, -0.0121769160032, 0.00331353768706, -0.00206356751733, 0.00102414481808, -0.00306236348115, 0.00561061268672], [-0.00041124195559, 0.00394861213863, -0.00281596626155, -0.00109122972935, -0.00121855398174, 0.00665561156347, -0.0121769160032, 0.019301680848, -0.00616686651483, 0.00193101435434, -0.0027399356477, 0.00814759545028, -0.00351364538074], [8.53582605487e-05, -0.00253018899821, -0.00119250966236, -0.000238103093579, 0.00359025062062, -0.00523414835334, 0.00331353768706, -0.00616686651483, 0.013224628754, -0.00536047341302, 0.00667509343475, -0.00366386817768, 0.00442929333076], [0.000368447625078, 0.000525645213202, 0.00150598306209, 0.000582358974498, -0.00468393508345, 0.00307241058908, -0.00206356751733, 0.00193101435434, -0.00536047341302, 0.014585682191, -0.00468260701746, 0.00159749272279, -0.00088360265363], [-0.000169455932337, -0.000761082628742, -0.00233596586622, 0.0025280660484, 0.00329972733743, -0.00171169755049, 0.00102414481808, -0.0027399356477, 0.00667509343475, -0.00468260701746, 0.0192285645753, -0.00574278086424, 0.00730631500483], [0.00056822883198, 0.000732382293791, 0.000380160316126, -0.00328317214735, 0.00232154829428, 0.00144010898657, -0.00306236348115, 0.00814759545028, -0.00366386817768, 0.00159749272279, -0.00574278086424, 0.023470217362, -0.0066716237925], [-0.000109744527435, 0.00100326584652, 0.00083239650121, -0.00069891201565, -0.00198074197397, -0.00142114725895, 0.00561061268672, -0.00351364538074, 0.00442929333076, -0.00088360265363, 0.00730631500483, -0.0066716237925, 0.0188873913139]]
    },
    "melbands": {
        "dmean": [0.000260941829765, 0.000278049934423, 7.99476838438e-05, 5.81962995057e-05, 7.11578541086e-05, 1.59997762239e-05, 1.89908096218e-05, 0.00018509880465, 0.000333521922585, 0.000171825915459, 0.000207847653655, 0.00022543031082, 2.12025061046e-05, 0.000337857665727, 0.000153134053107, 9.03050477064e-06, 1.71508563653e-05, 6.26237988399e-06, 2.89324925689e-05, 2.15274735638e-06, 3.56619665354e-07, 1.07804589788e-06, 1.71412671079e-06, 1.01465707303e-06, 1.82859059805e-06, 4.28555466669e-07, 2.77577669294e-07, 1.00157386385e-07, 6.89048604841e-08, 1.03061836398e-07, 8.00718709115e-08, 1.47036560705e-08, 1.55928745471e-08, 4.39469651781e-08, 2.47898856998e-08, 3.84555498556e-09, 1.18305398811e-09, 8.29370461197e-10, 5.31952870642e-10, 2.2787405296e-10],
        "dmean2": [0.000452133623185, 0.000480301736388, 0.000145073921885, 8.90042792889e-05, 0.000106666775537, 2.756673166e-05, 3.41369159287e-05, 0.000289833726129, 0.000474510772619, 0.000232589212828, 0.000303289998556, 0.00039384898264, 3.54601434083e-05, 0.000561095541343, 0.000250600045547, 1.49313655129e-05, 2.74929097941e-05, 1.09002849058e-05, 3.45341177308e-05, 3.09182610181e-06, 6.30625265785e-07, 1.90119317267e-06, 2.95605605061e-06, 1.7106648329e-06, 2.85518694909e-06, 7.86997077284e-07, 4.70070773417e-07, 1.72290199885e-07, 1.17734494154e-07, 1.77079641617e-07, 1.37123095101e-07, 2.54372451991e-08, 2.67650399621e-08, 8.199768331e-08, 4.65382541393e-08, 6.78447564795e-09, 1.98018379471e-09, 1.35876176977e-09, 9.15994335937e-10, 3.83588744102e-10],
        "dvar": [5.30380816599e-07, 4.97961195833e-07, 5.87830299992e-08, 1.20191785413e-08, 1.99149354785e-08, 2.18722728818e-09, 4.85380136084e-09, 9.98132492214e-08, 6.35396986581e-07, 7.97876467118e-08, 1.38717126674e-07, 2.65624720441e-07, 8.57794724141e-10, 1.14602278245e-06, 2.6054598834e-07, 3.0359609271e-10, 1.49405343652e-09, 9.90134710332e-11, 3.01555669324e-09, 1.11580874748e-11, 2.26608404892e-13, 6.73290026162e-12, 2.46411120675e-11, 3.44770826471e-12, 1.45241787347e-11, 2.12047241745e-12, 5.30822402093e-13, 8.24230684789e-14, 2.64278480827e-14, 5.88876007419e-14, 5.5257861275e-14, 9.08837023888e-16, 1.482881099e-15, 6.95775309248e-15, 2.3265125737e-15, 1.85542170049e-16, 1.17583963957e-17, 5.41682574212e-18, 2.53562042457e-18, 2.78272372706e-19],
        "dvar2": [1.58347131674e-06, 1.49185916598e-06, 1.77408082891e-07, 3.03333393958e-08, 4.31391917743e-08, 6.68780053559e-09, 1.5048083668e-08, 2.29256116313e-07, 1.35122195388e-06, 1.71230269075e-07, 2.32078804174e-07, 7.67298956816e-07, 2.23166218838e-09, 3.16208479489e-06, 7.20712534985e-07, 8.10268130369e-10, 3.83641740598e-09, 2.9323263262e-10, 3.4913012481e-09, 1.99862019296e-11, 6.901810937e-13, 1.95070574277e-11, 7.4750206025e-11, 1.00014415153e-11, 3.33904431882e-11, 6.92919940176e-12, 1.42804236318e-12, 2.47158820103e-13, 8.12311575968e-14, 1.67710219627e-13, 1.62722889633e-13, 2.6555833914e-15, 4.44331842438e-15, 2.41823163057e-14, 8.04242960341e-15, 6.03924379937e-16, 3.4816978277e-17, 1.34848340035e-17, 7.28675974743e-18, 7.62268389465e-19],
        "max": [0.00719307456166, 0.0070422263816, 0.00278877397068, 0.00151016272139, 0.00162400712725, 0.00070074677933, 0.000980782322586, 0.00325024547055, 0.019301706925, 0.00504066282883, 0.0061555239372, 0.00556010520086, 0.000291472970275, 0.013754540123, 0.00809055753052, 0.000228031814913, 0.00063060602406, 8.45248723635e-05, 0.000640665937681, 3.81244572054e-05, 4.10533994e-06, 3.09338320221e-05, 7.16789727448e-05, 1.96508826775e-05, 3.77579126507e-05, 2.03518447961e-05, 9.27650944504e-06, 3.57392468686e-06, 2.02610431188e-06, 3.3783624076e-06, 3.35857293976e-06, 3.31719661517e-07, 4.67271604521e-07, 5.945042858e-07, 3.22118012264e-07, 2.4309522928e-07, 5.41440208224e-08, 4.03978681618e-08, 2.54936143307e-08, 7.39389038884e-09],
        "mean": [0.000386150204577, 0.000458735012216, 0.000115852955787, 0.000123685400467, 0.000125432634377, 2.58078835031e-05, 3.06026486214e-05, 0.000283310248051, 0.000881927786395, 0.000514422950801, 0.000445392623078, 0.000330244976794, 3.93389818782e-05, 0.000521253969055, 0.000255609978922, 1.89447273442e-05, 3.7271722249e-05, 1.27158828036e-05, 5.50034055777e-05, 4.54043993159e-06, 7.57903819704e-07, 2.23788356379e-06, 3.50689469997e-06, 2.04626144296e-06, 2.39834662352e-06, 7.22801246411e-07, 6.5514450398e-07, 2.71708273658e-07, 2.00131296424e-07, 2.62710557308e-07, 1.84917468005e-07, 4.59017961418e-08, 3.93432202372e-08, 6.93877950653e-08, 4.13808223243e-08, 9.91203830125e-09, 3.80296283353e-09, 2.60994492685e-09, 1.43091871685e-09, 6.71367406113e-10],
        "median": [6.88842992531e-05, 0.000104795952211, 9.02477586351e-06, 4.82373070554e-05, 3.61802340194e-05, 4.60088085674e-06, 4.93539164381e-06, 8.31135621411e-05, 0.000182539602974, 0.000186664692592, 0.000181668525329, 0.000118652533274, 2.29357956414e-05, 5.75500744162e-05, 3.09507195198e-05, 2.68343364951e-06, 4.31768421549e-06, 5.35852313988e-06, 1.26507266032e-05, 2.24444079322e-06, 5.96781944751e-07, 2.6209141879e-07, 1.20180473573e-07, 2.99898658795e-07, 5.38354129276e-07, 3.22157092114e-08, 2.72803273305e-08, 1.38455940046e-08, 7.91424525914e-09, 6.29775076533e-09, 4.0317473804e-09, 3.45558004433e-09, 4.28924318285e-09, 2.72301328152e-08, 9.60100887681e-09, 4.85442352982e-10, 3.35810074192e-10, 2.53103205061e-10, 2.27565868927e-10, 1.58748209023e-10],
        "min": [2.90941269569e-24, 2.73650424602e-24, 3.38605724576e-24, 2.15315876434e-24, 8.56741439482e-24, 5.07894564862e-24, 2.2416973569e-24, 5.51256947202e-24, 6.8189949174e-24, 1.04385277754e-23, 3.22710847868e-24, 4.69142719526e-24, 5.40641482658e-24, 7.57943316421e-24, 8.6505185246e-24, 1.28396389329e-23, 8.45619920668e-24, 9.11620599392e-24, 7.44051554766e-24, 1.31967341766e-23, 1.00471383816e-23, 5.99397578373e-24, 1.23778594805e-23, 1.06013076455e-23, 9.56428451011e-24, 8.46580595479e-24, 7.16886498406e-24, 5.46299350843e-24, 7.51975899217e-24, 9.69852418149e-24, 9.83349354921e-24, 9.86949637207e-24, 9.60941997567e-24, 1.15938816243e-23, 7.94009011488e-24, 6.21203705389e-24, 6.85820682642e-24, 8.01231821937e-24, 8.04431047338e-24, 7.93454442272e-24],
