{
"metadata": {
    "version": {
        "essentia": "2.0.1",
        "extractor": "archive-music 1.0"
    },
    "audio_properties": {
        "analysis_sample_rate": 44100,
        "bitrate": 128,
        "channels": 2,
        "equal_loudness": 0,
        "length": 15.7779588699,
        "replay_gain": -5.31017494202,
        "downmix": "mix"
    },
    "tags": {
        "track": 0,
        "year": 0,
        "album": "",
        "artist": "",
        "comment": "",
        "genre": "",
        "title": ""
    }
},
"highlevel": {
    "culture": {
        "all": {
            "non_western": 9.234375284e-06,
            "western": 0.99999076128
        },
        "probability": 0.99999076128,
        "value": "western"
    },
    "danceability": {
        "all": {
            "danceable": 0.091938726604,
            "not_danceable": 0.908061265945
        },
        "probability": 0.908061265945,
        "value": "not_danceable"
    },
    "gender": {
        "all": {
            "female": 0.336246788502,
            "male": 0.663753211498
        },
        "probability": 0.663753211498,
        "value": "male"
    },
    "genre_dortmund": {
        "all": {
            "alternative": 0.0106862829998,
            "blues": 0.0244186613709,
            "electronic": 0.0168916564435,
            "folkcountry": 0.034552693367,
            "funksoulrnb": 0.0754069685936,
            "jazz": 0.792370200157,
            "pop": 0.0339413359761,
            "raphiphop": 0.00289703090675,
            "rock": 0.00883519556373
        },
        "probability": 0.792370200157,
        "value": "jazz"
    },
    "genre_electronic": {
        "all": {
            "ambient": 0.980217278004,
            "dnb": 0.00375076360069,
            "house": 0.0103315599263,
            "techno": 0.00428222678602,
            "trance": 0.00141819554847
        },
        "probability": 0.980217278004,
        "value": "ambient"
    },
    "genre_rosamerica": {
        "all": {
            "cla": 0.694427192211,
            "dan": 0.00696879439056,
            "hip": 0.00555026391521,
            "jaz": 0.134514912963,
            "pop": 0.0610665492713,
            "rhy": 0.0673953518271,
            "roc": 0.0102654360235,
            "spe": 0.0198115240782
        },
        "probability": 0.694427192211,
        "value": "cla"
    },
    "genre_tzanetakis": {
        "all": {
            "blu": 0.0230652652681,
            "cla": 0.0622357092798,
            "cou": 0.0593726709485,
            "dis": 0.0114042852074,
            "hip": 0.00948989205062,
            "jaz": 0.634828031063,
            "met": 0.00198642653413,
            "pop": 0.0147262439132,
            "reg": 0.149888724089,
            "roc": 0.0330027453601
        },
        "probability": 0.634828031063,
        "value": "jaz"
    },
    "mirex_ballroom": {
        "all": {
            "ChaChaCha": 0.00201489008032,
            "Jive": 0.000510330777615,
            "Quickstep": 0.00342331524007,
            "Rumba-American": 0.000854550802615,
            "Rumba-International": 0.0330732241273,
            "Rumba-Misc": 0.0243590455502,
            "Samba": 0.000885756628122,
            "Tango": 0.0101083973423,
            "VienneseWaltz": 0.325895726681,
            "Waltz": 0.598874747753
        },
        "probability": 0.598874747753,
        "value": "Waltz"
    },
    "mood_acoustic": {
        "all": {
            "acoustic": 0.916510939598,
            "not_acoustic": 0.0834890604019
        },
        "probability": 0.916510939598,
        "value": "acoustic"
    },
    "mood_aggressive": {
        "all": {
            "aggressive": 0.00737614557147,
            "not_aggressive": 0.992623865604
        },
        "probability": 0.992623865604,
        "value": "not_aggressive"
    },
    "mood_electronic": {
        "all": {
            "electronic": 0.437363147736,
            "not_electronic": 0.562636852264
        },
        "probability": 0.562636852264,
        "value": "not_electronic"
    },
    "mood_happy": {
        "all": {
            "happy": 0.035684376955,
            "not_happy": 0.964315593243
        },
        "probability": 0.964315593243,
        "value": "not_happy"
    },
    "mood_party": {
        "all": {
            "not_party": 0.926243901253,
            "party": 0.0737560912967
        },
        "probability": 0.926243901253,
        "value": "not_party"
    },
    "mood_relaxed": {
        "all": {
            "not_relaxed": 0.0165807418525,
            "relaxed": 0.983419239521
        },
        "probability": 0.983419239521,
        "value": "relaxed"
    },
    "mood_sad": {
        "all": {
            "not_sad": 0.111992478371,
            "sad": 0.888007521629
        },
        "probability": 0.888007521629,
        "value": "sad"
    },
    "moods_mirex": {
        "all": {
            "Cluster1": 0.0769782364368,
            "Cluster2": 0.238669753075,
            "Cluster3": 0.563122212887,
            "Cluster4": 0.0561626404524,
            "Cluster5": 0.0650671347976
        },
        "probability": 0.563122212887,
        "value": "Cluster3"
    },
    "timbre": {
        "all": {
            "bright": 0.244300842285,
            "dark": 0.755699157715
        },
        "probability": 0.755699157715,
        "value": "dark"
    },
    "tonal_atonal": {
        "all": {
            "atonal": 0.907091736794,
            "tonal": 0.0929082781076
        },
        "probability": 0.907091736794,
        "value": "atonal"
    },
    "voice_instrumental": {
        "all": {
            "instrumental": 0.599246680737,
            "voice": 0.400753289461
        },
        "probability": 0.599246680737,
        "value": "instrumental"
    }
},
"lowlevel": {
    "average_loudness": 0.938677191734,
    "barkbands_kurtosis": {
        "dmean": 4.28203105927,
        "dmean2": 6.35218286514,
        "dvar": 31.2647285461,
        "dvar2": 70.0401687622,
        "max": 78.002784729,
        "mean": 8.28705596924,
        "median": 4.69161844254,
        "min": -1.80132234097,
        "var": 119.927757263
    },
    "barkbands_skewness": {
        "dmean": 0.592228293419,
        "dmean2": 0.85834646225,
        "dvar": 0.279637753963,
        "dvar2": 0.626490533352,
        "max": 6.93604898453,
        "mean": 2.03851914406,
        "median": 1.86982607841,
        "min": -1.98529267311,
        "var": 1.68851315975
    },
    "barkbands_spread": {
        "dmean": 2.50178527832,
        "dmean2": 3.45162129402,
        "dvar": 11.0326480865,
        "dvar2": 19.0431518555,
        "max": 65.5203399658,
        "mean": 9.08510875702,
        "median": 7.53091192245,
        "min": 0.766572833061,
        "var": 41.907283783
    },
    "dissonance": {
        "dmean": 0.034097019583,
        "dmean2": 0.0578316189349,
        "dvar": 0.00093849474797,
        "dvar2": 0.00267402036116,
        "max": 0.499588429928,
        "mean": 0.43049839139,
        "median": 0.440648764372,
        "min": 0.26758825779,
        "var": 0.00219477666542
    },
    "dynamic_complexity": 4.39600372314,
    "erbbands_kurtosis": {
        "dmean": 1.67642998695,
        "dmean2": 2.63996958733,
        "dvar": 6.99345111847,
        "dvar2": 16.2314720154,
        "max": 47.4406547546,
        "mean": 1.53867352009,
        "median": 0.286996841431,
        "min": -1.77237272263,
        "var": 14.9904556274
    },
    "erbbands_skewness": {
        "dmean": 0.513420283794,
        "dmean2": 0.709049284458,
        "dvar": 0.185298711061,
        "dvar2": 0.377701938152,
        "max": 5.98795747757,
        "mean": 0.810784757137,
        "median": 0.772805809975,
        "min": -2.94550132751,
        "var": 1.20831239223
    },
    "erbbands_spread": {
        "dmean": 4.37843894958,
        "dmean2": 6.79840898514,
        "dvar": 20.7565631866,
        "dvar2": 48.5870094299,
        "max": 63.9619026184,
        "mean": 22.6548862457,
        "median": 22.9963607788,
        "min": 2.26972198486,
        "var": 76.4130706787
    },
    "hfc": {
        "dmean": 2.29336667061,
        "dmean2": 3.17293667793,
        "dvar": 8.62690258026,
        "dvar2": 14.9730129242,
        "max": 52.2521018982,
        "mean": 9.2255449295,
        "median": 7.32304573059,
        "min": 1.19565569413e-16,
        "var": 71.7378540039
    },
    "melbands_kurtosis": {
        "dmean": 5.65840148926,
        "dmean2": 8.38907623291,
        "dvar": 46.5629234314,
        "dvar2": 99.8927307129,
        "max": 85.8954620361,
        "mean": 12.9732179642,
        "median": 8.87160491943,
        "min": -1.44311714172,
        "var": 179.619094849
    },
    "melbands_skewness": {
        "dmean": 0.588262856007,
        "dmean2": 0.897861242294,
        "dvar": 0.314946562052,
        "dvar2": 0.760553479195,
        "max": 6.10313892365,
        "mean": 2.50250577927,
        "median": 2.31445837021,
        "min": -0.234340757132,
        "var": 1.33426046371
    },
    "melbands_spread": {
        "dmean": 3.58970975876,
        "dmean2": 5.1395201683,
        "dvar": 50.7545547485,
        "dvar2": 107.244659424,
        "max": 149.963378906,
        "mean": 11.667178154,
        "median": 8.60751533508,
        "min": 1.03310930729,
        "var": 174.870483398
    },
    "pitch_salience": {
        "dmean": 0.0611679628491,
        "dmean2": 0.0952959656715,
        "dvar": 0.00284746498801,
        "dvar2": 0.00662441411987,
        "max": 0.989156842232,
        "mean": 0.53813368082,
        "median": 0.546946465969,
        "min": 0.186650246382,
        "var": 0.014757828787
    },
    "silence_rate_20dB": {
        "dmean": 0,
        "dmean2": 0,
        "dvar": 0,
        "dvar2": 0,
        "max": 1,
        "mean": 1,
        "median": 1,
        "min": 1,
        "var": 0
    },
    "silence_rate_30dB": {
        "dmean": 0.0176470596343,
        "dmean2": 0.0353460982442,
        "dvar": 0.0173357855529,
        "dvar2": 0.037042234093,
        "max": 1,
        "mean": 0.969163000584,
        "median": 1,
        "min": 0,
        "var": 0.0298863667995
    },
    "silence_rate_60dB": {
        "dmean": 0.00882352981716,
        "dmean2": 0.0176730491221,
        "dvar": 0.0087455753237,
        "dvar2": 0.0173610933125,
        "max": 1,
        "mean": 0.199706315994,
        "median": 0,
        "min": 0,
        "var": 0.159820765257
    },
    "spectral_centroid": {
        "dmean": 113.643844604,
        "dmean2": 157.619125366,
        "dvar": 103922.117188,
        "dvar2": 115511.726562,
        "max": 11173.6074219,
        "mean": 649.908569336,
        "median": 567.59197998,
        "min": 310.516082764,
        "var": 276206.84375
    },
    "spectral_complexity": {
        "dmean": 1.42352938652,
        "dmean2": 2.30927824974,
        "dvar": 1.88238489628,
        "dvar2": 4.44042301178,
        "max": 30,
        "mean": 10.4185018539,
        "median": 11,
        "min": 0,
        "var": 29.7087783813
    },
    "spectral_crest": {
        "dmean": 2.5964577198,
        "dmean2": 4.20806980133,
        "dvar": 4.8725976944,
        "dvar2": 12.3224830627,
        "max": 24.3395786285,
        "mean": 12.9868373871,
        "median": 12.4865655899,
        "min": 3.1856842041,
        "var": 18.6417541504
    },
    "spectral_decrease": {
        "dmean": 1.67227465209e-09,
        "dmean2": 2.29689822717e-09,
        "dvar": 6.93586021901e-18,
        "dvar2": 1.04770605396e-17,
        "max": 1.07194304101e-29,
        "mean": -6.11732664524e-09,
        "median": -3.93982357849e-09,
        "min": -6.07203318737e-08,
        "var": 5.38278651545e-17
    },
    "spectral_energy": {
        "dmean": 0.00648521864787,
        "dmean2": 0.00892245955765,
        "dvar": 0.000102805992356,
        "dvar2": 0.000156199705089,
        "max": 0.233912363648,
        "mean": 0.0239249709994,
        "median": 0.0156527142972,
        "min": 1.08044837194e-20,
        "var": 0.000803357514087
    },
    "spectral_energyband_high": {
        "dmean": 1.39396970553e-05,
        "dmean2": 2.22804028454e-05,
        "dvar": 1.60420221551e-09,
        "dvar2": 4.15535694742e-09,
        "max": 0.000744196586311,
        "mean": 3.46179695043e-05,
        "median": 2.31940539379e-05,
        "min": 8.11311346372e-21,
        "var": 2.81201995023e-09
    },
    "spectral_energyband_low": {
        "dmean": 0.00226526660845,
        "dmean2": 0.00249714008532,
        "dvar": 4.76224558952e-05,
        "dvar2": 4.75746055599e-05,
        "max": 0.152571320534,
        "mean": 0.00657364493236,
        "median": 0.000962571473792,
        "min": 1.53944249279e-22,
        "var": 0.000341757637216
    },
    "spectral_energyband_middle_high": {
        "dmean": 0.000815339561086,
        "dmean2": 0.000997502822429,
        "dvar": 9.31520219183e-07,
        "dvar2": 1.28025396862e-06,
        "max": 0.0134030161425,
        "mean": 0.00231683230959,
        "median": 0.00160802702885,
        "min": 1.4051389363e-21,
        "var": 5.46180990568e-06
    },
    "spectral_energyband_middle_low": {
        "dmean": 0.00502423150465,
        "dmean2": 0.00769394030795,
        "dvar": 5.05692478328e-05,
        "dvar2": 0.000113328344014,
        "max": 0.0954585894942,
        "mean": 0.0152908964083,
        "median": 0.0103364437819,
        "min": 3.10833587685e-22,
        "var": 0.00025386249763
    },
    "spectral_flatness_db": {
        "dmean": 0.0189701896161,
        "dmean2": 0.0290078800172,
        "dvar": 0.000234692415688,
        "dvar2": 0.000584650377277,
        "max": 0.336184084415,
        "mean": 0.229884952307,
        "median": 0.229759678245,
        "min": 0.0546988360584,
        "var": 0.00161410623696
    },
    "spectral_flux": {
        "dmean": 0.0134231122211,
        "dmean2": 0.0212989225984,
        "dvar": 0.000244755618041,
        "dvar2": 0.000535581901204,
        "max": 0.209276258945,
        "mean": 0.0520008541644,
        "median": 0.0461809933186,
        "min": 1.03944616803e-10,
        "var": 0.0011376212351
    },
    "spectral_kurtosis": {
        "dmean": 5.36328220367,
        "dmean2": 9.04706287384,
        "dvar": 22.9389266968,
        "dvar2": 69.4298858643,
        "max": 50.6321563721,
        "mean": 14.8463115692,
        "median": 13.5404834747,
        "min": -1.16233706474,
        "var": 58.3113021851
    },
    "spectral_rms": {
        "dmean": 0.000583855144214,
        "dmean2": 0.000815747305751,
        "dvar": 3.88341220514e-07,
        "dvar2": 6.47869853765e-07,
        "max": 0.0151065280661,
        "mean": 0.00413577910513,
        "median": 0.00390780484304,
        "min": 3.24668438835e-12,
        "var": 6.23676487521e-06
    },
    "spectral_rolloff": {
        "dmean": 234.48979187,
        "dmean2": 400.884979248,
        "dvar": 801627.375,
        "dvar2": 1579601.875,
        "max": 18733.8867188,
        "mean": 913.058105469,
        "median": 538.330078125,
        "min": 86.1328125,
        "var": 2714883.5
    },
    "spectral_skewness": {
        "dmean": 0.428003877401,
        "dmean2": 0.712891995907,
        "dvar": 0.116312742233,
        "dvar2": 0.337283611298,
        "max": 5.54775953293,
        "mean": 2.83261036873,
        "median": 2.79225492477,
        "min": -0.0309851262718,
        "var": 0.427177757025
    },
    "spectral_spread": {
        "dmean": 361101.75,
        "dmean2": 525147.6875,
        "dvar": 1.7269728215e+12,
        "dvar2": 1.64964951654e+12,
        "max": 40520456,
        "mean": 2672384.5,
        "median": 2507142.75,
        "min": 1235833.375,
        "var": 3.71266761523e+12
    },
    "spectral_strongpeak": {
        "dmean": 0.475900948048,
        "dmean2": 0.795727491379,
        "dvar": 0.654884636402,
        "dvar2": 1.39892601967,
        "max": 9.33718681335,
        "mean": 0.980382859707,
        "median": 0.74032920599,
        "min": 0,
        "var": 0.976093769073
    },
    "zerocrossingrate": {
        "dmean": 0.00557861337438,
        "dmean2": 0.00686973612756,
        "dvar": 0.000398781092372,
        "dvar2": 0.000655436364468,
        "max": 0.51611328125,
        "mean": 0.033857036382,
        "median": 0.02734375,
        "min": 0.00390625,
        "var": 0.0019608347211
    },
    "barkbands": {
        "dmean": [2.32783149841e-05, 0.00199541053735, 0.000526380026713, 0.000277199607808, 0.0028332923539, 0.00225081061944, 0.00116187147796, 0.000366785068763, 0.000219303517952, 0.000138921866892, 7.18119117664e-05, 0.000107894928078, 0.000236862455495, 0.000343245978002, 0.000186550241779, 1.2737351426e-05, 3.16648765875e-05, 2.08081801247e-05, 1.92643274204e-05, 1.43672859849e-05, 6.7746464083e-06, 4.23628534918e-06, 3.01472095998e-06, 9.22865410757e-07, 7.32463206532e-07, 4.27235249845e-07, 2.76281220124e-08],
        "dmean2": [3.90534987673e-05, 0.00213720672764, 0.000920383667108, 0.000450518447906, 0.00386404432356, 0.00387260969728, 0.00181841291487, 0.000521766836755, 0.000334787851898, 0.000200682450668, 0.000115044065751, 0.000160261697602, 0.000338953192113, 0.000400798453484, 0.000197352608666, 1.95911034098e-05, 5.21136607858e-05, 3.30784787366e-05, 3.07349437207e-05, 2.35631941905e-05, 1.12945890578e-05, 6.99351994626e-06, 5.07561253471e-06, 1.56029068421e-06, 1.1442499499e-06, 6.56519659969e-07, 4.37272156262e-08],
        "dvar": [2.25224883188e-09, 5.11918769917e-05, 2.84742372969e-06, 3.41106499491e-07, 1.73561929842e-05, 1.45206022353e-05, 4.1992025217e-06, 8.85484723767e-07, 1.63923189689e-07, 5.12819973153e-08, 1.74505991879e-08, 9.51848022623e-08, 2.15486750221e-07, 5.62437890039e-07, 3.35412352115e-07, 9.79122560807e-10, 4.19703116705e-09, 2.21802221034e-09, 1.83718895652e-09, 7.05946190394e-10, 1.46327033823e-10, 3.63457125507e-10, 4.82030665383e-11, 4.05357691857e-12, 1.7964910809e-11, 9.33562862432e-12, 1.40380887931e-14],
        "dvar2": [6.21129148115e-09, 5.31806908839e-05, 8.74252600624e-06, 8.79446020008e-07, 3.6155419366e-05, 4.6928289521e-05, 9.14463817026e-06, 1.83041026958e-06, 3.54656407353e-07, 1.01554192611e-07, 4.16052721164e-08, 2.20702688125e-07, 3.96144457682e-07, 6.3305213871e-07, 4.05772766499e-07, 2.34387842468e-09, 1.16748060108e-08, 5.98658322915e-09, 3.98308808158e-09, 1.79135617451e-09, 3.79730247246e-10, 9.60472257283e-10, 1.27029942121e-10, 9.41924229586e-12, 4.69718396123e-11, 1.82478199218e-11, 3.13270866496e-14],
        "max": [0.000639036123175, 0.14718593657, 0.0180336497724, 0.00881302822381, 0.052268166095, 0.049463223666, 0.0291459579021, 0.0190517194569, 0.00808496586978, 0.00284654228017, 0.00170924991835, 0.00508385337889, 0.00577276246622, 0.0129948090762, 0.0127141894773, 0.000593391363509, 0.000804398441687, 0.000458045280538, 0.000915879325476, 0.00036677645403, 0.000125064427266, 0.00033469373011, 0.000113538844744, 3.30497932737e-05, 8.73945537023e-05, 5.36757870577e-05, 2.38542202169e-06],
        "mean": [2.76476130239e-05, 0.00562770292163, 0.000657293654513, 0.000475812063087, 0.00725575303659, 0.00403172057122, 0.00231545697898, 0.000695323687978, 0.000437690468971, 0.000292056589387, 0.000145849058754, 0.000207731616683, 0.00044616003288, 0.000716298993211, 0.000379829842132, 2.74389039987e-05, 5.86849782849e-05, 3.21586885548e-05, 3.91177745769e-05, 2.67197465291e-05, 1.25673996081e-05, 6.88926593284e-06, 5.46439196114e-06, 1.87038597232e-06, 1.14372767257e-06, 6.04679541993e-07, 4.11896934338e-08],
        "median": [1.21586635942e-05, 0.000265047419816, 0.000245754985372, 0.000222567250603, 0.00361594394781, 0.00250329636037, 0.000967939849943, 0.000200984242838, 0.000156343070557, 0.000132907895022, 4.52521016996e-05, 2.08039418794e-05, 0.000107065388875, 7.86490272731e-05, 6.9781071943e-06, 7.10915446689e-06, 2.41093894147e-05, 4.01623310609e-06, 7.00447253621e-06, 8.16362444311e-06, 5.22575464856e-06, 2.54087944995e-06, 3.15933152706e-06, 9.38293624131e-07, 4.9117556955e-07, 1.75410917791e-07, 2.01470307104e-08],
        "min": [3.7003723259e-23, 1.2127849107e-22, 4.98768824695e-24, 1.94172873784e-23, 2.93547101964e-23, 4.66810207713e-23, 3.03050351517e-23, 1.55378272187e-22, 2.13654819357e-23, 2.06304323883e-23, 1.21832107343e-22, 8.3353542357e-23, 6.79723513597e-23, 1.01555296055e-22, 7.5696296742e-23, 1.87698168531e-22, 3.41547514687e-22, 1.4628640413e-22, 1.43201781285e-22, 3.69578052435e-22, 3.76043303978e-22, 6.60550066279e-22, 5.13961938631e-22, 7.69664448409e-22, 1.36306339277e-21, 1.72467218302e-21, 2.64086881937e-21],
        "var": [2.62203858625e-09, 0.000320141291013, 2.28594944929e-06, 5.27317070009e-07, 8.40623979457e-05, 2.21449445235e-05, 1.3424260942e-05, 2.13806129068e-06, 6.0081782749e-07, 1.83837485679e-07, 5.43598375202e-08, 3.15236917459e-07, 6.88986631303e-07, 2.63696688307e-06, 1.321450668e-06, 3.63330920905e-09, 8.40369906996e-09, 3.94985244512e-09, 9.16219100588e-09, 1.55135559954e-09, 3.4531899562e-10, 3.87733012364e-10, 6.94471563589e-11, 8.97092122809e-12, 1.76536250895e-11, 1.23678203096e-11, 1.66155270423e-14]
    },
    "erbbands": {
        "dmean": [0.0478728972375, 0.48228469491, 0.514635145664, 0.860469579697, 3.91588783264, 9.33926486969, 19.6238861084, 19.6666221619, 20.2925701141, 7.92476892471, 6.88456964493, 4.21970462799, 5.2872800827, 3.11601305008, 2.60420274734, 4.59552812576, 11.2509689331, 9.81249427795, 14.6188144684, 8.34890651703, 1.18397724628, 1.75773966312, 1.10886096954, 1.18840622902, 0.810884535313, 0.576835989952, 0.308253526688, 0.221390873194, 0.134444534779, 0.147808417678, 0.0536178573966, 0.0229228101671, 0.0174811035395, 0.00824206508696, 0.00489631853998, 0.00239091040567, 0.00088140781736, 0.00010443229985, 5.28544660483e-06, 7.17209741197e-06],
        "dmean2": [0.0504428036511, 0.53350263834, 0.875091135502, 1.34534370899, 5.56593847275, 13.5969266891, 29.8145370483, 33.1609153748, 32.0202484131, 11.9622116089, 10.3201284409, 6.16710233688, 7.96680212021, 4.77210092545, 3.80835103989, 6.87374448776, 16.517534256, 12.8757410049, 15.2214994431, 8.99918842316, 1.62936151028, 2.91323900223, 1.78707611561, 1.91215252876, 1.24488830566, 0.966017782688, 0.517296969891, 0.367793798447, 0.211335465312, 0.259317189455, 0.0904264971614, 0.0380471237004, 0.0288089327514, 0.0129079148173, 0.0078659625724, 0.0037453933619, 0.00133886828553, 0.000152801352669, 7.59533668315e-06, 9.84845246421e-06],
        "dvar": [0.0307916309685, 2.96475863457, 1.95285093784, 3.67365860939, 51.2756767273, 207.825622559, 865.721252441, 960.11340332, 1532.7019043, 151.338180542, 351.235046387, 80.8887786865, 89.2082901001, 30.2040748596, 20.9527130127, 123.867073059, 510.930145264, 356.865081787, 902.575073242, 1198.35766602, 7.42085695267, 16.1272106171, 4.14550685883, 4.94261026382, 3.18075680733, 1.30277991295, 0.509038507938, 0.195465356112, 0.398696362972, 0.414113044739, 0.0134829618037, 0.00165793602355, 0.0017709468957, 0.00115486572031, 0.00111409078818, 0.000242429450736, 4.74556727568e-05, 3.09017536892e-07, 2.48465831243e-10, 1.23053484069e-10],
        "dvar2": [0.0314798951149, 3.20347237587, 5.58156633377, 9.70156669617, 84.7217712402, 498.83013916, 2213.73510742, 2998.51074219, 3408.80664062, 365.486541748, 755.498779297, 166.835083008, 190.603652954, 73.7618484497, 41.5926971436, 281.570617676, 1001.06463623, 610.191894531, 995.677185059, 1472.27746582, 12.5236053467, 45.9110145569, 10.9764909744, 11.5526542664, 6.72258520126, 3.67249584198, 1.40000295639, 0.427791506052, 0.994896411896, 1.15985453129, 0.0308225043118, 0.00403680372983, 0.00415761815384, 0.00272819912061, 0.00295586814173, 0.000455461646197, 0.000113476227853, 6.73089402881e-07, 5.12757281079e-10, 1.85565424138e-10],
        "max": [3.33660030365, 35.934803009, 17.8066082001, 25.9313869476, 117.390480042, 188.069793701, 415.033294678, 314.731018066, 527.20880127, 146.767608643, 371.254516602, 196.609481812, 216.112960815, 74.6921920776, 81.952293396, 194.994873047, 285.383026123, 246.264282227, 445.813201904, 848.783508301, 55.2019577026, 46.3368225098, 20.4551086426, 45.3187980652, 51.7948684692, 15.5054731369, 7.01296377182, 7.90354394913, 10.5862007141, 11.7843208313, 1.89018797874, 0.467958539724, 0.688472151756, 0.706872284412, 0.670582473278, 0.285427182913, 0.140300154686, 0.0104374848306, 0.000253808684647, 0.000258107116679],
        "mean": [0.134314864874, 1.3598845005, 0.996579408646, 1.61019432545, 7.62661314011, 21.9226341248, 44.115486145, 36.2983474731, 41.5184860229, 16.7720832825, 13.4317579269, 8.69080448151, 11.4904947281, 6.82830619812, 6.30153608322, 9.33788204193, 21.0391464233, 21.9146556854, 31.8685035706, 16.6509838104, 2.73993659019, 3.33830833435, 1.92240703106, 2.0936422348, 1.86676859856, 1.16944134235, 0.576647996902, 0.430119305849, 0.230665057898, 0.240547329187, 0.105308935046, 0.049700345844, 0.0322279408574, 0.0143101103604, 0.00708463555202, 0.00342265772633, 0.00109388458077, 0.000168012426002, 1.58853072207e-05, 2.69035790552e-05],
        "median": [0.00504885194823, 0.0748463496566, 0.271008938551, 0.796360015869, 2.70239090919, 9.68472766876, 24.1765918732, 24.2301120758, 16.5146427155, 8.92245578766, 3.84881162643, 3.20584058762, 4.91141796112, 3.69279193878, 1.99970901012, 1.98553705215, 5.49205446243, 4.65156984329, 2.73749804497, 0.574415028095, 0.794700503349, 1.37528395653, 0.749855399132, 0.697966575623, 0.500945091248, 0.413650453091, 0.17916572094, 0.187511309981, 0.100549295545, 0.119003407657, 0.062958791852, 0.0314266942441, 0.0135463085026, 0.0068124611862, 0.00236004241742, 0.000899957260117, 0.000324577791616, 7.06982900738e-05, 1.0015936823e-05, 1.79156777449e-05],
        "min": [5.81913119488e-21, 1.84816641145e-20, 8.88511288992e-21, 2.7638285308e-20, 1.00845343101e-19, 1.11804730122e-19, 2.10643817733e-19, 4.11739541355e-19, 4.7740961698e-19, 1.48421100028e-18, 2.90652490251e-18, 6.38228520709e-19, 6.32121032657e-19, 2.18138156801e-18, 5.41662473723e-18, 2.8717613965e-18, 3.28775156053e-18, 5.03844437862e-18, 4.68961859199e-18, 8.33999558651e-18, 9.08157127747e-18, 2.02523840609e-17, 8.75122925522e-18, 8.16322047216e-18, 7.70610723077e-18, 1.45291991576e-17, 1.8380828368e-17, 1.76466327825e-17, 2.74063565046e-17, 1.92530605455e-17, 1.16723472781e-17, 1.28163893505e-17, 1.42900430446e-17, 1.45632740358e-17, 9.0490242019e-18, 7.57177309929e-18, 2.95982800759e-18, 1.28689585395e-18, 3.27829099246e-19, 4.07473758011e-20],
        "var": [0.18906223774, 18.3563232422, 4.72896814346, 5.9895863533, 163.519775391, 828.768249512, 3127.32226562, 1619.11120605, 4636.41015625, 409.456817627, 801.424377441, 260.443084717, 404.957824707, 96.1131515503, 104.485443115, 409.579071045, 1517.61682129, 1617.42028809, 4273.35498047, 4390.08203125, 29.0496883392, 29.5004901886, 8.58751583099, 14.2505941391, 21.1473522186, 2.71207070351, 1.03609538078, 0.625429153442, 0.502223730087, 0.338577747345, 0.0244433730841, 0.00377288134769, 0.00357841956429, 0.00147241482046, 0.00104231957812, 0.000318620674079, 4.96211505379e-05, 4.27252615509e-07, 5.71033442753e-10, 9.85520109964e-10]
    },
    "gfcc": {
        "mean": [-114.424858093, 146.080032349, -117.118804932, 9.94626617432, -61.4992713928, -10.5317211151, -41.969619751, -12.7126407623, -18.9323577881, 5.01689195633, 1.11823284626, 2.09923911095, -4.67481040955],
        "cov": [[20972.8730469, 2646.24145508, -645.860351562, 1411.41162109, 160.04119873, 387.901885986, -468.796508789, -405.916687012, -309.86416626, -522.272521973, -507.645904541, -732.396850586, -313.749389648], [2646.24145508, 814.479125977, -37.2528038025, 78.1313781738, 142.842147827, -46.2155456543, -36.7374839783, -56.9950027466, 49.6319580078, -74.275718689, -69.2658157349, -153.154129028, -14.9395017624], [-645.860351562, -37.2528038025, 424.634002686, 168.898574829, 99.0461883545, 103.414428711, 44.2264633179, -3.87980699539, -51.6996154785, -77.1195373535, -18.8301906586, -29.1053256989, -48.5549354553], [1411.41162109, 78.1313781738, 168.898574829, 397.36026001, 72.2111053467, 135.996398926, -4.87206029892, -38.6974449158, -75.922958374, -135.105545044, -58.1021308899, -92.0843505859, -63.7069091797], [160.04119873, 142.842147827, 99.0461883545, 72.2111053467, 265.439575195, 96.2265777588, 18.2449798584, 19.7565078735, 104.843322754, 41.2803382874, -54.1398162842, -92.6295471191, -9.81917953491], [387.901885986, -46.2155456543, 103.414428711, 135.996398926, 96.2265777588, 251.448532104, 65.1290588379, 4.28892087936, -10.0783557892, 43.5901260376, 5.42974472046, -11.3629322052, -45.7420692444], [-468.796508789, -36.7374839783, 44.2264633179, -4.87206029892, 18.2449798584, 65.1290588379, 175.465789795, 73.2162246704, 12.6620807648, 47.1234664917, 69.9198303223, 79.3699111938, 30.2174568176], [-405.916687012, -56.9950027466, -3.87980699539, -38.6974449158, 19.7565078735, 4.28892087936, 73.2162246704, 141.346755981, 93.6694641113, 51.2585372925, 10.1626663208, 42.2811889648, 38.6375350952], [-309.86416626, 49.6319580078, -51.6996154785, -75.922958374, 104.843322754, -10.0783557892, 12.6620807648, 93.6694641113, 243.039093018, 113.300643921, -19.3499794006, -33.219078064, 54.9499893188], [-522.272521973, -74.275718689, -77.1195373535, -135.105545044, 41.2803382874, 43.5901260376, 47.1234664917, 51.2585372925, 113.300643921, 227.330627441, 89.6917877197, 31.2661743164, 9.13188838959], [-507.645904541, -69.2658157349, -18.8301906586, -58.1021308899, -54.1398162842, 5.42974472046, 69.9198303223, 10.1626663208, -19.3499794006, 89.6917877197, 170.521148682, 100.341880798, 0.751087367535], [-732.396850586, -153.154129028, -29.1053256989, -92.0843505859, -92.6295471191, -11.3629322052, 79.3699111938, 42.2811889648, -33.219078064, 31.2661743164, 100.341880798, 185.510299683, 57.9566345215], [-313.749389648, -14.9395017624, -48.5549354553, -63.7069091797, -9.81917953491, -45.7420692444, 30.2174568176, 38.6375350952, 54.9499893188, 9.13188838959, 0.751087367535, 57.9566345215, 114.152893066]],
        "icov": [[0.000265046110144, -0.000912284071092, 0.000657984055579, -0.0010323059978, 0.000474780594232, -0.000524088798556, 0.000589135743212, -0.000321985280607, 0.000465379882371, -0.000533057376742, 0.00054661888862, -0.000219360750634, 2.31090489251e-05], [-0.000912284071092, 0.00497697293758, -0.00166304106824, 0.00355515792035, -0.00273516424932, 0.00235261884518, -0.00283565768041, 0.00192524469458, -0.00206908560358, 0.00307556753978, -0.00268390285783, 0.00215821689926, -0.00010105950787], [0.000657984055579, -0.00166304106824, 0.0052950871177, -0.00306659378111, -0.00065294932574, -0.00158668600488, 0.000560765911359, -0.000961822923273, 0.00138235103805, 0.00054860918317, 0.000616870180238, -0.000441490177764, 0.00112759531476], [-0.0010323059978, 0.00355515792035, -0.00306659378111, 0.00988608878106, -0.00207609031349, -0.00154248496983, -0.00196528621018, 0.0003172987781, -0.00165512156673, 0.00669057713822, -0.00449478393421, 0.00402212282643, -0.000293959106784], [0.000474780594232, -0.00273516424932, -0.00065294932574, -0.00207609031349, 0.00914014223963, -0.00309393485077, 7.59715694585e-05, 0.000207873512409, -0.00189835124183, -0.00270967325196, 0.00271185021847, 0.00166747847106, -0.000767271092627], [-0.000524088798556, 0.00235261884518, -0.00158668600488, -0.00154248496983, -0.00309393485077, 0.00992964487523, -0.00429425993934, 0.00239305500872, -5.08339981025e-05, -0.00351650826633, 0.00217277533375, -0.00225504790433, 0.00280761392787], [0.000589135743212, -0.00283565768041, 0.000560765911359, -0.00196528621018, 7.59715694585e-05, -0.00429425993934, 0.013675654307, -0.0070738485083, 0.00330337951891, -0.00111375318374, -0.00278270081617, -0.00216582394205, -0.00293328124098], [-0.000321985280607, 0.00192524469458, -0.000961822923273, 0.0003172987781, 0.000207873512409, 0.00239305500872, -0.0070738485083, 0.0156420748681, -0.00724670477211, 2.94485580525e-05, 0.00298649072647, -0.00348258228041, 0.00192436948419], [0.000465379882371, -0.00206908560358, 0.00138235103805, -0.00165512156673, -0.00189835124183, -5.08339981025e-05, 0.00330337951891, -0.00724670477211, 0.0128104500473, -0.0060086841695, 0.00156348396558, 0.00286011840217, -0.00508101191372], [-0.000533057376742, 0.00307556753978, 0.00054860918317, 0.00669057713822, -0.00270967325196, -0.00351650826633, -0.00111375318374, 2.94485580525e-05, -0.0060086841695, 0.0159292835742, -0.00955437496305, 0.00373412948102, 0.00133245706093], [0.00054661888862, -0.00268390285783, 0.000616870180238, -0.00449478393421, 0.00271185021847, 0.00217277533375, -0.00278270081617, 0.00298649072647, 0.00156348396558, -0.00955437496305, 0.0170692205429, -0.00882252026349, 0.00411341758445], [-0.000219360750634, 0.00215821689926, -0.000441490177764, 0.00402212282643, 0.00166747847106, -0.00225504790433, -0.00216582394205, -0.00348258228041, 0.00286011840217, 0.00373412948102, -0.00882252026349, 0.0177757702768, -0.00791407749057], [2.31090489251e-05, -0.00010105950787, 0.00112759531476, -0.000293959106784, -0.000767271092627, 0.00280761392787, -0.00293328124098, 0.00192436948419, -0.00508101191372, 0.00133245706093, 0.00411341758445, -0.00791407749057, 0.0166404601187]]
    },
    "melbands": {
        "dmean": [0.000531098572537, 0.000372489972506, 0.000194980864762, 0.000416986877099, 0.00069008936407, 0.000445672252681, 0.000273642130196, 8.5049905465e-05, 5.13120539836e-05, 2.78068455373e-05, 2.70404816547e-05, 1.39718131322e-05, 1.00005518107e-05, 8.47906449053e-06, 2.64194623014e-05, 1.87681926036e-05, 2.1206215024e-05, 3.11530384351e-05, 1.01962214103e-05, 6.27310146228e-06, 9.39035885494e-07, 2.09887161873e-06, 1.02525575585e-06, 1.37274150802e-06, 9.87654857454e-07, 6.85474446982e-07, 7.57829866416e-07, 2.94177596061e-07, 2.40674609131e-07, 9.58906980486e-08, 1.43883042369e-07, 8.02618629336e-08, 8.01255026772e-08, 9.63353485872e-08, 3.25964357728e-08, 2.66778865665e-08, 1.13341647179e-08, 1.4109237334e-08, 9.19551279566e-09, 7.08038871977e-09],
        "dmean2": [0.000539545028005, 0.000493471452501, 0.000295308447676, 0.000599575927481, 0.0010376854334, 0.000759896298405, 0.000434570829384, 0.000126888626255, 7.71367995185e-05, 4.09032072639e-05, 4.04041857109e-05, 2.11036567634e-05, 1.54617300723e-05, 1.11358758659e-05, 3.98455304094e-05, 2.75936727121e-05, 2.6608880944e-05, 3.27742818627e-05, 1.111371148e-05, 6.90425622452e-06, 1.50375251451e-06, 3.44873797076e-06, 1.71552392203e-06, 2.20456354327e-06, 1.57897136432e-06, 1.06380525722e-06, 1.21426683108e-06, 5.11598557296e-07, 3.95802203457e-07, 1.62013151339e-07, 2.37375147094e-07, 1.26297820202e-07, 1.40556309702e-07, 1.67693769981e-07, 5.49616991918e-08, 4.57987781033e-08, 1.86962960669e-08, 2.33426149521e-08, 1.48925280996e-08, 1.12140137176e-08],
        "dvar": [3.70415682482e-06, 1.20568211059e-06, 1.34616840342e-07, 4.45599766863e-07, 1.02262913515e-06, 4.87856311793e-07, 2.60567617261e-07, 2.18555022968e-08, 1.60502349189e-08, 3.50501427882e-09, 2.2533241939e-09, 5.87338677693e-10, 2.93135293816e-10, 4.70584016199e-10, 3.28100746572e-09, 1.25871668644e-09, 1.79211889773e-09, 4.49310055828e-09, 1.29119537284e-09, 6.93376633887e-10, 5.35957563053e-12, 2.34681319516e-11, 3.52383313501e-12, 1.18843572136e-11, 4.2648128952e-12, 2.2494159313e-12, 2.7229544574e-12, 4.90421505489e-13, 3.4377779486e-13, 3.39241337116e-14, 8.24296685596e-14, 1.36285283731e-13, 2.1331084143e-13, 1.0366664802e-13, 4.84818577361e-15, 3.01281805459e-15, 5.64797439944e-16, 1.06293021056e-15, 1.50206978339e-15, 6.38225508531e-16],
        "dvar2": [3.67786105926e-06, 1.77317770067e-06, 3.02432056287e-07, 8.13848089365e-07, 2.45488467954e-06, 1.51486392497e-06, 5.81341453199e-07, 4.85887383661e-08, 3.48627438029e-08, 7.58243690058e-09, 4.79866324454e-09, 1.33759781029e-09, 6.81743272946e-10, 7.73253516773e-10, 7.29250748677e-09, 2.53058307642e-09, 2.45933229337e-09, 4.91283769222e-09, 1.58402502226e-09, 8.538793006e-10, 1.29923459144e-11, 6.68412547533e-11, 9.20364479073e-12, 3.24516316597e-11, 9.60263292493e-12, 5.48907794218e-12, 6.844377929e-12, 1.42375878882e-12, 9.33689215353e-13, 8.36299413509e-14, 1.74577298689e-13, 2.92225038655e-13, 6.02347436252e-13, 2.91866980888e-13, 1.09760181019e-14, 8.28443877491e-15, 1.42235530096e-15, 2.62635207263e-15, 3.81099308266e-15, 1.4711566807e-15],
        "max": [0.0387724451721, 0.0238453410566, 0.00450011296198, 0.0098892012611, 0.0144444163889, 0.00778389861807, 0.00679522566497, 0.00253145489842, 0.00242771650665, 0.0012099663727, 0.00106048968155, 0.000317935133353, 0.000209787889617, 0.000400464050472, 0.000738933624234, 0.000387524662074, 0.000660186342429, 0.00108557625208, 0.000863589579239, 0.00064388604369, 4.57121313957e-05, 5.6248238252e-05, 1.75733803189e-05, 3.45471089531e-05, 4.32262386312e-05, 3.20088875014e-05, 2.5275592634e-05, 1.0055164239e-05, 5.79344714424e-06, 2.17250612877e-06, 6.21890239927e-06, 7.22307913747e-06, 7.94261995907e-06, 5.73852548769e-06, 1.09449308638e-06, 6.83900339027e-07, 2.44204670707e-07, 6.64810499984e-07, 8.11597544725e-07, 4.94925586736e-07],
        "mean": [0.00150911661331, 0.00101240025833, 0.000395375856897, 0.000959245138802, 0.0016064561205, 0.000818514439743, 0.000561549677514, 0.000170364030055, 9.71477566054e-05, 5.62120912946e-05, 5.78477411182e-05, 2.93562552542e-05, 2.1339417799e-05, 1.79693306563e-05, 4.84668926219e-05, 3.59397890861e-05, 4.60633127659e-05, 6.51604059385e-05, 2.08230831049e-05, 1.2145222172e-05, 2.1069952254e-06, 3.82587359127e-06, 1.66665495271e-06, 2.04018101613e-06, 1.70706846347e-06, 1.30638625251e-06, 1.45017850173e-06, 5.53462712105e-07, 4.16562897954e-07, 1.82616346933e-07, 2.64769994374e-07, 1.29234308588e-07, 1.15401014966e-07, 1.52977776224e-07, 5.77719951877e-08, 5.24132062196e-08, 2.15911786228e-08, 2.46610589727e-08, 1.44642795519e-08, 1.14304095078e-08],
        "median": [5.81183594477e-05, 0.000172115338501, 0.000195259854081, 0.000425209553214, 0.000895360892173, 0.000532300968189, 0.000230293400818, 8.96631609066e-05, 2.40968256549e-05, 1.88075482583e-05, 2.42012793024e-05, 1.39581643452e-05, 7.38365724828e-06, 2.32544107348e-06, 7.80975096859e-06, 7.27235237719e-06, 5.41364534001e-06, 3.35258050654e-06, 5.17790624599e-07, 5.63748756122e-07, 4.30974921528e-07, 1.32710169964e-06, 5.67429935927e-07, 1.55563853355e-07, 5.02963985127e-07, 2.46541048909e-07, 3.39203722888e-07, 1.14546750751e-07, 4.95305556569e-08, 6.31737862022e-08, 8.23600814215e-08, 3.77658402329e-08, 2.49555949239e-08, 4.9728427598e-08, 3.06606509071e-08, 1.64883733333e-08, 6.64860566602e-09, 8.06567790335e-09, 5.22194953945e-09, 5.24804244506e-09],
        "min": [4.39664967539e-23, 1.05691244871e-23, 8.21968529666e-24, 7.11542281318e-24, 6.87840245445e-24, 9.16860765727e-24, 6.59619811523e-24, 2.18706211278e-23, 2.02634842719e-23, 3.21622200097e-24, 2.8162665638e-24, 7.45258038635e-24, 1.69044956048e-23, 1.09201644345e-23, 5.71341819165e-24, 8.07957176698e-24, 9.75038074196e-24, 7.05232735139e-24, 7.45818760966e-24, 1.51677252364e-23, 9.3012806509e-24, 2.33574235635e-23, 9.94438136008e-24, 7.37794152294e-24, 6.35565904244e-24, 5.42492347557e-24, 6.45686279684e-24, 1.08898398325e-23, 1.37228097371e-23, 8.07268106697e-24, 1.01898598854e-23, 1.69365407125e-23, 1.11818666732e-23, 1.07319863987e-23, 5.56160151601e-24, 8.72466750539e-24, 7.83879011946e-24, 1.01997119693e-23, 9.93816908045e-24, 1.35964689299e-23],
