{
"metadata": {
    "version": {
        "essentia": "2.0.1",
        "extractor": "archive-music 1.0"
    },
    "audio_properties": {
        "analysis_sample_rate": 44100,
        "bitrate": 128,
        "channels": 2,
        "equal_loudness": 0,
        "length": 15.5167350769,
        "replay_gain": -8.5317363739,
        "downmix": "mix"
    },
    "tags": {
        "track": 0,
        "year": 0,
        "album": "",
        "artist": "",
        "comment": "",
        "genre": "",
        "title": ""
    }
},
"highlevel": {
    "culture": {
        "all": {
            "non_western": 9.41798646181e-07,
            "western": 0.999999046326
        },
        "probability": 0.999999046326,
        "value": "western"
    },
    "danceability": {
        "all": {
            "danceable": 0.0835315510631,
            "not_danceable": 0.916468441486
        },
        "probability": 0.916468441486,
        "value": "not_danceable"
    },
    "gender": {
        "all": {
            "female": 0.768678128719,
            "male": 0.23132185638
        },
        "probability": 0.768678128719,
        "value": "female"
    },
    "genre_dortmund": {
        "all": {
            "alternative": 0.0268678106368,
            "blues": 0.0331820994616,
            "electronic": 0.0113959470764,
            "folkcountry": 0.132957190275,
            "funksoulrnb": 0.0170679502189,
            "jazz": 0.734270095825,
            "pop": 0.0205837432295,
            "raphiphop": 0.00207518949173,
            "rock": 0.0215999893844
        },
        "probability": 0.734270095825,
        "value": "jazz"
    },
    "genre_electronic": {
        "all": {
            "ambient": 0.833948671818,
            "dnb": 0.074096120894,
            "house": 0.0689868479967,
            "techno": 0.0128146940842,
            "trance": 0.0101536735892
        },
        "probability": 0.833948671818,
        "value": "ambient"
    },
    "genre_rosamerica": {
        "all": {
            "cla": 0.629217684269,
            "dan": 0.0108687598258,
            "hip": 0.00752938585356,
            "jaz": 0.0288569703698,
            "pop": 0.146023094654,
            "rhy": 0.0781876593828,
            "roc": 0.0841995105147,
            "spe": 0.0151169439778
        },
        "probability": 0.629217684269,
        "value": "cla"
    },
    "genre_tzanetakis": {
        "all": {
            "blu": 0.0329909473658,
            "cla": 0.338048428297,
            "cou": 0.0209120269865,
            "dis": 0.0151672177017,
            "hip": 0.015922088176,
            "jaz": 0.333375155926,
            "met": 0.0061934441328,
            "pop": 0.12307856977,
            "reg": 0.0190304387361,
            "roc": 0.095281675458
        },
        "probability": 0.338048428297,
        "value": "cla"
    },
    "mirex_ballroom": {
        "all": {
            "ChaChaCha": 0.00121876737103,
            "Jive": 0.00104600191116,
            "Quickstep": 0.00584900099784,
            "Rumba-American": 0.000642229279038,
            "Rumba-International": 0.0221759881824,
            "Rumba-Misc": 0.00553253525868,
            "Samba": 0.000976806157269,
            "Tango": 0.00935680978,
            "VienneseWaltz": 0.318129837513,
            "Waltz": 0.635071992874
        },
        "probability": 0.635071992874,
        "value": "Waltz"
    },
    "mood_acoustic": {
        "all": {
            "acoustic": 0.661547899246,
            "not_acoustic": 0.338452130556
        },
        "probability": 0.661547899246,
        "value": "acoustic"
    },
    "mood_aggressive": {
        "all": {
            "aggressive": 0.0662946403027,
            "not_aggressive": 0.933705329895
        },
        "probability": 0.933705329895,
        "value": "not_aggressive"
    },
    "mood_electronic": {
        "all": {
            "electronic": 0.204967707396,
            "not_electronic": 0.795032262802
        },
        "probability": 0.795032262802,
        "value": "not_electronic"
    },
    "mood_happy": {
        "all": {
            "happy": 0.269402056932,
            "not_happy": 0.73059797287
        },
        "probability": 0.73059797287,
        "value": "not_happy"
    },
    "mood_party": {
        "all": {
            "not_party": 0.845352709293,
            "party": 0.154647305608
        },
        "probability": 0.845352709293,
        "value": "not_party"
    },
    "mood_relaxed": {
        "all": {
            "not_relaxed": 0.111793115735,
            "relaxed": 0.888206899166
        },
        "probability": 0.888206899166,
        "value": "relaxed"
    },
    "mood_sad": {
        "all": {
            "not_sad": 0.144489571452,
            "sad": 0.855510413647
        },
        "probability": 0.855510413647,
        "value": "sad"
    },
    "moods_mirex": {
        "all": {
            "Cluster1": 0.288818687201,
            "Cluster2": 0.216147363186,
            "Cluster3": 0.29314789176,
            "Cluster4": 0.139230519533,
            "Cluster5": 0.0626555159688
        },
        "probability": 0.29314789176,
        "value": "Cluster3"
    },
    "timbre": {
        "all": {
            "bright": 0.834639370441,
            "dark": 0.165360614657
        },
        "probability": 0.834639370441,
        "value": "bright"
    },
    "tonal_atonal": {
        "all": {
            "atonal": 0.980186402798,
            "tonal": 0.0198136102408
        },
        "probability": 0.980186402798,
        "value": "atonal"
    },
    "voice_instrumental": {
        "all": {
            "instrumental": 0.9489107728,
            "voice": 0.051089245826
        },
        "probability": 0.9489107728,
        "value": "instrumental"
    }
},
"lowlevel": {
    "average_loudness": 0.958645641804,
    "barkbands_kurtosis": {
        "dmean": 2.28203868866,
        "dmean2": 3.80163908005,
        "dvar": 7.1080198288,
        "dvar2": 19.973695755,
        "max": 30.1599082947,
        "mean": 3.53328514099,
        "median": 2.86183547974,
        "min": -1.755169034,
        "var": 13.5797586441
    },
    "barkbands_skewness": {
        "dmean": 0.489301800728,
        "dmean2": 0.803777933121,
        "dvar": 0.209379822016,
        "dvar2": 0.517377793789,
        "max": 4.97735738754,
        "mean": 1.56304132938,
        "median": 1.51315355301,
        "min": -3.46769332886,
        "var": 0.638238430023
    },
    "barkbands_spread": {
        "dmean": 3.49277281761,
        "dmean2": 5.67389249802,
        "dvar": 17.6244087219,
        "dvar2": 43.8023834229,
        "max": 62.6225509644,
        "mean": 13.2807388306,
        "median": 11.2831554413,
        "min": 3.20930361748,
        "var": 51.5159416199
    },
    "dissonance": {
        "dmean": 0.026745621115,
        "dmean2": 0.0445345714688,
        "dvar": 0.000485320924781,
        "dvar2": 0.00124499609228,
        "max": 0.49996343255,
        "mean": 0.441057175398,
        "median": 0.445230036974,
        "min": 0.306540727615,
        "var": 0.00103746133391
    },
    "dynamic_complexity": 3.81043601036,
    "erbbands_kurtosis": {
        "dmean": 0.854836940765,
        "dmean2": 1.44337522984,
        "dvar": 0.965855419636,
        "dvar2": 2.60691475868,
        "max": 11.5395240784,
        "mean": 0.226512745023,
        "median": -0.0686645507812,
        "min": -1.68816518784,
        "var": 1.8103300333
    },
    "erbbands_skewness": {
        "dmean": 0.35939887166,
        "dmean2": 0.586054444313,
        "dvar": 0.10148832947,
        "dvar2": 0.261264264584,
        "max": 2.04129481316,
        "mean": 0.370498210192,
        "median": 0.486311435699,
        "min": -2.61759400368,
        "var": 0.48081946373
    },
    "erbbands_spread": {
        "dmean": 5.82871389389,
        "dmean2": 9.58274650574,
        "dvar": 37.0804328918,
        "dvar2": 104.533073425,
        "max": 72.6370544434,
        "mean": 28.6627655029,
        "median": 26.7588844299,
        "min": 7.10332584381,
        "var": 116.949768066
    },
    "hfc": {
        "dmean": 2.41038608551,
        "dmean2": 3.74523258209,
        "dvar": 5.44557905197,
        "dvar2": 12.2358140945,
        "max": 45.4896659851,
        "mean": 12.8843278885,
        "median": 11.5087356567,
        "min": 1.12188375663e-16,
        "var": 74.7566833496
    },
    "melbands_kurtosis": {
        "dmean": 4.47385883331,
        "dmean2": 7.46618366241,
        "dvar": 35.964969635,
        "dvar2": 99.548828125,
        "max": 63.4284896851,
        "mean": 8.7601108551,
        "median": 6.34110689163,
        "min": -1.69878745079,
        "var": 75.376914978
    },
    "melbands_skewness": {
        "dmean": 0.585070431232,
        "dmean2": 0.954830944538,
        "dvar": 0.334897488356,
        "dvar2": 0.865808844566,
        "max": 6.58275032043,
        "mean": 2.29482507706,
        "median": 2.08354043961,
        "min": -0.367767363787,
        "var": 1.16771614552
    },
    "melbands_spread": {
        "dmean": 4.718272686,
        "dmean2": 7.90364837646,
        "dvar": 65.4446182251,
        "dvar2": 132.55632019,
        "max": 150.026229858,
        "mean": 15.3338241577,
        "median": 12.279499054,
        "min": 2.83530592918,
        "var": 188.784393311
    },
    "pitch_salience": {
        "dmean": 0.0662133544683,
        "dmean2": 0.108198031783,
        "dvar": 0.00265387189575,
        "dvar2": 0.00733633898199,
        "max": 0.98095023632,
        "mean": 0.550758719444,
        "median": 0.557703971863,
        "min": 0.197075262666,
        "var": 0.0109746493399
    },
    "silence_rate_20dB": {
        "dmean": 0,
        "dmean2": 0,
        "dvar": 0,
        "dvar2": 0,
        "max": 1,
        "mean": 1,
        "median": 1,
        "min": 1,
        "var": 0
    },
    "silence_rate_30dB": {
        "dmean": 0,
        "dmean2": 0,
        "dvar": 0,
        "dvar2": 0,
        "max": 1,
        "mean": 1,
        "median": 1,
        "min": 1,
        "var": 0
    },
    "silence_rate_60dB": {
        "dmean": 0.0149476835504,
        "dmean2": 0.0299401190132,
        "dvar": 0.0147240869701,
        "dvar2": 0.0440138019621,
        "max": 1,
        "mean": 0.0582089535892,
        "median": 0,
        "min": 0,
        "var": 0.0548199079931
    },
    "spectral_centroid": {
        "dmean": 181.260925293,
        "dmean2": 283.488800049,
        "dvar": 104960.546875,
        "dvar2": 141127.546875,
        "max": 10797.2646484,
        "mean": 871.434875488,
        "median": 738.362487793,
        "min": 336.786468506,
        "var": 317382.03125
    },
    "spectral_complexity": {
        "dmean": 1.71001493931,
        "dmean2": 2.87425160408,
        "dvar": 2.17899775505,
        "dvar2": 5.81954193115,
        "max": 26,
        "mean": 13.6179103851,
        "median": 14,
        "min": 0,
        "var": 26.1435317993
    },
    "spectral_crest": {
        "dmean": 2.33712887764,
        "dmean2": 3.83481264114,
        "dvar": 4.22994279861,
        "dvar2": 11.6054782867,
        "max": 23.674539566,
        "mean": 10.2353935242,
        "median": 9.54738044739,
        "min": 3.83633494377,
        "var": 12.3794269562
    },
    "spectral_decrease": {
        "dmean": 1.57382640253e-09,
        "dmean2": 2.49724996237e-09,
        "dvar": 2.65449289603e-18,
        "dvar2": 6.5014419185e-18,
        "max": 2.08716591111e-21,
        "mean": -7.08237912761e-09,
        "median": -6.45695230617e-09,
        "min": -2.89103230244e-08,
        "var": 2.44637723177e-17
    },
    "spectral_energy": {
        "dmean": 0.00608625821769,
        "dmean2": 0.00962992571294,
        "dvar": 3.92187866964e-05,
        "dvar2": 9.56047224463e-05,
        "max": 0.112681157887,
        "mean": 0.0278991553932,
        "median": 0.0255549140275,
        "min": 1.07877115015e-20,
        "var": 0.000375312578399
    },
    "spectral_energyband_high": {
        "dmean": 1.84398140846e-05,
        "dmean2": 3.09205861413e-05,
        "dvar": 4.38296648975e-10,
        "dvar2": 1.21559196042e-09,
        "max": 0.000254061829764,
        "mean": 5.14695966558e-05,
        "median": 3.79363627871e-05,
        "min": 7.76873248688e-21,
        "var": 1.707015862e-09
    },
    "spectral_energyband_low": {
        "dmean": 0.00327108148485,
        "dmean2": 0.00548644596711,
        "dvar": 2.52855861618e-05,
        "dvar2": 6.98346848367e-05,
        "max": 0.0485661029816,
        "mean": 0.00592703605071,
        "median": 0.0034624740947,
        "min": 1.26150925161e-22,
        "var": 4.90223355882e-05
    },
    "spectral_energyband_middle_high": {
        "dmean": 0.00126248679589,
        "dmean2": 0.00207410985604,
        "dvar": 1.8158708599e-06,
        "dvar2": 4.77124967802e-06,
        "max": 0.0229075662792,
        "mean": 0.00391599582508,
        "median": 0.00324473017827,
        "min": 1.84005236741e-21,
        "var": 9.32951934374e-06
    },
    "spectral_energyband_middle_low": {
        "dmean": 0.0048551093787,
        "dmean2": 0.00754486303777,
        "dvar": 2.94144738291e-05,
        "dvar2": 7.50242325012e-05,
        "max": 0.0876138731837,
        "mean": 0.0190648883581,
        "median": 0.0143167637289,
        "min": 2.33549276076e-22,
        "var": 0.000272490142379
    },
    "spectral_flatness_db": {
        "dmean": 0.0160293709487,
        "dmean2": 0.0254179071635,
        "dvar": 0.000195409811568,
        "dvar2": 0.00046913776896,
        "max": 0.305002361536,
        "mean": 0.202952370048,
        "median": 0.202024102211,
        "min": 0.0492787212133,
        "var": 0.000952071917709
    },
    "spectral_flux": {
        "dmean": 0.0148559790105,
        "dmean2": 0.0250319577754,
        "dvar": 0.000225534691708,
        "dvar2": 0.000612919393461,
        "max": 0.201397895813,
        "mean": 0.0691059976816,
        "median": 0.0668861120939,
        "min": 1.03863910528e-10,
        "var": 0.000967450090684
    },
    "spectral_kurtosis": {
        "dmean": 4.60933208466,
        "dmean2": 8.20862007141,
        "dvar": 15.093079567,
        "dvar2": 45.010509491,
        "max": 30.5851364136,
        "mean": 10.8067188263,
        "median": 9.4368724823,
        "min": -1.18693554401,
        "var": 31.7523994446
    },
    "spectral_rms": {
        "dmean": 0.000557178398594,
        "dmean2": 0.000866959919222,
        "dvar": 2.39778245259e-07,
        "dvar2": 5.84048336805e-07,
        "max": 0.0104848863557,
        "mean": 0.00481835054234,
        "median": 0.00499315466732,
        "min": 3.24416340146e-12,
        "var": 4.00221233576e-06
    },
    "spectral_rolloff": {
        "dmean": 318.652435303,
        "dmean2": 579.526428223,
        "dvar": 882605.9375,
        "dvar2": 1696615.25,
        "max": 18776.953125,
        "mean": 969.636352539,
        "median": 753.662109375,
        "min": 86.1328125,
        "var": 2435153.75
    },
    "spectral_skewness": {
        "dmean": 0.403772085905,
        "dmean2": 0.709391593933,
        "dvar": 0.101555466652,
        "dvar2": 0.29047575593,
        "max": 3.95731496811,
        "mean": 2.24826264381,
        "median": 2.19398021698,
        "min": -0.00287871924229,
        "var": 0.291021943092
    },
    "spectral_spread": {
        "dmean": 303463.5625,
        "dmean2": 438385.625,
        "dvar": 1.40701165158e+12,
        "dvar2": 1.09060666163e+12,
        "max": 39525948,
        "mean": 2699709.5,
        "median": 2466226.5,
        "min": 1642451.625,
        "var": 3.6544029655e+12
    },
    "spectral_strongpeak": {
        "dmean": 0.410740047693,
        "dmean2": 0.723612070084,
        "dvar": 0.410219699144,
        "dvar2": 1.12425637245,
        "max": 5.51993370056,
        "mean": 0.847805738449,
        "median": 0.579159379005,
        "min": 0,
        "var": 0.662928044796
    },
    "zerocrossingrate": {
        "dmean": 0.00578346895054,
        "dmean2": 0.0078490478918,
        "dvar": 0.000460218230728,
        "dvar2": 0.000784928561188,
        "max": 0.51171875,
        "mean": 0.0378170199692,
        "median": 0.0322265625,
        "min": 0.01318359375,
        "var": 0.00178455421701
    },
    "barkbands": {
        "dmean": [6.14314267295e-05, 0.00185397872701, 0.001563347294, 0.00105888140388, 0.00339194270782, 0.00188695301767, 0.000493337225635, 0.000578784034587, 0.000562685716432, 0.000270684744464, 0.000644273182843, 0.000324769323925, 7.31454783818e-05, 3.28826936311e-05, 0.000390969711589, 4.76554560009e-05, 0.000269697309704, 4.81654133182e-05, 1.3143076103e-05, 6.30129870842e-05, 9.83994777926e-06, 7.30961119189e-06, 1.89767445136e-06, 5.37258927125e-07, 3.23778635902e-07, 8.30878903457e-08, 6.75475142486e-09],
        "dmean2": [9.98953328235e-05, 0.00297485664487, 0.00275569781661, 0.00169725657906, 0.00539277913049, 0.00310390465893, 0.000779129506554, 0.000835418177303, 0.000782340590376, 0.000402203615522, 0.00105145107955, 0.000507424585521, 0.000102424302895, 4.96516622661e-05, 0.000653442577459, 7.99281770014e-05, 0.000463735370431, 7.20913012628e-05, 2.21184345719e-05, 0.000108281608846, 1.7068343368e-05, 1.25275319078e-05, 3.15087504532e-06, 8.79812091625e-07, 5.19443631219e-07, 1.34417859954e-07, 1.16539720096e-08],
        "dvar": [2.83836865123e-08, 1.03427128124e-05, 8.50520245876e-06, 3.11638564199e-06, 2.10387879633e-05, 6.53885945212e-06, 1.09079144295e-06, 6.42852171495e-07, 9.9241992757e-07, 2.51888366165e-07, 7.45746092434e-07, 6.66055939291e-07, 2.84553980379e-08, 4.69804817271e-09, 2.74353055829e-07, 6.35787245074e-09, 4.02804317901e-07, 9.06345665186e-09, 5.53731394071e-10, 7.80005748879e-09, 2.69478106496e-10, 6.58445312163e-11, 6.3253074653e-12, 5.02852317077e-13, 2.87775093468e-13, 1.03961689924e-14, 4.24531391152e-17],
        "dvar2": [6.98281681366e-08, 2.81336178887e-05, 2.53962389252e-05, 7.45889065001e-06, 5.40235923836e-05, 1.68373626366e-05, 2.38701773014e-06, 1.24619066355e-06, 1.76562502929e-06, 4.66217954909e-07, 2.20828269448e-06, 1.70352723217e-06, 5.16873726042e-08, 1.03606154767e-08, 7.25082713871e-07, 1.50135051058e-08, 1.15688260394e-06, 1.9027355691e-08, 1.55043367034e-09, 2.04744061705e-08, 7.74371178291e-10, 1.76875070146e-10, 1.68326689393e-11, 1.1498257858e-12, 6.86220448954e-13, 2.72520907615e-14, 1.21137887556e-16],
        "max": [0.00287611503154, 0.0424072742462, 0.039204403758, 0.0237865243107, 0.0765719264746, 0.0349796973169, 0.0224536769092, 0.0179180949926, 0.0205770116299, 0.00745076965541, 0.0112110376358, 0.0113636869937, 0.0029893273022, 0.00127176998649, 0.00606864318252, 0.00114431837574, 0.00685307523236, 0.00177737639751, 0.000373107730411, 0.00091071188217, 0.000178515139851, 6.90182641847e-05, 3.09159840981e-05, 1.20552977023e-05, 9.70471137407e-06, 1.28251679143e-06, 5.55970132154e-08],
        "mean": [0.000101546553196, 0.00288503617048, 0.0019353661919, 0.00190961023327, 0.00727010006085, 0.00504038063809, 0.00148150708992, 0.00157897581812, 0.00168750819284, 0.000565082882531, 0.0012866309844, 0.000566814560443, 0.000179063266842, 6.95351482136e-05, 0.000619196507614, 8.19564302219e-05, 0.000366504129488, 0.000106030835013, 2.41988909693e-05, 0.000104137165181, 1.98017060029e-05, 1.38702653203e-05, 4.12246617998e-06, 1.22247570289e-06, 8.04296064416e-07, 1.95886713072e-07, 1.63488120819e-08],
        "median": [1.03664715425e-05, 0.00118159432895, 0.000915733049624, 0.000743508571759, 0.00427595898509, 0.00254558725283, 0.00034734988003, 0.00046286941506, 0.000624494277872, 0.00018475856632, 0.000807811738923, 0.00019813462859, 4.01571451221e-05, 2.60312917817e-05, 0.000395767856389, 5.15759602422e-05, 7.05892161932e-05, 4.66360434075e-05, 1.30241642182e-05, 7.09598534741e-05, 6.39153313386e-06, 1.12183552119e-05, 3.29385875375e-06, 9.80687900665e-07, 6.38699589217e-07, 1.59634794272e-07, 1.47765177871e-08],
        "min": [2.31601830936e-23, 9.61550572201e-23, 1.14784547078e-23, 4.07311486231e-24, 1.00957077587e-23, 3.06292348956e-23, 4.93116762527e-23, 4.94140703982e-23, 6.17181863724e-23, 7.76632046577e-23, 5.16661799302e-23, 7.96245337491e-23, 2.02290252498e-22, 6.69297675438e-23, 2.12962328856e-22, 1.68479674101e-22, 1.96859645675e-22, 1.83147968343e-22, 3.63875963863e-22, 3.38525508466e-22, 3.77865055177e-22, 6.77325212362e-22, 8.11407080007e-22, 9.04755048271e-22, 1.32380290886e-21, 1.65942770636e-21, 2.11110103645e-21],
        "var": [8.33590405591e-08, 1.99131827685e-05, 9.52342543314e-06, 9.55200266617e-06, 7.78621833888e-05, 3.79418415832e-05, 1.11145764095e-05, 6.22740435574e-06, 5.94015318711e-06, 8.4686109858e-07, 2.36571554524e-06, 1.35658592626e-06, 1.29294804196e-07, 2.03804439991e-08, 4.83889323277e-07, 1.24657084655e-08, 5.61896683848e-07, 4.24312460723e-08, 1.04504127574e-09, 1.35281936764e-08, 7.12680914283e-10, 1.17597542815e-10, 1.34668847254e-11, 1.11268676564e-12, 5.67381211458e-13, 2.15279420538e-14, 1.03347442807e-16]
    },
    "erbbands": {
        "dmean": [0.043653845787, 0.463287770748, 1.49910390377, 2.83037853241, 6.34797668457, 14.3784856796, 17.1750965118, 19.2475910187, 9.21162605286, 7.98592376709, 10.1058988571, 14.8485336304, 7.11666727066, 22.5473537445, 12.4633216858, 15.6460599899, 4.89504671097, 1.66759538651, 6.9984498024, 18.8974494934, 6.51051092148, 10.3921508789, 3.28234219551, 0.470927506685, 2.55503082275, 1.89325046539, 0.418162971735, 0.245152950287, 0.359534919262, 0.0663279891014, 0.0675075277686, 0.0192862339318, 0.00663137203082, 0.00516912247986, 0.00186187110376, 0.000534628517926, 0.000115123242722, 1.76623598236e-05, 2.84763086711e-06, 6.70670533509e-06],
        "dmean2": [0.0711368322372, 0.741765797138, 2.62632870674, 4.71990203857, 9.55305576324, 22.7799968719, 29.7364559174, 29.7045459747, 14.0815458298, 12.8604717255, 13.8764152527, 20.1365184784, 9.97188186646, 35.4131889343, 19.8887825012, 24.5570240021, 7.0564250946, 2.47560167313, 11.5181589127, 31.8486042023, 11.3173427582, 17.5918712616, 5.01508569717, 0.698597729206, 4.40524482727, 3.24028515816, 0.702100634575, 0.422428429127, 0.615896105766, 0.113318301737, 0.111242823303, 0.0316472202539, 0.0110216997564, 0.00835706666112, 0.00309739564545, 0.000881305371877, 0.000186686884263, 2.97200058412e-05, 4.52462882095e-06, 1.05796380012e-05],
        "dvar": [0.00955375749618, 0.583459317684, 6.91729164124, 28.074005127, 105.998962402, 435.883605957, 683.025634766, 726.207336426, 360.036956787, 132.877670288, 318.437744141, 730.945800781, 125.787979126, 851.825683594, 380.476928711, 1733.41552734, 88.4010848999, 9.75158786774, 83.2674407959, 565.535339355, 212.324264526, 549.595458984, 43.2818603516, 0.54389154911, 16.3327045441, 5.18017292023, 0.342949658632, 0.161344707012, 0.189830437303, 0.0078724399209, 0.012484206818, 0.000571697077248, 6.90505548846e-05, 0.000100854937045, 5.19173090652e-06, 3.81413144623e-07, 1.47802028394e-08, 2.71089733994e-10, 8.2258089229e-12, 4.69410829651e-11],
        "dvar2": [0.0270363017917, 1.5641078949, 20.0302619934, 74.6728134155, 246.125610352, 1112.78173828, 2142.27172852, 1621.46447754, 817.720153809, 318.583374023, 515.875488281, 1216.67150879, 245.055831909, 2336.13452148, 1025.36083984, 4432.47119141, 167.980041504, 20.6414108276, 222.793365479, 1457.65527344, 612.448547363, 1555.04919434, 91.1305236816, 0.963085234165, 42.5993995667, 14.0169115067, 0.985804140568, 0.452150732279, 0.507279515266, 0.0218640659004, 0.0337911918759, 0.00132707168814, 0.000169037448359, 0.000239717206568, 1.43583629324e-05, 1.00271063275e-06, 3.98848563066e-08, 7.130732671e-10, 1.94204340109e-11, 1.13590060968e-10],
        "max": [1.49981069565, 8.23430728912, 34.8536453247, 70.8212814331, 135.627059937, 361.652313232, 274.180297852, 448.780883789, 397.48526001, 164.183944702, 498.817260742, 584.478149414, 230.612258911, 350.043426514, 210.643127441, 586.818054199, 163.022628784, 72.3206558228, 90.8627243042, 297.2734375, 161.783966064, 251.953842163, 129.312393188, 18.479888916, 45.5679664612, 18.2988510132, 6.76696538925, 3.87587165833, 3.92795395851, 1.06071519852, 1.27990853786, 0.338018149137, 0.097893871367, 0.185697898269, 0.0287638939917, 0.00699115404859, 0.00142767932266, 0.000191582163097, 5.5872129451e-05, 0.000125480044517],
        "mean": [0.0698950886726, 0.700413048267, 2.00300502777, 5.02812814713, 11.9261798859, 27.6015396118, 30.3020935059, 55.4599227905, 30.9257640839, 19.9260864258, 31.3141345978, 45.0126152039, 21.8258037567, 47.3006515503, 26.6978740692, 27.2839374542, 11.6531009674, 4.18128919601, 12.5622014999, 29.8845005035, 10.573802948, 14.6344623566, 7.5123796463, 1.41844558716, 4.58670759201, 3.27944922447, 0.964120447636, 0.502612411976, 0.674099326134, 0.149637132883, 0.134372010827, 0.0446526966989, 0.0169182941318, 0.0111769055948, 0.00462313648313, 0.00127863604575, 0.000312926567858, 5.79296975047e-05, 1.50129299072e-05, 3.1562649383e-05],
        "median": [0.022637821734, 0.323186784983, 1.06357145309, 2.25210428238, 5.49304151535, 14.8742494583, 17.5052814484, 26.1789875031, 8.4162607193, 9.35971832275, 8.20540237427, 11.9140777588, 11.5551729202, 30.4700012207, 15.7033729553, 9.43056583405, 5.01259613037, 2.23922538757, 8.21265888214, 21.3926544189, 4.13982009888, 3.71608567238, 3.56699109077, 0.763949871063, 2.63131046295, 2.54338717461, 0.503395199776, 0.257098287344, 0.499160677195, 0.111059442163, 0.0797610580921, 0.034516684711, 0.0136790107936, 0.00826575607061, 0.00378968985751, 0.00104844744783, 0.000274166231975, 5.52907586098e-05, 1.40334250318e-05, 2.88355404336e-05],
        "min": [3.67240605823e-21, 1.78180100005e-20, 1.74070224051e-20, 1.71425588692e-20, 1.70067833109e-20, 2.85758913012e-20, 1.65024535532e-19, 2.52496442542e-19, 8.01116720138e-19, 7.3800795758e-19, 7.71938079127e-19, 8.11205997166e-19, 2.63500679555e-18, 3.28896048499e-18, 1.82327481491e-18, 4.02958140273e-18, 8.86538017975e-18, 4.0536846186e-18, 1.08500594389e-17, 7.63034079539e-18, 1.10652190424e-17, 9.62554013753e-18, 7.78020937877e-18, 1.70126269671e-17, 2.19559410258e-17, 1.16178708173e-17, 1.48000644123e-17, 1.44237716799e-17, 2.42587010089e-17, 2.23071784575e-17, 2.32868415442e-17, 2.16929372957e-17, 1.39326861307e-17, 1.86320183046e-17, 7.50417341809e-18, 6.24571696418e-18, 3.01191598436e-18, 1.36226121014e-18, 2.88915266208e-19, 2.86409477639e-20],
        "var": [0.0161108095199, 1.09234511852, 7.87546110153, 62.2343444824, 328.163482666, 1587.46826172, 1354.0300293, 5284.33789062, 3879.03955078, 705.330993652, 3636.22436523, 4792.05322266, 701.317321777, 2892.56176758, 1018.71569824, 3527.26391602, 361.121795654, 50.5050773621, 171.898254395, 969.298522949, 296.886901855, 844.405761719, 204.472366333, 3.88062953949, 30.9239444733, 8.58420944214, 1.10928750038, 0.350376993418, 0.351939082146, 0.0158213879913, 0.0244936048985, 0.00137689500116, 0.000150968626258, 0.000154350025696, 1.0957847735e-05, 8.87175872322e-07, 3.82197704596e-08, 7.53168916123e-10, 8.92989501788e-11, 4.70266936503e-10]
    },
    "gfcc": {
        "mean": [-65.6339035034, 156.191146851, -128.302383423, 25.4877243042, -52.6807022095, -4.12385082245, -29.6543254852, -4.69321632385, -18.5362243652, -9.66027736664, -15.8439645767, -1.92320537567, 6.61352014542],
        "cov": [[15816.0195312, 2193.03710938, -1515.5390625, -169.944198608, -593.106140137, -310.250427246, -287.886474609, -154.19380188, -182.518707275, -217.390274048, -14.4103517532, -87.1656646729, -4.85779714584], [2193.03710938, 580.021789551, -203.391586304, -154.810287476, -123.639724731, -125.887123108, -35.5674438477, -34.7835540771, 17.9511623383, -11.6143341064, 37.5315284729, -41.8482093811, -18.0597190857], [-1515.5390625, -203.391586304, 391.734558105, 185.540481567, 145.830978394, 104.091796875, 86.2831497192, 41.1938667297, 43.9374389648, 41.0043525696, -17.5132274628, -22.4183597565, 24.4631309509], [-169.944198608, -154.810287476, 185.540481567, 367.932434082, 163.021209717, 165.814376831, 53.868560791, 36.3786201477, 6.52325868607, 2.50729107857, -57.9329032898, 13.9318275452, 55.120300293], [-593.106140137, -123.639724731, 145.830978394, 163.021209717, 181.960220337, 107.347686768, 26.7660217285, 13.8326559067, 17.4039382935, -3.32919049263, -16.4522304535, 18.7335319519, 34.466053009], [-310.250427246, -125.887123108, 104.091796875, 165.814376831, 107.347686768, 160.254852295, 50.4339866638, 25.287197113, 4.93976926804, 0.435991048813, -23.3440895081, 20.4461402893, 34.7172164917], [-287.886474609, -35.5674438477, 86.2831497192, 53.868560791, 26.7660217285, 50.4339866638, 98.8993377686, 55.9425392151, 12.666800499, 32.4214324951, 16.8655395508, -30.0657196045, -4.30661773682], [-154.19380188, -34.7835540771, 41.1938667297, 36.3786201477, 13.8326559067, 25.287197113, 55.9425392151, 96.8239593506, 32.4451560974, 41.3498725891, 17.8318767548, -33.6233901978, -1.10164618492], [-182.518707275, 17.9511623383, 43.9374389648, 6.52325868607, 17.4039382935, 4.93976926804, 12.666800499, 32.4451560974, 76.9142837524, 43.2720298767, 11.2090044022, -10.922750473, 7.01530838013], [-217.390274048, -11.6143341064, 41.0043525696, 2.50729107857, -3.32919049263, 0.435991048813, 32.4214324951, 41.3498725891, 43.2720298767, 93.4363555908, 31.2340488434, -47.7420158386, -2.41534590721], [-14.4103517532, 37.5315284729, -17.5132274628, -57.9329032898, -16.4522304535, -23.3440895081, 16.8655395508, 17.8318767548, 11.2090044022, 31.2340488434, 77.5774307251, -3.68031954765, -14.2364635468], [-87.1656646729, -41.8482093811, -22.4183597565, 13.9318275452, 18.7335319519, 20.4461402893, -30.0657196045, -33.6233901978, -10.922750473, -47.7420158386, -3.68031954765, 117.101119995, 28.3304347992], [-4.85779714584, -18.0597190857, 24.4631309509, 55.120300293, 34.466053009, 34.7172164917, -4.30661773682, -1.10164618492, 7.01530838013, -2.41534590721, -14.2364635468, 28.3304347992, 54.8580513]],
        "icov": [[0.000294229277642, -0.00101007462945, 0.000799497240223, -0.000759952992667, 0.000433004432125, -0.000350685790181, 0.000396901974455, -0.000285775779048, 0.000495064654388, 0.000125854989165, -8.45737395139e-06, 0.000236206236877, -0.000106049039459], [-0.00101007462945, 0.0064986795187, -0.00122513074894, 0.0020020918455, -0.000651522714179, 0.00274219689891, -0.00300051481463, 0.00318595371209, -0.00486100604758, 0.00221437658183, -0.00189829198644, 0.00162671657745, -0.00152660708409], [0.000799497240223, -0.00122513074894, 0.00786607898772, -0.00334901036695, -0.00139600993134, 0.000791935715824, -0.00365987815894, 0.00192073977087, -0.00191994826309, 0.000538679538295, 0.00027366518043, 0.00206794170663, -0.00107580015901], [-0.000759952992667, 0.0020020918455, -0.00334901036695, 0.00921768508852, -0.00408767489716, -0.00305662048049, -0.000700096075889, -0.00146867905278, 0.00130024412647, -0.00225674989633, 0.0041491012089, -0.00137032405473, -0.00123957137112], [0.000433004432125, -0.000651522714179, -0.00139600993134, -0.00408767489716, 0.0140650514513, -0.00534174218774, 0.00316390022635, 0.000560916028917, -0.0026473144535, 0.00431282399222, -0.00407043425366, 0.00186417426448, -0.00213357480243], [-0.000350685790181, 0.00274219689891, 0.000791935715824, -0.00305662048049, -0.00534174218774, 0.017494443804, -0.0083022704348, 0.00159271177836, -0.00116953381803, 0.000183708121767, 0.00148567580618, -0.00184098293539, -0.00325141707435], [0.000396901974455, -0.00300051481463, -0.00365987815894, -0.000700096075889, 0.00316390022635, -0.0083022704348, 0.0244221966714, -0.0108848931268, 0.00562147889286, -0.00185910903383, -0.00374961039051, 0.00141267396975, 0.00384450214915], [-0.000285775779048, 0.00318595371209, 0.00192073977087, -0.00146867905278, 0.000560916028917, 0.00159271177836, -0.0108848931268, 0.0213235523552, -0.00891090091318, 0.000638890778646, -0.00333602260798, 0.00424503814429, -0.00203431048431], [0.000495064654388, -0.00486100604758, -0.00191994826309, 0.00130024412647, -0.0026473144535, -0.00116953381803, 0.00562147889286, -0.00891090091318, 0.0254630371928, -0.0125000355765, 0.00410724664107, -0.00510472292081, 0.000554552825633], [0.000125854989165, 0.00221437658183, 0.000538679538295, -0.00225674989633, 0.00431282399222, 0.000183708121767, -0.00185910903383, 0.000638890778646, -0.0125000355765, 0.026439614594, -0.0107826543972, 0.0109367128462, -0.0058752624318], [-8.45737395139e-06, -0.00189829198644, 0.00027366518043, 0.0041491012089, -0.00407043425366, 0.00148567580618, -0.00374961039051, -0.00333602260798, 0.00410724664107, -0.0107826543972, 0.0224317088723, -0.00713491393253, 0.0048451940529], [0.000236206236877, 0.00162671657745, 0.00206794170663, -0.00137032405473, 0.00186417426448, -0.00184098293539, 0.00141267396975, 0.00424503814429, -0.00510472292081, 0.0109367128462, -0.00713491393253, 0.017258208245, -0.00842880923301], [-0.000106049039459, -0.00152660708409, -0.00107580015901, -0.00123957137112, -0.00213357480243, -0.00325141707435, 0.00384450214915, -0.00203431048431, 0.000554552825633, -0.0058752624318, 0.0048451940529, -0.00842880923301, 0.0283819530159]]
    },
    "melbands": {
        "dmean": [0.000449416780612, 0.000707705912646, 0.0005332492874, 0.000684231636114, 0.000625184911769, 0.000390803877963, 0.000122720157378, 9.70387118286e-05, 7.49370738049e-05, 9.93635185296e-05, 3.59543482773e-05, 8.86418201844e-05, 5.61848391953e-05, 3.47816348949e-05, 2.83322169707e-05, 7.38337712392e-06, 2.58917430074e-06, 5.34462651558e-06, 4.09087624575e-05, 7.91073944129e-06, 1.12087800517e-05, 1.60114577739e-05, 2.61726518147e-06, 2.36446317103e-06, 2.39578497485e-07, 6.928881362e-07, 3.75885088033e-06, 6.6985705871e-07, 1.60331495636e-07, 4.60337673758e-07, 4.67802792059e-08, 2.41395383682e-07, 1.19170842083e-07, 2.30649792599e-08, 4.02232274155e-08, 3.28630740398e-08, 6.55595178145e-09, 2.85262902189e-09, 1.03741468749e-08, 2.7832647298e-09],
        "dmean2": [0.0007355302223, 0.00121498550288, 0.0008596687112, 0.00108807836659, 0.00105756998528, 0.000609022274148, 0.000188849240658, 0.000155317364261, 9.98359537334e-05, 0.000136655609822, 5.0692808145e-05, 0.000137851864565, 9.19781232369e-05, 5.43992136954e-05, 4.41796801169e-05, 1.03265028883e-05, 3.91972707803e-06, 8.71195607033e-06, 6.88336003805e-05, 1.32101276904e-05, 1.96038890863e-05, 2.71925091511e-05, 4.03465446652e-06, 3.51631229023e-06, 3.5954252553e-07, 1.17452520954e-06, 6.43044631943e-06, 1.12942063879e-06, 2.5441400453e-07, 8.02086674412e-07, 7.78836479753e-08, 4.0972804527e-07, 2.07469810221e-07, 3.88519758587e-08, 6.59883099274e-08, 5.43128670927e-08, 1.07154072282e-08, 4.54751036827e-09, 1.76830496912e-08, 4.39202674229e-09],
        "dvar": [7.33987008061e-07, 1.31672823045e-06, 6.9994422347e-07, 9.89241584648e-07, 8.11554286884e-07, 2.87324326109e-07, 6.29619307801e-08, 1.97086134079e-08, 1.80147416984e-08, 3.26497975323e-08, 3.42292616473e-09, 1.28443682357e-08, 5.9918532358e-09, 5.64475044484e-09, 4.20404733248e-09, 2.39645137068e-10, 3.22482839044e-11, 9.36113894734e-11, 3.17780712855e-09, 9.45361150473e-11, 7.92589605059e-10, 1.42391221036e-09, 1.98803664503e-11, 2.02298247598e-11, 1.67612234855e-13, 1.26053063387e-12, 3.45229261844e-11, 1.24077874711e-12, 6.14873684737e-14, 6.87439959558e-13, 4.6891383971e-15, 1.13646119154e-13, 3.5289716841e-14, 1.11667212173e-15, 5.47822412637e-15, 1.7147696032e-15, 9.99735583764e-17, 1.29627994917e-17, 2.28576578907e-16, 4.45447976429e-17],
        "dvar2": [1.99836949832e-06, 3.71029091184e-06, 1.80141137207e-06, 2.27872874348e-06, 2.48151513915e-06, 6.67787105613e-07, 1.43254979434e-07, 4.4785110731e-08, 2.68184496832e-08, 5.61942954391e-08, 6.84561074493e-09, 3.40496804085e-08, 1.70411897926e-08, 1.46039838e-08, 1.05734008216e-08, 4.32907515391e-10, 7.34591831808e-11, 2.37342451248e-10, 8.32219715363e-09, 2.412576805e-10, 2.29114949235e-09, 4.04696010037e-09, 4.41327217826e-11, 4.02161706714e-11, 3.50310519525e-13, 3.38434640555e-12, 9.1355832621e-11, 3.43194244724e-12, 1.4911047386e-13, 1.97161102548e-12, 1.17167873778e-14, 3.02706400527e-13, 1.02114328007e-13, 3.07554529126e-15, 1.49729302578e-14, 4.43435893338e-15, 2.37613123435e-16, 2.84424200742e-17, 5.83953990018e-16, 1.04052597735e-16],
        "max": [0.0127716148272, 0.0131827145815, 0.0102234240621, 0.0179400127381, 0.00823984481394, 0.00877541303635, 0.00523358164355, 0.00207296898589, 0.0038739410229, 0.0039160749875, 0.00116581248585, 0.00131731561851, 0.000914542237297, 0.00106911372859, 0.000822834321298, 0.000282587599941, 0.000121111894259, 0.000159322880791, 0.000644455372822, 0.000102540354419, 0.000303459382849, 0.000399089622078, 7.16435242794e-05, 8.68841379997e-05, 9.07555840968e-06, 1.24773550851e-05, 5.94016637478e-05, 1.27168459585e-05, 3.6583955989e-06, 8.80360767042e-06, 6.2641936438e-07, 3.14471139973e-06, 2.26945417126e-06, 3.76941272862e-07, 8.10087044556e-07, 4.03769092827e-07, 1.31095731604e-07, 4.52634303372e-08, 1.75027878413e-07, 1.24525641354e-07],
        "mean": [0.000735596520826, 0.00103882874828, 0.00102740025613, 0.00138350541238, 0.00120485178195, 0.00113503437024, 0.000404317863286, 0.000232568141655, 0.000245787814492, 0.000282364460872, 0.0001000077973, 0.000182704636245, 0.000117492432764, 6.10326278547e-05, 5.15194915351e-05, 1.77487581823e-05, 5.52513756702e-06, 8.7585831352e-06, 6.31694347248e-05, 1.27862913359e-05, 1.60617837537e-05, 2.14092760871e-05, 5.37347159479e-06, 5.21984520674e-06, 6.00037310505e-07, 1.32468164793e-06, 6.10649885857e-06, 1.118012392e-06, 3.55796146323e-07, 8.43428665576e-07, 8.41119032202e-08, 4.41750245272e-07, 2.02359416335e-07, 4.12174507858e-08, 7.57228377779e-08, 6.24559461926e-08, 1.40017295536e-08, 6.5638023905e-09, 2.11734452193e-08, 4.94996532652e-09],
        "median": [0.00028632755857, 0.000580876134336, 0.00051066064043, 0.00075154309161, 0.000682119745761, 0.000551613164134, 0.000112554065709, 9.66989900917e-05, 5.49116266484e-05, 8.54716054164e-05, 4.93348488817e-05, 0.000119331984024, 7.46475998312e-05, 2.60314700427e-05, 1.68943479366e-05, 4.31987791671e-06, 2.55676127381e-06, 4.0081449697e-06, 3.87544569094e-05, 9.22295475903e-06, 1.96671953745e-06, 3.05022126668e-06, 2.62806111095e-06, 2.18196782953e-06, 2.741650178e-07, 7.41902965729e-07, 3.41756231137e-06, 5.00057922181e-07, 1.70426787349e-07, 2.32656731214e-07, 5.24274916813e-08, 2.73567366094e-07, 1.16456838839e-07, 2.65478785622e-08, 3.06314227316e-08, 4.98660028825e-08, 7.21759452205e-09, 5.34382271766e-09, 1.66285971659e-08, 2.52049403571e-09],
        "min": [3.07895724524e-23, 1.4422540404e-23, 2.676128185e-24, 1.49451867862e-24, 4.43316912325e-24, 6.70111543234e-24, 1.12324074137e-23, 9.54180039659e-24, 5.43995048695e-24, 7.18246967923e-24, 1.2442811132e-23, 1.26899612536e-23, 6.25017177334e-24, 8.41963471486e-24, 1.55087324508e-23, 1.87160373653e-23, 5.53694842943e-24, 1.7056016852e-23, 1.25908803239e-23, 1.18816501939e-23, 1.32573060723e-23, 1.16238094293e-23, 6.12713944884e-24, 8.48925326747e-24, 1.42292300392e-23, 1.62450946628e-23, 1.73652708373e-23, 5.01823412449e-24, 7.38574099071e-24, 1.18463100142e-23, 6.54026866591e-24, 1.48625244185e-23, 1.20521727338e-23, 1.14173448089e-23, 1.32516278515e-23, 1.6833460258e-23, 1.1709823667e-23, 8.39226913006e-24, 1.10467663546e-23, 1.84897857468e-23],
