{
"metadata": {
    "version": {
        "essentia": "2.0.1",
        "extractor": "archive-music 1.0"
    },
    "audio_properties": {
        "analysis_sample_rate": 44100,
        "bitrate": 128,
        "channels": 2,
        "equal_loudness": 0,
        "length": 15.9085712433,
        "replay_gain": -4.02573776245,
        "downmix": "mix"
    },
    "tags": {
        "track": 0,
        "year": 0,
        "album": "",
        "artist": "",
        "comment": "",
        "genre": "",
        "title": ""
    }
},
"highlevel": {
    "culture": {
        "all": {
            "non_western": 0.0245762653649,
            "western": 0.975423753262
        },
        "probability": 0.975423753262,
        "value": "western"
    },
    "danceability": {
        "all": {
            "danceable": 0.450329899788,
            "not_danceable": 0.549670100212
        },
        "probability": 0.549670100212,
        "value": "not_danceable"
    },
    "gender": {
        "all": {
            "female": 0.821216166019,
            "male": 0.178783863783
        },
        "probability": 0.821216166019,
        "value": "female"
    },
    "genre_dortmund": {
        "all": {
            "alternative": 0.277566194534,
            "blues": 0.0086759859696,
            "electronic": 0.208024680614,
            "folkcountry": 0.100661493838,
            "funksoulrnb": 0.026894999668,
            "jazz": 0.00866908952594,
            "pop": 0.0639201402664,
            "raphiphop": 0.0238320156932,
            "rock": 0.281755417585
        },
        "probability": 0.281755417585,
        "value": "rock"
    },
    "genre_electronic": {
        "all": {
            "ambient": 0.891824126244,
            "dnb": 0.0401267260313,
            "house": 0.0374257750809,
            "techno": 0.00760913593695,
            "trance": 0.0230142269284
        },
        "probability": 0.891824126244,
        "value": "ambient"
    },
    "genre_rosamerica": {
        "all": {
            "cla": 0.692206382751,
            "dan": 0.0558109506965,
            "hip": 0.0189627408981,
            "jaz": 0.0117718884721,
            "pop": 0.126506656408,
            "rhy": 0.0223748646677,
            "roc": 0.065370939672,
            "spe": 0.00699555035681
        },
        "probability": 0.692206382751,
        "value": "cla"
    },
    "genre_tzanetakis": {
        "all": {
            "blu": 0.010597079061,
            "cla": 0.330792963505,
            "cou": 0.0143528636545,
            "dis": 0.0948449596763,
            "hip": 0.0304264836013,
            "jaz": 0.0113719571382,
            "met": 0.00765700126067,
            "pop": 0.269768983126,
            "reg": 0.050523377955,
            "roc": 0.179664313793
        },
        "probability": 0.330792963505,
        "value": "cla"
    },
    "mirex_ballroom": {
        "all": {
            "ChaChaCha": 0.0207000635564,
            "Jive": 0.0383629500866,
            "Quickstep": 0.0867906883359,
            "Rumba-American": 0.00457018287852,
            "Rumba-International": 0.068278439343,
            "Rumba-Misc": 0.0386886671185,
            "Samba": 0.0180644933134,
            "Tango": 0.0314416959882,
            "VienneseWaltz": 0.583605587482,
            "Waltz": 0.109497234225
        },
        "probability": 0.583605587482,
        "value": "VienneseWaltz"
    },
    "mood_acoustic": {
        "all": {
            "acoustic": 0.196828454733,
            "not_acoustic": 0.803171515465
        },
        "probability": 0.803171515465,
        "value": "not_acoustic"
    },
    "mood_aggressive": {
        "all": {
            "aggressive": 0.192792639136,
            "not_aggressive": 0.807207345963
        },
        "probability": 0.807207345963,
        "value": "not_aggressive"
    },
    "mood_electronic": {
        "all": {
            "electronic": 0.73428183794,
            "not_electronic": 0.26571816206
        },
        "probability": 0.73428183794,
        "value": "electronic"
    },
    "mood_happy": {
        "all": {
            "happy": 0.127057358623,
            "not_happy": 0.872942626476
        },
        "probability": 0.872942626476,
        "value": "not_happy"
    },
    "mood_party": {
        "all": {
            "not_party": 0.409779906273,
            "party": 0.590220093727
        },
        "probability": 0.590220093727,
        "value": "party"
    },
    "mood_relaxed": {
        "all": {
            "not_relaxed": 0.02224608697,
            "relaxed": 0.977753937244
        },
        "probability": 0.977753937244,
        "value": "relaxed"
    },
    "mood_sad": {
        "all": {
            "not_sad": 0.596477150917,
            "sad": 0.403522878885
        },
        "probability": 0.596477150917,
        "value": "not_sad"
    },
    "moods_mirex": {
        "all": {
            "Cluster1": 0.1645154953,
            "Cluster2": 0.262012571096,
            "Cluster3": 0.13980256021,
            "Cluster4": 0.322904825211,
            "Cluster5": 0.110764563084
        },
        "probability": 0.322904825211,
        "value": "Cluster4"
    },
    "timbre": {
        "all": {
            "bright": 0.000263728637947,
            "dark": 0.999736249447
        },
        "probability": 0.999736249447,
        "value": "dark"
    },
    "tonal_atonal": {
        "all": {
            "atonal": 0.989188492298,
            "tonal": 0.0108115337789
        },
        "probability": 0.989188492298,
        "value": "atonal"
    },
    "voice_instrumental": {
        "all": {
            "instrumental": 1.18055131679e-05,
            "voice": 0.99998819828
        },
        "probability": 0.99998819828,
        "value": "voice"
    }
},
"lowlevel": {
    "average_loudness": 0.792658567429,
    "barkbands_kurtosis": {
        "dmean": 0.728509366512,
        "dmean2": 1.20049548149,
        "dvar": 0.649316906929,
        "dvar2": 1.77782344818,
        "max": 7.01293945312,
        "mean": 0.576793968678,
        "median": 0.235674858093,
        "min": -1.8114054203,
        "var": 1.85396039486
    },
    "barkbands_skewness": {
        "dmean": 0.301203489304,
        "dmean2": 0.497952371836,
        "dvar": 0.0866857618093,
        "dvar2": 0.22225381434,
        "max": 2.43189096451,
        "mean": 0.775086343288,
        "median": 0.741398453712,
        "min": -2.40409684181,
        "var": 0.404171258211
    },
    "barkbands_spread": {
        "dmean": 2.5080575943,
        "dmean2": 3.80825185776,
        "dvar": 25.8985652924,
        "dvar2": 57.9408798218,
        "max": 117.306045532,
        "mean": 16.4157314301,
        "median": 11.8012046814,
        "min": 4.78669643402,
        "var": 141.092391968
    },
    "dissonance": {
        "dmean": 0.0224884524941,
        "dmean2": 0.0379717387259,
        "dvar": 0.000534776772838,
        "dvar2": 0.00126501230989,
        "max": 0.500000119209,
        "mean": 0.460321545601,
        "median": 0.46828109026,
        "min": 0.180348530412,
        "var": 0.00104783149436
    },
    "dynamic_complexity": 3.71321749687,
    "erbbands_kurtosis": {
        "dmean": 0.512186825275,
        "dmean2": 0.829935312271,
        "dvar": 0.263856291771,
        "dvar2": 0.736630260944,
        "max": 4.64497613907,
        "mean": 0.586961627007,
        "median": 0.38560795784,
        "min": -1.31880021095,
        "var": 1.2360227108
    },
    "erbbands_skewness": {
        "dmean": 0.21330486238,
        "dmean2": 0.355924099684,
        "dvar": 0.0388105101883,
        "dvar2": 0.0938017368317,
        "max": 1.45782494545,
        "mean": 0.149419784546,
        "median": 0.178903698921,
        "min": -1.34865820408,
        "var": 0.195385575294
    },
    "erbbands_spread": {
        "dmean": 2.90419220924,
        "dmean2": 4.68527364731,
        "dvar": 15.9547739029,
        "dvar2": 41.5348930359,
        "max": 73.5290985107,
        "mean": 21.3249111176,
        "median": 16.7979412079,
        "min": 6.85476827621,
        "var": 152.60395813
    },
    "hfc": {
        "dmean": 2.97287082672,
        "dmean2": 4.0811715126,
        "dvar": 64.9351654053,
        "dvar2": 73.8713302612,
        "max": 218.395050049,
        "mean": 16.672170639,
        "median": 9.18906879425,
        "min": 1.15888572919e-16,
        "var": 739.633361816
    },
    "melbands_kurtosis": {
        "dmean": 1.5166323185,
        "dmean2": 2.54705643654,
        "dvar": 3.22678852081,
        "dvar2": 9.08494567871,
        "max": 17.4375190735,
        "mean": 2.59813380241,
        "median": 1.7655916214,
        "min": -1.46679568291,
        "var": 8.03682327271
    },
    "melbands_skewness": {
        "dmean": 0.369826883078,
        "dmean2": 0.617587685585,
        "dvar": 0.139865636826,
        "dvar2": 0.378351509571,
        "max": 3.57171106339,
        "mean": 1.38613784313,
        "median": 1.27836561203,
        "min": -0.794479072094,
        "var": 0.475652784109
    },
    "melbands_spread": {
        "dmean": 3.94934821129,
        "dmean2": 6.10730266571,
        "dvar": 92.107383728,
        "dvar2": 204.462631226,
        "max": 177.755935669,
        "mean": 23.1376419067,
        "median": 15.0876092911,
        "min": 4.93550395966,
        "var": 556.986816406
    },
    "pitch_salience": {
        "dmean": 0.0583192296326,
        "dmean2": 0.0966223403811,
        "dvar": 0.00278063281439,
        "dvar2": 0.00727224769071,
        "max": 0.996098577976,
        "mean": 0.61555814743,
        "median": 0.637089729309,
        "min": 0.282914787531,
        "var": 0.0107669271529
    },
    "silence_rate_20dB": {
        "dmean": 0,
        "dmean2": 0,
        "dvar": 0,
        "dvar2": 0,
        "max": 1,
        "mean": 1,
        "median": 1,
        "min": 1,
        "var": 0
    },
    "silence_rate_30dB": {
        "dmean": 0,
        "dmean2": 0,
        "dvar": 0,
        "dvar2": 0,
        "max": 1,
        "mean": 1,
        "median": 1,
        "min": 1,
        "var": 0
    },
    "silence_rate_60dB": {
        "dmean": 0.00874635577202,
        "dmean2": 0.017518248409,
        "dvar": 0.00866985972971,
        "dvar2": 0.0172114949673,
        "max": 1,
        "mean": 0.0873362421989,
        "median": 0,
        "min": 0,
        "var": 0.0797085464001
    },
    "spectral_centroid": {
        "dmean": 108.822250366,
        "dmean2": 173.174911499,
        "dvar": 99588.0234375,
        "dvar2": 187994.734375,
        "max": 10829.734375,
        "mean": 1046.609375,
        "median": 675.912719727,
        "min": 380.791473389,
        "var": 816838.625
    },
    "spectral_complexity": {
        "dmean": 2.23615169525,
        "dmean2": 3.57372260094,
        "dvar": 5.83053159714,
        "dvar2": 10.4664211273,
        "max": 58,
        "mean": 19.0844249725,
        "median": 16,
        "min": 0,
        "var": 138.126922607
    },
    "spectral_crest": {
        "dmean": 1.77434575558,
        "dmean2": 2.96988773346,
        "dvar": 3.13034009933,
        "dvar2": 8.71609592438,
        "max": 20.176864624,
        "mean": 7.62438392639,
        "median": 6.84294128418,
        "min": 2.48049354553,
        "var": 10.1764945984
    },
    "spectral_decrease": {
        "dmean": 1.38811484529e-09,
        "dmean2": 2.3742574573e-09,
        "dvar": 5.40991382092e-18,
        "dvar2": 1.60172110528e-17,
        "max": 2.44544858711e-19,
        "mean": -5.82794923432e-09,
        "median": -3.59761553881e-09,
        "min": -2.96146680512e-08,
        "var": 2.7279212227e-17
    },
    "spectral_energy": {
        "dmean": 0.00543153705075,
        "dmean2": 0.00923541467637,
        "dvar": 7.93452491052e-05,
        "dvar2": 0.000231796700973,
        "max": 0.113779641688,
        "mean": 0.0235082022846,
        "median": 0.0143946707249,
        "min": 1.00395007881e-20,
        "var": 0.000424936384661
    },
    "spectral_energyband_high": {
        "dmean": 0.000218533459702,
        "dmean2": 0.00025451881811,
        "dvar": 9.10299661427e-07,
        "dvar2": 1.0434187061e-06,
        "max": 0.0261872112751,
        "mean": 0.000822315050755,
        "median": 8.38392406877e-06,
        "min": 7.31566934795e-21,
        "var": 7.90036574472e-06
    },
    "spectral_energyband_low": {
        "dmean": 0.00425384426489,
        "dmean2": 0.00733542488888,
        "dvar": 7.07239378244e-05,
        "dvar2": 0.000213590028579,
        "max": 0.0912264212966,
        "mean": 0.00947794411331,
        "median": 0.00307509396225,
        "min": 1.39378169322e-23,
        "var": 0.00021201960044
    },
    "spectral_energyband_middle_high": {
        "dmean": 0.000944505969528,
        "dmean2": 0.00154912832659,
        "dvar": 1.85692454124e-06,
        "dvar2": 4.23941082772e-06,
        "max": 0.0377332940698,
        "mean": 0.00507424585521,
        "median": 0.00355582195334,
        "min": 1.37966456032e-21,
        "var": 2.9096403523e-05
    },
    "spectral_energyband_middle_low": {
        "dmean": 0.00222249142826,
        "dmean2": 0.00365679315291,
        "dvar": 8.52970788401e-06,
        "dvar2": 2.36790547206e-05,
        "max": 0.0429122075438,
        "mean": 0.00885370094329,
        "median": 0.0073955883272,
        "min": 2.37658294759e-22,
        "var": 4.21692711825e-05
    },
    "spectral_flatness_db": {
        "dmean": 0.0130645567551,
        "dmean2": 0.0206891912967,
        "dvar": 0.000150838881382,
        "dvar2": 0.000347200897522,
        "max": 0.309170335531,
        "mean": 0.181051924825,
        "median": 0.199025183916,
        "min": 0.0358574837446,
        "var": 0.00480094412342
    },
    "spectral_flux": {
        "dmean": 0.0111185861751,
        "dmean2": 0.018413271755,
        "dvar": 0.00020868665888,
        "dvar2": 0.000587315822486,
        "max": 0.207745581865,
        "mean": 0.0611976794899,
        "median": 0.0519459992647,
        "min": 6.70582617213e-11,
        "var": 0.00125452585053
    },
    "spectral_kurtosis": {
        "dmean": 5.47334766388,
        "dmean2": 9.67685317993,
        "dvar": 44.7783432007,
        "dvar2": 135.112106323,
        "max": 78.0452270508,
        "mean": 17.8428230286,
        "median": 12.6048088074,
        "min": -1.18469333649,
        "var": 304.172943115
    },
    "spectral_rms": {
        "dmean": 0.000476887973491,
        "dmean2": 0.000784971751273,
        "dvar": 3.3381280673e-07,
        "dvar2": 9.22872800402e-07,
        "max": 0.0105358688161,
        "mean": 0.00431519653648,
        "median": 0.0037474767305,
        "min": 3.12963825862e-12,
        "var": 4.31393073086e-06
    },
    "spectral_rolloff": {
        "dmean": 256.075317383,
        "dmean2": 407.338409424,
        "dvar": 659470.375,
        "dvar2": 1095652.375,
        "max": 19422.9492188,
        "mean": 1585.68688965,
        "median": 925.927734375,
        "min": 279.931640625,
        "var": 5595446.5
    },
    "spectral_skewness": {
        "dmean": 0.374520540237,
        "dmean2": 0.648771822453,
        "dvar": 0.154056385159,
        "dvar2": 0.458880752325,
        "max": 6.94241094589,
        "mean": 2.71810173988,
        "median": 2.59670615196,
        "min": 0.0181367583573,
        "var": 2.32803702354
    },
    "spectral_spread": {
        "dmean": 276813.09375,
        "dmean2": 430743.25,
        "dvar": 1.3445833687e+12,
        "dvar2": 2.51397223219e+12,
        "max": 39891888,
        "mean": 2816364,
        "median": 2123211.5,
        "min": 962624.4375,
        "var": 6.38420779008e+12
    },
    "spectral_strongpeak": {
        "dmean": 0.386202394962,
        "dmean2": 0.682223916054,
        "dvar": 0.39973244071,
        "dvar2": 1.10834956169,
        "max": 6.99974346161,
        "mean": 0.760460138321,
        "median": 0.541033804417,
        "min": 0,
        "var": 0.669352650642
    },
    "zerocrossingrate": {
        "dmean": 0.00631847325712,
        "dmean2": 0.00790160242468,
        "dvar": 0.000455759407487,
        "dvar2": 0.000767691002693,
        "max": 0.5234375,
        "mean": 0.0511565245688,
        "median": 0.0302734375,
        "min": 0.00634765625,
        "var": 0.00391366332769
    },
    "barkbands": {
        "dmean": [0.000110069086077, 0.00316312955692, 0.0015412386274, 0.000715121917892, 0.000708415638655, 0.00107805605512, 0.000815016799606, 0.000601145264227, 0.000331031158566, 0.000365058949683, 0.000613877549767, 0.000243956819759, 0.000187119687325, 0.000120618969959, 0.00014879234368, 7.5463874964e-05, 8.09891280369e-05, 7.41077456041e-05, 7.86369128036e-05, 5.64615147596e-05, 5.12210754096e-05, 5.04004456161e-05, 6.93761030561e-05, 7.3980052548e-05, 2.39883684117e-05, 2.25073904403e-06, 1.91434693875e-07],
        "dmean2": [0.000185747907381, 0.00543332239613, 0.00247307727113, 0.00117978383787, 0.00116795534268, 0.00184121285565, 0.00124705885537, 0.000881570507772, 0.000523615512066, 0.000606820336543, 0.00106059736572, 0.000393901136704, 0.00032568842289, 0.000198350273422, 0.000251641438808, 0.000127611216158, 0.000134323025122, 0.000124517653603, 0.000129547421238, 9.07371068024e-05, 7.57434754632e-05, 7.34600471333e-05, 9.42997721722e-05, 9.47976877796e-05, 2.56811454165e-05, 2.70190594165e-06, 2.4496421247e-07],
        "dvar": [7.86006353337e-08, 4.41427837359e-05, 1.18892812679e-05, 1.33034870942e-06, 9.51841116148e-07, 2.71507474281e-06, 1.00533281966e-06, 1.02458966467e-06, 2.36115852204e-07, 1.85236913808e-07, 7.40123994092e-07, 1.0980479459e-07, 1.47434050746e-07, 5.02910566524e-08, 1.34429086529e-07, 2.523720255e-08, 3.91138179623e-08, 4.90135221298e-08, 6.73818050245e-08, 3.78839573045e-08, 3.04571123877e-08, 3.89252718946e-08, 9.27867418454e-08, 1.34870575152e-07, 1.68877143381e-08, 1.19866686021e-10, 1.02324171272e-12],
        "dvar2": [2.52161839853e-07, 0.000140603588079, 2.9085938877e-05, 3.51835342371e-06, 2.3986128781e-06, 8.86759244167e-06, 2.37411722992e-06, 2.28960675486e-06, 6.09149140018e-07, 4.48215928373e-07, 2.05495803129e-06, 2.84151894903e-07, 4.38602114627e-07, 1.34711299893e-07, 4.11071113149e-07, 7.11298540068e-08, 1.14689328257e-07, 1.37069093853e-07, 1.81274586453e-07, 9.75306235773e-08, 6.82139287278e-08, 7.86940432818e-08, 1.58350843549e-07, 1.73077978616e-07, 1.96131573205e-08, 1.49123366433e-10, 1.47348929933e-12],
        "max": [0.00289728818461, 0.0791905373335, 0.0525557808578, 0.0175288207829, 0.0122857019305, 0.0172932129353, 0.0111293364316, 0.0158607251942, 0.00769816711545, 0.00613941531628, 0.0157796777785, 0.00500269886106, 0.00537100760266, 0.00312377675436, 0.00538819981739, 0.00216031586751, 0.00316664273851, 0.00385838281363, 0.00396274868399, 0.00353172048926, 0.00372211285867, 0.00522048538551, 0.00791249703616, 0.00885148067027, 0.00331675633788, 0.000231065627304, 2.48884334724e-05],
        "mean": [0.000220659669139, 0.00585961574689, 0.00278184795752, 0.00107898225542, 0.00142953800969, 0.00206910190172, 0.00200357963331, 0.00119424052536, 0.000772525381763, 0.000976530311164, 0.00204178784043, 0.000516548519954, 0.000352867413312, 0.000259454682237, 0.000292485230602, 0.000174639295437, 0.000203105111723, 0.000189924554434, 0.000168434620718, 0.000170820203493, 0.00014995172387, 0.000184121279744, 0.000191717990674, 0.000179051756277, 4.27701925219e-05, 3.686509217e-06, 2.50627863352e-07],
        "median": [2.71424755738e-06, 0.00135558645707, 0.000951039022766, 0.000586671987548, 0.000924746680539, 0.0014010227751, 0.00159959204029, 0.000693958369084, 0.000491763232276, 0.000719560543075, 0.00151527684648, 0.000343679799698, 0.000183040057891, 9.95538866846e-05, 0.000127432169393, 7.72732746555e-05, 6.32545852568e-05, 2.79661762761e-05, 1.24306998259e-05, 5.63345656701e-06, 2.30088949138e-06, 1.32489367388e-06, 8.36604328924e-07, 6.7560131356e-07, 3.21918804502e-07, 1.16908935865e-07, 9.42364053458e-09],
        "min": [7.36472208771e-25, 9.68499679469e-24, 2.79612536716e-24, 1.13395737733e-24, 1.8963714446e-23, 2.49121011691e-23, 2.77588698287e-23, 2.35010877561e-23, 2.79708714638e-23, 4.96248224776e-23, 2.64981754388e-23, 1.25236717414e-22, 5.54392890181e-23, 8.63775175749e-23, 1.07677582431e-22, 4.2253469521e-23, 1.26022852016e-22, 2.20385042968e-22, 1.98084298587e-22, 3.19182285661e-22, 4.64978497935e-22, 4.96937689208e-22, 7.79573702582e-22, 6.30586629988e-22, 8.80309195451e-22, 1.64702948874e-21, 2.35787793219e-21],
        "var": [2.4030083523e-07, 0.00011456048378, 2.76956925518e-05, 2.13060093301e-06, 2.34641174757e-06, 4.69742280984e-06, 3.03739238916e-06, 2.63671017819e-06, 6.80392474806e-07, 8.03782882031e-07, 3.89280148738e-06, 3.21407867432e-07, 3.06267139649e-07, 1.91111951153e-07, 2.63595154593e-07, 8.67279936756e-08, 1.76002430408e-07, 1.91563927388e-07, 1.77690623104e-07, 2.07735979529e-07, 1.77657668132e-07, 3.69946377532e-07, 5.11061216457e-07, 6.69330177061e-07, 5.2179444765e-08, 3.30213689725e-10, 2.21936553337e-12]
    },
    "erbbands": {
        "dmean": [0.103432647884, 0.695178687572, 1.71228885651, 1.90455770493, 1.93310594559, 3.21633958817, 3.64967465401, 9.77035331726, 9.92273235321, 13.8476018906, 10.6102018356, 7.4795589447, 12.4443540573, 24.7161102295, 10.6425962448, 8.81997680664, 7.81902217865, 4.37010908127, 6.90601491928, 4.99742555618, 3.34301829338, 4.66415262222, 4.01937294006, 3.62062573433, 3.69805598259, 2.51127719879, 2.01610660553, 1.9883929491, 1.85408484936, 2.11103868484, 1.91089522839, 1.85033559799, 1.01940619946, 0.392221301794, 0.099567681551, 0.0131234582514, 0.00386152835563, 0.000853430014104, 2.29384459089e-05, 6.95732705935e-06],
        "dmean2": [0.183874353766, 1.16520452499, 2.81165981293, 3.13816571236, 3.20208287239, 5.31058883667, 5.95117664337, 16.6112289429, 16.2934398651, 20.6545581818, 15.6643304825, 11.4559488297, 21.86195755, 41.9052352905, 17.3496627808, 14.4698591232, 13.5027046204, 7.01304531097, 11.2581701279, 8.38597106934, 5.53139162064, 7.53014278412, 6.58660268784, 6.23418474197, 6.04736948013, 3.96213364601, 3.03210544586, 2.86618375778, 2.90710616112, 3.0337100029, 2.77906823158, 2.43995118141, 1.28877556324, 0.419565200806, 0.119272641838, 0.0148870451376, 0.00449456693605, 0.000967626343481, 2.58376512647e-05, 1.12152110887e-05],
        "dvar": [0.0733343660831, 2.08808660507, 16.2621555328, 10.5819206238, 7.59156131744, 22.714302063, 34.9958152771, 249.614974976, 167.743148804, 333.395874023, 294.074768066, 101.625030518, 250.785369873, 1251.18652344, 196.039810181, 171.243530273, 217.932846069, 58.7425117493, 258.466461182, 134.287612915, 44.9148788452, 130.497375488, 148.718475342, 120.702934265, 148.266906738, 80.1180801392, 41.9208106995, 49.8136940002, 52.7297286987, 74.8086700439, 73.260307312, 89.44165802, 24.7513008118, 4.03881597519, 0.421671867371, 0.00453189341351, 0.000331506977091, 1.95848333533e-05, 1.05396624761e-08, 1.4124365566e-10],
        "dvar2": [0.266576617956, 5.89364910126, 39.6156425476, 27.6442661285, 18.7030601501, 57.6186981201, 97.4290924072, 796.036010742, 460.162322998, 844.272338867, 579.643554688, 241.569610596, 731.468505859, 3397.36669922, 465.04776001, 485.282623291, 654.350219727, 150.540618896, 752.939025879, 385.074035645, 118.107505798, 374.285552979, 387.47845459, 332.74887085, 378.557678223, 196.237045288, 101.769798279, 94.0326690674, 131.195831299, 135.660247803, 129.257797241, 132.296386719, 31.452381134, 4.43225240707, 0.558393537998, 0.0050574480556, 0.00044166285079, 2.50367847912e-05, 1.19724994363e-08, 3.13991194156e-10],
        "max": [3.02936530113, 19.6376190186, 51.0390815735, 49.7696418762, 35.217540741, 62.0867996216, 120.597892761, 151.083862305, 141.415252686, 242.338119507, 297.073455811, 130.012481689, 162.62159729, 750.062744141, 188.985992432, 181.283340454, 206.324523926, 123.046806335, 242.525421143, 171.131484985, 106.479789734, 206.029327393, 255.609619141, 133.336639404, 216.747711182, 164.500289917, 134.637405396, 157.338546753, 177.358627319, 276.386505127, 180.855743408, 219.096374512, 117.050743103, 48.8884315491, 15.2559776306, 1.54987692833, 0.358160823584, 0.107340097427, 0.00263873045333, 0.000204132928047],
        "mean": [0.150664523244, 1.36527776718, 3.45628356934, 3.39552903175, 3.7176425457, 5.83388566971, 8.02552032471, 17.5146961212, 24.5809707642, 33.5313987732, 22.1285305023, 17.7749900818, 23.503578186, 92.7571716309, 33.2047271729, 20.3696155548, 16.3848571777, 11.4262962341, 16.4038333893, 12.189248085, 9.03754043579, 12.0962905884, 10.8951330185, 8.4711561203, 9.61552238464, 7.50854587555, 6.02675676346, 6.23955821991, 6.15041780472, 6.74856567383, 5.3002166748, 4.81206226349, 2.13324403763, 0.757861256599, 0.16362658143, 0.0230175089091, 0.00603724690154, 0.00123051833361, 4.53431966889e-05, 3.00674473692e-05],
        "median": [0.0221585053951, 0.307453989983, 1.09527051449, 1.86386954784, 2.30207300186, 3.75093698502, 5.46048593521, 11.2093353271, 19.8167915344, 24.4699668884, 14.1822757721, 12.5502109528, 16.0865688324, 67.9683609009, 24.1553478241, 13.1264533997, 9.41745853424, 5.63875341415, 6.74839544296, 5.72606611252, 4.07893037796, 3.42927932739, 1.79324734211, 0.945375740528, 0.505271077156, 0.260635197163, 0.145184233785, 0.0684651657939, 0.0481414422393, 0.0376146137714, 0.0212958939373, 0.0171694550663, 0.00962969101965, 0.00490534910932, 0.00169045326766, 0.000596384750679, 0.000200858004973, 4.44280849479e-05, 1.1731680388e-05, 1.78083355422e-05],
        "min": [4.86009605398e-22, 1.47514464921e-21, 3.04830293087e-21, 3.85465640384e-21, 2.51563395736e-20, 4.59862531249e-20, 1.1662498297e-19, 2.39887754314e-19, 3.90299355919e-19, 5.1903991115e-19, 6.95084108029e-19, 6.9047190403e-19, 1.82028641815e-18, 1.47408434503e-18, 2.3916858281e-18, 4.98658015421e-18, 3.12557039373e-18, 4.81456877301e-18, 4.82755840376e-18, 4.3537572071e-18, 4.57712037432e-18, 7.43747536376e-18, 1.10141340221e-17, 1.17687005846e-17, 1.17384878127e-17, 1.3592637144e-17, 1.42096675588e-17, 1.83133188495e-17, 1.79393273335e-17, 2.08861202154e-17, 2.19278863681e-17, 1.51082106972e-17, 9.59102189057e-18, 7.62705357963e-18, 7.72942876096e-18, 5.52656200372e-18, 3.01494243142e-18, 1.22987012592e-18, 2.964760072e-19, 3.6456292363e-20],
        "var": [0.108396314085, 6.3030834198, 41.1401939392, 20.8340244293, 21.7497463226, 48.4723205566, 92.3382720947, 399.934234619, 461.489624023, 1058.82409668, 747.050231934, 316.69128418, 512.259094238, 8007.36035156, 984.08972168, 530.431335449, 543.814819336, 276.066833496, 806.093261719, 421.08807373, 203.488449097, 657.242248535, 636.058959961, 371.86706543, 624.828186035, 389.195007324, 274.420928955, 327.016204834, 410.516235352, 581.749145508, 376.453155518, 460.614715576, 100.934646606, 14.5971689224, 1.00515282154, 0.0138980122283, 0.000842654786538, 4.62647367385e-05, 3.11768602046e-08, 8.71560101867e-10]
    },
    "gfcc": {
        "mean": [-73.1311187744, 155.770477295, -124.327079773, 6.83412599564, -55.4114761353, 11.3713188171, -25.7204246521, 5.04283761978, -13.0875291824, -8.62918281555, -6.03515958786, -0.288286983967, -3.85437560081],
        "cov": [[20436.8632812, 78.627822876, -2621.37524414, 1378.92797852, -1287.39086914, 263.052734375, -539.34387207, -192.14793396, -271.710906982, -159.602111816, -49.4764251709, -140.489395142, -34.1427688599], [78.627822876, 3317.64257812, 534.69342041, -1223.12670898, 853.698974609, -314.195678711, 244.569534302, 48.9534950256, 324.875976562, -20.569776535, 126.694717407, -34.2823448181, 122.267494202], [-2621.37524414, 534.69342041, 966.103942871, -490.468170166, 398.909179688, 43.7111587524, 83.856300354, 160.349105835, 43.801940918, 76.5526123047, -13.8655052185, 50.2225151062, 40.6964836121], [1378.92797852, -1223.12670898, -490.468170166, 789.893249512, -394.959197998, 142.991088867, -56.7900543213, -46.362575531, -100.762130737, -34.2467346191, -44.6125907898, -20.2759590149, -33.8777275085], [-1287.39086914, 853.698974609, 398.909179688, -394.959197998, 507.75201416, -55.6155014038, 127.472099304, 80.2446975708, 144.991210938, 34.4293479919, 47.0235023499, 5.91529130936, 54.3716697693], [263.052734375, -314.195678711, 43.7111587524, 142.991088867, -55.6155014038, 137.559249878, -8.39473724365, 40.4767456055, -30.6994438171, 13.7596912384, -17.8930606842, 9.69580173492, 0.700332701206], [-539.34387207, 244.569534302, 83.856300354, -56.7900543213, 127.472099304, -8.39473724365, 99.1955490112, 23.3385448456, 56.5897636414, 2.93848919868, 12.9494724274, -5.45708417892, 16.9438228607], [-192.14793396, 48.9534950256, 160.349105835, -46.362575531, 80.2446975708, 40.4767456055, 23.3385448456, 83.8595123291, 21.6855831146, 29.3413391113, -7.53710651398, 12.8032398224, 5.85042381287], [-271.710906982, 324.875976562, 43.801940918, -100.762130737, 144.991210938, -30.6994438171, 56.5897636414, 21.6855831146, 103.759246826, 11.6205749512, 32.3412055969, -7.80834341049, 23.0336780548], [-159.602111816, -20.569776535, 76.5526123047, -34.2467346191, 34.4293479919, 13.7596912384, 2.93848919868, 29.3413391113, 11.6205749512, 38.6247329712, 6.3298830986, 14.0146102905, 4.44675445557], [-49.4764251709, 126.694717407, -13.8655052185, -44.6125907898, 47.0235023499, -17.8930606842, 12.9494724274, -7.53710651398, 32.3412055969, 6.3298830986, 41.8477287292, 4.96915864944, 10.827963829], [-140.489395142, -34.2823448181, 50.2225151062, -20.2759590149, 5.91529130936, 9.69580173492, -5.45708417892, 12.8032398224, -7.80834341049, 14.0146102905, 4.96915864944, 34.163028717, 12.2744026184], [-34.1427688599, 122.267494202, 40.6964836121, -33.8777275085, 54.3716697693, 0.700332701206, 16.9438228607, 5.85042381287, 23.0336780548, 4.44675445557, 10.827963829, 12.2744026184, 37.5033836365]],
        "icov": [[0.000246903509833, -0.00065939722117, 0.000731564767193, -0.000622331921477, 0.000192073712242, -0.00087180302944, 0.00150429643691, -0.000795929983724, 0.000740010407753, -0.0010607886361, 0.00030243548099, 0.000339074700605, -0.000326160079567], [-0.00065939722117, 0.0031751494389, -0.00149703165516, 0.00363346515223, -0.000923865532968, 0.00287704006769, -0.00507328798994, 0.000961675541475, -0.00246538105421, 0.00542883854359, -0.00162376509979, 0.00103049341124, -0.00161538459361], [0.000731564767193, -0.00149703165516, 0.0054463930428, 0.000368674518541, -0.00107538327575, -0.00397482747212, 0.00312649388798, -0.00491621857509, 0.00434463750571, -0.00406175712124, 0.00303918775171, 0.000395191949792, -0.00223639141768], [-0.000622331921477, 0.00363346515223, 0.000368674518541, 0.00785812549293, 0.000341836246662, -0.000369861489162, -0.00695041939616, 9.44960047491e-05, -0.00199305010028, 0.00605946732685, -0.000436069618445, 0.00239089922979, -0.00322816940024], [0.000192073712242, -0.000923865532968, -0.00107538327575, 0.000341836246662, 0.0074500804767, 0.000215493884753, -0.00185259722639, -0.00269938795827, -0.00297210877761, -0.000961641315371, -0.00219182134606, 0.00212583946995, -0.00300787948072], [-0.00087180302944, 0.00287704006769, -0.00397482747212, -0.000369861489162, 0.000215493884753, 0.0177037101239, -0.00557228829712, -0.00528697250411, 0.000851543911267, 0.0036473965738, -0.00374514400028, 0.00159660039935, -0.00389163428918], [0.00150429643691, -0.00507328798994, 0.00312649388798, -0.00695041939616, -0.00185259722639, -0.00557228829712, 0.0281938351691, -0.00482607167214, -0.00181089539547, -0.00415683351457, 0.00288718007505, 0.00172973552253, -0.000751557294279], [-0.000795929983724, 0.000961675541475, -0.00491621857509, 9.44960047491e-05, -0.00269938795827, -0.00528697250411, -0.00482607167214, 0.0334196873009, -0.0103837130591, -0.00993286911398, 0.0109770847484, -0.00990005303174, 0.0101656094193], [0.000740010407753, -0.00246538105421, 0.00434463750571, -0.00199305010028, -0.00297210877761, 0.000851543911267, -0.00181089539547, -0.0103837130591, 0.0308149028569, -0.00921351835132, -0.0113562634215, 0.012886104174, -0.009844686836], [-0.0010607886361, 0.00542883854359, -0.00406175712124, 0.00605946732685, -0.000961641315371, 0.0036473965738, -0.00415683351457, -0.00993286911398, -0.00921351835132, 0.0532466173172, -0.0106057683006, -0.0101774493232, 0.00170850858558], [0.00030243548099, -0.00162376509979, 0.00303918775171, -0.000436069618445, -0.00219182134606, -0.00374514400028, 0.00288718007505, 0.0109770847484, -0.0113562634215, -0.0106057683006, 0.0430022366345, -0.012552799657, 0.00203306856565], [0.000339074700605, 0.00103049341124, 0.000395191949792, 0.00239089922979, 0.00212583946995, 0.00159660039935, 0.00172973552253, -0.00990005303174, 0.012886104174, -0.0101774493232, -0.012552799657, 0.0533487871289, -0.0242126677185], [-0.000326160079567, -0.00161538459361, -0.00223639141768, -0.00322816940024, -0.00300787948072, -0.00389163428918, -0.000751557294279, 0.0101656094193, -0.009844686836, 0.00170850858558, 0.00203306856565, -0.0242126677185, 0.0475129745901]]
    },
    "melbands": {
        "dmean": [0.000853816920426, 0.000867585593369, 0.000314561300911, 0.000177120498847, 0.000118891890452, 0.000220164598431, 0.000162230295246, 0.000150698106154, 7.80855480116e-05, 5.11184989591e-05, 6.1338476371e-05, 9.39175442909e-05, 5.17004591529e-05, 2.40721274167e-05, 3.67893881048e-05, 1.16630026241e-05, 9.45316060097e-06, 1.15108005048e-05, 1.21646626212e-05, 6.24381937087e-06, 4.10280199503e-06, 5.25122550243e-06, 5.09581650476e-06, 3.93943491872e-06, 3.15424358632e-06, 3.57439193976e-06, 2.80115432361e-06, 1.68888016105e-06, 1.37656991228e-06, 1.61423031386e-06, 1.22020162507e-06, 1.12103850824e-06, 1.11568340344e-06, 1.37333358907e-06, 1.16856040222e-06, 1.24391976897e-06, 1.27923169657e-06, 7.66722337175e-07, 5.51705625185e-07, 2.76846378711e-07],
        "dmean2": [0.00149485492148, 0.00143326143734, 0.000522965390701, 0.000294692348689, 0.000194008069229, 0.000376602372853, 0.000262399931671, 0.000220660615014, 0.000116195231385, 7.92161445133e-05, 0.000107554631541, 0.000158884431585, 8.57747581904e-05, 3.92071306123e-05, 6.33404779364e-05, 1.95425400307e-05, 1.54413119162e-05, 1.88323774637e-05, 2.07607408811e-05, 1.05978760985e-05, 6.87939154886e-06, 8.64910180098e-06, 8.51334334584e-06, 6.80350603943e-06, 5.47331592315e-06, 6.08071650277e-06, 4.48851642432e-06, 2.62686944552e-06, 2.27879309023e-06, 2.5754559374e-06, 1.69309646481e-06, 1.808493721e-06, 1.59566741331e-06, 2.02176829589e-06, 1.78417292318e-06, 1.71708779817e-06, 1.70706664449e-06, 1.01971784261e-06, 6.07678430242e-07, 3.0364432746e-07],
        "dvar": [3.81617928724e-06, 3.65328787666e-06, 2.68664848591e-07, 5.45014309239e-08, 3.65643799682e-08, 1.19661223152e-07, 4.51169519522e-08, 4.38729870211e-08, 1.46403156265e-08, 4.93749396924e-09, 5.99958394076e-09, 1.80064212429e-08, 4.33041336123e-09, 1.13913967148e-09, 4.89324669672e-09, 4.93558527381e-10, 2.84300166742e-10, 6.67498001317e-10, 8.66191396387e-10, 1.76173853284e-10, 6.06431224681e-11, 1.76742634417e-10, 1.78643225213e-10, 1.64757402166e-10, 8.94723670153e-11, 1.54099691341e-10, 8.81748840609e-11, 3.31065695691e-11, 2.07705675576e-11, 4.0074176616e-11, 1.75211650744e-11, 2.17614225251e-11, 1.60162386825e-11, 3.40287208134e-11, 2.46460404169e-11, 3.29647663333e-11, 3.86687036558e-11, 1.41447643529e-11, 8.4129959943e-12, 2.16503117517e-12],
        "dvar2": [1.32174200189e-05, 9.13299390959e-06, 7.04698948084e-07, 1.40417171224e-07, 9.95832607487e-08, 3.87008469716e-07, 1.2017277129e-07, 1.1020815549e-07, 3.04682146179e-08, 1.22388854606e-08, 1.77963155323e-08, 4.88652993624e-08, 1.13026734638e-08, 2.93628410475e-09, 1.51511407864e-08, 1.36143829543e-09, 7.73368979967e-10, 1.87886373126e-09, 2.6103006423e-09, 5.331712849e-10, 1.56990045963e-10, 4.84035755921e-10, 5.26100607523e-10, 4.61940208307e-10, 2.50639786703e-10, 4.13396122889e-10, 2.60509169792e-10, 7.73804215148e-11, 5.77491943154e-11, 1.0134842271e-10, 3.06430644748e-11, 5.63284106858e-11, 3.17239706726e-11, 6.68774757795e-11, 4.81965821419e-11, 5.4389194537e-11, 5.95922824975e-11, 2.01863387117e-11, 1.05918936816e-11, 2.56689829982e-12],
        "max": [0.0249271430075, 0.0252627562732, 0.00775820761919, 0.0024981838651, 0.00395686272532, 0.00328389671631, 0.00225517340004, 0.00245624431409, 0.00196640682407, 0.000843075744342, 0.00077666825382, 0.00284535204992, 0.00110508489888, 0.000360347301466, 0.000746545323636, 0.000336729746778, 0.000222909904551, 0.000372233742382, 0.000448747858172, 0.000198357491172, 0.000113764413982, 0.000260099448496, 0.000224591844017, 0.000220768954023, 0.000106752908323, 0.000188034638995, 0.000166690064361, 0.000100312987342, 8.15774765215e-05, 0.000134353758767, 8.4127743321e-05, 0.0001068406782, 0.000113410278573, 0.000177872178028, 8.84286200744e-05, 0.0001407640666, 0.000143819605, 7.69117905293e-05, 7.11244501872e-05, 3.58727411367e-05],
        "mean": [0.00149629916996, 0.00185940624215, 0.000608170113992, 0.000342483399436, 0.000270876684226, 0.000408537249314, 0.000410673412262, 0.000365666259313, 0.00015642530343, 0.000116742550745, 0.000102390280517, 0.00034722595592, 0.000164363867952, 5.06028191012e-05, 6.10843853792e-05, 2.53964590229e-05, 2.08171950362e-05, 2.67449595412e-05, 2.2392221581e-05, 1.31413562485e-05, 9.47829448705e-06, 1.23318541227e-05, 1.16690662253e-05, 8.50343440106e-06, 6.37305129203e-06, 7.33140177545e-06, 6.60907835481e-06, 4.46821104561e-06, 3.64789843843e-06, 3.79557968699e-06, 3.55561269316e-06, 3.3524297578e-06, 3.67798020307e-06, 3.73968009626e-06, 2.94706455861e-06, 3.13932673635e-06, 2.81541701952e-06, 1.5449336388e-06, 1.03162574305e-06, 5.11467703745e-07],
        "median": [0.000311233685352, 0.000553095480427, 0.000336902099662, 0.000212782091694, 0.000193555417354, 0.000277071434539, 0.000341767212376, 0.000260539061856, 9.39946403378e-05, 8.03989096312e-05, 6.69335495331e-05, 0.00025527307298, 0.000122232886497, 3.31698684022e-05, 3.17561170959e-05, 1.4424613255e-05, 9.08012316359e-06, 1.02209551187e-05, 9.37984441407e-06, 5.61664228371e-06, 4.35535594079e-06, 3.76224375032e-06, 2.36040841628e-06, 1.07424614271e-06, 6.73097645176e-07, 4.27585746365e-07, 2.29803276852e-07, 1.67758614111e-07, 1.04093061282e-07, 5.01223809124e-08, 3.47485062946e-08, 2.65120743137e-08, 2.39660895573e-08, 1.99515373112e-08, 1.25991128641e-08, 1.07229372048e-08, 9.62531743198e-09, 7.13015735343e-09, 4.86468731964e-09, 3.72142916483e-09],
        "min": [3.42731624883e-24, 1.51233184811e-24, 9.51959277882e-25, 2.09251665997e-24, 4.1347481704e-24, 5.32447190005e-24, 6.42131278014e-24, 5.76962413672e-24, 5.47100399649e-24, 4.47040414684e-24, 9.16923795714e-24, 5.98940827909e-24, 5.36691380004e-24, 1.52459376397e-23, 8.79249455488e-24, 7.58144791496e-24, 7.67476463802e-24, 6.81945482331e-24, 7.33733885215e-24, 3.870897469e-24, 6.03479973001e-24, 8.51656520973e-24, 8.33958189906e-24, 9.90878085629e-24, 8.89768836773e-24, 7.13099650517e-24, 1.09630950338e-23, 8.5388970731e-24, 6.77851688663e-24, 1.4573796594e-23, 8.95179160406e-24, 9.0983043734e-24, 1.15665491716e-23, 1.26780636534e-23, 1.23974437413e-23, 1.00605395506e-23, 8.66866548087e-24, 6.55913309117e-24, 6.37836443145e-24, 6.50252837692e-24],
        "var": [8.28639167594e-06, 1.04348773675e-05, 5.99121506184e-07, 1.34138929297e-07, 9.17422937619e-08, 1.93284961369e-07, 1.23065419189e-07, 1.33280622094e-07, 3.77266857754e-08, 1.38076972078e-08, 1.07978843644e-08, 1.13271703128e-07, 2.32268586586e-08, 2.91090662685e-09, 8.8511429297e-09, 1.30797694897e-09, 1.06111130993e-09, 2.23730056703e-09, 1.7164138999e-09, 5.19273013477e-10, 2.1769898384e-10, 7.52703399609e-10, 6.22598916866e-10, 5.05365527204e-10, 2.14617504324e-10, 3.80595471805e-10, 3.4419644912e-10, 1.39011968603e-10, 1.01415341403e-10, 1.27777219361e-10, 1.10602110803e-10, 1.26718371907e-10, 1.50407714061e-10, 1.95559735072e-10, 1.10606877823e-10, 1.64911057032e-10, 1.73472361475e-10, 5.23085359749e-11, 2.7678442871e-11, 7.11729286618e-12]
    },
    "mfcc": {
