{
"metadata": {
    "version": {
        "essentia": "2.0.1",
        "extractor": "archive-music 1.0"
    },
    "audio_properties": {
        "analysis_sample_rate": 44100,
        "bitrate": 128,
        "channels": 2,
        "equal_loudness": 0,
        "length": 15.7257146835,
        "replay_gain": -12.2911434174,
        "downmix": "mix"
    },
    "tags": {
        "track": 0,
        "year": 0,
        "album": "",
        "artist": "",
        "comment": "",
        "genre": "",
        "title": ""
    }
},
"highlevel": {
    "culture": {
        "all": {
            "non_western": 0.411060065031,
            "western": 0.588939905167
        },
        "probability": 0.588939905167,
        "value": "western"
    },
    "danceability": {
        "all": {
            "danceable": 0.0401678755879,
            "not_danceable": 0.959832131863
        },
        "probability": 0.959832131863,
        "value": "not_danceable"
    },
    "gender": {
        "all": {
            "female": 0.015743272379,
            "male": 0.984256744385
        },
        "probability": 0.984256744385,
        "value": "male"
    },
    "genre_dortmund": {
        "all": {
            "alternative": 0.00230301963165,
            "blues": 0.102051712573,
            "electronic": 0.00340706948191,
            "folkcountry": 0.0631762519479,
            "funksoulrnb": 0.00309816957451,
            "jazz": 0.806553423405,
            "pop": 0.0115635171533,
            "raphiphop": 0.00514039909467,
            "rock": 0.00270642503165
        },
        "probability": 0.806553423405,
        "value": "jazz"
    },
    "genre_electronic": {
        "all": {
            "ambient": 0.647034168243,
            "dnb": 0.0258219502866,
            "house": 0.231976240873,
            "techno": 0.0794841349125,
            "trance": 0.01568351686
        },
        "probability": 0.647034168243,
        "value": "ambient"
    },
    "genre_rosamerica": {
        "all": {
            "cla": 0.611322999001,
            "dan": 0.00159663811792,
            "hip": 0.00871631037444,
            "jaz": 0.057378705591,
            "pop": 0.00226591294631,
            "rhy": 0.0115955872461,
            "roc": 0.000829314813018,
            "spe": 0.30629453063
        },
        "probability": 0.611322999001,
        "value": "cla"
    },
    "genre_tzanetakis": {
        "all": {
            "blu": 0.0133874760941,
            "cla": 0.012745719403,
            "cou": 0.00749523099512,
            "dis": 0.000721522897948,
            "hip": 0.0115767642856,
            "jaz": 0.125437602401,
            "met": 0.000564143236261,
            "pop": 0.0034594736062,
            "reg": 0.811438202858,
            "roc": 0.013173843734
        },
        "probability": 0.811438202858,
        "value": "reg"
    },
    "mirex_ballroom": {
        "all": {
            "ChaChaCha": 0.00106823118404,
            "Jive": 0.000564823276363,
            "Quickstep": 0.00244935392402,
            "Rumba-American": 0.00121473066974,
            "Rumba-International": 0.0246198084205,
            "Rumba-Misc": 0.091182552278,
            "Samba": 0.00194156833459,
            "Tango": 0.00226846057922,
            "VienneseWaltz": 0.0416564308107,
            "Waltz": 0.833034038544
        },
        "probability": 0.833034038544,
        "value": "Waltz"
    },
    "mood_acoustic": {
        "all": {
            "acoustic": 0.880920767784,
            "not_acoustic": 0.119079247117
        },
        "probability": 0.880920767784,
        "value": "acoustic"
    },
    "mood_aggressive": {
        "all": {
            "aggressive": 0.0235742460936,
            "not_aggressive": 0.976425766945
        },
        "probability": 0.976425766945,
        "value": "not_aggressive"
    },
    "mood_electronic": {
        "all": {
            "electronic": 0.0677623301744,
            "not_electronic": 0.932237684727
        },
        "probability": 0.932237684727,
        "value": "not_electronic"
    },
    "mood_happy": {
        "all": {
            "happy": 0.0278528463095,
            "not_happy": 0.972147166729
        },
        "probability": 0.972147166729,
        "value": "not_happy"
    },
    "mood_party": {
        "all": {
            "not_party": 0.856115043163,
            "party": 0.143884971738
        },
        "probability": 0.856115043163,
        "value": "not_party"
    },
    "mood_relaxed": {
        "all": {
            "not_relaxed": 0.0208625439554,
            "relaxed": 0.979137480259
        },
        "probability": 0.979137480259,
        "value": "relaxed"
    },
    "mood_sad": {
        "all": {
            "not_sad": 0.0784089639783,
            "sad": 0.921591043472
        },
        "probability": 0.921591043472,
        "value": "sad"
    },
    "moods_mirex": {
        "all": {
            "Cluster1": 0.0327219478786,
            "Cluster2": 0.199724882841,
            "Cluster3": 0.648981034756,
            "Cluster4": 0.0790279060602,
            "Cluster5": 0.0395442210138
        },
        "probability": 0.648981034756,
        "value": "Cluster3"
    },
    "timbre": {
        "all": {
            "bright": 0.00978124793619,
            "dark": 0.990218758583
        },
        "probability": 0.990218758583,
        "value": "dark"
    },
    "tonal_atonal": {
        "all": {
            "atonal": 0.946607708931,
            "tonal": 0.0533923134208
        },
        "probability": 0.946607708931,
        "value": "atonal"
    },
    "voice_instrumental": {
        "all": {
            "instrumental": 0.403945952654,
            "voice": 0.596054077148
        },
        "probability": 0.596054077148,
        "value": "voice"
    }
},
"lowlevel": {
    "average_loudness": 0.650245189667,
    "barkbands_kurtosis": {
        "dmean": 13.3612518311,
        "dmean2": 19.5535507202,
        "dvar": 606.17779541,
        "dvar2": 1479.37219238,
        "max": 342.104644775,
        "mean": 38.4388046265,
        "median": 19.9256954193,
        "min": -1.98211455345,
        "var": 2088.99707031
    },
    "barkbands_skewness": {
        "dmean": 0.837153255939,
        "dmean2": 1.20520114899,
        "dvar": 0.982581019402,
        "dvar2": 2.28098726273,
        "max": 11.3624486923,
        "mean": 3.1629948616,
        "median": 2.62799549103,
        "min": -3.54154801369,
        "var": 7.34127998352
    },
    "barkbands_spread": {
        "dmean": 2.33925271034,
        "dmean2": 3.23592376709,
        "dvar": 31.5588264465,
        "dvar2": 64.5045089722,
        "max": 91.2241287231,
        "mean": 7.40018510818,
        "median": 1.54320728779,
        "min": 0.10920676589,
        "var": 168.901031494
    },
    "dissonance": {
        "dmean": 0.0247507262975,
        "dmean2": 0.0383818112314,
        "dvar": 0.000807582458947,
        "dvar2": 0.0019564954564,
        "max": 0.498089402914,
        "mean": 0.355477690697,
        "median": 0.375493109226,
        "min": 0.0596140734851,
        "var": 0.0110266776755
    },
    "dynamic_complexity": 10.2177648544,
    "erbbands_kurtosis": {
        "dmean": 6.11885738373,
        "dmean2": 8.66568088531,
        "dvar": 117.798301697,
        "dvar2": 229.309387207,
        "max": 155.887405396,
        "mean": 19.8758525848,
        "median": 9.42678833008,
        "min": -1.97205281258,
        "var": 662.889526367
    },
    "erbbands_skewness": {
        "dmean": 0.615782439709,
        "dmean2": 0.844771981239,
        "dvar": 0.502266168594,
        "dvar2": 1.04021596909,
        "max": 9.97260475159,
        "mean": 2.19677615166,
        "median": 1.93039011955,
        "min": -9.97606468201,
        "var": 7.11542415619
    },
    "erbbands_spread": {
        "dmean": 5.10446929932,
        "dmean2": 7.31074714661,
        "dvar": 75.9304580688,
        "dvar2": 147.010482788,
        "max": 106.836166382,
        "mean": 20.2475967407,
        "median": 9.43829727173,
        "min": 0.35705909133,
        "var": 584.332946777
    },
    "hfc": {
        "dmean": 1.25040578842,
        "dmean2": 1.55218696594,
        "dvar": 15.7205877304,
        "dvar2": 30.3389320374,
        "max": 78.1563949585,
        "mean": 5.49833726883,
        "median": 1.22767913342,
        "min": 1.23451849219e-16,
        "var": 77.8526535034
    },
    "melbands_kurtosis": {
        "dmean": 17.6949558258,
        "dmean2": 25.1819171906,
        "dvar": 814.335754395,
        "dvar2": 1674.40893555,
        "max": 381.391967773,
        "mean": 49.3092308044,
        "median": 17.6561260223,
        "min": -1.97425580025,
        "var": 4765.78515625
    },
    "melbands_skewness": {
        "dmean": 0.928366780281,
        "dmean2": 1.31572818756,
        "dvar": 1.25389170647,
        "dvar2": 2.49453258514,
        "max": 17.8659973145,
        "mean": 3.45648431778,
        "median": 2.461550951,
        "min": -1.50992774963,
        "var": 10.9280309677
    },
    "melbands_spread": {
        "dmean": 3.44547557831,
        "dmean2": 4.58019590378,
        "dvar": 102.526107788,
        "dvar2": 163.622055054,
        "max": 154.927017212,
        "mean": 10.8268184662,
        "median": 1.75874888897,
        "min": 0.186628267169,
        "var": 597.811035156
    },
    "pitch_salience": {
        "dmean": 0.0508336983621,
        "dmean2": 0.0724849551916,
        "dvar": 0.00349242077209,
        "dvar2": 0.00739453081042,
        "max": 0.991215288639,
        "mean": 0.413480877876,
        "median": 0.411164671183,
        "min": 0.0711058080196,
        "var": 0.0157478507608
    },
    "silence_rate_20dB": {
        "dmean": 0,
        "dmean2": 0,
        "dvar": 0,
        "dvar2": 0,
        "max": 1,
        "mean": 1,
        "median": 1,
        "min": 1,
        "var": 0
    },
    "silence_rate_30dB": {
        "dmean": 0,
        "dmean2": 0,
        "dvar": 0,
        "dvar2": 0,
        "max": 1,
        "mean": 1,
        "median": 1,
        "min": 1,
        "var": 0
    },
    "silence_rate_60dB": {
        "dmean": 0.0294985249639,
        "dmean2": 0.0590841956437,
        "dvar": 0.0286280754954,
        "dvar2": 0.067409709096,
        "max": 1,
        "mean": 0.487481594086,
        "median": 0,
        "min": 0,
        "var": 0.249843478203
    },
    "spectral_centroid": {
        "dmean": 126.942359924,
        "dmean2": 167.24206543,
        "dvar": 149537.078125,
        "dvar2": 206782.375,
        "max": 10962.4863281,
        "mean": 695.856811523,
        "median": 310.204315186,
        "min": 162.998123169,
        "var": 896693
    },
    "spectral_complexity": {
        "dmean": 0.542772889137,
        "dmean2": 0.960118174553,
        "dvar": 2.96793341637,
        "dvar2": 7.24656820297,
        "max": 30,
        "mean": 3.01767301559,
        "median": 2,
        "min": 0,
        "var": 7.67272567749
    },
    "spectral_crest": {
        "dmean": 1.65783238411,
        "dmean2": 2.51750063896,
        "dvar": 3.96385240555,
        "dvar2": 9.31500244141,
        "max": 26.105424881,
        "mean": 15.8170576096,
        "median": 16.3398418427,
        "min": 4.6088924408,
        "var": 18.1768932343
    },
    "spectral_decrease": {
        "dmean": 4.11671946532e-10,
        "dmean2": 4.40916803068e-10,
        "dvar": 9.54148597279e-19,
        "dvar2": 1.37386520997e-18,
        "max": 1.16959330147e-28,
        "mean": -3.51649331876e-09,
        "median": -8.83755957304e-10,
        "min": -2.04661638747e-08,
        "var": 2.22873525926e-17
    },
    "spectral_energy": {
        "dmean": 0.00164468842559,
        "dmean2": 0.00177810445894,
        "dvar": 1.50690329974e-05,
        "dvar2": 2.22193139052e-05,
        "max": 0.0792231038213,
        "mean": 0.0137707451358,
        "median": 0.00363382161595,
        "min": 1.07560201443e-20,
        "var": 0.000336063530995
    },
    "spectral_energyband_high": {
        "dmean": 5.87635367992e-05,
        "dmean2": 8.57558115968e-05,
        "dvar": 1.56284272634e-07,
        "dvar2": 3.6959602312e-07,
        "max": 0.00822878163308,
        "mean": 8.86229390744e-05,
        "median": 2.50639374144e-07,
        "min": 8.06222650797e-21,
        "var": 2.97990908393e-07
    },
    "spectral_energyband_low": {
        "dmean": 0.000357761949999,
        "dmean2": 0.000376549753128,
        "dvar": 1.07697144358e-06,
        "dvar2": 1.9412666461e-06,
        "max": 0.0454656332731,
        "mean": 0.00227748695761,
        "median": 5.79652842134e-05,
        "min": 9.43731024767e-23,
        "var": 4.21110635216e-05
    },
    "spectral_energyband_middle_high": {
        "dmean": 0.000246811512625,
        "dmean2": 0.000326825567754,
        "dvar": 1.24250959743e-06,
        "dvar2": 2.56870885096e-06,
        "max": 0.0214065555483,
        "mean": 0.00053564918926,
        "median": 1.29870877572e-05,
        "min": 1.52760528781e-21,
        "var": 3.79100742975e-06
    },
    "spectral_energyband_middle_low": {
        "dmean": 0.00139029708225,
        "dmean2": 0.00145554041956,
        "dvar": 1.16464098028e-05,
        "dvar2": 1.46380361912e-05,
        "max": 0.0791941210628,
        "mean": 0.0123665733263,
        "median": 0.00244209286757,
        "min": 1.89613421835e-22,
        "var": 0.000308720365865
    },
    "spectral_flatness_db": {
        "dmean": 0.0215829331428,
        "dmean2": 0.0293518416584,
        "dvar": 0.000461463379906,
        "dvar2": 0.000893397664186,
        "max": 0.655623376369,
        "mean": 0.407854884863,
        "median": 0.418365508318,
        "min": 0.0399702601135,
        "var": 0.0172148104757
    },
    "spectral_flux": {
        "dmean": 0.00626558763906,
        "dmean2": 0.0101903676987,
        "dvar": 0.00020790869894,
        "dvar2": 0.000489197787829,
        "max": 0.219389721751,
        "mean": 0.0149258188903,
        "median": 0.00981673132628,
        "min": 1.03711234045e-10,
        "var": 0.000395822862629
    },
    "spectral_kurtosis": {
        "dmean": 12.1068649292,
        "dmean2": 20.2769470215,
        "dvar": 306.957855225,
        "dvar2": 892.250305176,
        "max": 260.424133301,
        "mean": 34.6354866028,
        "median": 16.2645359039,
        "min": -1.2113288641,
        "var": 2068.9921875
    },
    "spectral_rms": {
        "dmean": 0.000218989487621,
        "dmean2": 0.000235755098402,
        "dvar": 1.45632739645e-07,
        "dvar2": 2.14147149791e-07,
        "max": 0.00879152026027,
        "mean": 0.00277195917442,
        "median": 0.00188286800403,
        "min": 3.23939464662e-12,
        "var": 5.75112881052e-06
    },
    "spectral_rolloff": {
        "dmean": 203.389984131,
        "dmean2": 366.98638916,
        "dvar": 1022713.5,
        "dvar2": 1851521,
        "max": 18949.21875,
        "mean": 893.043151855,
        "median": 301.46484375,
        "min": 150.732421875,
        "var": 4516716.5
    },
    "spectral_skewness": {
        "dmean": 0.77903842926,
        "dmean2": 1.28161048889,
        "dvar": 0.546877205372,
        "dvar2": 1.59080445766,
        "max": 13.2781496048,
        "mean": 3.78261446953,
        "median": 2.96128249168,
        "min": -0.372738957405,
        "var": 7.55502271652
    },
    "spectral_spread": {
        "dmean": 439007.8125,
        "dmean2": 648523.9375,
        "dvar": 1.61844782694e+12,
        "dvar2": 1.68227923558e+12,
        "max": 41137604,
        "mean": 2575784.5,
        "median": 2355476,
        "min": 336834.46875,
        "var": 4.2503199785e+12
    },
    "spectral_strongpeak": {
        "dmean": 0.244675159454,
        "dmean2": 0.342943489552,
        "dvar": 0.893730223179,
        "dvar2": 1.48283338547,
        "max": 19.8952331543,
        "mean": 1.07306623459,
        "median": 0.491316944361,
        "min": 0,
        "var": 4.79182863235
    },
    "zerocrossingrate": {
        "dmean": 0.00536317192018,
        "dmean2": 0.00587452109903,
        "dvar": 0.000272890029009,
        "dvar2": 0.000230957346503,
        "max": 0.51806640625,
        "mean": 0.032318610698,
        "median": 0.01318359375,
        "min": 0.00634765625,
        "var": 0.00344679877162
    },
    "barkbands": {
        "dmean": [9.16173448218e-08, 1.04624732558e-05, 0.000154180539539, 0.000287233619019, 0.000834186968859, 0.000351281749317, 0.000141518437886, 0.00013840617612, 0.000113342299301, 2.361924453e-05, 5.30980105395e-06, 2.22174021474e-05, 2.15823674807e-05, 1.42622629937e-05, 1.08657732198e-05, 2.27532382269e-05, 3.77735432266e-06, 2.3676100227e-06, 0.00011098376126, 7.15098431101e-05, 1.17663885248e-05, 5.4088275192e-07, 4.04944466936e-06, 1.98040879695e-06, 3.33666690722e-07, 1.02587740969e-07, 1.95065896769e-09],
        "dmean2": [1.60229191692e-07, 1.81391715159e-05, 0.000196136010345, 0.000288209324935, 0.000831491663121, 0.000353710784111, 0.000198019130039, 0.000199182031793, 0.000147668950376, 3.45517473761e-05, 9.34740182856e-06, 3.38147365255e-05, 2.92008153338e-05, 2.72728702839e-05, 1.83679112524e-05, 4.09057829529e-05, 6.45998215987e-06, 3.82275538868e-06, 0.000130708111101, 8.82417880348e-05, 2.18442364712e-05, 1.02237856936e-06, 7.04583362676e-06, 2.56431735579e-06, 5.11195253239e-07, 1.55991315864e-07, 3.5080358618e-09],
        "dvar": [2.22737261035e-13, 1.93408289384e-09, 3.45398859736e-07, 4.34780787373e-07, 5.39602751815e-06, 2.29249849326e-06, 3.14754288411e-07, 1.32884633786e-06, 8.24795108656e-07, 2.58031320755e-08, 1.47101730796e-09, 2.26580834095e-08, 1.68227263231e-08, 3.08861558551e-08, 9.98714622114e-09, 8.89061837483e-08, 1.38288380747e-09, 3.22976201339e-10, 4.73101181342e-07, 1.15564702696e-07, 2.52623149066e-08, 3.82081727368e-11, 1.08756326167e-09, 1.90790591659e-10, 4.43167291059e-12, 9.58020880508e-13, 5.33020310713e-16],
        "dvar2": [6.08964213691e-13, 5.49721423937e-09, 9.08813035494e-07, 3.8886904008e-07, 5.22341088072e-06, 2.69090446636e-06, 6.59540489778e-07, 2.0998841137e-06, 1.50968196522e-06, 5.84660959646e-08, 3.32062399799e-09, 6.03654868314e-08, 2.93612369973e-08, 9.17551048474e-08, 2.1373933734e-08, 2.55282088801e-07, 3.65478225461e-09, 8.44187497684e-10, 5.19317097769e-07, 2.04031181283e-07, 7.15059869094e-08, 1.11919286339e-10, 2.83595458228e-09, 2.92514040767e-10, 9.56144104863e-12, 2.28955743253e-12, 1.50114874094e-15],
        "max": [8.90224146133e-06, 0.000832290097605, 0.0155911110342, 0.0354714132845, 0.0709690824151, 0.0498353540897, 0.0111208073795, 0.0308134127408, 0.0261604208499, 0.00359461014159, 0.000669164583087, 0.00243115192279, 0.00311040575616, 0.00305008306168, 0.00182684417814, 0.0056856488809, 0.000644900428597, 0.00028534908779, 0.0213972777128, 0.00818378198892, 0.00309013947845, 8.47438204801e-05, 0.000505736272316, 0.00036196858855, 3.45535663655e-05, 2.84875532088e-05, 4.70302154554e-07],
        "mean": [8.64415881097e-08, 1.29240797833e-05, 0.00077035673894, 0.00214755954221, 0.00675773620605, 0.00202766410075, 0.000642778642941, 0.000407765910495, 0.000378023280064, 6.02481813985e-05, 6.55783469483e-06, 2.92216955131e-05, 4.63305150333e-05, 9.81534503808e-06, 1.49206916831e-05, 1.89563161257e-05, 3.34291826221e-06, 2.90816001325e-06, 0.000289443356451, 0.000128042636788, 7.4196350397e-06, 3.4773111679e-07, 4.9139971452e-06, 2.76496325569e-06, 4.68968920586e-07, 1.78549356633e-07, 1.53602131014e-09],
        "median": [2.83505077192e-08, 3.95871120418e-06, 1.22124829431e-05, 9.00418817764e-05, 0.00106376537587, 9.64300852502e-05, 6.47518072583e-06, 2.76877972283e-06, 6.44044916953e-07, 5.27986969701e-07, 5.70367966191e-08, 9.91636142089e-08, 7.70306698428e-08, 7.11679533083e-08, 9.04178634187e-08, 1.25921076233e-07, 1.31760685917e-07, 6.79035139228e-08, 1.03289750086e-07, 1.53447331286e-07, 7.62772955909e-08, 1.32933157815e-08, 2.86455339449e-08, 4.42659686684e-09, 2.00333394318e-09, 2.79592293762e-10, 2.59889415544e-10],
        "min": [4.07882582083e-24, 5.78753104261e-23, 2.73182847022e-23, 6.0388627581e-24, 9.8168588393e-24, 5.4734318737e-23, 2.52853349292e-23, 2.48707648577e-23, 5.05369634097e-23, 6.72738055618e-23, 8.46286508133e-23, 1.08249197354e-22, 7.53459983238e-23, 8.03895079462e-23, 1.75884566268e-22, 2.00649712116e-22, 1.85592742951e-22, 2.34209849265e-22, 2.4357149513e-22, 3.15710161718e-22, 2.85242005908e-22, 6.0943990707e-22, 5.61919380523e-22, 6.90017214398e-22, 1.40950031474e-21, 1.70062618801e-21, 2.7804983608e-21],
        "var": [1.52775605751e-13, 1.49419998596e-09, 4.91416449222e-06, 2.65154430963e-05, 0.000143829718581, 3.48841276718e-05, 2.66561391982e-06, 4.08289224652e-06, 4.81436563859e-06, 9.23862515378e-08, 1.71163216933e-09, 2.39853790163e-08, 6.6360733797e-08, 1.74193584002e-08, 1.54766564009e-08, 5.30844275204e-08, 1.03453978717e-09, 2.83754603148e-10, 2.96193115901e-06, 3.50518604364e-07, 1.51726347042e-08, 2.06972303879e-11, 1.46294587555e-09, 4.20374790533e-10, 6.44701826646e-12, 2.72736022135e-12, 3.37345244334e-16]
    },
    "erbbands": {
        "dmean": [0.000166501064086, 0.00439535686746, 0.10785894841, 0.758079707623, 1.01485359669, 2.1269390583, 5.86775875092, 2.72994399071, 2.43727207184, 2.59037303925, 2.24005007744, 3.13652563095, 0.840592086315, 0.478543937206, 0.388043344021, 0.775726795197, 0.890020251274, 0.967005908489, 0.511648595333, 1.24943566322, 0.528163135052, 0.184821516275, 0.128207743168, 0.398481220007, 8.19650268555, 4.37790679932, 1.19159245491, 0.173896461725, 0.0235389489681, 0.0368545353413, 0.10731010884, 0.105494983494, 0.00724610453472, 0.00166274432559, 0.00369136873633, 0.00102050835267, 3.67237407772e-05, 3.46602928403e-06, 1.11713495698e-06, 1.94144740817e-06],
        "dmean2": [0.000268883828539, 0.00710504921153, 0.140889167786, 0.749271214008, 1.28688931465, 2.34653329849, 5.21281766891, 2.81200361252, 3.5033185482, 3.78209924698, 3.32237029076, 3.97134041786, 1.20086491108, 0.76457452774, 0.57054066658, 1.19837975502, 1.25612509251, 1.61026334763, 0.903909385204, 2.16931200027, 0.973119497299, 0.31204867363, 0.203537240624, 0.547326564789, 9.65503787994, 5.25848197937, 1.94722723961, 0.316767930984, 0.0435312390327, 0.0688851177692, 0.184965029359, 0.149229452014, 0.00997592136264, 0.00252089300193, 0.00561398360878, 0.00156323309056, 5.58003412152e-05, 5.39443772141e-06, 1.37230097152e-06, 2.1305354494e-06],
        "dvar": [2.30099928444e-07, 0.000427069753641, 0.198438599706, 3.55165553093, 18.8038311005, 36.5318183899, 333.769836426, 245.508575439, 105.843597412, 203.229904175, 449.789550781, 586.058898926, 30.281288147, 8.94080734253, 5.4125213623, 32.5735435486, 29.9483032227, 91.8911437988, 26.7185764313, 215.713119507, 43.7488441467, 2.89450001717, 0.850498139858, 4.7850689888, 2290.94848633, 397.281494141, 118.474052429, 4.43389368057, 0.0673146694899, 0.215030699968, 0.794585168362, 0.424099981785, 0.00214647059329, 0.000104386934254, 0.000518652203027, 6.40722864773e-05, 4.75687507162e-08, 4.31187474614e-10, 1.50376881086e-11, 2.06588669782e-11],
        "dvar2": [6.51696211662e-07, 0.00125367718283, 0.545623123646, 3.99037647247, 23.4550495148, 40.4067687988, 330.212280273, 251.777099609, 221.770492554, 329.929870605, 692.336853027, 937.567871094, 65.8838424683, 23.1298542023, 13.1949176788, 88.3098754883, 55.0600090027, 256.534423828, 61.4662094116, 585.492370605, 123.452857971, 7.75466489792, 2.22005319595, 7.52453756332, 2543.34277344, 702.453369141, 328.241241455, 12.672167778, 0.196020871401, 0.620015084743, 2.25022768974, 0.754105091095, 0.00320726842619, 0.000215443273191, 0.00114809093066, 0.00015466932382, 1.15627919683e-07, 1.06711472991e-09, 3.437684859e-11, 3.193483325e-11],
        "max": [0.00771496072412, 0.413434684277, 9.93222427368, 100.647071838, 147.325302124, 195.258514404, 548.395751953, 544.729248047, 234.113174438, 380.582275391, 587.60345459, 724.628417969, 122.114395142, 59.7019729614, 46.7229690552, 88.1727600098, 124.827735901, 179.667388916, 96.0553894043, 289.697662354, 124.374565125, 28.5491027832, 14.7147407532, 57.766544342, 1488.01782227, 528.805969238, 206.315917969, 39.5907592773, 4.07205820084, 8.49826526642, 15.8291358948, 13.7142286301, 1.22299361229, 0.211663559079, 0.365380167961, 0.221954926848, 0.00571973109618, 0.000491218466777, 8.57699269545e-05, 8.71744632605e-05],
        "mean": [0.00037982800859, 0.010716422461, 0.517480790615, 5.58609819412, 10.6942176819, 15.3024549484, 41.2700614929, 13.5566568375, 10.7133131027, 12.5723810196, 6.85997772217, 10.9029045105, 2.85345768929, 1.09091162682, 0.58742660284, 0.971593379974, 1.98420226574, 1.07415735722, 0.682002842426, 1.20288145542, 0.44890165329, 0.190758913755, 0.171067669988, 0.888460636139, 21.1368274689, 8.49473285675, 1.3993614912, 0.126082614064, 0.0170780997723, 0.0238927826285, 0.117467172444, 0.163553088903, 0.0107241924852, 0.00245390133932, 0.00532502960414, 0.00165917119011, 6.17795012658e-05, 5.82942720939e-06, 7.06256605554e-06, 1.55416601046e-05],
        "median": [0.000158059701789, 0.00304849166423, 0.0213312339038, 0.191820845008, 0.687453567982, 3.11754775047, 5.34837388992, 0.644270658493, 0.103157810867, 0.114461995661, 0.0432324595749, 0.0216645747423, 0.0182878840715, 0.0100002195686, 0.00319155422039, 0.00434228312224, 0.00382652739063, 0.00380072067492, 0.00429652072489, 0.00736168958247, 0.00622634263709, 0.00833873637021, 0.00508103519678, 0.00466768816113, 0.0104805165902, 0.00812424812466, 0.00591181591153, 0.00317677157, 0.00079998828005, 0.000741083698813, 0.000875323312357, 0.00017806100368, 8.62312954268e-05, 4.61598210677e-05, 2.30634668696e-05, 9.95631489786e-06, 2.86099452751e-06, 7.16530109912e-07, 1.90798459698e-06, 4.21614913648e-06],
        "min": [1.86501238084e-21, 1.23150851545e-20, 2.65343158453e-20, 3.50197833693e-20, 1.00198996772e-20, 2.58731238861e-20, 1.63312620631e-19, 6.51983241826e-19, 4.22438295397e-19, 3.24421942303e-19, 5.44218203322e-19, 1.17383753161e-18, 1.73875970378e-18, 3.41870335048e-18, 3.43141546214e-18, 3.49426981496e-18, 4.03333432117e-18, 2.51325035888e-18, 6.9983574366e-18, 1.08222521082e-17, 1.14964795809e-17, 1.04005173816e-17, 1.04330851367e-17, 1.36658070594e-17, 1.40871190967e-17, 1.43750987182e-17, 1.43919136457e-17, 1.29964483718e-17, 2.17763667322e-17, 2.01190442005e-17, 1.52464143796e-17, 1.21220903402e-17, 1.23267182802e-17, 1.07580587568e-17, 1.26930120534e-17, 5.95677078209e-18, 3.67914509545e-18, 1.20639422315e-18, 3.81650846573e-19, 4.55476535298e-20],
        "var": [3.85548759141e-07, 0.000600457307883, 2.0448551178, 206.741088867, 866.084411621, 725.199462891, 9618.93164062, 3455.43139648, 1038.27636719, 1901.71020508, 1562.5690918, 4020.62329102, 178.006195068, 22.0132484436, 7.12872505188, 30.6274528503, 114.14704895, 72.0569381714, 36.5028762817, 154.600097656, 27.3933315277, 2.22412872314, 0.74446117878, 23.5994434357, 14298.9072266, 1246.92834473, 93.451171875, 2.58100676537, 0.0371889173985, 0.121097490191, 0.629855751991, 1.05760133266, 0.0049387998879, 0.000153997680172, 0.000755062326789, 0.000169434730196, 1.20729993114e-07, 6.21914075793e-10, 8.78475556187e-11, 4.14445505692e-10]
    },
    "gfcc": {
        "mean": [-307.317382812, 157.695663452, -72.9995422363, 45.966884613, -60.1248283386, -42.3152198792, -36.8023643494, -27.1759338379, -28.0803432465, -20.3099117279, -5.00015878677, -19.6239624023, 0.634832620621],
        "cov": [[20160.0371094, 1584.3996582, -1119.99731445, -506.071899414, -1930.14819336, -1322.42407227, -582.099853516, 34.4481735229, -915.002197266, -239.252990723, 537.547363281, -556.754455566, 128.456619263], [1584.3996582, 2052.76293945, -203.921234131, -966.449645996, 348.219543457, 127.389343262, -9.19888496399, -672.983337402, 495.262359619, -28.2632083893, -216.682128906, -53.821598053, 18.4301166534], [-1119.99731445, -203.921234131, 1682.47106934, 707.065551758, 313.96496582, -710.028808594, -215.819213867, -86.6904296875, -404.129089355, -49.2302398682, 203.536361694, 27.540140152, 121.516281128], [-506.071899414, -966.449645996, 707.065551758, 2156.68701172, 437.362884521, -491.190917969, 12.8758077621, 67.6114120483, -565.235961914, -180.140716553, 103.467689514, -241.12713623, -162.639404297], [-1930.14819336, 348.219543457, 313.96496582, 437.362884521, 884.909545898, 161.860443115, 42.8867721558, -381.837188721, 177.006072998, -63.1558570862, -255.13381958, -142.202484131, -216.596191406], [-1322.42407227, 127.389343262, -710.028808594, -491.190917969, 161.860443115, 849.401733398, 136.099334717, -45.1457366943, 426.945159912, 42.2223892212, -299.331512451, -26.1045837402, -190.141067505], [-582.099853516, -9.19888496399, -215.819213867, 12.8758077621, 42.8867721558, 136.099334717, 243.049911499, 76.1099090576, 34.4015617371, -16.452419281, -39.5605049133, -39.41614151, -19.3108386993], [34.4481735229, -672.983337402, -86.6904296875, 67.6114120483, -381.837188721, -45.1457366943, 76.1099090576, 513.233886719, -187.472122192, 16.5188083649, 160.736724854, 50.0477104187, 40.6285514832], [-915.002197266, 495.262359619, -404.129089355, -565.235961914, 177.006072998, 426.945159912, 34.4015617371, -187.472122192, 453.249816895, 63.4397354126, -193.587875366, 35.8067741394, -75.178314209], [-239.252990723, -28.2632083893, -49.2302398682, -180.140716553, -63.1558570862, 42.2223892212, -16.452419281, 16.5188083649, 63.4397354126, 166.910446167, -5.96275901794, 59.2289009094, 49.3860626221], [537.547363281, -216.682128906, 203.536361694, 103.467689514, -255.13381958, -299.331512451, -39.5605049133, 160.736724854, -193.587875366, -5.96275901794, 234.862594604, 70.8405532837, 125.360275269], [-556.754455566, -53.821598053, 27.540140152, -241.12713623, -142.202484131, -26.1045837402, -39.41614151, 50.0477104187, 35.8067741394, 59.2289009094, 70.8405532837, 238.948516846, 170.970596313], [128.456619263, 18.4301166534, 121.516281128, -162.639404297, -216.596191406, -190.141067505, -19.3108386993, 40.6285514832, -75.178314209, 49.3860626221, 125.360275269, 170.970596313, 293.173461914]],
        "icov": [[0.000213431761949, -0.000414078996982, 0.000328479800373, -3.59393270628e-05, 0.000412095803767, 0.000137763374369, 0.000656727235764, -7.61156334192e-05, 0.000767177494708, -1.1215851373e-05, 7.52176056267e-05, 0.000515833322424, 8.96693527466e-05], [-0.000414078996982, 0.0025272294879, -0.000544415670447, 0.000845456903335, -0.00101454032119, 0.000640498532448, -0.00181491428521, 0.00182450178545, -0.00275825313292, 0.000894459721167, -0.000334835931426, 0.000171072562807, -0.000803854374681], [0.000328479800373, -0.000544415670447, 0.00206325086765, 0.00018559320597, -0.000895204371773, 0.000889556249604, 0.00201339344494, -0.000334472511895, 0.00220200885087, -0.000151779109729, -0.000625103304628, 0.000664664898068, -0.000297498743748], [-3.59393270628e-05, 0.000845456903335, 0.00018559320597, 0.00155336968601, -0.00131294282619, 0.000473433814477, -0.00027519770083, 0.0005256056902, 0.00109030574095, 0.000463060772745, -0.000518042244948, 0.000592141936067, 7.12713226676e-05], [0.000412095803767, -0.00101454032119, -0.000895204371773, -0.00131294282619, 0.00557985715568, 0.000198042267584, -0.000576888909563, 0.00156063691247, -0.000601570645813, 0.000300597283058, 0.00306608481333, 0.000173597902176, 0.00190527725499], [0.000137763374369, 0.000640498532448, 0.000889556249604, 0.000473433814477, 0.000198042267584, 0.00502203218639, -0.000493190833367, -0.000558468571398, -0.0023379502818, 0.000664894352667, 0.00382180814631, -7.88260949776e-05, 0.000941873528063], [0.000656727235764, -0.00181491428521, 0.00201339344494, -0.00027519770083, -0.000576888909563, -0.000493190833367, 0.00865953136235, -0.00287846033461, 0.00291887437925, 0.000333692354616, -6.60449441057e-05, 0.00326150353067, -0.00211913022213], [-7.61156334192e-05, 0.00182450178545, -0.000334472511895, 0.0005256056902, 0.00156063691247, -0.000558468571398, -0.00287846033461, 0.00657927151769, 0.000306849804474, 2.14257088373e-05, -0.00246305926703, -0.000580566236749, 0.0015051435912], [0.000767177494708, -0.00275825313292, 0.00220200885087, 0.00109030574095, -0.000601570645813, -0.0023379502818, 0.00291887437925, 0.000306849804474, 0.0131615838036, -0.00215285620652, -4.54721921415e-05, -0.00114014965948, 0.00214041443542], [-1.1215851373e-05, 0.000894459721167, -0.000151779109729, 0.000463060772745, 0.000300597283058, 0.000664894352667, 0.000333692354616, 2.14257088373e-05, -0.00215285620652, 0.00783823337406, 0.00118689064402, 3.3934480598e-05, -0.00145893718582], [7.52176056267e-05, -0.000334835931426, -0.000625103304628, -0.000518042244948, 0.00306608481333, 0.00382180814631, -6.60449441057e-05, -0.00246305926703, -4.54721921415e-05, 0.00118689064402, 0.0153129873797, -0.0020611807704, -0.000516684784088], [0.000515833322424, 0.000171072562807, 0.000664664898068, 0.000592141936067, 0.000173597902176, -7.88260949776e-05, 0.00326150353067, -0.000580566236749, -0.00114014965948, 3.3934480598e-05, -0.0020611807704, 0.0118782948703, -0.00615517515689], [8.96693527466e-05, -0.000803854374681, -0.000297498743748, 7.12713226676e-05, 0.00190527725499, 0.000941873528063, -0.00211913022213, 0.0015051435912, 0.00214041443542, -0.00145893718582, -0.000516684784088, -0.00615517515689, 0.00986043922603]]
    },
    "melbands": {
        "dmean": [2.10486859942e-06, 3.99099917558e-05, 0.000128489366034, 8.59571155161e-05, 0.000202357201488, 6.083327753e-05, 3.52112292603e-05, 3.06931251544e-05, 1.43988281707e-05, 2.00098038476e-05, 4.01536863137e-06, 2.31291323871e-06, 8.5062049493e-07, 2.86495901491e-06, 1.0091509921e-06, 2.89053400593e-06, 1.7282227418e-06, 6.88223110501e-07, 1.00022452898e-06, 2.29073907576e-06, 3.09100698814e-07, 2.04413282745e-07, 1.73827814365e-07, 6.54307967807e-08, 7.7028644796e-08, 3.94679000237e-06, 5.51360199097e-06, 2.81582902062e-06, 8.62985302774e-07, 2.77916825553e-07, 2.62499089132e-08, 9.44115274848e-09, 1.152414697e-08, 2.4966382739e-08, 5.85039998668e-08, 9.01874130932e-08, 5.29831432061e-08, 1.53806323233e-09, 4.14137557581e-10, 1.60313951003e-09],
        "dmean2": [3.60005878974e-06, 5.39165885129e-05, 0.00013726016914, 0.000102566154965, 0.000184206306585, 6.60302175675e-05, 5.08468292537e-05, 4.41302763647e-05, 2.16530570469e-05, 2.53792495641e-05, 5.72209592065e-06, 3.68927521777e-06, 1.31164165396e-06, 4.34884668721e-06, 1.76854155143e-06, 3.6700430428e-06, 3.19411833516e-06, 1.2158715208e-06, 1.73689988969e-06, 4.08039477406e-06, 5.35276171831e-07, 3.53118963403e-07, 2.73773395065e-07, 1.08905148011e-07, 1.45822042441e-07, 4.82379164168e-06, 6.15711405771e-06, 3.48988555743e-06, 1.46553497871e-06, 5.12936935593e-07, 4.92344049974e-08, 1.77479311247e-08, 2.17623181697e-08, 4.68431800016e-08, 1.06188906557e-07, 1.43932297192e-07, 6.73494469083e-08, 2.63298027825e-09, 7.0942646202e-10, 2.49017428899e-09],
        "dvar": [5.46740118457e-11, 2.80367391525e-08, 9.89337820556e-08, 6.60541914499e-08, 4.12311521814e-07, 1.11616849097e-07, 2.11082049617e-08, 3.29698082169e-08, 1.85162445376e-08, 2.46231710577e-08, 7.03087699172e-10, 2.26108340384e-10, 2.33403227301e-11, 3.7479763737e-10, 7.11979156187e-11, 2.90375834489e-10, 4.26628593564e-10, 4.75811334777e-11, 8.7451663966e-11, 8.89740670029e-10, 1.09193626363e-11, 4.25569648965e-12, 1.2218513961e-12, 3.79006071319e-13, 7.71869547445e-13, 6.33343155698e-10, 6.80424383503e-10, 3.12301351446e-10, 7.97057420066e-11, 1.22864982077e-11, 1.18576684387e-13, 1.14102639419e-14, 1.69515975286e-14, 1.2078401159e-13, 4.99617057795e-13, 4.66586079668e-13, 1.69487728431e-13, 1.13701150037e-16, 1.18004734191e-17, 1.70472659824e-16],
        "dvar2": [1.53569656991e-10, 7.81267104344e-08, 1.25821529195e-07, 7.41374535096e-08, 4.07987585049e-07, 1.24590542327e-07, 4.24957811163e-08, 5.14047648892e-08, 2.88972294982e-08, 3.93274319777e-08, 1.59813129397e-09, 5.87265402974e-10, 5.20724088848e-11, 9.90289072966e-10, 1.93898314071e-10, 5.04008057511e-10, 1.25047960875e-09, 1.11043001183e-10, 2.04500832934e-10, 2.5154980321e-09, 2.97658390991e-11, 1.13879652236e-11, 3.15166100683e-12, 1.00689812391e-12, 2.25768514127e-12, 7.37509608939e-10, 7.19451775932e-10, 5.84993276043e-10, 2.23665738708e-10, 3.44683274978e-11, 3.40739779057e-13, 3.33148120907e-14, 4.98813670761e-14, 3.4540973597e-13, 1.45311746576e-12, 1.03294694846e-12, 2.35116776309e-13, 2.86654795834e-16, 3.37261255724e-17, 3.53726808595e-16],
        "max": [0.000129333478981, 0.00351349916309, 0.0139213036746, 0.00862996373326, 0.0194651000202, 0.0113849854097, 0.00348478252999, 0.00404215138406, 0.00382867897861, 0.00453727459535, 0.000582743610721, 0.000310328410706, 7.16601934982e-05, 0.000347335502738, 0.000146522696014, 0.000432794186054, 0.000369477027562, 0.000128860716359, 0.000147168742842, 0.000579995976295, 5.17825174029e-05, 3.69568224414e-05, 1.87615878531e-05, 1.13765645438e-05, 1.3635905816e-05, 0.000766303972341, 0.000785038457252, 0.000509645848069, 0.000168881422724, 6.61299054627e-05, 6.47743172522e-06, 1.56472196977e-06, 1.84693544725e-06, 6.6404941208e-06, 1.32199920699e-05, 1.55818179337e-05, 1.14129288704e-05, 1.89619640878e-07, 5.83991948133e-08, 2.82354847059e-07],
        "mean": [2.72661009149e-06, 0.000179049035069, 0.00105503597297, 0.000777385896072, 0.0014184997417, 0.000307509442791, 0.000157609363669, 0.000132246525027, 4.75321685371e-05, 6.62011661916e-05, 1.23450427054e-05, 5.40229757462e-06, 1.28393389787e-06, 3.8420034798e-06, 1.09617349153e-06, 6.17655314272e-06, 1.31737283482e-06, 8.57492352679e-07, 1.3229889646e-06, 1.89095806036e-06, 2.45431294843e-07, 1.78614939728e-07, 2.44795018034e-07, 6.31698142683e-08, 5.29962278506e-08, 1.04235432445e-05, 1.33305820782e-05, 4.97170685776e-06, 9.84529378911e-07, 1.71342321664e-07, 1.63268651932e-08, 6.34958841061e-09, 7.17874293343e-09, 1.49042893582e-08, 4.36496527811e-08, 1.50593862713e-07, 7.83982727626e-08, 2.11859640942e-09, 4.73165173709e-10, 2.23654783582e-09],
        "median": [9.38464154387e-07, 6.23695768809e-06, 4.62544012407e-05, 9.28237932385e-05, 0.000174075117684, 8.5533474703e-06, 1.30309183533e-06, 9.29974305564e-07, 2.25902340389e-07, 9.93819284645e-08, 8.39579357148e-08, 5.14436884202e-08, 8.32313151733e-09, 1.0384372473e-08, 1.12044746814e-08, 6.92089363596e-09, 6.72907063404e-09, 6.80299905298e-09, 6.51507248151e-09, 1.14629852277e-08, 4.57598803294e-09, 8.0816651149e-09, 5.42944134097e-09, 2.67406563559e-09, 1.72470882021e-09, 4.4940420274e-09, 6.26857410424e-09, 4.20538892598e-09, 2.85717294268e-09, 1.83387860453e-09, 8.88251472375e-10, 3.24187593437e-10, 1.91390459037e-10, 3.27125770916e-10, 5.32502597572e-10, 1.68848976467e-10, 5.94366431073e-11, 2.85339859379e-11, 1.73305102907e-11, 1.76428871512e-11],
        "min": [1.6808109424e-23, 1.53181294566e-23, 5.26655176024e-24, 7.41483792798e-25, 5.22875822313e-24, 1.34347382449e-23, 5.76302294866e-24, 3.44511176756e-24, 4.22470158499e-24, 8.32073758976e-24, 8.54226550916e-24, 1.34064986022e-23, 1.20429509498e-23, 9.830783812e-24, 8.0431618919e-24, 9.19374944318e-24, 3.62583072905e-24, 1.04841972998e-23, 1.58516739521e-23, 1.51378778952e-23, 1.16802966033e-23, 9.93528106067e-24, 9.40108733262e-24, 1.11681120945e-23, 1.07008697803e-23, 1.07966777261e-23, 7.00314029623e-24, 1.11001556718e-23, 1.04986665865e-23, 6.47648137312e-24, 7.56407877555e-24, 1.19893202411e-23, 1.17967585053e-23, 1.17039466532e-23, 9.76621002488e-24, 6.07767747565e-24, 7.80891437926e-24, 8.95199907447e-24, 6.98670674585e-24, 1.02593703641e-23],
