{
"metadata": {
    "version": {
        "essentia": "2.0.1",
        "extractor": "archive-music 1.0"
    },
    "audio_properties": {
        "analysis_sample_rate": 44100,
        "bitrate": 128,
        "channels": 2,
        "equal_loudness": 0,
        "length": 15.2293872833,
        "replay_gain": -4.46749687195,
        "downmix": "mix"
    },
    "tags": {
        "track": 0,
        "year": 0,
        "album": "",
        "artist": "",
        "comment": "",
        "genre": "",
        "title": ""
    }
},
"highlevel": {
    "culture": {
        "all": {
            "non_western": 2.4704946977e-09,
            "western": 1
        },
        "probability": 1,
        "value": "western"
    },
    "danceability": {
        "all": {
            "danceable": 0.69784450531,
            "not_danceable": 0.30215549469
        },
        "probability": 0.69784450531,
        "value": "danceable"
    },
    "gender": {
        "all": {
            "female": 0.419826328754,
            "male": 0.580173671246
        },
        "probability": 0.580173671246,
        "value": "male"
    },
    "genre_dortmund": {
        "all": {
            "alternative": 0.106033734977,
            "blues": 0.184006541967,
            "electronic": 0.0222229473293,
            "folkcountry": 0.0601010769606,
            "funksoulrnb": 0.0696521624923,
            "jazz": 0.41093686223,
            "pop": 0.0320794321597,
            "raphiphop": 0.0225827451795,
            "rock": 0.0923845097423
        },
        "probability": 0.41093686223,
        "value": "jazz"
    },
    "genre_electronic": {
        "all": {
            "ambient": 0.895351171494,
            "dnb": 0.0791180208325,
            "house": 0.00812207628042,
            "techno": 0.00569133833051,
            "trance": 0.0117174023762
        },
        "probability": 0.895351171494,
        "value": "ambient"
    },
    "genre_rosamerica": {
        "all": {
            "cla": 0.305812299252,
            "dan": 0.0046109771356,
            "hip": 0.00346215581521,
            "jaz": 0.49122107029,
            "pop": 0.15396438539,
            "rhy": 0.0106334201992,
            "roc": 0.0236876085401,
            "spe": 0.00660808058456
        },
        "probability": 0.49122107029,
        "value": "jaz"
    },
    "genre_tzanetakis": {
        "all": {
            "blu": 0.00275844708085,
            "cla": 0.268636673689,
            "cou": 0.00492496648803,
            "dis": 0.00450339214876,
            "hip": 0.00661367503926,
            "jaz": 0.602835416794,
            "met": 0.000989780412056,
            "pop": 0.028905974701,
            "reg": 0.0088192531839,
            "roc": 0.0710124000907
        },
        "probability": 0.602835416794,
        "value": "jaz"
    },
    "mirex_ballroom": {
        "all": {
            "ChaChaCha": 0.00778451003134,
            "Jive": 0.00786063633859,
            "Quickstep": 0.0847898125648,
            "Rumba-American": 0.00653535453603,
            "Rumba-International": 0.0104992482811,
            "Rumba-Misc": 0.00577947404236,
            "Samba": 0.00993918254972,
            "Tango": 0.554010868073,
            "VienneseWaltz": 0.136756032705,
            "Waltz": 0.176044851542
        },
        "probability": 0.554010868073,
        "value": "Tango"
    },
    "mood_acoustic": {
        "all": {
            "acoustic": 0.689632892609,
            "not_acoustic": 0.310367077589
        },
        "probability": 0.689632892609,
        "value": "acoustic"
    },
    "mood_aggressive": {
        "all": {
            "aggressive": 0.334308534861,
            "not_aggressive": 0.665691494942
        },
        "probability": 0.665691494942,
        "value": "not_aggressive"
    },
    "mood_electronic": {
        "all": {
            "electronic": 0.592591941357,
            "not_electronic": 0.407408058643
        },
        "probability": 0.592591941357,
        "value": "electronic"
    },
    "mood_happy": {
        "all": {
            "happy": 0.839833319187,
            "not_happy": 0.160166680813
        },
        "probability": 0.839833319187,
        "value": "happy"
    },
    "mood_party": {
        "all": {
            "not_party": 0.896923899651,
            "party": 0.103076100349
        },
        "probability": 0.896923899651,
        "value": "not_party"
    },
    "mood_relaxed": {
        "all": {
            "not_relaxed": 0.404329508543,
            "relaxed": 0.595670461655
        },
        "probability": 0.595670461655,
        "value": "relaxed"
    },
    "mood_sad": {
        "all": {
            "not_sad": 0.248687803745,
            "sad": 0.751312196255
        },
        "probability": 0.751312196255,
        "value": "sad"
    },
    "moods_mirex": {
        "all": {
            "Cluster1": 0.12926030159,
            "Cluster2": 0.193899944425,
            "Cluster3": 0.348954230547,
            "Cluster4": 0.198875322938,
            "Cluster5": 0.1290102005
        },
        "probability": 0.348954230547,
        "value": "Cluster3"
    },
    "timbre": {
        "all": {
            "bright": 0.913916349411,
            "dark": 0.0860836580396
        },
        "probability": 0.913916349411,
        "value": "bright"
    },
    "tonal_atonal": {
        "all": {
            "atonal": 0.981114268303,
            "tonal": 0.0188857279718
        },
        "probability": 0.981114268303,
        "value": "atonal"
    },
    "voice_instrumental": {
        "all": {
            "instrumental": 0.736356019974,
            "voice": 0.263644009829
        },
        "probability": 0.736356019974,
        "value": "instrumental"
    }
},
"lowlevel": {
    "average_loudness": 0.971000313759,
    "barkbands_kurtosis": {
        "dmean": 0.82449388504,
        "dmean2": 1.29144525528,
        "dvar": 1.14512109756,
        "dvar2": 2.70020890236,
        "max": 13.1604290009,
        "mean": -0.0310655422509,
        "median": -0.448066949844,
        "min": -1.67455589771,
        "var": 2.39971828461
    },
    "barkbands_skewness": {
        "dmean": 0.372296005487,
        "dmean2": 0.543851971626,
        "dvar": 0.108302034438,
        "dvar2": 0.226858407259,
        "max": 3.51733136177,
        "mean": 0.327875137329,
        "median": 0.280395597219,
        "min": -1.91171526909,
        "var": 0.472241133451
    },
    "barkbands_spread": {
        "dmean": 4.15736961365,
        "dmean2": 6.50879001617,
        "dvar": 28.3472728729,
        "dvar2": 67.5519714355,
        "max": 109.662322998,
        "mean": 19.7022724152,
        "median": 19.097196579,
        "min": 5.64562559128,
        "var": 48.8604431152
    },
    "dissonance": {
        "dmean": 0.027060020715,
        "dmean2": 0.046123098582,
        "dvar": 0.000514127372298,
        "dvar2": 0.00140335608739,
        "max": 0.499435484409,
        "mean": 0.449554622173,
        "median": 0.455435693264,
        "min": 0.304169684649,
        "var": 0.000874679826666
    },
    "dynamic_complexity": 2.83369255066,
    "erbbands_kurtosis": {
        "dmean": 0.866060853004,
        "dmean2": 1.41462934017,
        "dvar": 1.04992258549,
        "dvar2": 2.76529598236,
        "max": 11.3659439087,
        "mean": 0.347517192364,
        "median": 0.0786619186401,
        "min": -1.59813284874,
        "var": 1.49484753609
    },
    "erbbands_skewness": {
        "dmean": 0.363724440336,
        "dmean2": 0.576827168465,
        "dvar": 0.0851727724075,
        "dvar2": 0.216547936201,
        "max": 1.61784696579,
        "mean": -0.179264947772,
        "median": -0.188024178147,
        "min": -2.16166496277,
        "var": 0.309788733721
    },
    "erbbands_spread": {
        "dmean": 4.76083278656,
        "dmean2": 7.50603914261,
        "dvar": 16.3517112732,
        "dvar2": 37.9486122131,
        "max": 53.9806022644,
        "mean": 21.534488678,
        "median": 20.9405288696,
        "min": 4.375872612,
        "var": 46.7842063904
    },
    "hfc": {
        "dmean": 7.07783842087,
        "dmean2": 10.9752254486,
        "dvar": 54.6827735901,
        "dvar2": 141.466171265,
        "max": 74.5075302124,
        "mean": 24.9292736053,
        "median": 23.4970111847,
        "min": 1.17396344505e-16,
        "var": 235.892913818
    },
    "melbands_kurtosis": {
        "dmean": 1.39121472836,
        "dmean2": 2.08870887756,
        "dvar": 4.20457077026,
        "dvar2": 7.7832775116,
        "max": 40.460723877,
        "mean": 1.34683871269,
        "median": 0.307153224945,
        "min": -1.57890605927,
        "var": 14.3144855499
    },
    "melbands_skewness": {
        "dmean": 0.416493475437,
        "dmean2": 0.606809258461,
        "dvar": 0.129416167736,
        "dvar2": 0.267141968012,
        "max": 5.73224163055,
        "mean": 0.987317979336,
        "median": 0.877167403698,
        "min": -0.984254956245,
        "var": 0.653683662415
    },
    "melbands_spread": {
        "dmean": 6.65759134293,
        "dmean2": 9.82964611053,
        "dvar": 61.9229927063,
        "dvar2": 113.414764404,
        "max": 162.196380615,
        "mean": 31.3545684814,
        "median": 30.0814800262,
        "min": 5.60876655579,
        "var": 190.076324463
    },
    "pitch_salience": {
        "dmean": 0.0566705316305,
        "dmean2": 0.0876980274916,
        "dvar": 0.0021007580217,
        "dvar2": 0.00487114861608,
        "max": 0.980563044548,
        "mean": 0.501769065857,
        "median": 0.489032864571,
        "min": 0.248866990209,
        "var": 0.00893370714039
    },
    "silence_rate_20dB": {
        "dmean": 0,
        "dmean2": 0,
        "dvar": 0,
        "dvar2": 0,
        "max": 1,
        "mean": 1,
        "median": 1,
        "min": 1,
        "var": 0
    },
    "silence_rate_30dB": {
        "dmean": 0,
        "dmean2": 0,
        "dvar": 0,
        "dvar2": 0,
        "max": 1,
        "mean": 1,
        "median": 1,
        "min": 1,
        "var": 0
    },
    "silence_rate_60dB": {
        "dmean": 0.00304878037423,
        "dmean2": 0.00610687024891,
        "dvar": 0.00303948880173,
        "dvar2": 0.00606959173456,
        "max": 1,
        "mean": 0.0593607313931,
        "median": 0,
        "min": 0,
        "var": 0.0558362565935
    },
    "spectral_centroid": {
        "dmean": 216.620544434,
        "dmean2": 323.754547119,
        "dvar": 124628.867188,
        "dvar2": 164921.140625,
        "max": 11149.3652344,
        "mean": 1433.26184082,
        "median": 1376.45361328,
        "min": 472.704803467,
        "var": 332766.125
    },
    "spectral_complexity": {
        "dmean": 2.14634156227,
        "dmean2": 3.63358783722,
        "dvar": 3.02126407623,
        "dvar2": 7.45963430405,
        "max": 29,
        "mean": 18.036529541,
        "median": 19,
        "min": 0,
        "var": 26.3578701019
    },
    "spectral_crest": {
        "dmean": 2.25655579567,
        "dmean2": 3.63325047493,
        "dvar": 4.0400724411,
        "dvar2": 10.0623321533,
        "max": 20.713312149,
        "mean": 8.49947452545,
        "median": 7.72411823273,
        "min": 2.95540857315,
        "var": 9.34842395782
    },
    "spectral_decrease": {
        "dmean": 1.3960279599e-09,
        "dmean2": 2.11193240673e-09,
        "dvar": 1.71446179027e-18,
        "dvar2": 4.05394145818e-18,
        "max": 1.60034772571e-29,
        "mean": -6.30393959256e-09,
        "median": -6.50996900831e-09,
        "min": -1.46435867876e-08,
        "var": 9.7992679185e-18
    },
    "spectral_energy": {
        "dmean": 0.00581780169159,
        "dmean2": 0.00883283279836,
        "dvar": 3.01978652715e-05,
        "dvar2": 7.28260274627e-05,
        "max": 0.0615709349513,
        "mean": 0.0260536763817,
        "median": 0.0270109269768,
        "min": 1.05878060197e-20,
        "var": 0.000167056045029
    },
    "spectral_energyband_high": {
        "dmean": 7.87934986874e-05,
        "dmean2": 0.000128674364532,
        "dvar": 1.52320254188e-08,
        "dvar2": 3.53730094105e-08,
        "max": 0.00154331873637,
        "mean": 0.000204156778636,
        "median": 0.000130127838929,
        "min": 7.67290635941e-21,
        "var": 4.74801638006e-08
    },
    "spectral_energyband_low": {
        "dmean": 0.00124309188686,
        "dmean2": 0.00153892603703,
        "dvar": 2.5289500627e-06,
        "dvar2": 3.37993606081e-06,
        "max": 0.0336210876703,
        "mean": 0.00446987524629,
        "median": 0.002640273422,
        "min": 9.51690063321e-23,
        "var": 2.77471863228e-05
    },
    "spectral_energyband_middle_high": {
        "dmean": 0.00443535204977,
        "dmean2": 0.00691290106624,
        "dvar": 2.38999637077e-05,
        "dvar2": 6.31682196399e-05,
        "max": 0.0527605488896,
        "mean": 0.0121266199276,
        "median": 0.0112573821098,
        "min": 1.54945610379e-21,
        "var": 6.55651529087e-05
    },
    "spectral_energyband_middle_low": {
        "dmean": 0.00286183995195,
        "dmean2": 0.00395408319309,
        "dvar": 9.85639144346e-06,
        "dvar2": 1.96016590053e-05,
        "max": 0.0347265265882,
        "mean": 0.00967034697533,
        "median": 0.0083938781172,
        "min": 3.33738599519e-22,
        "var": 4.38721726823e-05
    },
    "spectral_flatness_db": {
        "dmean": 0.0148412929848,
        "dmean2": 0.0221236161888,
        "dvar": 0.000149481391418,
        "dvar2": 0.000366427906556,
        "max": 0.249427422881,
        "mean": 0.151056677103,
        "median": 0.150891035795,
        "min": 0.036546908319,
        "var": 0.000774940475821
    },
    "spectral_flux": {
        "dmean": 0.015288002789,
        "dmean2": 0.0261188130826,
        "dvar": 0.000209646736039,
        "dvar2": 0.000575656071305,
        "max": 0.173736691475,
        "mean": 0.0676300451159,
        "median": 0.0679258331656,
        "min": 1.02897065868e-10,
        "var": 0.000629552290775
    },
    "spectral_kurtosis": {
        "dmean": 3.44348478317,
        "dmean2": 5.96050930023,
        "dvar": 7.40352344513,
        "dvar2": 22.6590805054,
        "max": 22.6055526733,
        "mean": 8.22527122498,
        "median": 7.64925003052,
        "min": -1.14855265617,
        "var": 11.8970718384
    },
    "spectral_rms": {
        "dmean": 0.000557164894417,
        "dmean2": 0.000832930323668,
        "dvar": 2.38359262994e-07,
        "dvar2": 5.61382080377e-07,
        "max": 0.00775043247268,
        "mean": 0.00479769287631,
        "median": 0.00513343187049,
        "min": 3.21396446783e-12,
        "var": 2.40038798438e-06
    },
    "spectral_rolloff": {
        "dmean": 375.058044434,
        "dmean2": 638.763305664,
        "dvar": 785566,
        "dvar2": 1396580.625,
        "max": 18776.953125,
        "mean": 1781.85046387,
        "median": 1550.390625,
        "min": 150.732421875,
        "var": 2361513.25
    },
    "spectral_skewness": {
        "dmean": 0.316659480333,
        "dmean2": 0.533343911171,
        "dvar": 0.0601726919413,
        "dvar2": 0.173128977418,
        "max": 3.09540605545,
        "mean": 1.77000057697,
        "median": 1.73719727993,
        "min": -0.0402567796409,
        "var": 0.116514518857
    },
    "spectral_spread": {
        "dmean": 264969.0625,
        "dmean2": 394430.1875,
        "dvar": 1.79372032e+12,
        "dvar2": 2.03367972864e+12,
        "max": 40541200,
        "mean": 2600183,
        "median": 2441460.5,
        "min": 1779966.5,
        "var": 2.67996207514e+12
    },
    "spectral_strongpeak": {
        "dmean": 1.39165878296,
        "dmean2": 2.33990907669,
        "dvar": 2.89485692978,
        "dvar2": 6.93203115463,
        "max": 13.3916845322,
        "mean": 2.51568984985,
        "median": 1.98941218853,
        "min": 0,
        "var": 5.39201545715
    },
    "zerocrossingrate": {
        "dmean": 0.00671237846836,
        "dmean2": 0.0081390151754,
        "dvar": 0.00032806606032,
        "dvar2": 0.000365449232049,
        "max": 0.494140625,
        "mean": 0.0590292625129,
        "median": 0.0556640625,
        "min": 0.00537109375,
        "var": 0.00172879348975
    },
    "barkbands": {
        "dmean": [4.94327505294e-05, 0.000553125399165, 0.000755956105422, 0.000335227465257, 0.00066308316309, 0.000612412579358, 0.00114063255023, 0.00124559307005, 0.000485919415951, 0.000496812688652, 0.000860408879817, 0.00106595584657, 0.00231770728715, 0.000429714826168, 0.000617546844296, 0.000569104799069, 0.000244676397415, 0.000653622148093, 7.77095046942e-05, 0.000106351362774, 3.31787341565e-05, 1.4291314983e-05, 7.80618302088e-06, 3.39094799529e-06, 1.24513519495e-06, 4.53977150983e-07, 3.57628522352e-08],
        "dmean2": [8.82678650669e-05, 0.000728796178009, 0.000899085658602, 0.000488932011649, 0.000913643452805, 0.000934460898861, 0.00153978506569, 0.00179058872163, 0.000725501973648, 0.000750592851546, 0.00126579357311, 0.00174708222039, 0.00381042435765, 0.000719032075722, 0.00103743036743, 0.000955035735387, 0.000398393080104, 0.00106195511762, 0.000123287871247, 0.000181438139407, 5.58895480935e-05, 2.34186263697e-05, 1.2994591998e-05, 5.26406893187e-06, 1.85237342976e-06, 6.68224856781e-07, 6.15006570115e-08],
        "dvar": [1.79304848746e-09, 5.84919007451e-07, 1.1499221273e-06, 2.49427046128e-07, 6.06855792284e-07, 6.22357049451e-07, 3.46345586877e-06, 5.98701717536e-06, 5.57354326247e-07, 7.03716295902e-07, 2.29512829719e-06, 3.49233323504e-06, 1.60918134497e-05, 1.29323132114e-06, 1.93655910152e-06, 1.93298978957e-06, 2.32562967994e-07, 1.60087620316e-06, 3.36407239843e-08, 2.17859614793e-08, 3.45664208368e-09, 6.94395929646e-10, 3.01701885697e-10, 6.34644073405e-11, 4.74990055968e-12, 8.2083493648e-13, 5.9246240421e-15],
        "dvar2": [5.22149079529e-09, 1.2846660411e-06, 1.38836685437e-06, 5.09954077188e-07, 1.2337844737e-06, 1.38440771025e-06, 6.56056408843e-06, 1.18016205306e-05, 1.22862832086e-06, 1.57405008849e-06, 4.83720941702e-06, 8.83436132426e-06, 4.28146704508e-05, 2.86355702883e-06, 4.91343689646e-06, 5.25203813595e-06, 6.09200014878e-07, 3.87952468373e-06, 7.21018551531e-08, 5.68079947527e-08, 1.00802388658e-08, 1.78222259173e-09, 8.27761748035e-10, 1.49308829189e-10, 1.06984213155e-11, 1.69423004272e-12, 1.49459844457e-14],
        "max": [0.000271632103249, 0.0153167881072, 0.0252732504159, 0.00644470518455, 0.0118451183662, 0.0124967712909, 0.0285754390061, 0.030263369903, 0.012753944844, 0.0147823411971, 0.0148217659444, 0.020428551361, 0.0338623598218, 0.0174732878804, 0.0135396672413, 0.01723960042, 0.00545628974214, 0.0145991006866, 0.00404329923913, 0.00146561907604, 0.000620254781097, 0.000273712852504, 0.000200942929951, 0.000114397829748, 3.21130319207e-05, 1.68052574736e-05, 1.12920304218e-06],
        "mean": [8.81846208358e-05, 0.00177109835204, 0.00227839476429, 0.000798244087491, 0.0016508459812, 0.00135290028993, 0.00246906164102, 0.00227633723989, 0.00097666028887, 0.000944670580793, 0.00161437317729, 0.00162731984165, 0.00344312610105, 0.000645390711725, 0.00101207732223, 0.00107651180588, 0.000416800728999, 0.00114427914377, 0.000148889856064, 0.00020142813446, 6.03814551141e-05, 2.7209171094e-05, 1.68537117133e-05, 7.96625590738e-06, 3.38259360433e-06, 1.2547636743e-06, 6.42248281224e-08],
        "median": [8.13149890746e-05, 0.00101659353822, 0.000871777359862, 0.000361608923413, 0.00111299706623, 0.000888431910425, 0.00105175795034, 0.000868504110258, 0.000507119053509, 0.000429015577538, 0.000417183531681, 0.000498334877193, 0.0013090322027, 0.000234220846323, 0.000227096912568, 0.000235200059251, 0.000155945250299, 0.000228801742196, 9.00506202015e-05, 0.000136592410854, 2.70651580649e-05, 1.40708352774e-05, 4.36134678239e-06, 1.63883828463e-06, 1.33998389629e-06, 5.73625129618e-07, 3.33877281378e-08],
        "min": [3.54312457959e-24, 2.16364603898e-23, 6.29341113282e-23, 1.15492920505e-23, 1.00568942244e-22, 6.85345819931e-23, 3.79449605367e-23, 4.00554916243e-23, 6.70157028953e-23, 6.54515810469e-23, 7.85274112457e-23, 5.12116319657e-23, 1.60337178055e-22, 8.43442254362e-23, 1.12243723921e-22, 5.8768736422e-23, 2.1874239475e-22, 2.83890794463e-22, 2.04307716932e-22, 3.99441145619e-22, 3.83591453286e-22, 6.57324647541e-22, 5.04345812549e-22, 7.37895946905e-22, 1.24929021271e-21, 1.74811657376e-21, 2.48584071307e-21],
        "var": [2.69645217266e-09, 4.69939050163e-06, 1.18256957649e-05, 1.19379001262e-06, 3.12321185447e-06, 2.29797774409e-06, 1.65009350894e-05, 1.7774733351e-05, 2.52774134424e-06, 2.36406845033e-06, 7.63732987252e-06, 7.10016865924e-06, 2.45078736043e-05, 2.10817051993e-06, 3.78812455892e-06, 4.75249680676e-06, 4.93898028253e-07, 4.53567417935e-06, 6.70491786536e-08, 4.54232633729e-08, 6.43702469105e-09, 1.38775513303e-09, 9.17655729182e-10, 2.49006065767e-10, 2.43576669251e-11, 4.45172544661e-12, 1.10231012754e-14]
    },
    "erbbands": {
        "dmean": [0.00816600769758, 0.157978907228, 0.812421858311, 0.920849025249, 2.0253841877, 1.97013390064, 3.33577346802, 6.32879734039, 12.9632091522, 17.8643779755, 25.9426841736, 10.7532262802, 11.6627979279, 29.7768516541, 23.268819809, 44.3000793457, 81.6643600464, 35.6682434082, 25.4372177124, 27.1883583069, 35.2800559998, 18.5767402649, 46.9028129578, 6.80285930634, 3.71325397491, 3.37558174133, 2.00334405899, 0.948516964912, 0.704138040543, 0.379759788513, 0.158175468445, 0.0827447026968, 0.0493203960359, 0.0202067736536, 0.00938490498811, 0.00274549215101, 0.000732294109184, 0.000137072260259, 5.35822937309e-06, 7.07630169927e-06],
        "dmean2": [0.0109602417797, 0.204811915755, 0.962281107903, 1.29448902607, 2.80087661743, 2.77705144882, 5.17762088776, 9.29879379272, 18.1183662415, 24.8608875275, 36.702205658, 16.0787658691, 17.7926712036, 43.8425445557, 35.5466079712, 72.5067520142, 134.428695679, 58.5996170044, 42.3087921143, 45.377532959, 59.3112716675, 30.2005748749, 76.1555252075, 10.8628749847, 6.17194652557, 5.69867610931, 3.38156199455, 1.59940981865, 1.15537631512, 0.639078497887, 0.259810954332, 0.128730684519, 0.0755244195461, 0.0295857228339, 0.0140892527997, 0.00408796034753, 0.00113464100286, 0.000218483008211, 8.30054977996e-06, 1.07667910925e-05],
        "dvar": [0.000150682331878, 0.0473783127964, 1.44986855984, 1.40410470963, 11.519408226, 5.30501842499, 23.9161758423, 71.6652526855, 468.756774902, 824.419128418, 2796.96313477, 197.372421265, 330.89831543, 2282.93481445, 1571.79345703, 7215.24707031, 18971.7050781, 4148.44335938, 1711.89916992, 3289.29614258, 8807.19335938, 1085.52709961, 8187.71777344, 185.582870483, 25.7711544037, 23.9608154297, 9.69002151489, 3.08283305168, 2.04670023918, 0.617579460144, 0.103545896709, 0.0315166898072, 0.0131516633555, 0.00165911496151, 0.000268991454504, 2.41960387939e-05, 1.99745227292e-06, 1.61865131076e-07, 9.17574974335e-11, 4.56454388176e-11],
        "dvar2": [0.000381208665203, 0.0917167663574, 1.56416070461, 3.1185438633, 22.1868343353, 11.2980709076, 58.1228294373, 145.811935425, 750.009521484, 1705.19384766, 5243.37988281, 420.460388184, 798.561279297, 4772.38134766, 3994.73168945, 18983.1484375, 49864.8085938, 10362.1396484, 3818.2175293, 8733.5, 23802.3554688, 2865.72705078, 19849.1777344, 400.186004639, 70.6999359131, 58.2787284851, 25.7464065552, 8.71958255768, 5.20338201523, 1.75535392761, 0.273508876562, 0.0797813683748, 0.0304919611663, 0.00357760279439, 0.000632713607047, 5.53721802135e-05, 4.55503004559e-06, 3.26237113768e-07, 1.99987693073e-10, 1.1225502472e-10],
        "max": [0.251103848219, 4.53315639496, 28.890247345, 19.9881916046, 58.8241920471, 24.7802505493, 105.212623596, 147.889907837, 415.777374268, 444.223266602, 772.564147949, 197.269927979, 298.627990723, 491.63949585, 698.976074219, 985.837646484, 1218.28808594, 695.36895752, 369.99609375, 602.601745605, 1134.96740723, 377.795440674, 1049.35754395, 295.003143311, 58.208770752, 55.7045326233, 34.3519248962, 18.0209178925, 15.993270874, 8.44009113312, 4.79167222977, 2.17514371872, 1.52058410645, 0.6399294734, 0.292556405067, 0.0839721187949, 0.0258378926665, 0.00715682236478, 0.000155411442393, 7.55706423661e-05],
        "mean": [0.029153464362, 0.498129874468, 2.51137518883, 2.59593772888, 4.82256793976, 4.65140390396, 7.50609779358, 13.7406711578, 30.2958145142, 37.4915733337, 49.8288040161, 22.5273933411, 24.5083370209, 61.4140548706, 44.9417266846, 68.5569458008, 127.073989868, 59.3582496643, 44.7651481628, 48.5832214355, 65.9351196289, 34.0566635132, 82.4026184082, 13.8807668686, 7.64717769623, 7.06858253479, 4.13142585754, 1.67113816738, 1.2814643383, 0.701614320278, 0.335611969233, 0.191460698843, 0.114048019052, 0.0544542185962, 0.0228229295462, 0.00693384744227, 0.00198893574998, 0.00033404448186, 2.25146541197e-05, 3.17010526487e-05],
        "median": [0.0152903394774, 0.266466319561, 0.93870395422, 1.5988458395, 2.38104462624, 3.08548760414, 4.59466028214, 8.27749919891, 13.327922821, 23.098154068, 18.49650383, 14.1487379074, 14.414896965, 21.8102798462, 23.7367458344, 23.7222728729, 55.1434631348, 26.2497501373, 24.707906723, 19.6959857941, 17.9215373993, 17.8381271362, 18.969997406, 8.32388114929, 5.57902908325, 4.50546121597, 2.49326038361, 0.806125998497, 0.617891728878, 0.225293397903, 0.117697395384, 0.05351761356, 0.0257518943399, 0.015986520797, 0.00926274526864, 0.00318157509901, 0.0010660442058, 0.000175264547579, 1.97049957933e-05, 3.23713975376e-05],
        "min": [5.81371806922e-22, 5.57964584778e-21, 5.71814770939e-20, 7.10670219947e-20, 1.18671737999e-19, 5.45090413579e-19, 4.0039447491e-19, 5.03230886982e-19, 2.07216924778e-19, 1.12539080391e-18, 1.01927997153e-18, 1.53686921468e-18, 1.22715273421e-18, 3.0802816348e-18, 2.81848600197e-18, 1.94971205988e-18, 5.56407216296e-18, 6.50266614581e-18, 6.50819212589e-18, 3.52683757003e-18, 6.10730359151e-18, 1.16392302751e-17, 1.22973939003e-17, 1.27143673752e-17, 1.55834739356e-17, 1.82586537915e-17, 1.61212803001e-17, 1.72283788319e-17, 2.26406712107e-17, 1.93711306517e-17, 1.31553489403e-17, 1.45068487375e-17, 1.2416024835e-17, 9.62753281563e-18, 1.15796856787e-17, 6.33527829064e-18, 3.15837182733e-18, 1.56134455843e-18, 3.14898741158e-19, 3.5056544439e-20],
        "var": [0.00126634771004, 0.426501631737, 15.687330246, 9.20558166504, 60.1839790344, 21.394821167, 86.9753341675, 274.897857666, 2968.15039062, 2329.25732422, 8697.40429688, 753.114868164, 1094.60754395, 8196.78808594, 3434.22070312, 11141.7460938, 29359.7558594, 7536.5859375, 3076.70043945, 6092.10351562, 20463.0878906, 2226.71972656, 23110.7851562, 407.47769165, 50.6583786011, 54.8641090393, 21.6863040924, 5.56924009323, 3.68879342079, 1.35232448578, 0.283576518297, 0.108394734561, 0.0524345971644, 0.00900127924979, 0.00122146960348, 0.000121498567751, 8.24000380817e-06, 3.77316240474e-07, 3.09864217618e-10, 2.49403442343e-10]
    },
    "gfcc": {
        "mean": [-31.3081665039, 133.151321411, -157.665786743, 18.6880874634, -41.7115936279, 0.985910356045, -29.8727474213, 3.20444345474, -19.358373642, 2.00816726685, -9.59221553802, -2.47199225426, -13.0756244659],
        "cov": [[16770.5078125, 1025.88427734, -1570.98388672, 208.005523682, -505.943267822, 132.738372803, -324.153076172, 176.721801758, -86.4019393921, 130.872543335, -68.9473571777, 16.9090080261, -60.6113510132], [1025.88427734, 846.455871582, -59.7546691895, -34.5049705505, 120.796134949, -121.678588867, 118.040077209, -26.4768657684, 7.05301856995, -52.5802497864, 5.41379499435, -17.6442070007, 22.8797779083], [-1570.98388672, -59.7546691895, 341.456695557, 25.5102767944, 73.5048217773, 29.7191638947, 60.4227867126, 9.34792900085, 15.276301384, -8.4573097229, 8.22868251801, 18.9245319366, 17.7905368805], [208.005523682, -34.5049705505, 25.5102767944, 125.708892822, 30.8460865021, 35.1851234436, -2.81135940552, 3.32516288757, -2.07457399368, 4.74121618271, 7.72952508926, -9.71728897095, -32.2456169128], [-505.943267822, 120.796134949, 73.5048217773, 30.8460865021, 201.176071167, -7.95646762848, 71.7357330322, -0.634441196918, 1.70825958252, 9.56221580505, 6.3200674057, 5.99331760406, -22.5766849518], [132.738372803, -121.678588867, 29.7191638947, 35.1851234436, -7.95646762848, 138.426132202, 15.5427064896, 13.7683153152, 5.95022344589, -1.12712192535, 3.74094152451, 3.08815813065, -1.23947811127], [-324.153076172, 118.040077209, 60.4227867126, -2.81135940552, 71.7357330322, 15.5427064896, 121.027603149, 23.3653793335, 13.299911499, -1.09633469582, 3.98368453979, 3.04375934601, -0.0627281814814], [176.721801758, -26.4768657684, 9.34792900085, 3.32516288757, -0.634441196918, 13.7683153152, 23.3653793335, 81.9173049927, 36.7688446045, 14.6493501663, 2.92385172844, 6.1433672905, -2.61970305443], [-86.4019393921, 7.05301856995, 15.276301384, -2.07457399368, 1.70825958252, 5.95022344589, 13.299911499, 36.7688446045, 80.9885940552, 17.262922287, 9.00517463684, -2.03073740005, -1.41279506683], [130.872543335, -52.5802497864, -8.4573097229, 4.74121618271, 9.56221580505, -1.12712192535, -1.09633469582, 14.6493501663, 17.262922287, 77.7341079712, 22.7285404205, 3.64181184769, -15.2577562332], [-68.9473571777, 5.41379499435, 8.22868251801, 7.72952508926, 6.3200674057, 3.74094152451, 3.98368453979, 2.92385172844, 9.00517463684, 22.7285404205, 72.1684646606, 13.3833055496, -15.2712402344], [16.9090080261, -17.6442070007, 18.9245319366, -9.71728897095, 5.99331760406, 3.08815813065, 3.04375934601, 6.1433672905, -2.03073740005, 3.64181184769, 13.3833055496, 75.5088043213, 34.4093818665], [-60.6113510132, 22.8797779083, 17.7905368805, -32.2456169128, -22.5766849518, -1.23947811127, -0.0627281814814, -2.61970305443, -1.41279506683, -15.2577562332, -15.2712402344, 34.4093818665, 96.5049819946]],
        "icov": [[0.0002780847135, -0.000778359884862, 0.000970316526946, -0.000681448320393, 0.000632488750853, -0.000975723611191, 0.000878873339389, -0.00111953390297, 0.000706930528395, -0.000987936859019, 0.00069149635965, -0.000711050408427, 0.000275341968518], [-0.000778359884862, 0.00434699654579, -0.00179102830589, 0.00166976999026, -0.00263750855811, 0.00467006629333, -0.00484449230134, 0.00406537111849, -0.0027558717411, 0.00448169652373, -0.00294417305849, 0.00282831816003, -0.00188732135575], [0.000970316526946, -0.00179102830589, 0.00731237605214, -0.00314162881114, 0.000928198278416, -0.00307225785218, 0.000928754685447, -0.00328448950313, 0.00148589070886, -0.00214730366133, 0.00159100210294, -0.00252960296348, -0.000438608811237], [-0.000681448320393, 0.00166976999026, -0.00314162881114, 0.0118663292378, -0.00333389244042, -0.00053499272326, 0.000213819846977, 0.00186339090578, -0.000941657752264, 0.00240695709363, -0.00202258350328, 0.00217241072096, 0.00225625885651], [0.000632488750853, -0.00263750855811, 0.000928198278416, -0.00333389244042, 0.00935657974333, -0.00151271105278, -0.00162489071954, -0.00128350092564, 0.00191349245142, -0.00398096255958, 0.00274907122366, -0.00352361891419, 0.00296105351299], [-0.000975723611191, 0.00467006629333, -0.00307225785218, -0.00053499272326, -0.00151271105278, 0.013532564044, -0.00681781210005, 0.00401444546878, -0.00324068544433, 0.00519806193188, -0.00343923852779, 0.00278699910268, -0.00217151246034], [0.000878873339389, -0.00484449230134, 0.000928754685447, 0.000213819846977, -0.00162489071954, -0.00681781210005, 0.0178955253214, -0.00809331890196, 0.00297056953423, -0.00377079681493, 0.00241603772156, -0.00202924432233, 0.00147817702964], [-0.00111953390297, 0.00406537111849, -0.00328448950313, 0.00186339090578, -0.00128350092564, 0.00401444546878, -0.00809331890196, 0.0219224113971, -0.0101728308946, 0.0027442839928, -0.00154216948431, 0.000760887283832, -0.000328108377289], [0.000706930528395, -0.0027558717411, 0.00148589070886, -0.000941657752264, 0.00191349245142, -0.00324068544433, 0.00297056953423, -0.0101728308946, 0.0184595938772, -0.00537121621892, 0.000479235779494, 7.50501953917e-07, 0.000137219190947], [-0.000987936859019, 0.00448169652373, -0.00214730366133, 0.00240695709363, -0.00398096255958, 0.00519806193188, -0.00377079681493, 0.0027442839928, -0.00537121621892, 0.0203706454486, -0.00733584724367, 0.00238823378459, -0.00014579060371], [0.00069149635965, -0.00294417305849, 0.00159100210294, -0.00202258350328, 0.00274907122366, -0.00343923852779, 0.00241603772156, -0.00154216948431, 0.000479235779494, -0.00733584724367, 0.0192464701831, -0.00691018858925, 0.00507854809985], [-0.000711050408427, 0.00282831816003, -0.00252960296348, 0.00217241072096, -0.00352361891419, 0.00278699910268, -0.00202924432233, 0.000760887283832, 7.50501953917e-07, 0.00238823378459, -0.00691018858925, 0.0201964844018, -0.00861118268222], [0.000275341968518, -0.00188732135575, -0.000438608811237, 0.00225625885651, 0.00296105351299, -0.00217151246034, 0.00147817702964, -0.000328108377289, 0.000137219190947, -0.00014579060371, 0.00507854809985, -0.00861118268222, 0.0163271464407]]
    },
    "melbands": {
        "dmean": [0.000110401429993, 0.000339391583111, 0.000182389208931, 0.000153637083713, 0.000103906590084, 0.000137544993777, 0.000212062688661, 0.000220799731323, 0.000194072083104, 6.67247513775e-05, 6.3210776716e-05, 0.000119342403195, 8.24259477668e-05, 0.000107537991425, 0.000166747748153, 0.000220913279918, 4.72031060781e-05, 3.99696400564e-05, 6.41239166725e-05, 2.22898579523e-05, 4.67245627078e-05, 1.70792245626e-05, 3.08722846967e-05, 3.07660011458e-05, 4.4515272748e-06, 2.20923811867e-06, 4.72014562547e-06, 2.11970905184e-06, 1.6204652411e-06, 9.51071854161e-07, 3.97923002993e-07, 5.12313420131e-07, 1.87558967468e-07, 2.61821753611e-07, 8.29845063777e-08, 1.17330991145e-07, 5.28836352487e-08, 4.43035226283e-08, 3.84012324162e-08, 1.74214740412e-08],
        "dmean2": [0.000148037506733, 0.000407234416343, 0.00024843623396, 0.000213914128835, 0.000157009606482, 0.000203439456527, 0.000292767275823, 0.000312154297717, 0.00027657917235, 9.97324968921e-05, 9.61499390542e-05, 0.000176097833901, 0.00012329967285, 0.000175249268068, 0.000269484327873, 0.000367216562154, 7.94297011453e-05, 6.61897429381e-05, 0.000107098567241, 3.67442262359e-05, 7.82215865911e-05, 2.79109608528e-05, 5.01392241858e-05, 4.99533489347e-05, 7.01548015059e-06, 3.61525781045e-06, 8.09760786069e-06, 3.53921245733e-06, 2.7127712201e-06, 1.63614834037e-06, 6.59128829739e-07, 8.40542611513e-07, 3.11499263717e-07, 4.47592839237e-07, 1.35800334533e-07, 1.96183393086e-07, 8.15972001078e-08, 7.0094479554e-08, 5.9402012198e-08, 2.75029563568e-08],
        "dvar": [2.48490348298e-08, 2.36036228785e-07, 5.6084907385e-08, 3.54242821743e-08, 1.95613960585e-08, 2.94581585791e-08, 1.13581691608e-07, 1.24901191612e-07, 1.52124513875e-07, 7.6271158278e-09, 1.05575095333e-08, 3.28070690614e-08, 1.80747559142e-08, 5.34974944344e-08, 2.71601749091e-07, 1.73037008722e-07, 1.0170028375e-08, 7.23394677493e-09, 2.36920456587e-08, 9.64816893045e-10, 1.79108301523e-08, 1.27967691999e-09, 2.91450930057e-09, 3.4320004616e-09, 1.74397024599e-10, 1.10499925182e-11, 7.12912021084e-11, 1.90596479571e-11, 7.00386710434e-12, 4.31811053928e-12, 7.40380630068e-13, 1.24635870201e-12, 1.61002287891e-13, 3.95791336988e-13, 3.11987408293e-14, 7.64956403342e-14, 1.76173179913e-14, 1.16723791345e-14, 1.26411967848e-14, 1.27466271875e-15],
        "dvar2": [6.36931645204e-08, 2.63549480906e-07, 1.16129029948e-07, 7.5316705761e-08, 4.54726425403e-08, 6.04166103813e-08, 2.02429603746e-07, 2.62696346454e-07, 2.90259691837e-07, 1.67551288399e-08, 2.50611105201e-08, 6.87162895474e-08, 4.040261814e-08, 1.36353932589e-07, 7.24932533558e-07, 4.59406976461e-07, 2.31490151492e-08, 1.63996727309e-08, 6.06843144624e-08, 2.38529640484e-09, 4.8175436973e-08, 3.4132965343e-09, 6.90194568165e-09, 8.46624459427e-09, 3.6548847282e-10, 2.50519275463e-11, 2.05242725593e-10, 4.53918604093e-11, 1.65741101399e-11, 1.33242670369e-11, 2.04879884759e-12, 3.17555552166e-12, 4.65784095321e-13, 1.12842179177e-12, 8.08192285339e-14, 2.14449023318e-13, 4.32429462518e-14, 2.85448002583e-14, 3.27956825379e-14, 3.24574300948e-15],
        "max": [0.00235814554617, 0.0109767494723, 0.00337814399973, 0.00269889482297, 0.00295907608233, 0.00289685325697, 0.00544789433479, 0.00471070129424, 0.0059235454537, 0.00107750890311, 0.00174730969593, 0.00180778081995, 0.00184671522584, 0.00307249440812, 0.00672544911504, 0.0034931965638, 0.00166139670182, 0.000886597321369, 0.00149614748079, 0.000364321371308, 0.00168507697526, 0.000398436648538, 0.00062025745865, 0.000683015736286, 0.000304190267343, 5.10481841047e-05, 9.49384120759e-05, 5.36079460289e-05, 2.85593214358e-05, 2.7201622288e-05, 8.88951581146e-06, 1.24004991449e-05, 5.59762929697e-06, 7.00737882653e-06, 2.98170971291e-06, 2.74117110166e-06, 1.80723247922e-06, 1.57931765443e-06, 2.00537351702e-06, 4.16510090417e-07],
        "mean": [0.000373399205273, 0.00110407092143, 0.00053228152683, 0.000353692856152, 0.000246760289883, 0.000305659865262, 0.000479066802654, 0.000448660139227, 0.000371278816601, 0.000129614854814, 0.000123903722852, 0.000244016046054, 0.000158257913426, 0.000180051938514, 0.000222706992645, 0.000345747917891, 7.41624025977e-05, 6.3094732468e-05, 0.000101453180832, 4.5892316848e-05, 8.06800890132e-05, 2.86969880108e-05, 5.44431568414e-05, 5.38093700015e-05, 7.78437424742e-06, 4.29240708399e-06, 7.5789607763e-06, 4.25913913205e-06, 3.19153605233e-06, 1.5832297322e-06, 6.22706465947e-07, 8.59736530856e-07, 3.22908164208e-07, 4.36116209812e-07, 1.65407683994e-07, 1.91313958453e-07, 1.031418293e-07, 8.72962999665e-08, 7.12957941573e-08, 3.84112297525e-08],
        "median": [0.000243694070377, 0.000469367485493, 0.000346281070961, 0.000216286178329, 0.000161982272402, 0.000193620900973, 0.000214006460737, 0.000244905153522, 0.000127740568132, 7.63595089666e-05, 5.93409786234e-05, 9.10719390959e-05, 6.58352655591e-05, 5.35168219358e-05, 3.42554958479e-05, 9.01777020772e-05, 3.45689550159e-05, 2.58087929979e-05, 1.57233207574e-05, 2.24525920203e-05, 1.57728591148e-05, 1.04957744043e-05, 1.71312167367e-05, 1.22495157484e-05, 3.92208085032e-06, 3.11604753733e-06, 2.56532803178e-06, 1.76766070581e-06, 1.57031581693e-06, 5.78223932735e-07, 2.00779282977e-07, 3.57757414804e-07, 1.41338972526e-07, 9.04293813164e-08, 6.28256699997e-08, 3.99305584153e-08, 2.28048477879e-08, 1.93531040082e-08, 1.29662831583e-08, 1.04711537219e-08],
        "min": [4.67544526775e-24, 2.28656886959e-23, 1.14372627579e-23, 2.58019757133e-23, 1.57149533132e-23, 1.15826624445e-23, 4.48417805267e-24, 1.21477992415e-23, 9.11725517893e-24, 9.27794062329e-24, 6.25870369846e-24, 1.26389558741e-23, 1.07119580092e-23, 5.95801319278e-24, 6.14086681188e-24, 1.71417281671e-23, 1.06429634456e-23, 1.11289893268e-23, 6.09775950771e-24, 3.20750922949e-24, 8.9940398387e-24, 1.46225103326e-23, 8.71256006822e-24, 1.20371133791e-23, 9.6103737085e-24, 9.70463233148e-24, 1.30128672657e-23, 1.1673146368e-23, 1.02824145689e-23, 8.64603621694e-24, 1.04284839984e-23, 1.39875435682e-23, 1.22846287433e-23, 9.81721224899e-24, 6.96744039597e-24, 7.9984429449e-24, 9.348029337e-24, 8.77835422316e-24, 7.87902754766e-24, 8.23120897676e-24],
        "var": [1.64752393061e-07, 2.62391404249e-06, 3.56801223234e-07, 1.62147756555e-07, 8.0061553831e-08, 1.20629451317e-07, 6.2327762862e-07, 3.46343512092e-07, 4.82403379465e-07, 2.55735148613e-08, 3.60246303899e-08, 1.17110744213e-07, 5.08721704762e-08, 1.29319900566e-07, 3.44968583477e-07, 3.18253825071e-07, 1.7298834365e-08, 1.18919425418e-08, 4.55693012213e-08, 3.4396805404e-09, 3.92941608141e-08, 2.64828825536e-09, 8.205658375e-09, 9.64287671934e-09, 3.59523993909e-10, 2.04093009853e-11, 1.33213343134e-10, 4.30038019084e-11, 1.72005153176e-11, 6.68775495052e-12, 1.3913906919e-12, 2.13061230984e-12, 3.30579069978e-13, 7.57491508754e-13, 7.02093615993e-14, 1.3248431486e-13, 4.09404362625e-14, 3.0713377398e-14, 3.21636468815e-14, 4.20314731438e-15]
    },
    "mfcc": {
