{
"metadata": {
    "version": {
        "essentia": "2.0.1",
        "extractor": "archive-music 1.0"
    },
    "audio_properties": {
        "analysis_sample_rate": 44100,
        "bitrate": 128,
        "channels": 2,
        "equal_loudness": 0,
        "length": 14.5240812302,
        "replay_gain": -5.26081466675,
        "downmix": "mix"
    },
    "tags": {
        "track": 0,
        "year": 0,
        "album": "",
        "artist": "",
        "comment": "",
        "genre": "",
        "title": ""
    }
},
"highlevel": {
    "culture": {
        "all": {
            "non_western": 0.00717108137906,
            "western": 0.992828905582
        },
        "probability": 0.992828905582,
        "value": "western"
    },
    "danceability": {
        "all": {
            "danceable": 0.850044548512,
            "not_danceable": 0.14995546639
        },
        "probability": 0.850044548512,
        "value": "danceable"
    },
    "gender": {
        "all": {
            "female": 0.0753075256944,
            "male": 0.924692451954
        },
        "probability": 0.924692451954,
        "value": "male"
    },
    "genre_dortmund": {
        "all": {
            "alternative": 0.101256504655,
            "blues": 0.0439650081098,
            "electronic": 0.030500959605,
            "folkcountry": 0.0726858302951,
            "funksoulrnb": 0.0945568233728,
            "jazz": 0.489821046591,
            "pop": 0.0580751113594,
            "raphiphop": 0.0118228532374,
            "rock": 0.097315877676
        },
        "probability": 0.489821046591,
        "value": "jazz"
    },
    "genre_electronic": {
        "all": {
            "ambient": 0.890645086765,
            "dnb": 0.0602048784494,
            "house": 0.0327955074608,
            "techno": 0.00265747588128,
            "trance": 0.0136970318854
        },
        "probability": 0.890645086765,
        "value": "ambient"
    },
    "genre_rosamerica": {
        "all": {
            "cla": 0.635924875736,
            "dan": 0.0139660649002,
            "hip": 0.00794474501163,
            "jaz": 0.0379075929523,
            "pop": 0.0632905811071,
            "rhy": 0.167175590992,
            "roc": 0.062729626894,
            "spe": 0.0110609130934
        },
        "probability": 0.635924875736,
        "value": "cla"
    },
    "genre_tzanetakis": {
        "all": {
            "blu": 0.0022075555753,
            "cla": 0.69443577528,
            "cou": 0.0163724198937,
            "dis": 0.0889430269599,
            "hip": 0.00894691050053,
            "jaz": 0.0390215069056,
            "met": 0.00413053482771,
            "pop": 0.0896815434098,
            "reg": 0.0135389594361,
            "roc": 0.0427217520773
        },
        "probability": 0.69443577528,
        "value": "cla"
    },
    "mirex_ballroom": {
        "all": {
            "ChaChaCha": 0.0389342419803,
            "Jive": 0.0411580167711,
            "Quickstep": 0.0890195891261,
            "Rumba-American": 0.00898048933595,
            "Rumba-International": 0.00663084210828,
            "Rumba-Misc": 0.0150617621839,
            "Samba": 0.00886711291969,
            "Tango": 0.242412224412,
            "VienneseWaltz": 0.390108495951,
            "Waltz": 0.158827215433
        },
        "probability": 0.390108495951,
        "value": "VienneseWaltz"
    },
    "mood_acoustic": {
        "all": {
            "acoustic": 0.286483615637,
            "not_acoustic": 0.713516354561
        },
        "probability": 0.713516354561,
        "value": "not_acoustic"
    },
    "mood_aggressive": {
        "all": {
            "aggressive": 0.42382723093,
            "not_aggressive": 0.57617276907
        },
        "probability": 0.57617276907,
        "value": "not_aggressive"
    },
    "mood_electronic": {
        "all": {
            "electronic": 0.309677660465,
            "not_electronic": 0.690322339535
        },
        "probability": 0.690322339535,
        "value": "not_electronic"
    },
    "mood_happy": {
        "all": {
            "happy": 0.829507172108,
            "not_happy": 0.170492812991
        },
        "probability": 0.829507172108,
        "value": "happy"
    },
    "mood_party": {
        "all": {
            "not_party": 0.591163754463,
            "party": 0.408836275339
        },
        "probability": 0.591163754463,
        "value": "not_party"
    },
    "mood_relaxed": {
        "all": {
            "not_relaxed": 0.160262554884,
            "relaxed": 0.839737474918
        },
        "probability": 0.839737474918,
        "value": "relaxed"
    },
    "mood_sad": {
        "all": {
            "not_sad": 0.23131030798,
            "sad": 0.76868969202
        },
        "probability": 0.76868969202,
        "value": "sad"
    },
    "moods_mirex": {
        "all": {
            "Cluster1": 0.225807622075,
            "Cluster2": 0.544852614403,
            "Cluster3": 0.0260523427278,
            "Cluster4": 0.154636889696,
            "Cluster5": 0.0486505515873
        },
        "probability": 0.544852614403,
        "value": "Cluster2"
    },
    "timbre": {
        "all": {
            "bright": 0.996725738049,
            "dark": 0.00327425869182
        },
        "probability": 0.996725738049,
        "value": "bright"
    },
    "tonal_atonal": {
        "all": {
            "atonal": 0.203433141112,
            "tonal": 0.796566843987
        },
        "probability": 0.796566843987,
        "value": "tonal"
    },
    "voice_instrumental": {
        "all": {
            "instrumental": 0.612626314163,
            "voice": 0.387373715639
        },
        "probability": 0.612626314163,
        "value": "instrumental"
    }
},
"lowlevel": {
    "average_loudness": 0.921147227287,
    "barkbands_kurtosis": {
        "dmean": 0.768803775311,
        "dmean2": 1.24623966217,
        "dvar": 0.774635732174,
        "dvar2": 1.89609920979,
        "max": 13.2057685852,
        "mean": 0.549853146076,
        "median": 0.197299957275,
        "min": -1.67025852203,
        "var": 2.14252018929
    },
    "barkbands_skewness": {
        "dmean": 0.334528714418,
        "dmean2": 0.51107853651,
        "dvar": 0.0950785502791,
        "dvar2": 0.19942484796,
        "max": 3.46129274368,
        "mean": 0.684112966061,
        "median": 0.712736725807,
        "min": -1.92947649956,
        "var": 0.353590428829
    },
    "barkbands_spread": {
        "dmean": 2.78487205505,
        "dmean2": 4.15087938309,
        "dvar": 13.0026454926,
        "dvar2": 22.8051643372,
        "max": 91.364982605,
        "mean": 15.7099409103,
        "median": 14.9635047913,
        "min": 4.97614192963,
        "var": 41.7373352051
    },
    "dissonance": {
        "dmean": 0.019453773275,
        "dmean2": 0.0326138883829,
        "dvar": 0.0003549788089,
        "dvar2": 0.0010472816648,
        "max": 0.5,
        "mean": 0.464569538832,
        "median": 0.468593806028,
        "min": 0.314572930336,
        "var": 0.000524811388459
    },
    "dynamic_complexity": 3.64271211624,
    "erbbands_kurtosis": {
        "dmean": 0.638529419899,
        "dmean2": 1.01491928101,
        "dvar": 0.409588992596,
        "dvar2": 0.951656222343,
        "max": 7.47467327118,
        "mean": 0.315544098616,
        "median": 0.167150497437,
        "min": -1.27957212925,
        "var": 1.00857651234
    },
    "erbbands_skewness": {
        "dmean": 0.290901780128,
        "dmean2": 0.458019137383,
        "dvar": 0.0612209625542,
        "dvar2": 0.143965691328,
        "max": 2.03418040276,
        "mean": 0.306428909302,
        "median": 0.326493829489,
        "min": -2.17797160149,
        "var": 0.274559170008
    },
    "erbbands_spread": {
        "dmean": 4.31925296783,
        "dmean2": 6.71010160446,
        "dvar": 20.0624771118,
        "dvar2": 40.4980506897,
        "max": 92.4202728271,
        "mean": 22.2073326111,
        "median": 21.1561908722,
        "min": 5.19991159439,
        "var": 53.2300376892
    },
    "hfc": {
        "dmean": 5.51025533676,
        "dmean2": 6.68602561951,
        "dvar": 34.8343048096,
        "dvar2": 52.6516265869,
        "max": 127.967536926,
        "mean": 21.4634990692,
        "median": 18.9350643158,
        "min": 1.16276183137e-16,
        "var": 319.348754883
    },
    "melbands_kurtosis": {
        "dmean": 1.47895395756,
        "dmean2": 2.35914587975,
        "dvar": 5.17167425156,
        "dvar2": 10.953083992,
        "max": 39.5170440674,
        "mean": 2.23007631302,
        "median": 1.76751470566,
        "min": -1.70525193214,
        "var": 8.73563575745
    },
    "melbands_skewness": {
        "dmean": 0.385396182537,
        "dmean2": 0.598431408405,
        "dvar": 0.143776014447,
        "dvar2": 0.281623899937,
        "max": 4.95944976807,
        "mean": 1.13717210293,
        "median": 1.116060853,
        "min": -0.767900049686,
        "var": 0.387048870325
    },
    "melbands_spread": {
        "dmean": 4.74284219742,
        "dmean2": 7.3240032196,
        "dvar": 39.5846710205,
        "dvar2": 66.5683898926,
        "max": 155.605117798,
        "mean": 24.4210777283,
        "median": 23.0219745636,
        "min": 6.95114278793,
        "var": 184.915664673
    },
    "pitch_salience": {
        "dmean": 0.051545098424,
        "dmean2": 0.0820206031203,
        "dvar": 0.00180963496678,
        "dvar2": 0.00427555292845,
        "max": 0.859566807747,
        "mean": 0.569223582745,
        "median": 0.570661187172,
        "min": 0.343674093485,
        "var": 0.00642503984272
    },
    "silence_rate_20dB": {
        "dmean": 0,
        "dmean2": 0,
        "dvar": 0,
        "dvar2": 0,
        "max": 1,
        "mean": 1,
        "median": 1,
        "min": 1,
        "var": 0
    },
    "silence_rate_30dB": {
        "dmean": 0.00319488812238,
        "dmean2": 0.00639999983832,
        "dvar": 0.00318470248021,
        "dvar2": 0.00635906355456,
        "max": 1,
        "mean": 0.992025494576,
        "median": 1,
        "min": 0,
        "var": 0.00791080482304
    },
    "silence_rate_60dB": {
        "dmean": 0.0127795524895,
        "dmean2": 0.0255999993533,
        "dvar": 0.0126163139939,
        "dvar2": 0.0313445590436,
        "max": 1,
        "mean": 0.0861244052649,
        "median": 0,
        "min": 0,
        "var": 0.0787071883678
    },
    "spectral_centroid": {
        "dmean": 186.184249878,
        "dmean2": 287.242706299,
        "dvar": 107440.78125,
        "dvar2": 208736.578125,
        "max": 10842.9765625,
        "mean": 1430.97961426,
        "median": 1385.83544922,
        "min": 565.758666992,
        "var": 426609.125
    },
    "spectral_complexity": {
        "dmean": 2.67731618881,
        "dmean2": 4.07040023804,
        "dvar": 5.36871004105,
        "dvar2": 11.9726543427,
        "max": 41,
        "mean": 20.226474762,
        "median": 21,
        "min": 0,
        "var": 60.8801345825
    },
    "spectral_crest": {
        "dmean": 1.92011296749,
        "dmean2": 3.08354854584,
        "dvar": 2.74943876266,
        "dvar2": 6.44519901276,
        "max": 18.5694408417,
        "mean": 7.72910499573,
        "median": 7.15215444565,
        "min": 3.26860380173,
        "var": 6.64818143845
    },
    "spectral_decrease": {
        "dmean": 1.3132861465e-09,
        "dmean2": 1.725683485e-09,
        "dvar": 2.52946330568e-18,
        "dvar2": 5.61037070261e-18,
        "max": -2.0229488158e-29,
        "mean": -5.25286081299e-09,
        "median": -4.46333681126e-09,
        "min": -3.68416621654e-08,
        "var": 1.96166825253e-17
    },
    "spectral_energy": {
        "dmean": 0.00538274552673,
        "dmean2": 0.00702791055664,
        "dvar": 4.00051976612e-05,
        "dvar2": 8.58229832374e-05,
        "max": 0.148287281394,
        "mean": 0.0217723064125,
        "median": 0.0185942389071,
        "min": 1.08441593082e-20,
        "var": 0.000330344948452
    },
    "spectral_energyband_high": {
        "dmean": 0.000152060500113,
        "dmean2": 0.000201308706892,
        "dvar": 6.5344543998e-08,
        "dvar2": 1.0329603839e-07,
        "max": 0.00454990006983,
        "mean": 0.000388598127756,
        "median": 0.000221939000767,
        "min": 7.88099236667e-21,
        "var": 3.24966265453e-07
    },
    "spectral_energyband_low": {
        "dmean": 0.00104717689101,
        "dmean2": 0.00169901235495,
        "dvar": 1.45332160173e-05,
        "dvar2": 3.88504304283e-05,
        "max": 0.0542203262448,
        "mean": 0.00151848630048,
        "median": 0.000104823862785,
        "min": 8.0075983068e-23,
        "var": 2.0600253265e-05
    },
    "spectral_energyband_middle_high": {
        "dmean": 0.00278222723864,
        "dmean2": 0.00382809899747,
        "dvar": 9.29879752221e-06,
        "dvar2": 1.68300575751e-05,
        "max": 0.0573587827384,
        "mean": 0.00875452905893,
        "median": 0.00738242827356,
        "min": 1.55624197365e-21,
        "var": 5.74678269913e-05
    },
    "spectral_energyband_middle_low": {
        "dmean": 0.00352618680336,
        "dmean2": 0.00484170485288,
        "dvar": 1.85074986803e-05,
        "dvar2": 3.94751114072e-05,
        "max": 0.0769131034613,
        "mean": 0.0121270595118,
        "median": 0.00840471684933,
        "min": 3.56497047308e-22,
        "var": 0.000130929445731
    },
    "spectral_flatness_db": {
        "dmean": 0.0145076429471,
        "dmean2": 0.0216145850718,
        "dvar": 0.000153337634401,
        "dvar2": 0.000297894497635,
        "max": 0.227624952793,
        "mean": 0.142906084657,
        "median": 0.142085835338,
        "min": 0.0439747497439,
        "var": 0.000960969075095
    },
    "spectral_flux": {
        "dmean": 0.013040734455,
        "dmean2": 0.0208564754575,
        "dvar": 0.000189720463823,
        "dvar2": 0.000517929322086,
        "max": 0.278363019228,
        "mean": 0.0669724345207,
        "median": 0.0674451217055,
        "min": 6.83580414496e-11,
        "var": 0.000849488715176
    },
    "spectral_kurtosis": {
        "dmean": 2.17818498611,
        "dmean2": 3.8378534317,
        "dvar": 4.12211513519,
        "dvar2": 12.1484584808,
        "max": 20.2128238678,
        "mean": 5.61774253845,
        "median": 5.0466709137,
        "min": -1.20209944248,
        "var": 6.07149028778
    },
    "spectral_rms": {
        "dmean": 0.000563225359656,
        "dmean2": 0.000699278141838,
        "dvar": 2.50066818808e-07,
        "dvar2": 4.35991267977e-07,
        "max": 0.0120279053226,
        "mean": 0.00419627176598,
        "median": 0.00425919238478,
        "min": 3.25264012772e-12,
        "var": 3.63259960068e-06
    },
    "spectral_rolloff": {
        "dmean": 290.87020874,
        "dmean2": 471.387451172,
        "dvar": 596136.0625,
        "dvar2": 786172.4375,
        "max": 19702.8808594,
        "mean": 1809.44274902,
        "median": 1571.92382812,
        "min": 387.59765625,
        "var": 3561230.25
    },
    "spectral_skewness": {
        "dmean": 0.224173590541,
        "dmean2": 0.384876936674,
        "dvar": 0.0434981659055,
        "dvar2": 0.11571585387,
        "max": 3.93783283234,
        "mean": 1.61873579025,
        "median": 1.58959579468,
        "min": 0.000356021802872,
        "var": 0.0875889658928
    },
    "spectral_spread": {
        "dmean": 307279.59375,
        "dmean2": 481047,
        "dvar": 1.63736505549e+12,
        "dvar2": 3.14808624742e+12,
        "max": 40679020,
        "mean": 3262381.75,
        "median": 3058637.5,
        "min": 1751375.5,
        "var": 5.16586051994e+12
    },
    "spectral_strongpeak": {
        "dmean": 0.890966653824,
        "dmean2": 1.40490424633,
        "dvar": 1.06607019901,
        "dvar2": 2.19893026352,
        "max": 9.27545452118,
        "mean": 1.76108407974,
        "median": 1.41264414787,
        "min": 0,
        "var": 2.34310317039
    },
    "zerocrossingrate": {
        "dmean": 0.00701221777126,
        "dmean2": 0.00851171836257,
        "dvar": 0.000250632030657,
        "dvar2": 0.000216468542931,
        "max": 0.50732421875,
        "mean": 0.0649990364909,
        "median": 0.05908203125,
        "min": 0.0244140625,
        "var": 0.00235921493731
    },
    "barkbands": {
        "dmean": [1.21750954349e-05, 0.000210781494388, 0.000460711773485, 0.000642881961539, 0.000714347406756, 0.000988670857623, 0.000973386690021, 0.00121979718097, 0.00113668374252, 0.000823811336886, 0.000254427577602, 0.00103194860276, 0.000830803997815, 0.000496239459608, 0.000861109176185, 0.00021608818497, 0.000281688728137, 0.000181197858183, 0.000166277837707, 7.62305426179e-05, 6.48012646707e-05, 4.4278542191e-05, 2.79551404674e-05, 1.35977661557e-05, 5.2862501434e-06, 1.46308798321e-06, 9.4125660155e-08],
        "dmean2": [2.04026109714e-05, 0.000317841098877, 0.000811418925878, 0.00102342059836, 0.00109864515252, 0.00141181598883, 0.00134365144186, 0.00181253580377, 0.00160382140893, 0.00121947750449, 0.000399748678319, 0.00167529506143, 0.00129589217249, 0.000749269791413, 0.00128773960751, 0.000339499529218, 0.000460498296889, 0.000292571843602, 0.00025358714629, 0.00011962212011, 9.22680192161e-05, 6.50114743621e-05, 3.96281466237e-05, 1.92583374883e-05, 6.89543321641e-06, 2.12120721699e-06, 1.53057470698e-07],
        "dvar": [3.23358589904e-10, 7.18298736047e-07, 4.0492932385e-06, 4.74317585031e-06, 1.72821376054e-06, 1.50880919136e-06, 1.65275321251e-06, 3.81923200621e-06, 1.99548981072e-06, 1.01567638922e-06, 3.34563196702e-07, 2.49128424912e-06, 1.27176588194e-06, 6.90494687206e-07, 2.63029710368e-06, 1.00682235882e-07, 1.96334113411e-07, 1.18275622185e-07, 5.59117836474e-08, 9.68705560211e-09, 1.1926521104e-08, 1.23051275835e-08, 4.75050354609e-09, 1.23808630015e-09, 1.9071687285e-10, 1.80374430669e-11, 9.61733270062e-14],
        "dvar2": [8.49508408063e-10, 1.68903000031e-06, 1.11366862257e-05, 1.23681793411e-05, 4.05771697842e-06, 2.98483291772e-06, 3.15413285534e-06, 8.40164011606e-06, 3.60521448783e-06, 1.90598700556e-06, 7.36603510632e-07, 6.14800001131e-06, 2.74684407486e-06, 1.52226914452e-06, 4.8589186008e-06, 2.07977876698e-07, 5.11918244683e-07, 3.21015306781e-07, 1.24187025108e-07, 2.35193766684e-08, 2.40075870295e-08, 2.89766237671e-08, 9.1455669704e-09, 2.61693866577e-09, 3.79931447414e-10, 4.16747053533e-11, 2.4461707074e-13],
        "max": [0.000157421527547, 0.0190897453576, 0.0270996522158, 0.0326306968927, 0.0165148004889, 0.0209736675024, 0.0289973802865, 0.0304708853364, 0.0248847715557, 0.0190096534789, 0.00722534349188, 0.027940152213, 0.0121954381466, 0.00851345993578, 0.0180023126304, 0.00302123907022, 0.00485574407503, 0.00427286280319, 0.00265737972222, 0.00128059845883, 0.00204726634547, 0.00181593280286, 0.0010563225951, 0.0004348839866, 0.000231960817473, 7.85500160418e-05, 5.04404124513e-06],
        "mean": [1.524059644e-05, 0.000340222439263, 0.000544244656339, 0.000923054351006, 0.0012394352816, 0.00248155649751, 0.00211110524833, 0.00207175454125, 0.00242630345747, 0.0018554154085, 0.000397650932427, 0.00174485018943, 0.00146661780309, 0.000780642440077, 0.00138914992567, 0.000418720243033, 0.000488349993248, 0.00029770997935, 0.000317964993883, 0.000160917275934, 0.00012744643027, 8.20234636194e-05, 5.28298805875e-05, 2.61104905803e-05, 1.0162536455e-05, 2.74805756817e-06, 1.05532777184e-07],
        "median": [8.46505736263e-06, 1.7779710106e-05, 1.45995163621e-05, 6.00558887527e-05, 0.000468910235213, 0.00131259742193, 0.00101791089401, 0.000938942946959, 0.0013410737738, 0.0010425579967, 0.000127400286146, 0.000864389701746, 0.000731686479412, 0.000299082224956, 0.000527511932887, 0.000241539324634, 0.000246851734119, 0.000183616211871, 0.000198856476345, 0.000119256350445, 6.75363335176e-05, 3.63999643014e-05, 1.79906910489e-05, 1.07050682345e-05, 3.29139970745e-06, 8.14533620996e-07, 1.48302161662e-08],
        "min": [2.44969646955e-23, 2.51005127077e-23, 8.21090054162e-24, 3.14152211917e-23, 8.41220064747e-23, 4.65075092375e-23, 7.53004968268e-23, 6.34553843035e-23, 2.32936126048e-23, 4.16897084973e-23, 5.65435996221e-23, 6.96185462967e-23, 5.32887405945e-23, 1.19407792631e-22, 1.05947074041e-22, 1.22735548717e-22, 2.59105971268e-22, 2.19972159481e-22, 2.16900070059e-22, 2.74123510009e-22, 5.48067689847e-22, 5.73636880596e-22, 5.42982629343e-22, 7.82780844991e-22, 1.18085808166e-21, 1.66728057054e-21, 2.10322666476e-21],
        "var": [4.14734330212e-10, 1.4147510683e-06, 4.57623764305e-06, 7.98528435553e-06, 3.53595623892e-06, 1.09874727059e-05, 1.14851418402e-05, 9.83427071333e-06, 1.01022487797e-05, 5.20008779858e-06, 6.00721079991e-07, 7.57669067752e-06, 3.44006934938e-06, 1.55884549713e-06, 6.35471678834e-06, 2.68272970061e-07, 4.25559875339e-07, 1.68919171983e-07, 1.33956547188e-07, 3.00208284898e-08, 3.63023069383e-08, 2.61794408374e-08, 1.29703821017e-08, 2.93227353509e-09, 5.55770762745e-10, 4.70130982755e-11, 1.08741961019e-13]
    },
    "erbbands": {
        "dmean": [0.0025189560838, 0.061633374542, 0.387229502201, 1.72759151459, 1.54686403275, 3.29697823524, 3.69701886177, 9.74163722992, 12.9156932831, 11.3558521271, 32.6872558594, 27.7731723785, 25.498506546, 21.684463501, 12.1361474991, 47.9797744751, 35.9631996155, 32.9115867615, 48.1516418457, 14.5236778259, 16.5809555054, 9.99178409576, 9.24316978455, 6.01065397263, 9.29706382751, 4.28332185745, 3.13513946533, 1.75063788891, 1.73884010315, 1.06541442871, 0.703467309475, 0.403600484133, 0.184368699789, 0.0733478963375, 0.0287502314895, 0.00975007005036, 0.00247331731953, 0.00031942728674, 1.06922252598e-05, 6.57320561004e-06],
        "dmean2": [0.00400626240298, 0.0929703861475, 0.656275331974, 2.76815247536, 2.4464969635, 5.14470148087, 5.35490465164, 13.6896839142, 18.98371315, 16.0342960358, 48.7660484314, 39.2706680298, 35.375164032, 34.8073577881, 18.4425430298, 78.4882125854, 55.742149353, 49.7567176819, 71.2840652466, 21.6400585175, 26.8501148224, 16.0072040558, 14.8709621429, 9.31810569763, 13.686214447, 6.58752346039, 4.61296272278, 2.5804567337, 2.57673096657, 1.54442834854, 0.983696401119, 0.572869062424, 0.267822742462, 0.0985098779202, 0.0377940274775, 0.0140606425703, 0.00354827963747, 0.000493428204209, 1.53253968165e-05, 8.3697386799e-06],
        "dvar": [6.28058623988e-05, 0.0584759525955, 2.10775923729, 44.2096710205, 9.29964447021, 44.6799278259, 24.1352920532, 177.095809937, 242.233825684, 315.318603516, 2719.92822266, 1460.95532227, 1137.78588867, 726.631164551, 463.320831299, 6076.60986328, 2585.93945312, 2922.46289062, 8092.45507812, 449.833465576, 591.666809082, 173.414611816, 253.272338867, 75.3963088989, 197.436431885, 33.5221557617, 29.6937866211, 10.4286956787, 18.9288005829, 6.72148323059, 3.11369657516, 1.02341473103, 0.245033040643, 0.0373553410172, 0.00504821492359, 0.000667518586852, 5.29242606717e-05, 7.09100675067e-07, 8.87025730645e-10, 5.51311878094e-11],
        "dvar2": [0.000148192761117, 0.138413310051, 5.56785917282, 119.107185364, 20.7795543671, 113.567848206, 51.8151359558, 348.556365967, 530.867431641, 574.956787109, 5996.03759766, 2644.75610352, 1849.12438965, 1804.96899414, 985.111083984, 15203.4179688, 5626.13769531, 6897.18652344, 15725.1777344, 942.600585938, 1401.6348877, 422.870513916, 670.031860352, 185.555328369, 410.309112549, 83.1985244751, 57.6883125305, 21.9352016449, 43.6323661804, 12.6570749283, 6.83892965317, 1.84396970272, 0.615190148354, 0.062470946461, 0.0102201700211, 0.00151591468602, 0.000108777036075, 1.62097944667e-06, 2.39585307149e-09, 1.08819120381e-10],
        "max": [0.164613544941, 5.37962245941, 18.5790729523, 99.4743652344, 42.3341827393, 95.5797042847, 60.4949378967, 235.882446289, 204.782897949, 415.678527832, 830.565307617, 677.534545898, 533.681396484, 314.154449463, 257.578735352, 1391.49536133, 597.783630371, 571.407897949, 1034.01416016, 253.563796997, 276.263214111, 136.283752441, 209.642333984, 85.7112121582, 183.67527771, 78.6721115112, 96.2664337158, 46.8225250244, 67.2451248169, 30.3574352264, 30.304725647, 12.5994157791, 7.33199214935, 3.89105629921, 1.18347895145, 0.410785138607, 0.118085920811, 0.0154363391921, 0.000514969986398, 0.000179709837539],
        "mean": [0.00389808905311, 0.0991143584251, 0.506613910198, 2.37613630295, 2.43191194534, 5.35352325439, 8.03071594238, 24.1033763885, 28.6515026093, 28.6028671265, 57.1067962646, 63.3644218445, 62.4469184875, 39.7567672729, 23.6215572357, 82.4350738525, 70.7202072144, 53.2999763489, 79.4613723755, 28.0230789185, 33.0726470947, 20.0010662079, 16.2163238525, 12.6779680252, 17.0370330811, 9.09745979309, 6.46816015244, 3.51330947876, 3.16685771942, 2.0632519722, 1.32381117344, 0.74054646492, 0.343097507954, 0.143887028098, 0.0569572634995, 0.0182704310864, 0.00452052801847, 0.000580797379371, 2.71214412351e-05, 2.71199205599e-05],
        "median": [0.000890700612217, 0.00296856067143, 0.0199445132166, 0.145058333874, 0.793829321861, 1.83653497696, 4.52856302261, 12.0053806305, 16.4318294525, 12.356678009, 30.138879776, 32.0936012268, 30.8859634399, 27.4219398499, 13.2126169205, 39.0311965942, 36.0981178284, 25.4029808044, 32.3944549561, 16.6123504639, 19.1731491089, 12.7237930298, 11.0810756683, 8.48739433289, 10.6157121658, 6.33437538147, 3.86388134956, 1.93392860889, 1.43837165833, 0.768754184246, 0.477295994759, 0.276026576757, 0.13497403264, 0.0474831685424, 0.0182327255607, 0.00520689832047, 0.0011449472513, 0.000163402553881, 1.73520002136e-05, 2.32186976064e-05],
        "min": [5.95272268135e-22, 1.89324860302e-21, 5.98212656913e-21, 7.438214217e-20, 7.25026521089e-20, 2.87294069756e-19, 1.3013363078e-19, 4.03225242063e-19, 1.00870126207e-18, 1.49984378328e-18, 9.138712087e-19, 5.28614371644e-19, 7.10581853793e-19, 1.84501188064e-18, 3.22065149642e-18, 2.66297770117e-18, 2.46982461749e-18, 6.30187384237e-18, 6.38359597817e-18, 6.01447986471e-18, 7.90696322711e-18, 1.26659748279e-17, 1.15737399045e-17, 1.11789572038e-17, 1.484192306e-17, 1.09478255698e-17, 1.71680690935e-17, 1.71526554099e-17, 1.99445454872e-17, 1.62439611111e-17, 1.64490109131e-17, 1.72844037748e-17, 1.10835071785e-17, 1.21342895999e-17, 8.29500192427e-18, 5.80216824407e-18, 2.91697736353e-18, 1.27751397145e-18, 3.103807582e-19, 3.32530354408e-20],
        "var": [0.000117509902338, 0.112914271653, 2.78185105324, 63.9530143738, 19.9855041504, 76.995223999, 90.9849319458, 1288.0949707, 996.112609863, 2425.61669922, 6745.34667969, 7738.35107422, 7644.44580078, 1711.17358398, 1047.79162598, 17910.5, 8260.72265625, 5733.26806641, 18606.2226562, 1274.76086426, 1651.68530273, 484.346496582, 380.963745117, 188.639755249, 463.760467529, 104.866325378, 81.3173141479, 29.5606365204, 38.8580093384, 17.2432594299, 8.07810211182, 2.41729998589, 0.563893139362, 0.1146434322, 0.0187885649502, 0.00199914351106, 0.000144978475873, 2.05675041798e-06, 1.96843452649e-09, 5.17537457334e-10]
    },
    "gfcc": {
        "mean": [-46.2711524963, 99.2023239136, -178.864074707, 3.72512102127, -77.7071151733, -3.58768844604, -40.3418960571, -2.7470266819, -19.9266548157, 0.184141382575, -9.18174171448, -6.13212585449, -6.83552026749],
        "cov": [[23766.1191406, 1414.93579102, -1964.57385254, 371.938262939, -1108.57019043, 63.3787269592, -737.073669434, -126.920127869, -490.298858643, 8.56277942657, -257.955505371, -291.596374512, -381.716064453], [1414.93579102, 1076.02246094, -63.4379882812, 196.315567017, 129.524124146, 22.4531707764, 123.924224854, -81.3087387085, 42.3261299133, -168.670669556, 21.0139751434, -154.630233765, -1.20203900337], [-1964.57385254, -63.4379882812, 729.928588867, 178.77053833, 222.051437378, 123.458992004, 104.82901001, 16.786277771, -21.6560211182, -58.3045578003, -60.8528785706, -28.0713424683, -103.450317383], [371.938262939, 196.315567017, 178.77053833, 245.730026245, 120.036643982, 117.996452332, 56.2208404541, 11.6215839386, 13.0665798187, -45.6838760376, -15.3481721878, -44.9035873413, -47.6786727905], [-1108.57019043, 129.524124146, 222.051437378, 120.036643982, 231.104675293, 79.4818191528, 90.1410217285, -9.88210391998, 36.5009689331, -22.4265003204, 7.00960826874, -21.3316726685, 3.54408812523], [63.3787269592, 22.4531707764, 123.458992004, 117.996452332, 79.4818191528, 193.030380249, 59.8848228455, 29.9809398651, 34.0444488525, -6.35035705566, -4.83646631241, -6.70712184906, -36.7275848389], [-737.073669434, 123.924224854, 104.82901001, 56.2208404541, 90.1410217285, 59.8848228455, 124.947967529, 29.2410945892, 49.1500892639, -31.7262935638, 25.0396499634, -14.6907653809, 9.0474023819], [-126.920127869, -81.3087387085, 16.786277771, 11.6215839386, -9.88210391998, 29.9809398651, 29.2410945892, 75.6273727417, 32.9092407227, 13.3624343872, 2.44015717506, 12.7099065781, -0.808607935905], [-490.298858643, 42.3261299133, -21.6560211182, 13.0665798187, 36.5009689331, 34.0444488525, 49.1500892639, 32.9092407227, 111.463287354, 23.7458248138, 38.5761032104, 3.24965929985, 34.5801048279], [8.56277942657, -168.670669556, -58.3045578003, -45.6838760376, -22.4265003204, -6.35035705566, -31.7262935638, 13.3624343872, 23.7458248138, 92.8621826172, 32.3305931091, 43.2577819824, 23.4066848755], [-257.955505371, 21.0139751434, -60.8528785706, -15.3481721878, 7.00960826874, -4.83646631241, 25.0396499634, 2.44015717506, 38.5761032104, 32.3305931091, 96.6024169922, 44.1315689087, 53.0617446899], [-291.596374512, -154.630233765, -28.0713424683, -44.9035873413, -21.3316726685, -6.70712184906, -14.6907653809, 12.7099065781, 3.24965929985, 43.2577819824, 44.1315689087, 85.1548843384, 41.5293693542], [-381.716064453, -1.20203900337, -103.450317383, -47.6786727905, 3.54408812523, -36.7275848389, 9.0474023819, -0.808607935905, 34.5801048279, 23.4066848755, 53.0617446899, 41.5293693542, 104.06085968]],
        "icov": [[0.000219874840695, -0.000556852493901, 0.000471399747767, -0.000708362378646, 0.000884745037183, -0.000532659119926, 0.00071081117494, -0.00044893406448, 0.00104368338361, -0.00110761169344, 0.000362096907338, 5.40481196367e-05, 0.000356877048034], [-0.000556852493901, 0.00416104262695, -0.000223625000217, 3.99190394091e-05, -0.00248781591654, 0.00194433203433, -0.00327537767589, 0.00381286256015, -0.00360585772432, 0.00614423304796, -0.00294247479178, 0.00302264885977, -0.00100292486604], [0.000471399747767, -0.000223625000217, 0.00424991594627, -0.00263179698959, -0.000687151565216, -0.000519510533195, -0.0005168201169, -0.000434421381215, 0.0025887649972, -0.000948867702391, 0.00156466488261, -0.00123653782066, 0.00367616629228], [-0.000708362378646, 3.99190394091e-05, -0.00263179698959, 0.0119534973055, -0.00597107363865, -0.00243196776137, 0.00154981995001, -0.00277138710953, -0.00225649564527, 0.00468148291111, -0.00302286935039, 0.00125971622765, 0.00018677150365], [0.000884745037183, -0.00248781591654, -0.000687151565216, -0.00597107363865, 0.014760744758, -0.00293494411744, -0.00261314655654, 0.00382875371724, 0.00278029590845, -0.00770644471049, 0.00346203474328, 0.000975234317593, -0.00282891839743], [-0.000532659119926, 0.00194433203433, -0.000519510533195, -0.00243196776137, -0.00293494411744, 0.0110269719735, -0.00545522756875, 0.00139317649882, -0.00481407390907, 0.0018102938775, 0.00076414673822, -0.00339271873236, 0.00307169021107], [0.00071081117494, -0.00327537767589, -0.0005168201169, 0.00154981995001, -0.00261314655654, -0.00545522756875, 0.0252260677516, -0.0117526678368, 0.000429677893408, 0.00441155163571, -0.00687474198639, 0.00368195958436, -0.00045408544247], [-0.00044893406448, 0.00381286256015, -0.000434421381215, -0.00277138710953, 0.00382875371724, 0.00139317649882, -0.0117526678368, 0.0257252957672, -0.00889447238296, 0.00102455401793, 0.00406261626631, -0.0034547704272, 0.000311043317197], [0.00104368338361, -0.00360585772432, 0.0025887649972, -0.00225649564527, 0.00278029590845, -0.00481407390907, 0.000429677893408, -0.00889447238296, 0.0224008485675, -0.0114100603387, -0.0015813143691, 0.00556760374457, -0.00286686234176], [-0.00110761169344, 0.00614423304796, -0.000948867702391, 0.00468148291111, -0.00770644471049, 0.0018102938775, 0.00441155163571, 0.00102455401793, -0.0114100603387, 0.0304045621306, -0.00962843932211, -0.00184173800517, 0.000332816358423], [0.000362096907338, -0.00294247479178, 0.00156466488261, -0.00302286935039, 0.00346203474328, 0.00076414673822, -0.00687474198639, 0.00406261626631, -0.0015813143691, -0.00962843932211, 0.025150693953, -0.012767505832, -0.0027922342997], [5.40481196367e-05, 0.00302264885977, -0.00123653782066, 0.00125971622765, 0.000975234317593, -0.00339271873236, 0.00368195958436, -0.0034547704272, 0.00556760374457, -0.00184173800517, -0.012767505832, 0.0305953603238, -0.00913236662745], [0.000356877048034, -0.00100292486604, 0.00367616629228, 0.00018677150365, -0.00282891839743, 0.00307169021107, -0.00045408544247, 0.000311043317197, -0.00286686234176, 0.000332816358423, -0.0027922342997, -0.00913236662745, 0.0218160394579]]
    },
    "melbands": {
        "dmean": [4.06959297834e-05, 0.000166422731127, 0.000268399511697, 0.000180583258043, 0.00012075909035, 0.000211851671338, 0.000202905212063, 0.000126526283566, 0.000265533017227, 0.000173308319063, 0.00012821542623, 9.51586771407e-05, 3.61184793292e-05, 0.000113353249617, 8.49532152642e-05, 9.44834173424e-05, 5.44060785614e-05, 7.13942790753e-05, 4.62551324745e-05, 1.17237377708e-05, 2.40520548687e-05, 1.38594541568e-05, 6.35657352177e-06, 1.14288377517e-05, 4.30707132182e-06, 8.02621889306e-06, 4.33722289017e-06, 3.02950434161e-06, 2.35399284065e-06, 1.4649709783e-06, 1.22811400161e-06, 8.33897843222e-07, 1.11112660761e-06, 5.98938981966e-07, 4.67665131509e-07, 2.84509638959e-07, 2.7357029353e-07, 1.45265758533e-07, 1.08302295132e-07, 5.86226924781e-08],
        "dmean2": [6.18931444478e-05, 0.000276570819551, 0.000430770684034, 0.000282311928459, 0.000178369969944, 0.000299738312606, 0.000288017006824, 0.000181140232598, 0.000396300019929, 0.000243393689743, 0.000179452137672, 0.000153027634951, 5.52594174223e-05, 0.000181768264156, 0.000138736068038, 0.000147023078171, 8.33518934087e-05, 0.000106487903395, 6.71135931043e-05, 1.82286876225e-05, 3.9368205762e-05, 2.25746789511e-05, 1.02181620605e-05, 1.86943780136e-05, 6.85313580107e-06, 1.22440405903e-05, 6.22179641141e-06, 4.80513290313e-06, 3.51666699316e-06, 2.28436533689e-06, 1.84829900718e-06, 1.27057592181e-06, 1.66819097558e-06, 9.12085340588e-07, 6.87343344907e-07, 4.1759815872e-07, 4.01420294338e-07, 2.20394483108e-07, 1.58605033107e-07, 8.50054675539e-08],
        "dvar": [2.39682602654e-08, 3.51350308847e-07, 8.89482237199e-07, 1.15113991228e-07, 3.01859444107e-08, 7.64876091353e-08, 6.10713613014e-08, 3.44843336109e-08, 1.58758780344e-07, 5.53737677933e-08, 2.77538667603e-08, 1.41239038243e-08, 6.94362389808e-09, 2.84224856983e-08, 1.70885314787e-08, 1.80246004788e-08, 8.31562285697e-09, 1.61262203591e-08, 7.46904138538e-09, 3.61522756176e-10, 1.38810063444e-09, 4.21013779395e-10, 7.82643047592e-11, 6.94415969171e-10, 4.05271684267e-11, 1.34905600579e-10, 5.3563237179e-11, 1.87463187334e-11, 2.01356778473e-11, 8.6283992104e-12, 6.70609835024e-12, 3.72351585329e-12, 8.79715918167e-12, 2.70476696596e-12, 1.61546969378e-12, 4.21336739369e-13, 6.33908940964e-13, 1.86405605578e-13, 7.83843611763e-14, 2.75333395813e-14],
        "dvar2": [5.58785728799e-08, 9.18213117984e-07, 2.37482572629e-06, 2.77222000022e-07, 6.81006042669e-08, 1.51376454482e-07, 1.28346698602e-07, 6.62216947944e-08, 3.58901047548e-07, 9.56549683906e-08, 4.57690987332e-08, 3.52932403302e-08, 1.52097090478e-08, 6.72547244562e-08, 4.67107383884e-08, 3.93312760139e-08, 1.94641902596e-08, 3.23288524839e-08, 1.25814683116e-08, 7.62018281808e-10, 3.50651063741e-09, 1.04005248858e-09, 1.97869234886e-10, 1.9232375692e-09, 9.87556425525e-11, 3.18850529313e-10, 1.04347031016e-10, 4.69054413366e-11, 3.67243527255e-11, 1.93581123353e-11, 1.55327903317e-11, 9.0521531243e-12, 1.99338844042e-11, 5.06670096503e-12, 3.68249658197e-12, 9.56010010739e-13, 1.25111986743e-12, 5.20183288805e-13, 1.72359888406e-13, 5.20008298574e-14],
        "max": [0.0034626708366, 0.0070467190817, 0.0144477644935, 0.00404343660921, 0.00258479383774, 0.00476985424757, 0.00441648578271, 0.00395548529923, 0.00643039494753, 0.00478649418801, 0.00263526011258, 0.00134680140764, 0.00113305693958, 0.00294260890223, 0.00215386296622, 0.00156015786342, 0.000966455612797, 0.00150910392404, 0.00111303478479, 0.000277605344309, 0.000396996125346, 0.000202475566766, 9.07750145416e-05, 0.000337418867275, 6.41633814666e-05, 0.000145655765664, 9.22415638342e-05, 6.35266769677e-05, 8.80187508301e-05, 5.03192204633e-05, 3.71516289306e-05, 3.22413143294e-05, 3.84794511774e-05, 2.06406857615e-05, 2.27666569117e-05, 8.34746697365e-06, 1.10989885798e-05, 6.71557290843e-06, 4.02507657782e-06, 3.40915084962e-06],
        "mean": [6.64298495394e-05, 0.000226289179409, 0.000384306476917, 0.0002789554419, 0.000269194861175, 0.000526344694663, 0.00046627476695, 0.000313639786327, 0.000456907378975, 0.000392137852032, 0.000305043795379, 0.00016476487508, 6.05178393016e-05, 0.000189260186744, 0.000165332938195, 0.000158374241437, 8.35756436572e-05, 0.000114677066449, 7.75485605118e-05, 2.41444686253e-05, 4.40666808572e-05, 2.46878535108e-05, 1.14823023978e-05, 1.74860069819e-05, 8.29505734146e-06, 1.43924553413e-05, 7.59894010116e-06, 5.80538016948e-06, 4.38134657088e-06, 2.65102835328e-06, 1.99329542738e-06, 1.56715600497e-06, 1.79036646841e-06, 1.04591526906e-06, 8.06643697615e-07, 5.23285962117e-07, 4.39300492872e-07, 2.42938597239e-07, 1.80213589829e-07, 1.00009351911e-07],
        "median": [7.48870115785e-06, 7.06421815266e-06, 3.70523011952e-05, 9.5734380011e-05, 0.000150903782924, 0.00026883019018, 0.000248056312557, 0.000139696378028, 0.000251565303188, 0.000194138658117, 0.000152797802002, 0.000104443446617, 2.36229334405e-05, 9.29468005779e-05, 8.42993613333e-05, 8.00730122137e-05, 3.10436844302e-05, 4.91754508403e-05, 3.0920291465e-05, 1.24602865981e-05, 2.35051738855e-05, 1.34030397021e-05, 7.6024275586e-06, 8.83703796717e-06, 5.02817238157e-06, 9.00142731552e-06, 4.3489417294e-06, 3.73224520445e-06, 2.4947626116e-06, 1.32377033424e-06, 1.00685656435e-06, 7.7294617995e-07, 5.61150500289e-07, 3.5030754475e-07, 2.75610659628e-07, 2.07751327252e-07, 1.56562379061e-07, 9.62965955864e-08, 5.84800226022e-08, 3.28161853247e-08],
        "min": [9.07710846974e-24, 2.493594449e-24, 1.19001797477e-23, 1.39399247686e-23, 5.51396102265e-24, 9.30098009489e-24, 1.46692818957e-23, 1.79033938815e-23, 5.69402680731e-24, 3.6221996023e-24, 3.71058515584e-24, 7.17018395949e-24, 9.70544643594e-24, 7.68188016339e-24, 5.45689403591e-24, 5.48973115995e-24, 1.13648918696e-23, 8.10428283484e-24, 8.02567047905e-24, 4.99753914751e-24, 9.98321619358e-24, 1.24900749443e-23, 1.62258590784e-23, 8.64014263712e-24, 8.87789900306e-24, 9.01495254129e-24, 1.18395187107e-23, 5.86953218707e-24, 8.76164772691e-24, 1.1486381971e-23, 9.29664135991e-24, 9.73725251878e-24, 9.79141728625e-24, 8.4743067199e-24, 9.08605967443e-24, 8.82867644916e-24, 1.13789122944e-23, 7.89955686385e-24, 7.46439436726e-24, 1.12790330375e-23],
