{
"metadata": {
    "version": {
        "essentia": "2.0.1",
        "extractor": "archive-music 1.0"
    },
    "audio_properties": {
        "analysis_sample_rate": 44100,
        "bitrate": 128,
        "channels": 2,
        "equal_loudness": 0,
        "length": 15.7779588699,
        "replay_gain": -10.0623893738,
        "downmix": "mix"
    },
    "tags": {
        "track": 0,
        "year": 0,
        "album": "",
        "artist": "",
        "comment": "",
        "genre": "",
        "title": ""
    }
},
"highlevel": {
    "culture": {
        "all": {
            "non_western": 0.0527599528432,
            "western": 0.947240054607
        },
        "probability": 0.947240054607,
        "value": "western"
    },
    "danceability": {
        "all": {
            "danceable": 0.0564703904092,
            "not_danceable": 0.943529605865
        },
        "probability": 0.943529605865,
        "value": "not_danceable"
    },
    "gender": {
        "all": {
            "female": 0.0668271780014,
            "male": 0.933172821999
        },
        "probability": 0.933172821999,
        "value": "male"
    },
    "genre_dortmund": {
        "all": {
            "alternative": 0.205759480596,
            "blues": 0.0256946049631,
            "electronic": 0.0219596717507,
            "folkcountry": 0.321397930384,
            "funksoulrnb": 0.00975286681205,
            "jazz": 0.110252246261,
            "pop": 0.134098470211,
            "raphiphop": 0.00166083150543,
            "rock": 0.169423907995
        },
        "probability": 0.321397930384,
        "value": "folkcountry"
    },
    "genre_electronic": {
        "all": {
            "ambient": 0.979222416878,
            "dnb": 0.00931824930012,
            "house": 0.00743212690577,
            "techno": 0.0014384171227,
            "trance": 0.00258877477609
        },
        "probability": 0.979222416878,
        "value": "ambient"
    },
    "genre_rosamerica": {
        "all": {
            "cla": 0.520814239979,
            "dan": 0.00300873606466,
            "hip": 0.00476157013327,
            "jaz": 0.0197710637003,
            "pop": 0.0437269844115,
            "rhy": 0.345747083426,
            "roc": 0.0465880855918,
            "spe": 0.0155822597444
        },
        "probability": 0.520814239979,
        "value": "cla"
    },
    "genre_tzanetakis": {
        "all": {
            "blu": 0.0400748886168,
            "cla": 0.289924025536,
            "cou": 0.231861889362,
            "dis": 0.0310916751623,
            "hip": 0.0164871867746,
            "jaz": 0.0655733048916,
            "met": 0.0115249911323,
            "pop": 0.0372083932161,
            "reg": 0.112859494984,
            "roc": 0.163394153118
        },
        "probability": 0.289924025536,
        "value": "cla"
    },
    "mirex_ballroom": {
        "all": {
            "ChaChaCha": 0.000681385572534,
            "Jive": 0.000190168546396,
            "Quickstep": 0.00222701649182,
            "Rumba-American": 0.00107697781641,
            "Rumba-International": 0.0052823596634,
            "Rumba-Misc": 0.0101865753531,
            "Samba": 0.000301740335999,
            "Tango": 0.00259215128608,
            "VienneseWaltz": 0.281307667494,
            "Waltz": 0.69615393877
        },
        "probability": 0.69615393877,
        "value": "Waltz"
    },
    "mood_acoustic": {
        "all": {
            "acoustic": 0.962872624397,
            "not_acoustic": 0.0371273495257
        },
        "probability": 0.962872624397,
        "value": "acoustic"
    },
    "mood_aggressive": {
        "all": {
            "aggressive": 0.120995916426,
            "not_aggressive": 0.879004061222
        },
        "probability": 0.879004061222,
        "value": "not_aggressive"
    },
    "mood_electronic": {
        "all": {
            "electronic": 0.391474992037,
            "not_electronic": 0.608525037766
        },
        "probability": 0.608525037766,
        "value": "not_electronic"
    },
    "mood_happy": {
        "all": {
            "happy": 0.125031217933,
            "not_happy": 0.874968767166
        },
        "probability": 0.874968767166,
        "value": "not_happy"
    },
    "mood_party": {
        "all": {
            "not_party": 0.940135240555,
            "party": 0.0598647743464
        },
        "probability": 0.940135240555,
        "value": "not_party"
    },
    "mood_relaxed": {
        "all": {
            "not_relaxed": 0.0598403960466,
            "relaxed": 0.940159618855
        },
        "probability": 0.940159618855,
        "value": "relaxed"
    },
    "mood_sad": {
        "all": {
            "not_sad": 0.0524981245399,
            "sad": 0.947501897812
        },
        "probability": 0.947501897812,
        "value": "sad"
    },
    "moods_mirex": {
        "all": {
            "Cluster1": 0.0654444247484,
            "Cluster2": 0.145430773497,
            "Cluster3": 0.744592010975,
            "Cluster4": 0.0277794897556,
            "Cluster5": 0.0167532674968
        },
        "probability": 0.744592010975,
        "value": "Cluster3"
    },
    "timbre": {
        "all": {
            "bright": 0.927589535713,
            "dark": 0.0724104642868
        },
        "probability": 0.927589535713,
        "value": "bright"
    },
    "tonal_atonal": {
        "all": {
            "atonal": 0.160700082779,
            "tonal": 0.839299917221
        },
        "probability": 0.839299917221,
        "value": "tonal"
    },
    "voice_instrumental": {
        "all": {
            "instrumental": 0.7262134552,
            "voice": 0.2737865448
        },
        "probability": 0.7262134552,
        "value": "instrumental"
    }
},
"lowlevel": {
    "average_loudness": 0.884326934814,
    "barkbands_kurtosis": {
        "dmean": 3.40541052818,
        "dmean2": 5.89557313919,
        "dvar": 23.750957489,
        "dvar2": 67.0936889648,
        "max": 47.9520187378,
        "mean": 7.31531190872,
        "median": 4.05265140533,
        "min": -1.54152190685,
        "var": 74.214553833
    },
    "barkbands_skewness": {
        "dmean": 0.524539470673,
        "dmean2": 0.870333194733,
        "dvar": 0.260174244642,
        "dvar2": 0.671946167946,
        "max": 5.88371276855,
        "mean": 1.88814270496,
        "median": 1.72363364697,
        "min": -2.07411503792,
        "var": 1.34475803375
    },
    "barkbands_spread": {
        "dmean": 1.66152274609,
        "dmean2": 2.66019034386,
        "dvar": 6.84822654724,
        "dvar2": 12.7105150223,
        "max": 63.7897567749,
        "mean": 7.28230524063,
        "median": 6.23848152161,
        "min": 1.08169281483,
        "var": 31.1007938385
    },
    "dissonance": {
        "dmean": 0.0294234026223,
        "dmean2": 0.0498719252646,
        "dvar": 0.000575211888645,
        "dvar2": 0.00166236725636,
        "max": 0.498790025711,
        "mean": 0.431804686785,
        "median": 0.434892505407,
        "min": 0.295516699553,
        "var": 0.00117339356802
    },
    "dynamic_complexity": 4.20764303207,
    "erbbands_kurtosis": {
        "dmean": 0.925101935863,
        "dmean2": 1.50143074989,
        "dvar": 1.05246353149,
        "dvar2": 2.6511015892,
        "max": 10.0404682159,
        "mean": 0.966366052628,
        "median": 0.528684854507,
        "min": -1.37987303734,
        "var": 2.64719295502
    },
    "erbbands_skewness": {
        "dmean": 0.309512019157,
        "dmean2": 0.492584496737,
        "dvar": 0.0785034894943,
        "dvar2": 0.182033985853,
        "max": 2.85072112083,
        "mean": 0.740996479988,
        "median": 0.710506618023,
        "min": -1.60134804249,
        "var": 0.423284053802
    },
    "erbbands_spread": {
        "dmean": 3.60402727127,
        "dmean2": 5.69630146027,
        "dvar": 21.0264625549,
        "dvar2": 50.8096351624,
        "max": 100.812789917,
        "mean": 18.9318695068,
        "median": 18.1300144196,
        "min": 6.88909769058,
        "var": 47.8119659424
    },
    "hfc": {
        "dmean": 3.08149027824,
        "dmean2": 4.99146461487,
        "dvar": 26.032743454,
        "dvar2": 63.860042572,
        "max": 63.701675415,
        "mean": 11.8993959427,
        "median": 6.45795679092,
        "min": 1.17273485023e-16,
        "var": 129.707168579
    },
    "melbands_kurtosis": {
        "dmean": 4.72235822678,
        "dmean2": 8.23758125305,
        "dvar": 46.7039604187,
        "dvar2": 132.803924561,
        "max": 85.4124908447,
        "mean": 10.0054788589,
        "median": 6.64412879944,
        "min": -1.49546003342,
        "var": 118.506057739
    },
    "melbands_skewness": {
        "dmean": 0.587300360203,
        "dmean2": 0.98821914196,
        "dvar": 0.330288678408,
        "dvar2": 0.885649800301,
        "max": 7.38471317291,
        "mean": 2.26402568817,
        "median": 2.15130376816,
        "min": -0.335705369711,
        "var": 1.35691142082
    },
    "melbands_spread": {
        "dmean": 2.46303772926,
        "dmean2": 4.13760089874,
        "dvar": 50.1868896484,
        "dvar2": 94.6594009399,
        "max": 152.391464233,
        "mean": 10.1052846909,
        "median": 7.60234594345,
        "min": 1.16217792034,
        "var": 155.589019775
    },
    "pitch_salience": {
        "dmean": 0.0716251805425,
        "dmean2": 0.122622303665,
        "dvar": 0.00371404527687,
        "dvar2": 0.0106569286436,
        "max": 0.983093619347,
        "mean": 0.542027652264,
        "median": 0.539161801338,
        "min": 0.151000052691,
        "var": 0.0117721026763
    },
    "silence_rate_20dB": {
        "dmean": 0,
        "dmean2": 0,
        "dvar": 0,
        "dvar2": 0,
        "max": 1,
        "mean": 1,
        "median": 1,
        "min": 1,
        "var": 0
    },
    "silence_rate_30dB": {
        "dmean": 0.0117647061124,
        "dmean2": 0.0235640648752,
        "dvar": 0.0116262044758,
        "dvar2": 0.0347906500101,
        "max": 1,
        "mean": 0.992657840252,
        "median": 1,
        "min": 0,
        "var": 0.00728821707889
    },
    "silence_rate_60dB": {
        "dmean": 0.00294117652811,
        "dmean2": 0.00589101621881,
        "dvar": 0.00293252151459,
        "dvar2": 0.00585630489513,
        "max": 1,
        "mean": 0.0822320133448,
        "median": 0,
        "min": 0,
        "var": 0.0754697099328
    },
    "spectral_centroid": {
        "dmean": 88.9873123169,
        "dmean2": 139.101898193,
        "dvar": 94295.8671875,
        "dvar2": 108221.976562,
        "max": 10793.8964844,
        "mean": 541.611694336,
        "median": 425.654998779,
        "min": 212.095687866,
        "var": 268951.5625
    },
    "spectral_complexity": {
        "dmean": 1.70882356167,
        "dmean2": 2.86303377151,
        "dvar": 2.75051188469,
        "dvar2": 7.16088199615,
        "max": 28,
        "mean": 13.3201179504,
        "median": 12,
        "min": 0,
        "var": 43.2249336243
    },
    "spectral_crest": {
        "dmean": 2.26539802551,
        "dmean2": 3.90198588371,
        "dvar": 4.22900390625,
        "dvar2": 12.6454820633,
        "max": 25.4175357819,
        "mean": 11.2184448242,
        "median": 10.0541830063,
        "min": 3.77754759789,
        "var": 21.6396102905
    },
    "spectral_decrease": {
        "dmean": 2.11213113666e-09,
        "dmean2": 3.72819908279e-09,
        "dvar": 8.57086086829e-18,
        "dvar2": 2.55034539752e-17,
        "max": -7.09777105953e-29,
        "mean": -7.0063257418e-09,
        "median": -5.73674308058e-09,
        "min": -4.08856841716e-08,
        "var": 3.20403645712e-17
    },
    "spectral_energy": {
        "dmean": 0.00822112616152,
        "dmean2": 0.0144740222022,
        "dvar": 0.000129517284222,
        "dvar2": 0.000383014325052,
        "max": 0.158733487129,
        "mean": 0.0275227613747,
        "median": 0.0223452113569,
        "min": 1.09049393118e-20,
        "var": 0.000496441090945
    },
    "spectral_energyband_high": {
        "dmean": 1.34586316562e-05,
        "dmean2": 2.03749623324e-05,
        "dvar": 7.59164509034e-10,
        "dvar2": 1.56794210948e-09,
        "max": 0.000345403444953,
        "mean": 3.1028790545e-05,
        "median": 4.56050111097e-06,
        "min": 7.52379736047e-21,
        "var": 2.46426212769e-09
    },
    "spectral_energyband_low": {
        "dmean": 0.0025861277245,
        "dmean2": 0.00448918621987,
        "dvar": 3.04489039991e-05,
        "dvar2": 8.84459295776e-05,
        "max": 0.081525400281,
        "mean": 0.00529668945819,
        "median": 0.00230892235413,
        "min": 4.66623216124e-23,
        "var": 5.61448832741e-05
    },
    "spectral_energyband_middle_high": {
        "dmean": 0.00139832426794,
        "dmean2": 0.00220547663048,
        "dvar": 1.28579667944e-05,
        "dvar2": 3.24472202919e-05,
        "max": 0.0453384891152,
        "mean": 0.00390243739821,
        "median": 0.000901803723536,
        "min": 1.89542176966e-21,
        "var": 3.21190091199e-05
    },
    "spectral_energyband_middle_low": {
        "dmean": 0.00690891966224,
        "dmean2": 0.0121510243043,
        "dvar": 8.23049704195e-05,
        "dvar2": 0.000254716753261,
        "max": 0.109996393323,
        "mean": 0.0196856409311,
        "median": 0.0157846957445,
        "min": 4.59668063025e-22,
        "var": 0.000259237509454
    },
    "spectral_flatness_db": {
        "dmean": 0.0224167630076,
        "dmean2": 0.0381795205176,
        "dvar": 0.000349166628439,
        "dvar2": 0.00108270824421,
        "max": 0.399102509022,
        "mean": 0.241371005774,
        "median": 0.24167086184,
        "min": 0.0645345747471,
        "var": 0.00368524133228
    },
    "spectral_flux": {
        "dmean": 0.0158306676894,
        "dmean2": 0.0264336857945,
        "dvar": 0.000343679217622,
        "dvar2": 0.000855606747791,
        "max": 0.293586730957,
        "mean": 0.0658614337444,
        "median": 0.0617801360786,
        "min": 1.04426717273e-10,
        "var": 0.00158390542492
    },
    "spectral_kurtosis": {
        "dmean": 9.21393585205,
        "dmean2": 16.3545036316,
        "dvar": 71.9810714722,
        "dvar2": 200.143035889,
        "max": 84.5524520874,
        "mean": 24.3281536102,
        "median": 20.1652908325,
        "min": -1.20074248314,
        "var": 254.684951782
    },
    "spectral_rms": {
        "dmean": 0.000714604684617,
        "dmean2": 0.00125284201931,
        "dvar": 5.27513520865e-07,
        "dvar2": 1.57233512255e-06,
        "max": 0.0124443536624,
        "mean": 0.00470632174984,
        "median": 0.00466906884685,
        "min": 3.26174265548e-12,
        "var": 4.70203485747e-06
    },
    "spectral_rolloff": {
        "dmean": 154.342163086,
        "dmean2": 284.56137085,
        "dvar": 939597,
        "dvar2": 1879366.375,
        "max": 19035.3515625,
        "mean": 742.753234863,
        "median": 516.796875,
        "min": 193.798828125,
        "var": 2428122.5
    },
    "spectral_skewness": {
        "dmean": 0.642041862011,
        "dmean2": 1.13305032253,
        "dvar": 0.303330808878,
        "dvar2": 0.837397396564,
        "max": 7.6616191864,
        "mean": 3.40935063362,
        "median": 3.25428295135,
        "min": 0.0399364307523,
        "var": 1.57882905006
    },
    "spectral_spread": {
        "dmean": 376119.96875,
        "dmean2": 608447.375,
        "dvar": 1.33205000192e+12,
        "dvar2": 1.30528588595e+12,
        "max": 40129340,
        "mean": 2146284,
        "median": 1974286.375,
        "min": 992443.625,
        "var": 2.99168169984e+12
    },
    "spectral_strongpeak": {
        "dmean": 0.440785348415,
        "dmean2": 0.753754854202,
        "dvar": 0.589409053326,
        "dvar2": 1.35561835766,
        "max": 8.78444385529,
        "mean": 0.869002878666,
        "median": 0.635655522346,
        "min": 0,
        "var": 0.889790952206
    },
    "zerocrossingrate": {
        "dmean": 0.00395795051008,
        "dmean2": 0.00558898644522,
        "dvar": 0.000464270618977,
        "dvar2": 0.000778913323302,
        "max": 0.5078125,
        "mean": 0.0273989588022,
        "median": 0.0205078125,
        "min": 0.00830078125,
        "var": 0.00186010391917
    },
    "barkbands": {
        "dmean": [3.49498577634e-06, 0.000689500651788, 0.00147050886881, 0.00356035935692, 0.00302938511595, 0.00106528983451, 0.00083862291649, 0.000465847464511, 0.00116316555068, 0.000224785137107, 0.00075360405026, 0.000492545310408, 0.000284935405944, 0.000143982455484, 0.00011953428475, 5.91428142798e-05, 7.78950561653e-05, 3.47392342519e-05, 1.94127514987e-05, 2.10768575926e-05, 7.58319811212e-06, 3.36622406394e-06, 1.56203009283e-06, 5.41595113646e-07, 2.39532823798e-07, 1.08673845034e-07, 2.78676406396e-08],
        "dmean2": [6.2948820414e-06, 0.00119004515, 0.00241594691761, 0.00693185767159, 0.00519463000819, 0.00145474402234, 0.00114272197243, 0.000697310548276, 0.00171414215583, 0.000377732183551, 0.00121068302542, 0.000756782712415, 0.000507743272465, 0.000222043076064, 0.000189800484804, 9.69791944954e-05, 0.00013086850231, 5.63759094803e-05, 3.00369738397e-05, 3.35824406648e-05, 1.24963162307e-05, 5.22634809386e-06, 2.49865297519e-06, 8.15728583348e-07, 3.84259237762e-07, 1.67515878502e-07, 4.20270893642e-08],
        "dvar": [2.44595205201e-10, 1.731396992e-06, 9.08071160666e-06, 4.29038518632e-05, 2.10426551348e-05, 3.94855669583e-06, 1.64923483226e-06, 6.7778569246e-07, 6.59110901324e-06, 2.45293790613e-07, 4.69894985144e-06, 4.46060084869e-06, 5.80920186621e-07, 1.14174817156e-07, 1.55706644023e-07, 1.7984607581e-08, 4.03297590879e-08, 9.71680336193e-09, 1.9003112417e-09, 3.37992012156e-09, 2.86097118218e-10, 5.72040713409e-11, 1.52615784593e-11, 1.89058382664e-12, 2.06552223242e-13, 5.81683681257e-14, 5.41779848998e-15],
        "dvar2": [7.03379465783e-10, 4.53508027931e-06, 2.57099036389e-05, 0.000148870807607, 6.09018316027e-05, 7.50632079871e-06, 2.93327661893e-06, 1.43146382925e-06, 1.51789463416e-05, 6.49743014947e-07, 1.21465927805e-05, 1.01401128632e-05, 1.6028365053e-06, 2.25693469247e-07, 3.09591797532e-07, 4.78520938429e-08, 1.07491416657e-07, 2.44301254781e-08, 3.9978256261e-09, 7.05515246224e-09, 6.99098390289e-10, 1.25464680312e-10, 3.81061328325e-11, 4.28889302545e-12, 5.27564482985e-13, 1.25035195414e-13, 1.28031393199e-14],
        "max": [0.000263924244791, 0.0195133090019, 0.0266473442316, 0.0738965794444, 0.068705111742, 0.0441655665636, 0.0221789069474, 0.00932697113603, 0.0347251780331, 0.00687635457143, 0.0279079563916, 0.0371085479856, 0.012918679975, 0.00466709770262, 0.00918908417225, 0.00176927132998, 0.00281912274659, 0.00142122036777, 0.000516257015988, 0.000835038546938, 0.000209867022932, 0.000112136804091, 5.79573061259e-05, 2.29086508625e-05, 5.41018289368e-06, 2.93023754239e-06, 9.31994179609e-07],
        "mean": [3.75872878067e-06, 0.0012539686868, 0.00266721751541, 0.00478702923283, 0.0070951897651, 0.00263062957674, 0.00181374594104, 0.000933229282964, 0.00237861508504, 0.000440271891421, 0.00134730758145, 0.000807803706266, 0.000503817689605, 0.000250436627539, 0.000240516441409, 0.000101906742202, 0.000111857007141, 5.70118099859e-05, 3.72760005121e-05, 3.66163876606e-05, 1.41603713928e-05, 6.05668810749e-06, 2.66617666966e-06, 9.88118927125e-07, 4.68047744562e-07, 2.47521455776e-07, 4.30394564432e-08],
        "median": [7.34864954666e-07, 0.00026799493935, 0.00076547882054, 0.00269292155281, 0.00525465793908, 0.00160994729958, 0.000824948016088, 0.000301240565022, 0.000455904693808, 0.000213821302168, 0.000181073904969, 0.000169211576576, 0.000164323108038, 5.54039579583e-05, 3.33622156177e-05, 2.22986109293e-05, 1.04364471554e-05, 6.15885937805e-06, 4.18455829276e-06, 4.00448698201e-06, 1.52329823777e-06, 7.42019665267e-07, 2.34966051949e-07, 1.50604876126e-07, 1.01470710945e-07, 8.05017279504e-08, 1.21595427061e-08],
        "min": [9.86223096313e-24, 1.49182984622e-23, 8.79938998805e-24, 3.44738274033e-23, 8.94165789687e-24, 5.63695390411e-23, 1.29970173146e-22, 4.50216297691e-23, 1.3597330366e-22, 1.51133279127e-22, 6.03357044806e-23, 1.33313756937e-22, 1.03933642264e-22, 1.20536545301e-22, 2.35869587366e-22, 2.40921099193e-22, 1.79711500913e-22, 2.30312649201e-22, 2.29657074234e-22, 3.62938317481e-22, 4.21745335745e-22, 5.30989318254e-22, 5.94631940271e-22, 6.241103975e-22, 1.36816279161e-21, 1.7394669222e-21, 2.32345380933e-21],
        "var": [1.63128857644e-10, 4.64952063339e-06, 1.81685718417e-05, 4.61023264506e-05, 4.84474403493e-05, 1.3571458112e-05, 7.65898857935e-06, 1.74669344233e-06, 1.57316990226e-05, 4.62954943714e-07, 9.08756373974e-06, 6.62720321998e-06, 8.09567211491e-07, 2.59504076894e-07, 4.11822753676e-07, 3.1764802344e-08, 5.62080160194e-08, 1.22891368193e-08, 4.16219014809e-09, 7.06862701705e-09, 6.45438313907e-10, 1.24779075961e-10, 2.73305978543e-11, 3.68938039841e-12, 4.9826722609e-13, 1.35884508398e-13, 8.12785372318e-15]
    },
    "erbbands": {
        "dmean": [0.00828149355948, 0.197122141719, 1.28973090649, 5.74237632751, 14.541226387, 11.3630905151, 5.77267360687, 11.5929985046, 5.42160511017, 21.8341197968, 14.8375101089, 24.5386123657, 9.57712459564, 22.6463108063, 16.017911911, 16.7084751129, 14.8537321091, 7.60168981552, 3.58162093163, 6.12777662277, 3.22285628319, 5.07325267792, 2.01870322227, 1.21740341187, 1.10808718204, 0.633239626884, 0.392222195864, 0.20154415071, 0.140628650784, 0.0662447884679, 0.0307344458997, 0.0145613085479, 0.00812399201095, 0.00351500557736, 0.00135849870276, 0.000461355259176, 0.000215202540858, 6.89908920322e-05, 4.7548846851e-06, 9.12699215405e-06],
        "dmean2": [0.014291940257, 0.340142130852, 2.13354158401, 10.7386188507, 27.0174484253, 19.2921581268, 9.4654340744, 15.9440917969, 7.8813996315, 29.5878238678, 21.9035644531, 36.5324172974, 15.0414733887, 35.8543052673, 26.2580375671, 26.0649642944, 26.0894927979, 11.9461421967, 5.71249103546, 9.54505825043, 5.09447526932, 8.60287761688, 3.25157308578, 1.87653195858, 1.72217035294, 1.01264941692, 0.652569949627, 0.331209152937, 0.214863300323, 0.103115774691, 0.0474116243422, 0.0230603162199, 0.0122071895748, 0.0055464245379, 0.00217648944817, 0.000726645695977, 0.000331109709805, 9.90716653178e-05, 7.9103083408e-06, 1.60092531587e-05],
        "dvar": [0.000214929459617, 0.150248140097, 6.54522800446, 146.639480591, 331.288635254, 524.53112793, 79.8652038574, 526.389038086, 76.1949157715, 1328.36376953, 836.260131836, 3003.22167969, 1256.5480957, 4481.72167969, 2254.14526367, 5020.38623047, 1945.62817383, 378.997070312, 85.6911697388, 273.533325195, 51.2386703491, 150.187942505, 46.4206619263, 7.84670209885, 6.80850458145, 2.29978680611, 0.838428080082, 0.181820347905, 0.107282064855, 0.0281225312501, 0.0059246532619, 0.00167973572388, 0.000372787384549, 4.79769951198e-05, 7.9615483628e-06, 8.05298100204e-07, 2.84959156716e-07, 3.70088066859e-08, 5.04595254469e-11, 1.59460125659e-10],
        "dvar2": [0.000642068800516, 0.384983152151, 18.0857772827, 479.90335083, 1133.15661621, 1551.50720215, 222.912780762, 980.991271973, 162.080703735, 2399.76391602, 1756.78503418, 6997.93603516, 3032.81640625, 10811.5664062, 5811.57763672, 11689.4335938, 4956.11962891, 827.855102539, 169.856796265, 548.153930664, 133.354522705, 416.521942139, 117.882659912, 17.3943824768, 14.0765066147, 4.89019727707, 1.98588049412, 0.465740501881, 0.223467007279, 0.0715761333704, 0.01442267932, 0.00414034258574, 0.000868810748216, 0.000120658682135, 2.0022609533e-05, 1.99748865271e-06, 6.31578814136e-07, 8.0816974446e-08, 1.22019908066e-10, 4.66882144057e-10],
        "max": [0.160595402122, 6.01870203018, 28.4844112396, 166.378433228, 255.588867188, 335.624694824, 110.515556335, 508.596038818, 173.653015137, 616.231140137, 352.820892334, 619.83581543, 730.873901367, 872.426513672, 741.234436035, 1131.6784668, 764.75, 257.621551514, 173.888534546, 356.416900635, 81.61693573, 117.456016541, 130.539810181, 38.1185112, 39.6222610474, 19.7830600739, 12.0829973221, 4.55022954941, 6.31622838974, 2.4637029171, 1.07666873932, 0.622863411903, 0.307761341333, 0.0948851555586, 0.0332296043634, 0.0101517243311, 0.00718335201964, 0.00279083801433, 9.04273765627e-05, 0.000176116460352],
        "mean": [0.0166085958481, 0.378107637167, 2.46433138847, 9.10198402405, 26.1142940521, 22.3713684082, 11.8618240356, 27.9739818573, 13.9391736984, 45.3193206787, 31.2959194183, 49.720993042, 20.6099853516, 43.5092086792, 30.6856498718, 31.2808609009, 28.2947502136, 13.4980392456, 7.74660491943, 12.3343324661, 5.67752838135, 7.47931575775, 3.46193242073, 2.40801358223, 2.21632862091, 1.25108265877, 0.758451163769, 0.336222976446, 0.261421144009, 0.119931049645, 0.0563927553594, 0.0264751054347, 0.0145056694746, 0.00660179974511, 0.00280887796544, 0.00103145360481, 0.000472590822028, 0.000137417198857, 1.67376001627e-05, 3.10129435093e-05],
        "median": [0.00311708822846, 0.0966846197844, 0.835096716881, 5.76586866379, 16.4518241882, 13.8816585541, 8.31495189667, 15.850271225, 8.66802120209, 17.1903209686, 7.67966794968, 8.08414459229, 8.54288196564, 8.39544200897, 4.98834133148, 8.83712768555, 9.87884902954, 2.51125311852, 2.0212264061, 1.72467648983, 1.23416960239, 0.603390038013, 0.34281489253, 0.255844086409, 0.20769071579, 0.157314330339, 0.0898663699627, 0.0441871844232, 0.0300924126059, 0.0141652626917, 0.00587069941685, 0.00378821487539, 0.00236041704193, 0.00131215306465, 0.000742521486245, 0.000340186437825, 0.000158188675414, 4.19020325353e-05, 1.24608131955e-05, 2.48172455031e-05],
        "min": [2.04060027229e-22, 4.04865812636e-21, 1.11623548488e-20, 6.95643062403e-20, 5.22576327989e-20, 3.28852728792e-20, 2.96419707219e-19, 4.96765539917e-19, 1.71394821451e-18, 1.20881052112e-18, 1.93531911722e-18, 2.76089975567e-18, 3.60131070853e-18, 4.22148027381e-18, 4.33951812004e-18, 4.52317827221e-18, 5.35041265151e-18, 4.76921735515e-18, 1.13280110142e-17, 1.16515924893e-17, 1.29307346624e-17, 1.01001896079e-17, 1.17986751284e-17, 1.11465722556e-17, 1.53993534574e-17, 1.90697970264e-17, 1.30372895874e-17, 1.99806138707e-17, 1.76034820786e-17, 1.94387692104e-17, 1.70340377101e-17, 1.31184426229e-17, 1.13452213341e-17, 1.43244884997e-17, 1.04641093728e-17, 6.13294370896e-18, 3.81480933336e-18, 1.23934899536e-18, 3.28639477753e-19, 3.21982121388e-20],
        "var": [0.000711840984877, 0.40304094553, 13.9839420319, 158.67868042, 981.245422363, 735.824645996, 144.634262085, 1767.94128418, 261.463623047, 5311.38720703, 2251.8659668, 7054.83544922, 1738.03381348, 8676.53222656, 4689.11669922, 7512.18554688, 3119.80371094, 817.746398926, 212.087631226, 831.107849121, 100.2498703, 225.372589111, 52.6980781555, 16.1232147217, 16.8974018097, 5.51517629623, 1.84232318401, 0.329026609659, 0.261418640614, 0.047484703362, 0.0111844362691, 0.00282484875061, 0.000721111369785, 0.000111931614811, 1.78751724889e-05, 1.88180376881e-06, 5.70853899262e-07, 6.41631459075e-08, 2.18111709249e-10, 6.34587882242e-10]
    },
    "gfcc": {
        "mean": [-107.76184082, 175.437057495, -117.463737488, -3.17790174484, -48.445098877, -11.7726039886, -32.3606796265, -14.3741827011, -28.5519714355, -12.047867775, -17.8448505402, -11.1672763824, -12.7738676071],
        "cov": [[21441.1582031, 1536.2635498, -2597.57055664, 644.784851074, -217.830474854, 288.907592773, 273.159545898, 336.77142334, 170.722961426, 44.5606956482, 54.5145263672, -64.7708206177, -160.152709961], [1536.2635498, 874.780700684, 178.519622803, -112.093788147, 203.191986084, -43.0741157532, -43.2477684021, -98.5696105957, -25.952375412, 3.08684158325, 37.9596176147, -16.2591629028, 28.8343410492], [-2597.57055664, 178.519622803, 765.411804199, -62.417388916, 207.570236206, -8.06272029877, -40.8883514404, -105.031005859, -35.0797996521, 13.110959053, 40.0970344543, 9.17056083679, 39.9257888794], [644.784851074, -112.093788147, -62.417388916, 224.448577881, 51.8794136047, 90.8920516968, 88.6569595337, 74.907913208, 58.3735237122, 44.7911682129, 21.3890953064, 10.9025230408, -0.65560644865], [-217.830474854, 203.191986084, 207.570236206, 51.8794136047, 266.320617676, 62.0583572388, 42.9963111877, 1.9863909483, 35.6578216553, 40.3607444763, 48.2943305969, 16.0727405548, 34.2644691467], [288.907592773, -43.0741157532, -8.06272029877, 90.8920516968, 62.0583572388, 115.676116943, 65.8061141968, 40.5705566406, 30.1253738403, 28.499124527, 18.4964332581, 13.9230413437, -2.02518773079], [273.159545898, -43.2477684021, -40.8883514404, 88.6569595337, 42.9963111877, 65.8061141968, 108.093048096, 68.128288269, 42.9747581482, 24.2378330231, 18.770980835, 5.10474538803, -2.04661107063], [336.77142334, -98.5696105957, -105.031005859, 74.907913208, 1.9863909483, 40.5705566406, 68.128288269, 109.70110321, 59.965675354, 23.1622810364, 2.03231549263, 4.92495822906, -11.1653175354], [170.722961426, -25.952375412, -35.0797996521, 58.3735237122, 35.6578216553, 30.1253738403, 42.9747581482, 59.965675354, 83.372467041, 34.627910614, 10.0129089355, 4.55182313919, -4.62181997299], [44.5606956482, 3.08684158325, 13.110959053, 44.7911682129, 40.3607444763, 28.499124527, 24.2378330231, 23.1622810364, 34.627910614, 60.9777183533, 25.5437679291, 5.24634170532, 1.88110637665], [54.5145263672, 37.9596176147, 40.0970344543, 21.3890953064, 48.2943305969, 18.4964332581, 18.770980835, 2.03231549263, 10.0129089355, 25.5437679291, 54.4837303162, 17.4639320374, 9.24091911316], [-64.7708206177, -16.2591629028, 9.17056083679, 10.9025230408, 16.0727405548, 13.9230413437, 5.10474538803, 4.92495822906, 4.55182313919, 5.24634170532, 17.4639320374, 41.9696578979, 17.3986186981], [-160.152709961, 28.8343410492, 39.9257888794, -0.65560644865, 34.2644691467, -2.02518773079, -2.04661107063, -11.1653175354, -4.62181997299, 1.88110637665, 9.24091911316, 17.3986186981, 47.0827598572]],
        "icov": [[0.000251700956142, -0.00084573822096, 0.000858020444866, -0.000907246896531, 0.000400037795771, -0.000587956339587, 0.000401340570534, -0.000260379223619, 0.00014124950394, 0.000415884773247, -0.000548108422663, 0.000161379575729, 0.000318355800118], [-0.00084573822096, 0.00469652703032, -0.00252105970867, 0.00390926934779, -0.00327241886407, 0.0027445582673, -0.00162043899763, 0.00228217313997, -0.00063518283423, -0.0014105157461, 0.00111951481085, 0.000518786371686, -0.00100787321571], [0.000858020444866, -0.00252105970867, 0.00503279967234, -0.00258811423555, -0.000689103500918, -0.00157342210878, 0.00131057400722, 0.000969744462054, 0.000740968040191, 0.0010058095213, -0.0021380239632, 0.000666409032419, 0.00108537485357], [-0.000907246896531, 0.00390926934779, -0.00258811423555, 0.0119215259328, -0.00232468429022, -0.00123116269242, -0.00422469014302, 0.000290192052489, -0.00172475655563, -0.00373242027126, 0.00169324572198, 0.000139373107231, -0.00199943431653], [0.000400037795771, -0.00327241886407, -0.000689103500918, -0.00232468429022, 0.00994629133493, -0.00465025100857, 0.000110946057248, -0.000815951032564, -0.0026193622034, 0.000532213249244, -0.00343906739727, 0.00111271638889, -0.00372489145957], [-0.000587956339587, 0.0027445582673, -0.00157342210878, -0.00123116269242, -0.00465025100857, 0.0191245730966, -0.00823386013508, 0.0021715676412, 0.00176180445123, -0.00393297849223, 0.00340303708799, -0.00567071465775, 0.00375791685656], [0.000401340570534, -0.00162043899763, 0.00131057400722, -0.00422469014302, 0.000110946057248, -0.00823386013508, 0.0236731544137, -0.0111505463719, -0.0001671105274, 0.00371255748905, -0.00663301767781, 0.00486674066633, -0.00152406306006], [-0.000260379223619, 0.00228217313997, 0.000969744462054, 0.000290192052489, -0.000815951032564, 0.0021715676412, -0.0111505463719, 0.0255910642445, -0.0113429343328, -0.00111211603507, 0.00390875991434, -0.00315266149119, 0.00249842950143], [0.00014124950394, -0.00063518283423, 0.000740968040191, -0.00172475655563, -0.0026193622034, 0.00176180445123, -0.0001671105274, -0.0113429343328, 0.0254570543766, -0.00902891531587, 0.0022769162897, -0.00158884644043, 0.00250191055238], [0.000415884773247, -0.0014105157461, 0.0010058095213, -0.00373242027126, 0.000532213249244, -0.00393297849223, 0.00371255748905, -0.00111211603507, -0.00902891531587, 0.0290700998157, -0.0123509801924, 0.00431909924373, -0.000504946743604], [-0.000548108422663, 0.00111951481085, -0.0021380239632, 0.00169324572198, -0.00343906739727, 0.00340303708799, -0.00663301767781, 0.00390875991434, 0.0022769162897, -0.0123509801924, 0.0322072282434, -0.0126325041056, 0.00163814821281], [0.000161379575729, 0.000518786371686, 0.000666409032419, 0.000139373107231, 0.00111271638889, -0.00567071465775, 0.00486674066633, -0.00315266149119, -0.00158884644043, 0.00431909924373, -0.0126325041056, 0.0355711318552, -0.0129155712202], [0.000318355800118, -0.00100787321571, 0.00108537485357, -0.00199943431653, -0.00372489145957, 0.00375791685656, -0.00152406306006, 0.00249842950143, 0.00250191055238, -0.000504946743604, 0.00163814821281, -0.0129155712202, 0.030106741935]]
    },
    "melbands": {
        "dmean": [0.000134391550091, 0.000515885243658, 0.00138340459671, 0.000797578424681, 0.000294610596029, 0.000238000036916, 0.000104522878246, 0.000204939002288, 0.000159750954481, 0.000144600766362, 4.80267553939e-05, 8.60496002133e-05, 7.76826636866e-05, 3.4658714867e-05, 6.80909943185e-05, 1.72772961378e-05, 1.31702081489e-05, 5.11328289576e-06, 1.21558769024e-05, 4.38865208707e-06, 4.04604543291e-06, 5.87004115005e-06, 2.72958300229e-06, 1.80083770829e-06, 9.59218255048e-07, 8.53873416418e-07, 1.17937668165e-06, 2.78780646568e-07, 3.07133035449e-07, 1.60615428513e-07, 1.06499079777e-07, 9.08118167331e-08, 5.6924800873e-08, 4.25908197599e-08, 2.13268247506e-08, 1.50593209014e-08, 8.2204092422e-09, 6.08561778748e-09, 4.44260095378e-09, 2.77500555868e-09],
        "dmean2": [0.000234434730373, 0.000849651813041, 0.00265125813894, 0.00141987530515, 0.000495886080898, 0.00032588103204, 0.000147720507812, 0.000279909028905, 0.000235197803704, 0.000214691797737, 7.56243680371e-05, 0.000136040442158, 0.000128523883177, 5.27675802005e-05, 0.000112499990792, 3.02376793115e-05, 2.06044951483e-05, 7.91333877714e-06, 1.90964456124e-05, 7.06437458575e-06, 6.44770443614e-06, 9.93322737486e-06, 4.53498250863e-06, 2.96231723951e-06, 1.50094467699e-06, 1.32042316636e-06, 1.88767887721e-06, 4.48387879715e-07, 5.06990204485e-07, 2.68459444897e-07, 1.74810054432e-07, 1.38832803032e-07, 9.4076213486e-08, 6.88891574896e-08, 3.39304122576e-08, 2.55777106162e-08, 1.27146444484e-08, 9.2698897447e-09, 6.99838542673e-09, 4.57756454963e-09],
        "dvar": [5.82020014406e-08, 1.04603600448e-06, 5.60499120184e-06, 1.34267179419e-06, 2.33475248024e-07, 2.1534407324e-07, 2.22589680021e-08, 1.16998364774e-07, 1.00353567234e-07, 1.07078449219e-07, 3.22009370279e-08, 6.17907218725e-08, 4.77174886271e-08, 4.19713863664e-08, 9.67003686014e-08, 1.0966040298e-09, 1.1162617497e-09, 1.4308537688e-10, 1.82714976482e-09, 1.07936708182e-10, 9.01306876355e-11, 1.85999729507e-10, 2.33511737724e-10, 2.59094915661e-11, 5.13922801884e-12, 3.39158865922e-12, 1.39673151517e-11, 4.02259687149e-13, 5.08277339488e-13, 2.03421996045e-13, 6.05336635852e-14, 4.85748424719e-14, 1.65017654353e-14, 1.27110295691e-14, 3.25109244606e-15, 2.47174420756e-15, 4.12325394919e-16, 2.20419770739e-16, 8.95539546293e-17, 3.19928744779e-17],
        "dvar2": [1.648216994e-07, 2.8343847589e-06, 1.91753370018e-05, 3.93579375668e-06, 7.0750058967e-07, 4.04692372058e-07, 4.40061853624e-08, 2.1581359988e-07, 2.15163908024e-07, 2.51367339388e-07, 7.77125492846e-08, 1.49198100985e-07, 1.27785256154e-07, 9.24328773522e-08, 2.30655984979e-07, 2.96179836212e-09, 2.43205455774e-09, 2.88699064654e-10, 3.59231622227e-09, 2.52553422619e-10, 2.31749883173e-10, 5.27585974908e-10, 6.01400373945e-10, 6.22609394596e-11, 1.14336812587e-11, 7.16064100376e-12, 2.93295526754e-11, 9.67322793047e-13, 1.24060939473e-12, 5.47836190475e-13, 1.47383515982e-13, 1.00841738931e-13, 4.13270661453e-14, 3.27374574931e-14, 7.86510749107e-15, 7.08582659169e-15, 9.4626105708e-16, 5.16312585828e-16, 2.1390001256e-16, 8.63937408776e-17],
        "max": [0.00302760396153, 0.0126305948943, 0.0273532848805, 0.0155658628792, 0.00672720326111, 0.0103416582569, 0.00257359282114, 0.00568770989776, 0.00378406979144, 0.00392643688247, 0.00367315951735, 0.00322639173828, 0.00247694598511, 0.0052203759551, 0.00543751008809, 0.000369689398212, 0.000441831769422, 0.000239109082031, 0.00100620114245, 0.000211835998925, 0.000108566615381, 0.00013391939865, 0.000328684516717, 9.81643170235e-05, 3.2508141885e-05, 2.20557212742e-05, 5.43746427866e-05, 7.72263592808e-06, 8.67624385137e-06, 7.79274978413e-06, 2.70359419119e-06, 4.30859608969e-06, 1.81138784683e-06, 1.37040490245e-06, 6.77321850162e-07, 8.00820089353e-07, 3.05240206444e-07, 2.58743568793e-07, 1.07246130199e-07, 8.67436895646e-08],
        "mean": [0.000248905620538, 0.00103969348129, 0.00230889115483, 0.00171759806108, 0.000565099355299, 0.000577766506467, 0.000265441572992, 0.000424892728915, 0.000315035431413, 0.000290172698442, 9.38499288168e-05, 0.00016441300977, 0.000141583048389, 5.88661787333e-05, 0.000121140168631, 3.43983738276e-05, 2.22429007408e-05, 9.0692892627e-06, 2.34297422139e-05, 7.66429548094e-06, 6.06430830885e-06, 8.16202373244e-06, 3.88806938645e-06, 2.90084858534e-06, 1.79848018433e-06, 1.59870921834e-06, 1.95497159439e-06, 4.87203521971e-07, 5.23582912137e-07, 2.74305705261e-07, 1.63651591834e-07, 1.59317309567e-07, 9.55766594757e-08, 6.3278861262e-08, 3.54364750876e-08, 2.22069811429e-08, 1.37882718576e-08, 1.02704662552e-08, 7.75430475386e-09, 4.89322804498e-09],
        "median": [5.03786795889e-05, 0.000320765568176, 0.00153174204752, 0.00128875754308, 0.000408160150982, 0.000332164694555, 0.000155692556291, 0.000160702213179, 5.66459602851e-05, 4.94624182465e-05, 3.68305627489e-05, 3.46083179465e-05, 1.82436724572e-05, 1.68434835359e-05, 2.79656887869e-05, 1.07719943117e-05, 4.21458162236e-06, 3.21629613609e-06, 3.05738444695e-06, 1.34627578063e-06, 1.34799540774e-06, 6.35657386283e-07, 3.55845742206e-07, 2.68973849415e-07, 1.98990946387e-07, 1.50224252593e-07, 1.544867132e-07, 8.45849470466e-08, 5.78983012645e-08, 3.21409068249e-08, 2.15092157418e-08, 1.78822112673e-08, 1.04100310594e-08, 5.33512922729e-09, 3.5007201582e-09, 2.84154344499e-09, 1.88036608506e-09, 1.62735991349e-09, 1.2343913669e-09, 9.8824670669e-10],
        "min": [3.62272064493e-24, 5.92670093687e-24, 1.19935627351e-23, 2.12239101967e-24, 7.91479134565e-24, 1.137277259e-23, 2.68835750118e-23, 1.20518358901e-23, 1.75902965659e-23, 1.75036496618e-23, 1.75200469246e-23, 1.74211032567e-23, 1.1619704986e-23, 1.24029421018e-23, 1.27315216015e-23, 1.11059033124e-23, 8.27980044194e-24, 1.81177841874e-23, 1.65551233094e-23, 1.66275722949e-23, 1.46395875935e-23, 9.84747610876e-24, 1.10295510431e-23, 1.01737537123e-23, 8.74850767081e-24, 8.74796730109e-24, 1.32695839035e-23, 1.20082560583e-23, 7.56694944038e-24, 9.74338117915e-24, 1.19911969412e-23, 8.96088795915e-24, 1.16460103418e-23, 9.80123466022e-24, 1.12595181964e-23, 7.05941290004e-24, 8.3612100985e-24, 7.2092104862e-24, 9.64166939833e-24, 1.25373411231e-23],
