{
"metadata": {
    "version": {
        "essentia": "2.0.1",
        "extractor": "archive-music 1.0"
    },
    "audio_properties": {
        "analysis_sample_rate": 44100,
        "bitrate": 128,
        "channels": 2,
        "equal_loudness": 0,
        "length": 15.2816324234,
        "replay_gain": 6.15326499939,
        "downmix": "mix"
    },
    "tags": {
        "track": 0,
        "year": 0,
        "album": "",
        "artist": "",
        "comment": "",
        "genre": "",
        "title": ""
    }
},
"highlevel": {
    "culture": {
        "all": {
            "non_western": 0.460608273745,
            "western": 0.539391696453
        },
        "probability": 0.539391696453,
        "value": "western"
    },
    "danceability": {
        "all": {
            "danceable": 0.999767005444,
            "not_danceable": 0.000233004640904
        },
        "probability": 0.999767005444,
        "value": "danceable"
    },
    "gender": {
        "all": {
            "female": 0.538258016109,
            "male": 0.461741954088
        },
        "probability": 0.538258016109,
        "value": "female"
    },
    "genre_dortmund": {
        "all": {
            "alternative": 0.0130714988336,
            "blues": 0.00238362327218,
            "electronic": 0.239728182554,
            "folkcountry": 0.0119700878859,
            "funksoulrnb": 0.0173910856247,
            "jazz": 0.201900392771,
            "pop": 0.0311199817806,
            "raphiphop": 0.45273154974,
            "rock": 0.029703611508
        },
        "probability": 0.45273154974,
        "value": "raphiphop"
    },
    "genre_electronic": {
        "all": {
            "ambient": 0.572521626949,
            "dnb": 0.0499234013259,
            "house": 0.309207171202,
            "techno": 0.0427814014256,
            "trance": 0.025566438213
        },
        "probability": 0.572521626949,
        "value": "ambient"
    },
    "genre_rosamerica": {
        "all": {
            "cla": 0.00261841039173,
            "dan": 0.0638000443578,
            "hip": 0.0295468810946,
            "jaz": 0.0134187815711,
            "pop": 0.00747349206358,
            "rhy": 0.875858545303,
            "roc": 0.0019509550184,
            "spe": 0.00533290207386
        },
        "probability": 0.875858545303,
        "value": "rhy"
    },
    "genre_tzanetakis": {
        "all": {
            "blu": 0.00209953077137,
            "cla": 0.00077515700832,
            "cou": 0.00134004827123,
            "dis": 0.0102246915922,
            "hip": 0.181951805949,
            "jaz": 0.0129412580281,
            "met": 0.00144306302536,
            "pop": 0.265062153339,
            "reg": 0.468345999718,
            "roc": 0.055816296488
        },
        "probability": 0.468345999718,
        "value": "reg"
    },
    "mirex_ballroom": {
        "all": {
            "ChaChaCha": 0.0219022557139,
            "Jive": 0.0401847958565,
            "Quickstep": 0.0976587235928,
            "Rumba-American": 0.00848645530641,
            "Rumba-International": 0.591770470142,
            "Rumba-Misc": 0.156398043036,
            "Samba": 0.0704299807549,
            "Tango": 0.002442863537,
            "VienneseWaltz": 0.0023763650097,
            "Waltz": 0.008350064978
        },
        "probability": 0.591770470142,
        "value": "Rumba-International"
    },
    "mood_acoustic": {
        "all": {
            "acoustic": 0.159074276686,
            "not_acoustic": 0.840925693512
        },
        "probability": 0.840925693512,
        "value": "not_acoustic"
    },
    "mood_aggressive": {
        "all": {
            "aggressive": 0.29647859931,
            "not_aggressive": 0.703521430492
        },
        "probability": 0.703521430492,
        "value": "not_aggressive"
    },
    "mood_electronic": {
        "all": {
            "electronic": 0.544685423374,
            "not_electronic": 0.455314546824
        },
        "probability": 0.544685423374,
        "value": "electronic"
    },
    "mood_happy": {
        "all": {
            "happy": 0.179081767797,
            "not_happy": 0.820918262005
        },
        "probability": 0.820918262005,
        "value": "not_happy"
    },
    "mood_party": {
        "all": {
            "not_party": 0.679350018501,
            "party": 0.320649951696
        },
        "probability": 0.679350018501,
        "value": "not_party"
    },
    "mood_relaxed": {
        "all": {
            "not_relaxed": 0.345765501261,
            "relaxed": 0.654234528542
        },
        "probability": 0.654234528542,
        "value": "relaxed"
    },
    "mood_sad": {
        "all": {
            "not_sad": 0.456581294537,
            "sad": 0.543418705463
        },
        "probability": 0.543418705463,
        "value": "sad"
    },
    "moods_mirex": {
        "all": {
            "Cluster1": 0.105475254357,
            "Cluster2": 0.0503539443016,
            "Cluster3": 0.223152905703,
            "Cluster4": 0.0414654575288,
            "Cluster5": 0.579552412033
        },
        "probability": 0.579552412033,
        "value": "Cluster5"
    },
    "timbre": {
        "all": {
            "bright": 0.361556589603,
            "dark": 0.638443410397
        },
        "probability": 0.638443410397,
        "value": "dark"
    },
    "tonal_atonal": {
        "all": {
            "atonal": 0.978902041912,
            "tonal": 0.0210979655385
        },
        "probability": 0.978902041912,
        "value": "atonal"
    },
    "voice_instrumental": {
        "all": {
            "instrumental": 0.0253245849162,
            "voice": 0.974675416946
        },
        "probability": 0.974675416946,
        "value": "voice"
    }
},
"lowlevel": {
    "average_loudness": 0.878208041191,
    "barkbands_kurtosis": {
        "dmean": 12.0801067352,
        "dmean2": 18.6714286804,
        "dvar": 431.631256104,
        "dvar2": 1025.13830566,
        "max": 315.624084473,
        "mean": 20.5961284637,
        "median": 11.1638011932,
        "min": -1.92478775978,
        "var": 961.961181641
    },
    "barkbands_skewness": {
        "dmean": 1.12997424603,
        "dmean2": 1.71452760696,
        "dvar": 1.49988150597,
        "dvar2": 3.18528866768,
        "max": 14.0625867844,
        "mean": 2.25504374504,
        "median": 2.2750954628,
        "min": -4.6198759079,
        "var": 8.28153324127
    },
    "barkbands_spread": {
        "dmean": 11.2208366394,
        "dmean2": 17.5310287476,
        "dvar": 238.413665771,
        "dvar2": 520.959594727,
        "max": 114.937423706,
        "mean": 28.9446678162,
        "median": 13.5401268005,
        "min": 0.360812962055,
        "var": 870.963623047
    },
    "dissonance": {
        "dmean": 0.024732157588,
        "dmean2": 0.0401326306164,
        "dvar": 0.00137778895441,
        "dvar2": 0.00342885334976,
        "max": 0.49994751811,
        "mean": 0.449363529682,
        "median": 0.45939296484,
        "min": 0,
        "var": 0.0018299925141
    },
    "dynamic_complexity": 7.6914305687,
    "erbbands_kurtosis": {
        "dmean": 2.67729043961,
        "dmean2": 4.34744644165,
        "dvar": 13.2108411789,
        "dvar2": 33.9056129456,
        "max": 44.2286491394,
        "mean": 4.77412128448,
        "median": 3.35759210587,
        "min": -1.86535382271,
        "var": 35.1815223694
    },
    "erbbands_skewness": {
        "dmean": 0.606985151768,
        "dmean2": 0.896329760551,
        "dvar": 0.521935582161,
        "dvar2": 0.941620528698,
        "max": 5.74250507355,
        "mean": 0.308020681143,
        "median": 0.493511915207,
        "min": -3.62210679054,
        "var": 3.94649171829
    },
    "erbbands_spread": {
        "dmean": 15.4449214935,
        "dmean2": 24.2748756409,
        "dvar": 423.179962158,
        "dvar2": 996.448120117,
        "max": 144.422851562,
        "mean": 48.5788574219,
        "median": 39.7003326416,
        "min": 5.39476919174,
        "var": 1246.55114746
    },
    "hfc": {
        "dmean": 10.2284259796,
        "dmean2": 14.9434719086,
        "dvar": 758.874267578,
        "dvar2": 1406.36962891,
        "max": 487.358154297,
        "mean": 34.8470687866,
        "median": 5.72168159485,
        "min": 1.19335388209e-16,
        "var": 4355.71289062
    },
    "melbands_kurtosis": {
        "dmean": 24.1802158356,
        "dmean2": 37.0468139648,
        "dvar": 1497.75170898,
        "dvar2": 3646.04980469,
        "max": 349.184173584,
        "mean": 39.9515724182,
        "median": 24.0075588226,
        "min": -1.83887135983,
        "var": 2685.17260742
    },
    "melbands_skewness": {
        "dmean": 1.31182157993,
        "dmean2": 1.93373012543,
        "dvar": 2.3018643856,
        "dvar2": 5.65528249741,
        "max": 15.1021604538,
        "mean": 3.76400971413,
        "median": 3.44611549377,
        "min": -2.33507442474,
        "var": 8.25853633881
    },
    "melbands_spread": {
        "dmean": 13.4003744125,
        "dmean2": 19.7764110565,
        "dvar": 581.135437012,
        "dvar2": 1054.21044922,
        "max": 215.402572632,
        "mean": 38.9103126526,
        "median": 10.5173549652,
        "min": 0.448568582535,
        "var": 2808.62963867
    },
    "pitch_salience": {
        "dmean": 0.088001690805,
        "dmean2": 0.142181709409,
        "dvar": 0.00606113905087,
        "dvar2": 0.0156098566949,
        "max": 0.996097266674,
        "mean": 0.516944944859,
        "median": 0.534576356411,
        "min": 0.0956110432744,
        "var": 0.0207368787378
    },
    "silence_rate_20dB": {
        "dmean": 0.0121396053582,
        "dmean2": 0.0243161097169,
        "dvar": 0.011992209591,
        "dvar2": 0.0267643500119,
        "max": 1,
        "mean": 0.975757598877,
        "median": 1,
        "min": 0,
        "var": 0.0236545279622
    },
    "silence_rate_30dB": {
        "dmean": 0.0303490143269,
        "dmean2": 0.0607902742922,
        "dvar": 0.0294281095266,
        "dvar2": 0.0601345300674,
        "max": 1,
        "mean": 0.915151536465,
        "median": 1,
        "min": 0,
        "var": 0.0776485726237
    },
    "silence_rate_60dB": {
        "dmean": 0.0667678266764,
        "dmean2": 0.133738607168,
        "dvar": 0.0623099766672,
        "dvar2": 0.131049871445,
        "max": 1,
        "mean": 0.309090912342,
        "median": 0,
        "min": 0,
        "var": 0.21355368197
    },
    "spectral_centroid": {
        "dmean": 356.121002197,
        "dmean2": 511.662567139,
        "dvar": 406794.65625,
        "dvar2": 606386.1875,
        "max": 11729.9677734,
        "mean": 1805.74108887,
        "median": 1071.37524414,
        "min": 137.001464844,
        "var": 2905692.5
    },
    "spectral_complexity": {
        "dmean": 1.76631259918,
        "dmean2": 2.57750749588,
        "dvar": 8.3429517746,
        "dvar2": 13.0008745193,
        "max": 44,
        "mean": 6.36969709396,
        "median": 5,
        "min": 0,
        "var": 30.6451225281
    },
    "spectral_crest": {
        "dmean": 3.05516314507,
        "dmean2": 4.85469341278,
        "dvar": 8.30323791504,
        "dvar2": 20.997674942,
        "max": 25.7738819122,
        "mean": 12.5029449463,
        "median": 11.9985275269,
        "min": 3.31735634804,
        "var": 24.7670001984
    },
    "spectral_decrease": {
        "dmean": 3.69712149784e-09,
        "dmean2": 4.85459850097e-09,
        "dvar": 7.86968385127e-17,
        "dvar2": 1.37038826793e-16,
        "max": 1.80769094213e-26,
        "mean": -9.0570591027e-09,
        "median": -2.15444861951e-09,
        "min": -1.74201872483e-07,
        "var": 4.29676864843e-16
    },
    "spectral_energy": {
        "dmean": 0.0146490493789,
        "dmean2": 0.0191616956145,
        "dvar": 0.00114568555728,
        "dvar2": 0.00199063704349,
        "max": 0.662308931351,
        "mean": 0.0373441316187,
        "median": 0.00881467852741,
        "min": 1.08581591785e-20,
        "var": 0.00627572881058
    },
    "spectral_energyband_high": {
        "dmean": 0.00125624390785,
        "dmean2": 0.00187999370974,
        "dvar": 1.48391600305e-05,
        "dvar2": 2.83511544694e-05,
        "max": 0.067296653986,
        "mean": 0.00421509891748,
        "median": 0.000185366603546,
        "min": 8.19201550816e-21,
        "var": 8.27155599836e-05
    },
    "spectral_energyband_low": {
        "dmean": 0.0110970903188,
        "dmean2": 0.0148579692468,
        "dvar": 0.00101808586624,
        "dvar2": 0.00179070886225,
        "max": 0.651842713356,
        "mean": 0.0257482565939,
        "median": 0.00110358640086,
        "min": 3.79694404683e-23,
        "var": 0.00546412263066
    },
    "spectral_energyband_middle_high": {
        "dmean": 0.000270959513728,
        "dmean2": 0.000377439719159,
        "dvar": 5.08201082994e-07,
        "dvar2": 1.01389673546e-06,
        "max": 0.012479907833,
        "mean": 0.000625948188826,
        "median": 0.000148077189806,
        "min": 1.45919001945e-21,
        "var": 1.41250495744e-06
    },
    "spectral_energyband_middle_low": {
        "dmean": 0.00481847254559,
        "dmean2": 0.00662339990959,
        "dvar": 0.000144977937452,
        "dvar2": 0.000310464034555,
        "max": 0.184567332268,
        "mean": 0.00872685294598,
        "median": 0.00164498586673,
        "min": 3.73502818454e-22,
        "var": 0.000305273046251
    },
    "spectral_flatness_db": {
        "dmean": 0.0305954962969,
        "dmean2": 0.0436669997871,
        "dvar": 0.000905380991753,
        "dvar2": 0.0019457541639,
        "max": 0.480456650257,
        "mean": 0.200841292739,
        "median": 0.19405579567,
        "min": 0.0362138412893,
        "var": 0.00877678208053
    },
    "spectral_flux": {
        "dmean": 0.0242929384112,
        "dmean2": 0.0399130992591,
        "dvar": 0.00125689443666,
        "dvar2": 0.00303011829965,
        "max": 0.402952253819,
        "mean": 0.0670266076922,
        "median": 0.046159632504,
        "min": 1.04202493856e-10,
        "var": 0.00354052451439
    },
    "spectral_kurtosis": {
        "dmean": 2.0094935894,
        "dmean2": 3.03086948395,
        "dvar": 13.049571991,
        "dvar2": 26.4590873718,
        "max": 59.2309074402,
        "mean": 5.09628677368,
        "median": 1.66498112679,
        "min": -1.20289230347,
        "var": 71.9428710938
    },
    "spectral_rms": {
        "dmean": 0.000954715535045,
        "dmean2": 0.00121710973326,
        "dvar": 1.8777676587e-06,
        "dvar2": 2.91136848318e-06,
        "max": 0.0254195798188,
        "mean": 0.00435527181253,
        "median": 0.00293250987306,
        "min": 3.25473892629e-12,
        "var": 1.74649121618e-05
    },
    "spectral_rolloff": {
        "dmean": 928.31451416,
        "dmean2": 1577.32495117,
        "dvar": 3751807,
        "dvar2": 7874062,
        "max": 18755.4199219,
        "mean": 2895.33618164,
        "median": 387.59765625,
        "min": 21.533203125,
        "var": 13746753
    },
    "spectral_skewness": {
        "dmean": 0.315254181623,
        "dmean2": 0.464324951172,
        "dvar": 0.175068810582,
        "dvar2": 0.329874962568,
        "max": 6.65609264374,
        "mean": 1.5774513483,
        "median": 1.11527884007,
        "min": -0.0642727687955,
        "var": 1.64837574959
    },
    "spectral_spread": {
        "dmean": 957665.3125,
        "dmean2": 1389918.375,
        "dvar": 2.70701559808e+12,
        "dvar2": 4.33368308122e+12,
        "max": 40318872,
        "mean": 6636790,
        "median": 6504727,
        "min": 1688387.125,
        "var": 6.91422887936e+12
    },
    "spectral_strongpeak": {
        "dmean": 0.787809848785,
        "dmean2": 1.28994500637,
        "dvar": 5.6700720787,
        "dvar2": 13.1230230331,
        "max": 31.6796665192,
        "mean": 2.36927723885,
        "median": 0.388626486063,
        "min": 0,
        "var": 40.0439338684
    },
    "zerocrossingrate": {
        "dmean": 0.0199958216399,
        "dmean2": 0.0229596085846,
        "dvar": 0.000890478491783,
        "dvar2": 0.00135744479485,
        "max": 0.5224609375,
        "mean": 0.0997529029846,
        "median": 0.064208984375,
        "min": 0.0029296875,
        "var": 0.00978902168572
    },
    "barkbands": {
        "dmean": [0.00036642109626, 0.00948511343449, 0.00209714961238, 0.00233261380345, 0.00129254732747, 0.00159469409846, 0.00038461846998, 0.00023753826099, 9.46311047301e-05, 0.000120036951557, 3.33688076353e-05, 4.88344194309e-05, 1.6245747247e-05, 1.38637742566e-05, 1.95089687622e-05, 1.44712239489e-05, 1.87505083886e-05, 1.86486740859e-05, 5.14518724231e-05, 3.28084861394e-05, 0.000356499105692, 0.000507884891704, 0.000256119208643, 0.000228804914514, 0.000133384150104, 7.69801699789e-05, 6.31452667221e-06],
        "dmean2": [0.000668417662382, 0.012749966234, 0.00325861247256, 0.00331204524264, 0.0020165652968, 0.00234407442622, 0.000592747121118, 0.000344748114003, 0.000146176666021, 0.000186804274563, 5.25903742528e-05, 7.9715049651e-05, 2.65476028289e-05, 2.21660811803e-05, 3.01239397231e-05, 2.19106750592e-05, 2.71715052804e-05, 2.78310581052e-05, 7.90681515355e-05, 5.03588817082e-05, 0.00054158444982, 0.000715025467798, 0.000385711347917, 0.000346602726495, 0.000210118290852, 0.000123844554764, 1.01542318589e-05],
        "dvar": [2.00338320155e-07, 0.000843752524815, 2.79352389043e-05, 6.76257550367e-05, 8.90261890163e-06, 2.4555296477e-05, 1.54612530423e-06, 5.26468625139e-07, 7.61530714044e-08, 2.0756955621e-07, 1.08596189818e-08, 4.02806499267e-08, 2.69579003565e-09, 2.67584510105e-09, 5.89962656505e-09, 2.45805065191e-09, 3.20289150757e-09, 2.49939002828e-09, 2.25259046971e-08, 8.77203287786e-09, 1.27550663365e-06, 2.42622718361e-06, 8.40463314944e-07, 4.14283050532e-07, 1.22243477563e-07, 5.12393398822e-08, 4.00333349804e-10],
        "dvar2": [5.61496563023e-07, 0.0014181114966, 7.10287931724e-05, 0.000151809232193, 2.097446486e-05, 5.62404311495e-05, 3.70497309632e-06, 1.22236622246e-06, 1.58190360366e-07, 4.79800235098e-07, 2.5177127938e-08, 1.07034558994e-07, 6.83237555421e-09, 7.2471841861e-09, 1.45783918271e-08, 4.7994057617e-09, 6.46353770506e-09, 5.11418907223e-09, 4.79386379482e-08, 1.76635044369e-08, 3.12793849844e-06, 4.06554772781e-06, 1.90279570234e-06, 7.98496955667e-07, 2.43841185465e-07, 1.30413241095e-07, 9.86677628489e-10],
        "max": [0.00313580851071, 0.632233858109, 0.0672771409154, 0.12516631186, 0.0282647199929, 0.0726277455688, 0.018136901781, 0.0108514148742, 0.00403588823974, 0.0103802382946, 0.0021145355422, 0.00342893903144, 0.000586239562836, 0.000593631179072, 0.00112339062616, 0.000835490645841, 0.000819093489554, 0.000719814153854, 0.00313551258296, 0.00115498923697, 0.0139059117064, 0.0379564538598, 0.0144949760288, 0.0141505813226, 0.00477012619376, 0.00223948271014, 0.000273056444712],
        "mean": [0.000305718305754, 0.0203401688486, 0.00313908653334, 0.00330436835065, 0.00202938588336, 0.00240710307844, 0.000494753126986, 0.00032788264798, 0.000139722673339, 0.000192510517081, 4.61549061583e-05, 5.9504458477e-05, 1.99479745788e-05, 1.77640740731e-05, 2.91558262688e-05, 2.20176698349e-05, 3.96554605686e-05, 3.12037300318e-05, 0.000153410132043, 5.0703103625e-05, 0.000574933714233, 0.00190185848624, 0.000558717118111, 0.00071340269642, 0.000301278225379, 0.000137047769385, 6.76272475175e-06],
        "median": [0.00017449472216, 0.00048567506019, 0.000194361753529, 0.000171087900526, 0.00043048709631, 0.000426795333624, 5.6710014178e-05, 2.77825965895e-05, 1.83093070518e-05, 1.7174425011e-05, 4.70577651868e-06, 7.90992180555e-06, 3.26240137838e-06, 2.54504493569e-06, 4.49882372777e-06, 2.89526519737e-06, 4.27160557592e-06, 5.28192231286e-06, 1.13015430543e-05, 7.32957414584e-06, 3.9965067117e-05, 3.10245195578e-05, 2.22914022743e-05, 1.8316308342e-05, 9.46405089053e-06, 6.45447380521e-06, 7.12184828444e-07],
        "min": [1.00411757764e-24, 2.03493612478e-23, 1.55011862074e-23, 7.3957697794e-24, 1.12154475353e-22, 9.78865564199e-23, 6.9627930586e-23, 5.51969257045e-23, 2.03520181313e-23, 8.65318755659e-23, 6.5005003733e-23, 4.62730755537e-23, 1.33087915526e-22, 1.95046855936e-22, 9.74386475088e-23, 1.17300347567e-22, 1.68876439582e-22, 1.87677620282e-22, 1.78601680904e-22, 4.40009295858e-22, 4.39357204501e-22, 6.41320590905e-22, 6.57698100604e-22, 9.59053013331e-22, 9.41488955857e-22, 1.80542569032e-21, 2.73677168723e-21],
        "var": [1.59407818501e-07, 0.00439051212743, 5.45115181012e-05, 0.000107844549348, 1.57392441906e-05, 3.98933589167e-05, 2.14005626731e-06, 7.56429187732e-07, 1.33031051064e-07, 3.58288161806e-07, 2.17420410564e-08, 4.320541791e-08, 3.52687479221e-09, 3.45255180001e-09, 6.9246044454e-09, 4.36036495799e-09, 7.82103626307e-09, 4.82345763331e-09, 1.22617748843e-07, 1.24869679041e-08, 1.93958612726e-06, 2.52104255196e-05, 1.81976395197e-06, 3.1900860904e-06, 4.13660757204e-07, 1.15616430207e-07, 4.89321250186e-10]
    },
    "erbbands": {
        "dmean": [0.158536925912, 2.47544717789, 3.04874134064, 5.68019342422, 3.89342904091, 4.14940309525, 14.3054294586, 11.3915891647, 7.04026889801, 4.22039651871, 5.43894767761, 1.78660666943, 2.58754682541, 4.32124996185, 1.4832508564, 1.87065398693, 0.800195813179, 0.811925649643, 0.634428203106, 0.858034551144, 0.895697593689, 0.875372767448, 0.989721179008, 1.268019557, 3.17475914955, 1.57779729366, 5.81055355072, 18.777338028, 11.2567605972, 17.2544803619, 6.03496646881, 6.24562168121, 3.8482401371, 1.32374060154, 1.03509414196, 0.430261254311, 0.140459567308, 0.0177222453058, 0.000711787841283, 3.12671763822e-05],
        "dmean2": [0.222835883498, 3.29659438133, 4.25904226303, 8.19815063477, 6.0984916687, 6.41391611099, 21.8390827179, 16.7634067535, 10.6126928329, 6.31435871124, 8.30544090271, 2.72758507729, 3.98438763618, 6.58463382721, 2.27862000465, 3.14544796944, 1.27686488628, 1.26223063469, 1.01963627338, 1.20120167732, 1.39505505562, 1.24307966232, 1.47217738628, 1.88333380222, 4.88827991486, 2.40871429443, 8.67483139038, 29.012594223, 17.171125412, 23.7289028168, 9.15753078461, 9.7040643692, 5.78583908081, 2.02414608002, 1.63058912754, 0.695732474327, 0.221801757812, 0.0274344161153, 0.00108517240733, 4.45969635621e-05],
        "dvar": [0.257283419371, 56.4968185425, 54.7266807556, 316.386779785, 185.297134399, 105.75340271, 2668.53955078, 1041.28918457, 341.594299316, 242.078048706, 390.846862793, 28.9531078339, 66.0626449585, 294.934112549, 14.6832675934, 79.3256988525, 6.98509311676, 8.97525215149, 5.00600147247, 10.5377635956, 8.96771526337, 7.92075014114, 6.80183553696, 11.946434021, 91.6958312988, 15.7851018906, 209.621017456, 3737.05566406, 1210.94714355, 2689.60327148, 380.837036133, 356.912506104, 149.046173096, 11.4571790695, 7.82258844376, 1.70651865005, 0.135243296623, 0.00224960781634, 5.99353143116e-06, 4.44852110704e-09],
        "dvar2": [0.499359548092, 92.8198165894, 113.36920929, 716.719116211, 463.131988525, 250.667938232, 6641.75244141, 2185.70385742, 827.321350098, 462.587799072, 984.062011719, 59.0344429016, 159.203125, 673.031005859, 33.3676261902, 221.313568115, 17.2473220825, 23.3553085327, 12.6097164154, 23.1176319122, 18.2660293579, 15.5059499741, 12.9335517883, 24.0703964233, 178.068099976, 32.1795921326, 493.224273682, 9083.88476562, 2553.08764648, 4477.23144531, 799.694519043, 775.926391602, 316.015014648, 24.3485450745, 15.0744142532, 4.26349782944, 0.321047961712, 0.00535614648834, 1.41571508721e-05, 9.16833453601e-09],
        "max": [10.1127576828, 165.095123291, 105.391944885, 235.372085571, 192.10836792, 118.615730286, 734.548950195, 398.143157959, 278.235046387, 271.783081055, 304.774963379, 79.4427261353, 140.708206177, 391.030090332, 42.1090698242, 145.407440186, 31.7350921631, 34.4693450928, 34.0557174683, 48.3217086792, 47.7278289795, 44.6276702881, 36.4195518494, 52.7112464905, 224.553344727, 54.2334060669, 188.951721191, 899.295227051, 571.939453125, 1298.62280273, 361.249969482, 316.644958496, 271.637207031, 48.6839752197, 40.6027603149, 13.1353693008, 4.29455041885, 0.683723926544, 0.0397479347885, 0.000950633955654],
        "mean": [0.317929685116, 5.34802246094, 5.87904691696, 8.58288002014, 5.65195703506, 6.56014966965, 20.453289032, 16.7852115631, 9.95242214203, 6.28221750259, 7.12540388107, 2.86516046524, 3.86353540421, 7.12852811813, 2.35345602036, 2.2524831295, 1.04505670071, 1.05526006222, 1.04167282581, 1.32714700699, 1.43233168125, 1.78465855122, 2.0733795166, 2.61659622192, 9.90762424469, 2.9728448391, 10.2044506073, 44.1883010864, 33.6610298157, 57.7093276978, 19.1552314758, 17.5369586945, 11.1992883682, 3.0127055645, 2.28161334991, 0.710986793041, 0.270771741867, 0.0268019158393, 0.000953475071583, 7.97832908574e-05],
        "median": [0.0103398310021, 0.125249162316, 0.252590328455, 0.47897285223, 0.752337217331, 1.21635043621, 1.32151150703, 3.23620986938, 2.35545349121, 0.474011361599, 0.617223739624, 0.449884712696, 1.07989442348, 0.40838932991, 0.32373458147, 0.332990407944, 0.168665796518, 0.156065121293, 0.233966290951, 0.238204717636, 0.273764818907, 0.295578211546, 0.308301895857, 0.428969204426, 0.600091814995, 0.58639216423, 1.21255779266, 2.07038211823, 1.14038801193, 0.884835839272, 0.596974253654, 0.443624198437, 0.252663433552, 0.110081419349, 0.0623391829431, 0.0300972238183, 0.0133057720959, 0.00277827493846, 0.000102379774034, 1.87440709851e-05],
        "min": [4.2743735214e-22, 5.37528619225e-21, 1.62312481722e-20, 2.10045278243e-20, 1.50169289384e-19, 5.39965305901e-19, 2.80620221477e-19, 8.88905450247e-19, 1.52739985782e-18, 4.00875945726e-19, 1.43719581203e-18, 5.15481897143e-19, 1.72384832567e-18, 3.04094444039e-18, 2.85361925771e-18, 1.86011785299e-18, 5.85761498771e-18, 7.19072159677e-18, 7.57817961314e-18, 6.82964030219e-18, 7.25809628485e-18, 9.2249398756e-18, 9.86385335355e-18, 8.38439781461e-18, 1.22052021395e-17, 2.05170950918e-17, 2.29911757604e-17, 1.81777075512e-17, 2.03140487212e-17, 1.87040806252e-17, 1.70711781196e-17, 1.83441147837e-17, 1.70715702032e-17, 1.08435528362e-17, 6.79658451055e-18, 7.02092126935e-18, 3.42788898439e-18, 1.32318023492e-18, 3.89698435054e-19, 4.03555248353e-20],
        "var": [1.17440962791, 299.34588623, 211.75390625, 576.930664062, 263.913696289, 186.12121582, 3463.96899414, 1930.26330566, 544.935058594, 477.445220947, 457.973236084, 58.0118141174, 89.7910003662, 512.602905273, 30.7416305542, 71.4902267456, 9.57016563416, 12.144288063, 6.60780954361, 15.2355070114, 14.9220972061, 16.0289363861, 16.5327281952, 22.7483272552, 583.735168457, 27.9816226959, 460.303497314, 8028.95849609, 5379.24609375, 22194.6816406, 2131.95874023, 1743.46557617, 962.63293457, 44.2055587769, 24.6025905609, 2.7610077858, 0.433105647564, 0.00351644749753, 8.09580888017e-06, 1.60376423253e-08]
    },
    "gfcc": {
        "mean": [-101.225959778, 48.2655639648, -47.4099388123, 47.8499717712, -72.039932251, 18.1002140045, -32.7103233337, 6.6993932724, -23.6973114014, 6.5133972168, -18.0968856812, 11.0343961716, -8.78534698486],
        "cov": [[23074.9921875, -701.911010742, -1289.6607666, 935.554931641, -2109.49951172, 69.1275100708, -193.881851196, 170.726043701, -274.461120605, -58.0588264465, -352.419616699, 503.372283936, 125.705841064], [-701.911010742, 5124.65917969, 1772.22167969, -1210.29907227, 571.141235352, -414.562774658, -79.6496429443, -350.675292969, 111.638397217, 167.202453613, 296.631195068, -365.223632812, -55.3769721985], [-1289.6607666, 1772.22167969, 1851.53393555, -142.546142578, 390.183807373, 109.183662415, 195.806930542, 26.729013443, 80.9543075562, -18.5032844543, -4.74281740189, -229.216171265, -184.300796509], [935.554931641, -1210.29907227, -142.546142578, 863.382385254, -137.910522461, 203.568206787, 129.899841309, 99.9378585815, 23.5041942596, -24.9247913361, -119.900558472, 23.5495166779, -69.0115890503], [-2109.49951172, 571.141235352, 390.183807373, -137.910522461, 493.893920898, 104.452018738, 91.2548828125, -11.5327720642, 52.0951538086, -41.3955078125, 34.0228729248, -119.103012085, -48.4555549622], [69.1275100708, -414.562774658, 109.183662415, 203.568206787, 104.452018738, 258.266571045, 133.686828613, 86.5047073364, 13.1307115555, -95.801940918, -64.0635223389, -7.18406581879, -28.4925422668], [-193.881851196, -79.6496429443, 195.806930542, 129.899841309, 91.2548828125, 133.686828613, 199.649307251, 63.0751037598, 42.952293396, -63.5511856079, -27.0548152924, -26.2533874512, -23.7897014618], [170.726043701, -350.675292969, 26.729013443, 99.9378585815, -11.5327720642, 86.5047073364, 63.0751037598, 107.632041931, 16.6825313568, -36.4453163147, -41.4904289246, 18.2721595764, -16.6995220184], [-274.461120605, 111.638397217, 80.9543075562, 23.5041942596, 52.0951538086, 13.1307115555, 42.952293396, 16.6825313568, 74.5806655884, 22.4777603149, 26.1234588623, -19.8498077393, -5.32858800888], [-58.0588264465, 167.202453613, -18.5032844543, -24.9247913361, -41.3955078125, -95.801940918, -63.5511856079, -36.4453163147, 22.4777603149, 125.419219971, 52.9739074707, 6.32144594193, 4.73299074173], [-352.419616699, 296.631195068, -4.74281740189, -119.900558472, 34.0228729248, -64.0635223389, -27.0548152924, -41.4904289246, 26.1234588623, 52.9739074707, 90.9702301025, 7.5514216423, 34.4927139282], [503.372283936, -365.223632812, -229.216171265, 23.5495166779, -119.103012085, -7.18406581879, -26.2533874512, 18.2721595764, -19.8498077393, 6.32144594193, 7.5514216423, 100.464447021, 57.8736000061], [125.705841064, -55.3769721985, -184.300796509, -69.0115890503, -48.4555549622, -28.4925422668, -23.7897014618, -16.6995220184, -5.32858800888, 4.73299074173, 34.4927139282, 57.8736000061, 89.2797164917]],
        "icov": [[0.000140746225952, -0.000319807673804, 0.000221321301069, -0.000201014699996, 0.000654620234855, -0.000549129967112, 8.31682846183e-05, -0.000356422533514, 0.000173427019035, 2.6754787541e-05, 0.000434645393398, -0.000677013245877, 0.000320360210026], [-0.000319807673804, 0.00165598478634, -0.00123837904539, 0.00115421134979, -0.00135776831303, 0.00177407613955, -0.000288271985482, 0.00235745403916, -0.000958161544986, -2.08570672839e-05, -0.00185349420644, 0.00336247333325, -0.00151301466394], [0.000221321301069, -0.00123837904539, 0.00187176314648, -0.000507690594532, 0.000837192754261, -0.00152343744412, -0.000601472740527, -0.00195467635058, 0.000807709991932, -0.000468148704385, 0.00111949408893, -0.00141071167309, 0.00238899863325], [-0.000201014699996, 0.00115421134979, -0.000507690594532, 0.00312728667632, -1.8268705162e-06, -0.000683428486809, -0.00130260712467, 0.002554589184, -0.00192647241056, -0.00168825138826, 0.000933443021495, 0.00162820646074, 0.00083832355449], [0.000654620234855, -0.00135776831303, 0.000837192754261, -1.8268705162e-06, 0.00742283184081, -0.00523046869785, 0.000169085120433, -0.000837096769828, -5.87812392041e-05, 0.000833720143419, -0.000998156145215, 0.00137205212377, 0.00165934988763], [-0.000549129967112, 0.00177407613955, -0.00152343744412, -0.000683428486809, -0.00523046869785, 0.0131243513897, -0.00275627244264, -0.00106143916491, -0.000570481992327, 0.00391275715083, -0.000394489587052, 0.000980299781077, -0.00210735807195], [8.31682846183e-05, -0.000288271985482, -0.000601472740527, -0.00130260712467, 0.000169085120433, -0.00275627244264, 0.0110295480117, -0.00252921506763, -0.00445987656713, 0.00415371311828, -0.00106927903835, 0.000467786099762, -0.00124291202519], [-0.000356422533514, 0.00235745403916, -0.00195467635058, 0.002554589184, -0.000837096769828, -0.00106143916491, -0.00252921506763, 0.0228210110217, -0.0093601802364, 0.00101740902755, 0.00461158109829, -0.00482232077047, 0.00343699241057], [0.000173427019035, -0.000958161544986, 0.000807709991932, -0.00192647241056, -5.87812392041e-05, -0.000570481992327, -0.00445987656713, -0.0093601802364, 0.026069374755, -0.00569062866271, -0.00834974832833, 0.00602239184082, -0.00263381213881], [2.6754787541e-05, -2.08570672839e-05, -0.000468148704385, -0.00168825138826, 0.000833720143419, 0.00391275715083, 0.00415371311828, 0.00101740902755, -0.00569062866271, 0.01764299348, -0.00797866564244, -0.00283968565054, 0.00432464201003], [0.000434645393398, -0.00185349420644, 0.00111949408893, 0.000933443021495, -0.000998156145215, -0.000394489587052, -0.00106927903835, 0.00461158109829, -0.00834974832833, -0.00797866564244, 0.0315693989396, -0.00964225642383, -0.00484074978158], [-0.000677013245877, 0.00336247333325, -0.00141071167309, 0.00162820646074, 0.00137205212377, 0.000980299781077, 0.000467786099762, -0.00482232077047, 0.00602239184082, -0.00283968565054, -0.00964225642383, 0.0372810438275, -0.0182659514248], [0.000320360210026, -0.00151301466394, 0.00238899863325, 0.00083832355449, 0.00165934988763, -0.00210735807195, -0.00124291202519, 0.00343699241057, -0.00263381213881, 0.00432464201003, -0.00484074978158, -0.0182659514248, 0.029254835099]]
    },
    "melbands": {
        "dmean": [0.00217827083543, 0.002260256093, 0.000913052237593, 0.000229371493333, 0.000427892868174, 0.00025304913288, 0.000105892817373, 4.27376762673e-05, 4.18136514782e-05, 1.13707155833e-05, 1.31227716338e-05, 1.85510216397e-05, 4.67068821308e-06, 6.27828376309e-06, 2.66839242613e-06, 1.66144729974e-06, 1.42676344694e-06, 8.02796023436e-07, 1.68535257217e-06, 7.73981980728e-07, 1.19134847409e-06, 7.85675808856e-07, 1.33103401367e-06, 8.45773911351e-07, 9.73870101006e-07, 2.58070167547e-06, 1.72700640633e-06, 9.45268652686e-07, 1.27936516492e-06, 1.08151662062e-05, 1.13202877401e-05, 5.10379459229e-06, 1.31626575239e-05, 7.34877585273e-06, 3.34925402967e-06, 5.06002425027e-06, 3.0463170333e-06, 3.24562097376e-06, 1.1689700159e-06, 1.24998791762e-06],
        "dmean2": [0.0029371092096, 0.00300192716531, 0.00132902315818, 0.000359503843356, 0.000642770319246, 0.000372393900761, 0.000160038689501, 6.28676061751e-05, 6.44538886263e-05, 1.72599757207e-05, 2.04302050406e-05, 2.85664355033e-05, 7.02178658685e-06, 9.89956060948e-06, 4.36772415924e-06, 2.6096900001e-06, 2.2521514893e-06, 1.3200211697e-06, 2.58821228272e-06, 1.13121802769e-06, 1.88473256912e-06, 1.1439113905e-06, 1.9622812033e-06, 1.31177409912e-06, 1.44626494603e-06, 4.05031460105e-06, 2.62215144176e-06, 1.45126671214e-06, 1.9810613594e-06, 1.6187897927e-05, 1.78725549631e-05, 7.33122533347e-06, 1.98281759367e-05, 1.00951492641e-05, 5.24303277416e-06, 7.80471873441e-06, 4.8577517191e-06, 4.8913284445e-06, 1.82906194368e-06, 1.99437477022e-06],
        "dvar": [4.58784925286e-05, 3.85757848562e-05, 8.63691911945e-06, 3.38621589435e-07, 2.01550165002e-06, 5.13304371452e-07, 8.38308764628e-08, 2.22063185618e-08, 2.54737351213e-08, 1.06416797596e-09, 1.7010880482e-09, 5.63361046702e-09, 1.65623043058e-10, 5.33374067135e-10, 1.48987266968e-10, 2.49329844965e-11, 2.83356896974e-11, 6.44852834325e-12, 5.33923634471e-11, 5.40130917423e-12, 1.67141717133e-11, 6.72839345003e-12, 1.63564075478e-11, 5.89262059286e-12, 7.64694557676e-12, 5.55691014037e-11, 3.05779845888e-11, 5.50252421752e-12, 1.03912685748e-11, 1.03564901099e-09, 1.64278113335e-09, 1.77358044917e-10, 1.7833474697e-09, 4.50239900918e-10, 1.00717566232e-10, 4.19878104507e-10, 7.12153946925e-11, 1.11824494109e-10, 9.09782492398e-12, 9.61389821919e-12],
        "dvar2": [7.97767788754e-05, 6.78243450238e-05, 1.99311034521e-05, 8.78146238392e-07, 4.91406353831e-06, 1.06606432837e-06, 2.01852046189e-07, 4.11249878596e-08, 6.53001066553e-08, 2.15071827014e-09, 4.15876222348e-09, 1.288172502e-08, 3.81292941665e-10, 1.38471945021e-09, 4.15496331785e-10, 6.09338204893e-11, 7.46879849634e-11, 1.6932146657e-11, 1.32016619858e-10, 1.01020502727e-11, 3.46506330573e-11, 1.37381174145e-11, 3.48362970415e-11, 1.1700480862e-11, 1.49508374431e-11, 1.23133142571e-10, 5.90224327746e-11, 1.14629347681e-11, 2.12339763828e-11, 2.64642774361e-09, 3.71311692504e-09, 3.10274028692e-10, 3.43019701532e-09, 7.68912988836e-10, 2.17011478232e-10, 1.05566910769e-09, 1.4605987253e-10, 2.46658804492e-10, 1.84435747924e-11, 2.2098557359e-11],
        "max": [0.14638762176, 0.124710805714, 0.041219715029, 0.00870019663125, 0.0198263563216, 0.00834650918841, 0.00438939826563, 0.00258056470193, 0.0024249269627, 0.000480669696117, 0.000700163713191, 0.00171443086583, 0.000200631810003, 0.000385396298952, 0.000187237106729, 5.81126005272e-05, 6.22727529844e-05, 3.52758761437e-05, 0.000103426609712, 3.102449773e-05, 6.54845716781e-05, 3.94940834667e-05, 5.41425288247e-05, 2.74764333881e-05, 4.28239363828e-05, 0.000140845120768, 9.00299128261e-05, 3.05667235807e-05, 3.51849921572e-05, 0.000494170526508, 0.000660265446641, 0.000279243802652, 0.000772633298766, 0.000518829328939, 0.000177842463017, 0.000350432586856, 0.000147140206536, 0.000222914619371, 5.72870376345e-05, 3.6364668631e-05],
        "mean": [0.00461542699486, 0.00488426163793, 0.00137770234141, 0.000348731264239, 0.000632333685644, 0.000384346814826, 0.00014895600907, 6.51541777188e-05, 5.3425454098e-05, 1.73989483301e-05, 1.90076953004e-05, 3.00782903651e-05, 7.05476350049e-06, 7.97622033133e-06, 2.97844758279e-06, 2.15737554754e-06, 1.80360018476e-06, 1.28744670747e-06, 2.34591607295e-06, 1.25707924781e-06, 1.80976928732e-06, 1.3223256019e-06, 3.20537628795e-06, 1.28001681787e-06, 1.58202340117e-06, 7.76529759605e-06, 3.96624182031e-06, 1.49084348777e-06, 1.96246924133e-06, 1.74710312422e-05, 3.18616184813e-05, 1.60227882589e-05, 3.96464020014e-05, 2.23767201533e-05, 1.07670466605e-05, 9.89812451735e-06, 8.90562478162e-06, 9.34996205615e-06, 2.60513343164e-06, 2.57874648923e-06],
        "median": [0.000142844000948, 0.000152942840941, 9.25209897105e-05, 7.09912637831e-05, 4.93771149195e-05, 7.02028046362e-05, 3.42581552104e-05, 4.48664650321e-06, 4.49631761512e-06, 2.57636384049e-06, 5.11871303388e-06, 1.43797979035e-06, 7.83362850143e-07, 1.02118315226e-06, 5.20896662692e-07, 2.93128977091e-07, 2.40907439775e-07, 2.37389627955e-07, 3.26125928041e-07, 1.97139584657e-07, 2.77720857866e-07, 2.25685781174e-07, 2.00230502401e-07, 1.59252806498e-07, 1.50289437784e-07, 4.65044905695e-07, 3.34438311711e-07, 1.97078037445e-07, 1.88244129617e-07, 8.53661958899e-07, 1.02131821222e-06, 5.67399069951e-07, 5.96148424847e-07, 4.77077264804e-07, 3.58602790129e-07, 3.2263153571e-07, 2.51220171776e-07, 1.86024777804e-07, 1.24578193095e-07, 8.10997278222e-08],
        "min": [5.17654785855e-24, 8.20481447974e-24, 5.76384296957e-24, 2.67786691332e-23, 1.27805272187e-23, 2.20514738012e-23, 2.100568721e-23, 4.78317526841e-24, 1.12177693108e-23, 2.83478073481e-24, 9.00903529564e-24, 1.26651823437e-23, 9.41192470374e-24, 5.97209869868e-24, 7.27211504364e-24, 1.43771146377e-23, 1.39575226776e-23, 1.47010161922e-23, 8.05570793574e-24, 9.22960553791e-24, 8.87451321206e-24, 1.07793827396e-23, 8.39202142774e-24, 8.14686870194e-24, 6.65571569838e-24, 5.76063348898e-24, 1.29769109856e-23, 1.37096562703e-23, 1.54815909025e-23, 9.25775209501e-24, 1.28100361386e-23, 1.25073241768e-23, 1.00007431052e-23, 1.11926977335e-23, 9.28310529564e-24, 1.09776984269e-23, 1.15195070293e-23, 1.24473691703e-23, 1.03110186653e-23, 8.87115582005e-24],
        "var": [0.000236345193116, 0.000193576925085, 1.49412799146e-05, 5.35258095624e-07, 2.8397830647e-06, 9.83274958344e-07, 1.30155726197e-07, 4.65816327733e-08, 2.85303247693e-08, 2.08368700072e-09, 2.25723995051e-09, 9.69043689736e-09, 3.53096718531e-10, 6.38119723728e-10, 1.2775087932e-10, 3.91530141641e-11, 3.7015945864e-11, 8.62221925801e-12, 5.93635002266e-11, 1.07707792338e-11, 2.61227133674e-11, 1.02415081624e-11, 5.9164721733e-11, 9.71761386637e-12, 1.34249625305e-11, 3.09144237987e-10, 8.79078823623e-11, 9.07919572857e-12, 2.11163916214e-11, 1.9612542701e-09, 5.144991988e-09, 1.40491707157e-09, 9.77384040368e-09, 3.14822523606e-09, 7.28685334295e-10, 6.4030653002e-10, 4.86223450391e-10, 6.7973177087e-10, 4.76976236286e-11, 3.14523511402e-11]
    },
