{
"metadata": {
    "version": {
        "essentia": "2.0.1",
        "extractor": "archive-music 1.0"
    },
    "audio_properties": {
        "analysis_sample_rate": 44100,
        "bitrate": 128,
        "channels": 2,
        "equal_loudness": 0,
        "length": 14.9681634903,
        "replay_gain": 0.629499435425,
        "downmix": "mix"
    },
    "tags": {
        "track": 0,
        "year": 0,
        "album": "",
        "artist": "",
        "comment": "",
        "genre": "",
        "title": ""
    }
},
"highlevel": {
    "culture": {
        "all": {
            "non_western": 0.0160356126726,
            "western": 0.983964383602
        },
        "probability": 0.983964383602,
        "value": "western"
    },
    "danceability": {
        "all": {
            "danceable": 0.0516133904457,
            "not_danceable": 0.948386609554
        },
        "probability": 0.948386609554,
        "value": "not_danceable"
    },
    "gender": {
        "all": {
            "female": 0.949183046818,
            "male": 0.0508169382811
        },
        "probability": 0.949183046818,
        "value": "female"
    },
    "genre_dortmund": {
        "all": {
            "alternative": 0.0171166136861,
            "blues": 0.0420079529285,
            "electronic": 0.0563669577241,
            "folkcountry": 0.0771657153964,
            "funksoulrnb": 0.0113250138238,
            "jazz": 0.666040718555,
            "pop": 0.0423641167581,
            "raphiphop": 0.0725867450237,
            "rock": 0.0150261875242
        },
        "probability": 0.666040718555,
        "value": "jazz"
    },
    "genre_electronic": {
        "all": {
            "ambient": 0.983140468597,
            "dnb": 0.000507780234329,
            "house": 0.00904319435358,
            "techno": 0.0043833758682,
            "trance": 0.0029251605738
        },
        "probability": 0.983140468597,
        "value": "ambient"
    },
    "genre_rosamerica": {
        "all": {
            "cla": 0.932009100914,
            "dan": 0.00269359722733,
            "hip": 0.00538264354691,
            "jaz": 0.0191597789526,
            "pop": 0.00377968023531,
            "rhy": 0.0326545014977,
            "roc": 0.00152710196562,
            "spe": 0.00279356655665
        },
        "probability": 0.932009100914,
        "value": "cla"
    },
    "genre_tzanetakis": {
        "all": {
            "blu": 0.00701737590134,
            "cla": 0.685277879238,
            "cou": 0.00393696501851,
            "dis": 0.00364115764387,
            "hip": 0.00450814003125,
            "jaz": 0.241863071918,
            "met": 0.000947141495999,
            "pop": 0.0257139652967,
            "reg": 0.0229534469545,
            "roc": 0.00414087204263
        },
        "probability": 0.685277879238,
        "value": "cla"
    },
    "mirex_ballroom": {
        "all": {
            "ChaChaCha": 0.000155371439178,
            "Jive": 5.38819986104e-05,
            "Quickstep": 0.00183766905684,
            "Rumba-American": 0.00226829084568,
            "Rumba-International": 0.0059293275699,
            "Rumba-Misc": 0.0031384488102,
            "Samba": 0.000292292097583,
            "Tango": 0.04052278772,
            "VienneseWaltz": 0.0346211716533,
            "Waltz": 0.911180734634
        },
        "probability": 0.911180734634,
        "value": "Waltz"
    },
    "mood_acoustic": {
        "all": {
            "acoustic": 0.977794528008,
            "not_acoustic": 0.0222054664046
        },
        "probability": 0.977794528008,
        "value": "acoustic"
    },
    "mood_aggressive": {
        "all": {
            "aggressive": 1.57817030413e-05,
            "not_aggressive": 0.999984204769
        },
        "probability": 0.999984204769,
        "value": "not_aggressive"
    },
    "mood_electronic": {
        "all": {
            "electronic": 0.283260077238,
            "not_electronic": 0.71673989296
        },
        "probability": 0.71673989296,
        "value": "not_electronic"
    },
    "mood_happy": {
        "all": {
            "happy": 0.0801183357835,
            "not_happy": 0.919881641865
        },
        "probability": 0.919881641865,
        "value": "not_happy"
    },
    "mood_party": {
        "all": {
            "not_party": 0.868566393852,
            "party": 0.131433606148
        },
        "probability": 0.868566393852,
        "value": "not_party"
    },
    "mood_relaxed": {
        "all": {
            "not_relaxed": 0.0204341895878,
            "relaxed": 0.979565799236
        },
        "probability": 0.979565799236,
        "value": "relaxed"
    },
    "mood_sad": {
        "all": {
            "not_sad": 0.0946374535561,
            "sad": 0.905362546444
        },
        "probability": 0.905362546444,
        "value": "sad"
    },
    "moods_mirex": {
        "all": {
            "Cluster1": 0.0997184664011,
            "Cluster2": 0.533959984779,
            "Cluster3": 0.253941059113,
            "Cluster4": 0.104314036667,
            "Cluster5": 0.00806645862758
        },
        "probability": 0.533959984779,
        "value": "Cluster2"
    },
    "timbre": {
        "all": {
            "bright": 0.712250709534,
            "dark": 0.287749320269
        },
        "probability": 0.712250709534,
        "value": "bright"
    },
    "tonal_atonal": {
        "all": {
            "atonal": 0.0109673608094,
            "tonal": 0.989032626152
        },
        "probability": 0.989032626152,
        "value": "tonal"
    },
    "voice_instrumental": {
        "all": {
            "instrumental": 0.950691878796,
            "voice": 0.0493081174791
        },
        "probability": 0.950691878796,
        "value": "instrumental"
    }
},
"lowlevel": {
    "average_loudness": 0.887421965599,
    "barkbands_kurtosis": {
        "dmean": 3.27013373375,
        "dmean2": 5.03649520874,
        "dvar": 22.1348876953,
        "dvar2": 51.970413208,
        "max": 43.9155883789,
        "mean": 5.75223255157,
        "median": 3.02364778519,
        "min": -1.59744334221,
        "var": 62.8159942627
    },
    "barkbands_skewness": {
        "dmean": 0.56964802742,
        "dmean2": 0.876415073872,
        "dvar": 0.33828112483,
        "dvar2": 0.775390028954,
        "max": 5.7049665451,
        "mean": 1.37090361118,
        "median": 1.17270302773,
        "min": -2.27410626411,
        "var": 1.55072641373
    },
    "barkbands_spread": {
        "dmean": 2.31251549721,
        "dmean2": 3.30893540382,
        "dvar": 29.358127594,
        "dvar2": 59.9573631287,
        "max": 120.313217163,
        "mean": 7.66070413589,
        "median": 6.11439800262,
        "min": 0.471511602402,
        "var": 63.0984420776
    },
    "dissonance": {
        "dmean": 0.0372416786849,
        "dmean2": 0.0603403188288,
        "dvar": 0.000872039818205,
        "dvar2": 0.00242884363979,
        "max": 0.498653918505,
        "mean": 0.387615919113,
        "median": 0.390936255455,
        "min": 0.242578223348,
        "var": 0.00257800542749
    },
    "dynamic_complexity": 8.29633522034,
    "erbbands_kurtosis": {
        "dmean": 1.66132128239,
        "dmean2": 2.36021208763,
        "dvar": 4.87459754944,
        "dvar2": 9.54498291016,
        "max": 31.9636116028,
        "mean": 2.23558139801,
        "median": 0.830478191376,
        "min": -1.64976644516,
        "var": 17.4915275574
    },
    "erbbands_skewness": {
        "dmean": 0.41705006361,
        "dmean2": 0.575791597366,
        "dvar": 0.143031448126,
        "dvar2": 0.316960632801,
        "max": 5.09616756439,
        "mean": 0.897216022015,
        "median": 0.884280562401,
        "min": -1.54586052895,
        "var": 1.17948412895
    },
    "erbbands_spread": {
        "dmean": 3.5203640461,
        "dmean2": 5.14970254898,
        "dvar": 25.8011932373,
        "dvar2": 57.7425384521,
        "max": 95.0531768799,
        "mean": 15.7274284363,
        "median": 14.583404541,
        "min": 1.81538975239,
        "var": 65.384979248
    },
    "hfc": {
        "dmean": 2.07106804848,
        "dmean2": 2.29593610764,
        "dvar": 13.2020435333,
        "dvar2": 18.3234767914,
        "max": 58.2686843872,
        "mean": 7.98691940308,
        "median": 1.93640518188,
        "min": 1.16619112366e-16,
        "var": 135.16293335
    },
    "melbands_kurtosis": {
        "dmean": 4.34700345993,
        "dmean2": 6.65526342392,
        "dvar": 44.4777297974,
        "dvar2": 104.667663574,
        "max": 83.6014099121,
        "mean": 9.4935092926,
        "median": 5.39434623718,
        "min": -1.3996515274,
        "var": 155.821960449
    },
    "melbands_skewness": {
        "dmean": 0.534573614597,
        "dmean2": 0.793522775173,
        "dvar": 0.325034856796,
        "dvar2": 0.744778454304,
        "max": 6.98775482178,
        "mean": 1.92023992538,
        "median": 1.70061349869,
        "min": -2.00105786324,
        "var": 1.74175190926
    },
    "melbands_spread": {
        "dmean": 2.65203762054,
        "dmean2": 3.83991503716,
        "dvar": 41.5860328674,
        "dvar2": 67.1174240112,
        "max": 153.133651733,
        "mean": 10.3507938385,
        "median": 7.11235237122,
        "min": 0.377141803503,
        "var": 212.617645264
    },
    "pitch_salience": {
        "dmean": 0.0689358711243,
        "dmean2": 0.107210494578,
        "dvar": 0.00438192812726,
        "dvar2": 0.0105996001512,
        "max": 0.899540185928,
        "mean": 0.485757917166,
        "median": 0.481803953648,
        "min": 0.107838049531,
        "var": 0.0208205170929
    },
    "silence_rate_20dB": {
        "dmean": 0,
        "dmean2": 0,
        "dvar": 0,
        "dvar2": 0,
        "max": 1,
        "mean": 1,
        "median": 1,
        "min": 1,
        "var": 0
    },
    "silence_rate_30dB": {
        "dmean": 0.00620155036449,
        "dmean2": 0.0124223604798,
        "dvar": 0.00616309931502,
        "dvar2": 0.0153736397624,
        "max": 1,
        "mean": 0.990712046623,
        "median": 1,
        "min": 0,
        "var": 0.00920168776065
    },
    "silence_rate_60dB": {
        "dmean": 0.0589147284627,
        "dmean2": 0.118012420833,
        "dvar": 0.055444099009,
        "dvar2": 0.107191190124,
        "max": 1,
        "mean": 0.422600626945,
        "median": 0,
        "min": 0,
        "var": 0.2440084517
    },
    "spectral_centroid": {
        "dmean": 87.4057388306,
        "dmean2": 126.169258118,
        "dvar": 123189.195312,
        "dvar2": 257423.96875,
        "max": 11376.7861328,
        "mean": 600.242675781,
        "median": 494.610778809,
        "min": 116.751708984,
        "var": 472100.71875
    },
    "spectral_complexity": {
        "dmean": 1.15658915043,
        "dmean2": 1.64906835556,
        "dvar": 1.75997745991,
        "dvar2": 2.73088884354,
        "max": 22,
        "mean": 6.30495357513,
        "median": 6,
        "min": 0,
        "var": 18.2212467194
    },
    "spectral_crest": {
        "dmean": 2.31920433044,
        "dmean2": 3.78308224678,
        "dvar": 5.757999897,
        "dvar2": 14.9458827972,
        "max": 25.8596439362,
        "mean": 12.3108062744,
        "median": 11.3012514114,
        "min": 4.49385261536,
        "var": 22.4105682373
    },
    "spectral_decrease": {
        "dmean": 1.23535826013e-09,
        "dmean2": 1.50407242216e-09,
        "dvar": 4.9947125804e-18,
        "dvar2": 7.0284709468e-18,
        "max": -7.27691113238e-30,
        "mean": -4.14124068371e-09,
        "median": -1.22946897108e-09,
        "min": -3.77790705386e-08,
        "var": 3.29820898463e-17
    },
    "spectral_energy": {
        "dmean": 0.00483630551025,
        "dmean2": 0.00586985936388,
        "dvar": 7.59516915423e-05,
        "dvar2": 0.000106862091343,
        "max": 0.143946364522,
        "mean": 0.0163544043899,
        "median": 0.00483962055296,
        "min": 1.06051574255e-20,
        "var": 0.000508548633661
    },
    "spectral_energyband_high": {
        "dmean": 1.52491236349e-06,
        "dmean2": 1.80705865205e-06,
        "dvar": 1.1465598436e-11,
        "dvar2": 1.78014825103e-11,
        "max": 5.93769545958e-05,
        "mean": 4.11985820392e-06,
        "median": 5.74509499529e-07,
        "min": 7.63144635459e-21,
        "var": 6.02502908675e-11
    },
    "spectral_energyband_low": {
        "dmean": 0.00110839388799,
        "dmean2": 0.00165538059082,
        "dvar": 2.05015348911e-05,
        "dvar2": 2.62463472609e-05,
        "max": 0.140341684222,
        "mean": 0.0029251226224,
        "median": 0.000215442385525,
        "min": 3.62341484252e-23,
        "var": 0.000148906794493
    },
    "spectral_energyband_middle_high": {
        "dmean": 0.000698848860338,
        "dmean2": 0.000731115404051,
        "dvar": 2.71882890956e-06,
        "dvar2": 3.48107664649e-06,
        "max": 0.037284117192,
        "mean": 0.00302968057804,
        "median": 0.000260955072008,
        "min": 1.41841583136e-21,
        "var": 3.92899055441e-05
    },
    "spectral_energyband_middle_low": {
        "dmean": 0.00372682441957,
        "dmean2": 0.00448041176423,
        "dvar": 5.26385410922e-05,
        "dvar2": 8.1627520558e-05,
        "max": 0.111105926335,
        "mean": 0.0104538844898,
        "median": 0.002853049431,
        "min": 3.83627400099e-22,
        "var": 0.000255429302342
    },
    "spectral_flatness_db": {
        "dmean": 0.0249609518796,
        "dmean2": 0.0352160520852,
        "dvar": 0.000547786359675,
        "dvar2": 0.0012310508173,
        "max": 0.517982721329,
        "mean": 0.2714394629,
        "median": 0.270911872387,
        "min": 0.0495930574834,
        "var": 0.00411448441446
    },
    "spectral_flux": {
        "dmean": 0.013430104591,
        "dmean2": 0.0208394583315,
        "dvar": 0.00034069470712,
        "dvar2": 0.000773184059653,
        "max": 0.189361706376,
        "mean": 0.0345022305846,
        "median": 0.0237051285803,
        "min": 6.45359737872e-11,
        "var": 0.000919688434806
    },
    "spectral_kurtosis": {
        "dmean": 9.87870121002,
        "dmean2": 16.8489189148,
        "dvar": 85.9019088745,
        "dvar2": 248.99269104,
        "max": 107.080451965,
        "mean": 26.1841773987,
        "median": 22.3141975403,
        "min": -1.21951174736,
        "var": 261.136993408
    },
    "spectral_rms": {
        "dmean": 0.000533035490662,
        "dmean2": 0.000621472427156,
        "dvar": 4.94489427183e-07,
        "dvar2": 6.76216927786e-07,
        "max": 0.0118505479768,
        "mean": 0.0030992301181,
        "median": 0.0021729147993,
        "min": 3.2165969107e-12,
        "var": 6.35027845419e-06
    },
    "spectral_rolloff": {
        "dmean": 175.136505127,
        "dmean2": 308.18536377,
        "dvar": 1002783.375,
        "dvar2": 1983225.625,
        "max": 19767.4804688,
        "mean": 859.06072998,
        "median": 495.263671875,
        "min": 43.06640625,
        "var": 4238757.5
    },
    "spectral_skewness": {
        "dmean": 0.702664375305,
        "dmean2": 1.18734800816,
        "dvar": 0.370480805635,
        "dvar2": 1.04141020775,
        "max": 8.77925777435,
        "mean": 3.5373032093,
        "median": 3.43128800392,
        "min": -0.0483537130058,
        "var": 1.37101876736
    },
    "spectral_spread": {
        "dmean": 345797.1875,
        "dmean2": 557011.6875,
        "dvar": 1.80656380314e+12,
        "dvar2": 3.55303555072e+12,
        "max": 40900956,
        "mean": 2238566.75,
        "median": 1884651.375,
        "min": 858462.375,
        "var": 6.23764884685e+12
    },
    "spectral_strongpeak": {
        "dmean": 0.338057279587,
        "dmean2": 0.49113586545,
        "dvar": 0.356684714556,
        "dvar2": 0.650651454926,
        "max": 8.28406047821,
        "mean": 1.06240558624,
        "median": 0.520424246788,
        "min": 0,
        "var": 1.73209154606
    },
    "zerocrossingrate": {
        "dmean": 0.00452398275957,
        "dmean2": 0.005255847238,
        "dvar": 0.000289456307655,
        "dvar2": 0.000270754710073,
        "max": 0.517578125,
        "mean": 0.0291215162724,
        "median": 0.0224609375,
        "min": 0.0029296875,
        "var": 0.0027891357895
    },
    "barkbands": {
        "dmean": [0.000114875823783, 0.000679429387674, 0.000484094780404, 0.000115476919746, 0.000684160389937, 0.0015799930552, 0.00159794604406, 0.000282477063593, 7.23348057363e-05, 0.000177278430783, 0.000183218333405, 0.000324398890371, 7.20271273167e-05, 0.000123811507365, 4.32781198469e-05, 1.46501015479e-05, 1.37258020914e-05, 9.28550434764e-06, 6.10915640209e-06, 1.95463144337e-06, 5.18822503182e-07, 2.21792348043e-07, 6.50515161738e-08, 4.67166287876e-08, 2.72741278451e-08, 1.80371699798e-08, 2.81118128775e-09],
        "dmean2": [0.000211440506973, 0.00114849780221, 0.000599781342316, 0.000152628534124, 0.000821197056212, 0.00196533161215, 0.00212227576412, 0.00033639249159, 0.000103662161564, 0.000207720819162, 0.0002183655306, 0.000335827440722, 0.000104168524558, 0.000130960746901, 5.96587669861e-05, 1.95221018657e-05, 1.76271751116e-05, 1.25850274344e-05, 8.00559882919e-06, 2.47911771112e-06, 7.2199185297e-07, 2.8490319437e-07, 8.88839295499e-08, 6.32240571008e-08, 3.71799160348e-08, 2.27754224369e-08, 4.59432536459e-09],
        "dvar": [2.18846309963e-08, 6.77203752275e-06, 5.46267756363e-06, 8.46941006216e-08, 3.57011754204e-06, 1.34809315568e-05, 1.69711584022e-05, 7.44378098716e-07, 2.99479125943e-08, 2.14530814446e-07, 6.38965730104e-07, 1.42807164139e-06, 9.11711310891e-08, 9.70656088839e-08, 1.11659366198e-08, 1.14983211841e-09, 1.34486322079e-09, 5.57508428312e-10, 2.00655769778e-10, 2.22342387557e-11, 2.28894334042e-12, 2.7119211282e-13, 2.62279245902e-14, 1.61579750908e-14, 5.4772762965e-15, 1.03496118265e-15, 1.67088051825e-17],
        "dvar2": [6.480754422e-08, 1.3491712707e-05, 5.56008217245e-06, 1.4352009714e-07, 5.65933441976e-06, 1.93358737306e-05, 3.86230676668e-05, 1.09706138574e-06, 6.05623569072e-08, 2.53127268479e-07, 7.1270932267e-07, 1.70140106093e-06, 1.63189611158e-07, 1.07049132225e-07, 2.34901573748e-08, 1.9365766768e-09, 1.92957871903e-09, 1.04429820347e-09, 3.45963341308e-10, 3.71840128133e-11, 4.27216595433e-12, 4.63861100138e-13, 5.05847669524e-14, 2.94500277572e-14, 1.24053336844e-14, 2.10568324929e-15, 4.37890556568e-17],
        "max": [0.00153875735123, 0.0719644427299, 0.0738060623407, 0.0043300925754, 0.0334100611508, 0.0577513203025, 0.0588084571064, 0.0157258156687, 0.00236755772494, 0.00844187568873, 0.0195266902447, 0.0309127885848, 0.00531219085678, 0.00817920733243, 0.00212227669545, 0.000684122554958, 0.000643872888759, 0.000406172388466, 0.000330917886458, 9.01856619748e-05, 2.66597326117e-05, 9.38386892813e-06, 3.17224203172e-06, 2.75655565929e-06, 1.59188959969e-06, 4.81291181131e-07, 4.81464219604e-08],
        "mean": [0.000105757309939, 0.00142278219573, 0.00137805065606, 0.000199762493139, 0.00159161584452, 0.00407693069428, 0.0038898116909, 0.000509998819325, 0.000111277142423, 0.000391247012885, 0.000675308227073, 0.00126782828011, 0.00013122492237, 0.000392292800825, 0.000105585444544, 2.69420888799e-05, 3.71470559912e-05, 1.93432788365e-05, 1.52847169375e-05, 4.19227262682e-06, 1.10763528482e-06, 6.01629665198e-07, 1.38914842296e-07, 1.0399310213e-07, 6.39235864242e-08, 3.93451493608e-08, 4.47353887267e-09],
        "median": [5.83656801609e-05, 6.10590577708e-05, 5.00417809235e-05, 2.84212819679e-05, 0.000295762787573, 0.000411440385506, 0.000297504826449, 5.50825279788e-05, 1.50749538079e-05, 4.05902683269e-05, 9.70629571384e-06, 2.42161531787e-05, 7.72614475864e-06, 1.24421549117e-05, 9.76916817308e-06, 3.90182458432e-06, 2.55274107985e-06, 2.16826038013e-06, 1.34573770083e-06, 3.91101252717e-07, 1.61621500183e-07, 8.35551219325e-08, 4.19068086899e-08, 3.42657671126e-08, 2.80194889513e-08, 1.5119672625e-08, 2.48184628404e-09],
        "min": [7.1653087991e-24, 8.70505326784e-24, 1.72339049862e-23, 2.10254260876e-23, 2.30120429042e-23, 7.14517959315e-23, 5.0314779158e-23, 4.26215583302e-23, 4.12965465331e-23, 7.79983380138e-23, 4.60675520443e-23, 8.415092296e-23, 5.37099796961e-23, 4.70014339829e-23, 1.02455979571e-22, 1.55263691718e-22, 1.65818499169e-22, 2.41627868077e-22, 2.24022007286e-22, 3.36730035803e-22, 3.24193761219e-22, 6.28490506656e-22, 7.1276856875e-22, 8.70972919353e-22, 1.09380459233e-21, 1.4784144966e-21, 2.13374874079e-21],
        "var": [1.98998488798e-08, 3.641942385e-05, 3.8813406718e-05, 2.19622307895e-07, 1.67623711604e-05, 6.18210760877e-05, 7.49507162254e-05, 3.03868250739e-06, 7.13015779752e-08, 1.22544781789e-06, 8.73343378771e-06, 1.64748817042e-05, 1.93073418586e-07, 1.21607467918e-06, 5.06638855313e-08, 4.50690640363e-09, 8.06277533627e-09, 1.72088066019e-09, 1.25670385209e-09, 9.14486819603e-11, 5.74362042302e-12, 1.48967925669e-12, 7.23677980605e-14, 4.70602662471e-14, 1.07013888446e-14, 3.34387410576e-15, 3.15911790288e-17]
    },
    "erbbands": {
        "dmean": [0.00621780566871, 0.19412368536, 0.662112474442, 0.304071784019, 1.43209898472, 1.49163115025, 8.24746131897, 11.6945180893, 26.440580368, 12.9731149673, 7.8229265213, 1.96969175339, 4.02672100067, 9.45342636108, 2.87295269966, 16.5835456848, 4.08284759521, 6.57596588135, 2.83996915817, 2.01945924759, 1.00484633446, 0.560575008392, 0.553875923157, 0.38891762495, 0.206717863679, 0.0986359268427, 0.0317078605294, 0.0181246008724, 0.00938393361866, 0.00421629939228, 0.00167392333969, 0.001207581372, 0.000727940700017, 0.000331376009854, 0.000212477272726, 8.72345335665e-05, 3.52802017005e-05, 7.9298251876e-06, 2.37115682467e-06, 5.40184146303e-06],
        "dmean2": [0.0111239282414, 0.32155123353, 0.845121383667, 0.365542858839, 1.74542081356, 1.78824007511, 11.1563892365, 14.0386152267, 31.8345336914, 17.9399147034, 9.63163089752, 2.64192938805, 5.08667230606, 10.2720327377, 3.57701349258, 17.0318088531, 5.45760202408, 7.25327444077, 3.42897963524, 2.64133095741, 1.24310612679, 0.695369780064, 0.72329634428, 0.525424659252, 0.271438598633, 0.111923202872, 0.0414960198104, 0.0254150405526, 0.0119315050542, 0.00562335271388, 0.0022408857476, 0.00163128855638, 0.000988491927274, 0.000446594232926, 0.000307971815346, 0.00011743617506, 4.7415815061e-05, 1.09745260488e-05, 2.77163485407e-06, 6.52265134704e-06],
        "dvar": [0.000345163163729, 0.586618244648, 9.6474905014, 0.677093505859, 22.2703361511, 19.2418365479, 714.316955566, 775.761779785, 3383.38574219, 1899.69763184, 521.473083496, 20.790063858, 109.135055542, 1074.04187012, 60.7516593933, 3818.69921875, 172.451782227, 263.481170654, 41.8045349121, 26.3378543854, 5.56050300598, 1.62113368511, 1.71619415283, 0.97501116991, 0.183739542961, 0.0562775619328, 0.00698321871459, 0.00455429218709, 0.000634926371276, 0.000177711845026, 1.79868438863e-05, 1.24224125102e-05, 3.88370926885e-06, 6.18278818365e-07, 3.59417725804e-07, 2.17796785051e-08, 5.47570566667e-09, 1.79466191907e-10, 1.68605945178e-11, 9.37626573605e-11],
        "dvar2": [0.000895691511687, 1.07488584518, 9.40199947357, 0.935461878777, 28.5058498383, 29.0289268494, 1488.39941406, 958.109741211, 5575.27539062, 4168.21289062, 831.973693848, 39.4260559082, 173.358276367, 1127.41931152, 85.1550979614, 4515.15917969, 307.147705078, 308.204833984, 73.0657958984, 45.5245552063, 8.61652469635, 2.41783499718, 3.29090595245, 1.83064961433, 0.32845595479, 0.0690183192492, 0.0146246207878, 0.00744380103424, 0.00105791329406, 0.000335636170348, 2.72320721706e-05, 2.77119434031e-05, 7.98494056653e-06, 1.27435816921e-06, 9.01569421785e-07, 4.7883361276e-08, 1.22056036389e-08, 3.7913130968e-10, 2.30133308243e-11, 1.31716637597e-10],
        "max": [0.365048021078, 21.9341087341, 101.240234375, 17.5049171448, 114.795127869, 77.5175018311, 460.243255615, 427.776611328, 769.97857666, 733.047180176, 430.921325684, 76.1587600708, 184.817810059, 789.840637207, 172.589630127, 1603.68139648, 189.178329468, 421.142242432, 104.402824402, 119.083831787, 47.2623100281, 26.3546772003, 23.6304950714, 21.0640926361, 6.00400161743, 6.38247299194, 1.37920057774, 1.6361426115, 0.541619479656, 0.320906996727, 0.0989390090108, 0.0670512914658, 0.0508763603866, 0.0163529533893, 0.0122337965295, 0.00264484854415, 0.00124063366093, 0.000196982233319, 6.58804565319e-05, 0.000155994101078],
        "mean": [0.0104919634759, 0.427658587694, 1.89632999897, 0.722322285175, 2.81168842316, 3.57293224335, 19.8589324951, 28.4538936615, 61.6078987122, 31.9180316925, 14.3548622131, 3.32585740089, 7.89233112335, 32.094078064, 11.1861066818, 65.4080810547, 11.2145023346, 20.9636898041, 7.15908241272, 5.23428440094, 2.43164467812, 1.55132842064, 1.29337847233, 0.88801908493, 0.503184437752, 0.22125607729, 0.0682826936245, 0.0417776741087, 0.0251234434545, 0.00947294477373, 0.00385314389132, 0.00241806008853, 0.00157948874403, 0.000740220653825, 0.000483926385641, 0.000215724896407, 6.76620547893e-05, 1.50265022967e-05, 8.326893294e-06, 1.84749605978e-05],
        "median": [0.00210036872886, 0.0126473978162, 0.0675130188465, 0.0934581309557, 0.496627867222, 0.66303563118, 2.1852850914, 3.02821016312, 5.15404605865, 2.8605132103, 2.02387523651, 0.660968363285, 0.991751372814, 1.35051774979, 0.733778238297, 1.60279464722, 0.881440460682, 0.907768726349, 0.727214694023, 0.532941102982, 0.284255683422, 0.138058304787, 0.143061876297, 0.101180538535, 0.0478212088346, 0.0213827341795, 0.00959976855665, 0.00516826473176, 0.00324569270015, 0.00185585115105, 0.00115976692177, 0.000778300571255, 0.000534956692718, 0.000337922683684, 0.000200771901291, 9.12097893888e-05, 2.33990485867e-05, 6.90154956828e-06, 2.72916213362e-06, 5.46345745533e-06],
        "min": [1.64076580694e-22, 2.66664531014e-21, 1.52649590451e-20, 4.40419360145e-20, 4.61789829764e-20, 6.77971834956e-20, 1.97718952641e-19, 8.28152136182e-19, 9.08249379064e-19, 5.30455779085e-19, 1.36672984661e-18, 9.37497348151e-19, 2.66090995643e-18, 3.6825820309e-18, 2.67007098172e-18, 3.53549401514e-18, 2.35833969607e-18, 2.70118951636e-18, 4.12977365443e-18, 6.39998862996e-18, 9.47483196583e-18, 8.04866671067e-18, 1.03193378763e-17, 1.10559637185e-17, 9.71399304197e-18, 1.35557291722e-17, 1.45678152574e-17, 1.75757367865e-17, 1.62144770853e-17, 2.4019591218e-17, 2.11757773592e-17, 2.0444230406e-17, 1.16420939744e-17, 9.86747061437e-18, 9.26852981234e-18, 5.15806627572e-18, 2.82798079463e-18, 1.12672907874e-18, 2.96758980517e-19, 3.52923296876e-20],
        "var": [0.00108429964166, 3.43484950066, 73.6513366699, 3.20466995239, 66.955116272, 95.2975921631, 2683.21655273, 3146.14404297, 12663.5292969, 10267.7695312, 1818.40209961, 51.9562530518, 511.27432251, 13840.4736328, 830.195556641, 44198.4101562, 594.158691406, 3251.74121094, 208.948745728, 167.349243164, 28.1746349335, 9.97055530548, 7.02678585052, 4.94405460358, 0.887678205967, 0.320326060057, 0.0186946783215, 0.0120519297197, 0.00292880274355, 0.000601351843216, 6.71587331453e-05, 2.55336562986e-05, 1.0683275832e-05, 1.4470339238e-06, 6.08447408013e-07, 8.25364381285e-08, 1.21344907456e-08, 4.90806340014e-10, 1.22143309356e-10, 6.40738850866e-10]
    },
    "gfcc": {
        "mean": [-206.505874634, 171.694137573, -119.939651489, -8.23834133148, -41.1607551575, -11.7044897079, -36.6797065735, -7.25522661209, -15.0908689499, 3.546479702, 2.16304588318, -2.04944038391, -3.36714601517],
        "cov": [[19754.4980469, 3076.99926758, -3469.96240234, -749.482666016, 13.889295578, -921.61126709, -301.966674805, -830.793334961, -288.565856934, -140.45640564, 463.549713135, 17.0202312469, 37.477432251], [3076.99926758, 1440.84570312, 0.0969870388508, -119.604118347, 148.58152771, -6.37945747375, 7.89279460907, -143.832000732, -72.3364944458, -210.099563599, 29.627407074, -136.212692261, 44.1972579956], [-3469.96240234, 0.0969870388508, 1526.88476562, 303.077758789, 117.415870667, 393.002532959, 133.296905518, 239.66078186, 35.2087402344, -125.136711121, -197.016998291, -43.0229988098, -16.7356052399], [-749.482666016, -119.604118347, 303.077758789, 231.049713135, 54.6845550537, 120.195388794, 41.9090118408, 112.082000732, 45.7015457153, 10.9429607391, -63.8774223328, -9.76900482178, -43.3060150146], [13.889295578, 148.58152771, 117.415870667, 54.6845550537, 323.972808838, 223.538467407, 70.9723129272, -79.881729126, -2.15086388588, 18.2782440186, 99.6631622314, 5.12124347687, -60.0058517456], [-921.61126709, -6.37945747375, 393.002532959, 120.195388794, 223.538467407, 392.395355225, 79.3558654785, 3.61625933647, -28.0807113647, 28.5085792542, 36.6233024597, 20.8671474457, -45.6002960205], [-301.966674805, 7.89279460907, 133.296905518, 41.9090118408, 70.9723129272, 79.3558654785, 116.215118408, 70.9643554688, 41.4086799622, -14.3155460358, -16.2913341522, -32.534236908, -27.2834911346], [-830.793334961, -143.832000732, 239.66078186, 112.082000732, -79.881729126, 3.61625933647, 70.9643554688, 290.286132812, 167.3046875, 30.9297122955, -137.759246826, -89.3515319824, -76.7227325439], [-288.565856934, -72.3364944458, 35.2087402344, 45.7015457153, -2.15086388588, -28.0807113647, 41.4086799622, 167.3046875, 217.793869019, 105.162643433, -40.7235679626, -89.3917617798, -108.037963867], [-140.45640564, -210.099563599, -125.136711121, 10.9429607391, 18.2782440186, 28.5085792542, -14.3155460358, 30.9297122955, 105.162643433, 189.344161987, 65.4025039673, 11.0752925873, -83.6805877686], [463.549713135, 29.627407074, -197.016998291, -63.8774223328, 99.6631622314, 36.6233024597, -16.2913341522, -137.759246826, -40.7235679626, 65.4025039673, 182.324142456, 85.2890701294, 18.3474845886], [17.0202312469, -136.212692261, -43.0229988098, -9.76900482178, 5.12124347687, 20.8671474457, -32.534236908, -89.3515319824, -89.3917617798, 11.0752925873, 85.2890701294, 159.453521729, 78.1153259277], [37.477432251, 44.1972579956, -16.7356052399, -43.3060150146, -60.0058517456, -45.6002960205, -27.2834911346, -76.7227325439, -108.037963867, -83.6805877686, 18.3474845886, 78.1153259277, 148.492980957]],
        "icov": [[0.000262505345745, -0.000721388030797, 0.000643755367491, -0.000255088176345, 0.000172823798493, 0.000107996937004, -0.000243747563218, 0.000125666745589, 7.72627390688e-05, 1.16901571801e-06, 0.000461605348391, -0.00110596278682, 0.000851400196552], [-0.000721388030797, 0.00321281491779, -0.00179998844396, 0.00102712109219, -0.000952218426391, -0.000439048570115, 0.00144059536979, -0.000151674845256, -0.000805487041362, 0.00187609833665, -0.00246119196527, 0.00477674696594, -0.00274832989089], [0.000643755367491, -0.00179998844396, 0.00307957176119, -0.00133147661109, 0.000651975395158, -0.0014723992208, -0.000375330448151, -1.5988600353e-05, -0.00088851142209, 0.00147165427916, 0.00206772587262, -0.00333286076784, 0.00174678396434], [-0.000255088176345, 0.00102712109219, -0.00133147661109, 0.00837775506079, -0.00265513826162, -0.000648691609967, 0.00137064943556, -0.0029950872995, 0.000669410801493, -0.000667283369694, 0.00221078610048, -0.000806339958217, -0.000253904639976], [0.000172823798493, -0.000952218426391, 0.000651975395158, -0.00265513826162, 0.0114691201597, -0.00481820711866, -0.00407667458057, 0.00608604215086, -0.00506312260404, 0.00471307570115, -0.00423099705949, -0.00151758419815, 0.0053828060627], [0.000107996937004, -0.000439048570115, -0.0014723992208, -0.000648691609967, -0.00481820711866, 0.00853241886944, -0.00214085960761, -0.00218991166912, 0.00656026555225, -0.00561149697751, 0.000377865828341, 0.000256390107097, 0.000325814209646], [-0.000243747563218, 0.00144059536979, -0.000375330448151, 0.00137064943556, -0.00407667458057, -0.00214085960761, 0.0167380589992, -0.00631065666676, -0.00156363914721, 0.00519067188725, -0.00367045542225, 0.00320940208621, -0.001947159064], [0.000125666745589, -0.000151674845256, -1.5988600353e-05, -0.0029950872995, 0.00608604215086, -0.00218991166912, -0.00631065666676, 0.0167307667434, -0.0108820833266, 0.00173798622563, 0.00570386368781, -0.00242505501956, 0.00204287050292], [7.72627390688e-05, -0.000805487041362, -0.00088851142209, 0.000669410801493, -0.00506312260404, 0.00656026555225, -0.00156363914721, -0.0108820833266, 0.0223195869476, -0.0122427791357, -0.00093573378399, 0.00536128273234, 0.00100908859167], [1.16901571801e-06, 0.00187609833665, 0.00147165427916, -0.000667283369694, 0.00471307570115, -0.00561149697751, 0.00519067188725, 0.00173798622563, -0.0122427791357, 0.0222808439285, -0.00875389855355, -0.00293620629236, 0.00772038055584], [0.000461605348391, -0.00246119196527, 0.00206772587262, 0.00221078610048, -0.00423099705949, 0.000377865828341, -0.00367045542225, 0.00570386368781, -0.00093573378399, -0.00875389855355, 0.0216291937977, -0.00998974405229, -0.000858442974277], [-0.00110596278682, 0.00477674696594, -0.00333286076784, -0.000806339958217, -0.00151758419815, 0.000256390107097, 0.00320940208621, -0.00242505501956, 0.00536128273234, -0.00293620629236, -0.00998974405229, 0.0230720434338, -0.0116080092266], [0.000851400196552, -0.00274832989089, 0.00174678396434, -0.000253904639976, 0.0053828060627, 0.000325814209646, -0.001947159064, 0.00204287050292, 0.00100908859167, 0.00772038055584, -0.000858442974277, -0.0116080092266, 0.0217306185514]]
    },
    "melbands": {
        "dmean": [0.000123861274915, 0.000315595330903, 8.47639676067e-05, 9.831837815e-05, 0.000233157887124, 0.000308430782752, 0.000399702927098, 0.000118715077406, 5.88687580603e-05, 9.39529581956e-06, 2.05646465474e-05, 3.79189878004e-05, 1.37837050715e-05, 3.37455348927e-05, 2.14856499952e-05, 8.99119277165e-06, 1.37205461215e-05, 4.99653287989e-06, 3.12831821248e-06, 1.66197867202e-06, 1.2879966107e-06, 7.19543038485e-07, 5.25455618572e-07, 4.40064411578e-07, 3.40472041671e-07, 1.97909031385e-07, 9.42521154457e-08, 6.17056841179e-08, 2.61231019039e-08, 1.21037313505e-08, 1.09353281985e-08, 6.62800880846e-09, 3.33946403863e-09, 2.19650209132e-09, 1.11236175826e-09, 7.57939655482e-10, 7.70189967358e-10, 5.72738689808e-10, 3.50340201294e-10, 2.95614560608e-10],
        "dmean2": [0.000215002102777, 0.000447212951258, 0.000100344797829, 0.000116752955364, 0.000306879985146, 0.000365714135114, 0.000497516070027, 0.000162983182236, 7.39251627238e-05, 1.35061018227e-05, 2.5968061891e-05, 4.09687490901e-05, 1.76656958502e-05, 3.44867912645e-05, 2.33945847867e-05, 1.30651642394e-05, 1.48518138303e-05, 5.70065594729e-06, 4.29629017162e-06, 2.20961260311e-06, 1.61911816576e-06, 9.18862269828e-07, 6.6213391392e-07, 5.9240386463e-07, 4.70816246434e-07, 2.70721244533e-07, 1.27247901105e-07, 7.18071646588e-08, 3.67855399475e-08, 1.70779141939e-08, 1.53981964957e-08, 8.76703154518e-09, 4.52309167898e-09, 2.98042124314e-09, 1.54334012237e-09, 1.03567654453e-09, 1.13588294326e-09, 8.31497759535e-10, 4.87702878083e-10, 4.14522333125e-10],
        "dvar": [1.86522541412e-07, 1.97623330678e-06, 5.18130036653e-08, 8.39386729012e-08, 5.8293562688e-07, 5.49004710138e-07, 8.16098406631e-07, 1.50261627141e-07, 3.04091365422e-08, 4.93193708095e-10, 3.06443759257e-09, 1.54869059799e-08, 2.83355250374e-09, 1.5001075937e-08, 5.96706373202e-09, 1.54506596406e-09, 1.32092137228e-09, 1.66513858257e-10, 5.6028431894e-11, 1.70172018837e-11, 9.58221262753e-12, 3.28825898802e-12, 1.26167088929e-12, 2.11819580972e-12, 7.97378710369e-13, 1.53356006279e-13, 5.30505713415e-14, 2.23438617868e-14, 5.5379361375e-15, 6.42724947547e-16, 2.24825795256e-15, 3.26152206862e-16, 6.46632959042e-17, 4.986841626e-17, 8.38447887831e-18, 3.05084124283e-18, 5.31416683784e-18, 2.44858592808e-18, 5.74053212149e-19, 6.17330681413e-19],
        "dvar2": [4.22741578632e-07, 2.22799849325e-06, 6.77650575653e-08, 1.0464685829e-07, 1.19149433431e-06, 6.69775147344e-07, 1.53420444349e-06, 3.29289377987e-07, 5.12039513012e-08, 1.00908847944e-09, 4.62104754462e-09, 1.61723274772e-08, 3.51567019941e-09, 1.73686309779e-08, 7.45160289028e-09, 2.80036638323e-09, 1.51252954605e-09, 2.46323128561e-10, 1.12906309302e-10, 2.95895356828e-11, 1.41329491513e-11, 4.64891016308e-12, 2.1460997042e-12, 3.82925028491e-12, 1.51197771751e-12, 2.86957144244e-13, 1.14323914918e-13, 2.60585535761e-14, 1.25099498767e-14, 1.21778890327e-15, 3.69457306274e-15, 5.86272742711e-16, 1.2432479608e-16, 9.91937586694e-17, 1.25765714929e-17, 6.31196668662e-18, 1.28128043497e-17, 5.49820253001e-18, 1.14386515911e-18, 1.35543428175e-18],
        "max": [0.0108297457919, 0.0450282841921, 0.00445124786347, 0.00656840624288, 0.0139486072585, 0.011988597922, 0.010256100446, 0.00639887573197, 0.00313658243977, 0.000294955971185, 0.00105772423558, 0.00291726761498, 0.00125327985734, 0.00313102290966, 0.00203019403853, 0.000696449715178, 0.000965586164966, 0.000229672412388, 0.000126983737573, 9.77978488663e-05, 5.71387317905e-05, 3.33655261784e-05, 2.00373015105e-05, 2.99085677398e-05, 2.0143468646e-05, 5.21755464433e-06, 3.28982673636e-06, 4.12715280618e-06, 1.07326093257e-06, 3.01834404581e-07, 1.17221031815e-06, 3.97069015889e-07, 2.01801114486e-07, 1.60723658382e-07, 6.77842706409e-08, 3.61038559049e-08, 3.52028521888e-08, 3.72362158885e-08, 1.91311428921e-08, 1.68889826568e-08],
        "mean": [0.000236008287175, 0.000864426721819, 0.00019642226107, 0.000200660186238, 0.00056212261552, 0.000756307097618, 0.000953354814555, 0.000284379377263, 9.94155634544e-05, 1.50804871737e-05, 3.79378507205e-05, 0.000124895421322, 4.72013744002e-05, 0.000130811225972, 8.55358448462e-05, 1.46571255755e-05, 4.51286759926e-05, 1.21855373436e-05, 7.51400921217e-06, 4.12437157138e-06, 2.8709223443e-06, 1.86118370493e-06, 1.28324154502e-06, 8.47044191232e-07, 7.2530383477e-07, 4.71218271514e-07, 1.87916228356e-07, 1.32689706334e-07, 4.6437577339e-08, 2.36960673305e-08, 2.36745520965e-08, 1.5815192711e-08, 7.33854399471e-09, 4.14174339269e-09, 2.30276375746e-09, 1.58757496038e-09, 1.38966738117e-09, 1.17367571217e-09, 7.56173457184e-10, 5.65992364088e-10],
        "median": [2.71102380793e-05, 2.90653224511e-05, 3.14701501338e-05, 3.55552256224e-05, 5.07440199726e-05, 6.20612117928e-05, 7.48177117202e-05, 1.6730857169e-05, 1.16005394375e-05, 2.55783379544e-06, 4.23547862738e-06, 4.81058214064e-06, 1.36409516927e-06, 2.64807135864e-06, 2.48462447416e-06, 7.9606604686e-07, 1.44438854477e-06, 1.06901711661e-06, 5.8766931943e-07, 4.53307450243e-07, 2.55894860857e-07, 1.26457408101e-07, 1.41317045177e-07, 9.65446176338e-08, 7.59797131877e-08, 3.75950754972e-08, 1.9490645542e-08, 1.14814939778e-08, 6.5423968465e-09, 3.81807119254e-09, 2.38633468541e-09, 1.92689908474e-09, 1.39307276825e-09, 8.62908078325e-10, 6.67128741139e-10, 5.19759235651e-10, 4.37819058785e-10, 3.74090147748e-10, 3.31289162769e-10, 2.5723720376e-10],
        "min": [2.24409332468e-24, 6.60828306987e-24, 9.46056192285e-24, 3.01782230002e-24, 6.94494287181e-24, 1.72368726809e-23, 1.31842796406e-23, 6.50844720029e-24, 1.1200895576e-23, 5.72635117176e-24, 1.28430113133e-23, 1.42998851551e-23, 7.18625857816e-24, 9.91981780921e-24, 7.01801269088e-24, 4.79016852034e-24, 5.01122588421e-24, 5.99812203665e-24, 7.55620594372e-24, 9.41703178924e-24, 1.07926884565e-23, 8.80602115282e-24, 5.48028731162e-24, 1.24323997458e-23, 8.03842557103e-24, 7.86897667086e-24, 5.81264427175e-24, 9.40690439294e-24, 1.06427685969e-23, 7.66432248622e-24, 1.06141787e-23, 7.92969371701e-24, 1.31895247768e-23, 1.16130817099e-23, 9.31554167834e-24, 8.80113731496e-24, 1.1126617222e-23, 8.63411652866e-24, 6.4393599455e-24, 8.9311565805e-24],
