{
"metadata": {
    "version": {
        "essentia": "2.0.1",
        "extractor": "archive-music 1.0"
    },
    "audio_properties": {
        "analysis_sample_rate": 44100,
        "bitrate": 128,
        "channels": 2,
        "equal_loudness": 0,
        "length": 14.889796257,
        "replay_gain": -0.0653438568115,
        "downmix": "mix"
    },
    "tags": {
        "track": 0,
        "year": 0,
        "album": "",
        "artist": "",
        "comment": "",
        "genre": "",
        "title": ""
    }
},
"highlevel": {
    "culture": {
        "all": {
            "non_western": 0.09920489043,
            "western": 0.900795102119
        },
        "probability": 0.900795102119,
        "value": "western"
    },
    "danceability": {
        "all": {
            "danceable": 1.16175923048e-11,
            "not_danceable": 1
        },
        "probability": 1,
        "value": "not_danceable"
    },
    "gender": {
        "all": {
            "female": 0.912421584129,
            "male": 0.0875784084201
        },
        "probability": 0.912421584129,
        "value": "female"
    },
    "genre_dortmund": {
        "all": {
            "alternative": 0.04268470034,
            "blues": 0.0422736741602,
            "electronic": 0.0484051182866,
            "folkcountry": 0.0210092421621,
            "funksoulrnb": 0.0892102345824,
            "jazz": 0.700379252434,
            "pop": 0.0392035804689,
            "raphiphop": 0.00392502872273,
            "rock": 0.012909158133
        },
        "probability": 0.700379252434,
        "value": "jazz"
    },
    "genre_electronic": {
        "all": {
            "ambient": 0.992652535439,
            "dnb": 0.00180715357419,
            "house": 0.00306667480618,
            "techno": 0.000467326055514,
            "trance": 0.00200631888583
        },
        "probability": 0.992652535439,
        "value": "ambient"
    },
    "genre_rosamerica": {
        "all": {
            "cla": 0.863940656185,
            "dan": 0.00058361934498,
            "hip": 0.000563962385058,
            "jaz": 0.0932205021381,
            "pop": 0.00583085929975,
            "rhy": 0.0306605566293,
            "roc": 0.00114295328967,
            "spe": 0.00405691936612
        },
        "probability": 0.863940656185,
        "value": "cla"
    },
    "genre_tzanetakis": {
        "all": {
            "blu": 0.00168434751686,
            "cla": 0.897737205029,
            "cou": 0.000609321868978,
            "dis": 0.00268309703097,
            "hip": 0.000506060256157,
            "jaz": 0.0902955010533,
            "met": 7.9486220784e-05,
            "pop": 0.00415862351656,
            "reg": 0.00166803435422,
            "roc": 0.000578343227971
        },
        "probability": 0.897737205029,
        "value": "cla"
    },
    "mirex_ballroom": {
        "all": {
            "ChaChaCha": 0.000686057901476,
            "Jive": 0.000164794590091,
            "Quickstep": 0.00127469329163,
            "Rumba-American": 0.0112320678309,
            "Rumba-International": 0.00104502274189,
            "Rumba-Misc": 0.00577047187835,
            "Samba": 0.000633875082713,
            "Tango": 0.0712011680007,
            "VienneseWaltz": 0.373358309269,
            "Waltz": 0.534633517265
        },
        "probability": 0.534633517265,
        "value": "Waltz"
    },
    "mood_acoustic": {
        "all": {
            "acoustic": 0.0686327889562,
            "not_acoustic": 0.931367218494
        },
        "probability": 0.931367218494,
        "value": "not_acoustic"
    },
    "mood_aggressive": {
        "all": {
            "aggressive": 2.31243664217e-08,
            "not_aggressive": 1
        },
        "probability": 1,
        "value": "not_aggressive"
    },
    "mood_electronic": {
        "all": {
            "electronic": 0.205555573106,
            "not_electronic": 0.794444441795
        },
        "probability": 0.794444441795,
        "value": "not_electronic"
    },
    "mood_happy": {
        "all": {
            "happy": 0.603866100311,
            "not_happy": 0.396133929491
        },
        "probability": 0.603866100311,
        "value": "happy"
    },
    "mood_party": {
        "all": {
            "not_party": 0.997884452343,
            "party": 0.00211557443254
        },
        "probability": 0.997884452343,
        "value": "not_party"
    },
    "mood_relaxed": {
        "all": {
            "not_relaxed": 0.00652504246682,
            "relaxed": 0.993474960327
        },
        "probability": 0.993474960327,
        "value": "relaxed"
    },
    "mood_sad": {
        "all": {
            "not_sad": 0.165784671903,
            "sad": 0.834215342999
        },
        "probability": 0.834215342999,
        "value": "sad"
    },
    "moods_mirex": {
        "all": {
            "Cluster1": 0.0281919445843,
            "Cluster2": 0.449918985367,
            "Cluster3": 0.370111465454,
            "Cluster4": 0.125997588038,
            "Cluster5": 0.0257800202817
        },
        "probability": 0.449918985367,
        "value": "Cluster2"
    },
    "timbre": {
        "all": {
            "bright": 0.581934213638,
            "dark": 0.418065786362
        },
        "probability": 0.581934213638,
        "value": "bright"
    },
    "tonal_atonal": {
        "all": {
            "atonal": 0.964792609215,
            "tonal": 0.0352074168622
        },
        "probability": 0.964792609215,
        "value": "atonal"
    },
    "voice_instrumental": {
        "all": {
            "instrumental": 0.990280032158,
            "voice": 0.00971995480359
        },
        "probability": 0.990280032158,
        "value": "instrumental"
    }
},
"lowlevel": {
    "average_loudness": 0.915570437908,
    "barkbands_kurtosis": {
        "dmean": 0.574851512909,
        "dmean2": 0.905952632427,
        "dvar": 0.411219149828,
        "dvar2": 1.00873053074,
        "max": 7.2491312027,
        "mean": -0.0736554861069,
        "median": -0.48354434967,
        "min": -1.63744401932,
        "var": 1.63251972198
    },
    "barkbands_skewness": {
        "dmean": 0.307873994112,
        "dmean2": 0.485091477633,
        "dvar": 0.101770654321,
        "dvar2": 0.241120055318,
        "max": 2.43604159355,
        "mean": 0.153397917747,
        "median": 0.232314378023,
        "min": -2.15348815918,
        "var": 0.690269529819
    },
    "barkbands_spread": {
        "dmean": 1.62796986103,
        "dmean2": 2.48176789284,
        "dvar": 5.03358840942,
        "dvar2": 10.4762573242,
        "max": 47.1065406799,
        "mean": 10.4830684662,
        "median": 9.81750583649,
        "min": 4.3621969223,
        "var": 19.8264427185
    },
    "dissonance": {
        "dmean": 0.0405008345842,
        "dmean2": 0.069497063756,
        "dvar": 0.00117990444414,
        "dvar2": 0.00330487359315,
        "max": 0.498738616705,
        "mean": 0.396630376577,
        "median": 0.402551144361,
        "min": 0.216249868274,
        "var": 0.00227263825946
    },
    "dynamic_complexity": 4.0113568306,
    "erbbands_kurtosis": {
        "dmean": 0.974993169308,
        "dmean2": 1.5537750721,
        "dvar": 1.6801776886,
        "dvar2": 4.03462314606,
        "max": 15.7636165619,
        "mean": 1.19745767117,
        "median": 0.245281219482,
        "min": -1.5461550951,
        "var": 7.28863859177
    },
    "erbbands_skewness": {
        "dmean": 0.300243914127,
        "dmean2": 0.459610253572,
        "dvar": 0.0855535641313,
        "dvar2": 0.203727692366,
        "max": 1.28105974197,
        "mean": -0.493130683899,
        "median": -0.334394872189,
        "min": -3.22587537766,
        "var": 0.806245744228
    },
    "erbbands_spread": {
        "dmean": 2.60502696037,
        "dmean2": 4.19387865067,
        "dvar": 7.88121986389,
        "dvar2": 19.7524051666,
        "max": 43.1147842407,
        "mean": 13.9315786362,
        "median": 12.2373695374,
        "min": 3.34166240692,
        "var": 50.902141571
    },
    "hfc": {
        "dmean": 5.93598556519,
        "dmean2": 8.91191768646,
        "dvar": 62.7921295166,
        "dvar2": 140.025970459,
        "max": 133.300949097,
        "mean": 25.5254878998,
        "median": 18.6861877441,
        "min": 1.16907302092e-16,
        "var": 499.496734619
    },
    "melbands_kurtosis": {
        "dmean": 0.752623915672,
        "dmean2": 1.2237020731,
        "dvar": 0.943729400635,
        "dvar2": 2.35657334328,
        "max": 14.8351078033,
        "mean": 0.345564872026,
        "median": -0.305218458176,
        "min": -1.80518174171,
        "var": 4.60474348068
    },
    "melbands_skewness": {
        "dmean": 0.327586174011,
        "dmean2": 0.529587090015,
        "dvar": 0.0981762632728,
        "dvar2": 0.246575787663,
        "max": 3.31138944626,
        "mean": 0.582172036171,
        "median": 0.578928649426,
        "min": -1.50436413288,
        "var": 0.620611667633
    },
    "melbands_spread": {
        "dmean": 2.83542823792,
        "dmean2": 4.37810850143,
        "dvar": 40.5785102844,
        "dvar2": 72.0606307983,
        "max": 169.218292236,
        "mean": 20.0463867188,
        "median": 19.0493621826,
        "min": 7.82306337357,
        "var": 163.590393066
    },
    "pitch_salience": {
        "dmean": 0.0437838807702,
        "dmean2": 0.0695973336697,
        "dvar": 0.00183169287629,
        "dvar2": 0.00452992180362,
        "max": 0.960586071014,
        "mean": 0.462407797575,
        "median": 0.447842717171,
        "min": 0.278301775455,
        "var": 0.0102273048833
    },
    "silence_rate_20dB": {
        "dmean": 0,
        "dmean2": 0,
        "dvar": 0,
        "dvar2": 0,
        "max": 1,
        "mean": 1,
        "median": 1,
        "min": 1,
        "var": 0
    },
    "silence_rate_30dB": {
        "dmean": 0,
        "dmean2": 0,
        "dvar": 0,
        "dvar2": 0,
        "max": 1,
        "mean": 1,
        "median": 1,
        "min": 1,
        "var": 0
    },
    "silence_rate_60dB": {
        "dmean": 0.00623052939773,
        "dmean2": 0.0124804992229,
        "dvar": 0.00619174959138,
        "dvar2": 0.0123248780146,
        "max": 1,
        "mean": 0.132192850113,
        "median": 0,
        "min": 0,
        "var": 0.114718101919
    },
    "spectral_centroid": {
        "dmean": 117.074012756,
        "dmean2": 178.121994019,
        "dvar": 102005.226562,
        "dvar2": 179384.8125,
        "max": 11663.1367188,
        "mean": 1181.55517578,
        "median": 1163.99377441,
        "min": 470.6199646,
        "var": 440728.71875
    },
    "spectral_complexity": {
        "dmean": 1.05295944214,
        "dmean2": 1.80031204224,
        "dvar": 1.09065401554,
        "dvar2": 2.59351038933,
        "max": 24,
        "mean": 9.05909824371,
        "median": 9,
        "min": 0,
        "var": 15.781870842
    },
    "spectral_crest": {
        "dmean": 2.04548883438,
        "dmean2": 3.36767077446,
        "dvar": 3.75225043297,
        "dvar2": 9.8239068985,
        "max": 21.0374546051,
        "mean": 11.841627121,
        "median": 11.6979093552,
        "min": 4.68107271194,
        "var": 10.7244358063
    },
    "spectral_decrease": {
        "dmean": 1.08657438602e-09,
        "dmean2": 1.63895907956e-09,
        "dvar": 1.85708168655e-18,
        "dvar2": 4.18603972046e-18,
        "max": 4.66056088169e-29,
        "mean": -5.78870196222e-09,
        "median": -4.76918105008e-09,
        "min": -2.4241970209e-08,
        "var": 1.90831543389e-17
    },
    "spectral_energy": {
        "dmean": 0.00462407525629,
        "dmean2": 0.00697570666671,
        "dvar": 3.41604863934e-05,
        "dvar2": 7.68800091464e-05,
        "max": 0.103585399687,
        "mean": 0.0241631027311,
        "median": 0.019733203575,
        "min": 1.0427942865e-20,
        "var": 0.00034108266118
    },
    "spectral_energyband_high": {
        "dmean": 1.65881774592e-05,
        "dmean2": 2.39251021412e-05,
        "dvar": 1.49357326507e-09,
        "dvar2": 2.45123232823e-09,
        "max": 0.00102079566568,
        "mean": 3.54652838723e-05,
        "median": 8.6241743702e-06,
        "min": 7.56293899776e-21,
        "var": 8.03382604886e-09
    },
    "spectral_energyband_low": {
        "dmean": 4.21142385676e-06,
        "dmean2": 6.97832319929e-06,
        "dvar": 3.67257252387e-10,
        "dvar2": 8.53266513001e-10,
        "max": 0.00042803020915,
        "mean": 9.73030728346e-06,
        "median": 3.47878108187e-06,
        "min": 5.60640542332e-23,
        "var": 1.20199206144e-09
    },
    "spectral_energyband_middle_high": {
        "dmean": 0.00414909468964,
        "dmean2": 0.00628080917522,
        "dvar": 3.08919115923e-05,
        "dvar2": 7.03164987499e-05,
        "max": 0.0863602906466,
        "mean": 0.0140925562009,
        "median": 0.00949719920754,
        "min": 1.38364516507e-21,
        "var": 0.000199609654373
    },
    "spectral_energyband_middle_low": {
        "dmean": 0.00142859306652,
        "dmean2": 0.00193491054233,
        "dvar": 3.4751453768e-06,
        "dvar2": 7.30371584723e-06,
        "max": 0.0331125855446,
        "mean": 0.0100341560319,
        "median": 0.00897685158998,
        "min": 2.87384122987e-22,
        "var": 5.13512786711e-05
    },
    "spectral_flatness_db": {
        "dmean": 0.0170257240534,
        "dmean2": 0.0259548071772,
        "dvar": 0.00029286678182,
        "dvar2": 0.000619365542661,
        "max": 0.470522999763,
        "mean": 0.315908133984,
        "median": 0.329158425331,
        "min": 0.05575992167,
        "var": 0.00621918728575
    },
    "spectral_flux": {
        "dmean": 0.0193745344877,
        "dmean2": 0.0319300927222,
        "dvar": 0.000497391680256,
        "dvar2": 0.00123661826365,
        "max": 0.213010340929,
        "mean": 0.0491049550474,
        "median": 0.0440866500139,
        "min": 6.57752463606e-11,
        "var": 0.00107508851215
    },
    "spectral_kurtosis": {
        "dmean": 11.3605489731,
        "dmean2": 19.829202652,
        "dvar": 101.286315918,
        "dvar2": 326.094024658,
        "max": 75.6389312744,
        "mean": 24.5459918976,
        "median": 23.0353431702,
        "min": -1.25796401501,
        "var": 239.649124146
    },
    "spectral_rms": {
        "dmean": 0.000436203466961,
        "dmean2": 0.000653750961646,
        "dvar": 2.19602029006e-07,
        "dvar2": 4.97209725836e-07,
        "max": 0.0100528066978,
        "mean": 0.00443045701832,
        "median": 0.00438769953325,
        "min": 3.18960851654e-12,
        "var": 3.94485368815e-06
    },
    "spectral_rolloff": {
        "dmean": 188.264099121,
        "dmean2": 348.998474121,
        "dvar": 844825.25,
        "dvar2": 1519325.125,
        "max": 19229.1503906,
        "mean": 1638.39868164,
        "median": 1485.79101562,
        "min": 538.330078125,
        "var": 3142658.25
    },
    "spectral_skewness": {
        "dmean": 0.829620063305,
        "dmean2": 1.46192908287,
        "dvar": 0.498404949903,
        "dvar2": 1.59020376205,
        "max": 6.88754987717,
        "mean": 3.01864361763,
        "median": 2.99290084839,
        "min": -0.0446213446558,
        "var": 1.27269923687
    },
    "spectral_spread": {
        "dmean": 323112.875,
        "dmean2": 568864.375,
        "dvar": 1.81697065779e+12,
        "dvar2": 3.92385055949e+12,
        "max": 40928972,
        "mean": 2044483.125,
        "median": 1706859,
        "min": 902403.25,
        "var": 5.47132643738e+12
    },
    "spectral_strongpeak": {
        "dmean": 1.03015458584,
        "dmean2": 1.65212857723,
        "dvar": 2.02414035797,
        "dvar2": 4.73232412338,
        "max": 17.362197876,
        "mean": 3.85343790054,
        "median": 2.60221099854,
        "min": 0,
        "var": 12.3552150726
    },
    "zerocrossingrate": {
        "dmean": 0.0049010659568,
        "dmean2": 0.00643525738269,
        "dvar": 0.000440593081294,
        "dvar2": 0.000726639584173,
        "max": 0.51025390625,
        "mean": 0.0578768961132,
        "median": 0.05322265625,
        "min": 0.0302734375,
        "var": 0.00215797987767
    },
    "barkbands": {
        "dmean": [2.55289546658e-06, 9.44319992868e-07, 7.29328291982e-07, 8.50122523843e-06, 0.000108934720629, 0.000572344171815, 0.000115247785288, 0.00021875751554, 0.00104313821066, 8.22179717943e-05, 0.000697611598298, 0.000493507017381, 0.00248346244916, 0.00236481474712, 0.00046593794832, 0.000230645091506, 5.18211018061e-05, 5.66141461604e-05, 5.30017823621e-05, 2.38062566496e-05, 3.78689423997e-06, 2.7787630188e-06, 8.65294964569e-07, 5.16141312801e-07, 2.05374959705e-07, 1.15904981612e-07, 9.36136057561e-09],
        "dmean2": [4.18928675572e-06, 1.49336256072e-06, 1.27368923586e-06, 1.12035004349e-05, 0.000138319475809, 0.000849375559483, 0.000132893619593, 0.000299643317703, 0.00123221194372, 0.000107816325908, 0.00106413301546, 0.000787301862147, 0.00353785045445, 0.00338567467406, 0.000668677850626, 0.000354986696038, 7.2713541158e-05, 8.4267812781e-05, 8.19272609078e-05, 3.60107296729e-05, 5.83366909268e-06, 3.8186922211e-06, 1.25335043322e-06, 7.61902867907e-07, 2.98031068269e-07, 1.67279779362e-07, 1.65008362529e-08],
        "dvar": [1.82890924627e-11, 9.28781530851e-12, 2.25796690373e-11, 4.96811125572e-09, 8.330344059e-08, 9.79292849479e-07, 6.93382133932e-08, 1.72654964103e-07, 2.47284015131e-06, 1.51184337938e-07, 1.65512653894e-06, 1.96358928406e-06, 2.39301007241e-05, 3.08297094307e-05, 7.50408673866e-07, 2.18309438083e-07, 9.15518327815e-09, 1.20248460078e-08, 5.52130963172e-09, 3.72299391316e-09, 1.67240762905e-10, 3.2076635792e-10, 2.34635071789e-11, 9.07587460047e-12, 1.21293166483e-12, 2.77833962434e-13, 4.96440028216e-16],
        "dvar2": [5.53266599201e-11, 2.01348694662e-11, 6.01341407225e-11, 7.7615673888e-09, 1.07452748921e-07, 2.81277903014e-06, 7.23104207623e-08, 2.79309176676e-07, 4.93266361445e-06, 2.11215350987e-07, 3.81127097171e-06, 5.00357600686e-06, 4.61119161628e-05, 5.79171974096e-05, 1.17846514058e-06, 4.50513169881e-07, 1.55404329405e-08, 2.08722585882e-08, 1.38280435991e-08, 8.84539463897e-09, 4.16874562648e-10, 4.9362547383e-10, 3.68119701388e-11, 2.08103239502e-11, 2.11665689316e-12, 5.80491926229e-13, 1.44487377774e-15],
        "max": [5.54176149308e-05, 7.3395553045e-05, 7.29953899281e-05, 0.00215803110041, 0.0141314845532, 0.0169771183282, 0.00605194084346, 0.00821061059833, 0.0296818297356, 0.00960932299495, 0.0151144247502, 0.0209915842861, 0.0555640943348, 0.0714393332601, 0.0105993710458, 0.00646955147386, 0.00125444901641, 0.00121942616533, 0.00072332349373, 0.00133050594013, 0.000252022611676, 0.000541181361768, 0.000118979754916, 7.86138625699e-05, 2.64599348156e-05, 1.2723882719e-05, 3.02524256313e-07],
        "mean": [3.42152929989e-06, 1.81146697287e-06, 1.05864251054e-06, 2.51242618106e-05, 0.000776869361289, 0.0039599253796, 0.000379592005629, 0.000566119328141, 0.0043185222894, 0.000313158758217, 0.00152212951798, 0.00132599065546, 0.00403429428115, 0.00515044247732, 0.000973430986051, 0.000462126772618, 9.36450451263e-05, 9.48784945649e-05, 9.80392433121e-05, 4.44544566562e-05, 8.20305831439e-06, 6.35499054624e-06, 1.91381309378e-06, 9.91439492282e-07, 4.38765283661e-07, 2.04851332342e-07, 1.26896502195e-08],
        "median": [2.4000275971e-06, 9.7031227142e-07, 4.18553867121e-08, 5.09536590698e-08, 5.99518034505e-06, 0.0030601026956, 8.35773244034e-05, 0.000192481573322, 0.00229297019541, 3.62428409062e-06, 0.000288865994662, 5.52297424292e-05, 0.000620901875664, 0.00015784088464, 0.000359524448868, 0.000132058063173, 2.15584459511e-05, 1.79111266334e-05, 5.08209122927e-05, 1.83922784345e-05, 1.00698935057e-06, 4.73851940797e-07, 1.64886017728e-07, 1.98918741035e-07, 7.24011997022e-08, 5.39953326495e-08, 5.24040810745e-09],
        "min": [3.92204957668e-24, 2.0884194742e-23, 1.20143365982e-23, 1.28020063234e-23, 1.47978520238e-23, 7.05202269331e-23, 2.53615152268e-23, 8.95337753002e-23, 3.72092909446e-23, 2.96341121073e-23, 4.72537684984e-23, 5.50008022616e-23, 6.82937206707e-23, 4.5601212187e-23, 9.05403302608e-23, 1.05636187113e-22, 2.05187492479e-22, 2.27662758135e-22, 2.58934794762e-22, 2.93088029093e-22, 4.62758782187e-22, 3.54502150608e-22, 6.65308424773e-22, 6.50369494442e-22, 1.08454031083e-21, 1.90105552395e-21, 2.30077217766e-21],
        "var": [2.0192566369e-11, 2.54820262113e-11, 3.09958413103e-11, 2.10905017894e-08, 6.34623847873e-06, 1.49614352267e-05, 5.62321247344e-07, 9.47105547766e-07, 2.69952961389e-05, 1.46352965658e-06, 5.44369777344e-06, 9.98715950118e-06, 5.6432782003e-05, 0.000109621862066, 2.26411270887e-06, 5.85923999097e-07, 2.49288429899e-08, 2.6822057464e-08, 1.40686342576e-08, 7.43870831599e-09, 6.32744800999e-10, 1.46196699191e-09, 9.52218789929e-11, 1.85360529009e-11, 4.75432497191e-12, 6.07577790163e-13, 5.6670029946e-16]
    },
    "erbbands": {
        "dmean": [4.68267753604e-05, 0.000167310194229, 0.000929203757551, 0.0118633117527, 0.0920382887125, 0.643005907536, 1.70102846622, 6.03611660004, 0.702422499657, 4.74748802185, 5.62609243393, 31.051574707, 3.65516400337, 8.32701015472, 27.9632129669, 32.7439651489, 90.7507019043, 111.513908386, 15.119843483, 21.8216094971, 4.13287162781, 2.14749860764, 1.84395539761, 2.97822237015, 1.93897676468, 1.44184541702, 0.272883832455, 0.106371350586, 0.114989675581, 0.0506947375834, 0.0195130221546, 0.0121195288375, 0.00778735009953, 0.00342181907035, 0.00104977563024, 0.000660976977088, 0.000183400974493, 3.10692412313e-05, 3.1650965866e-06, 5.69150643059e-06],
        "dmean2": [7.71776394686e-05, 0.000251302699326, 0.00156012456864, 0.0165156833827, 0.147276893258, 0.813470184803, 2.2577188015, 9.22399425507, 0.922689199448, 6.20054721832, 7.60758495331, 36.0162811279, 4.08308076859, 11.1226615906, 43.1978912354, 53.304485321, 137.931167603, 164.168228149, 22.3875026703, 33.9351119995, 6.21425628662, 3.13176894188, 2.80404448509, 4.17414045334, 2.94078969955, 2.15939497948, 0.421578347683, 0.170156657696, 0.172201558948, 0.0681525543332, 0.0261326543987, 0.0177218783647, 0.0109283849597, 0.00486005889252, 0.00140776648186, 0.000979918520898, 0.000281105574686, 4.88620753458e-05, 4.90533875563e-06, 8.58859220898e-06],
        "dvar": [3.05360647879e-09, 9.09319055609e-07, 3.68923174392e-05, 0.00769870216027, 0.144950672984, 2.90605068207, 5.95467424393, 123.904464722, 1.81991016865, 108.605125427, 58.3033294678, 2225.04223633, 47.5989074707, 342.397094727, 2783.72290039, 5548.90332031, 32576.1777344, 57817.90625, 638.020080566, 1828.24316406, 32.1386833191, 15.1111869812, 9.75783443451, 21.4796772003, 7.03023004532, 12.9713220596, 0.563829064369, 0.142106294632, 0.695581138134, 0.0822602584958, 0.0109197478741, 0.00489395530894, 0.00198470964096, 0.000521897512954, 2.85559654003e-05, 6.23161440672e-06, 1.24961661641e-06, 2.60670081076e-08, 2.14665195342e-11, 5.26615001606e-11],
        "dvar2": [8.11648348531e-09, 1.96261339624e-06, 8.78320934135e-05, 0.012570951134, 0.327093183994, 3.74414396286, 16.1464633942, 353.694641113, 3.12912631035, 156.662780762, 109.042495728, 4285.17480469, 53.261302948, 558.954406738, 6465.92773438, 14177.3730469, 84290.4921875, 117630.578125, 1356.59570312, 3928.91064453, 73.2862930298, 25.8846702576, 21.0222663879, 34.7033538818, 17.4876117706, 31.0038642883, 1.3554238081, 0.369914293289, 1.13307130337, 0.108946055174, 0.0167893581092, 0.0117422724143, 0.00419308524579, 0.000910258677322, 5.14071944053e-05, 1.27462189994e-05, 3.11157918986e-06, 6.55439862385e-08, 5.15779467747e-11, 1.18042381425e-10],
        "max": [0.000559488020372, 0.0226559601724, 0.126016929746, 2.64969134331, 9.81663513184, 83.6195220947, 52.7487106323, 212.933654785, 31.5453128815, 189.165527344, 95.7440490723, 841.873779297, 183.574966431, 389.558746338, 748.846557617, 1080.8795166, 2152.66333008, 3942.64868164, 286.433380127, 727.284484863, 67.8700942993, 52.2896881104, 33.0270767212, 71.0116729736, 26.051525116, 76.7337722778, 15.1901073456, 7.50670433044, 22.2229099274, 8.85597801208, 2.69157409668, 1.71351659298, 1.18839812279, 0.599605679512, 0.128401815891, 0.0505408234894, 0.0269611235708, 0.00390800600871, 9.02757892618e-05, 0.000128256215248],
        "mean": [9.01853127289e-05, 0.000344471161952, 0.00211312249303, 0.0370912849903, 0.363818138838, 4.72813224792, 14.4195699692, 37.3650474548, 3.74101543427, 14.0737628937, 21.7278747559, 122.684135437, 17.2903175354, 24.8558807373, 63.2520599365, 81.9956893921, 190.424880981, 335.636413574, 44.9533424377, 61.7603225708, 11.5666589737, 4.42733192444, 3.85179972649, 6.22028493881, 4.00953006744, 2.71094346046, 0.575833141804, 0.245367258787, 0.249667823315, 0.139556854963, 0.0476349331439, 0.0243063252419, 0.0153970550746, 0.0068206852302, 0.0024331570603, 0.00125795474742, 0.000298071012367, 5.30839097337e-05, 1.48660692503e-05, 2.9218796044e-05],
        "median": [8.63271634444e-05, 5.69183612242e-05, 0.000133474852191, 0.000857023871504, 0.0134143820032, 0.430543899536, 12.9124422073, 27.6357898712, 2.67203330994, 5.19505023956, 17.6815280914, 65.3003540039, 6.04664802551, 3.97628068924, 21.5422878265, 18.2531509399, 78.2719192505, 28.053188324, 24.8255596161, 24.8925266266, 6.43390846252, 1.6018409729, 1.32909500599, 2.97871398926, 2.28629636765, 1.14891457558, 0.149890840054, 0.0329497307539, 0.0179114136845, 0.00806224998087, 0.00516518903896, 0.00492141908035, 0.00229653972201, 0.00104815047234, 0.000441300042439, 0.000318392354529, 8.14625891508e-05, 1.96200999198e-05, 1.14673875942e-05, 2.3628173949e-05],
        "min": [1.36103451826e-21, 2.22767150467e-21, 1.03958847695e-20, 3.56750784355e-20, 5.16433348718e-20, 5.00340582212e-20, 2.22840156426e-19, 5.11566179219e-19, 3.69909819109e-19, 6.97176926677e-19, 1.81785781588e-18, 1.01991824477e-18, 8.85932252933e-19, 8.97414140221e-19, 2.29354395035e-18, 2.04193959625e-18, 2.73176810886e-18, 3.70068901451e-18, 6.05758631438e-18, 4.08221325075e-18, 6.01532234816e-18, 1.09574787676e-17, 1.14992572534e-17, 1.09673073276e-17, 8.65698195058e-18, 1.42730163589e-17, 1.84756927494e-17, 1.91014085607e-17, 1.23702420424e-17, 1.54682791091e-17, 1.88280816165e-17, 1.32248478282e-17, 1.25268413945e-17, 1.10086084556e-17, 7.57809027763e-18, 6.4710554387e-18, 3.88702220083e-18, 1.06665012367e-18, 2.71914429874e-19, 3.44833632044e-20],
        "var": [5.69645708381e-09, 2.45356886808e-06, 9.11104652914e-05, 0.0343389883637, 0.928062021732, 221.276947021, 150.628250122, 1528.32788086, 18.9952697754, 640.884643555, 347.016693115, 21604.6152344, 904.510681152, 2746.57543945, 9024.00585938, 25474.3632812, 83757.4296875, 404371.15625, 2738.1953125, 10886.0234375, 166.322692871, 41.6865692139, 28.0417881012, 79.7209014893, 21.4288959503, 26.9592571259, 1.98727524281, 0.520024001598, 2.70987582207, 0.555136501789, 0.0510367937386, 0.0092402799055, 0.00555256009102, 0.00142628164031, 0.000132600951474, 2.06468903343e-05, 1.71340684574e-06, 3.53455575919e-08, 1.42882830567e-10, 5.11434283812e-10]
    },
    "gfcc": {
        "mean": [-142.981719971, 114.863883972, -215.545639038, -52.4707984924, -64.2863006592, -33.8384780884, -45.4268188477, -18.4644603729, -22.2364730835, 6.85546398163, 8.04050254822, -8.94514274597, 5.07177257538],
        "cov": [[15292.0527344, 1721.60083008, -2334.01245117, -723.904968262, -457.776489258, -382.205718994, -376.547607422, -151.025238037, -165.554641724, 105.989044189, 336.678771973, 43.1529960632, 205.730621338], [1721.60083008, 874.433044434, -236.489242554, -264.568084717, 26.5659446716, -206.383666992, -95.8825531006, -135.733123779, -41.0006484985, -74.965423584, 56.6998291016, -59.1011123657, 105.732765198], [-2334.01245117, -236.489242554, 945.322143555, 452.759887695, -44.9036216736, 208.804367065, -8.62543678284, -25.3723449707, -67.6356506348, -114.209236145, -220.554351807, 7.15050315857, -136.854812622], [-723.904968262, -264.568084717, 452.759887695, 688.697265625, -182.998321533, 78.8369903564, -5.20662307739, -18.8158187866, -85.083732605, -106.66885376, -302.549316406, -74.3505096436, -160.748138428], [-457.776489258, 26.5659446716, -44.9036216736, -182.998321533, 275.270019531, -21.3136501312, 2.40774822235, 28.163892746, 49.7426338196, 66.3297424316, 151.41104126, 55.972454071, 50.7612609863], [-382.205718994, -206.383666992, 208.804367065, 78.8369903564, -21.3136501312, 204.478530884, 25.072561264, 17.0415592194, 5.99915742874, -2.29396629333, -49.0162620544, 3.95299720764, -60.5879516602], [-376.547607422, -95.8825531006, -8.62543678284, -5.20662307739, 2.40774822235, 25.072561264, 122.698722839, 36.1015205383, 37.2805519104, 18.631526947, -29.3848209381, -50.8359870911, 2.75111317635], [-151.025238037, -135.733123779, -25.3723449707, -18.8158187866, 28.163892746, 17.0415592194, 36.1015205383, 156.14390564, 59.1392250061, 10.6775884628, 48.5527114868, 51.6577110291, 25.888343811], [-165.554641724, -41.0006484985, -67.6356506348, -85.083732605, 49.7426338196, 5.99915742874, 37.2805519104, 59.1392250061, 103.455497742, 34.9827766418, 32.7588386536, 1.20378422737, 21.647315979], [105.989044189, -74.965423584, -114.209236145, -106.66885376, 66.3297424316, -2.29396629333, 18.631526947, 10.6775884628, 34.9827766418, 122.312538147, 132.222915649, 66.4752426147, 36.6456604004], [336.678771973, 56.6998291016, -220.554351807, -302.549316406, 151.41104126, -49.0162620544, -29.3848209381, 48.5527114868, 32.7588386536, 132.222915649, 406.531555176, 231.99407959, 132.633041382], [43.1529960632, -59.1011123657, 7.15050315857, -74.3505096436, 55.972454071, 3.95299720764, -50.8359870911, 51.6577110291, 1.20378422737, 66.4752426147, 231.99407959, 268.990936279, 82.9864273071], [205.730621338, 105.732765198, -136.854812622, -160.748138428, 50.7612609863, -60.5879516602, 2.75111317635, 25.888343811, 21.647315979, 36.6456604004, 132.633041382, 82.9864273071, 121.712409973]],
        "icov": [[0.000267677707598, -0.000749781320337, 0.000865524227265, -0.000233497179579, 0.000397191732191, -0.000827928248327, 0.000458262773464, -0.000588069611695, 0.000605873356108, -0.00076812232146, 0.00030640346813, -0.000382463593269, 0.000451028259704], [-0.000749781320337, 0.00487787416205, -0.0025370772928, 0.00135448446963, -0.00103580276482, 0.00381904095411, 7.27639489924e-05, 0.00381494127214, -0.00219142949209, 0.00494896899909, -0.00173680344597, 0.00239372439682, -0.00335367186926], [0.000865524227265, -0.0025370772928, 0.00525052892044, -0.00197366625071, 7.18861556379e-05, -0.00461874855682, 0.000923668674659, -0.00113008392509, 0.00210470240563, -0.000779076653998, 0.00172357598785, -0.0028020599857, 0.0018209166592], [-0.000233497179579, 0.00135448446963, -0.00197366625071, 0.00427606701851, 0.000778474204708, 0.00245753698982, -0.000436747010099, -0.000165644363733, 0.00105650408659, 0.000258041691268, 0.00183572608512, -0.000936622731388, 0.00196266965941], [0.000397191732191, -0.00103580276482, 7.18861556379e-05, 0.000778474204708, 0.00628916313872, -0.000201929535251, 0.00129689497408, -0.00134668254759, -0.00062718015397, -0.00259308167733, -0.00153996434528, 0.000819419045001, 0.000882790889591], [-0.000827928248327, 0.00381904095411, -0.00461874855682, 0.00245753698982, -0.000201929535251, 0.0115701779723, -0.00239623757079, 0.00203352957033, -0.00261565251276, 0.00229707011022, -0.000911587616429, 0.000383344769944, 0.00210519670509], [0.000458262773464, 7.27639489924e-05, 0.000923668674659, -0.000436747010099, 0.00129689497408, -0.00239623757079, 0.0140048116446, -0.00305882818066, -0.000735658744816, -0.0040639648214, 0.000425942387665, 0.00469844834879, -0.00408894801512], [-0.000588069611695, 0.00381494127214, -0.00113008392509, -0.000165644363733, -0.00134668254759, 0.00203352957033, -0.00305882818066, 0.0136248040944, -0.00778212677687, 0.00777764571831, -0.00221581291407, -0.00112803746015, -0.00283832661808], [0.000605873356108, -0.00219142949209, 0.00210470240563, 0.00105650408659, -0.00062718015397, -0.00261565251276, -0.000735658744816, -0.00778212677687, 0.0182748287916, -0.00652119051665, 0.00296056177467, -9.64966602623e-05, 0.0008256395231], [-0.00076812232146, 0.00494896899909, -0.000779076653998, 0.000258041691268, -0.00259308167733, 0.00229707011022, -0.0040639648214, 0.00777764571831, -0.00652119051665, 0.022044217214, -0.00662272144109, 0.000240447130636, -0.00129789859056], [0.00030640346813, -0.00173680344597, 0.00172357598785, 0.00183572608512, -0.00153996434528, -0.000911587616429, 0.000425942387665, -0.00221581291407, 0.00296056177467, -0.00662272144109, 0.0118895098567, -0.0076842084527, -0.000246073614107], [-0.000382463593269, 0.00239372439682, -0.0028020599857, -0.000936622731388, 0.000819419045001, 0.000383344769944, 0.00469844834879, -0.00112803746015, -9.64966602623e-05, 0.000240447130636, -0.0076842084527, 0.0137427598238, -0.00688954396173], [0.000451028259704, -0.00335367186926, 0.0018209166592, 0.00196266965941, 0.000882790889591, 0.00210519670509, -0.00408894801512, -0.00283832661808, 0.0008256395231, -0.00129789859056, -0.000246073614107, -0.00688954396173, 0.0215921420604]]
    },
    "melbands": {
        "dmean": [4.56650923297e-07, 3.31439338197e-07, 3.4078934732e-06, 2.5508026738e-05, 5.7744593505e-05, 0.000123621488456, 1.1464758245e-05, 5.12181795784e-05, 7.15819187462e-05, 0.000177531605004, 1.14996464617e-05, 3.07371519739e-05, 0.000101483739854, 6.15504322923e-05, 0.000140507749165, 0.00022712739883, 0.000190998776816, 1.63046406669e-05, 2.67349314527e-05, 2.24746290769e-05, 2.87761258733e-06, 2.74818921753e-06, 9.19230615182e-07, 3.49146057488e-06, 2.36255664277e-06, 2.00322347155e-06, 9.44710052408e-07, 9.63973093349e-07, 1.74067011471e-07, 1.03139349505e-07, 5.72043958869e-08, 6.57244356717e-08, 5.33919788381e-08, 2.48638389877e-08, 1.35324507156e-08, 1.02317825323e-08, 7.18066672789e-09, 5.97924554313e-09, 5.17464249228e-09, 2.39226816134e-09],
        "dmean2": [7.23272989944e-07, 5.40406119853e-07, 4.74358421343e-06, 3.56446689693e-05, 7.49361279304e-05, 0.000186754987226, 1.35791406137e-05, 6.7996144935e-05, 9.61635741987e-05, 0.000203477058676, 1.23590371004e-05, 3.91916510125e-05, 0.000155389017891, 9.86748054856e-05, 0.000227345255553, 0.000327756017214, 0.000279705418507, 2.4636843591e-05, 3.77914111596e-05, 3.68779583368e-05, 3.69355097973e-06, 3.99694363296e-06, 1.38443385822e-06, 5.18260185345e-06, 3.2540203847e-06, 3.07004415845e-06, 1.45897649872e-06, 1.45702085774e-06, 2.74975604952e-07, 1.58458306032e-07, 9.5950028367e-08, 1.00610876075e-07, 7.32028908601e-08, 3.14426458203e-08, 1.83313488833e-08, 1.54764219218e-08, 1.09541415938e-08, 8.82126371948e-09, 7.7770545559e-09, 3.73790154384e-09],
        "dvar": [4.27724018313e-13, 4.93116701986e-12, 8.11160472125e-10, 4.2023549085e-09, 6.61063603857e-09, 4.96778866932e-08, 5.81798331734e-10, 1.27130865835e-08, 1.0961723973e-08, 7.12173857664e-08, 9.6576269204e-10, 5.75211656084e-09, 3.41042181162e-08, 2.27177743284e-08, 1.14637735749e-07, 1.42457778907e-07, 1.77892715669e-07, 1.24804877544e-09, 2.25301266532e-09, 1.56754920155e-09, 4.01101304948e-11, 2.75013466861e-11, 3.61152123832e-12, 3.85943429992e-11, 1.66181773203e-11, 7.45847654471e-12, 5.01069758602e-12, 4.71743737823e-12, 2.51420656213e-13, 1.04100931976e-13, 5.62543142223e-14, 1.93602268548e-13, 1.13586643888e-13, 2.02699456612e-14, 6.25413129352e-15, 2.39613931724e-15, 1.3808559805e-15, 9.35426764531e-16, 9.07938851327e-16, 3.30980797587e-16],
        "dvar2": [1.05613749083e-12, 1.1621465075e-11, 1.40340683519e-09, 7.09275038702e-09, 1.75478920283e-08, 1.42488573829e-07, 7.17740533673e-10, 1.92157436629e-08, 2.39677788727e-08, 1.30647194396e-07, 1.06798059285e-09, 8.73233663157e-09, 7.90334269141e-08, 5.76014933529e-08, 3.17898155799e-07, 2.6997949476e-07, 3.55639457439e-07, 2.60684096531e-09, 3.54597862184e-09, 4.29642055266e-09, 5.87556531206e-11, 4.83865135459e-11, 7.90046847388e-12, 7.82477138639e-11, 2.76984910702e-11, 1.83708916135e-11, 1.1907170562e-11, 1.10194188843e-11, 5.76552369215e-13, 2.67814795948e-13, 1.54147636496e-13, 3.31729056117e-13, 1.7147618232e-13, 2.70352486329e-14, 1.08633042747e-14, 4.74153458467e-15, 3.25515100443e-15, 1.92328402146e-15, 2.092204414e-15, 5.62897068587e-16],
        "max": [1.19011765491e-05, 4.25227190135e-05, 0.000845257774927, 0.00287509057671, 0.00185973243788, 0.00411894917488, 0.000469855614938, 0.00190745515283, 0.00125217088498, 0.00577905680984, 0.000723076867871, 0.00168146484066, 0.00203183386475, 0.00212424085476, 0.00441725412384, 0.00563025753945, 0.00698095932603, 0.000418842944782, 0.000709533633199, 0.000645943568088, 8.00014313427e-05, 6.45602340228e-05, 2.34364342759e-05, 6.2828497903e-05, 6.10221832176e-05, 2.39036980929e-05, 4.71661987831e-05, 4.29807550972e-05, 9.44338898989e-06, 6.24670428806e-06, 4.83548865304e-06, 1.14066724564e-05, 9.86333998299e-06, 3.50255140802e-06, 1.83149154509e-06, 1.13901944587e-06, 8.90959540811e-07, 7.86700923072e-07, 6.8325113034e-07, 4.59342231807e-07],
        "mean": [8.64079936491e-07, 6.20469904788e-07, 9.55313589657e-06, 0.000161305448273, 0.000498756766319, 0.000799385714345, 4.71426174045e-05, 0.00014672378893, 0.000272056262475, 0.000720196287148, 5.37565138075e-05, 8.67037597345e-05, 0.000222684553592, 0.00016009475803, 0.000275445403531, 0.000575757818297, 0.000570574658923, 4.41704905825e-05, 6.60483638057e-05, 6.48951681796e-05, 5.98638052907e-06, 5.15216379426e-06, 1.70199973581e-06, 6.11841187492e-06, 4.78490301248e-06, 3.80416986445e-06, 1.76968671894e-06, 1.69986844867e-06, 3.39491833756e-07, 2.06943923331e-07, 1.15182537286e-07, 1.31466677544e-07, 1.17399729049e-07, 6.35104129287e-08, 2.7350500531e-08, 1.97488887466e-08, 1.24692673964e-08, 1.14795568606e-08, 8.20778378596e-09, 4.69542893455e-09],
        "median": [7.28981888187e-07, 2.88955774863e-08, 4.14103382695e-08, 1.14724548439e-06, 0.000410744920373, 0.000605747336522, 1.22123437905e-05, 5.69391013414e-05, 0.00022438907763, 0.000357276905561, 3.52091115019e-06, 7.89754631114e-06, 4.5505399612e-05, 1.08594576886e-05, 3.64386796718e-05, 0.00013650697656, 1.731725024e-05, 1.11020654003e-05, 2.90386142296e-05, 2.29376364587e-05, 5.64780975765e-07, 1.08207905214e-06, 5.55604572128e-07, 1.24312987282e-06, 1.66250129041e-06, 1.91655817616e-06, 7.59268743877e-07, 5.71946202399e-07, 4.58461286712e-08, 2.60335593083e-08, 1.18106333602e-08, 8.72396732632e-09, 8.78678818594e-09, 2.43358044827e-09, 2.56133736443e-09, 2.89802981612e-09, 2.68051447705e-09, 1.59833501989e-09, 1.0986898058e-09, 6.39555020054e-10],
        "min": [1.00137048787e-23, 4.28071741458e-24, 5.80932987266e-24, 3.81285742233e-24, 7.98311932182e-24, 1.29548047364e-23, 5.61798022161e-24, 8.8944666598e-24, 1.17462035653e-23, 5.67514897142e-24, 4.38277944964e-24, 3.4358966889e-24, 7.72738323812e-24, 5.72052346182e-24, 4.29662400587e-24, 5.71429422169e-24, 5.70680398739e-24, 1.0661052815e-23, 5.93860800338e-24, 6.94573962132e-24, 6.06515470321e-24, 1.02754536602e-23, 1.14408599636e-23, 1.22754353583e-23, 7.81463677627e-24, 6.71445270366e-24, 7.03446517392e-24, 9.81915679112e-24, 1.13341972918e-23, 1.04356878762e-23, 1.18897328627e-23, 6.83479895678e-24, 6.57809612404e-24, 8.36755963993e-24, 1.19121444011e-23, 7.33564122348e-24, 7.07206465124e-24, 7.43421412675e-24, 9.33788143032e-24, 7.50952904395e-24],
