{
"metadata": {
    "version": {
        "essentia": "2.0.1",
        "extractor": "archive-music 1.0"
    },
    "audio_properties": {
        "analysis_sample_rate": 44100,
        "bitrate": 128,
        "channels": 2,
        "equal_loudness": 0,
        "length": 15.0987758636,
        "replay_gain": 2.02814674377,
        "downmix": "mix"
    },
    "tags": {
        "track": 0,
        "year": 0,
        "album": "",
        "artist": "",
        "comment": "",
        "genre": "",
        "title": ""
    }
},
"highlevel": {
    "culture": {
        "all": {
            "non_western": 1.41438240462e-05,
            "western": 0.999985873699
        },
        "probability": 0.999985873699,
        "value": "western"
    },
    "danceability": {
        "all": {
            "danceable": 0.142536342144,
            "not_danceable": 0.857463657856
        },
        "probability": 0.857463657856,
        "value": "not_danceable"
    },
    "gender": {
        "all": {
            "female": 0.553071677685,
            "male": 0.446928322315
        },
        "probability": 0.553071677685,
        "value": "female"
    },
    "genre_dortmund": {
        "all": {
            "alternative": 0.153623118997,
            "blues": 0.0322849042714,
            "electronic": 0.0265398472548,
            "folkcountry": 0.122255533934,
            "funksoulrnb": 0.039267539978,
            "jazz": 0.417530566454,
            "pop": 0.116997182369,
            "raphiphop": 0.00403044978157,
            "rock": 0.0874708518386
        },
        "probability": 0.417530566454,
        "value": "jazz"
    },
    "genre_electronic": {
        "all": {
            "ambient": 0.983999490738,
            "dnb": 0.00289728539065,
            "house": 0.00616346625611,
            "techno": 0.00206157122739,
            "trance": 0.00487819733098
        },
        "probability": 0.983999490738,
        "value": "ambient"
    },
    "genre_rosamerica": {
        "all": {
            "cla": 0.886153101921,
            "dan": 0.00544553156942,
            "hip": 0.0134879453108,
            "jaz": 0.0232907570899,
            "pop": 0.0137784332037,
            "rhy": 0.0068622152321,
            "roc": 0.0434139184654,
            "spe": 0.00756809581071
        },
        "probability": 0.886153101921,
        "value": "cla"
    },
    "genre_tzanetakis": {
        "all": {
            "blu": 0.00908041466027,
            "cla": 0.829273760319,
            "cou": 0.0113261919469,
            "dis": 0.00593316648155,
            "hip": 0.00648731458932,
            "jaz": 0.0519788227975,
            "met": 0.0020185620524,
            "pop": 0.0405931547284,
            "reg": 0.0107585955411,
            "roc": 0.0325499996543
        },
        "probability": 0.829273760319,
        "value": "cla"
    },
    "mirex_ballroom": {
        "all": {
            "ChaChaCha": 0.000138022383908,
            "Jive": 9.09846858121e-05,
            "Quickstep": 0.00155928370077,
            "Rumba-American": 0.000297306163702,
            "Rumba-International": 0.0114338845015,
            "Rumba-Misc": 0.00173586606979,
            "Samba": 0.000149671832332,
            "Tango": 0.00186758185737,
            "VienneseWaltz": 0.109500072896,
            "Waltz": 0.873227357864
        },
        "probability": 0.873227357864,
        "value": "Waltz"
    },
    "mood_acoustic": {
        "all": {
            "acoustic": 0.901924729347,
            "not_acoustic": 0.098075248301
        },
        "probability": 0.901924729347,
        "value": "acoustic"
    },
    "mood_aggressive": {
        "all": {
            "aggressive": 0.0174921769649,
            "not_aggressive": 0.982507824898
        },
        "probability": 0.982507824898,
        "value": "not_aggressive"
    },
    "mood_electronic": {
        "all": {
            "electronic": 0.712004721165,
            "not_electronic": 0.287995278835
        },
        "probability": 0.712004721165,
        "value": "electronic"
    },
    "mood_happy": {
        "all": {
            "happy": 0.282397687435,
            "not_happy": 0.717602312565
        },
        "probability": 0.717602312565,
        "value": "not_happy"
    },
    "mood_party": {
        "all": {
            "not_party": 0.932875335217,
            "party": 0.0671246871352
        },
        "probability": 0.932875335217,
        "value": "not_party"
    },
    "mood_relaxed": {
        "all": {
            "not_relaxed": 0.00677334005013,
            "relaxed": 0.993226647377
        },
        "probability": 0.993226647377,
        "value": "relaxed"
    },
    "mood_sad": {
        "all": {
            "not_sad": 0.355891793966,
            "sad": 0.644108235836
        },
        "probability": 0.644108235836,
        "value": "sad"
    },
    "moods_mirex": {
        "all": {
            "Cluster1": 0.327720344067,
            "Cluster2": 0.063120432198,
            "Cluster3": 0.547743022442,
            "Cluster4": 0.0235631465912,
            "Cluster5": 0.0378530286252
        },
        "probability": 0.547743022442,
        "value": "Cluster3"
    },
    "timbre": {
        "all": {
            "bright": 0.173539981246,
            "dark": 0.826460003853
        },
        "probability": 0.826460003853,
        "value": "dark"
    },
    "tonal_atonal": {
        "all": {
            "atonal": 0.547877371311,
            "tonal": 0.452122598886
        },
        "probability": 0.547877371311,
        "value": "atonal"
    },
    "voice_instrumental": {
        "all": {
            "instrumental": 0.828642904758,
            "voice": 0.17135708034
        },
        "probability": 0.828642904758,
        "value": "instrumental"
    }
},
"lowlevel": {
    "average_loudness": 0.831930696964,
    "barkbands_kurtosis": {
        "dmean": 1.39648652077,
        "dmean2": 2.09719753265,
        "dvar": 2.42222929001,
        "dvar2": 5.27071714401,
        "max": 23.7152175903,
        "mean": 3.14143943787,
        "median": 2.54638409615,
        "min": -0.922039985657,
        "var": 7.61057329178
    },
    "barkbands_skewness": {
        "dmean": 0.299914270639,
        "dmean2": 0.428977459669,
        "dvar": 0.0825788006186,
        "dvar2": 0.139383897185,
        "max": 3.94063067436,
        "mean": 1.35496413708,
        "median": 1.3335981369,
        "min": -2.08139610291,
        "var": 0.374392747879
    },
    "barkbands_spread": {
        "dmean": 1.71527373791,
        "dmean2": 2.68910861015,
        "dvar": 14.564447403,
        "dvar2": 33.5829429626,
        "max": 83.3975067139,
        "mean": 9.37633800507,
        "median": 8.33705043793,
        "min": 2.3738451004,
        "var": 30.3454341888
    },
    "dissonance": {
        "dmean": 0.0243598967791,
        "dmean2": 0.0405846126378,
        "dvar": 0.000448992097517,
        "dvar2": 0.00120291870553,
        "max": 0.500000059605,
        "mean": 0.441474735737,
        "median": 0.443543612957,
        "min": 0.315035462379,
        "var": 0.000818698143121
    },
    "dynamic_complexity": 3.58269047737,
    "erbbands_kurtosis": {
        "dmean": 0.732459545135,
        "dmean2": 1.09255158901,
        "dvar": 0.405270427465,
        "dvar2": 0.903458058834,
        "max": 5.18064117432,
        "mean": 0.663117349148,
        "median": 0.462437748909,
        "min": -1.28657233715,
        "var": 1.36482739449
    },
    "erbbands_skewness": {
        "dmean": 0.273343354464,
        "dmean2": 0.397657811642,
        "dvar": 0.0456786565483,
        "dvar2": 0.0979342162609,
        "max": 2.08411288261,
        "mean": 0.640021324158,
        "median": 0.622112035751,
        "min": -0.896343588829,
        "var": 0.213744655252
    },
    "erbbands_spread": {
        "dmean": 3.93925595284,
        "dmean2": 5.91937732697,
        "dvar": 28.2183094025,
        "dvar2": 75.6396179199,
        "max": 96.8293151855,
        "mean": 21.112033844,
        "median": 19.9254341125,
        "min": 9.05419921875,
        "var": 50.7936592102
    },
    "hfc": {
        "dmean": 1.79339838028,
        "dmean2": 2.43687796593,
        "dvar": 8.18769645691,
        "dvar2": 15.1363897324,
        "max": 93.0539245605,
        "mean": 10.2176866531,
        "median": 6.9477519989,
        "min": 1.14149481929e-16,
        "var": 128.781158447
    },
    "melbands_kurtosis": {
        "dmean": 2.35721635818,
        "dmean2": 3.49832057953,
        "dvar": 6.4819688797,
        "dvar2": 14.0153331757,
        "max": 33.9057235718,
        "mean": 6.11174249649,
        "median": 5.05340051651,
        "min": -1.40311968327,
        "var": 18.7716407776
    },
    "melbands_skewness": {
        "dmean": 0.3831820786,
        "dmean2": 0.546341300011,
        "dvar": 0.123074881732,
        "dvar2": 0.273776978254,
        "max": 4.85767602921,
        "mean": 1.89218294621,
        "median": 1.8234153986,
        "min": -0.174532011151,
        "var": 0.4763892591
    },
    "melbands_spread": {
        "dmean": 2.20680832863,
        "dmean2": 3.39778399467,
        "dvar": 56.4428901672,
        "dvar2": 104.995765686,
        "max": 162.430297852,
        "mean": 11.4170942307,
        "median": 9.71940040588,
        "min": 2.97506666183,
        "var": 168.683700562
    },
    "pitch_salience": {
        "dmean": 0.0531004928052,
        "dmean2": 0.0803912431002,
        "dvar": 0.00176285323687,
        "dvar2": 0.00435074931011,
        "max": 0.96119338274,
        "mean": 0.572456598282,
        "median": 0.568369448185,
        "min": 0.311125606298,
        "var": 0.00794300436974
    },
    "silence_rate_20dB": {
        "dmean": 0,
        "dmean2": 0,
        "dvar": 0,
        "dvar2": 0,
        "max": 1,
        "mean": 1,
        "median": 1,
        "min": 1,
        "var": 0
    },
    "silence_rate_30dB": {
        "dmean": 0.00307219661772,
        "dmean2": 0.00615384615958,
        "dvar": 0.00306275649928,
        "dvar2": 0.00611597951502,
        "max": 1,
        "mean": 0.976993858814,
        "median": 1,
        "min": 0,
        "var": 0.0224768593907
    },
    "silence_rate_60dB": {
        "dmean": 0.00307219661772,
        "dmean2": 0.00615384615958,
        "dvar": 0.00306273810565,
        "dvar2": 0.00611601350829,
        "max": 1,
        "mean": 0.0644171759486,
        "median": 0,
        "min": 0,
        "var": 0.0602683722973
    },
    "spectral_centroid": {
        "dmean": 79.9543228149,
        "dmean2": 117.595565796,
        "dvar": 113082.398438,
        "dvar2": 123528.601562,
        "max": 11583.5605469,
        "mean": 595.79107666,
        "median": 524.031738281,
        "min": 272.081298828,
        "var": 295220.25
    },
    "spectral_complexity": {
        "dmean": 1.62519204617,
        "dmean2": 2.72615385056,
        "dvar": 1.83187115192,
        "dvar2": 4.56808233261,
        "max": 25,
        "mean": 13.2868099213,
        "median": 14,
        "min": 0,
        "var": 21.3947257996
    },
    "spectral_crest": {
        "dmean": 1.64968049526,
        "dmean2": 2.46065926552,
        "dvar": 1.9499348402,
        "dvar2": 4.6326751709,
        "max": 19.7061977386,
        "mean": 9.75618553162,
        "median": 9.39224815369,
        "min": 4.1430106163,
        "var": 8.27132797241
    },
    "spectral_decrease": {
        "dmean": 1.12000941854e-09,
        "dmean2": 1.54384593998e-09,
        "dvar": 2.56229886048e-18,
        "dvar2": 4.74194645113e-18,
        "max": 1.99360983097e-29,
        "mean": -6.81763623334e-09,
        "median": -5.19726039983e-09,
        "min": -5.74917109475e-08,
        "var": 4.2820992951e-17
    },
    "spectral_energy": {
        "dmean": 0.00435857195407,
        "dmean2": 0.00601157499477,
        "dvar": 3.92061992898e-05,
        "dvar2": 7.22875702195e-05,
        "max": 0.225427061319,
        "mean": 0.0266580786556,
        "median": 0.0202705841511,
        "min": 1.02784445096e-20,
        "var": 0.000659418699797
    },
    "spectral_energyband_high": {
        "dmean": 4.6175987336e-06,
        "dmean2": 7.97640495875e-06,
        "dvar": 8.04144459354e-11,
        "dvar2": 2.23422100265e-10,
        "max": 0.000152690932737,
        "mean": 1.81697560038e-05,
        "median": 8.64544381329e-06,
        "min": 7.06127657447e-21,
        "var": 5.57273616142e-10
    },
    "spectral_energyband_low": {
        "dmean": 0.00168243271764,
        "dmean2": 0.00206658686511,
        "dvar": 2.79530900116e-06,
        "dvar2": 3.95792085328e-06,
        "max": 0.0456926077604,
        "mean": 0.00873533450067,
        "median": 0.00667336443439,
        "min": 4.26808901367e-23,
        "var": 6.04538909101e-05
    },
    "spectral_energyband_middle_high": {
        "dmean": 0.00103542685974,
        "dmean2": 0.00145581434481,
        "dvar": 4.41637166659e-06,
        "dvar2": 8.14982649899e-06,
        "max": 0.0375210680068,
        "mean": 0.00320534035563,
        "median": 0.0015335676726,
        "min": 1.78877686296e-21,
        "var": 2.16162152356e-05
    },
    "spectral_energyband_middle_low": {
        "dmean": 0.00380344246514,
        "dmean2": 0.00551304174587,
        "dvar": 3.66068088624e-05,
        "dvar2": 7.17579823686e-05,
        "max": 0.190082475543,
        "mean": 0.0163989067078,
        "median": 0.0109887346625,
        "min": 2.25367816612e-22,
        "var": 0.000433798588347
    },
    "spectral_flatness_db": {
        "dmean": 0.0113563621417,
        "dmean2": 0.0171698760241,
        "dvar": 9.37189615797e-05,
        "dvar2": 0.000179445691174,
        "max": 0.288314044476,
        "mean": 0.211035400629,
        "median": 0.210615158081,
        "min": 0.0471954233944,
        "var": 0.000944133207668
    },
    "spectral_flux": {
        "dmean": 0.00990731921047,
        "dmean2": 0.0170298330486,
        "dvar": 8.46632610774e-05,
        "dvar2": 0.000223652532441,
        "max": 0.178820356727,
        "mean": 0.0517515987158,
        "median": 0.0491652265191,
        "min": 1.01382666151e-10,
        "var": 0.000630881637335
    },
    "spectral_kurtosis": {
        "dmean": 5.25524902344,
        "dmean2": 9.22347450256,
        "dvar": 17.6146678925,
        "dvar2": 51.1953239441,
        "max": 35.7938575745,
        "mean": 15.144197464,
        "median": 14.4041452408,
        "min": -1.19802522659,
        "var": 35.9815254211
    },
    "spectral_rms": {
        "dmean": 0.000388462940464,
        "dmean2": 0.000535137776751,
        "dvar": 1.3915283148e-07,
        "dvar2": 2.65387484433e-07,
        "max": 0.0148299979046,
        "mean": 0.00464394874871,
        "median": 0.00444704154506,
        "min": 3.16666246176e-12,
        "var": 4.44162606072e-06
    },
    "spectral_rolloff": {
        "dmean": 146.332992554,
        "dmean2": 230.405212402,
        "dvar": 572509.1875,
        "dvar2": 726548.25,
        "max": 19272.2167969,
        "mean": 782.130554199,
        "median": 538.330078125,
        "min": 236.865234375,
        "var": 3221995.5
    },
    "spectral_skewness": {
        "dmean": 0.401897937059,
        "dmean2": 0.697158336639,
        "dvar": 0.0998191535473,
        "dvar2": 0.276936590672,
        "max": 4.43657112122,
        "mean": 2.78125405312,
        "median": 2.75588750839,
        "min": -0.0373945944011,
        "var": 0.286056101322
    },
    "spectral_spread": {
        "dmean": 240045.09375,
        "dmean2": 352539.84375,
        "dvar": 1.42724431872e+12,
        "dvar2": 1.3648518185e+12,
        "max": 40176424,
        "mean": 2326464.5,
        "median": 2163848.5,
        "min": 1549066.25,
        "var": 3.03029105459e+12
    },
    "spectral_strongpeak": {
        "dmean": 0.315921515226,
        "dmean2": 0.523403167725,
        "dvar": 0.322688043118,
        "dvar2": 0.752367019653,
        "max": 7.83138132095,
        "mean": 0.725708544254,
        "median": 0.342290639877,
        "min": 0,
        "var": 0.774337470531
    },
    "zerocrossingrate": {
        "dmean": 0.00388599862345,
        "dmean2": 0.005615234375,
        "dvar": 0.000483811862068,
        "dvar2": 0.000885142711923,
        "max": 0.51416015625,
        "mean": 0.028094895184,
        "median": 0.02294921875,
        "min": 0.0078125,
        "var": 0.00213217106648
    },
    "barkbands": {
        "dmean": [3.83344304282e-05, 0.000905467604753, 0.000819313281681, 0.000932002789341, 0.00233180751093, 0.00114528636914, 0.000878142251167, 0.00099541421514, 0.000320666120388, 0.000957292097155, 0.000258279324044, 0.000254608807154, 0.000199347487069, 9.27397995838e-05, 7.86157906987e-05, 0.000110844128358, 8.54337486089e-05, 4.53697794001e-05, 1.33330131575e-05, 5.38292306373e-06, 1.58184616339e-06, 8.97387167242e-07, 5.27408246853e-07, 3.47232514741e-07, 8.54841886166e-08, 3.74047637308e-08, 5.51469359067e-09],
        "dmean2": [6.81698147673e-05, 0.00114260183182, 0.00100377004128, 0.00114005233627, 0.00348274409771, 0.00168648560066, 0.00113322690595, 0.00141637050547, 0.000440004107077, 0.00121355045121, 0.00037284946302, 0.000439969764557, 0.000332874624291, 0.000151166634168, 0.000135686816066, 0.00017657544231, 0.000140422052937, 7.41241383366e-05, 2.27992040891e-05, 8.83905522642e-06, 2.72511852017e-06, 1.59859303039e-06, 8.80314757978e-07, 5.91874538713e-07, 1.39419825018e-07, 6.29213090519e-08, 9.51271683647e-09],
        "dvar": [1.93608529209e-09, 1.13672138013e-06, 7.1293976589e-07, 2.25133680942e-06, 1.43648394442e-05, 4.38013648818e-06, 1.32965044486e-06, 1.1764046576e-05, 2.24656602654e-07, 3.69144754586e-06, 1.21115803609e-07, 6.55986468701e-07, 3.22323558066e-07, 3.23327391527e-08, 5.60687531959e-08, 5.06067543427e-08, 3.90416943219e-08, 9.42898292777e-09, 7.98817012537e-10, 8.79360473327e-11, 9.71210958878e-12, 3.85347396353e-12, 6.41305151344e-13, 3.28138720623e-13, 1.30987487363e-14, 2.64456433979e-15, 4.7391443768e-17],
        "dvar2": [5.41367928264e-09, 1.92238303498e-06, 1.01859757251e-06, 3.33598359248e-06, 2.61809909716e-05, 9.12150517252e-06, 2.17170122596e-06, 2.45974588324e-05, 3.61927789072e-07, 6.34024854662e-06, 2.42458469302e-07, 1.8018611172e-06, 9.42050803587e-07, 8.19941234909e-08, 1.65271174524e-07, 1.22205477737e-07, 9.55844896566e-08, 2.45512925545e-08, 2.27963514732e-09, 2.38378899953e-10, 2.50077406699e-11, 1.19811452426e-11, 1.82332209227e-12, 9.96079954629e-13, 3.22562614639e-14, 7.80047210093e-15, 1.21362907152e-16],
        "max": [0.000331611081492, 0.0293531194329, 0.0121194701642, 0.0567059256136, 0.129099443555, 0.0364217683673, 0.0303465444595, 0.0696732997894, 0.00649198656902, 0.0314513966441, 0.00509564997628, 0.010239043273, 0.00717682717368, 0.00210139271803, 0.00407949881628, 0.0034662168473, 0.00286216777749, 0.00138940883335, 0.000327048037434, 0.000143029581523, 4.39159448433e-05, 2.44008951995e-05, 1.68917704286e-05, 9.51315996645e-06, 2.90768980449e-06, 1.06434640657e-06, 8.14732956655e-08],
        "mean": [4.92714025313e-05, 0.00472914148122, 0.00245216675103, 0.00238451547921, 0.00590547733009, 0.00258137402125, 0.00270982319489, 0.00170541601256, 0.000707256840542, 0.00153864896856, 0.000476707675261, 0.000393261667341, 0.000294647034025, 0.000147261918755, 0.000117845389468, 0.000196146938833, 0.000140348391142, 7.40948526072e-05, 2.9248496503e-05, 1.42838653119e-05, 4.38523693447e-06, 2.73568980447e-06, 2.11547262552e-06, 1.31896899802e-06, 4.30826986531e-07, 1.82971859886e-07, 1.1440023151e-08],
        "median": [3.38486024702e-05, 0.00301159662195, 0.00187703035772, 0.00102355144918, 0.00255391653627, 0.00132932304405, 0.00131029949989, 0.000423780089477, 0.000437417184003, 0.000493581523187, 0.000272880424745, 0.000119855074445, 9.72485722741e-05, 7.90865160525e-05, 5.22320915479e-05, 7.7965662058e-05, 4.61801682832e-05, 2.63614419964e-05, 1.15985349112e-05, 7.82867664384e-06, 1.74474882897e-06, 1.14854105959e-06, 1.08238180019e-06, 6.94012783242e-07, 2.50558485959e-07, 1.10963689792e-07, 8.27841351025e-09],
        "min": [9.537034099e-24, 2.31440666653e-23, 5.53563694818e-24, 1.44289443769e-23, 2.04708253168e-23, 1.00000362858e-23, 5.36073836022e-23, 3.96502821763e-23, 5.58208768152e-23, 1.38580861294e-22, 9.12168510623e-23, 2.36191063962e-22, 5.81657942549e-23, 8.58282053276e-23, 1.84441927419e-22, 1.52930607192e-22, 1.40075784264e-22, 1.02269379257e-22, 3.08781135693e-22, 4.19226155775e-22, 3.36141431971e-22, 4.83913381092e-22, 6.89218710458e-22, 7.76046623433e-22, 1.06173023999e-21, 1.65111904465e-21, 2.13739613069e-21],
        "var": [2.49634424243e-09, 2.92760050797e-05, 4.63805326945e-06, 3.01203253912e-05, 0.000174565167981, 1.77544552571e-05, 1.41067102959e-05, 2.11793449125e-05, 7.37490609026e-07, 8.8576662165e-06, 3.56202434659e-07, 1.06931531718e-06, 5.21637957718e-07, 5.02668839886e-08, 4.78208335153e-08, 9.99478757535e-08, 7.93765408957e-08, 1.80516028792e-08, 2.37054309515e-09, 3.28253341175e-10, 4.61862423307e-11, 1.50765025464e-11, 6.87104886876e-12, 2.23171437927e-12, 2.31945268114e-13, 2.89478862972e-14, 1.29263659907e-16]
    },
    "erbbands": {
        "dmean": [0.0154800871387, 0.241205826402, 0.741873443127, 2.23978734016, 3.29433822632, 9.88411903381, 12.2643442154, 6.73388814926, 13.1110134125, 16.1576366425, 18.0636959076, 7.22296094894, 25.4234085083, 14.5659370422, 12.194776535, 6.68808794022, 9.20075321198, 4.32967233658, 3.45801687241, 4.84932184219, 5.27226161957, 4.36546182632, 2.82502365112, 0.8735024333, 0.537649691105, 0.283624649048, 0.110080890357, 0.034917332232, 0.0349927544594, 0.0266947001219, 0.0149091351777, 0.0112380264327, 0.00353410234675, 0.00147453288082, 0.000524823146407, 0.00024785977439, 5.87261674809e-05, 1.32330033011e-05, 2.06010349757e-06, 4.83260464534e-06],
        "dmean2": [0.0197918768972, 0.304492741823, 0.927537739277, 2.61631774902, 5.09528827667, 15.0748786926, 16.8589477539, 10.1123170853, 16.7774944305, 23.398399353, 24.612361908, 9.91328144073, 32.6821784973, 19.3656024933, 18.8259925842, 11.2396087646, 15.5016613007, 7.10271167755, 5.84755563736, 8.1460943222, 8.41767978668, 7.45514726639, 4.61160516739, 1.40458965302, 0.916806995869, 0.469941347837, 0.188941150904, 0.058033388108, 0.0593028068542, 0.0453236289322, 0.024786291644, 0.0192799828947, 0.00602621259168, 0.0024677682668, 0.000865199079271, 0.000418162671849, 0.000101662895759, 2.20826241275e-05, 2.84330485556e-06, 6.66395635562e-06],
        "dvar": [0.000282556080492, 0.0814483314753, 0.63171261549, 9.12037754059, 18.0069923401, 164.049102783, 1286.15368652, 89.5508041382, 363.360717773, 790.805419922, 3464.74731445, 156.784332275, 2047.85888672, 692.113769531, 442.083007812, 299.666137695, 766.879882812, 72.6895904541, 39.6834411621, 226.022399902, 182.525619507, 111.874710083, 40.5379219055, 2.6054058075, 1.42752611637, 0.266353756189, 0.0439842753112, 0.00357836321928, 0.00651894696057, 0.00240410189144, 0.000544298905879, 0.000322069507092, 3.10074174195e-05, 5.88405237067e-06, 5.01752253967e-07, 1.18732025101e-07, 6.38755093263e-09, 3.05626496333e-10, 8.47228797535e-12, 4.86327263183e-11],
        "dvar2": [0.000494583044201, 0.135203167796, 0.885050714016, 11.8215990067, 48.3122558594, 390.120635986, 2036.11132812, 194.054428101, 674.221252441, 1605.1697998, 7132.56835938, 260.683288574, 3616.36450195, 1198.74304199, 1107.37609863, 782.047790527, 2270.58056641, 176.914352417, 105.045814514, 674.452331543, 459.673614502, 297.195861816, 106.825325012, 7.68535661697, 3.95324039459, 0.714141428471, 0.107282176614, 0.00967894122005, 0.0200470965356, 0.00718967663124, 0.00147442193702, 0.000971474917606, 9.1672045528e-05, 1.59107185027e-05, 1.35965922254e-06, 3.61969398455e-07, 1.73376761836e-08, 7.9210266124e-10, 1.48751809481e-11, 8.92398377417e-11],
        "max": [0.374742865562, 8.07542037964, 17.2929553986, 120.599449158, 65.8917388916, 299.847198486, 1189.28759766, 141.725234985, 549.435668945, 496.067871094, 1245.24267578, 188.687942505, 718.60369873, 417.238861084, 244.138427734, 236.504302979, 343.272949219, 116.989822388, 76.8034591675, 266.72833252, 233.898773193, 145.660797119, 83.7027206421, 24.8165168762, 17.6321258545, 7.94130563736, 3.07070660591, 0.864276111126, 0.99758374691, 0.620446801186, 0.453592538834, 0.303541064262, 0.102874271572, 0.0467474348843, 0.0177772436291, 0.0059870518744, 0.00149674026761, 0.000285877933493, 0.000112774017907, 0.000252409110544],
        "mean": [0.0670589804649, 1.29476809502, 2.91006684303, 6.45758152008, 7.51583480835, 22.2398681641, 35.3573989868, 16.1969852448, 39.3860282898, 34.7259140015, 32.0173606873, 17.1045513153, 43.7631912231, 25.2189693451, 22.2142295837, 12.2561607361, 13.9209432602, 8.33169078827, 6.47067689896, 8.88236427307, 10.2349443436, 7.54804182053, 4.76610374451, 2.00279641151, 1.21886360645, 0.745321333408, 0.306199610233, 0.107145570219, 0.0988744720817, 0.0808835923672, 0.060381539166, 0.0418666228652, 0.0137278605253, 0.0060551003553, 0.00252714916132, 0.00108064198866, 0.000285738060484, 4.71110615763e-05, 1.38562854772e-05, 2.98286049656e-05],
        "median": [0.0430432856083, 0.85479003191, 2.22522687912, 3.64762210846, 5.42965078354, 10.67993927, 8.47372055054, 10.6855802536, 18.901052475, 17.7997283936, 11.3305282593, 10.4550437927, 18.0545291901, 11.6243181229, 11.6275272369, 5.39677715302, 4.30954837799, 4.28121089935, 3.9098546505, 3.75014352798, 4.26819086075, 2.78507208824, 1.47974348068, 0.881612062454, 0.524350166321, 0.369879126549, 0.132249251008, 0.0472241453826, 0.0395897701383, 0.0381443053484, 0.0312586985528, 0.0217026304454, 0.00698211975396, 0.00330109219067, 0.00154480477795, 0.000648221874144, 0.000175159817445, 3.19064056384e-05, 1.06853967736e-05, 2.2641639589e-05],
        "min": [5.77564322431e-22, 5.33786798254e-21, 6.9729726207e-21, 3.59050637264e-20, 5.86489665864e-20, 6.12395670179e-20, 6.07366024314e-20, 1.26993291283e-19, 8.11653088287e-19, 5.8358171242e-19, 9.85374975596e-19, 9.00028134354e-19, 3.45972096231e-18, 4.45957759569e-18, 4.46178906305e-18, 9.20228918888e-18, 3.08351777216e-18, 4.71572399853e-18, 5.10226756673e-18, 1.40528440408e-17, 6.47487990826e-18, 7.52939167343e-18, 4.94876724687e-18, 1.36578710886e-17, 1.86504280363e-17, 1.8975821037e-17, 1.37862354576e-17, 1.4494623008e-17, 1.80131283878e-17, 1.51333139744e-17, 1.73634855501e-17, 2.02754888698e-17, 1.14578783704e-17, 1.18949349635e-17, 8.44626513416e-18, 6.37167795991e-18, 2.84557678741e-18, 1.15208454266e-18, 3.04754120577e-19, 3.254935354e-20],
        "var": [0.00518986862153, 2.13575911522, 6.20362043381, 143.831253052, 59.0961875916, 1351.5456543, 13314.2480469, 366.473205566, 3540.65234375, 2190.44262695, 6479.03222656, 491.166564941, 5099.19726562, 1699.22167969, 941.820251465, 598.582458496, 1222.64819336, 159.161117554, 65.1700668335, 219.807373047, 315.121398926, 196.523986816, 80.6409072876, 9.68142223358, 3.75734400749, 1.05210125446, 0.194385886192, 0.0230378005654, 0.0220963787287, 0.0112425526604, 0.00539211090654, 0.00217445963062, 0.000264537986368, 5.84004264965e-05, 6.4725768425e-06, 1.07518474124e-06, 7.11210219606e-08, 1.90207471995e-09, 1.72592079517e-10, 8.31304469706e-10]
    },
    "gfcc": {
        "mean": [-86.6231689453, 177.507400513, -115.9923172, 11.535610199, -43.2529716492, -0.684385895729, -32.0923233032, 3.58557581902, -12.455581665, -11.9470691681, -7.85918235779, -5.27075147629, -6.202439785],
        "cov": [[17078.3144531, 2231.18383789, -1843.44580078, 190.414794922, -308.296356201, -76.0376434326, -276.104034424, 38.6074256897, -19.2473831177, -200.055038452, 24.9675960541, -14.4029302597, 107.081710815], [2231.18383789, 666.757446289, -108.256080627, 3.40720748901, -23.8503360748, -18.2576217651, -24.3322086334, -7.75288295746, 21.9464759827, -27.6481075287, 26.6887779236, -30.4771556854, 0.336208462715], [-1843.44580078, -108.256080627, 369.31060791, 2.68412470818, 55.1081695557, 15.2359170914, 50.6733322144, -1.28088998795, 22.9172801971, 45.526676178, 17.7907524109, -6.07350492477, -16.5921344757], [190.414794922, 3.40720748901, 2.68412470818, 85.3286132812, 47.5290603638, 13.736828804, 3.60524177551, 7.4410905838, 11.6645421982, 6.24225664139, 5.81577062607, 5.2049446106, 4.69212913513], [-308.296356201, -23.8503360748, 55.1081695557, 47.5290603638, 83.3386535645, 24.0368270874, 18.4806346893, 3.43954229355, 16.8324737549, 8.48727989197, 5.4990363121, 4.70660161972, 4.88319826126], [-76.0376434326, -18.2576217651, 15.2359170914, 13.736828804, 24.0368270874, 62.7758598328, 33.2600097656, 9.04030799866, 6.11829328537, 11.8797159195, 6.11096000671, 4.19018363953, 3.76099205017], [-276.104034424, -24.3322086334, 50.6733322144, 3.60524177551, 18.4806346893, 33.2600097656, 62.068195343, 25.7173633575, 18.9521484375, 12.8491487503, 9.59799861908, 0.163664504886, 3.69063258171], [38.6074256897, -7.75288295746, -1.28088998795, 7.4410905838, 3.43954229355, 9.04030799866, 25.7173633575, 55.1581268311, 36.1664009094, 13.5099935532, -1.00153279305, 1.40110349655, 0.674212276936], [-19.2473831177, 21.9464759827, 22.9172801971, 11.6645421982, 16.8324737549, 6.11829328537, 18.9521484375, 36.1664009094, 61.9180412292, 37.5648002625, 14.7106990814, -1.08641922474, 1.09020316601], [-200.055038452, -27.6481075287, 45.526676178, 6.24225664139, 8.48727989197, 11.8797159195, 12.8491487503, 13.5099935532, 37.5648002625, 65.1824951172, 32.3420715332, 0.265321314335, -5.25833320618], [24.9675960541, 26.6887779236, 17.7907524109, 5.81577062607, 5.4990363121, 6.11096000671, 9.59799861908, -1.00153279305, 14.7106990814, 32.3420715332, 55.238155365, 19.8433589935, 3.80983662605], [-14.4029302597, -30.4771556854, -6.07350492477, 5.2049446106, 4.70660161972, 4.19018363953, 0.163664504886, 1.40110349655, -1.08641922474, 0.265321314335, 19.8433589935, 43.1437225342, 19.0418758392], [107.081710815, 0.336208462715, -16.5921344757, 4.69212913513, 4.88319826126, 3.76099205017, 3.69063258171, 0.674212276936, 1.09020316601, -5.25833320618, 3.80983662605, 19.0418758392, 38.9617004395]],
        "icov": [[0.000404425372835, -0.00114644947462, 0.00155941455159, -0.00136869365815, 0.000931772519834, -0.000176100438694, 0.000124556623632, -0.00051343528321, 0.000623244966846, -0.000763405230828, 0.000333377160132, -0.000329273578245, -0.00036754264147], [-0.00114644947462, 0.00553712202236, -0.00413957471028, 0.00350847374648, -0.00167866877746, -0.000337847188348, 0.00100773829035, 0.00233967672102, -0.00536746159196, 0.00676209619269, -0.0054165343754, 0.00486839609221, 0.00023788807448], [0.00155941455159, -0.00413957471028, 0.0101517774165, -0.00410038046539, 0.000598872313276, 0.00166217598598, -0.00396282644942, 0.000521781563293, 0.0025739709381, -0.00599965034053, 0.00240165204741, -0.00194641470443, 0.000532395206392], [-0.00136869365815, 0.00350847374648, -0.00410038046539, 0.0233792867512, -0.015288291499, -0.000287616974674, 0.00317854364403, -0.00277009606361, 0.00025173931499, 0.000992931541987, -0.0023977116216, 0.00122550467495, 0.000622913416009], [0.000931772519834, -0.00167866877746, 0.000598872313276, -0.015288291499, 0.0267093703151, -0.00650398060679, -0.00122921180446, 0.0061246547848, -0.00936331879348, 0.00501508498564, 0.000239544999204, -0.00103116233367, -0.00174009695183], [-0.000176100438694, -0.000337847188348, 0.00166217598598, -0.000287616974674, -0.00650398060679, 0.0272824056447, -0.0168449413031, 0.00194576266222, 0.00710820686072, -0.00997626502067, 0.0060091400519, -0.00507429940626, 0.00132000597659], [0.000124556623632, 0.00100773829035, -0.00396282644942, 0.00317854364403, -0.00122921180446, -0.0168449413031, 0.037336319685, -0.0169268716127, -0.00117067049723, 0.0091167986393, -0.0128325270489, 0.010723374784, -0.0066079380922], [-0.00051343528321, 0.00233967672102, 0.000521781563293, -0.00277009606361, 0.0061246547848, 0.00194576266222, -0.0169268716127, 0.0442733801901, -0.0284739546478, 0.0044941152446, 0.00965031608939, -0.00833205785602, 0.00636032735929], [0.000623244966846, -0.00536746159196, 0.0025739709381, 0.00025173931499, -0.00936331879348, 0.00710820686072, -0.00117067049723, -0.0284739546478, 0.0528753213584, -0.0295125711709, 0.00502015370876, -0.000479511130834, -0.00522890407592], [-0.000763405230828, 0.00676209619269, -0.00599965034053, 0.000992931541987, 0.00501508498564, -0.00997626502067, 0.0091167986393, 0.0044941152446, -0.0295125711709, 0.0498313307762, -0.0289291553199, 0.0153278876096, 0.00164699240122], [0.000333377160132, -0.0054165343754, 0.00240165204741, -0.0023977116216, 0.000239544999204, 0.0060091400519, -0.0128325270489, 0.00965031608939, 0.00502015370876, -0.0289291553199, 0.0469634495676, -0.0278397668153, 0.00584962358698], [-0.000329273578245, 0.00486839609221, -0.00194641470443, 0.00122550467495, -0.00103116233367, -0.00507429940626, 0.010723374784, -0.00833205785602, -0.000479511130834, 0.0153278876096, -0.0278397668153, 0.0480179525912, -0.0190296303481], [-0.00036754264147, 0.00023788807448, 0.000532395206392, 0.000622913416009, -0.00174009695183, 0.00132000597659, -0.0066079380922, 0.00636032735929, -0.00522890407592, 0.00164699240122, 0.00584962358698, -0.0190296303481, 0.0365295819938]]
    },
    "melbands": {
        "dmean": [0.000200188034796, 0.000351270165993, 0.000369433662854, 0.000454303168226, 0.000433971843449, 0.000184409931535, 0.000189155936823, 0.000205770542379, 0.000134004832944, 4.55731315014e-05, 0.000137086637551, 7.4090254202e-05, 3.56357886631e-05, 3.5009241401e-05, 1.20686072478e-05, 2.28827284445e-05, 7.72783823777e-06, 6.74582315696e-06, 7.05170987203e-06, 9.00046779861e-06, 6.18963758825e-06, 5.54124972041e-06, 3.67356960851e-06, 1.77119545697e-06, 7.43446548768e-07, 5.50378160824e-07, 2.71600328006e-07, 2.23662908638e-07, 9.74907123918e-08, 3.99837425391e-08, 1.89047923982e-08, 2.15588293884e-08, 2.50590552753e-08, 1.44822980275e-08, 1.04657145172e-08, 9.51305079155e-09, 7.68030261611e-09, 3.28696514451e-09, 1.78858083899e-09, 1.43076617221e-09],
        "dmean2": [0.000252355675912, 0.000441932410467, 0.000448657287052, 0.000711077474989, 0.000593031989411, 0.000275888800388, 0.000241394081968, 0.000298236758681, 0.000182220566785, 6.34151147096e-05, 0.000175296765519, 9.67859523371e-05, 5.39021348231e-05, 5.85375200899e-05, 1.98403595277e-05, 3.8664053136e-05, 1.24300568132e-05, 1.13637552204e-05, 1.20739568956e-05, 1.43679944813e-05, 9.75761304289e-06, 9.22714116314e-06, 6.23329242444e-06, 2.9186617212e-06, 1.21720518109e-06, 9.22282652027e-07, 4.70890938686e-07, 3.80822370971e-07, 1.64659084589e-07, 6.7047821517e-08, 3.20271418275e-08, 3.56454386008e-08, 4.43147669671e-08, 2.43173836623e-08, 1.72358323169e-08, 1.64039519746e-08, 1.34395570228e-08, 5.65326896407e-09, 3.11202086323e-09, 2.39561837034e-09],
        "dvar": [5.27556487384e-08, 1.40309992958e-07, 2.58673253484e-07, 2.76026383972e-07, 1.3395804217e-06, 6.94458606176e-08, 6.55236220837e-08, 2.35781143942e-07, 1.49788178305e-07, 6.89646650898e-09, 6.38651300733e-08, 2.21991136584e-08, 2.39264941193e-09, 1.23248113937e-08, 3.45287604064e-10, 5.41791145281e-09, 2.68089661581e-10, 1.85591333968e-10, 3.59789864568e-10, 2.9603969276e-10, 2.37168285011e-10, 1.77220002562e-10, 7.74545358406e-11, 1.78386697774e-11, 1.96083557377e-12, 1.27457528039e-12, 3.28085432086e-13, 1.70440647273e-13, 3.38491475788e-14, 6.37547172783e-15, 9.80738580286e-16, 2.38617079824e-15, 2.80452100616e-15, 6.60757431961e-16, 3.04497438989e-16, 1.78047437244e-16, 1.60350986682e-16, 2.70832812641e-17, 7.2036355405e-18, 5.55750021299e-18],
        "dvar2": [8.98630929669e-08, 2.04596744879e-07, 4.13602066374e-07, 7.73371425566e-07, 2.09517634175e-06, 1.49647632952e-07, 1.15821947588e-07, 4.91266575864e-07, 3.06138758788e-07, 1.15334026773e-08, 1.11987709772e-07, 3.78191948869e-08, 5.49542589212e-09, 3.33691616561e-08, 9.08467856497e-10, 1.57541517609e-08, 6.23962548296e-10, 5.03476704772e-10, 1.04539188417e-09, 7.53169082657e-10, 5.90624826824e-10, 4.83100337512e-10, 1.83876497362e-10, 4.48808733233e-11, 5.72357742798e-12, 3.59223653427e-12, 8.84258378325e-13, 4.72290609399e-13, 8.06231573473e-14, 1.80767927076e-14, 2.57862748352e-15, 6.85462174895e-15, 8.6373787693e-15, 1.98626981494e-15, 8.16389465745e-16, 5.425289967e-16, 4.76208910968e-16, 8.07250390525e-17, 1.98185625712e-17, 1.49259215969e-17],
        "max": [0.00612886995077, 0.0102019384503, 0.0189090445638, 0.00692630605772, 0.039827182889, 0.0035024783574, 0.00711521040648, 0.00944392476231, 0.00816345307976, 0.00127680588048, 0.00406227866188, 0.00241270870902, 0.000721798103768, 0.00143152463716, 0.000160644311109, 0.000951952009927, 0.000265222013695, 0.000170320621692, 0.000316032383125, 0.000205523145269, 0.00026426059776, 0.000191695144167, 0.000127083927509, 5.8283265389e-05, 2.11646893149e-05, 1.33278408612e-05, 7.40828681955e-06, 5.37727692063e-06, 2.58701174971e-06, 1.12282839382e-06, 4.13959782009e-07, 5.69629264646e-07, 7.16037050097e-07, 3.35970639753e-07, 2.90915608048e-07, 2.57058502484e-07, 1.71156315787e-07, 8.21111569849e-08, 4.74732715361e-08, 3.8932302715e-08],
        "mean": [0.00103149726056, 0.00168643402867, 0.00108456076123, 0.000982352066785, 0.00124870415311, 0.000431375781773, 0.000578824721742, 0.000396071525756, 0.000232025340665, 0.000102045298263, 0.000231112368056, 0.000120034819702, 6.52369781164e-05, 5.71551972826e-05, 1.96082710318e-05, 3.29277536366e-05, 1.34941601573e-05, 1.06302841232e-05, 1.04656110125e-05, 1.52797074406e-05, 1.06644401967e-05, 8.38854703034e-06, 5.64775564271e-06, 2.89292574962e-06, 1.48472747696e-06, 1.08730614556e-06, 5.97864300289e-07, 4.8386044682e-07, 2.33110796444e-07, 9.19246261333e-08, 4.85877116319e-08, 5.16377731685e-08, 6.02892882284e-08, 3.864994369e-08, 3.46446853428e-08, 3.22279447573e-08, 2.28717542683e-08, 9.81337766603e-09, 6.24379481451e-09, 4.62488625175e-09],
        "median": [0.000656763790175, 0.00122075434774, 0.000649772700854, 0.000637955614366, 0.000338521407684, 0.000281724816887, 0.000303194334265, 0.000160724870511, 8.84061155375e-05, 6.35294200038e-05, 8.79016515682e-05, 4.40617659478e-05, 4.1820028855e-05, 1.76405683305e-05, 1.0357283827e-05, 9.24279265746e-06, 7.22422100807e-06, 5.82923894399e-06, 4.3880290832e-06, 5.42352609045e-06, 4.27608574682e-06, 2.9912480386e-06, 1.82240387403e-06, 1.02091951248e-06, 6.49829303256e-07, 4.58352729993e-07, 2.97240205782e-07, 2.27514874496e-07, 1.00421317484e-07, 3.66781236494e-08, 2.21860645411e-08, 2.1556637364e-08, 2.4161540324e-08, 1.93285067951e-08, 1.70899525642e-08, 1.78957364483e-08, 1.18445893094e-08, 5.18384934978e-09, 3.30189009468e-09, 2.49810305775e-09],
        "min": [6.49813718269e-24, 5.25979911089e-24, 6.55526806717e-24, 4.32314038191e-24, 2.23705688262e-24, 3.99064221568e-24, 1.09758469704e-23, 6.76260004015e-24, 7.45113124886e-24, 6.6607557307e-24, 1.81648381627e-23, 1.89828001467e-23, 1.26518845154e-23, 2.96405239687e-23, 1.42582995636e-23, 5.05366107889e-24, 8.92883890716e-24, 6.41712826747e-24, 1.64959776742e-23, 1.45817293793e-23, 6.94782142525e-24, 9.3288237294e-24, 3.45686540062e-24, 5.33450897178e-24, 1.19291072771e-23, 1.05181482954e-23, 1.89279585366e-23, 1.00815650604e-23, 7.74432244834e-24, 9.30811770836e-24, 7.88723091221e-24, 1.10596121656e-23, 8.44406889254e-24, 9.04282378594e-24, 8.14518921708e-24, 1.5475406233e-23, 1.10630586989e-23, 6.63214768998e-24, 8.75194237119e-24, 1.04194649516e-23],
