{
"metadata": {
    "version": {
        "essentia": "2.0.1",
        "extractor": "archive-music 1.0"
    },
    "audio_properties": {
        "analysis_sample_rate": 44100,
        "bitrate": 128,
        "channels": 2,
        "equal_loudness": 0,
        "length": 15.0726528168,
        "replay_gain": -1.38238525391,
        "downmix": "mix"
    },
    "tags": {
        "track": 0,
        "year": 0,
        "album": "",
        "artist": "",
        "comment": "",
        "genre": "",
        "title": ""
    }
},
"highlevel": {
    "culture": {
        "all": {
            "non_western": 0.100758515298,
            "western": 0.899241507053
        },
        "probability": 0.899241507053,
        "value": "western"
    },
    "danceability": {
        "all": {
            "danceable": 0.1242268309,
            "not_danceable": 0.875773191452
        },
        "probability": 0.875773191452,
        "value": "not_danceable"
    },
    "gender": {
        "all": {
            "female": 0.439326226711,
            "male": 0.560673773289
        },
        "probability": 0.560673773289,
        "value": "male"
    },
    "genre_dortmund": {
        "all": {
            "alternative": 0.0329108722508,
            "blues": 0.00437233038247,
            "electronic": 0.466864109039,
            "folkcountry": 0.0770647078753,
            "funksoulrnb": 0.00984452757984,
            "jazz": 0.347801029682,
            "pop": 0.030694693327,
            "raphiphop": 0.000703103258274,
            "rock": 0.0297446381301
        },
        "probability": 0.466864109039,
        "value": "electronic"
    },
    "genre_electronic": {
        "all": {
            "ambient": 0.990682125092,
            "dnb": 0.000642556755338,
            "house": 0.00414371490479,
            "techno": 0.00280085508712,
            "trance": 0.00173074984923
        },
        "probability": 0.990682125092,
        "value": "ambient"
    },
    "genre_rosamerica": {
        "all": {
            "cla": 0.183257654309,
            "dan": 0.00542141171172,
            "hip": 0.00260661845095,
            "jaz": 0.728975594044,
            "pop": 0.0275451373309,
            "rhy": 0.0288978647441,
            "roc": 0.0196886416525,
            "spe": 0.00360708707012
        },
        "probability": 0.728975594044,
        "value": "jaz"
    },
    "genre_tzanetakis": {
        "all": {
            "blu": 0.00818658806384,
            "cla": 0.325870901346,
            "cou": 0.00130669493228,
            "dis": 0.0101959034801,
            "hip": 0.00299881515093,
            "jaz": 0.588874220848,
            "met": 0.00229082209989,
            "pop": 0.00767152849585,
            "reg": 0.0190116148442,
            "roc": 0.0335929207504
        },
        "probability": 0.588874220848,
        "value": "jaz"
    },
    "mirex_ballroom": {
        "all": {
            "ChaChaCha": 0.000198982554139,
            "Jive": 8.40128923301e-05,
            "Quickstep": 0.000380486832,
            "Rumba-American": 0.000279004598269,
            "Rumba-International": 0.0112357269973,
            "Rumba-Misc": 0.00540400203317,
            "Samba": 8.43696398078e-05,
            "Tango": 0.000442683958681,
            "VienneseWaltz": 0.0295726638287,
            "Waltz": 0.952318072319
        },
        "probability": 0.952318072319,
        "value": "Waltz"
    },
    "mood_acoustic": {
        "all": {
            "acoustic": 0.729220449924,
            "not_acoustic": 0.270779550076
        },
        "probability": 0.729220449924,
        "value": "acoustic"
    },
    "mood_aggressive": {
        "all": {
            "aggressive": 0.0830366238952,
            "not_aggressive": 0.916963398457
        },
        "probability": 0.916963398457,
        "value": "not_aggressive"
    },
    "mood_electronic": {
        "all": {
            "electronic": 0.917145431042,
            "not_electronic": 0.0828545764089
        },
        "probability": 0.917145431042,
        "value": "electronic"
    },
    "mood_happy": {
        "all": {
            "happy": 0.11815957725,
            "not_happy": 0.881840407848
        },
        "probability": 0.881840407848,
        "value": "not_happy"
    },
    "mood_party": {
        "all": {
            "not_party": 0.94151866436,
            "party": 0.0584813281894
        },
        "probability": 0.94151866436,
        "value": "not_party"
    },
    "mood_relaxed": {
        "all": {
            "not_relaxed": 0.00300611858256,
            "relaxed": 0.996993899345
        },
        "probability": 0.996993899345,
        "value": "relaxed"
    },
    "mood_sad": {
        "all": {
            "not_sad": 0.343443900347,
            "sad": 0.656556069851
        },
        "probability": 0.656556069851,
        "value": "sad"
    },
    "moods_mirex": {
        "all": {
            "Cluster1": 0.21669948101,
            "Cluster2": 0.293960660696,
            "Cluster3": 0.346293151379,
            "Cluster4": 0.097467571497,
            "Cluster5": 0.0455791354179
        },
        "probability": 0.346293151379,
        "value": "Cluster3"
    },
    "timbre": {
        "all": {
            "bright": 0.00658069225028,
            "dark": 0.993419289589
        },
        "probability": 0.993419289589,
        "value": "dark"
    },
    "tonal_atonal": {
        "all": {
            "atonal": 0.140586197376,
            "tonal": 0.859413802624
        },
        "probability": 0.859413802624,
        "value": "tonal"
    },
    "voice_instrumental": {
        "all": {
            "instrumental": 1,
            "voice": 1.83596018388e-08
        },
        "probability": 1,
        "value": "instrumental"
    }
},
"lowlevel": {
    "average_loudness": 0.750318109989,
    "barkbands_kurtosis": {
        "dmean": 3.74364185333,
        "dmean2": 5.66879463196,
        "dvar": 46.9706954956,
        "dvar2": 91.5298461914,
        "max": 153.242660522,
        "mean": 8.901927948,
        "median": 4.59394836426,
        "min": -1.04724097252,
        "var": 167.68901062
    },
    "barkbands_skewness": {
        "dmean": 0.405845701694,
        "dmean2": 0.618050813675,
        "dvar": 0.230791762471,
        "dvar2": 0.416792392731,
        "max": 8.64797019958,
        "mean": 1.61085808277,
        "median": 1.40113675594,
        "min": -1.95266294479,
        "var": 1.01255178452
    },
    "barkbands_spread": {
        "dmean": 1.25342285633,
        "dmean2": 1.97662246227,
        "dvar": 18.5344161987,
        "dvar2": 43.9667358398,
        "max": 95.8140029907,
        "mean": 5.00354146957,
        "median": 4.39278554916,
        "min": 0.534601330757,
        "var": 32.7326393127
    },
    "dissonance": {
        "dmean": 0.0326872095466,
        "dmean2": 0.0549877099693,
        "dvar": 0.00096851401031,
        "dvar2": 0.00240304111503,
        "max": 0.498640924692,
        "mean": 0.423910021782,
        "median": 0.426111221313,
        "min": 0.0662853941321,
        "var": 0.00155490834732
    },
    "dynamic_complexity": 5.10785961151,
    "erbbands_kurtosis": {
        "dmean": 1.48101246357,
        "dmean2": 2.27037978172,
        "dvar": 3.5000333786,
        "dvar2": 8.16301250458,
        "max": 28.8398551941,
        "mean": 3.0123257637,
        "median": 1.87965345383,
        "min": -1.62125921249,
        "var": 15.219783783
    },
    "erbbands_skewness": {
        "dmean": 0.366268485785,
        "dmean2": 0.543183624744,
        "dvar": 0.0935618504882,
        "dvar2": 0.214465171099,
        "max": 3.81861281395,
        "mean": 1.157512784,
        "median": 1.07582080364,
        "min": -0.919392168522,
        "var": 0.646311700344
    },
    "erbbands_spread": {
        "dmean": 2.62518405914,
        "dmean2": 4.00818729401,
        "dvar": 47.6556663513,
        "dvar2": 119.921188354,
        "max": 145.351333618,
        "mean": 14.3732013702,
        "median": 13.5412511826,
        "min": 3.36598944664,
        "var": 70.3508911133
    },
    "hfc": {
        "dmean": 1.1442605257,
        "dmean2": 1.81939125061,
        "dvar": 2.22488665581,
        "dvar2": 5.64155626297,
        "max": 34.847858429,
        "mean": 6.34268856049,
        "median": 5.33679294586,
        "min": 1.22046740673e-16,
        "var": 36.7998428345
    },
    "melbands_kurtosis": {
        "dmean": 3.52366662025,
        "dmean2": 5.57408905029,
        "dvar": 75.8256759644,
        "dvar2": 134.011993408,
        "max": 175.775238037,
        "mean": 9.62850761414,
        "median": 6.84432220459,
        "min": -1.19519150257,
        "var": 149.190887451
    },
    "melbands_skewness": {
        "dmean": 0.409043908119,
        "dmean2": 0.63075619936,
        "dvar": 0.336491703987,
        "dvar2": 0.728146910667,
        "max": 11.5166015625,
        "mean": 1.95026898384,
        "median": 1.87100017071,
        "min": -0.109034471214,
        "var": 0.841337203979
    },
    "melbands_spread": {
        "dmean": 1.62913990021,
        "dmean2": 2.74442672729,
        "dvar": 67.6097488403,
        "dvar2": 160.937362671,
        "max": 167.596725464,
        "mean": 6.28156471252,
        "median": 5.07270622253,
        "min": 0.573682785034,
        "var": 167.44871521
    },
    "pitch_salience": {
        "dmean": 0.0589093714952,
        "dmean2": 0.0966286882758,
        "dvar": 0.00261323689483,
        "dvar2": 0.0066432915628,
        "max": 0.986189484596,
        "mean": 0.543171525002,
        "median": 0.545464336872,
        "min": 0.187484696507,
        "var": 0.00913148745894
    },
    "silence_rate_20dB": {
        "dmean": 0,
        "dmean2": 0,
        "dvar": 0,
        "dvar2": 0,
        "max": 1,
        "mean": 1,
        "median": 1,
        "min": 1,
        "var": 0
    },
    "silence_rate_30dB": {
        "dmean": 0.0123076923192,
        "dmean2": 0.0246533136815,
        "dvar": 0.0121562415734,
        "dvar2": 0.027127340436,
        "max": 1,
        "mean": 0.984638988972,
        "median": 1,
        "min": 0,
        "var": 0.0151249393821
    },
    "silence_rate_60dB": {
        "dmean": 0.0123076923192,
        "dmean2": 0.0246533136815,
        "dvar": 0.0121562220156,
        "dvar2": 0.0332905985415,
        "max": 1,
        "mean": 0.0906298011541,
        "median": 0,
        "min": 0,
        "var": 0.0824153646827
    },
    "spectral_centroid": {
        "dmean": 53.93019104,
        "dmean2": 79.8652420044,
        "dvar": 93172.21875,
        "dvar2": 101539.78125,
        "max": 10687.3291016,
        "mean": 380.074371338,
        "median": 343.946960449,
        "min": 131.250747681,
        "var": 266564.1875
    },
    "spectral_complexity": {
        "dmean": 1.23076927662,
        "dmean2": 2.0647149086,
        "dvar": 1.28213334084,
        "dvar2": 3.52739572525,
        "max": 16,
        "mean": 8.22580623627,
        "median": 9,
        "min": 0,
        "var": 18.2823314667
    },
    "spectral_crest": {
        "dmean": 2.16722345352,
        "dmean2": 3.58918809891,
        "dvar": 3.74090099335,
        "dvar2": 9.3825340271,
        "max": 23.1761512756,
        "mean": 11.7439365387,
        "median": 11.0106267929,
        "min": 3.46845936775,
        "var": 14.3044757843
    },
    "spectral_decrease": {
        "dmean": 1.3841543467e-09,
        "dmean2": 2.28011121095e-09,
        "dvar": 2.78572261867e-18,
        "dvar2": 7.76381631339e-18,
        "max": -1.09978574378e-29,
        "mean": -6.43964526148e-09,
        "median": -5.1816466673e-09,
        "min": -3.16607682294e-08,
        "var": 3.00791127214e-17
    },
    "spectral_energy": {
        "dmean": 0.0053151124157,
        "dmean2": 0.00875402148813,
        "dvar": 4.1240840801e-05,
        "dvar2": 0.000114772861707,
        "max": 0.122655652463,
        "mean": 0.0248799473047,
        "median": 0.0202657487243,
        "min": 1.11115195918e-20,
        "var": 0.00045068829786
    },
    "spectral_energyband_high": {
        "dmean": 8.35459218251e-07,
        "dmean2": 1.38030554808e-06,
        "dvar": 1.36452904097e-12,
        "dvar2": 3.7340907276e-12,
        "max": 2.00462527573e-05,
        "mean": 3.96450695916e-06,
        "median": 3.67947768609e-06,
        "min": 7.8265293088e-21,
        "var": 1.25002204768e-11
    },
    "spectral_energyband_low": {
        "dmean": 0.00285052927211,
        "dmean2": 0.00449858000502,
        "dvar": 7.74333784648e-06,
        "dvar2": 1.96133605641e-05,
        "max": 0.0411750376225,
        "mean": 0.00933657493442,
        "median": 0.00835797935724,
        "min": 1.2189482494e-22,
        "var": 4.2785966798e-05
    },
    "spectral_energyband_middle_high": {
        "dmean": 0.00033201527549,
        "dmean2": 0.000478701054817,
        "dvar": 2.56368622331e-07,
        "dvar2": 5.48467994577e-07,
        "max": 0.00691000930965,
        "mean": 0.00103992002551,
        "median": 0.000654395087622,
        "min": 1.66412987271e-21,
        "var": 1.46010654589e-06
    },
    "spectral_energyband_middle_low": {
        "dmean": 0.00408490234986,
        "dmean2": 0.00677351374179,
        "dvar": 3.60623562301e-05,
        "dvar2": 0.000105985323898,
        "max": 0.110580317676,
        "mean": 0.0157130677253,
        "median": 0.0111993514001,
        "min": 3.56303277826e-22,
        "var": 0.000341208622558
    },
    "spectral_flatness_db": {
        "dmean": 0.0166044682264,
        "dmean2": 0.0255920812488,
        "dvar": 0.000199880159926,
        "dvar2": 0.000442953285528,
        "max": 0.480586588383,
        "mean": 0.29242169857,
        "median": 0.275751292706,
        "min": 0.0430319793522,
        "var": 0.00496056536213
    },
    "spectral_flux": {
        "dmean": 0.0115448692814,
        "dmean2": 0.0198225211352,
        "dvar": 0.000110198714538,
        "dvar2": 0.000322713283822,
        "max": 0.142688050866,
        "mean": 0.0526051670313,
        "median": 0.051945772022,
        "min": 1.05411193663e-10,
        "var": 0.000581220840104
    },
    "spectral_kurtosis": {
        "dmean": 10.9842338562,
        "dmean2": 19.2780380249,
        "dvar": 74.1787948608,
        "dvar2": 215.771209717,
        "max": 96.6384811401,
        "mean": 32.0234642029,
        "median": 29.296245575,
        "min": -1.16293156147,
        "var": 275.507568359
    },
    "spectral_rms": {
        "dmean": 0.000511388585437,
        "dmean2": 0.000827309268061,
        "dvar": 2.09857830669e-07,
        "dvar2": 5.63649848573e-07,
        "max": 0.0109391063452,
        "mean": 0.00446738116443,
        "median": 0.00444651115686,
        "min": 3.29249258066e-12,
        "var": 4.31561238656e-06
    },
    "spectral_rolloff": {
        "dmean": 114.523269653,
        "dmean2": 197.215805054,
        "dvar": 825595,
        "dvar2": 1485081.625,
        "max": 19035.3515625,
        "mean": 526.356689453,
        "median": 344.53125,
        "min": 86.1328125,
        "var": 3239629
    },
    "spectral_skewness": {
        "dmean": 0.69688141346,
        "dmean2": 1.20242226124,
        "dvar": 0.277783215046,
        "dvar2": 0.820511519909,
        "max": 8.18819332123,
        "mean": 4.12034034729,
        "median": 3.88813495636,
        "min": 0.0518974512815,
        "var": 1.6013147831
    },
    "spectral_spread": {
        "dmean": 296682.78125,
        "dmean2": 451746.46875,
        "dvar": 1.4156660736e+12,
        "dvar2": 1.43588746854e+12,
        "max": 38998528,
        "mean": 1861227.375,
        "median": 1682926.875,
        "min": 992249,
        "var": 3.12194315059e+12
    },
    "spectral_strongpeak": {
        "dmean": 0.226455107331,
        "dmean2": 0.385354489088,
        "dvar": 0.087328620255,
        "dvar2": 0.240054965019,
        "max": 3.42383146286,
        "mean": 0.585770964622,
        "median": 0.301846265793,
        "min": 0,
        "var": 0.456433832645
    },
    "zerocrossingrate": {
        "dmean": 0.00350060104392,
        "dmean2": 0.00524544995278,
        "dvar": 0.000452013482573,
        "dvar2": 0.000751977961045,
        "max": 0.513671875,
        "mean": 0.0187474489212,
        "median": 0.0146484375,
        "min": 0.00244140625,
        "var": 0.00209234049544
    },
    "barkbands": {
        "dmean": [0.000224620889639, 0.00211676792242, 0.00088348868303, 0.00193824013695, 0.00193042703904, 0.00193483824842, 0.000160388546647, 0.000300800078548, 0.000116789189633, 0.00019431731198, 0.000187009485671, 7.65033328207e-05, 2.47910793405e-05, 2.2901353077e-05, 1.0322784874e-05, 1.33386738526e-05, 5.29672752236e-06, 3.20088429362e-06, 2.76099240182e-06, 1.50858204506e-06, 4.59362865968e-07, 1.47923785221e-07, 3.78808557855e-08, 1.92206055516e-08, 1.0511909565e-08, 1.46203076312e-08, 7.80184450377e-08],
        "dmean2": [0.000356712058419, 0.00322561152279, 0.00145196600351, 0.00325201149099, 0.00333020580001, 0.00278458744287, 0.00020622878219, 0.000366631837096, 0.000154068111442, 0.00027691500145, 0.000254082318861, 0.000117554183817, 3.76953612431e-05, 3.72325157514e-05, 1.76646699401e-05, 2.28146855079e-05, 8.94292770681e-06, 5.38380118087e-06, 4.70390750706e-06, 2.59801527136e-06, 7.40577320357e-07, 2.4999053494e-07, 6.52455653949e-08, 3.31742846527e-08, 1.76349974623e-08, 2.47782541152e-08, 1.23800290908e-07],
        "dvar": [6.96346305062e-08, 4.9596314966e-06, 1.01222497051e-06, 9.60499801295e-06, 1.00350071079e-05, 8.05938543635e-06, 6.44773336944e-08, 1.60609616273e-07, 4.87183946518e-08, 1.05311436016e-07, 1.65869678881e-07, 1.85638011629e-08, 1.25148436059e-09, 1.52298440526e-09, 2.15330892006e-10, 3.60882435047e-10, 5.60863890053e-11, 2.68909495366e-11, 1.79851966653e-11, 5.38793575727e-12, 3.8118529058e-13, 4.89787586031e-14, 2.41040906954e-15, 6.07726234381e-16, 1.41049329275e-16, 2.45510461589e-16, 4.81173709885e-15],
        "dvar2": [1.71029128637e-07, 1.06569705167e-05, 2.95222912428e-06, 2.76020527963e-05, 3.22589694406e-05, 1.90594782907e-05, 1.00099406097e-07, 2.26286516636e-07, 7.59693108421e-08, 2.46571119078e-07, 3.06336517042e-07, 3.89351555441e-08, 3.04832803444e-09, 3.91987819981e-09, 5.90882232032e-10, 9.81097647568e-10, 1.42542963544e-10, 7.75324110469e-11, 5.44211863074e-11, 1.48496093894e-11, 1.03866427178e-12, 1.35412473877e-13, 6.97633995996e-15, 1.73160448891e-15, 3.85067318811e-16, 7.01815183557e-16, 1.16186001656e-14],
        "max": [0.00353238265961, 0.0301260277629, 0.00867040921003, 0.0568627826869, 0.0412498675287, 0.05587522313, 0.00513281812891, 0.00991473626345, 0.00436285044998, 0.005470787175, 0.00593231571838, 0.00209488463588, 0.000388809567085, 0.000421200733399, 0.000137336741318, 0.000200496229809, 7.54559732741e-05, 5.17929365742e-05, 3.9994934923e-05, 3.26032131852e-05, 7.92397986515e-06, 3.17021454066e-06, 5.57086991648e-07, 3.28868082988e-07, 1.91277763406e-07, 1.43027335753e-07, 1.17876413697e-06],
        "mean": [0.000362985651009, 0.00617881724611, 0.00167250703089, 0.00341287557967, 0.00429310835898, 0.00625884439796, 0.000398617092287, 0.000896951183677, 0.000267230730969, 0.000488101475639, 0.000337919889716, 0.000138013245305, 5.09369237989e-05, 4.2256564484e-05, 2.27211421588e-05, 2.54279111687e-05, 1.15685688797e-05, 7.62442232372e-06, 7.11057919034e-06, 3.85085195376e-06, 1.35684319957e-06, 5.26606072526e-07, 1.41929930919e-07, 7.7740089921e-08, 5.36354853864e-08, 4.0196518114e-08, 3.55894599124e-07],
        "median": [0.000200189882889, 0.00480774091557, 0.00121073506307, 0.00152591546066, 0.00238381349482, 0.00304936850443, 0.000210283702472, 0.00059057486942, 9.34753916226e-05, 0.000235658080783, 6.10950955888e-05, 6.11245486652e-05, 2.94704623229e-05, 1.65051988006e-05, 1.37737361001e-05, 1.255308689e-05, 8.16601186671e-06, 3.77647143068e-06, 4.08685264119e-06, 2.77025992546e-06, 1.03637705706e-06, 4.04607959581e-07, 1.19118830355e-07, 6.93848249966e-08, 5.22753396126e-08, 3.29408749167e-08, 3.45849798578e-07],
        "min": [1.12697725993e-23, 4.32400031918e-23, 4.99223808111e-23, 3.09664066683e-23, 6.63731220455e-23, 4.65413923911e-23, 4.13609554483e-23, 7.86379969229e-23, 7.42906854484e-23, 5.48807123883e-23, 2.94218927465e-23, 9.30200103868e-23, 2.11794587524e-22, 2.82831928558e-22, 1.42865007098e-22, 1.01512451441e-22, 1.32040510193e-22, 1.70123319439e-22, 2.64928724003e-22, 3.75206808496e-22, 5.62773016375e-22, 3.85156831001e-22, 5.18507897903e-22, 9.40976612787e-22, 1.45573256201e-21, 1.6822604964e-21, 2.25226498176e-21],
        "var": [1.98464178425e-07, 2.7499798307e-05, 2.27080067816e-06, 4.17626142735e-05, 3.7839923607e-05, 7.63392672525e-05, 2.91045608947e-07, 1.29328702769e-06, 2.28291497706e-07, 5.18253216342e-07, 4.5992504738e-07, 4.59534774677e-08, 3.71045616454e-09, 3.47570039416e-09, 7.06375680171e-10, 9.36653754557e-10, 1.59744065198e-10, 8.41635164339e-11, 6.60130144992e-11, 1.8902802934e-11, 1.93475053686e-12, 2.88895020103e-13, 1.54698048669e-14, 4.53775158657e-15, 1.43802678692e-15, 9.91098216747e-16, 3.80034376093e-14]
    },
    "erbbands": {
        "dmean": [0.0795282945037, 0.460841536522, 0.829769492149, 3.64506959915, 7.9222536087, 3.51292181015, 22.8534679413, 8.6589679718, 3.59070920944, 2.2817234993, 8.11962509155, 2.53006744385, 4.02949047089, 11.0814781189, 2.86220145226, 3.32272434235, 1.34502518177, 1.35269939899, 0.506052553654, 0.452918082476, 0.468730002642, 0.245475277305, 0.202127993107, 0.178894549608, 0.09156794101, 0.0675098225474, 0.0257403850555, 0.0141530800611, 0.00562003441155, 0.00220358232036, 0.00102640944533, 0.000574436213356, 0.000260678905761, 0.000138802613947, 8.52264784044e-05, 5.04922172695e-05, 3.7814857933e-05, 0.000122999408632, 4.60849560113e-06, 5.80080404688e-06],
        "dmean2": [0.123931780457, 0.684393763542, 1.30273282528, 6.14377593994, 15.0853748322, 5.50441122055, 33.8700332642, 10.9900550842, 3.86104035378, 2.78609514236, 10.1442184448, 3.32487630844, 5.50106620789, 15.4822311401, 3.98855257034, 5.0607714653, 2.10641646385, 2.17895078659, 0.857069015503, 0.76952445507, 0.790797531605, 0.409929513931, 0.336739987135, 0.315958887339, 0.148303002119, 0.115015521646, 0.0432900413871, 0.0237029660493, 0.00965640321374, 0.00383301870897, 0.00177847896703, 0.000991726876236, 0.00044004060328, 0.000231267375057, 0.00014146551257, 8.30000790302e-05, 6.43350431346e-05, 0.000195778440684, 7.26874077372e-06, 9.5527702797e-06],
        "dvar": [0.00677688606083, 0.221725538373, 0.725592136383, 24.0155601501, 259.566040039, 29.3348464966, 1278.13537598, 139.091629028, 34.5577812195, 8.14627838135, 124.791007996, 16.1783103943, 41.3309059143, 353.147827148, 20.8104152679, 39.8127479553, 4.38757276535, 4.98369216919, 0.567603051662, 0.440191268921, 0.457301527262, 0.131557643414, 0.10320276022, 0.0908977463841, 0.0183707084507, 0.0122267119586, 0.001290899585, 0.000480450951727, 6.68703505653e-05, 1.07939695226e-05, 1.7331400386e-06, 6.05204832027e-07, 9.23791176888e-08, 2.92958368675e-08, 9.00075836086e-09, 2.77491696288e-09, 1.52799028985e-09, 1.19626299977e-08, 1.74880700199e-11, 4.92930002371e-11],
        "dvar2": [0.015528505668, 0.470541805029, 1.85581839085, 71.931022644, 938.299499512, 73.4874649048, 2618.11450195, 232.189529419, 39.0239334106, 11.2203321457, 192.845031738, 26.5734481812, 69.6341934204, 710.248840332, 40.4336242676, 78.0472717285, 10.8421926498, 12.7082910538, 1.6337890625, 1.26160287857, 1.25956404209, 0.324090510607, 0.299686849117, 0.280430883169, 0.0490032844245, 0.0338049791753, 0.00359756150283, 0.00124748202506, 0.000177195775905, 2.97645492537e-05, 4.94813139085e-06, 1.7597886881e-06, 2.69326051239e-07, 8.45659400284e-08, 2.57832084571e-08, 8.14966849561e-09, 4.46382220076e-09, 2.88748118749e-08, 4.61039262323e-11, 1.36839303777e-10],
        "max": [0.729246377945, 7.34840679169, 8.46924495697, 74.4930038452, 243.341751099, 85.5667495728, 809.814086914, 183.619445801, 154.602371216, 43.0047416687, 265.104431152, 66.044052124, 87.5989685059, 226.850784302, 57.006729126, 107.829292297, 21.4007606506, 22.9775886536, 7.77250862122, 7.5400094986, 5.63729763031, 3.79183363914, 3.41794323921, 3.10552120209, 1.34338819981, 1.68174993992, 0.47986087203, 0.302302539349, 0.120260678232, 0.0494606345892, 0.0157653130591, 0.0112344650552, 0.00386623619124, 0.00269261794165, 0.00123433442786, 0.000606389367022, 0.000448038394097, 0.0018539953744, 8.88946815394e-05, 0.000135446985951],
        "mean": [0.179985895753, 1.39315760136, 1.77639138699, 6.6680431366, 12.259604454, 9.55578517914, 63.8076591492, 31.4473876953, 10.4717731476, 7.51656913757, 21.4586982727, 6.9305357933, 9.97106170654, 21.7214851379, 6.45128297806, 6.30599546432, 3.06612563133, 2.75852894783, 1.17847800255, 1.17980325222, 1.04754507542, 0.586435317993, 0.526720106602, 0.422154009342, 0.260924845934, 0.181085333228, 0.0782624557614, 0.0414322838187, 0.0208107866347, 0.00794797483832, 0.00386435468681, 0.00219998811372, 0.0010295715183, 0.000623287225608, 0.000391710520489, 0.000208096636925, 0.000134190559038, 0.000569859170355, 2.84191119135e-05, 2.76440659945e-05],
        "median": [0.142612010241, 1.02425408363, 1.48208248615, 3.97763204575, 5.10914754868, 5.66820526123, 18.1976146698, 19.7777500153, 6.13134527206, 5.54981708527, 12.06341362, 4.15979528427, 5.29841184616, 7.28933191299, 3.38023471832, 2.75207662582, 1.71298348904, 1.47989618778, 0.87062817812, 0.812734305859, 0.676047444344, 0.41795861721, 0.317494481802, 0.241148889065, 0.18431250751, 0.135863244534, 0.0678334012628, 0.0290414672345, 0.0154489092529, 0.00659793335944, 0.00334760476835, 0.00185435765889, 0.000913635885809, 0.000578990613576, 0.000385017308872, 0.000199475573027, 0.000128148938529, 0.000556362327188, 2.77272101812e-05, 2.27274558711e-05],
        "min": [6.77460618758e-22, 1.23743319659e-20, 4.45188508741e-20, 1.09397040004e-19, 7.00475025027e-20, 2.48416244924e-19, 3.26155428524e-19, 4.61489285321e-19, 8.13458616769e-19, 5.57139022984e-19, 2.38482064261e-18, 1.40611108839e-18, 1.49944539242e-18, 1.19818166384e-18, 1.83496432453e-18, 4.34628073514e-18, 9.57113729583e-18, 9.59124936524e-18, 1.63862245959e-17, 7.07635808682e-18, 6.2154189927e-18, 7.09992363529e-18, 8.59138900955e-18, 1.14892955173e-17, 1.38474484773e-17, 1.9706446511e-17, 2.43801427034e-17, 1.75124740133e-17, 1.37788752045e-17, 1.28187253085e-17, 1.57420295697e-17, 1.75392366148e-17, 1.77204834676e-17, 1.3974185782e-17, 1.02687855604e-17, 6.32851939786e-18, 3.40075518555e-18, 1.32714243006e-18, 2.75829036273e-19, 3.37182405249e-20],
        "var": [0.0238744672388, 1.4277946949, 1.80858170986, 83.5590591431, 627.966796875, 150.726867676, 12913.1025391, 1294.11572266, 203.865661621, 57.6707954407, 860.299438477, 82.9133300781, 170.270095825, 1154.73583984, 67.6978683472, 101.37462616, 14.0892057419, 13.0546541214, 1.73066806793, 1.59381735325, 1.36590754986, 0.413936823606, 0.351503282785, 0.260286062956, 0.0817556977272, 0.0408511459827, 0.00624268315732, 0.0020234095864, 0.000440937670646, 5.67637980566e-05, 1.13022415462e-05, 3.85197381547e-06, 7.19514389402e-07, 2.25478601124e-07, 7.24116233641e-08, 1.84270234627e-08, 5.50848122671e-09, 9.3963585357e-08, 2.314030495e-10, 5.49042977749e-10]
    },
    "gfcc": {
        "mean": [-158.780853271, 192.940307617, -69.0080490112, 2.22408390045, -24.4006671906, -14.3591547012, -11.6012010574, -6.13188362122, -16.503370285, -3.57514548302, -8.65389728546, 1.345048666, -5.91175031662],
        "cov": [[20841.3984375, 3294.2097168, -3896.43334961, -483.44909668, -728.965209961, -899.232788086, -117.954376221, -466.366210938, -295.445159912, -250.454223633, 180.868011475, 251.460968018, 474.544189453], [3294.2097168, 764.786010742, -351.40737915, -82.7022018433, -57.0392723083, -136.627365112, -9.97051715851, -64.4014434814, -23.8423652649, -31.9765167236, 16.8231430054, 24.1244468689, 52.2354202271], [-3896.43334961, -351.40737915, 1557.53833008, 147.338287354, 302.548614502, 259.826019287, 80.0131759644, 132.220123291, 105.972549438, 72.0317840576, -72.3400650024, -107.217849731, -197.620620728], [-483.44909668, -82.7022018433, 147.338287354, 80.0499801636, 57.5736541748, 44.5413475037, 13.9012889862, 21.4710617065, 13.1689758301, 5.48842906952, -4.03137397766, -12.80427742, -23.6588783264], [-728.965209961, -57.0392723083, 302.548614502, 57.5736541748, 132.159133911, 73.083946228, 28.8930072784, 29.6936683655, 30.4126625061, 15.8674354553, -10.7109661102, -20.0177669525, -42.5000076294], [-899.232788086, -136.627365112, 259.826019287, 44.5413475037, 73.083946228, 114.80796814, 45.0656089783, 42.8562469482, 15.7782030106, 11.5550889969, -11.6301822662, -18.1594715118, -35.649269104], [-117.954376221, -9.97051715851, 80.0131759644, 13.9012889862, 28.8930072784, 45.0656089783, 58.3628921509, 37.1569213867, 8.81549167633, 0.798182189465, -0.0361456423998, -1.71737825871, -13.1377058029], [-466.366210938, -64.4014434814, 132.220123291, 21.4710617065, 29.6936683655, 42.8562469482, 37.1569213867, 68.3365936279, 31.9845733643, 11.1474599838, -9.15963745117, -10.8156547546, -24.3262062073], [-295.445159912, -23.8423652649, 105.972549438, 13.1689758301, 30.4126625061, 15.7782030106, 8.81549167633, 31.9845733643, 49.7736282349, 26.9817428589, -3.50099158287, -11.6454000473, -11.7413034439], [-250.454223633, -31.9765167236, 72.0317840576, 5.48842906952, 15.8674354553, 11.5550889969, 0.798182189465, 11.1474599838, 26.9817428589, 41.523891449, 10.9073076248, -3.36596417427, -7.33460283279], [180.868011475, 16.8231430054, -72.3400650024, -4.03137397766, -10.7109661102, -11.6301822662, -0.0361456423998, -9.15963745117, -3.50099158287, 10.9073076248, 44.3559265137, 29.65990448, 20.3935451508], [251.460968018, 24.1244468689, -107.217849731, -12.80427742, -20.0177669525, -18.1594715118, -1.71737825871, -10.8156547546, -11.6454000473, -3.36596417427, 29.65990448, 47.4166374207, 36.0490150452], [474.544189453, 52.2354202271, -197.620620728, -23.6588783264, -42.5000076294, -35.649269104, -13.1377058029, -24.3262062073, -11.7413034439, -7.33460283279, 20.3935451508, 36.0490150452, 72.434753418]],
        "icov": [[0.000430246582255, -0.00151888118125, 0.000745912606362, -0.000576387450565, 0.000426777842222, 6.55849726172e-05, -0.000859691004734, 0.000687679450493, -5.07229306095e-05, -5.54426842427e-05, 9.54160932451e-05, -9.30171299842e-05, 0.000486712320708], [-0.00151888118125, 0.00743284076452, -0.00255203619599, 0.00335558876395, -0.00276336749084, 0.00276742968708, 0.000223316281335, -0.000658104370814, -0.000772247964051, 0.00144320796244, -0.000780906178989, 0.00109828135464, -0.00202163727954], [0.000745912606362, -0.00255203619599, 0.00306869787164, -0.000803524977528, -0.0013625768479, -0.00175585655961, -0.000589177478105, 0.000812870333903, -0.000757808622438, -0.00124364939984, 0.00142598990351, -0.00064677267801, 0.00323753384873], [-0.000576387450565, 0.00335558876395, -0.000803524977528, 0.0216360874474, -0.00867782253772, -0.00199700635858, 0.0036270278506, -0.00413034902886, 0.000547142932191, 0.00377064268105, -0.00519204558805, 0.00442741299048, -0.000843936926685], [0.000426777842222, -0.00276336749084, -0.0013625768479, -0.00867782253772, 0.0211241710931, -0.00652002217248, -0.00383466295898, 0.00797568354756, -0.0101053109393, 0.00239377655089, 0.000834333826788, -0.00430125277489, 0.00432349788025], [6.55849726172e-05, 0.00276742968708, -0.00175585655961, -0.00199700635858, -0.00652002217248, 0.0270276013762, -0.0140634253621, -0.00289743184112, 0.00808413140476, -0.00401351461187, 0.00132509227842, 0.00335740740411, -0.0030555287376], [-0.000859691004734, 0.000223316281335, -0.000589177478105, 0.0036270278506, -0.00383466295898, -0.0140634253621, 0.0411069914699, -0.0224488656968, 0.00688068056479, 0.00311812269501, -0.00619395216927, 4.19138559664e-05, -0.00105239567347], [0.000687679450493, -0.000658104370814, 0.000812870333903, -0.00413034902886, 0.00797568354756, -0.00289743184112, -0.0224488656968, 0.0438160337508, -0.0280359815806, 0.00680036284029, 0.00606399122626, -0.00849142856896, 0.0093978298828], [-5.07229306095e-05, -0.000772247964051, -0.000757808622438, 0.000547142932191, -0.0101053109393, 0.00808413140476, 0.00688068056479, -0.0280359815806, 0.0576456002891, -0.0301679074764, 0.00364811718464, 0.00959722418338, -0.0106316879392], [-5.54426842427e-05, 0.00144320796244, -0.00124364939984, 0.00377064268105, 0.00239377655089, -0.00401351461187, 0.00311812269501, 0.00680036284029, -0.0301679074764, 0.0511371977627, -0.0217493828386, 0.00688607757911, 0.0024239977356], [9.54160932451e-05, -0.000780906178989, 0.00142598990351, -0.00519204558805, 0.000834333826788, 0.00132509227842, -0.00619395216927, 0.00606399122626, 0.00364811718464, -0.0217493828386, 0.051358230412, -0.0321842394769, 0.00413421075791], [-9.30171299842e-05, 0.00109828135464, -0.00064677267801, 0.00442741299048, -0.00430125277489, 0.00335740740411, 4.19138559664e-05, -0.00849142856896, 0.00959722418338, 0.00688607757911, -0.0321842394769, 0.0577080398798, -0.0216222312301], [0.000486712320708, -0.00202163727954, 0.00323753384873, -0.000843936926685, 0.00432349788025, -0.0030555287376, -0.00105239567347, 0.0093978298828, -0.0106316879392, 0.0024239977356, 0.00413421075791, -0.0216222312301, 0.0327491723001]]
    },
    "melbands": {
        "dmean": [0.000605790060945, 0.000465248129331, 0.000763568328694, 0.000334564916557, 0.000643931911327, 0.000224742660066, 4.95879394293e-05, 2.82898236037e-05, 6.67741987854e-05, 1.34890669869e-05, 2.03145027626e-05, 4.43030403403e-05, 1.43552615555e-05, 6.26527980785e-06, 8.74075340107e-06, 2.0565585146e-06, 2.80505332739e-06, 7.46856642309e-07, 7.72386556491e-07, 1.2075433915e-06, 3.85168647199e-07, 3.18324026694e-07, 2.19403659685e-07, 1.85487053272e-07, 1.65911643535e-07, 9.36107937832e-08, 7.51144213496e-08, 4.34376126179e-08, 2.21723439608e-08, 1.30888100358e-08, 8.58485194044e-09, 4.2188137428e-09, 2.46439157969e-09, 1.09294695516e-09, 7.49302453418e-10, 5.12135389652e-10, 3.58877760842e-10, 2.27638408123e-10, 1.75761308285e-10, 1.34796993012e-10],
        "dmean2": [0.000944783503655, 0.000708990497515, 0.00131984672043, 0.000633713265415, 0.00096305180341, 0.000300915475236, 5.49005671928e-05, 3.35235454259e-05, 8.50249052746e-05, 1.79363323696e-05, 2.77348099189e-05, 6.22701409156e-05, 1.96390919882e-05, 9.32916736929e-06, 1.38390614666e-05, 3.09567212753e-06, 4.58338445242e-06, 1.26557790736e-06, 1.28562874124e-06, 2.06238701139e-06, 6.57030966522e-07, 5.27818713181e-07, 3.82092537166e-07, 3.10201841103e-07, 2.94296313541e-07, 1.54134013997e-07, 1.29484504896e-07, 7.4238847958e-08, 3.73409783094e-08, 2.19610161167e-08, 1.43015865817e-08, 7.18711223868e-09, 4.26269819442e-09, 1.90238491626e-09, 1.29898858336e-09, 9.07170782938e-10, 6.26190543862e-10, 3.8804218172e-10, 2.94287122449e-10, 2.24630911094e-10],
        "dvar": [4.08761280823e-07, 2.12790055798e-07, 1.55832094606e-06, 4.31975252013e-07, 1.03337345081e-06, 9.59131298828e-08, 6.44949782469e-09, 1.23791266127e-09, 8.43617975477e-09, 5.65143487563e-10, 1.02742492292e-09, 5.54357804106e-09, 7.58437701531e-10, 1.49057238774e-10, 2.56051346792e-10, 1.14398811604e-11, 2.30669441881e-11, 1.30912132263e-12, 1.23287404591e-12, 3.1955770495e-12, 3.66604235033e-13, 2.29100701084e-13, 1.21516593446e-13, 8.30845673294e-14, 7.81339714608e-14, 2.35196265268e-14, 1.26915215533e-14, 5.23902922184e-15, 1.01928577917e-15, 3.95200479838e-16, 1.77501206872e-16, 3.91827912279e-17, 1.26116588401e-17, 2.60972360654e-18, 9.6001640975e-19, 5.28171364727e-19, 2.31986912844e-19, 7.39320719062e-20, 4.07570693239e-20, 2.77609891508e-20],
        "dvar2": [8.86506200004e-07, 5.08090920448e-07, 4.9449472499e-06, 1.62580727192e-06, 2.07272955777e-06, 1.91784067738e-07, 7.45874118024e-09, 1.52500190254e-09, 1.38409088635e-08, 9.32437238532e-10, 1.72307779156e-09, 1.13438103355e-08, 1.41504585827e-09, 2.70043931661e-10, 6.25218266048e-10, 2.47829239769e-11, 6.04786637437e-11, 3.75642659339e-12, 3.32511036934e-12, 8.77019117052e-12, 9.96141754153e-13, 5.60201841512e-13, 3.47818670567e-13, 2.39497142821e-13, 2.40961086804e-13, 6.32819399096e-14, 3.70466732378e-14, 1.45862410827e-14, 2.85174881044e-15, 1.04323118883e-15, 4.77986833124e-16, 1.01813088945e-16, 3.79752961308e-17, 6.97804188076e-18, 2.73934425609e-18, 1.55642273039e-18, 6.64743329956e-19, 2.15083477027e-19, 1.13529479248e-19, 8.46291974371e-20],
        "max": [0.00772873032838, 0.00652846740559, 0.0220839809626, 0.00925356242806, 0.0227424651384, 0.00508463615552, 0.00204048119485, 0.000549568329006, 0.00202260212973, 0.000391803041566, 0.000426719896495, 0.000906795787159, 0.00040353188524, 0.000228364631766, 0.000157489921548, 5.1942835853e-05, 5.17021944688e-05, 1.04718410512e-05, 1.28908804982e-05, 2.0508410671e-05, 5.3859585023e-06, 5.12381939188e-06, 4.3182835725e-06, 3.52491679223e-06, 2.74622152574e-06, 1.67011012309e-06, 1.2621615042e-06, 9.43476322846e-07, 4.09929526768e-07, 3.00352155591e-07, 1.69658051163e-07, 8.34602715827e-08, 3.85740932529e-08, 1.87835045296e-08, 9.72732561166e-09, 9.3337488849e-09, 5.8124172142e-09, 3.05193581518e-09, 2.31730856726e-09, 2.31515295823e-09],
        "mean": [0.00178772746585, 0.00127001595683, 0.00147782708518, 0.000590909621678, 0.00181240914389, 0.00080194871407, 0.000136292830575, 9.40116151469e-05, 0.000170770217665, 3.44894215232e-05, 4.77396533825e-05, 8.61235021148e-05, 2.79982778011e-05, 1.2813144167e-05, 1.57852446137e-05, 4.26000178777e-06, 5.24922961631e-06, 1.56690407493e-06, 1.76923890649e-06, 2.20928723138e-06, 8.97208849437e-07, 6.65267180011e-07, 4.43499004632e-07, 4.4068511329e-07, 3.38917715226e-07, 2.05290433541e-07, 1.66685410363e-07, 1.05810705975e-07, 5.51201360111e-08, 3.02536555807e-08, 2.1023137009e-08, 1.3162614998e-08, 6.85043133331e-09, 3.35390493156e-09, 2.25185936564e-09, 1.75960035431e-09, 1.1382890186e-09, 7.11507630591e-10, 6.01518612697e-10, 4.78313444408e-10],
        "median": [0.00144663080573, 0.00111324782483, 0.000814946833998, 0.000349651440047, 0.000608341302723, 0.000512344064191, 7.36553774914e-05, 6.949903036e-05, 9.38269440667e-05, 1.74748838617e-05, 2.43863451033e-05, 2.89652907668e-05, 9.12057384994e-06, 7.93393337517e-06, 5.52693018108e-06, 2.41334237217e-06, 2.25489065997e-06, 1.06914512799e-06, 9.65346657722e-07, 1.11002316316e-06, 5.5366996321e-07, 4.37958902921e-07, 2.81137204183e-07, 2.18390923123e-07, 1.83535746601e-07, 1.14884180391e-07, 1.16445995957e-07, 7.5530671495e-08, 4.41046061894e-08, 2.06517629664e-08, 1.38032154595e-08, 9.37896160735e-09, 5.33458166529e-09, 2.63282040613e-09, 1.89001703177e-09, 1.46690559699e-09, 9.02949159887e-10, 5.96263927122e-10, 5.30595622994e-10, 4.18801299196e-10],
        "min": [1.07326498308e-23, 2.21361848406e-23, 1.73100852838e-23, 8.82099373281e-24, 1.41500157826e-23, 1.15319994306e-23, 1.06232095797e-23, 6.64558672436e-24, 2.22708875734e-23, 7.6730922529e-24, 7.83679824568e-24, 5.0772965349e-24, 4.90637167598e-24, 7.56503566383e-24, 1.50279059518e-23, 2.32536063129e-23, 1.48117975068e-23, 3.23056716043e-23, 7.83017970268e-24, 7.48121051518e-24, 7.85399777999e-24, 7.18698038589e-24, 8.19616225333e-24, 7.83663179603e-24, 9.48271708138e-24, 1.0544653233e-23, 9.70325024718e-24, 1.33589208233e-23, 1.39970209432e-23, 1.67848080506e-23, 7.29220654204e-24, 8.22081573434e-24, 6.40748207632e-24, 7.32146775959e-24, 9.09121645817e-24, 9.13440264842e-24, 1.19724977823e-23, 1.16049335656e-23, 1.41667585664e-23, 1.15042212715e-23],
