{
"metadata": {
    "version": {
        "essentia": "2.0.1",
        "extractor": "archive-music 1.0"
    },
    "audio_properties": {
        "analysis_sample_rate": 44100,
        "bitrate": 128,
        "channels": 2,
        "equal_loudness": 0,
        "length": 15.1771430969,
        "replay_gain": -6.51102638245,
        "downmix": "mix"
    },
    "tags": {
        "track": 0,
        "year": 0,
        "album": "",
        "artist": "",
        "comment": "",
        "genre": "",
        "title": ""
    }
},
"highlevel": {
    "culture": {
        "all": {
            "non_western": 0.402938127518,
            "western": 0.597061872482
        },
        "probability": 0.597061872482,
        "value": "western"
    },
    "danceability": {
        "all": {
            "danceable": 7.69228790887e-06,
            "not_danceable": 0.999992311001
        },
        "probability": 0.999992311001,
        "value": "not_danceable"
    },
    "gender": {
        "all": {
            "female": 0.957629561424,
            "male": 0.0423704646528
        },
        "probability": 0.957629561424,
        "value": "female"
    },
    "genre_dortmund": {
        "all": {
            "alternative": 0.0292982254177,
            "blues": 0.0294585619122,
            "electronic": 0.170335263014,
            "folkcountry": 0.383481651545,
            "funksoulrnb": 0.00267729884945,
            "jazz": 0.323629975319,
            "pop": 0.0528662800789,
            "raphiphop": 0.00464997254312,
            "rock": 0.00360278226435
        },
        "probability": 0.383481651545,
        "value": "folkcountry"
    },
    "genre_electronic": {
        "all": {
            "ambient": 0.987609624863,
            "dnb": 0.00047537824139,
            "house": 0.00166586460546,
            "techno": 0.00953853782266,
            "trance": 0.000710570835508
        },
        "probability": 0.987609624863,
        "value": "ambient"
    },
    "genre_rosamerica": {
        "all": {
            "cla": 0.998944282532,
            "dan": 4.71804960398e-05,
            "hip": 0.000166705765878,
            "jaz": 0.000361039739801,
            "pop": 5.77463561058e-06,
            "rhy": 2.18556961045e-05,
            "roc": 3.78515142074e-06,
            "spe": 0.000449360843049
        },
        "probability": 0.998944282532,
        "value": "cla"
    },
    "genre_tzanetakis": {
        "all": {
            "blu": 0.0278742723167,
            "cla": 0.395257949829,
            "cou": 0.000818092550617,
            "dis": 0.00140954379458,
            "hip": 0.000399301934522,
            "jaz": 0.568633437157,
            "met": 0.000197608198505,
            "pop": 0.000620867242105,
            "reg": 0.00423162616789,
            "roc": 0.000557267514523
        },
        "probability": 0.568633437157,
        "value": "jaz"
    },
    "mirex_ballroom": {
        "all": {
            "ChaChaCha": 4.54765813629e-06,
            "Jive": 3.61287618489e-07,
            "Quickstep": 5.91377965975e-06,
            "Rumba-American": 3.67703905795e-05,
            "Rumba-International": 6.6459356276e-06,
            "Rumba-Misc": 0.000686310231686,
            "Samba": 6.01741612627e-06,
            "Tango": 9.31220056373e-05,
            "VienneseWaltz": 0.0127212023363,
            "Waltz": 0.986439108849
        },
        "probability": 0.986439108849,
        "value": "Waltz"
    },
    "mood_acoustic": {
        "all": {
            "acoustic": 0.994519293308,
            "not_acoustic": 0.00548070669174
        },
        "probability": 0.994519293308,
        "value": "acoustic"
    },
    "mood_aggressive": {
        "all": {
            "aggressive": 0.00679650669917,
            "not_aggressive": 0.993203520775
        },
        "probability": 0.993203520775,
        "value": "not_aggressive"
    },
    "mood_electronic": {
        "all": {
            "electronic": 0.141110181808,
            "not_electronic": 0.858889818192
        },
        "probability": 0.858889818192,
        "value": "not_electronic"
    },
    "mood_happy": {
        "all": {
            "happy": 0.120040275156,
            "not_happy": 0.879959702492
        },
        "probability": 0.879959702492,
        "value": "not_happy"
    },
    "mood_party": {
        "all": {
            "not_party": 0.917356073856,
            "party": 0.0826439261436
        },
        "probability": 0.917356073856,
        "value": "not_party"
    },
    "mood_relaxed": {
        "all": {
            "not_relaxed": 1.96758705329e-07,
            "relaxed": 0.999999821186
        },
        "probability": 0.999999821186,
        "value": "relaxed"
    },
    "mood_sad": {
        "all": {
            "not_sad": 0.0396715551615,
            "sad": 0.96032845974
        },
        "probability": 0.96032845974,
        "value": "sad"
    },
    "moods_mirex": {
        "all": {
            "Cluster1": 0.0359055921435,
            "Cluster2": 0.2002479285,
            "Cluster3": 0.619063615799,
            "Cluster4": 0.0709099695086,
            "Cluster5": 0.0738729164004
        },
        "probability": 0.619063615799,
        "value": "Cluster3"
    },
    "timbre": {
        "all": {
            "bright": 0.536144137383,
            "dark": 0.46385589242
        },
        "probability": 0.536144137383,
        "value": "bright"
    },
    "tonal_atonal": {
        "all": {
            "atonal": 0.0111394561827,
            "tonal": 0.988860547543
        },
        "probability": 0.988860547543,
        "value": "tonal"
    },
    "voice_instrumental": {
        "all": {
            "instrumental": 0.821193218231,
            "voice": 0.178806766868
        },
        "probability": 0.821193218231,
        "value": "instrumental"
    }
},
"lowlevel": {
    "average_loudness": 0.216707035899,
    "barkbands_kurtosis": {
        "dmean": 14.693898201,
        "dmean2": 21.2809886932,
        "dvar": 1662.90783691,
        "dvar2": 3994.00927734,
        "max": 820.040466309,
        "mean": 37.0004577637,
        "median": 15.6826553345,
        "min": -1.79971909523,
        "var": 4912.93212891
    },
    "barkbands_skewness": {
        "dmean": 0.854585528374,
        "dmean2": 1.17488539219,
        "dvar": 1.39190506935,
        "dvar2": 3.02164936066,
        "max": 26.6657657623,
        "mean": 4.16388511658,
        "median": 3.64732670784,
        "min": -2.57065391541,
        "var": 14.1406593323
    },
    "barkbands_spread": {
        "dmean": 1.26135277748,
        "dmean2": 1.80209577084,
        "dvar": 14.6433486938,
        "dvar2": 32.6730957031,
        "max": 81.5570983887,
        "mean": 4.92126083374,
        "median": 2.12984013557,
        "min": 0.0668092668056,
        "var": 49.7829551697
    },
    "dissonance": {
        "dmean": 0.0502118729055,
        "dmean2": 0.087301120162,
        "dvar": 0.00213442067616,
        "dvar2": 0.00617365213111,
        "max": 0.499999940395,
        "mean": 0.325139552355,
        "median": 0.321913361549,
        "min": 0.102078475058,
        "var": 0.00631352700293
    },
    "dynamic_complexity": 13.1534042358,
    "erbbands_kurtosis": {
        "dmean": 3.15933060646,
        "dmean2": 4.3807477951,
        "dvar": 37.4345436096,
        "dvar2": 78.5859680176,
        "max": 89.0625228882,
        "mean": 6.99180221558,
        "median": 3.09341573715,
        "min": -1.81890952587,
        "var": 143.496032715
    },
    "erbbands_skewness": {
        "dmean": 0.448592334986,
        "dmean2": 0.611277520657,
        "dvar": 0.276064783335,
        "dvar2": 0.604360044003,
        "max": 7.75043964386,
        "mean": 1.76861190796,
        "median": 1.86657333374,
        "min": -3.57200789452,
        "var": 3.48060512543
    },
    "erbbands_spread": {
        "dmean": 2.11229348183,
        "dmean2": 2.84144830704,
        "dvar": 16.1170749664,
        "dvar2": 36.4330062866,
        "max": 87.7468795776,
        "mean": 10.3517589569,
        "median": 8.59932899475,
        "min": 0.604528963566,
        "var": 59.6818695068
    },
    "hfc": {
        "dmean": 0.790546834469,
        "dmean2": 1.10358250141,
        "dvar": 2.47872138023,
        "dvar2": 5.64656114578,
        "max": 42.1543006897,
        "mean": 4.69138097763,
        "median": 1.28633224964,
        "min": 1.15899319649e-16,
        "var": 74.7953567505
    },
    "melbands_kurtosis": {
        "dmean": 7.75424957275,
        "dmean2": 10.9919061661,
        "dvar": 147.942672729,
        "dvar2": 306.442504883,
        "max": 200.549957275,
        "mean": 30.8501014709,
        "median": 21.8247814178,
        "min": -1.8425693512,
        "var": 1165.53564453
    },
    "melbands_skewness": {
        "dmean": 0.616081178188,
        "dmean2": 0.893231451511,
        "dvar": 0.497732520103,
        "dvar2": 1.32884573936,
        "max": 9.50521850586,
        "mean": 3.89589881897,
        "median": 4.16570711136,
        "min": -1.88586521149,
        "var": 6.01816272736
    },
    "melbands_spread": {
        "dmean": 1.69797980785,
        "dmean2": 2.33905434608,
        "dvar": 44.1405296326,
        "dvar2": 54.5518264771,
        "max": 155.702896118,
        "mean": 7.03204298019,
        "median": 2.67259335518,
        "min": 0.219333857298,
        "var": 173.893508911
    },
    "pitch_salience": {
        "dmean": 0.0442679822445,
        "dmean2": 0.0672897398472,
        "dvar": 0.00248176325113,
        "dvar2": 0.00620681606233,
        "max": 0.990374743938,
        "mean": 0.305327445269,
        "median": 0.263977229595,
        "min": 0.0346048697829,
        "var": 0.0307333152741
    },
    "silence_rate_20dB": {
        "dmean": 0,
        "dmean2": 0,
        "dvar": 0,
        "dvar2": 0,
        "max": 1,
        "mean": 1,
        "median": 1,
        "min": 1,
        "var": 0
    },
    "silence_rate_30dB": {
        "dmean": 0,
        "dmean2": 0,
        "dvar": 0,
        "dvar2": 0,
        "max": 1,
        "mean": 1,
        "median": 1,
        "min": 1,
        "var": 0
    },
    "silence_rate_60dB": {
        "dmean": 0.0183486230671,
        "dmean2": 0.0367534458637,
        "dvar": 0.0180119276047,
        "dvar2": 0.0354024320841,
        "max": 1,
        "mean": 0.487022906542,
        "median": 0,
        "min": 0,
        "var": 0.249832823873
    },
    "spectral_centroid": {
        "dmean": 52.4216957092,
        "dmean2": 65.138381958,
        "dvar": 104301.859375,
        "dvar2": 106713.617188,
        "max": 11212.140625,
        "mean": 543.558654785,
        "median": 467.23336792,
        "min": 302.956481934,
        "var": 271933.90625
    },
    "spectral_complexity": {
        "dmean": 0.348623842001,
        "dmean2": 0.624808549881,
        "dvar": 0.340234071016,
        "dvar2": 0.807162463665,
        "max": 8,
        "mean": 2.21679377556,
        "median": 2,
        "min": 0,
        "var": 3.36062884331
    },
    "spectral_crest": {
        "dmean": 1.33169364929,
        "dmean2": 2.01600289345,
        "dvar": 3.52655124664,
        "dvar2": 8.82757568359,
        "max": 26.9090442657,
        "mean": 21.0275878906,
        "median": 23.4981822968,
        "min": 5.9950761795,
        "var": 32.4560394287
    },
    "spectral_decrease": {
        "dmean": 4.30972840748e-10,
        "dmean2": 6.23801899025e-10,
        "dvar": 7.60257254902e-19,
        "dvar2": 1.89408395689e-18,
        "max": -1.51322151853e-31,
        "mean": -2.45951259359e-09,
        "median": -8.40924607726e-10,
        "min": -2.32527224142e-08,
        "var": 2.0498043468e-17
    },
    "spectral_energy": {
        "dmean": 0.00169792107772,
        "dmean2": 0.00245350855403,
        "dvar": 1.17747222248e-05,
        "dvar2": 2.92518034257e-05,
        "max": 0.0915642902255,
        "mean": 0.00970826949924,
        "median": 0.00328605086543,
        "min": 1.05129776782e-20,
        "var": 0.000319304177538
    },
    "spectral_energyband_high": {
        "dmean": 3.13009458353e-08,
        "dmean2": 4.07256059987e-08,
        "dvar": 9.44782243433e-15,
        "dvar2": 1.36409751835e-14,
        "max": 3.39437997354e-06,
        "mean": 1.26030300862e-07,
        "median": 3.09208338933e-08,
        "min": 7.45157657662e-21,
        "var": 7.37373283635e-14
    },
    "spectral_energyband_low": {
        "dmean": 1.91259132976e-07,
        "dmean2": 3.34634705723e-07,
        "dvar": 3.8910332069e-14,
        "dvar2": 1.09566855914e-13,
        "max": 1.57475142259e-06,
        "mean": 3.01773496858e-07,
        "median": 2.51883761848e-07,
        "min": 5.74167866026e-23,
        "var": 5.51755466132e-14
    },
    "spectral_energyband_middle_high": {
        "dmean": 0.000189993006643,
        "dmean2": 0.000186381847016,
        "dvar": 2.62805201601e-07,
        "dvar2": 2.84728002953e-07,
        "max": 0.0131670469418,
        "mean": 0.000805440184195,
        "median": 0.000133344423375,
        "min": 1.68307041042e-21,
        "var": 2.90557954941e-06
    },
    "spectral_energyband_middle_low": {
        "dmean": 0.00160102383234,
        "dmean2": 0.00236615305766,
        "dvar": 1.13500755106e-05,
        "dvar2": 2.88397604891e-05,
        "max": 0.090146318078,
        "mean": 0.00890253763646,
        "median": 0.00285584898666,
        "min": 2.36846108814e-22,
        "var": 0.000293271790724
    },
    "spectral_flatness_db": {
        "dmean": 0.0188342444599,
        "dmean2": 0.0278656482697,
        "dvar": 0.000484816293465,
        "dvar2": 0.00112801184878,
        "max": 0.640372812748,
        "mean": 0.418383777142,
        "median": 0.456058770418,
        "min": 0.0651190653443,
        "var": 0.0157753098756
    },
    "spectral_flux": {
        "dmean": 0.00496720056981,
        "dmean2": 0.00791166350245,
        "dvar": 8.69835421327e-05,
        "dvar2": 0.000187700454262,
        "max": 0.0827104225755,
        "mean": 0.0117635028437,
        "median": 0.00443728733808,
        "min": 1.02532815571e-10,
        "var": 0.000251097779255
    },
    "spectral_kurtosis": {
        "dmean": 13.8901767731,
        "dmean2": 24.4723243713,
        "dvar": 208.242050171,
        "dvar2": 652.613586426,
        "max": 170.312255859,
        "mean": 68.7201309204,
        "median": 73.8613052368,
        "min": -1.18996393681,
        "var": 1453.59362793
    },
    "spectral_rms": {
        "dmean": 0.000223719747737,
        "dmean2": 0.000327185611241,
        "dvar": 1.38754614909e-07,
        "dvar2": 4.23912354108e-07,
        "max": 0.00945150852203,
        "mean": 0.00213899952359,
        "median": 0.00179050362203,
        "min": 3.20258706707e-12,
        "var": 4.89616559207e-06
    },
    "spectral_rolloff": {
        "dmean": 116.127700806,
        "dmean2": 206.955780029,
        "dvar": 809572.25,
        "dvar2": 1480113.5,
        "max": 19272.2167969,
        "mean": 790.844604492,
        "median": 452.197265625,
        "min": 301.46484375,
        "var": 2984044.25
    },
    "spectral_skewness": {
        "dmean": 0.808190584183,
        "dmean2": 1.44284045696,
        "dvar": 0.697129309177,
        "dvar2": 2.16369581223,
        "max": 10.7594633102,
        "mean": 6.3038482666,
        "median": 6.64649438858,
        "min": -0.0514690354466,
        "var": 5.085521698
    },
    "spectral_spread": {
        "dmean": 571677.5,
        "dmean2": 981515.25,
        "dvar": 1.55045946982e+12,
        "dvar2": 1.82146472346e+12,
        "max": 40252128,
        "mean": 2288408.5,
        "median": 1616625.375,
        "min": 624799.75,
        "var": 5.23352775066e+12
    },
    "spectral_strongpeak": {
        "dmean": 0.117064334452,
        "dmean2": 0.160818368196,
        "dvar": 0.0586426071823,
        "dvar2": 0.119606614113,
        "max": 5.18374252319,
        "mean": 1.00742030144,
        "median": 0.686142444611,
        "min": 0,
        "var": 1.49864721298
    },
    "zerocrossingrate": {
        "dmean": 0.00381591054611,
        "dmean2": 0.00421133218333,
        "dvar": 0.000294009922072,
        "dvar2": 0.00021125091007,
        "max": 0.51708984375,
        "mean": 0.0309913232923,
        "median": 0.02001953125,
        "min": 0.01318359375,
        "var": 0.00224750069901
    },
    "barkbands": {
        "dmean": [1.38669960847e-07, 1.45299424048e-07, 2.10014903246e-08, 2.57329624276e-08, 2.65503003902e-05, 0.000201107235625, 0.00141966762021, 4.28897863003e-07, 7.29271505406e-07, 0.000128624247736, 1.85200933629e-05, 4.44096076535e-06, 6.1964186898e-05, 1.38920559039e-05, 3.93206619265e-06, 2.48835681305e-06, 5.66369578792e-07, 3.33666690722e-07, 1.08074203808e-07, 3.72928461445e-08, 9.5684624668e-09, 6.29288487985e-09, 3.28564064844e-09, 3.17568038533e-09, 2.39399344792e-09, 3.48461393074e-09, 1.06926734134e-09],
        "dmean2": [2.43697371616e-07, 2.53538985362e-07, 3.69183261739e-08, 4.55644126873e-08, 2.87175989797e-05, 0.000295045261737, 0.00209881365299, 7.37522611871e-07, 1.15790089694e-06, 0.000119947726489, 2.5390605515e-05, 6.33327090327e-06, 5.84941844863e-05, 1.85206281458e-05, 4.68709004053e-06, 2.93004040941e-06, 7.57784562211e-07, 4.61501343807e-07, 1.53731761543e-07, 5.42398339576e-08, 1.39924951625e-08, 1.04480397667e-08, 5.33711919104e-09, 5.0408157648e-09, 3.92120647064e-09, 5.79776360254e-09, 1.909771008e-09],
        "dvar": [2.2949332796e-14, 2.3311956071e-14, 6.82002500586e-16, 1.24986081055e-14, 1.97007690161e-08, 3.60175590686e-07, 1.14090571515e-05, 2.41227350595e-12, 2.50721284012e-11, 2.31894560443e-07, 7.71631736285e-09, 2.65258093268e-10, 2.27486047777e-08, 2.09561767939e-09, 6.56298071444e-11, 3.83136092297e-11, 1.52955675469e-12, 2.27678292886e-12, 1.59731033738e-13, 1.20407673158e-14, 6.23873594031e-16, 3.42162797161e-16, 7.40294752151e-17, 7.36476420269e-17, 3.17924486155e-17, 2.13315917169e-17, 2.92591608402e-18],
        "dvar2": [6.43264331775e-14, 6.81969739469e-14, 2.00839410376e-15, 3.41703424724e-14, 3.10649426183e-08, 1.13323983442e-06, 2.86731319648e-05, 6.55312306155e-12, 7.26797164119e-11, 2.60705348865e-07, 1.14352847191e-08, 4.54623783064e-10, 1.98854124278e-08, 3.48377415804e-09, 9.95640583867e-11, 4.92570845223e-11, 2.37023768668e-12, 3.37570054375e-12, 2.87759589377e-13, 2.2040039539e-14, 1.37156275852e-15, 9.14779595288e-16, 1.78795129108e-16, 1.63528802837e-16, 8.64057118354e-17, 5.46146561921e-17, 1.00190572519e-17],
        "max": [1.18244781788e-06, 1.08487392936e-06, 2.4211178129e-07, 2.23682559408e-06, 0.0050170137547, 0.00834988988936, 0.0901317149401, 2.48136875598e-05, 9.58212112891e-05, 0.0115049481392, 0.00245769764297, 0.000314722710755, 0.00559394620359, 0.00100850383751, 0.000139244788443, 0.000151949439896, 2.90077769023e-05, 4.25583275501e-05, 1.04031914816e-05, 2.88756268674e-06, 4.03088421308e-07, 3.59708337783e-07, 1.63249822549e-07, 2.33085813761e-07, 1.30762657591e-07, 1.06299168579e-07, 1.78213337421e-08],
        "mean": [1.5460010161e-07, 1.84750206245e-07, 2.73387588123e-08, 2.94757676045e-08, 0.000136442642543, 0.00126356154215, 0.0074988794513, 5.12045744472e-07, 2.83340045826e-06, 0.000359732337529, 7.1724956797e-05, 1.07835612653e-05, 0.000298534112517, 4.43007447757e-05, 1.02607436929e-05, 7.31691716283e-06, 1.63180152413e-06, 9.0609671588e-07, 2.98514180486e-07, 8.73911361055e-08, 2.4333839832e-08, 1.70190386228e-08, 9.48334122342e-09, 1.02459445372e-08, 7.94541055171e-09, 1.51056269715e-08, 2.0164208081e-09],
        "median": [1.07316878939e-07, 1.36883059554e-07, 1.85831350308e-08, 1.08122559794e-08, 1.23885939729e-07, 0.000171716994373, 6.63559285385e-06, 3.32302683148e-08, 3.45255244838e-07, 3.03607021124e-06, 3.85660860047e-06, 4.65962983753e-07, 1.50280075104e-05, 1.24822531689e-06, 4.45508987923e-07, 4.58394936231e-07, 1.8485322073e-07, 5.509355816e-08, 1.23647705408e-08, 6.50330944652e-09, 5.5901576701e-09, 2.4072388527e-09, 2.81888623554e-09, 2.35279951077e-09, 2.45390152642e-09, 9.44420097682e-09, 1.43381329032e-09],
        "min": [2.38155592673e-23, 4.53692744591e-23, 7.45129612079e-24, 7.23008847892e-24, 6.00010002648e-23, 4.40626588982e-23, 1.50787133273e-23, 3.01539367339e-23, 7.30656601932e-23, 8.53414844599e-23, 1.37075967123e-22, 8.38939310097e-23, 7.32912113032e-23, 5.35262697685e-23, 1.8084499937e-22, 1.58007703356e-22, 1.8255956646e-22, 3.01253408417e-22, 2.19571771551e-22, 4.72124593237e-22, 4.1036781579e-22, 4.85249471652e-22, 7.74351367659e-22, 8.1665829355e-22, 1.10154789951e-21, 1.40382092012e-21, 2.46411470119e-21],
        "var": [2.33052153828e-14, 2.85146018397e-14, 8.89660939116e-16, 9.2980526097e-15, 3.64040829481e-07, 3.27351949636e-06, 0.000307877664454, 2.28979899278e-12, 3.24476036317e-11, 1.64499715538e-06, 6.79142218019e-08, 8.1721507339e-10, 6.58492751882e-07, 1.80243091563e-08, 4.53895004915e-10, 3.21742049669e-10, 1.21091383448e-11, 1.32615767326e-11, 1.14292527265e-12, 5.28898654744e-14, 2.76223415682e-15, 1.3623802861e-15, 3.79214824071e-16, 5.29792744607e-16, 1.85795088793e-16, 2.48836442335e-16, 4.69233133081e-18]
    },
    "erbbands": {
        "dmean": [7.78501816967e-06, 2.18258501263e-05, 2.38512129727e-05, 8.13378865132e-05, 0.00170461356174, 0.0607174634933, 1.05928516388, 2.61656284332, 22.7350254059, 5.50822257996, 0.172650560737, 0.0315182581544, 0.630603790283, 5.12798881531, 0.916353106499, 0.41333553195, 3.06902194023, 0.90435642004, 0.465004324913, 0.0845637917519, 0.102952189744, 0.027077389881, 0.0225212909281, 0.00944549962878, 0.00381529005244, 0.00228193239309, 0.000430464511737, 0.000416323717218, 0.000188924066606, 0.0001392247068, 7.57061789045e-05, 9.79285177891e-05, 4.41904230684e-05, 2.68106286967e-05, 1.91863691725e-05, 1.1407508282e-05, 4.09161930293e-06, 3.89746992369e-06, 8.42996200845e-07, 1.90622984064e-06],
        "dmean2": [1.34762958623e-05, 3.85298517358e-05, 3.96106333937e-05, 0.000121905701235, 0.0025250161998, 0.0676493495703, 1.34160232544, 4.26968240738, 34.4344673157, 7.59101867676, 0.24071277678, 0.040111489594, 0.605124652386, 4.78965711594, 1.15714371204, 0.473313510418, 2.8665664196, 1.06006264687, 0.560444831848, 0.105055078864, 0.113591611385, 0.0356173217297, 0.0297422036529, 0.0122390855104, 0.00474084122106, 0.00324468803592, 0.000633389048744, 0.000660545250867, 0.000311813288135, 0.000226788193686, 0.000116432049253, 0.000149109895574, 7.62150084483e-05, 4.42049749836e-05, 3.15342513204e-05, 1.84296623047e-05, 6.90177284923e-06, 6.72472151564e-06, 1.24080997921e-06, 2.74799322142e-06],
        "dvar": [6.29286206477e-11, 6.35773933499e-10, 8.22053980443e-10, 1.02521134693e-07, 0.000165493314853, 0.0707848891616, 14.6934204102, 41.174446106, 2911.7800293, 199.08392334, 0.18831436336, 0.00463132467121, 5.49575090408, 347.415649414, 14.3628749847, 0.905000627041, 62.7198791504, 9.39351844788, 1.48933374882, 0.0491506718099, 0.0505011864007, 0.00300312647596, 0.00725456280634, 0.0010851904517, 0.000159528033691, 4.61438248749e-05, 1.38100608638e-06, 1.34970991894e-06, 2.74836054359e-07, 1.88608666463e-07, 3.15135686435e-08, 9.63829336342e-08, 1.44844349848e-08, 3.71236641428e-09, 2.04789962766e-09, 6.01233840491e-10, 5.09931194492e-11, 2.1207570422e-11, 2.70720815557e-12, 1.47939351741e-11],
        "dvar2": [1.74038755629e-10, 1.94337235193e-09, 2.32539232314e-09, 2.4203944804e-07, 0.000439352443209, 0.0909609794617, 22.7468490601, 151.737060547, 8027.85205078, 358.581268311, 0.3522105515, 0.0103175314143, 6.15603971481, 390.903289795, 23.0979347229, 1.14483308792, 53.5737533569, 13.3434391022, 2.61251997948, 0.0613916069269, 0.0541978739202, 0.00469735916704, 0.00971392169595, 0.00121810275596, 0.000193864718312, 8.21066787466e-05, 2.78491393146e-06, 3.34383526024e-06, 6.97830444096e-07, 5.01722468016e-07, 7.34362899379e-08, 2.34985463976e-07, 3.65303520766e-08, 1.02218509213e-08, 5.27769161707e-09, 1.5382138896e-09, 1.20427084971e-10, 6.37863997732e-11, 6.63844673676e-12, 3.66108324212e-11],
        "max": [5.84633889957e-05, 0.000221346723265, 0.000480986956973, 0.00815866980702, 0.300912022591, 9.95212650299, 122.677688599, 78.849067688, 1292.30554199, 465.792510986, 14.2866067886, 1.374391675, 57.5811309814, 442.06552124, 84.8866119385, 28.7695808411, 299.271575928, 97.4292144775, 41.5210113525, 6.09756135941, 6.26848125458, 1.04972064495, 2.53264474869, 1.28138327599, 0.312654525042, 0.180914998055, 0.030486760661, 0.0172792840749, 0.0106436628848, 0.00735114235431, 0.00375052425079, 0.00659058336169, 0.00291114277206, 0.00118030596059, 0.00115929590538, 0.000555116508622, 0.000199631656869, 7.24402416381e-05, 4.44857141702e-05, 0.000102695514215],
        "mean": [1.08554704639e-05, 3.12954507535e-05, 6.33073213976e-05, 0.000367211148841, 0.00679669110104, 0.337208688259, 6.81817579269, 13.5993518829, 109.038200378, 37.6929931641, 1.16928100586, 0.185979023576, 1.80652427673, 14.5133285522, 3.41859221458, 1.90377748013, 15.213306427, 3.2135925293, 1.50979912281, 0.273584187031, 0.33780798316, 0.0877004191279, 0.0706772431731, 0.031053641811, 0.00984622351825, 0.00557591253892, 0.00121847051196, 0.00103799719363, 0.000547254050616, 0.000361094280379, 0.000239736458752, 0.000275211175904, 0.000146475329529, 8.76390331541e-05, 6.58499920974e-05, 4.42586060672e-05, 1.85529006558e-05, 1.52427091962e-05, 5.00223222843e-06, 1.09354759843e-05],
        "median": [8.26862378744e-06, 2.35983607126e-05, 4.68561593152e-05, 0.000190877894056, 0.00139581656549, 0.0229271035641, 0.630289554596, 8.25530815125, 1.83133161068, 0.0928986221552, 0.0367878936231, 0.090046197176, 0.0855236724019, 0.712263762951, 0.437898814678, 0.293664336205, 0.8283213377, 0.181898251176, 0.259849309921, 0.0417865589261, 0.0237232092768, 0.00989804975688, 0.00434450199828, 0.00146024208516, 0.000519238004927, 0.000327314483002, 0.000291716511128, 0.000173231848748, 9.53995040618e-05, 7.21680407878e-05, 8.16834217403e-05, 5.6591568864e-05, 3.97673575208e-05, 2.75357033388e-05, 2.154507456e-05, 1.6693951693e-05, 9.51765196078e-06, 1.14840786409e-05, 1.86056911389e-06, 3.66820086128e-06],
        "min": [2.27873375162e-21, 6.73660252948e-21, 8.70253054116e-21, 1.39212235271e-20, 1.42326686599e-19, 1.85882295344e-19, 1.5792972987e-19, 5.16546995579e-19, 2.05898398881e-19, 4.03171837214e-19, 9.42309264569e-19, 1.67161042242e-18, 1.5467197984e-18, 3.3543538687e-18, 6.3447561261e-18, 3.55737004721e-18, 2.7875817071e-18, 3.78686469072e-18, 6.54390316729e-18, 9.05717523966e-18, 1.009228507e-17, 1.01355333811e-17, 1.48696154126e-17, 1.09596592157e-17, 1.73466788944e-17, 2.01240668412e-17, 1.64268093855e-17, 1.87431616005e-17, 1.45397787977e-17, 1.744223149e-17, 2.40458045716e-17, 1.59118811824e-17, 1.57497422018e-17, 1.0577306558e-17, 8.71484737034e-18, 4.32918580701e-18, 3.14771071e-18, 1.00408673163e-18, 3.55317370827e-19, 3.89036774574e-20],
        "var": [9.09517253178e-11, 8.12481193435e-10, 4.70551819731e-09, 5.80710945997e-07, 0.000484662334202, 1.4727666378, 244.830108643, 218.710372925, 63472.8984375, 8144.41699219, 7.5834312439, 0.0483763553202, 38.3070449829, 2495.72900391, 105.609901428, 17.5275859833, 1852.04943848, 89.7360916138, 13.9137325287, 0.393541395664, 0.733989715576, 0.0268434192985, 0.0501923784614, 0.0129037695006, 0.000943217542954, 0.000221692098421, 7.82712777436e-06, 5.34037599209e-06, 1.22393225865e-06, 5.96466009029e-07, 2.16903444539e-07, 4.58763992128e-07, 8.75280150581e-08, 2.40196822432e-08, 1.20258167868e-08, 5.21388576757e-09, 5.97779603595e-10, 1.29649097014e-10, 7.66763458282e-11, 4.04424577161e-10]
    },
    "gfcc": {
        "mean": [-365.409698486, 129.701950073, -132.058044434, -77.8698654175, -53.6351013184, -20.984992981, -53.5007324219, -28.2451457977, -18.6116256714, 15.3489370346, 19.4573688507, 25.586769104, 9.97386455536],
        "cov": [[20312.8984375, 3588.40332031, -4269.75634766, -2773.29711914, -859.027038574, -2627.2121582, -1051.39172363, -806.046325684, 647.405822754, -362.264770508, 889.600524902, -457.777801514, 48.0657730103], [3588.40332031, 1202.23254395, -588.514465332, -712.486206055, -197.653869629, -604.498779297, -264.368011475, -379.265777588, -49.9706420898, -257.216552734, 165.789413452, 13.5378293991, 212.499908447], [-4269.75634766, -588.514465332, 1620.59667969, 877.63873291, 148.355239868, 547.303405762, 136.676086426, 58.7207450867, -292.049285889, 10.9805545807, -268.890472412, 198.799072266, 107.748939514], [-2773.29711914, -712.486206055, 877.63873291, 797.887573242, 232.228179932, 501.38885498, 112.700416565, 153.93296814, -191.282104492, 31.1501636505, -216.423309326, 108.938552856, -2.21569871902], [-859.027038574, -197.653869629, 148.355239868, 232.228179932, 209.524490356, 239.700180054, 30.6836051941, 6.11944961548, -113.005722046, -36.8881568909, -76.4765167236, 51.5890197754, 17.4880752563], [-2627.2121582, -604.498779297, 547.303405762, 501.38885498, 239.700180054, 626.61730957, 185.189254761, 126.566322327, -207.417312622, 41.5800437927, -190.087722778, 97.1341400146, -7.99373960495], [-1051.39172363, -264.368011475, 136.676086426, 112.700416565, 30.6836051941, 185.189254761, 185.60206604, 133.141143799, 5.28229522705, 39.0144462585, -53.7883338928, -27.282043457, -56.89245224], [-806.046325684, -379.265777588, 58.7207450867, 153.93296814, 6.11944961548, 126.566322327, 133.141143799, 275.923034668, 183.57699585, 186.05670166, -9.25033378601, -37.958442688, -155.607818604], [647.405822754, -49.9706420898, -292.049285889, -191.282104492, -113.005722046, -207.417312622, 5.28229522705, 183.57699585, 446.302764893, 327.602203369, 151.900177002, -116.830612183, -209.311233521], [-362.264770508, -257.216552734, 10.9805545807, 31.1501636505, -36.8881568909, 41.5800437927, 39.0144462585, 186.05670166, 327.602203369, 400.055175781, 104.218391418, -54.7893791199, -214.324783325], [889.600524902, 165.789413452, -268.890472412, -216.423309326, -76.4765167236, -190.087722778, -53.7883338928, -9.25033378601, 151.900177002, 104.218391418, 153.73324585, -25.2430648804, -66.6796798706], [-457.777801514, 13.5378293991, 198.799072266, 108.938552856, 51.5890197754, 97.1341400146, -27.282043457, -37.958442688, -116.830612183, -54.7893791199, -25.2430648804, 124.735786438, 78.6135101318], [48.0657730103, 212.499908447, 107.748939514, -2.21569871902, 17.4880752563, -7.99373960495, -56.89245224, -155.607818604, -209.311233521, -214.324783325, -66.6796798706, 78.6135101318, 198.496444702]],
        "icov": [[0.000415398855694, -0.00143762212247, 0.00124792160932, -0.00161870440934, 0.00111112662125, -1.76212524821e-05, 0.000392599613406, 0.000225646610488, -7.06580322003e-05, -3.67576176359e-05, 0.000211261940422, 0.000284134817775, 0.000778037938289], [-0.00143762212247, 0.0103278737515, -0.00529704475775, 0.0106639582664, -0.0066052977927, 0.00464910734445, -0.00078907556599, -6.01915198786e-05, 0.0028312462382, -0.00175562745426, 0.00102167355362, -0.00348366936669, -0.00440535973758], [0.00124792160932, -0.00529704475775, 0.00713684270158, -0.00985984597355, 0.00673884805292, -0.000209868521779, -0.00246349256486, 0.00465488387272, -0.00175600510556, -0.00139570888132, 0.00288378819823, -0.00249235820957, 0.00232244515792], [-0.00161870440934, 0.0106639582664, -0.00985984597355, 0.0209955871105, -0.0136041752994, 0.00527959270403, 0.00430565979332, -0.00893293973058, 0.00865811854601, -0.00406502420083, 0.00341961788945, -0.000671959656756, -0.00363980815746], [0.00111112662125, -0.0066052977927, 0.00673884805292, -0.0136041752994, 0.0206726044416, -0.0115347038954, 0.00142375717405, 0.00825912412256, -0.0104467095807, 0.00898870732635, -0.00315723544918, -0.000761047704145, 0.00551960384473], [-1.76212524821e-05, 0.00464910734445, -0.000209868521779, 0.00527959270403, -0.0115347038954, 0.0209199264646, -0.00865720305592, -0.00185554160271, 0.0153698520735, -0.0165921673179, 0.0135137960315, -0.00857113674283, -0.000651005888358], [0.000392599613406, -0.00078907556599, -0.00246349256486, 0.00430565979332, 0.00142375717405, -0.00865720305592, 0.0205828435719, -0.0114850420505, 0.000579569197726, 0.00640477333218, -0.00645570550114, 0.0112396534532, -0.000536586041562], [0.000225646610488, -6.01915198786e-05, 0.00465488387272, -0.00893293973058, 0.00825912412256, -0.00185554160271, -0.0114850420505, 0.0248141251504, -0.0143494093791, 0.00494039384648, 0.00680155633017, -0.011865278706, 0.00992882903665], [-7.06580322003e-05, 0.0028312462382, -0.00175600510556, 0.00865811854601, -0.0104467095807, 0.0153698520735, 0.000579569197726, -0.0143494093791, 0.0287329517305, -0.0211725905538, 0.0044341632165, 0.00388874066994, -0.00412059575319], [-3.67576176359e-05, -0.00175562745426, -0.00139570888132, -0.00406502420083, 0.00898870732635, -0.0165921673179, 0.00640477333218, 0.00494039384648, -0.0211725905538, 0.0266856569797, -0.0128357112408, 0.00205612881109, 0.00821048114449], [0.000211261940422, 0.00102167355362, 0.00288378819823, 0.00341961788945, -0.00315723544918, 0.0135137960315, -0.00645570550114, 0.00680155633017, 0.0044341632165, -0.0128357112408, 0.0333597995341, -0.0166780538857, 0.0102600138634], [0.000284134817775, -0.00348366936669, -0.00249235820957, -0.000671959656756, -0.000761047704145, -0.00857113674283, 0.0112396534532, -0.011865278706, 0.00388874066994, 0.00205612881109, -0.0166780538857, 0.028523042798, -0.0119304396212], [0.000778037938289, -0.00440535973758, 0.00232244515792, -0.00363980815746, 0.00551960384473, -0.000651005888358, -0.000536586041562, 0.00992882903665, -0.00412059575319, 0.00821048114449, 0.0102600138634, -0.0119304396212, 0.0280732028186]]
    },
    "melbands": {
        "dmean": [5.50510179664e-08, 1.49530894333e-08, 1.86461726059e-08, 4.79083155369e-07, 2.98855120491e-05, 5.13745144417e-05, 0.000334953161655, 3.81358440791e-05, 5.25460315259e-08, 1.07310015096e-07, 3.37933488481e-06, 2.22292692342e-05, 3.05713729176e-06, 6.41916926725e-07, 4.4813691602e-06, 5.12988117407e-06, 1.40634813306e-06, 9.02114152268e-07, 1.77474362317e-07, 1.93238136603e-07, 1.00551922344e-07, 2.50560177051e-08, 3.22205835346e-08, 2.4562540446e-08, 6.84756873426e-09, 3.4332743315e-09, 1.45673340057e-09, 1.62703372997e-09, 3.06193126409e-10, 2.4731180992e-10, 2.5147384175e-10, 1.25697896536e-10, 9.28171012271e-11, 8.15912337693e-11, 4.15037136603e-11, 6.44965747476e-11, 6.48020248573e-11, 3.75527907381e-11, 2.49127125179e-11, 2.5227977693e-11],
        "dmean2": [9.54941157261e-08, 2.64860702259e-08, 3.25912203891e-08, 7.98520318313e-07, 3.80382698495e-05, 8.49925781949e-05, 0.000499011366628, 4.90055790578e-05, 8.15406124843e-08, 1.6413103765e-07, 3.32801801051e-06, 2.07616849366e-05, 3.97627945858e-06, 9.51094818902e-07, 4.26512133345e-06, 5.03390538142e-06, 1.74529668584e-06, 1.09049926778e-06, 2.10525783473e-07, 2.36603483472e-07, 1.10380554474e-07, 3.54206441955e-08, 4.11931182498e-08, 3.3373964925e-08, 1.01419654897e-08, 4.22405888045e-09, 2.08223771558e-09, 2.22829732444e-09, 4.97038132874e-10, 3.62717161861e-10, 4.0228242959e-10, 2.071590538e-10, 1.58626473068e-10, 1.31924471347e-10, 6.73385444627e-11, 1.0352419616e-10, 9.99413399261e-11, 6.49540837783e-11, 4.06440645029e-11, 4.18203631447e-11],
        "dvar": [3.21787647255e-15, 3.15439728239e-16, 2.49494909866e-14, 1.59748533846e-11, 1.12290381438e-08, 1.63823568045e-08, 6.33116428617e-07, 1.12128004659e-08, 9.81140793881e-15, 3.86101578227e-13, 1.64092850419e-10, 6.68350264021e-09, 1.84272583303e-10, 1.88502564252e-11, 1.42547140758e-10, 1.41171560553e-10, 2.69597452002e-11, 7.46708944677e-12, 1.30630871246e-13, 3.67933006111e-13, 5.93092672955e-14, 3.44393008442e-15, 6.98214975894e-15, 1.482613606e-14, 6.38232178916e-16, 1.16006456082e-16, 1.69378763095e-17, 3.11487068843e-17, 8.1570834124e-19, 4.30602929935e-19, 4.78070017302e-19, 1.29914208198e-19, 6.61939394474e-20, 6.48476965381e-20, 1.01073376762e-20, 4.33433270572e-20, 4.06113336709e-20, 1.17263498549e-20, 2.89749574791e-21, 3.53654648938e-21],
        "dvar2": [9.08654255354e-15, 9.96716374528e-16, 6.96913907876e-14, 4.18161130722e-11, 1.84660038371e-08, 5.92780331488e-08, 1.65449796441e-06, 1.67626428293e-08, 2.50484312111e-14, 1.09265743155e-12, 1.907397712e-10, 7.519984635e-09, 2.62882909885e-10, 3.25317515981e-11, 1.23393129048e-10, 1.3391121545e-10, 3.84052858959e-11, 1.30742734347e-11, 1.89846090779e-13, 5.03765757408e-13, 6.41450393778e-14, 6.14371038445e-15, 1.06825745488e-14, 2.1845682747e-14, 1.14365710912e-15, 1.43987276288e-16, 2.96411867615e-17, 4.90865684537e-17, 1.81520422047e-18, 8.53370753409e-19, 1.27158846313e-18, 3.33397317239e-19, 1.76397467624e-19, 1.7036339185e-19, 2.43309861901e-20, 1.0984453179e-19, 9.78515567442e-20, 3.16753338252e-20, 7.38602574425e-21, 1.00150642249e-20],
        "max": [4.1729822442e-07, 1.5090205352e-07, 3.13781697514e-06, 8.61612716108e-05, 0.00334979570471, 0.00164864666294, 0.020387256518, 0.00371505436487, 1.13530484214e-06, 1.21636203403e-05, 0.000315047800541, 0.00194322795141, 0.000386549741961, 0.00010749289504, 0.000449798622867, 0.000417800853029, 0.000161331146955, 9.6520758234e-05, 6.31220154901e-06, 1.63256700034e-05, 7.50416666051e-06, 9.56467715696e-07, 1.95913571588e-06, 3.42145222021e-06, 6.68019879413e-07, 2.50934220958e-07, 9.33298451855e-08, 1.60986573405e-07, 1.78235843862e-08, 1.51490784361e-08, 9.72180824732e-09, 7.13955294884e-09, 4.1470276102e-09, 4.51185044881e-09, 1.78786874194e-09, 3.70879482681e-09, 3.84976273082e-09, 2.63794852629e-09, 1.1511238629e-09, 1.02379393851e-09],
        "mean": [7.33054648094e-08, 2.25470415671e-08, 2.03385717157e-08, 1.08935125809e-06, 0.000195730506675, 0.000257201929344, 0.00169894529972, 0.000297719525406, 1.93624160261e-07, 4.6957435984e-07, 9.36856304179e-06, 6.24341628281e-05, 1.22438450489e-05, 1.50296534684e-06, 2.24965133384e-05, 2.41443121922e-05, 4.31251010014e-06, 2.74019612334e-06, 4.77411617794e-07, 4.88917180519e-07, 3.2299965369e-07, 6.51479012959e-08, 8.58884234844e-08, 6.46539817239e-08, 1.87318018874e-08, 8.61600391033e-09, 3.64182195511e-09, 3.58034601966e-09, 6.85905943154e-10, 6.18517737028e-10, 5.56737989044e-10, 3.20696413869e-10, 2.25809745902e-10, 1.92462143445e-10, 1.21941526321e-10, 1.65366859095e-10, 1.62826627181e-10, 1.05608140288e-10, 7.1734194973e-11, 6.66608504507e-11],
        "median": [5.38701137032e-08, 1.77840195903e-08, 7.21392146019e-09, 1.00053494378e-08, 1.09049560706e-05, 0.000116364484711, 9.04242642719e-06, 7.0480695058e-08, 6.14956405798e-08, 5.12032265476e-08, 2.31342198731e-07, 2.11561518881e-06, 9.53800508796e-07, 9.91198518818e-08, 1.15647037546e-06, 1.11228564492e-06, 6.42359125891e-08, 4.88321006742e-07, 2.27874981107e-08, 3.3192296911e-08, 1.79882011508e-08, 8.28587243262e-09, 5.06282527013e-09, 2.09021222553e-09, 7.7228851092e-10, 3.88647780625e-10, 2.78265716025e-10, 1.89134610751e-10, 1.71661282411e-10, 1.44733447449e-10, 7.54478285403e-11, 5.31520626124e-11, 4.1043335397e-11, 3.86915256778e-11, 4.29831205351e-11, 4.41845796062e-11, 3.0612932328e-11, 2.65504198488e-11, 2.30705472087e-11, 2.09837598686e-11],
        "min": [1.6044320096e-23, 5.24719903008e-24, 5.45884883323e-24, 1.38092941358e-23, 5.62414911389e-24, 1.01973461754e-23, 3.34881630572e-24, 4.91472216309e-24, 8.52052213603e-24, 1.06468422747e-23, 8.0323765856e-24, 1.27946817499e-23, 2.20319715819e-23, 1.01263589491e-23, 8.58431731744e-24, 6.6900485027e-24, 6.40647272879e-24, 9.37725268923e-24, 1.17279595792e-23, 1.17681733415e-23, 1.25623369698e-23, 1.17936551265e-23, 8.62758318265e-24, 1.608611868e-23, 7.6752008781e-24, 9.64977099983e-24, 1.53355916816e-23, 1.38596502828e-23, 9.82175451008e-24, 1.15763081699e-23, 1.03756776494e-23, 7.8157096271e-24, 9.38141708595e-24, 9.50283382332e-24, 1.34277647145e-23, 1.25278542819e-23, 9.25728666707e-24, 1.14050038689e-23, 9.77015827372e-24, 8.41019678299e-24],
