{
"metadata": {
    "version": {
        "essentia": "2.0.1",
        "extractor": "archive-music 1.0"
    },
    "audio_properties": {
        "analysis_sample_rate": 44100,
        "bitrate": 128,
        "channels": 2,
        "equal_loudness": 0,
        "length": 15.2555103302,
        "replay_gain": 19.6717357635,
        "downmix": "mix"
    },
    "tags": {
        "track": 0,
        "year": 0,
        "album": "",
        "artist": "",
        "comment": "",
        "genre": "",
        "title": ""
    }
},
"highlevel": {
    "culture": {
        "all": {
            "non_western": 0.00504085374996,
            "western": 0.994959175587
        },
        "probability": 0.994959175587,
        "value": "western"
    },
    "danceability": {
        "all": {
            "danceable": 0.987054765224,
            "not_danceable": 0.0129452263936
        },
        "probability": 0.987054765224,
        "value": "danceable"
    },
    "gender": {
        "all": {
            "female": 0.998945474625,
            "male": 0.00105455075391
        },
        "probability": 0.998945474625,
        "value": "female"
    },
    "genre_dortmund": {
        "all": {
            "alternative": 0.0612705461681,
            "blues": 0.0535247810185,
            "electronic": 0.164875745773,
            "folkcountry": 0.120136842132,
            "funksoulrnb": 0.0266695618629,
            "jazz": 0.434511721134,
            "pop": 0.10499048233,
            "raphiphop": 0.00904379412532,
            "rock": 0.0249765198678
        },
        "probability": 0.434511721134,
        "value": "jazz"
    },
    "genre_electronic": {
        "all": {
            "ambient": 0.644228041172,
            "dnb": 0.309679597616,
            "house": 0.0251318588853,
            "techno": 0.0118847535923,
            "trance": 0.00907576084137
        },
        "probability": 0.644228041172,
        "value": "ambient"
    },
    "genre_rosamerica": {
        "all": {
            "cla": 0.177639842033,
            "dan": 0.010613989085,
            "hip": 0.010789074935,
            "jaz": 0.0548177585006,
            "pop": 0.626672267914,
            "rhy": 0.0552129000425,
            "roc": 0.0590320043266,
            "spe": 0.00522218225524
        },
        "probability": 0.626672267914,
        "value": "pop"
    },
    "genre_tzanetakis": {
        "all": {
            "blu": 0.0223677847534,
            "cla": 0.0705126672983,
            "cou": 0.0216042902321,
            "dis": 0.0358698703349,
            "hip": 0.0230845231563,
            "jaz": 0.252314686775,
            "met": 0.0222837235779,
            "pop": 0.398386746645,
            "reg": 0.0689239725471,
            "roc": 0.0846517160535
        },
        "probability": 0.398386746645,
        "value": "pop"
    },
    "mirex_ballroom": {
        "all": {
            "ChaChaCha": 0.143787235022,
            "Jive": 0.0932327136397,
            "Quickstep": 0.145621374249,
            "Rumba-American": 0.0175589323044,
            "Rumba-International": 0.0305035356432,
            "Rumba-Misc": 0.0263605732471,
            "Samba": 0.14460901916,
            "Tango": 0.0981203913689,
            "VienneseWaltz": 0.209223270416,
            "Waltz": 0.0909829586744
        },
        "probability": 0.209223270416,
        "value": "VienneseWaltz"
    },
    "mood_acoustic": {
        "all": {
            "acoustic": 0.00430687516928,
            "not_acoustic": 0.995693147182
        },
        "probability": 0.995693147182,
        "value": "not_acoustic"
    },
    "mood_aggressive": {
        "all": {
            "aggressive": 0.00904411170632,
            "not_aggressive": 0.990955889225
        },
        "probability": 0.990955889225,
        "value": "not_aggressive"
    },
    "mood_electronic": {
        "all": {
            "electronic": 0.5,
            "not_electronic": 0.5
        },
        "probability": 0.5,
        "value": "electronic"
    },
    "mood_happy": {
        "all": {
            "happy": 0.332412004471,
            "not_happy": 0.667587995529
        },
        "probability": 0.667587995529,
        "value": "not_happy"
    },
    "mood_party": {
        "all": {
            "not_party": 0.646044611931,
            "party": 0.353955358267
        },
        "probability": 0.646044611931,
        "value": "not_party"
    },
    "mood_relaxed": {
        "all": {
            "not_relaxed": 0.345880150795,
            "relaxed": 0.654119849205
        },
        "probability": 0.654119849205,
        "value": "relaxed"
    },
    "mood_sad": {
        "all": {
            "not_sad": 0.281585097313,
            "sad": 0.718414902687
        },
        "probability": 0.718414902687,
        "value": "sad"
    },
    "moods_mirex": {
        "all": {
            "Cluster1": 0.0511097460985,
            "Cluster2": 0.506502747536,
            "Cluster3": 0.30516654253,
            "Cluster4": 0.0835970044136,
            "Cluster5": 0.0536239407957
        },
        "probability": 0.506502747536,
        "value": "Cluster2"
    },
    "timbre": {
        "all": {
            "bright": 0.902744293213,
            "dark": 0.0972556918859
        },
        "probability": 0.902744293213,
        "value": "bright"
    },
    "tonal_atonal": {
        "all": {
            "atonal": 0.999983608723,
            "tonal": 1.63859622262e-05
        },
        "probability": 0.999983608723,
        "value": "atonal"
    },
    "voice_instrumental": {
        "all": {
            "instrumental": 0.999996185303,
            "voice": 3.79706648346e-06
        },
        "probability": 0.999996185303,
        "value": "instrumental"
    }
},
"lowlevel": {
    "average_loudness": 0.769946694374,
    "barkbands_kurtosis": {
        "dmean": 1.21477043629,
        "dmean2": 1.88187468052,
        "dvar": 2.51640415192,
        "dvar2": 5.77020072937,
        "max": 16.4831447601,
        "mean": 0.424871236086,
        "median": -0.262736439705,
        "min": -1.74898672104,
        "var": 5.41279745102
    },
    "barkbands_skewness": {
        "dmean": 0.470206022263,
        "dmean2": 0.754031538963,
        "dvar": 0.168389335275,
        "dvar2": 0.412908375263,
        "max": 4.11953496933,
        "mean": 0.27121257782,
        "median": 0.160042658448,
        "min": -2.04437541962,
        "var": 0.481194406748
    },
    "barkbands_spread": {
        "dmean": 9.44792461395,
        "dmean2": 14.9110479355,
        "dvar": 64.1001968384,
        "dvar2": 151.950363159,
        "max": 98.6171035767,
        "mean": 37.5326461792,
        "median": 37.8035583496,
        "min": 5.73223829269,
        "var": 260.475982666
    },
    "dissonance": {
        "dmean": 0.0293602906168,
        "dmean2": 0.0501365847886,
        "dvar": 0.000575448968448,
        "dvar2": 0.00156632065773,
        "max": 0.499999791384,
        "mean": 0.446242511272,
        "median": 0.449328869581,
        "min": 0.332687348127,
        "var": 0.00112752709538
    },
    "dynamic_complexity": 4.3994140625,
    "erbbands_kurtosis": {
        "dmean": 1.02343308926,
        "dmean2": 1.6411511898,
        "dvar": 1.57839012146,
        "dvar2": 3.54954075813,
        "max": 12.2758102417,
        "mean": 0.111105725169,
        "median": -0.393357992172,
        "min": -1.60928225517,
        "var": 2.7369120121
    },
    "erbbands_skewness": {
        "dmean": 0.484364598989,
        "dmean2": 0.72464042902,
        "dvar": 0.15426954627,
        "dvar2": 0.371605187654,
        "max": 3.23622012138,
        "mean": 0.590059757233,
        "median": 0.507445812225,
        "min": -1.3168233633,
        "var": 0.511032760143
    },
    "erbbands_spread": {
        "dmean": 5.0322728157,
        "dmean2": 8.07287597656,
        "dvar": 16.1168556213,
        "dvar2": 41.3777198792,
        "max": 63.2641410828,
        "mean": 24.3853645325,
        "median": 23.9182777405,
        "min": 5.74108791351,
        "var": 44.8043937683
    },
    "hfc": {
        "dmean": 5.26285839081,
        "dmean2": 8.24012088776,
        "dvar": 49.8263626099,
        "dvar2": 117.402366638,
        "max": 117.675506592,
        "mean": 20.957742691,
        "median": 14.1433324814,
        "min": 1.26454170735e-16,
        "var": 387.261352539
    },
    "melbands_kurtosis": {
        "dmean": 2.08959460258,
        "dmean2": 3.33870053291,
        "dvar": 9.75160694122,
        "dvar2": 22.9310131073,
        "max": 38.4506988525,
        "mean": 2.01584458351,
        "median": 0.540387392044,
        "min": -1.6082752943,
        "var": 19.2543067932
    },
    "melbands_skewness": {
        "dmean": 0.469283521175,
        "dmean2": 0.752148926258,
        "dvar": 0.217762678862,
        "dvar2": 0.581891536713,
        "max": 4.64165353775,
        "mean": 0.756497621536,
        "median": 0.592505812645,
        "min": -0.525710999966,
        "var": 0.476105064154
    },
    "melbands_spread": {
        "dmean": 14.7201786041,
        "dmean2": 23.5844421387,
        "dvar": 173.549865723,
        "dvar2": 434.697692871,
        "max": 162.119812012,
        "mean": 51.9150352478,
        "median": 51.4972038269,
        "min": 5.01305389404,
        "var": 652.300048828
    },
    "pitch_salience": {
        "dmean": 0.0705201923847,
        "dmean2": 0.117178268731,
        "dvar": 0.00311515107751,
        "dvar2": 0.00804811250418,
        "max": 0.827859401703,
        "mean": 0.459135860205,
        "median": 0.445221334696,
        "min": 0.14215709269,
        "var": 0.00928388163447
    },
    "silence_rate_20dB": {
        "dmean": 0,
        "dmean2": 0,
        "dvar": 0,
        "dvar2": 0,
        "max": 1,
        "mean": 1,
        "median": 1,
        "min": 1,
        "var": 0
    },
    "silence_rate_30dB": {
        "dmean": 0,
        "dmean2": 0,
        "dvar": 0,
        "dvar2": 0,
        "max": 1,
        "mean": 1,
        "median": 1,
        "min": 1,
        "var": 0
    },
    "silence_rate_60dB": {
        "dmean": 0.024353120476,
        "dmean2": 0.0487804859877,
        "dvar": 0.0237601008266,
        "dvar2": 0.0494499616325,
        "max": 1,
        "mean": 0.0881458967924,
        "median": 0,
        "min": 0,
        "var": 0.0803769379854
    },
    "spectral_centroid": {
        "dmean": 319.279541016,
        "dmean2": 496.791290283,
        "dvar": 119875.570312,
        "dvar2": 232574.046875,
        "max": 10978.1279297,
        "mean": 2451.3046875,
        "median": 2523.05444336,
        "min": 559.44732666,
        "var": 563437.6875
    },
    "spectral_complexity": {
        "dmean": 1.24505329132,
        "dmean2": 2.1554877758,
        "dvar": 1.26263225079,
        "dvar2": 3.57339406013,
        "max": 17,
        "mean": 8.83586597443,
        "median": 9,
        "min": 0,
        "var": 13.1736650467
    },
    "spectral_crest": {
        "dmean": 3.3192794323,
        "dmean2": 5.37938165665,
        "dvar": 6.70001554489,
        "dvar2": 16.0882987976,
        "max": 24.4294242859,
        "mean": 11.2466001511,
        "median": 10.4321842194,
        "min": 4.12072658539,
        "var": 17.5115451813
    },
    "spectral_decrease": {
        "dmean": 1.1896075236e-09,
        "dmean2": 1.77501391363e-09,
        "dvar": 2.48623918956e-18,
        "dvar2": 4.8937353343e-18,
        "max": 1.9539359336e-17,
        "mean": -3.44769746086e-09,
        "median": -2.52020315727e-09,
        "min": -2.34863346549e-08,
        "var": 1.08864727566e-17
    },
    "spectral_energy": {
        "dmean": 0.00486770970747,
        "dmean2": 0.00728332111612,
        "dvar": 4.19961106672e-05,
        "dvar2": 8.37116313051e-05,
        "max": 0.0979801937938,
        "mean": 0.0149133186787,
        "median": 0.011005054228,
        "min": 1.08014383376e-20,
        "var": 0.000197101922822
    },
    "spectral_energyband_high": {
        "dmean": 0.00027449594927,
        "dmean2": 0.000439967639977,
        "dvar": 1.61468250326e-07,
        "dvar2": 3.89638501019e-07,
        "max": 0.00780306290835,
        "mean": 0.000979566248134,
        "median": 0.000632408657111,
        "min": 7.90853489613e-21,
        "var": 1.19942421861e-06
    },
    "spectral_energyband_low": {
        "dmean": 0.0009054793627,
        "dmean2": 0.00136208161712,
        "dvar": 7.96966787675e-07,
        "dvar2": 1.91025469576e-06,
        "max": 0.00931119825691,
        "mean": 0.00179283809848,
        "median": 0.00135427317582,
        "min": 3.30366111864e-23,
        "var": 2.56183739111e-06
    },
    "spectral_energyband_middle_high": {
        "dmean": 0.00377140380442,
        "dmean2": 0.00562640093267,
        "dvar": 3.06693145831e-05,
        "dvar2": 6.70124354656e-05,
        "max": 0.0735022425652,
        "mean": 0.00943348743021,
        "median": 0.0059054363519,
        "min": 1.36269049507e-21,
        "var": 0.000118539690448
    },
    "spectral_energyband_middle_low": {
        "dmean": 0.00119796162471,
        "dmean2": 0.00158341228962,
        "dvar": 1.43620036397e-05,
        "dvar2": 2.35269999393e-05,
        "max": 0.0716222077608,
        "mean": 0.00242093438283,
        "median": 0.000200305948965,
        "min": 2.52141326595e-22,
        "var": 4.58247377537e-05
    },
    "spectral_flatness_db": {
        "dmean": 0.0215423200279,
        "dmean2": 0.0323466770351,
        "dvar": 0.000270817166893,
        "dvar2": 0.000631187576801,
        "max": 0.275986194611,
        "mean": 0.158358305693,
        "median": 0.157337337732,
        "min": 0.0604663006961,
        "var": 0.00136057566851
    },
    "spectral_flux": {
        "dmean": 0.0140201579779,
        "dmean2": 0.0241845753044,
        "dvar": 0.00017718419258,
        "dvar2": 0.000563671696,
        "max": 0.157184690237,
        "mean": 0.0543220490217,
        "median": 0.0502711236477,
        "min": 6.75019068419e-11,
        "var": 0.000723938632291
    },
    "spectral_kurtosis": {
        "dmean": 1.13410019875,
        "dmean2": 1.99005782604,
        "dvar": 0.884002625942,
        "dvar2": 2.70379543304,
        "max": 9.06500911713,
        "mean": 4.14007234573,
        "median": 3.95161104202,
        "min": -1.24501669407,
        "var": 1.46827566624
    },
    "spectral_rms": {
        "dmean": 0.000566498376429,
        "dmean2": 0.00084009981947,
        "dvar": 2.88405459514e-07,
        "dvar2": 6.00045098054e-07,
        "max": 0.00977703556418,
        "mean": 0.00346267153509,
        "median": 0.00327668106183,
        "min": 3.24622685503e-12,
        "var": 2.55946065408e-06
    },
    "spectral_rolloff": {
        "dmean": 769.45892334,
        "dmean2": 1310.89990234,
        "dvar": 908199.0625,
        "dvar2": 1574063.625,
        "max": 19358.3496094,
        "mean": 2817.27954102,
        "median": 2680.88378906,
        "min": 43.06640625,
        "var": 4714707.5
    },
    "spectral_skewness": {
        "dmean": 0.156540259719,
        "dmean2": 0.267833769321,
        "dvar": 0.0166488550603,
        "dvar2": 0.0483633056283,
        "max": 1.97933888435,
        "mean": 1.36498439312,
        "median": 1.35958957672,
        "min": -0.000987729406916,
        "var": 0.0376593917608
    },
    "spectral_spread": {
        "dmean": 385162.75,
        "dmean2": 653365.5,
        "dvar": 1.66761935667e+12,
        "dvar2": 3.43519841485e+12,
        "max": 42188636,
        "mean": 4360801.5,
        "median": 4162707.75,
        "min": 3094343,
        "var": 4.78554515046e+12
    },
    "spectral_strongpeak": {
        "dmean": 0.993234395981,
        "dmean2": 1.67623829842,
        "dvar": 1.44636130333,
        "dvar2": 3.67281842232,
        "max": 9.38289928436,
        "mean": 1.5877379179,
        "median": 1.08040773869,
        "min": 0,
        "var": 3.38244104385
    },
    "zerocrossingrate": {
        "dmean": 0.0121200773865,
        "dmean2": 0.0155840618536,
        "dvar": 0.000469979626359,
        "dvar2": 0.000905236520339,
        "max": 0.50390625,
        "mean": 0.0951569601893,
        "median": 0.0927734375,
        "min": 0.0009765625,
        "var": 0.00125255959574
    },
    "barkbands": {
        "dmean": [0.00163989595603, 0.000295266101602, 1.45811009133e-05, 3.34065475727e-06, 7.11387610863e-06, 0.00019049551338, 8.63921832206e-06, 3.01361592392e-06, 0.000170057348441, 0.00214449083433, 0.000901460822206, 0.00170345697552, 3.81855461455e-05, 0.000114216003567, 0.000345626904164, 0.000549423391931, 9.07599023776e-05, 0.000130177693791, 0.000553616206162, 0.000143071534694, 0.000208236262552, 0.000108185631689, 6.8481596827e-05, 2.17681990762e-05, 9.0897156042e-06, 3.35987260769e-06, 7.54062466513e-06],
        "dmean2": [0.00237821950577, 0.000501082453411, 2.54520073213e-05, 5.85018233323e-06, 1.21829425552e-05, 0.00026094855275, 1.50026153278e-05, 5.30409624844e-06, 0.000219501074753, 0.00294937891886, 0.00145576917566, 0.00251859659329, 6.26223772997e-05, 0.000197242290596, 0.000587117974646, 0.000939647259656, 0.000152311011334, 0.000228524135309, 0.00095785537269, 0.000231198442634, 0.00034829377546, 0.000183683587238, 0.000122447527247, 3.48793073499e-05, 1.44144614751e-05, 5.3794356063e-06, 1.28115789266e-05],
        "dvar": [3.83910128221e-06, 8.60419078208e-08, 2.00060912281e-10, 1.18579738043e-11, 4.516218996e-11, 3.40347668271e-07, 9.10848965696e-11, 1.02078387409e-10, 1.55510122113e-07, 2.70453128906e-05, 5.82698203289e-06, 9.43653321883e-06, 8.12080980239e-09, 6.58984902202e-08, 8.5847398168e-07, 6.76737386129e-07, 6.41728874484e-08, 1.02938265911e-07, 7.72835846874e-07, 1.0308630749e-07, 9.50640739461e-08, 5.79082382046e-08, 1.41143043919e-08, 1.02845088001e-09, 5.18804554872e-10, 5.65652039097e-11, 5.83496653772e-11],
        "dvar2": [8.0584677562e-06, 2.35755109657e-07, 5.43126266184e-10, 3.26130407402e-11, 1.15687570634e-10, 5.95818676175e-07, 2.72022210313e-10, 3.10403230896e-10, 2.15006124904e-07, 4.83223811898e-05, 1.58348793775e-05, 2.16637363337e-05, 2.20133191675e-08, 1.94909773654e-07, 2.49362574323e-06, 1.78558707375e-06, 1.86297086202e-07, 2.8871298241e-07, 2.26601423492e-06, 2.3954217454e-07, 2.37221883026e-07, 1.55244308075e-07, 4.33903046826e-08, 2.73001621309e-09, 1.13479947661e-09, 1.29615970734e-10, 1.68052294303e-10],
        "max": [0.0203431993723, 0.00243549305014, 0.000120110642456, 2.64614081971e-05, 6.38605342829e-05, 0.00792568363249, 9.91525957943e-05, 0.000184909207746, 0.00669869873673, 0.0690493881702, 0.0295155458152, 0.0435623861849, 0.000984770711511, 0.00356490840204, 0.00977165810764, 0.00981926172972, 0.00371940201148, 0.00306068663485, 0.00929198414087, 0.00502003729343, 0.00354413245805, 0.00437412504107, 0.00176875758916, 0.000382192258257, 0.000561583787203, 0.000168528524227, 9.70272303675e-05],
        "mean": [0.00257941149175, 0.00044504168909, 1.67673297256e-05, 4.09599078921e-06, 1.14720205602e-05, 0.000423528457759, 1.19374744827e-05, 4.22504353992e-06, 0.000334715441568, 0.00356532726437, 0.00116794626229, 0.00250000623055, 5.7094523072e-05, 0.000180302959052, 0.000412739289459, 0.000763732998166, 0.000144132296555, 0.000194299587747, 0.000880148727447, 0.000267980358331, 0.000426377984695, 0.000228564953431, 0.000157383197802, 5.78288127144e-05, 3.02961125271e-05, 1.00908791865e-05, 3.78944714612e-05],
        "median": [0.00165080325678, 0.000357454729965, 1.19500582514e-05, 2.99921066471e-06, 1.00146635305e-05, 9.03373256733e-06, 9.32402053877e-06, 3.23505946653e-06, 3.86641258956e-05, 0.000236100080656, 1.91692633962e-05, 0.00127005111426, 2.80270205621e-06, 2.03607560252e-05, 2.95370427921e-05, 0.000442018790636, 1.35286109071e-05, 3.41004852089e-05, 0.000532961159479, 6.93298643455e-05, 0.00026003777748, 0.000110440509161, 8.75747718965e-05, 4.02646946895e-05, 1.36998296512e-05, 5.48520620214e-06, 3.72592694475e-05],
        "min": [3.43213816111e-24, 9.24678692842e-24, 7.65783804958e-24, 1.71084745245e-23, 2.13238016809e-23, 2.18831324617e-23, 1.01364484801e-23, 3.82130154723e-23, 6.55610181426e-23, 8.65209072439e-23, 2.24974058269e-23, 9.17383259859e-23, 3.58106090052e-23, 9.09749042672e-23, 1.0450905003e-22, 1.26047275149e-22, 1.31844228978e-22, 1.97769940672e-22, 2.02634271584e-22, 2.47255437692e-22, 3.48433879115e-22, 4.71193964561e-22, 4.22278605716e-22, 8.48104586395e-22, 1.2798961983e-21, 1.67942685754e-21, 2.78688639233e-21],
        "var": [8.47831597639e-06, 1.46557283642e-07, 2.4392565745e-10, 1.43894991408e-11, 6.60773866179e-11, 1.43805823427e-06, 1.06417562262e-10, 6.27961363464e-11, 4.8560787036e-07, 7.25246281945e-05, 8.68680217536e-06, 1.83745742106e-05, 1.67604365942e-08, 1.43406424513e-07, 1.14246915928e-06, 1.05268259176e-06, 1.04391126854e-07, 1.79505235565e-07, 1.27922385218e-06, 2.68715808716e-07, 2.88845683372e-07, 1.51056724462e-07, 4.86697437907e-08, 3.42328698721e-09, 3.08884473554e-09, 3.11655506957e-10, 2.83302215021e-10]
    },
    "erbbands": {
        "dmean": [0.024819387123, 0.0199298597872, 0.0150764659047, 0.01292009186, 0.0236800927669, 0.0237781666219, 0.289736747742, 2.3826007843, 0.373967349529, 0.0712239816785, 0.277528107166, 5.43177270889, 62.5795097351, 33.0181655884, 51.0110931396, 43.0701065063, 2.68943524361, 4.67001485825, 4.38478517532, 27.0455322266, 35.8398742676, 5.33617782593, 6.19936609268, 23.8273277283, 12.9890470505, 8.72315597534, 11.7938928604, 3.39366030693, 5.00091362, 1.92162644863, 1.64723038673, 0.594516217709, 0.347756206989, 0.152527153492, 0.0632599517703, 0.0219275541604, 0.00587060442194, 0.0117276441306, 0.000376945623429, 8.83383654582e-06],
        "dmean2": [0.0405718199909, 0.0342108160257, 0.0265184789896, 0.0222522895783, 0.0412335284054, 0.0396642647684, 0.398465007544, 3.25832724571, 0.578495800495, 0.126571446657, 0.36906516552, 7.00399494171, 85.2189254761, 48.8412971497, 79.3126907349, 63.4109344482, 4.25904083252, 8.14431381226, 7.44230890274, 46.1509284973, 61.4432182312, 9.09721755981, 10.7864637375, 41.1138725281, 22.2582836151, 13.9903306961, 19.4004383087, 5.91097927094, 8.50239181519, 3.28141784668, 2.94774913788, 0.979275226593, 0.591772377491, 0.248926877975, 0.0996228903532, 0.0347640402615, 0.00977754872292, 0.0198919586837, 0.000640419311821, 1.37843098855e-05],
        "dvar": [0.000605637906119, 0.000372558803065, 0.000213898543734, 0.000145070240251, 0.000564138113987, 0.000534080551006, 0.676166892052, 54.2054748535, 0.600327372551, 0.0401126258075, 0.449568599463, 128.1980896, 27320.8105469, 3680.87744141, 7968.39355469, 5779.13574219, 18.6696624756, 149.915939331, 50.4511985779, 5698.23681641, 2790.26757812, 91.7410430908, 183.153930664, 1546.55310059, 341.964416504, 377.568054199, 296.796051025, 46.1212005615, 105.90586853, 9.84254264832, 14.7182731628, 0.79208701849, 0.348045140505, 0.0951170101762, 0.0292924195528, 0.00337403733283, 0.000142900753417, 0.000139504321851, 1.44194615359e-07, 7.93162063806e-11],
        "dvar2": [0.00163714028895, 0.00100588495843, 0.000571722106542, 0.000418054260081, 0.00149168586358, 0.00131534878165, 1.15880453587, 95.2328720093, 1.19612896442, 0.126683473587, 0.76467871666, 193.078277588, 46203.140625, 7822.99755859, 20740.8066406, 13077.1308594, 48.480052948, 446.264526367, 149.119384766, 16860.1347656, 7341.34960938, 242.189498901, 509.284454346, 4629.68798828, 969.95690918, 885.534301758, 696.62878418, 139.268585205, 274.338043213, 24.778503418, 45.3023490906, 2.17046117783, 0.936649441719, 0.255675703287, 0.0691652670503, 0.00826248340309, 0.000335670658387, 0.000403628800996, 4.14436584606e-07, 1.88847312788e-10],
        "max": [0.209163993597, 0.142910212278, 0.147909834981, 0.0845481306314, 0.162962570786, 0.268737405539, 11.1253652573, 99.9006195068, 11.396818161, 3.65638637543, 11.5445785522, 167.171539307, 2670.08740234, 752.846313477, 1020.61572266, 1150.32836914, 51.4130744934, 176.758178711, 71.1104202271, 875.712768555, 702.369750977, 145.207717896, 139.990524292, 450.182403564, 192.55708313, 306.755859375, 226.128570557, 89.8717422485, 185.331573486, 60.7156715393, 56.4530715942, 10.5566043854, 7.83624505997, 4.83133125305, 4.21174764633, 1.42541885376, 0.285625070333, 0.152857556939, 0.00487800920382, 0.000166059369803],
        "mean": [0.039548907429, 0.0326537229121, 0.0206064470112, 0.0183589514345, 0.0310988612473, 0.0420904718339, 0.58815073967, 5.3552069664, 0.738743185997, 0.133266121149, 0.659073352814, 11.2633209229, 105.355789185, 53.2009353638, 77.5034103394, 65.8185577393, 4.7125787735, 7.73405122757, 6.7876086235, 34.1577148438, 50.509677887, 9.95639133453, 10.3040132523, 40.4084663391, 22.2033424377, 18.0024166107, 22.5428981781, 7.28050804138, 10.4620351791, 5.07915115356, 4.02690124512, 1.31579566002, 0.814535021782, 0.399241060019, 0.185690924525, 0.0686729475856, 0.0208081509918, 0.0605796314776, 0.00194604275748, 5.2126673836e-05],
        "median": [0.0292122364044, 0.0264729242772, 0.016348335892, 0.0145297460258, 0.0247940123081, 0.0337889008224, 0.038139462471, 0.0936616510153, 0.197081416845, 0.0988754034042, 0.146965712309, 1.97102153301, 9.02032279968, 17.6728515625, 35.3042297363, 33.9805526733, 2.06688022614, 1.0689971447, 3.0598988533, 5.33091306686, 29.9131240845, 4.80232048035, 3.50626802444, 24.36186409, 15.0904169083, 5.05235671997, 14.0846290588, 2.92417430878, 5.48021221161, 2.95745229721, 1.77940928936, 0.838049173355, 0.535001635551, 0.226922392845, 0.0804639011621, 0.0307522974908, 0.0147965308279, 0.059640571475, 0.0019175033085, 5.01902031829e-05],
        "min": [5.30846591229e-22, 1.77748996734e-21, 7.52854233989e-21, 3.42359974272e-20, 4.97950450295e-20, 7.37554688454e-20, 1.58249861692e-19, 2.01762108078e-19, 1.92803754968e-19, 3.44581367807e-19, 1.14312328149e-18, 1.54398296795e-18, 2.25296557143e-18, 1.73628746772e-18, 1.99422595736e-18, 3.20066495166e-18, 1.79851812636e-18, 3.54807336431e-18, 6.38999504739e-18, 5.65367939795e-18, 7.66032361105e-18, 8.1915571984e-18, 9.79789066278e-18, 1.08218608518e-17, 9.88018686193e-18, 1.15424352542e-17, 1.26227984814e-17, 1.51224894889e-17, 1.70848547238e-17, 1.50795703957e-17, 1.17287949103e-17, 1.5291161542e-17, 1.47770869893e-17, 1.26638431834e-17, 9.02997092367e-18, 5.75423684988e-18, 2.86692197633e-18, 1.26371132555e-18, 3.52122204765e-19, 3.9884251606e-20],
        "var": [0.00127730437089, 0.000695894530509, 0.00027917404077, 0.000196590990527, 0.000683404039592, 0.00125960563309, 2.54918146133, 232.605148315, 2.53618049622, 0.0295036453754, 1.9741768837, 444.28414917, 74838.1328125, 8739.09277344, 13590.6259766, 11780.6396484, 46.0015716553, 312.222229004, 92.587928772, 7456.11572266, 4721.13623047, 230.151504517, 323.814880371, 2780.69335938, 584.906677246, 1026.56237793, 832.630981445, 136.110961914, 297.657867432, 44.8577003479, 48.680015564, 2.1798388958, 0.857279837132, 0.320472478867, 0.143108442426, 0.0201853178442, 0.000703800120391, 0.000702619552612, 7.28986265131e-07, 6.8182109958e-10]
    },
    "gfcc": {
        "mean": [-54.4187812805, -1.67817664146, -144.707183838, 22.7232475281, -39.5578231812, 26.7408866882, 6.02713251114, 18.6855354309, -19.8866615295, -3.39718723297, -7.05320930481, 26.8245830536, 7.3354640007],
        "cov": [[13056.890625, 330.406951904, -1580.80456543, 310.627227783, -306.215881348, 485.093048096, 281.75189209, 228.086975098, -321.1171875, -172.246795654, -117.685821533, 280.181182861, 232.858474731], [330.406951904, 521.515319824, 2.0414147377, -271.980834961, -114.851737976, -194.675354004, -25.0810585022, -9.15092658997, 102.250679016, 42.1930427551, 45.0148010254, -58.977432251, -19.4613704681], [-1580.80456543, 2.0414147377, 391.397155762, 81.4108963013, 83.8747177124, -105.084365845, -44.9447059631, -71.2000808716, 33.4617424011, 37.7605819702, 66.5657653809, 14.2177124023, -36.7221107483], [310.627227783, -271.980834961, 81.4108963013, 397.116241455, 162.754714966, 105.957443237, 9.24020957947, -26.4457015991, -76.7105178833, -16.2247333527, 7.79567909241, 103.672698975, 27.4214344025], [-306.215881348, -114.851737976, 83.8747177124, 162.754714966, 173.659790039, 89.8192214966, 29.6978988647, -11.2264585495, -13.8472700119, -17.1120452881, -7.40326881409, 20.4490203857, -16.3750171661], [485.093048096, -194.675354004, -105.084365845, 105.957443237, 89.8192214966, 276.18371582, 131.598403931, 53.7793769836, -60.9316329956, -71.0448226929, -77.5031356812, 2.63788151741, 5.46484470367], [281.75189209, -25.0810585022, -44.9447059631, 9.24020957947, 29.6978988647, 131.598403931, 181.921035767, 80.2797546387, -18.3210048676, -74.5629425049, -55.2447013855, -34.8476409912, -32.4146728516], [228.086975098, -9.15092658997, -71.2000808716, -26.4457015991, -11.2264585495, 53.7793769836, 80.2797546387, 111.427223206, 23.3909301758, -50.2481918335, -57.112121582, -46.8400497437, -17.9830913544], [-321.1171875, 102.250679016, 33.4617424011, -76.7105178833, -13.8472700119, -60.9316329956, -18.3210048676, 23.3909301758, 110.374298096, 31.0500736237, -21.1512145996, -45.5531845093, -26.7909259796], [-172.246795654, 42.1930427551, 37.7605819702, -16.2247333527, -17.1120452881, -71.0448226929, -74.5629425049, -50.2481918335, 31.0500736237, 95.8731079102, 51.1098213196, 10.4292221069, 6.49789237976], [-117.685821533, 45.0148010254, 66.5657653809, 7.79567909241, -7.40326881409, -77.5031356812, -55.2447013855, -57.112121582, -21.1512145996, 51.1098213196, 121.926811218, 62.9212493896, 10.1101074219], [280.181182861, -58.977432251, 14.2177124023, 103.672698975, 20.4490203857, 2.63788151741, -34.8476409912, -46.8400497437, -45.5531845093, 10.4292221069, 62.9212493896, 133.972076416, 65.3391113281], [232.858474731, -19.4613704681, -36.7221107483, 27.4214344025, -16.3750171661, 5.46484470367, -32.4146728516, -17.9830913544, -26.7909259796, 6.49789237976, 10.1101074219, 65.3391113281, 113.793952942]],
        "icov": [[0.00037578176125, -0.00111977115739, 0.00143687089439, -0.00135384884197, 0.000900088867638, -0.000489271187689, -9.5089280876e-06, -0.000277384562651, 0.000581554078963, -0.00024873932125, 0.000236841355218, -0.000746140256524, 0.000494435429573], [-0.00111977115739, 0.00790910050273, -0.00330371432938, 0.00592711847275, -0.00324842333794, 0.00438368320465, -0.00276680360548, 0.00316982599907, -0.00503438152373, 0.00199427595362, -0.00288538238965, 0.00318400305696, -0.0026865482796], [0.00143687089439, -0.00330371432938, 0.0103443972766, -0.00592772103846, 0.00118253205437, 0.000960829900578, -0.00200077029876, 0.00254753627814, -0.00084403908113, 0.000853660458233, -0.00170482997783, -0.00124892534222, 0.00183914788067], [-0.00135384884197, 0.00592711847275, -0.00592772103846, 0.012448460795, -0.00872362125665, 0.00326539459638, -0.000202302806429, -0.00115515873767, 0.00159970240202, -0.00196695677005, 0.00246175681241, -0.00276028201915, -0.00092578685144], [0.000900088867638, -0.00324842333794, 0.00118253205437, -0.00872362125665, 0.0165377352387, -0.00703544914722, 0.000873118930031, 0.00251655210741, -0.00344123132527, 0.00290407170542, -0.00218470860273, 0.000503407791257, 0.00237946817651], [-0.000489271187689, 0.00438368320465, 0.000960829900578, 0.00326539459638, -0.00703544914722, 0.0134516162798, -0.00732011161745, 0.00116810132749, 0.00217881333083, -0.00168605998624, 0.00404079537839, -0.000549843010958, -0.00171891890932], [-9.5089280876e-06, -0.00276680360548, -0.00200077029876, -0.000202302806429, 0.000873118930031, -0.00732011161745, 0.0154407825321, -0.00770225422457, 0.00285166595131, 0.00369220413268, -0.000280198029941, -0.000263506837655, 0.00324445101433], [-0.000277384562651, 0.00316982599907, 0.00254753627814, -0.00115515873767, 0.00251655210741, 0.00116810132749, -0.00770225422457, 0.0240647699684, -0.0122476443648, 0.0103008411825, -0.00382022932172, 0.00686950841919, -0.00295146275312], [0.000581554078963, -0.00503438152373, -0.00084403908113, 0.00159970240202, -0.00344123132527, 0.00217881333083, 0.00285166595131, -0.0122476443648, 0.0256199464202, -0.0139871500432, 0.0125457253307, -0.00605174573138, 0.00475875521079], [-0.00024873932125, 0.00199427595362, 0.000853660458233, -0.00196695677005, 0.00290407170542, -0.00168605998624, 0.00369220413268, 0.0103008411825, -0.0139871500432, 0.0269752722234, -0.0133420703933, 0.00811244454235, -0.00352807017043], [0.000236841355218, -0.00288538238965, -0.00170482997783, 0.00246175681241, -0.00218470860273, 0.00404079537839, -0.000280198029941, -0.00382022932172, 0.0125457253307, -0.0133420703933, 0.0254769902676, -0.0144416429102, 0.00643077306449], [-0.000746140256524, 0.00318400305696, -0.00124892534222, -0.00276028201915, 0.000503407791257, -0.000549843010958, -0.000263506837655, 0.00686950841919, -0.00605174573138, 0.00811244454235, -0.0144416429102, 0.0245448611677, -0.0112554226071], [0.000494435429573, -0.0026865482796, 0.00183914788067, -0.00092578685144, 0.00237946817651, -0.00171891890932, 0.00324445101433, -0.00295146275312, 0.00475875521079, -0.00352807017043, 0.00643077306449, -0.0112554226071, 0.0162291154265]]
    },
    "melbands": {
        "dmean": [0.000216307729715, 1.0638987078e-05, 2.2721667392e-06, 1.70834289293e-06, 9.43402028497e-06, 4.62724310637e-05, 4.58845670437e-06, 7.20636990081e-07, 3.14945646096e-06, 3.66460626537e-05, 0.000330326292897, 0.000147534228745, 0.000160420022439, 0.000247883435804, 4.09131735069e-06, 4.30742284152e-06, 1.02836665974e-05, 6.45588625048e-06, 2.34227845795e-05, 3.06944893964e-05, 4.55191548099e-05, 4.96089114677e-06, 1.92415654965e-06, 9.58918462857e-06, 2.20294768951e-05, 2.226174729e-05, 4.63244441562e-06, 5.05691377839e-06, 9.61322712101e-06, 3.39507369063e-06, 1.34252297812e-06, 3.33506432071e-06, 2.01057991944e-06, 1.41764292039e-06, 1.51067092702e-06, 3.97334844138e-07, 2.66919101932e-07, 3.12519262025e-07, 1.12874843694e-07, 1.37405578471e-07],
        "dmean2": [0.00033369672019, 1.83382671821e-05, 3.92684978578e-06, 2.9334660212e-06, 1.28108449644e-05, 6.34138268651e-05, 7.3575456554e-06, 1.30001444631e-06, 4.21352342528e-06, 4.67233076051e-05, 0.000451218336821, 0.000215973544982, 0.00025564560201, 0.000366034713807, 5.89481123825e-06, 7.11916891305e-06, 1.79323924385e-05, 1.07864643724e-05, 3.98892370868e-05, 5.24237439095e-05, 7.8637356637e-05, 8.32850491861e-06, 3.21829793393e-06, 1.68325077539e-05, 3.80153906008e-05, 3.83468650398e-05, 7.50332173993e-06, 8.06153002486e-06, 1.59078044817e-05, 5.7235456552e-06, 2.326253707e-06, 5.71715008846e-06, 3.44117597706e-06, 2.49987988354e-06, 2.7192311336e-06, 6.4978081582e-07, 4.40399418267e-07, 5.33471393283e-07, 1.8529547674e-07, 2.28779995837e-07],
        "dvar": [4.48791261931e-08, 1.05881928225e-10, 4.29512501954e-12, 2.60434772706e-12, 7.09435954427e-10, 2.02190300058e-08, 8.08067987523e-11, 5.79605764425e-12, 1.26850349669e-10, 6.54871090688e-09, 7.26672567453e-07, 1.00310074913e-07, 1.28540335709e-07, 1.9722509137e-07, 4.84204863704e-11, 9.92292081836e-11, 7.92681309481e-10, 1.74930778196e-10, 4.07842071226e-09, 5.141168824e-09, 4.60575000361e-09, 1.82655168768e-10, 2.4867757159e-11, 6.18155748811e-10, 1.41095213291e-09, 1.12057019219e-09, 1.10316797364e-10, 1.32543392928e-10, 1.89036980514e-10, 4.28844529332e-11, 7.03736287994e-12, 2.38909551864e-11, 5.41586775427e-11, 3.26586153954e-12, 1.26599035075e-11, 3.46306994583e-13, 1.60316340281e-13, 2.82082652592e-13, 4.75023429066e-14, 7.53261927659e-14],
        "dvar2": [1.1345695583e-07, 2.85466539296e-10, 1.20960481215e-11, 6.9716372432e-12, 1.21291299227e-09, 3.55077851566e-08, 1.73658296077e-10, 1.82119597181e-11, 2.14939177567e-10, 9.9925969721e-09, 1.24103974031e-06, 2.06070978948e-07, 3.49591260829e-07, 4.50506490779e-07, 1.17991921789e-10, 2.74405470568e-10, 2.36482300409e-09, 5.2039905718e-10, 1.19580159108e-08, 1.52420547295e-08, 1.1963606994e-08, 4.94240814941e-10, 6.91810220221e-11, 1.72861924774e-09, 4.22247081744e-09, 3.18059822924e-09, 2.59310267703e-10, 3.07814468359e-10, 4.43705738817e-10, 1.28391200449e-10, 2.00358410418e-11, 6.20059420475e-11, 1.49482953793e-10, 9.03631249688e-12, 3.91155996482e-11, 9.0068469176e-13, 4.53496940521e-13, 7.49826090975e-13, 1.33189561268e-13, 1.93654432225e-13],
        "max": [0.0020169604104, 9.09436494112e-05, 1.42811377373e-05, 1.22347328215e-05, 0.000360174570233, 0.00192982889712, 0.000136432601721, 4.41028605564e-05, 0.000200265378226, 0.00129517505411, 0.0132986772805, 0.00431636208668, 0.00459003215656, 0.00641848007217, 9.53956696321e-05, 0.000100432043837, 0.000407204701332, 0.000121162811411, 0.000707335886545, 0.000859889958519, 0.000935730931815, 0.000184760181583, 6.3408537244e-05, 0.000242735404754, 0.000432375061791, 0.000332846480887, 0.000158671769896, 0.000180117101991, 0.000182341493201, 9.19758604141e-05, 2.97575679724e-05, 7.44644203223e-05, 0.000132867440698, 2.14080700971e-05, 5.15614265169e-05, 7.26076177671e-06, 4.64174536319e-06, 6.70257531965e-06, 3.05959497382e-06, 4.66835354018e-06],
        "mean": [0.00040814417298, 1.81402410817e-05, 3.55297265742e-06, 2.4832327199e-06, 1.89870206668e-05, 0.000103615755506, 8.75888963492e-06, 1.0127259884e-06, 7.56011922931e-06, 7.2044756962e-05, 0.000552633951884, 0.000236590698478, 0.00022357031412, 0.000366583000869, 7.18073715689e-06, 6.47627484796e-06, 1.6258965843e-05, 1.02354833871e-05, 2.93142948067e-05, 4.08448649978e-05, 6.27781628282e-05, 7.85299471318e-06, 3.87732416129e-06, 1.42730805237e-05, 3.62134123861e-05, 3.32065937982e-05, 8.57630129758e-06, 9.4456199804e-06, 1.69345821632e-05, 6.66341611577e-06, 2.52148402069e-06, 6.30902468401e-06, 4.1253638301e-06, 3.19761284118e-06, 3.40190240422e-06, 8.06425020983e-07, 5.28913972175e-07, 6.52143512525e-07, 2.96449030657e-07, 3.24045402067e-07],
        "median": [0.000318483944284, 1.47890823428e-05, 3.06724678012e-06, 2.06355889532e-06, 1.31191563923e-06, 2.21219511332e-06, 2.73247337645e-06, 7.70236511016e-07, 7.62629667861e-07, 8.34800539451e-06, 4.46378908237e-05, 5.88725670241e-05, 6.22149236733e-05, 0.000185988319572, 3.28533997163e-06, 3.43473118392e-07, 1.41609780258e-06, 1.77878189334e-06, 1.81600285032e-06, 1.3819839296e-05, 3.66182393918e-05, 9.37469621931e-07, 6.52726043882e-07, 1.80289248419e-06, 2.08353703783e-05, 2.12002523767e-05, 1.88741796592e-06, 1.94916538021e-06, 1.01152463685e-05, 2.58505042439e-06, 7.62636545915e-07, 4.21410913987e-06, 5.23608832736e-07, 2.20782703764e-06, 1.29592592657e-06, 5.50161757928e-07, 3.3069369465e-07, 4.24445573799e-07, 1.82442192909e-07, 1.80276430228e-07],
        "min": [5.15112602702e-24, 3.53332061626e-24, 6.3283861488e-24, 4.77240258389e-24, 4.84331881269e-24, 4.88517498346e-24, 2.84856410698e-24, 4.19912829217e-24, 1.04586823827e-23, 9.47638489489e-24, 1.09404081831e-23, 6.61869682268e-24, 4.51242755612e-24, 1.06822786954e-23, 6.07698761679e-24, 3.36750087069e-24, 6.67994003906e-24, 1.15226048861e-23, 6.52036649414e-24, 8.70704119732e-24, 8.74560702926e-24, 7.60122071355e-24, 1.04248134286e-23, 6.55287111331e-24, 8.78047625899e-24, 7.06431251513e-24, 6.71654476278e-24, 6.90689216605e-24, 7.30538840776e-24, 8.12291257397e-24, 9.15626750613e-24, 9.57727783808e-24, 9.13426302004e-24, 7.75616956142e-24, 7.28373890908e-24, 6.45997130323e-24, 8.89622976392e-24, 1.0275171248e-23, 9.34295222821e-24, 9.9354459326e-24],
