{
"metadata": {
    "version": {
        "essentia": "2.0.1",
        "extractor": "archive-music 1.0"
    },
    "audio_properties": {
        "analysis_sample_rate": 44100,
        "bitrate": 128,
        "channels": 2,
        "equal_loudness": 0,
        "length": 15.2032651901,
        "replay_gain": -6.07173728943,
        "downmix": "mix"
    },
    "tags": {
        "track": 0,
        "year": 0,
        "album": "",
        "artist": "",
        "comment": "",
        "genre": "",
        "title": ""
    }
},
"highlevel": {
    "culture": {
        "all": {
            "non_western": 1.18394746096e-05,
            "western": 0.999988138676
        },
        "probability": 0.999988138676,
        "value": "western"
    },
    "danceability": {
        "all": {
            "danceable": 0.107976257801,
            "not_danceable": 0.892023742199
        },
        "probability": 0.892023742199,
        "value": "not_danceable"
    },
    "gender": {
        "all": {
            "female": 0.104981541634,
            "male": 0.895018458366
        },
        "probability": 0.895018458366,
        "value": "male"
    },
    "genre_dortmund": {
        "all": {
            "alternative": 0.184041529894,
            "blues": 0.0209027957171,
            "electronic": 0.0103745469823,
            "folkcountry": 0.0490101538599,
            "funksoulrnb": 0.0268147792667,
            "jazz": 0.138894721866,
            "pop": 0.0481636337936,
            "raphiphop": 0.0025979669299,
            "rock": 0.519199848175
        },
        "probability": 0.519199848175,
        "value": "rock"
    },
    "genre_electronic": {
        "all": {
            "ambient": 0.849936962128,
            "dnb": 0.124588191509,
            "house": 0.0144798234105,
            "techno": 0.00282882573083,
            "trance": 0.00816619116813
        },
        "probability": 0.849936962128,
        "value": "ambient"
    },
    "genre_rosamerica": {
        "all": {
            "cla": 0.171497732401,
            "dan": 0.0148169947788,
            "hip": 0.0154935158789,
            "jaz": 0.0786602720618,
            "pop": 0.151430264115,
            "rhy": 0.0400548689067,
            "roc": 0.515150010586,
            "spe": 0.0128963561729
        },
        "probability": 0.515150010586,
        "value": "roc"
    },
    "genre_tzanetakis": {
        "all": {
            "blu": 0.0056630698964,
            "cla": 0.205102622509,
            "cou": 0.0130162294954,
            "dis": 0.0194503888488,
            "hip": 0.0229237787426,
            "jaz": 0.204531341791,
            "met": 0.00977791566402,
            "pop": 0.0350651368499,
            "reg": 0.0182723570615,
            "roc": 0.466197162867
        },
        "probability": 0.466197162867,
        "value": "roc"
    },
    "mirex_ballroom": {
        "all": {
            "ChaChaCha": 0.0221899840981,
            "Jive": 0.047364320606,
            "Quickstep": 0.139101222157,
            "Rumba-American": 0.00886359903961,
            "Rumba-International": 0.027673529461,
            "Rumba-Misc": 0.0134563157335,
            "Samba": 0.0278063584119,
            "Tango": 0.084933578968,
            "VienneseWaltz": 0.32565638423,
            "Waltz": 0.302954703569
        },
        "probability": 0.32565638423,
        "value": "VienneseWaltz"
    },
    "mood_acoustic": {
        "all": {
            "acoustic": 0.547698259354,
            "not_acoustic": 0.452301710844
        },
        "probability": 0.547698259354,
        "value": "acoustic"
    },
    "mood_aggressive": {
        "all": {
            "aggressive": 0.638364136219,
            "not_aggressive": 0.361635863781
        },
        "probability": 0.638364136219,
        "value": "aggressive"
    },
    "mood_electronic": {
        "all": {
            "electronic": 0.0757696032524,
            "not_electronic": 0.924230396748
        },
        "probability": 0.924230396748,
        "value": "not_electronic"
    },
    "mood_happy": {
        "all": {
            "happy": 0.138661637902,
            "not_happy": 0.861338376999
        },
        "probability": 0.861338376999,
        "value": "not_happy"
    },
    "mood_party": {
        "all": {
            "not_party": 0.767924070358,
            "party": 0.232075944543
        },
        "probability": 0.767924070358,
        "value": "not_party"
    },
    "mood_relaxed": {
        "all": {
            "not_relaxed": 0.0724938586354,
            "relaxed": 0.927506148815
        },
        "probability": 0.927506148815,
        "value": "relaxed"
    },
    "mood_sad": {
        "all": {
            "not_sad": 0.308651894331,
            "sad": 0.691348135471
        },
        "probability": 0.691348135471,
        "value": "sad"
    },
    "moods_mirex": {
        "all": {
            "Cluster1": 0.58645182848,
            "Cluster2": 0.0835954993963,
            "Cluster3": 0.0981133058667,
            "Cluster4": 0.0977700203657,
            "Cluster5": 0.134069338441
        },
        "probability": 0.58645182848,
        "value": "Cluster1"
    },
    "timbre": {
        "all": {
            "bright": 0.0234986506402,
            "dark": 0.976501345634
        },
        "probability": 0.976501345634,
        "value": "dark"
    },
    "tonal_atonal": {
        "all": {
            "atonal": 0.985789716244,
            "tonal": 0.0142102595419
        },
        "probability": 0.985789716244,
        "value": "atonal"
    },
    "voice_instrumental": {
        "all": {
            "instrumental": 0.0718690156937,
            "voice": 0.928130984306
        },
        "probability": 0.928130984306,
        "value": "voice"
    }
},
"lowlevel": {
    "average_loudness": 0.942121624947,
    "barkbands_kurtosis": {
        "dmean": 1.44995224476,
        "dmean2": 2.44856619835,
        "dvar": 2.48908114433,
        "dvar2": 6.46196842194,
        "max": 16.8325805664,
        "mean": 2.44187450409,
        "median": 2.03579521179,
        "min": -1.67085790634,
        "var": 4.82967042923
    },
    "barkbands_skewness": {
        "dmean": 0.385498851538,
        "dmean2": 0.610186815262,
        "dvar": 0.119536355138,
        "dvar2": 0.264918833971,
        "max": 3.44630026817,
        "mean": 1.30839133263,
        "median": 1.31437325478,
        "min": -2.03899025917,
        "var": 0.441744416952
    },
    "barkbands_spread": {
        "dmean": 2.90646052361,
        "dmean2": 4.88169574738,
        "dvar": 18.0010471344,
        "dvar2": 48.4943351746,
        "max": 86.8718414307,
        "mean": 15.6501379013,
        "median": 15.112071991,
        "min": 4.96675825119,
        "var": 27.4922351837
    },
    "dissonance": {
        "dmean": 0.0248047392815,
        "dmean2": 0.0417222008109,
        "dvar": 0.00042050058255,
        "dvar2": 0.00120174267795,
        "max": 0.499897867441,
        "mean": 0.456192821264,
        "median": 0.462460398674,
        "min": 0.352813541889,
        "var": 0.000734408793505
    },
    "dynamic_complexity": 2.99443364143,
    "erbbands_kurtosis": {
        "dmean": 0.731522262096,
        "dmean2": 1.17021393776,
        "dvar": 0.538985550404,
        "dvar2": 1.33337259293,
        "max": 7.67675685883,
        "mean": 0.736165106297,
        "median": 0.382997989655,
        "min": -1.32963347435,
        "var": 1.75621986389
    },
    "erbbands_skewness": {
        "dmean": 0.248690187931,
        "dmean2": 0.396412312984,
        "dvar": 0.0433764010668,
        "dvar2": 0.115200079978,
        "max": 1.87333595753,
        "mean": 0.477344423532,
        "median": 0.495271831751,
        "min": -1.66910171509,
        "var": 0.19149620831
    },
    "erbbands_spread": {
        "dmean": 5.44636964798,
        "dmean2": 8.63542175293,
        "dvar": 26.074016571,
        "dvar2": 67.0134963989,
        "max": 79.9871673584,
        "mean": 29.1223449707,
        "median": 28.8067340851,
        "min": 7.98433637619,
        "var": 89.8206863403
    },
    "hfc": {
        "dmean": 3.08702707291,
        "dmean2": 4.48987102509,
        "dvar": 11.8780574799,
        "dvar2": 23.347070694,
        "max": 67.9227676392,
        "mean": 18.4435997009,
        "median": 16.2012119293,
        "min": 1.20160490944e-16,
        "var": 139.71546936
    },
    "melbands_kurtosis": {
        "dmean": 2.94517302513,
        "dmean2": 4.81158447266,
        "dvar": 10.015255928,
        "dvar2": 24.2212314606,
        "max": 28.343963623,
        "mean": 6.10488986969,
        "median": 5.07353591919,
        "min": -1.37158095837,
        "var": 24.6921272278
    },
    "melbands_skewness": {
        "dmean": 0.505659282207,
        "dmean2": 0.806828141212,
        "dvar": 0.188220977783,
        "dvar2": 0.442801088095,
        "max": 4.32476758957,
        "mean": 1.92655587196,
        "median": 1.86462831497,
        "min": -0.0484515354037,
        "var": 0.702055871487
    },
    "melbands_spread": {
        "dmean": 3.89930295944,
        "dmean2": 6.2354722023,
        "dvar": 39.4339408875,
        "dvar2": 51.209072113,
        "max": 148.558944702,
        "mean": 18.5377368927,
        "median": 16.8077011108,
        "min": 4.42377710342,
        "var": 125.414230347
    },
    "pitch_salience": {
        "dmean": 0.0600885860622,
        "dmean2": 0.101445920765,
        "dvar": 0.00235039996915,
        "dvar2": 0.00713831372559,
        "max": 0.966995835304,
        "mean": 0.56788790226,
        "median": 0.571056127548,
        "min": 0.297931849957,
        "var": 0.00564198940992
    },
    "silence_rate_20dB": {
        "dmean": 0,
        "dmean2": 0,
        "dvar": 0,
        "dvar2": 0,
        "max": 1,
        "mean": 1,
        "median": 1,
        "min": 1,
        "var": 0
    },
    "silence_rate_30dB": {
        "dmean": 0.00305343512446,
        "dmean2": 0.00611620815471,
        "dvar": 0.00304410862736,
        "dvar2": 0.00607880251482,
        "max": 1,
        "mean": 0.99695122242,
        "median": 1,
        "min": 0,
        "var": 0.00303948577493
    },
    "silence_rate_60dB": {
        "dmean": 0.00305343512446,
        "dmean2": 0.00611620815471,
        "dvar": 0.00304408720694,
        "dvar2": 0.00607882346958,
        "max": 1,
        "mean": 0.0503048785031,
        "median": 0,
        "min": 0,
        "var": 0.0477747246623
    },
    "spectral_centroid": {
        "dmean": 161.462142944,
        "dmean2": 258.461425781,
        "dvar": 99309.21875,
        "dvar2": 122090.859375,
        "max": 10794.875,
        "mean": 959.292480469,
        "median": 896.590820312,
        "min": 448.532928467,
        "var": 239235.265625
    },
    "spectral_complexity": {
        "dmean": 2.23511457443,
        "dmean2": 3.81957197189,
        "dvar": 3.17831349373,
        "dvar2": 8.52098751068,
        "max": 36,
        "mean": 19.8948173523,
        "median": 21,
        "min": 0,
        "var": 40.1338005066
    },
    "spectral_crest": {
        "dmean": 1.92124688625,
        "dmean2": 3.29053330421,
        "dvar": 2.8012804985,
        "dvar2": 7.70043802261,
        "max": 18.3748893738,
        "mean": 7.78094387054,
        "median": 7.52813529968,
        "min": 3.42430973053,
        "var": 5.24148416519
    },
    "spectral_decrease": {
        "dmean": 2.02574956809e-09,
        "dmean2": 3.32884031451e-09,
        "dvar": 5.39604365641e-18,
        "dvar2": 1.44513465728e-17,
        "max": 1.4188753216e-29,
        "mean": -8.54957349361e-09,
        "median": -7.80955033974e-09,
        "min": -4.13425738088e-08,
        "var": 2.62172529412e-17
    },
    "spectral_energy": {
        "dmean": 0.00785186700523,
        "dmean2": 0.0128781469539,
        "dvar": 8.02955473773e-05,
        "dvar2": 0.000213817940676,
        "max": 0.160918906331,
        "mean": 0.0339409671724,
        "median": 0.0309067945927,
        "min": 1.08453516115e-20,
        "var": 0.000410180451581
    },
    "spectral_energyband_high": {
        "dmean": 7.16216891306e-05,
        "dmean2": 0.000122777681099,
        "dvar": 6.52170273341e-09,
        "dvar2": 1.79339227913e-08,
        "max": 0.00126567529514,
        "mean": 0.000323472893797,
        "median": 0.000264169037109,
        "min": 8.42980731605e-21,
        "var": 5.46926628431e-08
    },
    "spectral_energyband_low": {
        "dmean": 0.00425212457776,
        "dmean2": 0.00693454639986,
        "dvar": 4.07568040828e-05,
        "dvar2": 0.000113699163194,
        "max": 0.0940593704581,
        "mean": 0.0110171930864,
        "median": 0.00876425392926,
        "min": 1.89661867361e-23,
        "var": 8.40345965116e-05
    },
    "spectral_energyband_middle_high": {
        "dmean": 0.00194728269707,
        "dmean2": 0.00264869374223,
        "dvar": 5.63966887057e-06,
        "dvar2": 1.04737446236e-05,
        "max": 0.0448336005211,
        "mean": 0.00704275164753,
        "median": 0.00515784416348,
        "min": 1.37428162594e-21,
        "var": 4.01967554353e-05
    },
    "spectral_energyband_middle_low": {
        "dmean": 0.00608987314627,
        "dmean2": 0.0101423757151,
        "dvar": 5.32944977749e-05,
        "dvar2": 0.0001430601842,
        "max": 0.104451358318,
        "mean": 0.0187945067883,
        "median": 0.0156724229455,
        "min": 3.01696937572e-22,
        "var": 0.000165266130352
    },
    "spectral_flatness_db": {
        "dmean": 0.0142778838053,
        "dmean2": 0.0234996620566,
        "dvar": 0.000145978265209,
        "dvar2": 0.000412693450926,
        "max": 0.233836501837,
        "mean": 0.14280115068,
        "median": 0.142157122493,
        "min": 0.0303025245667,
        "var": 0.000627326022368
    },
    "spectral_flux": {
        "dmean": 0.0155632393435,
        "dmean2": 0.0261758994311,
        "dvar": 0.000259486725554,
        "dvar2": 0.000614636286628,
        "max": 0.222872525454,
        "mean": 0.0792152658105,
        "median": 0.0766103714705,
        "min": 1.04141015256e-10,
        "var": 0.00100262358319
    },
    "spectral_kurtosis": {
        "dmean": 1.69088792801,
        "dmean2": 2.87912249565,
        "dvar": 2.01877093315,
        "dvar2": 6.12927865982,
        "max": 14.6568279266,
        "mean": 5.85919332504,
        "median": 5.49592971802,
        "min": -1.21772158146,
        "var": 3.79377865791
    },
    "spectral_rms": {
        "dmean": 0.000639203935862,
        "dmean2": 0.00104159372859,
        "dvar": 3.64673667264e-07,
        "dvar2": 9.77498530119e-07,
        "max": 0.0125297270715,
        "mean": 0.00543626677245,
        "median": 0.00549117196351,
        "min": 3.25281902108e-12,
        "var": 3.56013674718e-06
    },
    "spectral_rolloff": {
        "dmean": 230.618804932,
        "dmean2": 377.061218262,
        "dvar": 610764.875,
        "dvar2": 714057.25,
        "max": 18820.0195312,
        "mean": 1065.2364502,
        "median": 861.328125,
        "min": 215.33203125,
        "var": 2406294.75
    },
    "spectral_skewness": {
        "dmean": 0.198591530323,
        "dmean2": 0.336908996105,
        "dvar": 0.0257650185376,
        "dvar2": 0.0700732022524,
        "max": 2.8038957119,
        "mean": 1.85478699207,
        "median": 1.83732819557,
        "min": 0.0415587984025,
        "var": 0.0679777786136
    },
    "spectral_spread": {
        "dmean": 260221.046875,
        "dmean2": 376086.25,
        "dvar": 1.65335308698e+12,
        "dvar2": 1.59250867814e+12,
        "max": 41114732,
        "mean": 3593265.25,
        "median": 3494883,
        "min": 2451813.5,
        "var": 2.75206923878e+12
    },
    "spectral_strongpeak": {
        "dmean": 0.49007153511,
        "dmean2": 0.833457171917,
        "dvar": 0.657753765583,
        "dvar2": 1.37573039532,
        "max": 9.54609870911,
        "mean": 0.939659774303,
        "median": 0.508958935738,
        "min": 0,
        "var": 1.75787079334
    },
    "zerocrossingrate": {
        "dmean": 0.00564915314317,
        "dmean2": 0.0077565042302,
        "dvar": 0.000395365379518,
        "dvar2": 0.00044452844304,
        "max": 0.49609375,
        "mean": 0.044175311923,
        "median": 0.0400390625,
        "min": 0.02001953125,
        "var": 0.00148800155148
    },
    "barkbands": {
        "dmean": [3.72144131688e-06, 0.00141930766404, 0.00204113242216, 0.00307868630625, 0.00284004281275, 0.00109029002488, 0.0013218295062, 0.000999766518362, 0.00107339897659, 0.00112049677409, 0.00045924258302, 0.000519782188348, 0.000710830674507, 0.000254015845712, 0.000179684837349, 7.53200874897e-05, 0.000157101196237, 7.26781509002e-05, 6.9826899562e-05, 6.19714337518e-05, 4.4864595111e-05, 1.74908909685e-05, 1.90623813978e-05, 6.45080672257e-06, 4.80877270093e-06, 8.84127985046e-07, 7.34231377919e-08],
        "dmean2": [6.69718201607e-06, 0.00225236918777, 0.00332785560749, 0.00501900399104, 0.0048700934276, 0.00183160242159, 0.00221258215606, 0.00158294721041, 0.00172014778946, 0.0016600464005, 0.000740429037251, 0.00084708223585, 0.000993217458017, 0.000411417102441, 0.00029251415981, 0.000128175626742, 0.000265240989393, 0.000123061894556, 0.00011502741836, 0.000106447718281, 7.69838443375e-05, 2.91019332508e-05, 3.2649430068e-05, 1.08147323772e-05, 7.76886372478e-06, 1.47180094245e-06, 1.14798176298e-07],
        "dvar": [2.31556353952e-11, 2.8072540772e-06, 9.84004964266e-06, 2.9331056794e-05, 1.62469095812e-05, 3.38976064995e-06, 5.30482839167e-06, 1.24507494093e-06, 2.55882082456e-06, 2.33360015045e-06, 5.75432693495e-07, 6.10149299973e-07, 2.05787250707e-06, 3.85291315297e-07, 1.03024746068e-07, 6.97953161932e-09, 4.16324184016e-08, 1.13396136925e-08, 1.08046043223e-08, 9.09492303691e-09, 3.68420849384e-09, 6.24995333265e-10, 5.791384039e-10, 5.57673317247e-11, 3.21246362844e-11, 1.4100059011e-12, 9.30366335594e-15],
        "dvar2": [7.21176243723e-11, 7.06094306224e-06, 2.8560314604e-05, 7.8933655459e-05, 4.56377420051e-05, 1.02823250927e-05, 1.56535352289e-05, 3.24165216625e-06, 5.57564544579e-06, 5.14654766448e-06, 1.39971996305e-06, 1.41156681366e-06, 3.5143086734e-06, 7.50598360355e-07, 2.24275893856e-07, 1.95823126603e-08, 1.15584697369e-07, 2.92338135921e-08, 2.7357778265e-08, 2.37539374837e-08, 1.06215862772e-08, 1.67858771327e-09, 1.65698532673e-09, 1.5665092834e-10, 8.65367846825e-11, 3.87417268405e-12, 2.16222676428e-14],
        "max": [4.14664391428e-05, 0.0243503749371, 0.0316985622048, 0.0702832937241, 0.045635573566, 0.0252860412002, 0.027330942452, 0.0143789201975, 0.0276730135083, 0.0202807299793, 0.00848164595664, 0.0127335330471, 0.0320500992239, 0.012507846579, 0.00424220180139, 0.00117597950157, 0.00252358708531, 0.00217427453026, 0.00210465653799, 0.00133942766115, 0.000646578730084, 0.0004112222814, 0.000314249919029, 8.18692933535e-05, 6.69566652505e-05, 1.58774219017e-05, 9.02039971606e-07],
        "mean": [3.85239081879e-06, 0.00452908780426, 0.00332937878557, 0.00528127187863, 0.00500698946416, 0.00205669761635, 0.00214679422788, 0.00196561566554, 0.00216834619641, 0.00205705338158, 0.000838343403302, 0.00103791826405, 0.00152017222717, 0.000444514444098, 0.000348854227923, 0.000156697482453, 0.000339454825735, 0.000156631009304, 0.000162233263836, 0.000142797478475, 0.000107936721179, 4.45097866759e-05, 5.65787049709e-05, 2.09157551581e-05, 1.46732245412e-05, 3.55393012796e-06, 1.12264956442e-07],
        "median": [2.15047680285e-06, 0.00288430601358, 0.00222611171193, 0.00275923544541, 0.00322090135887, 0.00131027819589, 0.00109409086872, 0.00148562330287, 0.0012502274476, 0.00103228352964, 0.000419380667154, 0.000527322699782, 0.000424973026384, 0.000187287892913, 0.000146847654833, 0.000126187864225, 0.000254600483458, 0.000102696969407, 0.000105108352727, 9.19781450648e-05, 7.74800209911e-05, 2.90991883958e-05, 4.04057718697e-05, 1.76631037903e-05, 1.19919759527e-05, 2.3874413273e-06, 6.55756906554e-08],
        "min": [5.15749765655e-24, 9.40902169561e-24, 2.90713900134e-24, 3.00498812474e-24, 3.84356509524e-23, 2.78635611371e-23, 7.75605139005e-23, 8.70436569668e-23, 5.77689782869e-23, 6.25556979074e-23, 6.06399397327e-23, 2.37659320278e-23, 7.91986435236e-23, 1.29845268065e-22, 1.63677808351e-22, 1.99629696033e-22, 1.25414293159e-22, 1.83317567126e-22, 2.31306714916e-22, 2.25610078951e-22, 4.44393645929e-22, 5.97391615532e-22, 5.88211142617e-22, 9.30449749945e-22, 1.54420150761e-21, 2.03411103938e-21, 2.37640104257e-21],
        "var": [2.22231712199e-11, 2.16227017518e-05, 1.33780522447e-05, 4.67901591037e-05, 2.93180382869e-05, 5.38806580153e-06, 9.09908794711e-06, 3.05934668177e-06, 8.59550345922e-06, 7.45390980228e-06, 1.3342632883e-06, 2.05224637284e-06, 1.23547379189e-05, 8.58022872308e-07, 2.8876684155e-07, 1.75421153159e-08, 9.80103109782e-08, 3.22093747229e-08, 3.79598787958e-08, 2.74186060523e-08, 1.00146761994e-08, 2.37845054762e-09, 2.5135058479e-09, 2.5624025124e-10, 1.34598665547e-10, 1.07875947758e-11, 1.88156527712e-14]
    },
    "erbbands": {
        "dmean": [0.0261352211237, 0.374095588923, 1.55834424496, 7.60187768936, 8.84651470184, 11.488409996, 4.22676420212, 11.1774606705, 18.844335556, 17.4065132141, 20.7787628174, 22.0481758118, 25.9581317902, 36.1473312378, 15.1932621002, 20.5623569489, 33.1752738953, 14.27663517, 11.0597333908, 5.55258178711, 4.59342336655, 7.46536874771, 4.63050174713, 2.40864777565, 3.7041156292, 2.69159388542, 2.10153746605, 1.22600233555, 0.538625538349, 0.418086379766, 0.716486275196, 0.173720732331, 0.105853676796, 0.0661683678627, 0.0158584229648, 0.00557522755116, 0.00187005347107, 0.000216628424823, 6.72446685712e-06, 8.66256868903e-06],
        "dmean2": [0.0419552065432, 0.590944349766, 2.52925443649, 12.5389060974, 14.2395954132, 20.2906398773, 7.06697225571, 18.7119846344, 32.85313797, 27.6715641022, 33.0257949829, 34.746799469, 39.8173561096, 54.5941543579, 24.5984916687, 32.0658912659, 44.6263504028, 22.4391670227, 17.7616462708, 9.38158512115, 7.69488859177, 12.459107399, 7.85340738297, 3.99741482735, 6.04467248917, 4.54046440125, 3.58728289604, 2.07951164246, 0.910157442093, 0.709131360054, 1.20404279232, 0.290294200182, 0.176691487432, 0.106772959232, 0.0266392789781, 0.00891983974725, 0.00319181918167, 0.000356382952305, 1.06619127109e-05, 1.41330774568e-05],
        "dvar": [0.000925786327571, 0.189222052693, 4.24393892288, 199.514862061, 128.586273193, 303.812011719, 28.51496315, 404.083587646, 1186.78039551, 430.828948975, 568.891113281, 1354.75158691, 967.598266602, 2330.87768555, 572.801147461, 884.09753418, 4975.9453125, 1037.45214844, 406.581665039, 72.7417373657, 25.2334156036, 122.319068909, 52.5239105225, 10.111374855, 36.6770515442, 21.5976524353, 8.49049377441, 2.90948915482, 0.613428175449, 0.313359975815, 0.890912353992, 0.0515692196786, 0.0136769944802, 0.00566561613232, 0.00033746578265, 4.28390230809e-05, 8.47559749673e-06, 6.15937949533e-08, 4.68288567645e-11, 9.63197854809e-11],
        "dvar2": [0.0022774413228, 0.478689998388, 11.7897138596, 548.089477539, 305.566436768, 941.390686035, 69.8081893921, 1239.64575195, 3775.04125977, 1083.68151855, 1436.87414551, 2870.0534668, 2007.45446777, 4990.00097656, 1311.81604004, 1839.70666504, 7073.7890625, 1921.08813477, 946.258056641, 177.77923584, 68.3845748901, 340.717010498, 133.512954712, 27.9598197937, 90.9738464355, 55.1075668335, 23.4927616119, 8.54159545898, 1.6454359293, 0.863214254379, 2.53235197067, 0.154747590423, 0.0379984937608, 0.0151407374069, 0.000948273343965, 0.000125542836031, 2.27941818594e-05, 1.65665952068e-07, 1.14294275433e-10, 2.54815779588e-10],
        "max": [0.381293118, 6.5106959343, 24.070186615, 187.342346191, 122.279518127, 213.308181763, 57.0413551331, 283.391784668, 410.656616211, 285.87689209, 248.800979614, 739.143798828, 512.941711426, 807.538696289, 316.200866699, 384.247680664, 1717.39160156, 685.08581543, 222.632507324, 122.582992554, 59.7061843872, 166.127532959, 158.408462524, 38.0086669922, 143.043777466, 64.5662002563, 38.713180542, 17.6685390472, 13.8998813629, 8.30126953125, 8.95836639404, 3.02096438408, 1.5454916954, 1.07756865025, 0.227610781789, 0.0807617083192, 0.0390435867012, 0.00339311966673, 0.00011430469749, 0.000180982271559],
        "mean": [0.0756531432271, 1.22736561298, 3.20819282532, 13.2383050919, 17.9980487823, 17.2923107147, 8.93946456909, 19.63722229, 29.7062549591, 33.6014404297, 40.684425354, 46.5404396057, 55.1245765686, 69.3002243042, 33.5212783813, 44.9743843079, 76.7345352173, 26.4462623596, 23.2011890411, 12.8894042969, 11.3874053955, 17.5649490356, 10.7212266922, 6.39415979385, 8.97494220734, 6.65500926971, 5.25791168213, 3.32071042061, 1.53198897839, 1.17412221432, 1.92662620544, 0.561252713203, 0.344348311424, 0.202524587512, 0.0534517355263, 0.020645417273, 0.00704653235152, 0.00074833270628, 3.51709750248e-05, 3.97475232603e-05],
        "median": [0.048728145659, 0.798068642616, 2.3676071167, 7.78656244278, 10.5552368164, 10.2403888702, 6.26990604401, 12.2658290863, 16.1845626831, 24.630657196, 30.2449436188, 27.6550254822, 34.5754547119, 43.0960578918, 23.6227722168, 23.2498245239, 20.872379303, 14.0500717163, 10.4679050446, 8.39960861206, 9.95279693604, 12.9983949661, 7.77482318878, 4.73526525497, 5.42640304565, 3.80661249161, 3.82780528069, 2.26050424576, 1.09960055351, 0.860567867756, 1.34970676899, 0.451645851135, 0.296196162701, 0.16438229382, 0.0461002402008, 0.0155424661934, 0.00370960822329, 0.000528118573129, 3.06227884721e-05, 3.59586229024e-05],
        "min": [2.17668534177e-22, 2.2714589647e-21, 4.99141097623e-21, 1.028733347e-20, 1.28295764706e-19, 8.42275754003e-20, 1.63121916726e-19, 1.97769565755e-19, 7.10826337363e-19, 1.8144988422e-18, 1.59659692818e-18, 1.1789837324e-18, 1.54132389247e-18, 3.42103868815e-18, 1.64515284373e-18, 1.18586628868e-18, 4.03861297425e-18, 7.5489296795e-18, 6.20318747298e-18, 9.47734245899e-18, 1.20180194386e-17, 7.58227332999e-18, 5.83288021944e-18, 1.52712066369e-17, 1.1460253206e-17, 9.97115687697e-18, 1.46895663174e-17, 2.01070848232e-17, 2.08772693829e-17, 1.79755958946e-17, 1.8652482753e-17, 1.50448073032e-17, 1.88951030985e-17, 1.60909872917e-17, 1.1432407825e-17, 7.16346020533e-18, 4.15503616392e-18, 1.46753142022e-18, 3.22799686026e-19, 3.29053901702e-20],
        "var": [0.00586123950779, 1.50102210045, 8.03166866302, 253.763458252, 435.260131836, 458.618286133, 81.6485290527, 567.905944824, 1676.61169434, 966.842590332, 1374.17297363, 4478.16845703, 3470.96337891, 7882.40039062, 1431.58959961, 3328.34863281, 34175.3398438, 2160.75317383, 1207.96630859, 264.817749023, 64.2368469238, 297.111694336, 144.752410889, 33.4880027771, 128.906951904, 67.0637741089, 25.8547744751, 8.92432117462, 2.4027493, 1.14526283741, 2.99086999893, 0.212684378028, 0.0629612728953, 0.0258409772068, 0.00154886581004, 0.000292218930554, 5.6082593801e-05, 4.14412824057e-07, 4.58078269761e-10, 5.50631984453e-10]
    },
    "gfcc": {
        "mean": [-1.0497045517, 123.772674561, -122.008155823, 26.5458621979, -62.9796218872, 15.7942485809, -30.4398403168, 8.16282176971, -24.3600769043, -4.07926702499, -15.9685106277, -6.31174755096, -12.4332227707],
        "cov": [[16674.6015625, 1250.4765625, -988.764221191, 415.703186035, -387.2605896, 419.587310791, -163.806808472, 51.6045684814, -276.059967041, -15.6444835663, -131.053390503, 54.9598236084, -60.0409812927], [1250.4765625, 358.726501465, -63.2226753235, 14.4974298477, -44.3709335327, -9.7665643692, 21.7572689056, 17.0380344391, 0.791100263596, -40.7175140381, -5.95540571213, -31.8946895599, 1.49523103237], [-988.764221191, -63.2226753235, 186.245880127, 42.3259315491, 60.4920806885, -26.1727046967, 28.3566818237, 6.28357076645, 26.4513664246, -6.86562490463, 3.35028290749, -1.60421407223, 20.1704311371], [415.703186035, 14.4974298477, 42.3259315491, 107.982933044, 22.6604671478, 8.0917263031, -9.62227058411, 8.8032245636, 1.18818843365, 3.40860056877, -10.186299324, 4.3928194046, 11.9620800018], [-387.2605896, -44.3709335327, 60.4920806885, 22.6604671478, 79.3997039795, 32.1153564453, 21.1281318665, -6.08363294601, 5.45520210266, 0.139722421765, 6.9651350975, -1.42610108852, -3.84446120262], [419.587310791, -9.7665643692, -26.1727046967, 8.0917263031, 32.1153564453, 94.0846862793, 17.7802562714, -4.56362104416, -16.3581409454, 1.9362796545, 3.21283507347, 3.3391456604, -9.9947681427], [-163.806808472, 21.7572689056, 28.3566818237, -9.62227058411, 21.1281318665, 17.7802562714, 71.2476730347, 24.697013855, 15.8086910248, -5.05385255814, 2.90999054909, -5.60840940475, 5.54848670959], [51.6045684814, 17.0380344391, 6.28357076645, 8.8032245636, -6.08363294601, -4.56362104416, 24.697013855, 58.7813148499, 20.4330310822, -3.91689229012, -9.39753723145, -2.78836035728, 9.6018447876], [-276.059967041, 0.791100263596, 26.4513664246, 1.18818843365, 5.45520210266, -16.3581409454, 15.8086910248, 20.4330310822, 48.1584091187, 18.0813045502, 4.10273933411, -3.17282056808, 4.99626493454], [-15.6444835663, -40.7175140381, -6.86562490463, 3.40860056877, 0.139722421765, 1.9362796545, -5.05385255814, -3.91689229012, 18.0813045502, 70.6310882568, 26.3084392548, 11.1644248962, 5.15129137039], [-131.053390503, -5.95540571213, 3.35028290749, -10.186299324, 6.9651350975, 3.21283507347, 2.90999054909, -9.39753723145, 4.10273933411, 26.3084392548, 52.0472488403, 19.0283794403, -0.4857442379], [54.9598236084, -31.8946895599, -1.60421407223, 4.3928194046, -1.42610108852, 3.3391456604, -5.60840940475, -2.78836035728, -3.17282056808, 11.1644248962, 19.0283794403, 42.9963569641, 17.7003898621], [-60.0409812927, 1.49523103237, 20.1704311371, 11.9620800018, -3.84446120262, -9.9947681427, 5.54848670959, 9.6018447876, 4.99626493454, 5.15129137039, -0.4857442379, 17.7003898621, 48.0007972717]],
        "icov": [[0.000286951020826, -0.000898989324924, 0.000769690494053, -0.00129090773407, 0.000959275173955, -0.00115516339429, 0.000121348872199, -0.000305888359435, 0.000901787367184, -0.000741804367863, 0.00095113797579, -0.00120963156223, 0.000710086314939], [-0.000898989324924, 0.00757786957547, 0.00037037304719, 0.000935728778131, -0.000489326892421, 0.00413892045617, -0.00310957059264, 0.00212463201024, -0.00476273149252, 0.00677932146937, -0.00729903345928, 0.00912045501173, -0.00466114748269], [0.000769690494053, 0.00037037304719, 0.0149832349271, -0.00850168522447, -0.00502661382779, 0.00345397368073, -0.00443256320432, 0.00164534978103, -0.00173899717629, 0.00298935966566, -0.0013435781002, 0.00081074621994, -0.00317874620669], [-0.00129090773407, 0.000935728778131, -0.00850168522447, 0.0204124599695, -0.00833997316658, 0.00260596885346, 0.00627527851611, -0.00338367139921, -0.00117009971291, -0.00168681284413, 0.00196940777823, 0.000920295307878, -0.00334874307737], [0.000959275173955, -0.000489326892421, -0.00502661382779, -0.00833997316658, 0.0306705273688, -0.0141256600618, -0.00394040578976, 0.00418033963069, -0.000943457300309, 0.000529416196514, -0.00106546794996, -0.000790457124822, 0.00486228568479], [-0.00115516339429, 0.00413892045617, 0.00345397368073, 0.00260596885346, -0.0141256600618, 0.0235771331936, -0.00723939202726, 0.00137554237153, 0.00278451689519, 0.0012874735985, -0.00294815469533, 0.00276525202207, -0.000812628190033], [0.000121348872199, -0.00310957059264, -0.00443256320432, 0.00627527851611, -0.00394040578976, -0.00723939202726, 0.0252078734338, -0.0100624151528, -0.00260682101361, -1.30906464619e-05, -0.000950537621975, 0.000964592618402, -0.00226911669597], [-0.000305888359435, 0.00212463201024, 0.00164534978103, -0.00338367139921, 0.00418033963069, 0.00137554237153, -0.0100624151528, 0.0273073427379, -0.0123519077897, 0.00487717567012, 0.00143735634629, 0.00161160842981, -0.00379249732941], [0.000901787367184, -0.00476273149252, -0.00173899717629, -0.00117009971291, -0.000943457300309, 0.00278451689519, -0.00260682101361, -0.0123519077897, 0.0387430675328, -0.0153506919742, 0.00549432635307, -0.00346891814843, 0.00452456157655], [-0.000741804367863, 0.00677932146937, 0.00298935966566, -0.00168681284413, 0.000529416196514, 0.0012874735985, -1.30906464619e-05, 0.00487717567012, -0.0153506919742, 0.027955211699, -0.0170564148575, 0.0087061021477, -0.00742370821536], [0.00095113797579, -0.00729903345928, -0.0013435781002, 0.00196940777823, -0.00106546794996, -0.00294815469533, -0.000950537621975, 0.00143735634629, 0.00549432635307, -0.0170564148575, 0.0387856438756, -0.0235579684377, 0.0109521178529], [-0.00120963156223, 0.00912045501173, 0.00081074621994, 0.000920295307878, -0.000790457124822, 0.00276525202207, 0.000964592618402, 0.00161160842981, -0.00346891814843, 0.0087061021477, -0.0235579684377, 0.0479613207281, -0.0207860488445], [0.000710086314939, -0.00466114748269, -0.00317874620669, -0.00334874307737, 0.00486228568479, -0.000812628190033, -0.00226911669597, -0.00379249732941, 0.00452456157655, -0.00742370821536, 0.0109521178529, -0.0207860488445, 0.0333792641759]]
    },
    "melbands": {
        "dmean": [0.000328504800564, 0.000688194762915, 0.00124848808628, 0.000782083894592, 0.000166885685758, 0.000241014247877, 0.000283069093712, 0.000194362379261, 0.000158780647325, 0.000159961433383, 0.000140718242619, 0.00016216422955, 5.14816456416e-05, 6.50406072964e-05, 5.44830363651e-05, 7.14304260327e-05, 2.23081206059e-05, 1.9234346837e-05, 1.344494558e-05, 5.66419566894e-06, 6.79678169035e-06, 9.37749155128e-06, 5.78831532039e-06, 3.40089013662e-06, 2.0864954422e-06, 3.37990354637e-06, 2.56536827692e-06, 2.05369428841e-06, 1.46838033288e-06, 1.66639415511e-06, 6.31699776932e-07, 3.88383540439e-07, 2.69264319286e-07, 2.99899028278e-07, 5.21815081811e-07, 1.77846047222e-07, 1.26934224909e-07, 7.92245273828e-08, 1.29708567442e-07, 4.19330596912e-08],
        "dmean2": [0.000527034862898, 0.00110949459486, 0.00204767263494, 0.00134580407757, 0.000285038579023, 0.000404014077503, 0.000486347067636, 0.000308492395561, 0.000252405559877, 0.000251585181104, 0.000215486536035, 0.00024509508512, 8.40399661683e-05, 0.000106077037344, 7.23061748431e-05, 0.000103261627373, 3.61155034625e-05, 3.17072372127e-05, 2.23009865294e-05, 9.59828321356e-06, 1.15147304314e-05, 1.55669422384e-05, 9.92868353933e-06, 5.73635725232e-06, 3.46315960087e-06, 5.53096606382e-06, 4.31393664257e-06, 3.37306164511e-06, 2.47042726187e-06, 2.91555579679e-06, 1.05058836652e-06, 6.48277875825e-07, 4.56275699889e-07, 5.08990410708e-07, 8.80426284766e-07, 3.04499025106e-07, 2.11612572798e-07, 1.34232223559e-07, 2.2261630761e-07, 6.90111505719e-08],
        "dvar": [1.48011409351e-07, 6.42361783321e-07, 4.46155854661e-06, 1.22699486838e-06, 4.47283419192e-08, 1.801283247e-07, 2.50211570574e-07, 4.73007162327e-08, 3.49107835973e-08, 7.00895768091e-08, 2.8286434528e-08, 4.59010536247e-08, 7.28880289458e-09, 1.09881250765e-08, 1.13238849409e-08, 1.81720025694e-08, 3.05540881484e-09, 1.35009003976e-09, 4.99151886491e-10, 5.13166072136e-11, 6.53129147987e-11, 1.68065644734e-10, 6.12145681367e-11, 2.6957500468e-11, 8.9966254932e-12, 2.97768198987e-11, 1.71232854285e-11, 1.06758941965e-11, 3.810188276e-12, 6.04451254674e-12, 9.44744391225e-13, 4.5836240619e-13, 1.01050928963e-13, 2.22518740088e-13, 4.90431100678e-13, 4.4033983545e-14, 2.87215794225e-14, 9.58064736486e-15, 2.26226457408e-14, 3.16748288263e-15],
        "dvar2": [3.55446587719e-07, 1.77113929567e-06, 1.20863587654e-05, 3.40405631505e-06, 1.25249968619e-07, 5.6417087535e-07, 7.77378147632e-07, 1.18604205568e-07, 8.77288215406e-08, 1.50387791109e-07, 5.94618505545e-08, 9.76177503276e-08, 1.74279524146e-08, 2.58246437568e-08, 1.5953158794e-08, 3.93536296883e-08, 5.34735988822e-09, 3.44230977056e-09, 1.19055287851e-09, 1.5007604881e-10, 1.7537697683e-10, 4.72670957929e-10, 1.72125896869e-10, 6.83711837146e-11, 2.50876073388e-11, 7.42838499046e-11, 4.67696228967e-11, 2.68622450672e-11, 1.01525472057e-11, 1.76777585625e-11, 2.61905731477e-12, 1.22842144443e-12, 2.72090970631e-13, 6.28860787229e-13, 1.38722323559e-12, 1.26416116616e-13, 8.55829960394e-14, 2.59373262207e-14, 5.82942439979e-14, 8.56788818631e-15],
        "max": [0.00533522665501, 0.00979456305504, 0.0277220215648, 0.0121308919042, 0.00245792232454, 0.00579442502931, 0.0058478130959, 0.00253884959966, 0.00161077780649, 0.0051321615465, 0.00253630918451, 0.00349237187766, 0.00123417447321, 0.00189962855075, 0.00261049950495, 0.00240422878414, 0.00119709759019, 0.00046945703798, 0.000256134284427, 8.23248265078e-05, 8.1130383478e-05, 0.000175448702066, 0.000100020006357, 0.00010112770542, 3.39018988598e-05, 0.000111670909973, 5.40198125236e-05, 4.42324853793e-05, 2.43111062446e-05, 2.88229311991e-05, 1.35512655106e-05, 1.07765408757e-05, 2.96707617053e-06, 7.72451312514e-06, 6.79221420796e-06, 2.86810359285e-06, 1.57010936164e-06, 1.18297816698e-06, 1.6484544858e-06, 7.6431075513e-07],
        "mean": [0.00105665193405, 0.00173790112603, 0.00236030598171, 0.00138297735248, 0.000350980903022, 0.000436487258412, 0.000459458271507, 0.000384561397368, 0.000303132110275, 0.000318915874232, 0.000287021859549, 0.000302106636809, 0.000103440601379, 0.000131873544888, 0.000129766689497, 0.000142482997035, 3.79124285246e-05, 3.72106733266e-05, 2.57568299276e-05, 1.15694201668e-05, 1.43677834785e-05, 2.00437734748e-05, 1.22416531667e-05, 7.15313444744e-06, 4.72906276627e-06, 7.31131331122e-06, 5.36093648407e-06, 4.23861183663e-06, 3.12971451422e-06, 3.31749879479e-06, 1.50325752202e-06, 9.42514930102e-07, 5.95371375312e-07, 6.62478157665e-07, 1.32302250222e-06, 4.89975832352e-07, 3.00846750179e-07, 1.93261897152e-07, 3.42211876614e-07, 1.09246421687e-07],
        "median": [0.00067818624666, 0.00145111454185, 0.00145360513125, 0.000861577573232, 0.000262760440819, 0.000277963350527, 0.000245730654569, 0.000303370616166, 0.000222674992983, 0.000173235865077, 0.0001762159809, 0.000188467412954, 6.35436881566e-05, 6.46260596113e-05, 4.16266921093e-05, 4.52419481007e-05, 1.89675574802e-05, 1.4509657376e-05, 1.15168204502e-05, 8.21077628643e-06, 1.16383380373e-05, 1.48265917232e-05, 8.90297178557e-06, 4.3808540795e-06, 3.12858560392e-06, 4.18408944824e-06, 3.0159542348e-06, 2.35956849792e-06, 2.318034376e-06, 2.11028327612e-06, 8.1986195255e-07, 5.30146849087e-07, 4.72912859095e-07, 3.85037537853e-07, 8.96274059414e-07, 3.78800336875e-07, 2.14091727457e-07, 1.58239615189e-07, 2.68732208042e-07, 7.98017509851e-08],
        "min": [2.86562874608e-24, 2.91576046218e-24, 4.29302522242e-24, 9.74146109171e-24, 4.3589144351e-24, 4.56564095734e-24, 1.21742868242e-23, 2.07224514352e-23, 1.05678749315e-23, 8.19172175529e-24, 7.26494193143e-24, 1.35586540936e-23, 6.89144390294e-24, 2.5249039439e-24, 6.15819256394e-24, 9.88009629605e-24, 1.38608919499e-23, 9.27258977977e-24, 9.61468010018e-24, 1.25512440077e-23, 1.4643378859e-23, 8.79813569922e-24, 2.96656468219e-24, 8.55131689919e-24, 1.29463434144e-23, 8.36801244609e-24, 7.83001561961e-24, 6.05817683407e-24, 8.69228082093e-24, 8.43243161647e-24, 1.34664315206e-23, 1.01364910786e-23, 1.34964902765e-23, 8.31034592505e-24, 1.01389397029e-23, 1.042931388e-23, 8.89009715924e-24, 1.13699760781e-23, 1.55273590345e-23, 1.35658216838e-23],
        "var": [1.16628484648e-06, 1.99858686756e-06, 6.98177836966e-06, 2.31341618928e-06, 1.0790738969e-07, 2.6430041089e-07, 3.95302834022e-07, 1.12696206145e-07, 7.80176279136e-08, 2.28785054901e-07, 9.62891704148e-08, 1.52082435534e-07, 1.64070002029e-08, 3.61349172806e-08, 7.81132811767e-08, 8.09218363429e-08, 6.12951822632e-09, 3.99390254202e-09, 1.51188483954e-09, 1.16444118237e-10, 1.29184274389e-10, 4.0870881679e-10, 1.43509565342e-10, 7.35745492308e-11, 2.66792629655e-11, 9.4432600628e-11, 4.92197116397e-11, 3.12922986134e-11, 1.05064811018e-11, 1.11524973284e-11, 2.80177617218e-12, 1.55720054906e-12, 2.53784298264e-13, 6.83579495092e-13, 1.5810264339e-12, 1.67175274275e-13, 7.86213271136e-14, 2.6738031548e-14, 8.0811801749e-14, 9.16078668543e-15]
    },
    "mfcc": {
