{
"metadata": {
    "version": {
        "essentia": "2.0.1",
        "extractor": "archive-music 1.0"
    },
    "audio_properties": {
        "analysis_sample_rate": 44100,
        "bitrate": 128,
        "channels": 2,
        "equal_loudness": 0,
        "length": 16.0653057098,
        "replay_gain": -3.60578155518,
        "downmix": "mix"
    },
    "tags": {
        "track": 0,
        "year": 0,
        "album": "",
        "artist": "",
        "comment": "",
        "genre": "",
        "title": ""
    }
},
"highlevel": {
    "culture": {
        "all": {
            "non_western": 0.028819585219,
            "western": 0.971180438995
        },
        "probability": 0.971180438995,
        "value": "western"
    },
    "danceability": {
        "all": {
            "danceable": 0.27362242341,
            "not_danceable": 0.726377546787
        },
        "probability": 0.726377546787,
        "value": "not_danceable"
    },
    "gender": {
        "all": {
            "female": 0.374174624681,
            "male": 0.625825405121
        },
        "probability": 0.625825405121,
        "value": "male"
    },
    "genre_dortmund": {
        "all": {
            "alternative": 0.0752037242055,
            "blues": 0.0419778265059,
            "electronic": 0.212063416839,
            "folkcountry": 0.0654049515724,
            "funksoulrnb": 0.026870271191,
            "jazz": 0.365727394819,
            "pop": 0.0355905853212,
            "raphiphop": 0.0155412312597,
            "rock": 0.161620602012
        },
        "probability": 0.365727394819,
        "value": "jazz"
    },
    "genre_electronic": {
        "all": {
            "ambient": 0.867533802986,
            "dnb": 0.0288650803268,
            "house": 0.057610347867,
            "techno": 0.0292187184095,
            "trance": 0.016772063449
        },
        "probability": 0.867533802986,
        "value": "ambient"
    },
    "genre_rosamerica": {
        "all": {
            "cla": 0.51527684927,
            "dan": 0.019596060738,
            "hip": 0.0336859859526,
            "jaz": 0.0413333624601,
            "pop": 0.126691475511,
            "rhy": 0.0718261376023,
            "roc": 0.134922504425,
            "spe": 0.0566676557064
        },
        "probability": 0.51527684927,
        "value": "cla"
    },
    "genre_tzanetakis": {
        "all": {
            "blu": 0.0301988143474,
            "cla": 0.223398551345,
            "cou": 0.0266357026994,
            "dis": 0.0283184554428,
            "hip": 0.102806270123,
            "jaz": 0.1669601053,
            "met": 0.0237163137645,
            "pop": 0.0542932860553,
            "reg": 0.0668150037527,
            "roc": 0.276857495308
        },
        "probability": 0.276857495308,
        "value": "roc"
    },
    "mirex_ballroom": {
        "all": {
            "ChaChaCha": 0.0136166298762,
            "Jive": 0.010993941687,
            "Quickstep": 0.0839556232095,
            "Rumba-American": 0.00805793888867,
            "Rumba-International": 0.0468658618629,
            "Rumba-Misc": 0.024976471439,
            "Samba": 0.0123640429229,
            "Tango": 0.184314638376,
            "VienneseWaltz": 0.244582295418,
            "Waltz": 0.370272547007
        },
        "probability": 0.370272547007,
        "value": "Waltz"
    },
    "mood_acoustic": {
        "all": {
            "acoustic": 0.469718843699,
            "not_acoustic": 0.530281186104
        },
        "probability": 0.530281186104,
        "value": "not_acoustic"
    },
    "mood_aggressive": {
        "all": {
            "aggressive": 0.157890453935,
            "not_aggressive": 0.842109560966
        },
        "probability": 0.842109560966,
        "value": "not_aggressive"
    },
    "mood_electronic": {
        "all": {
            "electronic": 0.698692142963,
            "not_electronic": 0.301307886839
        },
        "probability": 0.698692142963,
        "value": "electronic"
    },
    "mood_happy": {
        "all": {
            "happy": 0.140432491899,
            "not_happy": 0.859567523003
        },
        "probability": 0.859567523003,
        "value": "not_happy"
    },
    "mood_party": {
        "all": {
            "not_party": 0.908003211021,
            "party": 0.0919967591763
        },
        "probability": 0.908003211021,
        "value": "not_party"
    },
    "mood_relaxed": {
        "all": {
            "not_relaxed": 0.0222447905689,
            "relaxed": 0.977755188942
        },
        "probability": 0.977755188942,
        "value": "relaxed"
    },
    "mood_sad": {
        "all": {
            "not_sad": 0.333854049444,
            "sad": 0.666145920753
        },
        "probability": 0.666145920753,
        "value": "sad"
    },
    "moods_mirex": {
        "all": {
            "Cluster1": 0.175928041339,
            "Cluster2": 0.12135823071,
            "Cluster3": 0.207427665591,
            "Cluster4": 0.111682213843,
            "Cluster5": 0.383603841066
        },
        "probability": 0.383603841066,
        "value": "Cluster5"
    },
    "timbre": {
        "all": {
            "bright": 0.00223048194312,
            "dark": 0.997769534588
        },
        "probability": 0.997769534588,
        "value": "dark"
    },
    "tonal_atonal": {
        "all": {
            "atonal": 0.999982833862,
            "tonal": 1.71884821611e-05
        },
        "probability": 0.999982833862,
        "value": "atonal"
    },
    "voice_instrumental": {
        "all": {
            "instrumental": 0.989542603493,
            "voice": 0.0104574197903
        },
        "probability": 0.989542603493,
        "value": "instrumental"
    }
},
"lowlevel": {
    "average_loudness": 0.701541185379,
    "barkbands_kurtosis": {
        "dmean": 2.61436915398,
        "dmean2": 4.44511842728,
        "dvar": 7.40262365341,
        "dvar2": 20.7318191528,
        "max": 24.8902549744,
        "mean": 4.82681322098,
        "median": 3.76474571228,
        "min": -1.75520849228,
        "var": 14.7873897552
    },
    "barkbands_skewness": {
        "dmean": 0.526624858379,
        "dmean2": 0.869503200054,
        "dvar": 0.200604319572,
        "dvar2": 0.51639008522,
        "max": 4.19495248795,
        "mean": 1.62633657455,
        "median": 1.53900790215,
        "min": -2.10830712318,
        "var": 0.628243625164
    },
    "barkbands_spread": {
        "dmean": 2.14231777191,
        "dmean2": 3.6340303421,
        "dvar": 27.9970397949,
        "dvar2": 70.9391784668,
        "max": 108.691207886,
        "mean": 7.74133586884,
        "median": 6.60114097595,
        "min": 1.81967151165,
        "var": 37.5116500854
    },
    "dissonance": {
        "dmean": 0.0285721868277,
        "dmean2": 0.0488117523491,
        "dvar": 0.000551725330297,
        "dvar2": 0.00170118699316,
        "max": 0.5,
        "mean": 0.445101797581,
        "median": 0.448842734098,
        "min": 0.327539741993,
        "var": 0.00101202214137
    },
    "dynamic_complexity": 4.61936330795,
    "erbbands_kurtosis": {
        "dmean": 0.811284601688,
        "dmean2": 1.34709382057,
        "dvar": 0.703103482723,
        "dvar2": 1.92152023315,
        "max": 7.63760280609,
        "mean": 0.95209312439,
        "median": 0.700104475021,
        "min": -1.36142385006,
        "var": 2.06376886368
    },
    "erbbands_skewness": {
        "dmean": 0.314071416855,
        "dmean2": 0.522214710712,
        "dvar": 0.0653940290213,
        "dvar2": 0.176266819239,
        "max": 2.26692318916,
        "mean": 0.786892712116,
        "median": 0.782093048096,
        "min": -0.680715739727,
        "var": 0.21054251492
    },
    "erbbands_spread": {
        "dmean": 3.7953350544,
        "dmean2": 6.12701940536,
        "dvar": 26.5150604248,
        "dvar2": 60.6495018005,
        "max": 117.336082458,
        "mean": 21.1601581573,
        "median": 19.1581783295,
        "min": 7.01977682114,
        "var": 73.279800415
    },
    "hfc": {
        "dmean": 2.24106502533,
        "dmean2": 3.9442987442,
        "dvar": 9.7385969162,
        "dvar2": 30.1624011993,
        "max": 48.2914886475,
        "mean": 9.89821910858,
        "median": 5.61148691177,
        "min": 1.17173667484e-16,
        "var": 97.4385452271
    },
    "melbands_kurtosis": {
        "dmean": 4.60771417618,
        "dmean2": 7.70409393311,
        "dvar": 22.2989940643,
        "dvar2": 58.9609870911,
        "max": 48.2147750854,
        "mean": 9.25140285492,
        "median": 7.15131378174,
        "min": -1.29421210289,
        "var": 52.304725647
    },
    "melbands_skewness": {
        "dmean": 0.634485423565,
        "dmean2": 1.03860425949,
        "dvar": 0.25919303298,
        "dvar2": 0.690759718418,
        "max": 5.3552441597,
        "mean": 2.2254011631,
        "median": 2.15443849564,
        "min": -0.215727865696,
        "var": 0.952427089214
    },
    "melbands_spread": {
        "dmean": 2.59518122673,
        "dmean2": 4.29646492004,
        "dvar": 56.4394073486,
        "dvar2": 79.410949707,
        "max": 169.773544312,
        "mean": 8.87005519867,
        "median": 7.24577903748,
        "min": 1.61049926281,
        "var": 148.571502686
    },
    "pitch_salience": {
        "dmean": 0.083530716598,
        "dmean2": 0.142871648073,
        "dvar": 0.00453761219978,
        "dvar2": 0.0135359084234,
        "max": 0.981529831886,
        "mean": 0.571713209152,
        "median": 0.583817660809,
        "min": 0.204752594233,
        "var": 0.0109493983909
    },
    "silence_rate_20dB": {
        "dmean": 0,
        "dmean2": 0,
        "dvar": 0,
        "dvar2": 0,
        "max": 1,
        "mean": 1,
        "median": 1,
        "min": 1,
        "var": 0
    },
    "silence_rate_30dB": {
        "dmean": 0.00867052003741,
        "dmean2": 0.0173661354929,
        "dvar": 0.00859539117664,
        "dvar2": 0.0170644838363,
        "max": 1,
        "mean": 0.975468993187,
        "median": 1,
        "min": 0,
        "var": 0.02392953448
    },
    "silence_rate_60dB": {
        "dmean": 0.00867052003741,
        "dmean2": 0.0173661354929,
        "dvar": 0.00859549734741,
        "dvar2": 0.0228530541062,
        "max": 1,
        "mean": 0.0764790773392,
        "median": 0,
        "min": 0,
        "var": 0.0706307142973
    },
    "spectral_centroid": {
        "dmean": 94.6478729248,
        "dmean2": 151.952194214,
        "dvar": 113089.03125,
        "dvar2": 124242.765625,
        "max": 11682.5527344,
        "mean": 533.951904297,
        "median": 478.714569092,
        "min": 212.695617676,
        "var": 270240.1875
    },
    "spectral_complexity": {
        "dmean": 1.80057799816,
        "dmean2": 3.03039073944,
        "dvar": 2.57583236694,
        "dvar2": 6.88040876389,
        "max": 34,
        "mean": 13.764790535,
        "median": 12,
        "min": 0,
        "var": 58.0211372375
    },
    "spectral_crest": {
        "dmean": 3.07502269745,
        "dmean2": 5.33019971848,
        "dvar": 5.62441205978,
        "dvar2": 17.6715297699,
        "max": 21.2585468292,
        "mean": 10.6353178024,
        "median": 10.2324714661,
        "min": 4.10182857513,
        "var": 10.3733587265
    },
    "spectral_decrease": {
        "dmean": 2.97130364757e-09,
        "dmean2": 5.28487298368e-09,
        "dvar": 1.32687107346e-17,
        "dvar2": 4.1456684262e-17,
        "max": 1.35994258753e-28,
        "mean": -8.34613977929e-09,
        "median": -6.76027500646e-09,
        "min": -4.85831002095e-08,
        "var": 5.05727208469e-17
    },
    "spectral_energy": {
        "dmean": 0.01138311252,
        "dmean2": 0.0202350337058,
        "dvar": 0.000194159583771,
        "dvar2": 0.000607431866229,
        "max": 0.187743648887,
        "mean": 0.0323979891837,
        "median": 0.0260401349515,
        "min": 1.01147241406e-20,
        "var": 0.000762477400713
    },
    "spectral_energyband_high": {
        "dmean": 5.30612578586e-06,
        "dmean2": 9.06011064217e-06,
        "dvar": 1.13359793774e-10,
        "dvar2": 3.27396360023e-10,
        "max": 0.000187523794011,
        "mean": 2.24604063987e-05,
        "median": 5.62067498322e-06,
        "min": 7.09664904697e-21,
        "var": 1.14101073034e-09
    },
    "spectral_energyband_low": {
        "dmean": 0.00887461099774,
        "dmean2": 0.0153964627534,
        "dvar": 0.00014871332678,
        "dvar2": 0.000458879600046,
        "max": 0.122316285968,
        "mean": 0.0163666009903,
        "median": 0.0112746655941,
        "min": 9.35345307127e-23,
        "var": 0.000296520942356
    },
    "spectral_energyband_middle_high": {
        "dmean": 0.0005442033289,
        "dmean2": 0.000856702972669,
        "dvar": 8.67328481036e-07,
        "dvar2": 2.08913365896e-06,
        "max": 0.0144203891978,
        "mean": 0.00228156615049,
        "median": 0.000662495440338,
        "min": 1.38266500855e-21,
        "var": 8.4122084445e-06
    },
    "spectral_energyband_middle_low": {
        "dmean": 0.00581601681188,
        "dmean2": 0.0103149814531,
        "dvar": 7.81420603744e-05,
        "dvar2": 0.000244207592914,
        "max": 0.113335683942,
        "mean": 0.0148054566234,
        "median": 0.00899532157928,
        "min": 3.04117011368e-22,
        "var": 0.000235409897869
    },
    "spectral_flatness_db": {
        "dmean": 0.0225514415652,
        "dmean2": 0.038447573781,
        "dvar": 0.000290056777885,
        "dvar2": 0.000847692834213,
        "max": 0.374068528414,
        "mean": 0.247727304697,
        "median": 0.246804267168,
        "min": 0.0467590279877,
        "var": 0.0025545260869
    },
    "spectral_flux": {
        "dmean": 0.0187135767192,
        "dmean2": 0.0292865522206,
        "dvar": 0.000347673194483,
        "dvar2": 0.000813346530776,
        "max": 0.298397779465,
        "mean": 0.0877085849643,
        "median": 0.0789886713028,
        "min": 1.00571988237e-10,
        "var": 0.00247729988769
    },
    "spectral_kurtosis": {
        "dmean": 8.64705657959,
        "dmean2": 15.6430997849,
        "dvar": 70.3200836182,
        "dvar2": 222.710968018,
        "max": 77.1912460327,
        "mean": 18.4115409851,
        "median": 14.9337272644,
        "min": -1.17340779305,
        "var": 172.608413696
    },
    "spectral_rms": {
        "dmean": 0.000906720000785,
        "dmean2": 0.0015839706175,
        "dvar": 6.88531940796e-07,
        "dvar2": 2.18256991502e-06,
        "max": 0.0135338297114,
        "mean": 0.00510781304911,
        "median": 0.00504033826292,
        "min": 3.14134113687e-12,
        "var": 5.51805214855e-06
    },
    "spectral_rolloff": {
        "dmean": 164.455047607,
        "dmean2": 292.271575928,
        "dvar": 869046.3125,
        "dvar2": 1610241.25,
        "max": 19336.8164062,
        "mean": 606.75213623,
        "median": 409.130859375,
        "min": 107.666015625,
        "var": 2832070.25
    },
    "spectral_skewness": {
        "dmean": 0.597010552883,
        "dmean2": 1.07483029366,
        "dvar": 0.283321529627,
        "dvar2": 0.885514557362,
        "max": 6.61785125732,
        "mean": 2.8203253746,
        "median": 2.63992142677,
        "min": -0.117617674172,
        "var": 1.10505747795
    },
    "spectral_spread": {
        "dmean": 244303.484375,
        "dmean2": 373627.03125,
        "dvar": 1.4714437632e+12,
        "dvar2": 1.45001467085e+12,
        "max": 40766732,
        "mean": 2017658.5,
        "median": 1839583.25,
        "min": 1021934.1875,
        "var": 3.1019738071e+12
    },
    "spectral_strongpeak": {
        "dmean": 0.293347477913,
        "dmean2": 0.514569997787,
        "dvar": 0.136540383101,
        "dvar2": 0.409913182259,
        "max": 3.85845661163,
        "mean": 0.459692388773,
        "median": 0.297228068113,
        "min": 0,
        "var": 0.242796272039
    },
    "zerocrossingrate": {
        "dmean": 0.00419766642153,
        "dmean2": 0.00539370579645,
        "dvar": 0.000322453968693,
        "dvar2": 0.000366862135706,
        "max": 0.51611328125,
        "mean": 0.0228350758553,
        "median": 0.01806640625,
        "min": 0.00537109375,
        "var": 0.00187025160994
    },
    "barkbands": {
        "dmean": [0.000785268784966, 0.00661786086857, 0.00371686671861, 0.00123225373682, 0.00234377942979, 0.0033191377297, 0.00172485213261, 0.000274304416962, 0.000672142021358, 0.000206380267628, 0.000400059128879, 8.57164704939e-05, 0.00014751314302, 8.05006347946e-05, 7.24241472199e-05, 6.3160819991e-05, 5.14862840646e-05, 2.50041503023e-05, 2.14252122532e-05, 9.14001702768e-06, 2.63031120085e-06, 8.43888926738e-07, 2.19076326857e-07, 7.38730321359e-08, 3.89925460809e-08, 1.57926702826e-08, 3.86873066915e-09],
        "dmean2": [0.00141857855488, 0.0119270225987, 0.00618831487373, 0.00218506599776, 0.00411628372967, 0.00609270995483, 0.00286056916229, 0.000403352605645, 0.000996864167973, 0.000350391666871, 0.000616355042439, 0.000143912402564, 0.000244195980486, 0.000140218864544, 0.000121930075693, 0.000107986277726, 8.78060091054e-05, 4.2409501475e-05, 3.66457934433e-05, 1.55873112817e-05, 4.53595293948e-06, 1.46081231378e-06, 3.7859274471e-07, 1.25691570929e-07, 6.53344542911e-08, 2.51249918648e-08, 6.65304655811e-09],
        "dvar": [1.56960879849e-06, 8.51378426887e-05, 3.72002796212e-05, 6.60983778289e-06, 2.80666972685e-05, 2.89082345262e-05, 7.97189022705e-06, 1.45746327007e-07, 1.21567813949e-06, 1.96212113224e-07, 5.16353054536e-07, 3.094950074e-08, 6.06748784548e-08, 2.13162127949e-08, 1.78501853298e-08, 1.12886819892e-08, 9.44064471042e-09, 2.42121034333e-09, 1.85355741866e-09, 3.65593305629e-10, 3.04692070185e-11, 3.00811307287e-12, 2.01737376262e-13, 1.80087810441e-14, 5.81881649797e-15, 7.21217479066e-16, 4.86956395875e-17],
        "dvar2": [5.0692374316e-06, 0.000256372266449, 0.000109975786472, 1.99447858904e-05, 7.96672247816e-05, 0.000104508202639, 2.12875511352e-05, 3.27694493762e-07, 2.47241200668e-06, 5.24273048086e-07, 1.19526680464e-06, 8.59809432541e-08, 1.58979929665e-07, 5.6962150552e-08, 5.13996383233e-08, 3.16730286443e-08, 2.56391299303e-08, 6.85440237902e-09, 5.01111019346e-09, 1.05725161959e-09, 8.68886212979e-11, 8.97079893009e-12, 5.91362841942e-13, 4.93653410521e-14, 1.53659213581e-14, 1.88421356798e-15, 1.38219895124e-16],
        "max": [0.0121377464384, 0.0804648548365, 0.0779261812568, 0.0287617072463, 0.0738712996244, 0.0389773957431, 0.0313709676266, 0.00476552732289, 0.0233534965664, 0.00593985430896, 0.00943784788251, 0.00223172176629, 0.00275222957134, 0.00193967518862, 0.00136781902984, 0.00130670610815, 0.00108295178507, 0.000603591674007, 0.000665953848511, 0.000247599644354, 6.75964183756e-05, 2.94260025839e-05, 7.15864871381e-06, 2.36877190218e-06, 1.05737126432e-06, 4.41234533355e-07, 8.9691958749e-08],
        "mean": [0.000873521144968, 0.00902217067778, 0.00542138470337, 0.0016483636573, 0.00362442573532, 0.00443609105423, 0.00260973675177, 0.00063948542811, 0.0018096974818, 0.000318392994814, 0.000787991273683, 0.000177133348188, 0.000329230359057, 0.000160320589202, 0.000143541459693, 0.000138106144732, 0.000111840490717, 5.7880904933e-05, 5.35891995241e-05, 2.30594177992e-05, 8.13401675259e-06, 2.72893544206e-06, 7.3471255746e-07, 2.93360756132e-07, 1.53078090648e-07, 6.83688128333e-08, 8.16915068924e-09],
        "median": [0.000325563625665, 0.00580837205052, 0.00306811486371, 0.000502040260471, 0.00157257716637, 0.00220063142478, 0.00104058196303, 0.000375357049052, 0.000736034009606, 9.21068422031e-05, 0.000202757073566, 6.88021027599e-05, 9.38146331464e-05, 5.29291355633e-05, 4.60767114419e-05, 3.84327649954e-05, 4.14536516473e-05, 1.57658123499e-05, 1.14641179607e-05, 6.41598307993e-06, 1.44784132772e-06, 6.17953617166e-07, 2.16765201344e-07, 1.01816198139e-07, 5.34309840816e-08, 2.63976964732e-08, 3.71651598385e-09],
        "min": [4.76351212149e-24, 3.43043895472e-23, 3.52481922006e-23, 3.41594568663e-23, 2.81177226545e-23, 5.67614703823e-23, 1.54913175574e-23, 6.67033013551e-23, 7.99286301618e-23, 7.44245204341e-23, 5.30109227163e-23, 9.42869336223e-23, 8.53597592117e-24, 1.23338099609e-22, 1.59518390922e-22, 1.33441110642e-22, 1.22659212225e-22, 1.65793533299e-22, 2.02476688729e-22, 4.24312301752e-22, 3.51133878625e-22, 3.79824737127e-22, 3.14264362694e-22, 7.53233725309e-22, 1.21432719057e-21, 2.03159657995e-21, 2.31427707246e-21],
        "var": [1.79897926955e-06, 0.00011188533972, 5.70030497329e-05, 9.12575796974e-06, 3.66479180229e-05, 3.52044626197e-05, 1.35816044349e-05, 5.28395389665e-07, 1.00542256405e-05, 2.94991707506e-07, 1.53439270889e-06, 9.1283389736e-08, 2.57461095998e-07, 5.93525264492e-08, 4.80160124994e-08, 4.1535766826e-08, 2.63752752971e-08, 7.61326113263e-09, 7.45614503472e-09, 1.26887078622e-09, 1.78493581027e-10, 1.72032388335e-11, 1.14018755375e-12, 1.70761787956e-13, 4.95189149017e-14, 8.45722671988e-15, 1.25503138024e-16]
    },
    "erbbands": {
        "dmean": [0.23567032814, 1.43912434578, 3.60567998886, 4.69871044159, 6.56653404236, 8.03383255005, 11.3236064911, 35.7183570862, 26.9138736725, 9.94641494751, 7.1837720871, 17.8446407318, 7.13924121857, 5.4220123291, 17.2538108826, 3.56337189674, 6.89930057526, 2.7772026062, 4.63847494125, 3.31478619576, 2.92171740532, 2.35245132446, 1.61686456203, 0.955113053322, 1.02775037289, 0.434529423714, 0.15859118104, 0.0903305336833, 0.0365385040641, 0.0133043089882, 0.00558888260275, 0.00205896398984, 0.00104786839802, 0.000515028776135, 0.000272445351584, 9.57649608608e-05, 3.22723208228e-05, 8.61018452269e-06, 5.04354557052e-06, 1.23888185044e-05],
        "dmean2": [0.431994765997, 2.51591610909, 5.95103979111, 8.29951858521, 11.7614603043, 13.6148700714, 20.3937206268, 65.7238693237, 44.9842453003, 15.9185152054, 10.562292099, 26.3970661163, 11.4727392197, 8.65852165222, 26.4095363617, 5.77942037582, 11.3493185043, 4.67136335373, 7.73963212967, 5.6005449295, 5.02101325989, 3.98742794991, 2.73772644997, 1.62156546116, 1.74967312813, 0.741969048977, 0.273915827274, 0.153346776962, 0.0632196813822, 0.0224930662662, 0.00960255414248, 0.00346982711926, 0.00182013039012, 0.000819106353447, 0.000452899374068, 0.000160693729413, 5.18316410307e-05, 1.41108321259e-05, 8.94029926712e-06, 2.2012505724e-05],
        "dvar": [0.142238482833, 3.71346569061, 28.5080604553, 92.3846282959, 221.239212036, 262.596862793, 302.199981689, 3333.51953125, 2068.25756836, 296.359771729, 115.615768433, 880.640625, 140.547149658, 81.9048538208, 1063.10778809, 59.2071990967, 137.745681763, 25.5145893097, 73.2953643799, 33.8352966309, 29.0331687927, 19.3341331482, 9.64852046967, 3.75870394707, 4.86684513092, 0.745767235756, 0.105187699199, 0.0354189649224, 0.00584163004532, 0.000626212800853, 0.000127967927256, 1.43570214277e-05, 3.92613719669e-06, 8.50893911775e-07, 3.13204679969e-07, 2.97284454831e-08, 3.05812819512e-09, 2.27896396199e-10, 3.77645102689e-11, 2.29233299009e-10],
        "dvar2": [0.465894788504, 10.8158359528, 89.0232620239, 271.464202881, 674.504821777, 686.108459473, 1043.42541504, 12033.578125, 5298.97509766, 811.255493164, 263.687774658, 1756.25976562, 350.799713135, 207.898895264, 2513.53637695, 161.106033325, 348.364959717, 75.7310714722, 211.805450439, 96.0636444092, 79.2065048218, 53.7932281494, 26.4945583344, 10.0467309952, 13.8517818451, 2.09274101257, 0.318201810122, 0.104831591249, 0.0174289513379, 0.00172226468567, 0.000355088035576, 3.9180587919e-05, 1.14434560601e-05, 2.28004273595e-06, 8.73631847753e-07, 8.39888443238e-08, 8.13676326317e-09, 6.13217365775e-10, 1.17690912571e-10, 7.17813253281e-10],
        "max": [3.26651787758, 16.806520462, 57.24974823, 116.520378113, 169.420059204, 258.567749023, 165.858825684, 419.164154053, 551.220947266, 209.387283325, 161.678390503, 650.365600586, 159.846191406, 123.143196106, 396.599456787, 111.630271912, 132.201797485, 60.5036773682, 89.2733459473, 86.4664993286, 64.6722717285, 62.7314682007, 42.1029815674, 24.4593429565, 31.9680709839, 13.0541810989, 4.8303527832, 3.01920819283, 1.16402113438, 0.32465326786, 0.196483701468, 0.0754635632038, 0.0290738213807, 0.0137115828693, 0.00813227333128, 0.00262476596981, 0.000849071366247, 0.000228990436881, 8.76014746609e-05, 0.000206785582122],
        "mean": [0.281807363033, 1.9434710741, 5.83587551117, 6.77776002884, 8.86317062378, 13.0329055786, 16.5579166412, 45.7779846191, 40.2734260559, 22.288022995, 18.4272079468, 47.0540122986, 15.9992856979, 13.5200233459, 31.6080245972, 8.60062026978, 15.20241642, 8.04498767853, 9.87257480621, 7.59942626953, 7.31645822525, 5.46807765961, 3.81666493416, 2.5294675827, 2.33971738815, 1.15892982483, 0.519084751606, 0.268448084593, 0.111080013216, 0.0435720346868, 0.019816564396, 0.00853226706386, 0.0040077753365, 0.00193005986512, 0.0010070981225, 0.000342058483511, 0.000130021857331, 2.95796871796e-05, 1.58412549354e-05, 3.59119767381e-05],
        "median": [0.129511073232, 1.30297088623, 3.7480943203, 2.8484108448, 3.67474913597, 5.85566759109, 9.05029582977, 22.2177028656, 15.6111097336, 11.1843261719, 10.73320961, 17.8047370911, 6.3654589653, 4.77778434753, 7.03970575333, 3.40938687325, 4.21394443512, 2.25397014618, 3.20986151695, 2.94731974602, 2.26825523376, 1.80096149445, 1.17398750782, 0.633051991463, 0.488528102636, 0.31159183383, 0.126403033733, 0.0451361611485, 0.0245834346861, 0.0118668647483, 0.00572579586878, 0.00293582677841, 0.00142234587111, 0.000667136337142, 0.000338568934239, 0.000132377332193, 5.3648447647e-05, 1.32092227432e-05, 1.25284386741e-05, 2.86456888716e-05],
        "min": [1.41657638444e-21, 6.73068705719e-21, 3.04467638204e-20, 9.04399021334e-20, 7.60395148495e-20, 9.91970629457e-20, 1.524896344e-19, 5.32832527479e-19, 3.89979314571e-19, 5.608588025e-19, 1.95173306891e-18, 2.0544854446e-18, 1.74219705281e-18, 1.79397897275e-18, 2.91776876858e-18, 4.06412405152e-18, 8.69970148653e-19, 4.97608199146e-18, 9.39284926814e-18, 6.2595143368e-18, 7.14295770666e-18, 7.49907798552e-18, 7.86493004429e-18, 9.92809137274e-18, 1.48272654196e-17, 2.01700812443e-17, 1.29410165174e-17, 1.52026383272e-17, 1.4030252084e-17, 1.19249740274e-17, 9.36729352311e-18, 1.72598844871e-17, 1.124084603e-17, 1.47571387016e-17, 8.16554236814e-18, 6.33096371657e-18, 4.03262501379e-18, 1.52041266319e-18, 2.76750593024e-19, 3.17424226966e-20],
        "var": [0.169480144978, 4.87939691544, 44.2674446106, 145.990509033, 251.709442139, 428.430053711, 382.250762939, 4076.61230469, 3530.63574219, 926.357055664, 524.651672363, 7071.49511719, 585.469848633, 305.179351807, 2820.89990234, 189.874633789, 563.08972168, 134.021514893, 221.709121704, 114.397026062, 115.044181824, 66.9571075439, 31.1704177856, 15.6365880966, 14.463965416, 3.11106824875, 0.644274294376, 0.207093194127, 0.0305318813771, 0.00417861901224, 0.000841897097416, 0.000140462710988, 3.14332901326e-05, 7.44823364585e-06, 2.23186316362e-06, 2.14091528505e-07, 2.93941475604e-08, 1.5276993004e-09, 1.85895410176e-10, 9.39256339372e-10]
    },
    "gfcc": {
        "mean": [-111.079612732, 201.290878296, -115.045135498, 16.6204280853, -32.1479148865, -11.2639188766, -17.988822937, -1.63111519814, -6.52941465378, -3.18871545792, -1.94448304176, -5.55647993088, 0.24420414865],
        "cov": [[19244.2539062, 1555.99914551, -2577.04418945, 456.423675537, -252.117080688, -326.574005127, 135.731323242, 16.7927589417, -182.403701782, -23.4138946533, -128.669937134, -52.1815795898, -37.4874839783], [1555.99914551, 813.244140625, 10.2543296814, -54.8293685913, 13.0792818069, -40.6563339233, -3.09438848495, -37.2309188843, 73.6042861938, -56.3363952637, 19.5495796204, -71.4134368896, 26.3812942505], [-2577.04418945, 10.2543296814, 611.650756836, -29.3213367462, 127.369918823, 96.9327697754, -35.0428657532, -36.5861434937, 48.7035980225, -20.0984401703, 3.87255001068, -33.6756896973, 7.97239160538], [456.423675537, -54.8293685913, -29.3213367462, 137.882171631, 60.6600379944, 17.0499382019, 5.31327295303, 1.94214320183, -19.1165676117, 3.54265618324, -16.3838176727, -11.4381284714, -2.5567073822], [-252.117080688, 13.0792818069, 127.369918823, 60.6600379944, 109.065368652, 58.112537384, 7.88242149353, -9.28691577911, 6.18060779572, -7.2737493515, -11.8055372238, -22.7527694702, -4.72555971146], [-326.574005127, -40.6563339233, 96.9327697754, 17.0499382019, 58.112537384, 72.974861145, 5.9851269722, -12.840420723, -4.19796895981, -1.20451104641, -11.247045517, -6.56018543243, -5.6853518486], [135.731323242, -3.09438848495, -35.0428657532, 5.31327295303, 7.88242149353, 5.9851269722, 61.5202713013, 34.1314697266, 16.3101100922, 1.87469434738, 4.94802904129, -3.70891547203, -4.89035320282], [16.7927589417, -37.2309188843, -36.5861434937, 1.94214320183, -9.28691577911, -12.840420723, 34.1314697266, 57.4568061829, 19.7844963074, 9.42524147034, 5.03863573074, 4.77534580231, -4.27657556534], [-182.403701782, 73.6042861938, 48.7035980225, -19.1165676117, 6.18060779572, -4.19796895981, 16.3101100922, 19.7844963074, 54.6787605286, 7.38620090485, 14.8215942383, -9.98173046112, 3.58371758461], [-23.4138946533, -56.3363952637, -20.0984401703, 3.54265618324, -7.2737493515, -1.20451104641, 1.87469434738, 9.42524147034, 7.38620090485, 37.0633544922, 16.3919143677, 14.6393041611, -1.97302103043], [-128.669937134, 19.5495796204, 3.87255001068, -16.3838176727, -11.8055372238, -11.247045517, 4.94802904129, 5.03863573074, 14.8215942383, 16.3919143677, 39.9733657837, 16.0508441925, 7.32725715637], [-52.1815795898, -71.4134368896, -33.6756896973, -11.4381284714, -22.7527694702, -6.56018543243, -3.70891547203, 4.77534580231, -9.98173046112, 14.6393041611, 16.0508441925, 44.1957817078, 10.1784543991], [-37.4874839783, 26.3812942505, 7.97239160538, -2.5567073822, -4.72555971146, -5.6853518486, -4.89035320282, -4.27657556534, 3.58371758461, -1.97302103043, 7.32725715637, 10.1784543991, 29.9366989136]],
        "icov": [[0.000325670320308, -0.000910787668545, 0.00126281473786, -0.000983119476587, 9.06686400413e-05, -0.000330881914124, -0.000231816200539, 0.000197358865989, 0.000426841084845, -0.000774977728724, 0.00122175330762, -0.000639457488433, 0.000548177165911], [-0.000910787668545, 0.00505485897884, -0.00252394611016, 0.00387686933391, -0.00199900893494, 0.00208155740984, 0.00120566575788, 0.00174800714012, -0.00479141902179, 0.00590475089848, -0.00610294193029, 0.00533124571666, -0.00342148984782], [0.00126281473786, -0.00252394611016, 0.00879129767418, -0.00127259641886, -0.00415095873177, -0.00371937244199, 0.003048006678, 0.000986676546745, -0.00236635911278, 0.000238432257902, 0.00190959800966, -0.000186402001418, 0.000527888129], [-0.000983119476587, 0.00387686933391, -0.00127259641886, 0.0180568415672, -0.014353165403, 0.00604590587318, 0.00180996465497, -0.00245816260576, 0.00376494857483, -0.00194137182552, -0.00201672269031, 0.00638551590964, -0.0061955768615], [9.06686400413e-05, -0.00199900893494, -0.00415095873177, -0.014353165403, 0.0327894389629, -0.0173597037792, -0.00316827557981, 0.000435421679867, -0.00253714760765, 0.00202564243227, -0.000393524358515, 0.00220713461749, 0.00296156387776], [-0.000330881914124, 0.00208155740984, -0.00371937244199, 0.00604590587318, -0.0173597037792, 0.034089628607, -0.00929056014866, 0.00877288449556, 0.0034960671328, -0.00614239741117, 0.00794961024076, -0.00429039308801, 0.00141717435326], [-0.000231816200539, 0.00120566575788, 0.003048006678, 0.00180996465497, -0.00316827557981, -0.00929056014866, 0.0320117175579, -0.0180443711579, -0.00525588961318, 0.00839184504002, -0.00992375519127, 0.00571852689609, 4.40924268332e-05], [0.000197358865989, 0.00174800714012, 0.000986676546745, -0.00245816260576, 0.000435421679867, 0.00877288449556, -0.0180443711579, 0.0374405533075, -0.0141178267077, -0.00185248965863, 0.00671918317676, -0.00694751320407, 0.0046552377753], [0.000426841084845, -0.00479141902179, -0.00236635911278, 0.00376494857483, -0.00253714760765, 0.0034960671328, -0.00525588961318, -0.0141178267077, 0.0421220809221, -0.0159969516098, -0.00380004453473, 0.00965522509068, -0.00535272993147], [-0.000774977728724, 0.00590475089848, 0.000238432257902, -0.00194137182552, 0.00202564243227, -0.00614239741117, 0.00839184504002, -0.00185248965863, -0.0159969516098, 0.0513049475849, -0.0225758291781, -0.00449671503156, 0.00620705960318], [0.00122175330762, -0.00610294193029, 0.00190959800966, -0.00201672269031, -0.000393524358515, 0.00794961024076, -0.00992375519127, 0.00671918317676, -0.00380004453473, -0.0225758291781, 0.0522838719189, -0.0204686522484, 0.000143049284816], [-0.000639457488433, 0.00533124571666, -0.000186402001418, 0.00638551590964, 0.00220713461749, -0.00429039308801, 0.00571852689609, -0.00694751320407, 0.00965522509068, -0.00449671503156, -0.0204686522484, 0.0491065569222, -0.0185670666397], [0.000548177165911, -0.00342148984782, 0.000527888129, -0.0061955768615, 0.00296156387776, 0.00141717435326, 4.40924268332e-05, 0.0046552377753, -0.00535272993147, 0.00620705960318, 0.000143049284816, -0.0185670666397, 0.0451721735299]]
    },
    "melbands": {
        "dmean": [0.00193633616436, 0.00170953059569, 0.000736517307814, 0.00062954518944, 0.000341104867402, 0.00073200953193, 0.000387080450309, 8.82361855474e-05, 6.67213244014e-05, 0.00011264965724, 3.7737783714e-05, 2.3525173674e-05, 5.87693939451e-05, 1.84103446372e-05, 1.20778959172e-05, 1.4689987438e-05, 5.22338586961e-06, 8.6841855591e-06, 5.04708668814e-06, 5.16447335031e-06, 4.0736426854e-06, 3.11007602249e-06, 2.04537082027e-06, 1.21492666949e-06, 8.88276588284e-07, 7.92309833741e-07, 5.70589236304e-07, 2.77624877754e-07, 1.33184329343e-07, 7.77245432459e-08, 5.05250739025e-08, 2.78614979976e-08, 1.26722587979e-08, 7.09570002755e-09, 4.22601509342e-09, 2.40439401722e-09, 1.26130372813e-09, 9.03440156019e-10, 7.13901993077e-10, 4.41364722548e-10],
        "dmean2": [0.00355116720311, 0.00283886003308, 0.00131801061798, 0.00110816000961, 0.00061587872915, 0.00134220730979, 0.000646918488201, 0.000143336001202, 9.8681441159e-05, 0.000167799124029, 6.17173063802e-05, 3.86196152249e-05, 9.0312489192e-05, 3.02569696942e-05, 2.01329439733e-05, 2.45876144618e-05, 8.80426159711e-06, 1.46667953231e-05, 8.6514337454e-06, 8.91757281352e-06, 7.00801456333e-06, 5.3199123613e-06, 3.51534549736e-06, 2.10789949051e-06, 1.51118263148e-06, 1.34920298933e-06, 9.79279320745e-07, 4.8069227887e-07, 2.34593130699e-07, 1.33403162295e-07, 8.71462617624e-08, 4.85559930041e-08, 2.21614691043e-08, 1.16006058093e-08, 7.20170545421e-09, 4.19549150976e-09, 2.13743756028e-09, 1.56370372206e-09, 1.2126891713e-09, 7.19071413524e-10],
        "dvar": [8.34844013298e-06, 5.60137868888e-06, 2.18957302422e-06, 2.11155952456e-06, 2.68451316288e-07, 1.38172549669e-06, 4.01464205879e-07, 2.3311526931e-08, 9.83360504136e-09, 3.84270286702e-08, 4.14599110599e-09, 1.80891535084e-09, 1.12212275027e-08, 1.58174207066e-09, 4.60213978037e-10, 6.28019691806e-10, 8.64622817787e-11, 2.53177590004e-10, 9.2565115295e-11, 7.55423709697e-11, 6.46009773453e-11, 3.51629038386e-11, 1.61718399089e-11, 5.11535301964e-12, 3.32063760169e-12, 2.72834164115e-12, 1.51402122176e-12, 3.27959989894e-13, 9.56986904001e-14, 2.41485146089e-14, 1.13986536613e-14, 3.34390099906e-15, 6.01942958115e-16, 1.65343637101e-16, 7.25743784908e-17, 2.38638016758e-17, 5.05985512159e-18, 2.63112421655e-18, 1.9782247688e-18, 6.21790115492e-19],
        "dvar2": [2.64588961727e-05, 1.70656567207e-05, 6.50711035632e-06, 5.9384906308e-06, 9.27083931401e-07, 4.98344525113e-06, 1.06823517854e-06, 6.35258885495e-08, 2.29133885199e-08, 7.57172387011e-08, 1.07077955391e-08, 4.78345096866e-09, 2.61640824561e-08, 4.18506962419e-09, 1.14558251774e-09, 1.76599912471e-09, 2.53218834789e-10, 7.0319849943e-10, 2.50410081559e-10, 2.11764994429e-10, 1.76719958112e-10, 9.51446768593e-11, 4.47116163538e-11, 1.48262339905e-11, 8.92512713041e-12, 7.84042882701e-12, 4.16883107895e-12, 9.47034334634e-13, 3.00069918999e-13, 6.88761859504e-14, 3.40692236792e-14, 9.77604939546e-15, 1.77505971432e-15, 4.46044691288e-16, 2.00921151703e-16, 7.1465228551e-17, 1.33945083621e-17, 7.92719110181e-18, 5.39355880585e-18, 1.64197946871e-18],
        "max": [0.0257827863097, 0.022535616532, 0.0170276481658, 0.0208237431943, 0.0049468013458, 0.00851613190025, 0.00731799704954, 0.00191766337957, 0.00133609888144, 0.00432041939348, 0.000699385476764, 0.000599010963924, 0.00128096307162, 0.000508172437549, 0.00024056455004, 0.000349161942722, 0.000115224684123, 0.000169506209204, 0.000108758256829, 0.000101159770566, 8.94952536328e-05, 8.46269467729e-05, 5.83736036788e-05, 2.52590070886e-05, 2.1559486413e-05, 2.36034902628e-05, 1.41794052979e-05, 8.33465037431e-06, 4.81591814605e-06, 2.0766929083e-06, 1.58259206273e-06, 8.58754674482e-07, 2.86157103346e-07, 1.62150399774e-07, 1.19668939647e-07, 9.12605386816e-08, 3.3281015277e-08, 1.93541644933e-08, 1.88007334145e-08, 9.70317426408e-09],
        "mean": [0.00252204132266, 0.00297016161494, 0.00116713054013, 0.00091707368847, 0.00055106729269, 0.000972199253738, 0.000588811642956, 0.000203538656933, 0.000162099662703, 0.00029606098542, 7.26078360458e-05, 5.05805073772e-05, 0.000110800647235, 3.52200004272e-05, 2.35567385971e-05, 3.18627317029e-05, 1.30003008962e-05, 1.68474434759e-05, 1.00794750324e-05, 1.04172295323e-05, 8.44643818709e-06, 6.34565321889e-06, 4.22773109676e-06, 2.55001282312e-06, 2.00652516469e-06, 1.71835347373e-06, 1.35578000027e-06, 6.48216825994e-07, 3.70974134967e-07, 2.05955487331e-07, 1.31260009084e-07, 7.00080704519e-08, 3.44737429714e-08, 1.90425275548e-08, 1.21383285645e-08, 7.65937091529e-09, 4.1231280612e-09, 2.80982059842e-09, 2.27323404545e-09, 1.36148681218e-09],
        "median": [0.00135785830207, 0.00217622797936, 0.000531609985046, 0.000370962225134, 0.000322725565638, 0.000483416311909, 0.000240767971263, 0.000100973462395, 9.29718517e-05, 0.000104477177956, 2.76056507573e-05, 1.73370626726e-05, 2.74330704997e-05, 1.06636252895e-05, 7.48938327888e-06, 8.54335485201e-06, 3.83001088267e-06, 5.66895323573e-06, 3.49440347236e-06, 3.71543956135e-06, 2.58286490862e-06, 1.98630368686e-06, 1.54831559485e-06, 7.32620435429e-07, 4.96085419854e-07, 3.59823303597e-07, 3.10256467628e-07, 1.77854573735e-07, 9.42213205235e-08, 3.64050336543e-08, 2.14061390835e-08, 1.46747920482e-08, 8.40791702927e-09, 5.2865964939e-09, 3.42435457767e-09, 2.45727926895e-09, 1.508636438e-09, 9.4276464413e-10, 7.39287409068e-10, 4.70426420041e-10],
        "min": [1.14497330711e-23, 1.33207320668e-23, 1.5544007155e-23, 5.67306874521e-24, 5.32162963421e-24, 1.17710053522e-23, 6.05205487902e-24, 7.35548659727e-24, 1.72803767821e-23, 1.16984064831e-23, 8.71002072496e-24, 7.59184352397e-24, 7.34761692088e-24, 1.31008662774e-23, 4.60809035151e-24, 1.36508652281e-24, 1.07237112478e-23, 1.41810827027e-23, 1.16752352717e-23, 7.42937288737e-24, 8.66575221754e-24, 8.29563682462e-24, 5.33993436266e-24, 8.05758621355e-24, 7.76375209244e-24, 8.31422080982e-24, 1.48504296031e-23, 1.25729037616e-23, 9.22922057379e-24, 6.27858575428e-24, 9.86701146021e-24, 7.79708462113e-24, 7.52207351007e-24, 6.50604906314e-24, 4.82081813309e-24, 7.55561745348e-24, 1.09864642493e-23, 7.30877656535e-24, 8.33240326483e-24, 1.43727333042e-23],
