{
"metadata": {
    "version": {
        "essentia": "2.0.1",
        "extractor": "archive-music 1.0"
    },
    "audio_properties": {
        "analysis_sample_rate": 44100,
        "bitrate": 128,
        "channels": 2,
        "equal_loudness": 0,
        "length": 15.1248979568,
        "replay_gain": 4.03371238708,
        "downmix": "mix"
    },
    "tags": {
        "track": 0,
        "year": 0,
        "album": "",
        "artist": "",
        "comment": "",
        "genre": "",
        "title": ""
    }
},
"highlevel": {
    "culture": {
        "all": {
            "non_western": 0.558362722397,
            "western": 0.441637277603
        },
        "probability": 0.558362722397,
        "value": "non_western"
    },
    "danceability": {
        "all": {
            "danceable": 0.890610575676,
            "not_danceable": 0.109389454126
        },
        "probability": 0.890610575676,
        "value": "danceable"
    },
    "gender": {
        "all": {
            "female": 0.892108201981,
            "male": 0.107891812921
        },
        "probability": 0.892108201981,
        "value": "female"
    },
    "genre_dortmund": {
        "all": {
            "alternative": 0.0620311424136,
            "blues": 0.00405547162518,
            "electronic": 0.426497876644,
            "folkcountry": 0.0111309401691,
            "funksoulrnb": 0.0219658371061,
            "jazz": 0.101033188403,
            "pop": 0.0136971157044,
            "raphiphop": 0.286982953548,
            "rock": 0.072605445981
        },
        "probability": 0.426497876644,
        "value": "electronic"
    },
    "genre_electronic": {
        "all": {
            "ambient": 0.749174773693,
            "dnb": 0.0248164907098,
            "house": 0.159207642078,
            "techno": 0.0474865287542,
            "trance": 0.0193145368248
        },
        "probability": 0.749174773693,
        "value": "ambient"
    },
    "genre_rosamerica": {
        "all": {
            "cla": 0.0514214448631,
            "dan": 0.282035529613,
            "hip": 0.0505426079035,
            "jaz": 0.021863816306,
            "pop": 0.291152626276,
            "rhy": 0.206608399749,
            "roc": 0.0732356533408,
            "spe": 0.0231399331242
        },
        "probability": 0.291152626276,
        "value": "pop"
    },
    "genre_tzanetakis": {
        "all": {
            "blu": 0.00527835870162,
            "cla": 0.0156002668664,
            "cou": 0.0116271888837,
            "dis": 0.0207622069865,
            "hip": 0.479266166687,
            "jaz": 0.0134647004306,
            "met": 0.00289561133832,
            "pop": 0.118818357587,
            "reg": 0.241081401706,
            "roc": 0.0912057459354
        },
        "probability": 0.479266166687,
        "value": "hip"
    },
    "mirex_ballroom": {
        "all": {
            "ChaChaCha": 0.0175921916962,
            "Jive": 0.00695223873481,
            "Quickstep": 0.0150246564299,
            "Rumba-American": 0.0043032374233,
            "Rumba-International": 0.0811999216676,
            "Rumba-Misc": 0.0155926775187,
            "Samba": 0.0229111146182,
            "Tango": 0.0599459297955,
            "VienneseWaltz": 0.632105767727,
            "Waltz": 0.14437225461
        },
        "probability": 0.632105767727,
        "value": "VienneseWaltz"
    },
    "mood_acoustic": {
        "all": {
            "acoustic": 0.258301138878,
            "not_acoustic": 0.741698861122
        },
        "probability": 0.741698861122,
        "value": "not_acoustic"
    },
    "mood_aggressive": {
        "all": {
            "aggressive": 0.227117165923,
            "not_aggressive": 0.772882819176
        },
        "probability": 0.772882819176,
        "value": "not_aggressive"
    },
    "mood_electronic": {
        "all": {
            "electronic": 0.987641572952,
            "not_electronic": 0.0123584559187
        },
        "probability": 0.987641572952,
        "value": "electronic"
    },
    "mood_happy": {
        "all": {
            "happy": 0.15958674252,
            "not_happy": 0.840413272381
        },
        "probability": 0.840413272381,
        "value": "not_happy"
    },
    "mood_party": {
        "all": {
            "not_party": 0.931722402573,
            "party": 0.068277567625
        },
        "probability": 0.931722402573,
        "value": "not_party"
    },
    "mood_relaxed": {
        "all": {
            "not_relaxed": 0.261345535517,
            "relaxed": 0.738654434681
        },
        "probability": 0.738654434681,
        "value": "relaxed"
    },
    "mood_sad": {
        "all": {
            "not_sad": 0.385394006968,
            "sad": 0.614606022835
        },
        "probability": 0.614606022835,
        "value": "sad"
    },
    "moods_mirex": {
        "all": {
            "Cluster1": 0.281764239073,
            "Cluster2": 0.182337298989,
            "Cluster3": 0.154312953353,
            "Cluster4": 0.039623811841,
            "Cluster5": 0.341961711645
        },
        "probability": 0.341961711645,
        "value": "Cluster5"
    },
    "timbre": {
        "all": {
            "bright": 0.00471467943862,
            "dark": 0.995285332203
        },
        "probability": 0.995285332203,
        "value": "dark"
    },
    "tonal_atonal": {
        "all": {
            "atonal": 0.996650874615,
            "tonal": 0.00334911327809
        },
        "probability": 0.996650874615,
        "value": "atonal"
    },
    "voice_instrumental": {
        "all": {
            "instrumental": 0.995761156082,
            "voice": 0.00423883274198
        },
        "probability": 0.995761156082,
        "value": "instrumental"
    }
},
"lowlevel": {
    "average_loudness": 0.832670032978,
    "barkbands_kurtosis": {
        "dmean": 7.43601131439,
        "dmean2": 11.9090871811,
        "dvar": 313.800506592,
        "dvar2": 681.447875977,
        "max": 270.433288574,
        "mean": 9.90558338165,
        "median": 5.45333099365,
        "min": -1.36153233051,
        "var": 379.560455322
    },
    "barkbands_skewness": {
        "dmean": 0.836553633213,
        "dmean2": 1.27342128754,
        "dvar": 1.1216750145,
        "dvar2": 2.27269601822,
        "max": 14.4202327728,
        "mean": 2.06828451157,
        "median": 1.76551604271,
        "min": -2.1100590229,
        "var": 2.80175113678
    },
    "barkbands_spread": {
        "dmean": 2.70588231087,
        "dmean2": 4.19572782516,
        "dvar": 27.6706562042,
        "dvar2": 67.9394302368,
        "max": 98.6550979614,
        "mean": 8.17853164673,
        "median": 7.13657426834,
        "min": 0.340301781893,
        "var": 47.6388664246
    },
    "dissonance": {
        "dmean": 0.0306281577796,
        "dmean2": 0.0515755154192,
        "dvar": 0.000711714266799,
        "dvar2": 0.00202530692331,
        "max": 0.499895989895,
        "mean": 0.430125027895,
        "median": 0.441899895668,
        "min": 0.22242769599,
        "var": 0.00248117279261
    },
    "dynamic_complexity": 3.71134352684,
    "erbbands_kurtosis": {
        "dmean": 1.34550714493,
        "dmean2": 2.08699178696,
        "dvar": 7.28075361252,
        "dvar2": 17.0743713379,
        "max": 60.7998657227,
        "mean": 2.00481987,
        "median": 0.378415822983,
        "min": -1.4540708065,
        "var": 47.9608726501
    },
    "erbbands_skewness": {
        "dmean": 0.395275175571,
        "dmean2": 0.600426077843,
        "dvar": 0.106409907341,
        "dvar2": 0.255121618509,
        "max": 6.73654174805,
        "mean": 0.823588788509,
        "median": 0.641247630119,
        "min": -0.833809018135,
        "var": 0.959079504013
    },
    "erbbands_spread": {
        "dmean": 5.05493068695,
        "dmean2": 8.04358100891,
        "dvar": 28.6052761078,
        "dvar2": 69.5844802856,
        "max": 88.1337432861,
        "mean": 24.3884525299,
        "median": 22.0308589935,
        "min": 2.26737689972,
        "var": 150.100982666
    },
    "hfc": {
        "dmean": 4.61095094681,
        "dmean2": 7.11263990402,
        "dvar": 64.9667282104,
        "dvar2": 152.972167969,
        "max": 106.375946045,
        "mean": 14.6979970932,
        "median": 11.175491333,
        "min": 1.07025650293e-16,
        "var": 163.074539185
    },
    "melbands_kurtosis": {
        "dmean": 10.0664339066,
        "dmean2": 15.8866481781,
        "dvar": 289.867340088,
        "dvar2": 643.621948242,
        "max": 158.800872803,
        "mean": 15.9717330933,
        "median": 9.26224803925,
        "min": -1.43359851837,
        "var": 466.394683838
    },
    "melbands_skewness": {
        "dmean": 0.877281606197,
        "dmean2": 1.3568675518,
        "dvar": 0.798982381821,
        "dvar2": 1.71232676506,
        "max": 10.1154699326,
        "mean": 2.62954831123,
        "median": 2.23936963081,
        "min": -0.656678438187,
        "var": 3.03747105598
    },
    "melbands_spread": {
        "dmean": 3.03967404366,
        "dmean2": 4.81803178787,
        "dvar": 49.7102737427,
        "dvar2": 84.5566711426,
        "max": 163.467056274,
        "mean": 9.51524734497,
        "median": 7.27730035782,
        "min": 0.460462749004,
        "var": 200.342559814
    },
    "pitch_salience": {
        "dmean": 0.0852265059948,
        "dmean2": 0.134220138192,
        "dvar": 0.00642904918641,
        "dvar2": 0.0157439019531,
        "max": 0.878585577011,
        "mean": 0.464882552624,
        "median": 0.479454129934,
        "min": 0.047812666744,
        "var": 0.0192712377757
    },
    "silence_rate_20dB": {
        "dmean": 0.0337423309684,
        "dmean2": 0.0675883293152,
        "dvar": 0.0326039083302,
        "dvar2": 0.0722376853228,
        "max": 1,
        "mean": 0.9617151618,
        "median": 1,
        "min": 0,
        "var": 0.0368185862899
    },
    "silence_rate_30dB": {
        "dmean": 0.098159506917,
        "dmean2": 0.196620583534,
        "dvar": 0.0885246545076,
        "dvar2": 0.191754058003,
        "max": 1,
        "mean": 0.784073531628,
        "median": 1,
        "min": 0,
        "var": 0.169301524758
    },
    "silence_rate_60dB": {
        "dmean": 0.00613496918231,
        "dmean2": 0.0122887864709,
        "dvar": 0.00609733490273,
        "dvar2": 0.0152099290863,
        "max": 1,
        "mean": 0.0735068917274,
        "median": 0,
        "min": 0,
        "var": 0.0681038871408
    },
    "spectral_centroid": {
        "dmean": 107.142341614,
        "dmean2": 164.059112549,
        "dvar": 98592.3828125,
        "dvar2": 177838.8125,
        "max": 11288.4072266,
        "mean": 616.971984863,
        "median": 515.129394531,
        "min": 146.862930298,
        "var": 456947.90625
    },
    "spectral_complexity": {
        "dmean": 1.93558287621,
        "dmean2": 3.293394804,
        "dvar": 3.05106925964,
        "dvar2": 8.50842571259,
        "max": 37,
        "mean": 14.3859109879,
        "median": 13,
        "min": 0,
        "var": 49.9429893494
    },
    "spectral_crest": {
        "dmean": 3.48240542412,
        "dmean2": 5.73530960083,
        "dvar": 9.80724239349,
        "dvar2": 23.2206325531,
        "max": 26.1837978363,
        "mean": 13.0907649994,
        "median": 11.8548536301,
        "min": 4.83157634735,
        "var": 26.2248477936
    },
    "spectral_decrease": {
        "dmean": 1.19084511141e-08,
        "dmean2": 1.87084534531e-08,
        "dvar": 7.96339613548e-16,
        "dvar2": 1.83319783236e-15,
        "max": -5.40953036108e-29,
        "mean": -1.96667109265e-08,
        "median": -9.08265285204e-09,
        "min": -3.54475673703e-07,
        "var": 1.06567470319e-15
    },
    "spectral_energy": {
        "dmean": 0.0453343912959,
        "dmean2": 0.0711944326758,
        "dvar": 0.0114937042817,
        "dvar2": 0.0264637004584,
        "max": 1.34752058983,
        "mean": 0.0755598470569,
        "median": 0.0358117483556,
        "min": 1.03241510852e-20,
        "var": 0.0154298665002
    },
    "spectral_energyband_high": {
        "dmean": 2.24604245886e-05,
        "dmean2": 3.50606715074e-05,
        "dvar": 5.44242384493e-09,
        "dvar2": 1.50282470912e-08,
        "max": 0.00171386206057,
        "mean": 9.75781294983e-05,
        "median": 1.70901166712e-05,
        "min": 7.28399737778e-21,
        "var": 5.21805887388e-08
    },
    "spectral_energyband_low": {
        "dmean": 0.0434810779989,
        "dmean2": 0.0689366236329,
        "dvar": 0.0116117848083,
        "dvar2": 0.0266767255962,
        "max": 1.33160281181,
        "mean": 0.0568017661572,
        "median": 0.0155456596985,
        "min": 4.23227251976e-23,
        "var": 0.0147361401469
    },
    "spectral_energyband_middle_high": {
        "dmean": 0.00125704752281,
        "dmean2": 0.00188413343858,
        "dvar": 3.07555637846e-06,
        "dvar2": 7.22007416698e-06,
        "max": 0.0348000563681,
        "mean": 0.00360657274723,
        "median": 0.00274412008002,
        "min": 1.30166472031e-21,
        "var": 1.21085040519e-05
    },
    "spectral_energyband_middle_low": {
        "dmean": 0.00551304966211,
        "dmean2": 0.00890857540071,
        "dvar": 3.47506284015e-05,
        "dvar2": 9.68874301179e-05,
        "max": 0.0613657236099,
        "mean": 0.0162132792175,
        "median": 0.0144110433757,
        "min": 4.22324422758e-22,
        "var": 0.0001283846359
    },
    "spectral_flatness_db": {
        "dmean": 0.028367087245,
        "dmean2": 0.0423496104777,
        "dvar": 0.000710292253643,
        "dvar2": 0.00149829848669,
        "max": 0.444717139006,
        "mean": 0.22816413641,
        "median": 0.222822889686,
        "min": 0.0563508532941,
        "var": 0.00331543083303
    },
    "spectral_flux": {
        "dmean": 0.0476094521582,
        "dmean2": 0.0824220404029,
        "dvar": 0.00556750083342,
        "dvar2": 0.0167712941766,
        "max": 0.743298172951,
        "mean": 0.119301520288,
        "median": 0.0877987444401,
        "min": 6.49032355637e-11,
        "var": 0.0103134084493
    },
    "spectral_kurtosis": {
        "dmean": 4.9823474884,
        "dmean2": 8.66218757629,
        "dvar": 21.1745300293,
        "dvar2": 63.9750099182,
        "max": 39.9195365906,
        "mean": 12.6438941956,
        "median": 11.415640831,
        "min": -1.23128676414,
        "var": 58.798084259
    },
    "spectral_rms": {
        "dmean": 0.00186662608758,
        "dmean2": 0.00281848292798,
        "dvar": 7.5985467447e-06,
        "dvar2": 1.64071370818e-05,
        "max": 0.036258161068,
        "mean": 0.00711564579979,
        "median": 0.00591086223722,
        "min": 3.17369546442e-12,
        "var": 2.30844070757e-05
    },
    "spectral_rolloff": {
        "dmean": 181.64491272,
        "dmean2": 297.296813965,
        "dvar": 622744.75,
        "dvar2": 850179.8125,
        "max": 18906.1523438,
        "mean": 662.087890625,
        "median": 430.6640625,
        "min": 86.1328125,
        "var": 3557732.75
    },
    "spectral_skewness": {
        "dmean": 0.399136841297,
        "dmean2": 0.678910195827,
        "dvar": 0.112663388252,
        "dvar2": 0.328277409077,
        "max": 4.84328651428,
        "mean": 2.52468490601,
        "median": 2.47158002853,
        "min": 0.00159333902411,
        "var": 0.611556768417
    },
    "spectral_spread": {
        "dmean": 286080.09375,
        "dmean2": 468325.34375,
        "dvar": 1.62647834624e+12,
        "dvar2": 3.16770012365e+12,
        "max": 41583924,
        "mean": 2773439.5,
        "median": 2387032.5,
        "min": 1534287.125,
        "var": 5.65583858893e+12
    },
    "spectral_strongpeak": {
        "dmean": 0.455168843269,
        "dmean2": 0.767715811729,
        "dvar": 0.255498349667,
        "dvar2": 0.602673590183,
        "max": 6.32350683212,
        "mean": 0.790644824505,
        "median": 0.557190001011,
        "min": 0,
        "var": 0.543949902058
    },
    "zerocrossingrate": {
        "dmean": 0.0052377898246,
        "dmean2": 0.00726796500385,
        "dvar": 0.000437010778114,
        "dvar2": 0.000773614097852,
        "max": 0.50390625,
        "mean": 0.0256725270301,
        "median": 0.01953125,
        "min": 0.0029296875,
        "var": 0.00215271278284
    },
    "barkbands": {
        "dmean": [0.000535789353307, 0.0399486459792, 0.00581335928291, 0.00156913965475, 0.00159198103938, 0.00306605198421, 0.00234967283905, 0.000353892450221, 0.000296155689284, 0.00101820623968, 0.000285998132313, 0.000129741398268, 0.000188978883671, 5.34562132088e-05, 0.000149233310367, 5.55779661227e-05, 3.30212205881e-05, 4.64244476461e-05, 1.71912670339e-05, 2.10959969991e-05, 8.60392628965e-06, 5.85990073887e-06, 3.25190353578e-06, 1.20052391139e-06, 4.17411143872e-07, 9.93797826254e-08, 2.82255030015e-07],
        "dmean2": [0.000937330827583, 0.0637747496367, 0.00971686188132, 0.002758434508, 0.0026330857072, 0.00509157078341, 0.00344666023739, 0.00061460933648, 0.000494117208291, 0.00156121270265, 0.000424593192292, 0.000213436753256, 0.000303497450659, 8.79755316419e-05, 0.000241015062784, 9.10737071536e-05, 5.65941481909e-05, 8.15560924821e-05, 2.91678279609e-05, 3.56416931027e-05, 1.39217418109e-05, 9.32723833103e-06, 4.91363380206e-06, 1.87153864317e-06, 6.40249595563e-07, 1.63786168628e-07, 5.3429386071e-07],
        "dvar": [9.32416924115e-07, 0.0106089208275, 0.000136918068165, 1.02705562313e-05, 5.6126364143e-06, 1.62799242389e-05, 7.38999096939e-06, 3.32039945761e-07, 2.56220829442e-07, 2.35051538766e-06, 3.30194779963e-07, 5.90375925924e-08, 8.14460889842e-08, 5.29117860637e-09, 9.48909715248e-08, 1.09959810146e-08, 1.98340188717e-09, 1.39105722496e-08, 1.99898742004e-09, 5.20409981775e-09, 4.45177311681e-10, 2.71548561415e-10, 6.17359496857e-11, 8.73428759873e-12, 1.31345271031e-12, 5.0314170419e-14, 5.24809958945e-13],
        "dvar2": [2.61075729213e-06, 0.0243329778314, 0.000355339667294, 2.98883824144e-05, 1.61353818839e-05, 4.73414438602e-05, 1.6314064851e-05, 1.05422179786e-06, 7.50426579543e-07, 5.6397152548e-06, 6.26033681783e-07, 1.4951191929e-07, 2.16308009726e-07, 1.36916327165e-08, 2.34659623288e-07, 3.02535951846e-08, 5.77016345815e-09, 4.02228828023e-08, 5.1546229507e-09, 1.44991600948e-08, 1.33797073421e-09, 6.27089102867e-10, 1.64793775848e-10, 2.01376988002e-11, 2.74544558095e-12, 1.3944748134e-13, 1.80438953709e-12],
        "max": [0.00760330166668, 1.26900994778, 0.100802414119, 0.031111638993, 0.0240375306457, 0.0354100987315, 0.0242434684187, 0.00519337225705, 0.00523933488876, 0.0200194865465, 0.0118080470711, 0.00382622936741, 0.00330518721603, 0.000803883303888, 0.00621553277597, 0.00164169096388, 0.000392674352042, 0.00246881693602, 0.000857861945406, 0.00144183111843, 0.000421465549152, 0.000403328129323, 0.000161795585882, 7.19929666957e-05, 3.18301026709e-05, 5.53824474991e-06, 9.19158901524e-06],
        "mean": [0.000621465733275, 0.0466924421489, 0.00841052737087, 0.00217862683348, 0.00317655596882, 0.00557174347341, 0.00404856679961, 0.000573343015276, 0.000528771604877, 0.00175002613105, 0.000506231503095, 0.000274113495834, 0.000350709422491, 0.000119626878586, 0.000307710724883, 0.000112319023174, 6.82916506776e-05, 0.000103851831227, 3.99455930165e-05, 5.9216410591e-05, 2.88722258119e-05, 2.05544765777e-05, 9.91164415609e-06, 4.17544288212e-06, 1.42550209148e-06, 3.01113317391e-07, 6.07687979937e-07],
        "median": [0.00017086257867, 0.00857744086534, 0.00276179448701, 0.000842148321681, 0.00204453244805, 0.00366139411926, 0.00252107321285, 0.00035871079308, 0.000294662168017, 0.000951574009378, 0.000155228481162, 0.000120799522847, 0.000228496894124, 6.35057003819e-05, 0.000212969229324, 5.86776004639e-05, 4.53041211586e-05, 3.94305716327e-05, 1.60706331371e-05, 9.20048023545e-06, 5.95700475969e-06, 3.86727879231e-06, 1.94593462766e-06, 1.38851180509e-06, 4.14767470147e-07, 1.81927518383e-07, 3.78177631433e-08],
        "min": [2.62311965095e-23, 5.8809746145e-24, 9.70166305904e-24, 4.13455056074e-24, 5.11718071118e-23, 6.31022901623e-23, 4.04237192731e-23, 6.22716227845e-24, 4.47498734981e-23, 3.41043817533e-23, 4.4141753248e-23, 1.01384163725e-22, 6.98875163109e-23, 7.71024507718e-23, 1.17845027623e-22, 1.16387111696e-22, 1.58353085593e-22, 1.91827167483e-22, 1.94876853256e-22, 2.92877901792e-22, 3.21414799888e-22, 4.9665268954e-22, 6.80829269394e-22, 8.86256070717e-22, 1.04375127954e-21, 1.45842382725e-21, 2.19739035307e-21],
        "var": [1.19224853279e-06, 0.0128279784694, 0.00020644137112, 1.37468514367e-05, 1.117147076e-05, 3.27230518451e-05, 1.77500478458e-05, 4.62606266183e-07, 4.57661172959e-07, 5.21719584867e-06, 1.08687640932e-06, 1.37501487529e-07, 1.47530798245e-07, 1.80930399551e-08, 1.46572077142e-07, 2.58233310291e-08, 4.56702853313e-09, 4.86588369597e-08, 5.69452929255e-09, 2.82016614506e-08, 3.68022146091e-09, 2.60086818749e-09, 4.07341632647e-10, 5.3132893918e-11, 7.20260613304e-12, 2.70705685515e-13, 1.68714217944e-12]
    },
    "erbbands": {
        "dmean": [0.866431474686, 9.95132732391, 10.3258161545, 4.43092298508, 3.53870820999, 5.35838365555, 19.4857749939, 26.8956699371, 33.8702354431, 15.6066637039, 8.20838928223, 6.6426320076, 10.3388872147, 41.7428131104, 7.32672166824, 5.63339948654, 9.19963169098, 3.03274178505, 6.45408296585, 4.53675603867, 3.39546108246, 1.44338858128, 2.54907345772, 1.42133879662, 0.821719110012, 1.03751397133, 0.496540427208, 0.264220863581, 0.245340108871, 0.139597684145, 0.0872281566262, 0.0331672392786, 0.0182311628014, 0.00624851742759, 0.00237245322205, 0.000516291300301, 0.000187113095308, 0.000455046218121, 3.04597524519e-05, 4.90541751788e-05],
        "dmean2": [1.40685009956, 15.9194402695, 16.8284816742, 7.49655675888, 6.19181108475, 9.05891418457, 31.9194412231, 46.4844360352, 49.4806404114, 24.212184906, 14.2695131302, 10.9484605789, 16.9397239685, 61.3019104004, 11.7466678619, 9.17279720306, 14.8436346054, 5.01664495468, 10.2182579041, 7.58746004105, 5.58470201492, 2.41330051422, 4.52805519104, 2.39319348335, 1.36085307598, 1.7358212471, 0.813706994057, 0.418343305588, 0.40676420927, 0.215148344636, 0.137616679072, 0.0515340939164, 0.0283201187849, 0.00956320669502, 0.00368666183203, 0.000826032017358, 0.000303853070363, 0.000857071368955, 5.15446845384e-05, 7.69896869315e-05],
        "dvar": [3.87116670609, 686.087341309, 469.348052979, 99.9682617188, 51.8910980225, 73.0571517944, 792.007995605, 1606.3614502, 1559.80004883, 348.120300293, 198.390197754, 122.068740845, 237.757522583, 4567.48535156, 137.68598938, 117.568840027, 213.117095947, 17.1814632416, 70.9577865601, 327.293365479, 44.7708396912, 3.25804305077, 46.4419021606, 8.88570594788, 2.79671406746, 15.9737243652, 1.76580309868, 0.425227433443, 0.533371090889, 0.150825798512, 0.0528574585915, 0.00517081003636, 0.00192600651644, 0.000307391950628, 4.44136894657e-05, 9.20516924907e-07, 2.09105692761e-07, 1.40012832617e-06, 3.16292725344e-09, 1.33807942504e-08],
        "dvar2": [8.94897842407, 1579.01196289, 1151.90979004, 263.380065918, 148.816329956, 204.61026001, 1911.64538574, 4959.73046875, 3281.63012695, 886.860778809, 624.943359375, 354.888244629, 637.688354492, 10239.875, 399.1902771, 291.301757812, 565.813659668, 44.9118003845, 163.776000977, 823.403320312, 117.902359009, 9.74906635284, 131.947418213, 26.4783706665, 7.87713384628, 43.4305610657, 5.09220647812, 1.13867115974, 1.3065751791, 0.363368362188, 0.14446349442, 0.0102544622496, 0.00480141304433, 0.000632769311778, 9.67208834481e-05, 2.2854751478e-06, 5.86168880545e-07, 4.81938877783e-06, 8.42904501752e-09, 3.08125329695e-08],
        "max": [22.7442131042, 323.543273926, 232.821640015, 107.245063782, 86.4235076904, 85.4843978882, 309.055267334, 414.46081543, 367.405761719, 215.10484314, 142.211074829, 113.594238281, 149.164581299, 1296.19116211, 135.475021362, 183.042678833, 157.258789062, 50.6311073303, 97.6816482544, 390.018737793, 107.986465454, 19.1019191742, 140.224151611, 46.4904937744, 29.2237300873, 80.4809951782, 24.5288181305, 16.4483470917, 18.13671875, 7.44074678421, 4.85050010681, 1.6802598238, 0.930129408836, 0.48084834218, 0.174385622144, 0.0217964276671, 0.0114508708939, 0.0166002046317, 0.000628238078207, 0.00145576905925],
        "mean": [1.03944587708, 11.4281368256, 13.5981397629, 7.74934434891, 7.35695695877, 9.67219924927, 39.8934288025, 43.4138259888, 59.3281593323, 28.5802726746, 14.131562233, 12.7834587097, 21.3064594269, 71.7122268677, 15.079082489, 12.9189300537, 17.112203598, 8.03764724731, 14.7122802734, 9.2833480835, 7.11485671997, 3.55730676651, 5.4159989357, 3.6533768177, 2.33304214478, 2.7621614933, 1.45754516125, 0.961884140968, 0.801069319248, 0.462231069803, 0.264074712992, 0.123328648508, 0.0584043301642, 0.0210402105004, 0.0078760581091, 0.00181640277151, 0.00055968266679, 0.00104287138674, 6.532529369e-05, 8.3299652033e-05],
        "median": [0.223116308451, 2.03929615021, 4.13574028015, 2.98643279076, 3.59803915024, 5.86059331894, 24.9013957977, 25.8602085114, 38.3650665283, 19.5573806763, 9.13149452209, 7.91543722153, 12.9974765778, 39.0847587585, 7.73613977432, 6.66195440292, 11.8972539902, 4.63369894028, 9.4727973938, 4.72637462616, 4.12134218216, 2.47830629349, 2.26939511299, 1.37074422836, 0.853589296341, 0.44219827652, 0.289157032967, 0.199419587851, 0.13339279592, 0.0713208913803, 0.0452172420919, 0.036986220628, 0.0188827551901, 0.006275115069, 0.00221259286627, 0.00112589076161, 0.000301779538859, 0.000107536186988, 2.85245878331e-05, 4.01303914259e-05],
        "min": [5.55177838336e-22, 1.05977457176e-21, 1.36312288677e-20, 1.00654931617e-20, 1.79301139761e-20, 2.67430955857e-19, 1.49172898638e-19, 5.22727172128e-19, 5.84274476183e-19, 3.44322899715e-19, 2.26583950029e-19, 1.09702181762e-18, 1.73383332624e-18, 1.50955757201e-18, 2.13504725279e-18, 4.48023684508e-18, 3.58824208204e-18, 4.00808876887e-18, 4.58074838849e-18, 5.75039335517e-18, 7.3210645818e-18, 9.5708271031e-18, 8.24460925417e-18, 1.49243317557e-17, 9.26820059445e-18, 1.35652649103e-17, 1.06387032118e-17, 1.60292514938e-17, 1.58465885079e-17, 1.99619410955e-17, 1.78450701027e-17, 1.54019971266e-17, 1.69705731048e-17, 1.20118445354e-17, 7.42680142514e-18, 5.379481019e-18, 2.91183436807e-18, 1.2932169614e-18, 3.17326412858e-19, 2.83411012542e-20],
        "var": [5.19307804108, 808.148620605, 608.023376465, 168.424697876, 96.2522964478, 127.199943542, 2096.5078125, 2703.22924805, 3820.10327148, 815.844543457, 269.259643555, 234.102127075, 596.321838379, 11617.3476562, 333.164581299, 279.741851807, 364.069793701, 68.3909988403, 237.241363525, 353.008453369, 101.549026489, 10.9470977783, 131.084365845, 47.4447059631, 18.9358062744, 70.2623672485, 10.2011957169, 4.38960599899, 4.30621576309, 1.13620078564, 0.291910648346, 0.0487540252507, 0.0106392875314, 0.00156132224947, 0.000225305906497, 5.36230891157e-06, 1.11362624011e-06, 5.11326607011e-06, 7.46862038881e-09, 1.80572587993e-08]
    },
    "gfcc": {
        "mean": [-63.2644042969, 163.9921875, -105.119064331, 20.9249782562, -42.1894187927, 2.29058337212, -23.7245616913, -2.00149059296, -6.58726263046, -0.923633217812, 0.133544355631, 3.57760500908, 1.23495292664],
        "cov": [[20131.296875, 2429.09960938, -1741.86364746, 485.000274658, -209.646560669, 553.505249023, 143.583206177, -116.381851196, -135.963760376, -311.362304688, -69.995552063, -336.374267578, -55.194316864], [2429.09960938, 1163.23925781, -92.8917007446, -40.5775947571, 144.349136353, 32.7760543823, 40.3133354187, 50.8851928711, 85.9054412842, -0.340159744024, 88.210899353, -63.9747886658, 78.8365097046], [-1741.86364746, -92.8917007446, 446.785217285, 55.401386261, 64.9423370361, -26.5739021301, 50.6438789368, 25.4626121521, 60.225566864, 30.9709224701, 34.3594856262, 9.64025974274, 32.6270332336], [485.000274658, -40.5775947571, 55.401386261, 308.107879639, 56.0075416565, 12.521071434, 60.3849105835, 9.55204200745, -6.09413528442, -42.661151886, -16.8055229187, -48.7212257385, 5.33892822266], [-209.646560669, 144.349136353, 64.9423370361, 56.0075416565, 216.971694946, 60.9714050293, 100.990257263, 46.3135490417, 50.5719413757, 4.71730327606, 37.9899482727, -26.6981735229, 20.0169677734], [553.505249023, 32.7760543823, -26.5739021301, 12.521071434, 60.9714050293, 195.151885986, 88.6993331909, 45.4018630981, 20.2849006653, 13.499499321, 21.0446720123, -47.2330665588, -2.25296807289], [143.583206177, 40.3133354187, 50.6438789368, 60.3849105835, 100.990257263, 88.6993331909, 140.199752808, 53.4567184448, 34.5437736511, 0.150224283338, 18.9758148193, -29.0988578796, 7.24285173416], [-116.381851196, 50.8851928711, 25.4626121521, 9.55204200745, 46.3135490417, 45.4018630981, 53.4567184448, 83.4272918701, 36.6424407959, 22.292175293, 22.9548301697, -13.3570508957, 10.1222677231], [-135.963760376, 85.9054412842, 60.225566864, -6.09413528442, 50.5719413757, 20.2849006653, 34.5437736511, 36.6424407959, 68.518447876, 38.0065574646, 33.4933357239, -4.24951648712, 13.3539037704], [-311.362304688, -0.340159744024, 30.9709224701, -42.661151886, 4.71730327606, 13.499499321, 0.150224283338, 22.292175293, 38.0065574646, 73.1734848022, 46.3167533875, 12.3636274338, 10.3902244568], [-69.995552063, 88.210899353, 34.3594856262, -16.8055229187, 37.9899482727, 21.0446720123, 18.9758148193, 22.9548301697, 33.4933357239, 46.3167533875, 68.8625106812, 14.1904163361, 25.0838127136], [-336.374267578, -63.9747886658, 9.64025974274, -48.7212257385, -26.6981735229, -47.2330665588, -29.0988578796, -13.3570508957, -4.24951648712, 12.3636274338, 14.1904163361, 67.8986434937, 25.5361843109], [-55.194316864, 78.8365097046, 32.6270332336, 5.33892822266, 20.0169677734, -2.25296807289, 7.24285173416, 10.1222677231, 13.3539037704, 10.3902244568, 25.0838127136, 25.5361843109, 67.3299789429]],
        "icov": [[0.000219969311729, -0.000539240660146, 0.00068521592766, -0.000615247059613, 0.000772916420829, -0.000670987938065, -0.000461915537016, 0.00067184510408, -0.000330030743498, 0.000367635773728, -4.53562024632e-05, -0.00041765923379, 0.000408932974096], [-0.000539240660146, 0.00314518902451, -0.000862107030116, 0.00243128393777, -0.00216537201777, 0.00264928024262, 0.00155474175699, -0.00155668100342, -0.00175164407119, 0.00246478058398, -0.00357425655238, 0.00510500231758, -0.00373810506426], [0.00068521592766, -0.000862107030116, 0.00533849978819, -0.00198959582485, 0.00219075102359, -0.0006168129039, -0.00235238811001, 0.00261796941049, -0.00419184844941, 0.00197354285046, -0.00171902531292, 0.000306434376398, -0.000619466532953], [-0.000615247059613, 0.00243128393777, -0.00198959582485, 0.00674653053284, -0.00244666868821, 0.00357568543404, -0.000339268735843, -0.00166852388065, 0.000808732293081, 0.00258827954531, -0.00225751730613, 0.00703986827284, -0.00417638896033], [0.000772916420829, -0.00216537201777, 0.00219075102359, -0.00244666868821, 0.011227209121, -0.00218368065543, -0.00594148831442, 0.00259174988605, -0.00474720355123, 0.00476846890524, -0.00409524608403, -6.52931557852e-05, 0.000896187731996], [-0.000670987938065, 0.00264928024262, -0.0006168129039, 0.00357568543404, -0.00218368065543, 0.0121016344056, -0.00406173057854, -0.00287430826575, 0.00183208717499, -0.00129319063853, -0.00383473676629, 0.00979675166309, -0.00416430877522], [-0.000461915537016, 0.00155474175699, -0.00235238811001, -0.000339268735843, -0.00594148831442, -0.00406173057854, 0.018350251019, -0.00671401387081, -0.00258306763135, 0.00402312306687, -0.00109557167161, 1.00933593785e-05, -7.06069986336e-05], [0.00067184510408, -0.00155668100342, 0.00261796941049, -0.00166852388065, 0.00259174988605, -0.00287430826575, -0.00671401387081, 0.0215601064265, -0.00718001183122, -0.00152689556126, -0.000328291178448, 0.000829738157336, -0.000681330391672], [-0.000330030743498, -0.00175164407119, -0.00419184844941, 0.000808732293081, -0.00474720355123, 0.00183208717499, -0.00258306763135, -0.00718001183122, 0.0358540453017, -0.0180679224432, 0.00383821642026, -0.000933031667955, 0.00117858068552], [0.000367635773728, 0.00246478058398, 0.00197354285046, 0.00258827954531, 0.00476846890524, -0.00129319063853, 0.00402312306687, -0.00152689556126, -0.0180679224432, 0.0412104874849, -0.0257593393326, 0.00505997100845, -0.000508817553055], [-4.53562024632e-05, -0.00357425655238, -0.00171902531292, -0.00225751730613, -0.00409524608403, -0.00383473676629, -0.00109557167161, -0.000328291178448, 0.00383821642026, -0.0257593393326, 0.0417137816548, -0.0132320253178, -0.000891789561138], [-0.00041765923379, 0.00510500231758, 0.000306434376398, 0.00703986827284, -6.52931557852e-05, 0.00979675166309, 1.00933593785e-05, 0.000829738157336, -0.000933031667955, 0.00505997100845, -0.0132320253178, 0.0374973528087, -0.016692917794], [0.000408932974096, -0.00373810506426, -0.000619466532953, -0.00417638896033, 0.000896187731996, -0.00416430877522, -7.06069986336e-05, -0.000681330391672, 0.00117858068552, -0.000508817553055, -0.000891789561138, -0.016692917794, 0.0264080986381]]
    },
    "melbands": {
        "dmean": [0.00993679091334, 0.00835112296045, 0.000717271177564, 0.000295324338367, 0.000572744000237, 0.000567982264329, 0.000524096714798, 0.000136569564347, 6.10757560935e-05, 4.53876818938e-05, 5.48033494852e-05, 0.000179797789315, 2.87474958895e-05, 1.65463534358e-05, 1.71300835063e-05, 1.57990016305e-05, 5.54136568098e-06, 9.47172520682e-06, 9.2532063718e-06, 3.80384244636e-06, 4.5265760491e-06, 1.60963122653e-06, 1.87888235814e-06, 2.64847517428e-06, 1.18908940294e-06, 7.12485189069e-07, 8.93518688372e-07, 8.21920366434e-07, 3.60533277899e-07, 2.70112053613e-07, 1.66842610838e-07, 1.52642144258e-07, 1.55638829824e-07, 6.75344580259e-08, 5.72250264952e-08, 3.93159034218e-08, 2.27949321641e-08, 1.82022805717e-08, 6.62088028847e-09, 5.96642202311e-09],
        "dmean2": [0.0158289670944, 0.0135626271367, 0.0012091959361, 0.000502906390466, 0.000947083404753, 0.000973597459961, 0.000769023958128, 0.000219303590711, 0.000106173356471, 7.60868570069e-05, 8.94775439519e-05, 0.00026595761301, 4.48643404525e-05, 2.732590292e-05, 2.7421006962e-05, 2.56114271906e-05, 9.16167118703e-06, 1.49258721649e-05, 1.50604091687e-05, 6.32356159258e-06, 7.5174034464e-06, 2.77133244708e-06, 3.19785453939e-06, 4.65100310976e-06, 1.95802203962e-06, 1.20724575936e-06, 1.54350016146e-06, 1.38174073072e-06, 6.00405087425e-07, 4.59260064645e-07, 2.63532996314e-07, 2.56623877704e-07, 2.54990339954e-07, 1.03807437313e-07, 8.96367495784e-08, 6.39922888013e-08, 3.61577328079e-08, 2.93831199372e-08, 1.03515489513e-08, 9.56757162385e-09],
        "dvar": [0.000612784584519, 0.000417253759224, 2.39778682953e-06, 2.61652417066e-07, 6.62269769691e-07, 6.70073404763e-07, 3.68326169564e-07, 2.84145560414e-08, 1.12114548756e-08, 5.97636828914e-09, 6.49483400395e-09, 8.10123594874e-08, 2.26547380855e-09, 1.04509767507e-09, 7.77641506744e-10, 4.87669793436e-10, 5.825203514e-11, 1.6400815428e-10, 5.52215106975e-10, 1.35994021599e-10, 8.98996710408e-11, 4.85996963159e-12, 7.88583434663e-12, 6.18472634217e-11, 6.22023830013e-12, 3.12367341194e-12, 5.96911756134e-12, 1.24120219311e-11, 8.86379565666e-13, 5.21341216725e-13, 1.57561260588e-13, 1.96730408656e-13, 2.17583316273e-13, 3.32643831371e-14, 2.20618218383e-14, 9.05664567863e-15, 2.89822381419e-15, 1.9859475189e-15, 2.73697018156e-16, 2.76126996863e-16],
        "dvar2": [0.00139666814357, 0.000974680879153, 6.42281656837e-06, 7.45474153518e-07, 1.66298968907e-06, 2.04583488994e-06, 7.83354039413e-07, 7.57970255449e-08, 3.55062361734e-08, 1.74307874801e-08, 1.76151946363e-08, 1.84758363275e-07, 5.42245004453e-09, 2.73459299649e-09, 2.02354821788e-09, 1.29144472893e-09, 1.51074860955e-10, 3.85958820459e-10, 1.39022116041e-09, 3.51690065958e-10, 2.40394620876e-10, 1.43120159821e-11, 2.2346548223e-11, 1.7735288238e-10, 1.81814997086e-11, 8.20773483901e-12, 1.87036410665e-11, 3.38496210228e-11, 2.55455292336e-12, 1.55530764049e-12, 4.12128203743e-13, 5.1505555463e-13, 5.32556800308e-13, 7.66612928737e-14, 5.8046002358e-14, 2.45384733312e-14, 6.67665758563e-15, 5.23255916067e-15, 5.58880014834e-16, 6.77534401789e-16],
        "max": [0.301306843758, 0.25041025877, 0.0183904245496, 0.00506576988846, 0.00898800697178, 0.00812600087374, 0.00559205329046, 0.00189726916142, 0.00113537791185, 0.000787554250564, 0.000780469970778, 0.00514141609892, 0.000830295786727, 0.000491087208502, 0.000326502515236, 0.000247734074946, 8.56857586768e-05, 0.000144431061926, 0.000495270243846, 0.000247182149906, 0.00016226246953, 1.93170817511e-05, 4.10708234995e-05, 0.00016473098367, 3.82580619771e-05, 3.3216081647e-05, 3.83942424378e-05, 7.03218829585e-05, 2.07419816434e-05, 1.32738387038e-05, 7.50229810365e-06, 9.69254233496e-06, 9.89275849861e-06, 3.40085466632e-06, 3.29625186168e-06, 1.85421379229e-06, 1.27373914438e-06, 7.96745950993e-07, 4.35890996187e-07, 3.9558727849e-07],
        "mean": [0.0118861515075, 0.0103836748749, 0.00138573069125, 0.000555484264623, 0.00118068151642, 0.000949227251112, 0.000907943525817, 0.000251814664807, 0.000104142331111, 7.96667227405e-05, 0.000108280015411, 0.000304345419863, 5.43263813597e-05, 3.36019402312e-05, 3.46354318026e-05, 3.09506576741e-05, 1.27399889607e-05, 2.11243004742e-05, 1.91134840861e-05, 7.52757932787e-06, 8.56444421515e-06, 3.39543566952e-06, 3.9101882976e-06, 5.57962039238e-06, 2.66130450655e-06, 1.56756266279e-06, 1.97189365281e-06, 1.8504425725e-06, 9.15600651297e-07, 7.05782667865e-07, 4.92206140734e-07, 4.26587945412e-07, 4.22956787816e-07, 2.02834883112e-07, 1.58805377737e-07, 1.09164446371e-07, 6.49127827046e-08, 4.71904684218e-08, 2.30688588232e-08, 1.53078207887e-08],
        "median": [0.00235110404901, 0.00279369181953, 0.000569194264244, 0.000309456430841, 0.000759368529543, 0.000602206331678, 0.000578149978537, 0.000178511400009, 6.25428656349e-05, 4.5715689339e-05, 6.25022294116e-05, 0.000165547447978, 2.11783863051e-05, 1.36891885631e-05, 2.06461809285e-05, 2.08055225812e-05, 6.04673232374e-06, 1.2630324818e-05, 1.26272634589e-05, 3.38865606864e-06, 4.53780148746e-06, 2.01635680241e-06, 2.3970719667e-06, 1.53358405441e-06, 9.86869849839e-07, 5.55594624529e-07, 4.74789999316e-07, 2.28145978554e-07, 2.03855293535e-07, 1.07731608523e-07, 1.26107366327e-07, 8.02233941499e-08, 5.42422533556e-08, 3.61956900008e-08, 2.44939073468e-08, 2.63249457788e-08, 2.10705941583e-08, 1.58668775896e-08, 6.59400134495e-09, 4.36844249663e-09],
        "min": [5.56280255674e-24, 5.77172447888e-24, 1.74552692169e-24, 7.78658251589e-24, 6.82106962158e-24, 1.13651632377e-23, 9.34295617252e-24, 3.25355405445e-24, 2.50041060165e-24, 6.9257112318e-24, 8.80887367386e-24, 6.03443172639e-24, 6.40943963466e-24, 1.09816750747e-23, 7.74185646915e-24, 8.57803404033e-24, 7.31329831606e-24, 6.40700323775e-24, 9.52398160647e-24, 7.13841889742e-24, 8.24670220494e-24, 9.10380825594e-24, 9.13552677521e-24, 9.83546096831e-24, 1.27692046981e-23, 6.74324139354e-24, 5.77867434345e-24, 1.06736801115e-23, 7.05449119686e-24, 6.65443537713e-24, 6.99729089262e-24, 8.28300479494e-24, 1.12880583951e-23, 1.12011811436e-23, 1.08682376654e-23, 8.69857593095e-24, 9.54019269807e-24, 1.10588004277e-23, 9.79464372735e-24, 8.84758071189e-24],
