{
"metadata": {
    "version": {
        "essentia": "2.0.1",
        "extractor": "archive-music 1.0"
    },
    "audio_properties": {
        "analysis_sample_rate": 44100,
        "bitrate": 128,
        "channels": 2,
        "equal_loudness": 0,
        "length": 15.0726528168,
        "replay_gain": -2.36531257629,
        "downmix": "mix"
    },
    "tags": {
        "track": 0,
        "year": 0,
        "album": "",
        "artist": "",
        "comment": "",
        "genre": "",
        "title": ""
    }
},
"highlevel": {
    "culture": {
        "all": {
            "non_western": 0.017557496205,
            "western": 0.982442498207
        },
        "probability": 0.982442498207,
        "value": "western"
    },
    "danceability": {
        "all": {
            "danceable": 0.573605537415,
            "not_danceable": 0.426394462585
        },
        "probability": 0.573605537415,
        "value": "danceable"
    },
    "gender": {
        "all": {
            "female": 0.459560543299,
            "male": 0.540439426899
        },
        "probability": 0.540439426899,
        "value": "male"
    },
    "genre_dortmund": {
        "all": {
            "alternative": 0.0383774153888,
            "blues": 0.15621060133,
            "electronic": 0.38988301158,
            "folkcountry": 0.0187164396048,
            "funksoulrnb": 0.00881665199995,
            "jazz": 0.0495067834854,
            "pop": 0.0237470120192,
            "raphiphop": 0.114046990871,
            "rock": 0.200695097446
        },
        "probability": 0.38988301158,
        "value": "electronic"
    },
    "genre_electronic": {
        "all": {
            "ambient": 0.641626298428,
            "dnb": 0.219455227256,
            "house": 0.0460875295103,
            "techno": 0.0401884168386,
            "trance": 0.0526425205171
        },
        "probability": 0.641626298428,
        "value": "ambient"
    },
    "genre_rosamerica": {
        "all": {
            "cla": 0.00409602373838,
            "dan": 0.0320047587156,
            "hip": 0.11992624402,
            "jaz": 0.0169781874865,
            "pop": 0.0924308598042,
            "rhy": 0.0359634980559,
            "roc": 0.692990362644,
            "spe": 0.0056100464426
        },
        "probability": 0.692990362644,
        "value": "roc"
    },
    "genre_tzanetakis": {
        "all": {
            "blu": 0.00578710110858,
            "cla": 0.00850283633918,
            "cou": 0.0135485976934,
            "dis": 0.0124472379684,
            "hip": 0.56299161911,
            "jaz": 0.0235400330275,
            "met": 0.0229615736753,
            "pop": 0.227234259248,
            "reg": 0.0427690297365,
            "roc": 0.0802177414298
        },
        "probability": 0.56299161911,
        "value": "hip"
    },
    "mirex_ballroom": {
        "all": {
            "ChaChaCha": 0.033431597054,
            "Jive": 0.0308577865362,
            "Quickstep": 0.107273951173,
            "Rumba-American": 0.00668489746749,
            "Rumba-International": 0.0593931004405,
            "Rumba-Misc": 0.0101859439164,
            "Samba": 0.199731618166,
            "Tango": 0.509103953838,
            "VienneseWaltz": 0.0169095285237,
            "Waltz": 0.0264276228845
        },
        "probability": 0.509103953838,
        "value": "Tango"
    },
    "mood_acoustic": {
        "all": {
            "acoustic": 7.01836324879e-06,
            "not_acoustic": 0.999992966652
        },
        "probability": 0.999992966652,
        "value": "not_acoustic"
    },
    "mood_aggressive": {
        "all": {
            "aggressive": 0.00380756822415,
            "not_aggressive": 0.996192455292
        },
        "probability": 0.996192455292,
        "value": "not_aggressive"
    },
    "mood_electronic": {
        "all": {
            "electronic": 0.950320065022,
            "not_electronic": 0.0496799200773
        },
        "probability": 0.950320065022,
        "value": "electronic"
    },
    "mood_happy": {
        "all": {
            "happy": 0.0985082238913,
            "not_happy": 0.901491761208
        },
        "probability": 0.901491761208,
        "value": "not_happy"
    },
    "mood_party": {
        "all": {
            "not_party": 0.999999880791,
            "party": 1.00000008274e-07
        },
        "probability": 0.999999880791,
        "value": "not_party"
    },
    "mood_relaxed": {
        "all": {
            "not_relaxed": 4.20248807975e-10,
            "relaxed": 1
        },
        "probability": 1,
        "value": "relaxed"
    },
    "mood_sad": {
        "all": {
            "not_sad": 0.939642369747,
            "sad": 0.060357619077
        },
        "probability": 0.939642369747,
        "value": "not_sad"
    },
    "moods_mirex": {
        "all": {
            "Cluster1": 0.251257091761,
            "Cluster2": 0.0556610710919,
            "Cluster3": 0.131603851914,
            "Cluster4": 0.0543120242655,
            "Cluster5": 0.507165968418
        },
        "probability": 0.507165968418,
        "value": "Cluster5"
    },
    "timbre": {
        "all": {
            "bright": 0.950867712498,
            "dark": 0.0491322986782
        },
        "probability": 0.950867712498,
        "value": "bright"
    },
    "tonal_atonal": {
        "all": {
            "atonal": 0.992661833763,
            "tonal": 0.00733816996217
        },
        "probability": 0.992661833763,
        "value": "atonal"
    },
    "voice_instrumental": {
        "all": {
            "instrumental": 0.999999463558,
            "voice": 5.51368543711e-07
        },
        "probability": 0.999999463558,
        "value": "instrumental"
    }
},
"lowlevel": {
    "average_loudness": 0.890517115593,
    "barkbands_kurtosis": {
        "dmean": 7.7544298172,
        "dmean2": 12.2282915115,
        "dvar": 164.460891724,
        "dvar2": 462.910583496,
        "max": 226.212219238,
        "mean": 13.8008804321,
        "median": 6.24932193756,
        "min": -1.9741871357,
        "var": 551.749572754
    },
    "barkbands_skewness": {
        "dmean": 0.885226845741,
        "dmean2": 1.2714458704,
        "dvar": 0.702005088329,
        "dvar2": 1.57242763042,
        "max": 12.9876537323,
        "mean": 2.88223338127,
        "median": 2.60000228882,
        "min": -2.00424408913,
        "var": 4.32726335526
    },
    "barkbands_spread": {
        "dmean": 5.36273384094,
        "dmean2": 7.60495328903,
        "dvar": 31.660074234,
        "dvar2": 56.9699249268,
        "max": 55.5378761292,
        "mean": 18.0072441101,
        "median": 15.7315788269,
        "min": 0.794438660145,
        "var": 137.755142212
    },
    "dissonance": {
        "dmean": 0.0132988551632,
        "dmean2": 0.0215531606227,
        "dvar": 0.000566039059777,
        "dvar2": 0.000916760240216,
        "max": 0.498997211456,
        "mean": 0.472505122423,
        "median": 0.476609677076,
        "min": 0.00698405317962,
        "var": 0.000611078226939
    },
    "dynamic_complexity": 2.63699555397,
    "erbbands_kurtosis": {
        "dmean": 1.34368872643,
        "dmean2": 1.88010132313,
        "dvar": 13.3248920441,
        "dvar2": 21.4660072327,
        "max": 54.9334373474,
        "mean": 0.619052171707,
        "median": -0.359864711761,
        "min": -1.70146381855,
        "var": 24.4442119598
    },
    "erbbands_skewness": {
        "dmean": 0.421490371227,
        "dmean2": 0.610644638538,
        "dvar": 0.202847450972,
        "dvar2": 0.334159225225,
        "max": 1.59898006916,
        "mean": -0.68415158987,
        "median": -0.579403817654,
        "min": -6.98095703125,
        "var": 0.844612300396
    },
    "erbbands_spread": {
        "dmean": 7.97935771942,
        "dmean2": 11.9775390625,
        "dvar": 60.5106239319,
        "dvar2": 132.87197876,
        "max": 105.964096069,
        "mean": 40.0913963318,
        "median": 39.4882583618,
        "min": 3.09716558456,
        "var": 217.373916626
    },
    "hfc": {
        "dmean": 9.96333026886,
        "dmean2": 14.028755188,
        "dvar": 574.342163086,
        "dvar2": 1037.47290039,
        "max": 510.41607666,
        "mean": 26.4444789886,
        "median": 20.1679058075,
        "min": 1.27988147403e-16,
        "var": 1095.37963867
    },
    "melbands_kurtosis": {
        "dmean": 16.6969795227,
        "dmean2": 25.3507404327,
        "dvar": 461.751525879,
        "dvar2": 1189.09460449,
        "max": 310.266174316,
        "mean": 36.3886260986,
        "median": 22.0092544556,
        "min": -1.89056408405,
        "var": 1840.86499023
    },
    "melbands_skewness": {
        "dmean": 1.16871654987,
        "dmean2": 1.65750229359,
        "dvar": 1.23953044415,
        "dvar2": 2.68995761871,
        "max": 14.233625412,
        "mean": 4.72499847412,
        "median": 4.40234136581,
        "min": -0.368128865957,
        "var": 6.5785779953
    },
    "melbands_spread": {
        "dmean": 6.55539655685,
        "dmean2": 9.43487930298,
        "dvar": 113.040351868,
        "dvar2": 232.053878784,
        "max": 166.232254028,
        "mean": 16.6776943207,
        "median": 10.6528501511,
        "min": 0.651157200336,
        "var": 310.250213623
    },
    "pitch_salience": {
        "dmean": 0.0643025264144,
        "dmean2": 0.0980498343706,
        "dvar": 0.00335507653654,
        "dvar2": 0.00778167834505,
        "max": 0.96386218071,
        "mean": 0.43162894249,
        "median": 0.422890543938,
        "min": 0.110127411783,
        "var": 0.0162632931024
    },
    "silence_rate_20dB": {
        "dmean": 0.00615384615958,
        "dmean2": 0.0123266568407,
        "dvar": 0.00611598975956,
        "dvar2": 0.0152562968433,
        "max": 1,
        "mean": 0.990783393383,
        "median": 1,
        "min": 0,
        "var": 0.00913162808865
    },
    "silence_rate_30dB": {
        "dmean": 0.129230767488,
        "dmean2": 0.258859783411,
        "dvar": 0.112530365586,
        "dvar2": 0.201096102595,
        "max": 1,
        "mean": 0.580645143986,
        "median": 1,
        "min": 0,
        "var": 0.243496000767
    },
    "silence_rate_60dB": {
        "dmean": 0.00615384615958,
        "dmean2": 0.0123266568407,
        "dvar": 0.00611598556861,
        "dvar2": 0.0121746994555,
        "max": 1,
        "mean": 0.0414746552706,
        "median": 0,
        "min": 0,
        "var": 0.0397547930479
    },
    "spectral_centroid": {
        "dmean": 224.575485229,
        "dmean2": 320.68371582,
        "dvar": 119399.382812,
        "dvar2": 160932.21875,
        "max": 10709.875,
        "mean": 1374.13867188,
        "median": 1359.8840332,
        "min": 240.820098877,
        "var": 356961.84375
    },
    "spectral_complexity": {
        "dmean": 2.87384605408,
        "dmean2": 4.44067811966,
        "dvar": 8.15638256073,
        "dvar2": 18.0954933167,
        "max": 47,
        "mean": 19.5898609161,
        "median": 19,
        "min": 0,
        "var": 54.6718559265
    },
    "spectral_crest": {
        "dmean": 2.37021946907,
        "dmean2": 3.28178119659,
        "dvar": 4.73931789398,
        "dvar2": 10.3550243378,
        "max": 25.4239883423,
        "mean": 14.4240140915,
        "median": 15.70353508,
        "min": 3.62148761749,
        "var": 26.6265983582
    },
    "spectral_decrease": {
        "dmean": 9.61678114919e-09,
        "dmean2": 1.46480161334e-08,
        "dvar": 1.77899497645e-16,
        "dvar2": 5.02328442446e-16,
        "max": 3.46874700206e-19,
        "mean": -2.53484504498e-08,
        "median": -1.77668617596e-08,
        "min": -1.23912826666e-07,
        "var": 5.01524925817e-16
    },
    "spectral_energy": {
        "dmean": 0.036874845624,
        "dmean2": 0.0560662224889,
        "dvar": 0.0025834904518,
        "dvar2": 0.00726782251149,
        "max": 0.470949262381,
        "mean": 0.0980695262551,
        "median": 0.0695526897907,
        "min": 1.12216977876e-20,
        "var": 0.00730645284057
    },
    "spectral_energyband_high": {
        "dmean": 9.63740385487e-05,
        "dmean2": 0.000140302421642,
        "dvar": 2.67311150992e-08,
        "dvar2": 6.00379124194e-08,
        "max": 0.00205759098753,
        "mean": 0.000257537991274,
        "median": 0.000185293523828,
        "min": 8.19987857074e-21,
        "var": 6.12453305848e-08
    },
    "spectral_energyband_low": {
        "dmean": 0.0342652909458,
        "dmean2": 0.053010225296,
        "dvar": 0.00245915772393,
        "dvar2": 0.00702431518584,
        "max": 0.466743677855,
        "mean": 0.0799198076129,
        "median": 0.0519065596163,
        "min": 9.6102840939e-23,
        "var": 0.00680365320295
    },
    "spectral_energyband_middle_high": {
        "dmean": 0.00428744917735,
        "dmean2": 0.00613689143211,
        "dvar": 0.00011434051703,
        "dvar2": 0.000212058861507,
        "max": 0.214476779103,
        "mean": 0.00857571046799,
        "median": 0.00514054158702,
        "min": 1.60023027137e-21,
        "var": 0.000205956297577
    },
    "spectral_energyband_middle_low": {
        "dmean": 0.00289042829536,
        "dmean2": 0.00419939402491,
        "dvar": 1.43082843351e-05,
        "dvar2": 3.1501360354e-05,
        "max": 0.0543574243784,
        "mean": 0.0108068855479,
        "median": 0.00959531590343,
        "min": 1.66908528235e-22,
        "var": 5.05330353917e-05
    },
    "spectral_flatness_db": {
        "dmean": 0.0235853344202,
        "dmean2": 0.0321227386594,
        "dvar": 0.00044986922876,
        "dvar2": 0.000971403904259,
        "max": 0.385995328426,
        "mean": 0.186539962888,
        "median": 0.181599989533,
        "min": 0.0537885613739,
        "var": 0.00413853675127
    },
    "spectral_flux": {
        "dmean": 0.0433506406844,
        "dmean2": 0.0684932991862,
        "dvar": 0.00239919684827,
        "dvar2": 0.00539518892765,
        "max": 0.420577675104,
        "mean": 0.111343614757,
        "median": 0.0927840322256,
        "min": 1.05932512762e-10,
        "var": 0.00529258977622
    },
    "spectral_kurtosis": {
        "dmean": 1.98433291912,
        "dmean2": 3.4172475338,
        "dvar": 3.76341843605,
        "dvar2": 10.4570121765,
        "max": 31.7505912781,
        "mean": 6.47678995132,
        "median": 5.95605373383,
        "min": -1.21785855293,
        "var": 7.91674757004
    },
    "spectral_rms": {
        "dmean": 0.00170125369914,
        "dmean2": 0.00238498277031,
        "dvar": 3.57335466106e-06,
        "dvar2": 8.77482580108e-06,
        "max": 0.0214350800961,
        "mean": 0.00882205460221,
        "median": 0.00823749229312,
        "min": 3.30877577941e-12,
        "var": 1.78487443918e-05
    },
    "spectral_rolloff": {
        "dmean": 377.989959717,
        "dmean2": 639.359619141,
        "dvar": 1171360.375,
        "dvar2": 2206588.75,
        "max": 19982.8125,
        "mean": 871.481384277,
        "median": 258.3984375,
        "min": 64.599609375,
        "var": 3184603.75
    },
    "spectral_skewness": {
        "dmean": 0.22243745625,
        "dmean2": 0.372900247574,
        "dvar": 0.0409252680838,
        "dvar2": 0.110427267849,
        "max": 4.04165506363,
        "mean": 1.62419712543,
        "median": 1.60641896725,
        "min": 0.0561838001013,
        "var": 0.0938556194305
    },
    "spectral_spread": {
        "dmean": 301967.125,
        "dmean2": 422704.0625,
        "dvar": 1.68188497101e+12,
        "dvar2": 1.754202112e+12,
        "max": 41071124,
        "mean": 3200272.25,
        "median": 3056612.5,
        "min": 1732119.375,
        "var": 2.86969430016e+12
    },
    "spectral_strongpeak": {
        "dmean": 0.662697970867,
        "dmean2": 1.14191162586,
        "dvar": 6.5080499649,
        "dvar2": 15.1020288467,
        "max": 32.9805641174,
        "mean": 0.895897746086,
        "median": 0.397275477648,
        "min": 0,
        "var": 7.94842386246
    },
    "zerocrossingrate": {
        "dmean": 0.00888596754521,
        "dmean2": 0.0103938449174,
        "dvar": 0.000571765587665,
        "dvar2": 0.00103251077235,
        "max": 0.51220703125,
        "mean": 0.0385847203434,
        "median": 0.03125,
        "min": 0.00390625,
        "var": 0.00200406089425
    },
    "barkbands": {
        "dmean": [0.00614202953875, 0.0277634579688, 0.0026743193157, 0.0016064462252, 0.000829338037875, 0.000531269062776, 0.000581506697927, 0.000306803151034, 0.000452981737908, 0.000732187123504, 0.000455598841654, 0.00036425711005, 0.000434150453657, 0.000410702690715, 0.000173042993993, 0.000613791868091, 0.00255583040416, 0.000245960458415, 0.000126366154291, 6.29836576991e-05, 4.74811786262e-05, 2.44444727286e-05, 8.07733158581e-06, 4.73346290164e-06, 1.86478985142e-06, 5.64942126857e-07, 6.04893011769e-06],
        "dmean2": [0.00969543680549, 0.0437623634934, 0.00372990546748, 0.00207843189128, 0.00128783134278, 0.000626544991974, 0.000982391647995, 0.000393393507693, 0.000692697707564, 0.00125453446526, 0.000760880822781, 0.000591886695474, 0.000696744129527, 0.00070582726039, 0.000309823983116, 0.000957927375566, 0.00335891731083, 0.000414769630879, 0.000198506939341, 0.000101281482785, 7.18816081644e-05, 3.7235840864e-05, 1.31724855237e-05, 7.58833175496e-06, 2.58868431047e-06, 9.55129735303e-07, 1.02600188256e-05],
        "dvar": [0.000109544685984, 0.00188779982273, 1.65837045643e-05, 4.76008699479e-06, 1.04272680801e-06, 3.53108504214e-07, 7.53261474529e-07, 2.06062310326e-07, 1.68591236616e-06, 8.0129084381e-06, 2.12769077734e-06, 1.22819380977e-06, 1.38360348956e-06, 1.54130123065e-06, 6.82564575527e-07, 6.15285216554e-07, 9.87923849607e-05, 1.01276036446e-07, 3.8535205249e-08, 1.82815611538e-08, 8.85767903469e-09, 1.98602534418e-09, 2.94772900533e-10, 1.15236396814e-10, 1.35256328707e-11, 6.07774518647e-13, 2.71448141742e-11],
        "dvar2": [0.000294947094517, 0.0059799537994, 3.191574433e-05, 9.06210971152e-06, 2.52105883192e-06, 5.41197948678e-07, 2.07260882235e-06, 4.46700113343e-07, 4.37130483988e-06, 2.13329240069e-05, 5.41388180864e-06, 3.18300408253e-06, 3.32750460075e-06, 4.17803357777e-06, 2.02194314625e-06, 1.44945590819e-06, 0.000172290601768, 2.48287904014e-07, 8.73731451634e-08, 4.308994761e-08, 2.13341380118e-08, 4.54531479122e-09, 7.90010168394e-10, 2.9971133908e-10, 2.13919576497e-11, 1.45854845129e-12, 7.83627607248e-11],
        "max": [0.090733513236, 0.395535796881, 0.0781761109829, 0.0377440303564, 0.0123403277248, 0.00826441682875, 0.00783902499825, 0.00954008102417, 0.0201145075262, 0.0412579625845, 0.0180728975683, 0.0157119501382, 0.0121804019436, 0.0178583115339, 0.0162079557776, 0.00828648917377, 0.210160002112, 0.00383782573044, 0.00214679096825, 0.00162045401521, 0.00116640736815, 0.000495244283229, 0.000344908039551, 0.000192717518075, 6.48660716251e-05, 1.38809291457e-05, 5.43295427633e-05],
        "mean": [0.0101241841912, 0.060865867883, 0.00759380823001, 0.00484696961939, 0.00222037523054, 0.00127351901028, 0.000875714118592, 0.000711307511665, 0.000660510559101, 0.000710147724021, 0.000538601365406, 0.000540112960152, 0.000570458534639, 0.000472189014545, 0.000244546215981, 0.00116685614921, 0.00373154855333, 0.000403889396694, 0.000217250970309, 0.000107461542939, 8.18459375296e-05, 4.77154680993e-05, 1.90371683857e-05, 1.20452386909e-05, 4.87832721774e-06, 9.10070582449e-07, 2.77649542113e-05],
        "median": [0.00551338959485, 0.0379552729428, 0.0045360988006, 0.00365220545791, 0.00183967582416, 0.00086500949692, 0.000525570241734, 0.000481925846543, 0.000414501904743, 0.000239081811742, 0.000105757448182, 8.08714758023e-05, 0.000208361598197, 0.000172012805706, 0.000133924811962, 0.000718410767149, 0.00126895308495, 0.000279574334854, 0.000137121751322, 6.28970446996e-05, 4.85276977997e-05, 2.80471758742e-05, 1.04922564788e-05, 6.54566474623e-06, 2.53955545304e-06, 6.10097401932e-07, 2.90082243737e-05],
        "min": [3.50224517639e-23, 3.18978147391e-23, 4.3032072079e-23, 3.26313260078e-24, 7.31152968991e-24, 2.20439685785e-23, 4.13071235801e-23, 1.11281499788e-23, 5.39910161267e-23, 5.87819261763e-23, 1.76849156984e-23, 7.36243819734e-23, 1.11784972905e-22, 9.05889872015e-23, 2.12255383267e-22, 1.10112714004e-22, 2.54689132748e-22, 1.80106183801e-22, 3.65085483269e-22, 2.88717209564e-22, 3.81304261532e-22, 6.91277271389e-22, 7.67747604762e-22, 7.22403375059e-22, 1.2574443839e-21, 1.79214516018e-21, 2.6399358178e-21],
        "var": [0.000164983677678, 0.00429124291986, 9.12935720407e-05, 2.02760020329e-05, 2.98891563943e-06, 1.72410864252e-06, 1.15286763958e-06, 6.90424940331e-07, 1.51605365772e-06, 5.91491152591e-06, 2.4691953513e-06, 2.82925611828e-06, 1.59472915584e-06, 1.22773235489e-06, 5.60311661957e-07, 1.66208462815e-06, 0.000171219871845, 1.80372694558e-07, 6.09373671523e-08, 2.65468038663e-08, 1.18129639404e-08, 3.52709839113e-09, 1.02765718157e-09, 3.23012616654e-10, 5.44473841013e-11, 1.16935302587e-12, 1.14583342814e-10]
    },
    "erbbands": {
        "dmean": [1.40113389492, 4.24016284943, 4.04578208923, 4.24684810638, 5.01873779297, 2.37838602066, 1.91301608086, 6.33445549011, 6.58076715469, 8.65099906921, 3.75211977959, 12.6738462448, 21.2444648743, 14.8076543808, 20.5840091705, 14.3279943466, 19.3148994446, 18.5422439575, 14.721575737, 16.260477066, 91.3604202271, 73.6631393433, 22.2166900635, 5.95135307312, 5.55451631546, 3.01405382156, 2.50568652153, 1.09302937984, 1.12035417557, 0.32804697752, 0.217365294695, 0.105429455638, 0.0762437134981, 0.030071767047, 0.00883724540472, 0.00261169252917, 0.00122074550018, 0.00943891704082, 0.000282917841105, 4.11214350606e-05],
        "dmean2": [2.14283156395, 7.09148311615, 6.09785985947, 5.64758491516, 6.98525905609, 3.69974422455, 2.65382647514, 7.17014026642, 11.3303861618, 12.5089426041, 5.43236875534, 19.1937141418, 37.1097297668, 23.7081356049, 34.6846694946, 22.9111862183, 31.095369339, 30.6359901428, 25.7642288208, 25.3232707977, 126.670646667, 98.3132858276, 35.238483429, 8.87750720978, 9.08682441711, 4.83051919937, 3.69605088234, 1.72203218937, 1.74337947369, 0.520348310471, 0.361754447222, 0.169481322169, 0.124534934759, 0.0427710488439, 0.0135846175253, 0.00424088397995, 0.00208055833355, 0.0160595122725, 0.000484564487124, 6.33521412965e-05],
        "dvar": [3.96313524246, 60.6234741211, 32.3895645142, 38.0008125305, 41.197555542, 8.91919803619, 5.48963832855, 47.7889518738, 86.7433700562, 134.296081543, 24.9798526764, 1114.38354492, 9511.10351562, 1087.8927002, 4083.60571289, 1669.63330078, 2892.35888672, 1825.44995117, 3155.49389648, 614.182556152, 117773.109375, 60823.3710938, 989.90045166, 75.8963546753, 118.015693665, 37.0579032898, 24.1299114227, 4.30774736404, 4.64248847961, 0.394615709782, 0.199925705791, 0.0484244078398, 0.0336836874485, 0.00457849865779, 0.000236241292441, 3.67425600416e-05, 1.15624732189e-06, 6.67914719088e-05, 5.88835646909e-08, 3.03113201205e-09],
        "dvar2": [11.2470531464, 212.222885132, 88.9778900146, 66.7939147949, 87.9692306519, 21.2295131683, 13.6031560898, 63.7159881592, 255.024368286, 295.504455566, 61.9210090637, 2827.03613281, 25842.7304688, 2855.59301758, 10607.7167969, 4305.24169922, 7098.890625, 4456.31152344, 9292.42871094, 1390.24084473, 210970.109375, 107585.21875, 2240.79541016, 172.066467285, 287.437530518, 87.1800918579, 56.0754585266, 10.0796489716, 11.1029043198, 0.831923782825, 0.474601566792, 0.119040869176, 0.0890087932348, 0.00757417688146, 0.000510053010657, 8.60757209011e-05, 3.19737500831e-06, 0.000190009668586, 1.69455802279e-07, 8.51431458671e-09],
        "max": [18.8601016998, 88.4845046997, 69.5865707397, 104.395820618, 106.736953735, 27.0580234528, 22.9036102295, 101.89213562, 72.5403671265, 213.046081543, 65.3291015625, 530.972106934, 1452.0670166, 330.855804443, 748.612854004, 644.044311523, 579.801574707, 415.804626465, 882.981811523, 299.92779541, 7258.45947266, 5162.71289062, 563.798339844, 99.9836502075, 116.010192871, 72.6541595459, 50.6340675354, 29.633895874, 22.6029815674, 11.8748960495, 9.28024959564, 4.27191114426, 3.34178853035, 1.19694304466, 0.212670251727, 0.136701181531, 0.0115030799061, 0.0854385048151, 0.00263344310224, 0.000522832386196],
        "mean": [2.94821691513, 8.60230731964, 9.75955200195, 13.1752338409, 13.628862381, 5.55018615723, 5.04183578491, 15.6485452652, 10.6981782913, 18.700838089, 9.36282062531, 18.3554134369, 20.0471439362, 17.9773445129, 26.1828136444, 21.9597759247, 26.0303554535, 24.8528156281, 18.3631801605, 33.9501342773, 142.695098877, 117.308433533, 40.7812080383, 11.62596035, 8.65500450134, 5.50722742081, 4.41125106812, 2.05640387535, 1.98264825344, 0.785736203194, 0.551781356335, 0.288520604372, 0.187403678894, 0.0720296278596, 0.0251903086901, 0.00661840522662, 0.00581445917487, 0.0438510626554, 0.00135144835804, 0.000130314627313],
        "median": [1.72699606419, 5.20041227341, 5.74623823166, 8.54403209686, 10.3535013199, 4.54585886002, 4.07149505615, 10.6388149261, 7.4676194191, 12.5728368759, 7.86450719833, 11.4252386093, 5.88892316818, 7.30575275421, 5.83755111694, 4.1282992363, 10.2499027252, 9.45418930054, 8.63109970093, 21.5291385651, 65.8212738037, 48.391658783, 26.0861568451, 7.69631052017, 5.36437654495, 3.56526565552, 2.34391880035, 1.45473110676, 1.11432266235, 0.447426497936, 0.320422023535, 0.158341601491, 0.103240348399, 0.0352345257998, 0.0139682479203, 0.00387457036413, 0.00611606473103, 0.0459383167326, 0.00141752255149, 0.000100568169728],
        "min": [1.47034029697e-21, 6.49352775167e-21, 4.92982519858e-20, 2.08585369085e-20, 1.65475752863e-20, 2.40340186567e-20, 6.88429659721e-20, 2.54963431171e-19, 6.57444029737e-19, 2.44801905087e-19, 4.55474493196e-19, 1.20342030205e-18, 1.92439164774e-18, 1.120428961e-18, 1.81962074456e-18, 2.68665243748e-18, 5.3003574711e-18, 4.33166031781e-18, 8.73899525396e-18, 9.27711511991e-18, 8.08463417806e-18, 1.44821623593e-17, 9.95450490406e-18, 1.47323878033e-17, 1.71539044526e-17, 1.54759520365e-17, 1.48994650522e-17, 2.02832081193e-17, 2.07020146265e-17, 1.94201377943e-17, 2.4266794144e-17, 1.7619023148e-17, 1.15109163641e-17, 1.13871751076e-17, 9.81866613105e-18, 6.29095423111e-18, 3.81616384161e-18, 1.21363836076e-18, 4.13008022824e-19, 3.69760202816e-20],
        "var": [10.3933496475, 119.338508606, 114.064178467, 215.74987793, 166.082260132, 20.1731281281, 17.0675163269, 259.499420166, 118.190803528, 374.285614014, 61.5432434082, 1047.44177246, 6550, 1249.90576172, 5094.65185547, 4021.90087891, 3163.51635742, 2166.10693359, 2240.74731445, 1550.38415527, 201546.78125, 112913.585938, 2543.35644531, 152.781219482, 131.672515869, 56.0260467529, 36.6391448975, 5.91998910904, 6.85596084595, 1.52315545082, 0.774929344654, 0.203652009368, 0.07571285218, 0.0158327370882, 0.00104406476021, 9.14811826078e-05, 4.9867890084e-06, 0.000284508860204, 2.53315931786e-07, 8.67370175683e-09]
    },
    "gfcc": {
        "mean": [-0.916564464569, 113.693778992, -102.160102844, 39.3804931641, -8.70071601868, -1.73188745975, -18.3665504456, 9.74152565002, 2.3366818428, -2.70728039742, -13.700756073, 5.71488285065, -11.0673875809],
        "cov": [[17571.34375, 1262.15808105, -1253.56652832, 422.743591309, -164.914031982, -50.9395179749, -98.6803512573, -95.6204299927, -132.408752441, -142.985473633, -5.78213214874, 207.35269165, 70.4209289551], [1262.15808105, 383.370880127, 73.5607147217, 82.9318618774, 90.1521224976, -87.9619140625, 30.4938697815, 19.1649284363, 100.735961914, 7.72532081604, -36.7973899841, -20.976354599, -20.029624939], [-1253.56652832, 73.5607147217, 376.786682129, 65.6002197266, 91.5754470825, -70.3341140747, 18.3687801361, 35.2883911133, 116.613830566, 19.5687198639, -29.2294960022, -38.6458015442, -20.0177059174], [422.743591309, 82.9318618774, 65.6002197266, 126.434806824, 76.1948699951, -15.5979986191, 13.860871315, 7.81321287155, 43.3849487305, 8.0678730011, -1.25434029102, -7.01460123062, -5.28151750565], [-164.914031982, 90.1521224976, 91.5754470825, 76.1948699951, 149.460968018, -9.03870296478, 27.1240959167, 30.26329422, 74.0756072998, 17.1340770721, -3.61025166512, -1.80974161625, -1.12830066681], [-50.9395179749, -87.9619140625, -70.3341140747, -15.5979986191, -9.03870296478, 201.577270508, 75.9065856934, -11.1723031998, -76.048034668, 14.7019205093, 45.1484603882, -32.625995636, 1.67706847191], [-98.6803512573, 30.4938697815, 18.3687801361, 13.860871315, 27.1240959167, 75.9065856934, 131.82472229, 4.309445858, -17.2064056396, 25.4554214478, 16.9108371735, -38.6153411865, -5.31040763855], [-95.6204299927, 19.1649284363, 35.2883911133, 7.81321287155, 30.26329422, -11.1723031998, 4.309445858, 78.8638305664, 60.7969474792, 3.75134992599, -9.38477230072, -2.76645445824, -5.93789720535], [-132.408752441, 100.735961914, 116.613830566, 43.3849487305, 74.0756072998, -76.048034668, -17.2064056396, 60.7969474792, 153.473358154, 25.8999614716, -31.2064971924, -3.06017374992, -7.48057174683], [-142.985473633, 7.72532081604, 19.5687198639, 8.0678730011, 17.1340770721, 14.7019205093, 25.4554214478, 3.75134992599, 25.8999614716, 70.9922027588, 16.4938850403, -19.3163166046, -7.17361831665], [-5.78213214874, -36.7973899841, -29.2294960022, -1.25434029102, -3.61025166512, 45.1484603882, 16.9108371735, -9.38477230072, -31.2064971924, 16.4938850403, 67.1688232422, 16.5346012115, 8.78017139435], [207.35269165, -20.976354599, -38.6458015442, -7.01460123062, -1.80974161625, -32.625995636, -38.6153411865, -2.76645445824, -3.06017374992, -19.3163166046, 16.5346012115, 65.9394073486, 26.7801856995], [70.4209289551, -20.029624939, -20.0177059174, -5.28151750565, -1.12830066681, 1.67706847191, -5.31040763855, -5.93789720535, -7.48057174683, -7.17361831665, 8.78017139435, 26.7801856995, 44.1254425049]],
        "icov": [[0.000243471396971, -0.00107828131877, 0.000825447437819, -0.00128709606361, 0.000981582910754, -0.000430033338489, 0.000241847068537, -0.000247918302193, 0.000146834529005, -7.12970286258e-05, 0.00032685539918, -0.000848599127494, -0.000157135058544], [-0.00107828131877, 0.00914660934359, -0.00267893518321, 0.00439786491916, -0.0055427569896, 0.00405528163537, -0.00324847409502, 0.00271319318563, -0.0033095094841, 0.00176157022361, -0.00149032240734, 0.00533056072891, 0.00164881593082], [0.000825447437819, -0.00267893518321, 0.00722192507237, -0.00491198245436, 0.00178705342114, 0.000460704119178, -0.000199688976863, 0.000237636908423, -0.00263514113612, 0.00125554238912, -0.000166851168615, 0.000964822014794, -0.000603904947639], [-0.00128709606361, 0.00439786491916, -0.00491198245436, 0.0192677006125, -0.0106487907469, 0.00255678105168, -0.000865270267241, 0.00305333663709, -0.00145506649278, 0.00146188715007, -0.00380182592198, 0.00606596423313, 0.00113154703286], [0.000981582910754, -0.0055427569896, 0.00178705342114, -0.0106487907469, 0.0175162944943, -0.00426007248461, -0.00110054481775, -0.00190292776097, -0.00334867276251, -0.00110765197314, 0.00222743232735, -0.00807542260736, -0.000615060795099], [-0.000430033338489, 0.00405528163537, 0.000460704119178, 0.00255678105168, -0.00426007248461, 0.012038779445, -0.00404515815899, -0.000900146784261, 0.00242894608527, 0.00124830799177, -0.00624315673485, 0.00948695745319, -0.00203305785544], [0.000241847068537, -0.00324847409502, -0.000199688976863, -0.000865270267241, -0.00110054481775, -0.00404515815899, 0.0138616114855, -0.0029398528859, 0.00417387671769, -0.00294592627324, -0.0012293382315, 0.00487447809428, -0.00314156920649], [-0.000247918302193, 0.00271319318563, 0.000237636908423, 0.00305333663709, -0.00190292776097, -0.000900146784261, -0.0029398528859, 0.021447211504, -0.0123624065891, 0.00477306544781, -0.00164688937366, 0.000732677581254, 0.00318159162998], [0.000146834529005, -0.0033095094841, -0.00263514113612, -0.00145506649278, -0.00334867276251, 0.00242894608527, 0.00417387671769, -0.0123624065891, 0.0220193713903, -0.00926314201206, 0.00581423426047, -0.00259709055535, -0.0017991567729], [-7.12970286258e-05, 0.00176157022361, 0.00125554238912, 0.00146188715007, -0.00110765197314, 0.00124830799177, -0.00294592627324, 0.00477306544781, -0.00926314201206, 0.0223125591874, -0.0100556733087, 0.00923486612737, 0.000323178304825], [0.00032685539918, -0.00149032240734, -0.000166851168615, -0.00380182592198, 0.00222743232735, -0.00624315673485, -0.0012293382315, -0.00164688937366, 0.00581423426047, -0.0100556733087, 0.0272366125137, -0.016096862033, 0.0018964499468], [-0.000848599127494, 0.00533056072891, 0.000964822014794, 0.00606596423313, -0.00807542260736, 0.00948695745319, 0.00487447809428, 0.000732677581254, -0.00259709055535, 0.00923486612737, -0.016096862033, 0.0410531535745, -0.0155956437811], [-0.000157135058544, 0.00164881593082, -0.000603904947639, 0.00113154703286, -0.000615060795099, -0.00203305785544, -0.00314156920649, 0.00318159162998, -0.0017991567729, 0.000323178304825, 0.0018964499468, -0.0155956437811, 0.0324702821672]]
    },
    "melbands": {
        "dmean": [0.00969887338579, 0.0032789784018, 0.000754150038119, 0.000224287883611, 8.1301019236e-05, 0.000123894147691, 0.00011337849719, 9.28497393033e-05, 2.72034303634e-05, 8.37587067508e-05, 0.000110093249532, 6.46800835966e-05, 6.66803825879e-05, 4.92916697112e-05, 3.31653973262e-05, 4.87403958687e-05, 3.76727330149e-05, 2.94082237815e-05, 1.06520647023e-05, 4.65396660729e-05, 0.000151637155795, 0.00010277396359, 4.11208020523e-05, 8.69466475706e-06, 4.98986310049e-06, 5.85195948588e-06, 2.43233671426e-06, 2.16891271521e-06, 2.03477998184e-06, 1.22032429317e-06, 4.31525819522e-07, 9.59718704507e-07, 1.81186052828e-07, 1.79779121368e-07, 1.59382892662e-07, 8.24233268304e-08, 7.77890960535e-08, 6.46986464403e-08, 3.81094054092e-08, 2.38272672703e-08],
        "dmean2": [0.015162027441, 0.00519492756575, 0.000986841972917, 0.000332877971232, 0.000112812937004, 0.000142231525388, 0.000194335967535, 0.000130948785227, 4.05687460443e-05, 0.000127740015159, 0.000192925639567, 0.000103771286376, 0.000111157074571, 8.16742540337e-05, 5.48002135474e-05, 7.6393422205e-05, 6.37922639726e-05, 5.11539401487e-05, 1.89961101569e-05, 7.08676088834e-05, 0.000207981269341, 0.000136053015012, 6.19588754489e-05, 1.45660442286e-05, 7.53875065129e-06, 9.50364938035e-06, 3.96027553506e-06, 3.48935168404e-06, 2.94545247925e-06, 2.06723143492e-06, 6.5839844865e-07, 1.51731171627e-06, 2.9879922181e-07, 2.95485278912e-07, 2.6427130706e-07, 1.35452609129e-07, 1.27039101017e-07, 1.05423175967e-07, 6.14120594378e-08, 3.41429746697e-08],
        "dvar": [0.000206487660762, 2.81128122879e-05, 1.05908350179e-06, 8.10145337482e-08, 8.73697647563e-09, 1.87014261854e-08, 2.74239493336e-08, 1.57066661899e-08, 1.33959210391e-09, 5.46905454257e-08, 2.49542097208e-07, 1.9264115636e-08, 4.45623093981e-08, 2.58543515486e-08, 9.37022281988e-09, 1.64554165849e-08, 8.30531288187e-09, 1.1547807155e-08, 1.73643788237e-09, 4.47915526891e-09, 3.84729275993e-07, 1.66099468402e-07, 7.14662684587e-09, 1.53575527295e-10, 6.30350563413e-11, 8.87336107369e-11, 5.14115833239e-11, 1.34922108208e-11, 1.39756747841e-11, 6.09333633897e-12, 7.41351858374e-13, 3.72917582231e-12, 1.56541297394e-13, 1.43152688054e-13, 8.87337011052e-14, 4.16550203618e-14, 2.36238624013e-14, 2.26822836365e-14, 7.9686631981e-15, 2.73504206987e-15],
        "dvar2": [0.000620246340986, 9.33573610382e-05, 1.86963200122e-06, 1.79076963036e-07, 2.03649737074e-08, 2.60718113765e-08, 7.90810688045e-08, 3.39142616212e-08, 3.20626658556e-09, 1.3955219913e-07, 6.75515707371e-07, 4.97958367873e-08, 1.10840232992e-07, 6.85618246621e-08, 2.37129267333e-08, 3.6586705221e-08, 2.10967616709e-08, 3.36842838067e-08, 4.57432935974e-09, 9.76109060247e-09, 6.83143468905e-07, 2.90180679485e-07, 1.48960168644e-08, 3.82718245984e-10, 1.47076198442e-10, 2.03964692358e-10, 1.29203689414e-10, 3.22119032836e-11, 3.07632079533e-11, 1.48146963447e-11, 1.76746193636e-12, 9.05382019356e-12, 4.06260501585e-13, 3.53180755041e-13, 2.0108133908e-13, 1.24603764264e-13, 6.2169866965e-14, 6.22209328873e-14, 1.78252730501e-14, 4.77836738886e-15],
        "max": [0.120303027332, 0.0585161745548, 0.0153474900872, 0.00410065893084, 0.00101748201996, 0.00197419011965, 0.00132831861265, 0.00250973878428, 0.000439738010755, 0.00370523170568, 0.00741406390443, 0.0011931482004, 0.00298296590336, 0.00218003476039, 0.00118434836622, 0.00155443197582, 0.00107359164394, 0.00134139310103, 0.0008418407524, 0.000811624689959, 0.0130774034187, 0.00863338448107, 0.00179943430703, 0.000145091427839, 9.42360857152e-05, 0.000108035121229, 7.58063033572e-05, 4.46579506388e-05, 3.71255337086e-05, 3.13703094434e-05, 1.22722931337e-05, 1.98505367734e-05, 6.25194843451e-06, 6.37207995169e-06, 5.65406207897e-06, 4.42709324489e-06, 2.41179213845e-06, 2.71340013569e-06, 1.11836322958e-06, 1.04081880181e-06],
        "mean": [0.0207617525011, 0.00733805960044, 0.00249101081863, 0.000619888771325, 0.000213461738895, 0.000302220287267, 0.000173358552274, 0.000206405718927, 6.51685841149e-05, 0.000116367977171, 0.000100874327472, 7.43274576962e-05, 8.02603826742e-05, 7.24863784853e-05, 4.29180036008e-05, 6.33385570836e-05, 4.46110352641e-05, 3.23213971569e-05, 1.69011764228e-05, 8.68751230882e-05, 0.000217833396164, 0.00015202749637, 7.19180388842e-05, 1.3923019651e-05, 8.46690818435e-06, 8.99500810192e-06, 3.21727384289e-06, 3.75090348825e-06, 3.24418056152e-06, 1.91952631212e-06, 8.1982886968e-07, 1.55719578743e-06, 3.82738704729e-07, 3.95153648469e-07, 3.78199842999e-07, 1.83508205964e-07, 1.76394379992e-07, 1.49708370145e-07, 8.06081388305e-08, 5.25216172775e-08],
        "median": [0.0130785340443, 0.00436756387353, 0.00178984133527, 0.000506795186084, 0.000165871126228, 0.000202722425456, 0.000110127832158, 0.000141028998769, 5.43444548384e-05, 7.10073509254e-05, 2.703064456e-05, 3.0468650948e-05, 1.50272571773e-05, 1.25324231703e-05, 1.18212537927e-05, 2.30613841268e-05, 1.61799616762e-05, 1.25160313473e-05, 8.8640344984e-06, 4.81475399283e-05, 8.13570659375e-05, 5.24000788573e-05, 3.57362987415e-05, 8.79323397385e-06, 5.0576072681e-06, 5.85842508372e-06, 1.24878295082e-06, 2.49897288995e-06, 1.45515798522e-06, 1.3472089222e-06, 4.97457108395e-07, 8.48351305649e-07, 2.11310194231e-07, 2.05046873702e-07, 2.2828191959e-07, 8.70374066153e-08, 1.03162626885e-07, 7.73862396386e-08, 4.24183461689e-08, 2.31957333341e-08],
        "min": [1.26563549902e-23, 1.86918019806e-23, 3.71776931211e-24, 1.59323170331e-24, 2.0624249691e-24, 5.25997976004e-24, 9.71574343733e-24, 2.05811344982e-24, 5.07841316751e-24, 7.54835756657e-24, 9.7183309011e-24, 4.59430500719e-24, 4.06068004786e-24, 9.85738104628e-24, 7.07128998983e-24, 1.06670765569e-23, 8.21224949377e-24, 1.2403071475e-23, 1.62472798075e-23, 8.86240577489e-24, 9.46739819146e-24, 1.48490396302e-23, 1.16826071769e-23, 7.73575699663e-24, 1.22984464309e-23, 1.44917219277e-23, 1.00406578893e-23, 1.00538649985e-23, 9.81636422352e-24, 8.4804448466e-24, 1.38036648244e-23, 1.33357535562e-23, 9.71385569319e-24, 1.04168569775e-23, 1.47289339796e-23, 1.04704348324e-23, 1.18554805222e-23, 7.54439669597e-24, 8.71370628311e-24, 1.00518100159e-23],
