{
"metadata": {
    "version": {
        "essentia": "2.0.1",
        "extractor": "archive-music 1.0"
    },
    "audio_properties": {
        "analysis_sample_rate": 44100,
        "bitrate": 128,
        "channels": 2,
        "equal_loudness": 0,
        "length": 15.0987758636,
        "replay_gain": 0.610193252563,
        "downmix": "mix"
    },
    "tags": {
        "track": 0,
        "year": 0,
        "album": "",
        "artist": "",
        "comment": "",
        "genre": "",
        "title": ""
    }
},
"highlevel": {
    "culture": {
        "all": {
            "non_western": 9.35380413125e-08,
            "western": 0.999999880791
        },
        "probability": 0.999999880791,
        "value": "western"
    },
    "danceability": {
        "all": {
            "danceable": 0.0900697037578,
            "not_danceable": 0.909930288792
        },
        "probability": 0.909930288792,
        "value": "not_danceable"
    },
    "gender": {
        "all": {
            "female": 0.300992101431,
            "male": 0.699007868767
        },
        "probability": 0.699007868767,
        "value": "male"
    },
    "genre_dortmund": {
        "all": {
            "alternative": 0.0299420915544,
            "blues": 0.0344381742179,
            "electronic": 0.00990786962211,
            "folkcountry": 0.0507162958384,
            "funksoulrnb": 0.0193843469024,
            "jazz": 0.830086171627,
            "pop": 0.0185605641454,
            "raphiphop": 0.00129726773594,
            "rock": 0.00566723616794
        },
        "probability": 0.830086171627,
        "value": "jazz"
    },
    "genre_electronic": {
        "all": {
            "ambient": 0.98818564415,
            "dnb": 0.00204754481092,
            "house": 0.00588839873672,
            "techno": 0.00270470557734,
            "trance": 0.00117371790111
        },
        "probability": 0.98818564415,
        "value": "ambient"
    },
    "genre_rosamerica": {
        "all": {
            "cla": 0.892790973186,
            "dan": 0.00315136183053,
            "hip": 0.00318858702667,
            "jaz": 0.0570452027023,
            "pop": 0.00431713368744,
            "rhy": 0.00448564393446,
            "roc": 0.00441404851153,
            "spe": 0.0306070316583
        },
        "probability": 0.892790973186,
        "value": "cla"
    },
    "genre_tzanetakis": {
        "all": {
            "blu": 0.0154253887013,
            "cla": 0.459445804358,
            "cou": 0.00686187623069,
            "dis": 0.0125592127442,
            "hip": 0.0206171087921,
            "jaz": 0.394697636366,
            "met": 0.00222951429896,
            "pop": 0.0300224442035,
            "reg": 0.0226034279913,
            "roc": 0.0355375818908
        },
        "probability": 0.459445804358,
        "value": "cla"
    },
    "mirex_ballroom": {
        "all": {
            "ChaChaCha": 0.000557080842555,
            "Jive": 2.8831706004e-05,
            "Quickstep": 0.000452752632555,
            "Rumba-American": 0.00156748062,
            "Rumba-International": 0.00442662462592,
            "Rumba-Misc": 0.00634336099029,
            "Samba": 0.000135003516334,
            "Tango": 0.00395729672164,
            "VienneseWaltz": 0.0661666244268,
            "Waltz": 0.916364967823
        },
        "probability": 0.916364967823,
        "value": "Waltz"
    },
    "mood_acoustic": {
        "all": {
            "acoustic": 0.958998441696,
            "not_acoustic": 0.0410015359521
        },
        "probability": 0.958998441696,
        "value": "acoustic"
    },
    "mood_aggressive": {
        "all": {
            "aggressive": 1.79817538992e-06,
            "not_aggressive": 0.999998211861
        },
        "probability": 0.999998211861,
        "value": "not_aggressive"
    },
    "mood_electronic": {
        "all": {
            "electronic": 0.309233307838,
            "not_electronic": 0.690766692162
        },
        "probability": 0.690766692162,
        "value": "not_electronic"
    },
    "mood_happy": {
        "all": {
            "happy": 0.047527577728,
            "not_happy": 0.952472448349
        },
        "probability": 0.952472448349,
        "value": "not_happy"
    },
    "mood_party": {
        "all": {
            "not_party": 0.976086437702,
            "party": 0.0239135548472
        },
        "probability": 0.976086437702,
        "value": "not_party"
    },
    "mood_relaxed": {
        "all": {
            "not_relaxed": 0.00553803145885,
            "relaxed": 0.99446195364
        },
        "probability": 0.99446195364,
        "value": "relaxed"
    },
    "mood_sad": {
        "all": {
            "not_sad": 0.147228688002,
            "sad": 0.852771341801
        },
        "probability": 0.852771341801,
        "value": "sad"
    },
    "moods_mirex": {
        "all": {
            "Cluster1": 0.0485063269734,
            "Cluster2": 0.0545838735998,
            "Cluster3": 0.796803534031,
            "Cluster4": 0.08520360291,
            "Cluster5": 0.0149026429281
        },
        "probability": 0.796803534031,
        "value": "Cluster3"
    },
    "timbre": {
        "all": {
            "bright": 0.787728250027,
            "dark": 0.212271720171
        },
        "probability": 0.787728250027,
        "value": "bright"
    },
    "tonal_atonal": {
        "all": {
            "atonal": 0.09417116642,
            "tonal": 0.90582883358
        },
        "probability": 0.90582883358,
        "value": "tonal"
    },
    "voice_instrumental": {
        "all": {
            "instrumental": 0.987620890141,
            "voice": 0.0123791275546
        },
        "probability": 0.987620890141,
        "value": "instrumental"
    }
},
"lowlevel": {
    "average_loudness": 0.954949915409,
    "barkbands_kurtosis": {
        "dmean": 5.50070905685,
        "dmean2": 8.6472826004,
        "dvar": 88.4643478394,
        "dvar2": 173.522109985,
        "max": 167.905227661,
        "mean": 14.2275447845,
        "median": 6.30518245697,
        "min": -1.60912871361,
        "var": 450.518218994
    },
    "barkbands_skewness": {
        "dmean": 0.570343911648,
        "dmean2": 0.873502016068,
        "dvar": 0.44344034791,
        "dvar2": 0.793663620949,
        "max": 9.44352149963,
        "mean": 2.03386712074,
        "median": 1.74210679531,
        "min": -2.09475827217,
        "var": 2.34247040749
    },
    "barkbands_spread": {
        "dmean": 1.60180592537,
        "dmean2": 2.45278835297,
        "dvar": 14.2502794266,
        "dvar2": 32.9741363525,
        "max": 76.7528457642,
        "mean": 6.25845384598,
        "median": 5.90106344223,
        "min": 0.186684980989,
        "var": 40.9348220825
    },
    "dissonance": {
        "dmean": 0.0378134399652,
        "dmean2": 0.06389079988,
        "dvar": 0.00152607739437,
        "dvar2": 0.00425101909786,
        "max": 0.499486863613,
        "mean": 0.379842549562,
        "median": 0.399095654488,
        "min": 0.141091898084,
        "var": 0.00564857618883
    },
    "dynamic_complexity": 3.3047349453,
    "erbbands_kurtosis": {
        "dmean": 2.80286431313,
        "dmean2": 4.36021852493,
        "dvar": 29.0914497375,
        "dvar2": 69.4961547852,
        "max": 107.671852112,
        "mean": 6.04582452774,
        "median": 1.80105662346,
        "min": -1.4380286932,
        "var": 123.386993408
    },
    "erbbands_skewness": {
        "dmean": 0.445644587278,
        "dmean2": 0.689482986927,
        "dvar": 0.238074705005,
        "dvar2": 0.549519956112,
        "max": 7.33633708954,
        "mean": 1.40769684315,
        "median": 1.08484649658,
        "min": -1.24201416969,
        "var": 1.51395213604
    },
    "erbbands_spread": {
        "dmean": 3.20521092415,
        "dmean2": 5.09485435486,
        "dvar": 20.6132297516,
        "dvar2": 48.0878295898,
        "max": 71.4960784912,
        "mean": 14.6157541275,
        "median": 14.0286407471,
        "min": 0.770509779453,
        "var": 108.645263672
    },
    "hfc": {
        "dmean": 2.93288516998,
        "dmean2": 4.49413156509,
        "dvar": 14.1036300659,
        "dvar2": 32.8037796021,
        "max": 41.1028900146,
        "mean": 11.1264266968,
        "median": 9.98407363892,
        "min": 1.19151912932e-16,
        "var": 61.0223960876
    },
    "melbands_kurtosis": {
        "dmean": 5.08005905151,
        "dmean2": 8.00810050964,
        "dvar": 72.7744903564,
        "dvar2": 166.830886841,
        "max": 115.489845276,
        "mean": 12.024394989,
        "median": 6.9875330925,
        "min": -1.40113055706,
        "var": 259.682067871
    },
    "melbands_skewness": {
        "dmean": 0.560352444649,
        "dmean2": 0.850504040718,
        "dvar": 0.433653324842,
        "dvar2": 0.982921600342,
        "max": 9.21600437164,
        "mean": 2.02418017387,
        "median": 1.87071657181,
        "min": -1.00120615959,
        "var": 1.77952063084
    },
    "melbands_spread": {
        "dmean": 2.48807024956,
        "dmean2": 3.51901507378,
        "dvar": 44.0274658203,
        "dvar2": 54.5930404663,
        "max": 171.140853882,
        "mean": 9.23091411591,
        "median": 7.27567005157,
        "min": 0.428192853928,
        "var": 183.996551514
    },
    "pitch_salience": {
        "dmean": 0.0663936659694,
        "dmean2": 0.10532040149,
        "dvar": 0.00411447929218,
        "dvar2": 0.010966969654,
        "max": 0.989816486835,
        "mean": 0.461972296238,
        "median": 0.467890322208,
        "min": 0.0966885611415,
        "var": 0.0170964095742
    },
    "silence_rate_20dB": {
        "dmean": 0,
        "dmean2": 0,
        "dvar": 0,
        "dvar2": 0,
        "max": 1,
        "mean": 1,
        "median": 1,
        "min": 1,
        "var": 0
    },
    "silence_rate_30dB": {
        "dmean": 0.0153609830886,
        "dmean2": 0.0307692307979,
        "dvar": 0.0151250110939,
        "dvar2": 0.0328993573785,
        "max": 1,
        "mean": 0.98619633913,
        "median": 1,
        "min": 0,
        "var": 0.0136131802574
    },
    "silence_rate_60dB": {
        "dmean": 0.0153609830886,
        "dmean2": 0.0307692307979,
        "dvar": 0.0151250166818,
        "dvar2": 0.0390532463789,
        "max": 1,
        "mean": 0.0644171759486,
        "median": 0,
        "min": 0,
        "var": 0.0602682866156
    },
    "spectral_centroid": {
        "dmean": 107.701972961,
        "dmean2": 152.979705811,
        "dvar": 107769.820312,
        "dvar2": 130886.84375,
        "max": 10881.0224609,
        "mean": 688.813537598,
        "median": 590.743041992,
        "min": 192.560668945,
        "var": 363070.6875
    },
    "spectral_complexity": {
        "dmean": 1.27188944817,
        "dmean2": 2.13846158981,
        "dvar": 1.50057017803,
        "dvar2": 3.81160497665,
        "max": 22,
        "mean": 9.90184020996,
        "median": 9,
        "min": 0,
        "var": 27.640789032
    },
    "spectral_crest": {
        "dmean": 2.42671346664,
        "dmean2": 3.73649382591,
        "dvar": 5.30934476852,
        "dvar2": 13.5974311829,
        "max": 26.1934871674,
        "mean": 14.4767808914,
        "median": 13.9467086792,
        "min": 3.97415590286,
        "var": 25.5700492859
    },
    "spectral_decrease": {
        "dmean": 1.90036386627e-09,
        "dmean2": 2.79021050709e-09,
        "dvar": 8.83084042609e-18,
        "dvar2": 2.04160400908e-17,
        "max": 4.32337568741e-29,
        "mean": -6.35216412803e-09,
        "median": -5.10195485859e-09,
        "min": -3.81526348292e-08,
        "var": 2.93394511264e-17
    },
    "spectral_energy": {
        "dmean": 0.00741880526766,
        "dmean2": 0.0109028704464,
        "dvar": 0.000132977074827,
        "dvar2": 0.000307762820739,
        "max": 0.146959841251,
        "mean": 0.0249836873263,
        "median": 0.0200789272785,
        "min": 1.06442497874e-20,
        "var": 0.000442304939497
    },
    "spectral_energyband_high": {
        "dmean": 1.24058706206e-05,
        "dmean2": 2.03348172363e-05,
        "dvar": 9.55748813425e-10,
        "dvar2": 2.42728281918e-09,
        "max": 0.000423504592618,
        "mean": 2.74253870884e-05,
        "median": 8.40751454234e-06,
        "min": 7.53113778062e-21,
        "var": 1.83151993571e-09
    },
    "spectral_energyband_low": {
        "dmean": 0.00032609741902,
        "dmean2": 0.000470861617941,
        "dvar": 1.63533218256e-06,
        "dvar2": 3.21827337757e-06,
        "max": 0.0234947055578,
        "mean": 0.00117318076082,
        "median": 6.68428983772e-05,
        "min": 3.68289684804e-23,
        "var": 1.02624217106e-05
    },
    "spectral_energyband_middle_high": {
        "dmean": 0.000689078588039,
        "dmean2": 0.00102944520768,
        "dvar": 1.19495473427e-06,
        "dvar2": 2.84173256659e-06,
        "max": 0.0138184083626,
        "mean": 0.0021868867334,
        "median": 0.00102022103965,
        "min": 1.72750309557e-21,
        "var": 6.96847837389e-06
    },
    "spectral_energyband_middle_low": {
        "dmean": 0.00723381945863,
        "dmean2": 0.0106747066602,
        "dvar": 0.00013302663865,
        "dvar2": 0.000306237547193,
        "max": 0.146584242582,
        "mean": 0.0227863565087,
        "median": 0.0178661197424,
        "min": 2.7482399325e-22,
        "var": 0.000440253934357
    },
    "spectral_flatness_db": {
        "dmean": 0.0234094392508,
        "dmean2": 0.0359722860157,
        "dvar": 0.000613013515249,
        "dvar2": 0.00146843283437,
        "max": 0.515841305256,
        "mean": 0.283158808947,
        "median": 0.235518410802,
        "min": 0.0310763418674,
        "var": 0.0107840495184
    },
    "spectral_flux": {
        "dmean": 0.0176923144609,
        "dmean2": 0.0296003017575,
        "dvar": 0.000659526907839,
        "dvar2": 0.00191933242604,
        "max": 0.278253138065,
        "mean": 0.0518388934433,
        "median": 0.046877451241,
        "min": 1.03170971766e-10,
        "var": 0.000993266352452
    },
    "spectral_kurtosis": {
        "dmean": 12.8599071503,
        "dmean2": 21.2531204224,
        "dvar": 245.995559692,
        "dvar2": 672.84375,
        "max": 211.879623413,
        "mean": 40.5891113281,
        "median": 17.9950942993,
        "min": -1.17469620705,
        "var": 1805.40783691
    },
    "spectral_rms": {
        "dmean": 0.000697518058587,
        "dmean2": 0.00101336743683,
        "dvar": 7.05692116298e-07,
        "dvar2": 1.71077545019e-06,
        "max": 0.0119739491493,
        "mean": 0.00450398679823,
        "median": 0.00442596804351,
        "min": 3.22251969033e-12,
        "var": 4.08843197874e-06
    },
    "spectral_rolloff": {
        "dmean": 186.753112793,
        "dmean2": 333.797332764,
        "dvar": 980417.5625,
        "dvar2": 1923909.375,
        "max": 18863.0859375,
        "mean": 900.56439209,
        "median": 667.529296875,
        "min": 172.265625,
        "var": 3083391.5
    },
    "spectral_skewness": {
        "dmean": 0.765383422375,
        "dmean2": 1.27934598923,
        "dvar": 0.54141920805,
        "dvar2": 1.41071414948,
        "max": 12.2918167114,
        "mean": 4.26920604706,
        "median": 2.84368562698,
        "min": 0.0210855416954,
        "var": 7.81832408905
    },
    "spectral_spread": {
        "dmean": 388521.71875,
        "dmean2": 625224.75,
        "dvar": 1.56359144243e+12,
        "dvar2": 1.76006601114e+12,
        "max": 40203096,
        "mean": 2110716.25,
        "median": 2104559.75,
        "min": 517162.8125,
        "var": 3.3434721321e+12
    },
    "spectral_strongpeak": {
        "dmean": 0.415518164635,
        "dmean2": 0.651819288731,
        "dvar": 0.249963998795,
        "dvar2": 0.564575970173,
        "max": 5.03478288651,
        "mean": 1.43631565571,
        "median": 1.24637186527,
        "min": 0,
        "var": 0.869898438454
    },
    "zerocrossingrate": {
        "dmean": 0.00468780007213,
        "dmean2": 0.00660907430574,
        "dvar": 0.000578621402383,
        "dvar2": 0.00109954737127,
        "max": 0.51513671875,
        "mean": 0.0324789397418,
        "median": 0.02734375,
        "min": 0.00634765625,
        "var": 0.00191592343617
    },
    "barkbands": {
        "dmean": [1.17021327242e-05, 7.36282891012e-06, 6.35575634078e-05, 0.000550424505491, 0.00234629656188, 0.00349955516867, 0.00156542251352, 0.000581530854106, 0.000506662763655, 0.000415732502006, 0.000243704009335, 5.23986527696e-05, 0.000205690404982, 6.70395093039e-05, 0.000104155085864, 0.000130456042825, 8.16944302642e-05, 2.81343000097e-05, 4.95678868901e-05, 2.0100727852e-05, 2.74507965514e-06, 1.46873730955e-06, 1.249310003e-06, 4.99209534155e-07, 6.76491424656e-07, 5.12575809353e-07, 1.21628843885e-07],
        "dmean2": [1.90864939213e-05, 1.23245108625e-05, 8.8060827693e-05, 0.000806183146778, 0.00308366329409, 0.00555701274425, 0.00226840586402, 0.000780103378929, 0.000681074801832, 0.000628185574897, 0.000373904855223, 8.44739915919e-05, 0.00034080730984, 0.000100907374872, 0.000173299296875, 0.000224707924644, 0.000139870375278, 4.3967331294e-05, 8.48186318763e-05, 3.3089734643e-05, 4.6348432079e-06, 2.43961267188e-06, 1.85837211575e-06, 8.26660709663e-07, 1.1838883438e-06, 8.3183630295e-07, 2.07262530694e-07],
        "dvar": [2.42742742573e-10, 1.98836599963e-10, 6.166473554e-08, 4.23855044573e-06, 3.12724841933e-05, 8.65032343427e-05, 9.24140931602e-06, 1.95932489078e-06, 1.06565653368e-06, 6.84837402787e-07, 2.86931680193e-07, 1.80731216659e-08, 1.73516596647e-07, 3.29389209242e-08, 4.74969930053e-08, 1.29405179905e-07, 2.22968417063e-08, 4.95529883793e-09, 1.2941172578e-08, 1.75258496604e-09, 8.3310275345e-11, 1.64727589208e-11, 1.56593869816e-11, 6.26967184766e-12, 1.116451636e-11, 6.44503374281e-12, 1.42400959866e-14],
        "dvar2": [5.6387516878e-10, 5.36036826038e-10, 1.15094287878e-07, 7.79391029937e-06, 4.88499026687e-05, 0.000197746048798, 2.35924253502e-05, 3.52872280018e-06, 2.18304262489e-06, 1.50829555423e-06, 6.08701270721e-07, 4.69623167021e-08, 4.6745364557e-07, 7.41040224739e-08, 1.16586754473e-07, 2.96206792427e-07, 6.40070894065e-08, 1.11115872059e-08, 3.98785928724e-08, 4.57106530405e-09, 2.21018564561e-10, 4.39926012286e-11, 2.73048285371e-11, 1.66130807028e-11, 3.15966246223e-11, 1.64263533331e-11, 3.98310230014e-14],
        "max": [0.000229778903304, 0.00019707318279, 0.00580314639956, 0.0509751699865, 0.127219110727, 0.115630850196, 0.0533105060458, 0.026337493211, 0.0116603644565, 0.0139255439863, 0.00744189647958, 0.00215382291935, 0.00412512617186, 0.00263111828826, 0.0025306341704, 0.00622716825455, 0.00134586158674, 0.00107223168015, 0.00134090217762, 0.000519123277627, 0.000177450187039, 6.01968677074e-05, 6.96937931934e-05, 4.01619145123e-05, 5.45889233763e-05, 4.21255608671e-05, 1.59150897616e-06],
        "mean": [1.33240582727e-05, 9.259521903e-06, 0.000237060856307, 0.00193865585607, 0.00625064177439, 0.00776895182207, 0.00379773182794, 0.00131746381521, 0.0011596881086, 0.000945599691477, 0.000370912748622, 8.11775462353e-05, 0.000285562768113, 0.000111256638775, 0.000186535791727, 0.000198675697902, 0.000126008337247, 5.46999399376e-05, 8.21305075078e-05, 3.35911900038e-05, 5.41497138329e-06, 2.93967673315e-06, 3.49198762706e-06, 8.67012374783e-07, 9.98805148811e-07, 7.07583751591e-07, 4.0255591216e-07],
        "median": [7.67343954067e-06, 5.69248550164e-06, 1.29042382468e-05, 0.000126772501972, 0.00224968465045, 0.00119976187125, 0.00130965467542, 0.000394294474972, 0.00037601677468, 0.000104060469312, 8.32846126286e-05, 2.15444088099e-05, 5.52674973733e-05, 2.32164929912e-05, 4.46237754659e-05, 5.08381781401e-05, 4.6034114348e-05, 1.22834217109e-05, 1.76702815224e-05, 5.3654621297e-06, 2.02381625058e-06, 8.87480382517e-07, 4.83887220071e-07, 2.39167661675e-07, 1.24636244436e-07, 6.0264923718e-08, 3.64657580576e-07],
        "min": [6.66150988173e-24, 1.33452261979e-23, 1.55198900994e-23, 7.69196969437e-24, 8.56709411729e-24, 2.93706357204e-23, 3.25446522824e-23, 9.85036097309e-23, 9.181382313e-23, 3.16055733282e-23, 3.1058154347e-23, 4.14186622012e-23, 1.52092104848e-22, 9.35365375748e-23, 3.2936472552e-22, 1.47880370164e-22, 1.03693039688e-22, 3.70248016224e-22, 3.14233969462e-22, 2.80520780676e-22, 5.7979272196e-22, 4.6169734144e-22, 5.48934250396e-22, 7.58783267114e-22, 1.07862130445e-21, 1.46947252474e-21, 2.66055797977e-21],
        "var": [3.22166626709e-10, 1.96200014568e-10, 5.08787081799e-07, 3.44433065038e-05, 0.000136259754072, 0.000258083891822, 4.35161891801e-05, 8.02522026788e-06, 2.96786356557e-06, 2.8202946396e-06, 6.04261686021e-07, 3.58460106042e-08, 2.6818401011e-07, 7.1645459343e-08, 1.04452389849e-07, 2.30465104778e-07, 3.45824133774e-08, 1.23986181322e-08, 2.12665032251e-08, 3.38676020561e-09, 9.63525231823e-11, 2.56562861234e-11, 8.97326726812e-11, 8.05877586885e-12, 1.6614013984e-11, 9.53329255815e-12, 6.06052683624e-14]
    },
    "erbbands": {
        "dmean": [0.00039480815758, 0.00180144549813, 0.0546098388731, 1.06220471859, 4.4303612709, 8.20977687836, 26.5536785126, 22.2175102234, 23.0894546509, 18.3205165863, 8.10172557831, 14.3144445419, 11.9840679169, 11.0293455124, 9.65478610992, 2.87117886543, 10.3603639603, 3.97717237473, 3.85519576073, 8.74496841431, 4.28509044647, 3.43988323212, 2.12561535835, 2.52560925484, 1.28818011284, 1.23547852039, 0.200461745262, 0.0662194788456, 0.0395292341709, 0.0339399650693, 0.0401106849313, 0.0135111408308, 0.00574591429904, 0.00363690080121, 0.00632707448676, 0.00410010386258, 0.000399083073717, 0.000193454223336, 7.480736258e-06, 8.24844846647e-06],
        "dmean2": [0.000670022564009, 0.0028401138261, 0.0770925208926, 1.52036213875, 5.26100111008, 11.5384902954, 42.5556182861, 34.5372543335, 34.8415908813, 23.1819267273, 11.2575874329, 19.0020332336, 17.1306285858, 16.3851699829, 14.9557590485, 4.63404130936, 17.0535163879, 6.1429567337, 6.26601791382, 14.9089183807, 7.17981529236, 5.85818481445, 3.39618682861, 4.37230300903, 2.24664711952, 2.03155088425, 0.339466333389, 0.110929869115, 0.0652175173163, 0.0521144233644, 0.0596498474479, 0.0212680734694, 0.0104119274765, 0.0064698769711, 0.0112367952242, 0.00684703001752, 0.000695326307323, 0.000328080437612, 1.23855561469e-05, 1.21657394629e-05],
        "dvar": [2.66536972049e-07, 1.51295453179e-05, 0.0375502817333, 14.993938446, 225.426773071, 306.370452881, 5289.1953125, 2947.14331055, 2665.1965332, 1620.78796387, 304.46685791, 847.755187988, 488.533325195, 627.267578125, 499.671600342, 40.4612350464, 436.571655273, 96.8030319214, 87.6568908691, 753.028991699, 79.7534866333, 42.050075531, 15.2666902542, 26.3231601715, 7.867582798, 6.54360246658, 0.348818093538, 0.0286908652633, 0.0102684190497, 0.00918392837048, 0.0243920665234, 0.00260576116852, 0.00256281136535, 0.000695606053341, 0.00117329659406, 0.000345998472767, 3.88266471418e-06, 3.57458453948e-08, 5.65118819795e-11, 1.61926069775e-10],
        "dvar2": [7.14334305485e-07, 3.48007342836e-05, 0.0717096477747, 28.4476890564, 302.651824951, 538.592834473, 13941.4873047, 6055.56982422, 7923.13867188, 2213.62915039, 688.581298828, 1745.95898438, 978.879211426, 1537.41333008, 1167.76086426, 101.497413635, 1175.78845215, 219.702209473, 229.17137146, 1633.16772461, 222.31098938, 117.405921936, 38.4497756958, 77.7171936035, 24.6565227509, 17.5513954163, 0.909314274788, 0.0767079889774, 0.0270615648478, 0.0212278813124, 0.041511297226, 0.00576120428741, 0.00742575665936, 0.00199974048883, 0.00344582623802, 0.000922990846448, 1.14294862215e-05, 9.9004068943e-08, 1.41421874211e-10, 3.74092534727e-10],
        "max": [0.00556585518643, 0.053957324475, 4.07403421402, 81.7169952393, 415.597015381, 333.833404541, 786.841674805, 960.78112793, 784.570068359, 947.232666016, 347.924957275, 328.643432617, 334.304748535, 355.469573975, 365.628417969, 118.002838135, 201.910064697, 131.992431641, 136.077484131, 531.371887207, 86.3375244141, 65.7479629517, 59.2041854858, 52.966960907, 32.4781494141, 32.6154670715, 8.65886688232, 2.83523845673, 1.53641045094, 1.73645806313, 3.1292283535, 1.1547999382, 0.952698290348, 0.456361293793, 0.687724590302, 0.261298626661, 0.0373112522066, 0.00249494868331, 9.08705187612e-05, 0.000161342861247],
        "mean": [0.000550644414034, 0.0048328298144, 0.207845926285, 3.81790041924, 12.3838720322, 21.2898254395, 50.6910476685, 57.5622673035, 55.0885314941, 49.1229858398, 21.5144023895, 33.5691719055, 27.4801368713, 19.478012085, 14.3527603149, 5.18730735779, 14.6289663315, 6.90236234665, 7.17150449753, 14.4532222748, 6.85908460617, 6.13936805725, 4.33807754517, 4.42469215393, 2.39793586731, 2.07824492455, 0.406968146563, 0.148910790682, 0.0902768373489, 0.0906146168709, 0.105792410672, 0.030630281195, 0.00795660633594, 0.00492740236223, 0.0103713497519, 0.00582709908485, 0.000594934972469, 0.000652838614769, 3.26178997057e-05, 2.84862289845e-05],
        "median": [0.000409803556977, 0.00171856349334, 0.0221280753613, 0.487803757191, 4.24565696716, 7.42483520508, 13.6463832855, 8.89009857178, 21.1149520874, 13.4007644653, 12.7002544403, 10.6657409668, 4.28359127045, 4.86990213394, 2.87158918381, 1.92063188553, 3.51090717316, 2.08252763748, 2.11645889282, 3.46918725967, 1.67826032639, 2.1699693203, 1.52283740044, 1.12028622627, 0.714826405048, 0.352832198143, 0.146827846766, 0.0576159805059, 0.0332568101585, 0.0209763385355, 0.01309155114, 0.00658816285431, 0.00332239503041, 0.00157950399444, 0.000766338780522, 0.000367750879377, 0.000173975131474, 0.000602885091212, 3.24352149619e-05, 2.34648141486e-05],
        "min": [8.86557175769e-22, 1.44048071264e-21, 1.52904061581e-20, 2.01889309715e-20, 1.66205109675e-20, 4.46178540536e-20, 1.34284022428e-19, 2.55724023744e-19, 3.23259184856e-19, 1.31558806107e-18, 1.74476999811e-18, 1.99508043493e-18, 1.45200141441e-18, 1.31313815889e-18, 1.63294510546e-18, 2.08979323546e-18, 6.16128953419e-18, 5.68807232704e-18, 1.40979154581e-17, 1.17500741315e-17, 9.35641196215e-18, 6.90237967013e-18, 1.58529296745e-17, 2.39881335393e-17, 9.95703938546e-18, 1.29603485555e-17, 1.92908693169e-17, 2.16926213127e-17, 1.81637248901e-17, 1.58422954405e-17, 1.60942480377e-17, 1.20639809022e-17, 1.39894985495e-17, 1.20172964828e-17, 7.45533998345e-18, 5.3464409438e-18, 3.01237527639e-18, 1.26277361293e-18, 4.08204533308e-19, 3.50777053993e-20],
        "var": [3.13765582405e-07, 6.43336607027e-05, 0.270024806261, 106.082130432, 803.239990234, 1433.22302246, 9505.94824219, 15151.140625, 9737.25, 11369.7568359, 1044.96020508, 2433.39697266, 2164.77368164, 1306.11608887, 886.713745117, 98.9823760986, 670.940429688, 209.393783569, 190.770004272, 1440.25695801, 132.860794067, 83.1880569458, 49.926235199, 48.8291778564, 14.413942337, 13.4533510208, 0.466388076544, 0.0481780990958, 0.0189438853413, 0.0428774692118, 0.108489945531, 0.00749450176954, 0.00147565535735, 0.000438318238594, 0.00218071020208, 0.000569871801417, 3.77545165975e-06, 1.51371224888e-07, 2.36107022822e-10, 5.41370892559e-10]
    },
    "gfcc": {
        "mean": [-135.014785767, 142.858627319, -122.986343384, -25.4648265839, -62.9804077148, -39.2655944824, -44.4603157043, -12.8601894379, -19.8791294098, -8.82821178436, -11.7996368408, -4.04692268372, -12.0224018097],
        "cov": [[16886.1230469, 274.650024414, -4004.55493164, 351.33505249, -525.910888672, -287.401611328, -80.0930633545, 373.843017578, -309.611907959, -343.978607178, -382.111633301, -58.7031135559, 47.9247627258], [274.650024414, 1466.19128418, 1462.17260742, -215.069213867, -7.64339637756, -224.832229614, -245.616699219, -400.426055908, -137.30519104, -219.000366211, -76.0875320435, -146.741134644, -100.687705994], [-4004.55493164, 1462.17260742, 3298.79614258, -187.357971191, 1.79729652405, -149.350585938, -394.88168335, -624.03503418, -185.791061401, -228.151184082, -132.961883545, -220.99987793, -222.236083984], [351.33505249, -215.069213867, -187.357971191, 378.504974365, 42.3465385437, 58.201499939, 41.0226593018, 85.3347702026, -70.3527526855, -81.3214111328, -116.536262512, -104.175559998, -53.7789573669], [-525.910888672, -7.64339637756, 1.79729652405, 42.3465385437, 163.925445557, 39.7171516418, 74.3070297241, 45.3609542847, 34.3991088867, 17.3459758759, 24.513168335, 0.304333716631, 9.13696956635], [-287.401611328, -224.832229614, -149.350585938, 58.201499939, 39.7171516418, 163.945953369, 99.2607040405, 73.9869766235, -15.6470623016, 17.2261829376, -22.8763523102, -8.29196548462, -36.7382621765], [-80.0930633545, -245.616699219, -394.88168335, 41.0226593018, 74.3070297241, 99.2607040405, 213.913909912, 143.472640991, 48.2466659546, 47.5724182129, 45.5533599854, 33.9654312134, 18.4880599976], [373.843017578, -400.426055908, -624.03503418, 85.3347702026, 45.3609542847, 73.9869766235, 143.472640991, 259.406066895, 94.1822357178, 59.1447639465, 14.9291410446, 53.3122406006, 41.3865394592], [-309.611907959, -137.30519104, -185.791061401, -70.3527526855, 34.3991088867, -15.6470623016, 48.2466659546, 94.1822357178, 209.008758545, 123.829528809, 103.664161682, 69.183555603, 49.8565139771], [-343.978607178, -219.000366211, -228.151184082, -81.3214111328, 17.3459758759, 17.2261829376, 47.5724182129, 59.1447639465, 123.829528809, 189.568222046, 132.486083984, 71.4005050659, 23.4367046356], [-382.111633301, -76.0875320435, -132.961883545, -116.536262512, 24.513168335, -22.8763523102, 45.5533599854, 14.9291410446, 103.664161682, 132.486083984, 188.761688232, 97.5717010498, 50.0445213318], [-58.7031135559, -146.741134644, -220.99987793, -104.175559998, 0.304333716631, -8.29196548462, 33.9654312134, 53.3122406006, 69.183555603, 71.4005050659, 97.5717010498, 177.421508789, 127.63923645], [47.9247627258, -100.687705994, -222.236083984, -53.7789573669, 9.13696956635, -36.7382621765, 18.4880599976, 41.3865394592, 49.8565139771, 23.4367046356, 50.0445213318, 127.63923645, 200.552474976]],
        "icov": [[0.000271322292974, -0.000745318888221, 0.000654993695207, -0.000348527362803, 0.000706048915163, 5.53333193238e-05, 0.000297338236123, -0.000176873058081, 0.000202775627258, -0.00018894058303, 0.000506689713802, -0.000402017496526, 0.000281480286503], [-0.000745318888221, 0.00442895526066, -0.00226994231343, 0.00238532177173, -0.00307155074552, 0.00212579453364, -0.00128225563094, 0.00162385031581, -0.000643423001748, 0.00274283159524, -0.00156910147052, 0.00201501743868, -0.00021307800489], [0.000654993695207, -0.00226994231343, 0.00237170932814, -0.000925280037336, 0.00127845234238, -0.000531034078449, 0.00127235730179, 0.000883711385541, -8.45262329676e-05, -0.000314785749651, 0.00153092725668, -0.00126756296959, 0.0011111976346], [-0.000348527362803, 0.00238532177173, -0.000925280037336, 0.00591025175527, -0.00276891095564, 0.00100550800562, -0.000181092094863, -0.00119463365991, 0.00089833693346, 0.00215072324499, 9.33791525313e-05, 0.00364314508624, -0.000402653065976], [0.000706048915163, -0.00307155074552, 0.00127845234238, -0.00276891095564, 0.0109344543889, -0.00201398530044, -0.00163744704332, -0.00157422223128, -0.000542675727047, -0.00101284531411, -0.000448211940238, -6.68312277412e-05, -0.00102025317028], [5.53333193238e-05, 0.00212579453364, -0.000531034078449, 0.00100550800562, -0.00201398530044, 0.013900719583, -0.0057023759, 0.000164754281286, 0.00268852128647, -0.00195743120275, 0.00442581670359, -0.00177752401214, 0.00345234526321], [0.000297338236123, -0.00128225563094, 0.00127235730179, -0.000181092094863, -0.00163744704332, -0.0057023759, 0.0122915320098, -0.00467275176197, 0.000568518822547, 0.001771000796, -0.00413700984791, 0.000934199604671, -0.000402791134547], [-0.000176873058081, 0.00162385031581, 0.000883711385541, -0.00119463365991, -0.00157422223128, 0.000164754281286, -0.00467275176197, 0.0139675475657, -0.00559818511829, 0.000756573572289, 0.0041543180123, -0.00296367402188, 0.00131954217795], [0.000202775627258, -0.000643423001748, -8.45262329676e-05, 0.00089833693346, -0.000542675727047, 0.00268852128647, 0.000568518822547, -0.00559818511829, 0.0113722179085, -0.00542252976447, -0.00124464323744, 0.000810887431726, -0.00100309716072], [-0.00018894058303, 0.00274283159524, -0.000314785749651, 0.00215072324499, -0.00101284531411, -0.00195743120275, 0.001771000796, 0.000756573572289, -0.00542252976447, 0.0175200533122, -0.00920213665813, 0.00122421560809, 0.0018359948881], [0.000506689713802, -0.00156910147052, 0.00153092725668, 9.33791525313e-05, -0.000448211940238, 0.00442581670359, -0.00413700984791, 0.0041543180123, -0.00124464323744, -0.00920213665813, 0.0182078983635, -0.00702687120065, 0.00248135440052], [-0.000402017496526, 0.00201501743868, -0.00126756296959, 0.00364314508624, -6.68312277412e-05, -0.00177752401214, 0.000934199604671, -0.00296367402188, 0.000810887431726, 0.00122421560809, -0.00702687120065, 0.0180131718516, -0.00917255319655], [0.000281480286503, -0.00021307800489, 0.0011111976346, -0.000402653065976, -0.00102025317028, 0.00345234526321, -0.000402791134547, 0.00131954217795, -0.00100309716072, 0.0018359948881, 0.00248135440052, -0.00917255319655, 0.0116324722767]]
    },
    "melbands": {
        "dmean": [3.21989409713e-06, 1.51140638991e-05, 0.000251777906669, 0.000463882810436, 0.000800314301159, 0.000550635624677, 0.000334108306561, 0.000183730357094, 6.68205320835e-05, 8.08885815786e-05, 5.8757228544e-05, 4.56536727143e-05, 3.36182456522e-05, 1.01205923784e-05, 1.71286174009e-05, 1.69351551449e-05, 7.50273966332e-06, 5.69647227167e-06, 8.01118130767e-06, 1.14396816571e-05, 4.08300775234e-06, 3.05820231006e-06, 5.20493676959e-06, 7.16932788691e-07, 2.3599150154e-06, 1.84329110198e-06, 6.11624273006e-07, 8.12182747723e-07, 1.28522955833e-07, 9.16733711165e-08, 4.1078973112e-08, 2.3807995575e-08, 3.09277083943e-08, 2.09879758017e-08, 2.72809632662e-08, 1.48095633534e-08, 6.54826548541e-09, 5.11205300313e-09, 2.67465427584e-09, 3.05530889477e-09],
        "dmean2": [5.33755655852e-06, 2.10790403798e-05, 0.000340864004102, 0.000583379645832, 0.00124838971533, 0.000866832386237, 0.000493192870636, 0.000232671241974, 9.59051685641e-05, 0.000108325271867, 8.35591199575e-05, 6.8381348683e-05, 5.12495280418e-05, 1.62427040777e-05, 2.89234321826e-05, 2.76466853393e-05, 1.13923952085e-05, 9.30103942665e-06, 1.33421390274e-05, 1.97322660824e-05, 6.9003617682e-06, 5.11887856192e-06, 8.57429404277e-06, 1.12223199267e-06, 4.0651539166e-06, 3.2046132219e-06, 1.02697902093e-06, 1.34154481657e-06, 2.1553893248e-07, 1.52815573529e-07, 7.04751954572e-08, 4.04331217396e-08, 5.23441947564e-08, 3.16900248265e-08, 4.10229077374e-08, 2.33852883724e-08, 1.07415676354e-08, 9.4131404893e-09, 4.88328888437e-09, 5.42284750438e-09],
        "dvar": [2.04451108821e-11, 3.08803205229e-09, 6.1298288756e-07, 1.55767168053e-06, 4.02193381888e-06, 1.82855205821e-06, 4.84835879888e-07, 1.77219817488e-07, 1.84629822542e-08, 2.79614909005e-08, 1.20136869342e-08, 1.1487354179e-08, 5.85002313258e-09, 7.24377891004e-10, 1.27799137939e-09, 1.14976717036e-09, 4.02798544519e-10, 1.92769786245e-10, 4.09435152449e-10, 1.23563059784e-09, 8.08155417586e-11, 4.55491061535e-11, 9.83167158797e-11, 1.61357038841e-12, 2.37140532905e-11, 2.10559521208e-11, 1.68031116365e-12, 2.81799713772e-12, 2.15862700978e-13, 1.26447694004e-13, 6.9534370361e-15, 2.36381908107e-15, 1.50749147188e-14, 3.69652166204e-15, 1.26252640951e-14, 1.88197570693e-15, 6.97064599273e-16, 2.63771544313e-15, 3.23188835626e-16, 4.6554381325e-16],
        "dvar2": [5.36949651408e-11, 5.7752855831e-09, 1.06873415007e-06, 2.09304971577e-06, 1.03680440589e-05, 3.94000289816e-06, 1.32292575472e-06, 2.5575724294e-07, 4.19306616095e-08, 5.72026905843e-08, 2.39897861576e-08, 2.81419634263e-08, 1.23093686355e-08, 1.81638948327e-09, 3.48951334495e-09, 3.00978375556e-09, 8.86407724998e-10, 5.15057774209e-10, 9.08603137173e-10, 2.80662670882e-09, 2.34703645408e-10, 1.23657376006e-10, 2.73199268763e-10, 4.17903862557e-12, 6.94666685286e-11, 6.65462338012e-11, 4.54006407122e-12, 7.54690580862e-12, 5.41841636663e-13, 3.39341998511e-13, 1.92917090045e-14, 6.39593943197e-15, 4.09935960503e-14, 6.59652106904e-15, 2.13632551319e-14, 3.95817183351e-15, 1.68088405015e-15, 7.66044569629e-15, 9.2812004657e-16, 1.34786817649e-15],
        "max": [5.53443205717e-05, 0.00129902153276, 0.0168087873608, 0.0328069031239, 0.0209689736366, 0.0213972367346, 0.0121910581365, 0.00918372254819, 0.00287648872472, 0.00193318899255, 0.00167376035824, 0.00148635997903, 0.00105880387127, 0.000450670078862, 0.000392250542063, 0.000384393701097, 0.000303318345686, 0.000211365288123, 0.000363605911843, 0.000620363571215, 0.000101274934423, 8.35687751533e-05, 0.000118273885164, 1.30342832563e-05, 4.87711622554e-05, 5.53147219762e-05, 1.51437625391e-05, 1.99672704184e-05, 8.49490970722e-06, 6.99261318005e-06, 9.55177824835e-07, 5.7928662045e-07, 2.1685568754e-06, 1.64785217294e-06, 2.1511380055e-06, 7.6353961731e-07, 5.17266641964e-07, 9.74427393885e-07, 3.23404634628e-07, 3.43091045352e-07],
        "mean": [4.05265063819e-06, 5.6304379541e-05, 0.000852991535794, 0.00124952930491, 0.00165689527057, 0.00135595304891, 0.000806688738521, 0.000480885209981, 0.000180315517355, 0.000186489327461, 0.000129233521875, 7.65809963923e-05, 5.09948768013e-05, 1.48545632328e-05, 2.48607448157e-05, 2.38541670115e-05, 1.21130697153e-05, 1.00264278444e-05, 1.42344242704e-05, 1.84305517905e-05, 5.89559022046e-06, 4.97814926348e-06, 8.92352181836e-06, 1.42831640915e-06, 3.90747618439e-06, 2.88676983473e-06, 1.07494247459e-06, 1.30382295538e-06, 2.1724480348e-07, 1.46922715771e-07, 7.64388161656e-08, 4.8948674447e-08, 5.3308262693e-08, 5.42369704704e-08, 6.91161261557e-08, 3.60266696475e-08, 1.12998392865e-08, 5.84654769042e-09, 3.69796326893e-09, 3.61302743279e-09],
        "median": [2.91425999421e-06, 4.39965879195e-06, 0.000174646847881, 0.000461644813186, 0.000524346134625, 0.000183009062312, 0.000281383196125, 0.000115865754196, 0.000111376430141, 6.21473518549e-05, 1.31538836285e-05, 1.67343659996e-05, 1.05631688712e-05, 3.19498121826e-06, 5.49482865608e-06, 6.26269093118e-06, 2.58695422417e-06, 1.75257423507e-06, 4.22211678597e-06, 4.16349666921e-06, 9.74257432063e-07, 1.59092064678e-06, 2.10961479752e-06, 3.78867468953e-07, 8.46976831781e-07, 5.9010244513e-07, 2.50521054568e-07, 1.81794746368e-07, 7.36761691655e-08, 4.58061606423e-08, 2.44760265389e-08, 1.88845028504e-08, 1.4591448938e-08, 8.25018098283e-09, 6.45615916284e-09, 5.54624168814e-09, 3.09195691273e-09, 2.10814121715e-09, 1.61967550483e-09, 1.08573083857e-09],
        "min": [5.57413691022e-24, 5.44926772311e-24, 3.66613599928e-24, 1.95345606238e-24, 4.29936648081e-24, 5.54254736971e-24, 5.41514199478e-24, 1.80442434184e-23, 1.36816864181e-23, 1.29270194776e-23, 7.33076448536e-24, 5.22967409064e-24, 4.47910922693e-24, 4.68337884188e-24, 1.17808030046e-23, 1.27321061475e-23, 9.79417277739e-24, 2.12417333255e-23, 1.84174756008e-23, 1.22562975927e-23, 1.10744198736e-23, 6.04208880477e-24, 1.14141428225e-23, 1.75939963236e-23, 2.05076603879e-23, 8.00146428217e-24, 7.03021084705e-24, 8.84702377609e-24, 1.11863016492e-23, 1.5562881441e-23, 1.07151962832e-23, 1.09521109346e-23, 8.2538240412e-24, 9.46486279251e-24, 1.03428357922e-23, 7.01526745493e-24, 7.67783330694e-24, 9.57352680448e-24, 1.06977080258e-23, 1.02667690905e-23],
