{
"metadata": {
    "version": {
        "essentia": "2.0.1",
        "extractor": "archive-music 1.0"
    },
    "audio_properties": {
        "analysis_sample_rate": 44100,
        "bitrate": 128,
        "channels": 2,
        "equal_loudness": 0,
        "length": 16.0914287567,
        "replay_gain": 10.3898334503,
        "downmix": "mix"
    },
    "tags": {
        "track": 0,
        "year": 0,
        "album": "",
        "artist": "",
        "comment": "",
        "genre": "",
        "title": ""
    }
},
"highlevel": {
    "culture": {
        "all": {
            "non_western": 0.00760440435261,
            "western": 0.992395579815
        },
        "probability": 0.992395579815,
        "value": "western"
    },
    "danceability": {
        "all": {
            "danceable": 0.085754737258,
            "not_danceable": 0.914245247841
        },
        "probability": 0.914245247841,
        "value": "not_danceable"
    },
    "gender": {
        "all": {
            "female": 0.814606308937,
            "male": 0.185393691063
        },
        "probability": 0.814606308937,
        "value": "female"
    },
    "genre_dortmund": {
        "all": {
            "alternative": 0.11962415278,
            "blues": 0.0258944723755,
            "electronic": 0.0936882644892,
            "folkcountry": 0.317340403795,
            "funksoulrnb": 0.00323604908772,
            "jazz": 0.345537006855,
            "pop": 0.0770627260208,
            "raphiphop": 0.00251944409683,
            "rock": 0.0150974681601
        },
        "probability": 0.345537006855,
        "value": "jazz"
    },
    "genre_electronic": {
        "all": {
            "ambient": 0.969644069672,
            "dnb": 0.00540767097846,
            "house": 0.00911302026361,
            "techno": 0.0121716558933,
            "trance": 0.00366359716281
        },
        "probability": 0.969644069672,
        "value": "ambient"
    },
    "genre_rosamerica": {
        "all": {
            "cla": 0.962699949741,
            "dan": 0.00441613374278,
            "hip": 0.00396336009726,
            "jaz": 0.00685072597116,
            "pop": 0.00276142754592,
            "rhy": 0.0101683642715,
            "roc": 0.00490593025461,
            "spe": 0.00423413142562
        },
        "probability": 0.962699949741,
        "value": "cla"
    },
    "genre_tzanetakis": {
        "all": {
            "blu": 0.00274447537959,
            "cla": 0.919439911842,
            "cou": 0.00277953618206,
            "dis": 0.0139233293012,
            "hip": 0.00415745843202,
            "jaz": 0.00930598098785,
            "met": 0.0046402043663,
            "pop": 0.007683490403,
            "reg": 0.0181094296277,
            "roc": 0.0172161795199
        },
        "probability": 0.919439911842,
        "value": "cla"
    },
    "mirex_ballroom": {
        "all": {
            "ChaChaCha": 0.00234670797363,
            "Jive": 0.000654997769743,
            "Quickstep": 0.000149361731019,
            "Rumba-American": 0.000146482707351,
            "Rumba-International": 0.00187419808935,
            "Rumba-Misc": 0.00695091998205,
            "Samba": 9.93987632683e-05,
            "Tango": 0.000323124637362,
            "VienneseWaltz": 0.0425808727741,
            "Waltz": 0.944873929024
        },
        "probability": 0.944873929024,
        "value": "Waltz"
    },
    "mood_acoustic": {
        "all": {
            "acoustic": 0.933377146721,
            "not_acoustic": 0.0666228532791
        },
        "probability": 0.933377146721,
        "value": "acoustic"
    },
    "mood_aggressive": {
        "all": {
            "aggressive": 0.00900782924145,
            "not_aggressive": 0.990992188454
        },
        "probability": 0.990992188454,
        "value": "not_aggressive"
    },
    "mood_electronic": {
        "all": {
            "electronic": 0.0490057729185,
            "not_electronic": 0.950994253159
        },
        "probability": 0.950994253159,
        "value": "not_electronic"
    },
    "mood_happy": {
        "all": {
            "happy": 0.234909400344,
            "not_happy": 0.765090584755
        },
        "probability": 0.765090584755,
        "value": "not_happy"
    },
    "mood_party": {
        "all": {
            "not_party": 0.777090787888,
            "party": 0.222909212112
        },
        "probability": 0.777090787888,
        "value": "not_party"
    },
    "mood_relaxed": {
        "all": {
            "not_relaxed": 0.003916955553,
            "relaxed": 0.996083021164
        },
        "probability": 0.996083021164,
        "value": "relaxed"
    },
    "mood_sad": {
        "all": {
            "not_sad": 0.114315658808,
            "sad": 0.88568431139
        },
        "probability": 0.88568431139,
        "value": "sad"
    },
    "moods_mirex": {
        "all": {
            "Cluster1": 0.117034807801,
            "Cluster2": 0.572001576424,
            "Cluster3": 0.140299990773,
            "Cluster4": 0.14608964324,
            "Cluster5": 0.0245739687234
        },
        "probability": 0.572001576424,
        "value": "Cluster2"
    },
    "timbre": {
        "all": {
            "bright": 0.266364395618,
            "dark": 0.733635604382
        },
        "probability": 0.733635604382,
        "value": "dark"
    },
    "tonal_atonal": {
        "all": {
            "atonal": 0.00579767068848,
            "tonal": 0.994202315807
        },
        "probability": 0.994202315807,
        "value": "tonal"
    },
    "voice_instrumental": {
        "all": {
            "instrumental": 0.999981701374,
            "voice": 1.82798357855e-05
        },
        "probability": 0.999981701374,
        "value": "instrumental"
    }
},
"lowlevel": {
    "average_loudness": 0.154529452324,
    "barkbands_kurtosis": {
        "dmean": 4.13304281235,
        "dmean2": 6.52920675278,
        "dvar": 261.540924072,
        "dvar2": 666.558776855,
        "max": 307.529296875,
        "mean": 7.31610441208,
        "median": 3.89357376099,
        "min": -1.01411855221,
        "var": 283.852478027
    },
    "barkbands_skewness": {
        "dmean": 0.562473416328,
        "dmean2": 0.867774009705,
        "dvar": 0.787141859531,
        "dvar2": 1.79139256477,
        "max": 17.0390396118,
        "mean": 1.77719199657,
        "median": 1.47403550148,
        "min": -2.29074811935,
        "var": 2.20361757278
    },
    "barkbands_spread": {
        "dmean": 3.01473903656,
        "dmean2": 4.51476097107,
        "dvar": 15.6994075775,
        "dvar2": 35.6542358398,
        "max": 63.1452217102,
        "mean": 12.5921192169,
        "median": 11.0265207291,
        "min": 1.69381141663,
        "var": 59.4833183289
    },
    "dissonance": {
        "dmean": 0.0207718908787,
        "dmean2": 0.0352328121662,
        "dvar": 0.000286969559966,
        "dvar2": 0.00072257721331,
        "max": 0.499695390463,
        "mean": 0.440165311098,
        "median": 0.442690432072,
        "min": 0.321544826031,
        "var": 0.000733718334232
    },
    "dynamic_complexity": 5.49605417252,
    "erbbands_kurtosis": {
        "dmean": 0.65888696909,
        "dmean2": 1.02228760719,
        "dvar": 0.393963217735,
        "dvar2": 0.917165875435,
        "max": 4.91210889816,
        "mean": 0.106675669551,
        "median": -0.156299710274,
        "min": -1.49759972095,
        "var": 1.12993049622
    },
    "erbbands_skewness": {
        "dmean": 0.29152327776,
        "dmean2": 0.42365577817,
        "dvar": 0.0512044355273,
        "dvar2": 0.113545522094,
        "max": 2.07179141045,
        "mean": 0.602550804615,
        "median": 0.580654144287,
        "min": -1.06362831593,
        "var": 0.231600016356
    },
    "erbbands_spread": {
        "dmean": 4.41897392273,
        "dmean2": 6.6919708252,
        "dvar": 29.2425727844,
        "dvar2": 62.5601501465,
        "max": 155.86416626,
        "mean": 25.6106643677,
        "median": 24.4562034607,
        "min": 7.57545471191,
        "var": 99.4671859741
    },
    "hfc": {
        "dmean": 0.944794654846,
        "dmean2": 1.26578187943,
        "dvar": 2.27083849907,
        "dvar2": 3.51741409302,
        "max": 39.1638259888,
        "mean": 5.54867649078,
        "median": 3.21252441406,
        "min": 1.13869630184e-16,
        "var": 47.1346855164
    },
    "melbands_kurtosis": {
        "dmean": 9.74276924133,
        "dmean2": 15.3176736832,
        "dvar": 7802.10595703,
        "dvar2": 19312.2421875,
        "max": 1952.81677246,
        "mean": 13.6588535309,
        "median": 5.02706670761,
        "min": -1.34069609642,
        "var": 6496.67431641
    },
    "melbands_skewness": {
        "dmean": 0.616813898087,
        "dmean2": 0.917937159538,
        "dvar": 2.42929077148,
        "dvar2": 4.97038936615,
        "max": 39.1207427979,
        "mean": 2.29658555984,
        "median": 1.83457231522,
        "min": -0.363543331623,
        "var": 4.65092658997
    },
    "melbands_spread": {
        "dmean": 3.35650086403,
        "dmean2": 4.95981264114,
        "dvar": 38.9902191162,
        "dvar2": 65.3999404907,
        "max": 153.46395874,
        "mean": 15.1224870682,
        "median": 12.6462755203,
        "min": 0.365505099297,
        "var": 286.308349609
    },
    "pitch_salience": {
        "dmean": 0.0611959993839,
        "dmean2": 0.0995458737016,
        "dvar": 0.00334593770094,
        "dvar2": 0.00794981233776,
        "max": 0.988247036934,
        "mean": 0.50236082077,
        "median": 0.521404385567,
        "min": 0.0602063722908,
        "var": 0.0143823139369
    },
    "silence_rate_20dB": {
        "dmean": 0,
        "dmean2": 0,
        "dvar": 0,
        "dvar2": 0,
        "max": 1,
        "mean": 1,
        "median": 1,
        "min": 1,
        "var": 0
    },
    "silence_rate_30dB": {
        "dmean": 0.00577200576663,
        "dmean2": 0.0115606933832,
        "dvar": 0.00573869748041,
        "dvar2": 0.0114270271733,
        "max": 1,
        "mean": 0.971181571484,
        "median": 1,
        "min": 0,
        "var": 0.0279878396541
    },
    "silence_rate_60dB": {
        "dmean": 0.0634920671582,
        "dmean2": 0.127167627215,
        "dvar": 0.0594614632428,
        "dvar2": 0.125448346138,
        "max": 1,
        "mean": 0.295389056206,
        "median": 0,
        "min": 0,
        "var": 0.208135247231
    },
    "spectral_centroid": {
        "dmean": 120.639541626,
        "dmean2": 173.470779419,
        "dvar": 92071.5625,
        "dvar2": 170467.09375,
        "max": 11292.4707031,
        "mean": 864.168212891,
        "median": 765.928466797,
        "min": 272.90927124,
        "var": 818778.3125
    },
    "spectral_complexity": {
        "dmean": 1.50649344921,
        "dmean2": 2.44797682762,
        "dvar": 1.81128752232,
        "dvar2": 4.60857343674,
        "max": 22,
        "mean": 9.09366035461,
        "median": 9,
        "min": 0,
        "var": 19.6468505859
    },
    "spectral_crest": {
        "dmean": 2.18586277962,
        "dmean2": 3.43836355209,
        "dvar": 4.74481201172,
        "dvar2": 11.5421667099,
        "max": 25.3019371033,
        "mean": 11.1858072281,
        "median": 10.2788562775,
        "min": 3.98660182953,
        "var": 19.4965572357
    },
    "spectral_decrease": {
        "dmean": 6.02967176189e-10,
        "dmean2": 7.25006610303e-10,
        "dvar": 1.14358433129e-18,
        "dvar2": 1.41336194684e-18,
        "max": 1.60410607379e-18,
        "mean": -3.61198781995e-09,
        "median": -1.48790968435e-09,
        "min": -3.71508441788e-08,
        "var": 3.89838178947e-17
    },
    "spectral_energy": {
        "dmean": 0.00234798830934,
        "dmean2": 0.00283036776818,
        "dvar": 1.71494593815e-05,
        "dvar2": 2.12918239413e-05,
        "max": 0.143339753151,
        "mean": 0.0141357416287,
        "median": 0.00590605987236,
        "min": 1.03254831368e-20,
        "var": 0.000583535816986
    },
    "spectral_energyband_high": {
        "dmean": 1.06864126792e-05,
        "dmean2": 1.78096051968e-05,
        "dvar": 1.59194413207e-09,
        "dvar2": 4.17947498832e-09,
        "max": 0.000745818251744,
        "mean": 2.79282066913e-05,
        "median": 1.63427666848e-05,
        "min": 7.30611718902e-21,
        "var": 2.24276042182e-09
    },
    "spectral_energyband_low": {
        "dmean": 0.000238474953221,
        "dmean2": 0.000393905618694,
        "dvar": 8.40027070126e-08,
        "dvar2": 2.3290888862e-07,
        "max": 0.0046158018522,
        "mean": 0.000422149460064,
        "median": 0.000229418641538,
        "min": 4.160017594e-23,
        "var": 3.38487211593e-07
    },
    "spectral_energyband_middle_high": {
        "dmean": 0.000456091423985,
        "dmean2": 0.000615466968156,
        "dvar": 5.08201651428e-07,
        "dvar2": 6.96597112437e-07,
        "max": 0.017116677016,
        "mean": 0.00143773911987,
        "median": 0.000891535193659,
        "min": 1.32034797577e-21,
        "var": 3.09159304379e-06
    },
    "spectral_energyband_middle_low": {
        "dmean": 0.00205378583632,
        "dmean2": 0.002378589008,
        "dvar": 1.65800611285e-05,
        "dvar2": 2.05388150789e-05,
        "max": 0.139926359057,
        "mean": 0.0123075079173,
        "median": 0.00444363476709,
        "min": 1.59217008191e-22,
        "var": 0.000549438816961
    },
    "spectral_flatness_db": {
        "dmean": 0.0160370506346,
        "dmean2": 0.0235487222672,
        "dvar": 0.000347279710695,
        "dvar2": 0.000794894585852,
        "max": 0.407160580158,
        "mean": 0.184377074242,
        "median": 0.175710037351,
        "min": 0.062763556838,
        "var": 0.00232240394689
    },
    "spectral_flux": {
        "dmean": 0.0073085250333,
        "dmean2": 0.012160022743,
        "dvar": 5.00783935422e-05,
        "dvar2": 0.000135447931825,
        "max": 0.108107887208,
        "mean": 0.0324782505631,
        "median": 0.0294441897422,
        "min": 6.5856514686e-11,
        "var": 0.000273954065051
    },
    "spectral_kurtosis": {
        "dmean": 4.15775442123,
        "dmean2": 7.30817890167,
        "dvar": 14.0558977127,
        "dvar2": 42.4354629517,
        "max": 40.4108390808,
        "mean": 11.5088911057,
        "median": 10.54920578,
        "min": -1.24025523663,
        "var": 28.785030365
    },
    "spectral_rms": {
        "dmean": 0.000297352147754,
        "dmean2": 0.000370817899238,
        "dvar": 8.76961649965e-08,
        "dvar2": 1.11659097968e-07,
        "max": 0.0118255512789,
        "mean": 0.00297050410882,
        "median": 0.00240041851066,
        "min": 3.17390016179e-12,
        "var": 4.96707389175e-06
    },
    "spectral_rolloff": {
        "dmean": 240.251708984,
        "dmean2": 396.496612549,
        "dvar": 705869.875,
        "dvar2": 1199115.875,
        "max": 19401.4160156,
        "mean": 1149.296875,
        "median": 807.495117188,
        "min": 21.533203125,
        "var": 6165205
    },
    "spectral_skewness": {
        "dmean": 0.365307033062,
        "dmean2": 0.629146099091,
        "dvar": 0.0967664495111,
        "dvar2": 0.287245959044,
        "max": 4.7175784111,
        "mean": 2.20194363594,
        "median": 2.15160870552,
        "min": -0.0421435944736,
        "var": 0.285053223372
    },
    "spectral_spread": {
        "dmean": 247348.828125,
        "dmean2": 407645.46875,
        "dvar": 1.3325491241e+12,
        "dvar2": 2.45731871949e+12,
        "max": 41346928,
        "mean": 2918446.5,
        "median": 2479098.5,
        "min": 1695800.25,
        "var": 9.5593210839e+12
    },
    "spectral_strongpeak": {
        "dmean": 0.180204451084,
        "dmean2": 0.27942559123,
        "dvar": 0.0510850995779,
        "dvar2": 0.135054737329,
        "max": 2.78928565979,
        "mean": 0.685859203339,
        "median": 0.588733911514,
        "min": 0,
        "var": 0.334989726543
    },
    "zerocrossingrate": {
        "dmean": 0.00683805113658,
        "dmean2": 0.00906777754426,
        "dvar": 0.000564012792893,
        "dvar2": 0.000946028565522,
        "max": 0.51025390625,
        "mean": 0.0468651503325,
        "median": 0.0400390625,
        "min": 0.00830078125,
        "var": 0.00354725075886
    },
    "barkbands": {
        "dmean": [0.00035150378244, 5.2438590501e-05, 4.37867129222e-06, 0.000524695962667, 0.000959494907875, 0.00069329777034, 0.000522050948348, 0.000280008011032, 0.000183060852578, 0.00031030838727, 8.69113209774e-05, 6.62575184833e-05, 5.36404077138e-05, 5.44147151231e-05, 0.000100158533314, 3.69268127542e-05, 5.48519928998e-05, 2.45455375989e-05, 2.16556454689e-05, 1.24004927784e-05, 2.14077795135e-06, 5.64939170999e-07, 2.8169745292e-07, 7.1805970947e-08, 3.85616232279e-08, 1.9929359496e-08, 1.14704471343e-06],
        "dmean2": [0.000616587465629, 9.25313870539e-05, 7.36733500162e-06, 0.000627551402431, 0.000945049454458, 0.00104745617136, 0.000688169908244, 0.000404548743973, 0.000260534172412, 0.000398598000174, 0.000131542998133, 0.000103261030745, 8.56059850776e-05, 8.22474903543e-05, 0.00015944824554, 6.15477765677e-05, 9.2761743872e-05, 3.96521572839e-05, 3.4471595427e-05, 2.06172571779e-05, 3.54781536771e-06, 9.44071757658e-07, 4.75987008031e-07, 1.14354847369e-07, 6.30726120221e-08, 3.36111298793e-08, 1.92313927982e-06],
        "dvar": [3.28502380853e-07, 3.50479556488e-09, 2.32529655253e-11, 3.10439577333e-06, 3.58710121873e-06, 2.03560011869e-06, 6.73524255035e-07, 5.30710110525e-07, 6.35933474769e-08, 3.67544885194e-07, 3.34212622022e-08, 1.64955977766e-08, 6.6581300473e-09, 6.96317092874e-09, 2.85170163039e-08, 4.28781810058e-09, 1.61136650689e-08, 2.10012962576e-09, 2.99912472634e-09, 1.70006342337e-09, 1.70957709794e-11, 9.50281086459e-13, 3.17125503375e-13, 1.25305573413e-14, 2.12144970881e-15, 4.14048127585e-16, 1.02102224245e-12],
        "dvar2": [9.95993559627e-07, 9.74193437031e-09, 6.07198735736e-11, 4.62293564851e-06, 2.36643199969e-06, 4.97650489706e-06, 8.45019940243e-07, 1.11895224109e-06, 1.16455574073e-07, 4.23655365012e-07, 7.29017060053e-08, 3.30933325188e-08, 1.58837210051e-08, 1.45810403751e-08, 6.94753268249e-08, 1.07433244523e-08, 4.04611419924e-08, 5.53509593715e-09, 7.44027772726e-09, 4.44563141855e-09, 4.63690544295e-11, 2.61055847078e-12, 9.49171839217e-13, 3.40728083226e-14, 5.08130067563e-15, 1.18431098482e-15, 2.78184636784e-12],
        "max": [0.00621356582269, 0.000824530085083, 3.63227045455e-05, 0.0571991205215, 0.0773626789451, 0.0180443692952, 0.0183620601892, 0.0171409305185, 0.00359460595064, 0.0154532110319, 0.00324893346988, 0.00211578374729, 0.00115678727161, 0.00124372611754, 0.00155680486932, 0.00115955178626, 0.00175568985287, 0.00055444490863, 0.000725777004845, 0.000731401145458, 5.3399202443e-05, 1.55197449203e-05, 7.87969020166e-06, 1.97341773855e-06, 6.98943722455e-07, 2.02968834628e-07, 1.59983501362e-05],
        "mean": [0.00035985908471, 6.74555631122e-05, 5.7796105466e-06, 0.00286034215242, 0.00575448945165, 0.00151363422628, 0.00108334247489, 0.000590168870986, 0.000355246273102, 0.000665033003315, 0.000144824633026, 0.000112481953693, 9.05001725187e-05, 0.000101142242784, 0.000162828757311, 6.65250699967e-05, 8.60267537064e-05, 4.15643298766e-05, 3.96468531108e-05, 2.08345118153e-05, 4.65591983811e-06, 1.51125937009e-06, 7.43373163914e-07, 2.59750692067e-07, 1.63705990985e-07, 5.06950357249e-08, 6.66056394039e-06],
        "median": [0.000193154541194, 4.74003390991e-05, 3.81450763598e-06, 1.10030059659e-05, 0.00101984525099, 0.000641015358269, 0.000522672780789, 9.15773271117e-05, 0.000198609792278, 0.00025805644691, 3.42244238709e-05, 5.47513081983e-05, 5.28809068783e-05, 5.32681588084e-05, 7.49797472963e-05, 4.63752621727e-05, 3.20803483191e-05, 1.8430127966e-05, 1.51221565829e-05, 8.98157486517e-06, 2.82387009065e-06, 9.22211995658e-07, 3.83791189051e-07, 1.87218745396e-07, 1.37361936936e-07, 4.59821833942e-08, 6.67703534418e-06],
        "min": [1.82665337719e-24, 1.60412924479e-23, 9.79176517391e-24, 2.05708950836e-24, 1.90324731402e-23, 5.85598468432e-24, 1.31220235268e-23, 5.8303245379e-23, 3.21657087471e-23, 4.28314647508e-23, 7.64843940298e-23, 2.80219675624e-23, 4.56706855892e-23, 2.99690245823e-23, 1.02983860045e-22, 1.21160035717e-22, 9.41150250538e-23, 1.88668757745e-22, 2.15061683362e-22, 2.39032048693e-22, 2.5539332679e-22, 4.4681616835e-22, 6.72743558711e-22, 8.52668317126e-22, 9.18713923056e-22, 1.44987807813e-21, 2.25313134036e-21],
        "var": [3.17748600764e-07, 4.34489910717e-09, 3.67977384674e-11, 8.4006213001e-05, 0.000146778009366, 5.36767583981e-06, 3.88191119782e-06, 2.19288335757e-06, 2.2059269611e-07, 1.99208329832e-06, 9.84189867381e-08, 3.53496787397e-08, 1.6329652297e-08, 1.83545072474e-08, 5.75963596816e-08, 7.48044470811e-09, 2.69589559565e-08, 4.18292200877e-09, 6.34393781951e-09, 2.04341432664e-09, 3.7328501401e-11, 3.17127725989e-12, 1.11556412979e-12, 5.4635915475e-14, 1.1727049182e-14, 9.00636474409e-16, 9.4962865696e-12]
    },
    "erbbands": {
        "dmean": [0.00467027677223, 0.00292621785775, 0.0136521048844, 0.647345364094, 4.43408441544, 1.9716129303, 1.546007514, 6.90340423584, 9.70839118958, 3.88098526001, 7.37319993973, 4.19174718857, 6.00064897537, 11.6644639969, 2.10347938538, 3.09513807297, 2.72119045258, 2.73676013947, 4.34371948242, 3.97679948807, 3.02885150909, 1.72787284851, 1.18519711494, 0.931900262833, 1.3008491993, 0.771039783955, 0.162616610527, 0.0432228259742, 0.019190100953, 0.0126832202077, 0.00649311207235, 0.00231712334789, 0.00106285896618, 0.000594898592681, 0.000281367538264, 0.000135768292239, 0.000277473416645, 0.00180359813385, 4.50677434856e-05, 2.83754661723e-06],
        "dmean2": [0.00804251991212, 0.00511518493295, 0.0198041442782, 0.797454893589, 4.07080936432, 2.37490105629, 1.96100521088, 10.4570188522, 13.5692129135, 5.35578536987, 10.6635084152, 6.0303068161, 8.18400764465, 15.10014534, 3.23336482048, 4.71201896667, 4.3254442215, 4.08943223953, 6.85483217239, 6.41257953644, 5.1081738472, 2.92253780365, 1.92797374725, 1.5039806366, 2.11158227921, 1.28234577179, 0.269242107868, 0.0688930749893, 0.0318716838956, 0.021453410387, 0.0107526928186, 0.00375149189495, 0.00168666848913, 0.000977143645287, 0.000451767409686, 0.000226580668823, 0.000464904733235, 0.00302285607904, 7.55596120143e-05, 3.55283918907e-06],
        "dvar": [2.87967359327e-05, 8.09469202068e-06, 0.00115813815501, 4.56865119934, 146.046676636, 5.97957086563, 7.98963737488, 212.926025391, 200.29649353, 32.9046821594, 385.832580566, 35.351020813, 92.8201904297, 449.28793335, 8.58593559265, 42.3522987366, 18.0703315735, 15.7064085007, 69.3673248291, 54.3702812195, 29.3244018555, 12.6697940826, 4.43662309647, 2.39901185036, 13.2765703201, 6.51823425293, 0.167392522097, 0.00534497899935, 0.000896934478078, 0.000705142621882, 0.000117540512292, 1.53139681061e-05, 1.93995674636e-06, 6.59953400373e-07, 8.16251670699e-08, 1.71458420795e-08, 6.08198789109e-08, 2.52601239481e-06, 1.57575930082e-09, 2.03516248992e-11],
        "dvar2": [7.6178155723e-05, 2.33631089941e-05, 0.00216142949648, 7.22741699219, 109.039390564, 8.13684177399, 10.2060642242, 523.507019043, 331.107910156, 57.2224693298, 796.349975586, 67.6869888306, 140.695495605, 585.191711426, 19.6209182739, 84.8963623047, 43.4290275574, 33.6908836365, 162.490325928, 136.833480835, 71.0277633667, 31.5772705078, 11.4671764374, 5.90508985519, 32.9279556274, 17.0487823486, 0.451283484697, 0.0134704541415, 0.00242056767456, 0.00218649674207, 0.000331148417899, 4.30922373198e-05, 4.67463087261e-06, 1.8338477048e-06, 2.12705216995e-07, 4.60703439842e-08, 1.63694295452e-07, 6.88132195137e-06, 4.29586410888e-09, 2.53205824363e-11],
        "max": [0.0788966566324, 0.028188733384, 1.01278686523, 67.6453399658, 473.605682373, 83.925491333, 45.8648338318, 177.809020996, 291.397674561, 103.530387878, 470.157440186, 82.2506332397, 193.649093628, 478.538330078, 36.7858047485, 106.074661255, 59.899017334, 66.5054168701, 78.4278793335, 100.745109558, 76.146156311, 49.4075164795, 26.7241249084, 21.3319702148, 48.6894035339, 45.0760688782, 7.74523735046, 1.03446924686, 0.439805299044, 0.346387088299, 0.169527947903, 0.0640637427568, 0.0247032344341, 0.0127007216215, 0.00552506092936, 0.00164588307962, 0.00390581716783, 0.0251625925303, 0.00063417875208, 0.000162426062161],
        "mean": [0.00607550237328, 0.00541868247092, 0.0577350072563, 3.45147371292, 26.6585006714, 11.5633163452, 4.52924871445, 14.4420957565, 19.5870227814, 8.25991630554, 16.2269630432, 9.10691738129, 12.4040966034, 23.4713973999, 4.26186800003, 5.52335977554, 4.83936691284, 5.3566160202, 7.1408662796, 6.63201236725, 5.48267316818, 3.1220304966, 2.18572974205, 1.80205225945, 2.2068195343, 1.28428351879, 0.380474686623, 0.117636889219, 0.0556598454714, 0.0327688865364, 0.0176993124187, 0.00727609870955, 0.00382758490741, 0.00213436526246, 0.0010619990062, 0.000479552574689, 0.00165218429174, 0.0104809729382, 0.000269935349934, 2.04389980354e-05],
        "median": [0.00434073200449, 0.00387181481346, 0.00810940098017, 0.0734973475337, 1.78399801254, 3.80461788177, 2.21623897552, 5.97491598129, 9.73581027985, 4.47625541687, 3.19795608521, 5.06732273102, 6.53447675705, 8.22327232361, 2.66186475754, 2.72498130798, 2.95666050911, 3.21586370468, 2.91504001617, 3.81071662903, 3.1922750473, 1.6120660305, 1.09920620918, 1.00929057598, 0.697010338306, 0.52240306139, 0.181181520224, 0.0674085319042, 0.0349695459008, 0.0176564417779, 0.0105703342706, 0.00487489718944, 0.00278682820499, 0.00169668078888, 0.000921576691326, 0.000455367728136, 0.00166182010435, 0.0105090569705, 0.000269125390332, 1.21264092741e-05],
        "min": [3.28988975294e-22, 3.13035961115e-21, 1.15511426614e-20, 1.17312806268e-20, 3.59573182767e-20, 1.08056968637e-19, 5.52563628522e-20, 3.20770366414e-20, 1.71570093268e-19, 6.74398337162e-19, 8.51246243403e-19, 6.73479081007e-19, 1.29486439499e-18, 2.21077398351e-18, 2.72981306748e-18, 1.47977576124e-18, 2.40839342891e-18, 2.55921823308e-18, 3.79458890328e-18, 5.58648172652e-18, 6.4943550486e-18, 6.87447266421e-18, 9.86667321226e-18, 8.5066187132e-18, 1.20698778728e-17, 1.00263753188e-17, 1.08616813265e-17, 1.28030130128e-17, 1.52376942415e-17, 1.50231004296e-17, 1.99737184931e-17, 1.53236300354e-17, 1.51695428309e-17, 8.93162328475e-18, 7.6349994766e-18, 5.05936998016e-18, 2.6956070812e-18, 9.7887168162e-19, 3.0144441585e-19, 3.52106100592e-20],
        "var": [3.96647556045e-05, 2.6542105843e-05, 0.0252900142223, 117.066215515, 5531.54589844, 300.62689209, 37.3872451782, 534.513671875, 997.372192383, 138.140991211, 1621.62585449, 132.583633423, 313.210357666, 2295.26489258, 22.7070865631, 89.3325042725, 43.6564369202, 41.226890564, 136.5831604, 93.4160690308, 55.4280319214, 22.7826824188, 9.68683815002, 5.62733364105, 26.1625709534, 8.24995517731, 0.36952355504, 0.0220880489796, 0.00382126984186, 0.00214794627391, 0.000452591280919, 5.40639521205e-05, 1.17870240501e-05, 2.72230204246e-06, 4.45062568133e-07, 5.93511551017e-08, 5.55269480174e-07, 2.34960880334e-05, 1.46860799077e-08, 7.03430591553e-10]
    },
    "gfcc": {
        "mean": [-127.646446228, 117.408401489, -126.157196045, -20.7296199799, -35.7069778442, -35.8010940552, -27.4282245636, -9.78667831421, -19.7084026337, -1.3521579504, -15.2489948273, 6.11912107468, -7.29015493393],
        "cov": [[20046.7519531, 4009.2800293, -2175.63745117, -262.402252197, -479.628143311, -1245.39501953, -453.769927979, -694.347473145, -527.789978027, -573.240966797, -414.287963867, -302.297149658, -188.962295532], [4009.2800293, 1094.44665527, -322.193115234, -73.7703475952, -67.8036956787, -290.005340576, -125.048027039, -215.034561157, -170.837677002, -211.445755005, -143.662918091, -124.762573242, -54.3219146729], [-2175.63745117, -322.193115234, 519.646850586, 75.2791976929, 118.775184631, 164.113693237, 74.4161071777, 74.4404602051, 45.4820404053, 22.2106971741, -11.027466774, -15.9383172989, -20.5449924469], [-262.402252197, -73.7703475952, 75.2791976929, 196.233200073, 40.0800437927, 40.9957427979, 4.07604789734, -18.6244792938, -20.2587585449, -50.060962677, -33.4591712952, -73.8299484253, -23.763666153], [-479.628143311, -67.8036956787, 118.775184631, 40.0800437927, 93.8424224854, 65.8511352539, 28.0963916779, 23.9593029022, 17.3909931183, 17.6243133545, 5.78382539749, 15.3326826096, 6.04608249664], [-1245.39501953, -290.005340576, 164.113693237, 40.9957427979, 65.8511352539, 153.064315796, 67.4514312744, 71.0276947021, 42.9901733398, 48.4048538208, 27.9989032745, 24.208032608, 10.8765792847], [-453.769927979, -125.048027039, 74.4161071777, 4.07604789734, 28.0963916779, 67.4514312744, 83.5236740112, 68.9632644653, 41.5638122559, 41.0982818604, 24.4214553833, 23.671257019, 5.0887055397], [-694.347473145, -215.034561157, 74.4404602051, -18.6244792938, 23.9593029022, 71.0276947021, 68.9632644653, 119.682731628, 88.0149841309, 87.6891860962, 51.2680435181, 59.6886367798, 18.2700519562], [-527.789978027, -170.837677002, 45.4820404053, -20.2587585449, 17.3909931183, 42.9901733398, 41.5638122559, 88.0149841309, 108.707794189, 104.549606323, 54.4375724792, 54.9721870422, 14.8668088913], [-573.240966797, -211.445755005, 22.2106971741, -50.060962677, 17.6243133545, 48.4048538208, 41.0982818604, 87.6891860962, 104.549606323, 163.483398438, 103.399383545, 95.4613113403, 27.9408473969], [-414.287963867, -143.662918091, -11.027466774, -33.4591712952, 5.78382539749, 27.9989032745, 24.4214553833, 51.2680435181, 54.4375724792, 103.399383545, 104.079345703, 93.4897842407, 34.9905090332], [-302.297149658, -124.762573242, -15.9383172989, -73.8299484253, 15.3326826096, 24.208032608, 23.671257019, 59.6886367798, 54.9721870422, 95.4613113403, 93.4897842407, 152.751083374, 71.263999939], [-188.962295532, -54.3219146729, -20.5449924469, -23.763666153, 6.04608249664, 10.8765792847, 5.0887055397, 18.2700519562, 14.8668088913, 27.9408473969, 34.9905090332, 71.263999939, 66.36277771]],
        "icov": [[0.000542088528164, -0.00185675558168, 0.00128995848354, -0.00128176063299, 0.000830142351333, 0.000147170285345, -0.000464832963189, -0.000752800551709, 0.000964989943895, -0.00187339750119, 0.00237208534963, -0.0020662562456, 0.00164792861324], [-0.00185675558168, 0.0096024023369, -0.00353809143417, 0.00607984047383, -0.00659208232537, 0.00498178368434, -0.000934703624807, 0.0051095103845, -0.00340540986508, 0.00824481807649, -0.00754298781976, 0.00776413548738, -0.00496482709423], [0.00128995848354, -0.00353809143417, 0.00686495052651, -0.00248637399636, -0.00170502171386, -0.000873809971381, -0.00160205084831, -0.00179330899846, 0.0015341064427, -0.00331020378508, 0.00656110187992, -0.00461774831638, 0.00547637045383], [-0.00128176063299, 0.00607984047383, -0.00248637399636, 0.0126999206841, -0.0078506115824, 0.000479568610899, 0.00050748483045, 0.00378822325729, -0.00537109654397, 0.0104916971177, -0.0116576310247, 0.0128860883415, -0.00624550925568], [0.000830142351333, -0.00659208232537, -0.00170502171386, -0.0078506115824, 0.0255351886153, -0.0109283896163, 0.00029341885238, 8.44097012305e-05, 0.00152848556172, -0.00831829477102, 0.00939076207578, -0.0113087631762, 0.00340008502826], [0.000147170285345, 0.00498178368434, -0.000873809971381, 0.000479568610899, -0.0109283896163, 0.0263403952122, -0.0102783376351, -0.00126890360843, 0.00444603478536, -0.000568254326936, 0.000285501009785, 0.00297115347348, -0.00188368372619], [-0.000464832963189, -0.000934703624807, -0.00160205084831, 0.00050748483045, 0.00029341885238, -0.0102783376351, 0.0305109936744, -0.0177406389266, 0.00284389173612, 0.00186166190542, -0.00491118244827, 0.00327172665857, -0.000545376795344], [-0.000752800551709, 0.0051095103845, -0.00179330899846, 0.00378822325729, 8.44097012305e-05, -0.00126890360843, -0.0177406389266, 0.0408515073359, -0.0234840828925, 0.00606008293107, -0.00145928177517, -0.00313764484599, 2.5076469683e-06], [0.000964989943895, -0.00340540986508, 0.0015341064427, -0.00537109654397, 0.00152848556172, 0.00444603478536, 0.00284389173612, -0.0234840828925, 0.0442135185003, -0.0283391587436, 0.0148156378418, -0.00363764027134, 0.00201252219267], [-0.00187339750119, 0.00824481807649, -0.00331020378508, 0.0104916971177, -0.00831829477102, -0.000568254326936, 0.00186166190542, 0.00606008293107, -0.0283391587436, 0.0460824333131, -0.0347972251475, 0.00954166520387, -0.00176613777876], [0.00237208534963, -0.00754298781976, 0.00656110187992, -0.0116576310247, 0.00939076207578, 0.000285501009785, -0.00491118244827, -0.00145928177517, 0.0148156378418, -0.0347972251475, 0.056333873421, -0.0296170394868, 0.0117461243644], [-0.0020662562456, 0.00776413548738, -0.00461774831638, 0.0128860883415, -0.0113087631762, 0.00297115347348, 0.00327172665857, -0.00313764484599, -0.00363764027134, 0.00954166520387, -0.0296170394868, 0.042814783752, -0.0287504307926], [0.00164792861324, -0.00496482709423, 0.00547637045383, -0.00624550925568, 0.00340008502826, -0.00188368372619, -0.000545376795344, 2.5076469683e-06, 0.00201252219267, -0.00176613777876, 0.0117461243644, -0.0287504307926, 0.040169339627]]
    },
    "melbands": {
        "dmean": [4.41203774244e-05, 2.40802614826e-06, 0.000254798593232, 0.000250457291258, 5.13585728186e-05, 0.000151959975483, 0.000145483601955, 4.01692595915e-05, 5.61428059882e-05, 2.54439619312e-05, 3.05645226035e-05, 4.95045969728e-05, 9.40125573834e-06, 7.65565800975e-06, 6.81717847328e-06, 4.08514370065e-06, 5.7460424614e-06, 6.37304628981e-06, 5.63879484616e-06, 3.84296981792e-06, 4.35672018284e-06, 2.43646377385e-06, 1.28829276491e-06, 1.37759127483e-06, 7.3556549296e-07, 1.10218695681e-06, 4.09721252481e-07, 6.35689104911e-07, 1.15702121661e-07, 7.93581520497e-08, 2.15080238064e-08, 1.27635075842e-08, 9.48314227145e-09, 8.71014549375e-09, 4.55448656567e-09, 2.7178788109e-09, 1.22818399895e-09, 9.15205189411e-10, 6.86972867481e-10, 5.2222126623e-10],
        "dmean2": [7.31156324036e-05, 4.0053050725e-06, 0.000260845758021, 0.000252645229921, 6.49081848678e-05, 0.000231523008551, 0.000202675088076, 5.76475649723e-05, 8.05560193839e-05, 3.66124841094e-05, 4.14479800384e-05, 6.38791243546e-05, 1.4431980162e-05, 1.20373160826e-05, 1.05191811599e-05, 6.58569160805e-06, 8.61996250023e-06, 1.00093438959e-05, 8.92317530088e-06, 6.28291127214e-06, 7.35209323466e-06, 4.12778535974e-06, 2.17277329284e-06, 2.27377131523e-06, 1.20120716929e-06, 1.79599044259e-06, 6.56459690163e-07, 1.07207699784e-06, 1.9193358014e-07, 1.35483801955e-07, 3.56694727088e-08, 2.12592343729e-08, 1.54631685234e-08, 1.49304142383e-08, 7.55475859648e-09, 4.42742642548e-09, 2.02047023556e-09, 1.50123735665e-09, 1.12420561749e-09, 8.73712324712e-10],
        "dvar": [2.71432654131e-09, 6.39000527838e-12, 6.50271715585e-07, 2.49019734611e-07, 6.40577191291e-09, 9.80390950645e-08, 4.50350867709e-08, 3.42393624564e-09, 2.14087858552e-08, 1.15596576755e-09, 2.43191577987e-09, 8.52034265364e-09, 2.41911629617e-10, 1.97563937432e-10, 1.07050923681e-10, 3.50826208362e-11, 7.63335783471e-11, 1.49226589419e-10, 8.68955185584e-11, 4.12629756752e-11, 6.88033172103e-11, 3.46661241379e-11, 4.06529887878e-12, 9.16625282621e-12, 1.62560676725e-12, 9.25805612728e-12, 8.56865088866e-13, 5.68710573426e-12, 9.09005536858e-14, 3.21169042153e-14, 1.37835246875e-15, 3.7700753562e-16, 2.55296709684e-16, 4.31249672677e-16, 6.39162922541e-17, 2.21676562492e-17, 3.60456649142e-18, 1.63731055114e-18, 7.47131397845e-19, 5.33984014591e-19],
        "dvar2": [7.21925408342e-09, 1.58179962184e-11, 7.12960002147e-07, 1.85209444226e-07, 8.32142799112e-09, 2.43897375185e-07, 7.30091826995e-08, 7.14622139242e-09, 4.13739442706e-08, 2.14122408693e-09, 3.62540264476e-09, 1.08601696525e-08, 5.75642922218e-10, 4.00081967555e-10, 2.39232134103e-10, 8.25417997841e-11, 1.58362947755e-10, 3.41625422395e-10, 2.09328235301e-10, 1.07622737111e-10, 1.68641892118e-10, 8.65992971777e-11, 1.10043857707e-11, 2.44278711842e-11, 4.00304442372e-12, 2.27993596225e-11, 2.04109819324e-12, 1.48129928462e-11, 2.50223615699e-13, 8.84731808756e-14, 3.79406936437e-15, 1.04160859134e-15, 6.7259334097e-16, 1.35175965761e-15, 1.80284318908e-16, 6.20948603976e-17, 1.06804162758e-17, 3.98309757462e-18, 2.00885526688e-18, 1.5016605821e-18],
        "max": [0.000717715884093, 1.94917338376e-05, 0.0289641469717, 0.0199076272547, 0.00133756559808, 0.00382517534308, 0.00428935000673, 0.000870897783898, 0.00367711158469, 0.000460934941657, 0.00101521238685, 0.00210927589796, 0.000209594509215, 0.000237919244682, 0.000118856303743, 7.6976386481e-05, 0.000146095408127, 0.000123528894619, 0.000101564990473, 7.83432114986e-05, 9.86249579e-05, 8.20050481707e-05, 2.45825849561e-05, 4.2279560148e-05, 1.76853191078e-05, 4.21087861469e-05, 1.26213490148e-05, 4.18388590333e-05, 5.45066222912e-06, 2.39520591094e-06, 5.333719173e-07, 2.8898199389e-07, 2.83096426301e-07, 2.59116575307e-07, 1.13458973772e-07, 6.97759787727e-08, 2.67827822142e-08, 2.13535589211e-08, 1.20454819452e-08, 1.11912905609e-08],
        "mean": [5.80684463785e-05, 3.8068988033e-06, 0.00147596374154, 0.00151620840188, 0.000165136691066, 0.000318677834002, 0.000292565760901, 8.11478821561e-05, 0.000128638959723, 5.13203412993e-05, 6.13417651039e-05, 9.89133041003e-05, 1.60947183758e-05, 1.28352567117e-05, 1.25467995531e-05, 7.53456288294e-06, 1.05470198832e-05, 1.05050730781e-05, 9.71051122178e-06, 6.44941337669e-06, 7.1545832725e-06, 3.88621401726e-06, 2.05997685043e-06, 2.16337070924e-06, 1.23560596421e-06, 1.79735843631e-06, 7.63577759244e-07, 9.46244597344e-07, 2.3463786647e-07, 1.4197233611e-07, 4.64199381156e-08, 3.23183577677e-08, 2.29405170415e-08, 1.69223053348e-08, 1.0603137035e-08, 6.64599886235e-09, 3.42219297345e-09, 2.74789457855e-09, 2.16342810333e-09, 1.64630564736e-09],
        "median": [4.04052480008e-05, 2.8467957236e-06, 3.09201495838e-05, 0.000229455647059, 9.67009327724e-05, 0.000130008324049, 0.000148225793964, 4.33376262663e-05, 2.89280906145e-05, 3.00883075397e-05, 3.14338394674e-05, 3.27721136273e-05, 7.06617720425e-06, 6.38446454104e-06, 6.93710899213e-06, 4.9154205044e-06, 5.48865045857e-06, 4.24674590249e-06, 4.8328347475e-06, 4.19912248617e-06, 3.54201097252e-06, 1.46124784806e-06, 1.28435362967e-06, 7.99847668986e-07, 7.38662095046e-07, 5.49184846932e-07, 3.67596214801e-07, 3.11671726649e-07, 1.10143105303e-07, 6.60674857045e-08, 2.92904651644e-08, 2.11809947359e-08, 1.34945175034e-08, 7.91901655361e-09, 6.3442016085e-09, 4.20495815945e-09, 2.41510011989e-09, 1.90218418794e-09, 1.74582681645e-09, 1.30980903901e-09],
        "min": [4.15472528396e-24, 5.93740341277e-24, 2.94980474062e-24, 5.22301294916e-24, 2.29646875841e-24, 8.27503355271e-25, 2.511745744e-24, 8.60796263421e-24, 4.91729779395e-24, 4.43011347053e-24, 6.31112666105e-24, 9.06950227289e-24, 9.51854872141e-24, 3.72477203036e-24, 5.17492753825e-24, 6.51159357201e-24, 3.73050862686e-24, 4.70024153259e-24, 7.77152237235e-24, 7.43572795083e-24, 7.70026456678e-24, 5.97411384386e-24, 9.32767830337e-24, 6.34547327044e-24, 6.1452449899e-24, 9.11784130258e-24, 9.46870533398e-24, 5.39010118306e-24, 6.93630247831e-24, 6.68050644119e-24, 7.22290511151e-24, 6.99969928496e-24, 8.2383473791e-24, 8.00662658794e-24, 1.04238265636e-23, 1.08660067668e-23, 8.4170653949e-24, 1.09816616641e-23, 9.4714592474e-24, 6.81047285304e-24],
