{
"metadata": {
    "version": {
        "essentia": "2.0.1",
        "extractor": "archive-music 1.0"
    },
    "audio_properties": {
        "analysis_sample_rate": 44100,
        "bitrate": 128,
        "channels": 2,
        "equal_loudness": 0,
        "length": 15.2816324234,
        "replay_gain": -0.6081199646,
        "downmix": "mix"
    },
    "tags": {
        "track": 0,
        "year": 0,
        "album": "",
        "artist": "",
        "comment": "",
        "genre": "",
        "title": ""
    }
},
"highlevel": {
    "culture": {
        "all": {
            "non_western": 2.82112887362e-06,
            "western": 0.999997198582
        },
        "probability": 0.999997198582,
        "value": "western"
    },
    "danceability": {
        "all": {
            "danceable": 0.013560266234,
            "not_danceable": 0.986439704895
        },
        "probability": 0.986439704895,
        "value": "not_danceable"
    },
    "gender": {
        "all": {
            "female": 0.0241199824959,
            "male": 0.975880026817
        },
        "probability": 0.975880026817,
        "value": "male"
    },
    "genre_dortmund": {
        "all": {
            "alternative": 0.0688301995397,
            "blues": 0.00501050287858,
            "electronic": 0.00880152080208,
            "folkcountry": 0.653086662292,
            "funksoulrnb": 0.00317732570693,
            "jazz": 0.204821139574,
            "pop": 0.0510300658643,
            "raphiphop": 0.000609682698268,
            "rock": 0.00463292188942
        },
        "probability": 0.653086662292,
        "value": "folkcountry"
    },
    "genre_electronic": {
        "all": {
            "ambient": 0.981621563435,
            "dnb": 0.00146360171493,
            "house": 0.0130198998377,
            "techno": 0.00268315523863,
            "trance": 0.00121175614186
        },
        "probability": 0.981621563435,
        "value": "ambient"
    },
    "genre_rosamerica": {
        "all": {
            "cla": 0.964449763298,
            "dan": 0.000400173215894,
            "hip": 0.000375040341169,
            "jaz": 0.015860600397,
            "pop": 0.00109045498539,
            "rhy": 0.00257513858378,
            "roc": 0.000464107113658,
            "spe": 0.0147847365588
        },
        "probability": 0.964449763298,
        "value": "cla"
    },
    "genre_tzanetakis": {
        "all": {
            "blu": 0.0264396686107,
            "cla": 0.732645690441,
            "cou": 0.0176922343671,
            "dis": 0.013389153406,
            "hip": 0.00327060790733,
            "jaz": 0.124133735895,
            "met": 0.00515567045659,
            "pop": 0.00473783165216,
            "reg": 0.0373569913208,
            "roc": 0.0351784192026
        },
        "probability": 0.732645690441,
        "value": "cla"
    },
    "mirex_ballroom": {
        "all": {
            "ChaChaCha": 8.37395709823e-05,
            "Jive": 4.4939442887e-05,
            "Quickstep": 8.67014678079e-05,
            "Rumba-American": 0.000323858315824,
            "Rumba-International": 0.00554260378703,
            "Rumba-Misc": 0.0339563302696,
            "Samba": 5.83871114941e-05,
            "Tango": 0.000604132830631,
            "VienneseWaltz": 0.0454741604626,
            "Waltz": 0.913825154305
        },
        "probability": 0.913825154305,
        "value": "Waltz"
    },
    "mood_acoustic": {
        "all": {
            "acoustic": 0.978233873844,
            "not_acoustic": 0.0217661485076
        },
        "probability": 0.978233873844,
        "value": "acoustic"
    },
    "mood_aggressive": {
        "all": {
            "aggressive": 7.65922720802e-08,
            "not_aggressive": 0.999999940395
        },
        "probability": 0.999999940395,
        "value": "not_aggressive"
    },
    "mood_electronic": {
        "all": {
            "electronic": 0.115937270224,
            "not_electronic": 0.884062707424
        },
        "probability": 0.884062707424,
        "value": "not_electronic"
    },
    "mood_happy": {
        "all": {
            "happy": 0.324147731066,
            "not_happy": 0.675852298737
        },
        "probability": 0.675852298737,
        "value": "not_happy"
    },
    "mood_party": {
        "all": {
            "not_party": 0.966805696487,
            "party": 0.033194296062
        },
        "probability": 0.966805696487,
        "value": "not_party"
    },
    "mood_relaxed": {
        "all": {
            "not_relaxed": 6.06854746366e-06,
            "relaxed": 0.999993920326
        },
        "probability": 0.999993920326,
        "value": "relaxed"
    },
    "mood_sad": {
        "all": {
            "not_sad": 0.117357879877,
            "sad": 0.882642149925
        },
        "probability": 0.882642149925,
        "value": "sad"
    },
    "moods_mirex": {
        "all": {
            "Cluster1": 0.0272050313652,
            "Cluster2": 0.275643706322,
            "Cluster3": 0.612136900425,
            "Cluster4": 0.0779918730259,
            "Cluster5": 0.0070224609226
        },
        "probability": 0.612136900425,
        "value": "Cluster3"
    },
    "timbre": {
        "all": {
            "bright": 0.986474215984,
            "dark": 0.0135257989168
        },
        "probability": 0.986474215984,
        "value": "bright"
    },
    "tonal_atonal": {
        "all": {
            "atonal": 0.00472690118477,
            "tonal": 0.995273113251
        },
        "probability": 0.995273113251,
        "value": "tonal"
    },
    "voice_instrumental": {
        "all": {
            "instrumental": 0.987910151482,
            "voice": 0.0120898205787
        },
        "probability": 0.987910151482,
        "value": "instrumental"
    }
},
"lowlevel": {
    "average_loudness": 0.869117558002,
    "barkbands_kurtosis": {
        "dmean": 3.60069298744,
        "dmean2": 5.03042507172,
        "dvar": 76.6849899292,
        "dvar2": 179.975631714,
        "max": 184.767852783,
        "mean": 9.05900478363,
        "median": 6.46927881241,
        "min": -1.60852956772,
        "var": 129.650497437
    },
    "barkbands_skewness": {
        "dmean": 0.447281002998,
        "dmean2": 0.599719107151,
        "dvar": 0.296476811171,
        "dvar2": 0.510987281799,
        "max": 10.7757282257,
        "mean": 2.00926876068,
        "median": 1.83388280869,
        "min": -2.10192084312,
        "var": 1.74666023254
    },
    "barkbands_spread": {
        "dmean": 1.31698620319,
        "dmean2": 1.88135898113,
        "dvar": 20.5150432587,
        "dvar2": 49.7687759399,
        "max": 95.1615600586,
        "mean": 5.04115486145,
        "median": 3.8127143383,
        "min": 0.242659091949,
        "var": 41.8561935425
    },
    "dissonance": {
        "dmean": 0.0382499881089,
        "dmean2": 0.0628358125687,
        "dvar": 0.00140391662717,
        "dvar2": 0.00336137483828,
        "max": 0.499931901693,
        "mean": 0.376450836658,
        "median": 0.408160567284,
        "min": 0.0757293775678,
        "var": 0.00971073564142
    },
    "dynamic_complexity": 4.43346357346,
    "erbbands_kurtosis": {
        "dmean": 1.5850020647,
        "dmean2": 2.16826605797,
        "dvar": 4.62604999542,
        "dvar2": 9.01069641113,
        "max": 35.8003692627,
        "mean": 3.2769548893,
        "median": 1.95415377617,
        "min": -1.72564649582,
        "var": 22.1910820007
    },
    "erbbands_skewness": {
        "dmean": 0.328391700983,
        "dmean2": 0.447838932276,
        "dvar": 0.105034291744,
        "dvar2": 0.19829814136,
        "max": 4.51418161392,
        "mean": 1.10249948502,
        "median": 1.06254994869,
        "min": -1.03491485119,
        "var": 0.716035723686
    },
    "erbbands_spread": {
        "dmean": 2.68476319313,
        "dmean2": 3.69622015953,
        "dvar": 17.1253929138,
        "dvar2": 34.2830467224,
        "max": 74.7481079102,
        "mean": 14.6317873001,
        "median": 12.0454368591,
        "min": 0.740694105625,
        "var": 125.809844971
    },
    "hfc": {
        "dmean": 1.48299944401,
        "dmean2": 1.727648139,
        "dvar": 4.39660835266,
        "dvar2": 5.59535646439,
        "max": 47.4453125,
        "mean": 8.42169952393,
        "median": 6.0884513855,
        "min": 1.15935728831e-16,
        "var": 63.4221878052
    },
    "melbands_kurtosis": {
        "dmean": 4.31294345856,
        "dmean2": 6.30189800262,
        "dvar": 170.162734985,
        "dvar2": 428.017608643,
        "max": 257.357543945,
        "mean": 11.2561540604,
        "median": 6.14678573608,
        "min": -1.33508777618,
        "var": 293.53805542
    },
    "melbands_skewness": {
        "dmean": 0.468097925186,
        "dmean2": 0.647274196148,
        "dvar": 0.4656688869,
        "dvar2": 1.01541566849,
        "max": 13.7944345474,
        "mean": 2.03599572182,
        "median": 1.62658452988,
        "min": -1.03477573395,
        "var": 2.66842150688
    },
    "melbands_spread": {
        "dmean": 1.71607720852,
        "dmean2": 2.30846691132,
        "dvar": 38.0259170532,
        "dvar2": 51.4247245789,
        "max": 156.764678955,
        "mean": 7.58018636703,
        "median": 5.13928031921,
        "min": 0.561304688454,
        "var": 223.544128418
    },
    "pitch_salience": {
        "dmean": 0.0461147986352,
        "dmean2": 0.0652910470963,
        "dvar": 0.00200173514895,
        "dvar2": 0.00394689943641,
        "max": 0.996097564697,
        "mean": 0.471043288708,
        "median": 0.483273297548,
        "min": 0.149501204491,
        "var": 0.0116714574397
    },
    "silence_rate_20dB": {
        "dmean": 0,
        "dmean2": 0,
        "dvar": 0,
        "dvar2": 0,
        "max": 1,
        "mean": 1,
        "median": 1,
        "min": 1,
        "var": 0
    },
    "silence_rate_30dB": {
        "dmean": 0,
        "dmean2": 0,
        "dvar": 0,
        "dvar2": 0,
        "max": 1,
        "mean": 1,
        "median": 1,
        "min": 1,
        "var": 0
    },
    "silence_rate_60dB": {
        "dmean": 0.0182094089687,
        "dmean2": 0.0364741645753,
        "dvar": 0.0178778283298,
        "dvar2": 0.0381830744445,
        "max": 1,
        "mean": 0.145454540849,
        "median": 0,
        "min": 0,
        "var": 0.124296858907
    },
    "spectral_centroid": {
        "dmean": 69.1693649292,
        "dmean2": 101.26625061,
        "dvar": 99304.7734375,
        "dvar2": 182913.78125,
        "max": 11147.1337891,
        "mean": 545.930664062,
        "median": 462.449768066,
        "min": 220.388809204,
        "var": 455086.34375
    },
    "spectral_complexity": {
        "dmean": 1.00758719444,
        "dmean2": 1.63525831699,
        "dvar": 1.02422249317,
        "dvar2": 2.19827914238,
        "max": 16,
        "mean": 7.79696989059,
        "median": 8,
        "min": 0,
        "var": 10.8284759521
    },
    "spectral_crest": {
        "dmean": 1.86171507835,
        "dmean2": 2.53922581673,
        "dvar": 3.14794111252,
        "dvar2": 6.54256343842,
        "max": 24.3080692291,
        "mean": 13.8307561874,
        "median": 13.5259752274,
        "min": 4.34703302383,
        "var": 18.2490558624
    },
    "spectral_decrease": {
        "dmean": 9.00595154008e-10,
        "dmean2": 9.73322311637e-10,
        "dvar": 1.15796042014e-18,
        "dvar2": 1.49431997455e-18,
        "max": 2.49054230764e-27,
        "mean": -5.13627318455e-09,
        "median": -3.83897624801e-09,
        "min": -2.38301804956e-08,
        "var": 2.076418883e-17
    },
    "spectral_energy": {
        "dmean": 0.00352599774487,
        "dmean2": 0.00382200931199,
        "dvar": 1.79921589734e-05,
        "dvar2": 2.31373123825e-05,
        "max": 0.094097353518,
        "mean": 0.0201493222266,
        "median": 0.0150228431448,
        "min": 1.02207171579e-20,
        "var": 0.000320296792779
    },
    "spectral_energyband_high": {
        "dmean": 7.00331474945e-06,
        "dmean2": 9.70295786829e-06,
        "dvar": 2.02630384694e-10,
        "dvar2": 4.04419636668e-10,
        "max": 0.000277736457065,
        "mean": 2.34483468375e-05,
        "median": 3.84828126698e-06,
        "min": 7.62343708137e-21,
        "var": 1.2815367656e-09
    },
    "spectral_energyband_low": {
        "dmean": 1.55547077156e-05,
        "dmean2": 2.38977918343e-05,
        "dvar": 5.41396150133e-10,
        "dvar2": 1.29158317375e-09,
        "max": 0.000398322212277,
        "mean": 4.66834935651e-05,
        "median": 2.57961910393e-05,
        "min": 5.57113955433e-23,
        "var": 3.00155411637e-09
    },
    "spectral_energyband_middle_high": {
        "dmean": 0.000214720348595,
        "dmean2": 0.000307988462737,
        "dvar": 1.42420972793e-07,
        "dvar2": 2.84186995714e-07,
        "max": 0.00940718315542,
        "mean": 0.000776968314312,
        "median": 0.000669158645906,
        "min": 1.1964954505e-21,
        "var": 7.31009151878e-07
    },
    "spectral_energyband_middle_low": {
        "dmean": 0.0034922065679,
        "dmean2": 0.00375494221225,
        "dvar": 1.73849493876e-05,
        "dvar2": 2.23042316065e-05,
        "max": 0.0934598520398,
        "mean": 0.0193437114358,
        "median": 0.0142550421879,
        "min": 2.86473941585e-22,
        "var": 0.000313311524224
    },
    "spectral_flatness_db": {
        "dmean": 0.0183187387884,
        "dmean2": 0.0245966054499,
        "dvar": 0.000316441437462,
        "dvar2": 0.000572834571358,
        "max": 0.644750833511,
        "mean": 0.337209135294,
        "median": 0.3062107265,
        "min": 0.0624762438238,
        "var": 0.0130223436281
    },
    "spectral_flux": {
        "dmean": 0.0101099777967,
        "dmean2": 0.0165555719286,
        "dvar": 0.000139932337333,
        "dvar2": 0.000363421335351,
        "max": 0.133767083287,
        "mean": 0.0342697687447,
        "median": 0.0328091830015,
        "min": 6.55788409687e-11,
        "var": 0.000380138109904
    },
    "spectral_kurtosis": {
        "dmean": 17.7270450592,
        "dmean2": 29.5626487732,
        "dvar": 723.425720215,
        "dvar2": 2125.14672852,
        "max": 382.241333008,
        "mean": 60.7034072876,
        "median": 23.6639938354,
        "min": -1.19950675964,
        "var": 6437.46142578
    },
    "spectral_rms": {
        "dmean": 0.000380505865905,
        "dmean2": 0.000410467706388,
        "dvar": 1.26902833131e-07,
        "dvar2": 1.91932556959e-07,
        "max": 0.00958135165274,
        "mean": 0.00395489158109,
        "median": 0.00382837140933,
        "min": 3.1577572588e-12,
        "var": 4.01671013606e-06
    },
    "spectral_rolloff": {
        "dmean": 135.309387207,
        "dmean2": 224.527496338,
        "dvar": 782385.5625,
        "dvar2": 1331387.75,
        "max": 19229.1503906,
        "mean": 822.30859375,
        "median": 559.86328125,
        "min": 215.33203125,
        "var": 4227456
    },
    "spectral_skewness": {
        "dmean": 0.82596540451,
        "dmean2": 1.35326254368,
        "dvar": 0.704287290573,
        "dvar2": 1.85422098637,
        "max": 16.8590564728,
        "mean": 5.1310710907,
        "median": 3.47364091873,
        "min": -0.0355715714395,
        "var": 15.4483661652
    },
    "spectral_spread": {
        "dmean": 350898.34375,
        "dmean2": 568397.875,
        "dvar": 1.60879345664e+12,
        "dvar2": 2.98635205018e+12,
        "max": 41269916,
        "mean": 2088328.75,
        "median": 1789909.625,
        "min": 259839.578125,
        "var": 6.45520791962e+12
    },
    "spectral_strongpeak": {
        "dmean": 0.30323112011,
        "dmean2": 0.478133499622,
        "dvar": 0.164328247309,
        "dvar2": 0.348262071609,
        "max": 4.99763011932,
        "mean": 1.02432024479,
        "median": 0.750927329063,
        "min": 0,
        "var": 0.755809485912
    },
    "zerocrossingrate": {
        "dmean": 0.00370545452461,
        "dmean2": 0.00507649267092,
        "dvar": 0.000385536783142,
        "dvar2": 0.000568842922803,
        "max": 0.5146484375,
        "mean": 0.0289765335619,
        "median": 0.02294921875,
        "min": 0.00830078125,
        "var": 0.00264742784202
    },
    "barkbands": {
        "dmean": [5.04329022988e-07, 1.74316323864e-06, 3.31536239173e-06, 0.000138606395922, 0.00149754504673, 0.00164765748195, 0.000447112543043, 0.00117327726912, 0.000516015745234, 5.24591996509e-05, 6.92354878993e-05, 9.79414544418e-05, 2.82234923361e-05, 4.45807636424e-05, 1.61209882208e-05, 2.25737094297e-05, 8.22293350211e-06, 1.15292814371e-05, 7.39997176424e-06, 4.4794378482e-06, 4.1238195081e-06, 2.6456834803e-06, 9.7815245681e-07, 2.12588460613e-07, 1.11405988434e-07, 2.3996946652e-08, 5.26821208879e-09],
        "dmean2": [8.69736993536e-07, 3.07610889649e-06, 5.82609663979e-06, 0.000137722177897, 0.00171986338682, 0.00169487798121, 0.000544924754649, 0.00149155897088, 0.00062434078427, 7.37539958209e-05, 9.55789946602e-05, 0.000153100889293, 4.2628376832e-05, 6.70914378134e-05, 2.56061994151e-05, 3.53222203557e-05, 1.26772692965e-05, 1.67434973264e-05, 1.10321852844e-05, 7.02700936017e-06, 6.52444032312e-06, 3.82148982681e-06, 1.50525966092e-06, 3.35962823783e-07, 1.6526462332e-07, 3.51459199521e-08, 8.49876879983e-09],
        "dvar": [1.19046428531e-12, 7.50481968237e-12, 3.14241271893e-11, 4.37387086549e-08, 3.88719445255e-06, 5.14621615366e-06, 1.55601071583e-06, 9.21697574086e-06, 7.37010736884e-07, 6.78668783394e-08, 2.40241444516e-08, 2.62836348242e-08, 3.92633525692e-09, 6.81828593585e-09, 2.80858203361e-09, 1.48216805496e-09, 4.84716489169e-10, 3.66017355313e-10, 2.63541882761e-10, 8.87615814182e-11, 9.36606833757e-11, 4.3688618695e-11, 4.81454849946e-12, 1.7799509696e-13, 1.14151960454e-13, 5.97858088787e-15, 4.62345363902e-16],
        "dvar2": [2.63698199561e-12, 2.10426658737e-11, 9.45649045181e-11, 4.89150231431e-08, 8.11178961158e-06, 5.87001613894e-06, 1.77116430677e-06, 1.18702628242e-05, 1.12670034014e-06, 1.48150505197e-07, 4.51623733966e-08, 5.99332352635e-08, 8.2322086925e-09, 1.23792460727e-08, 7.08994107868e-09, 3.57416740648e-09, 1.04578146143e-09, 7.30442428765e-10, 5.46999223694e-10, 1.93743965315e-10, 2.00774730175e-10, 9.93209056666e-11, 1.06932006652e-11, 4.20677381818e-13, 2.23960945817e-13, 1.66244225824e-14, 1.20067650839e-15],
        "max": [2.00313934329e-05, 4.40041694674e-05, 4.76367458759e-05, 0.00663225026801, 0.0286131817847, 0.0517967417836, 0.0271844826639, 0.0706579238176, 0.0142693640664, 0.00625817710534, 0.00301265809685, 0.00219549308531, 0.000733160239179, 0.00152334128506, 0.000847887713462, 0.000408804131439, 0.000446840014774, 0.000319475861033, 0.000202537106816, 0.000146022139234, 0.000162174983416, 0.00010532860324, 2.5759843993e-05, 5.97851794737e-06, 5.7601264416e-06, 1.56943633556e-06, 4.97003213695e-07],
        "mean": [6.14445298197e-07, 3.52407732862e-06, 3.90126388083e-06, 0.000865617010277, 0.00603764224797, 0.00612452114001, 0.00145994196646, 0.00373513810337, 0.00110122899059, 0.000103526326711, 0.000145310768858, 0.000254452606896, 4.24263671448e-05, 0.000110579283501, 2.64243135462e-05, 4.34772919107e-05, 1.66298359545e-05, 2.82975761365e-05, 1.53521541506e-05, 1.10599930849e-05, 1.00972401924e-05, 6.55406893202e-06, 2.23322831516e-06, 5.21149786437e-07, 2.35128155168e-07, 6.10367933973e-08, 7.48535633477e-09],
        "median": [3.03179177763e-07, 2.92264530799e-06, 9.65363028627e-07, 0.000365197396604, 0.00427235616371, 0.00240402505733, 0.000249141739914, 0.000692934321705, 0.000428103550803, 2.09130012081e-05, 4.10271532019e-05, 0.00011360947974, 8.09421726444e-06, 3.2075047784e-05, 4.16938610215e-06, 1.6008856619e-05, 2.70811801784e-06, 1.18079833555e-05, 4.67844847662e-06, 2.19135927182e-06, 1.48481490214e-06, 5.14573002874e-07, 1.1751372142e-07, 4.42251710808e-08, 1.70924110421e-08, 8.08683786602e-09, 1.96627913951e-09],
        "min": [6.75883480705e-24, 6.38779486914e-24, 1.95609215943e-23, 1.24505277694e-23, 5.93145461269e-23, 1.73702737931e-23, 2.86423751099e-23, 8.15055441787e-23, 5.09612317372e-23, 3.96449494766e-23, 6.57173261978e-23, 1.38666664117e-22, 1.1170669266e-22, 3.81820227051e-23, 1.46517092302e-22, 1.0715278167e-22, 1.15378795998e-22, 1.18752672048e-22, 1.65188192994e-22, 3.27718997589e-22, 4.39449646377e-22, 4.39646546059e-22, 7.114250061e-22, 1.07197568774e-21, 1.13748168757e-21, 1.4375765938e-21, 2.18347449329e-21],
        "var": [1.75967291953e-12, 1.21600819691e-11, 4.42760376973e-11, 1.30450757752e-06, 2.8835134799e-05, 7.20917014405e-05, 1.24753878481e-05, 8.05139643489e-05, 3.0367805266e-06, 1.43772282968e-07, 6.64230412895e-08, 1.44953204995e-07, 7.35632177395e-09, 3.16842942993e-08, 5.73061642584e-09, 3.83903797641e-09, 1.81174930614e-09, 1.44837597471e-09, 6.9709205075e-10, 3.56167900728e-10, 2.89964635636e-10, 1.48298373581e-10, 1.71904435131e-11, 6.92524000385e-13, 3.5139092699e-13, 1.61975095066e-14, 5.83725026425e-16]
    },
    "erbbands": {
        "dmean": [8.62881061039e-05, 0.00033353883191, 0.00430619623512, 0.175753414631, 1.70056462288, 5.00037622452, 13.8148460388, 13.5572347641, 3.99534463882, 15.3718490601, 23.4076938629, 13.6353111267, 3.11228775978, 1.95347976685, 3.52052569389, 2.54907441139, 1.41111314297, 1.3352394104, 1.94048190117, 0.904503524303, 1.06889343262, 0.497511714697, 0.638515710831, 0.427002191544, 0.24209536612, 0.212888523936, 0.164069637656, 0.155983060598, 0.10740712285, 0.054562933743, 0.022434733808, 0.00578328873962, 0.00282661546953, 0.00137377262581, 0.000660339661408, 0.000166786339832, 3.71541755158e-05, 9.57082738751e-06, 1.84738576081e-06, 3.93299933421e-06],
        "dmean2": [0.000153925138875, 0.000562889093999, 0.00613461527973, 0.181534036994, 1.62688350677, 6.52826118469, 14.5691308975, 13.0994300842, 4.95280313492, 19.1568489075, 29.2529678345, 16.7207241058, 3.75679707527, 2.61977219582, 5.19979000092, 3.76152658463, 2.13864660263, 1.92649710178, 3.01262617111, 1.3816422224, 1.68692970276, 0.730362892151, 0.909578382969, 0.649558603764, 0.360833019018, 0.321473270655, 0.257431387901, 0.23954051733, 0.152382805943, 0.0774456188083, 0.0331415086985, 0.00912662874907, 0.00427267048508, 0.00204087560996, 0.00100274092983, 0.000246210518526, 5.56765226065e-05, 1.37093584271e-05, 2.20620677283e-06, 4.27557279181e-06],
        "dvar": [1.63896540784e-08, 3.04837584508e-07, 3.02627340716e-05, 0.0643424764276, 5.57272338867, 53.5289306641, 302.24810791, 400.606018066, 48.5928993225, 1657.5579834, 3933.65673828, 483.758636475, 95.5688171387, 29.6675930023, 32.8956413269, 17.661447525, 10.1795749664, 5.29338693619, 23.1474246979, 6.54775428772, 3.05246376991, 0.934343516827, 1.24919724464, 1.0158290863, 0.336849331856, 0.19557620585, 0.10258705914, 0.165971696377, 0.105318650603, 0.0142370564863, 0.00263590412214, 0.000139447423862, 3.58275683539e-05, 1.29143536469e-05, 6.67789936415e-06, 4.06650372042e-07, 7.07215885853e-09, 5.80019698937e-10, 9.90780808091e-12, 2.26742982029e-11],
        "dvar2": [4.66814427114e-08, 8.42759618536e-07, 7.27167207515e-05, 0.0747438594699, 6.75360441208, 124.386978149, 434.525177002, 394.836303711, 103.78377533, 2146.47680664, 5143.22460938, 735.283691406, 139.590301514, 61.5921592712, 69.6107025146, 35.2367095947, 21.5530796051, 11.0022735596, 40.7031860352, 15.5447940826, 7.4368596077, 2.02656793594, 2.28400063515, 2.07235050201, 0.700569868088, 0.424703896046, 0.257074475288, 0.350437790155, 0.233085423708, 0.0288629643619, 0.00573906535283, 0.000326068897266, 7.68659447203e-05, 2.90209791274e-05, 1.38924197017e-05, 1.02044532468e-06, 1.8478786501e-08, 1.27606258893e-09, 2.21813210161e-11, 2.90350816307e-11],
        "max": [0.00181186583359, 0.00964247249067, 0.11557046324, 7.96929645538, 60.8788757324, 102.011322021, 261.651184082, 502.653717041, 122.726142883, 778.778015137, 1454.19885254, 263.509429932, 214.983932495, 106.741249084, 104.282691956, 79.993598938, 35.3788566589, 30.6319694519, 92.5106658936, 32.1974143982, 20.2723121643, 16.6236591339, 19.0201339722, 14.7872076035, 11.644493103, 8.81136608124, 4.98310899734, 7.48023080826, 5.95563220978, 1.86072635651, 0.7811845541, 0.18329103291, 0.0648841187358, 0.0691623836756, 0.0405506379902, 0.0137234702706, 0.00138968403917, 0.000559708161745, 7.65910226619e-05, 0.000105864070065],
        "mean": [0.000205594056752, 0.00102610327303, 0.018633665517, 1.07573473454, 9.90889453888, 16.5690689087, 48.0201454163, 51.6776161194, 12.8657140732, 55.9903755188, 75.1595993042, 29.9905147552, 7.37155151367, 4.40365028381, 9.06274318695, 7.14807939529, 2.48417258263, 3.05060195923, 4.73843050003, 1.53580188751, 2.44182229042, 1.07758522034, 1.65035009384, 0.953626215458, 0.585799694061, 0.54347884655, 0.418138772249, 0.365243703127, 0.253732085228, 0.134494647384, 0.0538667552173, 0.0156834218651, 0.00603869557381, 0.00303384964354, 0.00137821445242, 0.000383817910915, 9.95224618237e-05, 2.10380512726e-05, 1.02312942545e-05, 2.25761468755e-05],
        "median": [0.000178773116204, 0.000847231480293, 0.0122895687819, 0.495108753443, 5.56683063507, 10.9259872437, 25.7372589111, 16.2325649261, 8.28210639954, 9.63780593872, 17.7291297913, 12.6170101166, 2.15335130692, 1.25383293629, 4.40763616562, 3.60032320023, 0.795450210571, 1.44023692608, 0.965788841248, 0.580529153347, 0.810703396797, 0.615180552006, 0.664370656013, 0.366218388081, 0.216987758875, 0.113189175725, 0.0800621137023, 0.0503730475903, 0.0232949536294, 0.00958684273064, 0.0026240949519, 0.00126482301857, 0.000501931761391, 0.000238176173298, 0.000126843428006, 6.49167777738e-05, 1.86491524801e-05, 4.27484519605e-06, 7.65905951994e-06, 1.67930229509e-05],
        "min": [2.05230002615e-22, 1.90736398781e-21, 1.71108109664e-20, 6.03694247123e-20, 1.12197434118e-19, 2.33624833855e-19, 1.08659298295e-19, 1.86550489257e-19, 4.21290944189e-19, 6.37285431413e-19, 1.90359467278e-18, 1.23469631121e-18, 1.12348446279e-18, 1.61995402714e-18, 3.78087300795e-18, 5.95984582602e-18, 4.42993351048e-18, 3.23971697556e-18, 5.66564208396e-18, 7.49617292721e-18, 5.12815666554e-18, 6.3338253479e-18, 6.30705282019e-18, 7.84804315208e-18, 8.73708529392e-18, 1.4069240415e-17, 1.42801780886e-17, 1.81604558723e-17, 1.43406317565e-17, 1.49132657335e-17, 2.10368937344e-17, 2.08303136482e-17, 1.7750639164e-17, 1.2421245999e-17, 7.03530014994e-18, 5.35649532414e-18, 2.79206378525e-18, 9.47963147454e-19, 2.72823475517e-19, 3.61017129923e-20],
        "var": [3.29823670597e-08, 7.64003857512e-07, 0.000410537235439, 1.8675724268, 123.521377563, 317.488037109, 2969.73681641, 5922.58154297, 252.205612183, 12823.4804688, 33006.2773438, 1916.13793945, 369.709197998, 81.7704544067, 135.595748901, 127.452888489, 20.3733539581, 17.2064666748, 90.4710693359, 11.3774585724, 12.551235199, 2.91646814346, 5.04374837875, 2.70994114876, 1.06793856621, 0.813666701317, 0.434563666582, 0.446549892426, 0.278567701578, 0.0574102178216, 0.0101149575785, 0.000676727853715, 0.000106346415123, 3.8243651943e-05, 2.06247641472e-05, 1.07066739474e-06, 2.65507775765e-08, 1.72832015366e-09, 8.40883682129e-11, 4.01736394151e-10]
    },
    "gfcc": {
        "mean": [-183.536743164, 165.100997925, -121.511787415, -18.5578842163, -84.3188705444, -41.0352058411, -45.7572021484, -28.5398635864, -24.6583271027, -16.6159191132, -12.0402841568, -10.5821552277, -4.94682073593],
        "cov": [[21760.578125, 640.844055176, -5457.26855469, 1218.94848633, -790.2734375, -857.439758301, -435.145019531, -385.837799072, 136.750213623, -1.05861151218, -58.7766876221, 92.1091995239, -41.9438438416], [640.844055176, 2324.921875, 1086.46582031, -882.733764648, -24.9308395386, -350.749328613, 146.397872925, -52.7000007629, -23.2167129517, -327.919799805, -5.25123167038, -342.072631836, 65.96043396], [-5457.26855469, 1086.46582031, 3343.02514648, -555.706359863, -148.952224731, 13.2963848114, -19.3301944733, -77.7598190308, -83.8350448608, -181.074005127, -23.776922226, -244.085662842, 60.2264671326], [1218.94848633, -882.733764648, -555.706359863, 711.116149902, -40.0070762634, 42.5815734863, -103.752037048, -71.856010437, 11.1576929092, 78.4585571289, -9.69242477417, 129.190933228, -25.4763469696], [-790.2734375, -24.9308395386, -148.952224731, -40.0070762634, 268.712005615, 18.217880249, 52.4061546326, 44.7668762207, 14.6102733612, -27.8579845428, 0.235931158066, 7.61197662354, 3.87645888329], [-857.439758301, -350.749328613, 13.2963848114, 42.5815734863, 18.217880249, 213.886520386, 12.5446548462, 8.58185386658, -54.6497306824, 46.7137489319, -0.582563817501, 54.0507926941, -14.1885185242], [-435.145019531, 146.397872925, -19.3301944733, -103.752037048, 52.4061546326, 12.5446548462, 178.093093872, 63.5564842224, -26.2117824554, -40.549747467, 13.8732242584, -47.5042724609, -14.8822002411], [-385.837799072, -52.7000007629, -77.7598190308, -71.856010437, 44.7668762207, 8.58185386658, 63.5564842224, 115.881317139, 21.6109962463, 10.0506725311, -5.53429412842, -14.169916153, -22.5029582977], [136.750213623, -23.2167129517, -83.8350448608, 11.1576929092, 14.6102733612, -54.6497306824, -26.2117824554, 21.6109962463, 131.344573975, 26.5444564819, -13.1690816879, -10.0108547211, 2.64056992531], [-1.05861151218, -327.919799805, -181.074005127, 78.4585571289, -27.8579845428, 46.7137489319, -40.549747467, 10.0506725311, 26.5444564819, 104.618659973, 9.21213817596, 41.5062942505, -16.8762321472], [-58.7766876221, -5.25123167038, -23.776922226, -9.69242477417, 0.235931158066, -0.582563817501, 13.8732242584, -5.53429412842, -13.1690816879, 9.21213817596, 65.6129074097, 26.6786746979, 9.49257659912], [92.1091995239, -342.072631836, -244.085662842, 129.190933228, 7.61197662354, 54.0507926941, -47.5042724609, -14.169916153, -10.0108547211, 41.5062942505, 26.6786746979, 126.292617798, 21.7813529968], [-41.9438438416, 65.96043396, 60.2264671326, -25.4763469696, 3.87645888329, -14.1885185242, -14.8822002411, -22.5029582977, 2.64056992531, -16.8762321472, 9.49257659912, 21.7813529968, 66.443359375]],
        "icov": [[0.000446442048997, -0.000957329641096, 0.000947516004089, -0.00101947411895, 0.00136339117307, 0.000251433753874, 0.0010257048998, -5.9082522057e-05, 0.000277397542959, -7.2222246672e-05, 0.000301615858916, 0.000117392497486, 5.53781137569e-05], [-0.000957329641096, 0.00553567241877, -0.00193512474652, 0.0053681069985, -0.00222139502876, 0.00196380307898, -0.00217353948392, 0.00313234189525, -0.000759278482292, 0.00617345329374, -0.00203113700263, 0.00371299800463, -0.000493251602165], [0.000947516004089, -0.00193512474652, 0.00249313656241, -0.00186701165512, 0.0031860023737, 3.59232853953e-06, 0.0027664238587, -2.12829963857e-05, 0.000605584122241, 0.000773813866545, 0.000197097848286, 0.00145494495519, -0.000361855170922], [-0.00101947411895, 0.0053681069985, -0.00186701165512, 0.0075157484971, -0.00229109055363, 0.00186062371358, -0.00231605488807, 0.00456529250368, -0.00109314080328, 0.00529722450301, -0.0007384554483, 0.0010734583484, 0.0013023361098], [0.00136339117307, -0.00222139502876, 0.0031860023737, -0.00229109055363, 0.00894384924322, 0.00015337880177, 0.002662751358, -0.000852732860949, -0.000475531240227, 0.00355241517536, 0.00041120062815, 0.000532678852323, -0.000194070045836], [0.000251433753874, 0.00196380307898, 3.59232853953e-06, 0.00186062371358, 0.00015337880177, 0.0102212876081, -0.00190782221034, 0.00270294398069, 0.00366110960022, -0.00101050932426, 0.00277464743704, -0.00175689277239, 0.00135857507121], [0.0010257048998, -0.00217353948392, 0.0027664238587, -0.00231605488807, 0.002662751358, -0.00190782221034, 0.0135302823037, -0.00581596372649, 0.0021514846012, 0.00457338429987, -0.00451800087467, 0.00584477325901, -0.000286761904135], [-5.9082522057e-05, 0.00313234189525, -2.12829963857e-05, 0.00456529250368, -0.000852732860949, 0.00270294398069, -0.00581596372649, 0.0172702930868, -0.00282150716521, 0.0020058164373, 0.00196000258438, 0.000477156543639, 0.00398139329627], [0.000277397542959, -0.000759278482292, 0.000605584122241, -0.00109314080328, -0.000475531240227, 0.00366110960022, 0.0021514846012, -0.00282150716521, 0.0116207581013, -0.00532522192225, 0.00237449980341, 0.00156253727619, -0.00236920150928], [-7.2222246672e-05, 0.00617345329374, 0.000773813866545, 0.00529722450301, 0.00355241517536, -0.00101050932426, 0.00457338429987, 0.0020058164373, -0.00532522192225, 0.029425362125, -0.00740595348179, 0.00592780951411, 0.00323650194332], [0.000301615858916, -0.00203113700263, 0.000197097848286, -0.0007384554483, 0.00041120062815, 0.00277464743704, -0.00451800087467, 0.00196000258438, 0.00237449980341, -0.00740595348179, 0.0217374525964, -0.00923120602965, -8.95007178769e-05], [0.000117392497486, 0.00371299800463, 0.00145494495519, 0.0010734583484, 0.000532678852323, -0.00175689277239, 0.00584477325901, 0.000477156543639, 0.00156253727619, 0.00592780951411, -0.00923120602965, 0.0241877660155, -0.00862146075815], [5.53781137569e-05, -0.000493251602165, -0.000361855170922, 0.0013023361098, -0.000194070045836, 0.00135857507121, -0.000286761904135, 0.00398139329627, -0.00236920150928, 0.00323650194332, -8.95007178769e-05, -0.00862146075815, 0.0217432789505]]
    },
    "melbands": {
        "dmean": [6.0326607354e-07, 9.96299831968e-07, 7.84792136983e-05, 0.000188112418982, 0.000449342740467, 0.000295436417218, 6.74105540384e-05, 0.00020448124269, 0.000165153294802, 7.58516107453e-05, 1.43152465171e-05, 7.92157788965e-06, 1.08959038698e-05, 1.33496059789e-05, 3.97917347073e-06, 2.32801062339e-06, 2.80344193015e-06, 3.95133656639e-06, 1.19814228583e-06, 1.20676577353e-06, 1.40633380852e-06, 4.86843816816e-07, 7.42260056086e-07, 4.98899112245e-07, 3.87645712863e-07, 2.24714909791e-07, 2.0563889791e-07, 1.40893092748e-07, 1.24640891386e-07, 1.05827652419e-07, 7.69703305536e-08, 7.71729560256e-08, 4.56806823479e-08, 2.83929804112e-08, 1.54114783157e-08, 7.24734006141e-09, 2.59929211488e-09, 1.94306037926e-09, 2.66502175883e-09, 9.21696996503e-10],
        "dmean2": [1.07443975139e-06, 1.75680042958e-06, 7.24914862076e-05, 0.000233481972828, 0.000480898102978, 0.000290148251224, 8.34284146549e-05, 0.000254969869275, 0.000210068596061, 9.13347685128e-05, 1.7734901121e-05, 1.06694606075e-05, 1.5694033209e-05, 2.05175547308e-05, 5.82438542551e-06, 3.54995654561e-06, 4.05294395023e-06, 6.06208686804e-06, 1.85259818863e-06, 1.88076433005e-06, 2.16054877455e-06, 7.33090132599e-07, 1.08666824872e-06, 7.18288504231e-07, 5.91713785525e-07, 3.31367090212e-07, 3.16811366474e-07, 2.06307149142e-07, 2.03416419708e-07, 1.6508423073e-07, 1.17360684726e-07, 1.10932170116e-07, 7.09657399511e-08, 4.27698516603e-08, 2.2967375557e-08, 1.13820659564e-08, 4.08320355305e-09, 3.09116821029e-09, 3.94126109526e-09, 1.37198274963e-09],
        "dvar": [8.45434724832e-13, 2.78719864029e-12, 1.25968258047e-08, 7.06738347844e-08, 3.22841259504e-07, 1.84183889473e-07, 1.53730415065e-08, 2.33596963994e-07, 1.73744396648e-07, 1.52593830904e-08, 2.56724130843e-09, 6.91480372961e-10, 4.7173215334e-10, 5.16752640678e-10, 1.35650032873e-10, 2.39496547594e-11, 2.22441388226e-11, 9.56337786739e-11, 1.26866408004e-11, 9.5341642567e-12, 5.42086818142e-12, 1.33027432386e-12, 2.66103957446e-12, 6.35987193898e-13, 1.01778806737e-12, 1.94271261946e-13, 2.45806738679e-13, 8.79478239367e-14, 6.35791197251e-14, 7.55208341609e-14, 3.31223933101e-14, 5.48827510402e-14, 9.58495368036e-15, 4.20240489e-15, 1.21671867714e-15, 2.91051214468e-16, 2.49489534516e-17, 1.78986631346e-17, 4.52974658259e-17, 6.2491166765e-18],
        "dvar2": [2.37934867121e-12, 8.4465030456e-12, 1.23855885548e-08, 1.34429370746e-07, 5.00392161484e-07, 1.82639453783e-07, 2.63509782883e-08, 3.06409333461e-07, 2.35068227994e-07, 2.27871304048e-08, 3.83642317914e-09, 1.45542566887e-09, 8.78410177929e-10, 1.1264263966e-09, 2.25104754281e-10, 5.40089674372e-11, 4.54111748205e-11, 1.57308790993e-10, 2.91267253372e-11, 2.27496355087e-11, 1.27399896188e-11, 2.87995560559e-12, 5.53206569096e-12, 1.28974923189e-12, 2.07778347479e-12, 4.08648538185e-13, 4.86447308216e-13, 1.80659781297e-13, 1.72574939907e-13, 1.47789969824e-13, 7.43203038716e-14, 1.2034373064e-13, 2.21109429729e-14, 8.53893660017e-15, 2.66442599185e-15, 6.84807238432e-16, 5.806191816e-17, 4.13355949465e-17, 1.01714991942e-16, 1.32231190207e-17],
        "max": [1.2393945326e-05, 1.2872966181e-05, 0.00355882011354, 0.00539682386443, 0.00830749236047, 0.0106515446678, 0.00251218536869, 0.00835039373487, 0.00953366886824, 0.00145240384154, 0.00104591087438, 0.000566440983675, 0.000469527643872, 0.000289499090286, 0.000229277997278, 5.11702091899e-05, 5.94336852373e-05, 0.000200184964342, 4.32532033301e-05, 3.45346161339e-05, 2.92571075988e-05, 1.6103958842e-05, 3.03259694192e-05, 1.02556650745e-05, 1.53497621795e-05, 7.91310412751e-06, 7.10243330104e-06, 5.07591721544e-06, 3.52873576048e-06, 4.74933676742e-06, 3.49906395058e-06, 4.26924134445e-06, 1.05234914827e-06, 9.17343129458e-07, 4.71168135618e-07, 2.62832543285e-07, 5.98697695864e-08, 4.74222119351e-08, 1.15649939403e-07, 4.05282705174e-08],
        "mean": [1.20467075249e-06, 1.32263994601e-06, 0.000489568396006, 0.000833420956042, 0.0016187998699, 0.00112455803901, 0.000208887373446, 0.000733252149075, 0.000519006629474, 0.000157409856911, 2.99510011246e-05, 1.66269874171e-05, 2.46083218371e-05, 3.59051337e-05, 6.88303634888e-06, 3.85534258385e-06, 5.98575206823e-06, 9.64707669482e-06, 1.9228768906e-06, 1.90877267414e-06, 3.06323272525e-06, 8.87680869255e-07, 1.59331511895e-06, 1.10789801511e-06, 7.78675826041e-07, 4.80125777358e-07, 4.28554216114e-07, 3.14032547521e-07, 2.79119944935e-07, 2.31903186432e-07, 1.72882465677e-07, 1.6954078319e-07, 9.29416827944e-08, 6.61121717371e-08, 3.38583312498e-08, 1.68415468238e-08, 6.51090914516e-09, 3.61125862547e-09, 4.83887152569e-09, 1.71405800664e-09],
        "median": [9.9678220522e-07, 5.2150863894e-07, 0.000225100724492, 0.000618206337094, 0.000901287537999, 0.000356057687895, 9.59388999036e-05, 0.000139160998515, 0.000143283425132, 5.95517776674e-05, 3.33351772497e-06, 3.24978100252e-06, 1.17169620353e-05, 1.52901757247e-05, 1.04830508008e-06, 1.05810545392e-06, 2.26788574764e-06, 1.43423380905e-06, 3.4189258713e-07, 5.98063195412e-07, 7.31449119939e-07, 1.52557745992e-07, 5.31450893959e-07, 5.45370994587e-07, 2.58112663687e-07, 1.62129865089e-07, 1.02833695337e-07, 6.33007601891e-08, 5.3211032025e-08, 3.15115329386e-08, 2.36264909859e-08, 1.43204097469e-08, 7.68434116338e-09, 4.22357837593e-09, 1.38754518986e-09, 1.04908104426e-09, 6.3710192677e-10, 3.38534034139e-10, 2.52430132353e-10, 1.6838774819e-10],
        "min": [2.80558006233e-24, 7.38631449259e-24, 1.07264257182e-23, 1.27132429055e-23, 5.04443180073e-24, 3.94562586812e-24, 6.2355352481e-24, 9.35458555998e-24, 1.63551833575e-23, 6.43683914048e-24, 5.34193018075e-24, 6.18463005389e-24, 9.97390132401e-24, 1.25016648887e-23, 8.72905357202e-24, 1.16394438636e-23, 5.05292467723e-24, 7.74243233761e-24, 1.0335520685e-23, 1.0233078419e-23, 4.61457044942e-24, 6.15789358566e-24, 6.64054274773e-24, 5.94085704582e-24, 6.1823143527e-24, 5.58412586144e-24, 6.97266738832e-24, 8.29028361451e-24, 8.54880201062e-24, 6.81928285163e-24, 1.24647012333e-23, 8.41427046071e-24, 7.75293917601e-24, 8.21663871585e-24, 1.13517265699e-23, 1.04834944247e-23, 1.37596337641e-23, 1.29459190072e-23, 1.10917077604e-23, 1.00729846203e-23],
