{
"metadata": {
    "version": {
        "essentia": "2.0.1",
        "extractor": "archive-music 1.0"
    },
    "audio_properties": {
        "analysis_sample_rate": 44100,
        "bitrate": 128,
        "channels": 2,
        "equal_loudness": 0,
        "length": 15.3599996567,
        "replay_gain": 1.47575569153,
        "downmix": "mix"
    },
    "tags": {
        "track": 0,
        "year": 0,
        "album": "",
        "artist": "",
        "comment": "",
        "genre": "",
        "title": ""
    }
},
"highlevel": {
    "culture": {
        "all": {
            "non_western": 0.0101139768958,
            "western": 0.989886045456
        },
        "probability": 0.989886045456,
        "value": "western"
    },
    "danceability": {
        "all": {
            "danceable": 0.0114249624312,
            "not_danceable": 0.988575041294
        },
        "probability": 0.988575041294,
        "value": "not_danceable"
    },
    "gender": {
        "all": {
            "female": 0.999339342117,
            "male": 0.000660687219352
        },
        "probability": 0.999339342117,
        "value": "female"
    },
    "genre_dortmund": {
        "all": {
            "alternative": 0.0559390857816,
            "blues": 0.0117918280885,
            "electronic": 0.011635992676,
            "folkcountry": 0.707328557968,
            "funksoulrnb": 0.00246558268555,
            "jazz": 0.135142341256,
            "pop": 0.052810959518,
            "raphiphop": 0.00219424418174,
            "rock": 0.0206914395094
        },
        "probability": 0.707328557968,
        "value": "folkcountry"
    },
    "genre_electronic": {
        "all": {
            "ambient": 0.995867490768,
            "dnb": 0.00121785060037,
            "house": 0.000835288781673,
            "techno": 0.00119267555419,
            "trance": 0.000886714959051
        },
        "probability": 0.995867490768,
        "value": "ambient"
    },
    "genre_rosamerica": {
        "all": {
            "cla": 0.929940700531,
            "dan": 0.00066011439776,
            "hip": 0.00102512910962,
            "jaz": 0.0372283123434,
            "pop": 0.00506783556193,
            "rhy": 0.0167945604771,
            "roc": 0.000582935521379,
            "spe": 0.00870039965957
        },
        "probability": 0.929940700531,
        "value": "cla"
    },
    "genre_tzanetakis": {
        "all": {
            "blu": 0.00589344929904,
            "cla": 0.840671718121,
            "cou": 0.0205852035433,
            "dis": 0.0229725278914,
            "hip": 0.00419883616269,
            "jaz": 0.0516604110599,
            "met": 0.00199936586432,
            "pop": 0.00473205652088,
            "reg": 0.0412263311446,
            "roc": 0.0060601150617
        },
        "probability": 0.840671718121,
        "value": "cla"
    },
    "mirex_ballroom": {
        "all": {
            "ChaChaCha": 0.000557421357371,
            "Jive": 0.000130653832457,
            "Quickstep": 0.00345476553775,
            "Rumba-American": 0.00305914995261,
            "Rumba-International": 0.00250386935659,
            "Rumba-Misc": 0.00310555845499,
            "Samba": 0.000412530673202,
            "Tango": 0.00571977114305,
            "VienneseWaltz": 0.0659174472094,
            "Waltz": 0.915138840675
        },
        "probability": 0.915138840675,
        "value": "Waltz"
    },
    "mood_acoustic": {
        "all": {
            "acoustic": 0.997890770435,
            "not_acoustic": 0.00210924213752
        },
        "probability": 0.997890770435,
        "value": "acoustic"
    },
    "mood_aggressive": {
        "all": {
            "aggressive": 0.0403393208981,
            "not_aggressive": 0.959660708904
        },
        "probability": 0.959660708904,
        "value": "not_aggressive"
    },
    "mood_electronic": {
        "all": {
            "electronic": 0.0190115552396,
            "not_electronic": 0.980988442898
        },
        "probability": 0.980988442898,
        "value": "not_electronic"
    },
    "mood_happy": {
        "all": {
            "happy": 0.3051687181,
            "not_happy": 0.694831252098
        },
        "probability": 0.694831252098,
        "value": "not_happy"
    },
    "mood_party": {
        "all": {
            "not_party": 0.976760327816,
            "party": 0.0232396814972
        },
        "probability": 0.976760327816,
        "value": "not_party"
    },
    "mood_relaxed": {
        "all": {
            "not_relaxed": 0.0198547765613,
            "relaxed": 0.980145215988
        },
        "probability": 0.980145215988,
        "value": "relaxed"
    },
    "mood_sad": {
        "all": {
            "not_sad": 0.0273083150387,
            "sad": 0.972691655159
        },
        "probability": 0.972691655159,
        "value": "sad"
    },
    "moods_mirex": {
        "all": {
            "Cluster1": 0.0272805411369,
            "Cluster2": 0.27493968606,
            "Cluster3": 0.468245506287,
            "Cluster4": 0.226373821497,
            "Cluster5": 0.00316045316868
        },
        "probability": 0.468245506287,
        "value": "Cluster3"
    },
    "timbre": {
        "all": {
            "bright": 0.993469417095,
            "dark": 0.00653056427836
        },
        "probability": 0.993469417095,
        "value": "bright"
    },
    "tonal_atonal": {
        "all": {
            "atonal": 0.0362758599222,
            "tonal": 0.963724136353
        },
        "probability": 0.963724136353,
        "value": "tonal"
    },
    "voice_instrumental": {
        "all": {
            "instrumental": 0.327723562717,
            "voice": 0.672276437283
        },
        "probability": 0.672276437283,
        "value": "voice"
    }
},
"lowlevel": {
    "average_loudness": 0.651859462261,
    "barkbands_kurtosis": {
        "dmean": 1.85896730423,
        "dmean2": 2.89929533005,
        "dvar": 7.22113227844,
        "dvar2": 18.0736045837,
        "max": 34.6042060852,
        "mean": 2.25033664703,
        "median": 0.972452640533,
        "min": -1.82148385048,
        "var": 15.8376741409
    },
    "barkbands_skewness": {
        "dmean": 0.471616357565,
        "dmean2": 0.701634287834,
        "dvar": 0.216170430183,
        "dvar2": 0.525979578495,
        "max": 4.9170126915,
        "mean": 1.09917378426,
        "median": 1.08451914787,
        "min": -2.038189888,
        "var": 1.02609598637
    },
    "barkbands_spread": {
        "dmean": 1.64797103405,
        "dmean2": 2.43634986877,
        "dvar": 15.6447963715,
        "dvar2": 33.6921958923,
        "max": 103.806297302,
        "mean": 7.28628873825,
        "median": 6.92127084732,
        "min": 1.23076272011,
        "var": 33.8734169006
    },
    "dissonance": {
        "dmean": 0.0440579205751,
        "dmean2": 0.0753133073449,
        "dvar": 0.00150888087228,
        "dvar2": 0.00445516081527,
        "max": 0.49932217598,
        "mean": 0.396976977587,
        "median": 0.405988752842,
        "min": 0.118974119425,
        "var": 0.00365976733156
    },
    "dynamic_complexity": 5.97398996353,
    "erbbands_kurtosis": {
        "dmean": 1.00829899311,
        "dmean2": 1.62414383888,
        "dvar": 1.79103052616,
        "dvar2": 4.84887886047,
        "max": 12.0434761047,
        "mean": 0.217071324587,
        "median": -0.32931303978,
        "min": -1.75591564178,
        "var": 3.506098032
    },
    "erbbands_skewness": {
        "dmean": 0.422063499689,
        "dmean2": 0.65034621954,
        "dvar": 0.172126695514,
        "dvar2": 0.488273531199,
        "max": 3.14818286896,
        "mean": 0.451149076223,
        "median": 0.447470158339,
        "min": -2.09616398811,
        "var": 0.776121020317
    },
    "erbbands_spread": {
        "dmean": 1.94414937496,
        "dmean2": 3.04494404793,
        "dvar": 13.1249303818,
        "dvar2": 25.2197723389,
        "max": 91.9234695435,
        "mean": 13.0151996613,
        "median": 12.548377037,
        "min": 2.6561653614,
        "var": 47.768409729
    },
    "hfc": {
        "dmean": 3.29783320427,
        "dmean2": 4.6068854332,
        "dvar": 49.5435829163,
        "dvar2": 113.730453491,
        "max": 119.048019409,
        "mean": 11.8904743195,
        "median": 4.36251592636,
        "min": 1.21602670416e-16,
        "var": 301.398498535
    },
    "melbands_kurtosis": {
        "dmean": 2.61506724358,
        "dmean2": 4.00330448151,
        "dvar": 14.6249628067,
        "dvar2": 36.4366607666,
        "max": 46.7311058044,
        "mean": 4.03235435486,
        "median": 2.31263208389,
        "min": -1.71881699562,
        "var": 30.5936889648
    },
    "melbands_skewness": {
        "dmean": 0.476050615311,
        "dmean2": 0.701284825802,
        "dvar": 0.228834718466,
        "dvar2": 0.566723942757,
        "max": 5.53760099411,
        "mean": 1.50597834587,
        "median": 1.44574439526,
        "min": -1.07713866234,
        "var": 1.06480610371
    },
    "melbands_spread": {
        "dmean": 2.80427885056,
        "dmean2": 4.03074121475,
        "dvar": 34.4301681519,
        "dvar2": 41.3302536011,
        "max": 153.664138794,
        "mean": 11.8463916779,
        "median": 10.2326450348,
        "min": 1.64936935902,
        "var": 160.260864258
    },
    "pitch_salience": {
        "dmean": 0.0605124719441,
        "dmean2": 0.0924948528409,
        "dvar": 0.00292958132923,
        "dvar2": 0.00679771555588,
        "max": 0.989968419075,
        "mean": 0.455935060978,
        "median": 0.456350713968,
        "min": 0.129121974111,
        "var": 0.0139752672985
    },
    "silence_rate_20dB": {
        "dmean": 0,
        "dmean2": 0,
        "dvar": 0,
        "dvar2": 0,
        "max": 1,
        "mean": 1,
        "median": 1,
        "min": 1,
        "var": 0
    },
    "silence_rate_30dB": {
        "dmean": 0.00302114803344,
        "dmean2": 0.00605143699795,
        "dvar": 0.00301203760318,
        "dvar2": 0.0090405670926,
        "max": 1,
        "mean": 0.998491704464,
        "median": 1,
        "min": 0,
        "var": 0.00150601728819
    },
    "silence_rate_60dB": {
        "dmean": 0.0422960743308,
        "dmean2": 0.0847201198339,
        "dvar": 0.040507234633,
        "dvar2": 0.0956982448697,
        "max": 1,
        "mean": 0.328808456659,
        "median": 0,
        "min": 0,
        "var": 0.220693692565
    },
    "spectral_centroid": {
        "dmean": 93.9464111328,
        "dmean2": 133.273147583,
        "dvar": 95450.6796875,
        "dvar2": 102965.789062,
        "max": 11113.7578125,
        "mean": 865.092102051,
        "median": 823.875915527,
        "min": 283.137298584,
        "var": 264554
    },
    "spectral_complexity": {
        "dmean": 0.725075542927,
        "dmean2": 1.22239029408,
        "dvar": 0.679703772068,
        "dvar2": 1.50122272968,
        "max": 12,
        "mean": 5.73453998566,
        "median": 6,
        "min": 0,
        "var": 6.27946043015
    },
    "spectral_crest": {
        "dmean": 2.38524079323,
        "dmean2": 3.53768920898,
        "dvar": 4.7165055275,
        "dvar2": 11.3717517853,
        "max": 25.4777183533,
        "mean": 15.9140491486,
        "median": 15.9047288895,
        "min": 4.26591873169,
        "var": 21.4117145538
    },
    "spectral_decrease": {
        "dmean": 1.09941822313e-09,
        "dmean2": 1.5511463225e-09,
        "dvar": 5.38040911565e-18,
        "dvar2": 1.3681550788e-17,
        "max": 2.07377418768e-26,
        "mean": -3.48099504777e-09,
        "median": -1.57559576497e-09,
        "min": -3.38009620293e-08,
        "var": 2.22436212079e-17
    },
    "spectral_energy": {
        "dmean": 0.00444239610806,
        "dmean2": 0.00625478336588,
        "dvar": 8.73033495736e-05,
        "dvar2": 0.000220971327508,
        "max": 0.138370364904,
        "mean": 0.0142165543512,
        "median": 0.00632778694853,
        "min": 1.11648186191e-20,
        "var": 0.000372356240405
    },
    "spectral_energyband_high": {
        "dmean": 2.44141438088e-06,
        "dmean2": 3.59529258276e-06,
        "dvar": 3.58879106988e-11,
        "dvar2": 7.25318555217e-11,
        "max": 0.000115164119052,
        "mean": 6.69179007673e-06,
        "median": 3.12836664307e-06,
        "min": 8.33777377938e-21,
        "var": 8.82953224424e-11
    },
    "spectral_energyband_low": {
        "dmean": 1.05679955595e-05,
        "dmean2": 1.29015243147e-05,
        "dvar": 1.75720743512e-10,
        "dvar2": 2.4881408045e-10,
        "max": 0.000341474311426,
        "mean": 5.73107317905e-05,
        "median": 3.38966565323e-05,
        "min": 9.09419551249e-23,
        "var": 4.2110803733e-09
    },
    "spectral_energyband_middle_high": {
        "dmean": 0.00194990541786,
        "dmean2": 0.00289066019468,
        "dvar": 2.43681133725e-05,
        "dvar2": 6.23999658274e-05,
        "max": 0.0912555158138,
        "mean": 0.00581788877025,
        "median": 0.00136328593362,
        "min": 1.54508442598e-21,
        "var": 0.000121128665342
    },
    "spectral_energyband_middle_low": {
        "dmean": 0.00396163389087,
        "dmean2": 0.00552377989516,
        "dvar": 8.4784340288e-05,
        "dvar2": 0.000215756095713,
        "max": 0.111805170774,
        "mean": 0.009522119537,
        "median": 0.0043913400732,
        "min": 3.54122512875e-22,
        "var": 0.000207519391552
    },
    "spectral_flatness_db": {
        "dmean": 0.0182031970471,
        "dmean2": 0.0253044962883,
        "dvar": 0.000298372353427,
        "dvar2": 0.00063492229674,
        "max": 0.4448107481,
        "mean": 0.269067674875,
        "median": 0.267928183079,
        "min": 0.0513833500445,
        "var": 0.00390475429595
    },
    "spectral_flux": {
        "dmean": 0.0139811793342,
        "dmean2": 0.0226152278483,
        "dvar": 0.000493189494591,
        "dvar2": 0.00127505871933,
        "max": 0.265751719475,
        "mean": 0.0368898659945,
        "median": 0.022911189124,
        "min": 1.05663706951e-10,
        "var": 0.00145605718717
    },
    "spectral_kurtosis": {
        "dmean": 8.93940830231,
        "dmean2": 15.720998764,
        "dvar": 54.730922699,
        "dvar2": 169.713165283,
        "max": 60.924571991,
        "mean": 22.8984603882,
        "median": 20.9010295868,
        "min": -1.20187830925,
        "var": 112.871383667
    },
    "spectral_rms": {
        "dmean": 0.000455969333416,
        "dmean2": 0.000619058904704,
        "dvar": 4.1537953166e-07,
        "dvar2": 9.40435654684e-07,
        "max": 0.0116187557578,
        "mean": 0.00305772502907,
        "median": 0.00248464290053,
        "min": 3.30037971778e-12,
        "var": 4.52013227914e-06
    },
    "spectral_rolloff": {
        "dmean": 237.059875488,
        "dmean2": 419.6847229,
        "dvar": 847633.1875,
        "dvar2": 1477558.125,
        "max": 19552.1484375,
        "mean": 1376.9864502,
        "median": 1291.9921875,
        "min": 236.865234375,
        "var": 3210795.25
    },
    "spectral_skewness": {
        "dmean": 0.646336436272,
        "dmean2": 1.1297801733,
        "dvar": 0.262845307589,
        "dvar2": 0.819954514503,
        "max": 5.84897518158,
        "mean": 3.30676078796,
        "median": 3.20135068893,
        "min": -0.00266167707741,
        "var": 0.640455424786
    },
    "spectral_spread": {
        "dmean": 290268.96875,
        "dmean2": 444131.78125,
        "dvar": 1.45546215424e+12,
        "dvar2": 1.48525901414e+12,
        "max": 40069904,
        "mean": 2085338.875,
        "median": 1918145.125,
        "min": 1101936.375,
        "var": 3.1159245865e+12
    },
    "spectral_strongpeak": {
        "dmean": 0.591950595379,
        "dmean2": 0.924298226833,
        "dvar": 1.00314199924,
        "dvar2": 2.61253619194,
        "max": 14.3140745163,
        "mean": 1.97638607025,
        "median": 1.26261126995,
        "min": 0,
        "var": 3.9577934742
    },
    "zerocrossingrate": {
        "dmean": 0.00521546322852,
        "dmean2": 0.006340269465,
        "dvar": 0.00030521734152,
        "dvar2": 0.000335127289873,
        "max": 0.50146484375,
        "mean": 0.0434246249497,
        "median": 0.03662109375,
        "min": 0.0087890625,
        "var": 0.00208827783354
    },
    "barkbands": {
        "dmean": [5.24523602508e-06, 1.87488001302e-06, 4.47968204753e-06, 7.30670444682e-06, 1.78460068128e-05, 2.92863951472e-05, 0.00177965965122, 0.000520305766258, 0.000627163390163, 0.00167503813282, 0.000118098592793, 0.000169543505763, 0.000183363052201, 0.000810828176327, 0.000147388549522, 3.32846661877e-06, 5.58160536457e-06, 8.25143433758e-06, 2.70289478976e-06, 3.72025851902e-06, 6.47840465717e-07, 2.89929488417e-07, 1.65885637671e-07, 6.78938860688e-08, 9.31333090648e-08, 2.90237540668e-08, 3.30618838973e-08],
        "dmean2": [1.00169409052e-05, 3.13209693559e-06, 5.5789396356e-06, 9.57032898441e-06, 1.97540175577e-05, 3.74353621737e-05, 0.00241891783662, 0.000686338811647, 0.000761895964388, 0.00280576432124, 0.000177792724571, 0.000245271919994, 0.00028307075263, 0.00122171221301, 0.000230089412071, 4.92470871905e-06, 7.77791137807e-06, 1.19929172797e-05, 3.66235099136e-06, 5.51288667339e-06, 9.38586651955e-07, 4.34633733448e-07, 2.38453594648e-07, 1.05606439149e-07, 1.36397559913e-07, 4.60240627831e-08, 5.18358476143e-08],
        "dvar": [5.29881069578e-11, 4.25928780093e-12, 3.68482848401e-11, 1.07318584575e-10, 4.62993338113e-10, 1.70989655768e-09, 3.0970080843e-05, 2.70462237495e-06, 5.89951787333e-06, 5.86110836593e-05, 3.31113653829e-07, 3.25615445718e-07, 1.8078705466e-07, 5.52649908059e-06, 1.24356787978e-07, 3.97546093267e-11, 1.81646725439e-10, 7.54904805333e-10, 3.74006936532e-11, 1.23923982187e-10, 1.20780024437e-12, 2.57566320702e-13, 9.08304058052e-14, 2.12715756738e-14, 7.22516529028e-14, 3.75861468278e-15, 1.39327877747e-15],
        "dvar2": [1.83502379958e-10, 1.10323174207e-11, 5.62788878e-11, 1.76087450177e-10, 5.95664573222e-10, 2.70460098761e-09, 6.76287818351e-05, 3.76384150513e-06, 9.94322181214e-06, 0.000188706253539, 6.23611015271e-07, 6.69815051424e-07, 4.4377662789e-07, 1.2167793102e-05, 2.96761697882e-07, 6.52280868207e-11, 3.0661193029e-10, 1.3810654842e-09, 6.03106384278e-11, 2.10716472049e-10, 2.278492282e-12, 5.45183147758e-13, 1.77122043161e-13, 4.3963747573e-14, 1.29275252612e-13, 8.35513383875e-15, 3.38195204839e-15],
        "max": [6.22288935119e-05, 2.85888927465e-05, 0.000124535450595, 0.000236920386669, 0.000598557642661, 0.000696006754879, 0.0745617896318, 0.0332264006138, 0.0458991751075, 0.122678734362, 0.0132666621357, 0.0132800554857, 0.00643638614565, 0.0476176291704, 0.00493469648063, 0.000155318557518, 0.000409516447689, 0.000905944441911, 8.25794486445e-05, 0.000228674412938, 1.52413522301e-05, 5.32893636773e-06, 4.97270684718e-06, 2.84223483504e-06, 6.6875977609e-06, 1.09940390303e-06, 5.73608417653e-07],
        "mean": [5.10772542839e-06, 6.39382733425e-06, 1.94368549273e-05, 3.44294239767e-05, 9.29228408495e-05, 8.8673485152e-05, 0.00403176853433, 0.00164951512124, 0.0012775430223, 0.00322459288873, 0.0002830256999, 0.00039980589645, 0.000534064369276, 0.00218397052959, 0.000321554980474, 8.34474667499e-06, 1.43112565638e-05, 2.4029335691e-05, 6.52215794616e-06, 6.75627552482e-06, 1.86465160823e-06, 8.57046700276e-07, 4.6498462325e-07, 1.92599443949e-07, 2.22382453785e-07, 7.29912628117e-08, 1.41414133736e-07],
        "median": [2.46588615482e-06, 4.22559742219e-06, 1.00707720776e-05, 1.60775944096e-05, 5.13099839736e-05, 5.50872682652e-05, 0.000216015672777, 5.80741434533e-05, 3.14900062222e-05, 0.000100411649328, 5.00145551996e-06, 1.79839425982e-05, 5.99486484134e-05, 3.62956379831e-05, 9.22707695281e-05, 3.73128841602e-06, 4.34197772847e-06, 6.57014334138e-06, 1.95984739548e-06, 3.17938247463e-06, 7.9000290043e-07, 3.38108350206e-07, 1.64248717738e-07, 9.0643688111e-08, 5.68358196062e-08, 3.048691255e-08, 1.27108179981e-07],
        "min": [7.10333841074e-23, 3.15295176706e-23, 2.07946274748e-23, 7.5205131432e-24, 2.17926800926e-23, 1.09812669181e-22, 2.06554534785e-23, 4.81129453092e-23, 1.17759603453e-22, 4.99245675335e-23, 2.97506394847e-23, 5.59776266325e-23, 1.2721607671e-22, 9.41737226161e-23, 1.77085894141e-22, 9.79289655822e-23, 1.31591919706e-22, 2.69841093388e-22, 2.70471147127e-22, 3.73735059104e-22, 5.32438550401e-22, 5.0516622789e-22, 5.6737703581e-22, 9.05362811956e-22, 1.43167727738e-21, 1.97014610773e-21, 2.43803831706e-21],
        "var": [5.09529189674e-11, 3.49984555226e-11, 5.56082901948e-10, 2.0660149147e-09, 1.07287592144e-08, 9.1074765507e-09, 0.000105536768388, 1.65416386153e-05, 1.50581699927e-05, 0.000124391764984, 1.31322133257e-06, 1.75536672486e-06, 9.19984131542e-07, 3.21780971717e-05, 4.01247888249e-07, 2.6963378752e-10, 1.06169939507e-09, 6.31156105158e-09, 1.52303586409e-10, 2.1948681761e-10, 5.58082096161e-12, 1.25211223768e-12, 4.65940762535e-13, 9.06930983763e-14, 2.42068328273e-13, 1.20228898384e-14, 1.1972080567e-14]
    },
    "erbbands": {
        "dmean": [5.82391003263e-05, 0.000466235360363, 0.00317688821815, 0.0203329250216, 0.0321553684771, 0.0625432729721, 0.193296581507, 1.04396533966, 25.7611751556, 14.3639307022, 10.4929666519, 11.7556905746, 60.3493309021, 10.6545696259, 6.80596494675, 9.33190441132, 10.9926538467, 43.8170509338, 17.803850174, 1.21638977528, 0.15955939889, 0.268504559994, 0.404111772776, 0.254766911268, 0.06944321841, 0.245161443949, 0.033281929791, 0.0221549831331, 0.00973181426525, 0.00817616190761, 0.00321493041702, 0.00182963348925, 0.00086646922864, 0.00137662072666, 0.000605116714723, 0.000149105981109, 5.89153496549e-05, 5.34984537808e-05, 2.86481372314e-06, 5.13906525157e-06],
        "dmean2": [0.000105545084807, 0.000759627553634, 0.00409148540348, 0.0244900081307, 0.0391347445548, 0.0676658973098, 0.215791150928, 1.52106261253, 35.3883781433, 19.0924110413, 12.9100036621, 14.6611185074, 96.128616333, 16.4392108917, 10.0240077972, 13.5213661194, 16.2057933807, 63.1070480347, 26.9449462891, 1.8274255991, 0.239276722074, 0.362459331751, 0.596808373928, 0.379830420017, 0.0981072857976, 0.361825466156, 0.0488942451775, 0.0317678190768, 0.0152593879029, 0.0114499488845, 0.00472158985212, 0.00277358363383, 0.001317893737, 0.00192539463751, 0.000895407283679, 0.00023564590083, 8.83984976099e-05, 8.44818350743e-05, 4.10870370615e-06, 7.21243804946e-06],
        "dvar": [4.8687840426e-09, 2.6800958608e-07, 2.1215990273e-05, 0.000787790166214, 0.00153049605433, 0.00574756367132, 0.069028377533, 8.28919792175, 6724.45556641, 1398.62963867, 1108.24243164, 926.456970215, 85153.0234375, 978.583618164, 856.32043457, 799.850952148, 411.42767334, 16717.2539062, 1088.21411133, 6.3089389801, 0.0618930086493, 0.451077967882, 1.81661331654, 0.312117218971, 0.0160742532462, 0.55521351099, 0.00324564496987, 0.00178590009455, 0.000330318172928, 0.000170761763002, 3.63981271221e-05, 1.64540742844e-05, 2.39889482145e-06, 2.20320271183e-05, 2.59990656559e-06, 1.01623939486e-07, 1.75068279873e-08, 3.58045193494e-09, 2.2068263883e-11, 1.15864096095e-10],
        "dvar2": [1.41553657684e-08, 6.02982822784e-07, 3.01854925056e-05, 0.00112070993055, 0.00233189482242, 0.00698321824893, 0.0798502266407, 21.2789459229, 15693.8505859, 2418.27319336, 1419.50146484, 1698.52575684, 259953.40625, 3002.66430664, 1574.8425293, 1643.03881836, 922.944580078, 34052.4257812, 2346.8996582, 14.7600345612, 0.106697484851, 0.760918915272, 3.43835353851, 0.554623544216, 0.0275486707687, 0.94159090519, 0.00645057298243, 0.00312448875047, 0.000786138116382, 0.000351539056282, 7.30483152438e-05, 3.34688520525e-05, 4.84663951283e-06, 3.51404196408e-05, 5.49955893803e-06, 2.2775702746e-07, 3.80399285405e-08, 8.84068374063e-09, 5.55663501323e-11, 2.91039303768e-10],
        "max": [0.000951815163717, 0.00886270403862, 0.0804776474833, 0.702720403671, 1.03285109997, 2.2647292614, 5.65023374557, 49.6008872986, 1086.15991211, 578.161682129, 913.002258301, 598.05657959, 4630.22167969, 488.98046875, 687.372070312, 676.49005127, 311.115325928, 2429.53857422, 471.788391113, 47.6251182556, 5.11973190308, 17.8719024658, 44.6759796143, 14.8402070999, 2.28895831108, 14.782412529, 0.738476514816, 0.632386386395, 0.245699808002, 0.214509606361, 0.0838749036193, 0.0867486894131, 0.0350981988013, 0.125549763441, 0.0269218534231, 0.00407260889187, 0.00280039850622, 0.000910630158614, 7.93846775196e-05, 0.000162458469276],
        "mean": [0.000140310585266, 0.00179685722105, 0.0136919450015, 0.104629851878, 0.147835403681, 0.317835956812, 0.702020406723, 2.9445476532, 61.2082519531, 31.6981906891, 36.3249816895, 33.718044281, 122.229850769, 23.3081645966, 16.5002555847, 23.930934906, 29.6187934875, 111.648330688, 43.5097236633, 3.05505156517, 0.483355671167, 0.710458874702, 1.30065965652, 0.813390552998, 0.215813502669, 0.420199215412, 0.0937847793102, 0.0628806725144, 0.0342225059867, 0.0249577667564, 0.00965069979429, 0.005076399073, 0.00257543707266, 0.00295751634985, 0.00141911813989, 0.000421598699177, 0.000158839859068, 0.000235430052271, 1.33121202452e-05, 1.67948019225e-05],
        "median": [0.000104277576611, 0.00121096952353, 0.00806033983827, 0.0506418123841, 0.0752533525229, 0.160899460316, 0.365162521601, 0.822978973389, 2.7658894062, 6.84775447845, 5.39148616791, 1.92661833763, 1.81154680252, 4.40424251556, 1.48122811317, 5.857442379, 13.6621999741, 3.8287563324, 15.3762617111, 1.43983161449, 0.306574702263, 0.206982731819, 0.32634589076, 0.299567848444, 0.0988795086741, 0.187044963241, 0.0484309121966, 0.0230858325958, 0.0138033460826, 0.0128517290577, 0.00319115514867, 0.0023453545291, 0.0012143549975, 0.00070688908454, 0.000369394838344, 0.000163234217325, 9.07366120373e-05, 0.000217342792894, 9.73501664703e-06, 7.47216972741e-06],
        "min": [8.60345587186e-22, 8.02346211028e-21, 1.64086008655e-20, 4.14231694369e-20, 3.54874570705e-20, 6.27574499043e-20, 2.71552615904e-19, 1.03096555204e-18, 6.7706459877e-19, 7.32788292819e-19, 7.21155755262e-19, 2.04279717575e-18, 3.20018332575e-18, 9.40549231021e-19, 1.48643580594e-18, 2.36545717165e-18, 4.66637688473e-18, 7.22758820949e-18, 5.92878974351e-18, 7.45599345614e-18, 6.02316071165e-18, 7.9676559502e-18, 1.61303991391e-17, 1.3412951181e-17, 1.36274118169e-17, 1.8322402947e-17, 2.17893121088e-17, 1.68409175068e-17, 1.60872616702e-17, 1.98506505615e-17, 1.64917778052e-17, 2.17518259378e-17, 1.45978948532e-17, 1.58285791316e-17, 9.80964489929e-18, 8.51007963688e-18, 3.48292420567e-18, 1.32571337215e-18, 4.22130170619e-19, 2.9822132598e-20],
        "var": [1.60818167672e-08, 2.65063772531e-06, 0.000252544152318, 0.0180547703058, 0.027812929824, 0.135459437966, 0.74775826931, 35.5627670288, 23914.9433594, 4952.70800781, 8154.31396484, 6896.25634766, 201643.296875, 2861.24243164, 3297.45092773, 4380.95458984, 1944.69311523, 88291.0078125, 4411.87255859, 20.4524822235, 0.352392137051, 2.66793274879, 15.6620931625, 2.14524483681, 0.094166778028, 0.95495146513, 0.0114590087906, 0.00773640535772, 0.00189444702119, 0.000955886964221, 0.000197026529349, 6.70896843076e-05, 1.28561414385e-05, 6.05525492574e-05, 9.10171729629e-06, 3.89037921877e-07, 4.94751297708e-08, 3.10928918168e-08, 1.41786596353e-10, 5.15947562452e-10]
    },
    "gfcc": {
        "mean": [-176.670578003, 126.295341492, -160.252563477, -38.7291259766, -52.50207901, -10.4314498901, -28.2662296295, -14.238360405, -16.2721195221, 10.2224092484, -6.86603689194, -14.4956855774, -21.0141277313],
        "cov": [[14461.671875, 1313.96362305, -2342.40478516, -666.768432617, -562.481567383, -165.473205566, -82.4302368164, -269.145782471, 50.1604881287, 303.276733398, 106.381752014, -411.264129639, -240.410385132], [1313.96362305, 938.120727539, 102.273788452, 42.8464317322, -22.3699016571, -206.817932129, -202.281082153, -241.949707031, -17.6900291443, 61.8378334045, 156.808990479, 86.9920883179, -28.7124385834], [-2342.40478516, 102.273788452, 714.066589355, 272.99520874, 113.380241394, -86.9306411743, -110.928222656, -53.1876411438, -33.9414787292, -36.2170906067, 39.5803718567, 146.706314087, 46.3696975708], [-666.768432617, 42.8464317322, 272.99520874, 218.718521118, 61.2988090515, -49.7159233093, -105.704185486, -39.3812103271, -11.4706821442, 5.8498544693, 36.1059761047, 74.6111984253, -5.66555166245], [-562.481567383, -22.3699016571, 113.380241394, 61.2988090515, 113.481590271, 25.6664047241, -3.99851369858, 4.02033662796, -6.01799869537, -9.69041347504, -31.3620624542, 21.6481876373, 3.20888662338], [-165.473205566, -206.817932129, -86.9306411743, -49.7159233093, 25.6664047241, 146.195297241, 88.5136795044, 47.5817718506, 1.50005757809, -33.0426101685, -70.8522949219, -41.233669281, 48.1557235718], [-82.4302368164, -202.281082153, -110.928222656, -105.704185486, -3.99851369858, 88.5136795044, 192.551864624, 111.452804565, -13.6090297699, -72.1110916138, -112.139801025, -81.2648849487, 34.2383346558], [-269.145782471, -241.949707031, -53.1876411438, -39.3812103271, 4.02033662796, 47.5817718506, 111.452804565, 162.597702026, 1.34414410591, -51.5607185364, -86.7547607422, -55.310749054, -32.8546333313], [50.1604881287, -17.6900291443, -33.9414787292, -11.4706821442, -6.01799869537, 1.50005757809, -13.6090297699, 1.34414410591, 62.5640563965, 42.2888641357, 45.9768981934, 4.27331924438, -13.5182342529], [303.276733398, 61.8378334045, -36.2170906067, 5.8498544693, -9.69041347504, -33.0426101685, -72.1110916138, -51.5607185364, 42.2888641357, 108.346099854, 104.917190552, 30.0544700623, -23.4794254303], [106.381752014, 156.808990479, 39.5803718567, 36.1059761047, -31.3620624542, -70.8522949219, -112.139801025, -86.7547607422, 45.9768981934, 104.917190552, 185.032211304, 78.3253479004, -26.8706226349], [-411.264129639, 86.9920883179, 146.706314087, 74.6111984253, 21.6481876373, -41.233669281, -81.2648849487, -55.310749054, 4.27331924438, 30.0544700623, 78.3253479004, 105.486236572, 11.6762123108], [-240.410385132, -28.7124385834, 46.3696975708, -5.66555166245, 3.20888662338, 48.1557235718, 34.2383346558, -32.8546333313, -13.5182342529, -23.4794254303, -26.8706226349, 11.6762123108, 129.350234985]],
        "icov": [[0.000370888359612, -0.000694016867783, 0.00139994686469, -0.000912878720555, 0.000897499499843, 8.96432829904e-05, -9.27900910028e-05, -3.01854834106e-06, 0.00022572830494, -0.00103363825474, 0.000836840481497, 0.000163603253895, -4.33644927398e-05], [-0.000694016867783, 0.00390149583109, -0.00253972248174, 0.00283685838804, -0.00287235039286, 0.00277019944042, 0.000501342117786, 0.0034584547393, -0.000119546464703, 0.00394943123683, -0.0026706373319, 0.000279234256595, 0.000520915840752], [0.00139994686469, -0.00253972248174, 0.00924505386502, -0.00674763740972, 0.00106662837788, 0.00258908374235, -0.000822932226583, -0.00062316399999, 0.000871296215337, -0.00111459195614, 0.00183499150444, -0.00154871784616, -0.00209261500277], [-0.000912878720555, 0.00283685838804, -0.00674763740972, 0.0149806337431, -0.00559969199821, 0.000632980663795, 0.00705781346187, -0.000882364984136, 0.000857823702972, 0.00428929552436, -0.00290063139983, 0.000150108957314, 7.11913962732e-05], [0.000897499499843, -0.00287235039286, 0.00106662837788, -0.00559969199821, 0.019029058516, -0.00597898615524, -0.00307491584681, 0.00158829858992, -0.00119827361777, -0.00968802813441, 0.0113727878779, -0.00555084925145, 0.00435386644676], [8.96432829904e-05, 0.00277019944042, 0.00258908374235, 0.000632980663795, -0.00597898615524, 0.0167739223689, -0.00206592772156, 0.0021400032565, -0.00212993612513, 0.00295031140558, -0.000390556961065, 0.00142233003862, -0.0050215087831], [-9.27900910028e-05, 0.000501342117786, -0.000822932226583, 0.00705781346187, -0.00307491584681, -0.00206592772156, 0.020472669974, -0.009850775823, 0.0014830022119, 0.00617383932695, -0.00275677233003, 0.00674796430394, -0.00643886718899], [-3.01854834106e-06, 0.0034584547393, -0.00062316399999, -0.000882364984136, 0.00158829858992, 0.0021400032565, -0.009850775823, 0.0213190019131, -0.00482616433874, 0.00215633586049, 0.00475283665583, -0.0022403432522, 0.00920974463224], [0.00022572830494, -0.000119546464703, 0.000871296215337, 0.000857823702972, -0.00119827361777, -0.00212993612513, 0.0014830022119, -0.00482616433874, 0.0261202212423, -0.00722945760936, -0.00666259787977, 0.00323775084689, -0.000936275464483], [-0.00103363825474, 0.00394943123683, -0.00111459195614, 0.00428929552436, -0.00968802813441, 0.00295031140558, 0.00617383932695, 0.00215633586049, -0.00722945760936, 0.0337445698678, -0.0187816079706, 0.00503560248762, -0.0013879731996], [0.000836840481497, -0.0026706373319, 0.00183499150444, -0.00290063139983, 0.0113727878779, -0.000390556961065, -0.00275677233003, 0.00475283665583, -0.00666259787977, -0.0187816079706, 0.0282354988158, -0.013041999191, 0.00491514522582], [0.000163603253895, 0.000279234256595, -0.00154871784616, 0.000150108957314, -0.00555084925145, 0.00142233003862, 0.00674796430394, -0.0022403432522, 0.00323775084689, 0.00503560248762, -0.013041999191, 0.0263985861093, -0.00565900001675], [-4.33644927398e-05, 0.000520915840752, -0.00209261500277, 7.11913962732e-05, 0.00435386644676, -0.0050215087831, -0.00643886718899, 0.00920974463224, -0.000936275464483, -0.0013879731996, 0.00491514522582, -0.00565900001675, 0.015506381169]]
    },
    "melbands": {
        "dmean": [5.820268143e-07, 1.24353152842e-06, 2.98269947052e-06, 4.13338193539e-06, 5.31934892933e-06, 1.86291763384e-05, 0.000397955183871, 0.000140574295074, 8.20475033834e-05, 9.1967471235e-05, 0.000299364328384, 4.9469716032e-05, 1.70899438672e-05, 2.38568518398e-05, 2.59623357124e-05, 2.09838217415e-05, 9.64346909313e-05, 3.91675712308e-05, 5.19403965882e-06, 3.09167518253e-07, 1.62674879789e-07, 2.48510417578e-07, 3.34908463628e-07, 5.55714279926e-07, 1.80966580388e-07, 7.16724173344e-08, 9.18600804312e-08, 1.73779341139e-07, 1.68846749915e-08, 2.32912000797e-08, 1.29880168842e-08, 7.07830238866e-09, 4.84452566951e-09, 5.25783150351e-09, 2.34543406918e-09, 1.55703228089e-09, 1.18770471236e-09, 6.07182581991e-10, 9.5898067265e-10, 1.34981970046e-09],
        "dmean2": [9.97785036816e-07, 1.67557925579e-06, 3.81539484806e-06, 4.18823447035e-06, 5.87650356465e-06, 2.53824764513e-05, 0.000541288289241, 0.000188867823454, 9.86008599284e-05, 0.00011339399498, 0.000481606577523, 6.96312854416e-05, 2.56044331763e-05, 3.39440266544e-05, 3.93041045754e-05, 2.9147897294e-05, 0.000139152238262, 5.70485317439e-05, 7.42050224289e-06, 4.67302243123e-07, 2.53043793919e-07, 3.3051827586e-07, 4.78461970488e-07, 8.01544501883e-07, 2.69750671578e-07, 1.06465243732e-07, 1.39529205967e-07, 2.49856128676e-07, 2.64228816604e-08, 3.27171321146e-08, 1.95385947421e-08, 1.12551230558e-08, 7.44821271326e-09, 7.40064720617e-09, 3.50673978744e-09, 2.38048358803e-09, 1.82212811506e-09, 9.52445677882e-10, 1.39677225341e-09, 1.91821469819e-09],
        "dvar": [3.88923458326e-13, 3.04721742631e-12, 1.65753070991e-11, 2.72181010369e-11, 5.31003921389e-11, 2.85555534774e-09, 1.61851539815e-06, 1.39372232866e-07, 6.48194244945e-08, 8.73406307278e-08, 2.09405675378e-06, 2.07916972528e-08, 6.50534959235e-09, 5.50321033188e-09, 2.68663180591e-09, 2.30658381284e-09, 8.30844513189e-08, 6.76703981739e-09, 1.96454241763e-10, 3.46867960787e-13, 4.36213870201e-14, 3.3904939945e-13, 7.49167275525e-13, 4.887881766e-12, 1.20739410223e-13, 2.26661171657e-14, 8.26563549051e-14, 2.365325004e-13, 1.00130094036e-15, 2.16149742656e-15, 5.18793439452e-16, 2.47836122894e-16, 5.26565674809e-17, 9.84547819799e-17, 2.34859637699e-17, 1.22593278757e-17, 6.19881416909e-18, 1.00431296553e-18, 7.07943933461e-18, 1.74206586197e-17],
        "dvar2": [1.05593723869e-12, 4.51726243217e-12, 2.61768055149e-11, 2.76419338807e-11, 6.24303803098e-11, 5.47124257011e-09, 3.63835647477e-06, 2.24538865723e-07, 8.51211936492e-08, 1.39142017019e-07, 6.46897433398e-06, 4.85037290332e-08, 1.23426051601e-08, 1.08740048077e-08, 6.35071550903e-09, 4.26640012208e-09, 1.72253891151e-07, 1.20819860783e-08, 4.40391334511e-10, 6.20275044435e-13, 8.89311343208e-14, 5.34682866558e-13, 1.22774511911e-12, 8.88867712073e-12, 2.10924824156e-13, 4.46122055042e-14, 1.48727533652e-13, 3.96571908342e-13, 2.50395284714e-15, 3.69132977359e-15, 1.12440648545e-15, 5.91253614079e-16, 1.23889884367e-16, 1.89581048135e-16, 4.74349633944e-17, 2.38878676685e-17, 1.39417437584e-17, 2.38530040736e-18, 1.1122680798e-17, 3.00373003958e-17],
        "max": [9.40564586926e-06, 3.03767847072e-05, 0.000100016091892, 0.000148515435285, 0.000161473173648, 0.00101430213545, 0.0169568173587, 0.00702820159495, 0.00693000899628, 0.00499717984349, 0.0232668407261, 0.00175745401066, 0.00179464672692, 0.00150232960004, 0.000725020188838, 0.000540167500731, 0.00559103908017, 0.00100310111884, 0.000247732707066, 1.48866065501e-05, 2.73465298051e-06, 1.2914160834e-05, 2.57510237134e-05, 7.40886025596e-05, 4.49063054475e-06, 2.07217067327e-06, 6.29484429737e-06, 9.12964060262e-06, 4.29743693076e-07, 5.31101932211e-07, 2.52488177921e-07, 2.14266563603e-07, 9.4165130804e-08, 1.46257050915e-07, 7.04293299236e-08, 6.54555805113e-08, 4.91116232126e-08, 1.33723325746e-08, 6.74117046628e-08, 1.05843135145e-07],
        "mean": [1.87571788501e-06, 5.72483486394e-06, 1.54356748681e-05, 1.93267478608e-05, 1.96507226065e-05, 4.57338501292e-05, 0.000920454505831, 0.000320791092236, 0.00028257604572, 0.000208908924833, 0.000608495785855, 9.21886021388e-05, 4.12366025557e-05, 5.76308520976e-05, 6.92692919984e-05, 4.20074102294e-05, 0.000245907285716, 7.87991302786e-05, 1.01670239019e-05, 7.7095432971e-07, 3.59168353725e-07, 6.00499618031e-07, 8.34736056277e-07, 1.67748476088e-06, 5.14010366715e-07, 1.69408025386e-07, 1.74122462226e-07, 2.86160457108e-07, 3.92077978972e-08, 5.3423434565e-08, 3.2686404694e-08, 2.03095158469e-08, 1.39059599391e-08, 1.35088589204e-08, 5.50766143803e-09, 3.36435390658e-09, 2.99474889331e-09, 1.50269097166e-09, 2.17892592858e-09, 2.54648990783e-09],
        "median": [1.43583667978e-06, 3.76058756046e-06, 8.17431282485e-06, 8.87654368853e-06, 1.06253737613e-05, 1.56258702191e-05, 3.47625718859e-05, 6.61453304929e-05, 2.65248127107e-05, 5.47698755327e-06, 6.24712538411e-06, 1.20820241136e-05, 9.0058239266e-07, 1.92749644157e-06, 2.66151200776e-05, 1.19825090223e-05, 1.788130362e-06, 2.48475207627e-05, 2.64770983449e-06, 3.09417401922e-07, 2.455057313e-07, 1.87845813571e-07, 2.15578040752e-07, 3.53947143594e-07, 1.86142244729e-07, 6.00767933179e-08, 7.62293055345e-08, 1.24255421952e-07, 2.18943725372e-08, 1.68259539635e-08, 1.22745316133e-08, 6.32648733401e-09, 7.87476306385e-09, 5.49189493881e-09, 1.63252000807e-09, 1.47605894174e-09, 1.2908566438e-09, 7.77050424006e-10, 7.51514683817e-10, 5.33556421267e-10],
        "min": [1.33986462807e-23, 1.06256881806e-23, 6.55655785475e-24, 3.09430256199e-24, 7.68381523919e-24, 2.29017143957e-23, 9.75067183163e-24, 9.77821096584e-24, 5.77591569687e-24, 1.57297933645e-23, 1.63319656034e-23, 3.46427162123e-24, 4.20504632668e-24, 5.72337322184e-24, 6.0982359797e-24, 1.46407424859e-23, 1.25538354158e-23, 7.33245028112e-24, 1.49406579357e-23, 5.99177012864e-24, 7.00664914954e-24, 5.45836210605e-24, 1.490777348e-23, 1.40063862998e-23, 1.05486803679e-23, 9.98714866519e-24, 1.34489866505e-23, 1.08228331983e-23, 1.19513957531e-23, 1.25810945044e-23, 9.41859767814e-24, 8.19620642954e-24, 1.17794390641e-23, 1.01927242394e-23, 9.05228538363e-24, 9.95511223497e-24, 1.51078948699e-23, 1.01337008776e-23, 1.07645702984e-23, 1.41157350431e-23],
