{
"metadata": {
    "version": {
        "essentia": "2.0.1",
        "extractor": "archive-music 1.0"
    },
    "audio_properties": {
        "analysis_sample_rate": 44100,
        "bitrate": 128,
        "channels": 2,
        "equal_loudness": 0,
        "length": 15.3599996567,
        "replay_gain": -1.75605201721,
        "downmix": "mix"
    },
    "tags": {
        "track": 0,
        "year": 0,
        "album": "",
        "artist": "",
        "comment": "",
        "genre": "",
        "title": ""
    }
},
"highlevel": {
    "culture": {
        "all": {
            "non_western": 0.0833018645644,
            "western": 0.916698157787
        },
        "probability": 0.916698157787,
        "value": "western"
    },
    "danceability": {
        "all": {
            "danceable": 0.5,
            "not_danceable": 0.5
        },
        "probability": 0.5,
        "value": "danceable"
    },
    "gender": {
        "all": {
            "female": 0.150129035115,
            "male": 0.849870979786
        },
        "probability": 0.849870979786,
        "value": "male"
    },
    "genre_dortmund": {
        "all": {
            "alternative": 0.0705645084381,
            "blues": 0.0735295936465,
            "electronic": 0.0110074663535,
            "folkcountry": 0.155232474208,
            "funksoulrnb": 0.0100312670693,
            "jazz": 0.599382817745,
            "pop": 0.0195066705346,
            "raphiphop": 0.0042350362055,
            "rock": 0.056510169059
        },
        "probability": 0.599382817745,
        "value": "jazz"
    },
    "genre_electronic": {
        "all": {
            "ambient": 0.912818610668,
            "dnb": 0.0126566141844,
            "house": 0.0344999060035,
            "techno": 0.00516177574173,
            "trance": 0.0348630659282
        },
        "probability": 0.912818610668,
        "value": "ambient"
    },
    "genre_rosamerica": {
        "all": {
            "cla": 0.266734808683,
            "dan": 0.0197541620582,
            "hip": 0.0241527501494,
            "jaz": 0.138413757086,
            "pop": 0.106907390058,
            "rhy": 0.074077501893,
            "roc": 0.327757239342,
            "spe": 0.042202398181
        },
        "probability": 0.327757239342,
        "value": "roc"
    },
    "genre_tzanetakis": {
        "all": {
            "blu": 0.0396712347865,
            "cla": 0.191468164325,
            "cou": 0.0400794520974,
            "dis": 0.0397435761988,
            "hip": 0.023099353537,
            "jaz": 0.2102625072,
            "met": 0.0146344359964,
            "pop": 0.0895898640156,
            "reg": 0.144709616899,
            "roc": 0.206741780043
        },
        "probability": 0.2102625072,
        "value": "jaz"
    },
    "mirex_ballroom": {
        "all": {
            "ChaChaCha": 0.0156816672534,
            "Jive": 0.0111510725692,
            "Quickstep": 0.0649621337652,
            "Rumba-American": 0.00522064277902,
            "Rumba-International": 0.0881312191486,
            "Rumba-Misc": 0.0186272449791,
            "Samba": 0.00834594573826,
            "Tango": 0.573254168034,
            "VienneseWaltz": 0.0984617248178,
            "Waltz": 0.116164192557
        },
        "probability": 0.573254168034,
        "value": "Tango"
    },
    "mood_acoustic": {
        "all": {
            "acoustic": 0.858141958714,
            "not_acoustic": 0.141858056188
        },
        "probability": 0.858141958714,
        "value": "acoustic"
    },
    "mood_aggressive": {
        "all": {
            "aggressive": 0.0855002775788,
            "not_aggressive": 0.914499700069
        },
        "probability": 0.914499700069,
        "value": "not_aggressive"
    },
    "mood_electronic": {
        "all": {
            "electronic": 0.373468548059,
            "not_electronic": 0.626531481743
        },
        "probability": 0.626531481743,
        "value": "not_electronic"
    },
    "mood_happy": {
        "all": {
            "happy": 0.307657122612,
            "not_happy": 0.692342877388
        },
        "probability": 0.692342877388,
        "value": "not_happy"
    },
    "mood_party": {
        "all": {
            "not_party": 0.832003831863,
            "party": 0.167996183038
        },
        "probability": 0.832003831863,
        "value": "not_party"
    },
    "mood_relaxed": {
        "all": {
            "not_relaxed": 0.349067568779,
            "relaxed": 0.650932431221
        },
        "probability": 0.650932431221,
        "value": "relaxed"
    },
    "mood_sad": {
        "all": {
            "not_sad": 0.376455128193,
            "sad": 0.623544871807
        },
        "probability": 0.623544871807,
        "value": "sad"
    },
    "moods_mirex": {
        "all": {
            "Cluster1": 0.248818621039,
            "Cluster2": 0.417502224445,
            "Cluster3": 0.161429017782,
            "Cluster4": 0.155261024833,
            "Cluster5": 0.0169891361147
        },
        "probability": 0.417502224445,
        "value": "Cluster2"
    },
    "timbre": {
        "all": {
            "bright": 0.999995946884,
            "dark": 4.0627942326e-06
        },
        "probability": 0.999995946884,
        "value": "bright"
    },
    "tonal_atonal": {
        "all": {
            "atonal": 0.0458631254733,
            "tonal": 0.95413684845
        },
        "probability": 0.95413684845,
        "value": "tonal"
    },
    "voice_instrumental": {
        "all": {
            "instrumental": 0.907399594784,
            "voice": 0.092600427568
        },
        "probability": 0.907399594784,
        "value": "instrumental"
    }
},
"lowlevel": {
    "average_loudness": 0.956875383854,
    "barkbands_kurtosis": {
        "dmean": 2.16125369072,
        "dmean2": 3.38659644127,
        "dvar": 5.59278583527,
        "dvar2": 12.6905536652,
        "max": 23.1989860535,
        "mean": 3.25794291496,
        "median": 2.44114494324,
        "min": -1.19856572151,
        "var": 11.2576885223
    },
    "barkbands_skewness": {
        "dmean": 0.477481424809,
        "dmean2": 0.71570533514,
        "dvar": 0.178199723363,
        "dvar2": 0.386306285858,
        "max": 3.99815106392,
        "mean": 1.5080742836,
        "median": 1.48904919624,
        "min": -2.06834053993,
        "var": 0.58239710331
    },
    "barkbands_spread": {
        "dmean": 3.63956022263,
        "dmean2": 5.63060760498,
        "dvar": 18.3661003113,
        "dvar2": 40.7212333679,
        "max": 73.6438980103,
        "mean": 13.5853633881,
        "median": 12.2341241837,
        "min": 2.59344339371,
        "var": 47.0720939636
    },
    "dissonance": {
        "dmean": 0.0263134650886,
        "dmean2": 0.042566344142,
        "dvar": 0.000482229545014,
        "dvar2": 0.00119040370919,
        "max": 0.498724639416,
        "mean": 0.439274758101,
        "median": 0.444895982742,
        "min": 0.276449590921,
        "var": 0.00119996676221
    },
    "dynamic_complexity": 3.36918759346,
    "erbbands_kurtosis": {
        "dmean": 0.713109254837,
        "dmean2": 1.11801803112,
        "dvar": 0.599660873413,
        "dvar2": 1.19051194191,
        "max": 7.3564825058,
        "mean": 0.0823278427124,
        "median": -0.175675630569,
        "min": -1.67396175861,
        "var": 1.54515993595
    },
    "erbbands_skewness": {
        "dmean": 0.350420087576,
        "dmean2": 0.532775044441,
        "dvar": 0.0943176299334,
        "dvar2": 0.210827961564,
        "max": 2.39560270309,
        "mean": 0.369871079922,
        "median": 0.339348554611,
        "min": -1.37939584255,
        "var": 0.290883928537
    },
    "erbbands_spread": {
        "dmean": 6.22289800644,
        "dmean2": 8.83048820496,
        "dvar": 26.0459899902,
        "dvar2": 60.3185157776,
        "max": 63.5995063782,
        "mean": 28.7169704437,
        "median": 27.5896930695,
        "min": 8.34510707855,
        "var": 86.7125930786
    },
    "hfc": {
        "dmean": 4.39794635773,
        "dmean2": 5.28630399704,
        "dvar": 27.0841140747,
        "dvar2": 44.1858673096,
        "max": 78.2310714722,
        "mean": 12.9593143463,
        "median": 10.2363653183,
        "min": 1.26495635645e-16,
        "var": 117.459602356
    },
    "melbands_kurtosis": {
        "dmean": 4.33499956131,
        "dmean2": 6.68849849701,
        "dvar": 23.5326366425,
        "dvar2": 53.5391616821,
        "max": 47.1557693481,
        "mean": 8.12571239471,
        "median": 6.29934692383,
        "min": -1.34364652634,
        "var": 46.7039222717
    },
    "melbands_skewness": {
        "dmean": 0.638664484024,
        "dmean2": 0.9281463027,
        "dvar": 0.308007180691,
        "dvar2": 0.699907958508,
        "max": 5.41243648529,
        "mean": 2.2359316349,
        "median": 2.14014053345,
        "min": -0.0624314472079,
        "var": 0.934438586235
    },
    "melbands_spread": {
        "dmean": 4.39921522141,
        "dmean2": 6.9806728363,
        "dvar": 62.9995880127,
        "dvar2": 126.748748779,
        "max": 165.015762329,
        "mean": 15.417673111,
        "median": 13.1582546234,
        "min": 2.47070121765,
        "var": 202.966674805
    },
    "pitch_salience": {
        "dmean": 0.0703227967024,
        "dmean2": 0.112836748362,
        "dvar": 0.00289692729712,
        "dvar2": 0.00775165949017,
        "max": 0.985806405544,
        "mean": 0.519682109356,
        "median": 0.517816245556,
        "min": 0.251366049051,
        "var": 0.00829212553799
    },
    "silence_rate_20dB": {
        "dmean": 0,
        "dmean2": 0,
        "dvar": 0,
        "dvar2": 0,
        "max": 1,
        "mean": 1,
        "median": 1,
        "min": 1,
        "var": 0
    },
    "silence_rate_30dB": {
        "dmean": 0.0181268882006,
        "dmean2": 0.0363086238503,
        "dvar": 0.0177983418107,
        "dvar2": 0.0440672263503,
        "max": 1,
        "mean": 0.978883862495,
        "median": 1,
        "min": 0,
        "var": 0.020670266822
    },
    "silence_rate_60dB": {
        "dmean": 0.0120845921338,
        "dmean2": 0.0242057479918,
        "dvar": 0.0119384434074,
        "dvar2": 0.0266452189535,
        "max": 1,
        "mean": 0.0799396708608,
        "median": 0,
        "min": 0,
        "var": 0.0735486894846
    },
    "spectral_centroid": {
        "dmean": 185.810058594,
        "dmean2": 283.13394165,
        "dvar": 121948.039062,
        "dvar2": 173067.359375,
        "max": 11002.7626953,
        "mean": 844.014160156,
        "median": 744.395446777,
        "min": 257.344543457,
        "var": 326590.75
    },
    "spectral_complexity": {
        "dmean": 2.26888227463,
        "dmean2": 3.21331310272,
        "dvar": 4.11198806763,
        "dvar2": 8.19201660156,
        "max": 30,
        "mean": 14.948718071,
        "median": 15,
        "min": 0,
        "var": 32.8512077332
    },
    "spectral_crest": {
        "dmean": 2.38942527771,
        "dmean2": 3.84624123573,
        "dvar": 4.20805835724,
        "dvar2": 11.0269517899,
        "max": 18.827041626,
        "mean": 9.2006521225,
        "median": 8.72190761566,
        "min": 3.4059946537,
        "var": 9.10627269745
    },
    "spectral_decrease": {
        "dmean": 3.11085202043e-09,
        "dmean2": 4.39083081005e-09,
        "dvar": 1.88874996543e-17,
        "dvar2": 3.64743107348e-17,
        "max": 1.71589945986e-28,
        "mean": -8.15572942514e-09,
        "median": -6.42955733099e-09,
        "min": -8.65664731009e-08,
        "var": 5.8665607806e-17
    },
    "spectral_energy": {
        "dmean": 0.0120738800615,
        "dmean2": 0.0169711206108,
        "dvar": 0.000281134591205,
        "dvar2": 0.00053961557569,
        "max": 0.333817571402,
        "mean": 0.0319570153952,
        "median": 0.0251442398876,
        "min": 1.08258999424e-20,
        "var": 0.000886100810021
    },
    "spectral_energyband_high": {
        "dmean": 3.57571807399e-05,
        "dmean2": 5.07747936354e-05,
        "dvar": 3.11472603265e-09,
        "dvar2": 6.33139496387e-09,
        "max": 0.00076952658128,
        "mean": 8.7437525508e-05,
        "median": 5.16720101587e-05,
        "min": 8.0838325625e-21,
        "var": 1.1315497872e-08
    },
    "spectral_energyband_low": {
        "dmean": 0.00781612191349,
        "dmean2": 0.0126148182899,
        "dvar": 0.000164910015883,
        "dvar2": 0.000345012871549,
        "max": 0.234344780445,
        "mean": 0.0142295453697,
        "median": 0.00894444622099,
        "min": 5.71407799491e-23,
        "var": 0.000343708961736
    },
    "spectral_energyband_middle_high": {
        "dmean": 0.00153121503536,
        "dmean2": 0.00196169363335,
        "dvar": 3.41377494806e-06,
        "dvar2": 5.29116323378e-06,
        "max": 0.0195664316416,
        "mean": 0.0037047737278,
        "median": 0.00247869547457,
        "min": 1.27737527652e-21,
        "var": 1.20386475828e-05
    },
    "spectral_energyband_middle_low": {
        "dmean": 0.00817074906081,
        "dmean2": 0.0114030642435,
        "dvar": 0.000167691541719,
        "dvar2": 0.000359790195944,
        "max": 0.245792880654,
        "mean": 0.0176851358265,
        "median": 0.0127635998651,
        "min": 3.33773662809e-22,
        "var": 0.000383865553886
    },
    "spectral_flatness_db": {
        "dmean": 0.020132528618,
        "dmean2": 0.0308722760528,
        "dvar": 0.000294010707876,
        "dvar2": 0.000667766784318,
        "max": 0.28445148468,
        "mean": 0.180832624435,
        "median": 0.180586978793,
        "min": 0.0355204194784,
        "var": 0.00133611471392
    },
    "spectral_flux": {
        "dmean": 0.0239346604794,
        "dmean2": 0.0389544926584,
        "dvar": 0.000611647614278,
        "dvar2": 0.00159565580543,
        "max": 0.342956185341,
        "mean": 0.083001293242,
        "median": 0.0795741155744,
        "min": 1.04047583049e-10,
        "var": 0.00198972527869
    },
    "spectral_kurtosis": {
        "dmean": 3.79163551331,
        "dmean2": 6.54160070419,
        "dvar": 12.2722129822,
        "dvar2": 33.6786842346,
        "max": 39.3196983337,
        "mean": 10.0243377686,
        "median": 8.92421245575,
        "min": -1.2338104248,
        "var": 26.5416316986
    },
    "spectral_rms": {
        "dmean": 0.000975706148893,
        "dmean2": 0.00134249438997,
        "dvar": 8.91368131306e-07,
        "dvar2": 1.66333484231e-06,
        "max": 0.0180464871228,
        "mean": 0.00504623586312,
        "median": 0.0049528745003,
        "min": 3.24990056567e-12,
        "var": 5.71306782149e-06
    },
    "spectral_rolloff": {
        "dmean": 294.828918457,
        "dmean2": 490.018707275,
        "dvar": 827784.625,
        "dvar2": 1452573.5,
        "max": 19078.4179688,
        "mean": 936.385864258,
        "median": 645.99609375,
        "min": 150.732421875,
        "var": 3330601.75
    },
    "spectral_skewness": {
        "dmean": 0.35555228591,
        "dmean2": 0.586300134659,
        "dvar": 0.086612612009,
        "dvar2": 0.220256328583,
        "max": 4.37919092178,
        "mean": 2.18377304077,
        "median": 2.11542797089,
        "min": -0.00113806955051,
        "var": 0.267895370722
    },
    "spectral_spread": {
        "dmean": 327060.34375,
        "dmean2": 459338.03125,
        "dvar": 1.55525736038e+12,
        "dvar2": 1.54338721792e+12,
        "max": 41140644,
        "mean": 2815858.75,
        "median": 2655412,
        "min": 1702339.5,
        "var": 2.9664125911e+12
    },
    "spectral_strongpeak": {
        "dmean": 0.43626844883,
        "dmean2": 0.705090284348,
        "dvar": 0.348178237677,
        "dvar2": 0.741339504719,
        "max": 5.41144275665,
        "mean": 0.756407797337,
        "median": 0.454261720181,
        "min": 0,
        "var": 0.660907447338
    },
    "zerocrossingrate": {
        "dmean": 0.00606147339568,
        "dmean2": 0.00816042814404,
        "dvar": 0.00039305788232,
        "dvar2": 0.000555741426069,
        "max": 0.52197265625,
        "mean": 0.0358013994992,
        "median": 0.0302734375,
        "min": 0.01123046875,
        "var": 0.00205801613629
    },
    "barkbands": {
        "dmean": [6.04184288022e-06, 0.00276873540133, 0.00356079475023, 0.00455379672348, 0.00185822031926, 0.00125205866061, 0.00126591301523, 0.00201966473833, 0.000677256612107, 0.000659837562125, 0.000358422315912, 0.000406532839406, 0.000343266321579, 0.000202590890694, 0.000160779207363, 0.000175293360371, 0.000154736932018, 7.84509247751e-05, 4.29417232226e-05, 1.94011900021e-05, 2.20125511987e-05, 9.95841037366e-06, 3.23783478962e-06, 2.41895349973e-06, 8.72564328347e-07, 3.87692608683e-07, 4.36195293219e-08],
        "dmean2": [1.04473983811e-05, 0.00441491883248, 0.00587053596973, 0.00754662742838, 0.00286226556636, 0.00179111072794, 0.00175318866968, 0.00290521723218, 0.000996001297608, 0.000971594417933, 0.000530574994627, 0.000637751247268, 0.00050397781888, 0.000311506824801, 0.000241008150624, 0.000250201643212, 0.000248992873821, 0.00012028371566, 6.45629770588e-05, 2.94276287605e-05, 3.32622803398e-05, 1.57030572154e-05, 5.0157213991e-06, 3.56140071744e-06, 1.25385997762e-06, 5.86764770105e-07, 6.94403112789e-08],
        "dvar": [6.04565147944e-11, 2.16446496779e-05, 2.67325995083e-05, 0.000132442175527, 6.3634520302e-06, 3.74239516532e-06, 4.03147714678e-06, 2.32453476201e-05, 1.52669474573e-06, 1.19384901609e-06, 4.03146401595e-07, 6.41194958462e-07, 7.02583861312e-07, 1.21141383147e-07, 5.43589173674e-08, 7.58006208912e-08, 5.25319521216e-08, 1.18194734e-08, 5.28121368859e-09, 6.02176419839e-10, 2.03747463345e-09, 4.29735469432e-10, 2.75634359087e-11, 2.30279770946e-11, 1.97659683759e-12, 4.58323212282e-13, 8.16617772888e-15],
        "dvar2": [1.63758673288e-10, 6.2770297518e-05, 6.89667867846e-05, 0.000309139868477, 1.4877790818e-05, 7.39469123801e-06, 6.85632767272e-06, 4.39957439085e-05, 2.75563093055e-06, 2.86820295514e-06, 7.17006457762e-07, 1.3787636135e-06, 1.34625884129e-06, 2.57445293528e-07, 1.04793286937e-07, 1.43901758065e-07, 1.2850011899e-07, 2.76688894019e-08, 1.04926733968e-08, 1.3813059585e-09, 4.60510340972e-09, 9.47403155926e-10, 6.33063046429e-11, 5.43971916123e-11, 4.32984594359e-12, 1.03902617846e-12, 1.96285452085e-14],
        "max": [9.11814568099e-05, 0.0681929886341, 0.0667499154806, 0.211130261421, 0.0362014621496, 0.0244073439389, 0.0229176692665, 0.0860412344337, 0.0162801407278, 0.0115015367046, 0.0085635157302, 0.00924185942858, 0.00952270347625, 0.003873788286, 0.00362239894457, 0.00483232550323, 0.00271085673012, 0.00113707280252, 0.00151381723117, 0.000275821745163, 0.000580191146582, 0.000300017971313, 6.86150160618e-05, 6.54865652905e-05, 2.49171807809e-05, 9.55775431066e-06, 1.32567026867e-06],
        "mean": [7.04256808604e-06, 0.00517868902534, 0.00558671634644, 0.00486608687788, 0.00365856615826, 0.00227757450193, 0.00223234295845, 0.00313814519905, 0.00094694114523, 0.0010271492647, 0.000513121893164, 0.000589034811128, 0.000473333027912, 0.000322815816617, 0.000271572032943, 0.000301559077343, 0.000254756596405, 0.000130124855787, 7.42947377148e-05, 3.63500948879e-05, 3.85374805774e-05, 1.84406162589e-05, 6.58206909065e-06, 4.45739487986e-06, 1.96965902433e-06, 8.10880123936e-07, 7.05485874164e-08],
        "median": [3.89751448893e-06, 0.00337053928524, 0.00292911753058, 0.00173414405435, 0.00194285332691, 0.0011958257528, 0.00101634359453, 0.000763975316659, 0.000384569866583, 0.000463379721623, 0.000201314818696, 0.000250914803473, 0.000154521228978, 0.000155583664309, 0.000144686491694, 0.000132334433147, 0.000163396674907, 7.50546678319e-05, 4.1490620788e-05, 2.08885685424e-05, 1.53328128363e-05, 9.55342693487e-06, 4.05265245718e-06, 2.09195195566e-06, 9.87547537079e-07, 4.51712139693e-07, 3.03007752223e-08],
        "min": [1.17638969266e-23, 1.96998605101e-23, 9.43233095764e-24, 4.05807909457e-23, 6.90879836954e-23, 2.0425300154e-23, 4.58148167875e-23, 6.22934426772e-23, 9.0503436814e-23, 8.48919852052e-23, 4.97188073659e-23, 3.77703035769e-23, 1.25706474616e-22, 7.32024549851e-23, 9.76765174708e-23, 8.37372001251e-23, 1.56546518389e-22, 1.90738173402e-22, 3.09813369654e-22, 2.37654861636e-22, 5.12362153959e-22, 5.16065635028e-22, 5.77775055578e-22, 6.40090927148e-22, 1.04915400487e-21, 2.21753187786e-21, 2.59045462481e-21],
        "var": [8.04062788573e-11, 3.69354856957e-05, 6.06450303167e-05, 0.00015693900059, 2.44026523433e-05, 9.6808280432e-06, 1.05247318061e-05, 5.19592758792e-05, 2.94622418551e-06, 2.10189091376e-06, 8.10520191408e-07, 1.11700637717e-06, 1.13240798782e-06, 2.48612764153e-07, 1.2854118836e-07, 2.16017696175e-07, 9.86646710999e-08, 2.55350123268e-08, 1.26347279306e-08, 1.59627433494e-09, 4.47021930583e-09, 8.66046068193e-10, 7.39649591575e-11, 5.17986452342e-11, 9.02618084442e-12, 1.30973454738e-12, 2.04739095008e-14]
    },
    "erbbands": {
        "dmean": [0.0392709821463, 0.754741728306, 3.03483843803, 12.5215415955, 6.99767303467, 7.71344614029, 6.28366947174, 11.3402137756, 17.6335334778, 35.7008399963, 31.2995872498, 15.301410675, 22.2224388123, 13.5273571014, 15.0359764099, 18.9019241333, 16.8785400391, 10.7907152176, 8.11971187592, 9.06756401062, 9.31052684784, 6.46749734879, 3.34853100777, 4.04684305191, 1.23474502563, 1.02295994759, 1.03445374966, 0.63935559988, 0.311338365078, 0.147133439779, 0.0991322472692, 0.0724211782217, 0.0257036816329, 0.0110994493589, 0.00642812298611, 0.00228922325186, 0.000700140488334, 0.000126441314933, 7.58298801884e-06, 1.33974072014e-05],
        "dmean2": [0.0560880415142, 1.21796298027, 4.99929952621, 20.6198692322, 11.3807535172, 12.2043294907, 8.69269657135, 16.6903934479, 23.9779624939, 47.8857841492, 47.5947647095, 22.7354221344, 32.4971466064, 19.5060329437, 22.3831005096, 29.1362304688, 24.563709259, 16.3967189789, 11.5516490936, 13.8047571182, 13.62129879, 10.3050117493, 5.14026737213, 6.15490579605, 1.84475338459, 1.55748021603, 1.61741685867, 0.975603044033, 0.485253691673, 0.226965785027, 0.154397979379, 0.107451483607, 0.0386265292764, 0.0166072752327, 0.00940260663629, 0.00349117233418, 0.00104097207077, 0.000185437558684, 1.05114550024e-05, 1.87101486517e-05],
        "dvar": [0.00344696361572, 1.57701086998, 17.7440071106, 808.082336426, 165.455322266, 123.84903717, 86.2549514771, 396.479309082, 709.23626709, 5787.29833984, 4488.30371094, 831.309020996, 1656.31762695, 467.008880615, 625.639038086, 1453.89770508, 1727.85498047, 301.327911377, 178.139450073, 213.212280273, 178.094345093, 93.0671768188, 19.6092376709, 32.5551719666, 2.68318247795, 1.83054578304, 4.40573501587, 1.31839740276, 0.262918412685, 0.0665096417069, 0.0359900481999, 0.0248842015862, 0.00202858587727, 0.000259597378317, 0.000164051030879, 1.97799654416e-05, 1.85540295661e-06, 4.79784993956e-08, 1.04172163951e-10, 3.3989119852e-10],
        "dvar2": [0.00814461428672, 4.54960727692, 42.8008613586, 1861.74279785, 427.944396973, 306.909484863, 158.93132019, 844.602294922, 1309.87512207, 10384.3955078, 9797.49804688, 1534.63024902, 4153.55810547, 839.110839844, 1129.29504395, 3133.51074219, 3377.81738281, 675.128845215, 347.400512695, 438.755523682, 347.845794678, 239.065811157, 44.2482528687, 69.6921768188, 5.70082521439, 4.30685567856, 9.69265079498, 2.81668114662, 0.658015370369, 0.159650117159, 0.0860046446323, 0.0584933385253, 0.00476462207735, 0.000563778972719, 0.000364371575415, 4.81480965391e-05, 3.55218821824e-06, 1.0685052132e-07, 1.93034602192e-10, 6.46114162173e-10],
        "max": [0.830061554909, 18.7503948212, 49.1882667542, 533.915710449, 214.343612671, 154.611618042, 164.657043457, 299.461090088, 321.77130127, 1112.13647461, 1021.20068359, 328.843566895, 507.161865234, 322.962310791, 405.041748047, 433.093597412, 499.153656006, 213.743789673, 222.162994385, 168.530654907, 160.590530396, 101.706878662, 51.2541046143, 72.5245742798, 29.8506011963, 11.5790338516, 24.7294216156, 12.9246644974, 5.86697912216, 4.05528211594, 3.06507539749, 2.28289914131, 0.513464868069, 0.24444372952, 0.298245757818, 0.0587521009147, 0.0274538006634, 0.00350459455512, 0.000212357903365, 0.000368925917428],
        "mean": [0.0923697948456, 1.42120230198, 5.37936973572, 14.4426212311, 10.9373760223, 13.9452505112, 12.1743793488, 19.1326847076, 31.6574611664, 58.378742218, 47.042678833, 23.1006526947, 35.0651512146, 21.8322734833, 23.5910663605, 27.8999252319, 24.1871471405, 18.0513725281, 14.1657552719, 16.0121841431, 17.4310073853, 11.5075778961, 6.61241006851, 7.10242938995, 2.40924906731, 1.91056311131, 1.86810159683, 1.09602236748, 0.606595337391, 0.290722668171, 0.200183108449, 0.129359036684, 0.0511064082384, 0.0254217665642, 0.0135134253651, 0.00446487730369, 0.001446874463, 0.000273084500805, 2.22600247071e-05, 3.60985504813e-05],
        "median": [0.0607668273151, 0.905214011669, 2.72043013573, 6.35134267807, 5.37678909302, 6.53201389313, 6.04303216934, 9.35354328156, 15.1813077927, 19.6125411987, 16.7594337463, 10.9516706467, 15.9605064392, 10.6142978668, 11.4965515137, 11.8728227615, 9.29756259918, 8.94633197784, 7.24170064926, 8.60455417633, 9.31116771698, 7.84314584732, 4.54036092758, 4.48800134659, 1.74271714687, 1.16378831863, 0.890573501587, 0.523454070091, 0.348857015371, 0.166484341025, 0.109848901629, 0.0650636255741, 0.0272726062685, 0.0141133666039, 0.00600261660293, 0.00240561040118, 0.000757521018386, 0.000147126236698, 1.72313284565e-05, 2.85492205876e-05],
        "min": [7.56829870808e-22, 4.17203001446e-21, 1.4280379856e-20, 7.75831243454e-20, 1.6784527312e-19, 1.59598618455e-19, 3.27063336794e-19, 2.11073563911e-19, 7.11679987755e-19, 6.50457920777e-19, 1.50834327087e-18, 1.95015253355e-18, 1.92531312694e-18, 2.89515034191e-18, 2.24877011136e-18, 2.31056443222e-18, 5.28119707298e-18, 3.94895776279e-18, 4.21403606189e-18, 4.48300541859e-18, 5.5455449716e-18, 7.86952751413e-18, 8.75729000757e-18, 1.48402720075e-17, 1.38253511744e-17, 1.17175692422e-17, 1.87350635023e-17, 2.14904352099e-17, 1.90069494978e-17, 1.75116584132e-17, 1.5781348773e-17, 1.37643689381e-17, 1.19467396309e-17, 1.22716371503e-17, 7.19161412465e-18, 7.38496014821e-18, 4.20012867425e-18, 1.3828661758e-18, 3.33205747379e-19, 4.36716692928e-20],
        "var": [0.0114404698834, 2.68059587479, 53.9390602112, 1034.17565918, 269.135925293, 410.247161865, 333.873718262, 865.814880371, 1846.36193848, 14602.4658203, 8126.22119141, 1490.48083496, 2957.34619141, 910.048156738, 1329.27575684, 2490.09204102, 2758.66308594, 685.215881348, 396.082061768, 508.491699219, 522.910095215, 164.828872681, 50.2300224304, 74.0864334106, 6.72001171112, 4.26874828339, 9.70308113098, 2.83225703239, 0.630887567997, 0.178789794445, 0.110646821558, 0.0467672869563, 0.00484874006361, 0.0010644212598, 0.000679294753354, 4.20843498432e-05, 6.42573786536e-06, 1.61872577564e-07, 4.43174968945e-10, 1.1025462765e-09]
    },
    "gfcc": {
        "mean": [-52.2603569031, 150.537689209, -123.633811951, 25.532333374, -43.6098976135, 3.73210334778, -28.3790683746, 4.86667585373, -14.7536220551, -3.19977259636, -13.7104606628, -4.21005058289, -10.8017339706],
        "cov": [[18799.34375, 1955.31115723, -1257.1895752, 400.517272949, -465.452453613, 43.0178413391, -324.641784668, 81.9041748047, -68.5547027588, 32.4516220093, -119.840927124, -125.45514679, -176.065490723], [1955.31115723, 776.105773926, -113.096038818, -90.8849945068, 51.4860610962, -55.4478263855, -15.0295801163, -37.8985557556, 20.2033309937, -65.660118103, 20.1611690521, -50.6340332031, 8.03510761261], [-1257.1895752, -113.096038818, 306.650268555, 2.93079853058, 40.6387557983, 2.0124745369, 35.6058883667, -4.26094579697, 3.22625017166, -9.77768707275, -9.0960483551, -8.49361038208, 16.7897567749], [400.517272949, -90.8849945068, 2.93079853058, 181.61529541, 4.95685386658, 1.39331638813, -10.8782081604, 24.6725635529, 9.21713733673, 13.2747278214, -18.2014694214, 10.6424026489, 4.24140644073], [-465.452453613, 51.4860610962, 40.6387557983, 4.95685386658, 136.357376099, 16.5203475952, 9.99657535553, -6.87656211853, 14.1273822784, -21.8230400085, 9.2712097168, -12.1859817505, -0.804328680038], [43.0178413391, -55.4478263855, 2.0124745369, 1.39331638813, 16.5203475952, 89.2956924438, 27.3662910461, 5.66636610031, -11.5845460892, 0.200511828065, -8.15381336212, -4.72361421585, -11.3001861572], [-324.641784668, -15.0295801163, 35.6058883667, -10.8782081604, 9.99657535553, 27.3662910461, 97.8561706543, 22.87707901, -0.957157671452, -2.34137034416, -1.97560405731, -1.59413385391, 1.43164336681], [81.9041748047, -37.8985557556, -4.26094579697, 24.6725635529, -6.87656211853, 5.66636610031, 22.87707901, 68.3769378662, 28.4636688232, 8.43253421783, -4.39643144608, 0.689160466194, -7.85482931137], [-68.5547027588, 20.2033309937, 3.22625017166, 9.21713733673, 14.1273822784, -11.5845460892, -0.957157671452, 28.4636688232, 83.2939453125, 24.442150116, 7.06276464462, 0.49063500762, 8.22350788116], [32.4516220093, -65.660118103, -9.77768707275, 13.2747278214, -21.8230400085, 0.200511828065, -2.34137034416, 8.43253421783, 24.442150116, 77.5996780396, 18.6326770782, 10.5608491898, 1.3247667551], [-119.840927124, 20.1611690521, -9.0960483551, -18.2014694214, 9.2712097168, -8.15381336212, -1.97560405731, -4.39643144608, 7.06276464462, 18.6326770782, 59.9406700134, 13.7244024277, -0.371180355549], [-125.45514679, -50.6340332031, -8.49361038208, 10.6424026489, -12.1859817505, -4.72361421585, -1.59413385391, 0.689160466194, 0.49063500762, 10.5608491898, 13.7244024277, 50.8019218445, 15.8939161301], [-176.065490723, 8.03510761261, 16.7897567749, 4.24140644073, -0.804328680038, -11.3001861572, 1.43164336681, -7.85482931137, 8.22350788116, 1.3247667551, -0.371180355549, 15.8939161301, 56.2358551025]],
        "icov": [[0.000222295187996, -0.000778118614107, 0.000414009962697, -0.000753340194933, 0.000823875423521, -0.000743233482353, 0.000619057042059, -0.000505764386617, 0.000444860022981, -0.000508176744916, 0.000402945763199, 2.14144574784e-06, 0.000465367425932], [-0.000778118614107, 0.00472884671763, -0.000452506472357, 0.00317687471397, -0.00336367520504, 0.00376560771838, -0.00262571964413, 0.00281951553188, -0.00263468851335, 0.00353723671287, -0.00239379052073, 0.00215107109398, -0.00236891908571], [0.000414009962697, -0.000452506472357, 0.00492793833837, -0.00127071863972, 0.000272589008091, -0.000325792178046, -0.000550354423467, 0.000145742116729, 0.000275052065263, -0.000188257239643, 0.000895423814654, 0.00163928698748, -0.000534976134077], [-0.000753340194933, 0.00317687471397, -0.00127071863972, 0.00924102962017, -0.00414148904383, 0.002887833165, -0.000627207336947, -0.00103324127849, -0.00090200296836, 0.000381405523513, 0.00124157755636, -0.00127636734396, -0.00224554305896], [0.000823875423521, -0.00336367520504, 0.000272589008091, -0.00414148904383, 0.0127942096442, -0.00539179192856, 0.00175234116614, 0.000398940726882, -0.00171389034949, 0.00188682065345, -0.00181492045522, 0.00166180869564, 0.00212619197555], [-0.000743233482353, 0.00376560771838, -0.000325792178046, 0.002887833165, -0.00539179192856, 0.0167877301574, -0.00597025686875, 0.00179504463449, 0.000460037786979, 0.000590026087593, 0.000690992281307, 0.000878919963725, 0.000388429092709], [0.000619057042059, -0.00262571964413, -0.000550354423467, -0.000627207336947, 0.00175234116614, -0.00597025686875, 0.0152792753652, -0.00761517416686, 0.00340736471117, -0.00189668347593, 0.000977407442406, -0.000363878614735, -0.000446590740466], [-0.000505764386617, 0.00281951553188, 0.000145742116729, -0.00103324127849, 0.000398940726882, 0.00179504463449, -0.00761517416686, 0.0238734446466, -0.010348778218, 0.00337314791977, -0.000362428923836, -6.28157213214e-05, 0.00339214899577], [0.000444860022981, -0.00263468851335, 0.000275052065263, -0.00090200296836, -0.00171389034949, 0.000460037786979, 0.00340736471117, -0.010348778218, 0.0195008721203, -0.0079538738355, 0.00127099000383, 0.000491694489028, -0.00250401743688], [-0.000508176744916, 0.00353723671287, -0.000188257239643, 0.000381405523513, 0.00188682065345, 0.000590026087593, -0.00189668347593, 0.00337314791977, -0.0079538738355, 0.0203782450408, -0.00773280113935, 0.000803578528576, -0.000999103183858], [0.000402945763199, -0.00239379052073, 0.000895423814654, 0.00124157755636, -0.00181492045522, 0.000690992281307, 0.000977407442406, -0.000362428923836, 0.00127099000383, -0.00773280113935, 0.0232114288956, -0.00763445720077, 0.00358722871169], [2.14144574784e-06, 0.00215107109398, 0.00163928698748, -0.00127636734396, 0.00166180869564, 0.000878919963725, -0.000363878614735, -6.28157213214e-05, 0.000491694489028, 0.000803578528576, -0.00763445720077, 0.0273524783552, -0.00836477614939], [0.000465367425932, -0.00236891908571, -0.000534976134077, -0.00224554305896, 0.00212619197555, 0.000388429092709, -0.000446590740466, 0.00339214899577, -0.00250401743688, -0.000999103183858, 0.00358722871169, -0.00836477614939, 0.0232779532671]]
    },
    "melbands": {
        "dmean": [0.000582287437283, 0.0013540283544, 0.00183581386227, 0.000493050785735, 0.000232372171013, 0.000261170120211, 0.000266122166067, 0.000427721039159, 0.000222980845137, 9.33835981414e-05, 0.000111405381176, 5.58809006179e-05, 5.30681936652e-05, 5.16522413818e-05, 4.22524099122e-05, 2.80965359707e-05, 2.10449325095e-05, 1.34481488203e-05, 9.57997235673e-06, 1.39667718031e-05, 1.16099517982e-05, 8.36972958496e-06, 3.73887883143e-06, 4.61249373984e-06, 3.41864119946e-06, 1.22531412217e-06, 6.81067149344e-07, 7.24138715213e-07, 6.7086477884e-07, 6.46778062219e-07, 3.85782584544e-07, 2.19776495669e-07, 1.33051415219e-07, 7.11274807941e-08, 5.96758198412e-08, 5.99392464551e-08, 3.75780722095e-08, 2.08513437627e-08, 1.55482418052e-08, 9.58743040513e-09],
        "dmean2": [0.000880811130628, 0.00224666646682, 0.00300438329577, 0.000764224154409, 0.000336294411682, 0.000378425960662, 0.000362079386832, 0.000576475984417, 0.000342475163052, 0.000138210656587, 0.000163703211001, 8.18243643153e-05, 7.86572418292e-05, 8.07505130069e-05, 6.31768853054e-05, 4.11994515161e-05, 3.26121989929e-05, 1.92270454136e-05, 1.46109778143e-05, 2.08735546039e-05, 1.7048094378e-05, 1.34986485136e-05, 5.82726215725e-06, 7.11425809641e-06, 5.22054187968e-06, 1.80948848083e-06, 1.05485423774e-06, 1.11327869945e-06, 1.05764991076e-06, 1.00771262623e-06, 5.83137193644e-07, 3.51954810185e-07, 2.14804629195e-07, 1.12392605445e-07, 9.47596277001e-08, 9.13525823876e-08, 5.69486076074e-08, 3.28586935439e-08, 2.39119746226e-08, 1.51038168639e-08],
        "dvar": [8.63983700583e-07, 3.22254845742e-06, 1.74159031303e-05, 4.73707530091e-07, 9.9233645301e-08, 1.8786292344e-07, 1.57115593424e-07, 9.46736975038e-07, 2.15621710709e-07, 3.00522202679e-08, 4.17099101924e-08, 8.93779272815e-09, 8.18331802321e-09, 1.00736317066e-08, 7.03655356205e-09, 3.40099504115e-09, 1.19458665182e-09, 5.11170661355e-10, 1.77503858834e-10, 5.70675617872e-10, 2.89241658402e-10, 1.87688753428e-10, 4.19324228118e-11, 5.42916996082e-11, 2.7463481142e-11, 4.97183631071e-12, 1.06124007151e-12, 1.03554881684e-12, 1.54366905543e-12, 2.90174655138e-12, 6.7583297899e-13, 1.73388335482e-13, 7.72900420423e-14, 1.50364289298e-14, 1.65399564569e-14, 1.33726834266e-14, 7.3892443813e-15, 1.74590748725e-15, 7.18046875926e-16, 2.36841608769e-16],
        "dvar2": [2.35398692894e-06, 7.85619067756e-06, 4.07536208513e-05, 1.12781003736e-06, 2.02370799229e-07, 3.86895010251e-07, 2.83888880404e-07, 1.7177889049e-06, 4.84512156618e-07, 5.48115046684e-08, 1.0366706249e-07, 1.6390986346e-08, 1.48752494766e-08, 2.12199662286e-08, 1.33231452537e-08, 6.68886279698e-09, 2.57227816824e-09, 9.91703830167e-10, 3.55306978284e-10, 1.09317088715e-09, 6.01165395242e-10, 4.87726137255e-10, 8.72195371482e-11, 1.33999464302e-10, 5.90888796226e-11, 9.22307629575e-12, 2.49062012334e-12, 2.52011063927e-12, 3.46708902907e-12, 7.00420841118e-12, 1.42902519245e-12, 4.23423394871e-13, 1.95192196824e-13, 3.51591009724e-14, 4.10597696522e-14, 2.79224190834e-14, 1.84118789415e-14, 4.19096825115e-15, 1.8219629991e-15, 5.55318823626e-16],
        "max": [0.013808333315, 0.0256520658731, 0.0789443999529, 0.0102599179372, 0.00483537558466, 0.00589066091925, 0.00499303312972, 0.0156828779727, 0.00699783023447, 0.00200972426683, 0.00249739666469, 0.0013918998884, 0.00116979109589, 0.00131481664721, 0.000796527019702, 0.000679112505168, 0.000363418512279, 0.000327832996845, 0.00014519051183, 0.000437856913777, 0.000187933343113, 0.000133727007778, 0.000101310724858, 8.53626042954e-05, 6.8246255978e-05, 5.16567524755e-05, 1.18087200462e-05, 8.62634169607e-06, 1.42466988109e-05, 2.59391872532e-05, 1.1827994058e-05, 4.79464870295e-06, 4.96712800668e-06, 1.68416738688e-06, 2.32459547078e-06, 1.78848392807e-06, 1.24029565995e-06, 5.65658467622e-07, 3.17489707413e-07, 2.20107054361e-07],
        "mean": [0.00120506004896, 0.00256624026224, 0.00228678737767, 0.00092729734024, 0.00044148179586, 0.000447056896519, 0.000478403817397, 0.000692919245921, 0.000333094794769, 0.000135643625981, 0.000173006701516, 8.58134590089e-05, 7.7679163951e-05, 7.55037617637e-05, 5.86234455113e-05, 4.13658272009e-05, 3.36351695296e-05, 2.23674596782e-05, 1.67018060893e-05, 2.3993810828e-05, 1.99663281819e-05, 1.36121052492e-05, 6.06206003795e-06, 7.51655898057e-06, 5.62227705814e-06, 2.03318927561e-06, 1.27080534185e-06, 1.20408310522e-06, 1.10805865461e-06, 1.02572869309e-06, 5.80189180255e-07, 3.81640120395e-07, 2.41089850306e-07, 1.23382548622e-07, 1.12993646439e-07, 1.08794125708e-07, 6.12166815017e-08, 3.54492364352e-08, 2.98039530833e-08, 1.8459138218e-08],
        "median": [0.000802862108685, 0.00155490264297, 0.00114301312715, 0.000430506217526, 0.000247970339842, 0.000214553656406, 0.000229366982239, 0.000211779231904, 0.000125101389131, 5.8035740949e-05, 7.36235597287e-05, 3.73168913939e-05, 3.38105892297e-05, 3.49009569618e-05, 2.25211715588e-05, 1.66051340784e-05, 1.65652709256e-05, 1.08392132461e-05, 9.93668527371e-06, 1.16503515528e-05, 9.44839212025e-06, 7.32871967557e-06, 3.30080501953e-06, 3.54579719897e-06, 3.35632535098e-06, 1.14080080493e-06, 7.70460928834e-07, 6.52743210594e-07, 5.63200785564e-07, 3.52872604026e-07, 2.61496978737e-07, 2.05586545121e-07, 1.23246380213e-07, 6.78659475284e-08, 5.6339981569e-08, 6.2432775394e-08, 2.75722040755e-08, 1.76487837678e-08, 1.58656714433e-08, 1.03086561509e-08],
        "min": [7.02531044311e-24, 5.78931607706e-24, 1.59420726787e-23, 1.13990811012e-23, 1.14092597735e-23, 5.34866547515e-24, 9.57728651555e-24, 7.26496323067e-24, 1.28675196439e-23, 1.3349320386e-23, 1.03891371941e-23, 1.27134298655e-23, 7.63926037526e-24, 4.8818558512e-24, 1.24135570142e-23, 9.52397529558e-24, 6.58524596486e-24, 5.66755776292e-24, 7.86717175711e-24, 5.18061009778e-24, 7.31899546952e-24, 7.88168048688e-24, 7.75717141476e-24, 1.0052308576e-23, 1.22594033381e-23, 1.2070490084e-23, 6.55194420174e-24, 8.13988964952e-24, 1.17490884297e-23, 1.08888616449e-23, 1.33149639159e-23, 1.07088159762e-23, 9.45699784928e-24, 9.97409853924e-24, 9.25972345841e-24, 8.56377459061e-24, 8.08708961141e-24, 8.33156312796e-24, 9.43891321303e-24, 1.0365153456e-23],
