{
"metadata": {
    "version": {
        "essentia": "2.0.1",
        "extractor": "archive-music 1.0"
    },
    "audio_properties": {
        "analysis_sample_rate": 44100,
        "bitrate": 128,
        "channels": 2,
        "equal_loudness": 0,
        "length": 15.8563261032,
        "replay_gain": 1.25205802917,
        "downmix": "mix"
    },
    "tags": {
        "track": 0,
        "year": 0,
        "album": "",
        "artist": "",
        "comment": "",
        "genre": "",
        "title": ""
    }
},
"highlevel": {
    "culture": {
        "all": {
            "non_western": 5.80543371598e-07,
            "western": 0.999999403954
        },
        "probability": 0.999999403954,
        "value": "western"
    },
    "danceability": {
        "all": {
            "danceable": 0.247966915369,
            "not_danceable": 0.752033114433
        },
        "probability": 0.752033114433,
        "value": "not_danceable"
    },
    "gender": {
        "all": {
            "female": 0.308203339577,
            "male": 0.691796660423
        },
        "probability": 0.691796660423,
        "value": "male"
    },
    "genre_dortmund": {
        "all": {
            "alternative": 0.104027584195,
            "blues": 0.110759928823,
            "electronic": 0.00759996427223,
            "folkcountry": 0.437719166279,
            "funksoulrnb": 0.0116955349222,
            "jazz": 0.159999385476,
            "pop": 0.0611433759332,
            "raphiphop": 0.00159978831653,
            "rock": 0.105455264449
        },
        "probability": 0.437719166279,
        "value": "folkcountry"
    },
    "genre_electronic": {
        "all": {
            "ambient": 0.890900075436,
            "dnb": 0.0633977502584,
            "house": 0.0254623685032,
            "techno": 0.00634806416929,
            "trance": 0.0138917528093
        },
        "probability": 0.890900075436,
        "value": "ambient"
    },
    "genre_rosamerica": {
        "all": {
            "cla": 0.460660099983,
            "dan": 0.0231464877725,
            "hip": 0.00732633052394,
            "jaz": 0.0616835318506,
            "pop": 0.209099173546,
            "rhy": 0.0365800336003,
            "roc": 0.188130423427,
            "spe": 0.0133739244193
        },
        "probability": 0.460660099983,
        "value": "cla"
    },
    "genre_tzanetakis": {
        "all": {
            "blu": 0.0208536684513,
            "cla": 0.350183725357,
            "cou": 0.0466582998633,
            "dis": 0.0210720989853,
            "hip": 0.0108500802889,
            "jaz": 0.234563350677,
            "met": 0.013935755007,
            "pop": 0.122749984264,
            "reg": 0.0518439114094,
            "roc": 0.127289131284
        },
        "probability": 0.350183725357,
        "value": "cla"
    },
    "mirex_ballroom": {
        "all": {
            "ChaChaCha": 0.00467715738341,
            "Jive": 0.00815862510353,
            "Quickstep": 0.00458116829395,
            "Rumba-American": 0.00124060933013,
            "Rumba-International": 0.0104810809717,
            "Rumba-Misc": 0.00409675063565,
            "Samba": 0.00121324509382,
            "Tango": 0.0279746633023,
            "VienneseWaltz": 0.34288713336,
            "Waltz": 0.594689548016
        },
        "probability": 0.594689548016,
        "value": "Waltz"
    },
    "mood_acoustic": {
        "all": {
            "acoustic": 0.670830726624,
            "not_acoustic": 0.329169273376
        },
        "probability": 0.670830726624,
        "value": "acoustic"
    },
    "mood_aggressive": {
        "all": {
            "aggressive": 0.0172026269138,
            "not_aggressive": 0.982797384262
        },
        "probability": 0.982797384262,
        "value": "not_aggressive"
    },
    "mood_electronic": {
        "all": {
            "electronic": 0.165605679154,
            "not_electronic": 0.834394335747
        },
        "probability": 0.834394335747,
        "value": "not_electronic"
    },
    "mood_happy": {
        "all": {
            "happy": 0.700612068176,
            "not_happy": 0.299387961626
        },
        "probability": 0.700612068176,
        "value": "happy"
    },
    "mood_party": {
        "all": {
            "not_party": 0.842351973057,
            "party": 0.157648041844
        },
        "probability": 0.842351973057,
        "value": "not_party"
    },
    "mood_relaxed": {
        "all": {
            "not_relaxed": 0.0349448136985,
            "relaxed": 0.965055167675
        },
        "probability": 0.965055167675,
        "value": "relaxed"
    },
    "mood_sad": {
        "all": {
            "not_sad": 0.690144121647,
            "sad": 0.309855878353
        },
        "probability": 0.690144121647,
        "value": "not_sad"
    },
    "moods_mirex": {
        "all": {
            "Cluster1": 0.0912823155522,
            "Cluster2": 0.324455201626,
            "Cluster3": 0.30267059803,
            "Cluster4": 0.229160830379,
            "Cluster5": 0.0524310581386
        },
        "probability": 0.324455201626,
        "value": "Cluster2"
    },
    "timbre": {
        "all": {
            "bright": 0.999993741512,
            "dark": 6.27004192211e-06
        },
        "probability": 0.999993741512,
        "value": "bright"
    },
    "tonal_atonal": {
        "all": {
            "atonal": 0.0758870393038,
            "tonal": 0.924112975597
        },
        "probability": 0.924112975597,
        "value": "tonal"
    },
    "voice_instrumental": {
        "all": {
            "instrumental": 0.584005355835,
            "voice": 0.415994614363
        },
        "probability": 0.584005355835,
        "value": "instrumental"
    }
},
"lowlevel": {
    "average_loudness": 0.93937343359,
    "barkbands_kurtosis": {
        "dmean": 0.992321014404,
        "dmean2": 1.5403264761,
        "dvar": 1.22567248344,
        "dvar2": 2.93501520157,
        "max": 15.5833320618,
        "mean": 1.38727295399,
        "median": 0.808798551559,
        "min": -1.4411137104,
        "var": 4.77884197235
    },
    "barkbands_skewness": {
        "dmean": 0.257587760687,
        "dmean2": 0.379818111658,
        "dvar": 0.0525260642171,
        "dvar2": 0.107892379165,
        "max": 3.32787418365,
        "mean": 1.13692045212,
        "median": 1.08432531357,
        "min": -2.41772532463,
        "var": 0.402040272951
    },
    "barkbands_spread": {
        "dmean": 3.29370975494,
        "dmean2": 5.24606609344,
        "dvar": 18.9641094208,
        "dvar2": 46.314239502,
        "max": 85.8733825684,
        "mean": 18.782207489,
        "median": 17.9650535583,
        "min": 3.83887696266,
        "var": 47.8108482361
    },
    "dissonance": {
        "dmean": 0.0194953754544,
        "dmean2": 0.0326700620353,
        "dvar": 0.000269590469543,
        "dvar2": 0.000769038684666,
        "max": 0.497741907835,
        "mean": 0.447611391544,
        "median": 0.451032727957,
        "min": 0.353641986847,
        "var": 0.00061620969791
    },
    "dynamic_complexity": 3.38680672646,
    "erbbands_kurtosis": {
        "dmean": 0.454519242048,
        "dmean2": 0.737348377705,
        "dvar": 0.213794916868,
        "dvar2": 0.537389338017,
        "max": 5.28522586823,
        "mean": -0.531139969826,
        "median": -0.679511427879,
        "min": -1.56804025173,
        "var": 0.439968943596
    },
    "erbbands_skewness": {
        "dmean": 0.30208465457,
        "dmean2": 0.486305087805,
        "dvar": 0.0603496842086,
        "dvar2": 0.149584174156,
        "max": 1.62982678413,
        "mean": 0.188799366355,
        "median": 0.173386201262,
        "min": -1.0755392313,
        "var": 0.179137796164
    },
    "erbbands_spread": {
        "dmean": 4.52673768997,
        "dmean2": 6.98866939545,
        "dvar": 15.8065567017,
        "dvar2": 36.9049339294,
        "max": 68.4574432373,
        "mean": 30.7602462769,
        "median": 30.8078536987,
        "min": 10.0913629532,
        "var": 47.0030136108
    },
    "hfc": {
        "dmean": 2.86516475677,
        "dmean2": 4.42322301865,
        "dvar": 11.008439064,
        "dvar2": 28.1272773743,
        "max": 53.2979164124,
        "mean": 16.1618671417,
        "median": 15.1839828491,
        "min": 1.14969224534e-16,
        "var": 112.24067688
    },
    "melbands_kurtosis": {
        "dmean": 2.03603601456,
        "dmean2": 3.00782442093,
        "dvar": 6.42154121399,
        "dvar2": 14.7054901123,
        "max": 37.6452178955,
        "mean": 5.61653804779,
        "median": 4.23468255997,
        "min": -1.26800239086,
        "var": 26.044216156
    },
    "melbands_skewness": {
        "dmean": 0.334707260132,
        "dmean2": 0.481734007597,
        "dvar": 0.089892745018,
        "dvar2": 0.190704658628,
        "max": 5.00169992447,
        "mean": 1.96963763237,
        "median": 1.87013840675,
        "min": -0.329770117998,
        "var": 0.621405959129
    },
    "melbands_spread": {
        "dmean": 3.91913127899,
        "dmean2": 5.97140359879,
        "dvar": 31.7570800781,
        "dvar2": 42.5266494751,
        "max": 149.191207886,
        "mean": 21.3328208923,
        "median": 19.4033432007,
        "min": 3.20701766014,
        "var": 168.614440918
    },
    "pitch_salience": {
        "dmean": 0.0470490418375,
        "dmean2": 0.074329726398,
        "dvar": 0.00148290162906,
        "dvar2": 0.00390323018655,
        "max": 0.982749521732,
        "mean": 0.539959728718,
        "median": 0.536824166775,
        "min": 0.286726385355,
        "var": 0.0070675034076
    },
    "silence_rate_20dB": {
        "dmean": 0,
        "dmean2": 0,
        "dvar": 0,
        "dvar2": 0,
        "max": 1,
        "mean": 1,
        "median": 1,
        "min": 1,
        "var": 0
    },
    "silence_rate_30dB": {
        "dmean": 0,
        "dmean2": 0,
        "dvar": 0,
        "dvar2": 0,
        "max": 1,
        "mean": 1,
        "median": 1,
        "min": 1,
        "var": 0
    },
    "silence_rate_60dB": {
        "dmean": 0.00585651537403,
        "dmean2": 0.0117302052677,
        "dvar": 0.0058222450316,
        "dvar2": 0.0115927923471,
        "max": 1,
        "mean": 0.0599415190518,
        "median": 0,
        "min": 0,
        "var": 0.0563489347696
    },
    "spectral_centroid": {
        "dmean": 159.563552856,
        "dmean2": 245.16394043,
        "dvar": 107452.734375,
        "dvar2": 124581.359375,
        "max": 11636.4804688,
        "mean": 1160.31018066,
        "median": 1085.70678711,
        "min": 327.630157471,
        "var": 313660.03125
    },
    "spectral_complexity": {
        "dmean": 1.93265008926,
        "dmean2": 3.20821118355,
        "dvar": 2.56940102577,
        "dvar2": 6.81589269638,
        "max": 29,
        "mean": 17.93567276,
        "median": 19,
        "min": 0,
        "var": 32.0806083679
    },
    "spectral_crest": {
        "dmean": 1.37029719353,
        "dmean2": 2.05005216599,
        "dvar": 1.92259132862,
        "dvar2": 4.42099523544,
        "max": 20.3548336029,
        "mean": 8.51126861572,
        "median": 7.64415645599,
        "min": 3.4727909565,
        "var": 9.76357936859
    },
    "spectral_decrease": {
        "dmean": 9.85458603608e-10,
        "dmean2": 1.36615385671e-09,
        "dvar": 1.23531152679e-18,
        "dvar2": 2.46300265218e-18,
        "max": -9.53428128221e-29,
        "mean": -6.95185686794e-09,
        "median": -6.56098464447e-09,
        "min": -2.33865531385e-08,
        "var": 2.02463539143e-17
    },
    "spectral_energy": {
        "dmean": 0.0039300005883,
        "dmean2": 0.00546777667478,
        "dvar": 1.93915329874e-05,
        "dvar2": 3.9393613406e-05,
        "max": 0.0923800840974,
        "mean": 0.0277038067579,
        "median": 0.0262061785907,
        "min": 1.0787897294e-20,
        "var": 0.00031653419137
    },
    "spectral_energyband_high": {
        "dmean": 3.95719180233e-05,
        "dmean2": 6.66602645651e-05,
        "dvar": 1.68250646748e-09,
        "dvar2": 4.5320383002e-09,
        "max": 0.000426349433837,
        "mean": 0.000129079344333,
        "median": 0.000118680138257,
        "min": 7.91877529517e-21,
        "var": 7.8875732612e-09
    },
    "spectral_energyband_low": {
        "dmean": 0.000988344312645,
        "dmean2": 0.00120637321379,
        "dvar": 1.97305166694e-06,
        "dvar2": 2.5400092909e-06,
        "max": 0.0373872332275,
        "mean": 0.00732311885804,
        "median": 0.00491116708145,
        "min": 1.22559702155e-22,
        "var": 5.2667237469e-05
    },
    "spectral_energyband_middle_high": {
        "dmean": 0.00137343618553,
        "dmean2": 0.00222087744623,
        "dvar": 2.95151971841e-06,
        "dvar2": 7.49615173845e-06,
        "max": 0.0264093615115,
        "mean": 0.0051907710731,
        "median": 0.00449388194829,
        "min": 1.6928243158e-21,
        "var": 1.59596511367e-05
    },
    "spectral_energyband_middle_low": {
        "dmean": 0.00324477697723,
        "dmean2": 0.00442186044529,
        "dvar": 1.55950237968e-05,
        "dvar2": 3.32223207806e-05,
        "max": 0.0710099339485,
        "mean": 0.015604890883,
        "median": 0.0121849998832,
        "min": 2.21636592882e-22,
        "var": 0.000155092930072
    },
    "spectral_flatness_db": {
        "dmean": 0.00960348825902,
        "dmean2": 0.0142512209713,
        "dvar": 7.7062904893e-05,
        "dvar2": 0.000180989518412,
        "max": 0.248272284865,
        "mean": 0.147115781903,
        "median": 0.146996259689,
        "min": 0.0352126210928,
        "var": 0.000760326103773
    },
    "spectral_flux": {
        "dmean": 0.0105911623687,
        "dmean2": 0.0171453338116,
        "dvar": 0.000128374973428,
        "dvar2": 0.000355787196895,
        "max": 0.205288603902,
        "mean": 0.05470758304,
        "median": 0.0547465309501,
        "min": 1.03864805645e-10,
        "var": 0.000502479204442
    },
    "spectral_kurtosis": {
        "dmean": 3.05140995979,
        "dmean2": 5.51188850403,
        "dvar": 6.32213497162,
        "dvar2": 20.1250495911,
        "max": 26.8283367157,
        "mean": 6.9412984848,
        "median": 6.33848810196,
        "min": -1.18327283859,
        "var": 9.1922082901
    },
    "spectral_rms": {
        "dmean": 0.000361929181963,
        "dmean2": 0.000497582717799,
        "dvar": 1.14646240945e-07,
        "dvar2": 2.41353177444e-07,
        "max": 0.00949351955205,
        "mean": 0.00485337525606,
        "median": 0.00505638215691,
        "min": 3.24419137387e-12,
        "var": 3.47282525581e-06
    },
    "spectral_rolloff": {
        "dmean": 314.769195557,
        "dmean2": 557.116577148,
        "dvar": 795858.1875,
        "dvar2": 1370059.25,
        "max": 19509.0820312,
        "mean": 1283.11560059,
        "median": 1055.12695312,
        "min": 193.798828125,
        "var": 2770689.5
    },
    "spectral_skewness": {
        "dmean": 0.291495859623,
        "dmean2": 0.516089737415,
        "dvar": 0.0531821511686,
        "dvar2": 0.164207577705,
        "max": 3.56650280952,
        "mean": 1.67941749096,
        "median": 1.63292312622,
        "min": -0.0638262182474,
        "var": 0.115447297692
    },
    "spectral_spread": {
        "dmean": 233817.671875,
        "dmean2": 350320.5625,
        "dvar": 1.32326896435e+12,
        "dvar2": 1.28414384128e+12,
        "max": 39704028,
        "mean": 2861710.5,
        "median": 2749255,
        "min": 1987647.875,
        "var": 2.50846222746e+12
    },
    "spectral_strongpeak": {
        "dmean": 0.411117881536,
        "dmean2": 0.702679753304,
        "dvar": 0.711088478565,
        "dvar2": 2.14275741577,
        "max": 9.28953075409,
        "mean": 0.923179507256,
        "median": 0.629388988018,
        "min": 0,
        "var": 0.890465974808
    },
    "zerocrossingrate": {
        "dmean": 0.00540969893336,
        "dmean2": 0.00719248317182,
        "dvar": 0.000337013596436,
        "dvar2": 0.000474998290883,
        "max": 0.49951171875,
        "mean": 0.0460297875106,
        "median": 0.041015625,
        "min": 0.009765625,
        "var": 0.00178729265463
    },
    "barkbands": {
        "dmean": [0.0003793896758, 0.000433645123849, 0.000539656088222, 0.000394180358853, 0.000847169256303, 0.00126030307729, 0.000846040085889, 0.00135855225381, 0.000721550139133, 0.000572496501263, 0.000350043846993, 0.000229676850722, 0.00037718351814, 0.000206679716939, 0.000324043969158, 0.000293826306006, 0.000425677426392, 0.000188627149328, 0.000128816303913, 5.37384148629e-05, 1.36005837703e-05, 8.78315859154e-06, 4.33801051258e-06, 1.40040651786e-06, 3.69642265241e-07, 1.59221713147e-07, 9.32254948793e-08],
        "dmean2": [0.000732529093511, 0.000568609277252, 0.000600617204327, 0.000414147478295, 0.00107949925587, 0.00161734002177, 0.00112439400982, 0.0019149108557, 0.00108027202077, 0.000869737239555, 0.000551619508769, 0.000384356710128, 0.0006317733787, 0.00034186852281, 0.000541972869541, 0.000508425640874, 0.000728566898033, 0.0003203729284, 0.000217046952457, 8.99564038264e-05, 2.25816766033e-05, 1.49673878695e-05, 7.18247292752e-06, 2.32785350818e-06, 6.09377821092e-07, 2.6354771876e-07, 1.55086624432e-07],
        "dvar": [8.96570995224e-08, 3.96484125531e-07, 1.09585721475e-06, 5.01093097682e-07, 4.18248737333e-06, 3.99224609282e-06, 2.07393986784e-06, 5.92276228417e-06, 1.36838878007e-06, 2.01079456019e-06, 2.48649030254e-07, 1.21420370647e-07, 2.74875930018e-07, 3.68579890164e-07, 3.03772367261e-07, 2.62864745082e-07, 5.32314231805e-07, 8.16321588104e-08, 3.03578957528e-08, 5.24771737176e-09, 3.10036690765e-10, 1.6242501788e-10, 3.34271846314e-11, 2.73133100338e-12, 2.26832441719e-13, 1.01992192632e-13, 1.07150565683e-14],
        "dvar2": [3.179061423e-07, 7.35023377274e-07, 1.00318402474e-06, 4.67743149102e-07, 9.34938179853e-06, 5.35588469575e-06, 3.40261021847e-06, 1.33999992613e-05, 2.94442747872e-06, 4.60365663457e-06, 6.15872238541e-07, 2.93107518701e-07, 7.62969875723e-07, 8.17100954009e-07, 8.50810693009e-07, 8.16245346869e-07, 1.44690841353e-06, 2.48361970989e-07, 8.6928963583e-08, 1.52639625384e-08, 8.88596751736e-10, 4.31850194493e-10, 7.4101155767e-11, 7.48205577356e-12, 5.92421185892e-13, 2.95477862013e-13, 3.03097966918e-14],
        "max": [0.00228678854182, 0.022282615304, 0.025512561202, 0.0164537839592, 0.0390416570008, 0.0447694696486, 0.0282240603119, 0.0298574529588, 0.0129264574498, 0.0194530524313, 0.00563443638384, 0.00443356530741, 0.00497227488086, 0.00893969554454, 0.00649910094216, 0.00567899178714, 0.0101629206911, 0.00391630176455, 0.00189218390733, 0.00114222674165, 0.000160231284099, 0.000209366713534, 8.54862882989e-05, 2.13753774005e-05, 7.01801081959e-06, 6.07708625466e-06, 1.27104885905e-06],
        "mean": [0.000563563953619, 0.00355578679591, 0.00296902074479, 0.00203404715285, 0.00328943808563, 0.00389667972922, 0.00185942603275, 0.0026224933099, 0.00137636857107, 0.000993583002128, 0.000649176130537, 0.000411473127315, 0.000566952221561, 0.000328600261128, 0.000589718983974, 0.000496733468026, 0.000697792856954, 0.000350120390067, 0.000264231319306, 0.000117508672702, 2.92647073366e-05, 2.33370992646e-05, 1.19669612104e-05, 4.28371458838e-06, 1.41239752338e-06, 5.62531909054e-07, 2.96398496857e-07],
        "median": [0.000498348730616, 0.00132039724849, 0.00122339837253, 0.000484727381263, 0.00128328730352, 0.00176294939592, 0.00080708542373, 0.00109899230301, 0.000713593501132, 0.000244649883825, 0.000421950768214, 0.000238759850617, 0.000324868422467, 8.27412732178e-05, 0.000259072461631, 0.000302722706692, 0.000329412316205, 0.000248877651757, 0.000200384209165, 8.21127468953e-05, 2.25420590141e-05, 1.7922877305e-05, 1.00273809949e-05, 3.60137778443e-06, 1.11258691504e-06, 4.44065790361e-07, 2.74429766023e-07],
        "min": [1.04932321237e-22, 6.00618372178e-23, 1.67507371481e-23, 5.34652568995e-24, 1.13639957236e-23, 2.39147364381e-23, 2.92317614912e-23, 7.00287523897e-24, 1.16646602757e-22, 1.52386886391e-22, 4.94542991489e-23, 1.38662612528e-22, 1.9673403693e-23, 7.30423730193e-23, 1.07801490391e-22, 2.26810333974e-22, 2.02952731576e-22, 2.73214565542e-22, 3.90959565602e-22, 1.62732071411e-22, 4.40403095222e-22, 8.08809064434e-22, 7.53669529938e-22, 8.47263370369e-22, 1.02383573499e-21, 1.67918845746e-21, 2.44227357873e-21],
        "var": [1.83270898901e-07, 2.29128145293e-05, 1.71073243109e-05, 1.08292679215e-05, 3.45298794855e-05, 3.94162416342e-05, 9.90102034848e-06, 1.5189518308e-05, 3.4525751289e-06, 4.8336587497e-06, 5.14508769811e-07, 2.71065914603e-07, 4.69077320986e-07, 7.90514434357e-07, 6.8612001769e-07, 3.93205311866e-07, 1.1105324802e-06, 1.37913076514e-07, 6.88987000785e-08, 1.69340115264e-08, 7.32073845988e-10, 5.43091405181e-10, 9.91260337702e-11, 1.15336238823e-11, 1.46825043443e-12, 2.29321498856e-13, 4.09360892894e-14]
    },
    "erbbands": {
        "dmean": [0.0058791465126, 0.127026721835, 0.605948984623, 0.80812138319, 2.2359919548, 3.52437090874, 3.32266783714, 14.6081371307, 9.783244133, 20.3541889191, 22.8247280121, 20.9414234161, 17.7610855103, 13.9711494446, 16.3825759888, 10.6617794037, 16.3803253174, 12.6968078613, 18.416267395, 11.0139112473, 19.2267017365, 13.7051706314, 10.5623273849, 7.37618684769, 4.95003318787, 2.89975714684, 0.755757927895, 0.404234051704, 0.310898005962, 0.227537944913, 0.14244569838, 0.0423815473914, 0.0181747768074, 0.00583536084741, 0.00227298727259, 0.00086417834973, 0.000336902216077, 0.000163289179909, 5.36156039743e-06, 4.52109406979e-06],
        "dmean2": [0.00927669741213, 0.163459807634, 0.71293669939, 0.832347691059, 2.53350448608, 4.43086051941, 4.92765474319, 18.4154415131, 12.9030456543, 27.9547233582, 32.8947944641, 31.1743373871, 27.4165477753, 21.8403968811, 25.9945449829, 18.1036720276, 27.6219787598, 20.8460445404, 30.9118919373, 18.6202964783, 33.0012397766, 23.5377616882, 18.098400116, 12.5829687119, 8.63199710846, 4.85787963867, 1.27776563168, 0.679876089096, 0.523379266262, 0.377491444349, 0.237349808216, 0.0708087980747, 0.030979545787, 0.00960781238973, 0.00369706260972, 0.00141597446054, 0.00055276270723, 0.000272056640824, 8.83439588506e-06, 6.32419096291e-06],
        "dvar": [5.62936038477e-05, 0.0332528091967, 1.15836131573, 1.1922763586, 11.0645904541, 80.5052871704, 179.831970215, 585.471557617, 225.456207275, 1363.2043457, 1904.6015625, 1027.63952637, 1801.11608887, 1267.91101074, 737.515258789, 275.987792969, 528.765380859, 827.833251953, 1002.65234375, 187.477462769, 763.685119629, 469.725738525, 310.649749756, 157.328689575, 48.1264915466, 19.5211391449, 0.723796069622, 0.377685457468, 0.183134377003, 0.122920960188, 0.041024107486, 0.00255382806063, 0.000529674638528, 5.17536973348e-05, 8.76244030223e-06, 1.67983148458e-06, 5.13525947099e-07, 5.11578335249e-08, 3.98365819498e-11, 2.52171495491e-11],
        "dvar2": [0.000119556083519, 0.0592776089907, 1.2424813509, 1.08789527416, 15.7414884567, 169.456619263, 477.46472168, 718.994689941, 439.680938721, 2777.39086914, 4567.40869141, 2232.37988281, 3882.72436523, 3091.93505859, 1843.41552734, 666.316894531, 1449.85290527, 1809.52990723, 2733.84082031, 537.684753418, 2200.98876953, 1296.88098145, 951.042358398, 442.792694092, 136.430725098, 58.2180519104, 2.07413387299, 1.08059978485, 0.504991710186, 0.310524761677, 0.0964129939675, 0.00748197128996, 0.00145055470057, 0.000142025572131, 2.23521583393e-05, 4.52211543234e-06, 1.48168408032e-06, 1.50395422338e-07, 1.0998878891e-10, 5.2626774466e-11],
        "max": [0.36373436451, 6.2664604187, 26.7088031769, 27.07122612, 67.4521179199, 169.532669067, 314.949615479, 567.227600098, 189.225494385, 581.385070801, 598.950622559, 355.442260742, 719.122680664, 765.066894531, 310.512542725, 208.284347534, 259.252746582, 392.626251221, 332.166290283, 141.074386597, 315.245819092, 295.802093506, 277.328460693, 140.203094482, 78.7337112427, 66.326675415, 10.3221006393, 7.61042547226, 5.48601293564, 5.39176845551, 2.86507225037, 0.628742516041, 0.306284666061, 0.107336908579, 0.0485710427165, 0.0189970377833, 0.0132240671664, 0.0039636795409, 0.000121398232295, 0.000104846825707],
        "mean": [0.0411260798573, 1.01724839211, 3.6388168335, 4.46693706512, 9.64332199097, 12.9386339188, 10.1609354019, 45.4540977478, 24.8594493866, 47.7122039795, 41.4423599243, 41.0062637329, 33.1190643311, 24.3856658936, 29.7340774536, 19.787771225, 26.0753059387, 22.0979824066, 32.6440086365, 22.5425224304, 34.9154930115, 25.4272098541, 21.099111557, 15.8416242599, 10.5312376022, 6.43816518784, 1.98865675926, 0.994936108589, 0.782088816166, 0.590208590031, 0.361384063959, 0.122060894966, 0.0535193420947, 0.0198144316673, 0.00850072130561, 0.00289587746374, 0.00108118727803, 0.000594504119363, 3.06019501295e-05, 3.22357918776e-05],
        "median": [0.0163745135069, 0.430749416351, 2.03638505936, 2.6906375885, 4.53221654892, 3.88779830933, 5.38881492615, 18.3421516418, 13.6004981995, 20.9483852386, 17.4138336182, 23.3704338074, 13.1590919495, 13.3799219131, 17.1039066315, 11.3873748779, 15.511516571, 11.5532226562, 12.8244180679, 18.201423645, 24.6875419617, 15.7266988754, 15.816192627, 11.1676120758, 8.01470565796, 4.50277328491, 1.63406896591, 0.794697403908, 0.622360169888, 0.435210883617, 0.2802516222, 0.106921419501, 0.0458728522062, 0.016177020967, 0.00639134086668, 0.00227706087753, 0.000831661862321, 0.000580218620598, 3.07455266011e-05, 3.05994071823e-05],
        "min": [2.53381012041e-21, 1.11771229308e-20, 2.11423503315e-20, 1.83930491602e-20, 4.0794227828e-20, 2.56069526746e-20, 1.54715474031e-19, 1.64529106044e-19, 3.42670890785e-19, 2.78303572925e-19, 3.66208883802e-19, 3.42391417475e-18, 3.28805058632e-18, 4.21800487446e-18, 2.78794732093e-18, 5.75351844352e-18, 1.45297262785e-18, 3.15188094106e-18, 6.47910886914e-18, 6.30255378484e-18, 1.24395308265e-17, 9.95934887373e-18, 1.31514256227e-17, 2.22216297842e-17, 1.57248523371e-17, 8.3918349955e-18, 1.49912771371e-17, 1.97814883362e-17, 2.91646447019e-17, 1.95475467697e-17, 2.3832297675e-17, 1.71872183246e-17, 1.45108886876e-17, 1.22679140104e-17, 7.46980902673e-18, 5.64451340958e-18, 2.93536021187e-18, 1.48699963292e-18, 3.40976592246e-19, 3.4596680486e-20],
        "var": [0.00401402963325, 1.74817943573, 20.1056652069, 25.8950843811, 147.905410767, 700.254882812, 416.312316895, 6101.32421875, 938.29876709, 4990.56054688, 4208.77001953, 2662.97412109, 4147.66210938, 2735.38476562, 1464.0579834, 615.83795166, 903.011535645, 1810.43603516, 2160.98754883, 336.656219482, 1372.19506836, 1029.05273438, 513.675476074, 368.293884277, 112.721260071, 59.559753418, 2.42670845985, 0.816984474659, 0.510350525379, 0.394071400166, 0.110787853599, 0.008937866427, 0.00188286660705, 0.000277289567748, 5.45142866031e-05, 5.83041219215e-06, 9.71644567471e-07, 1.43543076092e-07, 2.85851287085e-10, 4.14196482668e-10]
    },
    "gfcc": {
        "mean": [-32.6181869507, 136.799209595, -142.193695068, 26.2439041138, -44.7940864563, -6.34089183807, -29.6529083252, 4.09205722809, -12.6171216965, -4.94698095322, -10.7262268066, -2.83325791359, -13.0052013397],
        "cov": [[15106.1240234, 1455.63952637, -1305.1673584, 469.714813232, -436.971160889, -234.237762451, -342.644226074, 27.8061580658, 43.7491493225, -130.985916138, -113.571136475, -246.307357788, -368.62713623], [1455.63952637, 546.268371582, -63.6355247498, 10.1814365387, 61.517539978, -22.7713794708, 0.61711281538, -81.5030136108, -18.611623764, -31.3007450104, 31.4909267426, 2.36035132408, 34.1240921021], [-1305.1673584, -63.6355247498, 279.017333984, 7.08437204361, 94.2762680054, 28.5899581909, 51.8339996338, -5.49029159546, -6.56427955627, -7.02145004272, -1.38996982574, 10.6756296158, 39.7530899048], [469.714813232, 10.1814365387, 7.08437204361, 129.42376709, 29.0400085449, 28.9498767853, 16.6748180389, 44.0584526062, 22.5957012177, 0.26474109292, -9.81603145599, -19.9657783508, -13.961060524], [-436.971160889, 61.517539978, 94.2762680054, 29.0400085449, 127.205780029, 57.4840774536, 42.5969200134, -16.1998214722, -9.7588224411, -10.2761764526, 13.7546215057, 17.3228721619, 38.9006233215], [-234.237762451, -22.7713794708, 28.5899581909, 28.9498767853, 57.4840774536, 99.7992324829, 58.3128128052, 20.4108200073, -5.64771127701, -5.44128227234, -1.71768975258, 5.66774082184, 18.3033943176], [-342.644226074, 0.61711281538, 51.8339996338, 16.6748180389, 42.5969200134, 58.3128128052, 89.0434799194, 43.4419288635, 10.5203256607, 8.5156288147, 3.89006876945, 7.82664966583, 23.9757881165], [27.8061580658, -81.5030136108, -5.49029159546, 44.0584526062, -16.1998214722, 20.4108200073, 43.4419288635, 104.895713806, 47.3228759766, 23.6381320953, -5.30075740814, -8.14894294739, -10.5969400406], [43.7491493225, -18.611623764, -6.56427955627, 22.5957012177, -9.7588224411, -5.64771127701, 10.5203256607, 47.3228759766, 71.6203308105, 37.0217628479, 11.7756576538, -5.09663057327, -12.2143106461], [-130.985916138, -31.3007450104, -7.02145004272, 0.26474109292, -10.2761764526, -5.44128227234, 8.5156288147, 23.6381320953, 37.0217628479, 77.3768157959, 43.0917549133, 21.4819908142, 10.5893573761], [-113.571136475, 31.4909267426, -1.38996982574, -9.81603145599, 13.7546215057, -1.71768975258, 3.89006876945, -5.30075740814, 11.7756576538, 43.0917549133, 77.2677612305, 45.4917984009, 22.4868812561], [-246.307357788, 2.36035132408, 10.6756296158, -19.9657783508, 17.3228721619, 5.66774082184, 7.82664966583, -8.14894294739, -5.09663057327, 21.4819908142, 45.4917984009, 82.3051300049, 53.1484222412], [-368.62713623, 34.1240921021, 39.7530899048, -13.961060524, 38.9006233215, 18.3033943176, 23.9757881165, -10.5969400406, -12.2143106461, 10.5893573761, 22.4868812561, 53.1484222412, 86.706703186]],
        "icov": [[0.000326390843838, -0.00102272804361, 0.000809092831332, -0.00118737190496, 0.000847236718982, -0.000325868604705, 0.000871993368492, -0.000594738230575, 0.000397464551497, -8.06990865385e-05, 0.000536105770152, -0.000458895781776, 0.000810965604614], [-0.00102272804361, 0.0066308984533, -0.000382186291972, 0.00239374884404, -0.00466550048441, 0.00438737869263, -0.00648760655895, 0.00577966682613, -0.0029557060916, 0.00294673372991, -0.0042399414815, 0.00363096827641, -0.00463205482811], [0.000809092831332, -0.000382186291972, 0.00871254876256, -0.00331896380521, -0.00345638627186, 0.00379151082598, -0.00292665185407, 0.00110257172491, 0.00013541476801, 0.000961707672104, 0.00119166518562, 0.000372006034013, 0.000120185257401], [-0.00118737190496, 0.00239374884404, -0.00331896380521, 0.0161742307246, -0.00697516882792, -0.00209356495179, 0.00203142710961, -0.00547812553123, -0.00146855041385, -0.00046829218627, -0.000889434537385, 0.00293296435848, -0.00124087824952], [0.000847236718982, -0.00466550048441, -0.00345638627186, -0.00697516882792, 0.0228203982115, -0.0102564748377, 0.00104424927849, 0.00374013441615, -0.00153506791685, 0.0027124080807, -0.00206323293969, -0.00125790946186, -0.00124651624355], [-0.000325868604705, 0.00438737869263, 0.00379151082598, -0.00209356495179, -0.0102564748377, 0.0249069780111, -0.0163235012442, 0.00349196279421, 0.00189715076704, 0.00206542899832, -0.000714051129762, 0.00110550364479, -0.00138070224784], [0.000871993368492, -0.00648760655895, -0.00292665185407, 0.00203142710961, 0.00104424927849, -0.0163235012442, 0.0350302383304, -0.018459295854, 0.00430620182306, -0.00388497277163, 0.00241078692488, -0.000436716742115, -0.000312216492603], [-0.000594738230575, 0.00577966682613, 0.00110257172491, -0.00547812553123, 0.00374013441615, 0.00349196279421, -0.018459295854, 0.029633320868, -0.0137829883024, 0.00204840209335, -0.000154319073772, 0.000419162097387, -0.00228854129091], [0.000397464551497, -0.0029557060916, 0.00013541476801, -0.00146855041385, -0.00153506791685, 0.00189715076704, 0.00430620182306, -0.0137829883024, 0.028765918687, -0.0122559433803, 0.00166424852796, 0.000157967791893, 0.00498806871474], [-8.06990865385e-05, 0.00294673372991, 0.000961707672104, -0.00046829218627, 0.0027124080807, 0.00206542899832, -0.00388497277163, 0.00204840209335, -0.0122559433803, 0.0290840510279, -0.0162776224315, 0.00354227563366, -0.00557570019737], [0.000536105770152, -0.0042399414815, 0.00119166518562, -0.000889434537385, -0.00206323293969, -0.000714051129762, 0.00241078692488, -0.000154319073772, 0.00166424852796, -0.0162776224315, 0.0320401675999, -0.0168642234057, 0.00789942219853], [-0.000458895781776, 0.00363096827641, 0.000372006034013, 0.00293296435848, -0.00125790946186, 0.00110550364479, -0.000436716742115, 0.000419162097387, 0.000157967791893, 0.00354227563366, -0.0168642234057, 0.0316422693431, -0.0180077031255], [0.000810965604614, -0.00463205482811, 0.000120185257401, -0.00124087824952, -0.00124651624355, -0.00138070224784, -0.000312216492603, -0.00228854129091, 0.00498806871474, -0.00557570019737, 0.00789942219853, -0.0180077031255, 0.0275794044137]]
    },
    "melbands": {
        "dmean": [8.95812408999e-05, 0.00026607332984, 0.000186100383871, 0.000217360269744, 0.00012089235679, 0.000292214303045, 0.000161985488376, 0.000236562365899, 0.0001686156902, 0.000137147435453, 8.71924275998e-05, 5.84848276048e-05, 4.50071420346e-05, 3.47291388607e-05, 2.09348818316e-05, 4.41592274001e-05, 2.380137812e-05, 2.84760972136e-05, 1.7889387891e-05, 2.54155638686e-05, 2.6725436328e-05, 2.03378986043e-05, 9.25998301682e-06, 1.03457650766e-05, 6.32376486465e-06, 4.63786182081e-06, 1.98723228095e-06, 2.20836182052e-06, 5.7944390619e-07, 5.33041315975e-07, 2.2114353726e-07, 2.26446957186e-07, 1.54254635731e-07, 1.2806883376e-07, 1.10318040925e-07, 4.27888693366e-08, 2.43531488309e-08, 1.6436356276e-08, 9.71982849762e-09, 4.69574912287e-09],
        "dmean2": [0.000130514163175, 0.000316455436405, 0.000195241562324, 0.000257474748651, 0.000177392503247, 0.000368560606148, 0.000212332714, 0.000327589019435, 0.000244510330958, 0.000205483229365, 0.000134440138936, 9.17153665796e-05, 7.08826337359e-05, 5.54747239221e-05, 3.54248950316e-05, 7.43306591175e-05, 3.92506590288e-05, 4.77583744214e-05, 2.98984268738e-05, 4.39968753199e-05, 4.53555294371e-05, 3.49327310687e-05, 1.55630223162e-05, 1.77811471076e-05, 1.08290669232e-05, 8.06197567726e-06, 3.26932081407e-06, 3.71015948986e-06, 1.00285399185e-06, 8.93385276868e-07, 3.78246340915e-07, 3.85034127248e-07, 2.56858101011e-07, 2.13935905435e-07, 1.86256343682e-07, 7.15901578019e-08, 4.11585681093e-08, 2.83472356699e-08, 1.64785891599e-08, 7.90009924145e-09],
        "dvar": [1.28567325675e-08, 1.8359042997e-07, 7.07388991827e-08, 1.63856157087e-07, 2.13590908515e-07, 2.19540865487e-07, 6.6663417897e-08, 2.11834191077e-07, 1.1033417735e-07, 4.84931987899e-08, 4.57887630034e-08, 2.41568400838e-08, 4.92336926783e-09, 2.31286234609e-09, 1.05486674951e-09, 4.29836033433e-09, 4.47320092078e-09, 2.23127316623e-09, 8.55873538708e-10, 1.79790526911e-09, 1.72714775815e-09, 1.2698060381e-09, 2.8063881774e-10, 2.72672606716e-10, 1.43686396115e-10, 4.74779660031e-11, 7.28131964445e-12, 8.23646706394e-12, 5.81846853684e-13, 5.03241708288e-13, 9.45046788763e-14, 1.28624013025e-13, 4.86356357206e-14, 2.98893668062e-14, 2.47149628101e-14, 2.58183689136e-15, 8.9382908237e-16, 5.55793850291e-16, 1.93730861067e-16, 3.94110765334e-17],
        "dvar2": [2.56836614199e-08, 2.24630383627e-07, 7.34243741363e-08, 2.51320784628e-07, 5.93495144585e-07, 2.73832597486e-07, 1.20320265751e-07, 4.46605866955e-07, 2.61094726284e-07, 1.03999724388e-07, 9.87400881058e-08, 5.92798947707e-08, 1.22999690433e-08, 5.77736569696e-09, 2.81121748102e-09, 1.18194476428e-08, 9.82425341078e-09, 5.90840842918e-09, 2.41765607534e-09, 5.50188472559e-09, 4.71430494642e-09, 3.47508533061e-09, 8.11007816459e-10, 8.21564871689e-10, 4.0440092941e-10, 1.36344185941e-10, 2.06318954976e-11, 2.46294425826e-11, 1.71024522669e-12, 1.357585485e-12, 2.63828835081e-13, 3.54268616396e-13, 1.24044559889e-13, 7.43775768514e-14, 5.89926870374e-14, 6.99035835523e-15, 2.40822732443e-15, 1.50821998374e-15, 5.39078396231e-16, 1.07942391405e-16],
        "max": [0.00385332712904, 0.0119270691648, 0.00600246200338, 0.0110260173678, 0.0104871885851, 0.0109065668657, 0.0041845687665, 0.00718576088548, 0.00457644136623, 0.00246232142672, 0.00364012108184, 0.00328704435378, 0.000825554365292, 0.000533638929483, 0.000398763309931, 0.000561235763598, 0.00091557163978, 0.000458174501546, 0.000388335844036, 0.000441127747763, 0.000564951566048, 0.000489919737447, 0.00020609103376, 0.000188831385458, 0.000136095972266, 8.35071259644e-05, 3.77771430067e-05, 4.09785825468e-05, 9.65082472248e-06, 7.59617387303e-06, 2.85111832454e-06, 4.62965135739e-06, 3.60701869795e-06, 2.27523901231e-06, 2.10568873626e-06, 5.25573000232e-07, 3.19514242619e-07, 3.11982432777e-07, 1.72132800458e-07, 8.49245580525e-08],
        "mean": [0.000704099540599, 0.00178128434345, 0.000975649280008, 0.000897329126019, 0.000392535584979, 0.000908763962798, 0.000392206537072, 0.000552124518435, 0.000292350887321, 0.000259019987425, 0.000157894959557, 9.4591283414e-05, 8.31178840599e-05, 6.7321532697e-05, 3.59186051355e-05, 6.4366402512e-05, 3.85101448046e-05, 4.84976444568e-05, 3.35144723067e-05, 4.17893788835e-05, 4.50381121482e-05, 3.40979313478e-05, 1.64647590282e-05, 1.88706926565e-05, 1.2057672393e-05, 8.54394238559e-06, 4.40562598669e-06, 4.34124922322e-06, 1.24009545743e-06, 1.03088677861e-06, 4.40140837554e-07, 5.01110775986e-07, 3.45251095268e-07, 2.86010759964e-07, 2.3773553437e-07, 1.04893288722e-07, 5.93794453607e-08, 4.12203000622e-08, 2.47346250148e-08, 1.36129765238e-08],
        "median": [0.000304208864691, 0.00108349625953, 0.000597096804995, 0.000378253898816, 0.000216376618482, 0.000394834962208, 0.000203519884963, 0.000246703275479, 0.000121402154036, 0.000138144314406, 5.82596658205e-05, 4.5141474402e-05, 5.2753232012e-05, 4.08495725424e-05, 1.85817916645e-05, 3.52440911229e-05, 1.22677374748e-05, 1.89933271031e-05, 1.78047775989e-05, 2.48753422056e-05, 2.70740601991e-05, 1.70915100171e-05, 8.11928111943e-06, 1.15641996672e-05, 6.73199610901e-06, 5.32087415195e-06, 3.08625885737e-06, 2.95539939543e-06, 9.63890329331e-07, 7.3553275115e-07, 3.37527552574e-07, 3.551859038e-07, 2.69987594947e-07, 2.07238414873e-07, 1.76301426791e-07, 8.91155451654e-08, 5.0010328323e-08, 3.39261667648e-08, 2.00714644905e-08, 1.04251576261e-08],
        "min": [2.4903265927e-23, 1.28255348888e-23, 4.06947939682e-24, 2.3783101191e-24, 4.1959515493e-24, 4.50145765637e-24, 5.27811251681e-24, 2.62533658675e-24, 3.49173226377e-24, 2.17405442754e-23, 1.63175988685e-23, 1.84038567061e-23, 7.88890014188e-24, 1.72568781935e-23, 7.14844689725e-24, 2.2342096864e-24, 5.90896655486e-24, 1.06684854624e-23, 6.92548088442e-24, 1.07572362586e-23, 1.63976035638e-23, 1.00382100539e-23, 1.08203893072e-23, 1.44682927588e-23, 1.88269385868e-23, 1.30766624471e-23, 6.98255497091e-24, 5.19605323329e-24, 8.87504174887e-24, 1.04694093133e-23, 1.10867694911e-23, 1.54349534458e-23, 1.86875531757e-23, 7.76249307043e-24, 1.32369708159e-23, 1.30228700219e-23, 1.01335162841e-23, 9.16818877213e-24, 1.23922759135e-23, 9.23362872853e-24],
