{
"metadata": {
    "version": {
        "essentia": "2.0.1",
        "extractor": "archive-music 1.0"
    },
    "audio_properties": {
        "analysis_sample_rate": 44100,
        "bitrate": 128,
        "channels": 2,
        "equal_loudness": 0,
        "length": 16.0130615234,
        "replay_gain": 2.61406517029,
        "downmix": "mix"
    },
    "tags": {
        "track": 0,
        "year": 0,
        "album": "",
        "artist": "",
        "comment": "",
        "genre": "",
        "title": ""
    }
},
"highlevel": {
    "culture": {
        "all": {
            "non_western": 0.457833588123,
            "western": 0.542166411877
        },
        "probability": 0.542166411877,
        "value": "western"
    },
    "danceability": {
        "all": {
            "danceable": 0.0878054723144,
            "not_danceable": 0.912194550037
        },
        "probability": 0.912194550037,
        "value": "not_danceable"
    },
    "gender": {
        "all": {
            "female": 0.890544593334,
            "male": 0.109455399215
        },
        "probability": 0.890544593334,
        "value": "female"
    },
    "genre_dortmund": {
        "all": {
            "alternative": 0.142270252109,
            "blues": 0.00123715691734,
            "electronic": 0.120876155794,
            "folkcountry": 0.0381698049605,
            "funksoulrnb": 0.0117956632748,
            "jazz": 0.655457913876,
            "pop": 0.0186454746872,
            "raphiphop": 0.000516478961799,
            "rock": 0.0110310902819
        },
        "probability": 0.655457913876,
        "value": "jazz"
    },
    "genre_electronic": {
        "all": {
            "ambient": 0.987790346146,
            "dnb": 0.00201635854319,
            "house": 0.00733228866011,
            "techno": 0.00142342585605,
            "trance": 0.00143757101614
        },
        "probability": 0.987790346146,
        "value": "ambient"
    },
    "genre_rosamerica": {
        "all": {
            "cla": 0.371023148298,
            "dan": 0.0305710528046,
            "hip": 0.0312925837934,
            "jaz": 0.274430602789,
            "pop": 0.0473948381841,
            "rhy": 0.188024803996,
            "roc": 0.0359101258218,
            "spe": 0.0213528443128
        },
        "probability": 0.371023148298,
        "value": "cla"
    },
    "genre_tzanetakis": {
        "all": {
            "blu": 0.0856268629432,
            "cla": 0.113556914032,
            "cou": 0.0838723629713,
            "dis": 0.0589115694165,
            "hip": 0.0401443019509,
            "jaz": 0.203880012035,
            "met": 0.0168800223619,
            "pop": 0.167637348175,
            "reg": 0.0596470944583,
            "roc": 0.169843509793
        },
        "probability": 0.203880012035,
        "value": "jaz"
    },
    "mirex_ballroom": {
        "all": {
            "ChaChaCha": 0.00329754943959,
            "Jive": 9.31004615268e-05,
            "Quickstep": 0.000664243241772,
            "Rumba-American": 0.00237008347176,
            "Rumba-International": 0.0634700655937,
            "Rumba-Misc": 0.00679753115401,
            "Samba": 0.000393911643187,
            "Tango": 0.000780333590228,
            "VienneseWaltz": 0.017563007772,
            "Waltz": 0.904570162296
        },
        "probability": 0.904570162296,
        "value": "Waltz"
    },
    "mood_acoustic": {
        "all": {
            "acoustic": 0.961158812046,
            "not_acoustic": 0.0388411842287
        },
        "probability": 0.961158812046,
        "value": "acoustic"
    },
    "mood_aggressive": {
        "all": {
            "aggressive": 4.29792135037e-06,
            "not_aggressive": 0.999995708466
        },
        "probability": 0.999995708466,
        "value": "not_aggressive"
    },
    "mood_electronic": {
        "all": {
            "electronic": 0.527191698551,
            "not_electronic": 0.472808271646
        },
        "probability": 0.527191698551,
        "value": "electronic"
    },
    "mood_happy": {
        "all": {
            "happy": 0.10723336041,
            "not_happy": 0.892766654491
        },
        "probability": 0.892766654491,
        "value": "not_happy"
    },
    "mood_party": {
        "all": {
            "not_party": 0.963992238045,
            "party": 0.0360077731311
        },
        "probability": 0.963992238045,
        "value": "not_party"
    },
    "mood_relaxed": {
        "all": {
            "not_relaxed": 0.0370644964278,
            "relaxed": 0.962935507298
        },
        "probability": 0.962935507298,
        "value": "relaxed"
    },
    "mood_sad": {
        "all": {
            "not_sad": 0.020860157907,
            "sad": 0.979139864445
        },
        "probability": 0.979139864445,
        "value": "sad"
    },
    "moods_mirex": {
        "all": {
            "Cluster1": 0.119717732072,
            "Cluster2": 0.0206314940006,
            "Cluster3": 0.829464972019,
            "Cluster4": 0.0148601802066,
            "Cluster5": 0.0153256244957
        },
        "probability": 0.829464972019,
        "value": "Cluster3"
    },
    "timbre": {
        "all": {
            "bright": 0.184087604284,
            "dark": 0.815912365913
        },
        "probability": 0.815912365913,
        "value": "dark"
    },
    "tonal_atonal": {
        "all": {
            "atonal": 0.00181275710929,
            "tonal": 0.998187243938
        },
        "probability": 0.998187243938,
        "value": "tonal"
    },
    "voice_instrumental": {
        "all": {
            "instrumental": 0.999992847443,
            "voice": 7.15025225873e-06
        },
        "probability": 0.999992847443,
        "value": "instrumental"
    }
},
"lowlevel": {
    "average_loudness": 0.917111158371,
    "barkbands_kurtosis": {
        "dmean": 7.46081447601,
        "dmean2": 11.2874717712,
        "dvar": 118.023292542,
        "dvar2": 303.128631592,
        "max": 147.16569519,
        "mean": 19.1836261749,
        "median": 14.8910293579,
        "min": -0.662918567657,
        "var": 256.084381104
    },
    "barkbands_skewness": {
        "dmean": 0.682540655136,
        "dmean2": 1.06055915356,
        "dvar": 0.495345950127,
        "dvar2": 1.2711918354,
        "max": 8.8374376297,
        "mean": 2.6773815155,
        "median": 2.53741240501,
        "min": -2.07721161842,
        "var": 1.79679071903
    },
    "barkbands_spread": {
        "dmean": 1.02085936069,
        "dmean2": 1.46586310863,
        "dvar": 8.98110389709,
        "dvar2": 15.6125583649,
        "max": 68.5042800903,
        "mean": 4.07905864716,
        "median": 2.91212081909,
        "min": 0.676037669182,
        "var": 27.1823749542
    },
    "dissonance": {
        "dmean": 0.0243778061122,
        "dmean2": 0.0395224280655,
        "dvar": 0.000420664786361,
        "dvar2": 0.00108828069642,
        "max": 0.498154759407,
        "mean": 0.370968580246,
        "median": 0.363844871521,
        "min": 0.236288815737,
        "var": 0.00219760183245
    },
    "dynamic_complexity": 4.17970371246,
    "erbbands_kurtosis": {
        "dmean": 1.69380712509,
        "dmean2": 2.52639651299,
        "dvar": 3.75456476212,
        "dvar2": 8.4580450058,
        "max": 31.0778388977,
        "mean": 4.38255929947,
        "median": 3.29879140854,
        "min": -0.958943605423,
        "var": 14.673251152
    },
    "erbbands_skewness": {
        "dmean": 0.303775340319,
        "dmean2": 0.432645708323,
        "dvar": 0.0832673609257,
        "dvar2": 0.183482512832,
        "max": 4.83521604538,
        "mean": 1.58579301834,
        "median": 1.50071847439,
        "min": -0.861112415791,
        "var": 0.636646568775
    },
    "erbbands_spread": {
        "dmean": 2.47507882118,
        "dmean2": 3.7458794117,
        "dvar": 19.3843231201,
        "dvar2": 48.3031921387,
        "max": 88.4308547974,
        "mean": 14.8812170029,
        "median": 13.9786939621,
        "min": 5.00579547882,
        "var": 46.4206428528
    },
    "hfc": {
        "dmean": 1.12815463543,
        "dmean2": 1.55797612667,
        "dvar": 3.42570066452,
        "dvar2": 7.23604345322,
        "max": 26.4792938232,
        "mean": 7.00929832458,
        "median": 4.90863323212,
        "min": 1.08665559018e-16,
        "var": 31.1567592621
    },
    "melbands_kurtosis": {
        "dmean": 7.16867446899,
        "dmean2": 10.7531433105,
        "dvar": 170.362136841,
        "dvar2": 380.23034668,
        "max": 230.274734497,
        "mean": 20.8848552704,
        "median": 16.6212902069,
        "min": -1.32343482971,
        "var": 358.545257568
    },
    "melbands_skewness": {
        "dmean": 0.592244446278,
        "dmean2": 0.919887661934,
        "dvar": 0.45988419652,
        "dvar2": 1.11174798012,
        "max": 8.93333244324,
        "mean": 2.91855764389,
        "median": 2.84050512314,
        "min": -0.172752693295,
        "var": 1.77338147163
    },
    "melbands_spread": {
        "dmean": 1.32964658737,
        "dmean2": 2.02743315697,
        "dvar": 40.8852005005,
        "dvar2": 68.1143569946,
        "max": 153.668197632,
        "mean": 5.44947338104,
        "median": 3.32354950905,
        "min": 0.564857959747,
        "var": 156.616638184
    },
    "pitch_salience": {
        "dmean": 0.0555452816188,
        "dmean2": 0.0846354067326,
        "dvar": 0.00282725621946,
        "dvar2": 0.00696885120124,
        "max": 0.983974814415,
        "mean": 0.450412422419,
        "median": 0.452632158995,
        "min": 0.118629984558,
        "var": 0.0174604933709
    },
    "silence_rate_20dB": {
        "dmean": 0,
        "dmean2": 0,
        "dvar": 0,
        "dvar2": 0,
        "max": 1,
        "mean": 1,
        "median": 1,
        "min": 1,
        "var": 0
    },
    "silence_rate_30dB": {
        "dmean": 0.0173913035542,
        "dmean2": 0.0348330922425,
        "dvar": 0.0170888155699,
        "dvar2": 0.0423279069364,
        "max": 1,
        "mean": 0.985528230667,
        "median": 1,
        "min": 0,
        "var": 0.0142623344436
    },
    "silence_rate_60dB": {
        "dmean": 0.0173913035542,
        "dmean2": 0.0348330922425,
        "dvar": 0.0170888137072,
        "dvar2": 0.0394252128899,
        "max": 1,
        "mean": 0.0651230067015,
        "median": 0,
        "min": 0,
        "var": 0.0608826801181
    },
    "spectral_centroid": {
        "dmean": 48.1584358215,
        "dmean2": 64.618522644,
        "dvar": 91109.6953125,
        "dvar2": 97294.15625,
        "max": 10876.6806641,
        "mean": 395.398254395,
        "median": 344.589172363,
        "min": 185.674758911,
        "var": 251573.625
    },
    "spectral_complexity": {
        "dmean": 0.907246351242,
        "dmean2": 1.54426705837,
        "dvar": 0.962413072586,
        "dvar2": 1.96066486835,
        "max": 16,
        "mean": 7.83791589737,
        "median": 8,
        "min": 0,
        "var": 5.01858615875
    },
    "spectral_crest": {
        "dmean": 1.92700815201,
        "dmean2": 2.88316011429,
        "dvar": 4.37981557846,
        "dvar2": 10.6532697678,
        "max": 26.0395431519,
        "mean": 16.6209640503,
        "median": 17.0185394287,
        "min": 5.37208747864,
        "var": 29.6173973083
    },
    "spectral_decrease": {
        "dmean": 1.61784374786e-09,
        "dmean2": 2.41718667304e-09,
        "dvar": 1.68294792533e-17,
        "dvar2": 4.23349879452e-17,
        "max": -1.35978779091e-28,
        "mean": -6.4902261343e-09,
        "median": -4.98267516136e-09,
        "min": -5.04481647567e-08,
        "var": 3.74310377575e-17
    },
    "spectral_energy": {
        "dmean": 0.00620439415798,
        "dmean2": 0.00925865024328,
        "dvar": 0.000244381080847,
        "dvar2": 0.000614150369074,
        "max": 0.192197158933,
        "mean": 0.0251313727349,
        "median": 0.0192509554327,
        "min": 1.03694998083e-20,
        "var": 0.00055360305123
    },
    "spectral_energyband_high": {
        "dmean": 2.71269732366e-06,
        "dmean2": 4.22346192863e-06,
        "dvar": 3.10724571073e-11,
        "dvar2": 7.52194070919e-11,
        "max": 9.72899943008e-05,
        "mean": 1.30334201458e-05,
        "median": 1.24693251564e-05,
        "min": 7.0999601928e-21,
        "var": 8.80033684814e-11
    },
    "spectral_energyband_low": {
        "dmean": 0.00375316734426,
        "dmean2": 0.0061118225567,
        "dvar": 0.000230055011343,
        "dvar2": 0.000587906048167,
        "max": 0.184200182557,
        "mean": 0.00490077445284,
        "median": 0.00135700474493,
        "min": 4.51199281487e-23,
        "var": 0.000237321044551
    },
    "spectral_energyband_middle_high": {
        "dmean": 0.000155426227138,
        "dmean2": 0.000209619349334,
        "dvar": 5.73664244996e-08,
        "dvar2": 9.54332008973e-08,
        "max": 0.00430316338316,
        "mean": 0.000548337702639,
        "median": 0.000372965732822,
        "min": 1.88221555653e-21,
        "var": 3.19342376542e-07
    },
    "spectral_energyband_middle_low": {
        "dmean": 0.00323853245936,
        "dmean2": 0.00419170735404,
        "dvar": 1.98513516807e-05,
        "dvar2": 3.89425222238e-05,
        "max": 0.08663982898,
        "mean": 0.0204269494861,
        "median": 0.0160756669939,
        "min": 4.25455127701e-22,
        "var": 0.000283577799564
    },
    "spectral_flatness_db": {
        "dmean": 0.0166338477284,
        "dmean2": 0.025262337178,
        "dvar": 0.000345761072822,
        "dvar2": 0.000780961359851,
        "max": 0.365646988153,
        "mean": 0.246448978782,
        "median": 0.25695630908,
        "min": 0.0442882850766,
        "var": 0.00250634062104
    },
    "spectral_flux": {
        "dmean": 0.0156527925283,
        "dmean2": 0.0256391838193,
        "dvar": 0.00089632126037,
        "dvar2": 0.00228810915723,
        "max": 0.336728364229,
        "mean": 0.0385279394686,
        "median": 0.0286502446979,
        "min": 1.01830738286e-10,
        "var": 0.00143730221316
    },
    "spectral_kurtosis": {
        "dmean": 4.69819355011,
        "dmean2": 8.15162658691,
        "dvar": 16.0752086639,
        "dvar2": 43.8985404968,
        "max": 45.1125259399,
        "mean": 17.5284862518,
        "median": 16.0658435822,
        "min": -1.2003544569,
        "var": 57.8518104553
    },
    "spectral_rms": {
        "dmean": 0.000539393804502,
        "dmean2": 0.000775013351813,
        "dvar": 9.1208272579e-07,
        "dvar2": 2.12022268897e-06,
        "max": 0.0136934081092,
        "mean": 0.00446858396754,
        "median": 0.00433375360444,
        "min": 3.18065799393e-12,
        "var": 4.55014924228e-06
    },
    "spectral_rolloff": {
        "dmean": 101.705162048,
        "dmean2": 171.609100342,
        "dvar": 748700.9375,
        "dvar2": 1288143.75,
        "max": 19099.9511719,
        "mean": 572.826538086,
        "median": 344.53125,
        "min": 107.666015625,
        "var": 3110940.5
    },
    "spectral_skewness": {
        "dmean": 0.377337872982,
        "dmean2": 0.648956537247,
        "dvar": 0.0931020975113,
        "dvar2": 0.243625596166,
        "max": 5.44085073471,
        "mean": 3.30899405479,
        "median": 3.25262832642,
        "min": 0.0108747929335,
        "var": 0.479335010052
    },
    "spectral_spread": {
        "dmean": 336207.96875,
        "dmean2": 500992.09375,
        "dvar": 1.53863808614e+12,
        "dvar2": 1.58033457971e+12,
        "max": 41587364,
        "mean": 3013756.75,
        "median": 2820634.5,
        "min": 1615780.375,
        "var": 3.03738257408e+12
    },
    "spectral_strongpeak": {
        "dmean": 0.18574629724,
        "dmean2": 0.276672124863,
        "dvar": 0.058978818357,
        "dvar2": 0.141837835312,
        "max": 3.50197148323,
        "mean": 1.12575089931,
        "median": 0.977141797543,
        "min": 0,
        "var": 0.59856569767
    },
    "zerocrossingrate": {
        "dmean": 0.0037774569355,
        "dmean2": 0.00543274916708,
        "dvar": 0.000413464294979,
        "dvar2": 0.000668042397592,
        "max": 0.505859375,
        "mean": 0.0228495839983,
        "median": 0.01708984375,
        "min": 0.00634765625,
        "var": 0.00198311824352
    },
    "barkbands": {
        "dmean": [0.000118589887279, 0.00206565507688, 0.00163575820625, 0.000423643243266, 0.00229344703257, 0.00106945470907, 5.38921449333e-05, 0.000107673040475, 0.000234760664171, 0.000106158106064, 2.38726315729e-05, 1.53564178618e-05, 8.01792775746e-05, 7.64588094171e-06, 9.85175574897e-06, 6.98692520018e-06, 7.61807223171e-06, 2.83940744339e-06, 1.99558007807e-06, 2.95313748211e-06, 1.05821254692e-06, 6.55391829696e-07, 4.31885183616e-07, 3.42454342217e-07, 1.74669835928e-07, 1.32595403102e-07, 1.09238453661e-06],
        "dmean2": [0.000211307837162, 0.00358460773714, 0.0027356732171, 0.000648553832434, 0.00320207886398, 0.00109724153299, 6.92191242706e-05, 0.00011465055286, 0.000265546230366, 0.000126567392726, 3.37786550517e-05, 2.23739989451e-05, 0.000124237369164, 1.26990971694e-05, 1.65289166034e-05, 1.1288027963e-05, 1.24551252156e-05, 4.58183558294e-06, 3.30809302795e-06, 4.97160317536e-06, 1.61266427767e-06, 1.10000326004e-06, 7.29874500394e-07, 5.71646069147e-07, 2.94787867006e-07, 2.22841890718e-07, 1.80796916993e-06],
        "dvar": [4.86077524897e-08, 8.50809155963e-05, 3.66090498574e-05, 1.78500999937e-06, 1.46131624206e-05, 4.94989762956e-06, 3.61013841044e-09, 3.65938923608e-08, 9.87370754046e-08, 3.68331392053e-08, 7.77273023722e-10, 8.57570070512e-10, 2.78460152714e-08, 1.41589573399e-10, 1.39043082603e-10, 1.2911055558e-10, 1.47511308723e-10, 1.73071713211e-11, 9.61108189562e-12, 7.63566224138e-11, 4.59735721714e-12, 6.506205622e-13, 3.05164097117e-13, 1.62266372756e-13, 1.15481978364e-13, 2.1134835757e-14, 8.74513569199e-13],
        "dvar2": [1.56423652697e-07, 0.000230196164921, 9.03928448679e-05, 3.48178696186e-06, 3.31418414135e-05, 5.15009287483e-06, 6.32822239055e-09, 3.59392764437e-08, 1.22100246358e-07, 4.71772629851e-08, 1.47213496948e-09, 1.46550815927e-09, 6.06289205507e-08, 3.65286495496e-10, 3.70949049255e-10, 2.68670696801e-10, 2.80205303405e-10, 3.97299936006e-11, 2.34710931246e-11, 2.02539374161e-10, 7.39200888e-12, 1.74908178219e-12, 8.27240890806e-13, 4.44797275184e-13, 3.245267824e-13, 5.60464929946e-14, 2.25676595467e-12],
        "max": [0.00239072134718, 0.118564710021, 0.0740388035774, 0.0279815904796, 0.0844132378697, 0.0672304108739, 0.00120889290702, 0.00458693597466, 0.00706455623731, 0.00376627873629, 0.000384893501177, 0.000447194412118, 0.00222354591824, 0.000219336841838, 0.000139170617331, 0.000287098286208, 0.000234982115217, 8.10532583273e-05, 5.13362501806e-05, 0.000115061862743, 5.87862487009e-05, 1.37818242365e-05, 7.78029516368e-06, 4.52285303254e-06, 4.59628927274e-06, 2.09577342503e-06, 6.93382116879e-06],
        "mean": [0.000116742812679, 0.00207111751661, 0.00202271551825, 0.000999729847535, 0.0109887430444, 0.00682839518413, 0.000190921360627, 0.000378983240807, 0.000905656605028, 0.000288782699499, 7.73394713178e-05, 3.33577518177e-05, 0.000140154486871, 1.38921004691e-05, 1.90095888684e-05, 1.33602925416e-05, 1.53976943693e-05, 6.56847396385e-06, 4.33377272202e-06, 4.95366202813e-06, 3.02653688777e-06, 1.96266773855e-06, 1.53543101078e-06, 1.37331323913e-06, 7.50441131459e-07, 5.0980480637e-07, 2.0861257326e-06],
        "median": [4.34631983808e-05, 0.000182150804903, 0.000608704052866, 0.000121241675515, 0.00651029590517, 0.000820648332592, 0.000140143136377, 0.000228877281188, 0.000682516722009, 0.000139852665598, 6.08113623457e-05, 1.17341214718e-05, 4.6987694077e-05, 9.58283453656e-06, 1.40041656778e-05, 9.84624875855e-06, 1.00074830698e-05, 4.49231856692e-06, 3.01811337522e-06, 3.58428246727e-06, 2.36175083046e-06, 1.83055271918e-06, 1.42535611758e-06, 1.27906275793e-06, 7.2764566994e-07, 4.71132977964e-07, 1.92712013813e-06],
        "min": [3.56456700228e-24, 2.63847056862e-23, 1.0396227476e-23, 2.67832539928e-23, 1.00900396353e-22, 1.96518362359e-23, 4.50313769344e-23, 9.28928523197e-23, 9.57696828907e-23, 1.45485047668e-22, 5.10176447582e-23, 6.80056791552e-23, 1.13045408549e-22, 2.50808820619e-22, 1.62765178325e-22, 2.52059133599e-22, 1.55446051116e-22, 1.61535931086e-22, 4.03608098247e-22, 5.24771630195e-22, 3.9799936032e-22, 3.11773935128e-22, 5.56097612286e-22, 8.44942377503e-22, 1.10032045719e-21, 1.60311823434e-21, 2.11796203111e-21],
        "var": [4.70749199621e-08, 7.70932092564e-05, 3.84817722079e-05, 4.40938993052e-06, 0.000174715591129, 0.000149738756591, 3.12261505542e-08, 2.65132285904e-07, 7.69238340581e-07, 2.14043510027e-07, 4.52177451038e-09, 4.0190957229e-09, 6.93557566933e-08, 2.59777005462e-10, 2.87611601202e-10, 3.14980763694e-10, 4.85018636365e-10, 6.76026040702e-11, 2.17783586304e-11, 6.6715896696e-11, 2.17302426053e-11, 1.7499672501e-12, 9.18903408226e-13, 7.19803611247e-13, 2.31694275311e-13, 1.02580230009e-13, 2.04732758524e-12]
    },
    "erbbands": {
        "dmean": [0.0204666703939, 0.603388488293, 2.19922494888, 1.32697439194, 4.06727409363, 9.04403972626, 7.81293582916, 8.00215530396, 0.948388338089, 1.28372073174, 2.60988783836, 6.40104722977, 3.03280496597, 2.26038312912, 1.00403547287, 0.938933372498, 4.10732793808, 0.529353201389, 0.503619611263, 0.503057479858, 0.330252200365, 0.297015279531, 0.204785510898, 0.112444169819, 0.0891210213304, 0.165460959077, 0.0527290999889, 0.0379446484149, 0.022201443091, 0.016242114827, 0.0113708637655, 0.00921267550439, 0.00539815891534, 0.00223321281374, 0.00138687551953, 0.000540585664567, 0.000366137799574, 0.0017124467995, 5.20574212715e-05, 6.95576636645e-06],
        "dmean2": [0.0362693853676, 1.03301107883, 3.63188767433, 1.97696816921, 6.31457233429, 12.2034368515, 8.77329826355, 8.95021057129, 1.14839625359, 1.56777501106, 2.7957880497, 7.1521115303, 3.55689620972, 2.82402348518, 1.44487893581, 1.35471749306, 6.35578250885, 0.846766352654, 0.858000397682, 0.82475990057, 0.53463101387, 0.480727851391, 0.333718180656, 0.18765860796, 0.149078652263, 0.276758521795, 0.0811334177852, 0.0612377822399, 0.0372208245099, 0.0275005847216, 0.0192130729556, 0.0155009590089, 0.00907715409994, 0.00373324356042, 0.00240253750235, 0.000902100815438, 0.000631824950688, 0.00284036016092, 8.60536820255e-05, 1.04195532913e-05],
        "dvar": [0.00734519632533, 7.06652450562, 73.3032608032, 14.7002038956, 75.5777435303, 218.345611572, 278.4090271, 288.415435791, 1.14800739288, 2.43327522278, 26.9357089996, 77.158164978, 26.671131134, 34.6322364807, 1.1698127985, 2.60482764244, 76.0743408203, 0.702092289925, 0.478792905807, 0.46751049161, 0.190055698156, 0.359812617302, 0.0999210327864, 0.025998884812, 0.0354024805129, 0.217636302114, 0.0128660881892, 0.00230087828822, 0.00114062218927, 0.000326023349771, 0.000179628899787, 0.000140959440614, 3.74733499484e-05, 6.92692810844e-06, 1.16190331028e-05, 5.16373006576e-07, 1.18475448119e-07, 2.1532705432e-06, 1.97771177213e-09, 2.86590168264e-10],
        "dvar2": [0.0215746350586, 18.9952945709, 184.37449646, 29.0684070587, 215.854995728, 396.689941406, 278.200164795, 333.541503906, 1.69411158562, 5.03634023666, 26.4673614502, 92.4767227173, 38.4106788635, 45.5279922485, 2.36924338341, 4.62025165558, 166.112670898, 1.63749492168, 1.25423693657, 0.937406182289, 0.394391864538, 0.60375893116, 0.214149177074, 0.062362100929, 0.0954102501273, 0.576429069042, 0.0225312300026, 0.00394754717126, 0.00297030457295, 0.000853517034557, 0.000487783487188, 0.000398042961024, 9.70027540461e-05, 1.83651645784e-05, 3.32499330398e-05, 1.40456313602e-06, 3.28261819504e-07, 5.58100600756e-06, 5.07651209958e-09, 7.17791215354e-10],
        "max": [1.27423262596, 33.1864356995, 103.662979126, 73.1684951782, 142.84336853, 363.857757568, 624.513977051, 566.323547363, 29.3127632141, 29.682056427, 129.21383667, 195.99130249, 126.099197388, 140.634689331, 12.8807373047, 22.9032230377, 115.425498962, 16.4799690247, 8.4256401062, 15.5783138275, 9.02424716949, 13.1579294205, 7.04344463348, 2.7784614563, 2.09764385223, 6.5409860611, 2.75974297523, 1.44457030296, 0.656295657158, 0.226599693298, 0.166948497295, 0.157071173191, 0.0806022137403, 0.0358073748648, 0.0441763289273, 0.00930778495967, 0.00461681047454, 0.0108973616734, 0.00033977831481, 0.000210722879274],
        "mean": [0.0216205250472, 0.600876510143, 2.49792504311, 3.37512969971, 16.9415359497, 44.5033340454, 50.4003257751, 48.1908416748, 4.76174116135, 5.48390626907, 9.72407627106, 25.0352687836, 8.77722454071, 6.6938457489, 3.55593729019, 2.2207570076, 7.141456604, 1.09118664265, 0.954493761063, 0.952307343483, 0.730130195618, 0.672866225243, 0.483190506697, 0.283826559782, 0.190694496036, 0.271012872458, 0.133307889104, 0.112023793161, 0.069566167891, 0.0523885078728, 0.0412354543805, 0.0321922451258, 0.0199409425259, 0.00913898926228, 0.00511258048937, 0.00235949805938, 0.00127361225896, 0.00340629252605, 0.000112480222015, 2.94099318126e-05],
        "median": [0.00393441785127, 0.0568891279399, 0.559599280357, 1.26750612259, 7.3458404541, 23.6777038574, 11.0218153, 6.62654209137, 3.13478064537, 3.90426921844, 5.25994920731, 18.4155406952, 5.67371702194, 2.4301867485, 3.08617353439, 1.09796309471, 2.33666682243, 0.710805594921, 0.636085510254, 0.722496032715, 0.569761276245, 0.463740408421, 0.323060125113, 0.204158395529, 0.140303313732, 0.18934340775, 0.0989159196615, 0.0963636413217, 0.064427562058, 0.049647282809, 0.0391506589949, 0.0298499874771, 0.0185480583459, 0.00886932946742, 0.00462246546522, 0.002198722912, 0.00119348627049, 0.00318657374009, 0.000105781633465, 2.30986970564e-05],
        "min": [1.34442426304e-21, 3.41584960968e-21, 8.54565379928e-21, 5.08865809336e-20, 2.78278292217e-19, 3.64867015902e-19, 1.52549902263e-19, 1.40775193038e-19, 4.86386594578e-19, 7.14017651865e-19, 2.60254223125e-18, 2.77986659353e-18, 4.18733012222e-18, 3.28142755795e-18, 1.94834638469e-18, 2.62545989051e-18, 5.07325875624e-18, 1.11693023517e-17, 7.6993648816e-18, 1.07728470918e-17, 1.46448754032e-17, 9.19408521157e-18, 9.46962403669e-18, 1.16528762737e-17, 2.22289238628e-17, 2.32882460968e-17, 1.93711720108e-17, 1.63572352242e-17, 1.10686716942e-17, 1.43604526583e-17, 1.78550707163e-17, 1.61834693929e-17, 1.31291289693e-17, 1.25982585142e-17, 8.18777036556e-18, 5.82687364742e-18, 2.85221677299e-18, 1.08552690224e-18, 3.20364440453e-19, 3.17797298347e-20],
        "var": [0.00709216250107, 6.37579631805, 73.2459640503, 36.2639846802, 543.828430176, 3139.03588867, 8721.55957031, 8855.66601562, 24.1315994263, 25.7479763031, 206.612335205, 612.022827148, 114.168586731, 240.34173584, 6.09325456619, 10.6630239487, 185.702270508, 1.74106001854, 0.862777352333, 1.17839360237, 0.630272865295, 1.20301949978, 0.424780219793, 0.0729083567858, 0.04111828655, 0.19503711164, 0.0490181259811, 0.0135387899354, 0.00275596650317, 0.00102872867137, 0.000691640540026, 0.000440421747044, 0.000157840244356, 2.99761341012e-05, 1.42133703775e-05, 1.86761701571e-06, 4.81449148992e-07, 5.07955928697e-06, 4.97509589081e-09, 6.74877043139e-10]
    },
    "gfcc": {
        "mean": [-109.369232178, 137.692886353, -77.2386856079, -4.31450557709, -55.668006897, -11.3495178223, -34.84948349, -10.1830177307, -26.9682865143, -12.9677057266, -22.3753318787, -2.47992300987, -8.7564125061],
        "cov": [[13145.0625, 1765.00219727, -584.477966309, -98.0296783447, -307.883331299, -221.284851074, -328.618988037, -263.036468506, -191.940856934, -44.9454612732, 29.7570972443, 26.6940956116, -28.3167972565], [1765.00219727, 616.796813965, 127.355003357, 59.8386383057, 117.118186951, 3.65094470978, 31.1176567078, -49.5562171936, -18.2076911926, -19.0638084412, -6.13914442062, -29.4980392456, -7.39965963364], [-584.477966309, 127.355003357, 331.984222412, 162.824966431, 188.17755127, 55.3152275085, 83.0178985596, -10.1158971786, 13.3034591675, -10.1352748871, -32.0662460327, -40.1969642639, -16.2690639496], [-98.0296783447, 59.8386383057, 162.824966431, 210.864181519, 147.145324707, 72.4393539429, 47.640838623, 12.6348848343, -1.41824150085, -25.0403823853, -61.0702285767, -65.0700454712, -19.9696083069], [-307.883331299, 117.118186951, 188.17755127, 147.145324707, 239.813842773, 74.2105712891, 83.2895889282, -6.88733005524, 12.6722288132, -11.5898284912, -24.7729053497, -40.6539306641, -14.8464450836], [-221.284851074, 3.65094470978, 55.3152275085, 72.4393539429, 74.2105712891, 88.9750366211, 49.1255378723, 25.3662643433, 4.06909656525, -8.84785842896, -30.4922924042, -29.7905292511, -11.8800468445], [-328.618988037, 31.1176567078, 83.0178985596, 47.640838623, 83.2895889282, 49.1255378723, 87.9142684937, 43.701423645, 24.1095046997, -0.876205503941, -17.5467395782, -21.3674278259, -2.48696804047], [-263.036468506, -49.5562171936, -10.1158971786, 12.6348848343, -6.88733005524, 25.3662643433, 43.701423645, 89.2187652588, 38.8433570862, 0.64669084549, -21.2727413177, -7.51218175888, 5.1580452919], [-191.940856934, -18.2076911926, 13.3034591675, -1.41824150085, 12.6722288132, 4.06909656525, 24.1095046997, 38.8433570862, 50.3050727844, 22.9746589661, 8.55886650085, 6.24282360077, 6.96041965485], [-44.9454612732, -19.0638084412, -10.1352748871, -25.0403823853, -11.5898284912, -8.84785842896, -0.876205503941, 0.64669084549, 22.9746589661, 71.5535964966, 85.27759552, 45.9271278381, 16.0134563446], [29.7570972443, -6.13914442062, -32.0662460327, -61.0702285767, -24.7729053497, -30.4922924042, -17.5467395782, -21.2727413177, 8.55886650085, 85.27759552, 164.063659668, 99.753036499, 34.4345741272], [26.6940956116, -29.4980392456, -40.1969642639, -65.0700454712, -40.6539306641, -29.7905292511, -21.3674278259, -7.51218175888, 6.24282360077, 45.9271278381, 99.753036499, 100.000846863, 44.1110725403], [-28.3167972565, -7.39965963364, -16.2690639496, -19.9696083069, -14.8464450836, -11.8800468445, -2.48696804047, 5.1580452919, 6.96041965485, 16.0134563446, 34.4345741272, 44.1110725403, 55.0231781006]],
        "icov": [[0.000265775364824, -0.000967076455709, 0.000920509686694, -0.000846984738018, 0.000463071948616, 0.00021311918681, 5.35864091944e-05, 0.000450963678304, 2.02919345611e-05, -0.000442270102212, 0.000607638445217, -0.000893756223377, 0.000564990448765], [-0.000967076455709, 0.00549950590357, -0.00369434570894, 0.00323565094732, -0.00234808307141, -2.82551627606e-05, -0.000864119094331, -0.000723023258615, 0.000125981314341, 0.00253393710591, -0.00314053706825, 0.00441228691489, -0.00261229090393], [0.000920509686694, -0.00369434570894, 0.0109631251544, -0.00814959872514, 0.000677653995808, 0.00312519911677, -0.0070247775875, 0.00723653333262, -0.00328367343172, -0.0014957243111, 0.00384485651739, -0.00664278259501, 0.00389231811278], [-0.000846984738018, 0.00323565094732, -0.00814959872514, 0.018126167357, -0.00881661754102, -0.00561423925683, 0.0104531431571, -0.0107796071097, 0.00738641992211, -0.00226501980796, -0.00174018414691, 0.0106959827244, -0.00570087274536], [0.000463071948616, -0.00234808307141, 0.000677653995808, -0.00881661754102, 0.0164262000471, -0.0033003508579, -0.011625896208, 0.0125694405288, -0.00983100757003, 0.00608370406553, -0.00246377685107, -0.00282856449485, 0.00222143460996], [0.00021311918681, -2.82551627606e-05, 0.00312519911677, -0.00561423925683, -0.0033003508579, 0.0232564602047, -0.00921498518437, -0.00306763756089, 0.00745403394103, -0.00612635072321, 0.00486117741093, -0.00297867623158, 0.00317996088415], [5.35864091944e-05, -0.000864119094331, -0.0070247775875, 0.0104531431571, -0.011625896208, -0.00921498518437, 0.0402884036303, -0.0224375501275, 0.00498591409996, -0.00259624607861, -0.00318432925269, 0.00943096447736, -0.0050170510076], [0.000450963678304, -0.000723023258615, 0.00723653333262, -0.0107796071097, 0.0125694405288, -0.00306763756089, -0.0224375501275, 0.0384984873235, -0.0261388607323, 0.00816839840263, 0.00264011370018, -0.00776910874993, 0.00197374867275], [2.02919345611e-05, 0.000125981314341, -0.00328367343172, 0.00738641992211, -0.00983100757003, 0.00745403394103, 0.00498591409996, -0.0261388607323, 0.0519405975938, -0.0281337797642, 0.011537110433, -1.96917426365e-06, -0.00223152292892], [-0.000442270102212, 0.00253393710591, -0.0014957243111, -0.00226501980796, 0.00608370406553, -0.00612635072321, -0.00259624607861, 0.00816839840263, -0.0281337797642, 0.0579125247896, -0.0347938537598, 0.00987134780735, -0.0011498745298], [0.000607638445217, -0.00314053706825, 0.00384485651739, -0.00174018414691, -0.00246377685107, 0.00486117741093, -0.00318432925269, 0.00264011370018, 0.011537110433, -0.0347938537598, 0.0394564084709, -0.0277124587446, 0.00657964264974], [-0.000893756223377, 0.00441228691489, -0.00664278259501, 0.0106959827244, -0.00282856449485, -0.00297867623158, 0.00943096447736, -0.00776910874993, -1.96917426365e-06, 0.00987134780735, -0.0277124587446, 0.0482036247849, -0.0223741494119], [0.000564990448765, -0.00261229090393, 0.00389231811278, -0.00570087274536, 0.00222143460996, 0.00317996088415, -0.0050170510076, 0.00197374867275, -0.00223152292892, -0.0011498745298, 0.00657964264974, -0.0223741494119, 0.0325058586895]]
    },
    "melbands": {
        "dmean": [0.000368028006051, 0.00106130295899, 0.000251659832429, 0.000567359325942, 0.000276586040854, 0.000180743954843, 1.16954342957e-05, 1.5995468857e-05, 2.79059695458e-05, 3.50280424755e-05, 1.50152618517e-05, 9.71069312072e-06, 3.59460273103e-06, 2.0335685349e-06, 7.25865584172e-06, 5.61418437428e-06, 8.45202578148e-07, 8.08846550626e-07, 5.6916877611e-07, 6.47083822969e-07, 4.55302171076e-07, 3.78726326744e-07, 3.09815533228e-07, 1.85041031386e-07, 9.80532419703e-08, 7.27513835841e-08, 1.04162417358e-07, 1.04916757948e-07, 3.68612695922e-08, 2.52104843668e-08, 2.76840097513e-08, 1.61345248273e-08, 1.08775575214e-08, 1.16702540964e-08, 7.46203276947e-09, 6.87162460267e-09, 6.08665962076e-09, 4.52092274728e-09, 3.20520721075e-09, 1.9324051248e-09],
        "dmean2": [0.000657074095216, 0.00173851975705, 0.000387012521969, 0.000790253630839, 0.000323768384987, 0.000195970191271, 1.48792905748e-05, 1.88831654668e-05, 3.07466434606e-05, 3.93375485146e-05, 1.75673030753e-05, 1.2105222595e-05, 5.10138534082e-06, 2.96642633657e-06, 1.12212173917e-05, 8.68128972797e-06, 1.39293388202e-06, 1.37320671456e-06, 9.52587299707e-07, 1.05391086436e-06, 7.51808386212e-07, 6.17907687683e-07, 5.18346439549e-07, 3.01627608223e-07, 1.64574871064e-07, 1.2127743787e-07, 1.8025052384e-07, 1.77100204724e-07, 5.55802692759e-08, 4.03464106569e-08, 4.50306920641e-08, 2.76244715991e-08, 1.84350863464e-08, 1.97837284333e-08, 1.29062511789e-08, 1.17981802106e-08, 1.04167057202e-08, 7.7088451178e-09, 5.40054845288e-09, 3.27746074724e-09],
        "dvar": [2.72308216154e-06, 1.83131742233e-05, 3.71937630916e-07, 1.11085932986e-06, 2.35260472436e-07, 1.46871073525e-07, 1.69983069287e-10, 3.41451922292e-10, 1.84866855157e-09, 2.28540497638e-09, 6.49247100526e-10, 6.78487988015e-10, 1.75176591982e-11, 1.17743072237e-11, 2.00412103579e-10, 1.37508116005e-10, 2.08752893444e-12, 1.19294201253e-12, 4.48138027338e-13, 8.48012252867e-13, 3.59313219369e-13, 7.35142307272e-13, 2.07327088982e-13, 8.08257066419e-14, 2.22968429879e-14, 1.06500535658e-14, 1.1017810877e-13, 7.81167936326e-14, 8.72856186607e-15, 1.27067393472e-15, 9.08741838561e-16, 6.18850212198e-16, 1.6455102602e-16, 1.53654145677e-16, 7.34801280266e-17, 9.80621160344e-17, 5.52864724333e-17, 2.71224879707e-17, 1.37303784324e-17, 4.62613082561e-18],
        "dvar2": [7.63135358284e-06, 4.6837481932e-05, 7.46654677641e-07, 2.47618413596e-06, 2.57759779743e-07, 1.62027674833e-07, 2.54419013634e-10, 6.03813887778e-10, 1.9995138878e-09, 2.77643197322e-09, 9.16449416355e-10, 8.86918871679e-10, 3.26565753606e-11, 2.02077365258e-11, 4.33193370064e-10, 3.00766495043e-10, 5.56663135726e-12, 3.09430909715e-12, 1.06110118522e-12, 1.83080894195e-12, 8.42541965015e-13, 1.25863035272e-12, 5.22774694627e-13, 1.99583717066e-13, 5.42827467817e-14, 2.70136628453e-14, 2.93937508881e-13, 2.07808935533e-13, 1.33403115215e-14, 2.45627908001e-15, 2.0076262684e-15, 1.65054767102e-15, 4.40256412234e-16, 4.27144103982e-16, 2.03781145214e-16, 2.7662335817e-16, 1.53580771448e-16, 6.99699176141e-17, 3.7323573761e-17, 1.27667155003e-17],
        "max": [0.0223834570497, 0.05021263659, 0.0108979940414, 0.0241140071303, 0.0170441623777, 0.0126972617581, 0.000281046988675, 0.000370280031348, 0.00100393802859, 0.00105587719008, 0.000610684335697, 0.00062377168797, 5.90441777604e-05, 4.84084775962e-05, 0.00019090778369, 0.000154007968376, 2.85080041067e-05, 1.19054811876e-05, 1.12320922199e-05, 2.01282491616e-05, 9.75479997578e-06, 1.74180295289e-05, 8.39147378429e-06, 5.07364120494e-06, 2.63065817308e-06, 1.44925741097e-06, 3.72216527467e-06, 4.06314120482e-06, 2.27110058404e-06, 9.46626244058e-07, 8.01141879947e-07, 4.64833675551e-07, 1.41654027175e-07, 1.34911047667e-07, 1.0152583485e-07, 1.35841744964e-07, 8.69841940698e-08, 6.523733731e-08, 4.37507168272e-08, 3.15844665977e-08],
        "mean": [0.000381949706934, 0.00116280722432, 0.000628407986369, 0.00270639825612, 0.0017174227396, 0.00111489975825, 4.37495000369e-05, 6.48640561849e-05, 0.000106731575215, 0.000136899558129, 3.84255909012e-05, 2.73848563666e-05, 1.19759497466e-05, 5.28913960807e-06, 1.31395581775e-05, 9.69889060798e-06, 1.48745721162e-06, 1.43530303376e-06, 1.18606226351e-06, 1.11425106297e-06, 8.80648542534e-07, 7.70471558553e-07, 5.46001842849e-07, 3.66086794656e-07, 2.12450970594e-07, 1.49372851865e-07, 1.62412604254e-07, 1.69334541056e-07, 8.35680680211e-08, 6.40831387955e-08, 6.79748879406e-08, 4.20218597696e-08, 2.95659141614e-08, 2.96914457465e-08, 2.40015527453e-08, 2.14943600696e-08, 1.86648261291e-08, 1.47483447677e-08, 1.0454348498e-08, 6.77403777516e-09],
        "median": [4.87235301989e-05, 0.000220545436605, 0.000315282435622, 0.00113294203766, 0.000638317374978, 0.000141212061862, 3.20712606481e-05, 4.63547003164e-05, 6.64930776111e-05, 0.00010400822066, 2.15135914914e-05, 8.08147160569e-06, 9.5777468232e-06, 2.7695054996e-06, 5.10362269779e-06, 3.52286861016e-06, 9.06294246761e-07, 1.00151191873e-06, 9.51727315623e-07, 7.71790553245e-07, 6.45774377972e-07, 4.91533398872e-07, 3.52650260993e-07, 2.35050151787e-07, 1.4694231254e-07, 1.05957937535e-07, 1.13489136311e-07, 1.19190950443e-07, 5.72656517761e-08, 5.08906019547e-08, 5.7979605117e-08, 3.72986868058e-08, 2.70883351305e-08, 2.76669283039e-08, 2.22444853648e-08, 1.91711642117e-08, 1.65567701771e-08, 1.30240414009e-08, 9.84578729657e-09, 6.39537267588e-09],
        "min": [8.72432356204e-24, 4.61533406677e-24, 1.5276340339e-23, 2.5875880936e-23, 6.76848652023e-24, 3.34610814623e-24, 8.22779320905e-24, 8.62249581867e-24, 1.98670374908e-23, 1.72959725622e-23, 2.12923939729e-23, 1.46421324588e-23, 7.20553281666e-24, 5.76228418042e-24, 6.52685605837e-24, 1.37290196501e-23, 2.37703701592e-23, 1.40521607427e-23, 1.45585684231e-23, 1.27161900898e-23, 1.91606157056e-23, 9.15607029091e-24, 9.6610714323e-24, 7.18243260277e-24, 9.0237420295e-24, 1.69095963794e-23, 1.34825495266e-23, 1.73851816865e-23, 1.45724460641e-23, 9.73146780176e-24, 8.84259826642e-24, 5.3888039013e-24, 7.32639735139e-24, 8.04072588942e-24, 1.1011210027e-23, 9.80030538207e-24, 9.43285081697e-24, 7.86745495818e-24, 1.07591232139e-23, 1.12409113343e-23],
