{
"metadata": {
    "version": {
        "essentia": "2.0.1",
        "extractor": "archive-music 1.0"
    },
    "audio_properties": {
        "analysis_sample_rate": 44100,
        "bitrate": 128,
        "channels": 2,
        "equal_loudness": 0,
        "length": 15.0726528168,
        "replay_gain": 5.50709342957,
        "downmix": "mix"
    },
    "tags": {
        "track": 0,
        "year": 0,
        "album": "",
        "artist": "",
        "comment": "",
        "genre": "",
        "title": ""
    }
},
"highlevel": {
    "culture": {
        "all": {
            "non_western": 1.02165668068e-05,
            "western": 0.999989807606
        },
        "probability": 0.999989807606,
        "value": "western"
    },
    "danceability": {
        "all": {
            "danceable": 0.0149037083611,
            "not_danceable": 0.985096275806
        },
        "probability": 0.985096275806,
        "value": "not_danceable"
    },
    "gender": {
        "all": {
            "female": 0.300468832254,
            "male": 0.699531197548
        },
        "probability": 0.699531197548,
        "value": "male"
    },
    "genre_dortmund": {
        "all": {
            "alternative": 0.00616379315034,
            "blues": 0.000163448232342,
            "electronic": 0.0479862913489,
            "folkcountry": 0.0127768646926,
            "funksoulrnb": 0.000448211852927,
            "jazz": 0.926445126534,
            "pop": 0.00534124067053,
            "raphiphop": 0.00013064914674,
            "rock": 0.000544392911252
        },
        "probability": 0.926445126534,
        "value": "jazz"
    },
    "genre_electronic": {
        "all": {
            "ambient": 0.998633205891,
            "dnb": 2.46264880843e-05,
            "house": 0.000294000870781,
            "techno": 0.000797451881226,
            "trance": 0.000250706420047
        },
        "probability": 0.998633205891,
        "value": "ambient"
    },
    "genre_rosamerica": {
        "all": {
            "cla": 0.67088162899,
            "dan": 0.000899919716176,
            "hip": 0.000814817729406,
            "jaz": 0.320961982012,
            "pop": 0.00101100641768,
            "rhy": 0.000809570774436,
            "roc": 0.00026819226332,
            "spe": 0.0043528592214
        },
        "probability": 0.67088162899,
        "value": "cla"
    },
    "genre_tzanetakis": {
        "all": {
            "blu": 0.000446195452241,
            "cla": 0.928990840912,
            "cou": 0.000319953920553,
            "dis": 0.00257862568833,
            "hip": 0.00052979105385,
            "jaz": 0.0614272803068,
            "met": 7.25395002519e-05,
            "pop": 0.0016829080414,
            "reg": 0.00347452936694,
            "roc": 0.000477309396956
        },
        "probability": 0.928990840912,
        "value": "cla"
    },
    "mirex_ballroom": {
        "all": {
            "ChaChaCha": 3.99285636377e-06,
            "Jive": 2.94927554023e-06,
            "Quickstep": 4.44627130491e-06,
            "Rumba-American": 3.00571573462e-05,
            "Rumba-International": 0.000504398252815,
            "Rumba-Misc": 0.000751932733692,
            "Samba": 4.39950008513e-06,
            "Tango": 2.23460519919e-05,
            "VienneseWaltz": 0.00420450931415,
            "Waltz": 0.994470953941
        },
        "probability": 0.994470953941,
        "value": "Waltz"
    },
    "mood_acoustic": {
        "all": {
            "acoustic": 0.982992768288,
            "not_acoustic": 0.0170072149485
        },
        "probability": 0.982992768288,
        "value": "acoustic"
    },
    "mood_aggressive": {
        "all": {
            "aggressive": 0.0153228398412,
            "not_aggressive": 0.984677135944
        },
        "probability": 0.984677135944,
        "value": "not_aggressive"
    },
    "mood_electronic": {
        "all": {
            "electronic": 0.1120756194,
            "not_electronic": 0.88792437315
        },
        "probability": 0.88792437315,
        "value": "not_electronic"
    },
    "mood_happy": {
        "all": {
            "happy": 0.148757338524,
            "not_happy": 0.851242661476
        },
        "probability": 0.851242661476,
        "value": "not_happy"
    },
    "mood_party": {
        "all": {
            "not_party": 0.971697986126,
            "party": 0.0283019896597
        },
        "probability": 0.971697986126,
        "value": "not_party"
    },
    "mood_relaxed": {
        "all": {
            "not_relaxed": 1.29774406332e-07,
            "relaxed": 0.999999880791
        },
        "probability": 0.999999880791,
        "value": "relaxed"
    },
    "mood_sad": {
        "all": {
            "not_sad": 0.131905645132,
            "sad": 0.868094325066
        },
        "probability": 0.868094325066,
        "value": "sad"
    },
    "moods_mirex": {
        "all": {
            "Cluster1": 0.0271850191057,
            "Cluster2": 0.0476193055511,
            "Cluster3": 0.87347215414,
            "Cluster4": 0.0462093167007,
            "Cluster5": 0.00551423057914
        },
        "probability": 0.87347215414,
        "value": "Cluster3"
    },
    "timbre": {
        "all": {
            "bright": 0.0954879745841,
            "dark": 0.904512047768
        },
        "probability": 0.904512047768,
        "value": "dark"
    },
    "tonal_atonal": {
        "all": {
            "atonal": 9.38537195907e-05,
            "tonal": 0.999906122684
        },
        "probability": 0.999906122684,
        "value": "tonal"
    },
    "voice_instrumental": {
        "all": {
            "instrumental": 0.995745062828,
            "voice": 0.00425490783527
        },
        "probability": 0.995745062828,
        "value": "instrumental"
    }
},
"lowlevel": {
    "average_loudness": 0.503046870232,
    "barkbands_kurtosis": {
        "dmean": 9.92609024048,
        "dmean2": 15.0644760132,
        "dvar": 2889.90063477,
        "dvar2": 7587.13867188,
        "max": 1199.38171387,
        "mean": 22.1251564026,
        "median": 9.28652477264,
        "min": -1.67411828041,
        "var": 5438.47949219
    },
    "barkbands_skewness": {
        "dmean": 0.592296242714,
        "dmean2": 0.925967752934,
        "dvar": 1.33590805531,
        "dvar2": 3.2545735836,
        "max": 20.5263671875,
        "mean": 1.5080088377,
        "median": 1.48713290691,
        "min": -2.72860622406,
        "var": 3.50043702126
    },
    "barkbands_spread": {
        "dmean": 0.8334030509,
        "dmean2": 1.21973717213,
        "dvar": 19.1380176544,
        "dvar2": 44.2422904968,
        "max": 102.976280212,
        "mean": 2.72489452362,
        "median": 1.9100805521,
        "min": 0.103607945144,
        "var": 28.4772548676
    },
    "dissonance": {
        "dmean": 0.0412518382072,
        "dmean2": 0.0689158588648,
        "dvar": 0.0018911549123,
        "dvar2": 0.00457528280094,
        "max": 0.498406261206,
        "mean": 0.309739589691,
        "median": 0.312883347273,
        "min": 0,
        "var": 0.00627024611458
    },
    "dynamic_complexity": 6.10423803329,
    "erbbands_kurtosis": {
        "dmean": 3.62663602829,
        "dmean2": 4.72326040268,
        "dvar": 204.825866699,
        "dvar2": 224.682327271,
        "max": 455.073699951,
        "mean": 10.6526689529,
        "median": 4.28569030762,
        "min": -1.00128901005,
        "var": 933.338928223
    },
    "erbbands_skewness": {
        "dmean": 0.396039575338,
        "dmean2": 0.567893505096,
        "dvar": 0.399268090725,
        "dvar2": 0.60295265913,
        "max": 15.466588974,
        "mean": 1.38648271561,
        "median": 1.16574120522,
        "min": -2.19550609589,
        "var": 1.94754254818
    },
    "erbbands_spread": {
        "dmean": 1.34910106659,
        "dmean2": 1.97245061398,
        "dvar": 14.4687576294,
        "dvar2": 25.185792923,
        "max": 85.5234146118,
        "mean": 7.0197353363,
        "median": 5.66649961472,
        "min": 0.225586459041,
        "var": 39.568687439
    },
    "hfc": {
        "dmean": 1.26175498962,
        "dmean2": 1.60390329361,
        "dvar": 5.06919527054,
        "dvar2": 8.66209888458,
        "max": 50.3150367737,
        "mean": 6.65275621414,
        "median": 3.46686291695,
        "min": 1.21082301019e-16,
        "var": 68.1915130615
    },
    "melbands_kurtosis": {
        "dmean": 4.26723718643,
        "dmean2": 6.39304161072,
        "dvar": 313.782043457,
        "dvar2": 700.984680176,
        "max": 445.747711182,
        "mean": 9.75189304352,
        "median": 5.45211696625,
        "min": -1.199690938,
        "var": 517.449707031
    },
    "melbands_skewness": {
        "dmean": 0.451300472021,
        "dmean2": 0.668399333954,
        "dvar": 0.480056941509,
        "dvar2": 0.915599405766,
        "max": 13.4688692093,
        "mean": 1.0348867178,
        "median": 1.1683357954,
        "min": -5.0867433548,
        "var": 2.26367020607
    },
    "melbands_spread": {
        "dmean": 1.06778073311,
        "dmean2": 1.6175339222,
        "dvar": 25.4872531891,
        "dvar2": 39.121887207,
        "max": 132.457580566,
        "mean": 4.63200378418,
        "median": 3.22414445877,
        "min": 0.305334419012,
        "var": 117.283317566
    },
    "pitch_salience": {
        "dmean": 0.0433188378811,
        "dmean2": 0.0671157687902,
        "dvar": 0.00215050834231,
        "dvar2": 0.00471473485231,
        "max": 0.990146398544,
        "mean": 0.469828516245,
        "median": 0.469584703445,
        "min": 0.0812382474542,
        "var": 0.0166604463011
    },
    "silence_rate_20dB": {
        "dmean": 0,
        "dmean2": 0,
        "dvar": 0,
        "dvar2": 0,
        "max": 1,
        "mean": 1,
        "median": 1,
        "min": 1,
        "var": 0
    },
    "silence_rate_30dB": {
        "dmean": 0.00615384615958,
        "dmean2": 0.0123266568407,
        "dvar": 0.00611598649994,
        "dvar2": 0.0121747506782,
        "max": 1,
        "mean": 0.983102917671,
        "median": 1,
        "min": 0,
        "var": 0.0166114829481
    },
    "silence_rate_60dB": {
        "dmean": 0.0307692307979,
        "dmean2": 0.0616332814097,
        "dvar": 0.029822235927,
        "dvar2": 0.0670799016953,
        "max": 1,
        "mean": 0.271889388561,
        "median": 0,
        "min": 0,
        "var": 0.197964787483
    },
    "spectral_centroid": {
        "dmean": 40.4389381409,
        "dmean2": 53.3865737915,
        "dvar": 92411.8515625,
        "dvar2": 96891.9140625,
        "max": 10841.703125,
        "mean": 440.977783203,
        "median": 374.571350098,
        "min": 221.34135437,
        "var": 260614.8125
    },
    "spectral_complexity": {
        "dmean": 0.639999985695,
        "dmean2": 1.08166408539,
        "dvar": 0.568863451481,
        "dvar2": 1.24910461903,
        "max": 14,
        "mean": 5.86482334137,
        "median": 6,
        "min": 0,
        "var": 7.04470157623
    },
    "spectral_crest": {
        "dmean": 1.60126781464,
        "dmean2": 2.53172135353,
        "dvar": 3.30645084381,
        "dvar2": 8.45628929138,
        "max": 26.5061302185,
        "mean": 15.2690858841,
        "median": 14.564455986,
        "min": 3.93344068527,
        "var": 25.058506012
    },
    "spectral_decrease": {
        "dmean": 9.15651388045e-10,
        "dmean2": 1.20741827647e-09,
        "dvar": 2.5131126333e-18,
        "dvar2": 4.55076060974e-18,
        "max": 5.63858669827e-26,
        "mean": -4.61174654021e-09,
        "median": -2.34597896664e-09,
        "min": -4.28720454693e-08,
        "var": 3.84058436396e-17
    },
    "spectral_energy": {
        "dmean": 0.00356688653119,
        "dmean2": 0.00469879806042,
        "dvar": 3.80751916964e-05,
        "dvar2": 6.87120846123e-05,
        "max": 0.166372105479,
        "mean": 0.0180091690272,
        "median": 0.00918423663825,
        "min": 1.09075347525e-20,
        "var": 0.000581314845476
    },
    "spectral_energyband_high": {
        "dmean": 1.12672111641e-07,
        "dmean2": 1.78186596145e-07,
        "dvar": 1.29541813881e-14,
        "dvar2": 3.12795850419e-14,
        "max": 2.24943482863e-06,
        "mean": 7.17581940535e-07,
        "median": 6.46591047371e-07,
        "min": 8.24413758028e-21,
        "var": 1.66846923647e-13
    },
    "spectral_energyband_low": {
        "dmean": 0.000724794284906,
        "dmean2": 0.00130101700779,
        "dvar": 4.77178809888e-06,
        "dvar2": 1.76039411599e-05,
        "max": 0.022551804781,
        "mean": 0.00129632488824,
        "median": 0.000420431955718,
        "min": 1.29040781403e-22,
        "var": 7.09587811798e-06
    },
    "spectral_energyband_middle_high": {
        "dmean": 8.46007387736e-05,
        "dmean2": 0.000111983397801,
        "dvar": 3.0483960245e-08,
        "dvar2": 4.59137901032e-08,
        "max": 0.00369284395128,
        "mean": 0.000300434970995,
        "median": 0.000154393492267,
        "min": 1.58747854309e-21,
        "var": 1.82058371934e-07
    },
    "spectral_energyband_middle_low": {
        "dmean": 0.00340799731202,
        "dmean2": 0.00436021573842,
        "dvar": 3.48570283677e-05,
        "dvar2": 5.8113506384e-05,
        "max": 0.162162125111,
        "mean": 0.0172672830522,
        "median": 0.0087529597804,
        "min": 1.53796183242e-22,
        "var": 0.000538908236194
    },
    "spectral_flatness_db": {
        "dmean": 0.0154465278611,
        "dmean2": 0.0220450703055,
        "dvar": 0.000267123890808,
        "dvar2": 0.000556374201551,
        "max": 0.484663426876,
        "mean": 0.327990233898,
        "median": 0.334429264069,
        "min": 0.0592331066728,
        "var": 0.00303718145005
    },
    "spectral_flux": {
        "dmean": 0.00892955437303,
        "dmean2": 0.0143471835181,
        "dvar": 0.000173547901795,
        "dvar2": 0.000426347425673,
        "max": 0.166611000896,
        "mean": 0.0249502118677,
        "median": 0.0167933832854,
        "min": 1.04439144832e-10,
        "var": 0.000534209015314
    },
    "spectral_kurtosis": {
        "dmean": 15.9543390274,
        "dmean2": 26.7445011139,
        "dvar": 215.631820679,
        "dvar2": 572.193908691,
        "max": 153.276046753,
        "mean": 72.653755188,
        "median": 70.4199752808,
        "min": -1.20757520199,
        "var": 875.582763672
    },
    "spectral_rms": {
        "dmean": 0.000364825828001,
        "dmean2": 0.000490128411911,
        "dvar": 2.34531810861e-07,
        "dvar2": 5.26147232449e-07,
        "max": 0.0127402609214,
        "mean": 0.00347170443274,
        "median": 0.00299336435273,
        "min": 3.26213079986e-12,
        "var": 5.51719722353e-06
    },
    "spectral_rolloff": {
        "dmean": 88.9817886353,
        "dmean2": 161.283218384,
        "dvar": 1017292.375,
        "dvar2": 2005174.25,
        "max": 18755.4199219,
        "mean": 657.770812988,
        "median": 473.73046875,
        "min": 193.798828125,
        "var": 3189433.5
    },
    "spectral_skewness": {
        "dmean": 0.908434689045,
        "dmean2": 1.54460561275,
        "dvar": 0.58528059721,
        "dvar2": 1.57988381386,
        "max": 10.0120382309,
        "mean": 6.61071014404,
        "median": 6.57769775391,
        "min": 0.0028284676373,
        "var": 2.49955058098
    },
    "spectral_spread": {
        "dmean": 373673.5,
        "dmean2": 595922.4375,
        "dvar": 1.64484730061e+12,
        "dvar2": 1.76583108198e+12,
        "max": 41173748,
        "mean": 1550054.75,
        "median": 1331979.625,
        "min": 605004.6875,
        "var": 3.59832249958e+12
    },
    "spectral_strongpeak": {
        "dmean": 0.20109090209,
        "dmean2": 0.276775956154,
        "dvar": 0.0940271392465,
        "dvar2": 0.184497892857,
        "max": 5.69715881348,
        "mean": 1.30029582977,
        "median": 1.0130957365,
        "min": 0,
        "var": 1.28154325485
    },
    "zerocrossingrate": {
        "dmean": 0.00318810087629,
        "dmean2": 0.00479252915829,
        "dvar": 0.000427871244028,
        "dvar2": 0.000746392877772,
        "max": 0.505859375,
        "mean": 0.024275302887,
        "median": 0.01806640625,
        "min": 0.00927734375,
        "var": 0.0020695105195
    },
    "barkbands": {
        "dmean": [2.5483218451e-06, 1.49263023559e-05, 0.000298517144984, 0.000550385098904, 0.00072853610618, 0.00198768475093, 0.000168596045114, 0.00087108585285, 0.000139440933708, 3.62090177077e-05, 5.42401940038e-05, 3.09602546622e-05, 7.58515079724e-06, 1.56466421686e-06, 2.83508211396e-06, 2.32470983974e-06, 2.33822061091e-06, 2.79912683254e-07, 1.40731799547e-07, 5.64268418657e-08, 1.31435706763e-08, 1.44141125702e-08, 8.20969070503e-09, 1.25865531331e-08, 1.57379407284e-08, 1.0678309792e-08, 7.86716469747e-08],
        "dmean2": [4.37923654317e-06, 2.57213305304e-05, 0.000542663619854, 0.000926197390072, 0.000991809880361, 0.00247231940739, 0.000220364323468, 0.00116808724124, 0.000187777841347, 4.94696796522e-05, 7.22898257663e-05, 4.27555605711e-05, 1.16384744615e-05, 2.49600043389e-06, 3.88935995943e-06, 3.68576934306e-06, 3.48279513673e-06, 4.39075307668e-07, 2.33126726812e-07, 9.32692927336e-08, 2.13568469576e-08, 2.42683206864e-08, 1.39481750594e-08, 2.07266381835e-08, 2.53391636562e-08, 1.8040784866e-08, 1.23501862959e-07],
        "dvar": [8.69165676931e-12, 4.49997261676e-10, 9.3410176305e-07, 1.95079678633e-06, 2.4446808311e-06, 1.5490957594e-05, 1.9948379304e-07, 7.44034741729e-06, 2.99168448237e-07, 4.18477030806e-09, 1.55720805139e-08, 4.01680866347e-09, 4.08481443115e-10, 5.83083104369e-12, 5.30579330471e-11, 1.61731305431e-11, 1.97095690463e-11, 2.60347245064e-13, 4.60134317801e-14, 7.29313409388e-15, 2.7289778963e-16, 5.66323581556e-16, 1.58714929309e-16, 5.58489109129e-16, 1.05326492936e-15, 1.56174095165e-16, 7.87752584111e-15],
        "dvar2": [2.33527780447e-11, 1.24751620145e-09, 3.39854136655e-06, 6.93261108609e-06, 4.07418019677e-06, 2.09155386983e-05, 2.80026966948e-07, 1.29785039462e-05, 4.97108885611e-07, 7.19024173534e-09, 2.1493182345e-08, 8.14978751151e-09, 8.20923551359e-10, 1.41266677176e-11, 8.05807504056e-11, 4.44196276983e-11, 4.27003432613e-11, 6.93091851273e-13, 1.34503560091e-13, 1.77558671704e-14, 6.96278393879e-16, 1.47780652461e-15, 4.7919681969e-16, 1.6409737635e-15, 2.72338435542e-15, 4.55421928349e-16, 1.96390602755e-14],
        "max": [2.4065908292e-05, 0.000228244942264, 0.0129595817998, 0.0160622373223, 0.0314826667309, 0.134087964892, 0.011568820104, 0.0529202371836, 0.0145394653082, 0.000984584330581, 0.00257220794447, 0.000845884263981, 0.000372013746528, 2.97953538393e-05, 0.000162878859555, 6.09716807958e-05, 6.12186704529e-05, 9.90042281046e-06, 3.33093498739e-06, 1.17696981761e-06, 2.21498737574e-07, 3.79327957489e-07, 1.99879735874e-07, 3.79148360707e-07, 5.34211096692e-07, 1.812793613e-07, 1.66914958299e-06],
        "mean": [2.73417435892e-06, 1.92842908291e-05, 0.000440121802967, 0.00128464482259, 0.00209348858334, 0.00932457856834, 0.00105771620292, 0.00313247879967, 0.000317747675581, 0.0001008572508, 0.000122500860016, 7.72358544054e-05, 1.23520712805e-05, 3.97845769839e-06, 6.62176717015e-06, 6.11392169958e-06, 5.03829232912e-06, 6.33570664377e-07, 3.29704448632e-07, 1.56187979883e-07, 4.37826521704e-08, 4.00017299285e-08, 2.80229794924e-08, 4.10543350426e-08, 5.89094000247e-08, 3.40333343729e-08, 3.80787497534e-07],
        "median": [1.73570913375e-06, 1.39088442666e-05, 0.000114726011816, 0.000515407067724, 0.000851539021824, 0.00275135692209, 0.000183880591067, 0.000641552265733, 5.77725077164e-05, 4.55510526081e-05, 5.19139211974e-05, 3.09910974465e-05, 4.07203197028e-06, 2.37463427766e-06, 2.37979861595e-06, 3.07722189063e-06, 2.58934164776e-06, 3.74814675297e-07, 2.22202402256e-07, 9.9576865864e-08, 3.2023052654e-08, 2.65252388942e-08, 1.84627761968e-08, 2.38869279912e-08, 3.33773861882e-08, 2.57073260457e-08, 3.0507786164e-07],
        "min": [1.40978846985e-23, 3.58172322814e-23, 6.9033937257e-23, 1.7075889836e-23, 9.01459360958e-24, 1.19414923933e-23, 3.71559797246e-23, 3.27687234894e-23, 2.42299794553e-23, 1.19300229868e-22, 6.2223549601e-23, 6.66262643545e-23, 1.52707845494e-22, 2.02288826238e-22, 7.44080553293e-23, 1.53999305459e-22, 1.67071929727e-22, 1.76654683838e-22, 3.2883986165e-22, 3.77721747549e-22, 4.14556402139e-22, 3.66333044702e-22, 6.60066450368e-22, 9.24742183524e-22, 1.22787913935e-21, 1.94740712272e-21, 2.679609993e-21],
        "var": [9.72597696824e-12, 4.72868855184e-10, 1.44735611229e-06, 4.90196907776e-06, 1.2065473129e-05, 0.000316491379635, 4.01414581574e-06, 5.96454301558e-05, 8.08018000953e-07, 2.33289689788e-08, 5.63131337117e-08, 1.39517366549e-08, 8.90213847082e-10, 2.04820032462e-11, 2.25256230335e-10, 8.68024957468e-11, 5.79317323279e-11, 6.95664717238e-13, 1.47649037094e-13, 3.1684036498e-14, 1.65557883497e-15, 1.78910256767e-15, 8.38642556516e-16, 2.33768303245e-15, 5.41732838669e-15, 9.74915969928e-16, 1.0231987241e-13]
    },
    "erbbands": {
        "dmean": [0.00061510753585, 0.00460409000516, 0.183551460505, 1.55369436741, 0.858043789864, 1.68982887268, 21.5969734192, 6.51095533371, 2.67711472511, 4.45891284943, 22.6923046112, 4.62871026993, 1.35635185242, 1.1695638895, 2.40141987801, 1.39971899986, 0.388394862413, 0.137017101049, 0.169292449951, 0.107960499823, 0.121351674199, 0.100653544068, 0.031950995326, 0.0133128808811, 0.00300305779092, 0.00269016320817, 0.00117279321421, 0.000412437104387, 0.000434326357208, 0.00041970811435, 0.000244716473389, 0.000246720970608, 0.000243226706516, 0.000190676757484, 0.000131647509988, 4.43634926341e-05, 3.52398128598e-05, 0.000123956007883, 3.90730474464e-06, 3.95581810153e-06],
        "dmean2": [0.00106814247556, 0.00808463804424, 0.330480933189, 2.74079799652, 1.30672633648, 2.32053089142, 27.3378944397, 7.69400548935, 3.63455915451, 6.08504676819, 29.6439647675, 5.94867992401, 1.79973006248, 1.71161007881, 3.05334687233, 1.96305394173, 0.569663047791, 0.207826286554, 0.234983235598, 0.165533795953, 0.18154335022, 0.148952901363, 0.0499154552817, 0.0213616956025, 0.00492283469066, 0.00433239620179, 0.00197471445426, 0.000698870571796, 0.000753924716264, 0.000702113262378, 0.000407721527154, 0.000411304383306, 0.000396300310967, 0.000312631105771, 0.000214394778595, 7.36724032322e-05, 5.74411678826e-05, 0.000194603926502, 5.75078502152e-06, 5.20369621881e-06],
        "dvar": [5.07298466346e-07, 7.72968269303e-05, 0.339739173651, 19.4161567688, 2.89912343025, 12.3987894058, 1784.32592773, 164.609405518, 31.3448982239, 309.618164062, 4982.9609375, 271.364227295, 12.602891922, 4.80434083939, 35.0087051392, 9.58820152283, 0.856182396412, 0.0749066770077, 0.192952394485, 0.0632921680808, 0.0401662141085, 0.0288451444358, 0.002716002753, 0.000703798199538, 2.51195269811e-05, 1.45938165588e-05, 3.144771199e-06, 2.83759732156e-07, 5.15889553299e-07, 4.73027739645e-07, 1.42817199844e-07, 1.50319181103e-07, 2.51213549518e-07, 1.46430664927e-07, 8.07779514389e-08, 5.31093924394e-09, 1.37281508383e-09, 1.95331821828e-08, 1.62704849593e-11, 4.66308797131e-11],
        "dvar2": [1.35526011036e-06, 0.000249048433034, 1.22849583626, 71.2650680542, 6.9343662262, 20.8952217102, 2854.93359375, 187.426071167, 58.2757797241, 668.5390625, 8480.26367188, 436.821746826, 20.8683681488, 10.3872928619, 46.3947792053, 19.674823761, 1.71280109882, 0.149037346244, 0.293672829866, 0.160223811865, 0.0814713686705, 0.0622403025627, 0.00602155458182, 0.00148329616059, 6.81339588482e-05, 3.61457859981e-05, 8.22999390948e-06, 7.4713000231e-07, 1.45427316056e-06, 1.22828976146e-06, 4.14895652057e-07, 4.00072906359e-07, 7.26902669612e-07, 3.88409404195e-07, 2.1145963558e-07, 1.44240184241e-08, 3.8420138182e-09, 4.89918470237e-08, 3.68632797898e-11, 8.3674567275e-11],
        "max": [0.00630481122062, 0.15871553123, 8.42502784729, 42.9822425842, 32.2693252563, 62.3645706177, 1147.4050293, 479.513824463, 113.23009491, 378.775177002, 1443.0357666, 429.870483398, 79.1380615234, 35.8647155762, 123.326004028, 43.7666969299, 17.54646492, 5.33223676682, 9.7909488678, 3.86807966232, 3.92699623108, 2.56037735939, 0.744632005692, 0.56942909956, 0.0830610692501, 0.0541671849787, 0.0292552895844, 0.00767215620726, 0.012662820518, 0.0122294574976, 0.00589246908203, 0.00597663037479, 0.00770767079666, 0.00550380442291, 0.00513896020129, 0.00123680394609, 0.000567610608414, 0.00262256385759, 8.56836122693e-05, 0.000183901225682],
        "mean": [0.000832231715322, 0.00864273309708, 0.316330015659, 3.08019638062, 2.78877043724, 5.48498630524, 84.0344085693, 36.0797767639, 18.9615879059, 17.5112380981, 83.5625457764, 13.8429412842, 3.54679775238, 2.91771388054, 5.68687725067, 3.48281788826, 0.81971424818, 0.325997978449, 0.414109945297, 0.314615428448, 0.284831047058, 0.225965559483, 0.0793143436313, 0.0317953117192, 0.00903235189617, 0.00734962522984, 0.00354907778092, 0.00137698045, 0.00128319463693, 0.00125813810155, 0.000839747663122, 0.000760970287956, 0.000747783691622, 0.000618825433776, 0.000440942239948, 0.000172186366399, 0.000150379884872, 0.000610579736531, 2.36882224272e-05, 2.03051022254e-05],
        "median": [0.000553336460143, 0.00430753827095, 0.0876621007919, 1.18065989017, 1.02799403667, 2.03120279312, 26.8719711304, 10.0270023346, 4.94050073624, 4.1243391037, 15.0621032715, 3.70272994041, 1.66382050514, 1.2469419241, 2.32662200928, 1.53200078011, 0.358337432146, 0.180906102061, 0.169599190354, 0.114186704159, 0.16572855413, 0.124991223216, 0.0533868260682, 0.0196255967021, 0.00638658879325, 0.00466642668471, 0.00230193720199, 0.00101516966242, 0.000875029363669, 0.000851613585837, 0.00053200655384, 0.000510874204338, 0.000402318662964, 0.000355813157512, 0.000248295807978, 0.000119408759929, 0.000136653368827, 0.000491176382639, 2.07097018574e-05, 1.03961028799e-05],
        "min": [9.79920946495e-22, 9.04669664491e-21, 6.25559991134e-20, 8.85195571049e-20, 1.6458756768e-20, 4.18138668735e-20, 3.80729910208e-20, 1.67721183103e-19, 4.04263508828e-19, 7.12056044741e-19, 5.47681194956e-19, 6.10345347935e-19, 2.22428783997e-18, 3.40563058808e-18, 2.77817749072e-18, 3.02408463835e-18, 7.39506581376e-18, 1.00625280746e-17, 5.89463793756e-18, 5.00951208233e-18, 9.80975822303e-18, 9.35691902387e-18, 1.04553693824e-17, 1.66478734042e-17, 1.21315408787e-17, 1.94735058331e-17, 1.29280843757e-17, 2.02783972368e-17, 1.43513851044e-17, 1.17347911425e-17, 2.03032887558e-17, 2.21164636955e-17, 1.32024295793e-17, 1.01193024431e-17, 1.17190143267e-17, 8.39068438726e-18, 3.02998450407e-18, 1.5921761648e-18, 3.14844715924e-19, 3.90220159838e-20],
        "var": [7.637569297e-07, 0.000257692707237, 0.653763711452, 32.8113822937, 19.0320358276, 77.9677047729, 24517.9765625, 4269.95800781, 731.952087402, 1106.12023926, 43247.7695312, 1014.07440186, 44.1913871765, 21.0427303314, 130.887237549, 29.3057975769, 2.46890950203, 0.207893550396, 0.811135470867, 0.335034877062, 0.174165770411, 0.092923514545, 0.00872028339654, 0.00196443987079, 0.00011078951502, 6.78394790157e-05, 1.52919692482e-05, 1.5661503312e-06, 1.67334098933e-06, 1.74119998064e-06, 8.07422168236e-07, 5.41487565897e-07, 1.01465309399e-06, 5.91332252498e-07, 3.18835134294e-07, 2.88088664036e-08, 8.19080980818e-09, 2.51014085961e-07, 2.13857584419e-10, 7.10289882466e-10]
    },
    "gfcc": {
        "mean": [-213.43397522, 181.449157715, -74.1176528931, -51.2636985779, -47.7742500305, -31.4072761536, -43.985710144, -8.06549835205, -19.6375026703, -12.3271427155, -13.6051969528, 0.795500516891, -14.3652915955],
        "cov": [[13673.6660156, 3326.38574219, -991.199829102, -634.741516113, -7.71961545944, -468.046020508, -656.714172363, -534.106201172, -523.315063477, -601.745544434, -39.0663032532, -21.171037674, 280.502227783], [3326.38574219, 1045.07373047, -168.785293579, -202.691223145, -16.6022987366, -145.560028076, -155.562026978, -149.88269043, -106.935310364, -145.583023071, 11.5089292526, -13.2126092911, 61.8215675354], [-991.199829102, -168.785293579, 236.156082153, 77.1245117188, 15.5668134689, 41.4225616455, 36.3768997192, 14.3381881714, 27.1563339233, 44.9249916077, -11.1469602585, 6.25632381439, -40.9813995361], [-634.741516113, -202.691223145, 77.1245117188, 215.78742981, 102.259437561, 71.1720123291, -33.6238174438, -40.9569892883, -62.2681083679, -11.8625392914, 9.83397388458, 37.4279594421, 14.7350931168], [-7.71961545944, -16.6022987366, 15.5668134689, 102.259437561, 147.740585327, 48.8685264587, -22.056060791, -42.7803077698, -54.3167419434, -18.8125, 4.29301023483, 37.3035202026, -4.02050018311], [-468.046020508, -145.560028076, 41.4225616455, 71.1720123291, 48.8685264587, 118.208366394, 37.716506958, 8.29481124878, -33.7710533142, 2.04835534096, 1.86615502834, 19.0251960754, -2.01615190506], [-656.714172363, -155.562026978, 36.3768997192, -33.6238174438, -22.056060791, 37.716506958, 113.711036682, 84.6590423584, 59.0428924561, 43.1412734985, -20.250705719, -21.662071228, -39.947265625], [-534.106201172, -149.88269043, 14.3381881714, -40.9569892883, -42.7803077698, 8.29481124878, 84.6590423584, 115.973907471, 90.7260360718, 48.2367935181, -29.0143089294, -33.6225395203, -34.1739006042], [-523.315063477, -106.935310364, 27.1563339233, -62.2681083679, -54.3167419434, -33.7710533142, 59.0428924561, 90.7260360718, 138.801208496, 72.3204421997, -15.6127538681, -37.6948509216, -30.1683292389], [-601.745544434, -145.583023071, 44.9249916077, -11.8625392914, -18.8125, 2.04835534096, 43.1412734985, 48.2367935181, 72.3204421997, 86.1156768799, 18.6362762451, 5.38237476349, -31.2856903076], [-39.0663032532, 11.5089292526, -11.1469602585, 9.83397388458, 4.29301023483, 1.86615502834, -20.250705719, -29.0143089294, -15.6127538681, 18.6362762451, 62.0886535645, 37.1344490051, 17.5257434845], [-21.171037674, -13.2126092911, 6.25632381439, 37.4279594421, 37.3035202026, 19.0251960754, -21.662071228, -33.6225395203, -37.6948509216, 5.38237476349, 37.1344490051, 84.5933837891, 13.1343688965], [280.502227783, 61.8215675354, -40.9813995361, 14.7350931168, -4.02050018311, -2.01615190506, -39.947265625, -34.1739006042, -30.1683292389, -31.2856903076, 17.5257434845, 13.1343688965, 82.7592697144]],
        "icov": [[0.000729968305677, -0.00188987818547, 0.00151443842333, 0.00042995964759, -4.31650551036e-05, -0.000254734186456, 0.00184535852168, -0.000796187727246, 0.0015480160946, -0.00110211782157, 0.00223371060565, -0.000387533160392, -9.92037239484e-05], [-0.00188987818547, 0.00765982782468, -0.00453845504671, 0.0029163104482, -0.00167313462589, 0.00179441529326, -0.00263822660781, 0.00291395792738, -0.00368659314699, 0.00640029413626, -0.00721770059317, 0.00168127880897, 0.000146482489072], [0.00151443842333, -0.00453845504671, 0.010319150053, -0.00362934242003, 0.00252363597974, -0.0020393228624, 0.000748796446715, 0.00328368647024, 0.000541625253391, -0.0058740186505, 0.00836007017642, -0.00206226389855, 0.00233742664568], [0.00042995964759, 0.0029163104482, -0.00362934242003, 0.0169233717024, -0.00808027945459, -0.00210916879587, 0.0100132478401, -0.00339892855845, 0.00505491998047, 0.00209496007301, -0.000727301056031, 0.00148442178033, -0.00290722865611], [-4.31650551036e-05, -0.00167313462589, 0.00252363597974, -0.00808027945459, 0.0142914336175, -0.00369539577514, -0.00267627928406, 0.00521581992507, -0.00263781938702, -0.00069240439916, 0.00365953729488, -0.00436388840899, 0.00424499204382], [-0.000254734186456, 0.00179441529326, -0.0020393228624, -0.00210916879587, -0.00369539577514, 0.0186107996851, -0.0092416536063, -0.00290962704457, 0.00829402171075, -0.000680969271343, -0.00225123902783, 0.000466094643343, -0.00333108124323], [0.00184535852168, -0.00263822660781, 0.000748796446715, 0.0100132478401, -0.00267627928406, -0.0092416536063, 0.0350500009954, -0.0187473837286, 0.00656936690211, -0.00343316840008, 0.00452726893127, 0.00102353119291, 0.003101662267], [-0.000796187727246, 0.00291395792738, 0.00328368647024, -0.00339892855845, 0.00521581992507, -0.00290962704457, -0.0187473837286, 0.0394771024585, -0.0189297832549, 0.000924040097743, 0.00720861880109, -0.00125577603467, 0.00230924109928], [0.0015480160946, -0.00368659314699, 0.000541625253391, 0.00505491998047, -0.00263781938702, 0.00829402171075, 0.00656936690211, -0.0189297832549, 0.0363757945597, -0.0234209373593, 0.00855070073158, 0.00587375508621, -0.00603325059637], [-0.00110211782157, 0.00640029413626, -0.0058740186505, 0.00209496007301, -0.00069240439916, -0.000680969271343, -0.00343316840008, 0.000924040097743, -0.0234209373593, 0.047913338989, -0.0244692396373, -0.00407958729193, 0.009751255624], [0.00223371060565, -0.00721770059317, 0.00836007017642, -0.000727301056031, 0.00365953729488, -0.00225123902783, 0.00452726893127, 0.00720861880109, 0.00855070073158, -0.0244692396373, 0.0425016358495, -0.0102867372334, -0.00612612580881], [-0.000387533160392, 0.00168127880897, -0.00206226389855, 0.00148442178033, -0.00436388840899, 0.000466094643343, 0.00102353119291, -0.00125577603467, 0.00587375508621, -0.00407958729193, -0.0102867372334, 0.0207637064159, -0.00197104830295], [-9.92037239484e-05, 0.000146482489072, 0.00233742664568, -0.00290722865611, 0.00424499204382, -0.00333108124323, 0.003101662267, 0.00230924109928, -0.00603325059637, 0.009751255624, -0.00612612580881, -0.00197104830295, 0.019658042118]]
    },
    "melbands": {
        "dmean": [4.53147140433e-06, 6.85511913616e-05, 0.000226322532399, 5.11863036081e-05, 0.00057617679704, 0.000201297792955, 3.95936476707e-05, 6.70746521791e-05, 0.000171570427483, 1.9777136913e-05, 6.005445357e-06, 4.58842123408e-06, 7.58277519708e-06, 4.0857867134e-06, 2.01172315428e-06, 9.55099721978e-07, 1.74488292259e-07, 2.68433637984e-07, 1.67308826349e-07, 1.66092476661e-07, 1.55878041141e-07, 1.14147475472e-07, 8.59810000975e-08, 1.04903570275e-08, 1.24667769441e-08, 2.83164713899e-09, 1.84341131249e-09, 2.05541406118e-09, 1.16892295843e-09, 3.34438726712e-10, 2.76615758077e-10, 2.38833813837e-10, 3.99436511644e-10, 1.95360352895e-10, 1.75352038445e-10, 1.39097983132e-10, 1.79518344634e-10, 1.59578628089e-10, 2.6803559372e-10, 1.60271879102e-10],
        "dmean2": [7.81738344813e-06, 0.000124036800116, 0.000390092522139, 7.55138535169e-05, 0.000729711900931, 0.000240233697696, 5.25667564943e-05, 9.39076562645e-05, 0.000222490707529, 2.55177164945e-05, 8.13097449281e-06, 6.82235395288e-06, 9.64721857599e-06, 5.61361548534e-06, 2.79120786217e-06, 1.47487264712e-06, 2.71813178188e-07, 3.78186257421e-07, 2.41166361548e-07, 2.61969688609e-07, 2.36854219793e-07, 1.71540662564e-07, 1.36080799962e-07, 1.65546936159e-08, 1.99448031424e-08, 4.73708450244e-09, 3.03666403134e-09, 3.38772210284e-09, 1.98692640119e-09, 5.7699506284e-10, 4.76584660625e-10, 4.07361866461e-10, 6.6694172407e-10, 3.30949379013e-10, 2.97142449535e-10, 2.28158159032e-10, 3.04395980644e-10, 2.62653981897e-10, 4.51565423942e-10, 2.6633972805e-10],
        "dvar": [3.23969288896e-11, 4.85425459829e-08, 3.59642399417e-07, 1.42377114543e-08, 1.28873148242e-06, 1.58824121854e-07, 7.85812037662e-09, 5.98142904096e-08, 2.65697963187e-07, 1.00609183207e-08, 2.14066570026e-10, 7.4387815352e-11, 3.439539209e-10, 8.00615129748e-11, 1.40006123014e-11, 6.71073873554e-12, 8.04136013961e-14, 4.28814590173e-13, 1.24203002484e-13, 1.10062133019e-13, 7.77860509837e-14, 4.32437322984e-14, 2.10830108932e-14, 3.72811996144e-16, 5.74124013847e-16, 2.396695937e-17, 8.41903600276e-18, 9.41419797257e-18, 3.35072068466e-18, 2.03009044077e-19, 1.55211278335e-19, 1.32766352799e-19, 5.39069159105e-19, 7.69517270441e-20, 8.30039878663e-20, 3.81388261965e-20, 7.70653157443e-20, 8.4138588861e-20, 3.58514062003e-19, 8.4353707519e-20],
        "dvar2": [8.77287825718e-11, 1.7517847084e-07, 1.30937758058e-06, 3.18000843436e-08, 2.04962339012e-06, 1.87297388266e-07, 1.27835688701e-08, 1.28785288211e-07, 4.50861193713e-07, 1.61009108268e-08, 3.63542446147e-10, 1.62348148813e-10, 4.61895161008e-10, 1.43659556473e-10, 2.82628417198e-11, 1.38011728781e-11, 1.78331511342e-13, 6.80256307013e-13, 2.30327882418e-13, 2.97435470351e-13, 1.5141646346e-13, 9.61887294533e-14, 5.09885949922e-14, 9.69579027085e-16, 1.26361486802e-15, 6.96472907054e-17, 2.09718707208e-17, 2.36854267941e-17, 9.19259380492e-18, 5.33859627306e-19, 4.33968159161e-19, 3.78811471572e-19, 1.39344064596e-18, 2.08384826255e-19, 2.46564394327e-19, 9.07203551352e-20, 2.05243026267e-19, 2.37184476374e-19, 1.03309016545e-18, 2.24755131243e-19],
        "max": [5.65608788747e-05, 0.0031956047751, 0.00618106825277, 0.00221243267879, 0.0295764319599, 0.0146114546806, 0.00193782406859, 0.00467422464862, 0.0106334351003, 0.00287907896563, 0.000264460191829, 0.000140555595863, 0.000388866319554, 0.000152695545694, 4.80266025988e-05, 4.63442520413e-05, 3.59467685485e-06, 1.4135785932e-05, 6.93224592396e-06, 4.93151765113e-06, 4.88231262352e-06, 2.8890676731e-06, 1.87715693301e-06, 4.08135633734e-07, 4.93418156111e-07, 7.4135115824e-08, 3.57399052575e-08, 4.75378669762e-08, 2.84779577697e-08, 6.7731922293e-09, 5.31787058833e-09, 6.70447652951e-09, 1.11281854842e-08, 4.68955096977e-09, 4.04456956815e-09, 3.19933080029e-09, 3.75197384272e-09, 4.71802330537e-09, 7.53543627496e-09, 4.30759028447e-09],
        "mean": [5.77704167881e-06, 0.00010807444778, 0.000512461178005, 0.000140334450407, 0.00222629983909, 0.00107341259718, 0.000280941021629, 0.000239700690145, 0.000629401649348, 4.67431345896e-05, 1.49101097122e-05, 1.0168375411e-05, 1.81382201845e-05, 1.06621710074e-05, 4.374760465e-06, 1.48497713326e-06, 4.33300073155e-07, 6.32420039892e-07, 4.47861140174e-07, 4.21155903041e-07, 3.08275730276e-07, 2.41172983806e-07, 1.67837967524e-07, 2.47233327144e-08, 2.62771493453e-08, 7.14318959538e-09, 4.51700099546e-09, 5.099756617e-09, 2.85280221668e-09, 9.41684619171e-10, 7.13258840879e-10, 6.32393026834e-10, 9.28869592354e-10, 5.79111314458e-10, 4.94304264187e-10, 4.21420814911e-10, 4.62744120799e-10, 4.50042142441e-10, 6.35677177563e-10, 4.60824267634e-10],
        "median": [4.18316676587e-06, 2.93456068903e-05, 0.000206701326533, 4.09245185438e-05, 0.000741884636227, 0.000293379474897, 6.37069315417e-05, 5.89104020037e-05, 0.000113831789349, 1.10782893898e-05, 5.48287243873e-06, 3.52983238372e-06, 7.48543789086e-06, 4.35006995758e-06, 2.0114803192e-06, 4.25335201726e-07, 2.64456247123e-07, 2.66678682692e-07, 1.4902011003e-07, 1.89058724231e-07, 1.69634958525e-07, 1.17824988877e-07, 1.05811665208e-07, 1.49863836896e-08, 1.53601700248e-08, 4.83043427479e-09, 3.09542214083e-09, 3.22538329378e-09, 1.76795267315e-09, 6.8717725954e-10, 5.17983544945e-10, 4.56510246272e-10, 5.45740841407e-10, 4.00801142275e-10, 2.98020774725e-10, 2.81258405455e-10, 3.17622789181e-10, 2.6054983171e-10, 2.82304873922e-10, 2.88984919328e-10],
        "min": [1.00018017565e-23, 2.65643955787e-23, 1.3061525784e-23, 1.62633418043e-24, 1.69853447757e-24, 3.64656633237e-24, 6.67537568986e-24, 8.27277169128e-24, 4.2236693605e-24, 3.68749125284e-24, 1.18524236862e-23, 1.47533602687e-23, 1.00612937017e-23, 6.37022535906e-24, 1.05855454157e-23, 1.59120170782e-23, 2.06065472578e-23, 1.08912077173e-23, 5.53770534147e-24, 1.01102314768e-23, 1.11834499171e-23, 1.00767837744e-23, 9.8116791786e-24, 7.37287782479e-24, 1.5099897398e-23, 9.24449292091e-24, 7.54302802229e-24, 1.54309775868e-23, 8.59115989693e-24, 5.40390191017e-24, 1.50749930593e-23, 8.75135466981e-24, 5.98051071694e-24, 6.66727172178e-24, 1.13570001051e-23, 1.51262264196e-23, 1.23847793684e-23, 9.11674873023e-24, 9.32735723698e-24, 7.74889863045e-24],
