{
"metadata": {
    "version": {
        "essentia": "2.0.1",
        "extractor": "archive-music 1.0"
    },
    "audio_properties": {
        "analysis_sample_rate": 44100,
        "bitrate": 128,
        "channels": 2,
        "equal_loudness": 0,
        "length": 16.0653057098,
        "replay_gain": -1.17191505432,
        "downmix": "mix"
    },
    "tags": {
        "track": 0,
        "year": 0,
        "album": "",
        "artist": "",
        "comment": "",
        "genre": "",
        "title": ""
    }
},
"highlevel": {
    "culture": {
        "all": {
            "non_western": 4.03935985105e-07,
            "western": 0.999999582767
        },
        "probability": 0.999999582767,
        "value": "western"
    },
    "danceability": {
        "all": {
            "danceable": 0.68397039175,
            "not_danceable": 0.316029638052
        },
        "probability": 0.68397039175,
        "value": "danceable"
    },
    "gender": {
        "all": {
            "female": 0.985717535019,
            "male": 0.0142824780196
        },
        "probability": 0.985717535019,
        "value": "female"
    },
    "genre_dortmund": {
        "all": {
            "alternative": 0.0603820830584,
            "blues": 0.0230224784464,
            "electronic": 0.00569425011054,
            "folkcountry": 0.553937315941,
            "funksoulrnb": 0.00184446584899,
            "jazz": 0.23689262569,
            "pop": 0.107020623982,
            "raphiphop": 0.00150384975132,
            "rock": 0.00970233231783
        },
        "probability": 0.553937315941,
        "value": "folkcountry"
    },
    "genre_electronic": {
        "all": {
            "ambient": 0.981484413147,
            "dnb": 0.00508578540757,
            "house": 0.00539755448699,
            "techno": 0.00551445037127,
            "trance": 0.00251782429405
        },
        "probability": 0.981484413147,
        "value": "ambient"
    },
    "genre_rosamerica": {
        "all": {
            "cla": 0.911971151829,
            "dan": 0.00116580782924,
            "hip": 0.000584253575653,
            "jaz": 0.0537171959877,
            "pop": 0.0100439088419,
            "rhy": 0.00755034573376,
            "roc": 0.00214926712215,
            "spe": 0.0128180701286
        },
        "probability": 0.911971151829,
        "value": "cla"
    },
    "genre_tzanetakis": {
        "all": {
            "blu": 0.00147084915079,
            "cla": 0.957289218903,
            "cou": 0.00435646018013,
            "dis": 0.00846185348928,
            "hip": 0.000640119193122,
            "jaz": 0.0083859488368,
            "met": 0.000432746426668,
            "pop": 0.0110263386741,
            "reg": 0.00628325110301,
            "roc": 0.00165323587134
        },
        "probability": 0.957289218903,
        "value": "cla"
    },
    "mirex_ballroom": {
        "all": {
            "ChaChaCha": 7.48596867197e-05,
            "Jive": 7.29359453544e-05,
            "Quickstep": 0.000353566923877,
            "Rumba-American": 0.000164264376508,
            "Rumba-International": 0.000243443893851,
            "Rumba-Misc": 0.00197615358047,
            "Samba": 8.17828549771e-05,
            "Tango": 0.00347799877636,
            "VienneseWaltz": 0.192069649696,
            "Waltz": 0.801485359669
        },
        "probability": 0.801485359669,
        "value": "Waltz"
    },
    "mood_acoustic": {
        "all": {
            "acoustic": 0.990557551384,
            "not_acoustic": 0.00944245606661
        },
        "probability": 0.990557551384,
        "value": "acoustic"
    },
    "mood_aggressive": {
        "all": {
            "aggressive": 0.0465399511158,
            "not_aggressive": 0.953460037708
        },
        "probability": 0.953460037708,
        "value": "not_aggressive"
    },
    "mood_electronic": {
        "all": {
            "electronic": 0.013434371911,
            "not_electronic": 0.986565649509
        },
        "probability": 0.986565649509,
        "value": "not_electronic"
    },
    "mood_happy": {
        "all": {
            "happy": 0.56027251482,
            "not_happy": 0.43972748518
        },
        "probability": 0.56027251482,
        "value": "happy"
    },
    "mood_party": {
        "all": {
            "not_party": 0.945847094059,
            "party": 0.0541529208422
        },
        "probability": 0.945847094059,
        "value": "not_party"
    },
    "mood_relaxed": {
        "all": {
            "not_relaxed": 1.51898357217e-05,
            "relaxed": 0.999984800816
        },
        "probability": 0.999984800816,
        "value": "relaxed"
    },
    "mood_sad": {
        "all": {
            "not_sad": 0.0406653024256,
            "sad": 0.959334671497
        },
        "probability": 0.959334671497,
        "value": "sad"
    },
    "moods_mirex": {
        "all": {
            "Cluster1": 0.0144219463691,
            "Cluster2": 0.607942402363,
            "Cluster3": 0.269180357456,
            "Cluster4": 0.106054194272,
            "Cluster5": 0.00240111374296
        },
        "probability": 0.607942402363,
        "value": "Cluster2"
    },
    "timbre": {
        "all": {
            "bright": 0.999996185303,
            "dark": 3.84145550925e-06
        },
        "probability": 0.999996185303,
        "value": "bright"
    },
    "tonal_atonal": {
        "all": {
            "atonal": 0.00830794777721,
            "tonal": 0.991692066193
        },
        "probability": 0.991692066193,
        "value": "tonal"
    },
    "voice_instrumental": {
        "all": {
            "instrumental": 0.863629102707,
            "voice": 0.136370882392
        },
        "probability": 0.863629102707,
        "value": "instrumental"
    }
},
"lowlevel": {
    "average_loudness": 0.89130282402,
    "barkbands_kurtosis": {
        "dmean": 2.24363923073,
        "dmean2": 3.38027787209,
        "dvar": 5.63166570663,
        "dvar2": 12.4300947189,
        "max": 32.7561416626,
        "mean": 3.54334783554,
        "median": 2.54202699661,
        "min": -1.49850594997,
        "var": 18.1334133148
    },
    "barkbands_skewness": {
        "dmean": 0.495856225491,
        "dmean2": 0.703005135059,
        "dvar": 0.157241687179,
        "dvar2": 0.303727090359,
        "max": 4.40133953094,
        "mean": 1.57858681679,
        "median": 1.53098976612,
        "min": -1.8310854435,
        "var": 0.846438169479
    },
    "barkbands_spread": {
        "dmean": 2.34850096703,
        "dmean2": 3.43905186653,
        "dvar": 9.06173229218,
        "dvar2": 19.0537090302,
        "max": 57.7662162781,
        "mean": 10.1273784637,
        "median": 9.48610591888,
        "min": 2.01052689552,
        "var": 27.0021362305
    },
    "dissonance": {
        "dmean": 0.0261923484504,
        "dmean2": 0.0436255894601,
        "dvar": 0.000467447389383,
        "dvar2": 0.00121403625235,
        "max": 0.498700618744,
        "mean": 0.406828016043,
        "median": 0.407189786434,
        "min": 0.265569955111,
        "var": 0.00130983500276
    },
    "dynamic_complexity": 4.05803203583,
    "erbbands_kurtosis": {
        "dmean": 0.975572347641,
        "dmean2": 1.54048442841,
        "dvar": 1.47687637806,
        "dvar2": 3.44710922241,
        "max": 17.7338199615,
        "mean": 0.279822379351,
        "median": -0.244042634964,
        "min": -1.65845394135,
        "var": 3.42347836494
    },
    "erbbands_skewness": {
        "dmean": 0.390140026808,
        "dmean2": 0.584580540657,
        "dvar": 0.101075798273,
        "dvar2": 0.210121393204,
        "max": 3.93740797043,
        "mean": 0.776612401009,
        "median": 0.777933001518,
        "min": -1.04648458958,
        "var": 0.503663539886
    },
    "erbbands_spread": {
        "dmean": 3.53385305405,
        "dmean2": 5.29939079285,
        "dvar": 13.6976747513,
        "dvar2": 31.9634552002,
        "max": 68.1410064697,
        "mean": 21.1061687469,
        "median": 20.7230052948,
        "min": 3.19277405739,
        "var": 42.9526062012
    },
    "hfc": {
        "dmean": 2.85647439957,
        "dmean2": 3.9384367466,
        "dvar": 11.784403801,
        "dvar2": 23.1645259857,
        "max": 52.8414115906,
        "mean": 13.7619962692,
        "median": 11.0575475693,
        "min": 1.17830197427e-16,
        "var": 111.849601746
    },
    "melbands_kurtosis": {
        "dmean": 3.95350432396,
        "dmean2": 5.74957799911,
        "dvar": 16.5207386017,
        "dvar2": 35.0983581543,
        "max": 47.2246131897,
        "mean": 8.302277565,
        "median": 6.33424758911,
        "min": -1.28214204311,
        "var": 61.4167289734
    },
    "melbands_skewness": {
        "dmean": 0.588466644287,
        "dmean2": 0.836473047733,
        "dvar": 0.24171051383,
        "dvar2": 0.503439962864,
        "max": 5.81352949142,
        "mean": 2.25371599197,
        "median": 2.12111210823,
        "min": -0.0320265814662,
        "var": 1.24155366421
    },
    "melbands_spread": {
        "dmean": 3.81118822098,
        "dmean2": 5.56223058701,
        "dvar": 50.5756759644,
        "dvar2": 79.7821884155,
        "max": 150.15071106,
        "mean": 13.6738567352,
        "median": 11.1875715256,
        "min": 2.53224778175,
        "var": 145.112930298
    },
    "pitch_salience": {
        "dmean": 0.0607696995139,
        "dmean2": 0.0910023897886,
        "dvar": 0.00300591764972,
        "dvar2": 0.00641588447616,
        "max": 0.956062436104,
        "mean": 0.475964128971,
        "median": 0.472910135984,
        "min": 0.154141992331,
        "var": 0.0123250642791
    },
    "silence_rate_20dB": {
        "dmean": 0,
        "dmean2": 0,
        "dvar": 0,
        "dvar2": 0,
        "max": 1,
        "mean": 1,
        "median": 1,
        "min": 1,
        "var": 0
    },
    "silence_rate_30dB": {
        "dmean": 0,
        "dmean2": 0,
        "dvar": 0,
        "dvar2": 0,
        "max": 1,
        "mean": 1,
        "median": 1,
        "min": 1,
        "var": 0
    },
    "silence_rate_60dB": {
        "dmean": 0.0115606933832,
        "dmean2": 0.0231548473239,
        "dvar": 0.0114269750193,
        "dvar2": 0.0255128908902,
        "max": 1,
        "mean": 0.105339102447,
        "median": 0,
        "min": 0,
        "var": 0.0942433774471
    },
    "spectral_centroid": {
        "dmean": 143.980422974,
        "dmean2": 196.151092529,
        "dvar": 115419.875,
        "dvar2": 124889.78125,
        "max": 11664.2763672,
        "mean": 974.630493164,
        "median": 874.813659668,
        "min": 506.621612549,
        "var": 285144.6875
    },
    "spectral_complexity": {
        "dmean": 1.30346822739,
        "dmean2": 2.18813323975,
        "dvar": 1.31542730331,
        "dvar2": 3.18602323532,
        "max": 20,
        "mean": 10.7835493088,
        "median": 11,
        "min": 0,
        "var": 16.2215480804
    },
    "spectral_crest": {
        "dmean": 2.06890201569,
        "dmean2": 2.85728240013,
        "dvar": 3.22105741501,
        "dvar2": 6.24788856506,
        "max": 24.5177364349,
        "mean": 13.5751132965,
        "median": 13.2810144424,
        "min": 4.65423965454,
        "var": 18.4091815948
    },
    "spectral_decrease": {
        "dmean": 1.09650089009e-09,
        "dmean2": 1.26770527409e-09,
        "dvar": 1.74644586603e-18,
        "dvar2": 2.61413123843e-18,
        "max": -4.99810748876e-29,
        "mean": -4.80044182183e-09,
        "median": -3.59382257287e-09,
        "min": -2.06872172726e-08,
        "var": 1.56490743212e-17
    },
    "spectral_energy": {
        "dmean": 0.0043675256893,
        "dmean2": 0.00509407510981,
        "dvar": 2.76028240478e-05,
        "dvar2": 4.16935836256e-05,
        "max": 0.0828709676862,
        "mean": 0.0193662252277,
        "median": 0.0146477259696,
        "min": 1.08761858997e-20,
        "var": 0.000250644661719
    },
    "spectral_energyband_high": {
        "dmean": 1.18815560199e-05,
        "dmean2": 1.9483772121e-05,
        "dvar": 3.30810323579e-10,
        "dvar2": 8.32928892525e-10,
        "max": 0.000435146706877,
        "mean": 4.59128968942e-05,
        "median": 3.35197692038e-05,
        "min": 7.93151985428e-21,
        "var": 2.06931316526e-09
    },
    "spectral_energyband_low": {
        "dmean": 7.73891733843e-05,
        "dmean2": 0.000135296519147,
        "dvar": 7.26601090406e-09,
        "dvar2": 2.13662296744e-08,
        "max": 0.000783669995144,
        "mean": 0.00010669609037,
        "median": 8.00630223239e-05,
        "min": 1.2305181252e-22,
        "var": 9.09117581216e-09
    },
    "spectral_energyband_middle_high": {
        "dmean": 0.00138342694845,
        "dmean2": 0.00209078402258,
        "dvar": 3.52865777131e-06,
        "dvar2": 7.82532242738e-06,
        "max": 0.0375742167234,
        "mean": 0.00418994249776,
        "median": 0.00337308272719,
        "min": 1.53197726854e-21,
        "var": 1.50802907228e-05
    },
    "spectral_energyband_middle_low": {
        "dmean": 0.00401000445709,
        "dmean2": 0.00446862587705,
        "dvar": 2.51449873758e-05,
        "dvar2": 3.51308772224e-05,
        "max": 0.0753141418099,
        "mean": 0.0151536799967,
        "median": 0.0101857855916,
        "min": 4.80220603288e-22,
        "var": 0.00019995283219
    },
    "spectral_flatness_db": {
        "dmean": 0.0168832484633,
        "dmean2": 0.0230164844543,
        "dvar": 0.00020216825942,
        "dvar2": 0.000350920250639,
        "max": 0.324031203985,
        "mean": 0.214014291763,
        "median": 0.211494624615,
        "min": 0.060444522649,
        "var": 0.00159471132793
    },
    "spectral_flux": {
        "dmean": 0.0102420207113,
        "dmean2": 0.0171076022089,
        "dvar": 9.72420311882e-05,
        "dvar2": 0.000263513240498,
        "max": 0.141438886523,
        "mean": 0.042194660753,
        "median": 0.039533149451,
        "min": 1.04288952474e-10,
        "var": 0.000495954649523
    },
    "spectral_kurtosis": {
        "dmean": 4.00958585739,
        "dmean2": 7.15768718719,
        "dvar": 9.40634632111,
        "dvar2": 30.4988574982,
        "max": 22.2683982849,
        "mean": 9.49074077606,
        "median": 9.03183269501,
        "min": -1.11707437038,
        "var": 14.4332742691
    },
    "spectral_rms": {
        "dmean": 0.000457879214082,
        "dmean2": 0.000530409975909,
        "dvar": 1.95962527982e-07,
        "dvar2": 3.18550689826e-07,
        "max": 0.00899164751172,
        "mean": 0.00393654871732,
        "median": 0.00378027302213,
        "min": 3.2574396739e-12,
        "var": 3.39747657563e-06
    },
    "spectral_rolloff": {
        "dmean": 315.716064453,
        "dmean2": 500.435882568,
        "dvar": 535385.5,
        "dvar2": 634787.125,
        "max": 18583.1542969,
        "mean": 1275.6496582,
        "median": 1012.06054688,
        "min": 387.59765625,
        "var": 2513815.5
    },
    "spectral_skewness": {
        "dmean": 0.368338763714,
        "dmean2": 0.65085119009,
        "dvar": 0.0822398811579,
        "dvar2": 0.252514004707,
        "max": 3.43454813957,
        "mean": 2.01777911186,
        "median": 1.99126040936,
        "min": -0.0399940013885,
        "var": 0.169853314757
    },
    "spectral_spread": {
        "dmean": 254926.203125,
        "dmean2": 395396.34375,
        "dvar": 1.27870631936e+12,
        "dvar2": 1.28092956262e+12,
        "max": 38915020,
        "mean": 2744268.75,
        "median": 2606951.75,
        "min": 2004053,
        "var": 2.37359779021e+12
    },
    "spectral_strongpeak": {
        "dmean": 0.387431770563,
        "dmean2": 0.553007245064,
        "dvar": 0.22178517282,
        "dvar2": 0.578736484051,
        "max": 6.89238071442,
        "mean": 1.68937385082,
        "median": 1.58205294609,
        "min": 0,
        "var": 1.06985914707
    },
    "zerocrossingrate": {
        "dmean": 0.00593558093533,
        "dmean2": 0.00727970106527,
        "dvar": 0.000398534233682,
        "dvar2": 0.000499061541632,
        "max": 0.51220703125,
        "mean": 0.04300609231,
        "median": 0.03759765625,
        "min": 0.017578125,
        "var": 0.00158502545673
    },
    "barkbands": {
        "dmean": [3.89041706512e-05, 5.09909550601e-05, 9.50754201767e-06, 1.17444633361e-05, 4.54705223092e-05, 0.00120966788381, 0.00192841666285, 0.00128155597486, 0.000360991514754, 0.000721082324162, 0.000144654448377, 0.000367890024791, 0.000188605976291, 0.000334434094839, 0.000431111431681, 0.00026471610181, 0.000154911744175, 0.000110735018097, 4.22957200499e-05, 2.81816573988e-05, 6.15454882791e-06, 3.06887409351e-06, 1.13798387247e-06, 3.40351874684e-07, 1.81913890174e-07, 4.1887115998e-08, 1.73195360276e-08],
        "dmean2": [6.78661235725e-05, 8.96650890354e-05, 1.67045636772e-05, 2.14321080421e-05, 6.51033551549e-05, 0.00121379515622, 0.00210250006057, 0.00163360359147, 0.000516438274644, 0.00100603164174, 0.00023008917924, 0.00056149502052, 0.000299259729218, 0.000530059216544, 0.000724374316633, 0.000449415558251, 0.000268640142167, 0.00019341497682, 6.92388639436e-05, 4.81073038827e-05, 1.05784502011e-05, 5.18567230756e-06, 1.93760138245e-06, 5.69984877075e-07, 2.90831536631e-07, 6.84875232082e-08, 2.97693780738e-08],
        "dvar": [1.95930494051e-09, 3.3073157546e-09, 4.36666175441e-10, 1.82370607504e-09, 1.84732602548e-08, 3.81273912353e-06, 1.42990884342e-05, 9.23237439565e-06, 1.05448282284e-06, 2.51810115515e-06, 1.77120227818e-07, 4.22054341698e-07, 1.1837329339e-07, 2.7012413284e-07, 4.48297726052e-07, 2.84005807316e-07, 5.76315208889e-08, 8.07512492429e-08, 5.66632563093e-09, 2.4840727253e-09, 1.053546278e-10, 2.93126946327e-11, 3.07416678919e-12, 2.15436257158e-13, 8.64147552885e-14, 2.47079298956e-15, 2.39774486819e-16],
        "dvar2": [5.58585444566e-09, 9.77138459035e-09, 1.21024068545e-09, 5.11883735399e-09, 2.51902712023e-08, 3.76105663236e-06, 1.79488397407e-05, 1.60318049893e-05, 2.18305149247e-06, 5.06873630002e-06, 4.12498451396e-07, 1.04109062704e-06, 2.79376735079e-07, 6.27236261153e-07, 1.05040498966e-06, 7.35033609089e-07, 1.64940132663e-07, 2.42910715542e-07, 1.25991475031e-08, 7.08434333418e-09, 3.4622499312e-10, 7.92715476594e-11, 8.99138576094e-12, 5.96741189449e-13, 2.15451517304e-13, 6.32105451965e-15, 6.55596142576e-16],
        "max": [0.000314398261253, 0.000445689482149, 0.000242891197558, 0.000408319523558, 0.00393733615056, 0.0462951734662, 0.0566318072379, 0.044702809304, 0.0173005089164, 0.034080862999, 0.00475540477782, 0.00646206317469, 0.00334888929501, 0.00648010941222, 0.0115436753258, 0.00618021422997, 0.00294144963846, 0.00404517259449, 0.00155618356075, 0.000714257068466, 0.000161912554177, 7.56035005907e-05, 3.57888311555e-05, 8.94933964446e-06, 5.31762225364e-06, 1.26625059238e-06, 1.35090914455e-07],
        "mean": [4.36326045019e-05, 6.32780938759e-05, 9.56841358857e-06, 8.50173364597e-06, 0.000123927587993, 0.00462299771607, 0.00599639723077, 0.0034120567143, 0.000667628599331, 0.00122105085757, 0.000202748400625, 0.000567369628698, 0.000301400461467, 0.000520900182892, 0.000649374094792, 0.000383966660593, 0.000236050822423, 0.00017237533757, 8.17525142338e-05, 5.10614991072e-05, 1.58761286002e-05, 8.28803604236e-06, 3.68058590539e-06, 1.38377004077e-06, 7.13633141913e-07, 2.31581253729e-07, 4.81935877872e-08],
        "median": [2.82304918073e-05, 4.59349357698e-05, 5.06410196977e-06, 1.77246499788e-06, 4.11104192608e-05, 0.00223299162462, 0.0013905998785, 0.00061450980138, 5.991764192e-05, 0.000310305098537, 8.17835098132e-06, 0.000280776264844, 0.000108736276161, 0.00023478512594, 0.000419621006586, 9.62992198765e-05, 0.000130626940518, 9.84892831184e-05, 5.65014051972e-05, 3.31373375957e-05, 1.01856476249e-05, 5.06373044118e-06, 2.60628416981e-06, 9.43486952565e-07, 5.25096879755e-07, 2.06668673286e-07, 4.66560123868e-08],
        "min": [1.14070036313e-23, 7.28642860922e-23, 2.6543976703e-23, 3.41175715076e-23, 1.30307830857e-22, 7.03125987429e-23, 7.45109795893e-23, 6.77868302074e-23, 9.1336133142e-23, 7.59806968755e-23, 1.07966545336e-22, 8.93937304014e-23, 9.08368599197e-23, 1.39408306964e-22, 1.16682221405e-22, 1.46085616941e-22, 1.30043127002e-22, 1.8517606031e-22, 3.53587475854e-22, 2.21781364636e-22, 3.75488425529e-22, 5.06796001899e-22, 6.58437585128e-22, 1.01429104816e-21, 1.27069058281e-21, 1.73228927246e-21, 2.41919935939e-21],
        "var": [2.38937780672e-09, 3.69809494138e-09, 3.39111266845e-10, 1.14404707929e-09, 1.10057719382e-07, 4.31943226431e-05, 9.79682226898e-05, 4.82334471599e-05, 3.01718387163e-06, 8.25510051072e-06, 3.22418628684e-07, 6.79365484757e-07, 2.58239538198e-07, 5.78600463541e-07, 6.86878138367e-07, 5.73471311327e-07, 9.55824717153e-08, 8.18421312943e-08, 1.14390115158e-08, 3.98586852413e-09, 3.09349990069e-10, 1.18442353148e-10, 1.50536440952e-11, 1.99852070656e-12, 5.07826419804e-13, 1.90773588468e-14, 5.17394829237e-16]
    },
    "erbbands": {
        "dmean": [0.0031313796062, 0.00655377656221, 0.0111662233248, 0.0227324087173, 0.0621681660414, 0.12326541543, 2.17708468437, 12.1318883896, 25.9502067566, 25.9948883057, 26.9233379364, 7.37215852737, 14.9784955978, 22.7500019073, 9.49470710754, 13.721241951, 9.2259979248, 13.4405002594, 19.7669296265, 15.6148042679, 18.9967517853, 6.65985870361, 6.60897541046, 2.62345218658, 2.14574766159, 1.53739714622, 0.355797857046, 0.179617419839, 0.121905170381, 0.058054715395, 0.0303261652589, 0.00873994361609, 0.00602017948404, 0.00284909293987, 0.00104943593033, 0.00029800311313, 7.63976568123e-05, 3.14029239235e-05, 2.42312785304e-06, 4.97816517964e-06],
        "dmean2": [0.00551573047414, 0.0115213487297, 0.0193976107985, 0.0416328199208, 0.112968198955, 0.174308910966, 2.64286088943, 12.133014679, 27.3281440735, 29.5951519012, 35.3901367188, 10.2246952057, 20.4287452698, 32.5004920959, 14.9283981323, 20.4169464111, 14.4119529724, 21.2199401855, 32.1900482178, 26.4248199463, 32.3912811279, 11.4799089432, 11.4846115112, 4.49649906158, 3.485714674, 2.63750958443, 0.605627715588, 0.3052996099, 0.204167857766, 0.096535526216, 0.0502752140164, 0.0142860552296, 0.0102414246649, 0.00465777562931, 0.00166355457623, 0.000492441176903, 0.000127073493786, 5.3560044762e-05, 3.1125375699e-06, 5.87961721976e-06],
        "dvar": [1.1264171917e-05, 7.33859924367e-05, 0.00047627609456, 0.00541934510693, 0.0811005234718, 0.101872496307, 43.3035545349, 386.398895264, 2553.86865234, 3880.57055664, 4620.00830078, 227.772827148, 687.844665527, 3547.15063477, 272.954223633, 441.904815674, 299.663421631, 356.83996582, 1667.42211914, 625.932678223, 1276.81835938, 133.22428894, 359.126159668, 12.7615737915, 21.6939029694, 8.13464546204, 0.24217274785, 0.0975312814116, 0.0577070079744, 0.00966584775597, 0.00173174426891, 0.000118071657198, 8.55995822349e-05, 2.76007431239e-05, 1.97200415641e-06, 2.17497799326e-07, 5.58132207118e-09, 8.52453996281e-10, 6.8530125151e-12, 3.5683806604e-11],
        "dvar2": [3.31566407112e-05, 0.000217135471758, 0.00131494156085, 0.0153067996725, 0.225384443998, 0.169740542769, 54.7772483826, 390.535400391, 3156.19946289, 5494.10400391, 8311.40429688, 440.944549561, 1243.51513672, 7017.67089844, 653.362426758, 983.813293457, 700.311950684, 841.435119629, 3963.60302734, 1756.26647949, 3279.00830078, 383.215209961, 1089.95056152, 34.5599136353, 45.782661438, 23.1606273651, 0.737375557423, 0.295456826687, 0.1565797925, 0.024857442826, 0.00467496505007, 0.000302414409816, 0.000246571667958, 6.99337324477e-05, 4.10425218433e-06, 5.73332215481e-07, 1.3458235415e-08, 2.36800246078e-09, 1.05242429355e-11, 5.45286420184e-11],
        "max": [0.0225388742983, 0.104229263961, 0.275646448135, 0.68596881628, 3.44572901726, 8.06479930878, 140.856445312, 539.019287109, 858.458435059, 1191.43395996, 1195.06604004, 196.563095093, 392.815490723, 1339.4732666, 150.724014282, 316.179962158, 168.164093018, 191.591964722, 708.569824219, 269.214416504, 420.186523438, 187.191040039, 279.722290039, 51.7306747437, 109.581748962, 40.0123519897, 7.66783285141, 4.90015888214, 3.62316179276, 1.65104675293, 0.71596211195, 0.203364893794, 0.148897051811, 0.0868045091629, 0.0305234305561, 0.0115429488942, 0.00168344704434, 0.000366113468772, 4.48915161542e-05, 9.53011622187e-05],
        "mean": [0.00349181960337, 0.00805313047022, 0.0123186679557, 0.018767664209, 0.0505432784557, 0.352738231421, 7.84690284729, 44.9460639954, 81.5078048706, 85.3827285767, 74.3316040039, 16.9045257568, 26.9258975983, 37.5181732178, 14.0928850174, 23.7405986786, 15.9386177063, 21.8012714386, 34.9073448181, 23.8277397156, 28.8065052032, 11.3904666901, 9.9915304184, 5.28008699417, 4.28153038025, 2.82435464859, 0.905439734459, 0.484183579683, 0.314523875713, 0.185100451112, 0.0945624783635, 0.0356999672949, 0.0214178394526, 0.00989910028875, 0.00421275803819, 0.00127073621843, 0.000400497112423, 0.00013066129759, 1.33828580147e-05, 2.25848634727e-05],
        "median": [0.00232216436416, 0.00559170404449, 0.00739421509206, 0.00658741733059, 0.0129230068997, 0.130001038313, 1.79113662243, 20.1569633484, 40.6438026428, 7.694439888, 19.5254421234, 5.17395114899, 10.2088003159, 7.34107255936, 6.40927600861, 13.4933986664, 6.8285036087, 10.913192749, 15.4802408218, 13.9155702591, 12.1041078568, 7.20952749252, 5.46607685089, 4.07613801956, 2.86670708656, 1.82601332664, 0.650115907192, 0.314470648766, 0.19236984849, 0.118374593556, 0.0685322880745, 0.0265182647854, 0.0137661043555, 0.00670715607703, 0.00324712973088, 0.00105707824696, 0.000370725203538, 0.000126987128169, 1.14432723421e-05, 1.72244290297e-05],
        "min": [2.32829491618e-21, 1.56074425149e-20, 2.55342415601e-20, 8.23611845198e-20, 1.52096555588e-19, 6.54423321236e-19, 5.38182318091e-19, 5.14460742677e-19, 7.31308208209e-19, 1.65270924203e-18, 1.54375270155e-18, 1.57228422883e-18, 2.08268878797e-18, 4.72481057756e-18, 3.82073566885e-18, 3.65579130522e-18, 3.81915203157e-18, 5.16284862043e-18, 8.94992713734e-18, 5.40793644567e-18, 8.2278786991e-18, 7.69995548856e-18, 8.21847613708e-18, 1.66404684833e-17, 1.6714587175e-17, 1.25562501468e-17, 1.24208597057e-17, 1.88596815703e-17, 1.87466920073e-17, 1.85327897183e-17, 1.85405718336e-17, 1.39752743517e-17, 2.1879976067e-17, 1.26023720834e-17, 9.273808879e-18, 6.53075264992e-18, 3.24850928509e-18, 1.25357577811e-18, 3.56368097e-19, 3.70867784731e-20],
        "var": [1.28238471007e-05, 7.2933260526e-05, 0.00040835008258, 0.00345443165861, 0.0507669746876, 0.555756747723, 389.860626221, 4284.64599609, 14103.6953125, 32704.5390625, 26251.6445312, 888.172607422, 2001.78674316, 12142.1601562, 466.33782959, 927.564819336, 663.261291504, 750.94342041, 3224.12841797, 921.774108887, 2546.91333008, 182.312042236, 340.545928955, 25.6212940216, 43.0417404175, 12.6323642731, 0.729681015015, 0.32998368144, 0.181341663003, 0.0535165034235, 0.00933617819101, 0.00112980417907, 0.000552706595045, 0.000122804805869, 1.49979223352e-05, 1.03127160855e-06, 4.68710510404e-08, 3.13749715097e-09, 7.65233709732e-11, 3.3177088854e-10]
    },
    "gfcc": {
        "mean": [-101.554756165, 104.64503479, -182.01789856, -12.96596241, -64.559463501, -18.5072593689, -35.0784187317, 11.0216197968, 4.90969562531, 21.4729747772, 9.05646896362, 11.0609149933, 1.37905859947],
        "cov": [[14306.2734375, 1063.84289551, -2062.99926758, 81.6517410278, -480.209838867, -219.757827759, -200.526504517, -92.1953201294, 60.066734314, 27.7666072845, 187.279434204, -58.7927207947, 139.369644165], [1063.84289551, 505.545166016, 42.8782310486, -40.0549736023, -20.3995895386, -69.2161178589, -74.7326812744, -102.30191803, -97.3649520874, -36.709312439, -3.98608779907, 62.5809402466, 72.5499649048], [-2062.99926758, 42.8782310486, 560.843811035, 25.7408390045, 86.7802810669, -14.1936540604, -21.5497817993, -39.5684509277, -75.4947814941, -26.1728649139, -47.7871665955, 29.748670578, -10.7806110382], [81.6517410278, -40.0549736023, 25.7408390045, 126.148361206, 55.2318077087, 24.6562080383, -8.72397899628, 12.3426914215, -4.89886426926, -8.44532585144, -26.4695014954, -18.5567569733, -24.9909934998], [-480.209838867, -20.3995895386, 86.7802810669, 55.2318077087, 111.675552368, 58.1531944275, 5.59837675095, 5.34480333328, -9.74879360199, -5.22382450104, -28.875415802, -3.44052910805, -16.4205245972], [-219.757827759, -69.2161178589, -14.1936540604, 24.6562080383, 58.1531944275, 112.890396118, 65.8729934692, 37.7221183777, 6.44459342957, -9.89868545532, -28.4934749603, -19.2358341217, -24.8484077454], [-200.526504517, -74.7326812744, -21.5497817993, -8.72397899628, 5.59837675095, 65.8729934692, 135.376205444, 90.640335083, 42.9363594055, 2.10593628883, 1.02659893036, -25.3168869019, -37.6544532776], [-92.1953201294, -102.30191803, -39.5684509277, 12.3426914215, 5.34480333328, 37.7221183777, 90.640335083, 151.592224121, 102.519996643, 33.1962547302, -8.50527477264, -44.9327163696, -64.4830474854], [60.066734314, -97.3649520874, -75.4947814941, -4.89886426926, -9.74879360199, 6.44459342957, 42.9363594055, 102.519996643, 141.137664795, 74.134552002, 23.7727794647, -46.523891449, -61.1560401917], [27.7666072845, -36.709312439, -26.1728649139, -8.44532585144, -5.22382450104, -9.89868545532, 2.10593628883, 33.1962547302, 74.134552002, 99.9192657471, 63.1511116028, -9.0081205368, -37.6204986572], [187.279434204, -3.98608779907, -47.7871665955, -26.4695014954, -28.875415802, -28.4934749603, 1.02659893036, -8.50527477264, 23.7727794647, 63.1511116028, 112.537490845, 48.0119743347, 8.89476776123], [-58.7927207947, 62.5809402466, 29.748670578, -18.5567569733, -3.44052910805, -19.2358341217, -25.3168869019, -44.9327163696, -46.523891449, -9.0081205368, 48.0119743347, 105.509643555, 81.0990829468], [139.369644165, 72.5499649048, -10.7806110382, -24.9909934998, -16.4205245972, -24.8484077454, -37.6544532776, -64.4830474854, -61.1560401917, -37.6204986572, 8.89476776123, 81.0990829468, 140.722473145]],
        "icov": [[0.000417583971284, -0.00111991399899, 0.00143076945096, -0.00134375877678, 0.00106569961645, -0.000182584975846, 0.00043138419278, -0.000260347878793, 7.55548971938e-05, 0.000235482526477, -0.000695048249327, 0.00075228739297, -0.000170805084053], [-0.00111991399899, 0.00569082144648, -0.00350520899519, 0.00439439434558, -0.00350383925252, 0.00246005388908, -0.0015999666648, 0.00131536216941, 0.001386496122, -0.00182048475835, 0.00362886511721, -0.0035556294024, 0.000822873262223], [0.00143076945096, -0.00350520899519, 0.00782783515751, -0.00400860980153, 0.000623632862698, 0.00278444983996, -0.000424407597166, -0.000350734509993, 0.00241751875728, -0.00160147657152, 0.00116839562543, -0.000394531933125, 0.00134406401776], [-0.00134375877678, 0.00439439434558, -0.00400860980153, 0.0159090347588, -0.00946829468012, 0.00138298759703, 0.00158807146363, -0.00236627180129, 0.00246604997665, 0.000189665108337, 0.00192755635362, -0.00125966011547, 0.00179003982339], [0.00106569961645, -0.00350383925252, 0.000623632862698, -0.00946829468012, 0.0234014876187, -0.0129248891026, 0.00503277452663, -0.000189299244084, -0.00155560870189, -0.00117038225289, 1.75077493623e-05, -0.000543515197933, 0.000148785664351], [-0.000182584975846, 0.00246005388908, 0.00278444983996, 0.00138298759703, -0.0129248891026, 0.0249629933387, -0.0136461323127, 0.00341053749435, 0.00373150105588, -0.00545629067346, 0.00943712517619, -0.00487758824602, 0.00256003206596], [0.00043138419278, -0.0015999666648, -0.000424407597166, 0.00158807146363, 0.00503277452663, -0.0136461323127, 0.0235119406134, -0.0143607193604, 0.00181447668001, 0.00912731420249, -0.012574066408, 0.00740482425317, -0.00170840171631], [-0.000260347878793, 0.00131536216941, -0.000350734509993, -0.00236627180129, -0.000189299244084, 0.00341053749435, -0.0143607193604, 0.0262298416346, -0.0156317185611, -0.00137081299908, 0.00981954298913, -0.00801440235227, 0.00472763879225], [7.55548971938e-05, 0.001386496122, 0.00241751875728, 0.00246604997665, -0.00155560870189, 0.00373150105588, 0.00181447668001, -0.0156317185611, 0.0291264504194, -0.0156615432352, 0.0015500090085, 0.00473613571376, -0.00072290271055], [0.000235482526477, -0.00182048475835, -0.00160147657152, 0.000189665108337, -0.00117038225289, -0.00545629067346, 0.00912731420249, -0.00137081299908, -0.0156615432352, 0.0362036265433, -0.0237578190863, 0.00876196008176, 0.000654886825942], [-0.000695048249327, 0.00362886511721, 0.00116839562543, 0.00192755635362, 1.75077493623e-05, 0.00943712517619, -0.012574066408, 0.00981954298913, 0.0015500090085, -0.0237578190863, 0.0368695929646, -0.023677662015, 0.00769012374803], [0.00075228739297, -0.0035556294024, -0.000394531933125, -0.00125966011547, -0.000543515197933, -0.00487758824602, 0.00740482425317, -0.00801440235227, 0.00473613571376, 0.00876196008176, -0.023677662015, 0.0355455242097, -0.016369394958], [-0.000170805084053, 0.000822873262223, 0.00134406401776, 0.00179003982339, 0.000148785664351, 0.00256003206596, -0.00170840171631, 0.00472763879225, -0.00072290271055, 0.000654886825942, 0.00769012374803, -0.016369394958, 0.0182591881603]]
    },
    "melbands": {
        "dmean": [2.11108635995e-05, 6.06415642324e-06, 5.38827225682e-06, 4.02705836677e-06, 5.87648391956e-05, 0.000267692288617, 0.000402791250963, 0.000284330220893, 0.000185819415492, 4.66964775114e-05, 7.67330784583e-05, 9.76488299784e-05, 2.84610705421e-05, 4.74033549835e-05, 2.23020524572e-05, 1.85330536624e-05, 2.68318708549e-05, 3.28554851876e-05, 2.63424044533e-05, 1.5871182768e-05, 2.51591136475e-05, 7.56573081162e-06, 7.03665227775e-06, 5.50450886294e-06, 2.0582824618e-06, 2.03209310712e-06, 1.26233226183e-06, 9.88074475572e-07, 3.2906396541e-07, 1.36695959441e-07, 1.06658610832e-07, 9.11421054184e-08, 5.33290993587e-08, 3.42630563921e-08, 2.30388224054e-08, 1.05234327918e-08, 5.36157163111e-09, 5.31494714906e-09, 3.57839646803e-09, 2.34674102373e-09],
        "dmean2": [3.70362758986e-05, 1.04894206743e-05, 9.81525317911e-06, 7.24152505427e-06, 7.12022738298e-05, 0.000266269868007, 0.000423809455242, 0.000327671383275, 0.000245254981564, 6.66549385642e-05, 0.0001053547021, 0.000139626499731, 4.50732513855e-05, 7.30740794097e-05, 3.35833465215e-05, 2.91610813292e-05, 4.26125589001e-05, 5.31793375558e-05, 4.44287870778e-05, 2.69114225375e-05, 4.24653699156e-05, 1.32607601699e-05, 1.21611883515e-05, 9.54896677285e-06, 3.49868241756e-06, 3.29226531903e-06, 2.11945575757e-06, 1.68382030097e-06, 5.68387633848e-07, 2.31040004905e-07, 1.8533337709e-07, 1.52688798494e-07, 8.84669333345e-08, 5.74531675568e-08, 3.87485066256e-08, 1.75782748357e-08, 8.73925465328e-09, 9.12962150323e-09, 5.90314330751e-09, 3.81561893192e-09],
        "dvar": [4.98200758425e-10, 1.09188609543e-10, 4.05201816545e-10, 2.65501232111e-10, 3.48493038871e-08, 1.76690008402e-07, 5.99030386184e-07, 3.96590735363e-07, 2.27114327345e-07, 1.47261269845e-08, 1.77008061542e-08, 6.9409637149e-08, 4.08813338737e-09, 8.03949529171e-09, 1.1207559325e-09, 7.83804632309e-10, 1.48119339016e-09, 4.63985871946e-09, 1.27693167151e-09, 5.58115387239e-10, 2.09916928284e-09, 2.52832449421e-10, 2.25932800246e-10, 1.77052872363e-10, 6.91612002043e-12, 1.62742874732e-11, 4.79652819199e-12, 2.982146214e-12, 2.17840516134e-13, 3.28634824432e-14, 3.08880965781e-14, 4.06513879633e-14, 8.83515333919e-15, 3.23252908375e-15, 9.44554179812e-16, 2.15479702537e-16, 4.85797350401e-17, 7.31572298027e-17, 3.56670453227e-17, 1.40953578156e-17],
        "dvar2": [1.46293788195e-09, 3.11123155017e-10, 1.13065645735e-09, 7.3985551019e-10, 4.04476132587e-08, 1.74685766297e-07, 7.37736513656e-07, 5.87341276059e-07, 4.06761017757e-07, 3.07356557983e-08, 3.26771250059e-08, 1.38824518103e-07, 9.40466815536e-09, 2.01329690697e-08, 2.60523291828e-09, 1.82338866228e-09, 3.4875045074e-09, 1.11358966493e-08, 3.13826342691e-09, 1.56198209922e-09, 5.37289279734e-09, 7.40976724423e-10, 6.7505168122e-10, 5.10804842868e-10, 2.04134469745e-11, 3.55797787066e-11, 1.25425832914e-11, 8.37997900238e-12, 6.800797989e-13, 9.74552673261e-14, 8.91670770423e-14, 1.10175235634e-13, 2.41701850998e-14, 9.43269527293e-15, 2.5659524825e-15, 5.75943917073e-16, 1.29921751568e-16, 2.14344771032e-16, 1.00531832498e-16, 3.39007202386e-17],
        "max": [0.000155550325871, 0.000143137032865, 0.000210221041925, 0.000186217352166, 0.00413045100868, 0.0109120747074, 0.0131437350065, 0.0109702944756, 0.00924702640623, 0.00193542719353, 0.00198351591825, 0.00584542518482, 0.000715786241926, 0.000918885809369, 0.000362226041034, 0.000214405547013, 0.000373757327907, 0.0010540606454, 0.000435389491031, 0.000258279382251, 0.00057678646408, 0.000262349989498, 0.0001993462065, 0.000200709095225, 2.20873207581e-05, 8.65118563524e-05, 2.857043728e-05, 2.24497634917e-05, 6.17783280177e-06, 2.61968966697e-06, 2.58321801994e-06, 3.11942358167e-06, 1.34520712436e-06, 9.0502680905e-07, 4.36799496129e-07, 2.35390118064e-07, 1.12050912549e-07, 1.22191735841e-07, 9.38249513638e-08, 6.33245420545e-08],
        "mean": [2.61588265857e-05, 7.59528302297e-06, 4.24847621616e-06, 3.66851418221e-06, 0.000208594778087, 0.00101123587228, 0.00128012627829, 0.000875295838341, 0.000510976009537, 9.04453263502e-05, 0.000134215501021, 0.00015817359963, 4.02005316573e-05, 7.11063330527e-05, 3.93011505366e-05, 2.97247515846e-05, 4.150228051e-05, 5.58321153221e-05, 4.01067300118e-05, 2.15793224925e-05, 3.67444663425e-05, 1.1556242498e-05, 9.42311999097e-06, 8.4560670075e-06, 3.56374243893e-06, 3.65922142009e-06, 2.20496508518e-06, 1.67750113178e-06, 6.26487974387e-07, 3.23162907989e-07, 2.45449143677e-07, 1.95650315504e-07, 1.27445304088e-07, 9.1087315468e-08, 5.97250533474e-08, 3.06817717899e-08, 1.7715779066e-08, 1.61515156805e-08, 1.09199298493e-08, 7.24001170127e-09],
        "median": [1.92333682207e-05, 5.16510453963e-06, 1.24248106204e-06, 1.09131792669e-06, 3.41635168297e-05, 0.000465902849101, 0.000617659068666, 8.05217277957e-05, 0.000118991760246, 1.56342011906e-05, 4.99449561175e-05, 2.08058027056e-05, 1.0875794942e-05, 3.29778522428e-05, 2.06934782909e-05, 1.14266213131e-05, 1.90364626178e-05, 1.89691654668e-05, 2.47830103035e-05, 1.17761865113e-05, 1.40255397127e-05, 5.5070045164e-06, 4.6963486966e-06, 4.94687174069e-06, 2.4577707336e-06, 2.2109359179e-06, 1.33277671921e-06, 1.08710923996e-06, 4.29653141509e-07, 2.15397264469e-07, 1.55574781502e-07, 1.08148284994e-07, 7.73470176796e-08, 6.09850374644e-08, 4.26856736624e-08, 2.28702905503e-08, 1.2474437483e-08, 1.0156109731e-08, 6.87519596809e-09, 5.09460162945e-09],
        "min": [2.1936691384e-23, 1.64742619112e-23, 1.53537843918e-23, 2.83421882919e-23, 2.25465108405e-23, 1.32519228855e-23, 1.15506339029e-23, 1.78379641803e-23, 1.19904885441e-23, 1.10319965119e-23, 1.01917547293e-23, 1.81559287676e-23, 1.2504073281e-23, 1.23006931068e-23, 7.51941899312e-24, 8.81996348046e-24, 9.51518422965e-24, 1.54763055344e-23, 7.71104987308e-24, 1.02424311539e-23, 8.14229409755e-24, 7.60075370789e-24, 8.1953497266e-24, 7.07283694607e-24, 1.44514316458e-23, 1.17782912715e-23, 9.94699248967e-24, 8.03206656327e-24, 7.00876881879e-24, 6.90672177209e-24, 1.33955902336e-23, 1.0618851912e-23, 9.2944159833e-24, 1.08522592878e-23, 1.09808783252e-23, 7.78512864525e-24, 8.37190468579e-24, 1.72447565568e-23, 1.11859861049e-23, 1.05550945959e-23],
