{
"metadata": {
    "version": {
        "essentia": "2.0.1",
        "extractor": "archive-music 1.0"
    },
    "audio_properties": {
        "analysis_sample_rate": 44100,
        "bitrate": 128,
        "channels": 2,
        "equal_loudness": 0,
        "length": 16.0653057098,
        "replay_gain": -3.82950973511,
        "downmix": "mix"
    },
    "tags": {
        "track": 0,
        "year": 2008,
        "album": "Soundtrack360",
        "artist": "Experiment - Soundtrack 360",
        "comment": "",
        "genre": "",
        "title": "355"
    }
},
"highlevel": {
    "culture": {
        "all": {
            "non_western": 0.0320821143687,
            "western": 0.967917859554
        },
        "probability": 0.967917859554,
        "value": "western"
    },
    "danceability": {
        "all": {
            "danceable": 0.341650754213,
            "not_danceable": 0.658349215984
        },
        "probability": 0.658349215984,
        "value": "not_danceable"
    },
    "gender": {
        "all": {
            "female": 0.0385460592806,
            "male": 0.961453914642
        },
        "probability": 0.961453914642,
        "value": "male"
    },
    "genre_dortmund": {
        "all": {
            "alternative": 0.308138728142,
            "blues": 0.0278254467994,
            "electronic": 0.0817152783275,
            "folkcountry": 0.0664500743151,
            "funksoulrnb": 0.0278002433479,
            "jazz": 0.0844700410962,
            "pop": 0.0566473938525,
            "raphiphop": 0.00502942875028,
            "rock": 0.341923356056
        },
        "probability": 0.341923356056,
        "value": "rock"
    },
    "genre_electronic": {
        "all": {
            "ambient": 0.921595752239,
            "dnb": 0.0434465482831,
            "house": 0.0175961256027,
            "techno": 0.00197264994495,
            "trance": 0.0153889274225
        },
        "probability": 0.921595752239,
        "value": "ambient"
    },
    "genre_rosamerica": {
        "all": {
            "cla": 0.15837085247,
            "dan": 0.0273058637977,
            "hip": 0.0107097616419,
            "jaz": 0.206034988165,
            "pop": 0.198159739375,
            "rhy": 0.0186555348337,
            "roc": 0.36820563674,
            "spe": 0.0125576388091
        },
        "probability": 0.36820563674,
        "value": "roc"
    },
    "genre_tzanetakis": {
        "all": {
            "blu": 0.00987660698593,
            "cla": 0.145311534405,
            "cou": 0.0123502602801,
            "dis": 0.112750530243,
            "hip": 0.024785304442,
            "jaz": 0.147389397025,
            "met": 0.0115096140653,
            "pop": 0.226362004876,
            "reg": 0.0771415606141,
            "roc": 0.232523187995
        },
        "probability": 0.232523187995,
        "value": "roc"
    },
    "mirex_ballroom": {
        "all": {
            "ChaChaCha": 0.0331338308752,
            "Jive": 0.0243490803987,
            "Quickstep": 0.0669264346361,
            "Rumba-American": 0.0120512517169,
            "Rumba-International": 0.0456282757223,
            "Rumba-Misc": 0.0123458728194,
            "Samba": 0.0254502967,
            "Tango": 0.179713621736,
            "VienneseWaltz": 0.522866785526,
            "Waltz": 0.0775345563889
        },
        "probability": 0.522866785526,
        "value": "VienneseWaltz"
    },
    "mood_acoustic": {
        "all": {
            "acoustic": 0.563768863678,
            "not_acoustic": 0.436231136322
        },
        "probability": 0.563768863678,
        "value": "acoustic"
    },
    "mood_aggressive": {
        "all": {
            "aggressive": 0.663081526756,
            "not_aggressive": 0.336918473244
        },
        "probability": 0.663081526756,
        "value": "aggressive"
    },
    "mood_electronic": {
        "all": {
            "electronic": 0.87620896101,
            "not_electronic": 0.123791016638
        },
        "probability": 0.87620896101,
        "value": "electronic"
    },
    "mood_happy": {
        "all": {
            "happy": 0.0533296093345,
            "not_happy": 0.946670413017
        },
        "probability": 0.946670413017,
        "value": "not_happy"
    },
    "mood_party": {
        "all": {
            "not_party": 0.749625086784,
            "party": 0.250374913216
        },
        "probability": 0.749625086784,
        "value": "not_party"
    },
    "mood_relaxed": {
        "all": {
            "not_relaxed": 0.122067272663,
            "relaxed": 0.877932727337
        },
        "probability": 0.877932727337,
        "value": "relaxed"
    },
    "mood_sad": {
        "all": {
            "not_sad": 0.352181553841,
            "sad": 0.647818446159
        },
        "probability": 0.647818446159,
        "value": "sad"
    },
    "moods_mirex": {
        "all": {
            "Cluster1": 0.142027109861,
            "Cluster2": 0.103483468294,
            "Cluster3": 0.543246984482,
            "Cluster4": 0.107074588537,
            "Cluster5": 0.104167841375
        },
        "probability": 0.543246984482,
        "value": "Cluster3"
    },
    "timbre": {
        "all": {
            "bright": 0.00179789692629,
            "dark": 0.998202085495
        },
        "probability": 0.998202085495,
        "value": "dark"
    },
    "tonal_atonal": {
        "all": {
            "atonal": 0.460090458393,
            "tonal": 0.539909541607
        },
        "probability": 0.539909541607,
        "value": "tonal"
    },
    "voice_instrumental": {
        "all": {
            "instrumental": 0.6392557621,
            "voice": 0.360744208097
        },
        "probability": 0.6392557621,
        "value": "instrumental"
    }
},
"lowlevel": {
    "average_loudness": 0.892166554928,
    "barkbands_kurtosis": {
        "dmean": 1.84073710442,
        "dmean2": 3.07461118698,
        "dvar": 6.24334955215,
        "dvar2": 15.6257810593,
        "max": 41.8086700439,
        "mean": 4.05826711655,
        "median": 2.52397823334,
        "min": -1.25392353535,
        "var": 26.9311466217
    },
    "barkbands_skewness": {
        "dmean": 0.348822563887,
        "dmean2": 0.56536513567,
        "dvar": 0.146244361997,
        "dvar2": 0.352771729231,
        "max": 5.15770673752,
        "mean": 1.45308899879,
        "median": 1.34600734711,
        "min": -1.99803602695,
        "var": 0.825317800045
    },
    "barkbands_spread": {
        "dmean": 1.93284964561,
        "dmean2": 3.1115732193,
        "dvar": 4.75162410736,
        "dvar2": 11.5336084366,
        "max": 43.497833252,
        "mean": 12.410654068,
        "median": 11.0617465973,
        "min": 2.00218820572,
        "var": 41.6043968201
    },
    "dissonance": {
        "dmean": 0.0233140289783,
        "dmean2": 0.0404048189521,
        "dvar": 0.000546488037799,
        "dvar2": 0.00165871845093,
        "max": 0.499687045813,
        "mean": 0.456702649593,
        "median": 0.462706565857,
        "min": 0.320471227169,
        "var": 0.000737038091756
    },
    "dynamic_complexity": 3.87121129036,
    "erbbands_kurtosis": {
        "dmean": 0.66216892004,
        "dmean2": 1.11262333393,
        "dvar": 0.435917943716,
        "dvar2": 1.17726886272,
        "max": 5.22413825989,
        "mean": 0.744569659233,
        "median": 0.566156864166,
        "min": -1.0156878233,
        "var": 0.988717317581
    },
    "erbbands_skewness": {
        "dmean": 0.257712602615,
        "dmean2": 0.429871588945,
        "dvar": 0.0470891408622,
        "dvar2": 0.124446727335,
        "max": 1.91949033737,
        "mean": 0.591592788696,
        "median": 0.636843919754,
        "min": -0.701628744602,
        "var": 0.219987899065
    },
    "erbbands_spread": {
        "dmean": 3.44944906235,
        "dmean2": 5.5532784462,
        "dvar": 9.00764846802,
        "dvar2": 24.5426807404,
        "max": 44.3672714233,
        "mean": 24.4388790131,
        "median": 24.1244316101,
        "min": 9.23542022705,
        "var": 43.4761810303
    },
    "hfc": {
        "dmean": 2.70390319824,
        "dmean2": 4.03416872025,
        "dvar": 8.84550380707,
        "dvar2": 19.8091869354,
        "max": 79.3368530273,
        "mean": 18.1318283081,
        "median": 15.2457494736,
        "min": 1.20226175702e-16,
        "var": 240.31338501
    },
    "melbands_kurtosis": {
        "dmean": 3.15279150009,
        "dmean2": 5.09663915634,
        "dvar": 17.7150306702,
        "dvar2": 43.8661766052,
        "max": 64.3150939941,
        "mean": 7.35921239853,
        "median": 4.89789056778,
        "min": -1.22326111794,
        "var": 69.2664794922
    },
    "melbands_skewness": {
        "dmean": 0.437344104052,
        "dmean2": 0.693758130074,
        "dvar": 0.176730543375,
        "dvar2": 0.43659940362,
        "max": 5.84711694717,
        "mean": 1.9409481287,
        "median": 1.7366104126,
        "min": -0.20058850944,
        "var": 0.956476211548
    },
    "melbands_spread": {
        "dmean": 2.8319773674,
        "dmean2": 4.70765018463,
        "dvar": 49.8849906921,
        "dvar2": 99.6585998535,
        "max": 150.051422119,
        "mean": 15.8871822357,
        "median": 12.7484464645,
        "min": 1.96299338341,
        "var": 164.143325806
    },
    "pitch_salience": {
        "dmean": 0.0700670108199,
        "dmean2": 0.11267901212,
        "dvar": 0.00409283023328,
        "dvar2": 0.0103468820453,
        "max": 0.871303856373,
        "mean": 0.621817052364,
        "median": 0.624535381794,
        "min": 0.250705391169,
        "var": 0.0117607200518
    },
    "silence_rate_20dB": {
        "dmean": 0,
        "dmean2": 0,
        "dvar": 0,
        "dvar2": 0,
        "max": 1,
        "mean": 1,
        "median": 1,
        "min": 1,
        "var": 0
    },
    "silence_rate_30dB": {
        "dmean": 0.00578034669161,
        "dmean2": 0.0115774236619,
        "dvar": 0.00574692664668,
        "dvar2": 0.0172321926802,
        "max": 1,
        "mean": 0.997114002705,
        "median": 1,
        "min": 0,
        "var": 0.00287767755799
    },
    "silence_rate_60dB": {
        "dmean": 0.0028901733458,
        "dmean2": 0.00578871183097,
        "dvar": 0.00288181216456,
        "dvar2": 0.0057551972568,
        "max": 1,
        "mean": 0.0735930725932,
        "median": 0,
        "min": 0,
        "var": 0.0681780278683
    },
    "spectral_centroid": {
        "dmean": 100.849380493,
        "dmean2": 148.990158081,
        "dvar": 109848.046875,
        "dvar2": 73404.8828125,
        "max": 11296.1757812,
        "mean": 776.117980957,
        "median": 664.037597656,
        "min": 219.013519287,
        "var": 314841.25
    },
    "spectral_complexity": {
        "dmean": 2.16473984718,
        "dmean2": 3.72214174271,
        "dvar": 3.64048457146,
        "dvar2": 9.91122245789,
        "max": 43,
        "mean": 19.2308807373,
        "median": 18,
        "min": 0,
        "var": 95.0376205444
    },
    "spectral_crest": {
        "dmean": 2.00256896019,
        "dmean2": 3.29639530182,
        "dvar": 3.70742082596,
        "dvar2": 9.9963350296,
        "max": 20.3999423981,
        "mean": 8.1236371994,
        "median": 7.14676523209,
        "min": 3.18121552467,
        "var": 11.9138593674
    },
    "spectral_decrease": {
        "dmean": 1.76006631492e-09,
        "dmean2": 2.65366706387e-09,
        "dvar": 4.47105017719e-18,
        "dvar2": 1.04334242808e-17,
        "max": 6.10998829829e-30,
        "mean": -8.20347612063e-09,
        "median": -7.40455874393e-09,
        "min": -2.7725524987e-08,
        "var": 3.23792670856e-17
    },
    "spectral_energy": {
        "dmean": 0.00682195974514,
        "dmean2": 0.0102829635143,
        "dvar": 6.63322207402e-05,
        "dvar2": 0.000154398483573,
        "max": 0.110811829567,
        "mean": 0.0326064266264,
        "median": 0.029508754611,
        "min": 1.08817960261e-20,
        "var": 0.000511082762387
    },
    "spectral_energyband_high": {
        "dmean": 4.85683158331e-05,
        "dmean2": 7.35090434318e-05,
        "dvar": 7.75938246989e-09,
        "dvar2": 1.61314996916e-08,
        "max": 0.00200619897805,
        "mean": 0.000307880894979,
        "median": 8.55689359014e-05,
        "min": 7.78812276366e-21,
        "var": 1.79239449949e-07
    },
    "spectral_energyband_low": {
        "dmean": 0.00500102480873,
        "dmean2": 0.00766892312095,
        "dvar": 5.38849417353e-05,
        "dvar2": 0.000123179401271,
        "max": 0.0790927931666,
        "mean": 0.0102456510067,
        "median": 0.0065305782482,
        "min": 1.76735892335e-22,
        "var": 0.000120782417071
    },
    "spectral_energyband_middle_high": {
        "dmean": 0.0012465773616,
        "dmean2": 0.00191404379439,
        "dvar": 2.84703423858e-06,
        "dvar2": 6.60104706185e-06,
        "max": 0.0369025990367,
        "mean": 0.00591738335788,
        "median": 0.00343276024796,
        "min": 1.64676332076e-21,
        "var": 4.02558725909e-05
    },
    "spectral_energyband_middle_low": {
        "dmean": 0.00468496931717,
        "dmean2": 0.00763673568144,
        "dvar": 3.03325577988e-05,
        "dvar2": 7.92754071881e-05,
        "max": 0.0723661035299,
        "mean": 0.0181074514985,
        "median": 0.0168953277171,
        "min": 1.93134366801e-22,
        "var": 0.000170522020198
    },
    "spectral_flatness_db": {
        "dmean": 0.0142010087147,
        "dmean2": 0.0220640003681,
        "dvar": 0.000218080880586,
        "dvar2": 0.000503520655911,
        "max": 0.327780455351,
        "mean": 0.162182316184,
        "median": 0.165072843432,
        "min": 0.0598713792861,
        "var": 0.00335159199312
    },
    "spectral_flux": {
        "dmean": 0.0142686655745,
        "dmean2": 0.0241273492575,
        "dvar": 0.000212409737287,
        "dvar2": 0.00055634137243,
        "max": 0.19783449173,
        "mean": 0.0782662630081,
        "median": 0.0756503194571,
        "min": 1.04315847627e-10,
        "var": 0.00133623427246
    },
    "spectral_kurtosis": {
        "dmean": 3.15739440918,
        "dmean2": 5.62702322006,
        "dvar": 21.4853591919,
        "dvar2": 66.1132736206,
        "max": 55.8736495972,
        "mean": 9.77914237976,
        "median": 7.05101203918,
        "min": -1.17112362385,
        "var": 66.9915542603
    },
    "spectral_rms": {
        "dmean": 0.000565981550608,
        "dmean2": 0.000857614912093,
        "dvar": 3.38452537108e-07,
        "dvar2": 8.09409812064e-07,
        "max": 0.0103975525126,
        "mean": 0.00520869717002,
        "median": 0.00536554073915,
        "min": 3.25827971374e-12,
        "var": 4.68062944492e-06
    },
    "spectral_rolloff": {
        "dmean": 184.183227539,
        "dmean2": 325.739990234,
        "dvar": 965469.875,
        "dvar2": 1958536.875,
        "max": 19078.4179688,
        "mean": 976.483764648,
        "median": 753.662109375,
        "min": 150.732421875,
        "var": 2042465.125
    },
    "spectral_skewness": {
        "dmean": 0.262111783028,
        "dmean2": 0.450859725475,
        "dvar": 0.0932668223977,
        "dvar2": 0.274911344051,
        "max": 5.12492799759,
        "mean": 2.28546881676,
        "median": 2.15516066551,
        "min": -0.00998751632869,
        "var": 0.524797201157
    },
    "spectral_spread": {
        "dmean": 278959.5,
        "dmean2": 398882.09375,
        "dvar": 1.44957571072e+12,
        "dvar2": 1.18064899686e+12,
        "max": 40219804,
        "mean": 3291005.5,
        "median": 3376615.75,
        "min": 1008059.9375,
        "var": 3.04528778854e+12
    },
    "spectral_strongpeak": {
        "dmean": 0.417165666819,
        "dmean2": 0.730052709579,
        "dvar": 0.343836903572,
        "dvar2": 0.879600942135,
        "max": 4.90516710281,
        "mean": 0.773625195026,
        "median": 0.554021537304,
        "min": 0,
        "var": 0.574923634529
    },
    "zerocrossingrate": {
        "dmean": 0.00531111704186,
        "dmean2": 0.00768671976402,
        "dvar": 0.000580979685765,
        "dvar2": 0.00115250539966,
        "max": 0.50830078125,
        "mean": 0.0382339023054,
        "median": 0.03271484375,
        "min": 0.00634765625,
        "var": 0.0014815031318
    },
    "barkbands": {
        "dmean": [5.74418118049e-06, 0.000721251242794, 0.00391844566911, 0.00136410922278, 0.00251704407856, 0.00169123359956, 0.00117934669834, 0.00158039480448, 0.00097583164461, 0.000507422548253, 0.000545938673895, 0.000471047154861, 0.000256882660324, 0.000293252203846, 0.000373505055904, 0.000116623537906, 0.000107629406557, 7.1619215305e-05, 3.83285223506e-05, 3.14463395625e-05, 2.41427860601e-05, 1.93521736946e-05, 1.69829909282e-05, 7.33094793759e-06, 4.51273717772e-06, 1.36530707096e-06, 1.90800008681e-07],
        "dmean2": [1.0275657587e-05, 0.00105868245009, 0.00591114116833, 0.00236227270216, 0.00431495066732, 0.00279735494405, 0.00200178753585, 0.00257018930279, 0.00148591061588, 0.000777940673288, 0.000830441596918, 0.00069339259062, 0.000431001826655, 0.000489043653943, 0.00063491507899, 0.000191328988876, 0.000179155817023, 0.000119029762573, 6.5317908593e-05, 5.17854641657e-05, 4.03136145906e-05, 3.10839495796e-05, 2.77981962427e-05, 1.177476679e-05, 7.47052581573e-06, 2.0470142772e-06, 3.0427298725e-07],
        "dvar": [6.71612071512e-11, 1.11102951905e-06, 3.40999067703e-05, 4.61273930341e-06, 1.1571273717e-05, 5.92097194385e-06, 2.57502119894e-06, 6.51429400023e-06, 2.29680699704e-06, 4.58801878267e-07, 7.15896248948e-07, 5.7567069689e-07, 1.48491267282e-07, 2.33470572653e-07, 5.4052162568e-07, 3.35489609427e-08, 3.61786547387e-08, 1.54007704367e-08, 5.29952481898e-09, 3.22042748024e-09, 1.69553548979e-09, 1.51631052159e-09, 1.12935827357e-09, 2.01096722607e-10, 6.75336453426e-11, 6.77864708809e-12, 1.4100562894e-13],
        "dvar2": [2.03415381761e-10, 2.55881468547e-06, 7.40505929571e-05, 1.44443292811e-05, 3.21147854265e-05, 1.52430939124e-05, 7.32132275516e-06, 1.70022067323e-05, 5.81335189054e-06, 1.10354551452e-06, 1.54658971496e-06, 1.29257477965e-06, 3.77237313387e-07, 6.56010342936e-07, 1.59351134243e-06, 8.93348612863e-08, 9.3869580553e-08, 4.42052190408e-08, 1.56989123923e-08, 8.65949090212e-09, 4.6085282257e-09, 4.02451938442e-09, 3.22354809512e-09, 5.0171855559e-10, 1.90782209475e-10, 1.68017284113e-11, 3.77840553983e-13],
        "max": [9.34113413678e-05, 0.0171642564237, 0.0616403929889, 0.0204222165048, 0.0346543230116, 0.0283641442657, 0.0180184468627, 0.0253304392099, 0.0189324878156, 0.00632737018168, 0.0135064749047, 0.0182281434536, 0.00525349844247, 0.00476212566718, 0.00835891161114, 0.00217549363151, 0.00222327094525, 0.00143973995, 0.000937593693379, 0.000780600181315, 0.000558955478482, 0.000653638853692, 0.00043479874148, 0.000258511165157, 0.000131076216348, 6.28994603176e-05, 6.08049958828e-06],
        "mean": [8.08185905044e-06, 0.00140678929165, 0.00699404999614, 0.00232686963864, 0.0046759173274, 0.00347840320319, 0.00219017849304, 0.00303063425235, 0.00216355291195, 0.000966731109656, 0.0011162821902, 0.00132231379393, 0.00059636705555, 0.000533214653842, 0.000679732649587, 0.000260572385741, 0.000235103230807, 0.000168787577422, 0.000100024022686, 9.27774817683e-05, 7.91951679275e-05, 6.82641548337e-05, 5.93629811192e-05, 3.13543496304e-05, 1.63428067026e-05, 5.18127671967e-06, 3.74647385115e-07],
        "median": [3.66063432011e-06, 0.00079061294673, 0.00370033667423, 0.00128418137319, 0.00370539957657, 0.00237451866269, 0.0012417496182, 0.0017673233524, 0.00108318182174, 0.000550491560716, 0.000483095645905, 0.000520327361301, 0.00025548847043, 0.000242976282607, 0.00020047192811, 0.000108719694254, 9.3145739811e-05, 7.91180646047e-05, 4.61062700197e-05, 3.1487110391e-05, 2.42161295319e-05, 1.64381635841e-05, 1.32328259497e-05, 1.02654494185e-05, 5.45741659153e-06, 1.61651746566e-06, 6.58480701077e-08],
        "min": [3.6337056908e-23, 1.17185943803e-22, 1.82342673887e-23, 2.04845593852e-23, 3.45480813026e-23, 2.91536421734e-23, 2.29707176368e-23, 8.8348642741e-24, 5.27895147038e-23, 6.0958046315e-23, 1.93910504958e-22, 1.57882154565e-22, 6.32099223442e-23, 3.49966086807e-23, 1.69915148513e-22, 1.8590691154e-22, 1.72610187666e-22, 1.58484781188e-22, 3.08742311114e-22, 2.25344718764e-22, 3.61953213226e-22, 7.22824336481e-22, 8.35999900769e-22, 8.20136854598e-22, 1.19018658274e-21, 1.4656351014e-21, 2.54901663236e-21],
        "var": [1.448189485e-10, 3.07235814034e-06, 6.99820593582e-05, 7.64020751376e-06, 1.81893883564e-05, 1.37346050906e-05, 7.17097555025e-06, 1.29424697661e-05, 7.77585682954e-06, 1.22764924981e-06, 2.53446887655e-06, 3.93116260966e-06, 6.10480242358e-07, 4.81508266148e-07, 1.32518823648e-06, 1.16459048627e-07, 1.17666786537e-07, 4.63494309599e-08, 1.73035630269e-08, 1.66814970726e-08, 1.18177592157e-08, 1.0491340241e-08, 8.22924040023e-09, 1.83406856369e-09, 4.71833294657e-10, 5.28146068546e-11, 3.99118455299e-13]
    },
    "erbbands": {
        "dmean": [0.00718678813428, 0.237793847919, 3.11220192909, 5.75378370285, 5.1093621254, 9.6498708725, 16.1910381317, 12.9705295563, 12.7376804352, 21.9528179169, 38.7371482849, 16.915933609, 17.2525691986, 23.5186901093, 16.36095047, 16.5313358307, 10.241891861, 17.2551612854, 13.2140665054, 12.2969284058, 6.61946296692, 4.38581085205, 4.05641269684, 2.36807370186, 1.77589797974, 1.40646970272, 1.17973160744, 0.752250730991, 0.701655983925, 0.705505788326, 0.39264947176, 0.194329723716, 0.120302729309, 0.0664508491755, 0.0259312782437, 0.00821104459465, 0.00227741035633, 0.00052946084179, 1.43650595419e-05, 7.60467946748e-06],
        "dmean2": [0.0108524654061, 0.353519558907, 4.82117509842, 9.10214805603, 8.38597774506, 16.4764328003, 27.4044551849, 21.3126010895, 20.9110069275, 37.6608352661, 61.7886886597, 26.1558170319, 25.3739147186, 36.2862739563, 24.4236621857, 26.1000785828, 16.7333583832, 28.4257640839, 21.917470932, 21.3775691986, 10.9107408524, 7.32044267654, 6.63383054733, 3.90858960152, 3.01207447052, 2.3729789257, 1.98554503918, 1.19181215763, 1.16537117958, 1.16190814972, 0.660443603992, 0.323734849691, 0.193473875523, 0.10979180038, 0.0426776334643, 0.0129771446809, 0.00352086266503, 0.00080067437375, 2.21136760956e-05, 1.14457470772e-05],
        "dvar": [8.49610223668e-05, 0.108344830573, 19.9821205139, 82.2944641113, 40.9047279358, 220.503814697, 782.559265137, 261.652038574, 244.570632935, 1174.86169434, 4527.69287109, 587.724853516, 543.031005859, 1284.59594727, 646.275390625, 721.913635254, 241.404464722, 782.921508789, 515.366210938, 637.696105957, 117.468673706, 52.7863578796, 46.0279579163, 18.435918808, 8.88030052185, 7.98271751404, 4.05763530731, 1.66708254814, 1.98049676418, 2.0914516449, 0.571064651012, 0.146199524403, 0.0451525524259, 0.0153324631974, 0.00216301018372, 0.000194589229068, 2.90571279038e-05, 1.18543675853e-06, 7.29235671848e-10, 8.09376177191e-11],
        "dvar2": [0.000193565065274, 0.248603761196, 45.1520423889, 212.366989136, 112.778999329, 589.114929199, 2198.22387695, 717.187927246, 660.746520996, 3250.0625, 11793.4404297, 1581.77478027, 1130.79602051, 2901.68774414, 1455.9387207, 1756.82019043, 633.929626465, 2235.81445312, 1394.17492676, 1965.6862793, 298.632904053, 129.416320801, 133.377212524, 53.3976402283, 25.8052749634, 21.3167572021, 11.0421257019, 4.36084318161, 5.44789838791, 5.77687931061, 1.5701457262, 0.36706751585, 0.115101762116, 0.0429463237524, 0.00587723823264, 0.000516135885846, 7.30683022994e-05, 2.87988382297e-06, 1.81454806736e-09, 1.8787411904e-10],
        "max": [0.124702736735, 5.7705988884, 44.3979949951, 91.9003677368, 68.4579467773, 170.944473267, 307.318481445, 170.86946106, 177.956939697, 303.001220703, 693.144836426, 269.758575439, 429.017547607, 545.782836914, 415.472808838, 507.348175049, 226.894714355, 311.351959229, 223.340744019, 351.774139404, 134.849533081, 88.2098770142, 77.83934021, 58.265209198, 37.5280952454, 35.7714271545, 24.4083251953, 17.5418643951, 24.7325172424, 21.0959148407, 12.3884439468, 7.56235694885, 3.12195801735, 1.58330905437, 0.86876386404, 0.242552876472, 0.135821118951, 0.0234043020755, 0.000594079960138, 0.000132105997181],
        "mean": [0.0181066635996, 0.479458332062, 5.48239135742, 11.0893516541, 10.03008461, 15.34304142, 26.5036773682, 27.1149272919, 27.1811752319, 41.4816398621, 75.8147583008, 39.7856330872, 39.7989082336, 45.0275497437, 46.4221343994, 44.1124916077, 26.5888290405, 33.0817718506, 27.5739765167, 25.8639717102, 15.8751850128, 11.6092090607, 9.98871994019, 6.43203639984, 4.91175222397, 4.30576610565, 3.69091582298, 2.6627573967, 2.38443279266, 2.35397386551, 1.46620738506, 0.833522617817, 0.431278824806, 0.226483076811, 0.0924136266112, 0.0308761484921, 0.00756653677672, 0.00151681143325, 5.2962666814e-05, 3.8723625039e-05],
        "median": [0.0108303604648, 0.305821627378, 3.25811815262, 5.15958356857, 7.53600502014, 10.4428739548, 14.8288869858, 18.6112384796, 17.3879699707, 26.4733371735, 39.1806297302, 24.938041687, 24.684469223, 24.0675544739, 20.5357990265, 21.6678333282, 13.702088356, 15.7110862732, 9.55623912811, 9.17661571503, 6.16990232468, 5.17184400558, 4.60652065277, 3.24817681313, 2.03139209747, 1.49775135517, 1.2256257534, 0.771789371967, 0.623746156693, 0.473941624165, 0.380058079958, 0.25493016839, 0.14624632895, 0.0765135958791, 0.0310118254274, 0.010043730028, 0.00250419927761, 0.000333859323291, 2.59612297668e-05, 3.62660248356e-05],
        "min": [5.14919365859e-21, 1.91286001329e-20, 2.51272056908e-20, 4.91531431806e-20, 7.30124409355e-20, 1.23983762645e-19, 1.83005697215e-19, 2.53698335972e-19, 3.94742453182e-19, 2.26535534113e-19, 3.0591837729e-19, 1.07776246802e-18, 1.70492780993e-18, 3.53710743093e-18, 7.69911920896e-18, 7.55775652381e-18, 3.39898998212e-18, 2.62574754257e-18, 5.21034284966e-18, 1.06552666764e-17, 9.85471962523e-18, 9.57878706213e-18, 7.3987202977e-18, 1.07143472245e-17, 1.80416197968e-17, 1.08143029025e-17, 1.10344694303e-17, 1.72664556099e-17, 2.21456979127e-17, 2.5665662439e-17, 2.42758650066e-17, 1.6467668799e-17, 1.53160414804e-17, 1.28912103184e-17, 8.72220596907e-18, 6.1982417601e-18, 2.27374393482e-18, 1.30962419225e-18, 3.96082382377e-19, 3.47828187421e-20],
        "var": [0.000375820265617, 0.302477866411, 38.9157295227, 186.329116821, 87.0541915894, 299.791931152, 1291.94006348, 710.695800781, 856.881591797, 2337.87841797, 9245.97363281, 1978.16760254, 2284.08813477, 3657.72802734, 3394.69042969, 3536.5390625, 1033.91357422, 1837.67248535, 1521.88635254, 1748.97692871, 468.553527832, 222.054672241, 161.44468689, 67.8723297119, 40.4408149719, 35.8498153687, 25.2110958099, 14.2582645416, 12.3190383911, 13.5207004547, 4.8750166893, 1.3775947094, 0.338612288237, 0.0923337042332, 0.0153761692345, 0.00168052618392, 0.000136440561619, 5.80418509344e-06, 4.06457978386e-09, 7.28153926044e-10]
    },
    "gfcc": {
        "mean": [-30.166015625, 138.583633423, -120.391548157, 13.7417736053, -61.1939544678, 9.22431755066, -37.5248985291, -0.191834509373, -21.7137947083, -5.71498775482, -16.3236217499, -8.05275154114, -12.0856046677],
        "cov": [[19145.0820312, -1157.46899414, -1352.29345703, 446.518371582, -1275.4317627, 425.769561768, -660.287353516, 333.274658203, -246.386627197, 194.926055908, -320.367218018, 254.62260437, -321.615264893], [-1157.46899414, 1454.36230469, 133.980514526, -200.876144409, 317.85446167, -203.516372681, 135.368591309, -169.24458313, 79.998336792, -199.359329224, 90.6485214233, -195.279373169, 110.592292786], [-1352.29345703, 133.980514526, 428.883911133, 17.7188816071, 104.724212646, -86.0636901855, -5.26829481125, 32.5309410095, -10.3557806015, -82.0134658813, -42.2739295959, -39.7618103027, -26.9259033203], [446.518371582, -200.876144409, 17.7188816071, 126.030693054, -61.0609931946, 42.7071418762, -21.9983596802, 42.9437866211, -15.3480882645, 10.1525974274, -17.280254364, 21.4948196411, -28.0149841309], [-1275.4317627, 317.85446167, 104.724212646, -61.0609931946, 212.230178833, -29.7081012726, 81.1113891602, -49.6966972351, 45.2822189331, -38.5700569153, 32.4563217163, -37.8643951416, 44.012298584], [425.769561768, -203.516372681, -86.0636901855, 42.7071418762, -29.7081012726, 97.1425857544, 11.9985055923, 24.9298038483, -3.72836613655, 44.0894927979, -2.56143665314, 35.2498054504, -7.21672582626], [-660.287353516, 135.368591309, -5.26829481125, -21.9983596802, 81.1113891602, 11.9985055923, 100.19178009, -21.4827747345, 35.148563385, 0.356905817986, 41.8098449707, -12.9495239258, 31.6033115387], [333.274658203, -169.24458313, 32.5309410095, 42.9437866211, -49.6966972351, 24.9298038483, -21.4827747345, 73.01197052, 1.28104686737, 19.8112850189, -26.3775539398, 20.8970966339, -29.0574073792], [-246.386627197, 79.998336792, -10.3557806015, -15.3480882645, 45.2822189331, -3.72836613655, 35.148563385, 1.28104686737, 54.3674926758, 15.4466753006, 24.7806015015, -7.21100521088, 17.1710472107], [194.926055908, -199.359329224, -82.0134658813, 10.1525974274, -38.5700569153, 44.0894927979, 0.356905817986, 19.8112850189, 15.4466753006, 89.9407653809, 17.7677822113, 40.3678817749, -6.27369213104], [-320.367218018, 90.6485214233, -42.2739295959, -17.280254364, 32.4563217163, -2.56143665314, 41.8098449707, -26.3775539398, 24.7806015015, 17.7677822113, 60.2907218933, 4.86132621765, 26.7194366455], [254.62260437, -195.279373169, -39.7618103027, 21.4948196411, -37.8643951416, 35.2498054504, -12.9495239258, 20.8970966339, -7.21100521088, 40.3678817749, 4.86132621765, 70.2618103027, 4.07620763779], [-321.615264893, 110.592292786, -26.9259033203, -28.0149841309, 44.012298584, -7.21672582626, 31.6033115387, -29.0574073792, 17.1710472107, -6.27369213104, 26.7194366455, 4.07620763779, 49.2397880554]],
        "icov": [[0.000217337190406, -0.000602330779657, 0.00063207524363, -0.000415330199758, 0.000796428939793, -0.000762374082115, 0.000788370554801, -0.000326484296238, -0.00025055318838, 5.27607471668e-06, 0.00097592867678, -0.0010775369592, 0.00100712792482], [-0.000602330779657, 0.00451294332743, -0.00131412793417, 0.0023402585648, -0.00355628761463, 0.00396648561582, -0.00209617754444, 0.00114276213571, -0.000576543563511, 0.00391601631418, -0.00570292212069, 0.00697767268866, -0.00446053640917], [0.00063207524363, -0.00131412793417, 0.00810893531889, -0.00359611492604, -0.00347740272991, 0.00500314403325, 0.00115989265032, -0.00693007977679, 0.0033596730791, 0.00169461721089, 0.00419099070132, -0.0036034390796, 0.00554411113262], [-0.000415330199758, 0.0023402585648, -0.00359611492604, 0.0149062294513, 0.00188756815623, -0.00585952913389, -0.000107367872261, -0.00134860619437, -0.00170929718297, 0.0054700630717, -0.0069394367747, 0.00290909619071, 9.03551917872e-05], [0.000796428939793, -0.00355628761463, -0.00347740272991, 0.00188756815623, 0.0186440069228, -0.00978707429022, -0.00168412283529, 0.00812442880124, -0.0107172746211, 0.00118884094991, 0.00586789986119, -0.00534837879241, 0.00128537334967], [-0.000762374082115, 0.00396648561582, 0.00500314403325, -0.00585952913389, -0.00978707429022, 0.0312919206917, -0.0120809040964, -0.00592059409246, 0.00931187253445, -0.00527830934152, 0.00295950309373, 0.000899963779375, -0.00249212724157], [0.000788370554801, -0.00209617754444, 0.00115989265032, -0.000107367872261, -0.00168412283529, -0.0120809040964, 0.0267330091447, -0.00322191929445, -0.00537216197699, 0.00225252052769, -0.00920139346272, 0.0019463528879, -0.0019016887527], [-0.000326484296238, 0.00114276213571, -0.00693007977679, -0.00134860619437, 0.00812442880124, -0.00592059409246, -0.00322191929445, 0.0375771969557, -0.0190311726183, 0.000214673025766, 0.00976617820561, -0.00683333585039, 0.00878747925162], [-0.00025055318838, -0.000576543563511, 0.0033596730791, -0.00170929718297, -0.0107172746211, 0.00931187253445, -0.00537216197699, -0.0190311726183, 0.0430643521249, -0.0130995726213, -0.00724972644821, 0.0089692203328, -0.00981044024229], [5.27607471668e-06, 0.00391601631418, 0.00169461721089, 0.0054700630717, 0.00118884094991, -0.00527830934152, 0.00225252052769, 0.000214673025766, -0.0130995726213, 0.0312786661088, -0.0123029490933, -0.00512469094247, 0.00777636887506], [0.00097592867678, -0.00570292212069, 0.00419099070132, -0.0069394367747, 0.00586789986119, 0.00295950309373, -0.00920139346272, 0.00976617820561, -0.00724972644821, -0.0123029490933, 0.0460014566779, -0.0147666903213, 0.00160526472609], [-0.0010775369592, 0.00697767268866, -0.0036034390796, 0.00290909619071, -0.00534837879241, 0.000899963779375, 0.0019463528879, -0.00683333585039, 0.0089692203328, -0.00512469094247, -0.0147666903213, 0.0398482009768, -0.0224609263241], [0.00100712792482, -0.00446053640917, 0.00554411113262, 9.03551917872e-05, 0.00128537334967, -0.00249212724157, -0.0019016887527, 0.00878747925162, -0.00981044024229, 0.00777636887506, 0.00160526472609, -0.0224609263241, 0.0502806715667]]
    },
    "melbands": {
        "dmean": [0.00012856379908, 0.0011877635261, 0.000852433673572, 0.000533020589501, 0.000517116568517, 0.000286721391603, 0.000213824576349, 0.0002457301307, 0.000318206759403, 0.000108737971459, 8.94641634659e-05, 9.39597448451e-05, 6.18984195171e-05, 5.37537162018e-05, 3.35865915986e-05, 3.16330151691e-05, 3.20280487358e-05, 1.71662741195e-05, 3.30792354362e-05, 8.61058106238e-06, 9.13258645596e-06, 5.64916672374e-06, 4.43112776338e-06, 3.95889765059e-06, 2.16018520405e-06, 1.43674492392e-06, 1.32938680508e-06, 1.11154849947e-06, 8.83311827238e-07, 6.6257268827e-07, 5.06297283209e-07, 5.13297777616e-07, 4.49419246706e-07, 5.04060324147e-07, 2.65169205704e-07, 1.95301211647e-07, 1.31839300366e-07, 1.06436843339e-07, 7.07001603928e-08, 6.15523987335e-08],
        "dmean2": [0.000188476566109, 0.00181608938146, 0.00133813056163, 0.000900052720681, 0.000870174611919, 0.000466428813525, 0.000353558978532, 0.000412783469073, 0.000501333444845, 0.000167112535564, 0.000131838009111, 0.000144577774336, 9.48671877268e-05, 7.77149398346e-05, 5.31781079189e-05, 5.3641240811e-05, 5.31274963578e-05, 2.81262782664e-05, 5.71291820961e-05, 1.44088644447e-05, 1.4946799638e-05, 9.41679354582e-06, 7.2658094723e-06, 6.81694154991e-06, 3.61505794899e-06, 2.46802687798e-06, 2.22425137508e-06, 1.88449166671e-06, 1.47586479216e-06, 1.0876962051e-06, 8.29924829304e-07, 8.57007080413e-07, 7.6499526358e-07, 8.4226655872e-07, 4.50138031738e-07, 3.25083505004e-07, 2.17476610942e-07, 1.71731201704e-07, 1.1823903634e-07, 1.02228248977e-07],
        "dvar": [3.09839442991e-08, 2.86645399683e-06, 1.64865627994e-06, 6.48514230761e-07, 6.64761330427e-07, 1.22426214944e-07, 7.37567376063e-08, 1.41845688972e-07, 3.14131739287e-07, 2.2977177494e-08, 1.4533539705e-08, 1.94368006134e-08, 9.50474188244e-09, 9.42002476023e-09, 2.70262634494e-09, 2.37307418161e-09, 2.57352739119e-09, 9.52361300932e-10, 5.36402433582e-09, 1.80305007036e-10, 2.46566822515e-10, 9.12255132546e-11, 5.12644406092e-11, 5.25729043632e-11, 1.74153122479e-11, 5.99726171502e-12, 5.44368543298e-12, 4.79526704802e-12, 2.13499942552e-12, 1.58895552965e-12, 7.98342999781e-13, 1.035732047e-12, 1.05205633701e-12, 1.07947212367e-12, 2.46918262746e-13, 1.3218598308e-13, 6.13000657721e-14, 3.39789943415e-14, 1.53660501071e-14, 1.33566609514e-14],
        "dvar2": [6.99943427662e-08, 6.37565244688e-06, 4.23580559072e-06, 1.77289143721e-06, 1.89019965546e-06, 3.27000378775e-07, 2.04361342071e-07, 3.8024757032e-07, 8.35179548631e-07, 5.68097604514e-08, 2.98975031399e-08, 4.4715836367e-08, 2.2012121903e-08, 2.06046202322e-08, 6.24147711292e-09, 6.39947472791e-09, 7.16835479864e-09, 2.4756454664e-09, 1.63220228444e-08, 4.97438756852e-10, 6.14480077932e-10, 2.3975202379e-10, 1.28872246208e-10, 1.54170495814e-10, 5.29703537977e-11, 1.83922547331e-11, 1.48523710691e-11, 1.31671938977e-11, 5.9804917095e-12, 4.3799464923e-12, 2.18332166582e-12, 2.92585248564e-12, 2.76575507288e-12, 3.18708969806e-12, 6.83567677288e-13, 3.57718385078e-13, 1.59391000832e-13, 8.66274283209e-14, 4.29305808296e-14, 3.79278992111e-14],
        "max": [0.00244095618837, 0.0171514861286, 0.0132223051041, 0.00917047448456, 0.00816480908543, 0.00367874093354, 0.00322696147487, 0.00331041170284, 0.00645000906661, 0.00230050599203, 0.00212839106098, 0.00201381463557, 0.00149017502554, 0.00248040771112, 0.000512402679306, 0.00070642947685, 0.000537070911378, 0.000383875740226, 0.00087398046162, 0.00014908517187, 0.000188957739738, 0.000114038972242, 8.33873273223e-05, 8.57185659697e-05, 5.25215291418e-05, 3.19401988236e-05, 2.92466702376e-05, 2.59741573245e-05, 1.75002787728e-05, 1.91304625332e-05, 1.03199345176e-05, 1.62367396115e-05, 1.33762250698e-05, 1.46974471136e-05, 6.58225326333e-06, 6.66279356665e-06, 4.30864793088e-06, 2.30884802477e-06, 1.80106769676e-06, 1.31133435843e-06],
        "mean": [0.000264983886154, 0.0022363262251, 0.00182311655954, 0.000914326752536, 0.000868629780598, 0.000609037873801, 0.000444783538114, 0.00048059396795, 0.000616331235506, 0.000248055468546, 0.000198003355763, 0.000173190172063, 0.000150223480887, 0.000162916228874, 6.87001665938e-05, 6.49177454761e-05, 5.83590554015e-05, 3.58637516911e-05, 5.79059997108e-05, 1.87069417734e-05, 1.87729856407e-05, 1.25783408294e-05, 9.69261054706e-06, 8.31804482004e-06, 4.87070064992e-06, 3.50103073288e-06, 3.40338351634e-06, 2.75356865131e-06, 2.3090619834e-06, 1.91882713807e-06, 1.44312150496e-06, 1.34650883865e-06, 1.36440030474e-06, 1.31897627398e-06, 8.55077416873e-07, 6.41937731416e-07, 4.65090437274e-07, 3.18693821555e-07, 2.24251223813e-07, 1.81295462198e-07],
        "median": [0.000147680839291, 0.00144507456571, 0.0011155102402, 0.000661836238578, 0.000492778141052, 0.000429016334238, 0.000285824295133, 0.000307843234623, 0.000300758198136, 0.00013784065959, 0.000117976094771, 9.0656496468e-05, 6.65263432893e-05, 6.01928804826e-05, 3.24538523273e-05, 2.714479524e-05, 2.74566737062e-05, 1.17247727758e-05, 1.5368392269e-05, 8.00340512797e-06, 6.43833618597e-06, 5.30416036781e-06, 4.63152537122e-06, 3.71515557163e-06, 2.32606089412e-06, 1.5852863271e-06, 1.17939737265e-06, 8.98168707408e-07, 8.2796816514e-07, 5.28217015017e-07, 3.98107033561e-07, 3.70467461153e-07, 2.86124588911e-07, 2.45599153459e-07, 2.14964913425e-07, 1.85081958648e-07, 1.5304803469e-07, 1.08752082895e-07, 7.89825307379e-08, 6.11414989748e-08],
        "min": [4.06053560742e-23, 1.75676373253e-23, 9.08691164421e-24, 6.95149593935e-24, 6.50053019224e-24, 5.79492014493e-24, 5.72104292673e-24, 2.15464754208e-24, 2.89956100627e-24, 7.89164932214e-24, 8.05506659182e-24, 1.2237098296e-23, 2.68366661869e-23, 1.69032286942e-23, 1.5870917425e-23, 5.61477862963e-24, 4.38086567308e-24, 6.15966773383e-24, 1.35559609224e-23, 1.51343579978e-23, 1.08725330131e-23, 1.05128092848e-23, 7.45215834576e-24, 6.78792010863e-24, 7.66915268154e-24, 1.58323673703e-23, 1.01406223432e-23, 5.81603045719e-24, 7.24577576688e-24, 5.98417024268e-24, 1.16606168903e-23, 9.85299182421e-24, 1.91461369526e-23, 1.14168951582e-23, 1.37754204485e-23, 1.37769240174e-23, 8.4946301434e-24, 9.57551710054e-24, 1.15622175364e-23, 1.10061108301e-23],
        "var": [9.45970128896e-08, 5.96229483563e-06, 3.97415942643e-06, 9.19234537378e-07, 1.12837471988e-06, 3.51177078528e-07, 2.42691413632e-07, 3.01869562236e-07, 6.46558703465e-07, 8.93893812304e-08, 5.9301431321e-08, 5.26457775152e-08, 3.80525371213e-08, 7.01022102589e-08, 7.94210741617e-09, 8.11397882217e-09, 5.6282196681e-09, 2.8916553596e-09, 1.24048513683e-08, 5.6367699397e-10, 7.92204801758e-10, 2.88311846619e-10, 1.57303836623e-10, 1.28200491889e-10, 4.34275913841e-11, 2.0216994745e-11, 2.25581150981e-11, 1.58362090802e-11, 1.01024588001e-11, 7.69412658586e-12, 4.52767424247e-12, 4.04635222898e-12, 4.92530278715e-12, 4.53135228992e-12, 1.69809652451e-12, 9.26875980481e-13, 4.29547565052e-13, 1.91677457326e-13, 9.11082055069e-14, 6.14103968957e-14]
