{
"metadata": {
    "version": {
        "essentia": "2.0.1",
        "extractor": "archive-music 1.0"
    },
    "audio_properties": {
        "analysis_sample_rate": 44100,
        "bitrate": 128,
        "channels": 2,
        "equal_loudness": 0,
        "length": 23.5885715485,
        "replay_gain": -1.34708213806,
        "downmix": "mix"
    },
    "tags": {
        "track": 0,
        "year": 2008,
        "album": "Soundtrack360",
        "artist": "Experiment - Soundtrack 360",
        "comment": "",
        "genre": "",
        "title": "055"
    }
},
"highlevel": {
    "culture": {
        "all": {
            "non_western": 0.0279426649213,
            "western": 0.972057342529
        },
        "probability": 0.972057342529,
        "value": "western"
    },
    "danceability": {
        "all": {
            "danceable": 0.940078735352,
            "not_danceable": 0.0599212534726
        },
        "probability": 0.940078735352,
        "value": "danceable"
    },
    "gender": {
        "all": {
            "female": 0.919925332069,
            "male": 0.0800746753812
        },
        "probability": 0.919925332069,
        "value": "female"
    },
    "genre_dortmund": {
        "all": {
            "alternative": 0.0863436087966,
            "blues": 0.0137837193906,
            "electronic": 0.453502416611,
            "folkcountry": 0.0116228703409,
            "funksoulrnb": 0.00898208469152,
            "jazz": 0.0580754578114,
            "pop": 0.0159605648369,
            "raphiphop": 0.138581335545,
            "rock": 0.21314792335
        },
        "probability": 0.453502416611,
        "value": "electronic"
    },
    "genre_electronic": {
        "all": {
            "ambient": 0.632081210613,
            "dnb": 0.147047191858,
            "house": 0.0786745324731,
            "techno": 0.0366238616407,
            "trance": 0.105573222041
        },
        "probability": 0.632081210613,
        "value": "ambient"
    },
    "genre_rosamerica": {
        "all": {
            "cla": 0.0150015633553,
            "dan": 0.173942565918,
            "hip": 0.104507297277,
            "jaz": 0.0186423044652,
            "pop": 0.0987109094858,
            "rhy": 0.0373315960169,
            "roc": 0.538348793983,
            "spe": 0.0135149909183
        },
        "probability": 0.538348793983,
        "value": "roc"
    },
    "genre_tzanetakis": {
        "all": {
            "blu": 0.00429457426071,
            "cla": 0.0242111254483,
            "cou": 0.00757889542729,
            "dis": 0.0264951158315,
            "hip": 0.105369143188,
            "jaz": 0.0528648272157,
            "met": 0.0154015701264,
            "pop": 0.517262041569,
            "reg": 0.137021258473,
            "roc": 0.109501436353
        },
        "probability": 0.517262041569,
        "value": "pop"
    },
    "mirex_ballroom": {
        "all": {
            "ChaChaCha": 0.0538743957877,
            "Jive": 0.0489489324391,
            "Quickstep": 0.0416709259152,
            "Rumba-American": 0.00800785794854,
            "Rumba-International": 0.0785552486777,
            "Rumba-Misc": 0.0161224659532,
            "Samba": 0.0500296652317,
            "Tango": 0.276279360056,
            "VienneseWaltz": 0.407387375832,
            "Waltz": 0.0191237870604
        },
        "probability": 0.407387375832,
        "value": "VienneseWaltz"
    },
    "mood_acoustic": {
        "all": {
            "acoustic": 0.116218596697,
            "not_acoustic": 0.883781433105
        },
        "probability": 0.883781433105,
        "value": "not_acoustic"
    },
    "mood_aggressive": {
        "all": {
            "aggressive": 0.846198379993,
            "not_aggressive": 0.153801590204
        },
        "probability": 0.846198379993,
        "value": "aggressive"
    },
    "mood_electronic": {
        "all": {
            "electronic": 0.93670207262,
            "not_electronic": 0.0632979050279
        },
        "probability": 0.93670207262,
        "value": "electronic"
    },
    "mood_happy": {
        "all": {
            "happy": 0.160115167499,
            "not_happy": 0.8398848176
        },
        "probability": 0.8398848176,
        "value": "not_happy"
    },
    "mood_party": {
        "all": {
            "not_party": 0.622850120068,
            "party": 0.377149879932
        },
        "probability": 0.622850120068,
        "value": "not_party"
    },
    "mood_relaxed": {
        "all": {
            "not_relaxed": 0.254215151072,
            "relaxed": 0.745784819126
        },
        "probability": 0.745784819126,
        "value": "relaxed"
    },
    "mood_sad": {
        "all": {
            "not_sad": 0.756278932095,
            "sad": 0.243721067905
        },
        "probability": 0.756278932095,
        "value": "not_sad"
    },
    "moods_mirex": {
        "all": {
            "Cluster1": 0.37796652317,
            "Cluster2": 0.0934193059802,
            "Cluster3": 0.215432852507,
            "Cluster4": 0.0987583175302,
            "Cluster5": 0.214423000813
        },
        "probability": 0.37796652317,
        "value": "Cluster1"
    },
    "timbre": {
        "all": {
            "bright": 0.0360256917775,
            "dark": 0.963974297047
        },
        "probability": 0.963974297047,
        "value": "dark"
    },
    "tonal_atonal": {
        "all": {
            "atonal": 0.540180981159,
            "tonal": 0.459819018841
        },
        "probability": 0.540180981159,
        "value": "atonal"
    },
    "voice_instrumental": {
        "all": {
            "instrumental": 0.773044884205,
            "voice": 0.226955115795
        },
        "probability": 0.773044884205,
        "value": "instrumental"
    }
},
"lowlevel": {
    "average_loudness": 0.919979870319,
    "barkbands_kurtosis": {
        "dmean": 4.12451601028,
        "dmean2": 6.77570056915,
        "dvar": 28.2656917572,
        "dvar2": 66.0748443604,
        "max": 69.2374801636,
        "mean": 6.22735643387,
        "median": 4.11703968048,
        "min": -1.48454833031,
        "var": 54.5125389099
    },
    "barkbands_skewness": {
        "dmean": 0.700237751007,
        "dmean2": 1.12364125252,
        "dvar": 0.414516746998,
        "dvar2": 1.00863671303,
        "max": 7.74749135971,
        "mean": 2.08832359314,
        "median": 1.92950284481,
        "min": -1.97881650925,
        "var": 1.20570075512
    },
    "barkbands_spread": {
        "dmean": 3.64569187164,
        "dmean2": 5.80342435837,
        "dvar": 16.7726669312,
        "dvar2": 37.055103302,
        "max": 62.2292976379,
        "mean": 12.6032743454,
        "median": 10.6856298447,
        "min": 1.72058033943,
        "var": 60.4221229553
    },
    "dissonance": {
        "dmean": 0.0171036515385,
        "dmean2": 0.02906165272,
        "dvar": 0.000199257454369,
        "dvar2": 0.000554494035896,
        "max": 0.499649137259,
        "mean": 0.469812244177,
        "median": 0.473626285791,
        "min": 0.383785396814,
        "var": 0.000351599475835
    },
    "dynamic_complexity": 3.21535825729,
    "erbbands_kurtosis": {
        "dmean": 0.454598277807,
        "dmean2": 0.744136989117,
        "dvar": 0.17163862288,
        "dvar2": 0.473632931709,
        "max": 2.94385099411,
        "mean": -0.246293246746,
        "median": -0.321753740311,
        "min": -1.38948988914,
        "var": 0.34154483676
    },
    "erbbands_skewness": {
        "dmean": 0.24340750277,
        "dmean2": 0.400033265352,
        "dvar": 0.0358117185533,
        "dvar2": 0.0916469916701,
        "max": 1.66964149475,
        "mean": 0.20249247551,
        "median": 0.211351558566,
        "min": -1.27365958691,
        "var": 0.139899790287
    },
    "erbbands_spread": {
        "dmean": 5.54426956177,
        "dmean2": 8.93651866913,
        "dvar": 22.1688632965,
        "dvar2": 55.7080993652,
        "max": 72.3653411865,
        "mean": 31.6456432343,
        "median": 30.8233852386,
        "min": 13.1992406845,
        "var": 69.3776092529
    },
    "hfc": {
        "dmean": 3.42128920555,
        "dmean2": 5.03531599045,
        "dvar": 21.2081718445,
        "dvar2": 42.0349578857,
        "max": 103.832298279,
        "mean": 13.8815975189,
        "median": 11.1654834747,
        "min": 1.14105647974e-16,
        "var": 135.116653442
    },
    "melbands_kurtosis": {
        "dmean": 9.30916786194,
        "dmean2": 15.3141527176,
        "dvar": 132.550567627,
        "dvar2": 306.643798828,
        "max": 135.151916504,
        "mean": 15.9405918121,
        "median": 10.8237800598,
        "min": -1.20915126801,
        "var": 261.599365234
    },
    "melbands_skewness": {
        "dmean": 0.947414815426,
        "dmean2": 1.53512740135,
        "dvar": 0.721855342388,
        "dvar2": 1.79122960567,
        "max": 9.60456562042,
        "mean": 3.14884281158,
        "median": 2.89721536636,
        "min": -0.227087751031,
        "var": 2.07000994682
    },
    "melbands_spread": {
        "dmean": 4.59784221649,
        "dmean2": 7.33684778214,
        "dvar": 45.7559280396,
        "dvar2": 78.2967910767,
        "max": 139.2631073,
        "mean": 12.3423995972,
        "median": 9.68380451202,
        "min": 1.22162187099,
        "var": 117.262054443
    },
    "pitch_salience": {
        "dmean": 0.110739201307,
        "dmean2": 0.184384435415,
        "dvar": 0.00804039649665,
        "dvar2": 0.0215044766665,
        "max": 0.903536081314,
        "mean": 0.511732041836,
        "median": 0.53851377964,
        "min": 0.107287362218,
        "var": 0.0234033130109
    },
    "silence_rate_20dB": {
        "dmean": 0,
        "dmean2": 0,
        "dvar": 0,
        "dvar2": 0,
        "max": 1,
        "mean": 1,
        "median": 1,
        "min": 1,
        "var": 0
    },
    "silence_rate_30dB": {
        "dmean": 0.0708661451936,
        "dmean2": 0.141871914268,
        "dvar": 0.0658430233598,
        "dvar2": 0.151300027966,
        "max": 1,
        "mean": 0.892822027206,
        "median": 1,
        "min": 0,
        "var": 0.0956916511059
    },
    "silence_rate_60dB": {
        "dmean": 0.00984251964837,
        "dmean2": 0.019704433158,
        "dvar": 0.00974587444216,
        "dvar2": 0.0193166621029,
        "max": 1,
        "mean": 0.0521140620112,
        "median": 0,
        "min": 0,
        "var": 0.0493983440101
    },
    "spectral_centroid": {
        "dmean": 161.398864746,
        "dmean2": 248.32232666,
        "dvar": 84652.8203125,
        "dvar2": 79084.9453125,
        "max": 11368.2275391,
        "mean": 815.031188965,
        "median": 697.516540527,
        "min": 257.339385986,
        "var": 261268.171875
    },
    "spectral_complexity": {
        "dmean": 2.73228335381,
        "dmean2": 4.36847305298,
        "dvar": 5.74525594711,
        "dvar2": 12.4711408615,
        "max": 48,
        "mean": 19.0658798218,
        "median": 19,
        "min": 0,
        "var": 62.5865783691
    },
    "spectral_crest": {
        "dmean": 3.62754487991,
        "dmean2": 6.07471323013,
        "dvar": 8.78678131104,
        "dvar2": 24.001127243,
        "max": 25.0943126678,
        "mean": 11.6620073318,
        "median": 11.0340871811,
        "min": 2.82988500595,
        "var": 21.098991394
    },
    "spectral_decrease": {
        "dmean": 6.1777796212e-09,
        "dmean2": 1.0033167186e-08,
        "dvar": 7.25010042617e-17,
        "dvar2": 1.81963191149e-16,
        "max": -9.42629499208e-29,
        "mean": -1.29686403838e-08,
        "median": -9.56766132987e-09,
        "min": -1.07971374064e-07,
        "var": 1.58214121079e-16
    },
    "spectral_energy": {
        "dmean": 0.0235598497093,
        "dmean2": 0.0382282547653,
        "dvar": 0.00104980217293,
        "dvar2": 0.00263201468624,
        "max": 0.413050174713,
        "mean": 0.0502057336271,
        "median": 0.0373380221426,
        "min": 1.07054853866e-20,
        "var": 0.00232850923203
    },
    "spectral_energyband_high": {
        "dmean": 6.00347448199e-05,
        "dmean2": 8.43489906401e-05,
        "dvar": 3.75806408215e-08,
        "dvar2": 6.76282567724e-08,
        "max": 0.0039695603773,
        "mean": 0.000142116259667,
        "median": 3.79563462047e-05,
        "min": 7.82554056947e-21,
        "var": 1.06971683067e-07
    },
    "spectral_energyband_low": {
        "dmean": 0.0224275942892,
        "dmean2": 0.0368818826973,
        "dvar": 0.0010214811191,
        "dvar2": 0.00257529853843,
        "max": 0.39487606287,
        "mean": 0.0341283343732,
        "median": 0.0208522286266,
        "min": 8.63650914379e-23,
        "var": 0.00174212944694
    },
    "spectral_energyband_middle_high": {
        "dmean": 0.00104863895103,
        "dmean2": 0.00158591778018,
        "dvar": 2.79408163806e-06,
        "dvar2": 6.50337779007e-06,
        "max": 0.0416095778346,
        "mean": 0.00394743354991,
        "median": 0.00278871925548,
        "min": 1.59810799572e-21,
        "var": 1.50176774696e-05
    },
    "spectral_energyband_middle_low": {
        "dmean": 0.0047487989068,
        "dmean2": 0.0075870770961,
        "dvar": 5.39044085599e-05,
        "dvar2": 0.00015501533926,
        "max": 0.12631355226,
        "mean": 0.0142155848444,
        "median": 0.0103643881157,
        "min": 3.553749968e-22,
        "var": 0.000197173896595
    },
    "spectral_flatness_db": {
        "dmean": 0.0288528967649,
        "dmean2": 0.0470304787159,
        "dvar": 0.000620506121777,
        "dvar2": 0.00157904799562,
        "max": 0.336575716734,
        "mean": 0.195391535759,
        "median": 0.19595772028,
        "min": 0.0304151698947,
        "var": 0.00272733299062
    },
    "spectral_flux": {
        "dmean": 0.0345498174429,
        "dmean2": 0.0574668496847,
        "dvar": 0.00139328045771,
        "dvar2": 0.00382222374901,
        "max": 0.354069977999,
        "mean": 0.112393625081,
        "median": 0.101823829114,
        "min": 1.03467318047e-10,
        "var": 0.00396730937064
    },
    "spectral_kurtosis": {
        "dmean": 3.17593026161,
        "dmean2": 5.60371637344,
        "dvar": 8.92115211487,
        "dvar2": 27.7869548798,
        "max": 31.9162254333,
        "mean": 7.56908416748,
        "median": 6.4243183136,
        "min": -1.2556167841,
        "var": 18.5220336914
    },
    "spectral_rms": {
        "dmean": 0.00146127049811,
        "dmean2": 0.00234523531981,
        "dvar": 2.23940992328e-06,
        "dvar2": 5.64601077713e-06,
        "max": 0.0200742557645,
        "mean": 0.00627595372498,
        "median": 0.00603550672531,
        "min": 3.23177595796e-12,
        "var": 9.5936084108e-06
    },
    "spectral_rolloff": {
        "dmean": 280.96987915,
        "dmean2": 453.108795166,
        "dvar": 646828.75,
        "dvar2": 977083.1875,
        "max": 18798.4863281,
        "mean": 657.154663086,
        "median": 516.796875,
        "min": 86.1328125,
        "var": 1150716.25
    },
    "spectral_skewness": {
        "dmean": 0.287512511015,
        "dmean2": 0.498748809099,
        "dvar": 0.0610212087631,
        "dvar2": 0.182746246457,
        "max": 3.99423766136,
        "mean": 1.86762166023,
        "median": 1.7938387394,
        "min": -0.0257170014083,
        "var": 0.192410767078
    },
    "spectral_spread": {
        "dmean": 272732.34375,
        "dmean2": 397618.6875,
        "dvar": 1.14072459674e+12,
        "dvar2": 1.0615544873e+12,
        "max": 41953928,
        "mean": 2829422.75,
        "median": 2584449.5,
        "min": 1652263.5,
        "var": 2.20278790554e+12
    },
    "spectral_strongpeak": {
        "dmean": 0.272548288107,
        "dmean2": 0.460013002157,
        "dvar": 0.0871406272054,
        "dvar2": 0.233753278852,
        "max": 2.40436053276,
        "mean": 0.486414551735,
        "median": 0.36774045229,
        "min": 0,
        "var": 0.152654260397
    },
    "zerocrossingrate": {
        "dmean": 0.0062871016562,
        "dmean2": 0.00802705530077,
        "dvar": 0.000404803373385,
        "dvar2": 0.000581238535233,
        "max": 0.498046875,
        "mean": 0.0280394423753,
        "median": 0.0234375,
        "min": 0.00439453125,
        "var": 0.000861248467118
    },
    "barkbands": {
        "dmean": [0.000210696758586, 0.0169340278953, 0.00791683793068, 0.00232931901701, 0.00248719891533, 0.0010218678508, 0.000745676807128, 0.000945779669564, 0.000469183840323, 0.000553199497517, 0.000406812672736, 0.000206079639611, 0.000197467234102, 0.00026723134215, 0.000143873985508, 0.000191373939742, 0.000117903546197, 5.56705708732e-05, 4.12436929764e-05, 3.00318406516e-05, 1.66354366229e-05, 1.35038380904e-05, 8.93703054317e-06, 7.53630956751e-06, 5.88702050663e-06, 2.10190046346e-06, 1.76348990522e-07],
        "dmean2": [0.000365018786397, 0.0281506069005, 0.0135603602976, 0.00385402166285, 0.00421222439036, 0.00167310168035, 0.00125085574109, 0.00152680359315, 0.000725173915271, 0.000934986106586, 0.000648861459922, 0.000347017368767, 0.000340214231983, 0.000448059290648, 0.000245466741035, 0.000310200179229, 0.000193328014575, 9.08492802409e-05, 6.61756057525e-05, 4.91469400004e-05, 2.70049440587e-05, 1.96644778043e-05, 1.2092684301e-05, 1.0873467545e-05, 8.72138662089e-06, 2.71426733889e-06, 2.70087696208e-07],
        "dvar": [8.76866863564e-08, 0.00062844279455, 0.000162042968441, 2.82435867121e-05, 1.49577463162e-05, 1.98913653549e-06, 1.10309827051e-06, 1.31752426569e-06, 3.85712894513e-07, 6.53784979932e-07, 2.47947838261e-07, 1.08722105097e-07, 1.1397435884e-07, 4.12093896784e-07, 5.35941495627e-08, 2.11908698589e-07, 5.42254561253e-08, 1.81533259536e-08, 7.64662111408e-09, 4.01446431653e-09, 1.80749304413e-09, 1.38394817828e-09, 1.00386055024e-09, 1.40634681678e-09, 1.21670495901e-09, 1.389926646e-10, 1.43520731324e-12],
        "dvar2": [2.4109257879e-07, 0.0015655469615, 0.000467399688205, 7.62626004871e-05, 4.5672084525e-05, 5.22688196725e-06, 3.18143816003e-06, 3.19361174661e-06, 9.05369915927e-07, 1.76318746981e-06, 6.30291026482e-07, 3.07440501501e-07, 3.46158316233e-07, 1.15615011964e-06, 1.49631162571e-07, 4.68200084924e-07, 1.27786563553e-07, 5.02992847373e-08, 1.93100770929e-08, 1.05039648091e-08, 4.50002390906e-09, 2.90868684694e-09, 1.77018044667e-09, 2.89363133454e-09, 2.33070274192e-09, 2.05165051614e-10, 3.03375228584e-12],
        "max": [0.00338887842372, 0.353143632412, 0.140979900956, 0.0884540975094, 0.0478997156024, 0.0177720375359, 0.0124913575128, 0.0157498158514, 0.00817781873047, 0.00784896034747, 0.00601899251342, 0.00586243486032, 0.00505359750241, 0.0153114330024, 0.00302740605548, 0.0114916646853, 0.00517717283219, 0.00304725882597, 0.00166531850118, 0.000999502255581, 0.000841308792587, 0.000769835314713, 0.000643805717118, 0.000774555664975, 0.00060284754727, 0.000244687864324, 2.05736287171e-05],
        "mean": [0.000255918101175, 0.0213876217604, 0.0104404762387, 0.00392953725532, 0.00444358820096, 0.00185215251986, 0.00122551759705, 0.00150113215204, 0.000913613184821, 0.00104875431862, 0.000724529440049, 0.000370310503058, 0.000365289422916, 0.000466930534458, 0.000285635673208, 0.000372345733922, 0.000238821419771, 0.000122405908769, 8.82861422724e-05, 6.48792338325e-05, 3.46781198459e-05, 2.80290969386e-05, 1.89933198271e-05, 1.37291408464e-05, 9.16000317375e-06, 3.21721972796e-06, 2.01061112648e-07],
        "median": [0.000125263963128, 0.0107986461371, 0.00466932216659, 0.00128816114739, 0.00274145696312, 0.00117935799062, 0.000835172832012, 0.000938129844144, 0.000584227673244, 0.00061709136935, 0.000510042591486, 0.000239020810113, 0.000226940814173, 0.000269281736109, 0.000170540966792, 0.000196594235604, 0.000114146256237, 5.96393583692e-05, 4.68054968223e-05, 3.09272327286e-05, 1.15882912723e-05, 5.9224148572e-06, 2.89490117211e-06, 1.24174346183e-06, 4.46508607865e-07, 8.16811152049e-08, 1.32983191126e-09],
        "min": [4.94693805917e-24, 3.74504394124e-23, 2.67797009633e-23, 3.07020530681e-23, 1.21314374775e-22, 4.27832180178e-23, 5.21806182146e-23, 3.24266765563e-23, 5.77621877723e-23, 4.92364883421e-23, 6.32306031217e-23, 2.06387293118e-22, 1.40479693669e-22, 1.68932669587e-22, 9.65878767998e-23, 1.82356242295e-22, 1.47779749378e-22, 1.81315223579e-22, 2.19078487361e-22, 3.17740929502e-22, 4.61407444524e-22, 6.46908856314e-22, 6.19448115955e-22, 7.77817205958e-22, 1.42519958076e-21, 1.66118142619e-21, 2.24956735514e-21],
        "var": [1.14779751925e-07, 0.000911301351152, 0.000242123191128, 5.70252232137e-05, 2.713998947e-05, 4.14575924879e-06, 1.70994439941e-06, 3.01049385598e-06, 1.07135224425e-06, 1.43652630413e-06, 5.12278234055e-07, 1.69883264789e-07, 1.98814475993e-07, 6.44566284791e-07, 1.14834371345e-07, 6.22981872311e-07, 1.71113356373e-07, 4.32094289238e-08, 1.37389468691e-08, 8.18671086478e-09, 3.84493237249e-09, 3.9056300416e-09, 2.80837664235e-09, 2.93986479605e-09, 2.44511833003e-09, 3.36057376371e-10, 2.02215045923e-12]
    },
    "erbbands": {
        "dmean": [0.298988878727, 4.47092103958, 10.8444004059, 6.21432924271, 8.55974578857, 7.95254135132, 9.48853969574, 9.29856681824, 11.6704301834, 15.880941391, 14.6826629639, 12.0010662079, 15.2835302353, 14.7509765625, 17.0387115479, 7.76827287674, 8.61594200134, 12.9660301208, 8.21859836578, 7.48517608643, 9.41782569885, 5.77624464035, 3.33248090744, 2.60371613503, 1.6880146265, 1.41049468517, 0.827872574329, 0.647883236408, 0.520196199417, 0.330361157656, 0.259433120489, 0.157751560211, 0.136396616697, 0.0718595013022, 0.0350164547563, 0.0120746335015, 0.00355936563574, 0.000627224508207, 2.58596101048e-05, 2.56845505646e-05],
        "dmean2": [0.518543303013, 7.45647716522, 18.3461418152, 10.2919330597, 14.2601900101, 13.6093044281, 16.1549930573, 15.2707843781, 20.0428123474, 25.2956256866, 24.1980113983, 18.6681137085, 25.0260391235, 25.3164920807, 27.0757541656, 12.8206443787, 14.6182575226, 21.4875793457, 13.3626708984, 12.3771209717, 15.1639318466, 9.31005477905, 5.37070894241, 4.17903280258, 2.85234928131, 2.30521178246, 1.3141477108, 1.0511944294, 0.757283270359, 0.478842496872, 0.344964295626, 0.205879360437, 0.200020119548, 0.117818161845, 0.0489202812314, 0.0153153995052, 0.00465847738087, 0.000932715309318, 4.02113655582e-05, 4.16077527916e-05],
        "dvar": [0.209612444043, 44.2743225098, 302.862976074, 136.634155273, 320.916870117, 140.336105347, 206.465164185, 161.831588745, 321.660949707, 474.352935791, 339.306427002, 281.782318115, 463.782897949, 476.303894043, 470.861083984, 129.505752563, 219.660919189, 828.571166992, 231.572036743, 153.071716309, 755.869995117, 117.715484619, 53.9209861755, 24.7888031006, 13.015370369, 9.55536365509, 3.94858837128, 3.9114048481, 2.03298425674, 1.54415106773, 0.804231643677, 0.433575183153, 0.559386312962, 0.198387488723, 0.0406439267099, 0.00438947789371, 0.000448412582045, 1.69387549249e-05, 1.52337609194e-08, 1.21524035279e-09],
        "dvar2": [0.590627193451, 107.7317276, 844.401977539, 365.309753418, 967.006774902, 410.937652588, 603.219299316, 425.952880859, 923.894958496, 1158.34228516, 902.986572266, 633.978149414, 1199.9263916, 1365.64990234, 1138.05419922, 342.941772461, 667.333251953, 2367.24853516, 587.286987305, 402.087127686, 1675.49975586, 269.809356689, 147.866592407, 57.701877594, 33.4947128296, 25.3128509521, 9.84213924408, 10.2185716629, 4.28916358948, 3.61584854126, 1.37723100185, 0.75254380703, 1.23115241528, 0.395587146282, 0.0710499510169, 0.00646184431389, 0.000765995006077, 3.19686696457e-05, 3.33039764655e-08, 3.02311975453e-09],
        "max": [5.79262018204, 90.9856643677, 206.614761353, 174.406021118, 223.267547607, 149.603759766, 186.537658691, 136.409698486, 245.659820557, 277.926086426, 199.47227478, 246.99798584, 236.03968811, 250.26701355, 309.900238037, 195.644256592, 237.19468689, 643.458740234, 273.911621094, 178.367050171, 703.250793457, 268.03112793, 169.059921265, 84.4556121826, 60.5373535156, 54.898891449, 40.9047164917, 39.9422149658, 31.7481079102, 26.9225482941, 19.7612380981, 13.6051683426, 14.3761892319, 7.07158231735, 3.84938669205, 1.34732043743, 0.395302653313, 0.0797768309712, 0.00216548307799, 0.000463949312689],
        "mean": [0.360233485699, 5.62408685684, 14.0790243149, 11.6514625549, 14.7513074875, 12.9285860062, 15.1319971085, 16.7307605743, 18.6501045227, 26.2910747528, 25.6173038483, 23.2812099457, 28.0121650696, 28.6558799744, 30.8138446808, 16.1812152863, 17.2546901703, 23.9158535004, 17.7425117493, 16.3360443115, 19.8584537506, 12.7853593826, 7.681016922, 5.32595348358, 3.95465540886, 3.07592892647, 1.85200893879, 1.25811874866, 1.05939424038, 0.67873865366, 0.530401825905, 0.314972549677, 0.221780642867, 0.120190411806, 0.0543577969074, 0.0188955944031, 0.00504083465785, 0.000850882206578, 4.55285080534e-05, 5.63423636777e-05],
        "median": [0.195916369557, 2.81208992004, 6.90144824982, 5.78745079041, 6.40718173981, 7.73844385147, 9.4293794632, 10.49147892, 12.5278358459, 15.8114385605, 17.0252017975, 14.3064022064, 18.7449207306, 16.8406410217, 20.7039890289, 11.1196546555, 10.8976278305, 14.196313858, 10.1772708893, 10.5763645172, 9.12804031372, 6.47564840317, 3.85446810722, 2.69198155403, 1.99867117405, 1.44756829739, 0.708090305328, 0.361402004957, 0.23497249186, 0.114897102118, 0.0827613174915, 0.0335747264326, 0.0172298830003, 0.00649169972166, 0.0025299214758, 0.000806841591839, 6.25169850537e-05, 6.26210658083e-06, 1.92386560229e-05, 4.26633050665e-05],
        "min": [1.20397885011e-21, 8.46247044893e-21, 1.98595773784e-20, 9.41167005692e-20, 1.79544140222e-19, 5.37612183854e-19, 3.07563898022e-19, 4.90761397742e-19, 5.95428127864e-19, 1.01454177758e-18, 3.69081113382e-19, 8.62397878831e-19, 2.24937622795e-18, 1.5828708999e-18, 3.82618430755e-18, 8.84453357395e-18, 7.92084579933e-18, 1.00770814903e-17, 5.83828129525e-18, 4.71170762307e-18, 1.02721190982e-17, 9.11077075309e-18, 1.23899719544e-17, 1.31220722915e-17, 1.03478499648e-17, 1.25842336669e-17, 1.81502104132e-17, 1.99386328002e-17, 2.29852680364e-17, 1.82845478534e-17, 1.81102211937e-17, 1.22502396423e-17, 1.55538674871e-17, 1.57433878003e-17, 1.04987814753e-17, 6.13455712474e-18, 3.32039417545e-18, 1.44549884422e-18, 3.15923540389e-19, 3.00268824179e-20],
        "var": [0.237230345607, 65.2618255615, 425.206512451, 304.78414917, 533.925170898, 236.052612305, 336.985473633, 364.996826172, 444.045928955, 1013.09771729, 687.412353516, 758.12878418, 901.141845703, 1074.03466797, 1025.73010254, 285.172821045, 418.323181152, 1368.09814453, 547.449768066, 349.380462646, 2407.77392578, 413.955627441, 144.709091187, 50.2451515198, 28.2283267975, 19.4799556732, 9.1131105423, 6.49104785919, 5.40048456192, 3.29339551926, 2.24358344078, 1.19652414322, 0.983937859535, 0.377210497856, 0.0897759050131, 0.0110146040097, 0.000916356686503, 3.01447962556e-05, 2.23305534064e-08, 2.842205582e-09]
    },
    "gfcc": {
        "mean": [-36.9694442749, 166.468200684, -131.240432739, 36.3509063721, -41.7169647217, 11.9361982346, -22.7056312561, 4.47187662125, -8.24456691742, -5.36693143845, -3.81917476654, -9.18055534363, 1.12857174873],
        "cov": [[8762.91894531, 375.733276367, -207.116378784, 198.270584106, -199.766082764, 245.316711426, -150.354507446, 35.6671180725, -106.085700989, -134.020706177, -229.453201294, -99.4286422729, -105.977027893], [375.733276367, 1097.29138184, -81.4267044067, -83.6641082764, 130.898590088, -239.85043335, 95.3924331665, -178.065826416, 72.1641082764, -149.519424438, 84.6354675293, -178.135299683, 89.5686721802], [-207.116378784, -81.4267044067, 308.690307617, 7.75332450867, 80.3912963867, 22.7473163605, 24.6315956116, 15.3026809692, -7.74500799179, 1.43769168854, -36.8782081604, -8.3723897934, -35.1330184937], [198.270584106, -83.6641082764, 7.75332450867, 119.169143677, -4.48820638657, 56.6337203979, 9.1583814621, 17.0439243317, 15.1001176834, 9.64102458954, 11.7930107117, 5.96972560883, 1.4378080368], [-199.766082764, 130.898590088, 80.3912963867, -4.48820638657, 156.00793457, -18.1730995178, 49.4033050537, -4.79771614075, 32.7932319641, -6.855219841, 18.5922622681, -7.49817800522, 5.6553902626], [245.316711426, -239.85043335, 22.7473163605, 56.6337203979, -18.1730995178, 129.68132019, 4.73552083969, 49.7714157104, -10.1129617691, 21.5535755157, -24.635307312, 28.6894779205, -21.0928936005], [-150.354507446, 95.3924331665, 24.6315956116, 9.1583814621, 49.4033050537, 4.73552083969, 83.9388885498, 6.51099824905, 35.3472747803, -5.51852369308, 27.8703918457, -10.8987760544, 12.5998477936], [35.6671180725, -178.065826416, 15.3026809692, 17.0439243317, -4.79771614075, 49.7714157104, 6.51099824905, 81.0322341919, 15.3779735565, 44.6077461243, -1.34555768967, 42.6381645203, -11.7529191971], [-106.085700989, 72.1641082764, -7.74500799179, 15.1001176834, 32.7932319641, -10.1129617691, 35.3472747803, 15.3779735565, 64.6880874634, 16.9347629547, 38.1098327637, 0.0529687553644, 15.5288257599], [-134.020706177, -149.519424438, 1.43769168854, 9.64102458954, -6.855219841, 21.5535755157, -5.51852369308, 44.6077461243, 16.9347629547, 70.8279724121, 23.2544364929, 48.486114502, -3.11236429214], [-229.453201294, 84.6354675293, -36.8782081604, 11.7930107117, 18.5922622681, -24.635307312, 27.8703918457, -1.34555768967, 38.1098327637, 23.2544364929, 73.0865859985, 14.9392547607, 29.7875461578], [-99.4286422729, -178.135299683, -8.3723897934, 5.96972560883, -7.49817800522, 28.6894779205, -10.8987760544, 42.6381645203, 0.0529687553644, 48.486114502, 14.9392547607, 77.4874420166, 2.4402487278], [-105.977027893, 89.5686721802, -35.1330184937, 1.4378080368, 5.6553902626, -21.0928936005, 12.5998477936, -11.7529191971, 15.5288257599, -3.11236429214, 29.7875461578, 2.4402487278, 49.5231399536]],
        "icov": [[0.000246374576818, -0.000910137139726, 9.53653288889e-05, -0.000593925709836, 0.000386747909943, -0.00101258209907, 0.000665868399665, -0.000702334102243, 0.000290158408461, -0.000371068308596, 0.0011155793909, -0.000832867866848, 0.000702413846739], [-0.000910137139726, 0.00830420292914, 0.000555457198061, 0.00340377422981, -0.00348876463249, 0.00774666015059, -0.00408559618518, 0.00476990127936, -0.00331024639308, 0.00609962968156, -0.00751128140837, 0.00911629106849, -0.00531218480319], [9.53653288889e-05, 0.000555457198061, 0.00489600049332, -0.000864771252964, -0.00288829905912, 0.000843030051328, -0.00172641675454, -7.76992092142e-05, 0.00122116215061, -0.0014250127133, 0.00281161279418, 0.00150257197674, 0.00156996003352], [-0.000593925709836, 0.00340377422981, -0.000864771252964, 0.0141665972769, -0.000757712405175, -0.00403164606541, 0.000303663458908, 0.0028828594368, -0.00460414867848, 0.00369669613428, -0.00835003703833, 0.005149055738, -0.00303087150678], [0.000386747909943, -0.00348876463249, -0.00288829905912, -0.000757712405175, 0.0114926369861, -0.00232919561677, -0.00197420432232, -0.000402097211918, -0.0027966410853, -0.000381798075978, 0.00268341531046, -0.00622308207676, 0.00275836675428], [-0.00101258209907, 0.00774666015059, 0.000843030051328, -0.00403164606541, -0.00232919561677, 0.0237823911011, -0.00912762247026, -0.00134634086862, 0.000953687878791, 0.00404750881717, -0.000597708160058, 0.00501371128485, -0.00299660232849], [0.000665868399665, -0.00408559618518, -0.00172641675454, 0.000303663458908, -0.00197420432232, -0.00912762247026, 0.0244718790054, -0.00685142446309, -0.00514479493722, 0.00466909445822, -0.00537650845945, -0.000267266790615, 0.00121999147814], [-0.000702334102243, 0.00476990127936, -7.76992092142e-05, 0.0028828594368, -0.000402097211918, -0.00134634086862, -0.00685142446309, 0.0329751595855, -0.0115852635354, -0.0082032084465, 0.00443489197642, -0.00451182480901, -0.000555359525606], [0.000290158408461, -0.00331024639308, 0.00122116215061, -0.00460414867848, -0.0027966410853, 0.000953687878791, -0.00514479493722, -0.0115852635354, 0.0347429774702, -0.00914705172181, -0.00721758743748, 0.00538371456787, -0.000500118068885], [-0.000371068308596, 0.00609962968156, -0.0014250127133, 0.00369669613428, -0.000381798075978, 0.00404750881717, 0.00466909445822, -0.0082032084465, -0.00914705172181, 0.0431744866073, -0.0187877099961, -0.00673590786755, 0.00290259416215], [0.0011155793909, -0.00751128140837, 0.00281161279418, -0.00835003703833, 0.00268341531046, -0.000597708160058, -0.00537650845945, 0.00443489197642, -0.00721758743748, -0.0187877099961, 0.04457815364, -0.0142820645124, -0.00495818955824], [-0.000832867866848, 0.00911629106849, 0.00150257197674, 0.005149055738, -0.00622308207676, 0.00501371128485, -0.000267266790615, -0.00451182480901, 0.00538371456787, -0.00673590786755, -0.0142820645124, 0.0398571975529, -0.0109953768551], [0.000702413846739, -0.00531218480319, 0.00156996003352, -0.00303087150678, 0.00275836675428, -0.00299660232849, 0.00121999147814, -0.000555359525606, -0.000500118068885, 0.00290259416215, -0.00495818955824, -0.0109953768551, 0.0343350358307]]
    },
    "melbands": {
        "dmean": [0.00369639601558, 0.00575207313523, 0.00113597302698, 0.000531214696821, 0.000346953282133, 0.00020414958999, 0.00016237157979, 0.000191811574041, 0.00010989519069, 7.65234944993e-05, 7.82978022471e-05, 6.37028570054e-05, 5.18575725437e-05, 3.1026203942e-05, 1.98148063646e-05, 1.9725308448e-05, 2.87824241241e-05, 1.53894088726e-05, 1.07601981654e-05, 1.2354557839e-05, 1.29011841636e-05, 7.04959620634e-06, 4.05735772802e-06, 2.97314022646e-06, 2.22373205361e-06, 1.37750475915e-06, 1.2444161257e-06, 1.02972398963e-06, 6.32069145468e-07, 4.06169391454e-07, 3.99176684596e-07, 3.4797520243e-07, 2.15037928797e-07, 1.87626298498e-07, 1.62653051916e-07, 1.24777514543e-07, 9.26062924123e-08, 1.1072157946e-07, 8.52226520465e-08, 5.78103893645e-08],
        "dmean2": [0.00627393415198, 0.00958885345608, 0.00189920852426, 0.000885750225279, 0.000592875934672, 0.00033425426227, 0.000275683007203, 0.000305434397887, 0.000181660652743, 0.000119199932669, 0.000128582876641, 0.000109774045995, 8.22774090921e-05, 5.05095194967e-05, 3.32005438395e-05, 3.38827885571e-05, 4.80114977108e-05, 2.49801196333e-05, 1.81600626092e-05, 2.01235834538e-05, 2.09175232158e-05, 1.15313150673e-05, 6.36101776763e-06, 5.00640771861e-06, 3.53865016223e-06, 2.30231512433e-06, 2.03011768463e-06, 1.71628755652e-06, 1.03525974282e-06, 6.56868110127e-07, 6.48391733193e-07, 5.22171831108e-07, 3.15379963922e-07, 2.83852301664e-07, 2.30082918051e-07, 1.61962390166e-07, 1.30023522615e-07, 1.78144361485e-07, 1.23635075511e-07, 9.61232018426e-08],
        "dvar": [3.14917197102e-05, 7.55184155423e-05, 4.4934718062e-06, 8.37899222006e-07, 2.63292776026e-07, 7.42763788253e-08, 5.91783333448e-08, 6.6863734105e-08, 1.85838775479e-08, 1.14938476514e-08, 1.21367920158e-08, 9.05218922043e-09, 4.09606748519e-09, 1.83099502227e-09, 8.36671565363e-10, 1.09760400768e-09, 4.37314540136e-09, 9.97445459561e-10, 2.74951478252e-10, 3.07429498525e-10, 2.05989447721e-09, 2.20018503416e-10, 4.04196780213e-11, 7.08351224898e-11, 1.67880397084e-11, 8.40339950403e-12, 5.55357322629e-12, 5.38683030474e-12, 2.67835840312e-12, 1.084647888e-12, 1.377914601e-12, 9.071577582e-13, 4.25692304757e-13, 5.32766376588e-13, 2.89331628317e-13, 2.38356697661e-13, 1.55848641284e-13, 3.88238161238e-13, 2.54608237705e-13, 1.2922911981e-13],
        "dvar2": [8.23131776997e-05, 0.000194777894649, 1.23639720186e-05, 2.52830204772e-06, 7.69962582581e-07, 1.98474808144e-07, 1.68699855863e-07, 1.60799586979e-07, 4.97061094507e-08, 2.56766750084e-08, 3.16530943678e-08, 2.57901007217e-08, 1.03634238968e-08, 5.05480945989e-09, 2.2091959373e-09, 3.29342553229e-09, 1.2447083364e-08, 2.59114196766e-09, 7.52780060509e-10, 7.76767428157e-10, 4.6174881696e-09, 5.02149044568e-10, 9.64652385749e-11, 2.02705588426e-10, 3.74035385997e-11, 2.20498098946e-11, 1.40766313536e-11, 1.48720358945e-11, 7.10706667129e-12, 2.81478161092e-12, 3.59294516881e-12, 2.00608995561e-12, 9.05791012942e-13, 1.29841363355e-12, 5.33891019502e-13, 3.58104306842e-13, 3.1530911237e-13, 9.98907662315e-13, 4.99002586214e-13, 2.77731478223e-13],
        "max": [0.0792383775115, 0.102649196982, 0.0333216153085, 0.0113884434104, 0.00768882548437, 0.00269832881168, 0.00321298511699, 0.00352822151035, 0.00139665836468, 0.00156917306595, 0.00117798615247, 0.00107540399767, 0.000817550928332, 0.00067127199145, 0.000370477879187, 0.000479658076074, 0.00149400974624, 0.000615728320554, 0.000227015989367, 0.000207443372346, 0.00113097508438, 0.000370036286768, 0.000113837268145, 0.000171689491253, 6.35662363493e-05, 5.3857354942e-05, 3.15291836159e-05, 4.06323961215e-05, 3.25849905494e-05, 1.97522713279e-05, 2.19622925215e-05, 1.98304569494e-05, 1.19190935948e-05, 1.56260775839e-05, 1.12981260827e-05, 1.06369343484e-05, 8.59869578562e-06, 1.33448065753e-05, 9.89541422314e-06, 5.69074700252e-06],
        "mean": [0.00470294477418, 0.00773392664269, 0.00221694703214, 0.000974284252152, 0.000563202775083, 0.000371005939087, 0.000267026713118, 0.000306908274069, 0.000191953586182, 0.000143963741721, 0.000140757692861, 0.000118490417663, 9.44834318943e-05, 5.69393851038e-05, 3.75933523173e-05, 3.61048514605e-05, 4.77048306493e-05, 2.96173748211e-05, 2.05476007977e-05, 2.2965896278e-05, 2.46890394919e-05, 1.44003097375e-05, 8.22403671918e-06, 5.97625830778e-06, 4.12083454648e-06, 2.93697075904e-06, 2.5040071705e-06, 1.98251927941e-06, 1.29791453674e-06, 7.88927422946e-07, 7.06939601969e-07, 6.64054937261e-07, 4.23077835876e-07, 3.56338972551e-07, 3.22204044778e-07, 2.39949031311e-07, 1.71654804149e-07, 1.63190463809e-07, 1.24414498259e-07, 9.35971513627e-08],
        "median": [0.00247996626422, 0.00392913306132, 0.00121979229152, 0.000543202855624, 0.000339256075677, 0.000243634392973, 0.000179341557669, 0.000186618170119, 0.000129463529447, 8.81056694197e-05, 9.26581124077e-05, 6.54921968817e-05, 6.62592283334e-05, 3.90776040149e-05, 2.26690499403e-05, 2.16344560613e-05, 2.70069722319e-05, 1.60299423442e-05, 1.2782254089e-05, 1.54003137141e-05, 8.82196945895e-06, 6.8087983891e-06, 4.63468086309e-06, 2.63830702352e-06, 2.19498861043e-06, 1.45609112678e-06, 1.29523493797e-06, 9.00276006632e-07, 5.11360553901e-07, 2.52812696999e-07, 1.95756641119e-07, 1.42799564173e-07, 8.053913092e-08, 5.7175967072e-08, 5.20789988911e-08, 2.85418977342e-08, 1.69586673593e-08, 1.31679289694e-08, 7.05306524296e-09, 4.69100625011e-09],
        "min": [1.13765890991e-23, 1.08086029364e-23, 1.62999804491e-23, 2.68929971665e-23, 1.47497441303e-23, 1.0097537916e-23, 9.11544395429e-24, 1.09135498358e-23, 2.12473906415e-24, 7.35334562877e-24, 1.12934352711e-23, 5.74083031925e-24, 1.08279379172e-23, 2.02374786833e-23, 1.82499972751e-23, 1.69930468191e-23, 1.9693106283e-23, 8.17915993424e-24, 6.94503201309e-24, 6.21151048923e-24, 1.36508735111e-23, 8.56324289836e-24, 9.9792427012e-24, 1.06972993959e-23, 1.13661217037e-23, 5.79111349664e-24, 9.55389284541e-24, 8.17448041135e-24, 1.0311592956e-23, 1.18446399957e-23, 1.21114840298e-23, 1.31671187605e-23, 1.22701468348e-23, 8.97363595138e-24, 9.65977612269e-24, 1.1289238531e-23, 5.84077741822e-24, 8.80888866221e-24, 1.50711686616e-23, 1.2906935079e-23],
