{
"metadata": {
    "version": {
        "essentia": "2.0.1",
        "extractor": "archive-music 1.0"
    },
    "audio_properties": {
        "analysis_sample_rate": 44100,
        "bitrate": 128,
        "channels": 2,
        "equal_loudness": 0,
        "length": 15.0987758636,
        "replay_gain": -2.20601463318,
        "downmix": "mix"
    },
    "tags": {
        "track": 0,
        "year": 2008,
        "album": "Soundtrack360",
        "artist": "Experiment - Soundtrack 360",
        "comment": "",
        "genre": "",
        "title": "148"
    }
},
"highlevel": {
    "culture": {
        "all": {
            "non_western": 0.021165240556,
            "western": 0.978834748268
        },
        "probability": 0.978834748268,
        "value": "western"
    },
    "danceability": {
        "all": {
            "danceable": 0.3996052742,
            "not_danceable": 0.6003947258
        },
        "probability": 0.6003947258,
        "value": "not_danceable"
    },
    "gender": {
        "all": {
            "female": 0.459569334984,
            "male": 0.540430665016
        },
        "probability": 0.540430665016,
        "value": "male"
    },
    "genre_dortmund": {
        "all": {
            "alternative": 0.0294887758791,
            "blues": 0.116997666657,
            "electronic": 0.39009064436,
            "folkcountry": 0.0155246350914,
            "funksoulrnb": 0.00746513903141,
            "jazz": 0.0389378219843,
            "pop": 0.0213409718126,
            "raphiphop": 0.227838426828,
            "rock": 0.152315929532
        },
        "probability": 0.39009064436,
        "value": "electronic"
    },
    "genre_electronic": {
        "all": {
            "ambient": 0.592498600483,
            "dnb": 0.244630917907,
            "house": 0.0472604781389,
            "techno": 0.055328477174,
            "trance": 0.060281496495
        },
        "probability": 0.592498600483,
        "value": "ambient"
    },
    "genre_rosamerica": {
        "all": {
            "cla": 0.00567282829434,
            "dan": 0.0385179184377,
            "hip": 0.164914593101,
            "jaz": 0.0169403217733,
            "pop": 0.118818864226,
            "rhy": 0.0443245209754,
            "roc": 0.60427749157,
            "spe": 0.00653344625607
        },
        "probability": 0.60427749157,
        "value": "roc"
    },
    "genre_tzanetakis": {
        "all": {
            "blu": 0.00679005775601,
            "cla": 0.00960078369826,
            "cou": 0.0149142565206,
            "dis": 0.0124145001173,
            "hip": 0.35397335887,
            "jaz": 0.0229162871838,
            "met": 0.0220458768308,
            "pop": 0.408028393984,
            "reg": 0.0882241651416,
            "roc": 0.0610923096538
        },
        "probability": 0.408028393984,
        "value": "pop"
    },
    "mirex_ballroom": {
        "all": {
            "ChaChaCha": 0.0441363789141,
            "Jive": 0.0770950615406,
            "Quickstep": 0.078174687922,
            "Rumba-American": 0.00951316766441,
            "Rumba-International": 0.092501707375,
            "Rumba-Misc": 0.0154707822949,
            "Samba": 0.196097120643,
            "Tango": 0.395765155554,
            "VienneseWaltz": 0.0458070412278,
            "Waltz": 0.0454389005899
        },
        "probability": 0.395765155554,
        "value": "Tango"
    },
    "mood_acoustic": {
        "all": {
            "acoustic": 7.87229237176e-06,
            "not_acoustic": 0.999992132187
        },
        "probability": 0.999992132187,
        "value": "not_acoustic"
    },
    "mood_aggressive": {
        "all": {
            "aggressive": 1.68554761331e-05,
            "not_aggressive": 0.999983131886
        },
        "probability": 0.999983131886,
        "value": "not_aggressive"
    },
    "mood_electronic": {
        "all": {
            "electronic": 0.942184567451,
            "not_electronic": 0.0578154549003
        },
        "probability": 0.942184567451,
        "value": "electronic"
    },
    "mood_happy": {
        "all": {
            "happy": 0.116129867733,
            "not_happy": 0.883870124817
        },
        "probability": 0.883870124817,
        "value": "not_happy"
    },
    "mood_party": {
        "all": {
            "not_party": 0.999999880791,
            "party": 1.00000008274e-07
        },
        "probability": 0.999999880791,
        "value": "not_party"
    },
    "mood_relaxed": {
        "all": {
            "not_relaxed": 4.08596156909e-10,
            "relaxed": 1
        },
        "probability": 1,
        "value": "relaxed"
    },
    "mood_sad": {
        "all": {
            "not_sad": 0.951020419598,
            "sad": 0.0489795915782
        },
        "probability": 0.951020419598,
        "value": "not_sad"
    },
    "moods_mirex": {
        "all": {
            "Cluster1": 0.243387654424,
            "Cluster2": 0.0513416752219,
            "Cluster3": 0.134788423777,
            "Cluster4": 0.0530302226543,
            "Cluster5": 0.517452001572
        },
        "probability": 0.517452001572,
        "value": "Cluster5"
    },
    "timbre": {
        "all": {
            "bright": 0.958647847176,
            "dark": 0.0413521453738
        },
        "probability": 0.958647847176,
        "value": "bright"
    },
    "tonal_atonal": {
        "all": {
            "atonal": 0.972050070763,
            "tonal": 0.0279499348253
        },
        "probability": 0.972050070763,
        "value": "atonal"
    },
    "voice_instrumental": {
        "all": {
            "instrumental": 0.999999344349,
            "voice": 6.27871429515e-07
        },
        "probability": 0.999999344349,
        "value": "instrumental"
    }
},
"lowlevel": {
    "average_loudness": 0.892592191696,
    "barkbands_kurtosis": {
        "dmean": 7.96391534805,
        "dmean2": 12.6115026474,
        "dvar": 193.649185181,
        "dvar2": 568.355041504,
        "max": 214.965911865,
        "mean": 13.4495410919,
        "median": 5.76494550705,
        "min": -1.97359800339,
        "var": 554.070617676
    },
    "barkbands_skewness": {
        "dmean": 0.918676674366,
        "dmean2": 1.3199160099,
        "dvar": 0.865864396095,
        "dvar2": 2.25353741646,
        "max": 12.8130559921,
        "mean": 2.83179616928,
        "median": 2.56334280968,
        "min": -1.98662078381,
        "var": 4.31618881226
    },
    "barkbands_spread": {
        "dmean": 5.50448656082,
        "dmean2": 7.67705011368,
        "dvar": 29.1516666412,
        "dvar2": 55.9837722778,
        "max": 55.3330383301,
        "mean": 18.0659217834,
        "median": 16.1662826538,
        "min": 0.779905080795,
        "var": 133.349258423
    },
    "dissonance": {
        "dmean": 0.0120446868241,
        "dmean2": 0.0203887019306,
        "dvar": 0.000121142140415,
        "dvar2": 0.000358938996214,
        "max": 0.500000059605,
        "mean": 0.474234730005,
        "median": 0.476620793343,
        "min": 0.408085346222,
        "var": 0.000215564563405
    },
    "dynamic_complexity": 2.41044282913,
    "erbbands_kurtosis": {
        "dmean": 1.41767764091,
        "dmean2": 1.99952435493,
        "dvar": 15.1390199661,
        "dvar2": 23.8071498871,
        "max": 62.6382064819,
        "mean": 0.687507927418,
        "median": -0.327253699303,
        "min": -1.65756821632,
        "var": 27.0711250305
    },
    "erbbands_skewness": {
        "dmean": 0.423655718565,
        "dmean2": 0.604527235031,
        "dvar": 0.219953760505,
        "dvar2": 0.365688294172,
        "max": 1.66736352444,
        "mean": -0.697819650173,
        "median": -0.573278903961,
        "min": -7.40025568008,
        "var": 0.878648519516
    },
    "erbbands_spread": {
        "dmean": 7.79895114899,
        "dmean2": 11.6089601517,
        "dvar": 50.5937919617,
        "dvar2": 100.237052917,
        "max": 80.9680252075,
        "mean": 39.4400405884,
        "median": 38.7739486694,
        "min": 2.93273043633,
        "var": 206.212310791
    },
    "hfc": {
        "dmean": 10.1732225418,
        "dmean2": 14.5375537872,
        "dvar": 572.45135498,
        "dvar2": 963.947814941,
        "max": 465.062164307,
        "mean": 26.7964401245,
        "median": 20.9637184143,
        "min": 1.2327700309e-16,
        "var": 1134.94262695
    },
    "melbands_kurtosis": {
        "dmean": 17.1191864014,
        "dmean2": 26.646112442,
        "dvar": 547.502075195,
        "dvar2": 1560.14404297,
        "max": 302.324890137,
        "mean": 35.2085990906,
        "median": 21.7125358582,
        "min": -1.89452111721,
        "var": 1764.5279541
    },
    "melbands_skewness": {
        "dmean": 1.20033586025,
        "dmean2": 1.69771635532,
        "dvar": 1.31273949146,
        "dvar2": 3.23171019554,
        "max": 14.5510005951,
        "mean": 4.64160585403,
        "median": 4.36107254028,
        "min": -0.2405359447,
        "var": 6.4573340416
    },
    "melbands_spread": {
        "dmean": 6.77724266052,
        "dmean2": 9.57093811035,
        "dvar": 108.793167114,
        "dvar2": 201.365081787,
        "max": 143.976760864,
        "mean": 17.0622177124,
        "median": 10.9729290009,
        "min": 0.67425185442,
        "var": 328.373046875
    },
    "pitch_salience": {
        "dmean": 0.0620138756931,
        "dmean2": 0.0930061265826,
        "dvar": 0.00315896258689,
        "dvar2": 0.00783845130354,
        "max": 0.802562534809,
        "mean": 0.42833635211,
        "median": 0.412020564079,
        "min": 0.108562894166,
        "var": 0.0153382662684
    },
    "silence_rate_20dB": {
        "dmean": 0.00614439323545,
        "dmean2": 0.0123076923192,
        "dvar": 0.00610661739483,
        "dvar2": 0.0152331870049,
        "max": 1,
        "mean": 0.990797519684,
        "median": 1,
        "min": 0,
        "var": 0.00911782030016
    },
    "silence_rate_30dB": {
        "dmean": 0.129032254219,
        "dmean2": 0.258461534977,
        "dvar": 0.112383268774,
        "dvar2": 0.194736778736,
        "max": 1,
        "mean": 0.57515335083,
        "median": 1,
        "min": 0,
        "var": 0.244352638721
    },
    "silence_rate_60dB": {
        "dmean": 0.00614439323545,
        "dmean2": 0.0123076923192,
        "dvar": 0.00610664300621,
        "dvar2": 0.0121561931446,
        "max": 1,
        "mean": 0.0383435599506,
        "median": 0,
        "min": 0,
        "var": 0.0368736609817
    },
    "spectral_centroid": {
        "dmean": 226.514541626,
        "dmean2": 310.997711182,
        "dvar": 131419.046875,
        "dvar2": 110772.125,
        "max": 11129.7197266,
        "mean": 1369.16772461,
        "median": 1351.81225586,
        "min": 226.761688232,
        "var": 365747
    },
    "spectral_complexity": {
        "dmean": 2.97081422806,
        "dmean2": 4.61846160889,
        "dvar": 9.47226524353,
        "dvar2": 21.0052108765,
        "max": 51,
        "mean": 19.6441726685,
        "median": 20,
        "min": 0,
        "var": 57.1157264709
    },
    "spectral_crest": {
        "dmean": 2.42036175728,
        "dmean2": 3.36266517639,
        "dvar": 4.83995056152,
        "dvar2": 11.4789047241,
        "max": 25.5431175232,
        "mean": 14.3960933685,
        "median": 15.3773670197,
        "min": 3.34286546707,
        "var": 25.9602184296
    },
    "spectral_decrease": {
        "dmean": 1.02410329106e-08,
        "dmean2": 1.61580100411e-08,
        "dvar": 2.23654788088e-16,
        "dvar2": 6.89588368843e-16,
        "max": 2.23577836867e-28,
        "mean": -2.51663188067e-08,
        "median": -1.77005521351e-08,
        "min": -1.43222621318e-07,
        "var": 5.16226717863e-16
    },
    "spectral_energy": {
        "dmean": 0.0392304770648,
        "dmean2": 0.0617915503681,
        "dvar": 0.00324532436207,
        "dvar2": 0.00996866635978,
        "max": 0.544419467449,
        "mean": 0.0974140018225,
        "median": 0.0688027888536,
        "min": 1.10370967627e-20,
        "var": 0.00752234319225
    },
    "spectral_energyband_high": {
        "dmean": 9.54769493546e-05,
        "dmean2": 0.000140851945616,
        "dvar": 2.77229386114e-08,
        "dvar2": 6.47765929784e-08,
        "max": 0.00212340382859,
        "mean": 0.00025176719646,
        "median": 0.000178662070539,
        "min": 7.81598679495e-21,
        "var": 5.85990278523e-08
    },
    "spectral_energyband_low": {
        "dmean": 0.0366203598678,
        "dmean2": 0.0579731352627,
        "dvar": 0.00307353120297,
        "dvar2": 0.00961844623089,
        "max": 0.53953742981,
        "mean": 0.0790636241436,
        "median": 0.0513885319233,
        "min": 4.62329919533e-23,
        "var": 0.0070128403604
    },
    "spectral_energyband_middle_high": {
        "dmean": 0.00433067092672,
        "dmean2": 0.00620164209977,
        "dvar": 0.00011414376786,
        "dvar2": 0.00019889070245,
        "max": 0.195495724678,
        "mean": 0.00877168681473,
        "median": 0.00508846528828,
        "min": 1.52871984098e-21,
        "var": 0.00021376220684
    },
    "spectral_energyband_middle_low": {
        "dmean": 0.00298023270443,
        "dmean2": 0.00434655696154,
        "dvar": 1.56588284881e-05,
        "dvar2": 3.43243445968e-05,
        "max": 0.0590890310705,
        "mean": 0.0108115961775,
        "median": 0.00931374542415,
        "min": 2.0201235889e-22,
        "var": 5.29053031642e-05
    },
    "spectral_flatness_db": {
        "dmean": 0.02444043383,
        "dmean2": 0.0348262116313,
        "dvar": 0.000539503642358,
        "dvar2": 0.00130431016441,
        "max": 0.383839994669,
        "mean": 0.187622621655,
        "median": 0.180631607771,
        "min": 0.0353306718171,
        "var": 0.00412332778797
    },
    "spectral_flux": {
        "dmean": 0.0431362167001,
        "dmean2": 0.0671390146017,
        "dvar": 0.00244172289968,
        "dvar2": 0.00559286540374,
        "max": 0.451539605856,
        "mean": 0.113764360547,
        "median": 0.0909010320902,
        "min": 1.05057587629e-10,
        "var": 0.00571855437011
    },
    "spectral_kurtosis": {
        "dmean": 2.18112039566,
        "dmean2": 3.648696661,
        "dvar": 4.28327465057,
        "dvar2": 12.7521495819,
        "max": 30.6139221191,
        "mean": 6.53550672531,
        "median": 5.99311971664,
        "min": -1.21663141251,
        "var": 8.56956958771
    },
    "spectral_rms": {
        "dmean": 0.00179050152656,
        "dmean2": 0.00261607649736,
        "dvar": 4.15338627135e-06,
        "dvar2": 1.13491632874e-05,
        "max": 0.0230464953929,
        "mean": 0.00878483708948,
        "median": 0.00819286704063,
        "min": 3.28144781313e-12,
        "var": 1.78646459972e-05
    },
    "spectral_rolloff": {
        "dmean": 373.109375,
        "dmean2": 623.170349121,
        "dvar": 1210759.75,
        "dvar2": 2276179,
        "max": 19509.0820312,
        "mean": 882.728210449,
        "median": 269.165039062,
        "min": 64.599609375,
        "var": 3181848.75
    },
    "spectral_skewness": {
        "dmean": 0.245179891586,
        "dmean2": 0.399962991476,
        "dvar": 0.0448673516512,
        "dvar2": 0.123805433512,
        "max": 3.91376137733,
        "mean": 1.6264373064,
        "median": 1.5985250473,
        "min": -0.0359402559698,
        "var": 0.111516542733
    },
    "spectral_spread": {
        "dmean": 348622.5625,
        "dmean2": 475142.34375,
        "dvar": 4.12337648435e+12,
        "dvar2": 3.84951936614e+12,
        "max": 49616060,
        "mean": 3200884.25,
        "median": 3030540.25,
        "min": 1643248,
        "var": 5.87937769062e+12
    },
    "spectral_strongpeak": {
        "dmean": 0.608330786228,
        "dmean2": 1.10572683811,
        "dvar": 5.38367891312,
        "dvar2": 12.8323793411,
        "max": 28.0638847351,
        "mean": 0.831062376499,
        "median": 0.408186286688,
        "min": 0,
        "var": 5.92349720001
    },
    "zerocrossingrate": {
        "dmean": 0.00885056611151,
        "dmean2": 0.0103756012395,
        "dvar": 0.000576344435103,
        "dvar2": 0.00109458167572,
        "max": 0.5263671875,
        "mean": 0.0388153642416,
        "median": 0.0322265625,
        "min": 0.0048828125,
        "var": 0.00175944936927
    },
    "barkbands": {
        "dmean": [0.00618703756481, 0.0301197078079, 0.00268829218112, 0.0016166837886, 0.000933535164222, 0.000547021918464, 0.000592356082052, 0.000289906864055, 0.000445345038315, 0.000700075121131, 0.000474153435789, 0.000375319446903, 0.000457341579022, 0.00045150751248, 0.000181279538083, 0.000621902872808, 0.00262648123316, 0.00024407474848, 0.000127834136947, 5.85435591347e-05, 4.81454335386e-05, 2.45347328018e-05, 6.64081153445e-06, 4.27541408499e-06, 1.82247902103e-06, 5.25737505086e-07, 5.34348237125e-06],
        "dmean2": [0.0100177880377, 0.0484723821282, 0.00356445834041, 0.00204351078719, 0.00145861995406, 0.000605968758464, 0.000994931091554, 0.000375455419999, 0.000666645646561, 0.00117703946307, 0.000815881881863, 0.000646207190584, 0.00074585317634, 0.000804993847851, 0.000318426697049, 0.0009730400634, 0.00348844169639, 0.000407963176258, 0.00020827499975, 9.69340035226e-05, 7.49996179366e-05, 3.70362686226e-05, 1.07366213342e-05, 6.71377847539e-06, 2.74745775641e-06, 8.78684659256e-07, 9.10590279091e-06],
        "dvar": [9.97871902655e-05, 0.0025133616291, 1.74396373041e-05, 4.85911959913e-06, 1.68141605172e-06, 3.42286739397e-07, 7.65184381635e-07, 2.09552368347e-07, 1.02292278825e-06, 6.95377275406e-06, 2.63529022959e-06, 1.31183890062e-06, 1.37492236263e-06, 2.26660677072e-06, 6.23974074188e-07, 6.33009051398e-07, 9.75288639893e-05, 1.14992879219e-07, 4.00348767471e-08, 1.72664016418e-08, 9.9610417692e-09, 1.79680337276e-09, 1.60972596364e-10, 6.98532828802e-11, 1.42476724863e-11, 3.83799410439e-13, 2.11238422587e-11],
        "dvar2": [0.000271767668892, 0.0085702734068, 2.96171583614e-05, 8.69308951224e-06, 4.60472574559e-06, 4.89022909278e-07, 2.14775377572e-06, 4.45765635959e-07, 2.27297414312e-06, 1.83548345376e-05, 6.97828090779e-06, 3.56212444785e-06, 3.24795314555e-06, 6.48345303489e-06, 1.79884557383e-06, 1.40534712045e-06, 0.000156010195496, 2.94447346505e-07, 9.12317901225e-08, 3.83537290816e-08, 2.60930779206e-08, 3.97841670718e-09, 3.62493646211e-10, 1.64158825422e-10, 2.78166951279e-11, 8.83200088585e-13, 5.58665544381e-11],
        "max": [0.0853051990271, 0.433728158474, 0.0898357108235, 0.0387706980109, 0.0153908217326, 0.00890205521137, 0.00757865328342, 0.0102944253013, 0.0164458770305, 0.0382348373532, 0.0165048129857, 0.0200292225927, 0.0150817083195, 0.0191461108625, 0.0151336435229, 0.00827485043555, 0.190236464143, 0.00341999274679, 0.00237621669658, 0.00146560592111, 0.00126357295085, 0.000406080303947, 0.000299854524201, 0.000162135285791, 5.25814393768e-05, 1.08497042675e-05, 5.29462377017e-05],
        "mean": [0.00967752188444, 0.0601893477142, 0.00786803290248, 0.00470586773008, 0.00229681981727, 0.0013124657562, 0.000901535269804, 0.00070748681901, 0.000663685961626, 0.000710287771653, 0.000565713678952, 0.00056026323, 0.000587467860896, 0.000492570339702, 0.000247505813604, 0.00119825964794, 0.00381011934951, 0.000406400416978, 0.000217200125917, 0.000107032581582, 7.95627638581e-05, 4.62938769488e-05, 1.81483665074e-05, 1.17386953207e-05, 4.96947041029e-06, 7.55213250159e-07, 2.70402961178e-05],
        "median": [0.00502441823483, 0.0358060114086, 0.0044915350154, 0.00332808494568, 0.00188315031119, 0.000872343429364, 0.000548871816136, 0.000472981773783, 0.00041321280878, 0.000241877831286, 0.000107665910036, 8.04083247203e-05, 0.000211966005736, 0.000178495654836, 0.000129955529701, 0.000738487113267, 0.00134063279256, 0.000282965687802, 0.000138546514791, 5.88019029237e-05, 4.82165341964e-05, 2.70404543699e-05, 1.00274110082e-05, 6.71038378641e-06, 2.62117282546e-06, 4.52823940122e-07, 2.84751004074e-05],
        "min": [2.68755759622e-24, 1.86001284548e-23, 9.9751808564e-24, 1.26189890157e-23, 2.45665516937e-23, 2.46063939025e-23, 1.94498357793e-23, 3.84337892407e-23, 4.44087069338e-23, 4.75823101327e-23, 9.65927488047e-23, 7.0244308632e-23, 6.68446210531e-23, 7.24396517333e-23, 8.86377492187e-23, 1.43481795352e-22, 1.15625046818e-22, 2.18319615792e-22, 2.3873157473e-22, 3.43982482177e-22, 3.09044728831e-22, 3.66463377145e-22, 6.95655512522e-22, 8.94102169632e-22, 1.01986421792e-21, 1.68079707738e-21, 2.33933725229e-21],
        "var": [0.000151360436575, 0.00448333425447, 0.000110585198854, 2.10681591852e-05, 3.56920281774e-06, 1.84640362022e-06, 1.18297691643e-06, 6.79164827488e-07, 1.23904214888e-06, 5.34467653779e-06, 2.79115010926e-06, 3.00424994748e-06, 1.65319329426e-06, 1.57591443894e-06, 5.46774458599e-07, 1.73917646862e-06, 0.000177173977136, 1.8647445188e-07, 6.07500467709e-08, 2.66262727422e-08, 1.14571747645e-08, 3.28680327399e-09, 8.99198659976e-10, 2.69616856619e-10, 5.39960888502e-11, 1.00394681717e-12, 1.0850489951e-10]
    },
    "erbbands": {
        "dmean": [1.51331746578, 4.44797086716, 3.95743823051, 4.21777200699, 5.34547805786, 2.60631656647, 1.91624569893, 6.52541255951, 6.81090831757, 8.76025104523, 3.51759386063, 12.4629297256, 20.2393951416, 14.3429908752, 21.3323059082, 15.2020626068, 20.522983551, 20.2913990021, 15.2783050537, 16.4632320404, 92.8318481445, 75.3999252319, 22.2419586182, 5.80827474594, 5.68275737762, 2.84243535995, 2.50715303421, 1.06669282913, 1.1164201498, 0.311375111341, 0.19850179553, 0.0941861718893, 0.0702691972256, 0.028688468039, 0.00917136389762, 0.00230366364121, 0.00113634450827, 0.00841205753386, 0.000250330223935, 4.33717177657e-05],
        "dmean2": [2.37262701988, 7.43587350845, 5.85640907288, 5.47534608841, 7.54116678238, 4.1880979538, 2.63636636734, 6.89337158203, 11.7237205505, 12.9229278564, 5.16134262085, 18.9715309143, 34.7601013184, 23.3414077759, 36.4168319702, 25.6215858459, 33.7227554321, 34.2988853455, 27.0708351135, 25.1061210632, 128.471481323, 100.81678009, 34.8134269714, 8.89067077637, 9.50454044342, 4.54864597321, 3.82550263405, 1.67308354378, 1.70394790173, 0.46768578887, 0.314595192671, 0.147657722235, 0.114130586386, 0.041380956769, 0.0147053766996, 0.00357240904123, 0.00192723236978, 0.0143378358334, 0.000428704981459, 6.86438797857e-05],
        "dvar": [4.82906770706, 80.396736145, 29.8943786621, 38.6775436401, 56.9199905396, 12.3628158569, 5.66496086121, 47.3472709656, 91.3510284424, 144.126968384, 20.447845459, 849.235412598, 8635.91210938, 1057.89318848, 4864.54882812, 1993.45043945, 2951.80810547, 3119.11474609, 2945.48144531, 666.809997559, 115719.101562, 59630.1132812, 1062.80969238, 80.2090072632, 118.995010376, 34.4506187439, 26.0702400208, 5.09121370316, 3.91140699387, 0.282440602779, 0.181320980191, 0.0275787785649, 0.0204321946949, 0.00435092905536, 0.000240563240368, 1.7862608729e-05, 9.53797780312e-07, 5.13798040629e-05, 4.37659117836e-08, 3.80112208376e-09],
        "dvar2": [15.1124505997, 290.901855469, 72.8734970093, 62.4972839355, 134.430587769, 30.5735645294, 14.1853399277, 58.0672607422, 268.396331787, 327.775634766, 49.478717804, 1975.41333008, 23212.0351562, 2747.44848633, 12882.6875, 5382.04296875, 7164.20019531, 8526.62402344, 8580.578125, 1424.57995605, 190364.1875, 95641.9296875, 2467.06005859, 196.361953735, 286.692474365, 77.8871307373, 65.0543823242, 13.2843198776, 8.94687271118, 0.526495993137, 0.450936228037, 0.05576730147, 0.0503507517278, 0.00805065408349, 0.000581067230087, 3.28167589032e-05, 2.49821982834e-06, 0.000135480149765, 1.17161867763e-07, 1.16894929292e-08],
        "max": [17.781867981, 94.4866333008, 81.8017425537, 113.41506958, 121.089332581, 34.2282905579, 23.1056079865, 110.680297852, 78.0988082886, 238.896499634, 69.544128418, 468.916564941, 1383.98791504, 361.072479248, 836.099914551, 793.378112793, 740.224853516, 706.866271973, 763.815795898, 409.994598389, 6698.984375, 4643.92138672, 502.134796143, 112.895294189, 113.948402405, 69.355682373, 53.4705619812, 32.5429649353, 19.2328510284, 9.84153556824, 10.5521259308, 3.3330924511, 2.59841990471, 0.974624276161, 0.219775959849, 0.09218993783, 0.0122085837647, 0.0831691250205, 0.00252147880383, 0.000603979919106],
        "mean": [2.89658689499, 8.57319545746, 10.0620450974, 12.9050416946, 13.8407554626, 5.73118591309, 5.14807605743, 16.1448497772, 11.0173902512, 18.9435367584, 9.25674247742, 18.4453697205, 20.0889606476, 18.3299484253, 27.3499183655, 22.914440155, 26.8435230255, 25.9045715332, 18.7783031464, 34.6385650635, 146.114532471, 119.833778381, 41.3656158447, 11.5547447205, 8.67146968842, 5.48071193695, 4.30823802948, 1.99991559982, 1.93477809429, 0.745037078857, 0.529378890991, 0.278319209814, 0.183479428291, 0.0740030631423, 0.0252004284412, 0.00512828445062, 0.00565259205177, 0.0427556708455, 0.00131533562671, 0.000129083317006],
        "median": [1.71558976173, 4.66243648529, 5.76411342621, 8.5429353714, 10.3152093887, 4.62692260742, 4.16810369492, 10.6821241379, 7.84947729111, 13.0502967834, 7.5962843895, 11.5523204803, 5.80646848679, 7.13974285126, 5.73891592026, 4.07921886444, 10.218624115, 10.0356397629, 8.62440395355, 22.1380348206, 66.6723327637, 48.5571784973, 26.9036426544, 7.80761003494, 5.55616950989, 3.36543917656, 2.31405639648, 1.43599843979, 1.09793829918, 0.433973073959, 0.300532698631, 0.161169797182, 0.104697674513, 0.0364871621132, 0.0144989099354, 0.00258179428056, 0.00592496525496, 0.045310780406, 0.00139591423795, 9.81221528491e-05],
        "min": [6.16884684044e-22, 3.81276988401e-21, 1.48301189213e-20, 3.10506670599e-20, 5.00204032788e-20, 7.48198434986e-20, 8.61069879132e-20, 2.71435078709e-19, 2.06490957468e-19, 5.74414069692e-19, 1.03171301313e-18, 9.1908368733e-19, 1.32032222251e-18, 3.07898110009e-18, 3.61276136975e-18, 2.99884260157e-18, 2.97248780007e-18, 3.97106126952e-18, 6.32908601658e-18, 5.39219685297e-18, 6.89610178287e-18, 7.96822256892e-18, 1.22020530629e-17, 8.46334806817e-18, 1.25204406709e-17, 1.57838567846e-17, 1.22306164366e-17, 1.22103513388e-17, 1.35577574191e-17, 1.77182285732e-17, 1.78921648037e-17, 2.05396920118e-17, 1.18981758571e-17, 1.11959433576e-17, 7.99461707508e-18, 5.71066345675e-18, 3.22357206437e-18, 9.96955090581e-19, 3.12884272023e-19, 3.68756244659e-20],
        "var": [10.3454122543, 131.84274292, 133.524108887, 235.092575073, 183.099136353, 23.2949886322, 17.3422355652, 280.228271484, 125.898750305, 376.982055664, 55.5192070007, 927.83026123, 6128.06054688, 1268.80493164, 5691.48535156, 4410.75878906, 3337.7265625, 2855.67602539, 2210.91479492, 1649.52783203, 209071.75, 116938.210938, 2621.27954102, 144.95249939, 133.827285767, 55.1168403625, 35.3764572144, 5.87397480011, 6.34771299362, 1.30088102818, 0.75989562273, 0.161558881402, 0.0639488697052, 0.0158107317984, 0.0010009072721, 7.43098717066e-05, 4.745073511e-06, 0.000269945012406, 2.3776563296e-07, 8.89848461583e-09]
    },
    "gfcc": {
        "mean": [1.36211955547, 115.233718872, -103.384979248, 39.2436447144, -8.81037712097, -1.98732936382, -18.5620079041, 9.33679771423, 2.84345912933, -3.55901360512, -12.8963718414, 5.11061191559, -10.4340143204],
        "cov": [[14197.5810547, 945.948364258, -989.781494141, 348.636413574, -143.768844604, 22.0367050171, -62.678150177, -107.709121704, -160.054992676, -142.587432861, 39.6612358093, 194.591156006, 91.4780502319], [945.948364258, 370.62991333, 98.0475540161, 76.0448913574, 90.0330047607, -77.7032470703, 39.0110282898, 15.2546367645, 98.94896698, 4.04488229752, -28.4082965851, -22.197479248, -17.3614883423], [-989.781494141, 98.0475540161, 356.888092041, 69.538734436, 87.901184082, -70.5487060547, 12.9451665878, 38.9026603699, 116.290878296, 25.0062427521, -37.6219367981, -35.4119911194, -22.090631485], [348.636413574, 76.0448913574, 69.538734436, 125.434310913, 75.5662536621, -13.4002151489, 16.9737319946, 6.21014642715, 42.6288986206, 8.0619802475, -0.523373603821, -5.89254045486, -4.37178850174], [-143.768844604, 90.0330047607, 87.901184082, 75.5662536621, 151.003311157, -4.57625389099, 26.4698486328, 33.2494468689, 74.2576599121, 19.1436443329, -2.70740914345, -2.56909704208, -0.327095091343], [22.0367050171, -77.7032470703, -70.5487060547, -13.4002151489, -4.57625389099, 206.708328247, 82.335319519, -13.0250110626, -80.0819091797, 10.980682373, 45.6191062927, -35.6319389343, 2.17257094383], [-62.678150177, 39.0110282898, 12.9451665878, 16.9737319946, 26.4698486328, 82.335319519, 139.723007202, 1.55629706383, -16.5773067474, 21.6986465454, 19.0417442322, -43.6022186279, -6.40326023102], [-107.709121704, 15.2546367645, 38.9026603699, 6.21014642715, 33.2494468689, -13.0250110626, 1.55629706383, 81.9117126465, 61.0972366333, 5.27142047882, -12.5962877274, -0.961733102798, -4.56648111343], [-160.054992676, 98.94896698, 116.290878296, 42.6288986206, 74.2576599121, -80.0819091797, -16.5773067474, 61.0972366333, 157.287460327, 26.8119659424, -31.2047576904, -1.80998194218, -5.4844918251], [-142.587432861, 4.04488229752, 25.0062427521, 8.0619802475, 19.1436443329, 10.980682373, 21.6986465454, 5.27142047882, 26.8119659424, 74.4728088379, 14.6514463425, -17.0069313049, -6.33259391785], [39.6612358093, -28.4082965851, -37.6219367981, -0.523373603821, -2.70740914345, 45.6191062927, 19.0417442322, -12.5962877274, -31.2047576904, 14.6514463425, 70.5400466919, 16.8036155701, 9.04180049896], [194.591156006, -22.197479248, -35.4119911194, -5.89254045486, -2.56909704208, -35.6319389343, -43.6022186279, -0.961733102798, -1.80998194218, -17.0069313049, 16.8036155701, 67.5148086548, 27.3396148682], [91.4780502319, -17.3614883423, -22.090631485, -4.37178850174, -0.327095091343, 2.17257094383, -6.40326023102, -4.56648111343, -5.4844918251, -6.33259391785, 9.04180049896, 27.3396148682, 46.0397109985]],
        "icov": [[0.000240990135353, -0.000984775833786, 0.000787430966739, -0.00122118345462, 0.000882978085428, -0.000468060141429, 0.000305252498947, -0.000324080028804, 0.000223277587793, -0.000208375451621, 0.000433106324635, -0.000828495714813, -0.000144793986692], [-0.000984775833786, 0.00835651345551, -0.00285601825453, 0.00413541728631, -0.00497207418084, 0.00380272115581, -0.00330848316662, 0.00290267774835, -0.00314942281693, 0.00233735702932, -0.00196309550665, 0.00462636351585, 0.00132781476714], [0.000787430966739, -0.00285601825453, 0.00694942753762, -0.00490223662928, 0.00168903940357, -0.000201238653972, 0.000564332003705, -0.000830363773275, -0.00134140672162, -0.000523966446053, 0.00154903694056, -0.000153102490003, -0.00020016610506], [-0.00122118345462, 0.00413541728631, -0.00490223662928, 0.018620589748, -0.00986007601023, 0.00273311231285, -0.00179920101073, 0.00384541903622, -0.00187332066707, 0.00203470257111, -0.00364388618618, 0.00473936693743, 0.00129197200295], [0.000882978085428, -0.00497207418084, 0.00168903940357, -0.00986007601023, 0.0164478179067, -0.00442008161917, -0.000147802842548, -0.00292518455535, -0.00278097367845, -0.00191909121349, 0.00222104066052, -0.00681562069803, -0.000724636192899], [-0.000468060141429, 0.00380272115581, -0.000201238653972, 0.00273311231285, -0.00442008161917, 0.0120692523196, -0.00405004713684, -0.00126136501785, 0.00348917488009, 0.00108707882464, -0.00594442384318, 0.00914290826768, -0.00245905737393], [0.000305252498947, -0.00330848316662, 0.000564332003705, -0.00179920101073, -0.000147802842548, -0.00405004713684, 0.0134578766301, -0.00218737823889, 0.00255746906623, -0.00171324820258, -0.00220406381413, 0.00610124971718, -0.00303058023565], [-0.000324080028804, 0.00290267774835, -0.000830363773275, 0.00384541903622, -0.00292518455535, -0.00126136501785, -0.00218737823889, 0.0199760813266, -0.0100861508399, 0.00276567763649, 0.000625351036433, -0.00111791968811, 0.0031410374213], [0.000223277587793, -0.00314942281693, -0.00134140672162, -0.00187332066707, -0.00278097367845, 0.00348917488009, 0.00255746906623, -0.0100861508399, 0.0189183782786, -0.0062221926637, 0.00302494410425, -0.000147453029058, -0.00239060376771], [-0.000208375451621, 0.00233735702932, -0.000523966446053, 0.00203470257111, -0.00191909121349, 0.00108707882464, -0.00171324820258, 0.00276567763649, -0.0062221926637, 0.0188110824674, -0.00739297177643, 0.00696785468608, 0.000368737382814], [0.000433106324635, -0.00196309550665, 0.00154903694056, -0.00364388618618, 0.00222104066052, -0.00594442384318, -0.00220406381413, 0.000625351036433, 0.00302494410425, -0.00739297177643, 0.0246717594564, -0.0146061442792, 0.00201985123567], [-0.000828495714813, 0.00462636351585, -0.000153102490003, 0.00473936693743, -0.00681562069803, 0.00914290826768, 0.00610124971718, -0.00111791968811, -0.000147453029058, 0.00696785468608, -0.0146061442792, 0.0391795039177, -0.0154313249514], [-0.000144793986692, 0.00132781476714, -0.00020016610506, 0.00129197200295, -0.000724636192899, -0.00245905737393, -0.00303058023565, 0.0031410374213, -0.00239060376771, 0.000368737382814, 0.00201985123567, -0.0154313249514, 0.031069163233]]
    },
    "melbands": {
        "dmean": [0.0105468593538, 0.00327483005822, 0.000760756141972, 0.000247218005825, 8.21804496809e-05, 0.000127794846776, 0.000116893555969, 9.26808424992e-05, 2.61270743067e-05, 8.20629720693e-05, 0.000104278289655, 6.14346427028e-05, 6.9342488132e-05, 5.04414565512e-05, 3.54281619366e-05, 5.08146404172e-05, 4.20017167926e-05, 3.01195923385e-05, 1.16984374472e-05, 4.73962027172e-05, 0.000155425805133, 0.000105539351352, 4.13611123804e-05, 8.67435392138e-06, 4.8026568038e-06, 6.19099955657e-06, 2.29533088714e-06, 2.04237289836e-06, 1.98352699954e-06, 1.19526043818e-06, 4.2799217681e-07, 9.59994508776e-07, 1.65997775525e-07, 1.63388037322e-07, 1.51255505898e-07, 7.11235301765e-08, 6.87227128537e-08, 6.34865457982e-08, 3.36496874809e-08, 2.38642492434e-08],
        "dmean2": [0.0168698392808, 0.00522365840152, 0.00097290641861, 0.000369300832972, 0.000111085188109, 0.000137148919748, 0.000198907509912, 0.000133278386784, 3.90953027818e-05, 0.000124194295495, 0.000179769427632, 9.90177941276e-05, 0.000119096257549, 8.78644932527e-05, 6.01677893428e-05, 8.11388745205e-05, 7.2862538218e-05, 5.32602971361e-05, 1.99999121833e-05, 7.24175479263e-05, 0.0002123634913, 0.000140044343425, 6.18206468062e-05, 1.45197545862e-05, 7.41626581657e-06, 1.03340862552e-05, 3.78768959308e-06, 3.2781902064e-06, 2.95670747619e-06, 2.02330807042e-06, 6.59033162265e-07, 1.48448020809e-06, 2.5965431405e-07, 2.62914340965e-07, 2.38769644056e-07, 1.20530998515e-07, 1.09004758997e-07, 1.08621094341e-07, 5.26555119507e-08, 3.67184220806e-08],
        "dvar": [0.000264516478637, 3.18212260026e-05, 1.1215156519e-06, 1.26968018321e-07, 9.04361119325e-09, 1.83370634232e-08, 2.84680190532e-08, 1.69428666652e-08, 1.07714281938e-09, 3.76997739693e-08, 2.2488248419e-07, 1.74018381927e-08, 5.53251986446e-08, 2.94696178571e-08, 1.25312036303e-08, 1.88431759085e-08, 1.40080080868e-08, 1.22931735902e-08, 2.21525309207e-09, 4.67041960661e-09, 3.78896743314e-07, 1.62883239341e-07, 7.48961959118e-09, 1.80304812747e-10, 6.62632101966e-11, 1.10269335329e-10, 4.55594832693e-11, 1.26922855906e-11, 1.42588380339e-11, 6.54086377075e-12, 9.00642082614e-13, 3.10268520945e-12, 9.00812627616e-14, 9.61369994571e-14, 1.02990370138e-13, 1.6994284601e-14, 1.47404349604e-14, 1.79722993351e-14, 5.46403505395e-15, 3.29129347677e-15],
        "dvar2": [0.000868896138854, 0.00010632215708, 1.87357295545e-06, 3.20366495998e-07, 2.13813677874e-08, 2.34806059041e-08, 8.29890964837e-08, 3.75425628363e-08, 2.55749710298e-09, 8.57080806327e-08, 6.02139778039e-07, 4.42319638694e-08, 1.43712227896e-07, 8.4495937358e-08, 3.38089733987e-08, 4.25536015314e-08, 3.90329120137e-08, 3.58525120703e-08, 5.85960480137e-09, 9.705498627e-09, 6.18607714387e-07, 2.57324302311e-07, 1.56293076259e-08, 4.63723809352e-10, 1.67236863247e-10, 2.61202143248e-10, 1.08951646316e-10, 2.9378863925e-11, 3.2788168014e-11, 1.77416917962e-11, 2.32216416235e-12, 7.15005745583e-12, 1.73470463796e-13, 2.15572704002e-13, 2.63851982797e-13, 4.10219547133e-14, 3.33339076014e-14, 4.93439687168e-14, 1.11342235277e-14, 7.22456254163e-15],
        "max": [0.131867289543, 0.0673260614276, 0.0168135948479, 0.00489790318534, 0.00089247757569, 0.00213950639591, 0.00135949987452, 0.00278930622153, 0.00034689612221, 0.00317584280856, 0.00703735789284, 0.00131509557832, 0.00272316578776, 0.00286621437408, 0.00149266747758, 0.00194039277267, 0.00130581157282, 0.00138140621129, 0.00088423397392, 0.000805959163699, 0.0120330527425, 0.00774045847356, 0.00159870903008, 0.000145846162923, 0.00010662535351, 0.00015063698811, 6.16120742052e-05, 4.96771936014e-05, 3.38166864822e-05, 3.18954844261e-05, 1.42655853779e-05, 1.70179482666e-05, 5.95046594754e-06, 5.20952789884e-06, 7.63469142839e-06, 2.47391062658e-06, 1.97092572307e-06, 2.21098184738e-06, 1.02402373159e-06, 8.64649280174e-07],
        "mean": [0.020431753248, 0.00744547368959, 0.00247262953781, 0.0006371223717, 0.000218440807657, 0.000311675481498, 0.000178746311576, 0.000208252065931, 6.42677841824e-05, 0.000117075804155, 0.000100858465885, 7.52031410229e-05, 8.40223729028e-05, 7.54125794629e-05, 4.45865916845e-05, 6.51510054013e-05, 4.66762685392e-05, 3.31496667059e-05, 1.71910669451e-05, 8.87061250978e-05, 0.000223025039304, 0.000155312518473, 7.32355765649e-05, 1.39790272442e-05, 8.37433162815e-06, 8.99919450603e-06, 3.22789719576e-06, 3.73492594008e-06, 3.17714420817e-06, 1.85492228866e-06, 7.99789518169e-07, 1.52759207594e-06, 3.56381491429e-07, 3.75665962338e-07, 3.64295772215e-07, 1.74693724375e-07, 1.71133777371e-07, 1.4595620712e-07, 8.06272737464e-08, 5.51079928357e-08],
        "median": [0.0128510538489, 0.00414741784334, 0.00175305223092, 0.000508277211338, 0.000171229010448, 0.000201279646717, 0.000113898087875, 0.000139595213113, 5.38100612175e-05, 6.9995468948e-05, 2.6470010198e-05, 3.00023857562e-05, 1.50288360601e-05, 1.25927854242e-05, 1.13880887511e-05, 2.40469016717e-05, 1.63117510965e-05, 1.26971517602e-05, 8.81014148035e-06, 4.89718040626e-05, 8.13307706267e-05, 5.49878677703e-05, 3.66245367331e-05, 8.86777525011e-06, 5.06219294039e-06, 5.87023941989e-06, 1.14075578495e-06, 2.4461742214e-06, 1.38995028465e-06, 1.34788183459e-06, 4.9478001074e-07, 8.46056195769e-07, 1.97207668862e-07, 1.96991948087e-07, 2.15652107727e-07, 8.92628833071e-08, 9.85827952604e-08, 8.0362042354e-08, 4.36669971293e-08, 2.53907934677e-08],
        "min": [5.82989587089e-24, 6.7977958583e-24, 4.83210712707e-24, 3.79803078162e-24, 4.75054916466e-24, 5.62567200987e-24, 3.60525013689e-24, 6.62909558713e-24, 9.55110579983e-24, 5.40152743884e-24, 6.95071338933e-24, 1.20841965422e-23, 1.31589927043e-23, 8.47148811989e-24, 7.91297854329e-24, 5.76600681504e-24, 7.01164342793e-24, 9.18654083223e-24, 4.46039310752e-24, 1.01076968667e-23, 7.64367089658e-24, 6.24471206701e-24, 1.24660549186e-23, 8.13310386801e-24, 6.16899877505e-24, 1.04034676413e-23, 8.73850254795e-24, 8.84536322389e-24, 7.48262020962e-24, 6.86331075648e-24, 6.99800086743e-24, 7.47909084593e-24, 7.24739608718e-24, 9.02673496777e-24, 1.02602578326e-23, 1.02931525435e-23, 1.32092557657e-23, 7.80644603349e-24, 8.72557232885e-24, 9.56432158658e-24],
