{
"metadata": {
    "version": {
        "essentia": "2.0.1",
        "extractor": "archive-music 1.0"
    },
    "audio_properties": {
        "analysis_sample_rate": 44100,
        "bitrate": 128,
        "channels": 2,
        "equal_loudness": 0,
        "length": 15.0204086304,
        "replay_gain": -5.14490890503,
        "downmix": "mix"
    },
    "tags": {
        "track": 0,
        "year": 2008,
        "album": "Soundtrack360",
        "artist": "Experiment - Soundtrack 360",
        "comment": "",
        "genre": "",
        "title": "146"
    }
},
"highlevel": {
    "culture": {
        "all": {
            "non_western": 7.93527760834e-06,
            "western": 0.999992072582
        },
        "probability": 0.999992072582,
        "value": "western"
    },
    "danceability": {
        "all": {
            "danceable": 0.192221298814,
            "not_danceable": 0.807778716087
        },
        "probability": 0.807778716087,
        "value": "not_danceable"
    },
    "gender": {
        "all": {
            "female": 0.400509387255,
            "male": 0.599490582943
        },
        "probability": 0.599490582943,
        "value": "male"
    },
    "genre_dortmund": {
        "all": {
            "alternative": 0.0727553069592,
            "blues": 0.0732095316052,
            "electronic": 0.162872061133,
            "folkcountry": 0.185688152909,
            "funksoulrnb": 0.0201160628349,
            "jazz": 0.204871982336,
            "pop": 0.0941402763128,
            "raphiphop": 0.0349315553904,
            "rock": 0.151415079832
        },
        "probability": 0.204871982336,
        "value": "jazz"
    },
    "genre_electronic": {
        "all": {
            "ambient": 0.90251749754,
            "dnb": 0.0158990006894,
            "house": 0.0394104719162,
            "techno": 0.0317897163332,
            "trance": 0.0103833256289
        },
        "probability": 0.90251749754,
        "value": "ambient"
    },
    "genre_rosamerica": {
        "all": {
            "cla": 0.546136856079,
            "dan": 0.0387357883155,
            "hip": 0.0375644341111,
            "jaz": 0.0437988676131,
            "pop": 0.113212168217,
            "rhy": 0.146304503083,
            "roc": 0.0302351079881,
            "spe": 0.0440122634172
        },
        "probability": 0.546136856079,
        "value": "cla"
    },
    "genre_tzanetakis": {
        "all": {
            "blu": 0.0435381308198,
            "cla": 0.0903779342771,
            "cou": 0.0281480830163,
            "dis": 0.0564772337675,
            "hip": 0.0784491151571,
            "jaz": 0.0555696934462,
            "met": 0.011293082498,
            "pop": 0.231403782964,
            "reg": 0.249609336257,
            "roc": 0.155133605003
        },
        "probability": 0.249609336257,
        "value": "reg"
    },
    "mirex_ballroom": {
        "all": {
            "ChaChaCha": 0.0397293753922,
            "Jive": 0.00947732571512,
            "Quickstep": 0.0403712838888,
            "Rumba-American": 0.00717963697389,
            "Rumba-International": 0.12012937665,
            "Rumba-Misc": 0.0566562116146,
            "Samba": 0.00555977225304,
            "Tango": 0.0495652370155,
            "VienneseWaltz": 0.417980968952,
            "Waltz": 0.253350824118
        },
        "probability": 0.417980968952,
        "value": "VienneseWaltz"
    },
    "mood_acoustic": {
        "all": {
            "acoustic": 0.774671375751,
            "not_acoustic": 0.225328609347
        },
        "probability": 0.774671375751,
        "value": "acoustic"
    },
    "mood_aggressive": {
        "all": {
            "aggressive": 0.0754984393716,
            "not_aggressive": 0.924501538277
        },
        "probability": 0.924501538277,
        "value": "not_aggressive"
    },
    "mood_electronic": {
        "all": {
            "electronic": 0.396014004946,
            "not_electronic": 0.603986024857
        },
        "probability": 0.603986024857,
        "value": "not_electronic"
    },
    "mood_happy": {
        "all": {
            "happy": 0.308138519526,
            "not_happy": 0.691861450672
        },
        "probability": 0.691861450672,
        "value": "not_happy"
    },
    "mood_party": {
        "all": {
            "not_party": 0.791835546494,
            "party": 0.208164468408
        },
        "probability": 0.791835546494,
        "value": "not_party"
    },
    "mood_relaxed": {
        "all": {
            "not_relaxed": 0.0641836971045,
            "relaxed": 0.935816287994
        },
        "probability": 0.935816287994,
        "value": "relaxed"
    },
    "mood_sad": {
        "all": {
            "not_sad": 0.217764496803,
            "sad": 0.782235503197
        },
        "probability": 0.782235503197,
        "value": "sad"
    },
    "moods_mirex": {
        "all": {
            "Cluster1": 0.214549615979,
            "Cluster2": 0.238535135984,
            "Cluster3": 0.203195944428,
            "Cluster4": 0.250847935677,
            "Cluster5": 0.0928713753819
        },
        "probability": 0.250847935677,
        "value": "Cluster4"
    },
    "timbre": {
        "all": {
            "bright": 0.919513404369,
            "dark": 0.0804865658283
        },
        "probability": 0.919513404369,
        "value": "bright"
    },
    "tonal_atonal": {
        "all": {
            "atonal": 0.429627120495,
            "tonal": 0.570372879505
        },
        "probability": 0.570372879505,
        "value": "tonal"
    },
    "voice_instrumental": {
        "all": {
            "instrumental": 0.680276453495,
            "voice": 0.319723516703
        },
        "probability": 0.680276453495,
        "value": "instrumental"
    }
},
"lowlevel": {
    "average_loudness": 0.95669311285,
    "barkbands_kurtosis": {
        "dmean": 3.57993173599,
        "dmean2": 6.00153875351,
        "dvar": 21.2453632355,
        "dvar2": 59.9536857605,
        "max": 71.1345291138,
        "mean": 7.3003616333,
        "median": 5.74815607071,
        "min": -1.57771289349,
        "var": 42.3260650635
    },
    "barkbands_skewness": {
        "dmean": 0.537978231907,
        "dmean2": 0.881938934326,
        "dvar": 0.229343473911,
        "dvar2": 0.596850752831,
        "max": 6.8918299675,
        "mean": 1.8937445879,
        "median": 1.84991705418,
        "min": -2.21283602715,
        "var": 0.992328226566
    },
    "barkbands_spread": {
        "dmean": 2.87297558784,
        "dmean2": 4.50498771667,
        "dvar": 50.8057518005,
        "dvar2": 137.627883911,
        "max": 121.473587036,
        "mean": 8.88093280792,
        "median": 5.58719873428,
        "min": 0.746982336044,
        "var": 114.951690674
    },
    "dissonance": {
        "dmean": 0.024811822921,
        "dmean2": 0.041703235358,
        "dvar": 0.000454080145573,
        "dvar2": 0.00117297028191,
        "max": 0.499999850988,
        "mean": 0.443800985813,
        "median": 0.446036607027,
        "min": 0.316271603107,
        "var": 0.00110872811638
    },
    "dynamic_complexity": 6.24923992157,
    "erbbands_kurtosis": {
        "dmean": 0.907659769058,
        "dmean2": 1.41718840599,
        "dvar": 0.989733338356,
        "dvar2": 1.88438773155,
        "max": 12.8544578552,
        "mean": 0.751801967621,
        "median": 0.293408989906,
        "min": -1.4772387743,
        "var": 3.08536195755
    },
    "erbbands_skewness": {
        "dmean": 0.342926323414,
        "dmean2": 0.532225012779,
        "dvar": 0.0742052197456,
        "dvar2": 0.152667909861,
        "max": 2.53917312622,
        "mean": 0.800812542439,
        "median": 0.808527171612,
        "min": -0.812861025333,
        "var": 0.320867031813
    },
    "erbbands_spread": {
        "dmean": 4.58797645569,
        "dmean2": 6.79596281052,
        "dvar": 24.2121715546,
        "dvar2": 47.1217002869,
        "max": 93.0991516113,
        "mean": 24.5024967194,
        "median": 21.0741729736,
        "min": 5.4207444191,
        "var": 158.719726562
    },
    "hfc": {
        "dmean": 2.82335782051,
        "dmean2": 3.48431372643,
        "dvar": 47.9191703796,
        "dvar2": 100.750572205,
        "max": 114.178260803,
        "mean": 7.16171741486,
        "median": 3.17704868317,
        "min": 1.15884575982e-16,
        "var": 121.268913269
    },
    "melbands_kurtosis": {
        "dmean": 5.56592226028,
        "dmean2": 9.3238067627,
        "dvar": 42.4046363831,
        "dvar2": 115.461769104,
        "max": 83.9307861328,
        "mean": 11.8814020157,
        "median": 9.91177940369,
        "min": -1.40171217918,
        "var": 78.7779541016
    },
    "melbands_skewness": {
        "dmean": 0.63503330946,
        "dmean2": 1.0348521471,
        "dvar": 0.321211308241,
        "dvar2": 0.810417890549,
        "max": 7.3091635704,
        "mean": 2.49693346024,
        "median": 2.43886470795,
        "min": -0.423198610544,
        "var": 0.991342425346
    },
    "melbands_spread": {
        "dmean": 3.09174609184,
        "dmean2": 4.69590950012,
        "dvar": 49.5824966431,
        "dvar2": 68.1748199463,
        "max": 172.462356567,
        "mean": 10.7853088379,
        "median": 5.94680929184,
        "min": 0.771255075932,
        "var": 401.870910645
    },
    "pitch_salience": {
        "dmean": 0.0889119058847,
        "dmean2": 0.148955181241,
        "dvar": 0.0057494295761,
        "dvar2": 0.0156010491773,
        "max": 0.850424230099,
        "mean": 0.582481384277,
        "median": 0.59434235096,
        "min": 0.191259399056,
        "var": 0.0135969780385
    },
    "silence_rate_20dB": {
        "dmean": 0,
        "dmean2": 0,
        "dvar": 0,
        "dvar2": 0,
        "max": 1,
        "mean": 1,
        "median": 1,
        "min": 1,
        "var": 0
    },
    "silence_rate_30dB": {
        "dmean": 0.0185471400619,
        "dmean2": 0.0371517017484,
        "dvar": 0.0182031858712,
        "dvar2": 0.0419635549188,
        "max": 1,
        "mean": 0.981481492519,
        "median": 1,
        "min": 0,
        "var": 0.0181756298989
    },
    "silence_rate_60dB": {
        "dmean": 0.0432766601443,
        "dmean2": 0.0866873040795,
        "dvar": 0.0414038971066,
        "dvar2": 0.0977486819029,
        "max": 1,
        "mean": 0.209876537323,
        "median": 0,
        "min": 0,
        "var": 0.165826812387
    },
    "spectral_centroid": {
        "dmean": 118.544166565,
        "dmean2": 168.154602051,
        "dvar": 112372.078125,
        "dvar2": 138657.875,
        "max": 10943.9150391,
        "mean": 589.97644043,
        "median": 387.055603027,
        "min": 152.134384155,
        "var": 549458.375
    },
    "spectral_complexity": {
        "dmean": 2.45131373405,
        "dmean2": 3.42414855957,
        "dvar": 8.2197971344,
        "dvar2": 12.1916189194,
        "max": 52,
        "mean": 10.2932100296,
        "median": 8.5,
        "min": 0,
        "var": 55.5776786804
    },
    "spectral_crest": {
        "dmean": 2.79079008102,
        "dmean2": 4.74438047409,
        "dvar": 5.39869213104,
        "dvar2": 13.1910905838,
        "max": 23.1169509888,
        "mean": 10.626537323,
        "median": 10.0157022476,
        "min": 4.3907752037,
        "var": 11.9039144516
    },
    "spectral_decrease": {
        "dmean": 2.40657227479e-09,
        "dmean2": 3.57991791766e-09,
        "dvar": 1.77162565746e-17,
        "dvar2": 4.24073695575e-17,
        "max": -8.25792537835e-29,
        "mean": -5.73731906428e-09,
        "median": -2.96738322803e-09,
        "min": -4.98963004247e-08,
        "var": 5.13194002423e-17
    },
    "spectral_energy": {
        "dmean": 0.00931397080421,
        "dmean2": 0.0137902498245,
        "dvar": 0.0002686791413,
        "dvar2": 0.000640915066469,
        "max": 0.198042884469,
        "mean": 0.0223035421222,
        "median": 0.0114110102877,
        "min": 1.08227463163e-20,
        "var": 0.000778389570769
    },
    "spectral_energyband_high": {
        "dmean": 4.02068544645e-05,
        "dmean2": 6.03532789683e-05,
        "dvar": 7.15007715257e-08,
        "dvar2": 1.37670198797e-07,
        "max": 0.00506206136197,
        "mean": 6.84108308633e-05,
        "median": 2.16992475544e-06,
        "min": 7.82694855366e-21,
        "var": 1.24221429587e-07
    },
    "spectral_energyband_low": {
        "dmean": 0.0051381601952,
        "dmean2": 0.00853311549872,
        "dvar": 6.35284450254e-05,
        "dvar2": 0.000178290036274,
        "max": 0.0932045653462,
        "mean": 0.00872902851552,
        "median": 0.00400641281158,
        "min": 8.58558470137e-23,
        "var": 0.000137252762215
    },
    "spectral_energyband_middle_high": {
        "dmean": 0.000751077954192,
        "dmean2": 0.000938033568673,
        "dvar": 3.0728326692e-06,
        "dvar2": 5.81962422075e-06,
        "max": 0.0239054542035,
        "mean": 0.00149124802556,
        "median": 0.000410610635299,
        "min": 1.75797852153e-21,
        "var": 7.98797009338e-06
    },
    "spectral_energyband_middle_low": {
        "dmean": 0.00571789173409,
        "dmean2": 0.00795870646834,
        "dvar": 0.000172937216121,
        "dvar2": 0.000435706635471,
        "max": 0.175168514252,
        "mean": 0.0131930168718,
        "median": 0.00609395653009,
        "min": 2.30369396699e-22,
        "var": 0.00038627628237
    },
    "spectral_flatness_db": {
        "dmean": 0.0262670479715,
        "dmean2": 0.0382848009467,
        "dvar": 0.000525524723344,
        "dvar2": 0.00100082019344,
        "max": 0.436546832323,
        "mean": 0.234908282757,
        "median": 0.250080347061,
        "min": 0.0331369303167,
        "var": 0.00569795677438
    },
    "spectral_flux": {
        "dmean": 0.0189113374799,
        "dmean2": 0.029810545966,
        "dvar": 0.000554316269699,
        "dvar2": 0.00130444462411,
        "max": 0.376729249954,
        "mean": 0.0651129856706,
        "median": 0.0559916943312,
        "min": 1.04032428505e-10,
        "var": 0.00219045579433
    },
    "spectral_kurtosis": {
        "dmean": 9.04478645325,
        "dmean2": 15.3680791855,
        "dvar": 89.3372650146,
        "dvar2": 259.320709229,
        "max": 86.4973297119,
        "mean": 23.0981731415,
        "median": 19.8165569305,
        "min": -1.12753498554,
        "var": 275.635040283
    },
    "spectral_rms": {
        "dmean": 0.000842065317556,
        "dmean2": 0.00117822957691,
        "dvar": 9.65263780017e-07,
        "dvar2": 2.0290312932e-06,
        "max": 0.0139000928029,
        "mean": 0.00388343539089,
        "median": 0.00333656859584,
        "min": 3.24942720301e-12,
        "var": 6.67847598379e-06
    },
    "spectral_rolloff": {
        "dmean": 230.208724976,
        "dmean2": 383.397338867,
        "dvar": 820448.375,
        "dvar2": 1429426.75,
        "max": 19056.8847656,
        "mean": 1015.18414307,
        "median": 366.064453125,
        "min": 86.1328125,
        "var": 9085722
    },
    "spectral_skewness": {
        "dmean": 0.609916985035,
        "dmean2": 1.0248966217,
        "dvar": 0.342088252306,
        "dvar2": 0.954394638538,
        "max": 7.48310279846,
        "mean": 3.2175590992,
        "median": 3.13069152832,
        "min": 0.00802513677627,
        "var": 1.64440762997
    },
    "spectral_spread": {
        "dmean": 354992.78125,
        "dmean2": 508616.0625,
        "dvar": 1.47476801126e+12,
        "dvar2": 1.63914199859e+12,
        "max": 38879124,
        "mean": 2440138,
        "median": 1774487.5,
        "min": 983031.75,
        "var": 4.91614004838e+12
    },
    "spectral_strongpeak": {
        "dmean": 0.256112456322,
        "dmean2": 0.416361242533,
        "dvar": 0.106375701725,
        "dvar2": 0.265802353621,
        "max": 3.0075480938,
        "mean": 0.442955493927,
        "median": 0.263330280781,
        "min": 0,
        "var": 0.224650606513
    },
    "zerocrossingrate": {
        "dmean": 0.00559523515403,
        "dmean2": 0.00747161032632,
        "dvar": 0.000605080509558,
        "dvar2": 0.00090427941177,
        "max": 0.52685546875,
        "mean": 0.0354508757591,
        "median": 0.017578125,
        "min": 0.0048828125,
        "var": 0.00614058179781
    },
    "barkbands": {
        "dmean": [3.20119324897e-05, 0.00302383769304, 0.00229474436492, 0.00185943418182, 0.00300587085076, 0.00176879612263, 0.000691173714586, 0.000499725458212, 0.000354973657522, 0.000374607479898, 0.000207914767088, 0.000106526822492, 7.95359665062e-05, 9.25450658542e-05, 9.66393854469e-05, 8.06934403954e-05, 5.06335636601e-05, 3.39607577189e-05, 2.64866357611e-05, 1.36571889016e-05, 1.2170536138e-05, 8.40475695441e-06, 4.86584758619e-06, 6.31054535916e-06, 3.88383523386e-06, 1.81502809937e-06, 2.3525586812e-07],
        "dmean2": [5.25723735336e-05, 0.00535604031757, 0.00373251084238, 0.00281591317616, 0.00469469185919, 0.00249341665767, 0.000979757518508, 0.000782958522905, 0.000548604060896, 0.000546715978999, 0.000320447521517, 0.000164919300005, 0.000125861959532, 0.000144485602505, 0.000146612263052, 0.000122722864035, 7.80825139373e-05, 5.10870158905e-05, 3.99641103286e-05, 1.9606863134e-05, 1.88238209375e-05, 1.27844987219e-05, 6.96811366652e-06, 9.5124632935e-06, 5.8684522628e-06, 2.62318462774e-06, 3.62706828128e-07],
        "dvar": [3.38194894312e-09, 2.83599583781e-05, 1.73255393747e-05, 1.95216234715e-05, 9.26088250708e-05, 1.08919666673e-05, 2.3625632366e-06, 1.63255811003e-06, 6.63836260628e-07, 9.2656932793e-07, 3.59954725582e-07, 6.15547932625e-08, 4.06432647537e-08, 5.98501799232e-08, 7.80022659796e-08, 6.44858246801e-08, 1.78909438375e-08, 2.12462545335e-08, 1.96991774004e-08, 5.09485209577e-09, 5.87531889806e-09, 3.24315618805e-09, 8.91164253503e-10, 2.06997397001e-09, 6.91192270086e-10, 1.7375526018e-10, 1.10118685004e-12],
        "dvar2": [8.02012944945e-09, 8.58800776768e-05, 4.30276377301e-05, 4.5723230869e-05, 0.000234666949837, 2.31540670939e-05, 4.72911597171e-06, 4.2997953642e-06, 1.51417134475e-06, 1.85315150247e-06, 8.88473607574e-07, 1.54518986051e-07, 1.0690930452e-07, 1.53377001766e-07, 1.82464461318e-07, 1.52257072727e-07, 4.2549970658e-08, 5.13492430798e-08, 4.12163352337e-08, 1.02501154231e-08, 1.30189379277e-08, 6.05757755068e-09, 1.82610870869e-09, 4.00462329964e-09, 1.32866539992e-09, 3.75138087261e-10, 2.47867611852e-12],
        "max": [0.00089145480888, 0.054156973958, 0.0621070116758, 0.0740552395582, 0.132465958595, 0.0431228615344, 0.0202746205032, 0.0154930632561, 0.0139130912721, 0.0163525212556, 0.00885880552232, 0.00362690980546, 0.00305582000874, 0.00306158675812, 0.00500826956704, 0.00376041280106, 0.00144381506834, 0.00250565470196, 0.00271445675753, 0.00148363062181, 0.00142280140426, 0.000964570499491, 0.000636523356661, 0.000846342009027, 0.000526979682036, 0.000263023859588, 2.38341908698e-05],
        "mean": [4.67617610411e-05, 0.00425446871668, 0.00336589571089, 0.00286080106162, 0.00485282577574, 0.00302114756778, 0.00112319353502, 0.000628256995697, 0.000507863413077, 0.000511007674504, 0.00026334595168, 0.000150699474034, 0.000107580402982, 0.000129574676976, 0.000125374630443, 0.000114081412903, 7.37751252018e-05, 4.92973194923e-05, 3.86084102502e-05, 2.03677645914e-05, 1.76877802005e-05, 1.37263405122e-05, 8.70216081239e-06, 9.36470951274e-06, 6.21051367489e-06, 2.50517427958e-06, 4.51969384585e-07],
        "median": [1.32254772325e-05, 0.00171749712899, 0.00104686338454, 0.000791433616541, 0.00185287534259, 0.000879004015587, 0.000268375792075, 0.000191204264411, 0.000137414303026, 0.000109655680717, 5.70416741539e-05, 4.22038792749e-05, 2.79898467852e-05, 2.64743866865e-05, 2.83023728116e-05, 2.2732441721e-05, 1.37072511279e-05, 6.30572958471e-06, 3.13046234623e-06, 1.42520809732e-06, 5.84410940974e-07, 2.47114883223e-07, 1.05567565356e-07, 7.01956821558e-08, 3.90381913462e-08, 7.14118231215e-09, 2.58922739249e-07],
        "min": [1.47838244991e-23, 2.94445267436e-23, 3.39843865433e-23, 2.13017940394e-23, 1.82418451865e-23, 2.58743663231e-23, 4.72854996394e-23, 6.10546533769e-23, 2.99587473024e-23, 6.14542272026e-23, 1.58542248127e-22, 1.52111996764e-22, 7.89705933023e-23, 8.77180005121e-23, 1.33308607253e-22, 2.77342794566e-22, 2.02663238556e-22, 1.83738427575e-22, 2.86861783471e-22, 3.2976852133e-22, 4.1428220671e-22, 5.20002215028e-22, 7.80004963372e-22, 9.84530115613e-22, 1.22274692389e-21, 1.72271368752e-21, 2.26980440153e-21],
        "var": [8.31009483448e-09, 4.47685233667e-05, 3.45144799212e-05, 3.65882333426e-05, 0.000115238704893, 2.68331623374e-05, 6.05263176112e-06, 1.70707096459e-06, 1.06743027573e-06, 1.70220130258e-06, 5.00598332565e-07, 9.09092818802e-08, 5.20549399141e-08, 8.02658064458e-08, 9.10963748879e-08, 8.91030467187e-08, 2.72975029247e-08, 2.70217643816e-08, 2.65615458517e-08, 7.63507657098e-09, 8.04326294457e-09, 5.66856872553e-09, 1.85492043947e-09, 3.27042615211e-09, 1.26322730054e-09, 2.43011222256e-10, 1.35352774995e-12]
    },
    "erbbands": {
        "dmean": [0.0573460906744, 0.807839810848, 2.68178296089, 3.78202962875, 6.97341871262, 13.9279232025, 12.8332748413, 16.4419269562, 9.73357772827, 10.7061376572, 9.14646625519, 8.55314445496, 9.93771839142, 11.6691465378, 5.05189800262, 4.53437948227, 3.64497828484, 4.08461761475, 3.94950556755, 5.09044790268, 3.8583176136, 2.30338311195, 1.87991201878, 1.64714193344, 1.07198727131, 0.658698022366, 0.484565287828, 0.477089136839, 0.290289610624, 0.193605050445, 0.154829218984, 0.116607666016, 0.10933047533, 0.0518769919872, 0.025941029191, 0.0107592064887, 0.00268797622994, 0.000625663960818, 2.04716416192e-05, 1.04641821963e-05],
        "dmean2": [0.0943102315068, 1.44050824642, 4.52289676666, 5.52964067459, 9.69811439514, 22.2991294861, 18.4803562164, 22.91822052, 13.9629650116, 15.4900503159, 14.3793430328, 13.0582704544, 14.4841737747, 17.7084980011, 7.62815856934, 6.85200834274, 5.62009239197, 6.44451904297, 6.0569691658, 7.5087685585, 5.73663806915, 3.35643625259, 2.73552823067, 2.41817378998, 1.70095849037, 0.946180343628, 0.789594769478, 0.792234778404, 0.440290272236, 0.293765485287, 0.225561752915, 0.183164060116, 0.16363722086, 0.0784275308251, 0.0394084863365, 0.0160697549582, 0.00400923937559, 0.000933877658099, 2.94869969366e-05, 1.51913691298e-05],
        "dvar": [0.0125864390284, 1.90887892246, 21.9921016693, 64.3977584839, 262.38848877, 2050.50634766, 1160.62670898, 1280.96044922, 494.695648193, 527.055725098, 635.998352051, 411.165222168, 1003.14526367, 1323.28063965, 134.828552246, 106.420860291, 82.0659713745, 87.9323043823, 114.920303345, 211.327575684, 133.979904175, 33.0736274719, 53.9401512146, 66.2082824707, 39.6425590515, 13.2932271957, 9.13904571533, 10.9814300537, 3.50268173218, 1.5352679491, 0.999443233013, 0.657398045063, 0.628196537495, 0.122573673725, 0.0321569293737, 0.00641377875581, 0.000354313728167, 1.21672628666e-05, 1.01680415199e-08, 3.55790258366e-10],
        "dvar2": [0.03051558882, 5.93274927139, 59.7339019775, 157.236709595, 484.921691895, 5400.38134766, 2937.94824219, 2552.1171875, 1034.9276123, 1205.50622559, 1666.17285156, 935.126831055, 2108.52368164, 3282.81005859, 328.817504883, 250.996902466, 215.431930542, 210.960494995, 273.591888428, 419.63293457, 283.778839111, 68.6831741333, 127.827400208, 149.684326172, 82.0381317139, 28.1629009247, 17.8739337921, 26.7909545898, 6.44993591309, 2.93667697906, 2.07263088226, 1.26505601406, 1.26148462296, 0.24340428412, 0.0606294050813, 0.0138998962939, 0.000741155527066, 2.5685005312e-05, 2.00925800442e-08, 8.12047318277e-10],
        "max": [1.79463946819, 12.6268186569, 63.3617286682, 115.514549255, 286.895141602, 654.184936523, 428.579803467, 538.587463379, 337.810424805, 293.362060547, 376.582397461, 370.406677246, 528.869506836, 635.498413086, 129.823242188, 135.201309204, 124.622062683, 103.053001404, 146.60609436, 251.229156494, 152.489227295, 72.4552536011, 131.633865356, 164.635513306, 106.181556702, 76.5992736816, 48.2288017273, 61.3659133911, 32.9399185181, 24.0105438232, 21.3545417786, 14.7461290359, 14.5436115265, 6.4283952713, 3.49663043022, 1.55760061741, 0.355682730675, 0.0796211212873, 0.00237956573255, 0.000260679196799],
        "mean": [0.0936936438084, 1.07147777081, 3.74963712692, 6.40943527222, 11.5767889023, 19.9289855957, 20.893535614, 27.2385215759, 16.1048126221, 16.7118244171, 12.2576637268, 12.5703382492, 13.5183343887, 16.5395622253, 7.5811290741, 6.66140699387, 5.16579055786, 6.4432182312, 5.77290153503, 7.30420589447, 5.80400419235, 3.7349653244, 2.8720240593, 2.34240698814, 1.6062335968, 0.966171741486, 0.782108068466, 0.657874166965, 0.484290927649, 0.342464327812, 0.25504475832, 0.188354000449, 0.152189731598, 0.0791990458965, 0.0414520800114, 0.0152254840359, 0.00372648239136, 0.00111124606337, 4.24186437158e-05, 2.55940612988e-05],
        "median": [0.0243955478072, 0.436912834644, 1.32363629341, 2.19718694687, 4.20869255066, 6.24382400513, 8.01190948486, 7.63915872574, 5.10866069794, 4.45174312592, 3.93992424011, 3.54554891586, 3.14883899689, 3.26617503166, 2.13725423813, 1.80277371407, 1.3723808527, 1.39966440201, 1.45708203316, 1.58307182789, 1.11941051483, 0.736284971237, 0.405172586441, 0.230162292719, 0.118054866791, 0.0703375786543, 0.0367178618908, 0.0158883687109, 0.00913131423295, 0.00538683775812, 0.00282476050779, 0.00167552335188, 0.000995475333184, 0.000579468440264, 0.000200877606403, 5.47771487618e-05, 8.31562720123e-05, 0.000414721784182, 2.14830361074e-05, 1.3409584426e-05],
        "min": [5.19748062977e-22, 8.14099768985e-21, 3.89071121957e-20, 5.53699774018e-20, 6.48583852626e-20, 4.45853290535e-20, 8.56951941398e-20, 3.29363545132e-19, 8.56547695648e-19, 5.19325598654e-19, 1.30750350795e-18, 8.06479797338e-19, 2.02935404323e-18, 2.6209250796e-18, 7.00117067787e-18, 5.75359950722e-18, 3.4921220405e-18, 4.66687815618e-18, 5.01135131842e-18, 1.06150483279e-17, 1.39833476345e-17, 1.31768556363e-17, 1.09569171119e-17, 1.10854965479e-17, 1.45017102915e-17, 1.78864225159e-17, 1.45789209843e-17, 1.78710535001e-17, 1.80546098411e-17, 1.77759690887e-17, 2.34819221655e-17, 1.77673812996e-17, 1.80838258604e-17, 1.2134830576e-17, 1.04483457918e-17, 6.78134825726e-18, 3.0552581805e-18, 1.31273056564e-18, 2.89063460785e-19, 3.34665223559e-20],
        "var": [0.036118298769, 2.60105013847, 36.3283729553, 123.337745667, 611.99987793, 2139.80566406, 1740.47363281, 3032.7109375, 994.954650879, 1106.47338867, 661.448852539, 650.008422852, 1392.76635742, 1910.4909668, 225.946777344, 179.217010498, 112.302566528, 158.316375732, 153.95350647, 314.595336914, 214.931304932, 65.424446106, 75.3603363037, 81.8534927368, 53.6054382324, 18.2431201935, 13.9798793793, 13.0601825714, 6.48174238205, 3.0481607914, 1.80773794651, 1.16198205948, 0.918016672134, 0.210930928588, 0.0581551119685, 0.00896754488349, 0.000517919252161, 1.73027783603e-05, 1.56083022063e-08, 1.04309660909e-09]
    },
    "gfcc": {
        "mean": [-150.292312622, 172.963150024, -92.6268463135, 3.28123164177, -26.6221790314, -8.79907894135, -28.3616771698, -4.6481218338, -12.5138530731, -7.78306293488, -11.9795227051, -2.39121794701, -5.49915456772],
        "cov": [[33190.9140625, 4280.92382812, -2967.03100586, 810.106994629, -1475.95593262, -557.362426758, -1031.71447754, -213.951644897, -519.233459473, -360.553527832, -242.121307373, -263.769439697, 15.354393959], [4280.92382812, 3159.19873047, 4.36802530289, -549.439941406, 578.641174316, -460.536468506, 198.984771729, -280.702972412, 227.689437866, -264.367004395, 101.501029968, -122.635429382, 68.6523895264], [-2967.03100586, 4.36802530289, 846.084899902, -191.961227417, 319.499023438, 135.722564697, 148.718490601, 32.5673408508, 104.057319641, 29.6138935089, -24.3006343842, 52.1733779907, -39.8843421936], [810.106994629, -549.439941406, -191.961227417, 325.529815674, -231.936172485, 114.323135376, -79.9681015015, 57.9034309387, -65.7274475098, 43.0550880432, -3.99700832367, -4.93183279037, 5.1880106926], [-1475.95593262, 578.641174316, 319.499023438, -231.936172485, 394.964019775, -56.4728507996, 178.261901855, -48.3445472717, 117.871185303, -47.1641349792, 35.5422363281, -11.9169387817, 4.66370677948], [-557.362426758, -460.536468506, 135.722564697, 114.323135376, -56.4728507996, 208.362701416, -0.278918534517, 93.5781784058, -16.3336582184, 53.2523803711, -34.21251297, 25.1219882965, -16.1471729279], [-1031.71447754, 198.984771729, 148.718490601, -79.9681015015, 178.261901855, -0.278918534517, 153.413269043, -2.80029773712, 79.7418289185, -20.0061340332, 36.7641334534, -11.3731737137, 8.61168766022], [-213.951644897, -280.702972412, 32.5673408508, 57.9034309387, -48.3445472717, 93.5781784058, -2.80029773712, 95.1971130371, -1.30800056458, 43.5199775696, -22.4060745239, 17.6276607513, -12.7196931839], [-519.233459473, 227.689437866, 104.057319641, -65.7274475098, 117.871185303, -16.3336582184, 79.7418289185, -1.30800056458, 88.0760345459, -2.46067762375, 33.2599716187, -8.68156719208, 10.22245121], [-360.553527832, -264.367004395, 29.6138935089, 43.0550880432, -47.1641349792, 53.2523803711, -20.0061340332, 43.5199775696, -2.46067762375, 69.7911758423, 6.38698720932, 26.8721256256, -9.71109867096], [-242.121307373, 101.501029968, -24.3006343842, -3.99700832367, 35.5422363281, -34.21251297, 36.7641334534, -22.4060745239, 33.2599716187, 6.38698720932, 70.3260574341, 4.53879261017, 22.77003479], [-263.769439697, -122.635429382, 52.1733779907, -4.93183279037, -11.9169387817, 25.1219882965, -11.3731737137, 17.6276607513, -8.68156719208, 26.8721256256, 4.53879261017, 52.9557151794, 7.03233909607], [15.354393959, 68.6523895264, -39.8843421936, 5.1880106926, 4.66370677948, -16.1471729279, 8.61168766022, -12.7196931839, 10.22245121, -9.71109867096, 22.77003479, 7.03233909607, 42.4452781677]],
        "icov": [[0.000238832566538, -0.000833181198686, 0.000400536780944, -0.000888292386662, 0.000724331650417, -0.000217245455133, 0.000338815123541, -0.000367810367607, 0.000604893197306, -0.000210887330468, 0.000841887260322, -0.000739046779927, 0.00088184553897], [-0.000833181198686, 0.00382332317531, -0.00112009770237, 0.00368528673425, -0.00328727322631, 0.0010776509298, -5.93998038312e-06, 0.00170358875766, -0.00410698354244, 0.0028734866064, -0.0033162413165, 0.00290367403068, -0.00315816793591], [0.000400536780944, -0.00112009770237, 0.00402890471742, -0.000666911655571, -0.00103198364377, -0.0033552213572, 0.000746289209928, 0.00191274681129, -0.00216385745443, -0.000651062582619, 0.00353237241507, -0.00461014779285, 0.00403392547742], [-0.000888292386662, 0.00368528673425, -0.000666911655571, 0.0119047872722, 0.000184215372428, -0.00380740407854, -0.000613740354311, 0.00110347638838, -0.00121729308739, 0.00142899015918, -0.00752036552876, 0.0076543064788, -0.00534831406549], [0.000724331650417, -0.00328727322631, -0.00103198364377, 0.000184215372428, 0.0135133620352, -0.000437536858954, -0.00676024612039, 0.000843680638354, 0.000598537561018, -0.000634210358839, 0.00270060403273, -0.00160714040976, 0.00256411661394], [-0.000217245455133, 0.0010776509298, -0.0033552213572, -0.00380740407854, -0.000437536858954, 0.0152537189424, -0.00329766236246, -0.0080057894811, 0.00252979388461, -0.00197712075897, 0.00306386803277, 0.000543844653293, -0.00302631873637], [0.000338815123541, -5.93998038312e-06, 0.000746289209928, -0.000613740354311, -0.00676024612039, -0.00329766236246, 0.0233472939581, -0.00515914475545, -0.00884404685348, 0.00979319214821, -0.00822074711323, 0.00162527069915, 0.00238000811078], [-0.000367810367607, 0.00170358875766, 0.00191274681129, 0.00110347638838, 0.000843680638354, -0.0080057894811, -0.00515914475545, 0.0289671495557, -0.0101951127872, -0.00918373465538, 0.010130376555, -0.00448219291866, 0.00129151437432], [0.000604893197306, -0.00410698354244, -0.00216385745443, -0.00121729308739, 0.000598537561018, 0.00252979388461, -0.00884404685348, -0.0101951127872, 0.038378406316, -0.0107567831874, -0.0064593446441, 0.00899063516408, -0.00555323110893], [-0.000210887330468, 0.0028734866064, -0.000651062582619, 0.00142899015918, -0.000634210358839, -0.00197712075897, 0.00979319214821, -0.00918373465538, -0.0107567831874, 0.0391761921346, -0.0149131938815, -0.00940310303122, 0.0103326570243], [0.000841887260322, -0.0033162413165, 0.00353237241507, -0.00752036552876, 0.00270060403273, 0.00306386803277, -0.00822074711323, 0.010130376555, -0.0064593446441, -0.0149131938815, 0.0370911248028, -0.00961825251579, -0.00529032945633], [-0.000739046779927, 0.00290367403068, -0.00461014779285, 0.0076543064788, -0.00160714040976, 0.000543844653293, 0.00162527069915, -0.00448219291866, 0.00899063516408, -0.00940310303122, -0.00961825251579, 0.0376483649015, -0.0163806322962], [0.00088184553897, -0.00315816793591, 0.00403392547742, -0.00534831406549, 0.00256411661394, -0.00302631873637, 0.00238000811078, 0.00129151437432, -0.00555323110893, 0.0103326570243, -0.00529032945633, -0.0163806322962, 0.0405176840723]]
    },
    "melbands": {
        "dmean": [0.000690294196829, 0.00125148019288, 0.000757308444008, 0.000677275529597, 0.000481250026496, 0.000348005152773, 0.000146923252032, 0.000114881899208, 7.41221447242e-05, 5.4865860875e-05, 4.94151572639e-05, 4.79817208543e-05, 2.07726952794e-05, 1.26200229715e-05, 1.02621843325e-05, 8.0323752627e-06, 8.42627378006e-06, 6.76430681779e-06, 8.16360625322e-06, 7.13020790499e-06, 4.66886649519e-06, 2.79170103568e-06, 1.71309682173e-06, 1.69309680587e-06, 1.38038876685e-06, 9.14769998417e-07, 5.33555692073e-07, 4.19971769361e-07, 3.28014237994e-07, 3.54461434426e-07, 2.52579098969e-07, 1.87039077559e-07, 1.37324946081e-07, 9.24666068158e-08, 9.16616897939e-08, 8.29981559036e-08, 6.91987125379e-08, 8.46536067911e-08, 5.96911036155e-08, 3.98783015498e-08],
        "dmean2": [0.00120297877584, 0.00213997089304, 0.00110558676533, 0.00102841376793, 0.000728386512492, 0.000485669384943, 0.000211479564314, 0.000167654798133, 0.00011639699369, 8.42061126605e-05, 7.21507967683e-05, 7.29665553081e-05, 3.15834622597e-05, 1.97305853362e-05, 1.54234767251e-05, 1.30105854623e-05, 1.31781698656e-05, 1.07964879135e-05, 1.2615144442e-05, 1.05067483673e-05, 7.09919595465e-06, 4.271249054e-06, 2.53646476267e-06, 2.56897055806e-06, 2.09135941986e-06, 1.46555942138e-06, 8.85481313162e-07, 6.22046343324e-07, 5.22108621226e-07, 5.45540729036e-07, 4.35027800449e-07, 2.74799305089e-07, 2.22263068395e-07, 1.38544194783e-07, 1.32165325795e-07, 1.21200429248e-07, 1.14466118362e-07, 1.23534775298e-07, 9.4416556351e-08, 6.22171327791e-08],
        "dvar": [1.6024495153e-06, 4.22263428845e-06, 2.62046182797e-06, 3.44773388861e-06, 2.29103920901e-06, 5.08933965193e-07, 1.03685216857e-07, 6.66657058446e-08, 4.21503720816e-08, 1.91121749538e-08, 2.48590623642e-08, 2.13556425877e-08, 2.75861822274e-09, 9.62632196178e-10, 5.21984400148e-10, 5.83477377525e-10, 3.6329425579e-10, 4.06411682086e-10, 6.92917889733e-10, 4.69055683183e-10, 1.88522975009e-10, 4.89986107244e-11, 3.17645285075e-11, 5.13144179926e-11, 4.75236031083e-11, 2.45131744764e-11, 9.31072319937e-12, 5.24857371106e-12, 3.2497129987e-12, 5.74934240841e-12, 2.81495703483e-12, 1.45504821299e-12, 7.6241004612e-13, 3.24033660147e-13, 3.33883013468e-13, 3.22895491811e-13, 2.31069720649e-13, 3.69924821027e-13, 1.85865808421e-13, 7.33006659385e-14],
        "dvar2": [4.64198865302e-06, 1.19528940559e-05, 5.72233648199e-06, 8.27755229693e-06, 6.12440589975e-06, 1.03009210761e-06, 2.15445808749e-07, 1.57417872515e-07, 1.0823342933e-07, 4.43992611565e-08, 5.19322647108e-08, 5.2474014467e-08, 6.80872380698e-09, 2.45802267429e-09, 1.17885157191e-09, 1.60388302639e-09, 8.96133001138e-10, 1.06590669624e-09, 1.65928337736e-09, 1.17273779576e-09, 4.16465251174e-10, 1.10609757464e-10, 7.34745042585e-11, 1.2615099243e-10, 1.08285151679e-10, 5.03020576581e-11, 1.78545511709e-11, 1.14821043298e-11, 6.73073489305e-12, 1.24751502531e-11, 7.1212276527e-12, 2.63851288908e-12, 1.50998137605e-12, 6.18591224251e-13, 7.11270885939e-13, 6.5282653415e-13, 4.61066785879e-13, 7.4995830943e-13, 3.94760070986e-13, 1.46054202803e-13],
        "max": [0.0159793309867, 0.0251349471509, 0.0262962710112, 0.023742556572, 0.0210852641612, 0.0104362480342, 0.00437971251085, 0.0036481495481, 0.00311560952105, 0.00258673168719, 0.00264004711062, 0.00254014297388, 0.000635360309388, 0.000486126635224, 0.000301899941405, 0.000404223392252, 0.000215300897253, 0.000265060749371, 0.000488325254992, 0.000342011189787, 0.000176975285285, 7.45564393583e-05, 9.17172146728e-05, 0.000123903431813, 0.000141072116094, 8.31928409752e-05, 5.40112196177e-05, 4.65330886072e-05, 3.0344892366e-05, 4.48042374046e-05, 2.95721802104e-05, 2.13646871998e-05, 1.59404626174e-05, 1.20984695968e-05, 1.24424595924e-05, 1.16331148092e-05, 8.63053992362e-06, 1.12710795293e-05, 7.41169787943e-06, 4.80991730001e-06],
        "mean": [0.00101116427686, 0.0018121675821, 0.00134675367735, 0.00109975645319, 0.000793808430899, 0.000582804495934, 0.000245978881139, 0.000174352913746, 9.62072881521e-05, 7.76217202656e-05, 6.59968718537e-05, 6.70617591823e-05, 2.83842837234e-05, 1.7800295609e-05, 1.40144384204e-05, 1.12626812552e-05, 1.22677429317e-05, 8.95492121344e-06, 1.02237836472e-05, 9.52259779297e-06, 6.31096372672e-06, 4.17594037572e-06, 2.74623357654e-06, 2.341809477e-06, 1.87431601262e-06, 1.33769333388e-06, 8.40076040731e-07, 5.8906528011e-07, 4.88624721129e-07, 4.65723758225e-07, 3.46047585253e-07, 2.86906697511e-07, 2.34590643799e-07, 1.67410178165e-07, 1.50857076164e-07, 1.24482085084e-07, 1.11085881827e-07, 1.13467983454e-07, 8.38147400373e-08, 6.2151656266e-08],
        "median": [0.000352499657311, 0.000680884928443, 0.000479980575619, 0.000420907716034, 0.000313824915793, 0.000168850383488, 7.66457233112e-05, 4.76191125927e-05, 2.99611783703e-05, 2.05872802326e-05, 1.54954032041e-05, 1.27391376736e-05, 6.92138928571e-06, 5.04037689097e-06, 3.53095720129e-06, 2.80376366391e-06, 2.57084002442e-06, 2.21500795305e-06, 2.21823256652e-06, 1.98515499505e-06, 1.21170592138e-06, 7.90503804637e-07, 4.80198991681e-07, 2.93534185403e-07, 1.69333873146e-07, 9.91899113956e-08, 5.6683674643e-08, 4.00371575893e-08, 2.32683312618e-08, 1.44135583469e-08, 7.4280812612e-09, 5.20963627793e-09, 4.17390655372e-09, 2.55971599472e-09, 1.72464176273e-09, 1.23381616035e-09, 9.41462685589e-10, 7.26299465015e-10, 5.50783196829e-10, 4.62605703744e-10],
        "min": [7.80098790488e-24, 1.75484317177e-23, 1.04326168406e-23, 3.68550292893e-24, 3.12858251263e-24, 8.10392626971e-24, 1.10080814047e-23, 7.34990540637e-24, 9.74307667884e-24, 4.65618680647e-24, 1.04550646666e-23, 9.14221552683e-24, 2.41348112757e-23, 1.97637566657e-23, 8.1889773082e-24, 7.59733478473e-24, 8.97892210831e-24, 7.50988245364e-24, 1.09532027181e-23, 1.81024219102e-23, 1.55754637725e-23, 1.27870550427e-23, 1.29743329882e-23, 7.07279513644e-24, 8.77697844974e-24, 1.15263298872e-23, 9.03005843877e-24, 1.27666961204e-23, 7.41929992248e-24, 1.22645372449e-23, 9.24438405811e-24, 1.00199211026e-23, 1.09085421468e-23, 9.68140116669e-24, 1.47349592992e-23, 1.1113096935e-23, 1.09998575297e-23, 1.35864141088e-23, 1.20737110031e-23, 8.99323914488e-24],
