{
"metadata": {
    "version": {
        "essentia": "2.0.1",
        "extractor": "archive-music 1.0"
    },
    "audio_properties": {
        "analysis_sample_rate": 44100,
        "bitrate": 128,
        "channels": 2,
        "equal_loudness": 0,
        "length": 17.8155097961,
        "replay_gain": -8.28756713867,
        "downmix": "mix"
    },
    "tags": {
        "track": 0,
        "year": 2008,
        "album": "Soundtrack360",
        "artist": "Experiment - Soundtrack 360",
        "comment": "",
        "genre": "",
        "title": "303"
    }
},
"highlevel": {
    "culture": {
        "all": {
            "non_western": 9.9072128279e-10,
            "western": 1
        },
        "probability": 1,
        "value": "western"
    },
    "danceability": {
        "all": {
            "danceable": 0.0485615879297,
            "not_danceable": 0.951438426971
        },
        "probability": 0.951438426971,
        "value": "not_danceable"
    },
    "gender": {
        "all": {
            "female": 0.54152816534,
            "male": 0.458471804857
        },
        "probability": 0.54152816534,
        "value": "female"
    },
    "genre_dortmund": {
        "all": {
            "alternative": 0.102788873017,
            "blues": 0.0350179821253,
            "electronic": 0.0178525540978,
            "folkcountry": 0.109629362822,
            "funksoulrnb": 0.0111212609336,
            "jazz": 0.609976828098,
            "pop": 0.0676758959889,
            "raphiphop": 0.00305155385286,
            "rock": 0.0428857170045
        },
        "probability": 0.609976828098,
        "value": "jazz"
    },
    "genre_electronic": {
        "all": {
            "ambient": 0.881169497967,
            "dnb": 0.0124903349206,
            "house": 0.068603657186,
            "techno": 0.0230062771589,
            "trance": 0.0147302122787
        },
        "probability": 0.881169497967,
        "value": "ambient"
    },
    "genre_rosamerica": {
        "all": {
            "cla": 0.923228621483,
            "dan": 0.00224518729374,
            "hip": 0.00135072006378,
            "jaz": 0.022550214082,
            "pop": 0.0185845512897,
            "rhy": 0.0166987217963,
            "roc": 0.00386614352465,
            "spe": 0.0114758461714
        },
        "probability": 0.923228621483,
        "value": "cla"
    },
    "genre_tzanetakis": {
        "all": {
            "blu": 0.000569171796087,
            "cla": 0.268980771303,
            "cou": 0.00279984110966,
            "dis": 0.00041386479279,
            "hip": 0.000640630431008,
            "jaz": 0.709106564522,
            "met": 0.000324991473462,
            "pop": 0.00185414624866,
            "reg": 0.0113140381873,
            "roc": 0.00399597594514
        },
        "probability": 0.709106564522,
        "value": "jaz"
    },
    "mirex_ballroom": {
        "all": {
            "ChaChaCha": 9.98300965875e-05,
            "Jive": 7.24859201e-05,
            "Quickstep": 0.000373065675376,
            "Rumba-American": 0.000173457010533,
            "Rumba-International": 0.00184253312182,
            "Rumba-Misc": 0.00403076736256,
            "Samba": 0.000202046023333,
            "Tango": 0.0108782090247,
            "VienneseWaltz": 0.124914996326,
            "Waltz": 0.85741263628
        },
        "probability": 0.85741263628,
        "value": "Waltz"
    },
    "mood_acoustic": {
        "all": {
            "acoustic": 0.977699220181,
            "not_acoustic": 0.0223007649183
        },
        "probability": 0.977699220181,
        "value": "acoustic"
    },
    "mood_aggressive": {
        "all": {
            "aggressive": 0.013465824537,
            "not_aggressive": 0.986534178257
        },
        "probability": 0.986534178257,
        "value": "not_aggressive"
    },
    "mood_electronic": {
        "all": {
            "electronic": 0.0570118613541,
            "not_electronic": 0.942988157272
        },
        "probability": 0.942988157272,
        "value": "not_electronic"
    },
    "mood_happy": {
        "all": {
            "happy": 0.369110941887,
            "not_happy": 0.630889058113
        },
        "probability": 0.630889058113,
        "value": "not_happy"
    },
    "mood_party": {
        "all": {
            "not_party": 0.916080474854,
            "party": 0.0839195176959
        },
        "probability": 0.916080474854,
        "value": "not_party"
    },
    "mood_relaxed": {
        "all": {
            "not_relaxed": 3.41224472322e-06,
            "relaxed": 0.999996602535
        },
        "probability": 0.999996602535,
        "value": "relaxed"
    },
    "mood_sad": {
        "all": {
            "not_sad": 0.0816048234701,
            "sad": 0.918395161629
        },
        "probability": 0.918395161629,
        "value": "sad"
    },
    "moods_mirex": {
        "all": {
            "Cluster1": 0.0789114013314,
            "Cluster2": 0.103169724345,
            "Cluster3": 0.748057723045,
            "Cluster4": 0.0522599741817,
            "Cluster5": 0.0176011808217
        },
        "probability": 0.748057723045,
        "value": "Cluster3"
    },
    "timbre": {
        "all": {
            "bright": 0.408003419638,
            "dark": 0.59199655056
        },
        "probability": 0.59199655056,
        "value": "dark"
    },
    "tonal_atonal": {
        "all": {
            "atonal": 0.535148918629,
            "tonal": 0.464851111174
        },
        "probability": 0.535148918629,
        "value": "atonal"
    },
    "voice_instrumental": {
        "all": {
            "instrumental": 0.987692892551,
            "voice": 0.0123070878908
        },
        "probability": 0.987692892551,
        "value": "instrumental"
    }
},
"lowlevel": {
    "average_loudness": 0.524577021599,
    "barkbands_kurtosis": {
        "dmean": 1.38357591629,
        "dmean2": 2.05428314209,
        "dvar": 3.52151083946,
        "dvar2": 6.88098096848,
        "max": 30.6664505005,
        "mean": 3.06503725052,
        "median": 2.47761249542,
        "min": -1.31566739082,
        "var": 12.3411502838
    },
    "barkbands_skewness": {
        "dmean": 0.285807460546,
        "dmean2": 0.429999560118,
        "dvar": 0.101194418967,
        "dvar2": 0.184465304017,
        "max": 4.91645050049,
        "mean": 1.25312948227,
        "median": 1.28663480282,
        "min": -2.07379508018,
        "var": 0.493206590414
    },
    "barkbands_spread": {
        "dmean": 1.51448023319,
        "dmean2": 2.1708548069,
        "dvar": 4.06904220581,
        "dvar2": 8.53352928162,
        "max": 43.455078125,
        "mean": 8.64339065552,
        "median": 7.29102563858,
        "min": 1.65188717842,
        "var": 19.8866519928
    },
    "dissonance": {
        "dmean": 0.0288931895047,
        "dmean2": 0.0485158115625,
        "dvar": 0.000633900635876,
        "dvar2": 0.00177871400956,
        "max": 0.499753654003,
        "mean": 0.410151422024,
        "median": 0.418465048075,
        "min": 0.199741989374,
        "var": 0.0026578840334
    },
    "dynamic_complexity": 6.38078403473,
    "erbbands_kurtosis": {
        "dmean": 0.79642444849,
        "dmean2": 1.20606601238,
        "dvar": 1.08485007286,
        "dvar2": 2.06573438644,
        "max": 16.9270954132,
        "mean": 0.745003938675,
        "median": 0.148797273636,
        "min": -1.5107395649,
        "var": 4.68028354645
    },
    "erbbands_skewness": {
        "dmean": 0.291866540909,
        "dmean2": 0.415769964457,
        "dvar": 0.0619934611022,
        "dvar2": 0.127330496907,
        "max": 2.70732045174,
        "mean": 0.623468995094,
        "median": 0.61856341362,
        "min": -1.41754961014,
        "var": 0.385977685452
    },
    "erbbands_spread": {
        "dmean": 2.84684634209,
        "dmean2": 4.18666362762,
        "dvar": 6.87070274353,
        "dvar2": 16.1436290741,
        "max": 51.546459198,
        "mean": 19.0706329346,
        "median": 19.0937328339,
        "min": 3.8724296093,
        "var": 47.1819572449
    },
    "hfc": {
        "dmean": 1.70436942577,
        "dmean2": 2.38327765465,
        "dvar": 7.06156301498,
        "dvar2": 14.4987764359,
        "max": 53.4476852417,
        "mean": 10.0575122833,
        "median": 3.70228362083,
        "min": 1.20769176761e-16,
        "var": 146.684936523
    },
    "melbands_kurtosis": {
        "dmean": 2.01912426949,
        "dmean2": 3.05187487602,
        "dvar": 9.94950866699,
        "dvar2": 17.9088897705,
        "max": 56.1000175476,
        "mean": 5.49907875061,
        "median": 4.4691400528,
        "min": -1.50743687153,
        "var": 31.6930160522
    },
    "melbands_skewness": {
        "dmean": 0.347500801086,
        "dmean2": 0.51231098175,
        "dvar": 0.128267779946,
        "dvar2": 0.254072517157,
        "max": 6.72833442688,
        "mean": 1.69607901573,
        "median": 1.64504718781,
        "min": -0.410310059786,
        "var": 0.755646109581
    },
    "melbands_spread": {
        "dmean": 2.23705482483,
        "dmean2": 3.37037658691,
        "dvar": 54.5807380676,
        "dvar2": 125.658653259,
        "max": 166.580688477,
        "mean": 11.4532642365,
        "median": 9.33361911774,
        "min": 1.99842143059,
        "var": 113.558052063
    },
    "pitch_salience": {
        "dmean": 0.0474558286369,
        "dmean2": 0.073857858777,
        "dvar": 0.00182596070226,
        "dvar2": 0.00399318849668,
        "max": 0.793793678284,
        "mean": 0.535725414753,
        "median": 0.539037466049,
        "min": 0.12592510879,
        "var": 0.0115406485274
    },
    "silence_rate_20dB": {
        "dmean": 0,
        "dmean2": 0,
        "dvar": 0,
        "dvar2": 0,
        "max": 1,
        "mean": 1,
        "median": 1,
        "min": 1,
        "var": 0
    },
    "silence_rate_30dB": {
        "dmean": 0.00260416674428,
        "dmean2": 0.00521512376145,
        "dvar": 0.00259739602916,
        "dvar2": 0.00518791098148,
        "max": 1,
        "mean": 0.99219763279,
        "median": 1,
        "min": 0,
        "var": 0.00774159515277
    },
    "silence_rate_60dB": {
        "dmean": 0.0364583320916,
        "dmean2": 0.0730117335916,
        "dvar": 0.0351292267442,
        "dvar2": 0.0885415077209,
        "max": 1,
        "mean": 0.228868663311,
        "median": 0,
        "min": 0,
        "var": 0.176488399506
    },
    "spectral_centroid": {
        "dmean": 74.0700302124,
        "dmean2": 99.0088119507,
        "dvar": 104436.242188,
        "dvar2": 97454.9453125,
        "max": 11157.9589844,
        "mean": 608.922363281,
        "median": 544.319030762,
        "min": 285.947509766,
        "var": 211354.921875
    },
    "spectral_complexity": {
        "dmean": 1.25520837307,
        "dmean2": 2.09908723831,
        "dvar": 1.50258004665,
        "dvar2": 3.84415245056,
        "max": 28,
        "mean": 11.2886867523,
        "median": 11,
        "min": 0,
        "var": 39.7060012817
    },
    "spectral_crest": {
        "dmean": 1.61530065536,
        "dmean2": 2.47889018059,
        "dvar": 2.13366961479,
        "dvar2": 4.88954639435,
        "max": 21.3136692047,
        "mean": 10.5708799362,
        "median": 9.58225440979,
        "min": 4.78216743469,
        "var": 13.8082523346
    },
    "spectral_decrease": {
        "dmean": 8.59365301142e-10,
        "dmean2": 1.19636078821e-09,
        "dvar": 1.4850890525e-18,
        "dvar2": 2.87739883917e-18,
        "max": 9.45126467381e-29,
        "mean": -5.36903854709e-09,
        "median": -3.19569259943e-09,
        "min": -3.4847506214e-08,
        "var": 3.55897800361e-17
    },
    "spectral_energy": {
        "dmean": 0.00337512441911,
        "dmean2": 0.00469113280997,
        "dvar": 2.28588414757e-05,
        "dvar2": 4.44805118605e-05,
        "max": 0.136026918888,
        "mean": 0.0211762282997,
        "median": 0.012434836477,
        "min": 1.10510861317e-20,
        "var": 0.00055395218078
    },
    "spectral_energyband_high": {
        "dmean": 4.36186610386e-06,
        "dmean2": 7.06715172782e-06,
        "dvar": 1.82706641483e-10,
        "dvar2": 3.78515663257e-10,
        "max": 0.000357414362952,
        "mean": 1.36475036925e-05,
        "median": 2.33032233155e-06,
        "min": 7.90412595884e-21,
        "var": 7.11047720703e-10
    },
    "spectral_energyband_low": {
        "dmean": 0.00119614356663,
        "dmean2": 0.00136205391027,
        "dvar": 3.98071551899e-06,
        "dvar2": 4.73344243801e-06,
        "max": 0.0772795677185,
        "mean": 0.00570299522951,
        "median": 0.00214630318806,
        "min": 4.09379650754e-23,
        "var": 8.97482532309e-05
    },
    "spectral_energyband_middle_high": {
        "dmean": 0.000740169314668,
        "dmean2": 0.00108217389788,
        "dvar": 1.73077830823e-06,
        "dvar2": 3.67436632587e-06,
        "max": 0.0206012129784,
        "mean": 0.0030329383444,
        "median": 0.000691851950251,
        "min": 1.59906321161e-21,
        "var": 1.78642931132e-05
    },
    "spectral_energyband_middle_low": {
        "dmean": 0.0028329230845,
        "dmean2": 0.0040730535984,
        "dvar": 1.87867863133e-05,
        "dvar2": 3.71074820578e-05,
        "max": 0.0743231400847,
        "mean": 0.0127841765061,
        "median": 0.00629721628502,
        "min": 2.95427424507e-22,
        "var": 0.000200243448489
    },
    "spectral_flatness_db": {
        "dmean": 0.0124879814684,
        "dmean2": 0.0191035363823,
        "dvar": 0.000111744971946,
        "dvar2": 0.000231830475968,
        "max": 0.378104478121,
        "mean": 0.249357461929,
        "median": 0.242700263858,
        "min": 0.0744954571128,
        "var": 0.00171887793113
    },
    "spectral_flux": {
        "dmean": 0.00831774156541,
        "dmean2": 0.0142216738313,
        "dvar": 7.74340078351e-05,
        "dvar2": 0.000215284089791,
        "max": 0.144288405776,
        "mean": 0.0382095314562,
        "median": 0.032262455672,
        "min": 1.05409757312e-10,
        "var": 0.000679774675518
    },
    "spectral_kurtosis": {
        "dmean": 8.18007564545,
        "dmean2": 14.5460834503,
        "dvar": 47.3203163147,
        "dvar2": 134.908966064,
        "max": 82.3086013794,
        "mean": 18.623500824,
        "median": 16.2837333679,
        "min": -1.22562098503,
        "var": 119.688117981
    },
    "spectral_rms": {
        "dmean": 0.000325014989357,
        "dmean2": 0.000449254963314,
        "dvar": 1.10795326691e-07,
        "dvar2": 2.221599118e-07,
        "max": 0.0115199470893,
        "mean": 0.00383681291714,
        "median": 0.00348303723149,
        "min": 3.28352666237e-12,
        "var": 5.93861614107e-06
    },
    "spectral_rolloff": {
        "dmean": 153.143234253,
        "dmean2": 275.130126953,
        "dvar": 833423.5,
        "dvar2": 1640952.625,
        "max": 19143.0175781,
        "mean": 803.085693359,
        "median": 581.396484375,
        "min": 215.33203125,
        "var": 1800869.75
    },
    "spectral_skewness": {
        "dmean": 0.581424951553,
        "dmean2": 1.02419960499,
        "dvar": 0.209144189954,
        "dvar2": 0.593145906925,
        "max": 6.98374080658,
        "mean": 2.87445306778,
        "median": 2.72037100792,
        "min": -0.0238611605018,
        "var": 0.79477339983
    },
    "spectral_spread": {
        "dmean": 294109.21875,
        "dmean2": 408602.625,
        "dvar": 3.66377723494e+12,
        "dvar2": 3.11673854362e+12,
        "max": 51516032,
        "mean": 2023808.875,
        "median": 1862436.375,
        "min": 862063,
        "var": 5.54612555776e+12
    },
    "spectral_strongpeak": {
        "dmean": 0.348204821348,
        "dmean2": 0.583867132664,
        "dvar": 0.452936381102,
        "dvar2": 1.10650265217,
        "max": 7.06946754456,
        "mean": 0.855193436146,
        "median": 0.459731549025,
        "min": 0,
        "var": 1.04157662392
    },
    "zerocrossingrate": {
        "dmean": 0.00374984741211,
        "dmean2": 0.00515591911972,
        "dvar": 0.00037137788604,
        "dvar2": 0.000584684486967,
        "max": 0.49658203125,
        "mean": 0.0289724115282,
        "median": 0.025390625,
        "min": 0.0078125,
        "var": 0.00133356265724
    },
    "barkbands": {
        "dmean": [1.09559014163e-05, 0.000449954211945, 0.000716293405276, 0.000523782859091, 0.00128806976136, 0.000483169453219, 0.000927394081373, 0.000956360483542, 0.000405032682465, 0.000112574314699, 0.000193923260667, 0.000265170034254, 0.000259255903075, 0.000295201025438, 7.062513032e-05, 9.22940962482e-05, 3.74661685782e-05, 4.06218787248e-05, 2.0935332941e-05, 7.92794799054e-06, 3.06165020447e-06, 6.37700907191e-07, 1.65047438827e-07, 5.19146539091e-08, 2.20212204027e-08, 5.80381609439e-09, 8.09205980001e-10],
        "dmean2": [1.98284506041e-05, 0.000463644595584, 0.000820023298729, 0.000895437726285, 0.00198099808767, 0.000544226903003, 0.00121981825214, 0.00138523743954, 0.000543873407878, 0.000172368861968, 0.000288194685709, 0.000386027939385, 0.000428945495514, 0.000445021229098, 0.000119556949358, 0.00014671079407, 6.15417884546e-05, 5.94916709815e-05, 3.48461398971e-05, 1.30579655888e-05, 4.83743951918e-06, 1.06068341665e-06, 2.72460908946e-07, 8.70373568773e-08, 3.65459911222e-08, 9.45767997251e-09, 1.47027678921e-09],
        "dvar": [3.20572207668e-10, 6.39523420887e-07, 1.87086459391e-06, 9.61573505265e-07, 7.43940290704e-06, 7.86929888363e-07, 3.39376379088e-06, 4.70486111226e-06, 1.212789698e-06, 5.13177553785e-08, 1.70764494101e-07, 3.34686774295e-07, 7.21430467365e-07, 5.78160950226e-07, 3.75202837688e-08, 4.71270631408e-08, 8.63009663732e-09, 2.76879585925e-08, 2.54393772714e-09, 2.95975216558e-10, 1.43780709561e-10, 2.20938263344e-12, 1.0243648513e-13, 8.56563507867e-15, 1.28297126493e-15, 6.5399228569e-17, 3.57328417502e-18],
        "dvar2": [1.07667585958e-09, 6.71136206165e-07, 2.37935273617e-06, 2.93665857498e-06, 1.7260608729e-05, 1.0494683238e-06, 5.31023670192e-06, 8.39518907014e-06, 2.20866490963e-06, 1.2383723913e-07, 3.54639212219e-07, 6.50121080525e-07, 1.93536698134e-06, 1.11912413558e-06, 1.00131245517e-07, 1.13739716312e-07, 2.04296703998e-08, 3.87286576142e-08, 6.90125334657e-09, 6.69944655307e-10, 2.80968304178e-10, 5.74976004308e-12, 2.80985548414e-13, 2.44926573191e-14, 3.65077256552e-15, 1.76130032584e-16, 1.02932171669e-17],
        "max": [0.000201814866159, 0.0299029797316, 0.0540197454393, 0.0108036715537, 0.055065356195, 0.0334660597146, 0.0465998835862, 0.0405311994255, 0.0186052601784, 0.00310519803315, 0.00503790844232, 0.011857165955, 0.0127263469622, 0.0138989426196, 0.00238904287107, 0.00454417662695, 0.00129453325644, 0.00477507291362, 0.000752709514927, 0.00034352808143, 0.00032178623951, 2.62245812337e-05, 4.25004600402e-06, 1.6508695353e-06, 5.59734417038e-07, 1.36207077617e-07, 2.53819969487e-08],
        "mean": [1.07099822344e-05, 0.00240787863731, 0.00293505820446, 0.000991329899989, 0.00413926597685, 0.00174387777224, 0.00227179261856, 0.00266096252017, 0.000942238490097, 0.000206843207707, 0.000373786897399, 0.000656255637296, 0.000496389984619, 0.000782702409197, 0.000136295013363, 0.000187266632565, 7.19786112313e-05, 8.79903964233e-05, 4.38230854343e-05, 2.06690001505e-05, 6.4460637077e-06, 1.80097106295e-06, 5.72548799482e-07, 2.10976423887e-07, 9.64122861546e-08, 1.90837621261e-08, 6.88097190338e-10],
        "median": [5.77338687435e-06, 0.000285082758637, 0.00114856171422, 0.000404999504099, 0.00146886077709, 0.000810329627711, 0.000705483660568, 0.000393939466449, 0.000194149237359, 8.31448633107e-05, 0.000118472882605, 0.000117342322483, 5.04218987771e-05, 6.63224927848e-05, 2.88565843221e-05, 2.69020620181e-05, 1.10110213427e-05, 9.11007191462e-06, 4.97891051054e-06, 3.44254431184e-06, 7.3487649388e-07, 2.6265971087e-07, 1.04571903137e-07, 7.19538917338e-08, 4.66462886095e-08, 1.01099697503e-08, 2.12970738267e-10],
        "min": [4.65929775834e-23, 1.15401759739e-23, 4.85505706296e-24, 9.2666670121e-24, 3.55993236558e-23, 2.74341210376e-23, 3.39190246841e-23, 4.63897543924e-23, 6.48030868957e-23, 9.11675945873e-23, 2.19461940025e-23, 6.24283694464e-23, 7.14958017483e-23, 8.35148801893e-23, 1.41186033413e-22, 1.0880583023e-22, 1.12761506975e-22, 2.05855954277e-22, 2.53621355871e-22, 5.1809042009e-22, 4.35547650039e-22, 4.20914090921e-22, 4.81213078659e-22, 7.93839740871e-22, 1.17519403512e-21, 1.76276994907e-21, 2.18589060385e-21],
        "var": [2.68308542051e-10, 1.8382061171e-05, 3.53457871825e-05, 2.32943511946e-06, 4.02893019782e-05, 1.0172061593e-05, 1.79121143447e-05, 2.80085369013e-05, 4.93166407978e-06, 1.21689055277e-07, 4.85307907638e-07, 1.9842796064e-06, 2.42634541792e-06, 3.06154743157e-06, 9.41265554388e-08, 1.37378023624e-07, 2.76144067612e-08, 9.47165545995e-08, 7.46527284434e-09, 1.48842160819e-09, 3.27185445403e-10, 1.04069218521e-11, 8.03037161507e-13, 8.14723112651e-14, 1.25088326402e-14, 4.43825914952e-16, 2.945893323e-18]
    },
    "erbbands": {
        "dmean": [0.00277643022127, 0.142399132252, 0.836565792561, 1.00375819206, 3.36229300499, 5.1880645752, 4.04855918884, 5.11512041092, 10.6132421494, 17.867193222, 17.3043193817, 7.73385810852, 7.06876134872, 4.82475423813, 7.69717073441, 7.25050354004, 11.413318634, 9.37554454803, 10.4141759872, 3.6908762455, 5.6120057106, 2.24689292908, 2.12575054169, 1.32260227203, 0.636225759983, 0.299332678318, 0.178792536259, 0.053620968014, 0.0279427152127, 0.0100526250899, 0.00418017385527, 0.0013921688078, 0.000721432967111, 0.000327561749145, 0.000152101682033, 4.7741112212e-05, 5.58434794584e-06, 8.70137910169e-07, 1.61279513122e-06, 3.78378058485e-06],
        "dmean2": [0.00340410834178, 0.146568253636, 0.910002291203, 1.6013417244, 5.25152349472, 8.33547782898, 4.70683145523, 5.70083379745, 12.7215681076, 26.1193618774, 24.9862766266, 10.5325803757, 9.52538585663, 7.14804983139, 11.657740593, 10.3578224182, 18.8852748871, 14.6369438171, 15.9099664688, 6.05662107468, 8.8555727005, 3.74132370949, 3.23831105232, 2.0291993618, 1.02193701267, 0.511862635612, 0.294185072184, 0.0863492786884, 0.0459263026714, 0.015494575724, 0.00704868836328, 0.00231674313545, 0.00121077196673, 0.000550333585124, 0.00025575782638, 7.7337383118e-05, 9.35370462685e-06, 1.48212484419e-06, 2.22138714889e-06, 5.25050609212e-06],
        "dvar": [1.99937985599e-05, 0.0635075941682, 2.59678435326, 2.39033436775, 47.089931488, 118.685302734, 52.7264442444, 103.50566864, 575.608581543, 1121.89782715, 1705.14208984, 361.027679443, 406.391601562, 124.577735901, 219.909179688, 206.220092773, 1408.69396973, 564.927612305, 860.383544922, 95.7392501831, 199.405685425, 27.7317066193, 46.2715644836, 17.8558044434, 1.88625943661, 0.345916837454, 0.473066687584, 0.0332506112754, 0.004900818225, 0.000545814924408, 7.04749691067e-05, 6.33298941466e-06, 1.90151058632e-06, 2.90679508907e-07, 6.06422645433e-08, 5.06182518123e-09, 7.07786884657e-11, 3.23502878131e-12, 5.22090010113e-12, 2.87542142874e-11],
        "dvar2": [2.5862151233e-05, 0.0684293881059, 3.17270350456, 7.0869178772, 109.686775208, 295.859924316, 65.4181594849, 149.351303101, 660.868896484, 2723.24804688, 3083.72290039, 645.467651367, 736.676818848, 255.671218872, 467.658203125, 384.433502197, 3910.74047852, 1291.06848145, 1686.44262695, 247.631317139, 467.12890625, 69.7910308838, 74.234413147, 28.4768047333, 4.6935710907, 0.939783990383, 0.945565462112, 0.0745453983545, 0.0120573090389, 0.00125397695228, 0.000196004242753, 1.73751504917e-05, 5.44919384993e-06, 8.26844598123e-07, 1.71558198758e-07, 1.39744358307e-08, 1.94622817862e-10, 8.1267952437e-12, 1.00577324247e-11, 5.61202681548e-11],
        "max": [0.163240402937, 8.7243309021, 64.2211761475, 20.2746124268, 139.019515991, 189.509353638, 214.901138306, 370.592132568, 719.031433105, 456.244750977, 818.766906738, 372.996246338, 436.278137207, 192.2706604, 227.333938599, 306.626922607, 484.210479736, 499.40322876, 581.657775879, 155.564926147, 309.114135742, 84.9238357544, 183.262161255, 109.778831482, 20.4914722443, 7.83266210556, 16.9750003815, 4.19502449036, 1.48870503902, 0.537314355373, 0.121634453535, 0.0534936524928, 0.0234663095325, 0.00805837381631, 0.00372289679945, 0.00139710283838, 0.000126986837131, 3.1931715057e-05, 6.4356274379e-05, 0.000151813146658],
        "mean": [0.0144355176017, 0.746458292007, 3.72403120995, 2.63378500938, 7.49115419388, 15.4363698959, 14.8829145432, 17.8904190063, 27.9734764099, 41.2692832947, 52.0574264526, 19.9985656738, 16.5011959076, 10.3769960403, 20.2675189972, 19.0582103729, 22.1124744415, 27.7820949554, 26.1940345764, 8.88503646851, 11.7595787048, 4.81756877899, 4.63472604752, 3.13564133644, 1.79714357853, 0.839124083519, 0.39659267664, 0.12845915556, 0.072462901473, 0.0329452417791, 0.0144807863981, 0.00613412167877, 0.00273753446527, 0.00128644041251, 0.000620874459855, 0.000194894630113, 1.88554167835e-05, 2.50453399531e-06, 1.03526517705e-05, 2.39199926e-05],
        "median": [0.00265563628636, 0.140946999192, 1.37720644474, 1.32749211788, 2.49302864075, 5.73506069183, 5.77488803864, 7.19958257675, 7.44636058807, 14.7100992203, 9.33088684082, 5.07341384888, 3.75823831558, 3.78787112236, 6.48532772064, 5.25745582581, 2.81720304489, 2.55632328987, 2.91833019257, 1.77993142605, 1.30549919605, 0.718093276024, 0.548643827438, 0.337970405817, 0.244707092643, 0.143544301391, 0.0527632459998, 0.0171273313463, 0.010188465938, 0.00538152130321, 0.00291071692482, 0.00178873830009, 0.00104070734233, 0.000588402617723, 0.000323302694596, 0.00010112059681, 1.06624347609e-05, 1.35927905376e-06, 5.76532102059e-06, 1.36848084367e-05],
        "min": [5.12798160536e-22, 9.87842170212e-22, 5.58480360971e-21, 1.81555416957e-20, 2.04433245528e-20, 1.43903913232e-19, 1.74245221218e-19, 2.78698603366e-19, 4.96948243434e-19, 1.1130137004e-18, 9.38692830931e-19, 1.51357436107e-18, 2.43357177278e-18, 2.48755275238e-18, 1.35494831314e-18, 3.14402127768e-18, 3.62853901276e-18, 4.12341842578e-18, 3.45409282542e-18, 7.40814684796e-18, 7.13781098889e-18, 6.5273401163e-18, 1.07612905514e-17, 1.05182781224e-17, 1.59544776752e-17, 2.47979268154e-17, 1.97385477362e-17, 1.7561431525e-17, 1.79829313323e-17, 9.70555745409e-18, 1.44508618449e-17, 1.49255725267e-17, 1.41951306867e-17, 1.14404438846e-17, 8.98325838012e-18, 6.26228415108e-18, 2.9999636381e-18, 1.52032094954e-18, 2.96227206781e-19, 3.11805828837e-20],
        "var": [0.00055974785937, 1.72027766705, 52.7802848816, 10.3564586639, 157.38041687, 601.801269531, 545.713989258, 1273.33984375, 3262.78857422, 4234.92675781, 10469.9443359, 1578.13867188, 1904.98522949, 401.454559326, 1049.69726562, 1326.74255371, 4029.67773438, 3482.8918457, 4244.06640625, 299.773162842, 583.848327637, 92.9646224976, 158.316192627, 67.0320129395, 10.4607572556, 2.02050971985, 1.0050355196, 0.0872918888927, 0.0184464119375, 0.00335184624419, 0.000493741885293, 7.79830152169e-05, 1.26188142531e-05, 2.43403860622e-06, 4.95642950682e-07, 4.82247770606e-08, 3.4140212879e-10, 8.62141694841e-12, 1.33341088171e-10, 7.08918757031e-10]
    },
    "gfcc": {
        "mean": [-142.977752686, 194.696853638, -137.79460144, 5.08653116226, -43.2484474182, -13.2506284714, -32.6969032288, -8.99734783173, -14.2196054459, -7.61187839508, -2.93642020226, -17.9699554443, -4.57300424576],
        "cov": [[17754.9355469, 1848.85510254, -2318.57006836, 972.128845215, 204.315628052, -105.048103333, 170.060455322, -174.259231567, 82.2065353394, -404.03894043, 69.9494247437, -344.458404541, 195.111373901], [1848.85510254, 578.108825684, -33.9968910217, 87.1454391479, 68.8306884766, 36.6927261353, 47.7162284851, 1.91191089153, 2.69594454765, -55.827205658, 22.761346817, -59.2212333679, 17.7750797272], [-2318.57006836, -33.9968910217, 669.568237305, -45.7715415955, 73.5735244751, 109.095680237, 38.5579795837, 71.8955001831, 3.91239857674, 59.7109184265, 1.43163502216, 56.3180427551, -9.47163772583], [972.128845215, 87.1454391479, -45.7715415955, 308.410491943, 125.752441406, 27.8107299805, 71.1743240356, 22.5802173615, 6.69654130936, -39.1070976257, 3.18995547295, -8.4593296051, 48.4504356384], [204.315628052, 68.8306884766, 73.5735244751, 125.752441406, 137.237350464, 72.1984176636, 56.738571167, 13.1389694214, 17.4095897675, -9.05985355377, 8.89443683624, -2.8492641449, 8.93555545807], [-105.048103333, 36.6927261353, 109.095680237, 27.8107299805, 72.1984176636, 122.638366699, 55.8950080872, 16.9794979095, 4.40075159073, 8.26579189301, 2.59419417381, -1.66024315357, -19.453332901], [170.060455322, 47.7162284851, 38.5579795837, 71.1743240356, 56.738571167, 55.8950080872, 87.1982955933, 34.2310905457, 16.7650718689, -11.7504806519, 8.16754055023, -8.5636472702, 5.03948783875], [-174.259231567, 1.91191089153, 71.8955001831, 22.5802173615, 13.1389694214, 16.9794979095, 34.2310905457, 68.5025482178, 19.3457279205, 0.470501214266, -8.82828712463, 7.97515058517, 9.27752017975], [82.2065353394, 2.69594454765, 3.91239857674, 6.69654130936, 17.4095897675, 4.40075159073, 16.7650718689, 19.3457279205, 68.6057281494, 25.7813339233, 2.8817949295, -16.7134094238, -14.5483465195], [-404.03894043, -55.827205658, 59.7109184265, -39.1070976257, -9.05985355377, 8.26579189301, -11.7504806519, 0.470501214266, 25.7813339233, 64.6084899902, 16.6231021881, 9.80272483826, -24.3549938202], [69.9494247437, 22.761346817, 1.43163502216, 3.18995547295, 8.89443683624, 2.59419417381, 8.16754055023, -8.82828712463, 2.8817949295, 16.6231021881, 47.0846595764, 17.8201351166, 5.04597568512], [-344.458404541, -59.2212333679, 56.3180427551, -8.4593296051, -2.8492641449, -1.66024315357, -8.5636472702, 7.97515058517, -16.7134094238, 9.80272483826, 17.8201351166, 67.5069732666, 39.9855575562], [195.111373901, 17.7750797272, -9.47163772583, 48.4504356384, 8.93555545807, -19.453332901, 5.03948783875, 9.27752017975, -14.5483465195, -24.3549938202, 5.04597568512, 39.9855575562, 94.3815689087]],
        "icov": [[0.000315972254612, -0.000845186179504, 0.00101625255775, -0.000676535768434, 0.000351244409103, -0.00056814175332, 0.000181039198651, 0.000184964577784, -0.000661460566334, 0.000278067425825, -6.45802574581e-05, -0.000132168584969, -0.000193700921955], [-0.000845186179504, 0.00488378014416, -0.00293355551548, 0.00186859245878, -0.00144696072675, 0.000525031122379, 0.000646375643555, -0.00136619107798, 0.00176851556171, 0.00171746173874, -0.0036278849002, 0.00467762164772, -0.00115315651055], [0.00101625255775, -0.00293355551548, 0.0058452328667, -0.00105337693822, -0.00108919385821, -0.00249284389429, 0.000478771253256, -0.00194837688468, -0.000385859806556, -0.0019476658199, 0.00125346519053, -0.00212188251317, -0.000395896087866], [-0.000676535768434, 0.00186859245878, -0.00105337693822, 0.00890509877354, -0.00863440800458, 0.00444264058024, -0.00363998510875, -0.00212403247133, 0.00389605155215, -0.00160336436238, 0.000973354268353, 0.00195115478709, -0.00218601198867], [0.000351244409103, -0.00144696072675, -0.00108919385821, -0.00863440800458, 0.0224631354213, -0.0102652283385, -0.000138743402204, 0.00542633933946, -0.00837785191834, 0.00547938467935, -0.00255823205225, -0.00190790137276, 0.000168665472302], [-0.00056814175332, 0.000525031122379, -0.00249284389429, 0.00444264058024, -0.0102652283385, 0.0209625586867, -0.0122768664733, 0.00130326824728, 0.00659567071125, -0.00633913697675, 0.0061096297577, -0.00335827167146, 0.00484177377075], [0.000181039198651, 0.000646375643555, 0.000478771253256, -0.00363998510875, -0.000138743402204, -0.0122768664733, 0.0304981917143, -0.0120384888723, -0.00464271428064, 0.00919228699058, -0.0129422284663, 0.00810742285103, -0.00262818369083], [0.000184964577784, -0.00136619107798, -0.00194837688468, -0.00212403247133, 0.00542633933946, 0.00130326824728, -0.0120384888723, 0.027265695855, -0.00896691530943, 0.00125872879289, 0.0100652622059, -0.00881285220385, 0.000625408545602], [-0.000661460566334, 0.00176851556171, -0.000385859806556, 0.00389605155215, -0.00837785191834, 0.00659567071125, -0.00464271428064, -0.00896691530943, 0.0282962042838, -0.0161846894771, 0.000844255264383, 0.00930006057024, -0.00152237550355], [0.000278067425825, 0.00171746173874, -0.0019476658199, -0.00160336436238, 0.00547938467935, -0.00633913697675, 0.00919228699058, 0.00125872879289, -0.0161846894771, 0.0358534641564, -0.0140052251518, -0.0038908214774, 0.00644373800606], [-6.45802574581e-05, -0.0036278849002, 0.00125346519053, 0.000973354268353, -0.00255823205225, 0.0061096297577, -0.0129422284663, 0.0100652622059, 0.000844255264383, -0.0140052251518, 0.0382544025779, -0.0170612726361, 0.00334505690262], [-0.000132168584969, 0.00467762164772, -0.00212188251317, 0.00195115478709, -0.00190790137276, -0.00335827167146, 0.00810742285103, -0.00881285220385, 0.00930006057024, -0.0038908214774, -0.0170612726361, 0.0398710183799, -0.0174504537135], [-0.000193700921955, -0.00115315651055, -0.000395896087866, -0.00218601198867, 0.000168665472302, 0.00484177377075, -0.00262818369083, 0.000625408545602, -0.00152237550355, 0.00644373800606, 0.00334505690262, -0.0174504537135, 0.0219985153526]]
    },
    "melbands": {
        "dmean": [6.93857728038e-05, 0.000353546551196, 0.000231724916375, 0.00031009860686, 0.000155537723913, 0.000112031404569, 0.000160511903232, 0.000212383631151, 0.000114522517833, 5.79525622015e-05, 3.62815044355e-05, 1.91773469851e-05, 2.60337892541e-05, 3.5025888792e-05, 8.9557352112e-06, 3.70075213141e-05, 1.62971427926e-05, 2.28640583373e-05, 6.12347730566e-06, 4.71445355288e-06, 6.87414785716e-06, 2.74619264928e-06, 1.41933617215e-06, 2.32015850088e-06, 1.0509816093e-06, 8.27309122542e-07, 4.24018566036e-07, 1.82415888617e-07, 1.58540188977e-07, 3.44823156695e-08, 3.35990044675e-08, 1.92258386988e-08, 1.22038343875e-08, 4.72277639219e-09, 3.16871129336e-09, 1.50294787726e-09, 8.71684002757e-10, 6.4852739845e-10, 4.05644157153e-10, 2.91833196497e-10],
        "dmean2": [7.39786628401e-05, 0.000376181182219, 0.00037136321771, 0.000507441058289, 0.000194598425878, 0.000123862060718, 0.000201008821023, 0.000309437717078, 0.000165438730619, 7.8536257206e-05, 4.92338731419e-05, 2.87576513074e-05, 3.86928186344e-05, 5.10535392095e-05, 1.48314884427e-05, 6.04691304034e-05, 2.50130105997e-05, 3.49297733919e-05, 1.02818603409e-05, 7.823156011e-06, 1.07436708277e-05, 4.6416234909e-06, 2.30023238146e-06, 3.29228896589e-06, 1.65549204212e-06, 1.36655830829e-06, 6.88338161581e-07, 3.05395275291e-07, 2.65347352979e-07, 5.82296344476e-08, 5.47216458813e-08, 3.25858913186e-08, 1.96617229165e-08, 7.74606423448e-09, 5.34111865846e-09, 2.51069787183e-09, 1.41520062336e-09, 1.08690711986e-09, 6.89120760455e-10, 5.00764207878e-10],
        "dvar": [1.46623149178e-08, 4.21821482632e-07, 1.40974620422e-07, 5.27181612142e-07, 7.5983940917e-08, 4.57077646843e-08, 1.10320030444e-07, 1.48850133996e-07, 7.30715044028e-08, 2.30170780213e-08, 1.04431796544e-08, 1.7966174104e-09, 2.77718403829e-09, 6.76905820285e-09, 3.12382092416e-10, 1.32560868948e-08, 1.81320058967e-09, 4.47354642219e-09, 3.31405486387e-10, 1.24021778958e-10, 3.23606280661e-10, 4.31345410778e-11, 1.1155783762e-11, 1.45944395458e-10, 7.57862609474e-12, 4.03206417907e-12, 9.6388587216e-13, 1.37509158248e-13, 3.47953464002e-13, 8.38390924203e-15, 2.00114972743e-14, 1.73529744668e-15, 1.33131651743e-15, 1.00996813881e-16, 4.27690228475e-17, 8.96330926529e-18, 2.18522568311e-18, 1.5532478044e-18, 5.64811898647e-19, 2.2075659186e-19],
        "dvar2": [1.58151092222e-08, 5.04839704263e-07, 3.90898321712e-07, 1.29985505737e-06, 1.13929495171e-07, 6.26899421263e-08, 1.39065846838e-07, 3.31700164224e-07, 1.32379668116e-07, 4.15384420194e-08, 1.90237923192e-08, 3.72658304215e-09, 5.93364779533e-09, 1.25788508498e-08, 8.32820867824e-10, 3.53083819959e-08, 3.98606214702e-09, 8.70695959776e-09, 8.75882366635e-10, 3.27483984375e-10, 7.45467076957e-10, 1.11396135372e-10, 2.63515268634e-11, 2.04036953999e-10, 1.50001053245e-11, 1.07592970991e-11, 2.18571558422e-12, 4.09094714484e-13, 6.93547866706e-13, 2.07950620428e-14, 4.33747682953e-14, 4.93299325338e-15, 2.7652633584e-15, 2.73232552933e-16, 1.23518169252e-16, 2.58109335525e-17, 6.18436001506e-18, 4.44442860995e-18, 1.63500457839e-18, 6.27174492594e-19],
        "max": [0.00463713519275, 0.0252797156572, 0.00488247303292, 0.0148121230304, 0.00773624377325, 0.00748638669029, 0.00963303726166, 0.0048464871943, 0.0053565884009, 0.00280670961365, 0.00218454026617, 0.000714175286703, 0.000729709165171, 0.00174366950523, 0.000186826946447, 0.00178864400368, 0.000866026268341, 0.0013375133276, 0.000253227335634, 0.000157182003022, 0.000402179954108, 0.000109902364784, 5.38725798833e-05, 0.000352446775651, 5.71760101593e-05, 3.10787036142e-05, 1.9889919713e-05, 4.42692635261e-06, 1.42392982525e-05, 1.67264568063e-06, 3.09842971546e-06, 5.11836447004e-07, 8.872546573e-07, 1.3412267208e-07, 8.49344772291e-08, 4.92975331667e-08, 2.70450399853e-08, 2.16202451497e-08, 1.48081165108e-08, 6.37051478236e-09],
        "mean": [0.000376556825358, 0.00164949754253, 0.000607219932135, 0.000845352769829, 0.000577619532123, 0.000391223991755, 0.000424106809078, 0.000528959091753, 0.000339166464983, 0.00013516859326, 8.1207639596e-05, 3.92864021705e-05, 5.93783515797e-05, 9.05947454157e-05, 1.53897217388e-05, 7.59348622523e-05, 4.66921337647e-05, 5.49703436263e-05, 1.12565849122e-05, 1.06208644866e-05, 1.35877335197e-05, 4.94868345413e-06, 2.79140408566e-06, 5.00336864206e-06, 2.25818257604e-06, 1.81106395303e-06, 9.75264697445e-07, 4.11541265066e-07, 3.05685091462e-07, 8.44622931595e-08, 6.8616955673e-08, 4.44713137426e-08, 2.69742983505e-08, 1.45227661008e-08, 8.8963867384e-09, 5.26073318241e-09, 3.03727287765e-09, 2.00779992632e-09, 1.38041278408e-09, 9.52124823428e-10],
        "median": [4.65081830043e-05, 0.000549634860363, 0.000290603551548, 0.000317610800266, 0.000218229135498, 0.000163127595442, 0.000128396670334, 0.000154546461999, 6.54499672237e-05, 2.6650081054e-05, 1.74271317519e-05, 1.48947019625e-05, 2.00386075448e-05, 1.25911301438e-05, 5.72495537199e-06, 5.76746788283e-06, 4.42333839601e-06, 5.2107375268e-06, 2.22596668209e-06, 1.91559774976e-06, 1.48560332036e-06, 7.74164334416e-07, 4.83596068079e-07, 3.93265423781e-07, 2.49326632229e-07, 1.80884185852e-07, 1.50412489575e-07, 7.88648790717e-08, 3.90453180898e-08, 1.38142013384e-08, 7.9909305839e-09, 6.0338991581e-09, 4.31254765232e-09, 2.36813324506e-09, 1.68717917415e-09, 1.30559218992e-09, 9.80390102434e-10, 7.68551944308e-10, 5.25192167533e-10, 4.63684979302e-10],
        "min": [7.04863942666e-24, 2.37898676454e-24, 3.41450830317e-24, 4.49819492767e-24, 7.68426567877e-24, 7.43194694051e-24, 8.0977155678e-24, 1.43654079418e-23, 8.20020674319e-24, 9.05186570963e-24, 1.17784395774e-23, 1.07590727268e-23, 3.32762671294e-24, 7.69854248343e-24, 7.07652250422e-24, 8.16089701542e-24, 7.91060407197e-24, 5.30915932102e-24, 1.11632676997e-23, 8.25901395709e-24, 8.58018605288e-24, 7.00559286479e-24, 5.88890976635e-24, 1.00037163219e-23, 7.67203754587e-24, 1.08516849971e-23, 1.52906202991e-23, 1.43655199601e-23, 1.15542216423e-23, 1.07750148168e-23, 9.6111586251e-24, 1.00544495445e-23, 7.47520886141e-24, 4.85958473012e-24, 7.25479560247e-24, 1.03972072412e-23, 8.19259896862e-24, 9.25385433327e-24, 1.13511223025e-23, 9.11255751224e-24],
