{
"metadata": {
    "version": {
        "essentia": "2.0.1",
        "extractor": "archive-music 1.0"
    },
    "audio_properties": {
        "analysis_sample_rate": 44100,
        "bitrate": 128,
        "channels": 2,
        "equal_loudness": 0,
        "length": 16.9534702301,
        "replay_gain": -3.14797782898,
        "downmix": "mix"
    },
    "tags": {
        "track": 0,
        "year": 2008,
        "album": "Soundtrack360",
        "artist": "Experiment - Soundtrack 360",
        "comment": "",
        "genre": "",
        "title": "152"
    }
},
"highlevel": {
    "culture": {
        "all": {
            "non_western": 2.13997623177e-07,
            "western": 0.999999761581
        },
        "probability": 0.999999761581,
        "value": "western"
    },
    "danceability": {
        "all": {
            "danceable": 0.095079921186,
            "not_danceable": 0.904920101166
        },
        "probability": 0.904920101166,
        "value": "not_danceable"
    },
    "gender": {
        "all": {
            "female": 0.43557497859,
            "male": 0.564424991608
        },
        "probability": 0.564424991608,
        "value": "male"
    },
    "genre_dortmund": {
        "all": {
            "alternative": 0.326635569334,
            "blues": 0.00714853219688,
            "electronic": 0.0158518664539,
            "folkcountry": 0.287936329842,
            "funksoulrnb": 0.00288066151552,
            "jazz": 0.0683693215251,
            "pop": 0.0971056818962,
            "raphiphop": 0.00158794852905,
            "rock": 0.192484080791
        },
        "probability": 0.326635569334,
        "value": "alternative"
    },
    "genre_electronic": {
        "all": {
            "ambient": 0.976625144482,
            "dnb": 0.00936283264309,
            "house": 0.00890623312443,
            "techno": 0.00209021847695,
            "trance": 0.00301555031911
        },
        "probability": 0.976625144482,
        "value": "ambient"
    },
    "genre_rosamerica": {
        "all": {
            "cla": 0.564849078655,
            "dan": 0.0112547129393,
            "hip": 0.00868581049144,
            "jaz": 0.0293745156378,
            "pop": 0.0576073527336,
            "rhy": 0.105499647558,
            "roc": 0.195369467139,
            "spe": 0.0273593999445
        },
        "probability": 0.564849078655,
        "value": "cla"
    },
    "genre_tzanetakis": {
        "all": {
            "blu": 0.0132956057787,
            "cla": 0.314961075783,
            "cou": 0.207919046283,
            "dis": 0.0297831837088,
            "hip": 0.00480979215354,
            "jaz": 0.0491629429162,
            "met": 0.00775270583108,
            "pop": 0.032951105386,
            "reg": 0.027190996334,
            "roc": 0.312173545361
        },
        "probability": 0.314961075783,
        "value": "cla"
    },
    "mirex_ballroom": {
        "all": {
            "ChaChaCha": 0.000278769584838,
            "Jive": 0.000327924062731,
            "Quickstep": 0.000955485156737,
            "Rumba-American": 0.000199897331186,
            "Rumba-International": 0.010498338379,
            "Rumba-Misc": 0.00241938512772,
            "Samba": 0.000164840908838,
            "Tango": 0.0021127066575,
            "VienneseWaltz": 0.142400711775,
            "Waltz": 0.840641915798
        },
        "probability": 0.840641915798,
        "value": "Waltz"
    },
    "mood_acoustic": {
        "all": {
            "acoustic": 0.965164363384,
            "not_acoustic": 0.0348356664181
        },
        "probability": 0.965164363384,
        "value": "acoustic"
    },
    "mood_aggressive": {
        "all": {
            "aggressive": 0.0582881197333,
            "not_aggressive": 0.941711902618
        },
        "probability": 0.941711902618,
        "value": "not_aggressive"
    },
    "mood_electronic": {
        "all": {
            "electronic": 0.116735190153,
            "not_electronic": 0.883264780045
        },
        "probability": 0.883264780045,
        "value": "not_electronic"
    },
    "mood_happy": {
        "all": {
            "happy": 0.280494391918,
            "not_happy": 0.719505608082
        },
        "probability": 0.719505608082,
        "value": "not_happy"
    },
    "mood_party": {
        "all": {
            "not_party": 0.993304312229,
            "party": 0.00669566448778
        },
        "probability": 0.993304312229,
        "value": "not_party"
    },
    "mood_relaxed": {
        "all": {
            "not_relaxed": 0.00462727667764,
            "relaxed": 0.995372712612
        },
        "probability": 0.995372712612,
        "value": "relaxed"
    },
    "mood_sad": {
        "all": {
            "not_sad": 0.140111878514,
            "sad": 0.859888136387
        },
        "probability": 0.859888136387,
        "value": "sad"
    },
    "moods_mirex": {
        "all": {
            "Cluster1": 0.11169795692,
            "Cluster2": 0.187359660864,
            "Cluster3": 0.618457853794,
            "Cluster4": 0.0547840408981,
            "Cluster5": 0.0277004949749
        },
        "probability": 0.618457853794,
        "value": "Cluster3"
    },
    "timbre": {
        "all": {
            "bright": 0.770059704781,
            "dark": 0.229940295219
        },
        "probability": 0.770059704781,
        "value": "bright"
    },
    "tonal_atonal": {
        "all": {
            "atonal": 0.00315627758391,
            "tonal": 0.996843695641
        },
        "probability": 0.996843695641,
        "value": "tonal"
    },
    "voice_instrumental": {
        "all": {
            "instrumental": 0.977785825729,
            "voice": 0.0222141593695
        },
        "probability": 0.977785825729,
        "value": "instrumental"
    }
},
"lowlevel": {
    "average_loudness": 0.965147733688,
    "barkbands_kurtosis": {
        "dmean": 1.60786569118,
        "dmean2": 2.51892971992,
        "dvar": 2.59748935699,
        "dvar2": 6.74529123306,
        "max": 21.5907802582,
        "mean": 4.42893266678,
        "median": 3.9824078083,
        "min": -0.635840415955,
        "var": 7.06549167633
    },
    "barkbands_skewness": {
        "dmean": 0.307384818792,
        "dmean2": 0.495871126652,
        "dvar": 0.106857873499,
        "dvar2": 0.273971021175,
        "max": 3.47268128395,
        "mean": 1.51399803162,
        "median": 1.50440466404,
        "min": -1.99705815315,
        "var": 0.288526594639
    },
    "barkbands_spread": {
        "dmean": 1.66314649582,
        "dmean2": 2.53715896606,
        "dvar": 4.66345977783,
        "dvar2": 11.0141658783,
        "max": 44.0991821289,
        "mean": 8.59249019623,
        "median": 8.07969760895,
        "min": 2.01708483696,
        "var": 13.4688472748
    },
    "dissonance": {
        "dmean": 0.0243916604668,
        "dmean2": 0.0411578603089,
        "dvar": 0.000481966213556,
        "dvar2": 0.00130868656561,
        "max": 0.499918282032,
        "mean": 0.450309991837,
        "median": 0.457079410553,
        "min": 0.35047274828,
        "var": 0.000920968304854
    },
    "dynamic_complexity": 2.25499153137,
    "erbbands_kurtosis": {
        "dmean": 1.12356221676,
        "dmean2": 1.72317683697,
        "dvar": 1.96541655064,
        "dvar2": 4.6415271759,
        "max": 17.9104309082,
        "mean": 1.1049489975,
        "median": 0.545245289803,
        "min": -1.31569314003,
        "var": 4.36682271957
    },
    "erbbands_skewness": {
        "dmean": 0.340618997812,
        "dmean2": 0.507760941982,
        "dvar": 0.0946914106607,
        "dvar2": 0.218241110444,
        "max": 3.55410647392,
        "mean": 0.984128177166,
        "median": 0.922782361507,
        "min": -0.787366390228,
        "var": 0.341505795717
    },
    "erbbands_spread": {
        "dmean": 3.94514393806,
        "dmean2": 6.03711271286,
        "dvar": 11.2082767487,
        "dvar2": 26.2249755859,
        "max": 44.9907875061,
        "mean": 22.2726097107,
        "median": 21.6703033447,
        "min": 5.73705387115,
        "var": 49.2245140076
    },
    "hfc": {
        "dmean": 2.78750872612,
        "dmean2": 4.02812862396,
        "dvar": 11.0138063431,
        "dvar2": 20.9831695557,
        "max": 61.4982872009,
        "mean": 13.2936048508,
        "median": 11.6059370041,
        "min": 1.06696386087e-16,
        "var": 61.3777999878
    },
    "melbands_kurtosis": {
        "dmean": 2.35758066177,
        "dmean2": 3.8426835537,
        "dvar": 6.11873579025,
        "dvar2": 16.3135814667,
        "max": 28.7172813416,
        "mean": 7.08315181732,
        "median": 6.31545114517,
        "min": -1.30170464516,
        "var": 14.6715602875
    },
    "melbands_skewness": {
        "dmean": 0.380187481642,
        "dmean2": 0.603861033916,
        "dvar": 0.120897784829,
        "dvar2": 0.308001816273,
        "max": 4.0972943306,
        "mean": 1.83179140091,
        "median": 1.8044116497,
        "min": -0.120475158095,
        "var": 0.497713506222
    },
    "melbands_spread": {
        "dmean": 2.12434697151,
        "dmean2": 3.40162277222,
        "dvar": 50.5546073914,
        "dvar2": 110.520004272,
        "max": 157.155838013,
        "mean": 10.5778245926,
        "median": 9.54529094696,
        "min": 2.92532467842,
        "var": 97.8617630005
    },
    "pitch_salience": {
        "dmean": 0.0514566861093,
        "dmean2": 0.0820521265268,
        "dvar": 0.00185538234655,
        "dvar2": 0.00460026087239,
        "max": 0.836533248425,
        "mean": 0.576587915421,
        "median": 0.574615716934,
        "min": 0.319375097752,
        "var": 0.00745742442086
    },
    "silence_rate_20dB": {
        "dmean": 0,
        "dmean2": 0,
        "dvar": 0,
        "dvar2": 0,
        "max": 1,
        "mean": 1,
        "median": 1,
        "min": 1,
        "var": 0
    },
    "silence_rate_30dB": {
        "dmean": 0.00273597822525,
        "dmean2": 0.00547945220023,
        "dvar": 0.00272851507179,
        "dvar2": 0.00544944265857,
        "max": 1,
        "mean": 0.997267782688,
        "median": 1,
        "min": 0,
        "var": 0.00272481632419
    },
    "silence_rate_60dB": {
        "dmean": 0.00273597822525,
        "dmean2": 0.00547945220023,
        "dvar": 0.00272851670161,
        "dvar2": 0.0054494435899,
        "max": 1,
        "mean": 0.0450819656253,
        "median": 0,
        "min": 0,
        "var": 0.0430494956672
    },
    "spectral_centroid": {
        "dmean": 90.8527984619,
        "dmean2": 118.143447876,
        "dvar": 141733.890625,
        "dvar2": 63518.3632812,
        "max": 10966.0029297,
        "mean": 627.778076172,
        "median": 570.989685059,
        "min": 295.688232422,
        "var": 301453.0625
    },
    "spectral_complexity": {
        "dmean": 1.88508892059,
        "dmean2": 3.15890407562,
        "dvar": 2.391715765,
        "dvar2": 6.26241493225,
        "max": 28,
        "mean": 15.6243171692,
        "median": 16,
        "min": 0,
        "var": 18.8902988434
    },
    "spectral_crest": {
        "dmean": 1.94383478165,
        "dmean2": 3.02819180489,
        "dvar": 3.2219645977,
        "dvar2": 7.72225952148,
        "max": 19.7467956543,
        "mean": 9.51364612579,
        "median": 8.86806106567,
        "min": 4.28960704803,
        "var": 10.3037586212
    },
    "spectral_decrease": {
        "dmean": 1.83212167659e-09,
        "dmean2": 2.6838808953e-09,
        "dvar": 4.49295309263e-18,
        "dvar2": 9.93585777151e-18,
        "max": -3.6151074272e-29,
        "mean": -8.8162419587e-09,
        "median": -7.70990737919e-09,
        "min": -3.89468439721e-08,
        "var": 2.66358030224e-17
    },
    "spectral_energy": {
        "dmean": 0.00714943604544,
        "dmean2": 0.0104610100389,
        "dvar": 6.82720929035e-05,
        "dvar2": 0.000149969127961,
        "max": 0.152572229505,
        "mean": 0.0344802737236,
        "median": 0.0302608348429,
        "min": 1.017273422e-20,
        "var": 0.00040492072003
    },
    "spectral_energyband_high": {
        "dmean": 8.21144658403e-06,
        "dmean2": 1.38384166348e-05,
        "dvar": 1.01833756705e-10,
        "dvar2": 2.79389761326e-10,
        "max": 0.000147136699525,
        "mean": 2.90591906378e-05,
        "median": 2.21590125875e-05,
        "min": 7.63849516125e-21,
        "var": 5.43562084232e-10
    },
    "spectral_energyband_low": {
        "dmean": 0.00291021284647,
        "dmean2": 0.00457457825541,
        "dvar": 1.76941903192e-05,
        "dvar2": 4.92373983434e-05,
        "max": 0.0628132671118,
        "mean": 0.0113208945841,
        "median": 0.00794446002692,
        "min": 1.71057845088e-23,
        "var": 0.000100126562756
    },
    "spectral_energyband_middle_high": {
        "dmean": 0.000744322896935,
        "dmean2": 0.00120273628272,
        "dvar": 6.75797650729e-07,
        "dvar2": 1.67077735114e-06,
        "max": 0.0100574772805,
        "mean": 0.00258486252278,
        "median": 0.00229257019237,
        "min": 1.50738803236e-21,
        "var": 2.54024735113e-06
    },
    "spectral_energyband_middle_low": {
        "dmean": 0.00587495882064,
        "dmean2": 0.00832242611796,
        "dvar": 5.09652891196e-05,
        "dvar2": 0.000100106502941,
        "max": 0.121041513979,
        "mean": 0.0220017228276,
        "median": 0.0187284257263,
        "min": 2.81487558114e-22,
        "var": 0.000214972562389
    },
    "spectral_flatness_db": {
        "dmean": 0.0139622800052,
        "dmean2": 0.0217657815665,
        "dvar": 0.00016984991089,
        "dvar2": 0.000396954070311,
        "max": 0.295018553734,
        "mean": 0.207897797227,
        "median": 0.207476586103,
        "min": 0.0624140352011,
        "var": 0.000947847147472
    },
    "spectral_flux": {
        "dmean": 0.0158899854869,
        "dmean2": 0.0269569475204,
        "dvar": 0.000278208928648,
        "dvar2": 0.000771689112298,
        "max": 0.182668030262,
        "mean": 0.0630751103163,
        "median": 0.0593004077673,
        "min": 1.04622095709e-10,
        "var": 0.000657687312923
    },
    "spectral_kurtosis": {
        "dmean": 5.89014673233,
        "dmean2": 10.4098777771,
        "dvar": 24.0302238464,
        "dvar2": 81.0840759277,
        "max": 38.3309364319,
        "mean": 12.8598871231,
        "median": 11.3792848587,
        "min": -1.20751225948,
        "var": 42.5505638123
    },
    "spectral_rms": {
        "dmean": 0.000584489433095,
        "dmean2": 0.000853497360367,
        "dvar": 3.21277866533e-07,
        "dvar2": 7.22367190065e-07,
        "max": 0.012200448662,
        "mean": 0.0055040656589,
        "median": 0.00543348584324,
        "min": 3.15033632861e-12,
        "var": 3.34454603035e-06
    },
    "spectral_rolloff": {
        "dmean": 134.795837402,
        "dmean2": 243.236404419,
        "dvar": 893123.9375,
        "dvar2": 1779822.625,
        "max": 19336.8164062,
        "mean": 663.911254883,
        "median": 538.330078125,
        "min": 279.931640625,
        "var": 1775002.25
    },
    "spectral_skewness": {
        "dmean": 0.471552491188,
        "dmean2": 0.816619932652,
        "dvar": 0.138895705342,
        "dvar2": 0.446880012751,
        "max": 4.49561882019,
        "mean": 2.41159629822,
        "median": 2.29659366608,
        "min": -0.0014556015376,
        "var": 0.317145556211
    },
    "spectral_spread": {
        "dmean": 276968.8125,
        "dmean2": 393865.90625,
        "dvar": 2.94799776154e+12,
        "dvar2": 2.43610812416e+12,
        "max": 43403920,
        "mean": 2313557.75,
        "median": 2163071,
        "min": 1526418.5,
        "var": 4.46983569408e+12
    },
    "spectral_strongpeak": {
        "dmean": 0.424418598413,
        "dmean2": 0.673505783081,
        "dvar": 0.288989186287,
        "dvar2": 0.590442121029,
        "max": 4.78287410736,
        "mean": 1.02214622498,
        "median": 0.726377487183,
        "min": 0,
        "var": 0.802608072758
    },
    "zerocrossingrate": {
        "dmean": 0.00405186600983,
        "dmean2": 0.00623194035143,
        "dvar": 0.000548352429178,
        "dvar2": 0.0011100837728,
        "max": 0.52001953125,
        "mean": 0.0280027966946,
        "median": 0.02490234375,
        "min": 0.01025390625,
        "var": 0.00124548992608
    },
    "barkbands": {
        "dmean": [1.52473721755e-05, 0.00102374097332, 0.00202249269933, 0.000794967520051, 0.00150547851808, 0.0014588215854, 0.00351209915243, 0.00117260799743, 0.000363530998584, 0.000375057308702, 0.000266033224761, 0.000224762407015, 0.000120996213809, 0.000141242169775, 0.000143968441989, 0.000155938148964, 6.20419305051e-05, 3.6450666812e-05, 3.3608495869e-05, 1.4339891095e-05, 4.95202857564e-06, 1.61887294325e-06, 7.19929573734e-07, 2.52740505857e-07, 9.06214339125e-08, 3.04420559871e-08, 3.97479205105e-08],
        "dmean2": [2.51120254688e-05, 0.00163506460376, 0.00312663125806, 0.00120886811055, 0.00249854964204, 0.00185199349653, 0.00515085738152, 0.00170966912992, 0.000515707361046, 0.000594724609982, 0.000436578615336, 0.000355306750862, 0.000204394353204, 0.000238297187025, 0.000252030673437, 0.000262234330876, 0.000109305918158, 6.3546714955e-05, 5.74928271817e-05, 2.48159321927e-05, 8.44258738653e-06, 2.79913047052e-06, 1.2188367009e-06, 4.23358159196e-07, 1.54913109895e-07, 5.078182852e-08, 6.65423769419e-08],
        "dvar": [4.68272531862e-10, 1.4819105445e-06, 1.21691218737e-05, 1.57799581757e-06, 4.39104678662e-06, 5.04713898408e-06, 3.76827047148e-05, 3.58609008799e-06, 5.81715255521e-07, 2.97397434679e-07, 2.9381695299e-07, 1.27443371412e-07, 2.51553124997e-08, 3.61048293485e-08, 3.83888050237e-08, 4.95599756789e-08, 8.41948821773e-09, 2.3561199658e-09, 5.1079838137e-09, 3.93380245045e-10, 5.06845884707e-11, 5.1665564188e-12, 1.29000651307e-12, 1.27916896368e-13, 1.82277746363e-14, 2.11914366162e-15, 1.38507272227e-15],
        "dvar2": [1.14338338797e-09, 4.53326492789e-06, 3.27722591464e-05, 4.90757565785e-06, 1.36415219458e-05, 8.81529103935e-06, 7.57955713198e-05, 7.01777344148e-06, 1.15788645871e-06, 6.94349864716e-07, 7.61080173106e-07, 2.90575087547e-07, 7.51652038389e-08, 9.88227455423e-08, 1.15684848367e-07, 1.2704946073e-07, 2.4498378437e-08, 6.85019996283e-09, 1.4046728225e-08, 1.06080377815e-09, 1.45689627029e-10, 1.3672012307e-11, 3.92185546191e-12, 3.33954896072e-13, 5.34513941084e-14, 5.89011888444e-15, 3.82808239589e-15],
        "max": [0.000303722743411, 0.0195566564798, 0.0513101518154, 0.01565823704, 0.0269986614585, 0.0353008322418, 0.0846396833658, 0.0297407247126, 0.0201385114342, 0.00732195936143, 0.0058734039776, 0.00494829611853, 0.00157704704907, 0.00149947742466, 0.00155874434859, 0.00338074890897, 0.00131205609068, 0.000453030399512, 0.00143345154356, 0.000194566469872, 6.79989389027e-05, 3.41702470905e-05, 1.64699613379e-05, 6.33692843621e-06, 2.20377864935e-06, 8.53545543578e-07, 4.48192537306e-07],
        "mean": [2.07603807212e-05, 0.0032460312359, 0.00662221666425, 0.00255432748236, 0.00381844164804, 0.00501161953434, 0.0070150224492, 0.00255967397243, 0.000977801741101, 0.000751400715671, 0.000342733925208, 0.000345948443282, 0.000205122792977, 0.00021351542091, 0.000232442253036, 0.000257398671238, 0.000118984040455, 7.44144999771e-05, 6.42510640319e-05, 2.8339214623e-05, 1.13063033496e-05, 4.62816251456e-06, 2.3530060389e-06, 1.00493446098e-06, 3.73103148377e-07, 9.72990932269e-08, 1.11783108991e-07],
        "median": [9.70216206042e-06, 0.0023179333657, 0.00341271096841, 0.0019108299166, 0.00274814339355, 0.00348354806192, 0.0032729296945, 0.00144005939364, 0.000582122127526, 0.00050265394384, 0.000142068049172, 0.000185955126653, 0.000154168548761, 0.000122533878312, 0.000165918259881, 0.000172103435034, 7.59901013225e-05, 5.1785937103e-05, 3.98957272409e-05, 1.96614200831e-05, 7.61563160268e-06, 2.82567202703e-06, 1.49814968609e-06, 6.32873252471e-07, 2.45534863552e-07, 5.45451150913e-08, 9.66214770415e-08],
        "min": [6.00760020043e-24, 4.74198962941e-24, 5.04975306196e-24, 4.66978203531e-24, 1.20571772673e-22, 1.85390043564e-23, 3.37181018116e-23, 1.88840032069e-23, 5.1105779454e-23, 8.07045348155e-23, 5.93518434705e-23, 6.66186786681e-23, 2.83408188294e-23, 8.54726625621e-23, 1.86942704841e-22, 1.5050658278e-22, 1.09492858659e-22, 1.88568755426e-22, 2.33719922467e-22, 2.35199951742e-22, 4.01170783107e-22, 4.36472169776e-22, 4.79880168787e-22, 7.47429779018e-22, 1.06329907607e-21, 1.42337447217e-21, 2.30330642803e-21],
        "var": [1.00903096989e-09, 9.79554079095e-06, 6.74396942486e-05, 6.29601845503e-06, 1.44912219184e-05, 2.5866784199e-05, 0.000103923935967, 9.53576818574e-06, 2.40938197749e-06, 7.15874307389e-07, 3.98280633362e-07, 2.34229673879e-07, 3.70489061652e-08, 5.88204613905e-08, 4.81502944183e-08, 9.13173465733e-08, 1.87378752514e-08, 4.76225858748e-09, 7.9663724506e-09, 7.04702018961e-10, 1.20728593789e-10, 2.47115626573e-11, 6.00284665725e-12, 9.82130934739e-13, 1.26372070902e-13, 1.25892236902e-14, 6.25856169935e-15]
    },
    "erbbands": {
        "dmean": [0.00995780620724, 0.307392984629, 1.96360814571, 2.54874539375, 3.39240884781, 5.83601379395, 7.2974486351, 14.8759737015, 45.8928947449, 42.024772644, 20.7921047211, 8.58571052551, 6.64869451523, 14.1981887817, 11.1216602325, 6.36336946487, 6.04002046585, 5.45136737823, 6.55035161972, 8.50232315063, 8.90236473083, 3.68999481201, 1.95359110832, 1.64677345753, 1.31627500057, 0.863735318184, 0.293342798948, 0.0998613983393, 0.0584039278328, 0.0355367437005, 0.0221213791519, 0.0076349247247, 0.00400034012273, 0.00135747971945, 0.000599335646257, 0.000201749280677, 5.29935168743e-05, 6.29310525255e-05, 3.8171911001e-06, 7.94666175352e-06],
        "dmean2": [0.0166561882943, 0.49207469821, 3.01681852341, 3.99382066727, 5.69832038879, 9.92874336243, 9.79161834717, 18.8462562561, 67.5734481812, 59.6291732788, 29.1989307404, 11.933131218, 9.99132633209, 22.4348888397, 17.7013721466, 10.1227397919, 10.2594146729, 9.30102825165, 10.9916219711, 14.7892026901, 15.2233562469, 6.47873926163, 3.43881869316, 2.79744839668, 2.22686052322, 1.48022508621, 0.502655029297, 0.169884726405, 0.100592315197, 0.0621417798102, 0.0376037694514, 0.0125130051747, 0.0067975865677, 0.00222696457058, 0.00102735881228, 0.000341134029441, 8.66387781571e-05, 0.000105156046629, 5.71794726056e-06, 1.16130422612e-05],
        "dvar": [0.000141801923746, 0.131675347686, 8.86991119385, 17.2950572968, 21.3687152863, 104.829353333, 87.2170791626, 571.096679688, 7882.40283203, 6467.62988281, 1057.0489502, 437.737213135, 64.6918869019, 466.668395996, 346.999786377, 97.0629501343, 68.7735290527, 52.6122131348, 77.6246795654, 241.578186035, 200.386001587, 37.5705871582, 8.48561573029, 10.3166856766, 3.25798726082, 1.50521147251, 0.187962695956, 0.0157141331583, 0.00652054790407, 0.00371970259584, 0.00139612902422, 0.000111906374514, 3.50757909473e-05, 3.49928427568e-06, 1.32316131385e-06, 9.36869355428e-08, 6.20776852145e-09, 3.46388184802e-09, 1.65610563457e-11, 8.4127801947e-11],
        "dvar2": [0.000442465650849, 0.393676042557, 23.3903369904, 51.4319076538, 68.4591751099, 337.990875244, 172.297286987, 1029.99291992, 16480.5703125, 12024.2480469, 1979.42480469, 852.184997559, 144.493133545, 1146.49841309, 886.119018555, 227.9581604, 204.691177368, 142.530456543, 220.858947754, 724.359741211, 515.642883301, 111.329566956, 24.9598464966, 28.6581630707, 8.97432994843, 4.0310883522, 0.545323431492, 0.0433565787971, 0.0187155585736, 0.0109988851473, 0.00403109099716, 0.000290190801024, 9.7862284747e-05, 8.75080604601e-06, 4.16545799453e-06, 2.78625918781e-07, 1.64135620651e-08, 9.4738181744e-09, 3.62329992398e-11, 1.83383100372e-10],
        "max": [0.129246816039, 5.60617542267, 52.0506591797, 51.4206619263, 53.3641319275, 147.748626709, 144.329391479, 364.839294434, 1262.03747559, 1085.44726562, 584.661254883, 566.805358887, 114.430511475, 278.885955811, 206.942214966, 150.556640625, 81.4194030762, 73.7821578979, 80.9295883179, 193.906707764, 228.49005127, 83.2172012329, 30.0048427582, 64.6687011719, 28.5424556732, 13.3378753662, 4.02485132217, 1.50571155548, 1.32604503632, 0.947553157806, 0.550777852535, 0.172157436609, 0.100279144943, 0.0298285949975, 0.0201668199152, 0.00576063012704, 0.00106589018833, 0.000705722835846, 7.84918738646e-05, 0.000170698593138],
        "mean": [0.033820129931, 1.02936542034, 7.00436115265, 8.24697494507, 8.97545909882, 13.2200880051, 23.0993080139, 49.6095199585, 90.6451797485, 89.6880111694, 49.3889122009, 24.7328300476, 16.8244247437, 26.6455230713, 17.4879207611, 10.9916830063, 10.2756223679, 9.25428962708, 11.9432258606, 13.5941419601, 14.4370450974, 7.62216949463, 4.38986301422, 3.56461024284, 2.73618865013, 1.71782183647, 0.642416715622, 0.265833556652, 0.166825279593, 0.101842574775, 0.0656784027815, 0.0285677406937, 0.0137174576521, 0.00535287894309, 0.00223973440006, 0.000780893140472, 0.000143722616485, 0.000184058240848, 2.10375637835e-05, 3.86200226785e-05],
        "median": [0.0276939198375, 0.760590493679, 3.95404934883, 6.47681808472, 6.18349695206, 8.31461524963, 15.8806476593, 34.5003738403, 46.0405807495, 40.2535247803, 31.0082359314, 14.054017067, 12.823431015, 15.8192501068, 10.1684474945, 7.09681463242, 7.79390144348, 6.44485664368, 7.83995342255, 7.73797559738, 9.57940673828, 4.94668388367, 2.96788167953, 2.50771665573, 2.10875177383, 1.19577801228, 0.421378672123, 0.187104910612, 0.104898825288, 0.0629808157682, 0.0397911816835, 0.0186781063676, 0.00879235751927, 0.00368308881298, 0.00141120422632, 0.000488249002956, 9.1431546025e-05, 0.000161058909725, 1.94010244741e-05, 3.39498983521e-05],
        "min": [1.90840144718e-22, 1.1352119896e-21, 4.33736071991e-21, 1.93551539167e-20, 1.44007582227e-19, 3.74756683908e-19, 3.34004364411e-19, 1.50245609721e-19, 4.98362515487e-19, 3.16425302978e-19, 6.84694305945e-19, 1.02912218005e-18, 1.98323396779e-18, 2.39290922823e-18, 1.87460281949e-18, 3.06539776045e-18, 1.26739207248e-18, 2.43105859128e-18, 9.52765406538e-18, 8.00285827553e-18, 7.01780362562e-18, 6.0454726679e-18, 1.1248773729e-17, 1.28344111345e-17, 1.14348471806e-17, 9.41072546836e-18, 1.99736241945e-17, 1.48456536446e-17, 1.68267479029e-17, 1.16418028068e-17, 1.64250127492e-17, 1.73901571618e-17, 1.2621060575e-17, 1.09225998699e-17, 7.47569193524e-18, 5.12710325103e-18, 2.66528636226e-18, 1.25351043084e-18, 3.1152720468e-19, 3.06230437638e-20],
        "var": [0.000655962154269, 0.899705171585, 67.965171814, 49.7644996643, 65.6452484131, 300.434295654, 496.93258667, 2575.46020508, 20123.34375, 20087.7558594, 3100.90209961, 1884.73632812, 211.866485596, 1047.58056641, 512.648376465, 175.634216309, 93.2197113037, 82.6599121094, 154.17930603, 322.636688232, 347.463256836, 80.287727356, 17.0542316437, 16.9308433533, 5.97334814072, 2.84458756447, 0.389349102974, 0.0533556453884, 0.0277030691504, 0.0114403478801, 0.00511451438069, 0.000784278381616, 0.000176263551111, 2.53397101915e-05, 5.50686763745e-06, 6.45460033866e-07, 2.4070731186e-08, 1.55255470702e-08, 1.04590142103e-10, 5.01340968739e-10]
    },
    "gfcc": {
        "mean": [-57.3877182007, 178.173049927, -127.265617371, 17.1666870117, -43.8946228027, -16.2378635406, -28.6418209076, -2.28225827217, -8.43249607086, -6.36015796661, -5.85014629364, -9.31736660004, -7.2621011734],
        "cov": [[11599.1269531, 1187.55432129, -846.216308594, 282.434570312, -277.212310791, -46.3989982605, -178.672180176, 33.5542030334, 37.0217628479, -23.2697715759, -25.3387393951, -139.043182373, -56.1781692505], [1187.55432129, 404.819671631, -58.8145904541, -33.7409362793, 9.18007087708, -67.375617981, 6.37451887131, -49.6224098206, 4.4498257637, -27.8996772766, 19.3291301727, -11.9720754623, 22.4554157257], [-846.216308594, -58.8145904541, 173.611541748, -1.10118865967, 49.479133606, -5.80664730072, 28.326084137, -19.3489074707, -2.46338534355, -10.9770507812, -0.46889385581, 6.33404302597, 6.87229919434], [282.434570312, -33.7409362793, -1.10118865967, 109.70690918, 22.7652740479, 44.68516922, -16.6152572632, 10.8869514465, -14.5106830597, -17.0002937317, -17.2373275757, -17.5420894623, -18.2382965088], [-277.212310791, 9.18007087708, 49.479133606, 22.7652740479, 78.2170791626, 24.8819847107, 15.8776741028, -16.9164619446, -8.67822742462, -14.6590204239, 3.38736200333, 2.89210796356, 4.91300201416], [-46.3989982605, -67.375617981, -5.80664730072, 44.68516922, 24.8819847107, 85.5908966064, 6.02714490891, 11.2793512344, -14.7159872055, -6.27533578873, -3.02275061607, -1.36715126038, -13.3406028748], [-178.672180176, 6.37451887131, 28.326084137, -16.6152572632, 15.8776741028, 6.02714490891, 51.7591705322, 7.00765132904, 0.997911095619, -3.20725274086, 4.3874669075, 2.15057754517, 4.90796375275], [33.5542030334, -49.6224098206, -19.3489074707, 10.8869514465, -16.9164619446, 11.2793512344, 7.00765132904, 50.9301376343, 21.8932800293, 12.8238811493, -2.96119642258, -2.77158856392, -10.2010011673], [37.0217628479, 4.4498257637, -2.46338534355, -14.5106830597, -8.67822742462, -14.7159872055, 0.997911095619, 21.8932800293, 56.2826652527, 33.1088180542, 12.981426239, 2.09259319305, 3.00150966644], [-23.2697715759, -27.8996772766, -10.9770507812, -17.0002937317, -14.6590204239, -6.27533578873, -3.20725274086, 12.8238811493, 33.1088180542, 55.7963409424, 25.0563278198, 6.45261383057, -3.62312674522], [-25.3387393951, 19.3291301727, -0.46889385581, -17.2373275757, 3.38736200333, -3.02275061607, 4.3874669075, -2.96119642258, 12.981426239, 25.0563278198, 55.6103591919, 26.2721824646, 8.47914123535], [-139.043182373, -11.9720754623, 6.33404302597, -17.5420894623, 2.89210796356, -1.36715126038, 2.15057754517, -2.77158856392, 2.09259319305, 6.45261383057, 26.2721824646, 48.5600509644, 23.1153526306], [-56.1781692505, 22.4554157257, 6.87229919434, -18.2382965088, 4.91300201416, -13.3406028748, 4.90796375275, -10.2010011673, 3.00150966644, -3.62312674522, 8.47914123535, 23.1153526306, 43.9964828491]],
        "icov": [[0.000287384842522, -0.000925348722376, 0.000777925015427, -0.00115808437113, 0.000951684836764, -0.000225698662689, 7.45747320252e-06, -1.83992960956e-05, -0.000153736982611, -0.000318657374009, 0.000245777220698, -9.46719010244e-05, 4.44728430011e-05], [-0.000925348722376, 0.00811153277755, 0.00108729372732, 0.00307785137556, -0.00450735492632, 0.00472157821059, -0.00295210187323, 0.00585550162941, -0.00374231836759, 0.00659535871819, -0.00479483930394, 0.0033714028541, -0.000642373692244], [0.000777925015427, 0.00108729372732, 0.0126988142729, -0.00442665908486, -0.00283750519156, 0.00442888773978, -0.0062136487104, 0.00679484102875, -0.00470679299906, 0.00288080261089, -0.000168643950019, -0.000579032639507, 0.00144322309643], [-0.00115808437113, 0.00307785137556, -0.00442665908486, 0.020839041099, -0.00841702427715, -0.00561505043879, 0.00892162322998, -0.00718804169446, 0.00333858886734, 0.003741459921, -0.00076359231025, 0.00452115386724, 0.000708020932507], [0.000951684836764, -0.00450735492632, -0.00283750519156, -0.00841702427715, 0.0262827910483, -0.00802883319557, -0.00504637788981, 0.00794456433505, -0.00449157413095, 0.00207972666249, -0.00102358544245, -0.00111209787428, -0.00123551290017], [-0.000225698662689, 0.00472157821059, 0.00442888773978, -0.00561505043879, -0.00802883319557, 0.0223648156971, -0.00574292475358, -0.000307994050672, 0.00301532959566, 0.00129900383763, -0.00246445904486, -0.00146178586874, 0.00367398001254], [7.45747320252e-06, -0.00295210187323, -0.0062136487104, 0.00892162322998, -0.00504637788981, -0.00574292475358, 0.0304948836565, -0.0149427149445, 0.00577657390386, 4.71910607303e-05, -0.00214494066313, 0.00405594939366, -0.00396685488522], [-1.83992960956e-05, 0.00585550162941, 0.00679484102875, -0.00718804169446, 0.00794456433505, -0.000307994050672, -0.0149427149445, 0.0433877333999, -0.0219107568264, 0.00647772103548, 0.00160946650431, -0.00373216532171, 0.00737193739042], [-0.000153736982611, -0.00374231836759, -0.00470679299906, 0.00333858886734, -0.00449157413095, 0.00301532959566, 0.00577657390386, -0.0219107568264, 0.0407976768911, -0.0230137184262, 0.00145917420741, 0.00320179783739, -0.00711769610643], [-0.000318657374009, 0.00659535871819, 0.00288080261089, 0.003741459921, 0.00207972666249, 0.00129900383763, 4.71910607303e-05, 0.00647772103548, -0.0230137184262, 0.0436505526304, -0.0181872788817, 0.00447609601542, 0.0053042829968], [0.000245777220698, -0.00479483930394, -0.000168643950019, -0.00076359231025, -0.00102358544245, -0.00246445904486, -0.00214494066313, 0.00160946650431, 0.00145917420741, -0.0181872788817, 0.0362996608019, -0.0198891106993, 0.00430684536695], [-9.46719010244e-05, 0.0033714028541, -0.000579032639507, 0.00452115386724, -0.00111209787428, -0.00146178586874, 0.00405594939366, -0.00373216532171, 0.00320179783739, 0.00447609601542, -0.0198891106993, 0.0418007746339, -0.0194923020899], [4.44728430011e-05, -0.000642373692244, 0.00144322309643, 0.000708020932507, -0.00123551290017, 0.00367398001254, -0.00396685488522, 0.00737193739042, -0.00711769610643, 0.0053042829968, 0.00430684536695, -0.0194923020899, 0.0369190089405]]
    },
    "melbands": {
        "dmean": [0.000179220951395, 0.000813460734207, 0.000422205106588, 0.000326118140947, 0.000256684434135, 0.000310709583573, 0.000710750988219, 0.000412020279327, 0.000137253693538, 5.16275104019e-05, 3.42533639923e-05, 6.05189561611e-05, 4.23986748501e-05, 3.28910464304e-05, 9.16662975214e-06, 1.23203772091e-05, 9.92491641227e-06, 1.15719776659e-05, 1.04346045191e-05, 8.85269855644e-06, 1.14711765491e-05, 3.92200036003e-06, 2.97095152746e-06, 1.79605035555e-06, 1.42118938129e-06, 1.62164053563e-06, 5.38747372048e-07, 5.44827344129e-07, 2.44504036573e-07, 8.34719671161e-08, 5.40664828463e-08, 4.38424017091e-08, 3.64184948864e-08, 1.86574311556e-08, 1.50372354568e-08, 1.03805373186e-08, 4.33734026473e-09, 3.59964369423e-09, 1.92217530781e-09, 1.2438461372e-09],
        "dmean2": [0.000288801733404, 0.00126164546236, 0.000671305460855, 0.000552622368559, 0.000361522019375, 0.000395244191168, 0.00104360282421, 0.0005859498051, 0.000192186867935, 7.30782048777e-05, 5.18583001394e-05, 9.53436683631e-05, 6.87494393787e-05, 5.17847001902e-05, 1.55275665747e-05, 2.09513418667e-05, 1.68941678567e-05, 1.94668646145e-05, 1.84525015356e-05, 1.51049507622e-05, 1.98689285753e-05, 6.86777866576e-06, 5.17273838341e-06, 3.15728175337e-06, 2.42496912506e-06, 2.74654962595e-06, 9.25272729546e-07, 9.3946925972e-07, 4.25848554642e-07, 1.39013096145e-07, 9.180810423e-08, 7.57355849146e-08, 6.41512585275e-08, 3.28405711514e-08, 2.5654729896e-08, 1.71480980526e-08, 7.23756388155e-09, 6.0826947923e-09, 3.25308957549e-09, 2.06452543949e-09],
        "dvar": [4.44061036831e-08, 1.32004345232e-06, 4.01908380354e-07, 2.22115730253e-07, 1.13321526385e-07, 2.37337133058e-07, 1.83920565178e-06, 5.8200237163e-07, 4.73013983537e-08, 1.33696245186e-08, 1.65855518208e-09, 8.72652616835e-09, 7.11318870472e-09, 2.7711770656e-09, 1.65786162576e-10, 2.06964806404e-10, 1.61691368628e-10, 3.25872662188e-10, 2.60882981884e-10, 2.3918667047e-10, 3.55543344766e-10, 6.12225756202e-11, 1.33445312092e-11, 6.0886408762e-12, 9.07419365342e-12, 8.06314043311e-12, 4.43845454097e-13, 5.8228394979e-13, 1.34335983093e-13, 1.09215344017e-14, 4.87255109985e-15, 4.15932606486e-15, 4.89227129741e-15, 9.82637098758e-16, 6.72887737859e-16, 2.35305885096e-16, 3.66078904776e-17, 2.704300584e-17, 9.85920377133e-18, 2.87476778444e-18],
        "dvar2": [1.39327454463e-07, 3.58465126737e-06, 1.18326954635e-06, 7.08088123247e-07, 2.6835792255e-07, 4.24174999125e-07, 3.7984282244e-06, 1.08659116904e-06, 8.92392648666e-08, 2.61732395757e-08, 3.61062424403e-09, 2.11780655235e-08, 1.84059594233e-08, 6.321404733e-09, 4.90635698736e-10, 5.89513271532e-10, 4.35745772798e-10, 9.18340570255e-10, 7.74969088901e-10, 7.00964619682e-10, 9.17015630097e-10, 1.81602385907e-10, 3.92165050433e-11, 1.75580956024e-11, 2.50748241615e-11, 2.20333092049e-11, 1.2382314141e-12, 1.53552908236e-12, 3.91868530897e-13, 3.05741150171e-14, 1.33519904117e-14, 1.21528272336e-14, 1.43267034114e-14, 2.89028457438e-15, 2.06628075889e-15, 6.15976441166e-16, 9.9581726229e-17, 7.43407664406e-17, 2.8149459171e-17, 7.65423225302e-18],
        "max": [0.00312961800955, 0.019271556288, 0.00821621995419, 0.00623964704573, 0.00421369541436, 0.00732714403421, 0.0194094739854, 0.0100184604526, 0.00386407645419, 0.00309443706647, 0.000573292432819, 0.001223242376, 0.000924521242268, 0.000749255705159, 0.000131913009682, 0.000116356401122, 0.000127522624098, 0.000171871433849, 0.000164244629559, 0.000203642150154, 0.000300914922263, 0.000113862850412, 3.38662903232e-05, 2.95566369459e-05, 6.13039010204e-05, 5.10194950039e-05, 5.51568882656e-06, 8.32727891975e-06, 3.63229992217e-06, 1.3763736888e-06, 8.42166741677e-07, 1.01978889688e-06, 9.6180951914e-07, 4.95255278565e-07, 3.69792360289e-07, 2.15604259779e-07, 9.24210965536e-08, 8.18181149498e-08, 4.11512743881e-08, 2.22248495163e-08],
        "mean": [0.000585900153965, 0.00289365695789, 0.00147322635166, 0.000810317811556, 0.000774609274231, 0.00103580369614, 0.00144143146463, 0.000898331054486, 0.000335654563969, 0.000138246963616, 8.21731373435e-05, 0.000112897403596, 5.90449853917e-05, 5.00685891893e-05, 1.45381463881e-05, 2.26853135246e-05, 1.5542796973e-05, 1.93830946955e-05, 1.71108622453e-05, 1.45664562297e-05, 1.71504689206e-05, 7.29486828277e-06, 5.31057094122e-06, 3.5143173136e-06, 2.7286293971e-06, 2.92550362246e-06, 1.1584488675e-06, 1.00900876987e-06, 4.37228919736e-07, 1.92428529999e-07, 1.29251844783e-07, 1.0211681456e-07, 7.67140377889e-08, 4.76361705637e-08, 3.87932743706e-08, 2.78623133454e-08, 1.34768916027e-08, 1.05991420085e-08, 6.06934946745e-09, 3.9355181336e-09],
        "median": [0.000442626565928, 0.00182635290548, 0.00114653026685, 0.000559279695153, 0.000497535336763, 0.000729362829588, 0.000750556238927, 0.000421406992245, 0.000213800434722, 8.13432707218e-05, 6.2316947151e-05, 6.75259216223e-05, 2.95979407383e-05, 2.60735650954e-05, 1.03374168248e-05, 1.73149128386e-05, 1.0142019164e-05, 1.00722027128e-05, 1.20399172374e-05, 8.22651145427e-06, 1.0036972526e-05, 3.63069898413e-06, 3.99771352022e-06, 2.32556067203e-06, 1.78298819264e-06, 1.79365190434e-06, 9.49048455823e-07, 6.83258519985e-07, 2.77029243989e-07, 1.40939533821e-07, 9.03105927819e-08, 6.22096791858e-08, 4.25620534372e-08, 3.04969560716e-08, 2.36794992503e-08, 1.69009908291e-08, 8.7277296501e-09, 6.82158907139e-09, 3.98475252794e-09, 2.82668599638e-09],
        "min": [2.21469898685e-24, 1.89186160569e-24, 6.74576811502e-24, 2.34712151713e-23, 1.28964353404e-23, 3.29717234327e-24, 7.56204351441e-24, 3.05217916459e-24, 6.11101670966e-24, 6.71227386984e-24, 9.78422208593e-24, 1.06264991296e-23, 7.77497837198e-24, 6.71706462212e-24, 3.55851604471e-24, 2.44302353459e-24, 4.12761568453e-24, 1.38594183577e-23, 1.273676516e-23, 9.75817942087e-24, 6.57560016814e-24, 5.54461024097e-24, 8.2202272441e-24, 9.14462234145e-24, 1.01957534652e-23, 8.46607574522e-24, 5.27872072856e-24, 6.42833206448e-24, 1.13242118904e-23, 7.29354445013e-24, 9.08536547683e-24, 8.85818379132e-24, 9.33047402642e-24, 5.45717447596e-24, 9.74831313753e-24, 7.77833576399e-24, 1.03260527764e-23, 8.39635464069e-24, 7.34004306733e-24, 9.36547420706e-24],
