{
"metadata": {
    "version": {
        "essentia": "2.0.1",
        "extractor": "archive-music 1.0"
    },
    "audio_properties": {
        "analysis_sample_rate": 44100,
        "bitrate": 128,
        "channels": 2,
        "equal_loudness": 0,
        "length": 15.9085712433,
        "replay_gain": -3.82858467102,
        "downmix": "mix"
    },
    "tags": {
        "track": 0,
        "year": 2008,
        "album": "Soundtrack360",
        "artist": "Experiment - Soundtrack 360",
        "comment": "",
        "genre": "",
        "title": "189"
    }
},
"highlevel": {
    "culture": {
        "all": {
            "non_western": 0.00954712741077,
            "western": 0.990452885628
        },
        "probability": 0.990452885628,
        "value": "western"
    },
    "danceability": {
        "all": {
            "danceable": 0.406927019358,
            "not_danceable": 0.59307295084
        },
        "probability": 0.59307295084,
        "value": "not_danceable"
    },
    "gender": {
        "all": {
            "female": 0.865522563457,
            "male": 0.134477421641
        },
        "probability": 0.865522563457,
        "value": "female"
    },
    "genre_dortmund": {
        "all": {
            "alternative": 0.253069609404,
            "blues": 0.00966564379632,
            "electronic": 0.18226853013,
            "folkcountry": 0.10837495327,
            "funksoulrnb": 0.031244950369,
            "jazz": 0.0105797983706,
            "pop": 0.0580330975354,
            "raphiphop": 0.0278007667512,
            "rock": 0.31896263361
        },
        "probability": 0.31896263361,
        "value": "rock"
    },
    "genre_electronic": {
        "all": {
            "ambient": 0.892569124699,
            "dnb": 0.0435021780431,
            "house": 0.0360905304551,
            "techno": 0.00821024272591,
            "trance": 0.0196279268712
        },
        "probability": 0.892569124699,
        "value": "ambient"
    },
    "genre_rosamerica": {
        "all": {
            "cla": 0.738367378712,
            "dan": 0.0402196347713,
            "hip": 0.0193286556751,
            "jaz": 0.0104181831703,
            "pop": 0.0999672487378,
            "rhy": 0.0197798926383,
            "roc": 0.0641511529684,
            "spe": 0.00776784401387
        },
        "probability": 0.738367378712,
        "value": "cla"
    },
    "genre_tzanetakis": {
        "all": {
            "blu": 0.00937271490693,
            "cla": 0.40967553854,
            "cou": 0.00926126632839,
            "dis": 0.0731609910727,
            "hip": 0.0343837477267,
            "jaz": 0.00906627532095,
            "met": 0.00589620089158,
            "pop": 0.26853993535,
            "reg": 0.0357690043747,
            "roc": 0.144874319434
        },
        "probability": 0.40967553854,
        "value": "cla"
    },
    "mirex_ballroom": {
        "all": {
            "ChaChaCha": 0.0263840220869,
            "Jive": 0.0364211723208,
            "Quickstep": 0.258690923452,
            "Rumba-American": 0.00520629668608,
            "Rumba-International": 0.0823719650507,
            "Rumba-Misc": 0.0450757294893,
            "Samba": 0.0238573551178,
            "Tango": 0.0344532616436,
            "VienneseWaltz": 0.395099312067,
            "Waltz": 0.0924399644136
        },
        "probability": 0.395099312067,
        "value": "VienneseWaltz"
    },
    "mood_acoustic": {
        "all": {
            "acoustic": 0.191454142332,
            "not_acoustic": 0.808545827866
        },
        "probability": 0.808545827866,
        "value": "not_acoustic"
    },
    "mood_aggressive": {
        "all": {
            "aggressive": 0.247509092093,
            "not_aggressive": 0.752490878105
        },
        "probability": 0.752490878105,
        "value": "not_aggressive"
    },
    "mood_electronic": {
        "all": {
            "electronic": 0.738163530827,
            "not_electronic": 0.261836439371
        },
        "probability": 0.738163530827,
        "value": "electronic"
    },
    "mood_happy": {
        "all": {
            "happy": 0.10613296181,
            "not_happy": 0.893867015839
        },
        "probability": 0.893867015839,
        "value": "not_happy"
    },
    "mood_party": {
        "all": {
            "not_party": 0.435759991407,
            "party": 0.56423997879
        },
        "probability": 0.56423997879,
        "value": "party"
    },
    "mood_relaxed": {
        "all": {
            "not_relaxed": 0.0210527777672,
            "relaxed": 0.978947222233
        },
        "probability": 0.978947222233,
        "value": "relaxed"
    },
    "mood_sad": {
        "all": {
            "not_sad": 0.608826398849,
            "sad": 0.391173601151
        },
        "probability": 0.608826398849,
        "value": "not_sad"
    },
    "moods_mirex": {
        "all": {
            "Cluster1": 0.161590725183,
            "Cluster2": 0.261543154716,
            "Cluster3": 0.120818771422,
            "Cluster4": 0.322134077549,
            "Cluster5": 0.133913293481
        },
        "probability": 0.322134077549,
        "value": "Cluster4"
    },
    "timbre": {
        "all": {
            "bright": 0.000213757812162,
            "dark": 0.999786257744
        },
        "probability": 0.999786257744,
        "value": "dark"
    },
    "tonal_atonal": {
        "all": {
            "atonal": 0.999982357025,
            "tonal": 1.76298144652e-05
        },
        "probability": 0.999982357025,
        "value": "atonal"
    },
    "voice_instrumental": {
        "all": {
            "instrumental": 9.3269336503e-06,
            "voice": 0.999990701675
        },
        "probability": 0.999990701675,
        "value": "voice"
    }
},
"lowlevel": {
    "average_loudness": 0.780159652233,
    "barkbands_kurtosis": {
        "dmean": 0.717547893524,
        "dmean2": 1.17094647884,
        "dvar": 0.735823810101,
        "dvar2": 1.95511555672,
        "max": 8.24720191956,
        "mean": 0.539349317551,
        "median": 0.241850137711,
        "min": -1.60173153877,
        "var": 1.87293970585
    },
    "barkbands_skewness": {
        "dmean": 0.299193114042,
        "dmean2": 0.490766197443,
        "dvar": 0.0971024036407,
        "dvar2": 0.249557211995,
        "max": 2.57516884804,
        "mean": 0.76605284214,
        "median": 0.732557237148,
        "min": -2.6576128006,
        "var": 0.381881922483
    },
    "barkbands_spread": {
        "dmean": 2.5076622963,
        "dmean2": 3.90056586266,
        "dvar": 27.7688941956,
        "dvar2": 58.5296974182,
        "max": 116.870582581,
        "mean": 16.1785011292,
        "median": 11.8974761963,
        "min": 4.83154964447,
        "var": 136.949523926
    },
    "dissonance": {
        "dmean": 0.02292942442,
        "dmean2": 0.0390001498163,
        "dvar": 0.000585112837143,
        "dvar2": 0.00169985555112,
        "max": 0.49960193038,
        "mean": 0.460908442736,
        "median": 0.468812525272,
        "min": 0.294675439596,
        "var": 0.000995740410872
    },
    "dynamic_complexity": 3.57192063332,
    "erbbands_kurtosis": {
        "dmean": 0.538311779499,
        "dmean2": 0.900849223137,
        "dvar": 0.288759410381,
        "dvar2": 0.804350852966,
        "max": 4.95632457733,
        "mean": 0.59806728363,
        "median": 0.366820812225,
        "min": -1.2294741869,
        "var": 1.26636016369
    },
    "erbbands_skewness": {
        "dmean": 0.216379791498,
        "dmean2": 0.357382923365,
        "dvar": 0.0358700528741,
        "dvar2": 0.089417591691,
        "max": 1.47729611397,
        "mean": 0.148070082068,
        "median": 0.174226641655,
        "min": -1.45415127277,
        "var": 0.197784021497
    },
    "erbbands_spread": {
        "dmean": 2.91990184784,
        "dmean2": 4.66488790512,
        "dvar": 14.9180870056,
        "dvar2": 37.7026252747,
        "max": 68.9447479248,
        "mean": 21.076292038,
        "median": 16.3724250793,
        "min": 5.89132213593,
        "var": 152.837310791
    },
    "hfc": {
        "dmean": 2.92387104034,
        "dmean2": 3.92904663086,
        "dvar": 65.5517883301,
        "dvar2": 83.0930328369,
        "max": 218.234817505,
        "mean": 16.6925468445,
        "median": 9.35363864899,
        "min": 1.21138416952e-16,
        "var": 700.498901367
    },
    "melbands_kurtosis": {
        "dmean": 1.49377191067,
        "dmean2": 2.49949717522,
        "dvar": 4.10601043701,
        "dvar2": 10.2849845886,
        "max": 25.2172470093,
        "mean": 2.54331421852,
        "median": 1.71953010559,
        "min": -1.35284221172,
        "var": 8.68604564667
    },
    "melbands_skewness": {
        "dmean": 0.367882281542,
        "dmean2": 0.611903548241,
        "dvar": 0.16207280755,
        "dvar2": 0.403701454401,
        "max": 4.92968845367,
        "mean": 1.36878848076,
        "median": 1.28404736519,
        "min": -0.849754571915,
        "var": 0.487558692694
    },
    "melbands_spread": {
        "dmean": 3.91314005852,
        "dmean2": 6.04334497452,
        "dvar": 91.7758407593,
        "dvar2": 191.766235352,
        "max": 164.018676758,
        "mean": 22.5626754761,
        "median": 14.9135990143,
        "min": 4.9565076828,
        "var": 484.716308594
    },
    "pitch_salience": {
        "dmean": 0.0589902177453,
        "dmean2": 0.0978558734059,
        "dvar": 0.00264181848615,
        "dvar2": 0.0069494266063,
        "max": 0.956082165241,
        "mean": 0.615797221661,
        "median": 0.634220957756,
        "min": 0.270914763212,
        "var": 0.0101936403662
    },
    "silence_rate_20dB": {
        "dmean": 0,
        "dmean2": 0,
        "dvar": 0,
        "dvar2": 0,
        "max": 1,
        "mean": 1,
        "median": 1,
        "min": 1,
        "var": 0
    },
    "silence_rate_30dB": {
        "dmean": 0.00291545200162,
        "dmean2": 0.0058394158259,
        "dvar": 0.00290693715215,
        "dvar2": 0.00872512161732,
        "max": 1,
        "mean": 0.99854439497,
        "median": 1,
        "min": 0,
        "var": 0.00145349651575
    },
    "silence_rate_60dB": {
        "dmean": 0.00874635577202,
        "dmean2": 0.017518248409,
        "dvar": 0.00866985879838,
        "dvar2": 0.0172114949673,
        "max": 1,
        "mean": 0.0873362421989,
        "median": 0,
        "min": 0,
        "var": 0.0797085538507
    },
    "spectral_centroid": {
        "dmean": 117.970024109,
        "dmean2": 163.727127075,
        "dvar": 135022.234375,
        "dvar2": 128385.4375,
        "max": 11124.7617188,
        "mean": 1030.91625977,
        "median": 673.006469727,
        "min": 362.12020874,
        "var": 735983.875
    },
    "spectral_complexity": {
        "dmean": 2.23906707764,
        "dmean2": 3.58832120895,
        "dvar": 6.22565364838,
        "dvar2": 12.1283245087,
        "max": 58,
        "mean": 19.1979618073,
        "median": 16,
        "min": 0,
        "var": 138.601318359
    },
    "spectral_crest": {
        "dmean": 1.78963267803,
        "dmean2": 3.04025530815,
        "dvar": 3.27661800385,
        "dvar2": 9.14504623413,
        "max": 20.1060466766,
        "mean": 7.58681869507,
        "median": 6.84900712967,
        "min": 2.41071748734,
        "var": 9.88932323456
    },
    "spectral_decrease": {
        "dmean": 1.39423517176e-09,
        "dmean2": 2.36472885717e-09,
        "dvar": 5.78099117961e-18,
        "dvar2": 1.71033686803e-17,
        "max": 1.81485016132e-19,
        "mean": -5.94117421926e-09,
        "median": -3.74629882671e-09,
        "min": -2.9624732889e-08,
        "var": 2.85717050952e-17
    },
    "spectral_energy": {
        "dmean": 0.00541985826567,
        "dmean2": 0.00918495282531,
        "dvar": 8.50621727295e-05,
        "dvar2": 0.000248063122854,
        "max": 0.11377274245,
        "mean": 0.0239374004304,
        "median": 0.0151673899963,
        "min": 1.0742849878e-20,
        "var": 0.000443102791905
    },
    "spectral_energyband_high": {
        "dmean": 0.000208831523196,
        "dmean2": 0.000215368781937,
        "dvar": 8.85778661086e-07,
        "dvar2": 1.07132063931e-06,
        "max": 0.0257868543267,
        "mean": 0.00079565460328,
        "median": 8.22660695121e-06,
        "min": 7.65445958551e-21,
        "var": 7.33755359761e-06
    },
    "spectral_energyband_low": {
        "dmean": 0.00424641976133,
        "dmean2": 0.00726056285203,
        "dvar": 7.15811620466e-05,
        "dvar2": 0.000211350547033,
        "max": 0.0905626788735,
        "mean": 0.00954976864159,
        "median": 0.00306721962988,
        "min": 6.85157755492e-23,
        "var": 0.000219133013161
    },
    "spectral_energyband_middle_high": {
        "dmean": 0.000958434597123,
        "dmean2": 0.00151923764497,
        "dvar": 1.92984612113e-06,
        "dvar2": 4.33829927715e-06,
        "max": 0.0421504490077,
        "mean": 0.0051775528118,
        "median": 0.00369733409025,
        "min": 1.41094414477e-21,
        "var": 2.97116603178e-05
    },
    "spectral_energyband_middle_low": {
        "dmean": 0.00234532519244,
        "dmean2": 0.00382615881972,
        "dvar": 9.83993868431e-06,
        "dvar2": 2.77759554592e-05,
        "max": 0.0459553524852,
        "mean": 0.00914979539812,
        "median": 0.00766910379753,
        "min": 1.96234476563e-22,
        "var": 4.61803465441e-05
    },
    "spectral_flatness_db": {
        "dmean": 0.0132953450084,
        "dmean2": 0.0216393526644,
        "dvar": 0.000179854774615,
        "dvar2": 0.000417255912907,
        "max": 0.312911778688,
        "mean": 0.188009783626,
        "median": 0.208573445678,
        "min": 0.0335522182286,
        "var": 0.00477600703016
    },
    "spectral_flux": {
        "dmean": 0.0113092716783,
        "dmean2": 0.0187255851924,
        "dvar": 0.000200683469302,
        "dvar2": 0.000553988735192,
        "max": 0.196779638529,
        "mean": 0.0619286298752,
        "median": 0.0528614148498,
        "min": 1.04961157821e-10,
        "var": 0.00128883111756
    },
    "spectral_kurtosis": {
        "dmean": 5.73898172379,
        "dmean2": 10.0590381622,
        "dvar": 47.5025978088,
        "dvar2": 140.768753052,
        "max": 95.3355026245,
        "mean": 17.8730945587,
        "median": 12.2431554794,
        "min": -1.24648487568,
        "var": 297.437133789
    },
    "spectral_rms": {
        "dmean": 0.000467520148959,
        "dmean2": 0.000770645099692,
        "dvar": 3.53550092314e-07,
        "dvar2": 9.91184606391e-07,
        "max": 0.0105355493724,
        "mean": 0.00435401592404,
        "median": 0.00384674570523,
        "min": 3.23741077349e-12,
        "var": 4.39610812464e-06
    },
    "spectral_rolloff": {
        "dmean": 254.097824097,
        "dmean2": 417.775268555,
        "dvar": 816184.375,
        "dvar2": 1553917.375,
        "max": 19444.4824219,
        "mean": 1526.28942871,
        "median": 925.927734375,
        "min": 193.798828125,
        "var": 4647562
    },
    "spectral_skewness": {
        "dmean": 0.390994727612,
        "dmean2": 0.66979944706,
        "dvar": 0.163582801819,
        "dvar2": 0.477115482092,
        "max": 8.01712703705,
        "mean": 2.73247098923,
        "median": 2.53829407692,
        "min": -0.0154467951506,
        "var": 2.29943013191
    },
    "spectral_spread": {
        "dmean": 335297.25,
        "dmean2": 445081.65625,
        "dvar": 3.33447351501e+12,
        "dvar2": 2.78416038298e+12,
        "max": 45273860,
        "mean": 2783374,
        "median": 2106322,
        "min": 962509.6875,
        "var": 7.14346227302e+12
    },
    "spectral_strongpeak": {
        "dmean": 0.36504727602,
        "dmean2": 0.637632608414,
        "dvar": 0.339835911989,
        "dvar2": 0.868899047375,
        "max": 5.92018508911,
        "mean": 0.786060750484,
        "median": 0.542839109898,
        "min": 0,
        "var": 0.699024498463
    },
    "zerocrossingrate": {
        "dmean": 0.0061519164592,
        "dmean2": 0.00759651558474,
        "dvar": 0.000449142855359,
        "dvar2": 0.000749399710912,
        "max": 0.51611328125,
        "mean": 0.0498565733433,
        "median": 0.0302734375,
        "min": 0.0048828125,
        "var": 0.00349136209115
    },
    "barkbands": {
        "dmean": [0.000100214303529, 0.00309345056303, 0.0016026381636, 0.000723223318346, 0.00075508095324, 0.00114406913053, 0.000844584021252, 0.000648771994747, 0.000346581306076, 0.000381800113246, 0.000666415784508, 0.000252662255662, 0.000190651815501, 0.000122941070003, 0.00015101605095, 7.8793411376e-05, 7.99497720436e-05, 6.87569627189e-05, 7.14026755304e-05, 5.6939861679e-05, 5.11886428285e-05, 4.52169988421e-05, 6.89986918587e-05, 8.58852945385e-05, 2.31113499467e-05, 2.84594557343e-06, 3.09497153239e-07],
        "dmean2": [0.000167929654708, 0.00528534222394, 0.00254202145152, 0.00118748040404, 0.00124133122154, 0.00198241206817, 0.00132355839014, 0.000964729697444, 0.000544627488125, 0.000624566164333, 0.00112973246723, 0.000416339054937, 0.000329708738718, 0.000199497459107, 0.000253211735981, 0.000127903840621, 0.000131915847305, 0.000115914765047, 0.000116883085866, 8.58406492625e-05, 7.95483865659e-05, 6.54672694509e-05, 9.46246873355e-05, 0.000114777780254, 2.60040687863e-05, 3.30359398504e-06, 4.57685104038e-07],
        "dvar": [6.55566765317e-08, 4.17825503973e-05, 1.52252832777e-05, 1.31582589802e-06, 1.09026780137e-06, 2.91047899736e-06, 1.19561934753e-06, 1.1745652273e-06, 2.48778178502e-07, 2.10512041576e-07, 1.00565080174e-06, 1.24886483377e-07, 1.40967728157e-07, 6.25680698363e-08, 1.35451585948e-07, 2.64898503133e-08, 2.91808959219e-08, 4.07074942643e-08, 5.97510592115e-08, 3.1305763315e-08, 2.80990448687e-08, 3.10857402042e-08, 8.54873078993e-08, 2.1839917963e-07, 1.49114640635e-08, 2.39839426097e-10, 5.62006214136e-12],
        "dvar2": [1.98526635131e-07, 0.00013048540859, 3.95571260015e-05, 3.48078742718e-06, 2.74697254099e-06, 9.29547604755e-06, 2.86145018435e-06, 2.62775574811e-06, 6.53652591609e-07, 5.14164014476e-07, 3.03296928905e-06, 3.17798935612e-07, 4.30491155612e-07, 1.65406547126e-07, 4.04190046766e-07, 6.90637378398e-08, 7.49563753288e-08, 1.03721539801e-07, 1.52796701514e-07, 7.41946735161e-08, 6.38785024876e-08, 5.85669006625e-08, 1.50293175238e-07, 4.53699016134e-07, 2.00253627014e-08, 3.43286732374e-10, 9.92032237607e-12],
        "max": [0.00282016629353, 0.0813268274069, 0.0626895949244, 0.0165021810681, 0.0127335879952, 0.0188798867166, 0.0120041193441, 0.0168134756386, 0.00850846339017, 0.00791028514504, 0.0192305762321, 0.00436486490071, 0.00516353733838, 0.00448778131977, 0.00550222303718, 0.00227501802146, 0.00317054963671, 0.00357664492913, 0.00372196966782, 0.00281029869802, 0.00345892598853, 0.00451097311452, 0.00630906457081, 0.0111557282507, 0.00303870462812, 0.0003839743149, 4.92317922181e-05],
        "mean": [0.000219551555347, 0.0058884494938, 0.00281349290162, 0.00110720249359, 0.00149260321632, 0.00214561773464, 0.00206335866824, 0.00124279945157, 0.000784392119385, 0.00100971094798, 0.00211048452184, 0.000529427779838, 0.000356342206942, 0.000259087479208, 0.000296208716463, 0.000172578293132, 0.00019966387481, 0.000188119593076, 0.000169066886883, 0.000162622949574, 0.000147843224113, 0.00017434694746, 0.000185443394003, 0.000173194755916, 4.12907684222e-05, 4.17039473177e-06, 3.61537189519e-07],
        "median": [2.30322029893e-06, 0.00129753537476, 0.000896426616237, 0.000575293553993, 0.000953761453275, 0.0014550081687, 0.00157701573335, 0.000740183575545, 0.000510560115799, 0.000741889176425, 0.00151084875688, 0.000355482799932, 0.000190819686395, 0.000100211065728, 0.000129281557747, 7.73647770984e-05, 6.26830224064e-05, 2.65633079835e-05, 1.28382671392e-05, 5.58978308618e-06, 2.21976893044e-06, 1.22286871829e-06, 8.40293580495e-07, 7.18086198503e-07, 3.38410956147e-07, 6.70370070566e-08, 1.40726763576e-09],
        "min": [4.51355759937e-24, 4.37895678746e-23, 1.83156021035e-23, 3.7121609055e-24, 2.3255658929e-23, 4.62455159091e-23, 3.11348158498e-23, 4.21101050955e-23, 4.32598319995e-23, 5.25475047998e-23, 3.62258369867e-23, 6.00223941726e-23, 9.82912294425e-23, 6.92936618215e-23, 1.08200956932e-22, 7.38852803629e-23, 1.1133696302e-22, 2.17825751e-22, 2.00438537208e-22, 3.42492002072e-22, 3.49382859851e-22, 4.81021732558e-22, 7.02262355131e-22, 7.12006365033e-22, 1.02817732249e-21, 1.7404455641e-21, 2.23746802115e-21],
        "var": [2.29880967595e-07, 0.000116322618851, 3.01874879369e-05, 2.16111902773e-06, 2.69193901659e-06, 4.9815107559e-06, 3.32360446009e-06, 2.9147126952e-06, 7.05935178757e-07, 9.10008225219e-07, 4.22528000854e-06, 3.40021131251e-07, 2.89199164172e-07, 1.93092390077e-07, 2.71935306273e-07, 8.48603818326e-08, 1.62171488682e-07, 1.92562680468e-07, 1.76437296773e-07, 1.83829982348e-07, 1.73085453525e-07, 3.22561902522e-07, 4.7862278052e-07, 6.4262297883e-07, 4.49768080557e-08, 5.31263866232e-10, 7.9811469933e-12]
    },
    "erbbands": {
        "dmean": [0.0977332368493, 0.714840829372, 1.80038964748, 1.93206381798, 2.03480434418, 3.43385457993, 3.7736427784, 10.4139852524, 10.2881746292, 14.1215238571, 11.4225702286, 7.82602643967, 12.4666843414, 25.7791519165, 11.5632896423, 9.13888835907, 7.99413633347, 4.51431798935, 7.27670478821, 5.15883922577, 3.48637866974, 4.56476259232, 3.66355419159, 3.62832331657, 3.46899652481, 2.65697264671, 1.89854645729, 2.32932519913, 1.55481100082, 2.05634331703, 2.01595783234, 2.11506724358, 1.13228774071, 0.38855573535, 0.100239567459, 0.0171005502343, 0.0041450872086, 0.0010573057225, 3.66310669051e-05, 7.17930424798e-06],
        "dmean2": [0.172538891435, 1.20192503929, 2.86585402489, 3.16989374161, 3.41849088669, 5.60951137543, 6.19784450531, 18.0974559784, 16.7887554169, 21.387090683, 16.8602752686, 11.92573452, 21.5705566406, 42.9893684387, 19.3614215851, 15.2783317566, 13.8879480362, 7.25612974167, 12.2289066315, 8.77943134308, 5.63364458084, 7.33971405029, 5.84751176834, 6.01920318604, 5.80527830124, 3.90784573555, 2.84424090385, 3.78691124916, 2.38884758949, 2.88458323479, 2.85503911972, 2.80498218536, 1.53379845619, 0.42574891448, 0.111332401633, 0.0188199989498, 0.00504892878234, 0.00139705755282, 4.76432760479e-05, 1.13429932753e-05],
        "dvar": [0.0603861510754, 2.14233374596, 19.8815917969, 10.6981735229, 7.86613130569, 26.5511436462, 37.19165802, 274.441833496, 178.792221069, 354.50302124, 356.670166016, 111.596473694, 240.202209473, 1670.16503906, 251.3409729, 166.727935791, 216.684417725, 64.297492981, 274.015899658, 158.031524658, 43.2890052795, 102.795440674, 114.377937317, 108.028160095, 135.522186279, 63.0614814758, 37.1632156372, 74.471206665, 33.2394599915, 61.2532272339, 81.4859161377, 136.923828125, 35.4916648865, 3.8463909626, 0.344777613878, 0.00943845044822, 0.000478332483908, 4.95258063893e-05, 7.35346787906e-08, 1.70560413015e-10],
        "dvar2": [0.213859140873, 6.09052753448, 51.708152771, 27.2588558197, 19.5872344971, 66.1516342163, 106.24597168, 846.266601562, 484.567962646, 916.363037109, 715.415161133, 275.94821167, 679.861694336, 4681.71679688, 709.679077148, 452.682617188, 649.985595703, 161.714233398, 746.118347168, 455.131439209, 106.500900269, 254.622329712, 262.094268799, 281.007080078, 343.031951904, 140.607940674, 75.0543746948, 201.477706909, 62.04712677, 119.914527893, 153.806243896, 279.746276855, 72.8322753906, 5.05794382095, 0.490601509809, 0.014025259763, 0.000673763337545, 7.39280949347e-05, 1.39241834063e-07, 3.76327802254e-10],
        "max": [2.94472551346, 19.4491157532, 61.0056190491, 46.806804657, 36.5713272095, 64.7463684082, 112.349639893, 145.542190552, 135.576675415, 205.675521851, 323.120605469, 148.656280518, 174.301834106, 949.219360352, 224.43572998, 168.961196899, 204.325286865, 138.998977661, 244.981750488, 229.505233765, 97.3181991577, 208.566925049, 230.008865356, 152.704833984, 175.742202759, 142.021286011, 127.984306335, 144.143280029, 151.283538818, 202.790603638, 196.604141235, 285.258880615, 131.986450195, 46.926651001, 14.9909791946, 2.4776263237, 0.507133364677, 0.152719929814, 0.00644343486056, 0.000261558190687],
        "mean": [0.151386544108, 1.373660326, 3.49342417717, 3.45486354828, 3.87424945831, 6.09869480133, 8.13126659393, 18.277879715, 25.4808807373, 34.5311965942, 22.9783630371, 18.1419124603, 24.0087680817, 96.2341842651, 34.1029167175, 20.6838531494, 16.6846923828, 11.375995636, 16.6575889587, 12.1635665894, 8.91565132141, 11.934762001, 10.8008480072, 8.50843906403, 9.31201839447, 7.17402696609, 6.00879621506, 5.93625211716, 5.92422580719, 6.3598651886, 5.21262073517, 4.5655798912, 2.12376141548, 0.741236746311, 0.155744761229, 0.0262018181384, 0.00630355253816, 0.00147045648191, 5.72603785258e-05, 3.06512229145e-05],
        "median": [0.0243841353804, 0.312830716372, 1.11725211143, 2.02880144119, 2.35102796555, 3.85883402824, 5.58263874054, 11.4496850967, 20.5463180542, 25.3886585236, 14.5308218002, 12.8375368118, 16.8993549347, 72.6266784668, 24.7630882263, 13.3232145309, 9.59964466095, 5.80072498322, 6.99211835861, 5.78389358521, 4.06170272827, 3.52540779114, 1.80496454239, 0.965326547623, 0.472841471434, 0.25216242671, 0.136864304543, 0.0661397278309, 0.0487622842193, 0.0348025001585, 0.0219123698771, 0.0161542389542, 0.0105255581439, 0.0050207641907, 0.00173374009319, 0.000563177047297, 8.46949187689e-05, 1.09019019874e-05, 1.02867816167e-05, 1.77360798261e-05],
        "min": [1.05757575767e-21, 1.10511782201e-20, 1.65698833134e-20, 2.31432727683e-20, 3.76830012114e-20, 8.97144905856e-20, 1.72972332427e-19, 4.86269858714e-19, 5.34609414832e-19, 5.22569749318e-19, 7.83543836711e-19, 9.45163244478e-19, 1.14754435507e-18, 2.09124990052e-18, 2.69615839708e-18, 2.58205710338e-18, 4.03529763435e-18, 4.81037868962e-18, 5.46483282333e-18, 6.43424879657e-18, 5.16411503395e-18, 6.60665887883e-18, 1.01168688778e-17, 1.20997680442e-17, 1.06615855091e-17, 1.67268774245e-17, 1.33707831678e-17, 1.21788084605e-17, 1.42883489787e-17, 2.40202728148e-17, 2.1045254876e-17, 1.49215739356e-17, 1.25943285791e-17, 1.16444059442e-17, 6.73310460239e-18, 5.73846375637e-18, 3.58451811492e-18, 1.26844631417e-18, 3.35505309482e-19, 3.40147233822e-20],
        "var": [0.106436036527, 6.49766874313, 44.3919029236, 21.0718402863, 24.1539707184, 56.5744247437, 95.5874252319, 426.946014404, 484.069091797, 1095.51696777, 847.329406738, 331.466339111, 526.459838867, 8870.16503906, 1029.1394043, 532.994934082, 539.50958252, 267.262969971, 832.017456055, 418.934356689, 194.477798462, 617.949035645, 632.24230957, 368.129241943, 573.164306641, 349.409332275, 269.905670166, 303.661315918, 368.25100708, 492.5519104, 379.247528076, 442.619537354, 96.4169998169, 13.1243219376, 0.820982992649, 0.0214868336916, 0.00109776598401, 9.36003561947e-05, 1.09766041589e-07, 9.24792298296e-10]
    },
    "gfcc": {
        "mean": [-72.7114486694, 160.590332031, -127.817893982, 9.17198467255, -57.9691238403, 13.2926702499, -27.1851940155, 5.25626087189, -12.488286972, -10.26704216, -3.73650407791, -3.19097065926, -0.608817279339],
        "cov": [[17190.5644531, -371.38067627, -2366.37353516, 1324.38928223, -1194.70092773, 258.993621826, -477.158752441, -166.307632446, -255.234649658, -157.276794434, 6.62893199921, -163.381698608, 15.9978675842], [-371.38067627, 3372.65258789, 462.339569092, -1184.4753418, 833.210449219, -278.43270874, 240.92616272, 44.0070991516, 373.624816895, -62.5155105591, 182.634399414, -99.3799667358, 178.364929199], [-2366.37353516, 462.339569092, 1034.31359863, -527.89465332, 399.143096924, 48.9638710022, 73.8672027588, 165.571563721, 23.7778320312, 99.0905303955, -55.0913696289, 93.854133606, -8.47421836853], [1324.38928223, -1184.4753418, -527.89465332, 800.751708984, -383.789733887, 120.437896729, -44.5486488342, -52.8144760132, -97.0809707642, -32.6816596985, -31.9085216522, -25.8893375397, -23.0323410034], [-1194.70092773, 833.210449219, 399.143096924, -383.789733887, 484.584625244, -34.6703147888, 109.702484131, 83.8205032349, 144.999847412, 26.3611946106, 50.5636901855, -0.429012030363, 59.095413208], [258.993621826, -278.43270874, 48.9638710022, 120.437896729, -34.6703147888, 121.789268494, 1.47441017628, 37.9240341187, -28.2342643738, 19.0329456329, -20.027015686, 16.2237110138, -6.03521251678], [-477.158752441, 240.92616272, 73.8672027588, -44.5486488342, 109.702484131, 1.47441017628, 89.0241546631, 26.0291175842, 55.9187088013, -1.47630238533, 17.560749054, -12.5591926575, 23.6589031219], [-166.307632446, 44.0070991516, 165.571563721, -52.8144760132, 83.8205032349, 37.9240341187, 26.0291175842, 81.6796569824, 20.0610046387, 30.5127429962, -12.3574819565, 20.4723567963, -2.81458806992], [-255.234649658, 373.624816895, 23.7778320312, -97.0809707642, 144.999847412, -28.2342643738, 55.9187088013, 20.0610046387, 115.74042511, 2.3291156292, 44.7600593567, -20.5752487183, 35.1415786743], [-157.276794434, -62.5155105591, 99.0905303955, -32.6816596985, 26.3611946106, 19.0329456329, -1.47630238533, 30.5127429962, 2.3291156292, 43.1766853333, -3.63416194916, 22.4576511383, -6.87511539459], [6.62893199921, 182.634399414, -55.0913696289, -31.9085216522, 50.5636901855, -20.027015686, 17.560749054, -12.3574819565, 44.7600593567, -3.63416194916, 55.4683914185, -9.00213813782, 22.7234115601], [-163.381698608, -99.3799667358, 93.854133606, -25.8893375397, -0.429012030363, 16.2237110138, -12.5591926575, 20.4723567963, -20.5752487183, 22.4576511383, -9.00213813782, 49.1599273682, -2.2323551178], [15.9978675842, 178.364929199, -8.47421836853, -23.0323410034, 59.095413208, -6.03521251678, 23.6589031219, -2.81458806992, 35.1415786743, -6.87511539459, 22.7234115601, -2.2323551178, 48.0627174377]],
        "icov": [[0.000222381131607, -0.000523595837876, 0.000572486547753, -0.000466565339593, 0.000198054141947, -0.000859046063852, 0.00151062814984, -0.000778858026024, 0.000467800738988, -0.000720742682461, 0.000441696611233, -5.89513583691e-05, -5.08646517119e-05], [-0.000523595837876, 0.00285555957817, -0.00119313842151, 0.00323416641913, -0.000668843917083, 0.00268524186686, -0.00469268998131, 0.000623215339147, -0.00176049186848, 0.00428145006299, -0.00236257188953, 0.00242671556771, -0.00244807684794], [0.000572486547753, -0.00119313842151, 0.00525465654209, 0.000663890154101, -0.00174806662835, -0.00368393445387, 0.00184942397755, -0.00301219359972, 0.00281190103851, -0.00424561137334, 0.00503996852785, -0.0031846689526, 0.00088786467677], [-0.000466565339593, 0.00323416641913, 0.000663890154101, 0.00722298026085, 0.000616197416093, -0.000503291608766, -0.00633408874273, -0.000196517270524, -0.00126957637258, 0.00438996776938, -0.00120510417037, 0.00323313241825, -0.00370680470951], [0.000198054141947, -0.000668843917083, -0.00174806662835, 0.000616197416093, 0.00805478263646, -7.31044492568e-05, -0.0002330452553, -0.00394155876711, -0.00309233320877, 6.96222705301e-05, -0.00286216731183, 0.00261791492812, -0.00387999066152], [-0.000859046063852, 0.00268524186686, -0.00368393445387, -0.000503291608766, -7.31044492568e-05, 0.0187235269696, -0.00664344988763, -0.00495155109093, 0.00180916360114, 0.00136505265255, -0.00405429350212, 0.00272555788979, -0.00423280149698], [0.00151062814984, -0.00469268998131, 0.00184942397755, -0.00633408874273, -0.0002330452553, -0.00664344988763, 0.0320809446275, -0.00830389652401, -0.00237638363615, -0.00166599848308, 0.00237461761571, 0.0026166329626, -0.00212490838021], [-0.000778858026024, 0.000623215339147, -0.00301219359972, -0.000196517270524, -0.00394155876711, -0.00495155109093, -0.00830389652401, 0.0341424159706, -0.00864759553224, -0.00812292098999, 0.00866052042693, -0.00836679525673, 0.00831039808691], [0.000467800738988, -0.00176049186848, 0.00281190103851, -0.00126957637258, -0.00309233320877, 0.00180916360114, -0.00237638363615, -0.00864759553224, 0.027394104749, -0.00825925078243, -0.00898803211749, 0.00766504742205, -0.00564777478576], [-0.000720742682461, 0.00428145006299, -0.00424561137334, 0.00438996776938, 6.96222705301e-05, 0.00136505265255, -0.00166599848308, -0.00812292098999, -0.00825925078243, 0.04938814044, -0.00935928337276, -0.00839931424707, 0.00327481934801], [0.000441696611233, -0.00236257188953, 0.00503996852785, -0.00120510417037, -0.00286216731183, -0.00405429350212, 0.00237461761571, 0.00866052042693, -0.00898803211749, -0.00935928337276, 0.0386363528669, -0.00775899598375, -0.00211408291943], [-5.89513583691e-05, 0.00242671556771, -0.0031846689526, 0.00323313241825, 0.00261791492812, 0.00272555788979, 0.0026166329626, -0.00836679525673, 0.00766504742205, -0.00839931424707, -0.00775899598375, 0.0411044619977, -0.0138812279329], [-5.08646517119e-05, -0.00244807684794, 0.00088786467677, -0.00370680470951, -0.00387999066152, -0.00423280149698, -0.00212490838021, 0.00831039808691, -0.00564777478576, 0.00327481934801, -0.00211408291943, -0.0138812279329, 0.0390127189457]]
    },
    "melbands": {
        "dmean": [0.00082610535901, 0.000906611152459, 0.000314965320285, 0.000189314436284, 0.0001250612695, 0.000234042934608, 0.000167976031662, 0.000156008201884, 8.42286317493e-05, 5.29087992618e-05, 6.12338699284e-05, 9.77073941613e-05, 5.60215994483e-05, 2.47516545642e-05, 3.7916477595e-05, 1.22451883726e-05, 9.49758941715e-06, 1.21074608614e-05, 1.21561215565e-05, 6.36670711174e-06, 4.19607158619e-06, 5.45704733668e-06, 4.61446416011e-06, 3.60339777217e-06, 3.03331216855e-06, 3.44151931131e-06, 2.5562992505e-06, 1.77081278707e-06, 1.34068466195e-06, 1.50459891302e-06, 1.55767293109e-06, 9.33015599003e-07, 1.01969772004e-06, 1.38291488838e-06, 1.17224590213e-06, 1.39828080137e-06, 1.33614094011e-06, 9.07427249786e-07, 5.86603448482e-07, 2.63286182189e-07],
        "dmean2": [0.00144058151636, 0.00146705587395, 0.000517730251886, 0.000316027115332, 0.000208351993933, 0.000406648498029, 0.000274035090115, 0.000233271319303, 0.000125520251459, 8.11921418062e-05, 0.000106313324068, 0.000161876349011, 9.41932012211e-05, 4.09581843996e-05, 6.65088155074e-05, 2.08811325138e-05, 1.54944427777e-05, 2.04719417525e-05, 2.08138553717e-05, 1.0462696082e-05, 6.81701658323e-06, 8.72843611432e-06, 7.45240095057e-06, 6.22803145234e-06, 5.09979054186e-06, 5.85325688007e-06, 4.31077796748e-06, 2.60442948274e-06, 1.98812767849e-06, 2.44456646215e-06, 2.7028236218e-06, 1.47764490066e-06, 1.39368910368e-06, 1.88416470337e-06, 1.73229580014e-06, 1.89667662198e-06, 1.83037775514e-06, 1.34225547299e-06, 6.69303631184e-07, 3.22130489394e-07],
        "dvar": [3.37722167387e-06, 4.13999032389e-06, 2.76444495739e-07, 6.4330265559e-08, 4.0061419071e-08, 1.30327350689e-07, 5.01777464024e-08, 4.57178650493e-08, 1.79674106704e-08, 5.09754194411e-09, 5.7345030946e-09, 2.39886652764e-08, 6.05461103476e-09, 1.34543609587e-09, 4.34907043712e-09, 5.00030294948e-10, 2.98567975898e-10, 7.39919570059e-10, 9.34530342001e-10, 2.03961209033e-10, 6.29050075918e-11, 1.41926650987e-10, 1.42492934119e-10, 1.52919468754e-10, 7.42758146655e-11, 1.45939357821e-10, 7.21295106976e-11, 2.84168209796e-11, 1.68438579057e-11, 2.57089800837e-11, 3.50155078543e-11, 1.28290459853e-11, 1.52686422533e-11, 2.68786399388e-11, 2.58883556953e-11, 6.00347757618e-11, 4.99169108825e-11, 2.30052227268e-11, 8.94243186444e-12, 2.14436172812e-12],
        "dvar2": [1.1408618775e-05, 1.07843379737e-05, 7.25100221644e-07, 1.62078720223e-07, 1.11127377522e-07, 4.08885824754e-07, 1.31775081513e-07, 1.15297360992e-07, 3.81008256056e-08, 1.30153630096e-08, 1.63804703135e-08, 6.71134827712e-08, 1.80882224754e-08, 3.49792661503e-09, 1.32844935052e-08, 1.42093925515e-09, 7.78954345471e-10, 1.97452298956e-09, 2.78996470371e-09, 5.7147736543e-10, 1.64024821503e-10, 3.44593492629e-10, 3.79039133414e-10, 3.96516042223e-10, 1.92921997821e-10, 3.84723308766e-10, 1.98369237703e-10, 6.4533371702e-11, 3.61458606102e-11, 5.94893231898e-11, 9.99113430877e-11, 2.73608254109e-11, 2.68915861801e-11, 5.65901735194e-11, 5.35216836128e-11, 1.2954053108e-10, 1.02030967009e-10, 5.36477494373e-11, 1.46340248947e-11, 3.33150282535e-12],
        "max": [0.0249909833074, 0.0256186109036, 0.00743393134326, 0.00261175492778, 0.00376776489429, 0.00316347647458, 0.00240608118474, 0.00243724952452, 0.00216008094139, 0.000972393900156, 0.000771576946136, 0.00361344940029, 0.00134719291236, 0.00045166380005, 0.00077104754746, 0.00035796946031, 0.000282531545963, 0.000364657345926, 0.00046908936929, 0.000209968187846, 9.97606257442e-05, 0.000265770911938, 0.00020372500876, 0.000205780466786, 0.000115787173854, 0.00018571956025, 0.000144263467519, 8.72441305546e-05, 8.27130061225e-05, 0.000102176454675, 8.53225137689e-05, 8.04109295132e-05, 0.000102777179563, 0.000123329940834, 8.80095612956e-05, 0.000186650227988, 0.00016033303109, 9.62526682997e-05, 6.9255453127e-05, 3.11640142172e-05],
        "mean": [0.00150455138646, 0.00187418202404, 0.000620848557446, 0.000359434285201, 0.000276039383607, 0.000424911180744, 0.000426171958679, 0.000377625401597, 0.000162414333317, 0.000118767202366, 0.000104291080788, 0.000360314792488, 0.000169539096532, 5.14980929438e-05, 6.20569626335e-05, 2.58016807493e-05, 2.05993783311e-05, 2.7095020414e-05, 2.26736647164e-05, 1.29834179461e-05, 9.36398464546e-06, 1.21052553368e-05, 1.17058179967e-05, 8.2919423221e-06, 6.46025591777e-06, 7.23897164789e-06, 6.22375227977e-06, 4.2771371227e-06, 3.65308869732e-06, 3.74780393031e-06, 3.3167118545e-06, 3.18229103868e-06, 3.5795264921e-06, 3.48691855834e-06, 2.90045545626e-06, 3.13094210469e-06, 2.59081434706e-06, 1.56212115598e-06, 1.01488114979e-06, 4.98450731357e-07],
        "median": [0.000310363306198, 0.000569020980038, 0.000356895121513, 0.000238074891968, 0.000193053128896, 0.000288480019663, 0.000355390046025, 0.000276183447568, 9.6552343166e-05, 8.2592421677e-05, 6.99341544532e-05, 0.000272204051726, 0.000125900362036, 3.2461459341e-05, 3.1115814636e-05, 1.44794385051e-05, 9.5409086498e-06, 1.03462089101e-05, 9.66947027337e-06, 5.56266650165e-06, 4.27676013715e-06, 3.59776731784e-06, 2.39636665356e-06, 1.07328719423e-06, 7.05949958046e-07, 4.43549595275e-07, 2.24485958711e-07, 1.53496742428e-07, 1.00336684739e-07, 4.9719009354e-08, 3.33546239517e-08, 2.82249921213e-08, 2.29484822256e-08, 1.84517148227e-08, 1.30951125499e-08, 1.10272608822e-08, 9.76946701314e-09, 7.78750308683e-09, 4.88388218756e-09, 4.03081257261e-09],
        "min": [1.25746329447e-23, 1.13930163386e-23, 4.07826415186e-24, 4.53792235728e-24, 6.32994217693e-24, 1.02871540452e-23, 7.43968882143e-24, 7.10131719133e-24, 6.58390095701e-24, 5.94077382099e-24, 6.11680221553e-24, 8.77213405492e-24, 7.13056342053e-24, 7.54047290182e-24, 6.24285745502e-24, 1.03426015005e-23, 8.19499237261e-24, 7.64962442983e-24, 8.30541160009e-24, 6.69336487394e-24, 6.52892366281e-24, 7.33460071594e-24, 5.7773447184e-24, 1.18099482596e-23, 9.57181260973e-24, 7.19419530773e-24, 9.55534277175e-24, 1.11424741151e-23, 9.20259415165e-24, 8.77848675179e-24, 6.36893754363e-24, 7.65610255559e-24, 1.16509344115e-23, 1.14470146564e-23, 1.30631776587e-23, 9.74664627444e-24, 8.12735622745e-24, 7.61944024502e-24, 1.21117001777e-23, 8.68626891197e-24],
