{
"metadata": {
    "version": {
        "essentia": "2.0.1",
        "extractor": "archive-music 1.0"
    },
    "audio_properties": {
        "analysis_sample_rate": 44100,
        "bitrate": 128,
        "channels": 2,
        "equal_loudness": 0,
        "length": 15.1771430969,
        "replay_gain": -8.36666870117,
        "downmix": "mix"
    },
    "tags": {
        "track": 0,
        "year": 2008,
        "album": "Soundtrack360",
        "artist": "Experiment - Soundtrack 360",
        "comment": "",
        "genre": "",
        "title": "073"
    }
},
"highlevel": {
    "culture": {
        "all": {
            "non_western": 0.00323800044134,
            "western": 0.996761977673
        },
        "probability": 0.996761977673,
        "value": "western"
    },
    "danceability": {
        "all": {
            "danceable": 0.41951879859,
            "not_danceable": 0.580481171608
        },
        "probability": 0.580481171608,
        "value": "not_danceable"
    },
    "gender": {
        "all": {
            "female": 0.728120803833,
            "male": 0.271879196167
        },
        "probability": 0.728120803833,
        "value": "female"
    },
    "genre_dortmund": {
        "all": {
            "alternative": 0.15404638648,
            "blues": 0.119309127331,
            "electronic": 0.00871708802879,
            "folkcountry": 0.039925314486,
            "funksoulrnb": 0.0418391488492,
            "jazz": 0.38604593277,
            "pop": 0.0586715601385,
            "raphiphop": 0.00243899761699,
            "rock": 0.189006462693
        },
        "probability": 0.38604593277,
        "value": "jazz"
    },
    "genre_electronic": {
        "all": {
            "ambient": 0.840778827667,
            "dnb": 0.093565069139,
            "house": 0.0190504826605,
            "techno": 0.00704934028909,
            "trance": 0.0395562984049
        },
        "probability": 0.840778827667,
        "value": "ambient"
    },
    "genre_rosamerica": {
        "all": {
            "cla": 0.025956582278,
            "dan": 0.0378555841744,
            "hip": 0.0106375403702,
            "jaz": 0.0795340910554,
            "pop": 0.394372403622,
            "rhy": 0.0355818159878,
            "roc": 0.40985918045,
            "spe": 0.00620281416923
        },
        "probability": 0.40985918045,
        "value": "roc"
    },
    "genre_tzanetakis": {
        "all": {
            "blu": 0.0109329698607,
            "cla": 0.0448655821383,
            "cou": 0.116686411202,
            "dis": 0.0885953679681,
            "hip": 0.0278716925532,
            "jaz": 0.279228568077,
            "met": 0.0144549328834,
            "pop": 0.222424179316,
            "reg": 0.0400660783052,
            "roc": 0.15487422049
        },
        "probability": 0.279228568077,
        "value": "jaz"
    },
    "mirex_ballroom": {
        "all": {
            "ChaChaCha": 0.517790436745,
            "Jive": 0.0783275440335,
            "Quickstep": 0.0557392165065,
            "Rumba-American": 0.0104893958196,
            "Rumba-International": 0.0129215419292,
            "Rumba-Misc": 0.010669275187,
            "Samba": 0.0183656997979,
            "Tango": 0.193407073617,
            "VienneseWaltz": 0.0893800929189,
            "Waltz": 0.0129097076133
        },
        "probability": 0.517790436745,
        "value": "ChaChaCha"
    },
    "mood_acoustic": {
        "all": {
            "acoustic": 0.0820451676846,
            "not_acoustic": 0.917954802513
        },
        "probability": 0.917954802513,
        "value": "not_acoustic"
    },
    "mood_aggressive": {
        "all": {
            "aggressive": 0.168939381838,
            "not_aggressive": 0.83106058836
        },
        "probability": 0.83106058836,
        "value": "not_aggressive"
    },
    "mood_electronic": {
        "all": {
            "electronic": 0.295767605305,
            "not_electronic": 0.704232394695
        },
        "probability": 0.704232394695,
        "value": "not_electronic"
    },
    "mood_happy": {
        "all": {
            "happy": 0.463129669428,
            "not_happy": 0.536870360374
        },
        "probability": 0.536870360374,
        "value": "not_happy"
    },
    "mood_party": {
        "all": {
            "not_party": 0.389417082071,
            "party": 0.610582888126
        },
        "probability": 0.610582888126,
        "value": "party"
    },
    "mood_relaxed": {
        "all": {
            "not_relaxed": 0.766673743725,
            "relaxed": 0.233326241374
        },
        "probability": 0.766673743725,
        "value": "not_relaxed"
    },
    "mood_sad": {
        "all": {
            "not_sad": 0.405985832214,
            "sad": 0.594014167786
        },
        "probability": 0.594014167786,
        "value": "sad"
    },
    "moods_mirex": {
        "all": {
            "Cluster1": 0.266866326332,
            "Cluster2": 0.357553303242,
            "Cluster3": 0.102017261088,
            "Cluster4": 0.178460508585,
            "Cluster5": 0.0951026305556
        },
        "probability": 0.357553303242,
        "value": "Cluster2"
    },
    "timbre": {
        "all": {
            "bright": 0.995569884777,
            "dark": 0.00443014223129
        },
        "probability": 0.995569884777,
        "value": "bright"
    },
    "tonal_atonal": {
        "all": {
            "atonal": 0.00355304963887,
            "tonal": 0.996446967125
        },
        "probability": 0.996446967125,
        "value": "tonal"
    },
    "voice_instrumental": {
        "all": {
            "instrumental": 0.9962682724,
            "voice": 0.00373170920648
        },
        "probability": 0.9962682724,
        "value": "instrumental"
    }
},
"lowlevel": {
    "average_loudness": 0.971680223942,
    "barkbands_kurtosis": {
        "dmean": 1.25664508343,
        "dmean2": 2.03351616859,
        "dvar": 4.34449625015,
        "dvar2": 10.8437871933,
        "max": 25.3284606934,
        "mean": 1.4993596077,
        "median": 0.457882165909,
        "min": -1.40646255016,
        "var": 11.9542531967
    },
    "barkbands_skewness": {
        "dmean": 0.35177052021,
        "dmean2": 0.558493494987,
        "dvar": 0.193314388394,
        "dvar2": 0.493215709925,
        "max": 4.24448060989,
        "mean": 1.08508062363,
        "median": 0.996689856052,
        "min": -2.14408493042,
        "var": 0.582522809505
    },
    "barkbands_spread": {
        "dmean": 4.38695859909,
        "dmean2": 7.20081424713,
        "dvar": 21.0851669312,
        "dvar2": 54.3994407654,
        "max": 55.4332084656,
        "mean": 24.15366745,
        "median": 24.1531124115,
        "min": 3.9027056694,
        "var": 58.1344108582
    },
    "dissonance": {
        "dmean": 0.017780482769,
        "dmean2": 0.030107229948,
        "dvar": 0.000354350486305,
        "dvar2": 0.000912848336156,
        "max": 0.499368578196,
        "mean": 0.463394701481,
        "median": 0.467895179987,
        "min": 0.2312682271,
        "var": 0.000589811592363
    },
    "dynamic_complexity": 2.46134638786,
    "erbbands_kurtosis": {
        "dmean": 0.545858979225,
        "dmean2": 0.887219905853,
        "dvar": 0.321432679892,
        "dvar2": 0.815703928471,
        "max": 4.85824537277,
        "mean": -0.0684787258506,
        "median": -0.240781068802,
        "min": -1.59412992001,
        "var": 0.669458329678
    },
    "erbbands_skewness": {
        "dmean": 0.248971313238,
        "dmean2": 0.399542450905,
        "dvar": 0.0561336129904,
        "dvar2": 0.127428129315,
        "max": 2.0071413517,
        "mean": 0.179842397571,
        "median": 0.190551653504,
        "min": -1.32866919041,
        "var": 0.215473622084
    },
    "erbbands_spread": {
        "dmean": 5.08779811859,
        "dmean2": 8.1655254364,
        "dvar": 28.4867706299,
        "dvar2": 70.9255218506,
        "max": 71.2805328369,
        "mean": 31.7149333954,
        "median": 31.6841506958,
        "min": 12.1061954498,
        "var": 70.6376113892
    },
    "hfc": {
        "dmean": 6.84121656418,
        "dmean2": 9.45821475983,
        "dvar": 56.2706489563,
        "dvar2": 93.4678115845,
        "max": 95.3680038452,
        "mean": 24.0946140289,
        "median": 21.4498558044,
        "min": 1.183018889e-16,
        "var": 278.098815918
    },
    "melbands_kurtosis": {
        "dmean": 2.69132232666,
        "dmean2": 4.50668001175,
        "dvar": 27.5813655853,
        "dvar2": 76.1527023315,
        "max": 62.0186843872,
        "mean": 5.29757261276,
        "median": 3.48257541656,
        "min": -1.17427921295,
        "var": 44.8397941589
    },
    "melbands_skewness": {
        "dmean": 0.428125023842,
        "dmean2": 0.687193095684,
        "dvar": 0.353293597698,
        "dvar2": 0.981443524361,
        "max": 6.94548130035,
        "mean": 1.84891724586,
        "median": 1.74829232693,
        "min": -0.56893324852,
        "var": 0.818468391895
    },
    "melbands_spread": {
        "dmean": 5.23138093948,
        "dmean2": 8.41992282867,
        "dvar": 60.8042030334,
        "dvar2": 130.353363037,
        "max": 145.382675171,
        "mean": 27.0655632019,
        "median": 25.3239269257,
        "min": 3.5101454258,
        "var": 202.593704224
    },
    "pitch_salience": {
        "dmean": 0.0512564480305,
        "dmean2": 0.0841506943107,
        "dvar": 0.00249822041951,
        "dvar2": 0.00669276015833,
        "max": 0.933624386787,
        "mean": 0.528854191303,
        "median": 0.528528988361,
        "min": 0.275870680809,
        "var": 0.0075227576308
    },
    "silence_rate_20dB": {
        "dmean": 0,
        "dmean2": 0,
        "dvar": 0,
        "dvar2": 0,
        "max": 1,
        "mean": 1,
        "median": 1,
        "min": 1,
        "var": 0
    },
    "silence_rate_30dB": {
        "dmean": 0,
        "dmean2": 0,
        "dvar": 0,
        "dvar2": 0,
        "max": 1,
        "mean": 1,
        "median": 1,
        "min": 1,
        "var": 0
    },
    "silence_rate_60dB": {
        "dmean": 0.00611620815471,
        "dmean2": 0.0122511489317,
        "dvar": 0.00607882300392,
        "dvar2": 0.0182266756892,
        "max": 1,
        "mean": 0.058015268296,
        "median": 0,
        "min": 0,
        "var": 0.0546501502395
    },
    "spectral_centroid": {
        "dmean": 190.484664917,
        "dmean2": 295.615509033,
        "dvar": 127303,
        "dvar2": 118635.234375,
        "max": 11228.3603516,
        "mean": 1441.47839355,
        "median": 1415.58776855,
        "min": 307.941986084,
        "var": 388751.40625
    },
    "spectral_complexity": {
        "dmean": 3.06116199493,
        "dmean2": 4.37059736252,
        "dvar": 10.7271347046,
        "dvar2": 17.731004715,
        "max": 49,
        "mean": 21.2137413025,
        "median": 21,
        "min": 0,
        "var": 77.8383407593
    },
    "spectral_crest": {
        "dmean": 1.74769759178,
        "dmean2": 2.91174960136,
        "dvar": 3.41415691376,
        "dvar2": 9.22174835205,
        "max": 18.8173332214,
        "mean": 7.76241445541,
        "median": 7.32825946808,
        "min": 2.6154654026,
        "var": 8.1517496109
    },
    "spectral_decrease": {
        "dmean": 2.04272310178e-09,
        "dmean2": 3.26270388484e-09,
        "dvar": 9.94718601e-18,
        "dvar2": 2.60627422202e-17,
        "max": -9.99797118488e-29,
        "mean": -7.58408180701e-09,
        "median": -6.98652646847e-09,
        "min": -2.90660420177e-08,
        "var": 2.12740431073e-17
    },
    "spectral_energy": {
        "dmean": 0.00814449135214,
        "dmean2": 0.0128627736121,
        "dvar": 0.000150876701809,
        "dvar2": 0.000387854670407,
        "max": 0.115552432835,
        "mean": 0.0308095738292,
        "median": 0.0287091732025,
        "min": 1.110767611e-20,
        "var": 0.000341511855368
    },
    "spectral_energyband_high": {
        "dmean": 0.000317577505484,
        "dmean2": 0.000456179317553,
        "dvar": 1.52049906887e-07,
        "dvar2": 2.7548600201e-07,
        "max": 0.00505835283548,
        "mean": 0.000613303971477,
        "median": 0.000339388236171,
        "min": 8.15436828897e-21,
        "var": 5.62693855954e-07
    },
    "spectral_energyband_low": {
        "dmean": 0.00448598433286,
        "dmean2": 0.00783440098166,
        "dvar": 0.000110372784548,
        "dvar2": 0.00030398069066,
        "max": 0.0870836228132,
        "mean": 0.0113687161356,
        "median": 0.00709233339876,
        "min": 1.24862090525e-22,
        "var": 0.000151339263539
    },
    "spectral_energyband_middle_high": {
        "dmean": 0.00236295815557,
        "dmean2": 0.00319759920239,
        "dvar": 8.56500355439e-06,
        "dvar2": 1.58484126587e-05,
        "max": 0.0382691137493,
        "mean": 0.00797293428332,
        "median": 0.00646964367479,
        "min": 1.70963934669e-21,
        "var": 4.18542695115e-05
    },
    "spectral_energyband_middle_low": {
        "dmean": 0.00346943945624,
        "dmean2": 0.00547830248252,
        "dvar": 2.13082057599e-05,
        "dvar2": 5.56960912945e-05,
        "max": 0.0518001019955,
        "mean": 0.0118379620835,
        "median": 0.0105798840523,
        "min": 2.43282027354e-22,
        "var": 5.18234810443e-05
    },
    "spectral_flatness_db": {
        "dmean": 0.0186471361667,
        "dmean2": 0.0254728421569,
        "dvar": 0.000258406042121,
        "dvar2": 0.000505148491357,
        "max": 0.246148198843,
        "mean": 0.109250925481,
        "median": 0.10689291358,
        "min": 0.0356332883239,
        "var": 0.00136766838841
    },
    "spectral_flux": {
        "dmean": 0.0221482999623,
        "dmean2": 0.0343498811126,
        "dvar": 0.000876154750586,
        "dvar2": 0.00185085169505,
        "max": 0.259123563766,
        "mean": 0.0717337653041,
        "median": 0.062164388597,
        "min": 1.0539295825e-10,
        "var": 0.00189344142564
    },
    "spectral_kurtosis": {
        "dmean": 1.49572432041,
        "dmean2": 2.47664856911,
        "dvar": 2.18774557114,
        "dvar2": 5.58060312271,
        "max": 17.0160064697,
        "mean": 6.39542198181,
        "median": 5.87744808197,
        "min": -1.22998213768,
        "var": 7.25740766525
    },
    "spectral_rms": {
        "dmean": 0.000680066645145,
        "dmean2": 0.00104756839573,
        "dvar": 8.04427827461e-07,
        "dvar2": 2.00116096494e-06,
        "max": 0.0106176305562,
        "mean": 0.00517653906718,
        "median": 0.00529234809801,
        "min": 3.29192315768e-12,
        "var": 3.26157669406e-06
    },
    "spectral_rolloff": {
        "dmean": 371.793243408,
        "dmean2": 655.294372559,
        "dvar": 965499.6875,
        "dvar2": 2005668.5,
        "max": 19186.0839844,
        "mean": 1544.04675293,
        "median": 1378.125,
        "min": 150.732421875,
        "var": 2182637.25
    },
    "spectral_skewness": {
        "dmean": 0.197542801499,
        "dmean2": 0.309506773949,
        "dvar": 0.0299558378756,
        "dvar2": 0.0627031698823,
        "max": 3.29791164398,
        "mean": 1.92677593231,
        "median": 1.87743139267,
        "min": -0.0250528175384,
        "var": 0.169951215386
    },
    "spectral_spread": {
        "dmean": 899681.375,
        "dmean2": 1279559.5,
        "dvar": 2.29318669107e+12,
        "dvar2": 2.90373369856e+12,
        "max": 41247012,
        "mean": 4520922.5,
        "median": 4369586.5,
        "min": 2409308,
        "var": 3.49720910234e+12
    },
    "spectral_strongpeak": {
        "dmean": 0.501660883427,
        "dmean2": 0.847195982933,
        "dvar": 0.615930557251,
        "dvar2": 1.57089781761,
        "max": 7.31631708145,
        "mean": 0.980397820473,
        "median": 0.540808320045,
        "min": 0,
        "var": 1.1087962389
    },
    "zerocrossingrate": {
        "dmean": 0.0113006494939,
        "dmean2": 0.0150342769921,
        "dvar": 0.000508467142936,
        "dvar2": 0.000894193013664,
        "max": 0.50634765625,
        "mean": 0.0627303496003,
        "median": 0.05908203125,
        "min": 0.00927734375,
        "var": 0.00163234700449
    },
    "barkbands": {
        "dmean": [0.000229464640142, 0.00297348480672, 0.00188118149526, 0.000532429316081, 0.00133389711846, 0.00096297491109, 0.000813207472675, 0.00046845144243, 0.00098475953564, 0.000849353789818, 0.000302371481666, 0.000498823996168, 0.000545680522919, 0.000528579810634, 0.000429624400567, 0.000265383219812, 0.000272512203082, 0.000241641464527, 0.00026996107772, 8.97643039934e-05, 6.65703846607e-05, 4.30386608059e-05, 2.61213881458e-05, 3.12287775159e-05, 4.18462841481e-05, 0.00013052385475, 9.55187533691e-06],
        "dmean2": [0.00037026044447, 0.0051572532393, 0.00324846850708, 0.00091419450473, 0.0022190711461, 0.00160086061805, 0.00113480130676, 0.00078197021503, 0.00149236002471, 0.00120847206563, 0.000451151427114, 0.000768229132518, 0.000854007841554, 0.000865752517711, 0.000711669621523, 0.000399215263315, 0.000433989363955, 0.000371487345546, 0.000446043704869, 0.000135330075864, 9.94782676571e-05, 5.95093915763e-05, 3.6322959204e-05, 4.2407613364e-05, 6.44452593406e-05, 0.000220577960135, 1.58466082212e-05],
        "dvar": [4.40224283693e-07, 4.68983234896e-05, 2.30147288676e-05, 1.40003385241e-06, 7.66363973526e-06, 3.05621733787e-06, 1.7396542944e-06, 9.8019302186e-07, 1.7514830688e-06, 2.31439162235e-06, 2.87187361891e-07, 9.08650520159e-07, 1.57328850037e-06, 6.58716942326e-07, 3.89161954217e-07, 2.05588747804e-07, 1.8574854721e-07, 1.17723082838e-07, 2.00299524522e-07, 3.61964715978e-08, 1.27289982998e-08, 7.44994110846e-09, 1.89690196883e-09, 3.45018724701e-09, 2.49335463387e-09, 3.52881457388e-08, 1.94372504203e-10],
        "dvar2": [9.29729196741e-07, 0.000123638776131, 6.83090402163e-05, 4.0096210796e-06, 2.04216230486e-05, 1.01191499198e-05, 2.7401861189e-06, 2.63143033408e-06, 3.85025077776e-06, 4.63603919343e-06, 7.03671673818e-07, 2.34894537243e-06, 4.12733288613e-06, 1.79550795565e-06, 9.38067444167e-07, 3.76714154982e-07, 4.45743893351e-07, 2.61329859086e-07, 5.13368320298e-07, 6.90573500606e-08, 2.76532912125e-08, 1.59637849606e-08, 3.76864628393e-09, 5.3748658857e-09, 5.73373393209e-09, 9.10455923986e-08, 4.60079224718e-10],
        "max": [0.00805829558522, 0.0634711533785, 0.0354357138276, 0.0103388875723, 0.0347167812288, 0.0167919676751, 0.0217577852309, 0.00894334167242, 0.0150413662195, 0.0196390375495, 0.00585547555238, 0.011342565529, 0.0216071642935, 0.0123539343476, 0.00633226335049, 0.00729790842161, 0.00514554604888, 0.00507215829566, 0.0046761399135, 0.00333690736443, 0.00133811717387, 0.00167890172452, 0.000658527540509, 0.00143558287527, 0.000519573455676, 0.000893119256943, 8.9972767455e-05],
        "mean": [0.000292352924589, 0.00650318525732, 0.00403476413339, 0.00114401255269, 0.00248793326318, 0.00207644840702, 0.00211945571937, 0.000822121161036, 0.00234604603611, 0.00190369680058, 0.000522474234458, 0.000916557095479, 0.000933726259973, 0.0010020568734, 0.000762025825679, 0.000527774740476, 0.000546258932445, 0.000551547971554, 0.000604053144343, 0.000193856467376, 0.00013484977535, 8.84219625732e-05, 5.92640753894e-05, 6.68773573125e-05, 5.85945635976e-05, 0.000103800761281, 7.40597442928e-06],
        "median": [0.000123947349493, 0.00364458048716, 0.00275692855939, 0.000936292519327, 0.00150909926742, 0.000929524248932, 0.000982062309049, 0.00022206029098, 0.00166172313038, 0.000567637442145, 0.000305070716422, 0.000389137392631, 0.000553651130758, 0.000632424664218, 0.000462576106656, 0.000292957527563, 0.000297053687973, 0.000285513990093, 0.000210281592445, 8.92634925549e-05, 5.47532727069e-05, 3.56766686309e-05, 2.51202891377e-05, 2.65837770712e-05, 2.63018082478e-05, 2.43946160481e-05, 8.86546558831e-07],
        "min": [1.44185345684e-23, 1.49166260771e-23, 9.35462437194e-23, 1.23329125527e-23, 6.89268793659e-23, 3.57524825783e-23, 2.86169264571e-23, 2.22736738301e-23, 7.22222227351e-23, 3.23903510893e-23, 6.09937596259e-23, 6.95760235384e-23, 5.54272162908e-23, 8.76995411669e-23, 1.54434428513e-22, 1.31161668657e-22, 1.77227737643e-22, 3.01763100914e-22, 5.04907380539e-22, 2.901441769e-22, 5.58608133718e-22, 6.32235740555e-22, 5.84323686564e-22, 1.08583510295e-21, 1.34223049766e-21, 1.67136568359e-21, 2.32207106869e-21],
        "var": [5.40141343208e-07, 6.4923086029e-05, 2.1929938157e-05, 1.48364040342e-06, 9.83505287877e-06, 6.90743809173e-06, 9.44041494222e-06, 1.99370651899e-06, 5.19778723174e-06, 8.74615125213e-06, 4.43114316795e-07, 2.21174582293e-06, 1.97251392819e-06, 1.48491301388e-06, 7.50252127091e-07, 5.23384187545e-07, 4.66347103156e-07, 5.21123524777e-07, 6.5794921511e-07, 1.00658255064e-07, 3.40969634749e-08, 2.18251212658e-08, 7.49995621163e-09, 1.59106470221e-08, 5.50893330953e-09, 2.84000787332e-08, 1.77426962011e-10]
    },
    "erbbands": {
        "dmean": [0.0774183571339, 0.755664110184, 2.20473432541, 1.80687987804, 3.26086974144, 5.19020605087, 3.90324163437, 8.78251838684, 13.3681659698, 10.5969352722, 10.5121850967, 22.6625041962, 23.9749031067, 22.3006496429, 12.2001132965, 19.2891902924, 28.459312439, 25.3422031403, 19.6335830688, 19.2465572357, 14.0004062653, 12.7786712646, 11.8593568802, 14.540558815, 10.7583122253, 4.42496585846, 3.38856887817, 1.99190580845, 1.63802528381, 1.00994288921, 0.771338820457, 0.608114719391, 0.57234275341, 0.34419849515, 0.400357306004, 0.487784057856, 0.262087523937, 0.0429223403335, 0.00113045144826, 3.46941451426e-05],
        "dmean2": [0.131001040339, 1.30070018768, 3.81226968765, 3.12888741493, 5.44922113419, 8.56310749054, 6.38985490799, 14.4902219772, 19.26171875, 16.1670856476, 17.6356925964, 35.343788147, 33.4253578186, 31.7242946625, 18.0404930115, 29.6322555542, 44.7208747864, 40.3942527771, 32.0594825745, 31.188501358, 21.4530200958, 19.7040195465, 18.735666275, 24.0024089813, 17.6488132477, 6.72266292572, 5.19469451904, 2.95870518684, 2.33457493782, 1.42380189896, 1.07271635532, 0.870973527431, 0.791952669621, 0.499603509903, 0.646363794804, 0.83281815052, 0.445358008146, 0.0707482025027, 0.00188440387137, 5.47107774764e-05],
        "dvar": [0.032647036016, 3.09149384499, 30.9315185547, 17.9112873077, 39.8493232727, 141.90083313, 88.5918579102, 278.542236328, 487.146179199, 322.444824219, 402.537689209, 1061.57104492, 2098.60058594, 1860.35717773, 518.941223145, 1162.98706055, 4121.92041016, 1753.44921875, 948.664672852, 1264.50415039, 417.842803955, 475.085235596, 270.140899658, 437.917816162, 655.415100098, 96.9627227783, 35.6927337646, 11.2957992554, 9.87457752228, 3.63621854782, 1.81685495377, 1.15697622299, 1.49672436714, 0.235214963555, 0.266111522913, 0.508620679379, 0.155772656202, 0.00326418108307, 2.49166305366e-06, 1.81071690974e-09],
        "dvar2": [0.0856330096722, 8.23620891571, 89.6012039185, 51.9057006836, 104.264808655, 398.489685059, 258.752716064, 912.215270996, 1034.76843262, 751.594360352, 1101.10375977, 2386.8359375, 4529.70019531, 3374.9453125, 1278.30444336, 2953.64477539, 10784.7304688, 4722.76513672, 2339.10717773, 2815.29077148, 920.034851074, 997.91998291, 609.512023926, 1150.2076416, 1684.02416992, 170.887939453, 73.9000854492, 24.1131439209, 20.8476066589, 7.74586725235, 3.51446008682, 1.73320949078, 2.72681331635, 0.466154873371, 0.663983643055, 1.31988120079, 0.404750019312, 0.0079009803012, 5.90777608522e-06, 4.25105950441e-09],
        "max": [2.4010412693, 14.9427852631, 45.1424674988, 37.4463806152, 57.3683357239, 168.238616943, 147.315322876, 171.502731323, 320.438171387, 206.235717773, 179.656341553, 304.331726074, 739.968688965, 708.886169434, 295.669219971, 407.51675415, 1130.8951416, 679.828125, 364.707794189, 480.120117188, 275.944549561, 383.693878174, 267.413726807, 207.623825073, 301.786529541, 206.332565308, 72.2702789307, 45.1346931458, 56.9454727173, 41.143737793, 20.64478302, 22.7883377075, 26.8168373108, 9.27810001373, 2.90864109993, 3.77037811279, 2.02035427094, 0.307465225458, 0.0104924961925, 0.000310439267196],
        "mean": [0.150170475245, 1.56810855865, 5.17284202576, 3.6504740715, 6.03742837906, 9.25452899933, 8.01052951813, 19.292011261, 33.9076881409, 24.7040195465, 22.0614776611, 52.5097465515, 61.2160835266, 47.5447235107, 25.0824337006, 36.5358848572, 49.6731376648, 52.3140640259, 38.8426361084, 36.5539932251, 28.6516704559, 27.3661670685, 29.9440746307, 36.9873809814, 23.2601642609, 10.0403966904, 7.07006931305, 4.1381726265, 3.35040736198, 2.19231009483, 1.68734657764, 1.35205888748, 1.13739073277, 0.631372332573, 0.448490023613, 0.404515534639, 0.20466196537, 0.0337755903602, 0.000906874483917, 5.97351499891e-05],
        "median": [0.103801369667, 0.785679459572, 3.18390893936, 2.61887049675, 4.33682966232, 5.12882471085, 3.82351613045, 8.38484287262, 13.4137916565, 11.2481117249, 10.0634565353, 38.1575584412, 34.9558868408, 20.6725444794, 16.2144298553, 19.1664638519, 28.7697792053, 33.1891708374, 26.8479995728, 21.8820800781, 16.8183956146, 15.9345464706, 18.5954704285, 20.0310535431, 8.34716415405, 4.59089565277, 3.08475375175, 1.6894197464, 1.34320759773, 0.892901360989, 0.720478057861, 0.558088481426, 0.411701232195, 0.276012420654, 0.188920170069, 0.121982477605, 0.0433659180999, 0.00613248348236, 0.000172350919456, 4.49293438578e-05],
        "min": [2.40941395007e-22, 6.01506839079e-21, 8.38803340265e-20, 8.84607885073e-20, 3.09526106144e-20, 2.65141966157e-19, 4.57993206462e-19, 2.74675713855e-19, 3.01416601902e-19, 6.07403790279e-19, 5.67821336812e-19, 1.48785700563e-18, 1.35412464805e-18, 8.7206043406e-19, 3.62366650536e-18, 2.54477772754e-18, 2.55784118416e-18, 3.70215353778e-18, 6.50282744603e-18, 8.42078879848e-18, 8.86841427824e-18, 1.00221740684e-17, 1.28266397726e-17, 2.35501083177e-17, 2.5609673892e-17, 1.50531303946e-17, 2.33676967947e-17, 1.97304099333e-17, 2.16609022449e-17, 2.00748545579e-17, 1.69658747189e-17, 2.0707993488e-17, 1.77214595407e-17, 1.19906910456e-17, 1.06031791132e-17, 6.39980292791e-18, 3.18489144456e-18, 1.33706590907e-18, 3.73416883961e-19, 2.73122565932e-20],
        "var": [0.0373769588768, 4.14029979706, 35.5625724792, 17.3544216156, 42.2453994751, 187.527175903, 173.069580078, 674.713256836, 2433.1730957, 1021.87365723, 1016.82861328, 2511.78027344, 6345.64160156, 8198.85546875, 866.638549805, 2805.73657227, 5230.06640625, 4085.03198242, 1822.27978516, 2260.01269531, 1052.5402832, 1230.97790527, 1169.05895996, 1854.04199219, 1923.39013672, 312.464508057, 105.363014221, 32.8512802124, 30.5387382507, 12.2103710175, 6.57093667984, 4.88870382309, 5.81859493256, 0.936142325401, 0.320649594069, 0.404673188925, 0.121041104198, 0.00300226383843, 2.28643239097e-06, 2.38512676276e-09]
    },
    "gfcc": {
        "mean": [18.3340740204, 91.9644393921, -114.252670288, 17.4265804291, -41.7505989075, 14.8521213531, -33.9097251892, 20.1974048615, -25.1024093628, 9.7912940979, -18.4910640717, 3.26089191437, -16.6082191467],
        "cov": [[14093.3710938, 471.188537598, -657.759643555, 291.031646729, -139.419723511, 206.367645264, -153.375686646, 121.486778259, -247.834701538, 28.5961952209, -238.629821777, 69.6881561279, -165.497970581], [471.188537598, 868.620422363, -110.884841919, 57.811378479, 106.698631287, 26.9930915833, 7.18045043945, -37.9505310059, 48.3555145264, -64.2836303711, 46.4934082031, -35.7937240601, 62.7063140869], [-657.759643555, -110.884841919, 570.405578613, -101.550674438, 127.79839325, -4.67061758041, -7.83453083038, 13.1587705612, -58.3746299744, 9.03904056549, -78.9431381226, 48.4681396484, -23.9797382355], [291.031646729, 57.811378479, -101.550674438, 189.7550354, -37.6483764648, 24.6634044647, 17.8033542633, -11.1538581848, -3.19268965721, -41.1090393066, 22.8818187714, -37.6565437317, 13.7782888412], [-139.419723511, 106.698631287, 127.79839325, -37.6483764648, 226.002441406, 43.0242958069, 32.5127449036, 5.35084962845, -3.94672513008, -11.0608129501, -46.01146698, 8.86925888062, -13.101398468], [206.367645264, 26.9930915833, -4.67061758041, 24.6634044647, 43.0242958069, 101.456581116, 18.5643100739, -10.3032808304, 3.91319537163, -8.87171363831, -21.9839172363, -7.00805950165, 5.84977817535], [-153.375686646, 7.18045043945, -7.83453083038, 17.8033542633, 32.5127449036, 18.5643100739, 74.6292800903, 15.996254921, 6.91220188141, -1.65933477879, 15.0434169769, -11.2384786606, -2.31341338158], [121.486778259, -37.9505310059, 13.1587705612, -11.1538581848, 5.35084962845, -10.3032808304, 15.996254921, 88.4677200317, 13.291929245, -8.83584880829, -3.87953329086, -1.55902040005, -25.2228031158], [-247.834701538, 48.3555145264, -58.3746299744, -3.19268965721, -3.94672513008, 3.91319537163, 6.91220188141, 13.291929245, 82.6661148071, 10.8943462372, 9.15642738342, -10.8344097137, -0.899604737759], [28.5961952209, -64.2836303711, 9.03904056549, -41.1090393066, -11.0608129501, -8.87171363831, -1.65933477879, -8.83584880829, 10.8943462372, 75.0300140381, 13.1994457245, 12.7821149826, -5.4618935585], [-238.629821777, 46.4934082031, -78.9431381226, 22.8818187714, -46.01146698, -21.9839172363, 15.0434169769, -3.87953329086, 9.15642738342, 13.1994457245, 82.9990997314, 5.04043197632, 25.2787532806], [69.6881561279, -35.7937240601, 48.4681396484, -37.6565437317, 8.86925888062, -7.00805950165, -11.2384786606, -1.55902040005, -10.8344097137, 12.7821149826, 5.04043197632, 55.2938270569, 16.8112316132], [-165.497970581, 62.7063140869, -23.9797382355, 13.7782888412, -13.101398468, 5.84977817535, -2.31341338158, -25.2228031158, -0.899604737759, -5.4618935585, 25.2787532806, 16.8112316132, 58.9621276855]],
        "icov": [[0.000176072440809, -0.000344300206052, 0.000379827193683, -0.000470778264571, 0.000326925743138, -0.000355525669875, 0.000141953845741, -0.000551121949684, 0.000929931469727, -0.000786834745668, 0.0010701174615, -0.00116439361591, 0.000817087420728], [-0.000344300206052, 0.00247134524398, -0.000589841976762, 0.00102861830965, -0.00215746322647, 0.000728085928131, 0.000747666577809, 0.00153037905693, -0.0027998641599, 0.00299295433797, -0.0037037008442, 0.00397065375, -0.00325225410052], [0.000379827193683, -0.000589841976762, 0.00349606946111, -0.000509166391566, -0.000439484749222, -8.90149385668e-05, 9.75798611762e-05, -0.00147495698184, 0.00344262016006, -0.00202837376855, 0.00419457443058, -0.00399750843644, 0.0017243513139], [-0.000470778264571, 0.00102861830965, -0.000509166391566, 0.00947286561131, 0.000172860236489, -0.00106677191798, -0.00133511342574, 0.00229986710474, -0.00148201547563, 0.00606437260285, -0.00515998527408, 0.00752444658428, -0.00315431691706], [0.000326925743138, -0.00215746322647, -0.000439484749222, 0.000172860236489, 0.00853689573705, -0.00257695652544, -0.00411263247952, -0.000561755732633, 0.001843332313, -0.00119989016093, 0.00562873668969, -0.00482994737104, 0.00362474750727], [-0.000355525669875, 0.000728085928131, -8.90149385668e-05, -0.00106677191798, -0.00257695652544, 0.0139426458627, -0.00363593641669, 0.00247519905679, -0.00270224385895, 0.000781992333941, 0.00325606949627, 0.00216812756844, -0.0045817848295], [0.000141953845741, 0.000747666577809, 9.75798611762e-05, -0.00133511342574, -0.00411263247952, -0.00363593641669, 0.019452854991, -0.00412297761068, 0.000426235434134, -0.000860863248818, -0.00667265662923, 0.0042438977398, -2.11051392398e-05], [-0.000551121949684, 0.00153037905693, -0.00147495698184, 0.00229986710474, -0.000561755732633, 0.00247519905679, -0.00412297761068, 0.0171246435493, -0.00634032348171, 0.00703786080703, -0.00450145360082, 0.000683320569806, 0.00477192457765], [0.000929931469727, -0.0027998641599, 0.00344262016006, -0.00148201547563, 0.001843332313, -0.00270224385895, 0.000426235434134, -0.00634032348171, 0.0200315862894, -0.00790910515934, 0.00612337328494, -0.00354194222018, 0.00327399652451], [-0.000786834745668, 0.00299295433797, -0.00202837376855, 0.00606437260285, -0.00119989016093, 0.000781992333941, -0.000860863248818, 0.00703786080703, -0.00790910515934, 0.0230583436787, -0.0107188401744, 0.00302165560424, 0.000748334743548], [0.0010701174615, -0.0037037008442, 0.00419457443058, -0.00515998527408, 0.00562873668969, 0.00325606949627, -0.00667265662923, -0.00450145360082, 0.00612337328494, -0.0107188401744, 0.0298838820308, -0.0113883167505, -0.00187006115448], [-0.00116439361591, 0.00397065375, -0.00399750843644, 0.00752444658428, -0.00482994737104, 0.00216812756844, 0.0042438977398, 0.000683320569806, -0.00354194222018, 0.00302165560424, -0.0113883167505, 0.0375926867127, -0.0173146966845], [0.000817087420728, -0.00325225410052, 0.0017243513139, -0.00315431691706, 0.00362474750727, -0.0045817848295, -2.11051392398e-05, 0.00477192457765, 0.00327399652451, 0.000748334743548, -0.00187006115448, -0.0173146966845, 0.0333089195192]]
    },
    "melbands": {
        "dmean": [0.000728020037059, 0.00108480732888, 0.00034014985431, 0.000318983133184, 0.000151356332935, 0.000197643617867, 0.000201400223887, 0.000113915193651, 0.000106781517388, 0.000136219779961, 0.00012006421457, 9.40086174523e-05, 4.17066148657e-05, 4.73996296932e-05, 7.19059971743e-05, 4.73551881441e-05, 5.20702778886e-05, 3.21783154504e-05, 2.9123866625e-05, 2.19872472371e-05, 1.66482423083e-05, 1.22427491078e-05, 1.71538431459e-05, 1.33305793497e-05, 1.24267908177e-05, 9.66252264334e-06, 3.75858712687e-06, 3.13806822305e-06, 2.61140598923e-06, 1.69805844052e-06, 1.09338645871e-06, 1.04394814571e-06, 7.92731668753e-07, 5.3402800404e-07, 4.80449728002e-07, 4.19359821535e-07, 3.79354958113e-07, 4.4867377369e-07, 3.72792101189e-07, 2.7717157991e-07],
        "dmean2": [0.00125128088985, 0.00186600710731, 0.000580703024752, 0.000532127218321, 0.000250480166869, 0.000327946210746, 0.000289779534796, 0.000177032910869, 0.000175008928636, 0.000207149074413, 0.00016708066687, 0.000133792796987, 6.18288468104e-05, 7.21327087376e-05, 0.000113736801723, 7.32433545636e-05, 8.44718524604e-05, 5.26262738276e-05, 4.81424176542e-05, 3.39271973644e-05, 2.61959648924e-05, 1.86008546734e-05, 2.76990740531e-05, 2.15341788135e-05, 2.08010060305e-05, 1.58656166604e-05, 5.90427407587e-06, 4.81795223095e-06, 4.15263366449e-06, 2.65654625764e-06, 1.64434186445e-06, 1.55076941155e-06, 1.12988061574e-06, 7.94001778104e-07, 6.89106002483e-07, 6.17329135366e-07, 5.5887403505e-07, 6.59767295019e-07, 5.52129506559e-07, 4.13778565189e-07],
        "dvar": [2.77032677332e-06, 7.0437413342e-06, 5.55519363843e-07, 4.71862989571e-07, 1.13797604229e-07, 1.43463211089e-07, 1.06901261177e-07, 3.82229430329e-08, 2.75318949861e-08, 3.554728778e-08, 5.20991427777e-08, 3.58162424163e-08, 5.49781509207e-09, 7.48635020642e-09, 2.33653363324e-08, 8.58305071461e-09, 7.45826511661e-09, 2.52485610197e-09, 1.70242475672e-09, 2.05080841198e-09, 5.35414657055e-10, 5.9962951271e-10, 7.68629160319e-10, 5.32639321538e-10, 3.87807924662e-10, 5.40992750597e-10, 4.23249352233e-11, 5.37004017642e-11, 2.31148277602e-11, 1.05168746975e-11, 3.68604625989e-12, 4.33342337708e-12, 3.35935858124e-12, 8.23577696926e-13, 7.07782140189e-13, 5.35039840124e-13, 4.58074387883e-13, 1.33771064972e-12, 6.30525091774e-13, 1.48760574714e-13],
        "dvar2": [7.2385164458e-06, 1.98395373445e-05, 1.58966747676e-06, 1.24639279875e-06, 3.33452902623e-07, 4.75049574788e-07, 2.17349480636e-07, 9.2853539968e-08, 7.34695362326e-08, 7.86027953836e-08, 1.12710736744e-07, 6.48023927852e-08, 1.36688305119e-08, 1.8413674141e-08, 6.192610158e-08, 2.21676348389e-08, 1.99741858609e-08, 6.38596953095e-09, 4.09713107885e-09, 3.84161902289e-09, 1.34265398799e-09, 1.15233378395e-09, 2.1460939692e-09, 1.30821642408e-09, 1.0110635662e-09, 1.36604105805e-09, 9.40946279226e-11, 1.00431170325e-10, 5.05609096257e-11, 2.56763343226e-11, 8.46763631435e-12, 9.78796557694e-12, 8.09517730627e-12, 1.79905146769e-12, 1.47155302267e-12, 9.37917278565e-13, 7.44945880156e-13, 2.94806648711e-12, 1.17894799825e-12, 3.13672780241e-13],
        "max": [0.0157294683158, 0.0210092291236, 0.00628798548132, 0.00825921725482, 0.00465192785487, 0.00360721629113, 0.00498832715675, 0.00235564494506, 0.00161727087107, 0.00179924233817, 0.00368021125905, 0.00313572422601, 0.000879908096977, 0.000999879674055, 0.00183911493514, 0.00156386336312, 0.0015426420141, 0.00053400779143, 0.000489719968755, 0.000709283980541, 0.000215208070586, 0.000428373052273, 0.000260692555457, 0.000263116991846, 0.000193382715224, 0.000269042066066, 8.48028066684e-05, 0.000140784293762, 6.54371615383e-05, 3.80558813049e-05, 2.99585790344e-05, 3.28909918608e-05, 3.94165326725e-05, 1.55730631377e-05, 1.22758183352e-05, 1.0947197552e-05, 1.42113976835e-05, 2.49520599027e-05, 1.53811342898e-05, 5.99192117079e-06],
        "mean": [0.00153531541582, 0.00255570351146, 0.000726970843971, 0.000569581869058, 0.000307643902488, 0.000438992894487, 0.000513667415362, 0.000246848649113, 0.000218660657993, 0.000326244189637, 0.000299134408124, 0.000194153602934, 7.8278426372e-05, 9.11126917345e-05, 0.000120471180708, 9.11645474844e-05, 9.87044841168e-05, 5.96328536631e-05, 5.37407140655e-05, 4.15975700889e-05, 3.07795417029e-05, 2.48431933869e-05, 3.21789993905e-05, 3.1296061934e-05, 2.96731377603e-05, 1.91921062651e-05, 8.78684568306e-06, 6.08003847447e-06, 4.91106948175e-06, 3.09064944304e-06, 2.13035218621e-06, 1.985701374e-06, 1.49239861003e-06, 1.09660732051e-06, 9.83337713478e-07, 8.89631337486e-07, 7.73548777033e-07, 8.17769318928e-07, 6.7269218107e-07, 4.84629026687e-07],
        "median": [0.000988991581835, 0.00142459268682, 0.000552553043235, 0.000357162294677, 0.000151277941768, 0.000181369192433, 0.000249528180575, 0.000105210441689, 0.000119327429275, 0.000238284439547, 0.000163458025781, 7.08225124981e-05, 5.19791065017e-05, 4.51153027825e-05, 4.40945077571e-05, 5.96885802224e-05, 5.72708013351e-05, 4.05339997087e-05, 3.34510477842e-05, 2.3059979867e-05, 1.85006319953e-05, 1.28998472064e-05, 1.53623132064e-05, 1.2069854165e-05, 1.28037208924e-05, 4.8508159125e-06, 3.87125692214e-06, 2.33443461184e-06, 1.94342578652e-06, 1.23075801639e-06, 8.72050179623e-07, 7.75882199378e-07, 5.44142551462e-07, 4.69803524084e-07, 4.12126127003e-07, 3.36628545483e-07, 3.10028156036e-07, 2.98479449157e-07, 2.32321070825e-07, 2.31626344771e-07],
        "min": [3.79622941774e-24, 3.17330437841e-23, 1.35855242737e-23, 8.45051625272e-24, 1.7210925468e-23, 5.99282444124e-24, 5.21927217075e-24, 6.55658507045e-24, 5.41537352545e-24, 9.77546099672e-24, 7.03990279214e-24, 3.57221737534e-24, 9.17008913805e-24, 9.1153690125e-24, 5.05932904449e-24, 6.54959457954e-24, 6.88131650664e-24, 1.03096310589e-23, 1.05965831575e-23, 8.87064700476e-24, 1.18808873654e-23, 9.88833515934e-24, 1.03084138466e-23, 1.36165722612e-23, 1.9372309685e-23, 2.02787613522e-23, 1.27830460516e-23, 8.96064814544e-24, 1.40490305426e-23, 1.26025467878e-23, 1.17175213717e-23, 1.25175517585e-23, 1.23885225134e-23, 1.09276404693e-23, 9.25963037282e-24, 1.20655439261e-23, 1.22399571279e-23, 1.1239568693e-23, 1.44922520422e-23, 8.2249469989e-24],
        "var": [3.57250905836e-06, 9.02678766579e-06, 5.73600061671e-07, 5.22586105944e-07, 2.15598532805e-07, 3.3934142607e-07, 5.47840045328e-07, 1.13500860266e-07, 7.59965530506e-08, 9.2638160254e-08, 1.59112630627e-07, 1.59699524716e-07, 8.61392468465e-09, 1.74312209111e-08, 5.49420100526e-08, 1.20885772503e-08, 1.70014047285e-08, 4.76050576736e-09, 3.80006204281e-09, 4.29685309555e-09, 1.17458542892e-09, 1.50119772169e-09, 1.83440207469e-09, 2.14079998173e-09, 1.51086920752e-09, 1.56042789801e-09, 1.53115298218e-10, 1.44899647836e-10, 5.97089669374e-11, 2.13381170372e-11, 9.3633894041e-12, 1.15315422142e-11, 7.20787969241e-12, 2.83755896384e-12, 2.28313114942e-12, 1.92079902331e-12, 1.7309637881e-12, 3.32460209536e-12, 1.92646896699e-12, 5.15386724183e-13]
    },
    "mfcc": {
