{
"metadata": {
    "version": {
        "essentia": "2.0.1",
        "extractor": "archive-music 1.0"
    },
    "audio_properties": {
        "analysis_sample_rate": 44100,
        "bitrate": 128,
        "channels": 2,
        "equal_loudness": 0,
        "length": 16.0130615234,
        "replay_gain": -1.82720565796,
        "downmix": "mix"
    },
    "tags": {
        "track": 0,
        "year": 2008,
        "album": "Soundtrack360",
        "artist": "Experiment - Soundtrack 360",
        "comment": "",
        "genre": "",
        "title": "314"
    }
},
"highlevel": {
    "culture": {
        "all": {
            "non_western": 0.298615396023,
            "western": 0.701384603977
        },
        "probability": 0.701384603977,
        "value": "western"
    },
    "danceability": {
        "all": {
            "danceable": 0.804006934166,
            "not_danceable": 0.195993036032
        },
        "probability": 0.804006934166,
        "value": "danceable"
    },
    "gender": {
        "all": {
            "female": 0.948257744312,
            "male": 0.0517422817647
        },
        "probability": 0.948257744312,
        "value": "female"
    },
    "genre_dortmund": {
        "all": {
            "alternative": 0.0173100680113,
            "blues": 0.0120383910835,
            "electronic": 0.122243918478,
            "folkcountry": 0.0165238883346,
            "funksoulrnb": 0.0688284263015,
            "jazz": 0.564572930336,
            "pop": 0.0427337624133,
            "raphiphop": 0.123505555093,
            "rock": 0.0322430841625
        },
        "probability": 0.564572930336,
        "value": "jazz"
    },
    "genre_electronic": {
        "all": {
            "ambient": 0.937230110168,
            "dnb": 0.0123328855261,
            "house": 0.0269625261426,
            "techno": 0.0176983699203,
            "trance": 0.00577610451728
        },
        "probability": 0.937230110168,
        "value": "ambient"
    },
    "genre_rosamerica": {
        "all": {
            "cla": 0.00219909590669,
            "dan": 0.0255825407803,
            "hip": 0.0302927587181,
            "jaz": 0.0234597921371,
            "pop": 0.0240138601512,
            "rhy": 0.884527266026,
            "roc": 0.00386181101203,
            "spe": 0.00606284942478
        },
        "probability": 0.884527266026,
        "value": "rhy"
    },
    "genre_tzanetakis": {
        "all": {
            "blu": 0.00523915747181,
            "cla": 0.00434485543519,
            "cou": 0.00466631446034,
            "dis": 0.00523760030046,
            "hip": 0.58590143919,
            "jaz": 0.0208651106805,
            "met": 0.00119756930508,
            "pop": 0.253719329834,
            "reg": 0.109071724117,
            "roc": 0.00975690409541
        },
        "probability": 0.58590143919,
        "value": "hip"
    },
    "mirex_ballroom": {
        "all": {
            "ChaChaCha": 0.0694703236222,
            "Jive": 0.0259446464479,
            "Quickstep": 0.0954484045506,
            "Rumba-American": 0.0164441652596,
            "Rumba-International": 0.478496402502,
            "Rumba-Misc": 0.139269053936,
            "Samba": 0.127792313695,
            "Tango": 0.00838962942362,
            "VienneseWaltz": 0.0131891090423,
            "Waltz": 0.0255559626967
        },
        "probability": 0.478496402502,
        "value": "Rumba-International"
    },
    "mood_acoustic": {
        "all": {
            "acoustic": 0.184196293354,
            "not_acoustic": 0.815803706646
        },
        "probability": 0.815803706646,
        "value": "not_acoustic"
    },
    "mood_aggressive": {
        "all": {
            "aggressive": 1.0112092923e-06,
            "not_aggressive": 0.999998986721
        },
        "probability": 0.999998986721,
        "value": "not_aggressive"
    },
    "mood_electronic": {
        "all": {
            "electronic": 0.851422131062,
            "not_electronic": 0.148577839136
        },
        "probability": 0.851422131062,
        "value": "electronic"
    },
    "mood_happy": {
        "all": {
            "happy": 0.144980043173,
            "not_happy": 0.855019986629
        },
        "probability": 0.855019986629,
        "value": "not_happy"
    },
    "mood_party": {
        "all": {
            "not_party": 0.585412621498,
            "party": 0.414587378502
        },
        "probability": 0.585412621498,
        "value": "not_party"
    },
    "mood_relaxed": {
        "all": {
            "not_relaxed": 0.0062178215012,
            "relaxed": 0.993782162666
        },
        "probability": 0.993782162666,
        "value": "relaxed"
    },
    "mood_sad": {
        "all": {
            "not_sad": 0.631842792034,
            "sad": 0.368157207966
        },
        "probability": 0.631842792034,
        "value": "not_sad"
    },
    "moods_mirex": {
        "all": {
            "Cluster1": 0.214466005564,
            "Cluster2": 0.210977852345,
            "Cluster3": 0.320732712746,
            "Cluster4": 0.166398301721,
            "Cluster5": 0.0874251201749
        },
        "probability": 0.320732712746,
        "value": "Cluster3"
    },
    "timbre": {
        "all": {
            "bright": 0.205762267113,
            "dark": 0.794237732887
        },
        "probability": 0.794237732887,
        "value": "dark"
    },
    "tonal_atonal": {
        "all": {
            "atonal": 0.653091967106,
            "tonal": 0.346908032894
        },
        "probability": 0.653091967106,
        "value": "atonal"
    },
    "voice_instrumental": {
        "all": {
            "instrumental": 0.986381232738,
            "voice": 0.0136187663302
        },
        "probability": 0.986381232738,
        "value": "instrumental"
    }
},
"lowlevel": {
    "average_loudness": 0.844618022442,
    "barkbands_kurtosis": {
        "dmean": 19.3117733002,
        "dmean2": 32.08959198,
        "dvar": 1301.41760254,
        "dvar2": 3508.91845703,
        "max": 543.040588379,
        "mean": 32.2555465698,
        "median": 12.6981487274,
        "min": -1.88714408875,
        "var": 2829.96801758
    },
    "barkbands_skewness": {
        "dmean": 1.25695753098,
        "dmean2": 2.01764512062,
        "dvar": 1.74418437481,
        "dvar2": 4.08253669739,
        "max": 16.1937465668,
        "mean": 3.41274046898,
        "median": 2.8644618988,
        "min": -1.88997817039,
        "var": 6.257771492
    },
    "barkbands_spread": {
        "dmean": 5.26460170746,
        "dmean2": 8.53832530975,
        "dvar": 118.288520813,
        "dvar2": 274.827728271,
        "max": 114.458343506,
        "mean": 9.59961891174,
        "median": 6.03958845139,
        "min": 0.302446901798,
        "var": 148.30279541
    },
    "dissonance": {
        "dmean": 0.0321766883135,
        "dmean2": 0.0556096322834,
        "dvar": 0.000815589679405,
        "dvar2": 0.00224516540766,
        "max": 0.500000119209,
        "mean": 0.438478648663,
        "median": 0.445207744837,
        "min": 0.224822744727,
        "var": 0.0014654250117
    },
    "dynamic_complexity": 5.59071397781,
    "erbbands_kurtosis": {
        "dmean": 2.7118678093,
        "dmean2": 4.36083745956,
        "dvar": 13.7037734985,
        "dvar2": 31.741268158,
        "max": 58.6952667236,
        "mean": 4.66747713089,
        "median": 2.7383980751,
        "min": -1.62840056419,
        "var": 45.7794113159
    },
    "erbbands_skewness": {
        "dmean": 0.488642692566,
        "dmean2": 0.782508552074,
        "dvar": 0.214788734913,
        "dvar2": 0.509845554829,
        "max": 6.22099065781,
        "mean": 1.36713683605,
        "median": 1.16928482056,
        "min": -0.856252372265,
        "var": 1.01353156567
    },
    "erbbands_spread": {
        "dmean": 11.884680748,
        "dmean2": 18.1827201843,
        "dvar": 270.525146484,
        "dvar2": 573.829650879,
        "max": 154.170318604,
        "mean": 30.5941295624,
        "median": 23.4876918793,
        "min": 5.40930461884,
        "var": 539.999572754
    },
    "hfc": {
        "dmean": 5.56367206573,
        "dmean2": 8.96358299255,
        "dvar": 325.85748291,
        "dvar2": 850.13848877,
        "max": 378.593078613,
        "mean": 11.8879909515,
        "median": 6.755610466,
        "min": 1.28031306379e-16,
        "var": 363.357177734
    },
    "melbands_kurtosis": {
        "dmean": 24.092382431,
        "dmean2": 37.7708053589,
        "dvar": 2306.96069336,
        "dvar2": 5340.29931641,
        "max": 695.563659668,
        "mean": 40.227016449,
        "median": 20.0337963104,
        "min": -1.35414171219,
        "var": 3955.90161133
    },
    "melbands_skewness": {
        "dmean": 1.29658269882,
        "dmean2": 1.98174202442,
        "dvar": 2.09009027481,
        "dvar2": 4.7039642334,
        "max": 19.6430206299,
        "mean": 3.69562840462,
        "median": 3.24421048164,
        "min": -0.519048213959,
        "var": 6.22602128983
    },
    "melbands_spread": {
        "dmean": 3.38517951965,
        "dmean2": 5.51813602448,
        "dvar": 83.9364318848,
        "dvar2": 200.777572632,
        "max": 169.990814209,
        "mean": 7.98373413086,
        "median": 4.77693271637,
        "min": 0.318418383598,
        "var": 141.340026855
    },
    "pitch_salience": {
        "dmean": 0.104857139289,
        "dmean2": 0.171713232994,
        "dvar": 0.00817097630352,
        "dvar2": 0.0213975068182,
        "max": 0.951165020466,
        "mean": 0.445924520493,
        "median": 0.442885816097,
        "min": 0.0662874951959,
        "var": 0.0185432098806
    },
    "silence_rate_20dB": {
        "dmean": 0.0173913035542,
        "dmean2": 0.0348330922425,
        "dvar": 0.0170887596905,
        "dvar2": 0.0423278622329,
        "max": 1,
        "mean": 0.985528230667,
        "median": 1,
        "min": 0,
        "var": 0.0142623977736
    },
    "silence_rate_30dB": {
        "dmean": 0.0724637657404,
        "dmean2": 0.145137876272,
        "dvar": 0.0672132596374,
        "dvar2": 0.153100252151,
        "max": 1,
        "mean": 0.79305356741,
        "median": 1,
        "min": 0,
        "var": 0.164118632674
    },
    "silence_rate_60dB": {
        "dmean": 0.037681158632,
        "dmean2": 0.0754716992378,
        "dvar": 0.0362610369921,
        "dvar2": 0.0900946184993,
        "max": 1,
        "mean": 0.121562950313,
        "median": 0,
        "min": 0,
        "var": 0.106785729527
    },
    "spectral_centroid": {
        "dmean": 132.170562744,
        "dmean2": 196.520935059,
        "dvar": 126589.21875,
        "dvar2": 110238.476562,
        "max": 11272.7148438,
        "mean": 552.350585938,
        "median": 453.685150146,
        "min": 116.600341797,
        "var": 294931.6875
    },
    "spectral_complexity": {
        "dmean": 1.79999995232,
        "dmean2": 2.94049358368,
        "dvar": 4.35998106003,
        "dvar2": 10.1895313263,
        "max": 40,
        "mean": 9.20694637299,
        "median": 9,
        "min": 0,
        "var": 33.5099563599
    },
    "spectral_crest": {
        "dmean": 3.72137999535,
        "dmean2": 6.22530269623,
        "dvar": 10.1876573563,
        "dvar2": 25.5585250854,
        "max": 26.1817722321,
        "mean": 14.4337053299,
        "median": 14.798833847,
        "min": 3.9240219593,
        "var": 23.814365387
    },
    "spectral_decrease": {
        "dmean": 8.88154882972e-09,
        "dmean2": 1.43662539642e-08,
        "dvar": 2.76742154541e-16,
        "dvar2": 7.51986956726e-16,
        "max": 2.54693305002e-19,
        "mean": -1.67544289553e-08,
        "median": -7.73052466485e-09,
        "min": -1.81752668027e-07,
        "var": 5.30899393153e-16
    },
    "spectral_energy": {
        "dmean": 0.033852674067,
        "dmean2": 0.0547426901758,
        "dvar": 0.00399490632117,
        "dvar2": 0.0108525780961,
        "max": 0.693046569824,
        "mean": 0.0643133372068,
        "median": 0.0305020771921,
        "min": 1.13331668375e-20,
        "var": 0.0077156201005
    },
    "spectral_energyband_high": {
        "dmean": 0.000268455361947,
        "dmean2": 0.000444074714324,
        "dvar": 1.77147489921e-06,
        "dvar2": 4.58256727143e-06,
        "max": 0.0281841587275,
        "mean": 0.000253384088865,
        "median": 4.65932971565e-05,
        "min": 8.51747149732e-21,
        "var": 1.36847165777e-06
    },
    "spectral_energyband_low": {
        "dmean": 0.0328253060579,
        "dmean2": 0.0534141734242,
        "dvar": 0.00386938638985,
        "dvar2": 0.010568507947,
        "max": 0.662540256977,
        "mean": 0.0522150248289,
        "median": 0.0202304851264,
        "min": 2.25846333326e-23,
        "var": 0.00642594322562
    },
    "spectral_energyband_middle_high": {
        "dmean": 0.000631815521047,
        "dmean2": 0.00100199168082,
        "dvar": 1.62484639077e-06,
        "dvar2": 3.76296497961e-06,
        "max": 0.0154230231419,
        "mean": 0.00156934850384,
        "median": 0.000436853733845,
        "min": 1.38566343729e-21,
        "var": 6.02377758696e-06
    },
    "spectral_energyband_middle_low": {
        "dmean": 0.00452199205756,
        "dmean2": 0.00701675284654,
        "dvar": 5.01158974657e-05,
        "dvar2": 0.000129112100694,
        "max": 0.0800157934427,
        "mean": 0.0113934334368,
        "median": 0.00667047081515,
        "min": 4.16742796402e-22,
        "var": 0.000204478521482
    },
    "spectral_flatness_db": {
        "dmean": 0.0397676117718,
        "dmean2": 0.0600870922208,
        "dvar": 0.00131771375891,
        "dvar2": 0.00282049016096,
        "max": 0.458379656076,
        "mean": 0.225077137351,
        "median": 0.214328110218,
        "min": 0.0569022931159,
        "var": 0.00763290096074
    },
    "spectral_flux": {
        "dmean": 0.0428041480482,
        "dmean2": 0.0706322342157,
        "dvar": 0.0032807411626,
        "dvar2": 0.00772557919845,
        "max": 0.796512305737,
        "mean": 0.115771047771,
        "median": 0.0887528061867,
        "min": 1.0645734988e-10,
        "var": 0.00852537248284
    },
    "spectral_kurtosis": {
        "dmean": 3.12964320183,
        "dmean2": 4.50569915771,
        "dvar": 11.5258111954,
        "dvar2": 19.5704479218,
        "max": 70.0769424438,
        "mean": 9.26054573059,
        "median": 7.75196170807,
        "min": -1.14919507504,
        "var": 50.8727722168
    },
    "spectral_rms": {
        "dmean": 0.00173321308102,
        "dmean2": 0.00267593446188,
        "dvar": 4.71632574772e-06,
        "dvar2": 1.18476127682e-05,
        "max": 0.0260027498007,
        "mean": 0.00649848720059,
        "median": 0.00545510090888,
        "min": 3.32516891625e-12,
        "var": 2.0514422431e-05
    },
    "spectral_rolloff": {
        "dmean": 378.827941895,
        "dmean2": 668.403015137,
        "dvar": 2836585.5,
        "dvar2": 7163954.5,
        "max": 19552.1484375,
        "mean": 585.696350098,
        "median": 258.3984375,
        "min": 43.06640625,
        "var": 3033411.5
    },
    "spectral_skewness": {
        "dmean": 0.382968008518,
        "dmean2": 0.54251074791,
        "dvar": 0.144304618239,
        "dvar2": 0.269491970539,
        "max": 7.07500553131,
        "mean": 2.51833677292,
        "median": 2.39425516129,
        "min": -0.016718223691,
        "var": 0.708877563477
    },
    "spectral_spread": {
        "dmean": 1361391.375,
        "dmean2": 1904709.125,
        "dvar": 3.97236974387e+12,
        "dvar2": 6.24795582464e+12,
        "max": 39236668,
        "mean": 5176723.5,
        "median": 4307918,
        "min": 1394529,
        "var": 7.66526357504e+12
    },
    "spectral_strongpeak": {
        "dmean": 0.319486349821,
        "dmean2": 0.530108332634,
        "dvar": 0.2745680511,
        "dvar2": 0.626185417175,
        "max": 5.56230401993,
        "mean": 0.547978460789,
        "median": 0.304463714361,
        "min": 0,
        "var": 0.557434499264
    },
    "zerocrossingrate": {
        "dmean": 0.0124617870897,
        "dmean2": 0.0166086498648,
        "dvar": 0.000762037700042,
        "dvar2": 0.00117047969252,
        "max": 0.51123046875,
        "mean": 0.0314287766814,
        "median": 0.021484375,
        "min": 0.001953125,
        "var": 0.00203576567583
    },
    "barkbands": {
        "dmean": [0.00380403967574, 0.0276267565787, 0.00599138438702, 0.00187796354294, 0.00159631948918, 0.00207615480758, 0.000741975556593, 0.000475970387924, 0.000439666531747, 0.000765116768889, 9.30590031203e-05, 8.98337893886e-05, 7.169181481e-05, 0.000101348523458, 3.4280878026e-05, 2.03701929422e-05, 3.40273545589e-05, 2.15427280637e-05, 1.92949919438e-05, 1.71233405126e-05, 1.70233379322e-05, 1.79965772986e-05, 2.54318820225e-05, 2.76792070508e-05, 6.53113675071e-05, 9.60097459028e-05, 2.38441043621e-05],
        "dmean2": [0.00615482451394, 0.0456229895353, 0.0103122647852, 0.00318178860471, 0.00267391325906, 0.0037167344708, 0.00128317519557, 0.000754134031013, 0.000741610652767, 0.00117046909872, 0.000150910069351, 0.000139610725455, 0.000119825490401, 0.000168115948327, 5.90677882428e-05, 3.57156750397e-05, 5.77399405302e-05, 3.76157877326e-05, 3.21989537042e-05, 2.88799783448e-05, 2.88383635052e-05, 3.01238978864e-05, 4.1156043153e-05, 4.53958018625e-05, 0.000106290826807, 0.000164426877745, 4.08488340327e-05],
        "dvar": [4.13764719269e-05, 0.00270847300999, 0.000281021377305, 1.69875202118e-05, 6.75157571095e-06, 2.13268085645e-05, 3.56855684913e-06, 1.18627963275e-06, 6.78712524405e-07, 3.90586228605e-06, 3.93346795136e-08, 3.10985122098e-08, 2.84215726509e-08, 6.43796838062e-08, 3.99946165075e-09, 2.85570922465e-09, 5.67669733442e-09, 3.76727093965e-09, 2.96875346528e-09, 2.57668508752e-09, 2.99230018541e-09, 2.88564572237e-09, 4.61123583761e-09, 1.14568505793e-08, 6.59419967519e-08, 4.23608582878e-07, 6.54155130064e-08],
        "dvar2": [9.80057593551e-05, 0.00755329383537, 0.000787878409028, 4.54497458122e-05, 1.90767932509e-05, 7.04246631358e-05, 1.09684242489e-05, 2.74336889561e-06, 1.65142978403e-06, 7.89476689533e-06, 1.03857402678e-07, 7.05811942225e-08, 7.06591265498e-08, 1.82463367082e-07, 1.10577280665e-08, 7.91309684445e-09, 1.49283074791e-08, 1.03338910762e-08, 7.68488206404e-09, 7.01306035467e-09, 7.9581079504e-09, 7.23850179796e-09, 1.12477449576e-08, 2.97881168621e-08, 1.52568205181e-07, 1.15222417207e-06, 1.73299582684e-07],
        "max": [0.0685882642865, 0.531960606575, 0.244582533836, 0.0396239496768, 0.027637001127, 0.0400467067957, 0.0191941000521, 0.0216567795724, 0.0118820061907, 0.0292021632195, 0.00305613363162, 0.00250005698763, 0.00269494508393, 0.00321761542, 0.000612718635239, 0.000886145979166, 0.000844655267429, 0.000906327739358, 0.000921261846088, 0.000871688942425, 0.000902725849301, 0.000775499909651, 0.00106511882041, 0.00211245124228, 0.00549053400755, 0.0134378755465, 0.00550242094323],
        "mean": [0.00483150361106, 0.0392305105925, 0.00750247715041, 0.00208803988062, 0.00250011938624, 0.00301099987701, 0.00118049443699, 0.000814142113086, 0.000817605643533, 0.00126054720022, 0.000140601798194, 0.000165448655025, 0.000123544625239, 0.000160792289535, 5.79972111154e-05, 3.14283861371e-05, 5.85782181588e-05, 3.43618048646e-05, 3.26459521602e-05, 3.03082179016e-05, 2.36619434872e-05, 2.31458452618e-05, 2.72028628387e-05, 2.66862625722e-05, 5.3369840316e-05, 7.05684651621e-05, 1.66120553331e-05],
        "median": [0.0017217323184, 0.0142659954727, 0.00187175406609, 0.000652324524708, 0.00113363168202, 0.000793650571723, 0.000273188110441, 0.000156962792971, 0.000243742862949, 0.000142998280353, 3.75375748263e-05, 3.42593593814e-05, 2.84973521048e-05, 2.37465355895e-05, 1.09741367851e-05, 8.50802462082e-06, 8.49059961183e-06, 8.23108257464e-06, 7.31025647838e-06, 5.54469988856e-06, 4.516723493e-06, 5.04672652824e-06, 4.77639014207e-06, 4.79732807435e-06, 5.70758675167e-06, 5.58146621188e-06, 7.39871552469e-07],
        "min": [4.70501634741e-26, 4.12416796794e-24, 6.19518264622e-24, 2.53607042778e-23, 4.50807911815e-23, 1.13432127097e-22, 1.1258307295e-22, 5.9737545966e-23, 5.07193575173e-23, 4.57575233977e-23, 2.67251149441e-23, 1.26182391245e-22, 1.0371596083e-22, 9.89735625711e-23, 7.25183548081e-23, 1.83607451421e-22, 1.0939172038e-22, 2.10783255222e-22, 2.57608725891e-22, 4.22151252012e-22, 4.68727366905e-22, 5.62880503406e-22, 9.42565542733e-22, 7.8154219453e-22, 1.12524634134e-21, 1.84572449189e-21, 2.72932080131e-21],
        "var": [6.47423803457e-05, 0.00399616966024, 0.000255599268712, 1.7653539544e-05, 1.17887784654e-05, 2.98504837701e-05, 6.76231093166e-06, 4.26725091529e-06, 1.81285201961e-06, 8.90192586667e-06, 7.03213061115e-08, 1.06400264599e-07, 6.61062529161e-08, 1.20773890444e-07, 1.02456603202e-08, 3.85021614591e-09, 1.37427189628e-08, 4.552093813e-09, 4.27989688134e-09, 4.10115141847e-09, 3.36815109137e-09, 3.25021987102e-09, 5.12705211619e-09, 9.19711062863e-09, 6.06986745311e-08, 2.80597902247e-07, 4.58039259854e-08]
    },
    "erbbands": {
        "dmean": [0.956997215748, 6.09919881821, 8.52500629425, 6.00871133804, 5.22232580185, 6.47482013702, 7.22198200226, 21.2271785736, 12.6011171341, 10.3984518051, 9.48063755035, 10.0007667542, 29.8504295349, 5.49456930161, 3.42535805702, 4.07333660126, 3.27100467682, 5.47338438034, 1.57544350624, 1.88441801071, 1.58552372456, 1.49064815044, 1.15378403664, 1.37080550194, 0.582652688026, 0.86177021265, 0.702590167522, 0.599604189396, 0.587683081627, 0.972891747952, 0.597521007061, 0.558467745781, 0.512520432472, 0.562392294407, 0.542890608311, 0.37156111002, 0.172172158957, 0.0604155659676, 0.00262135104276, 7.35087160137e-05],
        "dmean2": [1.57447135448, 10.2711381912, 14.2081422806, 10.306763649, 8.59221172333, 11.0364923477, 12.0454206467, 38.9008560181, 21.9656238556, 17.2567234039, 15.0879526138, 16.6320133209, 45.3978462219, 8.90054512024, 5.50662517548, 6.28925895691, 5.36599683762, 9.20894432068, 2.57752251625, 3.22121691704, 2.70642876625, 2.52151989937, 2.04693818092, 2.41844558716, 0.938092648983, 1.48789346218, 1.1980458498, 1.01162993908, 0.963421881199, 1.66732227802, 0.938908040524, 0.901391983032, 0.841636776924, 0.925289273262, 0.912558615208, 0.638518691063, 0.295186787844, 0.102951325476, 0.00447786133736, 0.000120961049106],
        "dvar": [2.73063445091, 151.802780151, 462.191162109, 211.921325684, 84.4486694336, 149.039840698, 150.572006226, 2745.96459961, 1145.68359375, 745.836669922, 342.725280762, 365.090515137, 5834.16552734, 112.348945618, 43.1765670776, 68.0739822388, 48.4359092712, 184.310302734, 9.05618286133, 14.7795572281, 10.9209794998, 9.95119476318, 13.9187984467, 12.8668432236, 4.55949020386, 5.39216995239, 8.52056217194, 3.42783904076, 3.09681367874, 6.45348310471, 2.99546718597, 3.15038132668, 5.29104137421, 3.00060224533, 5.41690778732, 3.9321706295, 1.3125628233, 0.389967978001, 0.000913800613489, 2.30255253086e-07],
        "dvar2": [7.52512693405, 425.006134033, 1272.30334473, 586.74432373, 225.07510376, 440.480102539, 382.317352295, 9341.39746094, 3568.51269531, 1966.44299316, 843.354125977, 869.871032715, 11590.671875, 291.867218018, 117.4246521, 154.027374268, 119.441604614, 528.449401855, 24.7060127258, 42.9885063171, 29.7245960236, 26.4509925842, 40.6592636108, 34.2976303101, 10.9334764481, 14.432803154, 22.3180923462, 9.15008926392, 8.04740715027, 16.0971221924, 7.2404665947, 8.03390789032, 13.4334774017, 6.14169359207, 13.707736969, 10.8665571213, 3.58067631721, 1.03753840923, 0.00241114990786, 6.10440110904e-07],
        "max": [18.9910507202, 109.579902649, 311.37512207, 169.028060913, 81.3402786255, 137.652496338, 144.602584839, 443.262268066, 373.045379639, 434.674499512, 245.562362671, 316.014831543, 1180.06982422, 129.388015747, 78.4239501953, 110.887657166, 97.4638519287, 170.620605469, 35.8582267761, 40.1260604858, 42.2166404724, 34.3187255859, 54.1540184021, 40.6614990234, 44.2226638794, 35.6725883484, 59.3847999573, 24.6695690155, 26.428352356, 32.7387084961, 27.7044906616, 28.2648563385, 48.9552536011, 32.3009719849, 47.8320808411, 39.2820167542, 23.5522232056, 13.317814827, 0.651546478271, 0.0102774649858],
        "mean": [1.26763558388, 7.86643838882, 11.519030571, 7.66102027893, 6.76530408859, 9.36124515533, 14.2497358322, 27.5053195953, 20.5114707947, 17.6307315826, 16.3021507263, 19.0485725403, 49.7208595276, 9.83064937592, 5.78980445862, 7.79238939285, 6.22215604782, 8.74166488647, 2.91846895218, 3.32182049751, 2.5456237793, 2.66750597954, 1.84630906582, 2.31851840019, 1.19064056873, 1.49503731728, 1.05396282673, 0.851940095425, 0.772987723351, 0.986359775066, 0.700505256653, 0.558489501476, 0.477314263582, 0.497215300798, 0.418543696404, 0.27370801568, 0.125883430243, 0.043005976826, 0.00185823591892, 0.000102548539871],
        "median": [0.431044727564, 2.46811389923, 3.08741188049, 2.44477248192, 3.34188342094, 3.46435618401, 5.42772626877, 6.35179710388, 5.20757293701, 2.81733894348, 5.47364521027, 6.42849397659, 6.41311597824, 3.06799602509, 1.99791765213, 1.73960018158, 1.62272632122, 1.24321639538, 0.905368387699, 0.586319684982, 0.56440192461, 0.452721446753, 0.4719427526, 0.469392210245, 0.313152372837, 0.273659169674, 0.202230498195, 0.181802332401, 0.175082564354, 0.171138256788, 0.135517627001, 0.0955949798226, 0.0857740566134, 0.0644566863775, 0.0412002280354, 0.0241514258087, 0.0090081775561, 0.00237129651941, 0.00010601177928, 4.53460306744e-05],
        "min": [1.1108374498e-22, 9.58458376292e-22, 7.14840599639e-21, 5.05055188586e-20, 1.49458573217e-19, 1.59635337519e-19, 4.54756862315e-19, 9.75579089192e-19, 9.80028183514e-19, 1.81371694973e-18, 1.68121254177e-18, 1.0308649462e-18, 1.47198826936e-18, 1.38780092854e-18, 1.36034525305e-18, 5.45562795747e-18, 4.76914249531e-18, 5.80744400201e-18, 3.38947554392e-18, 9.72424925439e-18, 6.66579278005e-18, 6.48583095239e-18, 1.00758076322e-17, 1.12492981615e-17, 1.48699959157e-17, 2.30225606472e-17, 1.43313888403e-17, 1.9803860263e-17, 2.07051959631e-17, 2.20107483588e-17, 2.80011589221e-17, 1.32190856881e-17, 1.71784915692e-17, 1.34912678143e-17, 7.60171538311e-18, 5.95613385302e-18, 3.24842966895e-18, 1.62701835637e-18, 3.35040253032e-19, 4.46188298683e-20],
        "var": [4.25897169113, 190.692321777, 502.626098633, 214.280303955, 104.566703796, 224.738464355, 447.23449707, 3175.33203125, 1964.15991211, 1978.98901367, 798.272521973, 1024.6015625, 13622.2363281, 266.914154053, 96.0141296387, 223.085250854, 133.123626709, 343.369659424, 21.8186721802, 36.1049079895, 19.3385391235, 22.3148975372, 14.2019634247, 19.0691757202, 6.97377109528, 9.41604137421, 8.85894584656, 4.29999113083, 3.53071093559, 6.34680175781, 3.49650216103, 2.91928672791, 4.23277997971, 3.38836169243, 4.23324632645, 2.53776550293, 0.863409757614, 0.269394546747, 0.000643388077151, 1.67544087049e-07]
    },
    "gfcc": {
        "mean": [-67.8627929688, 113.992889404, -51.9657096863, 18.4932003021, -44.7367362976, 18.9941139221, -26.4497108459, 16.5876598358, -18.1154766083, 8.67251873016, -14.3940029144, 6.68945598602, -10.3764419556],
        "cov": [[16301.3974609, 423.354980469, -937.602966309, 230.112731934, -507.51159668, 124.507949829, -60.1857337952, 248.050064087, -72.8009414673, 227.784210205, 31.1547107697, 219.345916748, 12.0485477448], [423.354980469, 1193.89880371, -22.9736614227, 53.0839996338, 85.8647766113, -167.930389404, 90.0571136475, -118.610946655, 100.00063324, -45.614818573, 102.79133606, -82.6019744873, 75.7382736206], [-937.602966309, -22.9736614227, 1591.18933105, 190.357559204, 209.16847229, 75.9649047852, -29.5561790466, -51.5872001648, 15.0226106644, 23.8479118347, -7.10847043991, 55.9532852173, -108.085380554], [230.112731934, 53.0839996338, 190.357559204, 321.814208984, 110.756507874, 33.7803268433, 37.4344329834, -32.0294685364, 14.6691226959, -24.7755966187, 43.3284721375, 3.53071737289, -5.88641023636], [-507.51159668, 85.8647766113, 209.16847229, 110.756507874, 194.977859497, 23.965461731, 58.5788726807, -13.101524353, 20.7974262238, -15.2778768539, 25.5324134827, 0.878362238407, 0.544398903847], [124.507949829, -167.930389404, 75.9649047852, 33.7803268433, 23.965461731, 133.560012817, 19.1362857819, 50.4831581116, -22.5701694489, 2.31890082359, -8.55033111572, 18.4973373413, -12.9778842926], [-60.1857337952, 90.0571136475, -29.5561790466, 37.4344329834, 58.5788726807, 19.1362857819, 103.315429688, 21.4572467804, 22.4396533966, -16.8696708679, 20.7042751312, -6.84811639786, 24.2014636993], [248.050064087, -118.610946655, -51.5872001648, -32.0294685364, -13.101524353, 50.4831581116, 21.4572467804, 96.2567825317, 13.5131130219, 15.0758876801, -16.7323875427, 10.9508285522, 0.0665870979428], [-72.8009414673, 100.00063324, 15.0226106644, 14.6691226959, 20.7974262238, -22.5701694489, 22.4396533966, 13.5131130219, 83.3717651367, 23.6358375549, 23.4740028381, -5.00683403015, 20.7919006348], [227.784210205, -45.614818573, 23.8479118347, -24.7755966187, -15.2778768539, 2.31890082359, -16.8696708679, 15.0758876801, 23.6358375549, 57.2807922363, 13.8682727814, 13.9646396637, -0.74549216032], [31.1547107697, 102.79133606, -7.10847043991, 43.3284721375, 25.5324134827, -8.55033111572, 20.7042751312, -16.7323875427, 23.4740028381, 13.8682727814, 66.2789535522, 9.28629398346, 19.5544776917], [219.345916748, -82.6019744873, 55.9532852173, 3.53071737289, 0.878362238407, 18.4973373413, -6.84811639786, 10.9508285522, -5.00683403015, 13.9646396637, 9.28629398346, 50.3711280823, 7.08888721466], [12.0485477448, 75.7382736206, -108.085380554, -5.88641023636, 0.544398903847, -12.9778842926, 24.2014636993, 0.0665870979428, 20.7919006348, -0.74549216032, 19.5544776917, 7.08888721466, 66.2077255249]],
        "icov": [[0.000122166646179, -0.000277709477814, 0.000113444380986, -0.000391784356907, 0.00037957096356, -8.73672106536e-05, -7.9050034401e-05, -0.000363318802556, 0.00043713406194, -0.000834265898447, 0.000478970148833, -0.00084195449017, 0.000256848317804], [-0.000277709477814, 0.0023202423472, -0.000478521222249, 0.00122278358322, -0.000917564204428, 0.00137889024336, -0.000548572279513, 0.00171458767727, -0.00206204503775, 0.0033624949865, -0.00327522912994, 0.00421388354152, -0.00159796478692], [0.000113444380986, -0.000478521222249, 0.00116522877943, -0.000605476030614, -0.000619101978373, -0.000774787098635, 0.000292146898573, 0.000637917604763, -0.00039342258242, -0.00136655243114, 0.00160496018361, -0.00257624639198, 0.00203094934113], [-0.000391784356907, 0.00122278358322, -0.000605476030614, 0.00604027602822, -0.00268995878287, -0.0012024192838, 0.000263893598458, 0.00278175645508, -0.00308717624284, 0.00580860627815, -0.00475715752691, 0.00283353403211, 4.47791535407e-05], [0.00037957096356, -0.000917564204428, -0.000619101978373, -0.00268995878287, 0.0100257117301, -0.00116621027701, -0.00453337654471, 0.000261826207861, 0.000163668300956, -0.00142194819637, 0.000686873856466, -0.0025694523938, 0.00108137587085], [-8.73672106536e-05, 0.00137889024336, -0.000774787098635, -0.0012024192838, -0.00116621027701, 0.0137385539711, -0.00204984936863, -0.00691676000133, 0.00512708723545, -0.000243536080234, -0.00198388565332, 0.000812550832052, -0.000588310766034], [-7.9050034401e-05, -0.000548572279513, 0.000292146898573, 0.000263893598458, -0.00453337654471, -0.00204984936863, 0.0178583189845, -0.00562006421387, -0.00231785490178, 0.00681108795106, -0.00462976051494, 0.00286392425187, -0.00387910474092], [-0.000363318802556, 0.00171458767727, 0.000637917604763, 0.00278175645508, 0.000261826207861, -0.00691676000133, -0.00562006421387, 0.0219562761486, -0.00862535461783, -0.000654010218568, 0.00502188457176, -0.00131443399005, 0.00142662366852], [0.00043713406194, -0.00206204503775, -0.00039342258242, -0.00308717624284, 0.000163668300956, 0.00512708723545, -0.00231785490178, -0.00862535461783, 0.0240292847157, -0.0134382722899, -0.00051461433759, 0.00188862974755, -0.00452553154901], [-0.000834265898447, 0.0033624949865, -0.00136655243114, 0.00580860627815, -0.00142194819637, -0.000243536080234, 0.00681108795106, -0.000654010218568, -0.0134382722899, 0.0366844832897, -0.0139661198482, 0.00242964038625, 0.000563685840461], [0.000478970148833, -0.00327522912994, 0.00160496018361, -0.00475715752691, 0.000686873856466, -0.00198388565332, -0.00462976051494, 0.00502188457176, -0.00051461433759, -0.0139661198482, 0.0303116943687, -0.011599784717, -0.000556734681595], [-0.00084195449017, 0.00421388354152, -0.00257624639198, 0.00283353403211, -0.0025694523938, 0.000812550832052, 0.00286392425187, -0.00131443399005, 0.00188862974755, 0.00242964038625, -0.011599784717, 0.0366513244808, -0.0105502661318], [0.000256848317804, -0.00159796478692, 0.00203094934113, 4.47791535407e-05, 0.00108137587085, -0.000588310766034, -0.00387910474092, 0.00142662366852, -0.00452553154901, 0.000563685840461, -0.000556734681595, -0.0105502661318, 0.0242186877877]]
    },
    "melbands": {
        "dmean": [0.00794141180813, 0.00566595839337, 0.000998143223114, 0.00035846431274, 0.000274841615465, 0.000448846782092, 0.000172990097781, 0.000110356086225, 8.33867597976e-05, 6.2082792283e-05, 0.000149677944137, 2.18559816858e-05, 1.20115601021e-05, 1.08429785541e-05, 9.92135119304e-06, 5.89041155763e-06, 1.16586579679e-05, 2.85669398181e-06, 2.71726412393e-06, 1.7745006744e-06, 2.32953334489e-06, 1.85505416539e-06, 1.19506876217e-06, 1.04464254491e-06, 1.21474727166e-06, 4.69020790206e-07, 6.05339323556e-07, 5.51943060145e-07, 4.49239394129e-07, 4.56709074115e-07, 3.2838761399e-07, 3.11417977628e-07, 4.31736594919e-07, 5.96013080667e-07, 3.3357156326e-07, 3.37335251288e-07, 3.48692310581e-07, 3.56225370979e-07, 4.24987746328e-07, 4.93830953019e-07],
        "dmean2": [0.0131195131689, 0.00940355099738, 0.00169579382055, 0.000589968345594, 0.000465539254947, 0.00081433984451, 0.000303023378365, 0.000180285715032, 0.000132594504976, 0.000102722224256, 0.000228003947996, 3.65946470993e-05, 1.92461357074e-05, 1.72467334778e-05, 1.58576785907e-05, 9.71026020125e-06, 1.96993914869e-05, 4.76330251331e-06, 4.62525622424e-06, 3.02991634271e-06, 3.99380496674e-06, 3.11737017e-06, 2.12834038393e-06, 1.85589749435e-06, 2.1452249257e-06, 7.80842583481e-07, 1.02752721887e-06, 9.65829485722e-07, 7.68477377733e-07, 7.85091742728e-07, 5.50895776996e-07, 5.04434581217e-07, 7.52098571866e-07, 1.01984824141e-06, 5.25127063611e-07, 5.36342383839e-07, 5.70421889279e-07, 5.96071799919e-07, 6.81185213125e-07, 8.36082563183e-07],
        "dvar": [0.000201313610887, 0.000161667077919, 5.41564941159e-06, 3.20838751122e-07, 2.11743525824e-07, 1.16010107831e-06, 2.04362009981e-07, 8.15709455537e-08, 2.42526194683e-08, 1.32164554856e-08, 1.4450122876e-07, 1.97777283439e-09, 5.61926005727e-10, 4.20380508181e-10, 4.80615325316e-10, 1.48278819778e-10, 9.42920297398e-10, 3.49686148093e-11, 2.83959262354e-11, 1.37695705532e-11, 2.39665162716e-11, 1.51543534666e-11, 1.51633896411e-11, 8.04944132182e-12, 1.02224513576e-11, 1.97650901722e-12, 3.17428830617e-12, 2.18181484164e-12, 4.2790944399e-12, 2.02238638163e-12, 9.3481038882e-13, 9.46955187875e-13, 1.67353121378e-12, 2.29416572545e-12, 8.80030857214e-13, 1.39891050133e-12, 9.95330011987e-13, 2.69710816181e-12, 2.38883283814e-12, 2.20312938899e-12],
        "dvar2": [0.00056314090034, 0.000440813280875, 1.48138497025e-05, 8.42389624722e-07, 5.68875577756e-07, 3.91855292037e-06, 6.28866303032e-07, 2.02042258479e-07, 6.15695086026e-08, 3.12493320109e-08, 2.88565416895e-07, 5.53915979751e-09, 1.48083190155e-09, 9.44649136692e-10, 1.14106868399e-09, 3.813876992e-10, 2.72183364736e-09, 9.7201718896e-11, 7.51922413222e-11, 3.94427754347e-11, 6.56132509436e-11, 4.11744076334e-11, 4.28632962457e-11, 2.3227704482e-11, 2.75305628988e-11, 4.5971655302e-12, 8.78730508497e-12, 5.71324368023e-12, 1.14102139195e-11, 5.43132379349e-12, 2.49282755896e-12, 2.42352622346e-12, 4.42730747896e-12, 5.79380814159e-12, 2.08441532264e-12, 3.53132258678e-12, 2.55225137899e-12, 7.20575031934e-12, 5.1749507457e-12, 4.71987943521e-12],
        "max": [0.159559592605, 0.164914950728, 0.0263156555593, 0.00531891640276, 0.00556026725098, 0.00939977355301, 0.00494437105954, 0.00528237968683, 0.00183302734513, 0.0017511760816, 0.00578377582133, 0.000526535499375, 0.000294503610348, 0.00032834574813, 0.000356596341589, 0.000134672183776, 0.000391992216464, 7.5029071013e-05, 6.19857601123e-05, 5.08108241775e-05, 4.88701261929e-05, 4.10020002164e-05, 6.10214374319e-05, 3.42687089869e-05, 3.43140600307e-05, 2.55654613284e-05, 2.9729995731e-05, 2.18301011046e-05, 4.28966086474e-05, 2.17547822103e-05, 1.14418062367e-05, 1.6993326426e-05, 1.32565510285e-05, 1.9085357053e-05, 1.48688477566e-05, 1.94759686565e-05, 1.43135775943e-05, 3.32527306455e-05, 3.47275745298e-05, 2.33706286963e-05],
        "mean": [0.0111443195492, 0.0080290036276, 0.00134974904358, 0.000548046606127, 0.000516494386829, 0.000611127936281, 0.000289437186439, 0.000188197504031, 0.000140017655212, 0.000117718642286, 0.000245712610194, 3.67239699699e-05, 1.88295653061e-05, 1.91583858395e-05, 1.92589559447e-05, 9.87181101664e-06, 1.79994112841e-05, 4.48819673693e-06, 4.67886047772e-06, 2.95955487672e-06, 3.39811367667e-06, 3.17209992318e-06, 1.8655432541e-06, 1.54347105763e-06, 1.99310261451e-06, 8.46827276746e-07, 9.93344087874e-07, 9.32633213324e-07, 6.34346747574e-07, 6.26432893114e-07, 4.43613146217e-07, 4.27292548011e-07, 4.77057994885e-07, 5.6582985053e-07, 3.98825250159e-07, 3.69682339851e-07, 3.30549653427e-07, 3.21768368394e-07, 3.8484012066e-07, 4.22180363557e-07],
        "median": [0.00433426164091, 0.00229342933744, 0.000507156830281, 0.000252131023444, 0.000207069111639, 0.000151908228872, 7.71732011344e-05, 2.58812688116e-05, 4.69966544188e-05, 3.59621117241e-05, 2.97005808534e-05, 1.0874927284e-05, 4.85932241645e-06, 4.59537250208e-06, 3.8324342313e-06, 2.20770402848e-06, 2.01296279556e-06, 1.2639580973e-06, 8.54551728935e-07, 6.02341913236e-07, 6.21560104719e-07, 4.57432633993e-07, 4.24787117481e-07, 3.90922537008e-07, 3.83828250961e-07, 2.20726249722e-07, 1.79678593781e-07, 1.88633336506e-07, 1.19475913607e-07, 1.00290584726e-07, 1.03492197923e-07, 9.1831580562e-08, 9.80625998181e-08, 9.08505342068e-08, 8.24438259883e-08, 6.35504804336e-08, 5.09591941977e-08, 5.37840563197e-08, 6.23210496542e-08, 5.06812547485e-08],
        "min": [8.9195358705e-25, 2.66819382201e-24, 1.11625372145e-23, 1.24612531222e-23, 1.32121374746e-23, 2.17904129064e-23, 1.7736357318e-23, 1.73790964135e-23, 1.36861687257e-23, 6.29771602566e-24, 7.68221621813e-24, 5.96082232647e-24, 3.8780768921e-24, 1.0641832219e-23, 1.66731211236e-23, 9.41222368202e-24, 1.05663847732e-23, 4.97110717959e-24, 7.16650234565e-24, 1.57918214975e-23, 6.740074117e-24, 6.48722644751e-24, 7.9171311071e-24, 1.06288680789e-23, 8.59847263752e-24, 1.02233714855e-23, 1.10437442285e-23, 1.73177735222e-23, 7.54382477181e-24, 8.92096686418e-24, 1.33758355788e-23, 1.20457924268e-23, 1.15837400285e-23, 1.18177011846e-23, 1.69650738114e-23, 1.31357994048e-23, 5.88557288472e-24, 1.23435227319e-23, 1.11199221595e-23, 1.15525295356e-23],
