{
"metadata": {
    "version": {
        "essentia": "2.0.1",
        "extractor": "archive-music 1.0"
    },
    "audio_properties": {
        "analysis_sample_rate": 44100,
        "bitrate": 128,
        "channels": 2,
        "equal_loudness": 0,
        "length": 15.0204086304,
        "replay_gain": 1.69916725159,
        "downmix": "mix"
    },
    "tags": {
        "track": 0,
        "year": 2008,
        "album": "Soundtrack360",
        "artist": "Experiment - Soundtrack 360",
        "comment": "",
        "genre": "",
        "title": "318"
    }
},
"highlevel": {
    "culture": {
        "all": {
            "non_western": 2.43856538873e-06,
            "western": 0.99999755621
        },
        "probability": 0.99999755621,
        "value": "western"
    },
    "danceability": {
        "all": {
            "danceable": 0.0316037088633,
            "not_danceable": 0.968396306038
        },
        "probability": 0.968396306038,
        "value": "not_danceable"
    },
    "gender": {
        "all": {
            "female": 0.541846990585,
            "male": 0.458153009415
        },
        "probability": 0.541846990585,
        "value": "female"
    },
    "genre_dortmund": {
        "all": {
            "alternative": 0.0516815930605,
            "blues": 0.0264351218939,
            "electronic": 0.0201479438692,
            "folkcountry": 0.372991979122,
            "funksoulrnb": 0.00922672636807,
            "jazz": 0.41387706995,
            "pop": 0.0973863750696,
            "raphiphop": 0.00147720030509,
            "rock": 0.00677598733455
        },
        "probability": 0.41387706995,
        "value": "jazz"
    },
    "genre_electronic": {
        "all": {
            "ambient": 0.944445192814,
            "dnb": 0.00260048243217,
            "house": 0.0397005341947,
            "techno": 0.00575352041051,
            "trance": 0.00750027084723
        },
        "probability": 0.944445192814,
        "value": "ambient"
    },
    "genre_rosamerica": {
        "all": {
            "cla": 0.959897220135,
            "dan": 0.00224252743647,
            "hip": 0.001528995228,
            "jaz": 0.00272568571381,
            "pop": 0.0075411577709,
            "rhy": 0.0104382690042,
            "roc": 0.0106971580535,
            "spe": 0.00492899306118
        },
        "probability": 0.959897220135,
        "value": "cla"
    },
    "genre_tzanetakis": {
        "all": {
            "blu": 0.0271241031587,
            "cla": 0.751721441746,
            "cou": 0.0128076011315,
            "dis": 0.00504529941827,
            "hip": 0.00325748580508,
            "jaz": 0.0817888900638,
            "met": 0.00228191050701,
            "pop": 0.0279944557697,
            "reg": 0.0415645726025,
            "roc": 0.0464142300189
        },
        "probability": 0.751721441746,
        "value": "cla"
    },
    "mirex_ballroom": {
        "all": {
            "ChaChaCha": 9.97735787678e-06,
            "Jive": 9.53371181822e-06,
            "Quickstep": 2.40965127887e-05,
            "Rumba-American": 2.65309845418e-05,
            "Rumba-International": 0.00168584357016,
            "Rumba-Misc": 0.00086903560441,
            "Samba": 2.1172914785e-05,
            "Tango": 0.000169842678588,
            "VienneseWaltz": 0.0143927875906,
            "Waltz": 0.982791185379
        },
        "probability": 0.982791185379,
        "value": "Waltz"
    },
    "mood_acoustic": {
        "all": {
            "acoustic": 0.988854885101,
            "not_acoustic": 0.0111450999975
        },
        "probability": 0.988854885101,
        "value": "acoustic"
    },
    "mood_aggressive": {
        "all": {
            "aggressive": 4.49933895652e-06,
            "not_aggressive": 0.999995529652
        },
        "probability": 0.999995529652,
        "value": "not_aggressive"
    },
    "mood_electronic": {
        "all": {
            "electronic": 0.0157174859196,
            "not_electronic": 0.984282493591
        },
        "probability": 0.984282493591,
        "value": "not_electronic"
    },
    "mood_happy": {
        "all": {
            "happy": 0.125626146793,
            "not_happy": 0.874373853207
        },
        "probability": 0.874373853207,
        "value": "not_happy"
    },
    "mood_party": {
        "all": {
            "not_party": 0.95387673378,
            "party": 0.0461232624948
        },
        "probability": 0.95387673378,
        "value": "not_party"
    },
    "mood_relaxed": {
        "all": {
            "not_relaxed": 0.0335398428142,
            "relaxed": 0.966460168362
        },
        "probability": 0.966460168362,
        "value": "relaxed"
    },
    "mood_sad": {
        "all": {
            "not_sad": 0.0951339378953,
            "sad": 0.904866039753
        },
        "probability": 0.904866039753,
        "value": "sad"
    },
    "moods_mirex": {
        "all": {
            "Cluster1": 0.0384540632367,
            "Cluster2": 0.147413805127,
            "Cluster3": 0.718634307384,
            "Cluster4": 0.0920097902417,
            "Cluster5": 0.00348803051747
        },
        "probability": 0.718634307384,
        "value": "Cluster3"
    },
    "timbre": {
        "all": {
            "bright": 0.848980724812,
            "dark": 0.151019245386
        },
        "probability": 0.848980724812,
        "value": "bright"
    },
    "tonal_atonal": {
        "all": {
            "atonal": 0.486619234085,
            "tonal": 0.513380765915
        },
        "probability": 0.513380765915,
        "value": "tonal"
    },
    "voice_instrumental": {
        "all": {
            "instrumental": 0.889168381691,
            "voice": 0.110831595957
        },
        "probability": 0.889168381691,
        "value": "instrumental"
    }
},
"lowlevel": {
    "average_loudness": 0.770755648613,
    "barkbands_kurtosis": {
        "dmean": 4.95935964584,
        "dmean2": 7.86905241013,
        "dvar": 37.0261993408,
        "dvar2": 91.5310897827,
        "max": 101.5052948,
        "mean": 10.6579465866,
        "median": 8.29836559296,
        "min": -1.36077868938,
        "var": 86.2083358765
    },
    "barkbands_skewness": {
        "dmean": 0.623727023602,
        "dmean2": 0.999488651752,
        "dvar": 0.424968630075,
        "dvar2": 1.05589294434,
        "max": 6.99269962311,
        "mean": 2.44425487518,
        "median": 2.37416315079,
        "min": -2.17051005363,
        "var": 1.16835772991
    },
    "barkbands_spread": {
        "dmean": 2.54554080963,
        "dmean2": 4.03008317947,
        "dvar": 29.546749115,
        "dvar2": 77.0749588013,
        "max": 108.885360718,
        "mean": 7.75158071518,
        "median": 6.3707818985,
        "min": 0.635797381401,
        "var": 44.7188224792
    },
    "dissonance": {
        "dmean": 0.0275688525289,
        "dmean2": 0.0471669211984,
        "dvar": 0.000567031034734,
        "dvar2": 0.00160767545458,
        "max": 0.498715877533,
        "mean": 0.398956537247,
        "median": 0.400172263384,
        "min": 0.272495359182,
        "var": 0.00190069002565
    },
    "dynamic_complexity": 6.10106229782,
    "erbbands_kurtosis": {
        "dmean": 2.3363134861,
        "dmean2": 3.65955543518,
        "dvar": 36.4289703369,
        "dvar2": 91.7024536133,
        "max": 114.07447052,
        "mean": 2.4269182682,
        "median": 0.68835067749,
        "min": -1.8040099144,
        "var": 63.7057647705
    },
    "erbbands_skewness": {
        "dmean": 0.524337291718,
        "dmean2": 0.783500015736,
        "dvar": 0.324075490236,
        "dvar2": 0.782615661621,
        "max": 8.73347854614,
        "mean": 1.35862445831,
        "median": 1.23303067684,
        "min": -1.33837676048,
        "var": 1.16669940948
    },
    "erbbands_spread": {
        "dmean": 5.97515058517,
        "dmean2": 9.01794338226,
        "dvar": 33.5616989136,
        "dvar2": 86.0337982178,
        "max": 99.1623916626,
        "mean": 26.7049846649,
        "median": 25.8102378845,
        "min": 1.35839140415,
        "var": 132.514938354
    },
    "hfc": {
        "dmean": 1.66899716854,
        "dmean2": 2.27353954315,
        "dvar": 4.90833806992,
        "dvar2": 7.98366355896,
        "max": 42.504322052,
        "mean": 8.53392505646,
        "median": 7.74495697021,
        "min": 1.11820935418e-16,
        "var": 62.1349029541
    },
    "melbands_kurtosis": {
        "dmean": 9.70656967163,
        "dmean2": 15.6532421112,
        "dvar": 218.168884277,
        "dvar2": 577.008728027,
        "max": 265.539093018,
        "mean": 21.1482543945,
        "median": 15.4956140518,
        "min": -1.3335955143,
        "var": 479.307098389
    },
    "melbands_skewness": {
        "dmean": 0.81748187542,
        "dmean2": 1.29553198814,
        "dvar": 0.786366462708,
        "dvar2": 2.13818645477,
        "max": 11.8017024994,
        "mean": 3.20077776909,
        "median": 3.01365470886,
        "min": -0.699906349182,
        "var": 2.13198900223
    },
    "melbands_spread": {
        "dmean": 2.86074352264,
        "dmean2": 4.53896713257,
        "dvar": 70.0865097046,
        "dvar2": 148.386703491,
        "max": 165.247619629,
        "mean": 8.72667884827,
        "median": 6.709192276,
        "min": 0.590174138546,
        "var": 167.668655396
    },
    "pitch_salience": {
        "dmean": 0.059373728931,
        "dmean2": 0.0960609093308,
        "dvar": 0.00250010448508,
        "dvar2": 0.00599238649011,
        "max": 0.853310286999,
        "mean": 0.466690719128,
        "median": 0.464334964752,
        "min": 0.10990922153,
        "var": 0.0142064774409
    },
    "silence_rate_20dB": {
        "dmean": 0,
        "dmean2": 0,
        "dvar": 0,
        "dvar2": 0,
        "max": 1,
        "mean": 1,
        "median": 1,
        "min": 1,
        "var": 0
    },
    "silence_rate_30dB": {
        "dmean": 0,
        "dmean2": 0,
        "dvar": 0,
        "dvar2": 0,
        "max": 1,
        "mean": 1,
        "median": 1,
        "min": 1,
        "var": 0
    },
    "silence_rate_60dB": {
        "dmean": 0.0216383300722,
        "dmean2": 0.0433436520398,
        "dvar": 0.0211701449007,
        "dvar2": 0.0445610210299,
        "max": 1,
        "mean": 0.29320988059,
        "median": 0,
        "min": 0,
        "var": 0.20724029839
    },
    "spectral_centroid": {
        "dmean": 121.149017334,
        "dmean2": 187.908401489,
        "dvar": 128517.28125,
        "dvar2": 178495.78125,
        "max": 11305.9345703,
        "mean": 644.521911621,
        "median": 558.067810059,
        "min": 261.123382568,
        "var": 306982.03125
    },
    "spectral_complexity": {
        "dmean": 1.1375579834,
        "dmean2": 1.87616097927,
        "dvar": 1.18819069862,
        "dvar2": 2.92895102501,
        "max": 17,
        "mean": 8.42129611969,
        "median": 10,
        "min": 0,
        "var": 21.8517875671
    },
    "spectral_crest": {
        "dmean": 2.39086961746,
        "dmean2": 3.86116194725,
        "dvar": 5.12738275528,
        "dvar2": 16.2573204041,
        "max": 24.3176078796,
        "mean": 13.6759939194,
        "median": 13.3579721451,
        "min": 5.06385231018,
        "var": 15.1510238647
    },
    "spectral_decrease": {
        "dmean": 1.09837372531e-09,
        "dmean2": 1.52583734536e-09,
        "dvar": 2.12492214851e-18,
        "dvar2": 3.76375078286e-18,
        "max": 2.41038093713e-18,
        "mean": -4.97158092472e-09,
        "median": -3.99626642889e-09,
        "min": -2.62142538787e-08,
        "var": 2.28302229568e-17
    },
    "spectral_energy": {
        "dmean": 0.00428510131314,
        "dmean2": 0.00594847509637,
        "dvar": 3.23247259075e-05,
        "dvar2": 5.7000794186e-05,
        "max": 0.101758912206,
        "mean": 0.0195379517972,
        "median": 0.0158683527261,
        "min": 1.06006911349e-20,
        "var": 0.000350197195075
    },
    "spectral_energyband_high": {
        "dmean": 9.85459428193e-06,
        "dmean2": 1.68025817402e-05,
        "dvar": 1.70091885021e-10,
        "dvar2": 4.65572774777e-10,
        "max": 0.000154483306687,
        "mean": 2.55141712842e-05,
        "median": 2.09884601645e-05,
        "min": 7.43351108129e-21,
        "var": 5.4860760379e-10
    },
    "spectral_energyband_low": {
        "dmean": 0.000184165794053,
        "dmean2": 0.000252118246863,
        "dvar": 1.26572672343e-07,
        "dvar2": 1.4818097327e-07,
        "max": 0.0111169246957,
        "mean": 0.000667054962832,
        "median": 0.000138407078339,
        "min": 2.08317591576e-23,
        "var": 2.90308958029e-06
    },
    "spectral_energyband_middle_high": {
        "dmean": 0.000528869102709,
        "dmean2": 0.000788906123489,
        "dvar": 7.05895047304e-07,
        "dvar2": 1.43731881508e-06,
        "max": 0.0178943071514,
        "mean": 0.00161430519074,
        "median": 0.00127646210603,
        "min": 1.6710756857e-21,
        "var": 3.36154425895e-06
    },
    "spectral_energyband_middle_low": {
        "dmean": 0.00421672221273,
        "dmean2": 0.00580581976101,
        "dvar": 3.16514378937e-05,
        "dvar2": 5.59434520255e-05,
        "max": 0.0934348031878,
        "mean": 0.0172939039767,
        "median": 0.0136989839375,
        "min": 4.44660520729e-22,
        "var": 0.000293436547508
    },
    "spectral_flatness_db": {
        "dmean": 0.0181433800608,
        "dmean2": 0.0279846806079,
        "dvar": 0.000263656838797,
        "dvar2": 0.000679613673128,
        "max": 0.411086529493,
        "mean": 0.260070234537,
        "median": 0.26109033823,
        "min": 0.0718209445477,
        "var": 0.00207298411988
    },
    "spectral_flux": {
        "dmean": 0.0106498422101,
        "dmean2": 0.0171011947095,
        "dvar": 0.00013004145876,
        "dvar2": 0.00034292525379,
        "max": 0.133525937796,
        "mean": 0.0391076765954,
        "median": 0.0383050367236,
        "min": 1.02959654691e-10,
        "var": 0.000576974009164
    },
    "spectral_kurtosis": {
        "dmean": 5.69382572174,
        "dmean2": 10.3359460831,
        "dvar": 22.0381755829,
        "dvar2": 73.3837890625,
        "max": 48.1268234253,
        "mean": 11.7769470215,
        "median": 10.523979187,
        "min": -1.2344597578,
        "var": 46.8356285095
    },
    "spectral_rms": {
        "dmean": 0.000445048819529,
        "dmean2": 0.000639520876575,
        "dvar": 2.08601548479e-07,
        "dvar2": 4.20035803472e-07,
        "max": 0.00996378343552,
        "mean": 0.00375263229944,
        "median": 0.00393462041393,
        "min": 3.21591950118e-12,
        "var": 4.97916425957e-06
    },
    "spectral_rolloff": {
        "dmean": 186.410003662,
        "dmean2": 328.86428833,
        "dvar": 902549.4375,
        "dvar2": 1599358,
        "max": 19530.6152344,
        "mean": 710.959838867,
        "median": 473.73046875,
        "min": 236.865234375,
        "var": 2974529.5
    },
    "spectral_skewness": {
        "dmean": 0.502572357655,
        "dmean2": 0.892506122589,
        "dvar": 0.149374753237,
        "dvar2": 0.482564389706,
        "max": 5.73748874664,
        "mean": 2.30769753456,
        "median": 2.17638111115,
        "min": -0.0162087082863,
        "var": 0.489901602268
    },
    "spectral_spread": {
        "dmean": 331351.65625,
        "dmean2": 532503.4375,
        "dvar": 1.51270260736e+12,
        "dvar2": 1.62718574182e+12,
        "max": 40137256,
        "mean": 2858538,
        "median": 2612929,
        "min": 1603336.125,
        "var": 3.00890927923e+12
    },
    "spectral_strongpeak": {
        "dmean": 0.289763212204,
        "dmean2": 0.429412692785,
        "dvar": 0.140978515148,
        "dvar2": 0.272114932537,
        "max": 4.82858514786,
        "mean": 1.04519474506,
        "median": 0.830369234085,
        "min": 0,
        "var": 0.777274370193
    },
    "zerocrossingrate": {
        "dmean": 0.00490318890661,
        "dmean2": 0.00680645927787,
        "dvar": 0.000547001662198,
        "dvar2": 0.000985901104286,
        "max": 0.5126953125,
        "mean": 0.0308250151575,
        "median": 0.02587890625,
        "min": 0.0087890625,
        "var": 0.00176924688276
    },
    "barkbands": {
        "dmean": [9.23363186303e-05, 6.18100166321e-05, 9.11454990273e-05, 1.94117528736e-05, 0.00253614620306, 0.00160631677136, 0.00130055111367, 0.000528133416083, 0.00013910169946, 0.000225349111133, 0.000281508546323, 9.80221520877e-05, 6.03782791586e-05, 6.70596782584e-05, 0.000142043907545, 7.12524779374e-05, 2.42198420892e-05, 1.99468431674e-05, 8.82438962435e-06, 4.50960396847e-05, 1.68723317984e-06, 3.0467660963e-06, 1.0026504782e-07, 2.266345831e-07, 5.50521228604e-08, 1.3749345662e-08, 3.85623311061e-09],
        "dmean2": [0.000168410188053, 0.000108315733087, 9.23651314224e-05, 2.6692299798e-05, 0.00351820024662, 0.00247466331348, 0.00146493245848, 0.000606773595791, 0.000176764355274, 0.000312656542519, 0.000426824437454, 0.000147064201883, 8.72662640177e-05, 0.000111262081191, 0.000238182328758, 0.000116278155474, 4.10812717746e-05, 3.30571674567e-05, 1.50918976942e-05, 7.54452266847e-05, 2.86142176265e-06, 5.30185025127e-06, 1.70208878103e-07, 3.83058903708e-07, 9.20715805819e-08, 2.33619399381e-08, 6.64129773398e-09],
        "dvar": [9.70515756649e-09, 4.39521485873e-09, 1.05542881101e-07, 1.81672921151e-09, 1.50030555233e-05, 6.92555067872e-06, 5.34999571755e-06, 3.00607007375e-06, 1.14540291918e-07, 4.16465098851e-07, 3.23066444707e-07, 3.18487920481e-08, 1.50864725157e-08, 2.19538023316e-08, 3.49071633821e-08, 9.67180824318e-09, 1.4806857962e-09, 1.22724186369e-09, 1.72897543504e-10, 3.37143579721e-09, 1.13616989081e-11, 1.94490916428e-11, 1.5619304488e-14, 1.08487159956e-13, 4.42633795488e-15, 2.18688713328e-16, 3.00408109503e-17],
        "dvar2": [2.80469123481e-08, 1.28905712771e-08, 1.07679589689e-07, 2.74091660479e-09, 3.17228405038e-05, 1.45712365338e-05, 6.85282429913e-06, 3.3672436075e-06, 1.55426803872e-07, 6.5072021016e-07, 7.69172629589e-07, 7.59137748219e-08, 3.2422434515e-08, 5.69084512847e-08, 1.00928502889e-07, 2.33692851737e-08, 3.86808007846e-09, 3.45407369373e-09, 5.03963371035e-10, 8.79517614294e-09, 3.44522708973e-11, 5.63196295156e-11, 4.31626847978e-14, 2.60468513077e-13, 1.24874958803e-14, 6.00838480091e-16, 7.84484196311e-17],
        "max": [0.000708592589945, 0.000463653093902, 0.00979994144291, 0.00102623354178, 0.0731201693416, 0.041100628674, 0.046542301774, 0.0464845225215, 0.00736701255664, 0.0144566753879, 0.00543482834473, 0.00200402527116, 0.00119412131608, 0.0018521992024, 0.00162431120407, 0.00107486371417, 0.0004115299962, 0.000583984365221, 0.000141563839861, 0.000611318100709, 3.95487440983e-05, 4.62618008896e-05, 1.66396489476e-06, 3.85251269108e-06, 9.32011118948e-07, 1.36394817218e-07, 5.68295739356e-08],
        "mean": [0.000100856959762, 8.49965581438e-05, 0.000471399107482, 6.23861415079e-05, 0.00795263238251, 0.00432464387268, 0.00334402779117, 0.00122662144713, 0.000285159854684, 0.000380176352337, 0.00042104293243, 0.000150340696564, 9.15437412914e-05, 9.22093458939e-05, 0.000232092250371, 0.000128121173475, 3.69767003576e-05, 4.09362910432e-05, 2.07574521482e-05, 8.03720467957e-05, 3.90589093513e-06, 5.56130635232e-06, 4.00842196768e-07, 5.88240311572e-07, 1.8564846016e-07, 3.52123379344e-08, 4.56963045181e-09],
        "median": [6.62389647914e-05, 6.20579812676e-05, 5.11233065481e-06, 3.99508917326e-06, 0.0040627415292, 0.00191623857245, 0.00118109863251, 0.000198475114303, 5.29083044967e-05, 4.56337293144e-05, 5.99498889642e-05, 5.09008023073e-05, 2.46656363743e-05, 3.98685297114e-05, 0.000167682475876, 8.28387564979e-05, 1.63771837833e-05, 2.44383591053e-05, 1.40856536746e-05, 5.5044212786e-05, 2.1992289021e-06, 4.24938662036e-06, 4.0282941427e-07, 4.71439648209e-07, 1.75585199713e-07, 3.20437081314e-08, 2.65871968885e-09],
        "min": [1.28528334204e-23, 6.96918062312e-24, 1.8221629837e-24, 7.46019762725e-24, 5.80033015302e-23, 2.60699312524e-23, 2.67149171814e-22, 5.86559230017e-23, 2.28221293744e-23, 4.87729221198e-23, 9.24020293754e-23, 1.00458318702e-22, 9.75097333427e-23, 1.68222215145e-22, 1.33978217633e-22, 2.28453032679e-22, 1.50417977924e-22, 2.92909430984e-22, 2.3535151401e-22, 3.33532586916e-22, 4.43943149555e-22, 5.3746489441e-22, 7.35361847998e-22, 1.05665557983e-21, 1.02862898007e-21, 1.45019574295e-21, 2.21669136866e-21],
        "var": [1.16402958383e-08, 6.1530935902e-09, 2.30984801419e-06, 2.26618830368e-08, 0.000101306810393, 4.23922065238e-05, 2.74508965958e-05, 1.63666827575e-05, 4.48091554972e-07, 1.1112242646e-06, 5.8386154933e-07, 6.14193425008e-08, 3.19106376878e-08, 2.82487899739e-08, 5.64797275615e-08, 2.07284145404e-08, 2.98305069535e-09, 3.14762682585e-09, 5.94171989388e-10, 8.10434563903e-09, 3.0082290825e-11, 3.25590769623e-11, 1.14251517318e-13, 3.57785442983e-13, 1.97762406494e-14, 4.84630430167e-16, 3.6726895298e-17]
    },
    "erbbands": {
        "dmean": [0.00419357977808, 0.00764953298494, 0.0737606361508, 0.113782182336, 1.27539348602, 13.0935373306, 11.8225669861, 13.0992136002, 21.8747959137, 15.2950210571, 10.4284954071, 2.6415848732, 6.37828445435, 7.44483041763, 9.34965133667, 3.48558449745, 3.20856261253, 2.73214697838, 4.26557207108, 10.4557571411, 2.93758845329, 1.47924089432, 1.02353239059, 0.650052964687, 0.514221727848, 2.95755171776, 0.192556798458, 0.0299930162728, 0.104909330606, 0.0470307692885, 0.00334349856712, 0.00845539942384, 0.00101279723458, 0.00100847019348, 0.000211675578612, 0.00010342773021, 3.02188072965e-05, 6.71255338602e-06, 2.01518196263e-06, 4.7586004257e-06],
        "dmean2": [0.00724108750001, 0.0125055359676, 0.0802366882563, 0.125145107508, 2.03519272804, 18.023393631, 16.5646362305, 20.3233470917, 27.7595653534, 16.778301239, 11.9530172348, 3.35399866104, 8.04995727539, 11.2711753845, 14.2789916992, 5.04238176346, 4.61005496979, 4.58916378021, 7.1734623909, 17.5219459534, 4.83000707626, 2.53079938889, 1.72192585468, 1.12995839119, 0.85302734375, 4.91853094101, 0.322981595993, 0.0526016093791, 0.182767704129, 0.0817188769579, 0.00568471523002, 0.0142592275515, 0.00169160496444, 0.00174355285708, 0.000358236400643, 0.00017691749963, 5.14670718985e-05, 1.12346097012e-05, 2.81059556073e-06, 6.59776969769e-06],
        "dvar": [2.09918616747e-05, 9.53741109697e-05, 0.0642866790295, 0.113499037921, 5.70495939255, 451.608093262, 442.910003662, 542.642944336, 1851.75439453, 811.873046875, 1081.83129883, 20.5213890076, 229.098052979, 226.264205933, 308.471008301, 38.953086853, 39.8680534363, 26.2878360748, 58.3244438171, 193.404373169, 23.8311882019, 5.59861755371, 3.75268888474, 0.875626385212, 0.497918754816, 14.3650941849, 0.0738387107849, 0.00293698837049, 0.0230079479516, 0.00480558676645, 1.7932825358e-05, 0.000159434406669, 1.69485053902e-06, 1.81754887763e-06, 8.33913986753e-08, 1.25050743094e-08, 1.40786116098e-09, 8.55163856395e-11, 6.97935893107e-12, 3.98320994244e-11],
        "dvar2": [6.31321745459e-05, 0.000197527377168, 0.0757817998528, 0.109953910112, 15.5733146667, 901.955383301, 1102.78686523, 1188.90673828, 2356.15991211, 1001.07818604, 1194.54968262, 30.7557315826, 306.957244873, 454.276123047, 719.326782227, 80.2998886108, 84.7122650146, 68.9281845093, 152.829498291, 533.280822754, 58.6233062744, 14.3504695892, 10.6659650803, 2.52126717567, 1.34971034527, 37.7158203125, 0.213022902608, 0.00901263300329, 0.0662767663598, 0.0139341475442, 5.11119760631e-05, 0.00038219417911, 4.63674314233e-06, 5.18357092005e-06, 2.27035201306e-07, 3.39468542165e-08, 3.94072108278e-09, 2.22960122587e-10, 1.1919617203e-11, 6.98133079124e-11],
        "max": [0.0325158536434, 0.234659463167, 7.46516799927, 10.2311811447, 36.6642150879, 414.809051514, 258.780517578, 342.628356934, 697.371948242, 465.409484863, 838.843078613, 87.2849273682, 329.211853027, 191.445541382, 201.032318115, 92.0634002686, 65.6738204956, 55.6106948853, 80.1543731689, 125.704490662, 58.7636260986, 22.7883815765, 31.5829677582, 7.59936857224, 8.34729766846, 39.5980033875, 2.93369936943, 1.01683247089, 1.56268179417, 0.768761515617, 0.059141036123, 0.14856185019, 0.0149896480143, 0.016851298511, 0.00400308193639, 0.00143779837526, 0.000341432460118, 0.000108162486868, 4.8195146519e-05, 0.000112566929602],
        "mean": [0.00532640144229, 0.0173965040594, 0.360978901386, 0.558030605316, 3.3065366745, 40.6899871826, 35.004611969, 32.0298194885, 56.0522956848, 40.1569480896, 23.8765697479, 5.84514856339, 12.1663160324, 12.8152999878, 14.2689962387, 6.05265331268, 5.29437541962, 4.32882213593, 6.97641181946, 15.9037466049, 5.52139568329, 2.54457259178, 2.15616941452, 1.47212827206, 1.39231467247, 5.04116725922, 0.48031809926, 0.0986370369792, 0.195536077023, 0.0891933888197, 0.0136526776478, 0.0203805509955, 0.00369587843306, 0.00288201263174, 0.000781753100455, 0.000302137981635, 6.11962896073e-05, 1.044252258e-05, 9.80167897069e-06, 2.19741632463e-05],
        "median": [0.00380138261244, 0.00671813823283, 0.00880140811205, 0.0609043985605, 1.56377148628, 18.3856048584, 19.8401985168, 10.9692821503, 15.6553211212, 8.51913452148, 4.34455490112, 2.63137078285, 3.87821507454, 4.36916351318, 5.64630413055, 2.35310220718, 1.96249461174, 2.44440126419, 4.05224990845, 11.1056575775, 3.18083381653, 1.44391095638, 1.30092656612, 1.02323806286, 1.03689789772, 3.42771625519, 0.319533318281, 0.0669689327478, 0.151294931769, 0.070334687829, 0.0136731723323, 0.0153877120465, 0.0034172476735, 0.00255005666986, 0.000742141099181, 0.000272767298156, 5.23737835465e-05, 7.61458704801e-06, 8.69922223501e-06, 1.81251052709e-05],
        "min": [2.37111090348e-22, 1.5922172621e-21, 2.23074818841e-21, 1.55251913583e-20, 2.10994500308e-20, 2.12316027965e-19, 3.73750030952e-19, 3.53553614966e-19, 3.37051883903e-18, 2.89934642236e-18, 1.01850345573e-18, 4.13750055532e-19, 1.19271182864e-18, 2.13592489142e-18, 3.83064322464e-18, 4.26454412368e-18, 4.39705969858e-18, 7.94245506566e-18, 7.87317786217e-18, 9.76546187405e-18, 1.11777544832e-17, 8.0542501798e-18, 1.35396148667e-17, 1.71266951736e-17, 1.02336088776e-17, 1.63291739491e-17, 1.48574078811e-17, 2.18851211305e-17, 1.79187917476e-17, 2.22394224391e-17, 2.03959710347e-17, 1.91159454328e-17, 1.8677731614e-17, 1.35531748385e-17, 6.73781001931e-18, 5.8678463847e-18, 2.63215136808e-18, 1.16371511566e-18, 2.47635308877e-19, 3.459432496e-20],
        "var": [2.73526075034e-05, 0.00113553088158, 1.32167685032, 2.48985505104, 20.7561187744, 3288.79663086, 1883.06323242, 2989.00341797, 10897.046875, 5136.21875, 5715.47949219, 82.1182937622, 706.089111328, 501.506744385, 539.118225098, 99.4445343018, 88.8117446899, 38.7241592407, 93.1717758179, 293.000518799, 50.1662597656, 12.0427732468, 9.22489929199, 2.84153175354, 2.08072471619, 33.222743988, 0.261077553034, 0.0154863568023, 0.0395222865045, 0.00812060758471, 0.000125151665998, 0.000489349011332, 8.60444924911e-06, 5.46286173631e-06, 3.397449575e-07, 4.62253701983e-08, 2.08428097004e-09, 1.07734189625e-10, 8.01197649891e-11, 4.37716640711e-10]
    },
    "gfcc": {
        "mean": [-150.354232788, 146.707260132, -135.784240723, 18.4104118347, -61.9438247681, -29.8200855255, -48.1812820435, -20.6894741058, -15.0084199905, 2.79915595055, -2.51913142204, -1.53280448914, 19.0498409271],
        "cov": [[19836.3632812, 3109.94311523, -4304.85693359, -1138.67016602, -1374.22631836, -1022.05401611, 175.34072876, -207.110794067, -426.54901123, -993.053222656, 333.4012146, -586.112304688, -377.437316895], [3109.94311523, 889.34185791, -482.199676514, -233.254272461, -168.581039429, -133.273696899, 60.503490448, -34.3066825867, -77.6860122681, -246.47567749, 13.6372156143, -170.39666748, -109.685783386], [-4304.85693359, -482.199676514, 1426.53710938, 475.549743652, 401.718933105, 233.829742432, -154.075836182, -26.6695861816, 164.04208374, 331.330291748, -125.38911438, 124.113845825, 159.655090332], [-1138.67016602, -233.254272461, 475.549743652, 351.830383301, 151.557296753, 61.2559967041, -117.124580383, -36.2001647949, 95.5869827271, 211.392578125, -46.2325935364, 61.3917884827, 126.539108276], [-1374.22631836, -168.581039429, 401.718933105, 151.557296753, 184.93598938, 105.355194092, -40.8944740295, 0.344540923834, 39.3870582581, 84.7930221558, -47.2538833618, 36.6455497742, 44.0488052368], [-1022.05401611, -133.273696899, 233.829742432, 61.2559967041, 105.355194092, 133.751541138, 21.7541408539, 21.4327659607, 9.65114498138, 21.4637126923, -32.7950248718, 27.4184341431, 5.97462511063], [175.34072876, 60.503490448, -154.075836182, -117.124580383, -40.8944740295, 21.7541408539, 134.733795166, 50.3265647888, -53.6199531555, -113.64515686, 9.74463558197, -39.4747772217, -76.4261779785], [-207.110794067, -34.3066825867, -26.6695861816, -36.2001647949, 0.344540923834, 21.4327659607, 50.3265647888, 100.090942383, 35.4379997253, 3.16054224968, -1.53941178322, -13.7047491074, -28.4135169983], [-426.54901123, -77.6860122681, 164.04208374, 95.5869827271, 39.3870582581, 9.65114498138, -53.6199531555, 35.4379997253, 132.003738403, 127.983734131, -10.0714769363, 13.8477554321, 45.8419647217], [-993.053222656, -246.47567749, 331.330291748, 211.392578125, 84.7930221558, 21.4637126923, -113.64515686, 3.16054224968, 127.983734131, 271.685028076, 13.1629610062, 75.3679275513, 108.917999268], [333.4012146, 13.6372156143, -125.38911438, -46.2325935364, -47.2538833618, -32.7950248718, 9.74463558197, -1.53941178322, -10.0714769363, 13.1629610062, 75.8000183105, 19.2175540924, -7.31645536423], [-586.112304688, -170.39666748, 124.113845825, 61.3917884827, 36.6455497742, 27.4184341431, -39.4747772217, -13.7047491074, 13.8477554321, 75.3679275513, 19.2175540924, 101.606239319, 64.7493057251], [-377.437316895, -109.685783386, 159.655090332, 126.539108276, 44.0488052368, 5.97462511063, -76.4261779785, -28.4135169983, 45.8419647217, 108.917999268, -7.31645536423, 64.7493057251, 129.777923584]],
        "icov": [[0.000678212905768, -0.00167897366919, 0.00178653269541, -0.00140391068999, 0.00088956678519, 0.000304199988022, 0.000582266889978, 0.000460695300717, -3.82433754567e-05, -0.000157539267093, 0.000180919189006, -0.000395014300011, 0.000205312695471], [-0.00167897366919, 0.00651642028242, -0.0045498679392, 0.00382141489536, -0.00178645562846, -0.000261441309704, -0.000588665774558, -0.000315656157909, -0.000882348627783, 0.00254472880624, -0.0019779719878, 0.0044807260856, -0.00147264252882], [0.00178653269541, -0.0045498679392, 0.00730175152421, -0.00437225867063, -0.0011344216764, 0.000205018586712, 0.00066409673309, 0.00262555480003, -0.000875844561961, -0.00214909412898, 0.00270297052339, -0.00232446845621, 0.0013974502217], [-0.00140391068999, 0.00382141489536, -0.00437225867063, 0.0126937553287, -0.00468065822497, -0.000479288486531, -0.00169220066164, 0.00220650946721, 0.000130670727231, -0.00485305907205, 0.00280529633164, 0.00311927846633, -0.00412535713986], [0.00088956678519, -0.00178645562846, -0.0011344216764, -0.00468065822497, 0.0218462757766, -0.00934665650129, 0.00614729942754, -0.00241938349791, 0.00199738191441, 0.0017408101121, 9.60398610914e-05, 0.0012423027074, 0.000361511309166], [0.000304199988022, -0.000261441309704, 0.000205018586712, -0.000479288486531, -0.00934665650129, 0.0201157294214, -0.00771653559059, 8.53784440551e-05, -0.000682951940689, 3.12924312311e-05, 0.00411359919235, -0.00555485440418, 0.0018179648323], [0.000582266889978, -0.000588665774558, 0.00066409673309, -0.00169220066164, 0.00614729942754, -0.00771653559059, 0.0241493359208, -0.0108836963773, 0.00499001843855, 0.00698402058333, -0.00676441891119, 0.00461636343971, 0.00182764558122], [0.000460695300717, -0.000315656157909, 0.00262555480003, 0.00220650946721, -0.00241938349791, 8.53784440551e-05, -0.0108836963773, 0.0219919383526, -0.00991298723966, -0.00374787789769, 0.00384435546584, -0.000812212994788, 0.00218339846469], [-3.82433754567e-05, -0.000882348627783, -0.000875844561961, 0.000130670727231, 0.00199738191441, -0.000682951940689, 0.00499001843855, -0.00991298723966, 0.0206822045147, -0.00853833835572, 0.00229502515867, 0.00338147254661, -0.00148257019464], [-0.000157539267093, 0.00254472880624, -0.00214909412898, -0.00485305907205, 0.0017408101121, 3.12924312311e-05, 0.00698402058333, -0.00374787789769, -0.00853833835572, 0.0196593664587, -0.0112356562167, 0.00101233797614, -0.00285348203033], [0.000180919189006, -0.0019779719878, 0.00270297052339, 0.00280529633164, 9.60398610914e-05, 0.00411359919235, -0.00676441891119, 0.00384435546584, 0.00229502515867, -0.0112356562167, 0.0272034090012, -0.010823469609, 0.00498277554289], [-0.000395014300011, 0.0044807260856, -0.00232446845621, 0.00311927846633, 0.0012423027074, -0.00555485440418, 0.00461636343971, -0.000812212994788, 0.00338147254661, 0.00101233797614, -0.010823469609, 0.0267063081264, -0.0111474953592], [0.000205312695471, -0.00147264252882, 0.0013974502217, -0.00412535713986, 0.000361511309166, 0.0018179648323, 0.00182764558122, 0.00218339846469, -0.00148257019464, -0.00285348203033, 0.00498277554289, -0.0111474953592, 0.0194702930748]]
    },
    "melbands": {
        "dmean": [2.883273919e-05, 2.88354112854e-05, 2.34788894886e-05, 0.000484624004457, 0.000468883808935, 0.000317502679536, 0.000321436411468, 0.000156387381139, 7.07332801539e-05, 1.74484521267e-05, 3.35870136041e-05, 3.12731281156e-05, 4.24395220762e-05, 1.04918326542e-05, 6.14645250607e-06, 7.01829867467e-06, 5.71769624003e-06, 7.69103371567e-06, 9.45286592469e-06, 9.99385883915e-06, 2.88782598545e-06, 1.85206715742e-06, 1.0954154277e-06, 9.27204837353e-07, 5.85789734941e-07, 3.50321812448e-07, 1.15315094718e-06, 1.88559033631e-06, 9.34459194468e-08, 4.11792022703e-08, 1.70486362805e-08, 3.3903766905e-08, 1.10249864349e-07, 3.16966852765e-09, 1.94094429418e-09, 3.75004116648e-09, 4.79263473352e-09, 7.92488630275e-10, 8.07506284062e-10, 8.15462752879e-10],
        "dmean2": [4.98970584886e-05, 3.21514708048e-05, 2.80765034404e-05, 0.000707515282556, 0.000631466216873, 0.000480258109747, 0.000405703496654, 0.0001712461235, 8.27791081974e-05, 2.19820558414e-05, 4.24985300924e-05, 4.68028410978e-05, 6.47552151349e-05, 1.59853098012e-05, 9.09977825359e-06, 1.02386738945e-05, 9.70319433691e-06, 1.28967649289e-05, 1.58685797942e-05, 1.67064008565e-05, 4.71101293442e-06, 3.16903765452e-06, 1.88134367818e-06, 1.56021201292e-06, 1.00991121599e-06, 5.92926653553e-07, 1.94443782675e-06, 3.12580323225e-06, 1.5931004782e-07, 7.17331047895e-08, 3.00697706734e-08, 5.87692277065e-08, 1.9236370008e-07, 5.27353538615e-09, 3.28366156488e-09, 6.39827479887e-09, 8.00671351442e-09, 1.37466715788e-09, 1.38863742727e-09, 1.41377298757e-09],
        "dvar": [9.57326440343e-10, 8.82372930278e-09, 2.77214384781e-09, 6.92365802024e-07, 5.39015502454e-07, 3.34898430765e-07, 3.77387294748e-07, 1.01325184687e-07, 4.76706070174e-08, 1.47410217366e-09, 6.81206557829e-09, 4.86470996819e-09, 6.99022306705e-09, 5.07466790811e-10, 1.08948003397e-10, 2.22707699504e-10, 1.37933608979e-10, 2.38786351803e-10, 1.71003392002e-10, 1.66814548286e-10, 2.62435836951e-11, 9.39226387636e-12, 4.51868447174e-12, 2.28105273385e-12, 6.85283535647e-13, 2.80333075546e-13, 2.27133329506e-12, 5.78308364738e-12, 3.0144032344e-14, 6.95648508416e-15, 1.00029699455e-15, 2.13594540716e-15, 2.65798108756e-14, 1.28378811571e-17, 6.55409527321e-18, 2.76642035908e-17, 5.19048852973e-17, 1.08617406767e-18, 1.07380337481e-18, 1.198396524e-18],
        "dvar2": [2.82259948747e-09, 1.01305666078e-08, 3.26825100316e-09, 1.55063207785e-06, 1.24595260331e-06, 6.59195393382e-07, 4.95868334838e-07, 1.22047211448e-07, 5.34306892064e-08, 2.05296912803e-09, 9.20099640922e-09, 9.26989862648e-09, 1.64551767767e-08, 1.29530219883e-09, 1.89601459533e-10, 4.76708117425e-10, 3.67544772395e-10, 6.07669137231e-10, 4.8301879163e-10, 4.41364500503e-10, 6.32920174604e-11, 2.43713001169e-11, 1.29080470271e-11, 6.10618283367e-12, 1.98779035766e-12, 7.79784928035e-13, 5.80668239186e-12, 1.53054981883e-11, 8.69714456703e-14, 2.18909092242e-14, 3.01541505761e-15, 6.26434947548e-15, 7.64507679168e-14, 3.78867414831e-17, 1.89539917406e-17, 7.30367327485e-17, 1.21923563554e-16, 2.97148732512e-18, 3.09662961884e-18, 3.41317013257e-18],
        "max": [0.000241453308263, 0.00279536866583, 0.00153169152327, 0.0139343123883, 0.0109719550237, 0.00906245876104, 0.0108992932364, 0.00620463863015, 0.00548193091527, 0.000838099047542, 0.00186114932876, 0.00110832508653, 0.000851812423207, 0.000277665472822, 0.000128608677187, 0.000145099853398, 0.000125742852106, 0.000180418224772, 0.000122694749734, 0.000131265449454, 5.50566001039e-05, 3.18212732964e-05, 2.96525377053e-05, 1.81280738616e-05, 6.16338866166e-06, 5.49160949959e-06, 1.63371805684e-05, 2.48007108894e-05, 1.8721775632e-06, 1.05549554519e-06, 5.16682121088e-07, 4.57437806745e-07, 1.69428835761e-06, 4.00061388461e-08, 3.45422357384e-08, 5.98285083697e-08, 8.5331365085e-08, 1.17649072706e-08, 1.20144258986e-08, 1.32658009022e-08],
        "mean": [3.97397452616e-05, 0.00013680907432, 9.68519743765e-05, 0.00142976769712, 0.00147940067109, 0.000800860812888, 0.000831670302432, 0.000400917895604, 0.000154313238454, 3.60755293514e-05, 6.26956025371e-05, 5.22044865647e-05, 6.33248491795e-05, 1.59138526215e-05, 1.10582413981e-05, 1.06972747744e-05, 7.43647933632e-06, 1.10869386845e-05, 1.51457943502e-05, 1.67080706888e-05, 4.61562785858e-06, 2.61095010501e-06, 1.98948055186e-06, 1.77231095222e-06, 1.11895610644e-06, 7.50060166865e-07, 2.21686423174e-06, 3.1979313917e-06, 1.97064011331e-07, 8.95810217116e-08, 3.99623729663e-08, 7.14528667345e-08, 1.76726672407e-07, 9.98578641997e-09, 5.94446225577e-09, 1.06949071821e-08, 1.11362377098e-08, 1.96161598076e-09, 2.44538767014e-09, 2.19945062163e-09],
        "median": [2.88138653559e-05, 5.44798695046e-06, 7.69630969444e-06, 0.000616701319814, 0.00084291951498, 0.000268297852017, 0.000271676399279, 5.81848289585e-05, 1.8177262973e-05, 1.04193459265e-05, 1.92003371922e-05, 1.50087043949e-05, 1.84286473086e-05, 4.12922099713e-06, 4.30192631029e-06, 3.29084468831e-06, 3.41092140843e-06, 4.64702543468e-06, 1.08606454887e-05, 1.19417891256e-05, 2.1105875021e-06, 1.1702120446e-06, 1.06919651444e-06, 9.39593064686e-07, 6.76573336023e-07, 5.05702246301e-07, 1.55815268954e-06, 2.18024206333e-06, 1.16043871401e-07, 4.44805792199e-08, 2.38153177179e-08, 5.75512792977e-08, 1.19506125884e-07, 9.80537517847e-09, 5.4244351233e-09, 8.70714433887e-09, 8.26552160049e-09, 1.60565472029e-09, 2.18650453299e-09, 1.9148580499e-09],
        "min": [3.26670969055e-24, 1.58316218967e-24, 2.79546942932e-24, 6.01805970717e-24, 1.47177842196e-23, 8.15945418883e-24, 5.21889864511e-23, 2.68436365619e-23, 6.85870617537e-24, 2.44398180338e-24, 6.43741500894e-24, 8.60594867232e-24, 1.13022381699e-23, 1.18516237813e-23, 1.1336974871e-23, 1.04709389146e-23, 1.54320646371e-23, 1.27247042656e-23, 1.16390991314e-23, 1.57060265632e-23, 1.22470284771e-23, 8.80953631702e-24, 6.82208094126e-24, 1.69211042823e-23, 1.38074624008e-23, 6.99281726243e-24, 7.37878087094e-24, 1.21259596274e-23, 8.81349324332e-24, 1.01028303838e-23, 1.3656278786e-23, 1.03754946336e-23, 1.00504476531e-23, 1.33833313351e-23, 1.20839243852e-23, 9.35246983504e-24, 1.36318430306e-23, 1.31606650894e-23, 1.22667507886e-23, 1.12128996724e-23],
