{
"metadata": {
    "version": {
        "essentia": "2.0.1",
        "extractor": "archive-music 1.0"
    },
    "audio_properties": {
        "analysis_sample_rate": 44100,
        "bitrate": 128,
        "channels": 2,
        "equal_loudness": 0,
        "length": 15.9346942902,
        "replay_gain": -2.66137313843,
        "downmix": "mix"
    },
    "tags": {
        "track": 0,
        "year": 0,
        "album": "",
        "artist": "",
        "comment": "",
        "genre": "",
        "title": ""
    }
},
"highlevel": {
    "culture": {
        "all": {
            "non_western": 0.0226238053292,
            "western": 0.97737622261
        },
        "probability": 0.97737622261,
        "value": "western"
    },
    "danceability": {
        "all": {
            "danceable": 0.3013856709,
            "not_danceable": 0.698614358902
        },
        "probability": 0.698614358902,
        "value": "not_danceable"
    },
    "gender": {
        "all": {
            "female": 0.0162111688405,
            "male": 0.983788847923
        },
        "probability": 0.983788847923,
        "value": "male"
    },
    "genre_dortmund": {
        "all": {
            "alternative": 0.0540445223451,
            "blues": 0.011368278414,
            "electronic": 0.013249588199,
            "folkcountry": 0.367249816656,
            "funksoulrnb": 0.0457279346883,
            "jazz": 0.377563238144,
            "pop": 0.0968487784266,
            "raphiphop": 0.00660830084234,
            "rock": 0.0273395478725
        },
        "probability": 0.377563238144,
        "value": "jazz"
    },
    "genre_electronic": {
        "all": {
            "ambient": 0.964435517788,
            "dnb": 0.0129953576252,
            "house": 0.0117998206988,
            "techno": 0.0059541859664,
            "trance": 0.00481512676924
        },
        "probability": 0.964435517788,
        "value": "ambient"
    },
    "genre_rosamerica": {
        "all": {
            "cla": 0.589799582958,
            "dan": 0.0154296886176,
            "hip": 0.00903433840722,
            "jaz": 0.0903713926673,
            "pop": 0.1967112571,
            "rhy": 0.0593590736389,
            "roc": 0.0226365700364,
            "spe": 0.0166580826044
        },
        "probability": 0.589799582958,
        "value": "cla"
    },
    "genre_tzanetakis": {
        "all": {
            "blu": 0.00948131736368,
            "cla": 0.15791259706,
            "cou": 0.0168263521045,
            "dis": 0.0643007680774,
            "hip": 0.0391422994435,
            "jaz": 0.323846995831,
            "met": 0.00695990724489,
            "pop": 0.0805976316333,
            "reg": 0.0998447164893,
            "roc": 0.20108743012
        },
        "probability": 0.323846995831,
        "value": "jaz"
    },
    "mirex_ballroom": {
        "all": {
            "ChaChaCha": 0.0191142428666,
            "Jive": 0.016667060554,
            "Quickstep": 0.199988931417,
            "Rumba-American": 0.00933428201824,
            "Rumba-International": 0.0636704564095,
            "Rumba-Misc": 0.0314123257995,
            "Samba": 0.019262643531,
            "Tango": 0.035046312958,
            "VienneseWaltz": 0.351297527552,
            "Waltz": 0.254206210375
        },
        "probability": 0.351297527552,
        "value": "VienneseWaltz"
    },
    "mood_acoustic": {
        "all": {
            "acoustic": 0.921545863152,
            "not_acoustic": 0.0784541144967
        },
        "probability": 0.921545863152,
        "value": "acoustic"
    },
    "mood_aggressive": {
        "all": {
            "aggressive": 0.029577229172,
            "not_aggressive": 0.970422744751
        },
        "probability": 0.970422744751,
        "value": "not_aggressive"
    },
    "mood_electronic": {
        "all": {
            "electronic": 0.0390736162663,
            "not_electronic": 0.960926413536
        },
        "probability": 0.960926413536,
        "value": "not_electronic"
    },
    "mood_happy": {
        "all": {
            "happy": 0.718554913998,
            "not_happy": 0.2814450562
        },
        "probability": 0.718554913998,
        "value": "happy"
    },
    "mood_party": {
        "all": {
            "not_party": 0.663150250912,
            "party": 0.336849749088
        },
        "probability": 0.663150250912,
        "value": "not_party"
    },
    "mood_relaxed": {
        "all": {
            "not_relaxed": 0.0833374038339,
            "relaxed": 0.916662573814
        },
        "probability": 0.916662573814,
        "value": "relaxed"
    },
    "mood_sad": {
        "all": {
            "not_sad": 0.16852901876,
            "sad": 0.831470966339
        },
        "probability": 0.831470966339,
        "value": "sad"
    },
    "moods_mirex": {
        "all": {
            "Cluster1": 0.12908577919,
            "Cluster2": 0.378247410059,
            "Cluster3": 0.197176679969,
            "Cluster4": 0.285219430923,
            "Cluster5": 0.0102707184851
        },
        "probability": 0.378247410059,
        "value": "Cluster2"
    },
    "timbre": {
        "all": {
            "bright": 0.989976167679,
            "dark": 0.0100238369778
        },
        "probability": 0.989976167679,
        "value": "bright"
    },
    "tonal_atonal": {
        "all": {
            "atonal": 0.161944895983,
            "tonal": 0.838055074215
        },
        "probability": 0.838055074215,
        "value": "tonal"
    },
    "voice_instrumental": {
        "all": {
            "instrumental": 0.301266103983,
            "voice": 0.698733925819
        },
        "probability": 0.698733925819,
        "value": "voice"
    }
},
"lowlevel": {
    "average_loudness": 0.962517857552,
    "barkbands_kurtosis": {
        "dmean": 2.65354442596,
        "dmean2": 4.29789161682,
        "dvar": 9.93709278107,
        "dvar2": 26.164560318,
        "max": 39.5775337219,
        "mean": 5.03017568588,
        "median": 3.59151554108,
        "min": -1.75114059448,
        "var": 25.2854347229
    },
    "barkbands_skewness": {
        "dmean": 0.531706690788,
        "dmean2": 0.832033813,
        "dvar": 0.256368547678,
        "dvar2": 0.656426250935,
        "max": 4.84549188614,
        "mean": 1.50641417503,
        "median": 1.4329559803,
        "min": -1.97613286972,
        "var": 0.770965635777
    },
    "barkbands_spread": {
        "dmean": 3.75697422028,
        "dmean2": 5.64652490616,
        "dvar": 37.5413780212,
        "dvar2": 97.0123214722,
        "max": 86.6606140137,
        "mean": 11.9316005707,
        "median": 10.0906381607,
        "min": 2.15193223953,
        "var": 62.6983108521
    },
    "dissonance": {
        "dmean": 0.0347175113857,
        "dmean2": 0.0576776117086,
        "dvar": 0.000912328308914,
        "dvar2": 0.00234326301143,
        "max": 0.499999821186,
        "mean": 0.426218658686,
        "median": 0.434671103954,
        "min": 0.265206515789,
        "var": 0.00213409378193
    },
    "dynamic_complexity": 4.20968532562,
    "erbbands_kurtosis": {
        "dmean": 1.42284405231,
        "dmean2": 2.29699110985,
        "dvar": 2.91039586067,
        "dvar2": 7.15900945663,
        "max": 22.3152999878,
        "mean": 2.41579437256,
        "median": 1.85445690155,
        "min": -1.61325597763,
        "var": 7.06943750381
    },
    "erbbands_skewness": {
        "dmean": 0.361535489559,
        "dmean2": 0.585279464722,
        "dvar": 0.110619947314,
        "dvar2": 0.264546245337,
        "max": 3.67627596855,
        "mean": 1.03363895416,
        "median": 0.994560003281,
        "min": -0.642511546612,
        "var": 0.337527036667
    },
    "erbbands_spread": {
        "dmean": 7.03467845917,
        "dmean2": 10.5729646683,
        "dvar": 94.9233856201,
        "dvar2": 177.475341797,
        "max": 106.953895569,
        "mean": 23.9472408295,
        "median": 20.0341835022,
        "min": 3.88385057449,
        "var": 234.546539307
    },
    "hfc": {
        "dmean": 4.71624660492,
        "dmean2": 6.57334327698,
        "dvar": 43.5827980042,
        "dvar2": 86.0011138916,
        "max": 72.7679824829,
        "mean": 13.3543405533,
        "median": 9.92089176178,
        "min": 1.17666759773e-16,
        "var": 163.281341553
    },
    "melbands_kurtosis": {
        "dmean": 5.09407711029,
        "dmean2": 8.42872619629,
        "dvar": 86.2817840576,
        "dvar2": 212.652404785,
        "max": 107.058204651,
        "mean": 7.87814950943,
        "median": 4.63868618011,
        "min": -1.26063680649,
        "var": 120.210968018
    },
    "melbands_skewness": {
        "dmean": 0.66398203373,
        "dmean2": 1.03439974785,
        "dvar": 0.627061247826,
        "dvar2": 1.4866065979,
        "max": 8.60193920135,
        "mean": 1.67675590515,
        "median": 1.47067463398,
        "min": -0.804605543613,
        "var": 1.32825934887
    },
    "melbands_spread": {
        "dmean": 4.1567029953,
        "dmean2": 6.6827917099,
        "dvar": 51.9237174988,
        "dvar2": 110.221130371,
        "max": 144.853347778,
        "mean": 14.9539699554,
        "median": 13.0809307098,
        "min": 3.14252352715,
        "var": 147.045791626
    },
    "pitch_salience": {
        "dmean": 0.0672584846616,
        "dmean2": 0.11003240943,
        "dvar": 0.00267460336909,
        "dvar2": 0.00713541684672,
        "max": 0.863411307335,
        "mean": 0.581221759319,
        "median": 0.586048007011,
        "min": 0.278342604637,
        "var": 0.00766385579482
    },
    "silence_rate_20dB": {
        "dmean": 0,
        "dmean2": 0,
        "dvar": 0,
        "dvar2": 0,
        "max": 1,
        "mean": 1,
        "median": 1,
        "min": 1,
        "var": 0
    },
    "silence_rate_30dB": {
        "dmean": 0,
        "dmean2": 0,
        "dvar": 0,
        "dvar2": 0,
        "max": 1,
        "mean": 1,
        "median": 1,
        "min": 1,
        "var": 0
    },
    "silence_rate_60dB": {
        "dmean": 0.0640465766191,
        "dmean2": 0.128279879689,
        "dvar": 0.0599446073174,
        "dvar2": 0.120571069419,
        "max": 1,
        "mean": 0.162790700793,
        "median": 0,
        "min": 0,
        "var": 0.136290773749
    },
    "spectral_centroid": {
        "dmean": 194.61680603,
        "dmean2": 284.570343018,
        "dvar": 184049.578125,
        "dvar2": 231801.859375,
        "max": 11390.0185547,
        "mean": 905.260375977,
        "median": 785.690673828,
        "min": 345.093933105,
        "var": 458356.65625
    },
    "spectral_complexity": {
        "dmean": 2.42212510109,
        "dmean2": 3.29737615585,
        "dvar": 5.3560385704,
        "dvar2": 8.6812171936,
        "max": 30,
        "mean": 12.3459300995,
        "median": 12,
        "min": 0,
        "var": 38.4879226685
    },
    "spectral_crest": {
        "dmean": 2.43541097641,
        "dmean2": 4.0610909462,
        "dvar": 4.85031509399,
        "dvar2": 12.0955924988,
        "max": 22.1372623444,
        "mean": 9.10924911499,
        "median": 8.74798870087,
        "min": 3.42852950096,
        "var": 9.41760730743
    },
    "spectral_decrease": {
        "dmean": 1.6680319348e-09,
        "dmean2": 2.53716048171e-09,
        "dvar": 4.88708769731e-18,
        "dvar2": 1.08997754752e-17,
        "max": 8.67032295178e-29,
        "mean": -4.94250551597e-09,
        "median": -3.82809961508e-09,
        "min": -2.5219669908e-08,
        "var": 1.98794579536e-17
    },
    "spectral_energy": {
        "dmean": 0.00667517306283,
        "dmean2": 0.0101258018985,
        "dvar": 7.83765135566e-05,
        "dvar2": 0.000172518703039,
        "max": 0.101785048842,
        "mean": 0.0198654290289,
        "median": 0.0154131008312,
        "min": 1.03454897601e-20,
        "var": 0.000320778635796
    },
    "spectral_energyband_high": {
        "dmean": 0.000179807786481,
        "dmean2": 0.000245548260864,
        "dvar": 1.84527991109e-07,
        "dvar2": 3.9905771132e-07,
        "max": 0.00395303079858,
        "mean": 0.000275182741461,
        "median": 8.02651484264e-05,
        "min": 7.56261749592e-21,
        "var": 2.77502863355e-07
    },
    "spectral_energyband_low": {
        "dmean": 0.000593593693338,
        "dmean2": 0.00104182527866,
        "dvar": 1.33250364343e-06,
        "dvar2": 4.04495949624e-06,
        "max": 0.0103180129081,
        "mean": 0.00108942913357,
        "median": 0.000382665370125,
        "min": 1.11305402273e-23,
        "var": 2.36596474679e-06
    },
    "spectral_energyband_middle_high": {
        "dmean": 0.00194737815764,
        "dmean2": 0.00276906369254,
        "dvar": 6.79840923112e-06,
        "dvar2": 1.43767110785e-05,
        "max": 0.0373766347766,
        "mean": 0.00448157358915,
        "median": 0.00302944239229,
        "min": 1.47910213087e-21,
        "var": 2.40457356995e-05
    },
    "spectral_energyband_middle_low": {
        "dmean": 0.00567976664752,
        "dmean2": 0.0091045787558,
        "dvar": 6.245100667e-05,
        "dvar2": 0.000154119872604,
        "max": 0.0714054852724,
        "mean": 0.0145503254607,
        "median": 0.0104840993881,
        "min": 3.03672169548e-22,
        "var": 0.000189316953765
    },
    "spectral_flatness_db": {
        "dmean": 0.0221171695739,
        "dmean2": 0.0325599908829,
        "dvar": 0.000339695427101,
        "dvar2": 0.000751609099098,
        "max": 0.325877517462,
        "mean": 0.161217495799,
        "median": 0.15972545743,
        "min": 0.0407212525606,
        "var": 0.0021141525358
    },
    "spectral_flux": {
        "dmean": 0.0200805682689,
        "dmean2": 0.0329204238951,
        "dvar": 0.000615689146798,
        "dvar2": 0.0014679513406,
        "max": 0.241609930992,
        "mean": 0.0652934387326,
        "median": 0.0589447319508,
        "min": 6.93846508026e-11,
        "var": 0.00153697631322
    },
    "spectral_kurtosis": {
        "dmean": 2.40289402008,
        "dmean2": 4.01439666748,
        "dvar": 6.1394162178,
        "dvar2": 17.5284233093,
        "max": 32.9284858704,
        "mean": 6.68093538284,
        "median": 5.84955978394,
        "min": -1.27013123035,
        "var": 14.2392063141
    },
    "spectral_rms": {
        "dmean": 0.00072710524546,
        "dmean2": 0.00105197215453,
        "dvar": 6.57675741422e-07,
        "dvar2": 1.20994570807e-06,
        "max": 0.00996506307274,
        "mean": 0.00388657837175,
        "median": 0.00387776456773,
        "min": 3.17697344127e-12,
        "var": 4.27543182013e-06
    },
    "spectral_rolloff": {
        "dmean": 327.3230896,
        "dmean2": 593.763000488,
        "dvar": 1897332.625,
        "dvar2": 4755403,
        "max": 19078.4179688,
        "mean": 1128.02087402,
        "median": 904.39453125,
        "min": 215.33203125,
        "var": 3245045.5
    },
    "spectral_skewness": {
        "dmean": 0.278525292873,
        "dmean2": 0.449980437756,
        "dvar": 0.0643256828189,
        "dvar2": 0.152328550816,
        "max": 4.21895980835,
        "mean": 1.98613131046,
        "median": 1.9557826519,
        "min": -0.0372911058366,
        "var": 0.22652554512
    },
    "spectral_spread": {
        "dmean": 715302.125,
        "dmean2": 936857.8125,
        "dvar": 4.46180150477e+12,
        "dvar2": 7.14826579968e+12,
        "max": 47164412,
        "mean": 4200377.5,
        "median": 3546029,
        "min": 1746979.875,
        "var": 9.19870845747e+12
    },
    "spectral_strongpeak": {
        "dmean": 0.568737506866,
        "dmean2": 0.929186165333,
        "dvar": 0.430542171001,
        "dvar2": 1.1008079052,
        "max": 6.32342290878,
        "mean": 1.14931595325,
        "median": 0.843461871147,
        "min": 0,
        "var": 0.982499420643
    },
    "zerocrossingrate": {
        "dmean": 0.00978410430253,
        "dmean2": 0.0127757433802,
        "dvar": 0.00060892739566,
        "dvar2": 0.00099276797846,
        "max": 0.51953125,
        "mean": 0.0513419210911,
        "median": 0.04150390625,
        "min": 0.01416015625,
        "var": 0.0022848052904
    },
    "barkbands": {
        "dmean": [1.77241292931e-06, 0.000256440369412, 0.00018493369862, 0.00123171042651, 0.00249242689461, 0.0012172741117, 0.00133734580595, 0.00134642119519, 0.000777474138886, 0.00114413630217, 0.000766891578678, 0.00045156586566, 0.00011940173863, 9.30849419092e-05, 9.70282853814e-05, 5.56929444429e-05, 3.66601598216e-05, 7.49492319301e-05, 4.55782937934e-05, 3.25679829984e-05, 4.15303547925e-05, 2.19311987166e-05, 1.82656203833e-05, 1.23581621665e-05, 2.11726292036e-05, 7.32211628929e-05, 5.02344209963e-06],
        "dmean2": [3.14500698551e-06, 0.00039467975148, 0.000324160413584, 0.00216255756095, 0.00416960241273, 0.00182058790233, 0.00205863732845, 0.00211937422864, 0.00116777862422, 0.00180371280294, 0.00120161613449, 0.000696409086231, 0.000174677508767, 0.000149710918777, 0.000150630978169, 8.60104119056e-05, 5.39563770872e-05, 0.000104392594949, 6.47396009299e-05, 4.95792264701e-05, 6.20637147222e-05, 3.04527311528e-05, 2.67422874458e-05, 1.76312023541e-05, 2.94311157631e-05, 0.00011267188529, 8.25704591989e-06],
        "dvar": [7.30602037202e-12, 2.31634402326e-07, 1.38543498451e-07, 7.51293919166e-06, 1.84696873475e-05, 3.47911986864e-06, 4.75744445794e-06, 7.92409537098e-06, 1.93628170564e-06, 3.31066303261e-06, 2.22801395466e-06, 6.8472223802e-07, 9.84734782605e-08, 4.81595989754e-08, 5.3173646819e-08, 6.19776274746e-09, 2.7490487664e-09, 1.7382843609e-08, 6.6908869556e-09, 4.13509892994e-09, 1.32212845116e-08, 2.35959407568e-09, 2.21204676798e-09, 1.0789036331e-09, 3.47417139501e-09, 4.94635443715e-08, 3.02132624475e-10],
        "dvar2": [2.22557649393e-11, 5.0570372423e-07, 4.09649089761e-07, 2.06057338801e-05, 4.95297208545e-05, 7.85250358604e-06, 1.31279066409e-05, 2.23611205001e-05, 3.93102982343e-06, 7.76060460339e-06, 4.98233976032e-06, 1.58606405876e-06, 1.42389126268e-07, 1.2207185307e-07, 1.24335429064e-07, 1.47392595906e-08, 5.75233061184e-09, 3.0846898369e-08, 1.39023210721e-08, 1.00810479964e-08, 3.11733749925e-08, 4.72926808825e-09, 5.10533526565e-09, 2.40573605481e-09, 7.5125390353e-09, 1.16240613579e-07, 7.83922760039e-10],
        "max": [2.10656526178e-05, 0.00505889859051, 0.00293270871043, 0.0235466361046, 0.0338094346225, 0.0250815041363, 0.0199322029948, 0.0331708975136, 0.0177214797586, 0.0166667364538, 0.0203461684287, 0.01341697108, 0.00899915210903, 0.0041714431718, 0.00355108897202, 0.000694862450473, 0.000576777674723, 0.00260583963245, 0.000975027563982, 0.00110682030208, 0.00149584980682, 0.000643980572931, 0.000443689030362, 0.000365888787201, 0.000649146852084, 0.0018375699874, 0.00017711253895],
        "mean": [2.1192058739e-06, 0.000556662736926, 0.000214153100387, 0.00118653697427, 0.00407896237448, 0.00255733216181, 0.0025645934511, 0.00224875682034, 0.00139942020178, 0.00189080333803, 0.0011175381951, 0.000828445306979, 0.000240535460762, 0.000146917416714, 0.000152465116116, 9.73338537733e-05, 6.70562512823e-05, 0.000130171698402, 8.11062709545e-05, 5.63266585232e-05, 6.86909261276e-05, 4.31940861745e-05, 2.43113554461e-05, 1.79530070454e-05, 2.71529497695e-05, 6.3048726588e-05, 3.85419434679e-06],
        "median": [1.47969035424e-06, 0.00018507616187, 5.34296741534e-05, 0.000169114558958, 0.00222778343596, 0.00109589844942, 0.0012046698248, 0.000619522295892, 0.000460340525024, 0.000734463799745, 0.000362345192116, 0.000276609265711, 7.10052845534e-05, 6.38875790173e-05, 5.3175186622e-05, 4.94466548844e-05, 3.53557334165e-05, 5.17523476447e-05, 3.31365772581e-05, 2.45305200224e-05, 2.34232666116e-05, 1.82972125913e-05, 5.63342155147e-06, 4.24087102147e-06, 3.07418326884e-06, 7.95356754679e-07, 1.80490893342e-08],
        "min": [5.06240284101e-24, 9.10556820462e-24, 1.32572867452e-24, 3.09387440774e-24, 1.52931115218e-23, 5.78385242643e-23, 1.86317870206e-23, 1.35638826636e-23, 2.83792205782e-23, 7.45266621441e-23, 4.75482818287e-23, 8.49848372892e-23, 5.81702939175e-23, 4.39680870975e-23, 9.46387908296e-23, 1.16830022384e-22, 1.02047576814e-22, 2.06154067969e-22, 1.86068028491e-22, 3.38321187181e-22, 3.92956355569e-22, 3.41408195541e-22, 5.63233812118e-22, 7.23288918756e-22, 9.16485624502e-22, 1.79212153222e-21, 2.38812192528e-21],
        "var": [6.55634661145e-12, 6.87206636485e-07, 1.66814913882e-07, 6.5586727942e-06, 2.67517880275e-05, 1.19584365166e-05, 1.09474867713e-05, 1.9221315597e-05, 5.88932516621e-06, 7.14014367986e-06, 4.08313053413e-06, 1.98265252038e-06, 5.96541667619e-07, 6.33398826722e-08, 1.02041511241e-07, 1.50193812942e-08, 7.25316384731e-09, 5.22484278065e-08, 1.62795288361e-08, 7.50749684642e-09, 2.05565999778e-08, 4.79061723624e-09, 2.79230527589e-09, 1.46258316569e-09, 4.73400030288e-09, 4.65536267313e-08, 2.31395944073e-10]
    },
    "erbbands": {
        "dmean": [0.00337237422355, 0.0707863047719, 0.208264619112, 1.81459665298, 8.2439994812, 7.37812232971, 11.8177556992, 8.24178981781, 20.2961750031, 12.059138298, 36.3283424377, 18.7804527283, 27.1221561432, 46.6048316956, 16.7348651886, 19.6042957306, 6.39705991745, 5.37392807007, 4.75223445892, 3.55075001717, 2.62526345253, 1.86346065998, 3.40385627747, 2.8593878746, 2.49746131897, 1.49931609631, 1.65870261192, 1.39421021938, 0.917251527309, 0.465394884348, 0.443001925945, 0.444332033396, 0.162221699953, 0.171396777034, 0.193057671189, 0.278158307076, 0.141483604908, 0.0262761823833, 0.000613610318396, 2.24110826821e-05],
        "dmean2": [0.00446025328711, 0.109669677913, 0.363427132368, 3.17264771461, 14.7160577774, 12.195523262, 16.5782699585, 12.9050827026, 33.0706634521, 18.5961532593, 57.1537094116, 27.7163906097, 42.2683334351, 74.4243392944, 24.8377971649, 30.4851894379, 9.36309051514, 8.27333164215, 7.4145526886, 5.33144903183, 4.09538078308, 2.70706677437, 4.62773132324, 3.97752404213, 3.53397321701, 2.20957827568, 2.40725421906, 2.14250850677, 1.33134746552, 0.625677108765, 0.639631867409, 0.657667040825, 0.235206231475, 0.250890403986, 0.269200474024, 0.421288102865, 0.221790194511, 0.0410901047289, 0.000970152206719, 3.47387795046e-05],
        "dvar": [3.25234068441e-05, 0.0178427770734, 0.170441836119, 16.960193634, 397.205474854, 124.342262268, 437.148651123, 201.406265259, 1078.81982422, 337.022766113, 5763.9765625, 1206.77172852, 2582.390625, 7283.51171875, 1076.48950195, 1227.94628906, 227.763366699, 167.283843994, 110.932174683, 48.5573196411, 14.9959249496, 5.72744178772, 34.8611412048, 35.9788780212, 19.0627212524, 6.3401389122, 29.8885440826, 13.3444070816, 4.97661352158, 0.890908062458, 1.21301627159, 1.52745711803, 0.156765550375, 0.251248210669, 0.288643270731, 0.746675908566, 0.191013112664, 0.00624857842922, 3.62603873327e-06, 2.87714541081e-09],
        "dvar2": [5.44314934814e-05, 0.0401967689395, 0.493033617735, 47.0805091858, 1081.33569336, 345.286254883, 778.952331543, 510.817230225, 3158.96875, 774.19708252, 16172.8720703, 2474.05126953, 7018.05957031, 17770.6699219, 2060.09375, 2841.65234375, 365.595245361, 411.003967285, 264.586151123, 100.707290649, 35.5085220337, 11.7430486679, 67.8992385864, 63.3733100891, 40.9221420288, 14.5595502853, 61.5322799683, 34.0652732849, 10.9929199219, 1.64240658283, 2.69743895531, 3.59800505638, 0.343139767647, 0.594596743584, 0.602008581161, 1.74804735184, 0.460010528564, 0.0148889161646, 8.85022564034e-06, 6.88466217369e-09],
        "max": [0.0783988311887, 1.43369090557, 3.84958076477, 38.1871147156, 175.787811279, 114.55556488, 312.603302002, 157.574264526, 289.601013184, 242.218811035, 902.596923828, 462.326049805, 593.959594727, 1215.37695312, 474.177246094, 463.702392578, 411.022705078, 242.920211792, 130.907699585, 116.999481201, 42.2983894348, 23.0872993469, 71.6254348755, 130.672943115, 65.0120849609, 34.015171051, 93.2451858521, 44.1702384949, 34.5993614197, 10.2112340927, 10.3771467209, 12.2384366989, 4.20000314713, 6.93501138687, 5.83786439896, 8.46711349487, 3.41794252396, 0.5963768363, 0.0159681048244, 0.000434221379692],
        "mean": [0.00939367339015, 0.148827016354, 0.287914842367, 1.93330705166, 8.88413715363, 13.5296258926, 25.1614570618, 15.3999404907, 36.0960769653, 25.1756649017, 62.4390449524, 36.4456214905, 46.4678573608, 75.8656539917, 28.8509464264, 36.4259681702, 14.3475542068, 9.15323352814, 7.83685874939, 6.51825666428, 5.18539524078, 3.85136127472, 6.22460174561, 4.81518888474, 4.54982185364, 2.78602766991, 2.97327828407, 2.26442122459, 1.69223868847, 0.861788034439, 0.622333824635, 0.559761285782, 0.245249897242, 0.23084448278, 0.234471127391, 0.253308624029, 0.117515705526, 0.0215075202286, 0.000507273594849, 3.64974912372e-05],
        "median": [0.00394212361425, 0.0511989966035, 0.0793577432632, 0.333687543869, 2.67722845078, 6.86586856842, 8.37240600586, 8.14485549927, 16.6646251678, 13.1503629684, 16.5196342468, 13.9277324677, 16.9231472015, 28.1325874329, 11.8189811707, 12.6091308594, 6.00216817856, 3.56492495537, 3.80771303177, 2.39162921906, 2.97641348839, 2.42454171181, 2.8365623951, 1.76515340805, 2.06520462036, 1.35800337791, 0.981474041939, 0.850961208344, 0.709715545177, 0.301944434643, 0.158576011658, 0.105705060065, 0.063564658165, 0.0374812558293, 0.0190630443394, 0.0044957427308, 0.00148231664207, 0.000162599433679, 1.37985789479e-05, 1.9326880647e-05],
        "min": [3.57509969954e-22, 1.65994620885e-21, 1.41295120886e-21, 5.42559921067e-21, 3.28707616756e-20, 3.74717599624e-20, 1.91645353144e-19, 4.55827285727e-19, 3.8627424336e-19, 3.25084384727e-19, 4.06116884538e-19, 8.31439248539e-19, 2.17331221434e-18, 1.58385845015e-18, 2.96323578492e-18, 3.11190681757e-18, 2.71289184728e-18, 1.80064211938e-18, 5.16071159932e-18, 5.64980777909e-18, 6.88832835306e-18, 6.90973744168e-18, 9.83149073927e-18, 1.13759362046e-17, 1.12545193255e-17, 1.53939685116e-17, 1.36544275357e-17, 1.36668120839e-17, 1.31105215414e-17, 1.47292246646e-17, 1.5076466814e-17, 1.52886485673e-17, 1.1308559035e-17, 1.01886987606e-17, 7.27470276282e-18, 5.92134842672e-18, 2.88465569468e-18, 1.29056388298e-18, 3.2999380506e-19, 3.47102433368e-20],
        "var": [0.000158889073646, 0.0500687547028, 0.241883143783, 15.0065984726, 339.779510498, 296.483673096, 1913.92224121, 469.350250244, 2095.37426758, 1104.39709473, 14359.0058594, 3514.16430664, 5581.55615234, 16471.8046875, 2505.72387695, 3515.02685547, 1327.96716309, 271.389862061, 188.908981323, 140.268157959, 37.7816238403, 18.5497207642, 92.5615997314, 95.3214950562, 51.5552825928, 14.814825058, 54.7973136902, 17.1888790131, 8.14281082153, 1.98916018009, 1.65016973019, 1.75874876976, 0.237034291029, 0.309021294117, 0.39471334219, 0.726089715958, 0.170334815979, 0.00564620411023, 3.14475460073e-06, 3.21859827679e-09]
    },
    "gfcc": {
        "mean": [-60.3332862854, 110.299942017, -124.035850525, 6.5090303421, -79.2577667236, -1.65238952637, -33.6131668091, 2.32115650177, -29.9211826324, -0.480234771967, -16.9800643921, 4.35966110229, -6.14166307449],
        "cov": [[19298.7695312, 387.200958252, -235.463516235, -33.7972450256, -402.211883545, 126.770072937, -451.063262939, 280.947570801, -615.883666992, 144.099090576, -304.907104492, 168.524581909, -314.005279541], [387.200958252, 963.34552002, -568.103759766, -36.5554847717, -214.873931885, -106.289741516, 32.5215034485, -46.9121704102, 136.080291748, -76.5801010132, 163.312164307, -65.8506622314, 203.612579346], [-235.463516235, -568.103759766, 1015.64227295, 142.307434082, 109.544952393, 126.523551941, -58.366153717, 25.4091720581, -102.139389038, 72.3195419312, -185.322525024, 22.6981811523, -138.189712524], [-33.7972450256, -36.5554847717, 142.307434082, 298.469787598, 0.42004519701, 52.7559013367, -8.92385292053, 26.9188556671, 9.22291374207, 47.0943489075, 10.1429834366, -16.998544693, 8.34563159943], [-402.211883545, -214.873931885, 109.544952393, 0.42004519701, 173.097091675, 62.8988800049, 8.02958393097, 18.5384120941, -31.4005813599, 13.2847805023, -38.2503547668, 13.7562856674, -59.6298065186], [126.770072937, -106.289741516, 126.523551941, 52.7559013367, 62.8988800049, 156.13381958, 9.56216907501, 39.9571647644, -17.8429012299, 36.329826355, -29.8030357361, 14.5860242844, -13.3226690292], [-451.063262939, 32.5215034485, -58.366153717, -8.92385292053, 8.02958393097, 9.56216907501, 71.9823913574, 19.1039028168, 22.7300949097, -15.0717506409, 14.7880592346, -5.4153547287, 24.1166820526], [280.947570801, -46.9121704102, 25.4091720581, 26.9188556671, 18.5384120941, 39.9571647644, 19.1039028168, 86.6082687378, 6.57519674301, 11.5494976044, -9.40682983398, 10.0902032852, -11.3997774124], [-615.883666992, 136.080291748, -102.139389038, 9.22291374207, -31.4005813599, -17.8429012299, 22.7300949097, 6.57519674301, 102.630653381, 5.42017507553, 51.937335968, -17.9783763885, 59.0470352173], [144.099090576, -76.5801010132, 72.3195419312, 47.0943489075, 13.2847805023, 36.329826355, -15.0717506409, 11.5494976044, 5.42017507553, 71.6989593506, 8.04145908356, 10.5153522491, -16.8989753723], [-304.907104492, 163.312164307, -185.322525024, 10.1429834366, -38.2503547668, -29.8030357361, 14.7880592346, -9.40682983398, 51.937335968, 8.04145908356, 113.739013672, -2.47183704376, 57.421169281], [168.524581909, -65.8506622314, 22.6981811523, -16.998544693, 13.7562856674, 14.5860242844, -5.4153547287, 10.0902032852, -17.9783763885, 10.5153522491, -2.47183704376, 54.7732772827, 2.34047365189], [-314.005279541, 203.612579346, -138.189712524, 8.34563159943, -59.6298065186, -13.3226690292, 24.1166820526, -11.3997774124, 59.0470352173, -16.8989753723, 57.421169281, 2.34047365189, 127.123100281]],
        "icov": [[0.000147334736539, -0.000267440278549, 0.000170761530171, 3.69314693671e-05, 0.000392652815208, -6.31095754215e-05, 0.000736749439966, -0.000805210904218, 0.0010659157997, -0.00060160405701, 0.00048113099183, -0.00021422271675, 0.000152622305905], [-0.000267440278549, 0.00331199611537, 0.00044556192006, 3.13251039188e-05, 0.00107246381231, -0.000515742751304, -0.000460465205833, 0.00159038754646, -0.00255625369027, 0.00278478953987, -0.00211973837577, 0.00278991693631, -0.00234047928825], [0.000170761530171, 0.00044556192006, 0.00223037740216, -0.000718701339792, 0.00078066351125, -0.000646634551231, 0.00140490895137, -0.000439533236204, 0.00100291764829, -0.00142143794801, 0.00292761740275, -0.000215345280594, 0.00019910998526], [3.69314693671e-05, 3.13251039188e-05, -0.000718701339792, 0.0046060164459, 0.000256893486949, -0.00070352118928, 0.000930646318011, -0.00176174810622, 0.00121009291615, -0.00231730472296, -0.00139375880826, 0.00303938169964, -0.00162689131685], [0.000392652815208, 0.00107246381231, 0.00078066351125, 0.000256893486949, 0.0107186781242, -0.00370065844618, 0.000374158349587, -0.00117456389125, 0.00173052970786, 0.000371646543499, 0.000623076339252, -0.00124191713985, 0.00353458314203], [-6.31095754215e-05, -0.000515742751304, -0.000646634551231, -0.00070352118928, -0.00370065844618, 0.010888109915, -0.00217722239904, -0.00303934980184, 0.00209860876203, -0.00523418886587, 0.00219703675248, -7.6256095781e-05, -0.00310242851265], [0.000736749439966, -0.000460465205833, 0.00140490895137, 0.000930646318011, 0.000374158349587, -0.00217722239904, 0.0228191688657, -0.00843609683216, 0.00295438524336, 0.00203933380544, 0.000540434441064, 0.00189143349417, -0.0024948657956], [-0.000805210904218, 0.00159038754646, -0.000439533236204, -0.00176174810622, -0.00117456389125, -0.00303934980184, -0.00843609683216, 0.0201590675861, -0.00965299457312, 0.00372913992032, -0.000925820786506, -0.00347715895623, 0.00310193863697], [0.0010659157997, -0.00255625369027, 0.00100291764829, 0.00121009291615, 0.00173052970786, 0.00209860876203, 0.00295438524336, -0.00965299457312, 0.026504566893, -0.0102285984904, -9.86276427284e-06, 0.00562149053439, -0.0064262021333], [-0.00060160405701, 0.00278478953987, -0.00142143794801, -0.00231730472296, 0.000371646543499, -0.00523418886587, 0.00203933380544, 0.00372913992032, -0.0102285984904, 0.0267207361758, -0.00843554642051, -0.00317209935747, 0.00440571457148], [0.00048113099183, -0.00211973837577, 0.00292761740275, -0.00139375880826, 0.000623076339252, 0.00219703675248, 0.000540434441064, -0.000925820786506, -9.86276427284e-06, -0.00843554642051, 0.0201757773757, -0.00358120561577, -0.00196963874623], [-0.00021422271675, 0.00278991693631, -0.000215345280594, 0.00303938169964, -0.00124191713985, -7.6256095781e-05, 0.00189143349417, -0.00347715895623, 0.00562149053439, -0.00317209935747, -0.00358120561577, 0.0271229092032, -0.00860708579421], [0.000152622305905, -0.00234047928825, 0.00019910998526, -0.00162689131685, 0.00353458314203, -0.00310242851265, -0.0024948657956, 0.00310193863697, -0.0064262021333, 0.00440571457148, -0.00196963874623, -0.00860708579421, 0.0190183743834]]
    },
    "melbands": {
        "dmean": [5.2415583923e-05, 9.791325283e-05, 0.000546798284631, 0.00054628244834, 0.000375424628146, 0.000213802122744, 0.000303403270664, 0.000147165512317, 0.000271983706625, 0.000121618133562, 0.000135949594551, 0.000189879225218, 7.12272667442e-05, 5.55104852538e-05, 2.7414482247e-05, 1.3081630641e-05, 9.93086723611e-06, 7.42598058423e-06, 6.75510091241e-06, 4.06167782785e-06, 3.57910357707e-06, 2.07344783121e-06, 3.10998734676e-06, 3.12172710437e-06, 2.38639131567e-06, 1.76159426246e-06, 1.81247219189e-06, 9.3462898576e-07, 9.50107562403e-07, 1.20627748856e-06, 7.24874553271e-07, 5.75414048853e-07, 3.62293633316e-07, 2.41054891603e-07, 2.04532781822e-07, 4.31047254779e-07, 2.04248181035e-07, 1.09613473853e-07, 1.07971018792e-07, 1.68306783621e-07],
        "dmean2": [7.59405011195e-05, 0.000167976802913, 0.000957096985076, 0.000950088375248, 0.00053022877546, 0.000336359546054, 0.000485588010633, 0.000234609731706, 0.000423260353273, 0.000182244053576, 0.000212201310205, 0.000301809166558, 0.000109997214167, 8.48856070661e-05, 4.1447692638e-05, 1.95297634491e-05, 1.57728045451e-05, 1.17171348393e-05, 1.02444455479e-05, 6.12418261881e-06, 5.70780775888e-06, 3.10087852995e-06, 4.52813537777e-06, 4.31615899288e-06, 3.40029373547e-06, 2.53898542724e-06, 2.72912211585e-06, 1.42215253618e-06, 1.38564291774e-06, 1.89993397726e-06, 1.08662959519e-06, 8.52047151056e-07, 5.20737899024e-07, 3.30827333528e-07, 2.93023958875e-07, 6.80087168803e-07, 3.0096416026e-07, 1.60460956522e-07, 1.67803264617e-07, 2.5216161248e-07],
        "dvar": [9.15141384894e-09, 3.83104357127e-08, 1.64578023032e-06, 1.12468865154e-06, 3.86683609577e-07, 1.24969758986e-07, 2.3382600034e-07, 4.62047715644e-08, 3.00309778822e-07, 5.51452501441e-08, 6.38680575094e-08, 1.15597849515e-07, 1.79309136428e-08, 1.23601955337e-08, 2.34756414308e-09, 1.52072943127e-09, 5.86444837136e-10, 2.30117758182e-10, 2.83682494162e-10, 5.00497109035e-11, 3.48007248019e-11, 8.90484734561e-12, 2.9791284023e-11, 3.51420698097e-11, 2.87811025013e-11, 7.89578558785e-12, 1.70543284356e-11, 2.42623130788e-12, 1.07522610607e-11, 1.85600094321e-11, 2.39309939053e-12, 2.13031523845e-12, 4.8922915415e-13, 2.70700833711e-13, 2.31173749848e-13, 1.64781404667e-12, 3.10313406915e-13, 6.93528825406e-14, 7.93200547562e-14, 2.84203975458e-13],
        "dvar2": [1.76713399469e-08, 1.0364462355e-07, 4.47358979727e-06, 3.07688787871e-06, 7.17681018614e-07, 3.27263506961e-07, 6.68419545491e-07, 1.19865703141e-07, 8.17195484615e-07, 1.11161064353e-07, 1.6860371943e-07, 2.8106498462e-07, 3.70938586514e-08, 2.85948242862e-08, 5.34127631013e-09, 2.18080220549e-09, 1.47740120138e-09, 5.43478428927e-10, 6.53970433362e-10, 1.14970644116e-10, 8.43589503807e-11, 1.95496206029e-11, 6.3423828689e-11, 6.13680217754e-11, 5.33157441807e-11, 1.67965068937e-11, 4.07534249403e-11, 5.31686803959e-12, 2.20550678415e-11, 5.09894730605e-11, 5.5637582215e-12, 4.62003005297e-12, 9.70561088096e-13, 5.50167441986e-13, 5.05207258406e-13, 4.09542191826e-12, 6.97927609802e-13, 1.50783777283e-13, 1.84760315229e-13, 6.9804627573e-13],
        "max": [0.00107493554242, 0.00204921211116, 0.0113790184259, 0.00868122838438, 0.00879079382867, 0.00421336200088, 0.00413716118783, 0.00247589382343, 0.00674400804564, 0.00317434454337, 0.00286464462988, 0.00465320656076, 0.00161550298799, 0.00201821373776, 0.000844339083415, 0.00113860308193, 0.000456575129647, 0.000181170616997, 0.000293611927191, 7.54834036343e-05, 6.49026187602e-05, 3.59722071153e-05, 8.13518781797e-05, 0.000105455503217, 0.000110721317469, 3.00653027807e-05, 6.84082042426e-05, 1.73383323272e-05, 6.16173929302e-05, 6.52617309242e-05, 1.85881162906e-05, 2.11735223274e-05, 8.60159252625e-06, 5.63967523703e-06, 6.08090476817e-06, 1.2170798982e-05, 6.3877341745e-06, 3.45972853211e-06, 2.67015911959e-06, 7.90918693383e-06],
        "mean": [0.00013017191668, 0.000166629688465, 0.000556533457711, 0.00079628493404, 0.00079677219037, 0.00040350315976, 0.000557084218599, 0.000279492116533, 0.000475464039482, 0.000220736983465, 0.000223153896513, 0.000304606626742, 0.000109583583253, 9.89014733932e-05, 5.34264509042e-05, 2.69061292784e-05, 1.52234370034e-05, 1.17577137644e-05, 1.10062592285e-05, 6.92225057719e-06, 6.43746079731e-06, 3.8446223698e-06, 5.4462971093e-06, 5.2876839618e-06, 3.74689784621e-06, 3.06349738821e-06, 2.94529513667e-06, 1.6217098846e-06, 1.67713278643e-06, 1.74908916506e-06, 1.17091906304e-06, 1.0079521644e-06, 6.82198617596e-07, 3.91461526306e-07, 3.07526022425e-07, 4.73001932733e-07, 2.77883401623e-07, 1.67428950704e-07, 1.48482854456e-07, 2.16146560206e-07],
        "median": [4.76420027553e-05, 5.82869361097e-05, 0.000104716717033, 0.000315761077218, 0.000309090100927, 0.00021227542311, 0.000267574505415, 0.000146502250573, 0.000124339523609, 6.71079542371e-05, 6.77474381519e-05, 0.000104975464637, 3.64410188922e-05, 2.61665336438e-05, 2.25279327424e-05, 7.29944622435e-06, 5.30561965206e-06, 4.78333367937e-06, 3.54873486685e-06, 2.471305379e-06, 2.82558994513e-06, 1.95671555048e-06, 2.11607630263e-06, 2.00959152608e-06, 1.20643244372e-06, 1.31851174956e-06, 1.0966773516e-06, 7.19890181244e-07, 5.3284918522e-07, 5.08207790517e-07, 4.6313044777e-07, 4.14408532379e-07, 2.79748689991e-07, 1.11999767682e-07, 8.84998456741e-08, 8.21896222192e-08, 5.86539457004e-08, 4.50662156481e-08, 3.3463265936e-08, 3.03988798578e-08],
        "min": [2.83200039455e-24, 1.24591409472e-24, 1.83331806854e-24, 3.58064438196e-24, 5.18792402166e-24, 1.09003663924e-23, 5.98851962728e-24, 4.69118856484e-24, 3.9644283678e-24, 5.04828696397e-24, 1.10287984698e-23, 5.61063158785e-24, 7.66724600474e-24, 9.66852695671e-24, 6.0204109071e-24, 6.39696932147e-24, 2.50131345296e-24, 7.38027339577e-24, 6.68097502457e-24, 8.22213707635e-24, 7.24852021397e-24, 5.87439078139e-24, 6.53378896244e-24, 1.13741538855e-23, 8.83430102742e-24, 7.2394151814e-24, 9.07357752833e-24, 1.04346631458e-23, 7.58016838257e-24, 9.39316953572e-24, 5.79615431782e-24, 7.66843481812e-24, 6.34261917168e-24, 9.50879840062e-24, 7.93463908603e-24, 6.99062344025e-24, 8.27175169413e-24, 7.23436804933e-24, 9.44040810445e-24, 7.78070629101e-24],
        "var": [3.43782637913e-08, 6.86931329597e-08, 1.44543196257e-06, 1.41226928463e-06, 1.59076364525e-06, 2.88053598752e-07, 4.71481769182e-07, 1.24628925846e-07, 8.23560071694e-07, 1.62261841297e-07, 1.38196909916e-07, 2.63377387455e-07, 3.68616639435e-08, 3.38874350803e-08, 7.04039448962e-09, 9.17356235419e-09, 7.94011523197e-10, 3.95717930646e-10, 5.74174319201e-10, 1.30589775105e-10, 8.01745406176e-11, 2.39596814611e-11, 8.02290664459e-11, 9.80374462167e-11, 6.8805558473e-11, 2.00231203146e-11, 3.19122159254e-11, 5.889316812e-12, 1.93728557502e-11, 1.92862757015e-11, 3.62251765043e-12, 3.46630341617e-12, 1.03970066063e-12, 5.1285971997e-13, 3.50802611786e-13, 1.56912124353e-12, 3.97705983814e-13, 1.07184931503e-13, 1.04525451337e-13, 3.13819039114e-13]
    },
    "mfcc": {
