{
"metadata": {
    "version": {
        "essentia": "2.0.1",
        "extractor": "archive-music 1.0"
    },
    "audio_properties": {
        "analysis_sample_rate": 44100,
        "bitrate": 128,
        "channels": 2,
        "equal_loudness": 0,
        "length": 15.3861227036,
        "replay_gain": -5.9437122345,
        "downmix": "mix"
    },
    "tags": {
        "track": 0,
        "year": 0,
        "album": "",
        "artist": "",
        "comment": "",
        "genre": "",
        "title": ""
    }
},
"highlevel": {
    "culture": {
        "all": {
            "non_western": 0.00854570884258,
            "western": 0.991454303265
        },
        "probability": 0.991454303265,
        "value": "western"
    },
    "danceability": {
        "all": {
            "danceable": 0.507108926773,
            "not_danceable": 0.492891073227
        },
        "probability": 0.507108926773,
        "value": "danceable"
    },
    "gender": {
        "all": {
            "female": 0.339092046022,
            "male": 0.66090798378
        },
        "probability": 0.66090798378,
        "value": "male"
    },
    "genre_dortmund": {
        "all": {
            "alternative": 0.0365997590125,
            "blues": 0.145186081529,
            "electronic": 0.011844728142,
            "folkcountry": 0.53167527914,
            "funksoulrnb": 0.0294063147157,
            "jazz": 0.195797622204,
            "pop": 0.0238407906145,
            "raphiphop": 0.00719553930685,
            "rock": 0.0184538960457
        },
        "probability": 0.53167527914,
        "value": "folkcountry"
    },
    "genre_electronic": {
        "all": {
            "ambient": 0.866937756538,
            "dnb": 0.0668217614293,
            "house": 0.0335005782545,
            "techno": 0.0178282093257,
            "trance": 0.0149116776884
        },
        "probability": 0.866937756538,
        "value": "ambient"
    },
    "genre_rosamerica": {
        "all": {
            "cla": 0.967774093151,
            "dan": 0.00146194722038,
            "hip": 0.0015443948796,
            "jaz": 0.0140037499368,
            "pop": 0.00352096743882,
            "rhy": 0.00237704627216,
            "roc": 0.00646949838847,
            "spe": 0.00284830736928
        },
        "probability": 0.967774093151,
        "value": "cla"
    },
    "genre_tzanetakis": {
        "all": {
            "blu": 0.00486830156296,
            "cla": 0.809552431107,
            "cou": 0.0041078152135,
            "dis": 0.0126660875976,
            "hip": 0.00318534253165,
            "jaz": 0.131041377783,
            "met": 0.00341252237558,
            "pop": 0.00921767856926,
            "reg": 0.0158534683287,
            "roc": 0.00609494699165
        },
        "probability": 0.809552431107,
        "value": "cla"
    },
    "mirex_ballroom": {
        "all": {
            "ChaChaCha": 0.00314975320362,
            "Jive": 0.0103818234056,
            "Quickstep": 0.00947721581906,
            "Rumba-American": 0.000752819876652,
            "Rumba-International": 0.000741568161175,
            "Rumba-Misc": 0.000649295223411,
            "Samba": 0.00192810059525,
            "Tango": 0.0388634465635,
            "VienneseWaltz": 0.857615292072,
            "Waltz": 0.0764407142997
        },
        "probability": 0.857615292072,
        "value": "VienneseWaltz"
    },
    "mood_acoustic": {
        "all": {
            "acoustic": 0.133637025952,
            "not_acoustic": 0.866362988949
        },
        "probability": 0.866362988949,
        "value": "not_acoustic"
    },
    "mood_aggressive": {
        "all": {
            "aggressive": 0.201815769076,
            "not_aggressive": 0.798184216022
        },
        "probability": 0.798184216022,
        "value": "not_aggressive"
    },
    "mood_electronic": {
        "all": {
            "electronic": 0.109411038458,
            "not_electronic": 0.89058893919
        },
        "probability": 0.89058893919,
        "value": "not_electronic"
    },
    "mood_happy": {
        "all": {
            "happy": 0.983023524284,
            "not_happy": 0.0169764962047
        },
        "probability": 0.983023524284,
        "value": "happy"
    },
    "mood_party": {
        "all": {
            "not_party": 0.449553489685,
            "party": 0.550446510315
        },
        "probability": 0.550446510315,
        "value": "party"
    },
    "mood_relaxed": {
        "all": {
            "not_relaxed": 0.903691530228,
            "relaxed": 0.0963084474206
        },
        "probability": 0.903691530228,
        "value": "not_relaxed"
    },
    "mood_sad": {
        "all": {
            "not_sad": 0.265000283718,
            "sad": 0.734999716282
        },
        "probability": 0.734999716282,
        "value": "sad"
    },
    "moods_mirex": {
        "all": {
            "Cluster1": 0.0794210359454,
            "Cluster2": 0.258053451777,
            "Cluster3": 0.0372447110713,
            "Cluster4": 0.570815324783,
            "Cluster5": 0.05446549505
        },
        "probability": 0.570815324783,
        "value": "Cluster4"
    },
    "timbre": {
        "all": {
            "bright": 0.999998271465,
            "dark": 1.7196450699e-06
        },
        "probability": 0.999998271465,
        "value": "bright"
    },
    "tonal_atonal": {
        "all": {
            "atonal": 0.849307835102,
            "tonal": 0.150692149997
        },
        "probability": 0.849307835102,
        "value": "atonal"
    },
    "voice_instrumental": {
        "all": {
            "instrumental": 0.595672488213,
            "voice": 0.404327481985
        },
        "probability": 0.595672488213,
        "value": "instrumental"
    }
},
"lowlevel": {
    "average_loudness": 0.903493821621,
    "barkbands_kurtosis": {
        "dmean": 0.546985030174,
        "dmean2": 0.896069824696,
        "dvar": 0.387314230204,
        "dvar2": 0.953574717045,
        "max": 4.16620779037,
        "mean": -0.660355627537,
        "median": -0.867919564247,
        "min": -1.63297736645,
        "var": 0.615175902843
    },
    "barkbands_skewness": {
        "dmean": 0.380049496889,
        "dmean2": 0.557871639729,
        "dvar": 0.102775104344,
        "dvar2": 0.227387815714,
        "max": 2.28153252602,
        "mean": 0.000631331116892,
        "median": -0.000269939686405,
        "min": -2.06913375854,
        "var": 0.338046044111
    },
    "barkbands_spread": {
        "dmean": 3.58227872849,
        "dmean2": 5.84326648712,
        "dvar": 11.7168474197,
        "dvar2": 30.8693828583,
        "max": 51.1581459045,
        "mean": 20.7861099243,
        "median": 20.610710144,
        "min": 7.19890928268,
        "var": 23.7927341461
    },
    "dissonance": {
        "dmean": 0.0140106985345,
        "dmean2": 0.0228957757354,
        "dvar": 0.000198449328309,
        "dvar2": 0.000571813725401,
        "max": 0.499313116074,
        "mean": 0.470398515463,
        "median": 0.472629368305,
        "min": 0.34630292654,
        "var": 0.000274469697615
    },
    "dynamic_complexity": 3.82233309746,
    "erbbands_kurtosis": {
        "dmean": 0.718612074852,
        "dmean2": 1.1478266716,
        "dvar": 0.609453141689,
        "dvar2": 1.52492845058,
        "max": 5.6608953476,
        "mean": 0.0255149621516,
        "median": -0.1975004673,
        "min": -1.54915511608,
        "var": 1.14590573311
    },
    "erbbands_skewness": {
        "dmean": 0.313601344824,
        "dmean2": 0.481990933418,
        "dvar": 0.0736327394843,
        "dvar2": 0.18150831759,
        "max": 0.98909330368,
        "mean": -0.407388210297,
        "median": -0.397305071354,
        "min": -1.8545422554,
        "var": 0.226569354534
    },
    "erbbands_spread": {
        "dmean": 5.1019077301,
        "dmean2": 7.85568332672,
        "dvar": 14.3877038956,
        "dvar2": 37.0404510498,
        "max": 46.628200531,
        "mean": 24.5380573273,
        "median": 24.1809692383,
        "min": 8.30086612701,
        "var": 49.5976676941
    },
    "hfc": {
        "dmean": 7.1883058548,
        "dmean2": 9.15242767334,
        "dvar": 71.6940155029,
        "dvar2": 109.668571472,
        "max": 144.018844604,
        "mean": 19.3892612457,
        "median": 15.416595459,
        "min": 1.15461416851e-16,
        "var": 335.020294189
    },
    "melbands_kurtosis": {
        "dmean": 0.952426850796,
        "dmean2": 1.50299537182,
        "dvar": 1.42914748192,
        "dvar2": 3.33910179138,
        "max": 14.8491134644,
        "mean": 0.130668014288,
        "median": -0.294317960739,
        "min": -1.65285015106,
        "var": 2.46510839462
    },
    "melbands_skewness": {
        "dmean": 0.423260271549,
        "dmean2": 0.632384836674,
        "dvar": 0.118390507996,
        "dvar2": 0.26336863637,
        "max": 3.63109064102,
        "mean": 0.719259560108,
        "median": 0.693053901196,
        "min": -0.812487244606,
        "var": 0.39271479845
    },
    "melbands_spread": {
        "dmean": 7.32757425308,
        "dmean2": 11.0563163757,
        "dvar": 59.1838951111,
        "dvar2": 130.369918823,
        "max": 135.703933716,
        "mean": 40.7249221802,
        "median": 40.8331375122,
        "min": 11.301407814,
        "var": 157.71862793
    },
    "pitch_salience": {
        "dmean": 0.0642775297165,
        "dmean2": 0.101122841239,
        "dvar": 0.0027851217892,
        "dvar2": 0.0059879720211,
        "max": 0.927835226059,
        "mean": 0.585546731949,
        "median": 0.584623336792,
        "min": 0.341631233692,
        "var": 0.00753428973258
    },
    "silence_rate_20dB": {
        "dmean": 0,
        "dmean2": 0,
        "dvar": 0,
        "dvar2": 0,
        "max": 1,
        "mean": 1,
        "median": 1,
        "min": 1,
        "var": 0
    },
    "silence_rate_30dB": {
        "dmean": 0,
        "dmean2": 0,
        "dvar": 0,
        "dvar2": 0,
        "max": 1,
        "mean": 1,
        "median": 1,
        "min": 1,
        "var": 0
    },
    "silence_rate_60dB": {
        "dmean": 0.0935143306851,
        "dmean2": 0.187311172485,
        "dvar": 0.0847686082125,
        "dvar2": 0.170353159308,
        "max": 1,
        "mean": 0.201807230711,
        "median": 0,
        "min": 0,
        "var": 0.161080986261
    },
    "spectral_centroid": {
        "dmean": 260.973205566,
        "dmean2": 362.783477783,
        "dvar": 209786.15625,
        "dvar2": 256298.25,
        "max": 11250.6474609,
        "mean": 2231.14233398,
        "median": 2237.75317383,
        "min": 786.985412598,
        "var": 419635.375
    },
    "spectral_complexity": {
        "dmean": 4,
        "dmean2": 4.85800600052,
        "dvar": 12.6636505127,
        "dvar2": 16.7623100281,
        "max": 41,
        "mean": 18.1927719116,
        "median": 19,
        "min": 0,
        "var": 97.4960021973
    },
    "spectral_crest": {
        "dmean": 2.32597661018,
        "dmean2": 3.73269844055,
        "dvar": 4.03864860535,
        "dvar2": 10.4049100876,
        "max": 19.6809616089,
        "mean": 7.62509393692,
        "median": 7.08688163757,
        "min": 2.77234482765,
        "var": 8.51358509064
    },
    "spectral_decrease": {
        "dmean": 1.0096343761e-09,
        "dmean2": 1.20613485866e-09,
        "dvar": 1.24183508669e-18,
        "dvar2": 1.65698338765e-18,
        "max": 9.53143397544e-22,
        "mean": -2.71728328727e-09,
        "median": -2.13533368765e-09,
        "min": -1.2759778123e-08,
        "var": 5.92716929669e-18
    },
    "spectral_energy": {
        "dmean": 0.00442913919687,
        "dmean2": 0.00532069662586,
        "dvar": 2.38963220909e-05,
        "dvar2": 3.24973661918e-05,
        "max": 0.059473156929,
        "mean": 0.0120143089443,
        "median": 0.00974258035421,
        "min": 1.0702345493e-20,
        "var": 0.000115738686873
    },
    "spectral_energyband_high": {
        "dmean": 0.000258814659901,
        "dmean2": 0.000367359811207,
        "dvar": 1.190975496e-07,
        "dvar2": 2.34400474142e-07,
        "max": 0.00497130770236,
        "mean": 0.000607952766586,
        "median": 0.000452377018519,
        "min": 7.52537821248e-21,
        "var": 4.33172374414e-07
    },
    "spectral_energyband_low": {
        "dmean": 3.49220208591e-05,
        "dmean2": 4.29485517088e-05,
        "dvar": 4.68610128479e-09,
        "dvar2": 5.41729994197e-09,
        "max": 0.000776525819674,
        "mean": 6.36491531623e-05,
        "median": 7.94616971689e-06,
        "min": 4.59440511364e-23,
        "var": 1.58611328516e-08
    },
    "spectral_energyband_middle_high": {
        "dmean": 0.00298998481594,
        "dmean2": 0.00401025358588,
        "dvar": 1.2644398339e-05,
        "dvar2": 2.11195128941e-05,
        "max": 0.049077052623,
        "mean": 0.00710718939081,
        "median": 0.00542959850281,
        "min": 1.60475967087e-21,
        "var": 4.92203871545e-05
    },
    "spectral_energyband_middle_low": {
        "dmean": 0.0019297656836,
        "dmean2": 0.00224170624278,
        "dvar": 5.08615039507e-06,
        "dvar2": 6.80192488289e-06,
        "max": 0.0243448633701,
        "mean": 0.00432159472257,
        "median": 0.0028915873263,
        "min": 2.77213168942e-22,
        "var": 2.07714947464e-05
    },
    "spectral_flatness_db": {
        "dmean": 0.0201653540134,
        "dmean2": 0.0297246482223,
        "dvar": 0.00032783835195,
        "dvar2": 0.000738062139135,
        "max": 0.24715153873,
        "mean": 0.152115002275,
        "median": 0.154154151678,
        "min": 0.0276202876121,
        "var": 0.00101151829585
    },
    "spectral_flux": {
        "dmean": 0.0153472907841,
        "dmean2": 0.0241739805788,
        "dvar": 0.000192838779185,
        "dvar2": 0.000473180378322,
        "max": 0.147624582052,
        "mean": 0.0528896972537,
        "median": 0.0531452223659,
        "min": 1.04472361317e-10,
        "var": 0.00069682742469
    },
    "spectral_kurtosis": {
        "dmean": 2.40221047401,
        "dmean2": 4.21595096588,
        "dvar": 5.03280305862,
        "dvar2": 14.5237808228,
        "max": 20.9087543488,
        "mean": 5.63244867325,
        "median": 5.14711284637,
        "min": -1.19675958157,
        "var": 6.65772533417
    },
    "spectral_rms": {
        "dmean": 0.000657412980217,
        "dmean2": 0.000761584669817,
        "dvar": 3.67764897646e-07,
        "dvar2": 4.48226955996e-07,
        "max": 0.00761725613847,
        "mean": 0.00301798735745,
        "median": 0.0030830106698,
        "min": 3.23130194477e-12,
        "var": 2.61303512161e-06
    },
    "spectral_rolloff": {
        "dmean": 409.487884521,
        "dmean2": 672.863830566,
        "dvar": 695558.0625,
        "dvar2": 1245362.375,
        "max": 19207.6171875,
        "mean": 2814.94848633,
        "median": 2756.25,
        "min": 1033.59375,
        "var": 2288423.5
    },
    "spectral_skewness": {
        "dmean": 0.276027321815,
        "dmean2": 0.464738786221,
        "dvar": 0.066023722291,
        "dvar2": 0.185597270727,
        "max": 3.38104605675,
        "mean": 1.26257109642,
        "median": 1.22905254364,
        "min": -0.0365976169705,
        "var": 0.120917513967
    },
    "spectral_spread": {
        "dmean": 362407,
        "dmean2": 532677.625,
        "dvar": 3.13855941018e+12,
        "dvar2": 3.37034896998e+12,
        "max": 40099132,
        "mean": 2983707.25,
        "median": 2794980.5,
        "min": 2101188.25,
        "var": 4.47626975642e+12
    },
    "spectral_strongpeak": {
        "dmean": 1.03886651993,
        "dmean2": 1.71512162685,
        "dvar": 2.12698793411,
        "dvar2": 4.6100268364,
        "max": 15.379940033,
        "mean": 1.90951919556,
        "median": 1.19387876987,
        "min": 0,
        "var": 4.27557229996
    },
    "zerocrossingrate": {
        "dmean": 0.0093060657382,
        "dmean2": 0.0118611035869,
        "dvar": 0.000544435228221,
        "dvar2": 0.00110772659536,
        "max": 0.50634765625,
        "mean": 0.0895657837391,
        "median": 0.0869140625,
        "min": 0.04541015625,
        "var": 0.0015042128507
    },
    "barkbands": {
        "dmean": [4.30404554663e-07, 1.20112408695e-05, 1.98272355192e-05, 1.1864552107e-05, 0.000169222839759, 0.000423642428359, 0.00105956534389, 0.000326943641994, 0.000406790000852, 0.000183247073437, 0.000240325927734, 0.00059904938098, 0.000473297201097, 0.000356093078153, 0.000881702930201, 0.000456263049273, 0.000643969688099, 0.000481353898067, 0.000227922952035, 0.000245171278948, 9.72148045548e-05, 2.80655076494e-05, 7.08315064912e-06, 4.10401298723e-06, 4.50289371656e-06, 7.56775875743e-07, 2.69215627569e-09],
        "dmean2": [7.34189939067e-07, 1.60050367413e-05, 2.51913897955e-05, 1.69530158018e-05, 0.000236860636505, 0.000499485235196, 0.00122859340627, 0.000449044106063, 0.000559885753319, 0.000274913269095, 0.000326725887135, 0.00091499928385, 0.000729063584004, 0.000556407845579, 0.00140338286292, 0.000656131946016, 0.00101700623054, 0.000736126676202, 0.000340247032, 0.000355660129571, 0.000138217830681, 4.11743385484e-05, 1.09909969979e-05, 5.98253063799e-06, 6.22801508143e-06, 1.20266452086e-06, 4.77085571049e-09],
        "dvar": [4.19941913275e-13, 4.8535403474e-10, 2.87015256006e-09, 7.08945346872e-10, 6.19936955104e-08, 4.48103207873e-07, 2.20610058932e-06, 7.8931572034e-07, 9.03486409243e-07, 2.27091717875e-07, 2.01151323154e-07, 1.29917270897e-06, 5.48070545392e-07, 5.04307138272e-07, 2.96184180115e-06, 1.50954645051e-06, 9.41908808727e-07, 1.30970261125e-06, 1.45661473994e-07, 9.48272358414e-08, 2.2897573615e-08, 1.31293254046e-09, 1.08204417648e-10, 4.02195707294e-11, 4.39415101527e-11, 1.63784567506e-12, 5.38716064653e-17],
        "dvar2": [1.13085712669e-12, 7.29230897889e-10, 3.42500494632e-09, 1.25829657804e-09, 1.09342011001e-07, 6.27230917871e-07, 3.05153776026e-06, 1.07652829229e-06, 1.71406225036e-06, 4.54816955653e-07, 3.21528318636e-07, 2.84579846266e-06, 1.25362385006e-06, 1.18550644856e-06, 7.48226784708e-06, 2.86819226858e-06, 2.37018844018e-06, 2.97312772091e-06, 3.01998767327e-07, 2.02525242798e-07, 4.37450466961e-08, 3.00922509133e-09, 2.70785699419e-10, 9.34838942368e-11, 7.96792631874e-11, 4.16683354487e-12, 1.44883543025e-16],
        "max": [6.1299247136e-06, 0.000228374236031, 0.000651300186291, 0.000367244763765, 0.00398957030848, 0.00763708585873, 0.01634885557, 0.0151608027518, 0.013473960571, 0.00814553909004, 0.00496635073796, 0.0124820414931, 0.00621414510533, 0.010296500288, 0.0286270324141, 0.0273360311985, 0.00884773861617, 0.0226851571351, 0.00662642763928, 0.00335672078654, 0.00210342230275, 0.000419226242229, 0.000110531400423, 8.06589159765e-05, 8.04658411653e-05, 1.21774164654e-05, 9.38641662174e-08],
        "mean": [4.48495455885e-07, 2.04460084205e-05, 3.43872852682e-05, 1.90737027879e-05, 0.000344757718267, 0.000707431929186, 0.00193092599511, 0.00052306620637, 0.000654428906273, 0.000250695098657, 0.000374331400963, 0.000812410144135, 0.000628696696367, 0.00044731417438, 0.00129088468384, 0.000783800263889, 0.00109726877417, 0.000814136583358, 0.000439200404799, 0.000546911498532, 0.000206751632504, 5.84685039939e-05, 1.25067717818e-05, 7.04445528754e-06, 7.87363387644e-06, 1.06011873413e-06, 2.2796051713e-09],
        "median": [2.29186667866e-07, 2.643481821e-06, 2.71646945293e-06, 3.61940510629e-06, 0.000254241225775, 0.00028501774068, 0.000703558907844, 0.000141187963891, 0.000260223867372, 8.64593093866e-05, 0.000106817533378, 0.000343760475516, 0.000261172885075, 0.000157319751452, 0.000523769587744, 0.000326500390656, 0.000540623674169, 0.000369174027583, 0.000249844655627, 0.000378026859835, 0.000133106164867, 4.03865233238e-05, 8.48256786412e-06, 4.40025451098e-06, 3.85259227187e-06, 6.0618583575e-07, 6.22247697812e-10],
        "min": [5.73978389525e-24, 2.65597728538e-23, 8.8353344352e-24, 3.71852385756e-24, 3.98253335666e-23, 6.27669927231e-23, 1.99324829692e-23, 4.37606734774e-23, 3.0470462439e-23, 6.26844526289e-23, 5.08971604545e-23, 1.01816106092e-22, 6.56742354597e-23, 1.20333435706e-22, 1.62626124236e-22, 1.37751168949e-22, 1.44890915499e-22, 1.2649753171e-22, 2.52865412553e-22, 3.75870057502e-22, 3.87182095691e-22, 4.76156038495e-22, 7.72901327719e-22, 6.57285772475e-22, 1.08448992471e-21, 1.87615165218e-21, 1.98150651256e-21],
        "var": [4.46908487864e-13, 1.43391876151e-09, 8.98875907041e-09, 1.97767202614e-09, 1.61929776255e-07, 1.1780443856e-06, 7.95951382315e-06, 1.78648178917e-06, 1.73413172888e-06, 3.77560922971e-07, 5.15211866059e-07, 1.9571575649e-06, 9.16400381357e-07, 6.50723052331e-07, 5.67075630897e-06, 3.99500277126e-06, 2.05513015317e-06, 2.61807122115e-06, 3.5631950368e-07, 3.39058061627e-07, 6.38051602664e-08, 3.87098220145e-09, 2.12426173873e-10, 9.5848488868e-11, 1.24572671623e-10, 2.03594801608e-12, 3.98953212988e-17]
    },
    "erbbands": {
        "dmean": [0.000247303018114, 0.00339653948322, 0.0201035048813, 0.0311708170921, 0.174371808767, 0.791780054569, 1.32250893116, 4.11283922195, 11.3116235733, 12.1622562408, 9.14249610901, 9.8026599884, 7.01610136032, 6.10010957718, 9.51821422577, 27.7950630188, 22.5876617432, 20.5397758484, 24.6856803894, 40.4094657898, 29.8405094147, 25.6378860474, 29.8574485779, 12.7386064529, 11.477391243, 10.3906965256, 6.10001993179, 3.40754914284, 1.27232682705, 0.363317400217, 0.191514208913, 0.101022459567, 0.0631549283862, 0.0400015562773, 0.0448026917875, 0.0068153697066, 0.000581809144933, 3.47238710674e-05, 3.80230562769e-06, 5.90736453887e-06],
        "dmean2": [0.000326431851136, 0.00436564488336, 0.0247993059456, 0.0419025793672, 0.252992480993, 1.11548566818, 1.80027973652, 4.91799211502, 13.4731788635, 14.4253978729, 12.2735433578, 13.5717153549, 10.4548034668, 8.87120819092, 12.7888393402, 42.4275665283, 34.6788024902, 31.5621051788, 39.3096504211, 62.8978424072, 44.975818634, 39.1964950562, 46.0566864014, 19.5738601685, 16.013502121, 14.8044290543, 8.86809062958, 4.77105712891, 1.84896826744, 0.562351822853, 0.290423214436, 0.148686677217, 0.0944991186261, 0.0569354854524, 0.0616850666702, 0.00988689530641, 0.0009540989995, 5.95380624873e-05, 4.74170974485e-06, 7.11160600986e-06],
        "dvar": [1.42689302152e-07, 4.11223481933e-05, 0.00258671003394, 0.00372375128791, 0.0561298020184, 1.57571339607, 4.2052526474, 41.181728363, 297.594573975, 281.208099365, 618.08001709, 697.414123535, 277.24029541, 125.007850647, 398.455841064, 2842.52783203, 1034.42248535, 1368.66442871, 2519.6706543, 4241.97949219, 2052.48681641, 1872.39990234, 5118.40136719, 233.707977295, 498.345977783, 172.483322144, 64.5548400879, 27.9224643707, 2.74031662941, 0.263377845287, 0.0706860497594, 0.02110257186, 0.0112858032808, 0.00367063912563, 0.00473196106032, 9.59473545663e-05, 1.29873865262e-06, 6.92424118043e-09, 1.79251873761e-11, 4.27180339713e-11],
        "dvar2": [2.39921064349e-07, 5.97792495682e-05, 0.00297890650108, 0.00582726858556, 0.104545354843, 2.739351511, 8.61726093292, 60.8157348633, 456.864746094, 368.417114258, 827.936157227, 1399.27612305, 646.704711914, 221.516052246, 605.430969238, 6278.75097656, 2328.05493164, 3205.1796875, 6773.62548828, 9891.59472656, 4501.2109375, 4198.12109375, 11749.2998047, 515.255493164, 1006.7578125, 385.308074951, 124.528244019, 54.2472076416, 6.19427776337, 0.660697340965, 0.171525657177, 0.0454685240984, 0.026384325698, 0.00771474698558, 0.00884331110865, 0.000219532957999, 3.49842957803e-06, 1.94044140756e-08, 2.9744165464e-11, 5.93787657932e-11],
        "max": [0.00363532756455, 0.0724401772022, 0.607548832893, 0.751267492771, 3.33070087433, 19.3310508728, 23.8783149719, 65.4791564941, 292.87979126, 194.891082764, 415.705688477, 410.982299805, 224.314086914, 165.175765991, 230.135955811, 607.656005859, 269.954040527, 564.059143066, 698.752746582, 880.974731445, 827.647827148, 602.113952637, 1411.06420898, 175.617919922, 443.527404785, 150.226470947, 105.388771057, 76.3955230713, 19.6918506622, 4.77083683014, 2.66680335999, 2.47598528862, 1.35105919838, 0.7098736763, 1.09498941898, 0.100968293846, 0.0115855066106, 0.000920770165976, 5.7309618569e-05, 8.87795831659e-05],
        "mean": [0.000389834924135, 0.00583951827139, 0.0352048054338, 0.057441227138, 0.357983052731, 1.54321217537, 2.47178769112, 6.63466501236, 20.7665367126, 22.840341568, 15.2479515076, 16.041185379, 10.3060216904, 9.85025691986, 14.1706953049, 38.2836151123, 32.1221542358, 27.3001861572, 37.3779411316, 65.239364624, 54.3889770508, 48.9551124573, 49.3961830139, 26.08776474, 22.3193645477, 22.8036994934, 13.5879182816, 6.81750488281, 2.66532969475, 0.726101219654, 0.351474612951, 0.17915314436, 0.102157481015, 0.0665624886751, 0.0751383528113, 0.0109870294109, 0.000792755163275, 4.80587477796e-05, 1.03297170426e-05, 1.62335745699e-05],
        "median": [7.3952760431e-05, 0.000564747373573, 0.003141424153, 0.0143118537962, 0.216325446963, 0.976282000542, 1.12849235535, 2.63446617126, 8.41775226593, 8.59945583344, 5.65033864975, 6.9324054718, 3.83592844009, 4.35117101669, 4.75188541412, 16.723991394, 17.9543361664, 14.5794429779, 17.9641494751, 30.592300415, 29.7857780457, 28.6035499573, 20.4766387939, 18.1053009033, 13.1787147522, 15.7214069366, 9.83588790894, 4.47078418732, 1.86783123016, 0.507546126842, 0.243822529912, 0.107241898775, 0.0613861940801, 0.0348061732948, 0.0349356755614, 0.00660031475127, 0.000444050150691, 2.85535425064e-05, 8.45045178721e-06, 1.33701760205e-05],
        "min": [1.18966626271e-21, 2.77147490276e-21, 8.55471320413e-21, 1.5206106437e-20, 3.64478040682e-20, 1.76715311774e-19, 4.97287594281e-19, 4.47199016456e-19, 3.24658257465e-19, 5.75214832223e-19, 1.02660734419e-18, 5.93689704409e-19, 1.96218801147e-18, 1.99270518581e-18, 2.66029908355e-18, 4.05489685179e-18, 3.48381756074e-18, 4.90843598815e-18, 9.07109917091e-18, 8.38365335206e-18, 7.84443250871e-18, 9.15814586831e-18, 6.82408743874e-18, 1.19120948253e-17, 1.22470334902e-17, 1.47235535144e-17, 1.86108176655e-17, 1.71203076849e-17, 1.81966731482e-17, 1.9511124353e-17, 2.04790133508e-17, 1.64712670347e-17, 1.05542166384e-17, 1.0115459362e-17, 9.20421321099e-18, 6.34535583204e-18, 3.28233125277e-18, 1.16420542697e-18, 2.45546548584e-19, 3.27208384207e-20],
        "var": [4.03974183882e-07, 0.000123714416986, 0.00832523126155, 0.0108527652919, 0.194253697991, 3.88858866692, 11.4131155014, 102.085525513, 1087.39733887, 1011.68908691, 1356.65539551, 1226.84875488, 405.648376465, 295.17288208, 841.157165527, 4222.109375, 1789.03552246, 1814.09472656, 3872.02099609, 10390.0605469, 5611.94238281, 4132.08984375, 9949.46289062, 730.51373291, 1032.11535645, 635.807678223, 205.062469482, 76.5296478271, 8.16856575012, 0.552878439426, 0.158108621836, 0.0692295134068, 0.0184178464115, 0.00784642156214, 0.0142422644421, 0.000181076145964, 1.33698677018e-06, 5.42363176592e-09, 8.30478741332e-11, 2.11500039704e-10]
    },
    "gfcc": {
        "mean": [-82.5924911499, 70.3367538452, -202.05480957, 17.3349399567, -74.0655975342, -17.2158851624, -50.3691940308, -0.397447526455, -25.8256931305, 10.4511833191, -11.5695123672, -3.04786348343, -1.70848417282],
        "cov": [[19288.6425781, 670.929016113, -2295.578125, 415.981536865, -971.605773926, -281.138122559, -509.72543335, -47.3437690735, -290.355255127, 111.871780396, -25.7706031799, -304.341705322, 100.382514954], [670.929016113, 421.062927246, 35.9108924866, 22.6340770721, 34.5198364258, 7.37939214706, 42.8188819885, 18.0445709229, 10.4152574539, 18.452589035, -0.122324213386, -17.0273246765, -27.4046268463], [-2295.578125, 35.9108924866, 633.13092041, 55.0363388062, 215.230773926, 174.704025269, 142.917755127, 93.1937408447, 65.3148345947, 27.8761482239, -6.6629652977, 43.5779190063, -56.2133522034], [415.981536865, 22.6340770721, 55.0363388062, 214.245025635, 84.7580947876, 69.2037124634, 66.7499008179, 71.3110961914, 24.7399730682, -1.67921555042, -29.0443000793, -39.9101867676, -31.8290920258], [-971.605773926, 34.5198364258, 215.230773926, 84.7580947876, 209.63041687, 100.700836182, 104.083297729, 56.395526886, 37.2784957886, -4.18485689163, -22.937122345, 10.077832222, -22.6830463409], [-281.138122559, 7.37939214706, 174.704025269, 69.2037124634, 100.700836182, 206.86882019, 101.947044373, 65.9416046143, 7.75446891785, 19.9673404694, -3.40194416046, 20.6596164703, -8.23675632477], [-509.72543335, 42.8188819885, 142.917755127, 66.7499008179, 104.083297729, 101.947044373, 166.299758911, 64.7740249634, 23.4233970642, 3.68446946144, -13.0687141418, 3.48811435699, -15.3348531723], [-47.3437690735, 18.0445709229, 93.1937408447, 71.3110961914, 56.395526886, 65.9416046143, 64.7740249634, 121.524154663, 60.3652420044, 8.78360843658, -32.6079978943, -6.19736337662, -14.5641536713], [-290.355255127, 10.4152574539, 65.3148345947, 24.7399730682, 37.2784957886, 7.75446891785, 23.4233970642, 60.3652420044, 93.2663726807, 10.3661499023, -19.8371448517, -11.9323348999, -2.6113615036], [111.871780396, 18.452589035, 27.8761482239, -1.67921555042, -4.18485689163, 19.9673404694, 3.68446946144, 8.78360843658, 10.3661499023, 62.8815574646, 24.4240131378, 7.88835287094, -10.8313102722], [-25.7706031799, -0.122324213386, -6.6629652977, -29.0443000793, -22.937122345, -3.40194416046, -13.0687141418, -32.6079978943, -19.8371448517, 24.4240131378, 71.7795944214, 20.4029464722, 5.15609741211], [-304.341705322, -17.0273246765, 43.5779190063, -39.9101867676, 10.077832222, 20.6596164703, 3.48811435699, -6.19736337662, -11.9323348999, 7.88835287094, 20.4029464722, 75.8711471558, 27.8675003052], [100.382514954, -27.4046268463, -56.2133522034, -31.8290920258, -22.6830463409, -8.23675632477, -15.3348531723, -14.5641536713, -2.6113615036, -10.8313102722, 5.15609741211, 27.8675003052, 76.9055023193]],
        "icov": [[0.000207531556953, -0.000411759974668, 0.000642829341814, -0.000676702125929, 0.000635865610093, -0.000369628891349, 0.000391500187106, -0.000413990259403, 0.000494895211887, -0.000584863650147, 0.000242550493567, 0.000129399253638, -0.000208905985346], [-0.000411759974668, 0.003367443569, -0.00121812603902, 0.00146562699229, -0.00164530461188, 0.00118014507461, -0.0014889506856, 0.00066924438579, -0.000785891665146, 0.00029684547917, -0.000556269136723, 0.000266740127699, 0.000880348205101], [0.000642829341814, -0.00121812603902, 0.00521927373484, -0.00131605321076, -0.000190634949831, -0.0025121839717, 0.000789244309999, -0.00135833094828, -3.10288414767e-05, -0.00188535184134, 0.000430865417002, -0.00140304595698, 0.00178495014552], [-0.000676702125929, 0.00146562699229, -0.00131605321076, 0.0101163024083, -0.00485316989943, 0.000145356025314, -0.00154528033454, -0.00243107788265, -4.94688501931e-05, 0.00186781492084, -0.00100618146826, 0.00371286668815, 0.00142951658927], [0.000635865610093, -0.00164530461188, -0.000190634949831, -0.00485316989943, 0.0126926107332, -0.00272196810693, -0.00184505840298, 0.00133181829005, -0.00147176487371, 0.000579340441618, 0.00240396591835, -0.00209948583506, 0.00040344404988], [-0.000369628891349, 0.00118014507461, -0.0025121839717, 0.000145356025314, -0.00272196810693, 0.0104018794373, -0.00347805349156, -0.00299135711975, 0.00337820407003, -0.00188654032536, -0.000778390152846, -0.000705426791683, -0.00166506774258], [0.000391500187106, -0.0014889506856, 0.000789244309999, -0.00154528033454, -0.00184505840298, -0.00347805349156, 0.0120344366878, -0.0040973010473, 0.00192145293113, -0.000171789550222, -0.000476569752209, 0.000970792549197, -0.000676010968164], [-0.000413990259403, 0.00066924438579, -0.00135833094828, -0.00243107788265, 0.00133181829005, -0.00299135711975, -0.0040973010473, 0.0211374629289, -0.0119958594441, 0.000230490244576, 0.00537599856034, -0.00379663310014, 0.00267868046649], [0.000494895211887, -0.000785891665146, -3.10288414767e-05, -4.94688501931e-05, -0.00147176487371, 0.00337820407003, 0.00192145293113, -0.0119958594441, 0.0215192511678, -0.00595698086545, 0.00152704468928, 0.0054846429266, -0.00512813683599], [-0.000584863650147, 0.00029684547917, -0.00188535184134, 0.00186781492084, 0.000579340441618, -0.00188654032536, -0.000171789550222, 0.000230490244576, -0.00595698086545, 0.0239684265107, -0.00887456722558, -0.00261398777366, 0.00495797768235], [0.000242550493567, -0.000556269136723, 0.000430865417002, -0.00100618146826, 0.00240396591835, -0.000778390152846, -0.000476569752209, 0.00537599856034, 0.00152704468928, -0.00887456722558, 0.021352564916, -0.00407286733389, -0.000221334266826], [0.000129399253638, 0.000266740127699, -0.00140304595698, 0.00371286668815, -0.00209948583506, -0.000705426791683, 0.000970792549197, -0.00379663310014, 0.0054846429266, -0.00261398777366, -0.00407286733389, 0.0220531783998, -0.00868300162256], [-0.000208905985346, 0.000880348205101, 0.00178495014552, 0.00142951658927, 0.00040344404988, -0.00166506774258, -0.000676010968164, 0.00267868046649, -0.00512813683599, 0.00495797768235, -0.000221334266826, -0.00868300162256, 0.0194841958582]]
    },
    "melbands": {
        "dmean": [2.77433491647e-06, 8.36816889205e-06, 7.00328746461e-06, 3.46841770806e-05, 4.26972837886e-05, 9.57275333349e-05, 0.00019940911443, 0.000116452465591, 7.91944330558e-05, 6.07656984357e-05, 3.36209777743e-05, 2.3254126063e-05, 2.6470859666e-05, 6.38422934571e-05, 4.67062418466e-05, 6.18379199295e-05, 3.93113296013e-05, 2.64965037786e-05, 8.50695796544e-05, 4.58273425465e-05, 3.96810610255e-05, 3.2157957321e-05, 2.97647511616e-05, 1.73008556885e-05, 1.10478495117e-05, 8.62378965394e-06, 8.84030941961e-06, 7.94185325503e-06, 5.11919733981e-06, 2.62023331743e-06, 1.84727969099e-06, 8.68762356276e-07, 3.90441243781e-07, 1.59677966849e-07, 1.32049180479e-07, 8.15901657347e-08, 5.89023763098e-08, 5.46715526184e-08, 2.50128220358e-08, 4.06913827078e-08],
        "dmean2": [3.61719185094e-06, 1.02748881545e-05, 9.95536811388e-06, 4.92217150168e-05, 5.82860448048e-05, 0.000114471971756, 0.000233303566347, 0.000138780131238, 0.000106944666186, 8.54078534758e-05, 5.02248403791e-05, 3.42399325746e-05, 3.57277021976e-05, 9.57396259764e-05, 6.94793998264e-05, 9.52393311309e-05, 6.12357689533e-05, 4.29401334259e-05, 0.000133605877636, 6.90698725521e-05, 6.13296797383e-05, 5.02732145833e-05, 4.59802358819e-05, 2.62374815065e-05, 1.74672222784e-05, 1.21135999507e-05, 1.3265726011e-05, 1.17255794976e-05, 7.55253449825e-06, 3.85303428629e-06, 2.66011784333e-06, 1.27872306166e-06, 6.23150185675e-07, 2.51829277431e-07, 2.03975844215e-07, 1.25384232774e-07, 8.7872912502e-08, 8.36279241412e-08, 3.8311771533e-08, 5.95967541983e-08],
        "dvar": [2.15173590751e-11, 3.61904256563e-10, 1.37462194405e-10, 2.64106003733e-09, 4.32570113063e-09, 2.41368915965e-08, 7.68652270722e-08, 2.51417038299e-08, 4.04603071047e-08, 3.02516767192e-08, 6.9406187464e-09, 2.08973927052e-09, 3.08406189475e-09, 1.5845573742e-08, 7.14136838553e-09, 1.06468229788e-08, 7.35072491764e-09, 3.72909303437e-09, 3.09133412202e-08, 1.48224783558e-08, 3.33632188543e-09, 2.8216846637e-09, 5.61007551525e-09, 1.11650300116e-09, 1.83983578372e-10, 2.43969733305e-10, 2.33025682084e-10, 1.36975722431e-10, 4.72741221169e-11, 2.35473966714e-11, 7.52875279481e-12, 1.50896905648e-12, 2.92375715652e-13, 6.67897608422e-14, 3.85127043104e-14, 1.15162353869e-14, 8.12251402748e-15, 8.16629292536e-15, 2.45216652329e-15, 4.22026288563e-15],
        "dvar2": [3.21971893591e-11, 4.15742079651e-10, 2.40386932582e-10, 4.662476627e-09, 8.3929760919e-09, 3.51261455478e-08, 1.13019524406e-07, 3.30183560493e-08, 5.46964962211e-08, 6.04721606123e-08, 1.57921782318e-08, 3.59923690851e-09, 4.81847850509e-09, 3.56731924001e-08, 1.5011504928e-08, 2.4267865939e-08, 1.72485208338e-08, 1.05318758159e-08, 7.83356455258e-08, 2.82438357146e-08, 8.62133209267e-09, 6.76036604474e-09, 1.27717152409e-08, 2.44678322048e-09, 4.27125668168e-10, 4.87956897111e-10, 5.07601571886e-10, 3.13375908556e-10, 9.90853024629e-11, 4.90252907714e-11, 1.52174956664e-11, 3.34166808807e-12, 7.68073430378e-13, 1.68747923079e-13, 9.40127763507e-14, 2.57913519507e-14, 1.73941908782e-14, 1.84739376574e-14, 6.35503705798e-15, 9.15220878277e-15],
        "max": [4.84599768242e-05, 0.000223351380555, 0.000161916934303, 0.000578976469114, 0.000924958381802, 0.00161161646247, 0.0037600826472, 0.00173830345739, 0.00308975763619, 0.00267368438654, 0.00109286420047, 0.000612304895185, 0.000659686571453, 0.00141786318272, 0.0011993838707, 0.000857920618728, 0.00129228446167, 0.000899828330148, 0.00293848267756, 0.0026216597762, 0.000559892971069, 0.000722460215911, 0.00145033060107, 0.000600629893597, 0.000168089463841, 0.000243248854531, 0.000275029073237, 0.000135083610076, 8.13559163362e-05, 6.63459941279e-05, 4.10953616665e-05, 1.53717646754e-05, 5.90685021962e-06, 2.56730618275e-06, 2.22662379201e-06, 1.09510403945e-06, 1.75645266154e-06, 1.05619290025e-06, 5.88786633671e-07, 7.55475582537e-07],
        "mean": [4.6345589908e-06, 1.47128057506e-05, 1.37377382998e-05, 6.86992498231e-05, 8.24532908155e-05, 0.000155921967234, 0.000364364910638, 0.000216483895201, 0.000124329264509, 9.86751838354e-05, 4.76942841487e-05, 3.59504192602e-05, 3.97999028792e-05, 8.68310598889e-05, 6.85546983732e-05, 7.9131408711e-05, 4.79479967908e-05, 3.74162918888e-05, 0.000124746613437, 6.91225286573e-05, 6.72988462611e-05, 5.75247249799e-05, 4.84514748678e-05, 3.02619046124e-05, 2.03654653887e-05, 1.63402855833e-05, 1.54828067025e-05, 1.61415791808e-05, 1.111061556e-05, 4.48229548056e-06, 3.52742631549e-06, 1.63831032296e-06, 7.14700092885e-07, 2.70157670457e-07, 2.26628415589e-07, 1.29767570911e-07, 9.72772085106e-08, 8.32663786809e-08, 3.67557717595e-08, 6.37228083633e-08],
        "median": [6.97137238603e-07, 1.35510720156e-06, 3.26397730532e-06, 4.10841312259e-05, 4.08245905419e-05, 5.73704892304e-05, 0.000147254817421, 8.63273453433e-05, 3.25539585901e-05, 4.22463999712e-05, 1.52245020217e-05, 1.43920615301e-05, 1.11175868369e-05, 3.69718400179e-05, 3.47576788045e-05, 2.48522101174e-05, 1.69349514181e-05, 1.84712771443e-05, 4.47776910733e-05, 2.36363957811e-05, 2.93865723506e-05, 3.05678477162e-05, 1.83281008503e-05, 1.5127980987e-05, 1.27857301777e-05, 9.52789196162e-06, 8.38250161905e-06, 9.09067603061e-06, 7.07917388354e-06, 2.53058715316e-06, 2.14272608901e-06, 1.06518064058e-06, 4.5002633442e-07, 1.65791789186e-07, 1.47342632317e-07, 7.44232480088e-08, 5.14965776688e-08, 4.7638586409e-08, 2.11987263299e-08, 3.08496552748e-08],
        "min": [9.13114307516e-24, 3.72939041653e-24, 2.63030226894e-24, 7.18147729221e-24, 1.67087413489e-23, 1.06083356073e-23, 4.69189025661e-24, 8.14538958775e-24, 7.70191249722e-24, 3.46518946089e-24, 9.9147028351e-24, 7.45023431401e-24, 7.8581684876e-24, 1.07204067095e-23, 9.70347743912e-24, 6.62129375278e-24, 8.98967822675e-24, 1.38409321913e-23, 1.13383506444e-23, 9.62190685494e-24, 9.25764007676e-24, 1.01664378163e-23, 6.65408985605e-24, 5.44694334445e-24, 9.57771250044e-24, 9.23745391505e-24, 8.06678196512e-24, 1.0261242331e-23, 1.03146071935e-23, 7.03069599651e-24, 8.67856410751e-24, 1.02128630694e-23, 8.98235680869e-24, 1.1518856219e-23, 1.01975986109e-23, 1.09857432304e-23, 9.13853706843e-24, 7.38385561314e-24, 7.56370879979e-24, 8.51656915404e-24],
