{
"metadata": {
    "version": {
        "essentia": "2.0.1",
        "extractor": "archive-music 1.0"
    },
    "audio_properties": {
        "analysis_sample_rate": 44100,
        "bitrate": 128,
        "channels": 2,
        "equal_loudness": 0,
        "length": 15.2032651901,
        "replay_gain": -9.57120704651,
        "downmix": "mix"
    },
    "tags": {
        "track": 0,
        "year": 0,
        "album": "",
        "artist": "",
        "comment": "",
        "genre": "",
        "title": ""
    }
},
"highlevel": {
    "culture": {
        "all": {
            "non_western": 0.515968978405,
            "western": 0.484031021595
        },
        "probability": 0.515968978405,
        "value": "non_western"
    },
    "danceability": {
        "all": {
            "danceable": 0.0117769679055,
            "not_danceable": 0.988223016262
        },
        "probability": 0.988223016262,
        "value": "not_danceable"
    },
    "gender": {
        "all": {
            "female": 0.647024154663,
            "male": 0.352975875139
        },
        "probability": 0.647024154663,
        "value": "female"
    },
    "genre_dortmund": {
        "all": {
            "alternative": 0.00421511474997,
            "blues": 0.0462996847928,
            "electronic": 0.01559556555,
            "folkcountry": 0.0240612328053,
            "funksoulrnb": 0.0103218397126,
            "jazz": 0.832759141922,
            "pop": 0.0105318697169,
            "raphiphop": 0.0525832846761,
            "rock": 0.00363225187175
        },
        "probability": 0.832759141922,
        "value": "jazz"
    },
    "genre_electronic": {
        "all": {
            "ambient": 0.959961593151,
            "dnb": 0.00630541425198,
            "house": 0.0112127661705,
            "techno": 0.0201708525419,
            "trance": 0.00234939716756
        },
        "probability": 0.959961593151,
        "value": "ambient"
    },
    "genre_rosamerica": {
        "all": {
            "cla": 0.0598376132548,
            "dan": 0.000357209413778,
            "hip": 0.0024680190254,
            "jaz": 0.0852647423744,
            "pop": 0.00102774403058,
            "rhy": 0.00200292421505,
            "roc": 0.000151804706547,
            "spe": 0.848889946938
        },
        "probability": 0.848889946938,
        "value": "spe"
    },
    "genre_tzanetakis": {
        "all": {
            "blu": 0.0029133935459,
            "cla": 0.00644751731306,
            "cou": 0.000866223825142,
            "dis": 0.000615755969193,
            "hip": 0.0351978093386,
            "jaz": 0.786457300186,
            "met": 0.000178752205102,
            "pop": 0.00906494446099,
            "reg": 0.153674677014,
            "roc": 0.00458363397047
        },
        "probability": 0.786457300186,
        "value": "jaz"
    },
    "mirex_ballroom": {
        "all": {
            "ChaChaCha": 0.00167963188142,
            "Jive": 0.000805728137493,
            "Quickstep": 0.0620766095817,
            "Rumba-American": 0.0110166119412,
            "Rumba-International": 0.0251026246697,
            "Rumba-Misc": 0.0544719882309,
            "Samba": 0.00525944074616,
            "Tango": 0.00918378587812,
            "VienneseWaltz": 0.0334651321173,
            "Waltz": 0.796938419342
        },
        "probability": 0.796938419342,
        "value": "Waltz"
    },
    "mood_acoustic": {
        "all": {
            "acoustic": 0.998019218445,
            "not_acoustic": 0.0019808022771
        },
        "probability": 0.998019218445,
        "value": "acoustic"
    },
    "mood_aggressive": {
        "all": {
            "aggressive": 0.066818408668,
            "not_aggressive": 0.933181583881
        },
        "probability": 0.933181583881,
        "value": "not_aggressive"
    },
    "mood_electronic": {
        "all": {
            "electronic": 0.143914476037,
            "not_electronic": 0.856085538864
        },
        "probability": 0.856085538864,
        "value": "not_electronic"
    },
    "mood_happy": {
        "all": {
            "happy": 0.369758397341,
            "not_happy": 0.630241572857
        },
        "probability": 0.630241572857,
        "value": "not_happy"
    },
    "mood_party": {
        "all": {
            "not_party": 0.882569491863,
            "party": 0.117430537939
        },
        "probability": 0.882569491863,
        "value": "not_party"
    },
    "mood_relaxed": {
        "all": {
            "not_relaxed": 0.00871375575662,
            "relaxed": 0.991286218166
        },
        "probability": 0.991286218166,
        "value": "relaxed"
    },
    "mood_sad": {
        "all": {
            "not_sad": 0.246480986476,
            "sad": 0.753518998623
        },
        "probability": 0.753518998623,
        "value": "sad"
    },
    "moods_mirex": {
        "all": {
            "Cluster1": 0.0527587942779,
            "Cluster2": 0.406546533108,
            "Cluster3": 0.294585883617,
            "Cluster4": 0.192099317908,
            "Cluster5": 0.0540094561875
        },
        "probability": 0.406546533108,
        "value": "Cluster2"
    },
    "timbre": {
        "all": {
            "bright": 0.884354770184,
            "dark": 0.115645229816
        },
        "probability": 0.884354770184,
        "value": "bright"
    },
    "tonal_atonal": {
        "all": {
            "atonal": 0.798520624638,
            "tonal": 0.201479390264
        },
        "probability": 0.798520624638,
        "value": "atonal"
    },
    "voice_instrumental": {
        "all": {
            "instrumental": 0.0281448960304,
            "voice": 0.97185510397
        },
        "probability": 0.97185510397,
        "value": "voice"
    }
},
"lowlevel": {
    "average_loudness": 0.773390829563,
    "barkbands_kurtosis": {
        "dmean": 11.7221336365,
        "dmean2": 18.1664676666,
        "dvar": 613.732666016,
        "dvar2": 1519.10827637,
        "max": 252.811569214,
        "mean": 16.0145378113,
        "median": 4.63681221008,
        "min": -1.86985385418,
        "var": 898.374145508
    },
    "barkbands_skewness": {
        "dmean": 1.02902305126,
        "dmean2": 1.54065179825,
        "dvar": 1.62357115746,
        "dvar2": 4.0485367775,
        "max": 12.7214450836,
        "mean": 1.98278748989,
        "median": 1.51920986176,
        "min": -3.01398968697,
        "var": 3.94361138344
    },
    "barkbands_spread": {
        "dmean": 6.00127887726,
        "dmean2": 9.71899223328,
        "dvar": 110.803009033,
        "dvar2": 251.318206787,
        "max": 90.1042861938,
        "mean": 18.7984352112,
        "median": 4.58853006363,
        "min": 0.151838362217,
        "var": 590.190429688
    },
    "dissonance": {
        "dmean": 0.0472738146782,
        "dmean2": 0.0774928852916,
        "dvar": 0.00256001879461,
        "dvar2": 0.00653681252152,
        "max": 0.499595403671,
        "mean": 0.362463742495,
        "median": 0.355927705765,
        "min": 0.0873448327184,
        "var": 0.0114385206252
    },
    "dynamic_complexity": 12.1915159225,
    "erbbands_kurtosis": {
        "dmean": 4.59407711029,
        "dmean2": 6.71739768982,
        "dvar": 67.9603729248,
        "dvar2": 144.976150513,
        "max": 90.7156677246,
        "mean": 7.93820858002,
        "median": 2.01931548119,
        "min": -1.86374425888,
        "var": 198.208480835
    },
    "erbbands_skewness": {
        "dmean": 0.641416728497,
        "dmean2": 0.945653498173,
        "dvar": 0.74132758379,
        "dvar2": 1.60763406754,
        "max": 7.41311168671,
        "mean": 1.21741127968,
        "median": 0.808699011803,
        "min": -5.62398719788,
        "var": 2.50455832481
    },
    "erbbands_spread": {
        "dmean": 7.08752775192,
        "dmean2": 11.0410585403,
        "dvar": 130.599380493,
        "dvar2": 271.237854004,
        "max": 110.303352356,
        "mean": 24.4747257233,
        "median": 11.9404859543,
        "min": 0.901985168457,
        "var": 571.480163574
    },
    "hfc": {
        "dmean": 3.02231550217,
        "dmean2": 3.5582742691,
        "dvar": 37.7519683838,
        "dvar2": 59.9920272827,
        "max": 94.7045669556,
        "mean": 7.88348007202,
        "median": 3.0858194828,
        "min": 1.13869339017e-16,
        "var": 169.468154907
    },
    "melbands_kurtosis": {
        "dmean": 11.4048547745,
        "dmean2": 18.1423130035,
        "dvar": 538.672546387,
        "dvar2": 1391.63928223,
        "max": 245.280578613,
        "mean": 15.1884498596,
        "median": 6.7365860939,
        "min": -1.91583383083,
        "var": 673.144836426
    },
    "melbands_skewness": {
        "dmean": 1.00384414196,
        "dmean2": 1.54110121727,
        "dvar": 1.47987043858,
        "dvar2": 3.72226428986,
        "max": 12.75203228,
        "mean": 2.15255618095,
        "median": 1.80913770199,
        "min": -1.56006133556,
        "var": 3.44731211662
    },
    "melbands_spread": {
        "dmean": 7.7798075676,
        "dmean2": 12.6605148315,
        "dvar": 274.759887695,
        "dvar2": 596.620910645,
        "max": 172.615859985,
        "mean": 17.5055122375,
        "median": 7.24332427979,
        "min": 0.376242846251,
        "var": 664.848388672
    },
    "pitch_salience": {
        "dmean": 0.0921433866024,
        "dmean2": 0.143111512065,
        "dvar": 0.00786570739001,
        "dvar2": 0.0191931854934,
        "max": 0.988814651966,
        "mean": 0.533624172211,
        "median": 0.553811490536,
        "min": 0.0729257166386,
        "var": 0.0219488758594
    },
    "silence_rate_20dB": {
        "dmean": 0,
        "dmean2": 0,
        "dvar": 0,
        "dvar2": 0,
        "max": 1,
        "mean": 1,
        "median": 1,
        "min": 1,
        "var": 0
    },
    "silence_rate_30dB": {
        "dmean": 0.00610687024891,
        "dmean2": 0.0122324163094,
        "dvar": 0.00606949115172,
        "dvar2": 0.0120828635991,
        "max": 1,
        "mean": 0.989329278469,
        "median": 1,
        "min": 0,
        "var": 0.0105569520965
    },
    "silence_rate_60dB": {
        "dmean": 0.0671755746007,
        "dmean2": 0.13455657661,
        "dvar": 0.0626632124186,
        "dvar2": 0.125624880195,
        "max": 1,
        "mean": 0.402439028025,
        "median": 0,
        "min": 0,
        "var": 0.240482091904
    },
    "spectral_centroid": {
        "dmean": 246.184707642,
        "dmean2": 374.417785645,
        "dvar": 377889.84375,
        "dvar2": 608264.625,
        "max": 11019.4404297,
        "mean": 1040.75463867,
        "median": 556.687805176,
        "min": 199.673583984,
        "var": 1135226.25
    },
    "spectral_complexity": {
        "dmean": 0.781679391861,
        "dmean2": 1.16207945347,
        "dvar": 1.37371253967,
        "dvar2": 2.58229279518,
        "max": 14,
        "mean": 3.1570122242,
        "median": 3,
        "min": 0,
        "var": 8.66284275055
    },
    "spectral_crest": {
        "dmean": 3.11285567284,
        "dmean2": 4.76324796677,
        "dvar": 7.93465089798,
        "dvar2": 19.6357288361,
        "max": 26.6395225525,
        "mean": 13.7528419495,
        "median": 13.2416152954,
        "min": 2.3812289238,
        "var": 32.186870575
    },
    "spectral_decrease": {
        "dmean": 1.32841859735e-09,
        "dmean2": 1.60879143341e-09,
        "dvar": 6.24827956972e-18,
        "dvar2": 1.01005411597e-17,
        "max": -9.52697264138e-31,
        "mean": -4.08837275145e-09,
        "median": -2.04143812965e-09,
        "min": -4.34266844707e-08,
        "var": 3.20409005842e-17
    },
    "spectral_energy": {
        "dmean": 0.00527847278863,
        "dmean2": 0.00638052308932,
        "dvar": 9.9280696304e-05,
        "dvar2": 0.000160490439157,
        "max": 0.172491654754,
        "mean": 0.0161454826593,
        "median": 0.00809348747134,
        "min": 1.03640552796e-20,
        "var": 0.000505925680045
    },
    "spectral_energyband_high": {
        "dmean": 2.18977747863e-05,
        "dmean2": 2.59034040937e-05,
        "dvar": 2.66946322824e-08,
        "dvar2": 3.12618801956e-08,
        "max": 0.00430081412196,
        "mean": 3.29248578055e-05,
        "median": 1.57790759658e-06,
        "min": 7.18170486281e-21,
        "var": 6.19949034331e-08
    },
    "spectral_energyband_low": {
        "dmean": 4.62417956442e-05,
        "dmean2": 6.20375358267e-05,
        "dvar": 1.6602587749e-08,
        "dvar2": 2.58986840862e-08,
        "max": 0.0024684346281,
        "mean": 0.000118404095701,
        "median": 6.89505986884e-06,
        "min": 4.19574857539e-23,
        "var": 8.93431106874e-08
    },
    "spectral_energyband_middle_high": {
        "dmean": 0.000734296569135,
        "dmean2": 0.000844642636366,
        "dvar": 4.97608971273e-06,
        "dvar2": 5.38570384379e-06,
        "max": 0.0445431061089,
        "mean": 0.00129175232723,
        "median": 4.51571868325e-05,
        "min": 1.68463056272e-21,
        "var": 1.70796301973e-05
    },
    "spectral_energyband_middle_low": {
        "dmean": 0.00495817512274,
        "dmean2": 0.00617619324476,
        "dvar": 9.44527200772e-05,
        "dvar2": 0.000157079542987,
        "max": 0.171357989311,
        "mean": 0.0148594668135,
        "median": 0.00773610919714,
        "min": 2.7198636591e-22,
        "var": 0.000433946028352
    },
    "spectral_flatness_db": {
        "dmean": 0.0335038416088,
        "dmean2": 0.0446329116821,
        "dvar": 0.00149388890713,
        "dvar2": 0.00232570315711,
        "max": 0.541373252869,
        "mean": 0.252909392118,
        "median": 0.309021800756,
        "min": 0.013868926093,
        "var": 0.0205994490534
    },
    "spectral_flux": {
        "dmean": 0.0204364135861,
        "dmean2": 0.0316442362964,
        "dvar": 0.000705743266735,
        "dvar2": 0.00162337010261,
        "max": 0.282074719667,
        "mean": 0.0401056446135,
        "median": 0.029845315963,
        "min": 1.04172073745e-10,
        "var": 0.00169319147244
    },
    "spectral_kurtosis": {
        "dmean": 8.11349582672,
        "dmean2": 12.4487171173,
        "dvar": 108.226005554,
        "dvar2": 226.771148682,
        "max": 111.174064636,
        "mean": 21.2719402313,
        "median": 13.5822124481,
        "min": -1.23169136047,
        "var": 497.836975098
    },
    "spectral_rms": {
        "dmean": 0.000600144907366,
        "dmean2": 0.000692846253514,
        "dvar": 7.45841077787e-07,
        "dvar2": 9.65163167166e-07,
        "max": 0.0129724536091,
        "mean": 0.00294139655307,
        "median": 0.0028099915944,
        "min": 3.17982294142e-12,
        "var": 7.09988489689e-06
    },
    "spectral_rolloff": {
        "dmean": 692.283996582,
        "dmean2": 1190.02258301,
        "dvar": 2066998.75,
        "dvar2": 4756953.5,
        "max": 19099.9511719,
        "mean": 1501.7121582,
        "median": 602.9296875,
        "min": 43.06640625,
        "var": 5563908
    },
    "spectral_skewness": {
        "dmean": 0.662048876286,
        "dmean2": 0.979559361935,
        "dvar": 0.524767816067,
        "dvar2": 0.980959296227,
        "max": 8.83526134491,
        "mean": 3.13694643974,
        "median": 2.79368042946,
        "min": -0.8699914217,
        "var": 3.6461482048
    },
    "spectral_spread": {
        "dmean": 748094.8125,
        "dmean2": 1029999.5625,
        "dvar": 3.63063174758e+12,
        "dvar2": 4.1663332352e+12,
        "max": 41943548,
        "mean": 4176952.25,
        "median": 2810927,
        "min": 822082,
        "var": 1.09933997588e+13
    },
    "spectral_strongpeak": {
        "dmean": 0.425864368677,
        "dmean2": 0.622697591782,
        "dvar": 0.540737867355,
        "dvar2": 1.03222465515,
        "max": 9.23921489716,
        "mean": 1.09791862965,
        "median": 0.623941779137,
        "min": 0,
        "var": 2.07004857063
    },
    "zerocrossingrate": {
        "dmean": 0.0137732587755,
        "dmean2": 0.0153629407287,
        "dvar": 0.000492576626129,
        "dvar2": 0.000556219660211,
        "max": 0.51220703125,
        "mean": 0.0626354664564,
        "median": 0.029296875,
        "min": 0.00830078125,
        "var": 0.0050604948774
    },
    "barkbands": {
        "dmean": [3.81693052987e-06, 2.57188276009e-06, 4.22174798587e-06, 0.000164854805917, 0.0010586429853, 0.00114729709458, 0.000647580600344, 0.00218095094897, 0.00106631487142, 0.000444956443971, 0.000125546415802, 0.00013758984278, 9.66978550423e-05, 6.59416691633e-05, 6.85226987116e-05, 1.2363226233e-05, 3.8858629523e-06, 6.49778212392e-06, 3.08029189e-06, 3.63673893844e-06, 1.0441746781e-05, 9.53084418143e-06, 8.50287733556e-07, 1.60002770144e-07, 1.89899154179e-07, 6.19674622726e-08, 1.96851601686e-08],
        "dmean2": [5.91809384787e-06, 4.72629562864e-06, 6.17240175416e-06, 0.000213648861973, 0.00128021626733, 0.00154312746599, 0.000970974797383, 0.0028813763056, 0.00132233439945, 0.000537661078852, 0.000173917302163, 0.000178327725735, 0.00013859468163, 9.84312864603e-05, 0.000105835402792, 1.8859955162e-05, 6.01814235779e-06, 1.01444229585e-05, 4.57255055153e-06, 5.20838693774e-06, 1.37613815241e-05, 1.15078000817e-05, 1.15708485282e-06, 2.45313458436e-07, 3.07812143774e-07, 1.03851554911e-07, 3.40742509763e-08],
        "dvar": [1.98347067937e-11, 9.27194692552e-12, 4.40999403661e-10, 2.37768517763e-07, 3.57975932275e-06, 9.48007436818e-06, 3.47016452906e-06, 7.33886190574e-05, 1.47524369822e-05, 3.85214298149e-06, 2.92065948315e-07, 3.40258822007e-07, 2.08852824812e-07, 1.15507674536e-07, 9.5649504317e-08, 1.32304389666e-09, 1.21651938523e-10, 2.94862245731e-10, 6.2577130977e-11, 5.84249384983e-11, 6.26631768696e-09, 7.85817633187e-09, 4.27231652833e-11, 4.91912608737e-13, 9.18117361651e-13, 6.27303833946e-15, 3.27927217343e-16],
        "dvar2": [4.20904179566e-11, 2.78071420057e-11, 1.00733732467e-09, 3.99929575678e-07, 5.46452884009e-06, 1.3118185052e-05, 7.62485660744e-06, 0.00013519274944, 2.39974597207e-05, 4.5698870963e-06, 6.02238515057e-07, 4.53103154996e-07, 4.7564648753e-07, 2.94320983585e-07, 1.86777370459e-07, 2.83090351161e-09, 2.54131327093e-10, 7.94484811273e-10, 1.40908604229e-10, 1.21242862972e-10, 7.83034348473e-09, 1.24363372933e-08, 7.18987855364e-11, 1.17089530346e-12, 2.2830533037e-12, 1.55043519527e-14, 9.66865451159e-16],
        "max": [4.18163144786e-05, 2.66930819635e-05, 0.000350535468897, 0.00699561368674, 0.0262228101492, 0.0746475830674, 0.0231604184955, 0.16438575089, 0.0646664574742, 0.0421611778438, 0.00871221069247, 0.013512483798, 0.00630526710302, 0.00553788663819, 0.00689017074183, 0.00042865506839, 0.00018443238514, 0.000202381197596, 9.68089079834e-05, 9.75910661509e-05, 0.00198216247372, 0.00239322078414, 0.000144465549965, 1.17001554827e-05, 1.48530507431e-05, 1.37499455377e-06, 1.58105578407e-07],
        "mean": [5.0364492381e-06, 2.74839294434e-06, 5.45084412806e-06, 0.000596375495661, 0.00395228154957, 0.00327423098497, 0.0010197176598, 0.00413224846125, 0.00176589994226, 0.000694501795806, 0.00016120885266, 0.000184721924597, 0.000107867708721, 7.0368485467e-05, 9.94489091681e-05, 1.85952394531e-05, 5.75512558498e-06, 9.89236923488e-06, 4.49100252808e-06, 6.29886517345e-06, 1.37187780638e-05, 1.2402964785e-05, 1.32781099182e-06, 2.75155144891e-07, 3.11419427135e-07, 3.05062144434e-07, 4.52499051562e-08],
        "median": [2.67266409537e-06, 1.86227930499e-06, 3.42002692832e-07, 6.66623350298e-07, 0.000739574315958, 4.01855140808e-05, 1.80212064151e-05, 2.20560250455e-05, 8.41507971927e-06, 6.0964266595e-06, 1.56061082635e-06, 2.44307511821e-06, 1.91116509995e-06, 1.20284062177e-06, 8.60679961079e-07, 5.40167491181e-07, 6.43666339784e-07, 7.00753332694e-07, 2.66550244987e-07, 3.31804614007e-07, 2.41907173404e-07, 1.55973538085e-07, 1.49666021798e-07, 1.57866097084e-07, 1.75392699475e-07, 3.04947548102e-07, 4.42026006908e-08],
        "min": [1.32918329364e-23, 1.64803408733e-23, 1.29330787183e-24, 1.66906117476e-23, 1.78914599937e-23, 5.00278988458e-23, 6.31146405686e-23, 2.24281895933e-23, 4.58117181418e-23, 4.17219445094e-23, 2.84142744014e-23, 3.19771678353e-23, 5.06641845856e-23, 1.92736074085e-22, 1.2971470843e-22, 1.38948659803e-22, 1.36423850522e-22, 1.77249939344e-22, 4.18387135938e-22, 3.03884669743e-22, 3.3973401813e-22, 3.59067067785e-22, 6.3158622404e-22, 8.18867608956e-22, 1.04415931627e-21, 1.59546590491e-21, 2.19102130469e-21],
        "var": [3.79440159848e-11, 9.12605494646e-12, 6.7645627988e-10, 1.92884203898e-06, 2.99538805848e-05, 7.14193374733e-05, 6.61485637465e-06, 0.000244106704486, 3.7179543142e-05, 1.09357224574e-05, 5.08433572577e-07, 7.46794341921e-07, 2.41987180516e-07, 1.19538086096e-07, 2.15490743471e-07, 2.59210430897e-09, 2.45869685722e-10, 5.8526994362e-10, 1.08564580936e-10, 1.84737516951e-10, 1.28400268196e-08, 1.62007669502e-08, 8.97163315861e-11, 4.79874712016e-13, 8.84980348552e-13, 1.89826046592e-14, 5.95669990926e-16]
    },
    "erbbands": {
        "dmean": [0.000183687981917, 0.000276986713288, 0.00567655218765, 0.227755248547, 1.73520803452, 4.19664335251, 6.21277189255, 12.4997520447, 7.74560260773, 23.0591850281, 43.8568992615, 24.0492801666, 17.4863014221, 13.133934021, 4.69953966141, 5.29659557343, 4.3368024826, 3.40880274773, 3.71867990494, 1.91672956944, 0.527035653591, 0.229173660278, 0.314566046, 0.273889303207, 0.0836758539081, 0.179253980517, 0.281870722771, 0.473474025726, 0.392518639565, 0.101959958673, 0.02030184865, 0.00420916220173, 0.00248796097003, 0.00287086493336, 0.00106195220724, 0.000336429046001, 0.000149652041728, 4.61888521386e-05, 3.16337536788e-06, 5.99345867158e-06],
        "dmean2": [0.000332986615831, 0.000457067013485, 0.00719005055726, 0.288173913956, 2.05585598946, 5.37351894379, 8.46773147583, 16.6628837585, 10.0937261581, 33.1725959778, 57.6586494446, 28.5157737732, 23.4897117615, 15.548075676, 6.17846250534, 6.29065656662, 5.46064329147, 4.88743638992, 5.68701934814, 2.92689490318, 0.761485695839, 0.337514460087, 0.505505204201, 0.417852848768, 0.121389426291, 0.258642107248, 0.394986778498, 0.640230417252, 0.45864918828, 0.134223669767, 0.0314520522952, 0.00615612510592, 0.00397294713184, 0.00471154414117, 0.00173662672751, 0.000548351788893, 0.000254417653196, 7.95121741248e-05, 4.15025442635e-06, 7.23574839867e-06],
        "dvar": [4.0013460989e-08, 1.7791667517e-07, 0.00026244748733, 0.345313966274, 12.9159498215, 70.4970932007, 219.526748657, 1461.26416016, 270.099914551, 4263.24072266, 34738.1484375, 5741.44628906, 4322.93066406, 4010.07177734, 281.619110107, 514.3828125, 415.882293701, 340.703826904, 322.566345215, 49.568107605, 1.76980781555, 0.430421918631, 0.812718689442, 0.446280807257, 0.0334760397673, 0.154917106032, 1.71200203896, 19.236076355, 13.5979290009, 0.888070821762, 0.0179081819952, 0.000222292132094, 0.000137653463753, 0.000226042742725, 2.03356084967e-05, 3.35107955607e-07, 3.06969170083e-08, 1.54387869156e-09, 2.48918091e-11, 1.28519694886e-10],
        "dvar2": [1.15568028036e-07, 4.67110083946e-07, 0.000447395461379, 0.566757917404, 14.8690328598, 106.183486938, 378.194702148, 1976.66931152, 450.891113281, 9158.30175781, 64808.515625, 8021.69628906, 7269.03613281, 4180.05029297, 472.64364624, 667.539794922, 783.612548828, 872.869140625, 686.096496582, 99.6425933838, 3.88559961319, 0.880360484123, 2.19608855247, 1.12581288815, 0.0674683451653, 0.333271205425, 2.23169922829, 25.0256080627, 20.9388389587, 1.18072235584, 0.0354276150465, 0.00044687333866, 0.000356862205081, 0.000576948281378, 4.9524816859e-05, 7.75806370257e-07, 8.73478640528e-08, 4.61279014985e-09, 4.2109881554e-11, 2.07723629964e-10],
        "max": [0.00187688157894, 0.00568414619192, 0.298220723867, 8.38826084137, 60.5346984863, 142.697723389, 224.622039795, 967.411010742, 281.917510986, 1142.68359375, 3537.47583008, 1127.86987305, 1221.33947754, 1384.57202148, 330.37979126, 538.11907959, 385.973052979, 316.130157471, 406.269836426, 112.612113953, 16.5886001587, 13.2188739777, 11.5212240219, 8.49050521851, 2.55611515045, 4.92595911026, 30.6486949921, 104.140289307, 99.733505249, 22.296043396, 2.74153375626, 0.21369060874, 0.20686160028, 0.230069741607, 0.073412835598, 0.00989381968975, 0.00259814155288, 0.000403372774599, 8.87742571649e-05, 0.000195497777895],
        "mean": [0.000217350694584, 0.000649360415991, 0.0181494764984, 0.854484081268, 6.40847396851, 13.7065000534, 18.4376354218, 34.6517219543, 16.3355007172, 40.2442245483, 81.4479370117, 42.9232292175, 27.5391807556, 20.5376281738, 6.7222661972, 7.22335529327, 5.38303947449, 4.12133836746, 5.38732481003, 2.96980309486, 0.858466148376, 0.358531296253, 0.483880013227, 0.446981161833, 0.14592346549, 0.306228995323, 0.438126444817, 0.614051103592, 0.509041726589, 0.160794064403, 0.0306561775506, 0.00720175961033, 0.004279602319, 0.00408245343715, 0.00187746400479, 0.000903959327843, 0.000645713356789, 0.000176712084794, 1.18720672617e-05, 1.83167448995e-05],
        "median": [0.00016189692542, 0.000327384797856, 0.0011294267606, 0.0131604745984, 0.388028889894, 1.35219955444, 2.20595264435, 1.36315977573, 1.37273645401, 2.65268969536, 1.36625242233, 0.954729914665, 0.44187027216, 0.266473501921, 0.130471378565, 0.108859419823, 0.0938836783171, 0.0796004533768, 0.0537926405668, 0.0491696670651, 0.0309373494238, 0.039967097342, 0.0473720133305, 0.0221896395087, 0.0119276493788, 0.016526106745, 0.0135315144435, 0.00783286802471, 0.0058652786538, 0.00471719866619, 0.00434453506023, 0.00342589383945, 0.00264559546486, 0.00205798260868, 0.00119260232896, 0.000811546167824, 0.000650266883895, 0.000178496964509, 8.82184212969e-06, 9.23381139728e-06],
        "min": [1.09727568129e-21, 1.17728632143e-21, 2.03246576583e-21, 3.1404160756e-20, 5.71227795821e-20, 5.56125545788e-20, 1.34019130762e-19, 3.88927787066e-19, 1.07894450911e-18, 4.84147106467e-19, 7.15598600811e-19, 9.08305937539e-19, 9.02884699202e-19, 1.44428092417e-18, 1.447240473e-18, 1.83042000104e-18, 2.38553594704e-18, 6.41190747541e-18, 6.71169303224e-18, 5.06819889243e-18, 8.69432336498e-18, 8.37452789554e-18, 9.02804359285e-18, 1.3568753131e-17, 1.61407819102e-17, 1.22464676987e-17, 1.52065757069e-17, 1.12699983563e-17, 1.22433657714e-17, 1.62709420883e-17, 1.76270203302e-17, 1.42510497505e-17, 1.46120611483e-17, 1.10550711906e-17, 7.29650393505e-18, 5.490941125e-18, 2.80377004528e-18, 1.15185355247e-18, 3.2023317723e-19, 3.20716438115e-20],
        "var": [4.77588990577e-08, 6.20138962404e-07, 0.00151716347318, 3.17521524429, 123.466323853, 490.418334961, 1293.59558105, 10019.5917969, 1092.72192383, 12961.5029297, 96823.5703125, 18525.2304688, 10336.9169922, 11091.6855469, 637.012023926, 1154.99865723, 650.331481934, 374.710876465, 737.329956055, 113.944358826, 4.31014585495, 0.867839455605, 1.29625463486, 1.02236747742, 0.087291918695, 0.453177571297, 4.16693735123, 36.8832130432, 28.0063591003, 2.29785847664, 0.034760106355, 0.000319881539326, 0.000111257919343, 0.000201892951736, 2.0839554054e-05, 5.96381823925e-07, 8.02148036882e-08, 5.01035701816e-09, 1.33001942793e-10, 6.51197651358e-10]
    },
    "gfcc": {
        "mean": [-236.191482544, 98.910774231, -97.4349441528, -15.8880882263, -70.9345092773, -20.6827487946, -44.3363494873, -5.07590007782, -27.5726795197, 2.61348176003, -17.9654464722, -0.102997720242, -9.1437587738],
        "cov": [[22965.375, 6237.45947266, -2795.0012207, -2483.59301758, -1949.25231934, -3117.20483398, -907.582336426, -1189.27050781, -547.456054688, -1039.90673828, -276.39251709, -1165.75683594, 240.794036865], [6237.45947266, 3235.37133789, -443.974243164, -1509.62402344, -633.408813477, -1333.47180176, -366.636749268, -637.609619141, -282.285675049, -658.91998291, -25.3403301239, -603.877075195, 15.3227682114], [-2795.0012207, -443.974243164, 1686.80834961, 852.054321289, 123.853149414, 248.394317627, -27.1796913147, 29.0688838959, -72.497467041, 74.2811889648, -74.6484603882, 209.553619385, -207.861358643], [-2483.59301758, -1509.62402344, 852.054321289, 1531.83544922, 258.591583252, 349.975036621, 55.9624938965, 194.611587524, 73.8610458374, 355.333068848, -154.937576294, 270.324890137, -84.1383972168], [-1949.25231934, -633.408813477, 123.853149414, 258.591583252, 392.165374756, 363.172912598, 47.9130706787, 163.507232666, 53.873210907, 115.182106018, 26.5627155304, 106.128944397, -16.9260063171], [-3117.20483398, -1333.47180176, 248.394317627, 349.975036621, 363.172912598, 1134.57165527, 295.017913818, 225.81791687, 15.8985414505, 270.943389893, 0.471355140209, 277.602325439, -100.53401947], [-907.582336426, -366.636749268, -27.1796913147, 55.9624938965, 47.9130706787, 295.017913818, 234.371353149, 77.3704528809, -9.77195358276, 69.8859481812, -13.215590477, 36.9032707214, -11.2296886444], [-1189.27050781, -637.609619141, 29.0688838959, 194.611587524, 163.507232666, 225.81791687, 77.3704528809, 316.558746338, 102.858001709, 95.7717285156, 32.8869590759, 126.055763245, 9.9427728653], [-547.456054688, -282.285675049, -72.497467041, 73.8610458374, 53.873210907, 15.8985414505, -9.77195358276, 102.858001709, 157.153060913, 76.554977417, 25.4459781647, 48.5146026611, 34.6653900146], [-1039.90673828, -658.91998291, 74.2811889648, 355.333068848, 115.182106018, 270.943389893, 69.8859481812, 95.7717285156, 76.554977417, 232.969100952, 9.95890522003, 127.187904358, 7.26961326599], [-276.39251709, -25.3403301239, -74.6484603882, -154.937576294, 26.5627155304, 0.471355140209, -13.215590477, 32.8869590759, 25.4459781647, 9.95890522003, 135.390274048, 60.0333747864, 37.949634552], [-1165.75683594, -603.877075195, 209.553619385, 270.324890137, 106.128944397, 277.602325439, 36.9032707214, 126.055763245, 48.5146026611, 127.187904358, 60.0333747864, 234.520751953, 19.046831131], [240.794036865, 15.3227682114, -207.861358643, -84.1383972168, -16.9260063171, -100.53401947, -11.2296886444, 9.9427728653, 34.6653900146, 7.26961326599, 37.949634552, 19.046831131, 120.570053101]],
        "icov": [[0.000342000101227, -0.00109617877752, 0.000831107783597, -0.000725439109374, 0.00091833784245, -0.000298195489449, 0.000645133899525, -0.000748372636735, 0.00056175084319, -0.00053287576884, 0.000374995375751, -0.000734686676878, 0.000253598409472], [-0.00109617877752, 0.0073853218928, -0.00357606285252, 0.00559786334634, -0.00294401287101, 0.00367458700202, -0.00104375660885, 0.00447747670114, 0.000509323843289, 0.0021257493645, 0.00115501205437, 0.00349828717299, -1.46150878209e-05], [0.000831107783597, -0.00357606285252, 0.00353688537143, -0.00321688898839, 0.00211527617648, -0.00118611333892, 0.00135198631324, -0.0019282506546, 0.00107751123141, -0.0004392406845, 0.000174080283614, -0.00348722049966, 0.00245297444053], [-0.000725439109374, 0.00559786334634, -0.00321688898839, 0.00715935276821, -0.00331373605877, 0.00459049129859, -0.000959964119829, 0.00291246175766, 0.00154063478112, -0.00245944270864, 0.00554966088384, -0.000425087375334, 0.00124617852271], [0.00091833784245, -0.00294401287101, 0.00211527617648, -0.00331373605877, 0.00788882933557, -0.00361083983444, 0.00382608477958, -0.00368775660172, 0.000997273134999, -0.000224790885113, -0.00207931781188, 0.00154597160872, -0.00123144104145], [-0.000298195489449, 0.00367458700202, -0.00118611333892, 0.00459049129859, -0.00361083983444, 0.00663804728538, -0.00310032558627, 0.0023987905588, 0.00235831318423, -0.00249121733941, 0.00474271737039, -0.00398812070489, 0.00443799607456], [0.000645133899525, -0.00104375660885, 0.00135198631324, -0.000959964119829, 0.00382608477958, -0.00310032558627, 0.00973232742399, -0.00298545719124, 0.00322887441143, -0.0014305653749, 0.00058793684002, 0.00253438018262, -0.00181772187352], [-0.000748372636735, 0.00447747670114, -0.0019282506546, 0.00291246175766, -0.00368775660172, 0.0023987905588, -0.00298545719124, 0.00899853091687, -0.00346792163327, 0.00306109432131, 0.000174938570126, -0.000424763362389, 0.000920608290471], [0.00056175084319, 0.000509323843289, 0.00107751123141, 0.00154063478112, 0.000997273134999, 0.00235831318423, 0.00322887441143, -0.00346792163327, 0.0133867207915, -0.00546391122043, 0.00286310887896, -0.00107595906593, 0.000188636171515], [-0.00053287576884, 0.0021257493645, -0.0004392406845, -0.00245944270864, -0.000224790885113, -0.00249121733941, -0.0014305653749, 0.00306109432131, -0.00546391122043, 0.0148700447753, -0.0049847420305, 0.00220957049169, -0.00227965647355], [0.000374995375751, 0.00115501205437, 0.000174080283614, 0.00554966088384, -0.00207931781188, 0.00474271737039, 0.00058793684002, 0.000174938570126, 0.00286310887896, -0.0049847420305, 0.0186363253742, -0.00940206833184, 0.00207702093758], [-0.000734686676878, 0.00349828717299, -0.00348722049966, -0.000425087375334, 0.00154597160872, -0.00398812070489, 0.00253438018262, -0.000424763362389, -0.00107595906593, 0.00220957049169, -0.00940206833184, 0.0191584322602, -0.00801424123347], [0.000253598409472, -1.46150878209e-05, 0.00245297444053, 0.00124617852271, -0.00123144104145, 0.00443799607456, -0.00181772187352, 0.000920608290471, 0.000188636171515, -0.00227965647355, 0.00207702093758, -0.00801424123347, 0.0168657656759]]
    },
    "melbands": {
        "dmean": [1.27094619984e-06, 1.06707443592e-06, 7.62183553888e-05, 0.000221027672524, 0.000225933472393, 0.000251579389442, 0.000124372294522, 0.000338742334861, 0.000309442984872, 0.000158400463988, 8.96918209037e-05, 5.64813053643e-05, 1.65876499523e-05, 1.15382572403e-05, 1.64861758094e-05, 7.94535935711e-06, 6.33038280284e-06, 6.07458969171e-06, 4.58683416582e-06, 1.3136019561e-06, 4.6241635232e-07, 2.23192728299e-07, 2.64683848172e-07, 3.50257721493e-07, 2.29091995152e-07, 7.65710979067e-08, 7.56448983452e-08, 1.40894812262e-07, 1.4620293598e-07, 2.72286541758e-07, 2.82179200894e-07, 2.50251616762e-07, 1.45979342392e-07, 3.12569881089e-08, 1.42628282518e-08, 2.99577651575e-09, 2.45878162275e-09, 1.97601490726e-09, 1.63106939066e-09, 2.89557933186e-09],
        "dmean2": [2.23073766392e-06, 1.60067224897e-06, 8.91533927643e-05, 0.000264714442892, 0.000300990970572, 0.00033462230931, 0.00017113352078, 0.000466646626592, 0.000403811805882, 0.000190379781998, 0.000121626799228, 6.66743871989e-05, 2.27775035455e-05, 1.61696643772e-05, 2.01656202989e-05, 1.16853489089e-05, 9.39287292567e-06, 9.33485534915e-06, 7.05678439772e-06, 1.98126758733e-06, 6.78249762132e-07, 3.32020334781e-07, 4.4003951416e-07, 5.60887713164e-07, 3.52205773879e-07, 1.14562986653e-07, 1.13460913553e-07, 2.10033334724e-07, 2.18173411781e-07, 3.58286030178e-07, 3.77465738666e-07, 3.25501673615e-07, 1.67264971651e-07, 4.34675868632e-08, 2.28882228726e-08, 4.65389637938e-09, 3.76410946856e-09, 3.10168779549e-09, 2.83775447585e-09, 4.72081529423e-09],
        "dvar": [1.92202373808e-12, 2.42662469979e-11, 3.55939775432e-08, 1.57339499651e-07, 2.3439429242e-07, 5.44776298739e-07, 7.71517392195e-08, 1.07471396404e-06, 1.61301636581e-06, 3.17730098232e-07, 1.15555394586e-07, 8.03192747867e-08, 4.14885859001e-09, 1.92611127048e-09, 1.16347864676e-08, 1.95408200732e-09, 1.53348700405e-09, 8.26084589622e-10, 3.32584793039e-10, 2.02321978615e-11, 1.5386960369e-12, 4.49380523028e-13, 5.84569339549e-13, 1.17551151105e-12, 3.46416797158e-13, 3.88386188716e-14, 2.95819175633e-14, 1.05909706461e-13, 2.00689440652e-13, 4.56268703375e-12, 6.98310419905e-12, 6.04712807606e-12, 1.65696655615e-12, 9.07020769256e-14, 7.99395814301e-15, 8.99416773435e-17, 8.3726811321e-17, 7.48056485623e-17, 7.61704237811e-17, 2.22978194052e-16],
        "dvar2": [5.37958523214e-12, 5.72154962297e-11, 4.8132182684e-08, 2.21269473855e-07, 4.02815800271e-07, 7.3628774544e-07, 1.41313009294e-07, 2.04461412068e-06, 3.04686659547e-06, 4.66728437232e-07, 2.00149756324e-07, 8.12277960449e-08, 8.10127076534e-09, 3.2552132101e-09, 1.72386709352e-08, 4.44820402734e-09, 4.06966682576e-09, 1.93558680195e-09, 7.02906011174e-10, 3.84176371271e-11, 3.4921579517e-12, 9.06911047996e-13, 1.42454548591e-12, 3.26522706443e-12, 8.26402043585e-13, 7.77313733128e-14, 6.63312178621e-14, 2.35987444863e-13, 4.35085913695e-13, 5.34461277318e-12, 9.79194676731e-12, 1.110236382e-11, 1.95398081396e-12, 1.67369996985e-13, 1.84740731827e-14, 2.05715344949e-16, 1.78068017497e-16, 1.78774032694e-16, 2.14008207784e-16, 5.41861058281e-16],
        "max": [1.33209723572e-05, 8.43412417453e-05, 0.00331222591922, 0.00668660644442, 0.00732655962929, 0.018641969189, 0.00407032668591, 0.021308273077, 0.0243572294712, 0.0086876777932, 0.00629982445389, 0.00638444395736, 0.00106377154589, 0.000707442406565, 0.00283470749855, 0.000853115750942, 0.000710792199243, 0.000577053637244, 0.000303691107547, 6.76143899909e-05, 1.40489000842e-05, 1.25351407405e-05, 1.35520367621e-05, 1.39804415085e-05, 6.95262087902e-06, 3.26781832882e-06, 2.03401555154e-06, 4.54676228401e-06, 7.67627716414e-06, 5.36962725164e-05, 6.18730846327e-05, 6.39304416836e-05, 3.44988002325e-05, 6.727964319e-06, 1.7449774532e-06, 1.07549766426e-07, 1.36791257432e-07, 1.3625435713e-07, 1.59369946573e-07, 2.13475459532e-07],
        "mean": [1.54159386057e-06, 1.37947859002e-06, 0.000292070006253, 0.000742005475331, 0.000680713972542, 0.000707852945197, 0.000245112052653, 0.000610652787145, 0.000571985787246, 0.000266919028945, 0.000136460192152, 8.87309142854e-05, 2.16411772271e-05, 1.71087121998e-05, 2.04056814255e-05, 9.29407269723e-06, 7.21053083907e-06, 8.33246394905e-06, 6.24887115919e-06, 2.06811205317e-06, 7.26763346393e-07, 3.29578369929e-07, 3.64316861123e-07, 5.24004349245e-07, 3.56814666702e-07, 1.12990541368e-07, 1.08885338079e-07, 2.30701985515e-07, 2.31085905966e-07, 3.62820031796e-07, 3.47257866906e-07, 3.07959339807e-07, 2.02466836186e-07, 4.69176555384e-08, 1.89734592482e-08, 4.77995598658e-09, 3.884072175e-09, 3.16905568454e-09, 2.44516606962e-09, 3.87865650708e-09],
        "median": [1.01700084087e-06, 2.12205137018e-07, 5.74746991333e-07, 0.000120864213386, 9.48824454099e-05, 1.36119251692e-05, 5.01268277731e-06, 1.29376730911e-05, 6.07343281445e-06, 1.57743249929e-06, 1.61099046636e-06, 7.05536479018e-07, 3.35474197755e-07, 3.19622671441e-07, 1.76095042548e-07, 1.7878306835e-07, 1.19791906172e-07, 7.78489663844e-08, 6.49637286187e-08, 4.45544294791e-08, 2.84359451541e-08, 3.27394218402e-08, 4.72916141803e-08, 2.66097508472e-08, 1.52408183851e-08, 8.52571968579e-09, 8.08786193573e-09, 1.12195222002e-08, 8.21874035495e-09, 5.29583310538e-09, 3.593882969e-09, 3.10328096553e-09, 2.84815415696e-09, 2.42595321609e-09, 2.5225972422e-09, 2.13939510552e-09, 2.04380512514e-09, 1.85021309385e-09, 1.61655699937e-09, 1.72185776748e-09],
        "min": [7.79492629769e-24, 9.97788349386e-25, 7.19047740628e-24, 3.32792253578e-24, 4.78171035371e-24, 1.03999272336e-23, 1.51702764126e-23, 4.67447220783e-24, 6.48567396925e-24, 5.69652710195e-24, 4.82121374683e-24, 6.24205123918e-24, 4.03013574804e-24, 3.70064235299e-24, 3.6267458077e-24, 5.88226913525e-24, 1.18301012892e-23, 1.19229786167e-23, 7.74387910851e-24, 5.33778668884e-24, 1.14143739587e-23, 7.74226983227e-24, 8.67787858738e-24, 8.59687046102e-24, 1.06633720661e-23, 1.41602409976e-23, 8.49652262071e-24, 7.81570016077e-24, 9.87039804008e-24, 8.79910520927e-24, 5.73723745225e-24, 6.57207041002e-24, 7.65284692663e-24, 9.50675367316e-24, 8.45802305309e-24, 9.25891014282e-24, 8.53992495886e-24, 8.75412909362e-24, 1.1613013079e-23, 8.52737339299e-24],
