{
"metadata": {
    "version": {
        "essentia": "2.0.1",
        "extractor": "archive-music 1.0"
    },
    "audio_properties": {
        "analysis_sample_rate": 44100,
        "bitrate": 128,
        "channels": 2,
        "equal_loudness": 0,
        "length": 15.3338775635,
        "replay_gain": -7.04823875427,
        "downmix": "mix"
    },
    "tags": {
        "track": 0,
        "year": 0,
        "album": "",
        "artist": "",
        "comment": "",
        "genre": "",
        "title": ""
    }
},
"highlevel": {
    "culture": {
        "all": {
            "non_western": 0.0413083508611,
            "western": 0.95869165659
        },
        "probability": 0.95869165659,
        "value": "western"
    },
    "danceability": {
        "all": {
            "danceable": 0.283260673285,
            "not_danceable": 0.716739296913
        },
        "probability": 0.716739296913,
        "value": "not_danceable"
    },
    "gender": {
        "all": {
            "female": 0.00556126236916,
            "male": 0.994438707829
        },
        "probability": 0.994438707829,
        "value": "male"
    },
    "genre_dortmund": {
        "all": {
            "alternative": 0.00315415207297,
            "blues": 0.0933459177613,
            "electronic": 0.00162139185704,
            "folkcountry": 0.0767615139484,
            "funksoulrnb": 0.0100614037365,
            "jazz": 0.766311764717,
            "pop": 0.00877972692251,
            "raphiphop": 0.0340044349432,
            "rock": 0.00595967192203
        },
        "probability": 0.766311764717,
        "value": "jazz"
    },
    "genre_electronic": {
        "all": {
            "ambient": 0.449707984924,
            "dnb": 0.0734484866261,
            "house": 0.406372487545,
            "techno": 0.0487778410316,
            "trance": 0.0216932222247
        },
        "probability": 0.449707984924,
        "value": "ambient"
    },
    "genre_rosamerica": {
        "all": {
            "cla": 0.018882509321,
            "dan": 0.00247743609361,
            "hip": 0.00770439486951,
            "jaz": 0.0576576329768,
            "pop": 0.00255401688628,
            "rhy": 0.0105312922969,
            "roc": 0.00115272239782,
            "spe": 0.899039983749
        },
        "probability": 0.899039983749,
        "value": "spe"
    },
    "genre_tzanetakis": {
        "all": {
            "blu": 0.103426702321,
            "cla": 0.0303477868438,
            "cou": 0.0279366057366,
            "dis": 0.016029085964,
            "hip": 0.1077272892,
            "jaz": 0.142866909504,
            "met": 0.0118835214525,
            "pop": 0.0304002631456,
            "reg": 0.498716443777,
            "roc": 0.0306653995067
        },
        "probability": 0.498716443777,
        "value": "reg"
    },
    "mirex_ballroom": {
        "all": {
            "ChaChaCha": 0.0217620264739,
            "Jive": 0.012376036495,
            "Quickstep": 0.245043724775,
            "Rumba-American": 0.00736554712057,
            "Rumba-International": 0.0476137362421,
            "Rumba-Misc": 0.0818057581782,
            "Samba": 0.0256656911224,
            "Tango": 0.0300209335983,
            "VienneseWaltz": 0.144894942641,
            "Waltz": 0.383451610804
        },
        "probability": 0.383451610804,
        "value": "Waltz"
    },
    "mood_acoustic": {
        "all": {
            "acoustic": 0.950852453709,
            "not_acoustic": 0.0491475351155
        },
        "probability": 0.950852453709,
        "value": "acoustic"
    },
    "mood_aggressive": {
        "all": {
            "aggressive": 0.0121036628261,
            "not_aggressive": 0.987896323204
        },
        "probability": 0.987896323204,
        "value": "not_aggressive"
    },
    "mood_electronic": {
        "all": {
            "electronic": 0.247005581856,
            "not_electronic": 0.752994418144
        },
        "probability": 0.752994418144,
        "value": "not_electronic"
    },
    "mood_happy": {
        "all": {
            "happy": 0.457049310207,
            "not_happy": 0.542950689793
        },
        "probability": 0.542950689793,
        "value": "not_happy"
    },
    "mood_party": {
        "all": {
            "not_party": 0.696178138256,
            "party": 0.303821891546
        },
        "probability": 0.696178138256,
        "value": "not_party"
    },
    "mood_relaxed": {
        "all": {
            "not_relaxed": 0.230100959539,
            "relaxed": 0.769899070263
        },
        "probability": 0.769899070263,
        "value": "relaxed"
    },
    "mood_sad": {
        "all": {
            "not_sad": 0.562756896019,
            "sad": 0.437243074179
        },
        "probability": 0.562756896019,
        "value": "not_sad"
    },
    "moods_mirex": {
        "all": {
            "Cluster1": 0.0570984296501,
            "Cluster2": 0.605717837811,
            "Cluster3": 0.117616079748,
            "Cluster4": 0.14777058363,
            "Cluster5": 0.0717970579863
        },
        "probability": 0.605717837811,
        "value": "Cluster2"
    },
    "timbre": {
        "all": {
            "bright": 0.952542722225,
            "dark": 0.0474572740495
        },
        "probability": 0.952542722225,
        "value": "bright"
    },
    "tonal_atonal": {
        "all": {
            "atonal": 0.679860591888,
            "tonal": 0.320139408112
        },
        "probability": 0.679860591888,
        "value": "atonal"
    },
    "voice_instrumental": {
        "all": {
            "instrumental": 0.0799241364002,
            "voice": 0.920075833797
        },
        "probability": 0.920075833797,
        "value": "voice"
    }
},
"lowlevel": {
    "average_loudness": 0.954515457153,
    "barkbands_kurtosis": {
        "dmean": 9.82234477997,
        "dmean2": 13.8942718506,
        "dvar": 669.265563965,
        "dvar2": 1328.4786377,
        "max": 323.163574219,
        "mean": 12.0398435593,
        "median": 3.05544900894,
        "min": -1.94761836529,
        "var": 996.925720215
    },
    "barkbands_skewness": {
        "dmean": 1.02352440357,
        "dmean2": 1.37980341911,
        "dvar": 2.26497554779,
        "dvar2": 3.89856100082,
        "max": 16.3500289917,
        "mean": 2.03787469864,
        "median": 1.78005456924,
        "min": -3.93041777611,
        "var": 6.38018655777
    },
    "barkbands_spread": {
        "dmean": 7.43080806732,
        "dmean2": 11.5365533829,
        "dvar": 105.584213257,
        "dvar2": 238.683990479,
        "max": 82.9804611206,
        "mean": 21.274066925,
        "median": 17.4389724731,
        "min": 0.666057527065,
        "var": 260.533203125
    },
    "dissonance": {
        "dmean": 0.0242042746395,
        "dmean2": 0.0389170236886,
        "dvar": 0.000691005785484,
        "dvar2": 0.0015097927535,
        "max": 0.499696016312,
        "mean": 0.43236079812,
        "median": 0.437338113785,
        "min": 0.238993003964,
        "var": 0.00230362289585
    },
    "dynamic_complexity": 6.59479427338,
    "erbbands_kurtosis": {
        "dmean": 3.01296448708,
        "dmean2": 4.59532737732,
        "dvar": 48.1572532654,
        "dvar2": 93.1031036377,
        "max": 98.3581085205,
        "mean": 2.40802240372,
        "median": -0.152892351151,
        "min": -1.85951673985,
        "var": 75.6767044067
    },
    "erbbands_skewness": {
        "dmean": 0.688009679317,
        "dmean2": 0.957057416439,
        "dvar": 0.836572051048,
        "dvar2": 1.57140910625,
        "max": 7.54187679291,
        "mean": 0.562338650227,
        "median": 0.572572112083,
        "min": -6.46483659744,
        "var": 2.32269430161
    },
    "erbbands_spread": {
        "dmean": 12.6577625275,
        "dmean2": 19.9468803406,
        "dvar": 226.669494629,
        "dvar2": 559.077392578,
        "max": 137.153594971,
        "mean": 43.211894989,
        "median": 41.7128944397,
        "min": 2.27674388885,
        "var": 486.969024658
    },
    "hfc": {
        "dmean": 4.48724126816,
        "dmean2": 5.9202208519,
        "dvar": 49.830532074,
        "dvar2": 89.7864379883,
        "max": 110.120452881,
        "mean": 12.9867563248,
        "median": 8.61373138428,
        "min": 1.16562493508e-16,
        "var": 216.826309204
    },
    "melbands_kurtosis": {
        "dmean": 18.0804824829,
        "dmean2": 25.4123668671,
        "dvar": 1747.59680176,
        "dvar2": 3422.12353516,
        "max": 442.681427002,
        "mean": 28.7238769531,
        "median": 12.0391693115,
        "min": -1.76911318302,
        "var": 3450.18530273
    },
    "melbands_skewness": {
        "dmean": 1.14853048325,
        "dmean2": 1.65553057194,
        "dvar": 2.62195014954,
        "dvar2": 4.8569560051,
        "max": 17.0712814331,
        "mean": 3.49976730347,
        "median": 3.01739048958,
        "min": -2.43846702576,
        "var": 8.05757045746
    },
    "melbands_spread": {
        "dmean": 12.4456615448,
        "dmean2": 19.212480545,
        "dvar": 534.135803223,
        "dvar2": 1220.18115234,
        "max": 244.617080688,
        "mean": 29.6393508911,
        "median": 16.5094127655,
        "min": 0.682656407356,
        "var": 1191.93981934
    },
    "pitch_salience": {
        "dmean": 0.0782501325011,
        "dmean2": 0.117391377687,
        "dvar": 0.00652494654059,
        "dvar2": 0.0132665401325,
        "max": 0.89636015892,
        "mean": 0.508292555809,
        "median": 0.522896468639,
        "min": 0.0564317330718,
        "var": 0.0292565766722
    },
    "silence_rate_20dB": {
        "dmean": 0,
        "dmean2": 0,
        "dvar": 0,
        "dvar2": 0,
        "max": 1,
        "mean": 1,
        "median": 1,
        "min": 1,
        "var": 0
    },
    "silence_rate_30dB": {
        "dmean": 0,
        "dmean2": 0,
        "dvar": 0,
        "dvar2": 0,
        "max": 1,
        "mean": 1,
        "median": 1,
        "min": 1,
        "var": 0
    },
    "silence_rate_60dB": {
        "dmean": 0.0665658116341,
        "dmean2": 0.133333340287,
        "dvar": 0.0621350593865,
        "dvar2": 0.124645777047,
        "max": 1,
        "mean": 0.323262840509,
        "median": 0,
        "min": 0,
        "var": 0.218764364719
    },
    "spectral_centroid": {
        "dmean": 404.956207275,
        "dmean2": 594.252624512,
        "dvar": 526699.5625,
        "dvar2": 868129.0625,
        "max": 11286.7285156,
        "mean": 1592.3626709,
        "median": 1255.89648438,
        "min": 211.345153809,
        "var": 1309748.875
    },
    "spectral_complexity": {
        "dmean": 1.73071110249,
        "dmean2": 2.37575769424,
        "dvar": 4.84427165985,
        "dvar2": 7.69213724136,
        "max": 28,
        "mean": 6.76586103439,
        "median": 7,
        "min": 0,
        "var": 28.079706192
    },
    "spectral_crest": {
        "dmean": 2.68317055702,
        "dmean2": 4.02635478973,
        "dvar": 7.62195587158,
        "dvar2": 17.071056366,
        "max": 26.7104358673,
        "mean": 14.1774597168,
        "median": 13.945394516,
        "min": 2.52868652344,
        "var": 35.1359939575
    },
    "spectral_decrease": {
        "dmean": 1.0745020429e-09,
        "dmean2": 1.41749467719e-09,
        "dvar": 2.47595299185e-18,
        "dvar2": 4.81553740151e-18,
        "max": 1.04221097087e-28,
        "mean": -3.42774808537e-09,
        "median": -2.6439401779e-09,
        "min": -2.06023926808e-08,
        "var": 1.39035859168e-17
    },
    "spectral_energy": {
        "dmean": 0.00440279347822,
        "dmean2": 0.00581234693527,
        "dvar": 4.09977619711e-05,
        "dvar2": 7.96885506134e-05,
        "max": 0.0851343497634,
        "mean": 0.0141150364652,
        "median": 0.0110849048942,
        "min": 1.06982564419e-20,
        "var": 0.00022985819669
    },
    "spectral_energyband_high": {
        "dmean": 0.00040965466178,
        "dmean2": 0.000581693195272,
        "dvar": 6.67445874569e-07,
        "dvar2": 1.10656151264e-06,
        "max": 0.0181284062564,
        "mean": 0.000896778248716,
        "median": 0.000353392475517,
        "min": 7.3247917607e-21,
        "var": 2.23315737458e-06
    },
    "spectral_energyband_low": {
        "dmean": 8.88547874638e-05,
        "dmean2": 9.97665847535e-05,
        "dvar": 1.66663639334e-07,
        "dvar2": 1.85968403343e-07,
        "max": 0.0111309615895,
        "mean": 0.000291811069474,
        "median": 2.03345643968e-06,
        "min": 2.88314840015e-23,
        "var": 1.76673847818e-06
    },
    "spectral_energyband_middle_high": {
        "dmean": 0.00070537708234,
        "dmean2": 0.000918950478081,
        "dvar": 9.85558244793e-07,
        "dvar2": 1.83499423656e-06,
        "max": 0.0103434026241,
        "mean": 0.00164036650676,
        "median": 0.000692349509336,
        "min": 1.46840845866e-21,
        "var": 3.91037201553e-06
    },
    "spectral_energyband_middle_low": {
        "dmean": 0.00375680881552,
        "dmean2": 0.00501124747097,
        "dvar": 3.24368120346e-05,
        "dvar2": 6.33737872704e-05,
        "max": 0.0714101865888,
        "mean": 0.0114230373874,
        "median": 0.00843421183527,
        "min": 2.25578297323e-22,
        "var": 0.000174995147972
    },
    "spectral_flatness_db": {
        "dmean": 0.0276698805392,
        "dmean2": 0.0396193116903,
        "dvar": 0.00100469449535,
        "dvar2": 0.00189192488324,
        "max": 0.425537228584,
        "mean": 0.244567960501,
        "median": 0.254991948605,
        "min": 0.0306953303516,
        "var": 0.0070485137403
    },
    "spectral_flux": {
        "dmean": 0.0192330852151,
        "dmean2": 0.0307305213064,
        "dvar": 0.000472458370496,
        "dvar2": 0.00116962415632,
        "max": 0.215961530805,
        "mean": 0.0495008416474,
        "median": 0.0466353073716,
        "min": 7.0520526918e-11,
        "var": 0.00135498296004
    },
    "spectral_kurtosis": {
        "dmean": 1.77318501472,
        "dmean2": 3.04224014282,
        "dvar": 5.82759428024,
        "dvar2": 15.4237318039,
        "max": 31.9905586243,
        "mean": 2.6484439373,
        "median": 2.01343655586,
        "min": -1.21084702015,
        "var": 9.92999839783
    },
    "spectral_rms": {
        "dmean": 0.000587905873545,
        "dmean2": 0.00074559362838,
        "dvar": 5.1634481224e-07,
        "dvar2": 9.03295415355e-07,
        "max": 0.00911361072212,
        "mean": 0.00304746581241,
        "median": 0.00328854704276,
        "min": 3.23068460005e-12,
        "var": 4.48372929895e-06
    },
    "spectral_rolloff": {
        "dmean": 786.596618652,
        "dmean2": 1328.07727051,
        "dvar": 2190648.5,
        "dvar2": 4057868.5,
        "max": 19164.5507812,
        "mean": 2203.73779297,
        "median": 1378.125,
        "min": 150.732421875,
        "var": 6396315
    },
    "spectral_skewness": {
        "dmean": 0.31490111351,
        "dmean2": 0.499025195837,
        "dvar": 0.128287941217,
        "dvar2": 0.28702250123,
        "max": 4.6986784935,
        "mean": 0.958049416542,
        "median": 0.836983978748,
        "min": -0.651204824448,
        "var": 0.394503593445
    },
    "spectral_spread": {
        "dmean": 599691.125,
        "dmean2": 881803.75,
        "dvar": 4.33101104742e+12,
        "dvar2": 7.58473503539e+12,
        "max": 50322672,
        "mean": 4487584.5,
        "median": 4171914,
        "min": 2157988.25,
        "var": 8.10783028019e+12
    },
    "spectral_strongpeak": {
        "dmean": 0.452223151922,
        "dmean2": 0.659771561623,
        "dvar": 0.394346237183,
        "dvar2": 0.819653153419,
        "max": 7.35579395294,
        "mean": 1.24109137058,
        "median": 0.882803916931,
        "min": 0,
        "var": 1.46736776829
    },
    "zerocrossingrate": {
        "dmean": 0.0152874132618,
        "dmean2": 0.0170861445367,
        "dvar": 0.000831042416394,
        "dvar2": 0.00115731568076,
        "max": 0.51806640625,
        "mean": 0.0710722133517,
        "median": 0.048583984375,
        "min": 0.0078125,
        "var": 0.0043838606216
    },
    "barkbands": {
        "dmean": [1.93502188495e-07, 7.5214603612e-07, 6.1528335209e-05, 5.79055849812e-05, 0.000856551923789, 0.00130514393095, 0.000512959377375, 0.00150479387958, 0.000614859571215, 4.38922106696e-05, 4.31546368418e-06, 1.99579335458e-05, 9.25908025238e-05, 0.000157257629326, 6.92966641509e-05, 0.000214273532038, 0.000246537878411, 4.85950295115e-05, 3.97089897888e-05, 0.000109023050754, 0.000278475170489, 9.4964139862e-05, 3.70921225112e-05, 1.5717725546e-05, 2.44393072535e-06, 1.18838954677e-07, 2.63324739791e-09],
        "dmean2": [3.53244359985e-07, 1.30274293042e-06, 6.40593279968e-05, 7.02695106156e-05, 0.00116592424456, 0.0016585115809, 0.000767739431467, 0.0021259021014, 0.000771071237978, 6.29559945082e-05, 6.61720923745e-06, 2.98704017041e-05, 0.000121252596728, 0.000217328313738, 0.000111034569272, 0.000315038661938, 0.000342133804224, 7.19731033314e-05, 6.50577130727e-05, 0.000153428220074, 0.000404704624088, 0.000137164213811, 5.94381017436e-05, 2.2640782845e-05, 3.60142939826e-06, 1.81231044394e-07, 4.43742997902e-09],
        "dvar": [8.87147885535e-14, 2.18033577304e-12, 8.77274999311e-08, 2.67212847405e-08, 2.78999823422e-06, 1.2919996152e-05, 3.50303980667e-06, 2.18715103983e-05, 2.79565551864e-06, 1.59457744786e-08, 2.56247717489e-10, 3.37185657173e-09, 7.00243418805e-08, 2.22072500833e-07, 5.29536805516e-08, 2.17749487774e-07, 2.16946659748e-07, 9.01032493061e-09, 4.31645545973e-08, 4.18823482562e-08, 3.29161338186e-07, 3.2684791762e-08, 2.92173538696e-08, 2.49107290351e-09, 1.39746964001e-10, 1.40325142998e-13, 7.8715640328e-18],
        "dvar2": [2.58403189254e-13, 5.7908131415e-12, 8.53936654721e-08, 4.16040677464e-08, 4.74047010357e-06, 2.20000692934e-05, 6.21359959041e-06, 4.04637503379e-05, 4.6743416533e-06, 3.19841149121e-08, 6.46981357377e-10, 7.76184272411e-09, 1.24653993794e-07, 3.84529982966e-07, 1.26321367588e-07, 4.55592072512e-07, 4.53124584965e-07, 2.07808508179e-08, 1.04599664041e-07, 8.67322995646e-08, 6.28221300758e-07, 6.32652046306e-08, 6.84928522787e-08, 5.30031574186e-09, 3.20550946897e-10, 3.10868301587e-13, 1.93765503391e-17],
        "max": [2.94932624456e-06, 2.18357963604e-05, 0.00833402294666, 0.00372798135504, 0.0263545829803, 0.0635284334421, 0.0255936067551, 0.0669352039695, 0.01929480955, 0.00241422117688, 0.000326624634909, 0.000732107670046, 0.00520306220278, 0.00858629122376, 0.00264112185687, 0.00593473901972, 0.00442152516916, 0.0010196758667, 0.00367961195298, 0.00261344760656, 0.012178636156, 0.0016856607981, 0.00262641860172, 0.000843200483359, 0.000287135393592, 7.31348563932e-06, 2.16856630431e-08],
        "mean": [1.83969916634e-07, 1.02231797428e-06, 0.00018622688367, 0.000178947724635, 0.002347311005, 0.00390386139043, 0.000667530228384, 0.00303670251742, 0.00124199816491, 8.76273625181e-05, 5.29047929376e-06, 3.4085369407e-05, 0.000163835167768, 0.000255164399277, 8.91137024155e-05, 0.000354349700501, 0.000448715465609, 7.09675077815e-05, 5.3104620747e-05, 0.000197323519387, 0.000533206213731, 0.00017464676057, 5.45345428691e-05, 2.53983798757e-05, 3.72886256628e-06, 1.73696761863e-07, 3.96976673755e-09],
        "median": [1.14599131962e-07, 6.19499246568e-07, 4.00405298251e-07, 1.55035240823e-06, 0.000542358669918, 0.000169748484041, 3.07481022901e-05, 8.08272961876e-05, 1.39458152262e-05, 1.37960546454e-06, 3.39961616191e-07, 1.27037196762e-06, 2.48698279393e-06, 5.6648800637e-06, 6.06033245276e-06, 3.2727879443e-05, 0.000100503442809, 1.14283175208e-05, 3.80365599995e-06, 5.95211677137e-05, 0.000149486004375, 5.02995098941e-05, 9.96132621367e-06, 7.52336109144e-06, 1.15241437015e-06, 6.36147063915e-08, 3.3796057064e-09],
        "min": [1.02639740084e-25, 4.22719793533e-24, 8.64166198322e-24, 4.7327765229e-24, 2.64324254601e-23, 2.88221186449e-23, 1.68509713924e-23, 2.59779942471e-23, 5.3744910457e-23, 4.12316769231e-23, 4.48694616559e-23, 5.93668318277e-23, 7.80751667551e-23, 5.93947070166e-23, 1.25301378764e-22, 1.24276364459e-22, 1.82949629778e-22, 1.03440238167e-22, 2.34058716137e-22, 1.898928553e-22, 3.61171092348e-22, 5.13102648224e-22, 4.9906390285e-22, 8.77121137165e-22, 1.01338631936e-21, 1.59491115268e-21, 2.24311449818e-21],
        "var": [6.800387754e-14, 3.03699535138e-12, 8.72352927672e-07, 2.01954222234e-07, 1.54241934069e-05, 9.66887164395e-05, 5.83154769629e-06, 6.32132650935e-05, 1.04427654151e-05, 8.43748253487e-08, 3.20812459931e-10, 7.79671172069e-09, 2.37279678572e-07, 6.71449811307e-07, 7.57450138167e-08, 6.45685474865e-07, 5.42913767276e-07, 1.7471691649e-08, 6.23293061608e-08, 1.07055285525e-07, 1.02317835626e-06, 8.09435434235e-08, 4.8703750366e-08, 5.23137355657e-09, 1.79906256559e-10, 1.7785657658e-13, 1.29611699459e-17]
    },
    "erbbands": {
        "dmean": [2.99688563246e-05, 0.000908917922061, 0.0403922647238, 0.159694358706, 0.43277567625, 3.686450243, 7.99784755707, 12.5261945724, 7.6234459877, 22.6716442108, 24.0724945068, 15.0793762207, 4.72834348679, 0.756242692471, 0.254768997431, 0.862910032272, 3.69275760651, 7.59136819839, 4.7039809227, 4.62556743622, 12.6231460571, 13.5088272095, 3.70818996429, 0.660454154015, 3.5654296875, 5.24629449844, 9.87285137177, 10.6221866608, 3.87664151192, 0.924144029617, 1.08193147182, 0.497147500515, 0.183637842536, 0.0536233484745, 0.00567966653034, 0.00101565115619, 0.000104662518424, 1.05956669358e-05, 2.99851444652e-06, 5.4579186326e-06],
        "dmean2": [4.40605545009e-05, 0.00105683051515, 0.0429423674941, 0.188815265894, 0.545187950134, 4.63313674927, 11.0306348801, 15.1082220078, 9.97054481506, 32.9770202637, 32.3721160889, 19.504322052, 5.96843767166, 1.08760178089, 0.38256457448, 1.2488155365, 4.83784532547, 10.2300233841, 7.06613302231, 6.69187450409, 18.430229187, 18.3582000732, 5.35359859467, 0.930088460445, 5.36963033676, 7.36547994614, 14.5347290039, 14.8689937592, 5.27326011658, 1.47416639328, 1.7077922821, 0.738051593304, 0.255221009254, 0.0818388238549, 0.0081415772438, 0.00147337187082, 0.000160931696882, 1.67472444446e-05, 4.07936340707e-06, 7.24992651158e-06],
        "dvar": [3.55925178219e-09, 1.51996000568e-05, 0.0368709750473, 0.386729300022, 0.752680540085, 79.7023696899, 296.54196167, 1621.78308105, 547.566101074, 5296.88623047, 4050.73120117, 1625.6583252, 199.394943237, 4.69364500046, 0.299423575401, 6.24322223663, 101.768104553, 513.757019043, 261.202392578, 133.01335144, 619.782043457, 703.13067627, 41.5181465149, 4.71206712723, 240.92741394, 96.9087371826, 561.493835449, 364.245544434, 49.4254684448, 19.6066226959, 24.2062034607, 2.49933195114, 0.425159901381, 0.069570928812, 0.000209538076888, 1.0719754755e-05, 7.06719234245e-08, 3.41277478499e-10, 2.05761258726e-11, 6.10471673212e-11],
        "dvar2": [3.94032717566e-09, 1.5728364815e-05, 0.0365328937769, 0.49708789587, 1.16982018948, 106.225440979, 578.896240234, 2604.81787109, 898.491394043, 11620.3330078, 6612.07861328, 2494.95825195, 301.793670654, 11.0686397552, 0.675474107265, 13.4099550247, 161.905166626, 963.427246094, 614.411621094, 283.093902588, 1242.70605469, 1523.60046387, 88.1297149658, 9.10449409485, 582.252746582, 195.120315552, 1092.83276367, 670.641662598, 91.6541900635, 49.5988922119, 55.4858589172, 4.93746471405, 0.851850748062, 0.182099804282, 0.000371337606339, 2.18232034968e-05, 1.62740192877e-07, 7.42543582177e-10, 3.87705527405e-11, 1.17919202181e-10],
        "max": [0.00172531697899, 0.104872070253, 5.29839944839, 15.5259780884, 14.1714076996, 159.910125732, 349.232879639, 804.449401855, 381.34765625, 954.404602051, 1082.04870605, 497.069976807, 229.324417114, 27.6410007477, 9.39555549622, 37.0470695496, 215.123748779, 439.432525635, 231.463119507, 210.192214966, 337.601257324, 303.241516113, 69.6972732544, 32.46534729, 281.570709229, 124.820106506, 512.932067871, 312.575042725, 84.0541000366, 77.9361724854, 75.7281799316, 28.6598987579, 10.17374897, 5.72558641434, 0.271897375584, 0.0696647465229, 0.00383798452094, 0.000408021500334, 6.6852728196e-05, 0.000104473961983],
        "mean": [6.96289644111e-05, 0.00233139866032, 0.118895724416, 0.548805773258, 1.31299543381, 9.87194728851, 21.6779518127, 35.5332756042, 13.8521318436, 39.4901618958, 48.7635955811, 31.4279441833, 9.7723274231, 1.33415126801, 0.470221996307, 1.69997382164, 7.43980932236, 13.6372213364, 6.5384221077, 7.72143316269, 23.1016349792, 25.4355945587, 6.60307693481, 1.24334454536, 5.36814594269, 9.71483898163, 17.1261882782, 21.4331970215, 7.72292089462, 1.56003558636, 1.59467959404, 0.796717882156, 0.304135382175, 0.0822807922959, 0.00913222692907, 0.00159022596199, 0.000201934701181, 2.68562671408e-05, 9.87183102552e-06, 1.76044522959e-05],
        "median": [3.18192978739e-05, 0.000221308640903, 0.00161575106904, 0.0325724110007, 0.492773890495, 1.48985517025, 3.55482244492, 1.46051716805, 1.90131151676, 3.67323207855, 1.97044038773, 0.997751116753, 0.266809284687, 0.049105219543, 0.0252681095153, 0.0574258118868, 0.122565560043, 0.292144477367, 0.524273753166, 0.897654771805, 3.28860425949, 5.88958930969, 1.93359959126, 0.238209247589, 0.839029788971, 3.39173746109, 3.49243688583, 6.53275203705, 2.41493487358, 0.378098577261, 0.274744033813, 0.189698040485, 0.0707151964307, 0.02398262918, 0.00322549208067, 0.000522457179613, 0.000116549330414, 2.24317955144e-05, 7.9104111137e-06, 1.40989413921e-05],
        "min": [1.31381880756e-22, 1.13030514855e-21, 1.0114972941e-20, 1.08303129187e-20, 8.48546817022e-20, 3.54559660461e-20, 7.45280038387e-20, 2.92502334935e-19, 2.03290401808e-19, 5.29232017068e-19, 4.44439541933e-19, 1.21690241546e-18, 1.62125042596e-18, 1.35232036034e-18, 2.07184548412e-18, 2.46039517209e-18, 3.26388388434e-18, 3.67759123667e-18, 6.73322661153e-18, 6.60679784517e-18, 6.26511269518e-18, 1.02478777432e-17, 6.52013206444e-18, 8.49980688085e-18, 1.14989842838e-17, 7.99724750943e-18, 1.17243165544e-17, 1.76711586876e-17, 1.88572182264e-17, 1.43805829257e-17, 1.59959144608e-17, 1.70517344121e-17, 1.4343945442e-17, 1.11653748981e-17, 7.74399706591e-18, 5.27269406987e-18, 3.03173006196e-18, 1.28298080811e-18, 3.12446047244e-19, 3.16519530482e-20],
        "var": [3.53482505489e-08, 0.000116388488095, 0.342236578465, 3.91958594322, 4.15430784225, 410.164642334, 2202.40332031, 11455.9882812, 1555.68151855, 11168.1552734, 13987.5966797, 6438.13916016, 814.100280762, 11.8697185516, 1.16271317005, 18.1161689758, 437.092529297, 1725.61901855, 370.085784912, 344.988861084, 2099.57202148, 1759.18847656, 105.291542053, 12.1882696152, 341.029846191, 256.747589111, 1464.34838867, 1224.20214844, 143.864715576, 27.0724716187, 40.5815811157, 5.29368257523, 0.939987242222, 0.0950792506337, 0.00040266016731, 1.54201297846e-05, 1.07806080507e-07, 7.32999161368e-10, 9.79080011509e-11, 3.38177374992e-10]
    },
    "gfcc": {
        "mean": [-159.652816772, 64.0440597534, -142.922927856, 51.809715271, -97.5829544067, -33.236125946, -63.6973953247, -19.5893135071, -6.83748579025, -0.761436700821, -24.1990814209, -15.3687791824, 1.36370873451],
        "cov": [[20463.1347656, 1243.52478027, -4014.80517578, -823.726196289, -2953.03442383, -1592.58984375, -826.605224609, -917.671630859, 624.897888184, -442.4659729, -330.43649292, -921.621032715, 806.142700195], [1243.52478027, 1720.87145996, 2.44609546661, -719.615722656, 89.3023452759, -105.436721802, 59.9253501892, -227.834838867, -16.2732048035, -137.233673096, -149.281921387, -243.957717896, -13.4788484573], [-4014.80517578, 2.44609546661, 1741.50402832, 570.990722656, 654.73248291, 285.049438477, -70.0099868774, 114.879524231, -262.530029297, -24.0563430786, 63.9660377502, 199.998153687, -179.969161987], [-823.726196289, -719.615722656, 570.990722656, 1319.78637695, 254.887832642, -253.78352356, -305.33996582, 88.4483108521, 69.2848587036, -110.892539978, 70.9564590454, 126.520423889, 5.36327552795], [-2953.03442383, 89.3023452759, 654.73248291, 254.887832642, 746.829589844, 239.250396729, 96.7372741699, 178.407058716, -51.473777771, 70.6411437988, -12.1477994919, 133.076599121, -178.820678711], [-1592.58984375, -105.436721802, 285.049438477, -253.78352356, 239.250396729, 811.676879883, 312.097625732, 103.181213379, -227.106307983, 120.437149048, 53.3679199219, 31.0500431061, -274.022094727], [-826.605224609, 59.9253501892, -70.0099868774, -305.33996582, 96.7372741699, 312.097625732, 322.063110352, 66.7781143188, -77.9949264526, 59.7803916931, 23.9178199768, -4.7391204834, -115.044891357], [-917.671630859, -227.834838867, 114.879524231, 88.4483108521, 178.407058716, 103.181213379, 66.7781143188, 223.260040283, -6.8846783638, 53.4449882507, 12.1716251373, 76.8866271973, -73.9451217651], [624.897888184, -16.2732048035, -262.530029297, 69.2848587036, -51.473777771, -227.106307983, -77.9949264526, -6.8846783638, 247.973480225, 0.767927229404, -40.5310668945, 2.48380875587, 85.0944671631], [-442.4659729, -137.233673096, -24.0563430786, -110.892539978, 70.6411437988, 120.437149048, 59.7803916931, 53.4449882507, 0.767927229404, 188.827636719, 5.57838869095, 72.4277572632, -43.0668678284], [-330.43649292, -149.281921387, 63.9660377502, 70.9564590454, -12.1477994919, 53.3679199219, 23.9178199768, 12.1716251373, -40.5310668945, 5.57838869095, 169.581436157, 38.262096405, -36.1032447815], [-921.621032715, -243.957717896, 199.998153687, 126.520423889, 133.076599121, 31.0500431061, -4.7391204834, 76.8866271973, 2.48380875587, 72.4277572632, 38.262096405, 192.312683105, -8.17297172546], [806.142700195, -13.4788484573, -179.969161987, 5.36327552795, -178.820678711, -274.022094727, -115.044891357, -73.9451217651, 85.0944671631, -43.0668678284, -36.1032447815, -8.17297172546, 204.545837402]],
        "icov": [[0.000349695823388, -0.000639155099634, 0.000648009183351, -0.000570366508327, 0.00121968763415, -0.000327439513057, 0.000690319633577, -0.000274055462796, 0.000125416830997, -0.00026973610511, 0.000280833919533, -5.32250851393e-05, 2.00850772671e-05], [-0.000639155099634, 0.00303854304366, -0.00155070342589, 0.00255405530334, -0.00343022635207, 0.0015862606233, -0.00106000178494, 0.00206712144427, -0.000519526540302, 0.00178284780122, -3.62416867574e-05, 0.00138258829247, 0.00120555912144], [0.000648009183351, -0.00155070342589, 0.00270459684543, -0.00156916782726, 0.00143311114516, -0.00107512378599, 0.00210023601539, -0.000512779981364, 0.00164056313224, -0.000117555224278, 0.000370278867194, -0.0012590053957, -0.000119047734188], [-0.000570366508327, 0.00255405530334, -0.00156916782726, 0.00362784438767, -0.00329717295244, 0.001483650296, 0.00040201281081, 0.00115343637299, -0.00087165622972, 0.00238266633824, -0.000761793111451, 0.000669418892357, 0.00144519843161], [0.00121968763415, -0.00343022635207, 0.00143311114516, -0.00329717295244, 0.0081871477887, -0.00159547815565, 0.00111080228817, -0.00279778405093, -0.000323170272168, -0.00224383175373, 0.00186712876894, -0.00157431454863, 0.000876449863426], [-0.000327439513057, 0.0015862606233, -0.00107512378599, 0.001483650296, -0.00159547815565, 0.00436542928219, -0.00243576755747, 0.00123934505973, 0.00113437115215, -6.63008468109e-05, 0.000207596720429, 0.000547133560758, 0.00351422769018], [0.000690319633577, -0.00106000178494, 0.00210023601539, 0.00040201281081, 0.00111080228817, -0.00243576755747, 0.00866715144366, -0.00162273470778, 0.000634374737274, 0.000403062469559, -0.000499093963299, -2.58864001808e-05, 0.000774803222157], [-0.000274055462796, 0.00206712144427, -0.000512779981364, 0.00115343637299, -0.00279778405093, 0.00123934505973, -0.00162273470778, 0.00829497631639, -0.000511270598508, 0.000764720782172, 0.000609036826063, -0.000834129808936, 0.0024831732735], [0.000125416830997, -0.000519526540302, 0.00164056313224, -0.00087165622972, -0.000323170272168, 0.00113437115215, 0.000634374737274, -0.000511270598508, 0.00723087601364, -0.000929440720938, 0.000902259431314, -0.000884179084096, -0.000733035849407], [-0.00026973610511, 0.00178284780122, -0.000117555224278, 0.00238266633824, -0.00224383175373, -6.63008468109e-05, 0.000403062469559, 0.000764720782172, -0.000929440720938, 0.00930754933506, 0.000291430857033, -0.00268535036594, 0.00175784120802], [0.000280833919533, -3.62416867574e-05, 0.000370278867194, -0.000761793111451, 0.00186712876894, 0.000207596720429, -0.000499093963299, 0.000609036826063, 0.000902259431314, 0.000291430857033, 0.00772397406399, -0.0017356951721, 0.00206641526893], [-5.32250851393e-05, 0.00138258829247, -0.0012590053957, 0.000669418892357, -0.00157431454863, 0.000547133560758, -2.58864001808e-05, -0.000834129808936, -0.000884179084096, -0.00268535036594, -0.0017356951721, 0.0101896608248, -0.00188063597307], [2.00850772671e-05, 0.00120555912144, -0.000119047734188, 0.00144519843161, 0.000876449863426, 0.00351422769018, 0.000774803222157, 0.0024831732735, -0.000733035849407, 0.00175784120802, 0.00206641526893, -0.00188063597307, 0.0125187449157]]
    },
    "melbands": {
        "dmean": [1.79935170763e-07, 1.55881425599e-05, 2.8800630389e-05, 0.000130483182147, 0.000266037968686, 0.000258757005213, 0.000120832097309, 0.000287562899757, 0.000178644550033, 9.20367965591e-05, 2.26383108384e-05, 3.25887390318e-06, 6.17333796527e-07, 1.62433809692e-06, 4.17714818468e-06, 1.33831799758e-05, 1.40276351885e-05, 8.77698857948e-06, 4.6641885092e-06, 1.21496050269e-05, 1.47595801536e-05, 1.62745218404e-05, 7.6217465903e-06, 1.31108322421e-06, 4.00434771564e-07, 2.01534408006e-06, 3.74934938918e-06, 3.55229781235e-06, 5.93750746702e-06, 6.46905618851e-06, 7.02649185769e-06, 2.84621683022e-06, 6.10348251939e-07, 5.69694122987e-07, 7.77863590429e-07, 4.55563281321e-07, 2.45701215817e-07, 1.22480571463e-07, 1.15777226029e-07, 2.57847698748e-08],
        "dmean2": [3.13375068117e-07, 1.63598360814e-05, 3.47918685293e-05, 0.000154055887833, 0.000364671665011, 0.000316569232382, 0.000153204106027, 0.000414661335526, 0.000241837493377, 0.000117144125397, 2.88767350867e-05, 4.88528485221e-06, 9.6133351235e-07, 2.35838388107e-06, 5.81028007218e-06, 1.78570262506e-05, 1.90393384401e-05, 1.30851049107e-05, 7.24669007468e-06, 1.82337716979e-05, 2.20767433348e-05, 2.24376817641e-05, 1.1101529708e-05, 1.98703287424e-06, 5.88685793446e-07, 3.24014035868e-06, 5.56889472136e-06, 4.9207246775e-06, 8.70839994604e-06, 9.97737333819e-06, 9.74012255028e-06, 3.9506558096e-06, 9.29657289817e-07, 9.48737863382e-07, 1.26733118577e-06, 6.92637456723e-07, 3.77726536271e-07, 1.69443922005e-07, 1.82592472697e-07, 3.83829430461e-08],
        "dvar": [5.80511929759e-14, 5.59881963014e-09, 7.60081686479e-09, 1.07789979609e-07, 2.46806479254e-07, 6.42128725303e-07, 1.27815894757e-07, 8.56563588059e-07, 2.03522333209e-07, 6.81726888274e-08, 5.78445558119e-09, 1.01224854887e-10, 2.21079578255e-12, 1.44119776876e-11, 1.81711229397e-10, 1.509139258e-09, 1.74957959231e-09, 1.04629982456e-09, 2.14582379643e-10, 1.01955088816e-09, 8.54279869067e-10, 1.09592934727e-09, 1.84865636688e-10, 8.62277870634e-12, 1.9289283712e-12, 1.25563476283e-10, 1.00789737667e-10, 4.30480581737e-11, 2.6719873536e-10, 1.82979950636e-10, 1.54974755251e-10, 2.86535309368e-11, 1.94879572549e-12, 1.01595711011e-11, 1.44815453032e-11, 2.33010594326e-12, 5.50868758161e-13, 1.66026562073e-13, 3.23950583156e-13, 2.08352961078e-14],
        "dvar2": [1.57523977586e-13, 5.45503331395e-09, 9.75005320925e-09, 1.41709705304e-07, 4.89813658078e-07, 1.06116112875e-06, 1.91071279687e-07, 1.76492562787e-06, 3.38022942969e-07, 1.03116853722e-07, 8.70797300934e-09, 2.32683775025e-10, 5.41989066474e-12, 3.06237431247e-11, 3.96526173008e-10, 2.58282706334e-09, 3.14645687283e-09, 2.36834396539e-09, 4.60454091522e-10, 2.25083507388e-09, 1.73411751625e-09, 2.3848905073e-09, 4.08100525595e-10, 2.02008063055e-11, 4.27801240613e-12, 3.08193942589e-10, 2.34389951892e-10, 8.5129500671e-11, 5.44813805181e-10, 3.71574243596e-10, 2.90898666266e-10, 5.67198475687e-11, 4.26863752678e-12, 2.62600236695e-11, 3.63257444957e-11, 4.45683854405e-12, 1.14529880805e-12, 2.91347322786e-13, 8.47376043032e-13, 5.08659209046e-14],
        "max": [3.5195869259e-06, 0.00208011269569, 0.00216782884672, 0.00611523492262, 0.00898572895676, 0.0156763866544, 0.00562352361158, 0.0129219889641, 0.00742672756314, 0.00318233319558, 0.00121032923926, 0.00012215822062, 2.27114687732e-05, 4.72998617624e-05, 0.000218531858991, 0.00072174880188, 0.000783802533988, 0.000452568987384, 0.000202561175684, 0.000379357836209, 0.000334396900143, 0.000390991102904, 0.000155801724759, 2.86260910798e-05, 2.37872245634e-05, 0.000198898880626, 0.000171737978235, 7.06440987415e-05, 0.000361718382919, 0.000200117370696, 0.000178148839041, 5.57068378839e-05, 1.95828779397e-05, 5.64382899029e-05, 5.20922549185e-05, 2.80778222077e-05, 1.38947971209e-05, 7.43758346289e-06, 1.12523348434e-05, 3.28212786371e-06],
        "mean": [2.57747132082e-07, 4.57279420516e-05, 9.91293782135e-05, 0.000339721300406, 0.000724980316591, 0.000755845860112, 0.00020610721549, 0.000543194473721, 0.000355736468919, 0.000190883714822, 4.3684594857e-05, 4.87753732159e-06, 9.89094928627e-07, 2.74791659649e-06, 7.84587427916e-06, 2.25747535296e-05, 2.49030763371e-05, 1.10569644676e-05, 6.79182676322e-06, 1.93568776012e-05, 2.65198468696e-05, 3.01025684166e-05, 1.17390864034e-05, 2.03508648156e-06, 5.92275455347e-07, 2.61722311734e-06, 5.89184855926e-06, 6.17484374743e-06, 9.13173789741e-06, 1.18275183922e-05, 1.34728988996e-05, 5.26850681126e-06, 9.70399469225e-07, 7.85979352713e-07, 1.00793954516e-06, 7.12501048383e-07, 3.77619215897e-07, 1.92419605582e-07, 1.72874237592e-07, 3.42198021031e-08],
        "median": [1.85224990901e-07, 2.22068493372e-07, 3.65120240531e-06, 7.33153065084e-05, 0.000139601295814, 2.26958018175e-05, 1.0046935131e-05, 2.57468454947e-05, 1.03360725916e-05, 2.38708935285e-06, 6.12814005763e-07, 1.16420551421e-07, 6.12512280895e-08, 1.15135620149e-07, 1.73054530705e-07, 2.81975360394e-07, 5.0229448334e-07, 5.13226154908e-07, 5.09664062065e-07, 1.64566654348e-06, 3.70273733097e-06, 5.88015882386e-06, 3.39600092047e-06, 2.96554105716e-07, 8.32247195603e-08, 1.67434677678e-07, 1.06279378542e-06, 1.57048555138e-06, 1.51722292685e-06, 2.49640902439e-06, 3.39537245964e-06, 1.41372879625e-06, 2.42699911723e-07, 9.50489109641e-08, 1.42729589925e-07, 1.35875509955e-07, 8.47255421377e-08, 3.54062592578e-08, 3.50858755382e-08, 9.72938885013e-09],
        "min": [1.16353295595e-24, 3.47895390039e-24, 3.10347859204e-24, 8.29486847409e-24, 2.2262997781e-24, 6.10821467572e-24, 3.08848905155e-24, 5.89723698206e-24, 3.77934621664e-24, 8.41427598274e-24, 7.80947683709e-24, 5.20018449785e-24, 6.45692748343e-24, 9.01642850005e-24, 3.48594360244e-24, 8.75806314295e-24, 5.26987325908e-24, 7.83898023494e-24, 8.76009130434e-24, 9.5987451099e-24, 6.39040954861e-24, 9.50725617755e-24, 8.80150729072e-24, 3.96375586388e-24, 6.89979399562e-24, 9.83871265296e-24, 6.25386719225e-24, 4.93916422938e-24, 6.61753404171e-24, 8.9928612805e-24, 1.09048471223e-23, 1.0717177113e-23, 8.636853876e-24, 6.65681379276e-24, 9.9859559075e-24, 8.46137965625e-24, 1.00385555749e-23, 9.61178971383e-24, 6.81129721269e-24, 9.26940593716e-24],
