{
"metadata": {
    "version": {
        "essentia": "2.0.1",
        "extractor": "archive-music 1.0"
    },
    "audio_properties": {
        "analysis_sample_rate": 44100,
        "bitrate": 64,
        "channels": 1,
        "equal_loudness": 0,
        "length": 15.9085712433,
        "replay_gain": -1.26312446594,
        "downmix": "mix"
    },
    "tags": {
        "track": 0,
        "year": 0,
        "album": "",
        "artist": "",
        "comment": "",
        "genre": "",
        "title": ""
    }
},
"highlevel": {
    "culture": {
        "all": {
            "non_western": 0.524003148079,
            "western": 0.475996881723
        },
        "probability": 0.524003148079,
        "value": "non_western"
    },
    "danceability": {
        "all": {
            "danceable": 0.354166448116,
            "not_danceable": 0.645833551884
        },
        "probability": 0.645833551884,
        "value": "not_danceable"
    },
    "gender": {
        "all": {
            "female": 0.987089633942,
            "male": 0.012910367921
        },
        "probability": 0.987089633942,
        "value": "female"
    },
    "genre_dortmund": {
        "all": {
            "alternative": 0.101108409464,
            "blues": 0.0377095714211,
            "electronic": 0.0142021710053,
            "folkcountry": 0.392884582281,
            "funksoulrnb": 0.0538159646094,
            "jazz": 0.267345309258,
            "pop": 0.0399557538331,
            "raphiphop": 0.0127357942984,
            "rock": 0.0802424550056
        },
        "probability": 0.392884582281,
        "value": "folkcountry"
    },
    "genre_electronic": {
        "all": {
            "ambient": 0.977134048939,
            "dnb": 0.00586970616132,
            "house": 0.00758668640628,
            "techno": 0.0045286314562,
            "trance": 0.00488090375438
        },
        "probability": 0.977134048939,
        "value": "ambient"
    },
    "genre_rosamerica": {
        "all": {
            "cla": 0.972493171692,
            "dan": 0.000644360552542,
            "hip": 0.00150993897114,
            "jaz": 0.007486007642,
            "pop": 0.00229848478921,
            "rhy": 0.00319223641418,
            "roc": 0.00163368962239,
            "spe": 0.0107421092689
        },
        "probability": 0.972493171692,
        "value": "cla"
    },
    "genre_tzanetakis": {
        "all": {
            "blu": 0.00436896830797,
            "cla": 0.482930362225,
            "cou": 0.00174859864637,
            "dis": 0.00979597680271,
            "hip": 0.00411946559325,
            "jaz": 0.476444214582,
            "met": 0.000447154190624,
            "pop": 0.00239975657314,
            "reg": 0.00937877967954,
            "roc": 0.00836671702564
        },
        "probability": 0.482930362225,
        "value": "cla"
    },
    "mirex_ballroom": {
        "all": {
            "ChaChaCha": 0.0032760980539,
            "Jive": 0.00250926846638,
            "Quickstep": 0.0345694385469,
            "Rumba-American": 0.0064929369837,
            "Rumba-International": 0.00350251886994,
            "Rumba-Misc": 0.00965741369873,
            "Samba": 0.00272619281895,
            "Tango": 0.0587318763137,
            "VienneseWaltz": 0.655111849308,
            "Waltz": 0.223422393203
        },
        "probability": 0.655111849308,
        "value": "VienneseWaltz"
    },
    "mood_acoustic": {
        "all": {
            "acoustic": 0.689149200916,
            "not_acoustic": 0.310850799084
        },
        "probability": 0.689149200916,
        "value": "acoustic"
    },
    "mood_aggressive": {
        "all": {
            "aggressive": 0.00267588812858,
            "not_aggressive": 0.997324109077
        },
        "probability": 0.997324109077,
        "value": "not_aggressive"
    },
    "mood_electronic": {
        "all": {
            "electronic": 0.230494454503,
            "not_electronic": 0.769505560398
        },
        "probability": 0.769505560398,
        "value": "not_electronic"
    },
    "mood_happy": {
        "all": {
            "happy": 0.320390045643,
            "not_happy": 0.679609954357
        },
        "probability": 0.679609954357,
        "value": "not_happy"
    },
    "mood_party": {
        "all": {
            "not_party": 0.96348631382,
            "party": 0.0365137010813
        },
        "probability": 0.96348631382,
        "value": "not_party"
    },
    "mood_relaxed": {
        "all": {
            "not_relaxed": 0.305236548185,
            "relaxed": 0.694763481617
        },
        "probability": 0.694763481617,
        "value": "relaxed"
    },
    "mood_sad": {
        "all": {
            "not_sad": 0.257346093655,
            "sad": 0.742653906345
        },
        "probability": 0.742653906345,
        "value": "sad"
    },
    "moods_mirex": {
        "all": {
            "Cluster1": 0.0412065088749,
            "Cluster2": 0.465834408998,
            "Cluster3": 0.222347915173,
            "Cluster4": 0.213154986501,
            "Cluster5": 0.0574561990798
        },
        "probability": 0.465834408998,
        "value": "Cluster2"
    },
    "timbre": {
        "all": {
            "bright": 0.953180193901,
            "dark": 0.0468197837472
        },
        "probability": 0.953180193901,
        "value": "bright"
    },
    "tonal_atonal": {
        "all": {
            "atonal": 0.548904776573,
            "tonal": 0.451095223427
        },
        "probability": 0.548904776573,
        "value": "atonal"
    },
    "voice_instrumental": {
        "all": {
            "instrumental": 0.421170085669,
            "voice": 0.578829884529
        },
        "probability": 0.578829884529,
        "value": "voice"
    }
},
"lowlevel": {
    "average_loudness": 0.889343678951,
    "barkbands_kurtosis": {
        "dmean": 2.42453145981,
        "dmean2": 3.91344261169,
        "dvar": 10.8551588058,
        "dvar2": 26.1203231812,
        "max": 38.3135261536,
        "mean": 3.87054753304,
        "median": 2.51616430283,
        "min": -1.56244552135,
        "var": 25.0028572083
    },
    "barkbands_skewness": {
        "dmean": 0.500231564045,
        "dmean2": 0.776789426804,
        "dvar": 0.206438273191,
        "dvar2": 0.452264130116,
        "max": 4.5684762001,
        "mean": 0.512267053127,
        "median": 0.420251131058,
        "min": -2.05148077011,
        "var": 1.02490746975
    },
    "barkbands_spread": {
        "dmean": 1.92191648483,
        "dmean2": 3.10534691811,
        "dvar": 5.12800979614,
        "dvar2": 11.5530261993,
        "max": 36.5886039734,
        "mean": 6.41499519348,
        "median": 5.13439130783,
        "min": 0.884931743145,
        "var": 21.1834182739
    },
    "dissonance": {
        "dmean": 0.0525818988681,
        "dmean2": 0.0868202745914,
        "dvar": 0.0019094478339,
        "dvar2": 0.00511807110161,
        "max": 0.497820407152,
        "mean": 0.389793843031,
        "median": 0.405388355255,
        "min": 0.159617260098,
        "var": 0.00513643119484
    },
    "dynamic_complexity": 5.18872976303,
    "erbbands_kurtosis": {
        "dmean": 2.25639152527,
        "dmean2": 3.55688047409,
        "dvar": 7.65882396698,
        "dvar2": 18.1184310913,
        "max": 32.3403129578,
        "mean": 4.07872200012,
        "median": 2.90380811691,
        "min": -1.62168240547,
        "var": 19.6833457947
    },
    "erbbands_skewness": {
        "dmean": 0.529991269112,
        "dmean2": 0.863952219486,
        "dvar": 0.208146259189,
        "dvar2": 0.508514344692,
        "max": 4.21327018738,
        "mean": 0.717339277267,
        "median": 0.582728266716,
        "min": -1.49805545807,
        "var": 0.83291220665
    },
    "erbbands_spread": {
        "dmean": 2.67259454727,
        "dmean2": 4.1414809227,
        "dvar": 8.8604516983,
        "dvar2": 19.1542987823,
        "max": 41.4704475403,
        "mean": 9.90565109253,
        "median": 7.40484428406,
        "min": 1.85003149509,
        "var": 52.348197937
    },
    "hfc": {
        "dmean": 5.88764190674,
        "dmean2": 8.36125946045,
        "dvar": 52.4739952087,
        "dvar2": 123.302894592,
        "max": 98.6402053833,
        "mean": 16.8193778992,
        "median": 12.4268789291,
        "min": 1.16288147477e-16,
        "var": 273.446624756
    },
    "melbands_kurtosis": {
        "dmean": 2.29152345657,
        "dmean2": 3.74382424355,
        "dvar": 13.5113248825,
        "dvar2": 26.1157245636,
        "max": 68.1761398315,
        "mean": 3.17059874535,
        "median": 1.82319068909,
        "min": -1.30749762058,
        "var": 30.9412689209
    },
    "melbands_skewness": {
        "dmean": 0.463764607906,
        "dmean2": 0.696636259556,
        "dvar": 0.160277202725,
        "dvar2": 0.367201715708,
        "max": 4.86356973648,
        "mean": 0.412792354822,
        "median": 0.278103590012,
        "min": -1.59647810459,
        "var": 0.865586519241
    },
    "melbands_spread": {
        "dmean": 3.715934515,
        "dmean2": 6.10493755341,
        "dvar": 37.5024604797,
        "dvar2": 67.4623794556,
        "max": 140.897155762,
        "mean": 12.0106372833,
        "median": 9.66106319427,
        "min": 1.6676030159,
        "var": 148.724731445
    },
    "pitch_salience": {
        "dmean": 0.0781272500753,
        "dmean2": 0.127806454897,
        "dvar": 0.00414707418531,
        "dvar2": 0.0112050650641,
        "max": 0.989980041981,
        "mean": 0.645311832428,
        "median": 0.651146352291,
        "min": 0.348019778728,
        "var": 0.00929066631943
    },
    "silence_rate_20dB": {
        "dmean": 0,
        "dmean2": 0,
        "dvar": 0,
        "dvar2": 0,
        "max": 1,
        "mean": 1,
        "median": 1,
        "min": 1,
        "var": 0
    },
    "silence_rate_30dB": {
        "dmean": 0.00583090400323,
        "dmean2": 0.0116788316518,
        "dvar": 0.0057969125919,
        "dvar2": 0.0173818524927,
        "max": 1,
        "mean": 0.99708878994,
        "median": 1,
        "min": 0,
        "var": 0.00290273153223
    },
    "silence_rate_60dB": {
        "dmean": 0.0466472320259,
        "dmean2": 0.0934306532145,
        "dvar": 0.0444714687765,
        "dvar2": 0.096380032599,
        "max": 1,
        "mean": 0.167394474149,
        "median": 0,
        "min": 0,
        "var": 0.139374762774
    },
    "spectral_centroid": {
        "dmean": 122.429573059,
        "dmean2": 183.386611938,
        "dvar": 174306.640625,
        "dvar2": 217569.65625,
        "max": 10986.5605469,
        "mean": 870.632080078,
        "median": 805.298522949,
        "min": 245.012054443,
        "var": 518632.8125
    },
    "spectral_complexity": {
        "dmean": 1.80466473103,
        "dmean2": 2.92262768745,
        "dvar": 3.06388878822,
        "dvar2": 6.49474954605,
        "max": 26,
        "mean": 10.6331882477,
        "median": 11,
        "min": 0,
        "var": 28.1216201782
    },
    "spectral_crest": {
        "dmean": 3.05325031281,
        "dmean2": 4.95968198776,
        "dvar": 6.20196199417,
        "dvar2": 18.2003383636,
        "max": 21.9753284454,
        "mean": 10.9345827103,
        "median": 10.1255970001,
        "min": 4.1899561882,
        "var": 14.991268158
    },
    "spectral_decrease": {
        "dmean": 1.94239180296e-09,
        "dmean2": 2.83910450705e-09,
        "dvar": 5.92912020217e-18,
        "dvar2": 1.44225011304e-17,
        "max": 4.37526716142e-29,
        "mean": -5.40636957425e-09,
        "median": -4.22616963647e-09,
        "min": -3.36783827493e-08,
        "var": 2.60543165585e-17
    },
    "spectral_energy": {
        "dmean": 0.00784385204315,
        "dmean2": 0.0114509370178,
        "dvar": 9.63770944509e-05,
        "dvar2": 0.000233694721828,
        "max": 0.136020541191,
        "mean": 0.0219304300845,
        "median": 0.0171451754868,
        "min": 1.04360741151e-20,
        "var": 0.000429358711699
    },
    "spectral_energyband_high": {
        "dmean": 6.30280146652e-06,
        "dmean2": 9.20332968235e-06,
        "dvar": 1.73202244214e-10,
        "dvar2": 4.34320857057e-10,
        "max": 0.000238238062593,
        "mean": 1.46525226228e-05,
        "median": 8.30777753436e-06,
        "min": 7.6270495342e-21,
        "var": 3.65104835254e-10
    },
    "spectral_energyband_low": {
        "dmean": 0.000102561192762,
        "dmean2": 0.000161376141477,
        "dvar": 2.68359272582e-08,
        "dvar2": 6.52042899674e-08,
        "max": 0.00225477851927,
        "mean": 0.000188011894352,
        "median": 0.000114685703011,
        "min": 2.75082108538e-23,
        "var": 5.53912506973e-08
    },
    "spectral_energyband_middle_high": {
        "dmean": 0.00282506202348,
        "dmean2": 0.00404153671116,
        "dvar": 1.74635697476e-05,
        "dvar2": 3.97858821088e-05,
        "max": 0.0763513147831,
        "mean": 0.00762408459559,
        "median": 0.00394366588444,
        "min": 1.28764869413e-21,
        "var": 8.80846055225e-05
    },
    "spectral_energyband_middle_low": {
        "dmean": 0.00643625529483,
        "dmean2": 0.00983562134206,
        "dvar": 7.98894325271e-05,
        "dvar2": 0.000201805421966,
        "max": 0.120625220239,
        "mean": 0.0145522514358,
        "median": 0.00991351436824,
        "min": 3.15806920241e-22,
        "var": 0.000237274638494
    },
    "spectral_flatness_db": {
        "dmean": 0.0225890744478,
        "dmean2": 0.0347651876509,
        "dvar": 0.000379502773285,
        "dvar2": 0.000858685758431,
        "max": 0.398437291384,
        "mean": 0.250236779451,
        "median": 0.254778862,
        "min": 0.0550393946469,
        "var": 0.00292496918701
    },
    "spectral_flux": {
        "dmean": 0.0204496011138,
        "dmean2": 0.0323789156973,
        "dvar": 0.000415150250774,
        "dvar2": 0.0010731369257,
        "max": 0.262232422829,
        "mean": 0.0711222067475,
        "median": 0.0688299164176,
        "min": 6.69472532966e-11,
        "var": 0.00173689168878
    },
    "spectral_kurtosis": {
        "dmean": 8.31965446472,
        "dmean2": 14.3937368393,
        "dvar": 54.3980903625,
        "dvar2": 163.211273193,
        "max": 70.1082687378,
        "mean": 19.3897533417,
        "median": 17.7615222931,
        "min": -1.23127579689,
        "var": 119.50843811
    },
    "spectral_rms": {
        "dmean": 0.000785407784861,
        "dmean2": 0.00108119635843,
        "dvar": 5.45932039131e-07,
        "dvar2": 1.19702951906e-06,
        "max": 0.0115196770057,
        "mean": 0.00402604369447,
        "median": 0.00408986583352,
        "min": 3.19085187959e-12,
        "var": 5.18648630532e-06
    },
    "spectral_rolloff": {
        "dmean": 203.372467041,
        "dmean2": 356.476348877,
        "dvar": 866994.5625,
        "dvar2": 1631299.5,
        "max": 18927.6855469,
        "mean": 1187.42883301,
        "median": 1012.06054688,
        "min": 215.33203125,
        "var": 2813372.5
    },
    "spectral_skewness": {
        "dmean": 0.619349002838,
        "dmean2": 1.03715908527,
        "dvar": 0.271735310555,
        "dvar2": 0.8151679039,
        "max": 6.42504167557,
        "mean": 3.00333046913,
        "median": 2.91630196571,
        "min": -0.00572578283027,
        "var": 0.847360432148
    },
    "spectral_spread": {
        "dmean": 357291.71875,
        "dmean2": 550051.875,
        "dvar": 2.97441742029e+12,
        "dvar2": 4.3131797504e+12,
        "max": 40673992,
        "mean": 2232000.75,
        "median": 1818626.5,
        "min": 1040439.9375,
        "var": 7.5321049088e+12
    },
    "spectral_strongpeak": {
        "dmean": 0.733141601086,
        "dmean2": 1.1296800375,
        "dvar": 0.538046360016,
        "dvar2": 1.34516811371,
        "max": 6.53053712845,
        "mean": 1.82186901569,
        "median": 1.51900076866,
        "min": 0,
        "var": 1.98869156837
    },
    "zerocrossingrate": {
        "dmean": 0.00452407542616,
        "dmean2": 0.00677320919931,
        "dvar": 0.000598373124376,
        "dvar2": 0.00120897148736,
        "max": 0.5078125,
        "mean": 0.0408969298005,
        "median": 0.03662109375,
        "min": 0.0146484375,
        "var": 0.00191486557014
    },
    "barkbands": {
        "dmean": [2.57263445747e-06, 1.07870710053e-05, 3.08011440211e-05, 0.000320256891428, 0.000848853727803, 0.000435444613686, 0.00128164410125, 0.00138613174204, 0.00459187012166, 0.00127396953758, 0.0013477554312, 0.000891401257832, 0.000573297205847, 0.000271544209681, 6.61778467475e-05, 2.60150300164e-05, 3.06318434014e-05, 8.70771109476e-05, 1.2407597751e-05, 6.74118018651e-06, 2.85673763756e-06, 1.11400743208e-06, 1.4693166861e-07, 8.28535604569e-08, 6.42030784093e-08, 3.64598271574e-08, 4.81912643124e-09],
        "dmean2": [4.34504318036e-06, 1.82136009244e-05, 5.00302994624e-05, 0.00050513719907, 0.00136338779703, 0.000716180657037, 0.00197266112082, 0.00226824171841, 0.00726115657017, 0.00198409566656, 0.00210531847551, 0.00133366172668, 0.000891495204996, 0.000437733979197, 0.000106115570816, 3.89958950109e-05, 4.82877076138e-05, 0.000121827368275, 1.92318912013e-05, 9.92747936834e-06, 4.52172389487e-06, 1.59925912158e-06, 2.08316848216e-07, 1.27955246398e-07, 9.83754162576e-08, 6.02769532065e-08, 8.51436965377e-09],
        "dvar": [2.99877483956e-11, 3.44963030363e-10, 3.84193343805e-09, 2.37543133608e-07, 2.30373052545e-06, 6.57410737404e-07, 8.71392239787e-06, 6.04366186963e-06, 5.18701890542e-05, 5.05585285282e-06, 7.38564676794e-06, 2.42195915234e-06, 1.30006628751e-06, 6.41676194846e-07, 4.02022806156e-08, 7.58313056792e-09, 5.52256107511e-09, 4.03564115459e-08, 5.21595155956e-10, 9.95433943607e-11, 7.30484631117e-11, 2.75718358735e-12, 1.74690177688e-13, 1.75510698504e-14, 2.45334656724e-14, 2.24152044074e-15, 5.51797429732e-17],
        "dvar2": [8.81277759102e-11, 1.01127839436e-09, 1.01953672171e-08, 6.06952198723e-07, 5.77992068429e-06, 1.77806577994e-06, 2.21162208618e-05, 1.41351492857e-05, 0.000136153656058, 1.1272489246e-05, 1.99167534447e-05, 5.0088383432e-06, 2.99714247376e-06, 1.68750113971e-06, 1.01645277084e-07, 1.61908939589e-08, 1.40833131823e-08, 8.28673734077e-08, 1.17626264284e-09, 2.20208254409e-10, 1.9510022764e-10, 5.61478771463e-12, 4.02594624305e-13, 4.0350047522e-14, 3.69912942237e-14, 4.34659657916e-15, 1.48969007923e-16],
        "max": [0.000114231355838, 0.000218842062168, 0.000847815419547, 0.00468683615327, 0.0173018462956, 0.00970327667892, 0.0347391553223, 0.0320897251368, 0.0966430529952, 0.0305083990097, 0.0316535457969, 0.0226780343801, 0.0133389113471, 0.00888442341238, 0.0026708135847, 0.00147388642654, 0.00104257033672, 0.00305255246349, 0.000245809438638, 0.000150368694449, 0.000165710938745, 1.78749887709e-05, 8.41007022245e-06, 1.75324782958e-06, 4.19091293224e-06, 1.19730623283e-06, 6.82205723024e-08],
        "mean": [3.34433457283e-06, 1.66246736626e-05, 5.06652213517e-05, 0.00047920551151, 0.00125282432418, 0.000686193932779, 0.00200736452825, 0.00203123386018, 0.00743022700772, 0.00204576156102, 0.00228242040612, 0.00175728497561, 0.00106702500489, 0.000418109673774, 0.000106678446173, 4.14740970882e-05, 4.65016601083e-05, 0.000161600502906, 2.31454814639e-05, 1.42452454384e-05, 5.50766753804e-06, 2.20342303692e-06, 3.03058328655e-07, 2.07011652265e-07, 1.98255293071e-07, 9.50008356426e-08, 5.8413629489e-09],
        "median": [9.24822757042e-07, 8.85833924258e-06, 1.69797876879e-05, 0.000205496296985, 0.000338358542649, 0.000352164031938, 0.0005497369566, 0.000571954296902, 0.003414001083, 0.000701986660715, 0.000512689934112, 0.000403644517064, 0.000185130353202, 5.7917295635e-05, 1.52555412569e-05, 6.64075287204e-06, 1.19676224131e-05, 4.45826262876e-05, 9.99179792416e-06, 7.26797406969e-06, 2.71147905551e-06, 1.05428944153e-06, 1.46440783055e-07, 1.50193969262e-07, 1.70615990669e-07, 8.23633712344e-08, 1.28765964558e-09],
        "min": [3.11538861678e-24, 1.32162237741e-23, 3.82029085864e-24, 2.45951250245e-24, 1.84653736572e-23, 3.57935980087e-23, 5.27754856014e-23, 3.66778921507e-23, 3.18082348502e-23, 3.87656346245e-23, 7.02355869859e-23, 5.79632652616e-23, 7.64416125252e-23, 7.81573218852e-23, 1.02864868266e-22, 5.42035983635e-23, 1.0299762409e-22, 1.42834235212e-22, 1.53228544179e-22, 2.31590098997e-22, 3.37838404307e-22, 3.45605793837e-22, 6.99757538742e-22, 8.20021844989e-22, 1.1123512297e-21, 1.58698013446e-21, 2.24869857316e-21],
        "var": [7.86912410233e-11, 5.04510266897e-10, 6.44212949652e-09, 4.64247477794e-07, 5.06659444e-06, 1.19282572086e-06, 1.68567403307e-05, 1.30473345052e-05, 0.000107819912955, 1.22588353406e-05, 1.65787987498e-05, 8.42506051413e-06, 3.87303043681e-06, 1.23122299556e-06, 7.28470084255e-08, 1.83067285775e-08, 9.04868890927e-09, 1.09384032498e-07, 1.27824062446e-09, 3.59909518854e-10, 8.91450663287e-11, 8.23859730437e-12, 3.59701905848e-13, 3.97080609225e-14, 5.22014208118e-14, 6.03280751364e-15, 8.77913055359e-17]
    },
    "erbbands": {
        "dmean": [0.000461597082904, 0.00242218235508, 0.029323797673, 0.465978741646, 3.0350754261, 2.31623053551, 0.692220687866, 5.14333868027, 18.3599567413, 18.3178062439, 43.5481834412, 116.370025635, 47.1046867371, 27.4100418091, 54.7492103577, 39.2588615417, 26.3797492981, 15.5510959625, 5.02987718582, 2.09770560265, 1.42802381516, 1.82459294796, 5.40058898926, 1.08930981159, 0.568459153175, 0.29825514555, 0.149653181434, 0.101360976696, 0.045423258096, 0.0095830084756, 0.00350756058469, 0.00185074016917, 0.0014502563281, 0.000873899669386, 0.000457662070403, 0.000221473048441, 5.9085101384e-05, 1.35982772917e-05, 4.00106000598e-06, 9.06859713723e-06],
        "dmean2": [0.000782245420851, 0.00395429134369, 0.0457768589258, 0.734577417374, 4.96235656738, 3.71500778198, 1.10769450665, 8.37711143494, 28.7077865601, 26.9950046539, 72.0970840454, 183.172485352, 71.4828720093, 40.3752937317, 87.3933868408, 58.0914535522, 40.7185058594, 23.7282485962, 7.67633914948, 3.28086900711, 2.18333005905, 2.7056953907, 7.65924310684, 1.65214061737, 0.859420955181, 0.443987756968, 0.233296811581, 0.151221945882, 0.0624253936112, 0.0132351657376, 0.00496028969064, 0.002730949549, 0.0022631038446, 0.00137314666063, 0.000681429984979, 0.000358027493348, 0.000100282821222, 2.3553664505e-05, 5.90385343457e-06, 1.32112063511e-05],
        "dvar": [9.01937539766e-07, 1.8867178369e-05, 0.00297116022557, 0.475039154291, 23.0351581573, 26.151304245, 0.813870370388, 87.2424697876, 2676.7878418, 932.561950684, 8639.74316406, 33121.6445312, 9109.71777344, 2019.35400391, 11958.3671875, 5536.27490234, 2695.38696289, 1813.453125, 235.917205811, 36.8663978577, 20.3482761383, 16.462562561, 165.354721069, 4.1499414444, 1.11674022675, 0.201052889228, 0.220413669944, 0.0352345332503, 0.0048357071355, 0.000394542352296, 6.85759878252e-05, 9.09990103537e-06, 6.34118487142e-06, 2.57692545347e-06, 1.99521559807e-06, 1.24854025785e-07, 6.93191326562e-09, 3.7775876871e-10, 2.37615933874e-11, 1.28129715171e-10],
        "dvar2": [2.69946667686e-06, 5.22682821611e-05, 0.00779024325311, 1.20597565174, 61.2595901489, 67.6016235352, 1.92204749584, 244.238739014, 6755.46044922, 1816.34289551, 23006.7929688, 86130.9765625, 19728.9746094, 4318.00048828, 32074.2460938, 11304.8144531, 6247.66503906, 4545.50097656, 570.036132812, 88.5410308838, 45.2362632751, 38.1718978882, 336.553894043, 9.60838031769, 2.2438788414, 0.456422507763, 0.59428268671, 0.0835593044758, 0.00961917079985, 0.000793468614575, 0.000137125098263, 1.88349185919e-05, 1.48862482092e-05, 4.51499181509e-06, 3.121961754e-06, 2.16471761405e-07, 1.51594505837e-08, 1.04682518209e-09, 5.63116428487e-11, 3.09233333384e-10],
        "max": [0.0154291428626, 0.0664752647281, 0.786792993546, 7.68412351608, 41.7400894165, 57.653011322, 9.6294336319, 121.084472656, 598.380187988, 630.333007812, 1276.97131348, 2086.51928711, 1251.51647949, 642.263977051, 1032.94189453, 1064.66540527, 661.842468262, 516.864868164, 245.618255615, 84.0489654541, 62.0768470764, 50.2535820007, 198.833175659, 26.9302215576, 18.8231697083, 5.61357688904, 9.06524372101, 2.76766085625, 0.917787611485, 0.350836515427, 0.170984193683, 0.0384295322001, 0.0310321878642, 0.0339975096285, 0.0395609326661, 0.00941224396229, 0.00170517165679, 0.000145606551087, 6.941628817e-05, 0.000157442249474],
        "mean": [0.000593881704845, 0.00443167192861, 0.0585635714233, 0.757230937481, 4.43441295624, 3.46478939056, 1.33756959438, 8.00614261627, 27.3704986572, 31.6745414734, 73.2493515015, 187.842880249, 81.4779815674, 55.7079086304, 95.6584243774, 82.6803131104, 53.2243690491, 30.1764659882, 8.94816017151, 3.76154828072, 2.38127398491, 3.41636753082, 9.59188747406, 2.2634832859, 1.1046102047, 0.646579504013, 0.290945053101, 0.20244307816, 0.0939142182469, 0.0214565731585, 0.00787530373782, 0.00446316646412, 0.00354040460661, 0.00241533457302, 0.00134115468245, 0.000641996914055, 0.000121917808428, 2.33707523876e-05, 1.1880776583e-05, 2.5538573027e-05],
        "median": [0.000283351342659, 0.00240771984681, 0.0314525961876, 0.402418345213, 1.81638765335, 0.613743782043, 0.878187179565, 4.23111343384, 4.67596244812, 14.5650424957, 29.1742401123, 75.3624649048, 33.7352867126, 23.6104774475, 25.4198551178, 18.4507312775, 10.7560138702, 5.22648572922, 1.39970195293, 0.602718114853, 0.454577594995, 0.89504468441, 2.47185611725, 1.00657451153, 0.534500539303, 0.324604988098, 0.148488581181, 0.0940095856786, 0.0442092008889, 0.00969203934073, 0.00407894467935, 0.00304294680245, 0.00257992139086, 0.00195886264555, 0.00119077635463, 0.000602730026003, 6.66371488478e-05, 7.75379339757e-06, 9.53534345172e-06, 1.99023088499e-05],
        "min": [3.08468140929e-22, 1.22604352944e-21, 4.46625226145e-21, 9.44759974542e-21, 5.38334797204e-20, 7.05385699055e-20, 1.10827183584e-19, 2.77956338013e-19, 4.88401916743e-19, 9.77848665997e-19, 1.04744133549e-18, 6.96552301917e-19, 1.59490131133e-18, 2.01174316119e-18, 2.30162633212e-18, 3.29323597478e-18, 2.94431299444e-18, 4.41277033995e-18, 3.3806960557e-18, 5.32853206994e-18, 3.16246823252e-18, 5.54688086829e-18, 6.99179872152e-18, 7.80320748134e-18, 1.03565601767e-17, 1.02751333444e-17, 1.22041590647e-17, 1.46124813561e-17, 1.1618130552e-17, 1.74342293448e-17, 1.97060263032e-17, 1.55779351342e-17, 1.18805039705e-17, 1.10759186236e-17, 9.31055968644e-18, 5.5762259277e-18, 3.25673270115e-18, 1.05064345503e-18, 2.84007034947e-19, 3.36074661775e-20],
        "var": [1.32325203595e-06, 3.3538792195e-05, 0.00600342638791, 0.926306307316, 42.314994812, 57.4226760864, 2.12685203552, 144.686767578, 4299.07617188, 3679.1262207, 16220.7304688, 74979.0078125, 21086.1054688, 6221.53076172, 25007.5449219, 20277.7441406, 8548.53808594, 5012.70214844, 449.985656738, 86.4289474487, 46.0738601685, 38.7163925171, 410.597167969, 11.4816761017, 3.038387537, 0.707438707352, 0.266081124544, 0.0771231204271, 0.0151202660054, 0.00109522475395, 0.000195881104446, 2.35204261116e-05, 1.27094026539e-05, 6.0799129642e-06, 3.61141951544e-06, 2.84081778545e-07, 1.92437461521e-08, 8.8155843736e-10, 1.09229167378e-10, 5.81534542743e-10]
    },
    "gfcc": {
        "mean": [-143.237350464, 151.875854492, -154.762390137, -32.1979637146, -70.0386352539, -15.09375, -16.4782066345, 2.6939804554, -34.1865272522, -11.6034946442, -12.4925870895, -14.9385004044, -16.2520370483],
        "cov": [[18462.640625, 2987.64331055, -3534.60229492, -303.048431396, -422.77041626, -698.133544922, -34.1516571045, -498.611297607, -280.356750488, -436.399414062, 130.317596436, -593.924682617, 59.2994842529], [2987.64331055, 760.926330566, -485.52331543, -124.844703674, -81.1958694458, -144.666732788, -10.8477020264, -60.0083580017, -72.2274703979, -134.121871948, 34.42943573, -124.879486084, 10.6766138077], [-3534.60229492, -485.52331543, 1289.04431152, 124.339248657, -45.1825561523, 103.78503418, -102.723419189, 163.837661743, 17.812625885, 132.254898071, -64.7395172119, 183.319580078, -54.0603713989], [-303.048431396, -124.844703674, 124.339248657, 313.419281006, 87.4837341309, -97.5767593384, -162.098327637, 22.6268539429, 115.634315491, 53.4518890381, -51.6720848083, 1.40943038464, 4.51925706863], [-422.77041626, -81.1958694458, -45.1825561523, 87.4837341309, 355.163574219, 118.737815857, -141.611373901, 4.67266130447, 63.6593437195, 46.0032196045, -43.2641525269, -36.9115104675, -6.44205236435], [-698.133544922, -144.666732788, 103.78503418, -97.5767593384, 118.737815857, 318.242401123, 131.528396606, 8.29370307922, -92.7696075439, 22.0385417938, 11.9435100555, 25.9331436157, -22.4851360321], [-34.1516571045, -10.8477020264, -102.723419189, -162.098327637, -141.611373901, 131.528396606, 430.793060303, -9.9540977478, -171.428939819, -106.669868469, 87.1793746948, 51.3743209839, -3.23141360283], [-498.611297607, -60.0083580017, 163.837661743, 22.6268539429, 4.67266130447, 8.29370307922, -9.9540977478, 135.924850464, 42.9663352966, -0.459024012089, -1.96688020229, 27.0640354156, 0.253062307835], [-280.356750488, -72.2274703979, 17.812625885, 115.634315491, 63.6593437195, -92.7696075439, -171.428939819, 42.9663352966, 217.195175171, 66.8939590454, -43.7083396912, -29.8113899231, 21.2379245758], [-436.399414062, -134.121871948, 132.254898071, 53.4518890381, 46.0032196045, 22.0385417938, -106.669868469, -0.459024012089, 66.8939590454, 141.85836792, -18.4653892517, 9.35103607178, -2.56133723259], [130.317596436, 34.42943573, -64.7395172119, -51.6720848083, -43.2641525269, 11.9435100555, 87.1793746948, -1.96688020229, -43.7083396912, -18.4653892517, 103.200508118, 19.2254505157, 13.2704057693], [-593.924682617, -124.879486084, 183.319580078, 1.40943038464, -36.9115104675, 25.9331436157, 51.3743209839, 27.0640354156, -29.8113899231, 9.35103607178, 19.2254505157, 119.135269165, 0.464458465576], [59.2994842529, 10.6766138077, -54.0603713989, 4.51925706863, -6.44205236435, -22.4851360321, -3.23141360283, 0.253062307835, 21.2379245758, -2.56133723259, 13.2704057693, 0.464458465576, 72.0588150024]],
        "icov": [[0.000387730804505, -0.0011839143699, 0.000927746295929, -0.000591893040109, 0.000720760959666, -0.000361911923392, 0.000357909972081, -0.000150950058014, 0.000458142952994, -0.000612163508777, 0.000353158189682, -0.000442189484602, 0.000338589306921], [-0.0011839143699, 0.00632604816929, -0.00224891025573, 0.00258816196583, -0.00182353181299, 0.00193096720614, 9.58733508014e-05, 7.48253733036e-05, -6.94233895047e-05, 0.00341755338013, -0.00167315534782, 0.00310318893753, -0.000938914250582], [0.000927746295929, -0.00224891025573, 0.00398655282333, -0.00184956577141, 0.00276089948602, -0.00165944360197, 0.00191018322948, -0.00201001623645, 0.00191328302026, -0.00199349736795, 0.00158908346202, -0.00262255501002, 0.00158777902834], [-0.000591893040109, 0.00258816196583, -0.00184956577141, 0.00634326646104, -0.00288974330761, 0.00311149144545, -0.000419907737523, 0.000345899170497, -0.00139567407314, 0.000729994382709, 0.000187891433598, 0.000628478941508, -0.000590645649936], [0.000720760959666, -0.00182353181299, 0.00276089948602, -0.00288974330761, 0.00755061581731, -0.00526610342786, 0.00369937717915, -0.000565123802517, 7.79559413786e-05, 0.000270544638624, 0.000693708076142, -0.00063112139469, 0.000992209534161], [-0.000361911923392, 0.00193096720614, -0.00165944360197, 0.00311149144545, -0.00526610342786, 0.00890435650945, -0.00362183013931, -0.00068854627898, 0.00236195488833, -0.00248254579492, 0.00041475641774, 0.0016044205986, -0.000151762505993], [0.000357909972081, 9.58733508014e-05, 0.00191018322948, -0.000419907737523, 0.00369937717915, -0.00362183013931, 0.00713285803795, -0.000640095327981, 0.00206808652729, 0.00317567121238, -0.00191487383563, -0.00147029804066, 0.000538823544048], [-0.000150950058014, 7.48253733036e-05, -0.00201001623645, 0.000345899170497, -0.000565123802517, -0.00068854627898, -0.000640095327981, 0.0107334312052, -0.0042911991477, 0.00308625074103, -0.00142574612983, -0.000858322251588, -0.000105751416413], [0.000458142952994, -6.94233895047e-05, 0.00191328302026, -0.00139567407314, 7.79559413786e-05, 0.00236195488833, 0.00206808652729, -0.0042911991477, 0.0112253073603, -0.00396473705769, 0.00183341943193, 0.00170791067649, -0.00179002550431], [-0.000612163508777, 0.00341755338013, -0.00199349736795, 0.000729994382709, 0.000270544638624, -0.00248254579492, 0.00317567121238, 0.00308625074103, -0.00396473705769, 0.0141621138901, -0.00270995218307, 0.000476655986859, 5.07536924488e-06], [0.000353158189682, -0.00167315534782, 0.00158908346202, 0.000187891433598, 0.000693708076142, 0.00041475641774, -0.00191487383563, -0.00142574612983, 0.00183341943193, -0.00270995218307, 0.0137677798048, -0.00270923413336, -0.00190647284035], [-0.000442189484602, 0.00310318893753, -0.00262255501002, 0.000628478941508, -0.00063112139469, 0.0016044205986, -0.00147029804066, -0.000858322251588, 0.00170791067649, 0.000476655986859, -0.00270923413336, 0.0145886335522, -0.0018030453939], [0.000338589306921, -0.000938914250582, 0.00158777902834, -0.000590645649936, 0.000992209534161, -0.000151762505993, 0.000538823544048, -0.000105751416413, -0.00179002550431, 5.07536924488e-06, -0.00190647284035, -0.0018030453939, 0.0159226227552]]
    },
    "melbands": {
        "dmean": [3.29112322106e-06, 9.70984365267e-06, 0.000154626584845, 0.000228841046919, 2.8584690881e-05, 0.000123264529975, 0.000260554981651, 0.000209157646168, 0.00046127353562, 0.000694894348271, 0.000228282209719, 0.000119035124953, 0.000200456328457, 0.000106086372398, 8.60286527313e-05, 4.98375084135e-05, 2.86437134491e-05, 9.34893068916e-06, 4.87083116241e-06, 1.86119643786e-06, 1.66301765603e-06, 1.56682278885e-06, 5.104315278e-06, 3.39998814525e-06, 7.50497747504e-07, 4.7296697403e-07, 3.31751664362e-07, 2.06015258186e-07, 1.07681863426e-07, 6.89925343522e-08, 6.34472669958e-08, 3.25538280777e-08, 1.0583762311e-08, 3.9703000887e-09, 2.31910579629e-09, 1.44685141645e-09, 1.12021369958e-09, 1.26571397807e-09, 7.78825337555e-10, 8.39156022447e-10],
        "dmean2": [5.55488077225e-06, 1.54117296916e-05, 0.000251249584835, 0.000366057909559, 4.65702287329e-05, 0.000200896451133, 0.000405803381, 0.000310887029627, 0.000750698323827, 0.00109429471195, 0.000348900386598, 0.000180277245818, 0.000319409795338, 0.000161609292263, 0.00012542620243, 7.80007030698e-05, 4.44546894869e-05, 1.41647551573e-05, 7.83094765211e-06, 2.79572986983e-06, 2.59744865616e-06, 2.40540339291e-06, 7.3666778917e-06, 4.82691939396e-06, 1.17365823371e-06, 7.49255889332e-07, 5.04994488892e-07, 3.21105090961e-07, 1.7098162175e-07, 1.15466875172e-07, 9.62389350434e-08, 4.55706974378e-08, 1.56006709773e-08, 5.531476166e-09, 3.4652800629e-09, 2.14572892787e-09, 1.72151293221e-09, 2.01326333382e-09, 1.23533616669e-09, 1.3395781151e-09],
        "dvar": [3.87782791988e-11, 4.02502892127e-10, 4.98775740709e-08, 1.69891706037e-07, 1.78309911281e-09, 6.30842009741e-08, 4.8915694606e-07, 1.19774298923e-07, 1.00619308796e-06, 1.12676571007e-06, 2.24709424401e-07, 4.04995930126e-08, 1.77080437425e-07, 3.49232358587e-08, 2.41877273766e-08, 1.14606182322e-08, 6.39977670858e-09, 9.31803301185e-10, 2.85089840624e-10, 3.38461376981e-11, 2.96013213941e-11, 1.67741549817e-11, 1.53309753781e-10, 5.53038621842e-11, 2.13074089622e-12, 8.19065843795e-13, 3.03615802204e-13, 1.11750662706e-13, 7.33652369541e-14, 7.21185332048e-14, 1.15875326912e-14, 2.61567924574e-15, 3.23160592372e-16, 1.0599578396e-16, 3.31519133347e-17, 9.68293240997e-18, 2.83301315468e-18, 5.2891193953e-18, 1.66451900303e-18, 2.61045173227e-18],
        "dvar2": [1.15948903257e-10, 1.07139275229e-09, 1.33916699951e-07, 4.19327051304e-07, 5.06389996602e-09, 1.78030603593e-07, 1.23895813431e-06, 2.46316034236e-07, 2.79467735709e-06, 2.90444063467e-06, 4.82984546579e-07, 8.70364473826e-08, 4.75839470937e-07, 7.8317192731e-08, 5.00252745894e-08, 2.57981209728e-08, 1.63550986088e-08, 2.20869833534e-09, 7.47990835936e-10, 6.52009904401e-11, 6.95883489721e-11, 4.11023368119e-11, 3.25032112336e-10, 1.10874844028e-10, 5.41845388002e-12, 1.65284669632e-12, 6.87405752979e-13, 2.57479936894e-13, 1.89444420979e-13, 1.9974295926e-13, 2.64648583403e-14, 5.19915556937e-15, 6.90292623799e-16, 2.30339863275e-16, 7.21122624611e-17, 1.90452413427e-17, 6.15580408595e-18, 1.26150395273e-17, 3.51811867279e-18, 4.70740711106e-18],
        "max": [9.77924501058e-05, 0.000299154053209, 0.00223051407374, 0.00485699344426, 0.000426643004175, 0.00369221298024, 0.00792353227735, 0.00639680912718, 0.0157346148044, 0.0117903603241, 0.00613536313176, 0.00313838687725, 0.00465028546751, 0.0030994375702, 0.00222853105515, 0.00125187356025, 0.000975130591542, 0.000542758440133, 0.000265531329205, 0.000125658130855, 8.38552950881e-05, 5.75603626203e-05, 0.000181425042683, 0.000100434510387, 1.6034786313e-05, 1.21805842355e-05, 9.01744260773e-06, 5.06883725393e-06, 4.9190352911e-06, 5.23808967046e-06, 1.06290872282e-06, 6.23765856744e-07, 2.22631086899e-07, 2.07731034152e-07, 1.18342143196e-07, 5.02903709787e-08, 2.13557207474e-08, 2.97795352822e-08, 2.28580994133e-08, 3.43910180334e-08],
        "mean": [4.70774784844e-06, 1.77155707206e-05, 0.000236518782913, 0.000345900421962, 4.94981286465e-05, 0.000187876881682, 0.000401411001803, 0.000344014377333, 0.000760772498325, 0.00111329299398, 0.000375562318368, 0.000218707893509, 0.000339302816428, 0.000208525612834, 0.000165314108017, 9.78042080533e-05, 4.93908955832e-05, 1.40876791193e-05, 7.67559231463e-06, 3.2056557302e-06, 2.54195833804e-06, 2.44344641942e-06, 8.83612574398e-06, 6.41300857751e-06, 1.3415367448e-06, 8.55074119954e-07, 6.311312859e-07, 3.86699667843e-07, 1.97833429638e-07, 1.20373513823e-07, 1.19634890439e-07, 6.20593780809e-08, 2.0650496424e-08, 7.79094300185e-09, 4.58390481128e-09, 3.06789216253e-09, 2.56029686341e-09, 2.63726018801e-09, 2.01005323497e-09, 2.04752304001e-09],
        "median": [2.47159073297e-06, 6.50866604701e-06, 0.000131609966047, 0.000114740068966, 3.07545888063e-05, 9.45157953538e-05, 7.84479052527e-05, 0.00014302348427, 0.00028820062289, 0.000469288555905, 0.000125650141854, 8.76137346495e-05, 7.9412573541e-05, 5.31700861757e-05, 3.90157183574e-05, 1.53868822963e-05, 7.16170779924e-06, 1.83072222626e-06, 1.05805145267e-06, 5.10326628955e-07, 4.50429155308e-07, 6.0033482896e-07, 1.71645604041e-06, 1.94007475329e-06, 5.80543996875e-07, 3.54335526254e-07, 2.73298013553e-07, 1.7781208328e-07, 9.54490815275e-08, 5.55207044783e-08, 5.34275663711e-08, 3.00278841792e-08, 8.14231171375e-09, 3.12558912086e-09, 2.1230934788e-09, 1.80411308115e-09, 1.75743708475e-09, 1.67825653374e-09, 1.67883007496e-09, 1.6023125049e-09],
        "min": [4.08076010777e-24, 2.13607026219e-24, 2.05470458463e-24, 5.6787793093e-24, 3.43919767735e-24, 7.09752513696e-24, 9.16871652008e-24, 9.80593548235e-24, 8.54767078409e-24, 4.37882094561e-24, 7.92939079443e-24, 6.68304341786e-24, 7.51730642362e-24, 7.83067431847e-24, 7.4925219917e-24, 8.31689662601e-24, 7.73459027135e-24, 3.86150489663e-24, 6.41905427137e-24, 4.99782195414e-24, 3.64829867092e-24, 5.91852912676e-24, 5.06530387699e-24, 7.21302778412e-24, 6.13625000343e-24, 5.86590697678e-24, 9.5367556311e-24, 5.85447795999e-24, 5.18714817696e-24, 7.06302114982e-24, 6.74866323454e-24, 5.12020544055e-24, 6.90476697477e-24, 1.00508704825e-23, 1.16130730324e-23, 1.02518864407e-23, 8.4173659509e-24, 7.42970894212e-24, 1.02839552142e-23, 8.85944044674e-24],
