{
"metadata": {
    "version": {
        "essentia": "2.0.1",
        "extractor": "archive-music 1.0"
    },
    "audio_properties": {
        "analysis_sample_rate": 44100,
        "bitrate": 128,
        "channels": 2,
        "equal_loudness": 0,
        "length": 16.0653057098,
        "replay_gain": -11.723947525,
        "downmix": "mix"
    },
    "tags": {
        "track": 0,
        "year": 0,
        "album": "",
        "artist": "",
        "comment": "",
        "genre": "",
        "title": ""
    }
},
"highlevel": {
    "culture": {
        "all": {
            "non_western": 0.364136129618,
            "western": 0.635863900185
        },
        "probability": 0.635863900185,
        "value": "western"
    },
    "danceability": {
        "all": {
            "danceable": 0.0237991195172,
            "not_danceable": 0.97620087862
        },
        "probability": 0.97620087862,
        "value": "not_danceable"
    },
    "gender": {
        "all": {
            "female": 0.850650668144,
            "male": 0.149349331856
        },
        "probability": 0.850650668144,
        "value": "female"
    },
    "genre_dortmund": {
        "all": {
            "alternative": 0.00228656060062,
            "blues": 0.00546929147094,
            "electronic": 0.00149747810792,
            "folkcountry": 0.0545322373509,
            "funksoulrnb": 0.00153039873112,
            "jazz": 0.922269999981,
            "pop": 0.00969017110765,
            "raphiphop": 0.00175635667983,
            "rock": 0.000967491592746
        },
        "probability": 0.922269999981,
        "value": "jazz"
    },
    "genre_electronic": {
        "all": {
            "ambient": 0.998688519001,
            "dnb": 0.000103334146843,
            "house": 0.000308752147248,
            "techno": 0.000418178067775,
            "trance": 0.000481210125145
        },
        "probability": 0.998688519001,
        "value": "ambient"
    },
    "genre_rosamerica": {
        "all": {
            "cla": 0.210219100118,
            "dan": 0.000349570589606,
            "hip": 0.00139961706009,
            "jaz": 0.685548841953,
            "pop": 0.00227977149189,
            "rhy": 0.00455103255808,
            "roc": 0.000424765399657,
            "spe": 0.0952273011208
        },
        "probability": 0.685548841953,
        "value": "jaz"
    },
    "genre_tzanetakis": {
        "all": {
            "blu": 0.000331136136083,
            "cla": 0.0439313165843,
            "cou": 0.000254318088992,
            "dis": 0.000625294225756,
            "hip": 0.000299130770145,
            "jaz": 0.933625042439,
            "met": 2.7279036658e-05,
            "pop": 0.0017996695824,
            "reg": 0.0190304890275,
            "roc": 7.63417338021e-05
        },
        "probability": 0.933625042439,
        "value": "jaz"
    },
    "mirex_ballroom": {
        "all": {
            "ChaChaCha": 0.000724228098989,
            "Jive": 0.000374689901946,
            "Quickstep": 0.0264676325023,
            "Rumba-American": 0.00643574120477,
            "Rumba-International": 0.00481658382341,
            "Rumba-Misc": 0.0163223072886,
            "Samba": 0.000702302029822,
            "Tango": 0.0141926808283,
            "VienneseWaltz": 0.0734056532383,
            "Waltz": 0.856558203697
        },
        "probability": 0.856558203697,
        "value": "Waltz"
    },
    "mood_acoustic": {
        "all": {
            "acoustic": 0.999651134014,
            "not_acoustic": 0.000348859350197
        },
        "probability": 0.999651134014,
        "value": "acoustic"
    },
    "mood_aggressive": {
        "all": {
            "aggressive": 0.0295666139573,
            "not_aggressive": 0.970433413982
        },
        "probability": 0.970433413982,
        "value": "not_aggressive"
    },
    "mood_electronic": {
        "all": {
            "electronic": 0.0226026307791,
            "not_electronic": 0.977397382259
        },
        "probability": 0.977397382259,
        "value": "not_electronic"
    },
    "mood_happy": {
        "all": {
            "happy": 0.137938320637,
            "not_happy": 0.862061679363
        },
        "probability": 0.862061679363,
        "value": "not_happy"
    },
    "mood_party": {
        "all": {
            "not_party": 0.953152358532,
            "party": 0.0468476489186
        },
        "probability": 0.953152358532,
        "value": "not_party"
    },
    "mood_relaxed": {
        "all": {
            "not_relaxed": 0.00625552004203,
            "relaxed": 0.993744492531
        },
        "probability": 0.993744492531,
        "value": "relaxed"
    },
    "mood_sad": {
        "all": {
            "not_sad": 0.0949962064624,
            "sad": 0.905003786087
        },
        "probability": 0.905003786087,
        "value": "sad"
    },
    "moods_mirex": {
        "all": {
            "Cluster1": 0.0552572794259,
            "Cluster2": 0.144166335464,
            "Cluster3": 0.538357794285,
            "Cluster4": 0.24887932837,
            "Cluster5": 0.0133392587304
        },
        "probability": 0.538357794285,
        "value": "Cluster3"
    },
    "timbre": {
        "all": {
            "bright": 0.376632064581,
            "dark": 0.623367905617
        },
        "probability": 0.623367905617,
        "value": "dark"
    },
    "tonal_atonal": {
        "all": {
            "atonal": 0.00209539709613,
            "tonal": 0.997904598713
        },
        "probability": 0.997904598713,
        "value": "tonal"
    },
    "voice_instrumental": {
        "all": {
            "instrumental": 0.5,
            "voice": 0.5
        },
        "probability": 0.5,
        "value": "voice"
    }
},
"lowlevel": {
    "average_loudness": 0.854177594185,
    "barkbands_kurtosis": {
        "dmean": 5.16190242767,
        "dmean2": 7.80722761154,
        "dvar": 77.6129760742,
        "dvar2": 169.942184448,
        "max": 98.5733795166,
        "mean": 11.6124315262,
        "median": 8.05480575562,
        "min": -0.870000123978,
        "var": 160.376556396
    },
    "barkbands_skewness": {
        "dmean": 0.529147565365,
        "dmean2": 0.731775283813,
        "dvar": 0.39671432972,
        "dvar2": 0.795164942741,
        "max": 7.85679531097,
        "mean": 2.1312353611,
        "median": 2.05471682549,
        "min": -2.06308054924,
        "var": 2.00930953026
    },
    "barkbands_spread": {
        "dmean": 2.00949239731,
        "dmean2": 2.96058797836,
        "dvar": 15.9503660202,
        "dvar2": 27.888999939,
        "max": 62.1436271667,
        "mean": 7.8194642067,
        "median": 3.53472590446,
        "min": 0.451422065496,
        "var": 110.17010498
    },
    "dissonance": {
        "dmean": 0.0531120300293,
        "dmean2": 0.0878026038408,
        "dvar": 0.00256015127525,
        "dvar2": 0.00642252154648,
        "max": 0.497571110725,
        "mean": 0.333281159401,
        "median": 0.335132837296,
        "min": 0.0965799167752,
        "var": 0.0079537127167
    },
    "dynamic_complexity": 8.20082759857,
    "erbbands_kurtosis": {
        "dmean": 2.69076013565,
        "dmean2": 4.16696405411,
        "dvar": 17.8338890076,
        "dvar2": 40.3984107971,
        "max": 63.0597686768,
        "mean": 5.08480358124,
        "median": 3.1443195343,
        "min": -1.7976320982,
        "var": 48.1924324036
    },
    "erbbands_skewness": {
        "dmean": 0.437498629093,
        "dmean2": 0.650083005428,
        "dvar": 0.249831616879,
        "dvar2": 0.543411254883,
        "max": 4.98582172394,
        "mean": 1.46273124218,
        "median": 1.40415227413,
        "min": -1.40475070477,
        "var": 1.09420871735
    },
    "erbbands_spread": {
        "dmean": 3.40668082237,
        "dmean2": 5.19747066498,
        "dvar": 24.3581352234,
        "dvar2": 50.5845069885,
        "max": 66.0099563599,
        "mean": 13.718457222,
        "median": 9.58819389343,
        "min": 0.699093341827,
        "var": 130.312042236
    },
    "hfc": {
        "dmean": 2.45911073685,
        "dmean2": 3.13983011246,
        "dvar": 24.997051239,
        "dvar2": 42.3120689392,
        "max": 65.4869003296,
        "mean": 9.46574115753,
        "median": 4.11115407944,
        "min": 1.21541101709e-16,
        "var": 151.714889526
    },
    "melbands_kurtosis": {
        "dmean": 5.4105424881,
        "dmean2": 7.67485761642,
        "dvar": 91.1187591553,
        "dvar2": 185.117202759,
        "max": 154.92225647,
        "mean": 13.4484891891,
        "median": 8.67597007751,
        "min": -1.34794104099,
        "var": 251.692871094
    },
    "melbands_skewness": {
        "dmean": 0.583424329758,
        "dmean2": 0.804037690163,
        "dvar": 0.510921418667,
        "dvar2": 1.00906467438,
        "max": 9.51027393341,
        "mean": 2.10460877419,
        "median": 2.09401082993,
        "min": -2.13876771927,
        "var": 2.90722346306
    },
    "melbands_spread": {
        "dmean": 2.30456161499,
        "dmean2": 3.49907398224,
        "dvar": 42.6534461975,
        "dvar2": 76.4486923218,
        "max": 150.359085083,
        "mean": 8.58401203156,
        "median": 4.77804231644,
        "min": 0.846038818359,
        "var": 162.899932861
    },
    "pitch_salience": {
        "dmean": 0.0577142648399,
        "dmean2": 0.081511951983,
        "dvar": 0.00398554420099,
        "dvar2": 0.00841158721596,
        "max": 0.969882309437,
        "mean": 0.453249722719,
        "median": 0.454914063215,
        "min": 0.122444495559,
        "var": 0.0146460309625
    },
    "silence_rate_20dB": {
        "dmean": 0,
        "dmean2": 0,
        "dvar": 0,
        "dvar2": 0,
        "max": 1,
        "mean": 1,
        "median": 1,
        "min": 1,
        "var": 0
    },
    "silence_rate_30dB": {
        "dmean": 0,
        "dmean2": 0,
        "dvar": 0,
        "dvar2": 0,
        "max": 1,
        "mean": 1,
        "median": 1,
        "min": 1,
        "var": 0
    },
    "silence_rate_60dB": {
        "dmean": 0.0549132935703,
        "dmean2": 0.109985530376,
        "dvar": 0.0518974475563,
        "dvar2": 0.103677950799,
        "max": 1,
        "mean": 0.281385272741,
        "median": 0,
        "min": 0,
        "var": 0.202208042145
    },
    "spectral_centroid": {
        "dmean": 97.9380340576,
        "dmean2": 125.074134827,
        "dvar": 198490.078125,
        "dvar2": 168104.6875,
        "max": 11456.3564453,
        "mean": 708.892883301,
        "median": 635.374328613,
        "min": 324.139404297,
        "var": 409276.78125
    },
    "spectral_complexity": {
        "dmean": 0.5,
        "dmean2": 0.81910276413,
        "dvar": 0.599711000919,
        "dvar2": 0.932547390461,
        "max": 9,
        "mean": 3.44444441795,
        "median": 3,
        "min": 0,
        "var": 5.11560058594
    },
    "spectral_crest": {
        "dmean": 2.39033126831,
        "dmean2": 3.51236081123,
        "dvar": 6.2999830246,
        "dvar2": 15.4650936127,
        "max": 25.428560257,
        "mean": 15.9983386993,
        "median": 15.9595155716,
        "min": 3.25054216385,
        "var": 25.3442821503
    },
    "spectral_decrease": {
        "dmean": 9.74961444911e-10,
        "dmean2": 1.27208477085e-09,
        "dvar": 3.90696800694e-18,
        "dvar2": 7.03137186921e-18,
        "max": 7.31064951296e-29,
        "mean": -3.71886454964e-09,
        "median": -2.09028638842e-09,
        "min": -2.56607037841e-08,
        "var": 2.04345854801e-17
    },
    "spectral_energy": {
        "dmean": 0.00389890582301,
        "dmean2": 0.00508109340444,
        "dvar": 6.25208413112e-05,
        "dvar2": 0.000112147856271,
        "max": 0.102405436337,
        "mean": 0.0148944044486,
        "median": 0.00826241169125,
        "min": 1.07808864537e-20,
        "var": 0.00032968717278
    },
    "spectral_energyband_high": {
        "dmean": 9.88295028037e-07,
        "dmean2": 1.46728791606e-06,
        "dvar": 3.1672112849e-12,
        "dvar2": 6.76297169308e-12,
        "max": 3.18162201438e-05,
        "mean": 3.64666607311e-06,
        "median": 1.45637932292e-06,
        "min": 7.84862488623e-21,
        "var": 2.59058885455e-11
    },
    "spectral_energyband_low": {
        "dmean": 2.08732194551e-06,
        "dmean2": 3.56857572115e-06,
        "dvar": 5.25034009324e-12,
        "dvar2": 1.48488218249e-11,
        "max": 3.83072365366e-05,
        "mean": 1.27193488879e-05,
        "median": 1.33847579491e-05,
        "min": 6.02862145028e-23,
        "var": 1.8667541471e-11
    },
    "spectral_energyband_middle_high": {
        "dmean": 0.000401270575821,
        "dmean2": 0.000497907167301,
        "dvar": 1.05086280655e-06,
        "dvar2": 1.63209028869e-06,
        "max": 0.0247918143868,
        "mean": 0.00129858369473,
        "median": 0.000305184803437,
        "min": 1.52743787259e-21,
        "var": 6.12792064203e-06
    },
    "spectral_energyband_middle_low": {
        "dmean": 0.00375340203755,
        "dmean2": 0.00493010273203,
        "dvar": 5.82413449592e-05,
        "dvar2": 0.000107656567707,
        "max": 0.0985225960612,
        "mean": 0.0136459441856,
        "median": 0.00786575954407,
        "min": 2.54482615274e-22,
        "var": 0.000286064372631
    },
    "spectral_flatness_db": {
        "dmean": 0.0220888648182,
        "dmean2": 0.0292060617357,
        "dvar": 0.000843491579872,
        "dvar2": 0.00114252034109,
        "max": 0.495360940695,
        "mean": 0.305544912815,
        "median": 0.334236651659,
        "min": 0.0518946610391,
        "var": 0.00993545725942
    },
    "spectral_flux": {
        "dmean": 0.0157841071486,
        "dmean2": 0.0240330584347,
        "dvar": 0.000427155726356,
        "dvar2": 0.000956672069151,
        "max": 0.230845585465,
        "mean": 0.0308849643916,
        "median": 0.0224972721189,
        "min": 1.04971281667e-10,
        "var": 0.000954270944931
    },
    "spectral_kurtosis": {
        "dmean": 9.29185962677,
        "dmean2": 14.5557756424,
        "dvar": 94.0615997314,
        "dvar2": 221.838882446,
        "max": 135.138092041,
        "mean": 34.8203620911,
        "median": 26.9237976074,
        "min": -1.22932982445,
        "var": 769.068359375
    },
    "spectral_rms": {
        "dmean": 0.000466540106572,
        "dmean2": 0.000566764443647,
        "dvar": 5.03622175074e-07,
        "dvar2": 6.86665828198e-07,
        "max": 0.00999538600445,
        "mean": 0.00307166040875,
        "median": 0.00283917062916,
        "min": 3.24313709568e-12,
        "var": 5.0960252338e-06
    },
    "spectral_rolloff": {
        "dmean": 158.044662476,
        "dmean2": 275.53717041,
        "dvar": 799779.25,
        "dvar2": 1409090.375,
        "max": 19832.0800781,
        "mean": 881.401306152,
        "median": 602.9296875,
        "min": 301.46484375,
        "var": 2345745.5
    },
    "spectral_skewness": {
        "dmean": 0.643296182156,
        "dmean2": 1.01851832867,
        "dvar": 0.350193828344,
        "dvar2": 0.785571396351,
        "max": 9.46330165863,
        "mean": 4.30384397507,
        "median": 4.02456092834,
        "min": -0.0371505878866,
        "var": 3.80456590652
    },
    "spectral_spread": {
        "dmean": 600541.6875,
        "dmean2": 831589.5,
        "dvar": 3.30413323059e+12,
        "dvar2": 3.35303933952e+12,
        "max": 41651156,
        "mean": 3142953.75,
        "median": 2232221,
        "min": 807146.75,
        "var": 9.21135638118e+12
    },
    "spectral_strongpeak": {
        "dmean": 0.408346235752,
        "dmean2": 0.572306632996,
        "dvar": 0.370633512735,
        "dvar2": 0.55773216486,
        "max": 7.53484487534,
        "mean": 1.73604011536,
        "median": 1.10138094425,
        "min": 0,
        "var": 2.97344040871
    },
    "zerocrossingrate": {
        "dmean": 0.00555455219001,
        "dmean2": 0.00684583047405,
        "dvar": 0.000474560976727,
        "dvar2": 0.000800762267318,
        "max": 0.517578125,
        "mean": 0.0394443869591,
        "median": 0.02978515625,
        "min": 0.01318359375,
        "var": 0.00211275322363
    },
    "barkbands": {
        "dmean": [5.84101201184e-07, 1.71136105109e-06, 1.84499839406e-07, 6.27029805855e-07, 0.000206766402698, 0.000346507760696, 0.000504379160702, 0.00246105669066, 0.0011580507271, 0.000306339614326, 9.04869229998e-05, 9.79590186034e-05, 5.96025456616e-05, 7.50135804992e-05, 6.5852625994e-05, 4.88097393827e-05, 1.44092855408e-05, 2.24938708016e-06, 3.72304498342e-07, 7.57510974836e-07, 7.00740315551e-07, 3.91975376601e-08, 5.05647932414e-08, 2.84122929628e-08, 5.28381001175e-08, 7.59646070492e-08, 2.64968278429e-08],
        "dmean2": [9.82396272775e-07, 2.98950340039e-06, 2.84617499346e-07, 1.04904688669e-06, 0.000269281095825, 0.000460667302832, 0.000612899777479, 0.00323800905608, 0.00142062688246, 0.000368976936443, 0.000110190259875, 0.000132210450829, 8.7337786681e-05, 9.37776130741e-05, 8.53567980812e-05, 6.95745911798e-05, 1.93844552996e-05, 3.28272608385e-06, 5.86954854498e-07, 1.165829417e-06, 1.00171109807e-06, 6.23910167974e-08, 7.84882345783e-08, 4.78465125298e-08, 9.037690063e-08, 1.31850555363e-07, 4.5549800376e-08],
        "dvar": [4.0947196263e-13, 3.13880323642e-12, 5.26745368244e-13, 1.82810754382e-12, 1.12887711623e-07, 4.81983420286e-07, 4.2757214942e-06, 4.57393143733e-05, 1.12149773486e-05, 1.31860224428e-06, 1.98176095978e-07, 1.30233772211e-07, 6.48492957112e-08, 6.71751934078e-08, 5.39201394645e-08, 1.25075851898e-08, 9.48138900725e-10, 3.94253969749e-11, 1.96230293299e-12, 2.06764076346e-12, 2.37503007712e-12, 6.85400129732e-15, 8.7093350652e-15, 5.84050922351e-16, 2.03297203528e-15, 4.10698366388e-15, 5.69415834149e-16],
        "dvar2": [1.22182721839e-12, 9.72699872037e-12, 7.86039581948e-13, 4.94346360722e-12, 2.0545950008e-07, 7.57646660077e-07, 7.62506761021e-06, 8.93822289072e-05, 1.67300458997e-05, 1.75522256995e-06, 3.91761403762e-07, 2.19732342543e-07, 1.14357760594e-07, 9.91137767414e-08, 8.40281231262e-08, 2.61957922021e-08, 1.77704995163e-09, 8.18791076607e-11, 5.1731622458e-12, 5.03737980148e-12, 5.71675476055e-12, 1.86444301431e-14, 1.79501680582e-14, 1.60234101429e-15, 5.62159969928e-15, 1.22817481893e-14, 1.65948640971e-15],
        "max": [6.46649050395e-06, 2.08578640013e-05, 1.45087888086e-05, 1.8774819182e-05, 0.00624162517488, 0.0126911560073, 0.0474938377738, 0.0937836691737, 0.0577158778906, 0.0222216211259, 0.0106338225305, 0.00652166549116, 0.0049027306959, 0.00595263112336, 0.00493401382118, 0.00153319456149, 0.000420298863901, 8.44913665787e-05, 2.88688788714e-05, 2.09091958823e-05, 2.3735277864e-05, 1.48941819589e-06, 2.03141962629e-06, 2.54353381024e-07, 4.24578388447e-07, 7.47961450998e-07, 1.84217796573e-07],
        "mean": [2.04198931897e-06, 1.05369026642e-05, 2.53622346236e-07, 8.46868204007e-07, 0.000696520670317, 0.00138121505734, 0.00125563913025, 0.00606933701783, 0.00378361367621, 0.000681168399751, 0.000206161173992, 0.000219030829612, 0.000109612810775, 0.000153794622747, 0.000174982837052, 0.000106559869891, 3.44529435097e-05, 3.83981796404e-06, 6.5886865741e-07, 1.5185232769e-06, 1.71248370862e-06, 9.85414558841e-08, 1.50918737063e-07, 1.04119507682e-07, 1.57811371082e-07, 3.61169725238e-07, 6.36209804838e-08],
        "median": [1.93620121536e-06, 1.12168991109e-05, 6.29265457519e-08, 6.0747970565e-07, 0.000383035105187, 2.26050306082e-05, 6.69553537591e-06, 0.00098133017309, 8.88839131221e-05, 1.55070119945e-05, 2.05397554964e-06, 2.22440530706e-06, 1.47504874803e-06, 6.47393517283e-06, 7.86638702266e-06, 1.01954783531e-05, 4.45798514193e-06, 3.77460906975e-07, 1.30297564738e-07, 3.63515312074e-07, 1.61850977065e-07, 7.29613276462e-08, 1.06095754404e-07, 1.0525597105e-07, 1.62067223641e-07, 3.69121323729e-07, 6.09430017562e-08],
        "min": [5.34826078951e-24, 1.75171376056e-23, 2.78622106073e-23, 1.40240441623e-23, 5.12542493873e-23, 2.11385992285e-23, 3.70230314186e-23, 2.44852769323e-23, 3.45406060567e-23, 3.14316957629e-23, 4.80330210778e-23, 3.20216911448e-23, 6.3632215364e-23, 6.88529347001e-23, 5.73724084435e-23, 1.40242315957e-22, 9.50483358571e-23, 1.94752150124e-22, 2.05974952367e-22, 3.8368480393e-22, 3.70083882669e-22, 6.44510466727e-22, 6.41903413964e-22, 6.23793035603e-22, 9.96347125756e-22, 1.95613068739e-21, 2.16339234132e-21],
        "var": [1.02167102903e-12, 1.15280111845e-11, 1.00735153725e-12, 1.6460219689e-12, 8.06960201771e-07, 4.40250323663e-06, 1.44977302625e-05, 0.000168685190147, 9.09044683794e-05, 5.34752598469e-06, 6.63027719838e-07, 5.23427672761e-07, 2.08343237773e-07, 2.00322048727e-07, 4.00091693109e-07, 5.10801534404e-08, 4.06548439358e-09, 8.98276661387e-11, 3.99053229697e-12, 7.10657487718e-12, 1.22672540528e-11, 1.07918621278e-14, 3.01320756269e-14, 1.70784087369e-15, 5.37254617828e-15, 1.667079086e-14, 1.01403946885e-15]
    },
    "erbbands": {
        "dmean": [9.45803476498e-05, 0.000229392797337, 0.000155475368956, 0.00100896065123, 0.0174533817917, 0.514160037041, 3.62667942047, 1.45989334583, 1.61219739914, 27.3769302368, 48.2592163086, 20.9296131134, 21.0523662567, 4.70600795746, 2.75199747086, 4.21610021591, 2.09582185745, 4.31067037582, 2.87755393982, 3.20954751968, 1.94963932037, 0.504401385784, 0.120982840657, 0.0248528923839, 0.0187887698412, 0.0345267355442, 0.0410766750574, 0.00769556267187, 0.00123039609753, 0.00224398449063, 0.00113017088734, 0.000632924900856, 0.000552017765585, 0.000559173291549, 0.000491512881126, 0.000330645940267, 0.000186670571566, 5.8719968365e-05, 2.78523498309e-06, 4.45653540737e-06],
        "dmean2": [0.000162415861269, 0.000412541179685, 0.000237317595747, 0.00163168087602, 0.0278816781938, 0.708358287811, 4.77731990814, 1.8810198307, 2.11572504044, 36.8837814331, 62.4889755249, 25.9551544189, 24.7286109924, 5.55628108978, 3.51837897301, 5.66726398468, 2.72131919861, 5.31251764297, 3.97109627724, 4.25286579132, 2.56355953217, 0.660176157951, 0.175899758935, 0.0373813472688, 0.0297992993146, 0.0559533759952, 0.0593220628798, 0.0115602007136, 0.00195485679433, 0.00357535947114, 0.00176745897625, 0.00106834608596, 0.000926912529394, 0.0009424185846, 0.000835249724332, 0.000560788845178, 0.000326109613525, 9.97854658635e-05, 4.13158022639e-06, 5.79857260163e-06],
        "dvar": [8.84473294605e-09, 6.12079702478e-08, 2.67414577593e-07, 3.34281844516e-06, 0.000869872397743, 0.519082307816, 45.7938194275, 10.1089525223, 26.739862442, 7755.77294922, 25463.7578125, 3654.51806641, 5650.45410156, 301.804931641, 175.675811768, 282.447601318, 51.3090438843, 231.667648315, 123.555389404, 110.626365662, 20.4449577332, 1.02496826649, 0.0770424455404, 0.00534778274596, 0.00434476649389, 0.00491222459823, 0.00704190833494, 0.000499039655551, 3.95381812268e-06, 4.16661569034e-05, 2.84051566268e-06, 3.04791797134e-07, 2.3367071833e-07, 2.55153736362e-07, 1.98357142267e-07, 9.7459889048e-08, 2.27298322386e-08, 2.45820652722e-09, 1.68964165576e-11, 8.1547171793e-11],
        "dvar2": [2.69989204327e-08, 1.89772890735e-07, 3.93734637782e-07, 7.9545616245e-06, 0.00222601671703, 0.96525067091, 76.7305374146, 18.6603221893, 40.6212654114, 14134.3896484, 49598.125, 6068.15869141, 7302.71875, 394.881500244, 343.421691895, 460.505828857, 86.3168563843, 369.016876221, 214.579391479, 168.724945068, 39.9769363403, 1.75381755829, 0.153955623507, 0.0140172140673, 0.0114649329334, 0.0124342916533, 0.0151320500299, 0.00132381066214, 9.22501658351e-06, 0.000114574431791, 4.97218616147e-06, 8.03855641607e-07, 6.69373434903e-07, 7.24394396912e-07, 5.78607284751e-07, 2.66552405037e-07, 6.93814783403e-08, 7.11521330743e-09, 3.26908326798e-11, 1.45690848274e-10],
        "max": [0.00109732383862, 0.00302077108063, 0.0112274121493, 0.0297761578113, 0.693081855774, 14.1424665451, 143.600189209, 59.543674469, 113.845443726, 1697.53759766, 2528.31469727, 978.490478516, 1746.16699219, 303.632873535, 311.891845703, 338.610290527, 136.08140564, 324.564544678, 247.87008667, 324.51953125, 96.8205108643, 15.3816566467, 4.46608686447, 1.16125690937, 1.4815300703, 1.12272775173, 1.37364459038, 0.445408731699, 0.0345173403621, 0.129689976573, 0.0374656319618, 0.00646927859634, 0.0046787285246, 0.0059738503769, 0.00380625808612, 0.00285320263356, 0.00162678165361, 0.000494817621075, 5.82925713388e-05, 0.000116824907309],
        "mean": [0.000644187792204, 0.00100583489984, 0.000371049885871, 0.00263755139895, 0.0585956834257, 2.00406908989, 16.3338489532, 5.00000667572, 4.57387065887, 72.8256607056, 123.244880676, 64.873916626, 82.7841491699, 13.7032432556, 7.3116607666, 9.85981369019, 5.08038139343, 9.80773353577, 6.35852956772, 9.79689884186, 4.72831201553, 1.66095507145, 0.324843615294, 0.057796087116, 0.033992189914, 0.076156899333, 0.113115735352, 0.0208239462227, 0.00367470597848, 0.00566686782986, 0.0036449751351, 0.00212625786662, 0.00185172935016, 0.00164508272428, 0.00119719177019, 0.000928561727051, 0.000777864246629, 0.000233820552239, 1.28661622512e-05, 1.71769679582e-05],
        "median": [0.000683454272803, 0.00105919409543, 0.000260393833742, 0.00221739942208, 0.0478539727628, 1.45000016689, 2.86792135239, 0.496469855309, 0.709795355797, 6.3035736084, 18.667345047, 5.68385887146, 0.757336258888, 0.578577101231, 0.105542346835, 0.108828179538, 0.100679464638, 0.296493142843, 0.587893605232, 0.874878942966, 0.466136008501, 0.303156793118, 0.0591959804296, 0.013979784213, 0.0127196377143, 0.017953036353, 0.0119377970695, 0.00398315303028, 0.00261602224782, 0.00354627729394, 0.00280583789572, 0.00211184425279, 0.00184356456157, 0.00168883020524, 0.00116719596554, 0.00093410059344, 0.000792053237092, 0.000235454572248, 9.92830973701e-06, 9.49137029238e-06],
        "min": [6.30408208584e-22, 3.68979139138e-21, 2.01003790251e-20, 6.06437449453e-20, 5.90087513788e-20, 2.55199953127e-19, 1.12752304288e-19, 2.33527640133e-19, 3.94771378654e-19, 4.48351020555e-19, 6.68889779571e-19, 8.78038158155e-19, 1.0077144356e-18, 1.0685647366e-18, 2.9668162362e-18, 2.02570907186e-18, 3.41043319872e-18, 2.77768056196e-18, 3.41088814805e-18, 4.26823128126e-18, 8.64112572542e-18, 5.69206471427e-18, 1.10335024561e-17, 7.05188015814e-18, 1.58171789284e-17, 1.76547821659e-17, 1.80229685283e-17, 1.26902228003e-17, 1.96236093357e-17, 2.03419644125e-17, 1.79177015236e-17, 1.15427380023e-17, 1.13294130854e-17, 8.1734030655e-18, 8.34133727346e-18, 6.22649783624e-18, 3.81818298948e-18, 1.46905456992e-18, 3.26846589624e-19, 3.07185378881e-20],
        "var": [4.16597281117e-08, 1.292398224e-07, 5.47413719687e-07, 6.88586396791e-06, 0.00351314549334, 4.53229284286, 581.13458252, 79.9089279175, 113.106643677, 32657.1113281, 86581.515625, 19844.2988281, 54904.796875, 1736.38635254, 669.055603027, 1134.0357666, 239.21295166, 777.565490723, 370.112335205, 1332.94714355, 77.0352325439, 7.4841594696, 0.372152298689, 0.0167879574001, 0.00610471284017, 0.017413046211, 0.045272435993, 0.00251092924736, 1.44052337419e-05, 6.48306231597e-05, 1.26276108858e-05, 9.11891106625e-07, 5.95583117047e-07, 5.85640123063e-07, 4.15510697849e-07, 2.07599029522e-07, 8.33110505027e-08, 8.04622146688e-09, 9.94396162635e-11, 4.3501535707e-10]
    },
    "gfcc": {
        "mean": [-224.429092407, 112.944320679, -114.71988678, -49.5553245544, -61.4582824707, -19.34724617, -48.3967590332, 4.90198564529, -2.06917357445, 18.803319931, -19.7042942047, 2.69646644592, 5.1522860527],
        "cov": [[16757.8984375, 2754.77099609, -3130.96166992, -1975.86889648, -805.637207031, -2021.9453125, -490.411987305, 305.457672119, 641.942810059, -395.243011475, -345.876617432, -129.957229614, 737.327026367], [2754.77099609, 848.264648438, -673.163513184, -837.92578125, -248.912780762, -427.840545654, -30.8111476898, 27.0396633148, 133.777709961, -161.969818115, 20.0786495209, -26.4361572266, 191.786605835], [-3130.96166992, -673.163513184, 1388.71386719, 822.372497559, 31.3448448181, 518.781494141, -86.2808914185, -179.354888916, -276.964294434, 192.49168396, 80.5142440796, 86.8375701904, -260.552459717], [-1975.86889648, -837.92578125, 822.372497559, 1552.16162109, 253.506530762, -188.813064575, -401.730773926, -49.2957077026, -6.21247434616, 181.348907471, -232.648544312, 68.5472564697, 5.0688252449], [-805.637207031, -248.912780762, 31.3448448181, 253.506530762, 191.589569092, 68.9176101685, -23.1358528137, 20.7722358704, 14.8865280151, 38.7550811768, -44.4138374329, -28.0062522888, -30.4868087769], [-2021.9453125, -427.840545654, 518.781494141, -188.813064575, 68.9176101685, 1081.15930176, 395.608886719, -82.4313278198, -345.879669189, 129.380233765, 239.712875366, 9.67513656616, -400.404449463], [-490.411987305, -30.8111476898, -86.2808914185, -401.730773926, -23.1358528137, 395.608886719, 349.230407715, 20.9367752075, -131.31199646, -40.3472175598, 143.584655762, -10.9335927963, -135.456970215], [305.457672119, 27.0396633148, -179.354888916, -49.2957077026, 20.7722358704, -82.4313278198, 20.9367752075, 103.473106384, 67.9382476807, -32.2953338623, -48.7184181213, -36.605594635, 19.7591609955], [641.942810059, 133.777709961, -276.964294434, -6.21247434616, 14.8865280151, -345.879669189, -131.31199646, 67.9382476807, 227.63899231, -17.5590820312, -121.059043884, -63.6876525879, 113.899551392], [-395.243011475, -161.969818115, 192.49168396, 181.348907471, 38.7550811768, 129.380233765, -40.3472175598, -32.2953338623, -17.5590820312, 120.462966919, -6.87811470032, -36.270401001, -77.5062484741], [-345.876617432, 20.0786495209, 80.5142440796, -232.648544312, -44.4138374329, 239.712875366, 143.584655762, -48.7184181213, -121.059043884, -6.87811470032, 156.187225342, 44.3607902527, -87.9689102173], [-129.957229614, -26.4361572266, 86.8375701904, 68.5472564697, -28.0062522888, 9.67513656616, -10.9335927963, -36.605594635, -63.6876525879, -36.270401001, 44.3607902527, 130.265213013, 51.5866584778], [737.327026367, 191.786605835, -260.552459717, 5.0688252449, -30.4868087769, -400.404449463, -135.456970215, 19.7591609955, 113.899551392, -77.5062484741, -87.9689102173, 51.5866584778, 259.534851074]],
        "icov": [[0.000300262472592, -0.000850517302752, 0.000824185903184, -0.000419896590756, 0.000967822794337, -0.000164599492564, 0.000516312895343, -0.000395421666326, 0.000601437524892, -0.000504845462274, 0.000518483866472, -0.000306678528432, 0.000592397991568], [-0.000850517302752, 0.0263633485883, -0.00029899092624, 0.0178570169955, 0.00535432714969, 0.00976992957294, 0.0133156199008, 0.00532022677362, 0.0101658497006, 0.00446531130001, 0.00756073789671, 0.000445323908934, 0.00387857831083], [0.000824185903184, -0.00029899092624, 0.00613705255091, -0.00342822633684, 0.00779074709862, -0.00341778248549, 0.00570897012949, 0.000453986547654, 0.0015939634759, 0.00259860581718, -0.00289208814502, 0.0030266570393, 0.00118953478523], [-0.000419896590756, 0.0178570169955, -0.00342822633684, 0.0194559600204, -0.00385364075191, 0.0133210532367, 0.00643975893036, 0.00316834892146, 0.0124360108748, -0.00620451383293, 0.0178718306124, -0.0100949080661, 0.00814775377512], [0.000967822794337, 0.00535432714969, 0.00779074709862, -0.00385364075191, 0.0218251496553, -0.00657403748482, 0.0115630719811, -0.000840514607262, 9.49766981648e-05, 0.00895220693201, -0.00639072712511, 0.0102539863437, -0.00186166283675], [-0.000164599492564, 0.00976992957294, -0.00341778248549, 0.0133210532367, -0.00657403748482, 0.0158356260508, -0.00284682447091, 0.00257555325516, 0.0115172015503, -0.0114500233904, 0.014881586656, -0.0117789078504, 0.0104448702186], [0.000516312895343, 0.0133156199008, 0.00570897012949, 0.00643975893036, 0.0115630719811, -0.00284682447091, 0.0249326173216, -0.00285385292955, 0.00803128723055, 0.011835437268, -0.00517490040511, 0.00858128163964, 0.00104560900945], [-0.000395421666326, 0.00532022677362, 0.000453986547654, 0.00316834892146, -0.000840514607262, 0.00257555325516, -0.00285385292955, 0.0208433233202, -0.00234001898207, 0.0050477841869, 0.00847299862653, -0.000178151109139, 0.00382593926042], [0.000601437524892, 0.0101658497006, 0.0015939634759, 0.0124360108748, 9.49766981648e-05, 0.0115172015503, 0.00803128723055, -0.00234001898207, 0.0251224823296, -0.00795063842088, 0.0163393188268, -0.00412634061649, 0.0072447406128], [-0.000504845462274, 0.00446531130001, 0.00259860581718, -0.00620451383293, 0.00895220693201, -0.0114500233904, 0.011835437268, 0.0050477841869, -0.00795063842088, 0.0328681357205, -0.0149464290589, 0.0197077803314, -0.0056343539618], [0.000518483866472, 0.00756073789671, -0.00289208814502, 0.0178718306124, -0.00639072712511, 0.014881586656, -0.00517490040511, 0.00847299862653, 0.0163393188268, -0.0149464290589, 0.0464325360954, -0.0249150805175, 0.0176060255617], [-0.000306678528432, 0.000445323908934, 0.0030266570393, -0.0100949080661, 0.0102539863437, -0.0117789078504, 0.00858128163964, -0.000178151109139, -0.00412634061649, 0.0197077803314, -0.0249150805175, 0.032780751586, -0.0159618295729], [0.000592397991568, 0.00387857831083, 0.00118953478523, 0.00814775377512, -0.00186166283675, 0.0104448702186, 0.00104560900945, 0.00382593926042, 0.0072447406128, -0.0056343539618, 0.0176060255617, -0.0159618295729, 0.0207670386881]]
    },
    "melbands": {
        "dmean": [6.39439690531e-07, 1.26004351841e-07, 3.13701519872e-07, 1.03325701275e-05, 9.97342503979e-05, 4.03615340474e-05, 4.05316604883e-05, 0.000347048451658, 0.000364149484085, 0.000137599286973, 0.000102081969089, 1.85955013876e-05, 1.19851893032e-05, 8.7836124294e-06, 9.74197519099e-06, 6.38641722617e-06, 7.86687360232e-06, 4.29554938819e-06, 4.15912518292e-06, 4.81450069856e-06, 2.07267680707e-06, 7.21690980754e-07, 2.49812529773e-07, 5.22017948867e-08, 1.82104962221e-08, 1.56007367025e-08, 1.6898242805e-08, 2.63245993892e-08, 3.25366578124e-08, 1.37530467015e-08, 2.32383490228e-09, 7.08541614269e-10, 8.52163117848e-10, 1.50637080587e-09, 8.36235469759e-10, 4.92406893038e-10, 4.57233889639e-10, 4.41237990589e-10, 5.46148015701e-10, 5.69913005677e-10],
        "dmean2": [1.10886207949e-06, 2.16728764713e-07, 5.28419377588e-07, 1.4798571101e-05, 0.000134464979055, 5.25166615262e-05, 5.01680005982e-05, 0.000471431412734, 0.000469887221698, 0.000169306469616, 0.000119818600069, 2.20491529035e-05, 1.50521609612e-05, 1.19400301628e-05, 1.1905235624e-05, 9.02518331714e-06, 9.68372478383e-06, 6.17750993115e-06, 5.31469549969e-06, 6.84376254867e-06, 2.67817699751e-06, 9.93119783743e-07, 3.56357531928e-07, 7.75612747361e-08, 2.78929341846e-08, 2.5102915302e-08, 2.76757337048e-08, 4.22959089974e-08, 4.66771226115e-08, 2.09389074968e-08, 3.64839847222e-09, 1.13864051521e-09, 1.38478173373e-09, 2.41551845193e-09, 1.31406252546e-09, 8.23660917249e-10, 7.86864517988e-10, 7.3846295745e-10, 9.25825971443e-10, 9.65930890828e-10],
        "dvar": [4.19886835804e-13, 5.75047008709e-14, 6.22266832246e-13, 2.93097518478e-10, 3.11870387293e-08, 6.84391299188e-09, 2.3146803585e-08, 1.03834122456e-06, 1.4782690414e-06, 1.7605749747e-07, 1.39372687613e-07, 6.25814777777e-09, 3.9217100678e-09, 1.24622734354e-09, 1.3854456471e-09, 6.40220487735e-10, 7.23359427912e-10, 3.09078068694e-10, 1.89546350837e-10, 1.4961828998e-10, 2.90726696189e-11, 2.34118995891e-12, 3.46087118382e-13, 2.07131065229e-14, 3.49194880571e-15, 4.59679528871e-15, 1.17492289515e-15, 2.71609309581e-15, 4.6402455378e-15, 1.35520443473e-15, 4.36920009011e-17, 1.08837974477e-18, 3.2828931152e-18, 1.73282195318e-17, 1.66044441473e-18, 3.01175530452e-19, 1.56646229903e-19, 1.34957476694e-19, 2.26148568683e-19, 2.69822774448e-19],
        "dvar2": [1.30071116638e-12, 1.02393950523e-13, 1.61983035492e-12, 4.4740761096e-10, 5.41663141007e-08, 1.21903456218e-08, 3.61912917413e-08, 1.90921468857e-06, 2.78458264802e-06, 2.66329436727e-07, 1.82859352549e-07, 8.28284374421e-09, 7.94544785521e-09, 2.14631801221e-09, 1.68403946343e-09, 1.25278132312e-09, 1.15341436402e-09, 5.54021939436e-10, 2.75847789055e-10, 2.79883838328e-10, 5.43006715981e-11, 4.29016284303e-12, 6.93454137429e-13, 5.22486344283e-14, 8.9331194758e-15, 1.23832506884e-14, 3.26351185489e-15, 6.92869901535e-15, 9.84438208441e-15, 3.38568407556e-15, 1.10796918907e-16, 2.17759887107e-18, 8.83574726149e-18, 4.68176848254e-17, 3.07274498545e-18, 8.37797165522e-19, 4.35601117087e-19, 3.79501443601e-19, 6.6671176132e-19, 7.7308992813e-19],
        "max": [7.33064007363e-06, 5.0878534239e-06, 1.19671067296e-05, 0.000270362186711, 0.00374994822778, 0.00135045161005, 0.00350940972567, 0.0208415873349, 0.0198759995401, 0.00654172012582, 0.00841779820621, 0.00153319188394, 0.00153758528177, 0.000630143273156, 0.000840862398036, 0.000505353149492, 0.00056972791208, 0.000351208000211, 0.000339771184372, 0.000244333030423, 0.000100561526779, 2.41945126618e-05, 1.08580961751e-05, 2.79091455013e-06, 1.04240973542e-06, 1.47834145992e-06, 3.91017266566e-07, 7.69662335642e-07, 1.33350374654e-06, 6.04199215104e-07, 1.34524981377e-07, 1.74793086671e-08, 3.42177912671e-08, 8.3127133621e-08, 2.56137973054e-08, 9.29054166932e-09, 4.25003854332e-09, 3.6464589126e-09, 4.00490840491e-09, 5.92905102792e-09],
        "mean": [4.03170270147e-06, 4.52609043577e-07, 4.74732161138e-07, 3.20901090163e-05, 0.000457997666672, 0.000141490600072, 0.000103758728073, 0.000875505036674, 0.000943741062656, 0.000460913521238, 0.000407960644225, 4.4265150791e-05, 2.92216100206e-05, 1.91669405467e-05, 2.16226981138e-05, 1.35619466164e-05, 1.70810581039e-05, 8.77426464285e-06, 1.11227645903e-05, 1.26596369228e-05, 4.35040601587e-06, 2.05644505513e-06, 5.67392760331e-07, 9.11901025802e-08, 3.664375825e-08, 2.27221068627e-08, 2.88954034033e-08, 5.32070565384e-08, 8.55909547681e-08, 3.31941159004e-08, 4.9294244242e-09, 1.62137048232e-09, 2.04322536668e-09, 3.6009208948e-09, 2.33050290177e-09, 1.31943989068e-09, 1.26182408966e-09, 1.29440735908e-09, 1.22758680998e-09, 1.44750689213e-09],
        "median": [4.28425846621e-06, 4.29824325465e-07, 3.18240040542e-07, 9.6687090263e-06, 0.000133890658617, 2.20518495553e-06, 1.27373220948e-06, 9.59823883022e-05, 7.04657941242e-05, 1.46575384861e-05, 1.11393148927e-06, 1.57664874223e-06, 3.24806791241e-07, 3.06777280912e-07, 1.4364961487e-07, 3.0085774938e-07, 4.62887186359e-07, 7.39522192816e-07, 5.76486343107e-07, 7.41014503092e-07, 4.30350780789e-07, 3.13712376965e-07, 6.3967128483e-08, 9.01524455088e-09, 4.21161727715e-09, 5.12407405395e-09, 7.10804171078e-09, 1.30594433045e-08, 8.72955663311e-09, 3.20956838884e-09, 1.49599865829e-09, 1.25892574143e-09, 1.43851697221e-09, 2.17647477818e-09, 1.6379512191e-09, 1.24503451993e-09, 1.25893095948e-09, 1.29089805512e-09, 1.23604826374e-09, 1.44474965325e-09],
        "min": [5.40465606119e-24, 9.25893854181e-24, 8.73788013669e-24, 1.24293468541e-23, 5.77469414575e-24, 5.03418725858e-24, 6.62307657843e-24, 4.42729565938e-24, 5.54420161102e-24, 4.99756715207e-24, 4.99484439865e-24, 4.01436799626e-24, 8.87698944644e-24, 4.35163206566e-24, 7.16389121605e-24, 6.95429245126e-24, 5.22073826874e-24, 4.24216617657e-24, 4.22736280726e-24, 7.5552821876e-24, 1.05353659736e-23, 4.41503873306e-24, 1.11718292071e-23, 9.27519380962e-24, 4.71497469328e-24, 8.44315302503e-24, 1.55402616434e-23, 1.08388068428e-23, 9.52307678301e-24, 8.88481573548e-24, 6.9049862781e-24, 1.0389291022e-23, 1.44239761309e-23, 9.38768379698e-24, 1.12245969019e-23, 7.06054728203e-24, 7.02819136314e-24, 8.29669784253e-24, 6.56214811755e-24, 6.82590218349e-24],
