{
"metadata": {
    "version": {
        "essentia": "2.0.1",
        "extractor": "archive-music 1.0"
    },
    "audio_properties": {
        "analysis_sample_rate": 44100,
        "bitrate": 128,
        "channels": 2,
        "equal_loudness": 0,
        "length": 15.5167350769,
        "replay_gain": -5.41537475586,
        "downmix": "mix"
    },
    "tags": {
        "track": 0,
        "year": 0,
        "album": "",
        "artist": "",
        "comment": "",
        "genre": "",
        "title": ""
    }
},
"highlevel": {
    "culture": {
        "all": {
            "non_western": 0.00321044120938,
            "western": 0.996789574623
        },
        "probability": 0.996789574623,
        "value": "western"
    },
    "danceability": {
        "all": {
            "danceable": 0.0818860679865,
            "not_danceable": 0.918113946915
        },
        "probability": 0.918113946915,
        "value": "not_danceable"
    },
    "gender": {
        "all": {
            "female": 0.482413768768,
            "male": 0.517586231232
        },
        "probability": 0.517586231232,
        "value": "male"
    },
    "genre_dortmund": {
        "all": {
            "alternative": 0.0145940668881,
            "blues": 0.671482086182,
            "electronic": 0.00213181250729,
            "folkcountry": 0.116561375558,
            "funksoulrnb": 0.00870288256556,
            "jazz": 0.149539068341,
            "pop": 0.01266201213,
            "raphiphop": 0.00889332219958,
            "rock": 0.0154333878309
        },
        "probability": 0.671482086182,
        "value": "blues"
    },
    "genre_electronic": {
        "all": {
            "ambient": 0.791899502277,
            "dnb": 0.0679127648473,
            "house": 0.0895146131516,
            "techno": 0.0319724082947,
            "trance": 0.0187006890774
        },
        "probability": 0.791899502277,
        "value": "ambient"
    },
    "genre_rosamerica": {
        "all": {
            "cla": 0.82363897562,
            "dan": 0.00388526287861,
            "hip": 0.0139858406037,
            "jaz": 0.0297305937856,
            "pop": 0.00997254531831,
            "rhy": 0.0339835397899,
            "roc": 0.0116257267073,
            "spe": 0.0731775164604
        },
        "probability": 0.82363897562,
        "value": "cla"
    },
    "genre_tzanetakis": {
        "all": {
            "blu": 0.0301542486995,
            "cla": 0.420471638441,
            "cou": 0.0316669084132,
            "dis": 0.0209289006889,
            "hip": 0.0235962402076,
            "jaz": 0.276000767946,
            "met": 0.00976114999503,
            "pop": 0.0108526675031,
            "reg": 0.159698233008,
            "roc": 0.0168692525476
        },
        "probability": 0.420471638441,
        "value": "cla"
    },
    "mirex_ballroom": {
        "all": {
            "ChaChaCha": 0.00112206174526,
            "Jive": 0.000949191802647,
            "Quickstep": 0.00115764781367,
            "Rumba-American": 0.000315422745189,
            "Rumba-International": 0.000234650520724,
            "Rumba-Misc": 0.000810832367279,
            "Samba": 0.000227745331358,
            "Tango": 0.0148845203221,
            "VienneseWaltz": 0.91693520546,
            "Waltz": 0.0633627027273
        },
        "probability": 0.91693520546,
        "value": "VienneseWaltz"
    },
    "mood_acoustic": {
        "all": {
            "acoustic": 0.62672150135,
            "not_acoustic": 0.37327849865
        },
        "probability": 0.62672150135,
        "value": "acoustic"
    },
    "mood_aggressive": {
        "all": {
            "aggressive": 5.32262056652e-09,
            "not_aggressive": 1
        },
        "probability": 1,
        "value": "not_aggressive"
    },
    "mood_electronic": {
        "all": {
            "electronic": 0.353232324123,
            "not_electronic": 0.646767675877
        },
        "probability": 0.646767675877,
        "value": "not_electronic"
    },
    "mood_happy": {
        "all": {
            "happy": 0.595502078533,
            "not_happy": 0.404497921467
        },
        "probability": 0.595502078533,
        "value": "happy"
    },
    "mood_party": {
        "all": {
            "not_party": 0.5,
            "party": 0.5
        },
        "probability": 0.5,
        "value": "not_party"
    },
    "mood_relaxed": {
        "all": {
            "not_relaxed": 0.456204265356,
            "relaxed": 0.543795764446
        },
        "probability": 0.543795764446,
        "value": "relaxed"
    },
    "mood_sad": {
        "all": {
            "not_sad": 0.350798487663,
            "sad": 0.649201512337
        },
        "probability": 0.649201512337,
        "value": "sad"
    },
    "moods_mirex": {
        "all": {
            "Cluster1": 0.0267069321126,
            "Cluster2": 0.540275394917,
            "Cluster3": 0.0981549695134,
            "Cluster4": 0.309565961361,
            "Cluster5": 0.0252967085689
        },
        "probability": 0.540275394917,
        "value": "Cluster2"
    },
    "timbre": {
        "all": {
            "bright": 0.999999880791,
            "dark": 1.35302556714e-07
        },
        "probability": 0.999999880791,
        "value": "bright"
    },
    "tonal_atonal": {
        "all": {
            "atonal": 0.691187083721,
            "tonal": 0.308812916279
        },
        "probability": 0.691187083721,
        "value": "atonal"
    },
    "voice_instrumental": {
        "all": {
            "instrumental": 0.991501927376,
            "voice": 0.00849809031934
        },
        "probability": 0.991501927376,
        "value": "instrumental"
    }
},
"lowlevel": {
    "average_loudness": 0.964747369289,
    "barkbands_kurtosis": {
        "dmean": 1.15194952488,
        "dmean2": 1.73642373085,
        "dvar": 2.59617781639,
        "dvar2": 5.74389743805,
        "max": 21.9679145813,
        "mean": 0.461032420397,
        "median": -0.416047215462,
        "min": -1.81945955753,
        "var": 5.76174736023
    },
    "barkbands_skewness": {
        "dmean": 0.437396138906,
        "dmean2": 0.600891590118,
        "dvar": 0.171595215797,
        "dvar2": 0.357351988554,
        "max": 4.47328424454,
        "mean": 0.45197981596,
        "median": 0.366687238216,
        "min": -4.30336856842,
        "var": 0.975439250469
    },
    "barkbands_spread": {
        "dmean": 3.53956103325,
        "dmean2": 5.39250040054,
        "dvar": 27.7311134338,
        "dvar2": 70.4010009766,
        "max": 104.717041016,
        "mean": 16.2933082581,
        "median": 16.2090988159,
        "min": 2.76946091652,
        "var": 54.0804786682
    },
    "dissonance": {
        "dmean": 0.0247463751584,
        "dmean2": 0.0401484109461,
        "dvar": 0.000517509237397,
        "dvar2": 0.00127985235304,
        "max": 0.49994161725,
        "mean": 0.445562422276,
        "median": 0.450331240892,
        "min": 0.290041208267,
        "var": 0.00130145763978
    },
    "dynamic_complexity": 3.82936263084,
    "erbbands_kurtosis": {
        "dmean": 0.890757381916,
        "dmean2": 1.33660709858,
        "dvar": 10.5356054306,
        "dvar2": 21.5255470276,
        "max": 75.2289123535,
        "mean": -0.0346082039177,
        "median": -0.573714852333,
        "min": -1.71142733097,
        "var": 13.0153770447
    },
    "erbbands_skewness": {
        "dmean": 0.369393706322,
        "dmean2": 0.520924031734,
        "dvar": 0.149241536856,
        "dvar2": 0.273878574371,
        "max": 2.75209999084,
        "mean": -0.133755192161,
        "median": -0.231164887547,
        "min": -7.1550488472,
        "var": 0.684929966927
    },
    "erbbands_spread": {
        "dmean": 4.37339639664,
        "dmean2": 6.74525260925,
        "dvar": 23.0786151886,
        "dvar2": 55.5865058899,
        "max": 62.4186439514,
        "mean": 22.6513156891,
        "median": 22.2803344727,
        "min": 2.20557713509,
        "var": 58.6225738525
    },
    "hfc": {
        "dmean": 6.0897808075,
        "dmean2": 6.60622215271,
        "dvar": 45.7347946167,
        "dvar2": 64.0575256348,
        "max": 80.5264129639,
        "mean": 17.2812900543,
        "median": 14.6226234436,
        "min": 1.16301157374e-16,
        "var": 228.220657349
    },
    "melbands_kurtosis": {
        "dmean": 1.94651150703,
        "dmean2": 2.77889871597,
        "dvar": 6.50908756256,
        "dvar2": 14.6691541672,
        "max": 38.8174781799,
        "mean": 2.28957653046,
        "median": 0.59742629528,
        "min": -1.64506220818,
        "var": 19.9286327362
    },
    "melbands_skewness": {
        "dmean": 0.480918884277,
        "dmean2": 0.671783685684,
        "dvar": 0.20758998394,
        "dvar2": 0.48428440094,
        "max": 5.25822639465,
        "mean": 1.13719034195,
        "median": 0.955477833748,
        "min": -1.96279346943,
        "var": 1.03253495693
    },
    "melbands_spread": {
        "dmean": 7.0420126915,
        "dmean2": 10.3755960464,
        "dvar": 62.4447593689,
        "dvar2": 127.377342224,
        "max": 144.752761841,
        "mean": 29.7568473816,
        "median": 28.4086990356,
        "min": 2.96482372284,
        "var": 318.162475586
    },
    "pitch_salience": {
        "dmean": 0.0755835399032,
        "dmean2": 0.1135379076,
        "dvar": 0.0050416206941,
        "dvar2": 0.0122616402805,
        "max": 0.850463569164,
        "mean": 0.534621834755,
        "median": 0.535032510757,
        "min": 0.176323324442,
        "var": 0.0151680717245
    },
    "silence_rate_20dB": {
        "dmean": 0,
        "dmean2": 0,
        "dvar": 0,
        "dvar2": 0,
        "max": 1,
        "mean": 1,
        "median": 1,
        "min": 1,
        "var": 0
    },
    "silence_rate_30dB": {
        "dmean": 0,
        "dmean2": 0,
        "dvar": 0,
        "dvar2": 0,
        "max": 1,
        "mean": 1,
        "median": 1,
        "min": 1,
        "var": 0
    },
    "silence_rate_60dB": {
        "dmean": 0.0687593445182,
        "dmean2": 0.137724548578,
        "dvar": 0.0640313848853,
        "dvar2": 0.139713898301,
        "max": 1,
        "mean": 0.179104477167,
        "median": 0,
        "min": 0,
        "var": 0.147026747465
    },
    "spectral_centroid": {
        "dmean": 272.745544434,
        "dmean2": 386.120239258,
        "dvar": 187971.546875,
        "dvar2": 303749.40625,
        "max": 11265.1943359,
        "mean": 1771.28100586,
        "median": 1764.63818359,
        "min": 457.322174072,
        "var": 851029.75
    },
    "spectral_complexity": {
        "dmean": 2.45142006874,
        "dmean2": 3.68862271309,
        "dvar": 9.73938941956,
        "dvar2": 22.1844520569,
        "max": 34,
        "mean": 10.6671638489,
        "median": 11,
        "min": 0,
        "var": 32.3235244751
    },
    "spectral_crest": {
        "dmean": 2.54963731766,
        "dmean2": 3.80169606209,
        "dvar": 6.24014520645,
        "dvar2": 13.414935112,
        "max": 24.1948738098,
        "mean": 11.3767299652,
        "median": 10.3303813934,
        "min": 3.1335773468,
        "var": 20.2580413818
    },
    "spectral_decrease": {
        "dmean": 1.3442061908e-09,
        "dmean2": 1.53350199206e-09,
        "dvar": 3.06000454286e-18,
        "dvar2": 4.90830488002e-18,
        "max": 2.22274497365e-22,
        "mean": -3.6423470906e-09,
        "median": -2.73371414394e-09,
        "min": -2.11486312907e-08,
        "var": 1.2420787741e-17
    },
    "spectral_energy": {
        "dmean": 0.00557397678494,
        "dmean2": 0.00631588092074,
        "dvar": 5.02198636241e-05,
        "dvar2": 7.93620492914e-05,
        "max": 0.0843319520354,
        "mean": 0.015314495191,
        "median": 0.0118089783937,
        "min": 1.0512055178e-20,
        "var": 0.000209035468288
    },
    "spectral_energyband_high": {
        "dmean": 5.15393512615e-05,
        "dmean2": 6.61409576423e-05,
        "dvar": 7.7330701842e-09,
        "dvar2": 1.1438499925e-08,
        "max": 0.00128336681519,
        "mean": 0.000101168741821,
        "median": 5.20236644661e-05,
        "min": 7.24533476208e-21,
        "var": 2.28922836243e-08
    },
    "spectral_energyband_low": {
        "dmean": 0.000298272527289,
        "dmean2": 0.000473198277177,
        "dvar": 4.56628043821e-07,
        "dvar2": 1.03384536487e-06,
        "max": 0.00626365374774,
        "mean": 0.000334481766913,
        "median": 8.03478906164e-05,
        "min": 3.29119553862e-23,
        "var": 4.99664736253e-07
    },
    "spectral_energyband_middle_high": {
        "dmean": 0.00238182698376,
        "dmean2": 0.00267807673663,
        "dvar": 7.4869085438e-06,
        "dvar2": 1.00762472357e-05,
        "max": 0.0540806353092,
        "mean": 0.00685926713049,
        "median": 0.00561449676752,
        "min": 1.26029619811e-21,
        "var": 4.77524845337e-05
    },
    "spectral_energyband_middle_low": {
        "dmean": 0.00369384046644,
        "dmean2": 0.00449006864801,
        "dvar": 3.30618604494e-05,
        "dvar2": 5.21077199664e-05,
        "max": 0.0680440217257,
        "mean": 0.00830805581063,
        "median": 0.00444841105491,
        "min": 3.21018349951e-22,
        "var": 0.000114882248454
    },
    "spectral_flatness_db": {
        "dmean": 0.0240029096603,
        "dmean2": 0.0319451652467,
        "dvar": 0.000599657709245,
        "dvar2": 0.00103521207348,
        "max": 0.363447070122,
        "mean": 0.221479684114,
        "median": 0.219311222434,
        "min": 0.0385572575033,
        "var": 0.00239197746851
    },
    "spectral_flux": {
        "dmean": 0.0187225565314,
        "dmean2": 0.0276810918003,
        "dvar": 0.000389670662116,
        "dvar2": 0.00084772973787,
        "max": 0.194886684418,
        "mean": 0.0504051595926,
        "median": 0.0437992438674,
        "min": 6.85170462034e-11,
        "var": 0.00107243831735
    },
    "spectral_kurtosis": {
        "dmean": 5.32750082016,
        "dmean2": 9.22662162781,
        "dvar": 16.7512702942,
        "dvar2": 47.6938552856,
        "max": 30.022605896,
        "mean": 9.29078865051,
        "median": 8.23211288452,
        "min": -1.25975847244,
        "var": 29.2085609436
    },
    "spectral_rms": {
        "dmean": 0.00069762970088,
        "dmean2": 0.000771649589296,
        "dvar": 5.05970660925e-07,
        "dvar2": 8.94392314876e-07,
        "max": 0.00907056126744,
        "mean": 0.00341158849187,
        "median": 0.00339425168931,
        "min": 3.20244655447e-12,
        "var": 3.30201214638e-06
    },
    "spectral_rolloff": {
        "dmean": 431.887054443,
        "dmean2": 724.262878418,
        "dvar": 777265.1875,
        "dvar2": 1270651.625,
        "max": 19487.5488281,
        "mean": 2325.0402832,
        "median": 2196.38671875,
        "min": 430.6640625,
        "var": 4353091.5
    },
    "spectral_skewness": {
        "dmean": 0.49119374156,
        "dmean2": 0.839086949825,
        "dvar": 0.149316996336,
        "dvar2": 0.417164683342,
        "max": 3.67490386963,
        "mean": 1.53422379494,
        "median": 1.45487320423,
        "min": -0.0263771265745,
        "var": 0.295010656118
    },
    "spectral_spread": {
        "dmean": 324404.84375,
        "dmean2": 543414.4375,
        "dvar": 3.64277137408e+12,
        "dvar2": 7.1387227095e+12,
        "max": 45340896,
        "mean": 2485673,
        "median": 2153639.5,
        "min": 1396111.125,
        "var": 9.79781445222e+12
    },
    "spectral_strongpeak": {
        "dmean": 0.868109583855,
        "dmean2": 1.25334692001,
        "dvar": 1.5158457756,
        "dvar2": 2.96768140793,
        "max": 14.0419578552,
        "mean": 2.00082802773,
        "median": 1.51183199883,
        "min": 0,
        "var": 3.53359627724
    },
    "zerocrossingrate": {
        "dmean": 0.00963424891233,
        "dmean2": 0.0112567832693,
        "dvar": 0.000485992408358,
        "dvar2": 0.000790446996689,
        "max": 0.509765625,
        "mean": 0.0728406310081,
        "median": 0.06689453125,
        "min": 0.01953125,
        "var": 0.00313771516085
    },
    "barkbands": {
        "dmean": [2.76368541563e-06, 0.000209518897464, 7.18711307854e-05, 8.18958869786e-05, 0.000760670111049, 0.000354277086444, 0.00211451482028, 0.00029470998561, 0.000798474939074, 0.0003464006586, 0.000375163566787, 0.000160992756719, 0.000463005795609, 0.000408023159252, 0.000404861202696, 0.0004706531181, 0.000271825294476, 0.000369775487343, 0.00035887042759, 4.43024364358e-05, 2.3851491278e-05, 1.24129737742e-05, 1.09675750082e-06, 4.38721230012e-07, 1.86681845094e-07, 2.93175528299e-08, 2.2366701824e-09],
        "dmean2": [3.95858933189e-06, 0.000335351622198, 0.000116329531011, 0.000141240539961, 0.00135676318314, 0.000475689419545, 0.00241474225186, 0.000389171356801, 0.000893277407158, 0.000407037878176, 0.000515932682902, 0.000240358087467, 0.000559533538762, 0.000544768641703, 0.000577856844757, 0.000586680776905, 0.000362848368241, 0.000453579268651, 0.000480859860545, 6.30425056443e-05, 3.38736754202e-05, 1.60166891874e-05, 1.63768243056e-06, 5.80968901431e-07, 2.58327418123e-07, 4.4019330403e-08, 3.74930309022e-09],
        "dvar": [4.25706747631e-10, 2.42840570763e-07, 2.16246185403e-08, 3.37290302355e-08, 4.40755911768e-06, 8.3806787643e-07, 2.39667970163e-05, 4.06159443855e-07, 4.2206775106e-06, 2.36999198933e-06, 7.79611980306e-07, 9.46971852045e-08, 8.57367979279e-07, 4.6416860755e-07, 5.45394016171e-07, 8.22027743652e-07, 2.96065593375e-07, 5.10945028509e-07, 6.26762130196e-07, 1.51205554744e-08, 2.45638132057e-09, 4.9482712372e-10, 4.95087044278e-12, 7.26904647586e-13, 3.79943580937e-13, 2.4525472646e-15, 5.3513515015e-18],
        "dvar2": [6.97252422466e-10, 5.73204658849e-07, 5.22800149838e-08, 8.80575470319e-08, 1.2335754036e-05, 1.0714607015e-06, 2.96826056001e-05, 6.7685709837e-07, 5.54938878849e-06, 2.15240902435e-06, 1.26376266962e-06, 1.93961582795e-07, 1.11006045245e-06, 9.62641024671e-07, 1.05532831185e-06, 1.19928211006e-06, 4.6876630222e-07, 8.18712180717e-07, 1.02733906715e-06, 3.25882041352e-08, 3.89137566614e-09, 8.72968475285e-10, 9.12522921809e-12, 1.24983476259e-12, 5.04256250471e-13, 4.97948689186e-15, 1.41437859318e-17],
        "max": [0.000535929808393, 0.00452711852267, 0.00114755565301, 0.00137132906821, 0.0160215925425, 0.0163323357701, 0.0641060173512, 0.00778122991323, 0.0306247416884, 0.0481357388198, 0.0136196427047, 0.00334213697352, 0.0247337985784, 0.00917506590486, 0.010274537839, 0.0118147199973, 0.00813383050263, 0.0116674173623, 0.0147535903379, 0.00244578835554, 0.000609652779531, 0.00027030784986, 3.41104714607e-05, 1.24142816276e-05, 1.52127622641e-05, 7.31124714548e-07, 1.78227725911e-08],
        "mean": [3.03724027617e-06, 0.000209915742744, 8.2851453044e-05, 8.3997976617e-05, 0.000691361958161, 0.000935723888688, 0.00391496345401, 0.000545263232198, 0.00184282939881, 0.000866454734933, 0.000677832751535, 0.000308799935738, 0.000876820646226, 0.00074029515963, 0.000611025549006, 0.000979312113486, 0.000493831874337, 0.000730410101824, 0.000583084824029, 6.79414588376e-05, 4.24844765803e-05, 2.31968842854e-05, 1.8478082211e-06, 8.19290903564e-07, 3.59886684009e-07, 6.0587026951e-08, 3.00051161695e-09],
        "median": [5.44952627024e-07, 3.1144474633e-05, 2.17308424908e-05, 1.396729931e-05, 0.000167769030668, 0.000313352065859, 0.000183946744073, 3.76967873308e-05, 0.000181363255251, 3.34999676852e-05, 3.99080563511e-05, 4.27957893407e-05, 0.000308118382236, 0.000236972569837, 0.000131213571876, 0.000177890266059, 0.00017113587819, 0.000146946011228, 0.000143127166666, 2.69921129075e-05, 1.75176501216e-05, 6.53279084872e-06, 7.70175631715e-07, 2.85579034198e-07, 1.30811343979e-07, 4.05679081439e-08, 2.18087214954e-09],
        "min": [9.85595241918e-24, 1.69330066157e-23, 6.23043960108e-24, 1.58672334446e-23, 2.89101681437e-23, 4.63420756393e-23, 2.15699073507e-23, 2.52074980237e-23, 5.94426571379e-23, 3.04434108208e-23, 6.05035046615e-23, 3.14244792633e-23, 4.8783010073e-23, 1.29403127305e-22, 1.08731664684e-22, 1.31077481421e-22, 8.81495389817e-23, 9.56791469023e-23, 2.59484094388e-22, 2.7283159566e-22, 3.16517475658e-22, 4.09713250565e-22, 6.12427228655e-22, 6.77057782204e-22, 1.01221946155e-21, 1.5438298216e-21, 2.38098264574e-21],
        "var": [6.73125999384e-10, 2.48868190056e-07, 2.36416326516e-08, 3.20269855081e-08, 3.01669388136e-06, 4.30530508311e-06, 8.31643337733e-05, 1.2911949625e-06, 1.85380213225e-05, 1.88616486412e-05, 2.39576138483e-06, 3.69587752402e-07, 3.46158572029e-06, 1.40865734011e-06, 1.32655395646e-06, 3.35796198669e-06, 9.35099365051e-07, 1.92807101485e-06, 1.51741937771e-06, 2.08711714578e-08, 6.13959150186e-09, 1.46418199787e-09, 1.18454395598e-11, 2.229685837e-12, 1.21859152543e-12, 6.36201152727e-15, 8.69983404222e-18]
    },
    "erbbands": {
        "dmean": [0.0026584151201, 0.0567403584719, 0.106949627399, 0.179315552115, 1.00312709808, 3.72668480873, 2.19603514671, 2.92752766609, 15.2428398132, 36.1562614441, 5.86113166809, 13.2615585327, 19.6900215149, 9.46408367157, 11.4889364243, 9.47535800934, 14.922419548, 15.6317510605, 17.1687812805, 22.9611682892, 29.8518257141, 15.7536039352, 20.1597480774, 27.7053546906, 5.12993812561, 2.05500841141, 1.0131136179, 0.916552186012, 0.544050812721, 0.131528571248, 0.0239865966141, 0.013551720418, 0.00564069207758, 0.00257709785365, 0.0010233046487, 0.000237052212469, 3.56233431376e-05, 7.01639373801e-06, 3.29101385432e-06, 6.77401567373e-06],
        "dmean2": [0.00436179805547, 0.0905529558659, 0.172148361802, 0.298733264208, 1.7288339138, 6.76649427414, 3.14618611336, 3.76887154579, 18.0553359985, 40.4090042114, 7.52898836136, 15.5044031143, 21.1102428436, 13.1914987564, 14.9032592773, 12.8690671921, 18.4926548004, 19.211151123, 22.9823608398, 33.6259536743, 37.0759315491, 20.885427475, 23.7051067352, 37.0675239563, 6.83127164841, 2.83570122719, 1.412758708, 1.2451223135, 0.690308332443, 0.169601395726, 0.0339178107679, 0.0183472260833, 0.00806206464767, 0.00373161584139, 0.00144691637252, 0.000337173696607, 5.1579765568e-05, 1.0417462363e-05, 3.65311075257e-06, 7.61772935221e-06],
        "dvar": [4.74895896332e-05, 0.0175792146474, 0.0515388511121, 0.170992508531, 7.09871006012, 110.269447327, 21.0763187408, 49.3247795105, 1168.26135254, 10553.3564453, 80.9728088379, 995.936035156, 3212.18310547, 386.600036621, 573.225891113, 320.816192627, 946.590148926, 485.915344238, 884.275756836, 1988.94226074, 3554.24414062, 993.531188965, 1266.74536133, 3180.70703125, 64.2916412354, 33.6600532532, 3.25089049339, 3.38077402115, 1.08949923515, 0.0557946674526, 0.00216445466504, 0.000854221347254, 0.00021829715115, 9.53266280703e-05, 4.82293808091e-06, 1.97690994241e-07, 1.89634485892e-09, 4.72480110592e-11, 1.50272398691e-11, 6.9726224794e-11],
        "dvar2": [0.000118237076094, 0.0410434827209, 0.113697007298, 0.439699918032, 19.5743350983, 310.926147461, 39.0435943604, 58.8591766357, 1713.62280273, 11839.0488281, 141.06803894, 1432.76623535, 3375.65014648, 631.393981934, 841.004394531, 461.669158936, 1273.44897461, 771.058288574, 1694.75036621, 4080.3125, 5236.578125, 1693.29284668, 1882.29150391, 5168.44287109, 101.450973511, 70.3070297241, 4.96082162857, 5.7557849884, 1.83637869358, 0.0895336940885, 0.0041541615501, 0.00143285759259, 0.000290854775812, 0.000142410222907, 7.62241506891e-06, 3.68545158835e-07, 4.33792823884e-09, 1.0014381685e-10, 2.25268779325e-11, 1.07911825309e-10],
        "max": [0.0924252718687, 1.23759698868, 1.9108029604, 2.93614196777, 22.9544296265, 86.6835098267, 91.0757446289, 137.581832886, 696.483459473, 1308.90380859, 93.157043457, 448.477905273, 1499.71240234, 387.947753906, 347.718841553, 425.971832275, 814.249023438, 256.814575195, 517.166015625, 619.659667969, 783.369873047, 512.068847656, 614.617614746, 1069.22216797, 128.089660645, 119.286582947, 22.6973495483, 22.1158256531, 14.5564432144, 3.02263021469, 0.515878260136, 0.497060269117, 0.400120854378, 0.225520595908, 0.0549057200551, 0.00629546958953, 0.000513284350745, 6.83277321514e-05, 4.21885233663e-05, 9.6239062259e-05],
        "mean": [0.00254253158346, 0.0573705583811, 0.125700861216, 0.195169016719, 0.949064314365, 3.4001955986, 5.29785346985, 7.37582063675, 28.3067417145, 68.0292053223, 12.7715787888, 31.4078712463, 48.7055549622, 18.8602638245, 23.0907402039, 19.7911262512, 28.6851005554, 31.8065090179, 32.0970306396, 35.3584899902, 64.8167419434, 30.7501049042, 43.8429069519, 47.1355056763, 10.1197023392, 3.53337359428, 1.74330031872, 1.70767366886, 1.06238460541, 0.25440916419, 0.0448663569987, 0.0236841253936, 0.0109875490889, 0.00485621159896, 0.0019033026183, 0.000474905333249, 8.15330713522e-05, 1.52377315317e-05, 9.42724636843e-06, 1.89158727153e-05],
        "median": [0.000445133686299, 0.00917193014175, 0.0319638922811, 0.0538057088852, 0.318107008934, 0.72222661972, 2.24043655396, 2.44942808151, 2.2929558754, 2.68254852295, 4.6827378273, 4.74744653702, 2.57142353058, 5.31596946716, 2.92107415199, 6.02850675583, 10.0943851471, 15.1479663849, 11.9738044739, 13.7178211212, 16.0479812622, 15.7148609161, 15.9006309509, 18.1429672241, 5.13981151581, 1.76726341248, 0.912899851799, 0.598816335201, 0.298538655043, 0.0754225179553, 0.0209084376693, 0.00830419175327, 0.0040126061067, 0.00170960579999, 0.000815484847408, 0.000255871535046, 6.77630014252e-05, 1.34461770358e-05, 7.82408642408e-06, 1.52051707119e-05],
        "min": [5.87938057905e-22, 3.61937723784e-21, 7.00583527859e-21, 2.76002608492e-20, 9.06818072261e-20, 7.0699740878e-20, 1.65936773576e-19, 2.20536277474e-19, 3.03136413793e-19, 3.7949420577e-19, 7.03070795337e-19, 1.2778486694e-18, 1.10576594387e-18, 1.64818932036e-18, 1.93797519417e-18, 1.57394220897e-18, 2.26043066966e-18, 5.54871845002e-18, 5.44222804514e-18, 5.41746308478e-18, 6.37730609679e-18, 4.35404010287e-18, 5.90826242943e-18, 1.02702645593e-17, 1.22138643748e-17, 1.12714004275e-17, 1.14447659033e-17, 1.67621533689e-17, 1.36064791843e-17, 1.51498079558e-17, 1.52608056679e-17, 1.15309349621e-17, 1.10993733299e-17, 7.99155816118e-18, 8.10315723352e-18, 6.04040122357e-18, 2.78739145556e-18, 1.07233088992e-18, 3.18930884753e-19, 3.07761012577e-20],
        "var": [4.42470663984e-05, 0.0183670949191, 0.0599194988608, 0.162668764591, 5.21432209015, 74.6460723877, 104.68800354, 232.955780029, 4547.82177734, 37168.9921875, 298.08581543, 4295.89648438, 22046.3828125, 1686.28894043, 2154.89428711, 1505.87121582, 3815.3996582, 1900.57019043, 2890.76123047, 4017.83325195, 14131.5996094, 2743.05419922, 5270.62744141, 7638.45654297, 225.54498291, 48.1364555359, 7.74022579193, 9.47944355011, 3.63360786438, 0.19029211998, 0.00555053027347, 0.00214245729148, 0.000949387147557, 0.000282262830297, 1.58371476573e-05, 6.06334197073e-07, 5.00230878941e-09, 1.43360559535e-10, 6.82464293411e-11, 2.99760855027e-10]
    },
    "gfcc": {
        "mean": [-120.847297668, 120.073623657, -196.54057312, 20.0903663635, -42.9172706604, -21.0091762543, -27.4247150421, -1.57023525238, -11.7066431046, -4.74253749847, -8.81637954712, -5.42998361588, -4.92777395248],
        "cov": [[20303.8652344, 2524.19946289, -2519.73730469, 255.737136841, -529.753479004, -709.650390625, -596.028991699, -324.602172852, -95.5376281738, -325.844970703, -66.392829895, -61.3720855713, 35.651222229], [2524.19946289, 1709.62524414, 215.493530273, -187.726287842, -23.5542030334, -380.485595703, -296.341796875, -319.813537598, -158.603912354, 162.644104004, 290.845428467, 96.3026199341, -6.18610811234], [-2519.73730469, 215.493530273, 889.099487305, 2.13816523552, 70.1973342896, 34.4273529053, -23.5858917236, -73.1011352539, -51.1222038269, 45.2078399658, 72.1895599365, 47.9287834167, 22.6218471527], [255.737136841, -187.726287842, 2.13816523552, 376.766082764, 84.6939926147, 167.801589966, 112.29586792, 100.870887756, 1.39946162701, -163.566864014, -153.473388672, -78.1474609375, -1.74481666088], [-529.753479004, -23.5542030334, 70.1973342896, 84.6939926147, 250.112319946, 58.4503517151, 49.0848922729, 35.4557609558, -21.0172595978, -24.4744930267, -10.5967206955, -15.0980215073, -30.1032676697], [-709.650390625, -380.485595703, 34.4273529053, 167.801589966, 58.4503517151, 278.820739746, 180.624481201, 141.988632202, 45.8673324585, -104.863357544, -142.127868652, -66.3737411499, 18.4169712067], [-596.028991699, -296.341796875, -23.5858917236, 112.29586792, 49.0848922729, 180.624481201, 241.079528809, 158.857467651, 73.0030212402, -59.8852577209, -111.227218628, -59.6960372925, -2.05661535263], [-324.602172852, -319.813537598, -73.1011352539, 100.870887756, 35.4557609558, 141.988632202, 158.857467651, 207.342071533, 86.3724594116, -78.7089080811, -134.495620728, -62.7253837585, 11.3507289886], [-95.5376281738, -158.603912354, -51.1222038269, 1.39946162701, -21.0172595978, 45.8673324585, 73.0030212402, 86.3724594116, 169.546981812, 40.4624938965, -57.5916900635, -7.82086133957, -4.25090408325], [-325.844970703, 162.644104004, 45.2078399658, -163.566864014, -24.4744930267, -104.863357544, -59.8852577209, -78.7089080811, 40.4624938965, 238.978118896, 178.386795044, 76.3291397095, -38.2853240967], [-66.392829895, 290.845428467, 72.1895599365, -153.473388672, -10.5967206955, -142.127868652, -111.227218628, -134.495620728, -57.5916900635, 178.386795044, 299.171600342, 106.352767944, -42.905544281], [-61.3720855713, 96.3026199341, 47.9287834167, -78.1474609375, -15.0980215073, -66.3737411499, -59.6960372925, -62.7253837585, -7.82086133957, 76.3291397095, 106.352767944, 100.559822083, -8.95949459076], [35.651222229, -6.18610811234, 22.6218471527, -1.74481666088, -30.1032676697, 18.4169712067, -2.05661535263, 11.3507289886, -4.25090408325, -38.2853240967, -42.905544281, -8.95949459076, 120.457702637]],
        "icov": [[0.000214260260691, -0.000442372489488, 0.000676659867167, -0.00038053933531, 0.000291137082968, -3.6552290112e-05, 0.000326726090861, 3.74821393052e-05, -0.000306789763272, 0.000413210684201, 1.79324946004e-08, -0.000167123376741, -3.02463977278e-05], [-0.000442372489488, 0.00193471100647, -0.00159810238983, 0.000571691780351, -0.000756668101531, 0.00125874998048, -0.000809231365565, 0.000735426845495, 0.000716160982847, -0.000856930972077, -0.000401726108976, 0.000887465546839, -0.000250146404142], [0.000676659867167, -0.00159810238983, 0.0034768646583, -0.00123504828662, 0.000569110212382, -0.000966059451457, 0.00106603954919, 0.000565522292163, -0.000742567877751, 0.000959509343375, 6.23818996246e-05, -0.00113507581409, -0.000481788563775], [-0.00038053933531, 0.000571691780351, -0.00123504828662, 0.00551958428696, -0.00135299679823, -0.00183684355579, -0.000605251290835, 3.97016265197e-05, 0.000203865914955, 0.00170402554795, 0.000198814144824, 0.000956029340159, 0.00107322807889], [0.000291137082968, -0.000756668101531, 0.000569110212382, -0.00135299679823, 0.00530107226223, -0.000521248148289, 0.00012514195987, -0.0010648657335, 0.000858357350808, 0.000143904908327, -0.000144133256981, -0.000336668774253, 0.00125509826466], [-3.6552290112e-05, 0.00125874998048, -0.000966059451457, -0.00183684355579, -0.000521248148289, 0.0104830535129, -0.00501159764826, -0.000208071462112, 0.000279943138594, 0.000470359664178, 0.000438887975179, 0.000634505006019, -0.00120581814554], [0.000326726090861, -0.000809231365565, 0.00106603954919, -0.000605251290835, 0.00012514195987, -0.00501159764826, 0.0121034467593, -0.00546001596376, -0.00129830045626, -0.000252095371252, -0.000374170573195, 0.00106055673677, 0.000991090433672], [3.74821393052e-05, 0.000735426845495, 0.000565522292163, 3.97016265197e-05, -0.0010648657335, -0.000208071462112, -0.00546001596376, 0.0143511695787, -0.00452340347692, 0.00236652698368, 0.000397088675527, 0.00184599531349, -0.000887521775439], [-0.000306789763272, 0.000716160982847, -0.000742567877751, 0.000203865914955, 0.000858357350808, 0.000279943138594, -0.00129830045626, -0.00452340347692, 0.0120688164607, -0.0067590191029, 0.00434892857447, -0.00212393095717, 0.000514496641699], [0.000413210684201, -0.000856930972077, 0.000959509343375, 0.00170402554795, 0.000143904908327, 0.000470359664178, -0.000252095371252, 0.00236652698368, -0.0067590191029, 0.0133169535547, -0.00615682220086, -0.000418420007918, 0.00118485768326], [1.79324946004e-08, -0.000401726108976, 6.23818996246e-05, 0.000198814144824, -0.000144133256981, 0.000438887975179, -0.000374170573195, 0.000397088675527, 0.00434892857447, -0.00615682220086, 0.0106780230999, -0.00535150757059, 0.00142557767686], [-0.000167123376741, 0.000887465546839, -0.00113507581409, 0.000956029340159, -0.000336668774253, 0.000634505006019, 0.00106055673677, 0.00184599531349, -0.00212393095717, -0.000418420007918, -0.00535150757059, 0.0181686095893, -0.000777656794526], [-3.02463977278e-05, -0.000250146404142, -0.000481788563775, 0.00107322807889, 0.00125509826466, -0.00120581814554, 0.000991090433672, -0.000887521775439, 0.000514496641699, 0.00118485768326, 0.00142557767686, -0.000777656794526, 0.00984704401344]]
    },
    "melbands": {
        "dmean": [4.22691664426e-05, 6.61042577121e-05, 3.74746123271e-05, 0.000191026643733, 8.61525913933e-05, 7.5849602581e-05, 0.000282948225504, 0.000322833802784, 4.08790656365e-05, 0.00010244580335, 0.000102852383861, 4.02337864216e-05, 4.86329408886e-05, 1.58672119142e-05, 5.8146964875e-05, 2.09236022783e-05, 3.34081742039e-05, 3.505335917e-05, 2.68281564786e-05, 2.73448549706e-05, 3.62926875823e-05, 1.49514426084e-05, 1.20283557408e-05, 2.8492668207e-05, 2.49678141699e-05, 3.59240812031e-06, 2.60757701653e-06, 1.29392503823e-06, 7.81679830197e-07, 6.17317709839e-07, 5.21431445577e-07, 2.79070178522e-07, 2.37313415141e-07, 4.03817956851e-08, 1.40461944298e-08, 9.38607680467e-09, 7.74524977487e-09, 4.66626648432e-09, 2.72899214337e-09, 2.14288564671e-09],
        "dmean2": [6.85073755449e-05, 0.000105756364064, 6.10012539255e-05, 0.000345947686583, 0.000130868342239, 9.73559654085e-05, 0.000330934242811, 0.000362238293746, 5.67028437217e-05, 0.00011572992662, 0.000110457411211, 5.54955877305e-05, 6.4918960561e-05, 2.24577997869e-05, 7.36658839742e-05, 2.4110535378e-05, 4.20540309278e-05, 4.67565077997e-05, 3.91938083339e-05, 3.70657835447e-05, 4.55824047094e-05, 2.01359380299e-05, 1.60676227097e-05, 3.42173043464e-05, 3.40908300132e-05, 5.06241894982e-06, 3.62808418686e-06, 1.83219731298e-06, 1.08845324576e-06, 9.40897734836e-07, 6.9088531518e-07, 3.68310224985e-07, 2.98923083619e-07, 5.91864903754e-08, 2.07302086608e-08, 1.33985373907e-08, 1.04444151106e-08, 6.85130308042e-09, 3.96609456388e-09, 3.20355852956e-09],
        "dvar": [1.02536530378e-08, 2.13757793688e-08, 6.99159219408e-09, 2.95393817851e-07, 3.17670263428e-08, 3.45509540978e-08, 3.46348230096e-07, 8.22948720725e-07, 5.01338304204e-09, 7.42126928799e-08, 8.91700935313e-08, 8.32218116642e-09, 1.18555485429e-08, 1.36346922641e-09, 1.83043074031e-08, 1.07654929415e-09, 2.632117857e-09, 3.94611721077e-09, 3.09891423633e-09, 1.63948199461e-09, 5.23848520118e-09, 9.12670217179e-10, 7.08177461117e-10, 3.25593729755e-09, 3.56855300865e-09, 3.40620587291e-11, 3.67871358375e-11, 1.23482951295e-11, 3.08863026301e-12, 2.59849867318e-12, 9.93952424706e-13, 2.48533723983e-13, 2.47489447555e-13, 6.79110528934e-15, 7.71452726766e-16, 3.16292611007e-16, 3.39316739989e-16, 1.20832214541e-16, 1.25850514177e-16, 4.7324041783e-17],
        "dvar2": [2.48413360993e-08, 4.69878997933e-08, 1.75823853255e-08, 8.34836157537e-07, 7.11965171263e-08, 4.00147257551e-08, 4.91527487156e-07, 9.26169775539e-07, 9.94638060803e-09, 1.00035357775e-07, 9.39205122563e-08, 1.24410757252e-08, 1.80274799533e-08, 2.44282150064e-09, 2.33166339569e-08, 1.35061151152e-09, 4.52032766773e-09, 8.25249646397e-09, 6.3561533814e-09, 2.77825962236e-09, 8.27316171126e-09, 1.61595470338e-09, 9.95655113911e-10, 5.04768049581e-09, 5.82917758507e-09, 6.01234548259e-11, 8.05391794922e-11, 2.3089823456e-11, 4.58981507315e-12, 4.61839681082e-12, 1.68099431944e-12, 5.00115519744e-13, 3.8237024224e-13, 1.22210049155e-14, 1.78152035225e-15, 5.76696029391e-16, 5.73160778567e-16, 1.78049382772e-16, 1.64514788892e-16, 8.21645119894e-17],
        "max": [0.000893851916771, 0.00133734708652, 0.000616107019596, 0.00415536481887, 0.00253282114863, 0.00380670209415, 0.00976945552975, 0.0115279713646, 0.00120694411453, 0.00400233687833, 0.00790104549378, 0.00220758817159, 0.0016558393836, 0.000603717577178, 0.00356047670357, 0.000549373973627, 0.000571979675442, 0.000774237560108, 0.000912180170417, 0.000442689517513, 0.000857519044075, 0.00048914051149, 0.000564570364077, 0.000945916748606, 0.00112067407463, 0.00012070730736, 0.000108236708911, 6.04950764682e-05, 2.291544115e-05, 2.45659302891e-05, 1.4600819668e-05, 5.79927700528e-06, 7.24392930351e-06, 1.26796624045e-06, 3.80134594025e-07, 2.3320517073e-07, 3.33799647478e-07, 2.89734884973e-07, 2.79673287196e-07, 1.43857903367e-07],
        "mean": [4.18206655013e-05, 7.40472969483e-05, 4.30204163422e-05, 0.000167317484738, 0.000177095134859, 0.000186341800145, 0.000521749141626, 0.000605975918006, 8.91688978299e-05, 0.000236152452999, 0.000253708742093, 7.92340142652e-05, 9.1966612672e-05, 3.47507011611e-05, 0.0001043736047, 4.14615096815e-05, 6.44150641165e-05, 6.17301266175e-05, 3.82756443287e-05, 4.97795408592e-05, 7.59720933274e-05, 2.66341321549e-05, 2.33225473494e-05, 5.60049011256e-05, 3.8658392441e-05, 6.98316989656e-06, 4.20179139837e-06, 1.98385600925e-06, 1.22923984236e-06, 9.80595018518e-07, 9.42854057939e-07, 5.23922665252e-07, 4.35014527511e-07, 6.48487983312e-08, 2.21669314016e-08, 1.56091282122e-08, 1.23984600364e-08, 8.2786337785e-09, 4.9495381127e-09, 3.59841467734e-09],
        "median": [6.3960251282e-06, 1.65631736309e-05, 1.36250464493e-05, 4.18026247644e-05, 8.67099879542e-05, 5.76252714382e-05, 3.2622483559e-05, 2.37097192439e-05, 2.79723535641e-05, 2.32071233768e-05, 7.73625743022e-06, 1.20842960314e-05, 6.22087463853e-06, 2.911228421e-06, 1.9110761059e-05, 1.46284082803e-05, 2.45875180553e-05, 1.72902564373e-05, 5.42199359188e-06, 1.77854999492e-05, 1.36259395731e-05, 1.01647383417e-05, 7.61864203014e-06, 1.04139489849e-05, 6.54454652249e-06, 3.61077945854e-06, 1.5526553625e-06, 7.20700541024e-07, 4.73126306133e-07, 3.8717547568e-07, 2.50390968404e-07, 1.53975435069e-07, 7.80588038651e-08, 2.12866844151e-08, 9.72850866532e-09, 6.17710638195e-09, 3.59560581309e-09, 2.63262167621e-09, 1.32043842527e-09, 1.30015620492e-09],
        "min": [5.687761674e-24, 3.9085004962e-24, 5.93954004254e-24, 6.4076761361e-24, 5.01936574546e-24, 6.02658650469e-24, 4.65089118322e-24, 4.26124359427e-24, 5.74904551671e-24, 8.40209597036e-24, 5.40041672269e-24, 6.25662623326e-24, 7.78357695585e-24, 3.69654895375e-24, 4.14168659649e-24, 4.85742285681e-24, 1.14177045295e-23, 9.13838639599e-24, 8.64716586576e-24, 5.21339436814e-24, 5.99085741657e-24, 4.81055189727e-24, 4.19596101563e-24, 5.05195950591e-24, 8.21333733296e-24, 1.00293353687e-23, 6.95087668354e-24, 8.10424181407e-24, 5.36733662949e-24, 7.98873522261e-24, 1.00803091938e-23, 8.58738046433e-24, 5.90968047398e-24, 9.26508376826e-24, 7.34864322892e-24, 6.63196309652e-24, 7.08157989148e-24, 7.99520388203e-24, 7.79063489436e-24, 6.19717452e-24],
