{
"metadata": {
    "version": {
        "essentia": "2.0.1",
        "extractor": "archive-music 1.0"
    },
    "audio_properties": {
        "analysis_sample_rate": 44100,
        "bitrate": 128,
        "channels": 2,
        "equal_loudness": 0,
        "length": 15.4644899368,
        "replay_gain": -5.92360305786,
        "downmix": "mix"
    },
    "tags": {
        "track": 0,
        "year": 0,
        "album": "",
        "artist": "",
        "comment": "",
        "genre": "",
        "title": ""
    }
},
"highlevel": {
    "culture": {
        "all": {
            "non_western": 0.00640118075535,
            "western": 0.993598818779
        },
        "probability": 0.993598818779,
        "value": "western"
    },
    "danceability": {
        "all": {
            "danceable": 0.203982487321,
            "not_danceable": 0.79601752758
        },
        "probability": 0.79601752758,
        "value": "not_danceable"
    },
    "gender": {
        "all": {
            "female": 0.918599009514,
            "male": 0.0814010053873
        },
        "probability": 0.918599009514,
        "value": "female"
    },
    "genre_dortmund": {
        "all": {
            "alternative": 0.0667495504022,
            "blues": 0.0149776525795,
            "electronic": 0.0400988794863,
            "folkcountry": 0.363784223795,
            "funksoulrnb": 0.0417161807418,
            "jazz": 0.363510936499,
            "pop": 0.0804866105318,
            "raphiphop": 0.00975228473544,
            "rock": 0.0189236868173
        },
        "probability": 0.363784223795,
        "value": "folkcountry"
    },
    "genre_electronic": {
        "all": {
            "ambient": 0.967900633812,
            "dnb": 0.0129607021809,
            "house": 0.0128640485927,
            "techno": 0.00227150227875,
            "trance": 0.00400309776887
        },
        "probability": 0.967900633812,
        "value": "ambient"
    },
    "genre_rosamerica": {
        "all": {
            "cla": 0.923906743526,
            "dan": 0.000293874531053,
            "hip": 0.000227158001508,
            "jaz": 0.0462266169488,
            "pop": 0.0100622177124,
            "rhy": 0.0102258389816,
            "roc": 0.000928424822632,
            "spe": 0.00812915619463
        },
        "probability": 0.923906743526,
        "value": "cla"
    },
    "genre_tzanetakis": {
        "all": {
            "blu": 0.000607806723565,
            "cla": 0.969776749611,
            "cou": 0.000429855048424,
            "dis": 0.0153231704608,
            "hip": 0.000536913925316,
            "jaz": 0.00773443747312,
            "met": 7.28337181499e-05,
            "pop": 0.00151768908836,
            "reg": 0.0035738341976,
            "roc": 0.000426706741564
        },
        "probability": 0.969776749611,
        "value": "cla"
    },
    "mirex_ballroom": {
        "all": {
            "ChaChaCha": 0.000696028699167,
            "Jive": 0.000329005910316,
            "Quickstep": 0.00439060525969,
            "Rumba-American": 0.00344497151673,
            "Rumba-International": 0.000481279595988,
            "Rumba-Misc": 0.00258975941688,
            "Samba": 0.000491026556119,
            "Tango": 0.0373038314283,
            "VienneseWaltz": 0.396516770124,
            "Waltz": 0.553756713867
        },
        "probability": 0.553756713867,
        "value": "Waltz"
    },
    "mood_acoustic": {
        "all": {
            "acoustic": 0.922269284725,
            "not_acoustic": 0.0777307152748
        },
        "probability": 0.922269284725,
        "value": "acoustic"
    },
    "mood_aggressive": {
        "all": {
            "aggressive": 0.0886423662305,
            "not_aggressive": 0.91135764122
        },
        "probability": 0.91135764122,
        "value": "not_aggressive"
    },
    "mood_electronic": {
        "all": {
            "electronic": 0.0112850489095,
            "not_electronic": 0.988714933395
        },
        "probability": 0.988714933395,
        "value": "not_electronic"
    },
    "mood_happy": {
        "all": {
            "happy": 0.684654176235,
            "not_happy": 0.315345823765
        },
        "probability": 0.684654176235,
        "value": "happy"
    },
    "mood_party": {
        "all": {
            "not_party": 0.988248825073,
            "party": 0.0117511572316
        },
        "probability": 0.988248825073,
        "value": "not_party"
    },
    "mood_relaxed": {
        "all": {
            "not_relaxed": 0.0826939418912,
            "relaxed": 0.917306065559
        },
        "probability": 0.917306065559,
        "value": "relaxed"
    },
    "mood_sad": {
        "all": {
            "not_sad": 0.19144167006,
            "sad": 0.808558344841
        },
        "probability": 0.808558344841,
        "value": "sad"
    },
    "moods_mirex": {
        "all": {
            "Cluster1": 0.021264212206,
            "Cluster2": 0.575289905071,
            "Cluster3": 0.174044147134,
            "Cluster4": 0.224732726812,
            "Cluster5": 0.00466902088374
        },
        "probability": 0.575289905071,
        "value": "Cluster2"
    },
    "timbre": {
        "all": {
            "bright": 0.999996185303,
            "dark": 3.81220479539e-06
        },
        "probability": 0.999996185303,
        "value": "bright"
    },
    "tonal_atonal": {
        "all": {
            "atonal": 0.87125402689,
            "tonal": 0.128746002913
        },
        "probability": 0.87125402689,
        "value": "atonal"
    },
    "voice_instrumental": {
        "all": {
            "instrumental": 0.0866305977106,
            "voice": 0.913369417191
        },
        "probability": 0.913369417191,
        "value": "voice"
    }
},
"lowlevel": {
    "average_loudness": 0.927757561207,
    "barkbands_kurtosis": {
        "dmean": 2.53246283531,
        "dmean2": 3.96901512146,
        "dvar": 23.422914505,
        "dvar2": 60.1784934998,
        "max": 80.4380340576,
        "mean": 3.59812664986,
        "median": 1.34182405472,
        "min": -1.50540733337,
        "var": 38.0914077759
    },
    "barkbands_skewness": {
        "dmean": 0.478300482035,
        "dmean2": 0.700450897217,
        "dvar": 0.294748693705,
        "dvar2": 0.638385772705,
        "max": 6.87589168549,
        "mean": 1.03970456123,
        "median": 0.986218333244,
        "min": -1.98434054852,
        "var": 1.20534229279
    },
    "barkbands_spread": {
        "dmean": 1.83086538315,
        "dmean2": 2.79804205894,
        "dvar": 8.08427810669,
        "dvar2": 18.0236568451,
        "max": 43.7206077576,
        "mean": 6.85400915146,
        "median": 5.41163396835,
        "min": 0.908326745033,
        "var": 27.488067627
    },
    "dissonance": {
        "dmean": 0.0396237112582,
        "dmean2": 0.0660295784473,
        "dvar": 0.001302275341,
        "dvar2": 0.00355733092874,
        "max": 0.49631896615,
        "mean": 0.392368763685,
        "median": 0.398766875267,
        "min": 0.1946939677,
        "var": 0.00302875321358
    },
    "dynamic_complexity": 4.52230262756,
    "erbbands_kurtosis": {
        "dmean": 1.54807698727,
        "dmean2": 2.50074076653,
        "dvar": 5.50147533417,
        "dvar2": 14.7638492584,
        "max": 27.88530159,
        "mean": 1.64906561375,
        "median": 0.555182933807,
        "min": -1.76881861687,
        "var": 11.5826101303
    },
    "erbbands_skewness": {
        "dmean": 0.44415435195,
        "dmean2": 0.661913454533,
        "dvar": 0.183786123991,
        "dvar2": 0.450056523085,
        "max": 4.71477746964,
        "mean": 0.64237844944,
        "median": 0.525946557522,
        "min": -1.33233737946,
        "var": 0.727480471134
    },
    "erbbands_spread": {
        "dmean": 2.99390411377,
        "dmean2": 4.38738870621,
        "dvar": 18.4606361389,
        "dvar2": 33.7628746033,
        "max": 64.7651901245,
        "mean": 13.6809921265,
        "median": 9.1906337738,
        "min": 1.97852385044,
        "var": 126.393531799
    },
    "hfc": {
        "dmean": 5.39780950546,
        "dmean2": 7.29731035233,
        "dvar": 50.8240203857,
        "dvar2": 102.388076782,
        "max": 115.155975342,
        "mean": 20.8045368195,
        "median": 15.7663946152,
        "min": 1.15625675068e-16,
        "var": 411.633605957
    },
    "melbands_kurtosis": {
        "dmean": 3.17355942726,
        "dmean2": 4.95307445526,
        "dvar": 55.3721160889,
        "dvar2": 139.569992065,
        "max": 131.625427246,
        "mean": 5.40210676193,
        "median": 2.73742580414,
        "min": -1.61174309254,
        "var": 80.8703994751
    },
    "melbands_skewness": {
        "dmean": 0.480070471764,
        "dmean2": 0.704552531242,
        "dvar": 0.365444839001,
        "dvar2": 0.739077568054,
        "max": 8.40695571899,
        "mean": 1.29263806343,
        "median": 0.942607283592,
        "min": -0.779518187046,
        "var": 1.57769322395
    },
    "melbands_spread": {
        "dmean": 3.19884300232,
        "dmean2": 5.05710315704,
        "dvar": 69.3371810913,
        "dvar2": 157.3565979,
        "max": 178.48727417,
        "mean": 11.3668251038,
        "median": 9.63751029968,
        "min": 0.827900528908,
        "var": 163.018814087
    },
    "pitch_salience": {
        "dmean": 0.0682251304388,
        "dmean2": 0.107380874455,
        "dvar": 0.00406065629795,
        "dvar2": 0.0104878675193,
        "max": 0.980903446674,
        "mean": 0.485374540091,
        "median": 0.476705044508,
        "min": 0.148152157664,
        "var": 0.00943510793149
    },
    "silence_rate_20dB": {
        "dmean": 0,
        "dmean2": 0,
        "dvar": 0,
        "dvar2": 0,
        "max": 1,
        "mean": 1,
        "median": 1,
        "min": 1,
        "var": 0
    },
    "silence_rate_30dB": {
        "dmean": 0,
        "dmean2": 0,
        "dvar": 0,
        "dvar2": 0,
        "max": 1,
        "mean": 1,
        "median": 1,
        "min": 1,
        "var": 0
    },
    "silence_rate_60dB": {
        "dmean": 0.0480480492115,
        "dmean2": 0.0962406024337,
        "dvar": 0.045739274472,
        "dvar2": 0.0899857059121,
        "max": 1,
        "mean": 0.157421290874,
        "median": 0,
        "min": 0,
        "var": 0.132639274001
    },
    "spectral_centroid": {
        "dmean": 150.318954468,
        "dmean2": 201.321777344,
        "dvar": 203345.484375,
        "dvar2": 190796.5,
        "max": 11355.5605469,
        "mean": 1058.27246094,
        "median": 1032.02709961,
        "min": 304.412414551,
        "var": 458889.4375
    },
    "spectral_complexity": {
        "dmean": 1.4324324131,
        "dmean2": 2.08721804619,
        "dvar": 1.94514203072,
        "dvar2": 3.33373594284,
        "max": 21,
        "mean": 10.3028488159,
        "median": 11,
        "min": 0,
        "var": 20.2710933685
    },
    "spectral_crest": {
        "dmean": 2.68146729469,
        "dmean2": 4.22105836868,
        "dvar": 6.14550733566,
        "dvar2": 14.8015232086,
        "max": 24.0842342377,
        "mean": 12.3230209351,
        "median": 11.4085664749,
        "min": 5.68268442154,
        "var": 19.7926387787
    },
    "spectral_decrease": {
        "dmean": 1.36757571934e-09,
        "dmean2": 1.9317778488e-09,
        "dvar": 3.32410573486e-18,
        "dvar2": 7.16031940054e-18,
        "max": 1.0363985143e-28,
        "mean": -5.09976683105e-09,
        "median": -4.6051904512e-09,
        "min": -2.66277364602e-08,
        "var": 2.03134498425e-17
    },
    "spectral_energy": {
        "dmean": 0.00563692115247,
        "dmean2": 0.00791825540364,
        "dvar": 5.58364627068e-05,
        "dvar2": 0.000119574891869,
        "max": 0.110943943262,
        "mean": 0.0211347099394,
        "median": 0.0190571900457,
        "min": 1.04078691949e-20,
        "var": 0.000353517098119
    },
    "spectral_energyband_high": {
        "dmean": 1.32024943014e-05,
        "dmean2": 1.90066330106e-05,
        "dvar": 7.03041347361e-10,
        "dvar2": 1.30864874492e-09,
        "max": 0.000356595934136,
        "mean": 3.00046776829e-05,
        "median": 9.09289337869e-06,
        "min": 7.60950991248e-21,
        "var": 2.49842480038e-09
    },
    "spectral_energyband_low": {
        "dmean": 1.26488521346e-06,
        "dmean2": 2.18565310206e-06,
        "dvar": 9.85175743068e-12,
        "dvar2": 2.63371581488e-11,
        "max": 4.93737534271e-05,
        "mean": 1.77351444108e-06,
        "median": 1.21085486171e-06,
        "min": 7.85736132512e-23,
        "var": 8.47547813182e-12
    },
    "spectral_energyband_middle_high": {
        "dmean": 0.00343115348369,
        "dmean2": 0.00448250211775,
        "dvar": 3.19368155033e-05,
        "dvar2": 5.66095004615e-05,
        "max": 0.109598189592,
        "mean": 0.0126176234335,
        "median": 0.00701590115204,
        "min": 1.35971377578e-21,
        "var": 0.000262570712948
    },
    "spectral_energyband_middle_low": {
        "dmean": 0.00322324060835,
        "dmean2": 0.00488160829991,
        "dvar": 3.24183311022e-05,
        "dvar2": 8.15489474917e-05,
        "max": 0.0883275866508,
        "mean": 0.00850177928805,
        "median": 0.00560639100149,
        "min": 2.03896587872e-22,
        "var": 9.56986987148e-05
    },
    "spectral_flatness_db": {
        "dmean": 0.0198983121663,
        "dmean2": 0.0301404688507,
        "dvar": 0.000312493590172,
        "dvar2": 0.000702598597854,
        "max": 0.439131766558,
        "mean": 0.291350781918,
        "median": 0.290342122316,
        "min": 0.0635698959231,
        "var": 0.0018230159767
    },
    "spectral_flux": {
        "dmean": 0.0188503451645,
        "dmean2": 0.0303833149374,
        "dvar": 0.000279709405731,
        "dvar2": 0.000721817137673,
        "max": 0.150042429566,
        "mean": 0.0526817589998,
        "median": 0.0499248094857,
        "min": 1.02018962722e-10,
        "var": 0.000850436685141
    },
    "spectral_kurtosis": {
        "dmean": 8.84197616577,
        "dmean2": 15.5641546249,
        "dvar": 55.3669471741,
        "dvar2": 157.421981812,
        "max": 70.1208648682,
        "mean": 22.168794632,
        "median": 20.1268768311,
        "min": -1.16866385937,
        "var": 169.059173584
    },
    "spectral_rms": {
        "dmean": 0.000593372329604,
        "dmean2": 0.000798314868007,
        "dvar": 3.74896842459e-07,
        "dvar2": 6.89033527124e-07,
        "max": 0.010403749533,
        "mean": 0.00403306586668,
        "median": 0.00431188801304,
        "min": 3.18653718863e-12,
        "var": 4.35360652773e-06
    },
    "spectral_rolloff": {
        "dmean": 257.33102417,
        "dmean2": 457.442657471,
        "dvar": 1027819.125,
        "dvar2": 2053115,
        "max": 19422.9492188,
        "mean": 1400.75537109,
        "median": 1313.52539062,
        "min": 301.46484375,
        "var": 2555618.75
    },
    "spectral_skewness": {
        "dmean": 0.676565885544,
        "dmean2": 1.1613547802,
        "dvar": 0.296322584152,
        "dvar2": 0.783620655537,
        "max": 6.80603742599,
        "mean": 3.05954647064,
        "median": 3.07707619667,
        "min": -0.0362504385412,
        "var": 1.32129001617
    },
    "spectral_spread": {
        "dmean": 388257.59375,
        "dmean2": 522900.59375,
        "dvar": 2.81497174016e+12,
        "dvar2": 2.38634244506e+12,
        "max": 40297168,
        "mean": 2174366,
        "median": 1796400.125,
        "min": 1111358.5,
        "var": 5.22895700787e+12
    },
    "spectral_strongpeak": {
        "dmean": 0.847532093525,
        "dmean2": 1.32990038395,
        "dvar": 1.08915317059,
        "dvar2": 2.17488050461,
        "max": 11.9534673691,
        "mean": 2.56774711609,
        "median": 2.06403636932,
        "min": 0,
        "var": 5.1426949501
    },
    "zerocrossingrate": {
        "dmean": 0.00606979057193,
        "dmean2": 0.00811574794352,
        "dvar": 0.000633535557427,
        "dvar2": 0.00130286277272,
        "max": 0.5234375,
        "mean": 0.0475067645311,
        "median": 0.044921875,
        "min": 0.01416015625,
        "var": 0.00170150224585
    },
    "barkbands": {
        "dmean": [3.53235805051e-07, 5.66204562347e-07, 6.11774112258e-07, 4.0409236135e-07, 0.000199505826458, 0.000256379833445, 0.000322498905007, 0.00124458002392, 0.00207259040326, 0.00096165452851, 0.0014035825152, 0.00046130080591, 0.000876120699104, 0.000445388955995, 0.000756112509407, 8.21790163172e-05, 4.72329229524e-05, 5.10588106408e-05, 2.61664918071e-05, 2.09824011108e-05, 1.97738381758e-06, 7.90123522165e-07, 4.46512586905e-07, 1.97629105969e-07, 8.84660806832e-08, 2.740613958e-08, 3.61621776968e-09],
        "dmean2": [6.15664248471e-07, 9.90013518276e-07, 1.07320943243e-06, 7.13104611805e-07, 0.000283213652438, 0.000385079561966, 0.000451784348115, 0.00186937290709, 0.00308556528762, 0.00134753750172, 0.00195680884644, 0.000596033292823, 0.00126595492475, 0.000615504919551, 0.00111699814443, 0.000121986442537, 6.91276800353e-05, 7.65008080634e-05, 3.80139135814e-05, 3.07481386699e-05, 3.08814696837e-06, 1.21644427509e-06, 6.73859403832e-07, 2.98065145898e-07, 1.37258027166e-07, 4.73332022466e-08, 6.27083274196e-09],
        "dvar": [2.80933073029e-13, 6.45972479067e-13, 4.35017169856e-12, 1.26848141366e-12, 2.35731121734e-07, 2.24982812824e-07, 3.65148110859e-07, 5.28527016286e-06, 2.97361675621e-05, 4.84938118461e-06, 2.16645075852e-05, 9.80377535598e-07, 2.56560724665e-06, 9.111584518e-07, 3.87627324017e-06, 7.87132989899e-08, 7.65996954755e-09, 7.49708739534e-09, 2.63104404929e-09, 1.22660148705e-09, 2.58600189873e-11, 1.14164910164e-11, 9.28955480248e-13, 8.82864365382e-13, 1.61022738654e-13, 5.01476168483e-16, 1.13902315399e-17],
        "dvar2": [7.60389852212e-13, 1.8452457444e-12, 1.16772173528e-11, 3.54353742529e-12, 4.50050521295e-07, 5.47141723928e-07, 7.08238758307e-07, 1.20657405205e-05, 7.40935647627e-05, 8.60432646732e-06, 3.88716543966e-05, 1.75800846591e-06, 4.82610766994e-06, 1.67484881786e-06, 9.19495323615e-06, 1.38066340583e-07, 1.62867817011e-08, 1.74683023602e-08, 5.5491820028e-09, 2.18524709439e-09, 6.05377553642e-11, 3.04844517685e-11, 1.94783252028e-12, 1.71587039282e-12, 2.64558882614e-13, 1.42638929537e-15, 3.27674861081e-17],
        "max": [5.45065540791e-06, 1.06302668428e-05, 3.24444990838e-05, 1.68831411429e-05, 0.0101363547146, 0.00484034372494, 0.00926139298826, 0.0252853874117, 0.0828693285584, 0.0280574131757, 0.0989632457495, 0.0216453298926, 0.0215354785323, 0.0150774847716, 0.0234599746764, 0.00513524608687, 0.00140990293585, 0.00114583096001, 0.000625812623184, 0.000554181402549, 7.5778712926e-05, 6.80627708789e-05, 1.72542277141e-05, 1.7242060494e-05, 9.86091254163e-06, 2.26278487503e-07, 2.33840733443e-08],
        "mean": [3.72447999553e-07, 7.46245859773e-07, 5.52652295482e-07, 4.28430240618e-07, 0.00048259482719, 0.00059197092196, 0.000725595280528, 0.00240436568856, 0.00427686562762, 0.00286861765198, 0.00344329723157, 0.00127266533673, 0.00199401332065, 0.00109173462261, 0.00148997548968, 0.00014864570403, 0.000120513097499, 0.000108024876681, 5.76603633817e-05, 4.78409165225e-05, 4.77111370856e-06, 1.62107232882e-06, 1.17441049952e-06, 3.7694107391e-07, 2.16426144561e-07, 1.08341438931e-07, 4.6592005809e-09],
        "median": [1.98400243789e-07, 5.73345516841e-07, 1.69927034221e-07, 2.40665826823e-07, 0.000215413776459, 0.000349030160578, 0.000481999129988, 0.00129966670647, 0.000945340609178, 4.62877651444e-05, 0.000452245876659, 0.000101854078821, 0.000631811562926, 0.000145487560076, 8.08149998193e-05, 3.78917466151e-05, 4.22272823926e-05, 3.59573568858e-05, 2.67303457804e-05, 2.29864472203e-05, 6.94561492764e-07, 4.36927251712e-07, 7.6688468198e-07, 1.9469904089e-07, 1.55356460141e-07, 1.12942188935e-07, 3.84750853399e-09],
        "min": [3.42319050629e-24, 6.17099948408e-23, 8.48409806146e-24, 8.92650466774e-24, 1.04304340625e-23, 4.5235209126e-24, 3.29282343198e-23, 2.92103675834e-23, 5.03803303438e-23, 1.45977779655e-23, 4.80195189345e-23, 4.35572357163e-23, 6.3068615268e-23, 5.47544189128e-23, 1.75097106379e-22, 9.67739217557e-23, 2.23889756333e-22, 1.60294932976e-22, 2.39480525584e-22, 2.63754545566e-22, 3.12139209281e-22, 3.81400237505e-22, 5.64988693155e-22, 7.57071047675e-22, 1.0575815132e-21, 1.71671440664e-21, 2.35005505733e-21],
        "var": [3.34276877012e-13, 6.42175874109e-13, 3.22014420337e-12, 9.298298893e-13, 5.88016746406e-07, 4.31586556715e-07, 8.01007388418e-07, 1.12854704639e-05, 8.19338602014e-05, 2.34422150243e-05, 0.000133782057674, 5.81673884881e-06, 1.02716694528e-05, 5.20165031048e-06, 1.02875437733e-05, 1.57631419029e-07, 3.97467552204e-08, 2.61171670957e-08, 7.96968624428e-09, 4.86528017873e-09, 1.23281024278e-10, 1.53057375801e-11, 2.72210314185e-12, 1.56627163496e-12, 3.0983432508e-13, 1.68140137552e-15, 1.59296821091e-17]
    },
    "erbbands": {
        "dmean": [2.77103536064e-05, 0.000102920508652, 0.000544359441847, 0.00134443724528, 0.0129157314077, 0.537776112556, 3.06320238113, 1.303565979, 2.12190270424, 9.8654794693, 41.588470459, 47.3716812134, 14.6625375748, 46.5931968689, 42.3854675293, 13.9422483444, 27.3055610657, 24.0134906769, 29.9988117218, 28.0461559296, 3.8246281147, 2.71494817734, 2.90947008133, 1.96446490288, 0.85555434227, 0.872618079185, 0.261689305305, 0.0463130958378, 0.0299779307097, 0.0222986247391, 0.0129864094779, 0.00602864706889, 0.00226215645671, 0.00146259029862, 0.00044106162386, 0.00016853834677, 5.56908926228e-05, 1.156054077e-05, 3.03163187709e-06, 6.68357552058e-06],
        "dmean2": [4.92653016408e-05, 0.000180563831236, 0.000951172609348, 0.00228162482381, 0.017936674878, 0.757150769234, 4.4109621048, 1.82643222809, 3.0253765583, 14.4817066193, 62.0788536072, 70.2080383301, 19.6977920532, 64.6241226196, 57.3848571777, 18.5893421173, 38.6340179443, 33.4836540222, 38.9509086609, 45.9911994934, 5.47065401077, 3.85268306732, 4.21846532822, 3.01820325851, 1.23772573471, 1.27009391785, 0.379211843014, 0.0662571564317, 0.0473179221153, 0.034656368196, 0.0195842534304, 0.00854712445289, 0.00334566528909, 0.00231918226928, 0.000677728501614, 0.00028557080077, 9.59124299698e-05, 2.00770446099e-05, 4.18756508225e-06, 9.32167404244e-06],
        "dvar": [1.011769446e-09, 3.64001877529e-08, 2.86438353214e-06, 1.63614931807e-05, 0.000872930511832, 1.69076824188, 38.1340026855, 5.55954265594, 11.1713094711, 249.018508911, 4839.9375, 15093.2568359, 1025.3894043, 8244.58496094, 12849.5751953, 688.680236816, 2274.1496582, 1685.02490234, 6814.57275391, 11021.6064453, 122.31426239, 25.9581050873, 24.9240722656, 14.2050180435, 3.55050182343, 2.42921280861, 0.326888144016, 0.0164697319269, 0.0287787411362, 0.00434965733439, 0.000509665638674, 0.000637322256807, 0.000145918369526, 6.04761007708e-05, 1.25077610846e-06, 1.99728180661e-08, 2.46339770804e-09, 1.02250610756e-10, 1.53046464391e-11, 7.74674491222e-11],
        "dvar2": [2.90406476644e-09, 1.03097427484e-07, 7.61329511079e-06, 4.43306416855e-05, 0.00184529938269, 3.54304623604, 86.6540756226, 12.7967300415, 23.3814544678, 545.182495117, 11016.4345703, 38074.765625, 1674.30078125, 14273.6318359, 22914.3320312, 1353.48803711, 4097.36816406, 3192.1184082, 10743.6191406, 30423.515625, 259.562744141, 52.048324585, 56.778755188, 32.2606544495, 7.52623701096, 4.00649595261, 0.640301048756, 0.0328121632338, 0.0811851769686, 0.0102273402736, 0.000993350055069, 0.0013110084692, 0.000267544033704, 0.000101622164948, 1.8836686877e-06, 5.48035465897e-08, 6.77279432537e-09, 2.91690060994e-10, 3.18254936293e-11, 1.64741359443e-10],
        "max": [0.000273881887551, 0.00253847264685, 0.0225685480982, 0.0719096213579, 0.401828616858, 24.4281845093, 97.2478942871, 27.7150058746, 34.6935386658, 180.955718994, 978.109130859, 1453.10864258, 515.199707031, 1462.94775391, 2510.13696289, 449.750823975, 690.554626465, 680.52734375, 1542.08911133, 1359.55212402, 157.90133667, 97.5041809082, 82.2168807983, 41.1754646301, 33.8001480103, 26.3686504364, 9.47443389893, 2.51329565048, 3.39143109322, 1.08645820618, 0.361249029636, 0.484964609146, 0.213277682662, 0.179276570678, 0.0307079534978, 0.00168396357913, 0.000494035717566, 8.37536063045e-05, 6.08206355537e-05, 0.000132873668917],
        "mean": [3.52134811692e-05, 0.000131423395942, 0.000564126879908, 0.00191063131206, 0.0289699230343, 1.19458663464, 7.67918157578, 3.05521965027, 5.06758403778, 23.3483467102, 82.4120178223, 97.3056716919, 43.8324623108, 129.412261963, 119.547294617, 42.5891304016, 61.3930664062, 66.6170806885, 90.9009933472, 52.7467308044, 8.46928691864, 7.53535747528, 7.3909201622, 4.4926366806, 2.19506764412, 2.00630235672, 0.629301309586, 0.129599928856, 0.057172216475, 0.0532617978752, 0.0333788990974, 0.0116519192234, 0.00466308416799, 0.00297215860337, 0.00125112733804, 0.000541535788216, 0.000202545314096, 3.11066032737e-05, 1.21614602904e-05, 2.52849022218e-05],
        "median": [2.69962056336e-05, 9.33217961574e-05, 0.000233950340771, 0.00121283344924, 0.0124116828665, 0.581373035908, 4.33402204514, 2.21804094315, 4.06205224991, 17.2846870422, 45.2850151062, 26.0176849365, 14.8283624649, 30.8151073456, 31.1608543396, 12.7437019348, 22.2476711273, 23.6672840118, 10.3887395859, 4.58453226089, 1.92034637928, 2.6568877697, 2.72982025146, 2.02990460396, 1.08668339252, 1.06773269176, 0.139310583472, 0.0261449534446, 0.0148379513994, 0.0201275646687, 0.0226650089025, 0.00641598645598, 0.00252354471013, 0.00172219763044, 0.00111175107304, 0.000549127464183, 0.000206821103347, 3.09202696371e-05, 1.08620552055e-05, 2.26915781241e-05],
        "min": [1.1633393616e-21, 1.54697088649e-20, 1.81641123854e-20, 2.33594771009e-20, 2.04005858107e-20, 4.88890399207e-20, 1.11211176334e-19, 2.90492680249e-20, 1.98620463187e-19, 5.37847154846e-19, 8.49345640849e-19, 8.55218313006e-19, 9.98670973364e-19, 1.32391642567e-18, 2.52342674836e-18, 1.99715066121e-18, 2.91134198881e-18, 2.07702839104e-18, 5.39794823977e-18, 6.56354126222e-18, 6.4491210904e-18, 1.08586373018e-17, 7.67687301356e-18, 1.37359668646e-17, 8.99063683119e-18, 1.4680528542e-17, 1.48604734124e-17, 1.15757251379e-17, 1.32632786395e-17, 1.72077257864e-17, 1.48589133498e-17, 1.45349976937e-17, 1.42914012751e-17, 1.23966530922e-17, 7.56850573587e-18, 5.18709659291e-18, 3.83494042792e-18, 1.21925460693e-18, 3.2482185828e-19, 3.44659924116e-20],
        "var": [1.1485153939e-09, 3.12267616209e-08, 2.25018243327e-06, 1.28424835566e-05, 0.00227080052719, 3.55596208572, 95.5222167969, 11.6409034729, 22.0993480682, 509.016784668, 11379.9951172, 39321.7460938, 4556.76220703, 46644.6757812, 81068.4765625, 4364.37451172, 9155.29394531, 9035.39746094, 38309.4140625, 24461.9921875, 343.128173828, 161.479675293, 112.152374268, 37.9759254456, 11.2317333221, 9.06237220764, 1.39630949497, 0.106645703316, 0.0255488585681, 0.0106574222445, 0.00168883171864, 0.00110678561032, 0.000273979385383, 0.000108113490569, 2.93166590382e-06, 5.83588999348e-08, 6.44834807773e-09, 2.09308487209e-10, 1.09002883109e-10, 5.11831910188e-10]
    },
    "gfcc": {
        "mean": [-152.756118774, 107.232955933, -201.784667969, -57.9286842346, -78.6306686401, -29.7998962402, -39.2570610046, -5.0196056366, -18.6832122803, 4.20860385895, 3.738956213, -2.07722687721, -3.7722120285],
        "cov": [[15044.7314453, 1082.34277344, -3715.21875, -1236.81713867, -149.902587891, -100.590187073, 302.362701416, 33.6669692993, 144.709182739, -313.084716797, 55.9455070496, -54.4598770142, 282.666412354], [1082.34277344, 380.176635742, -39.2392692566, -204.619400024, -62.4653358459, -17.9062595367, -34.8475799561, -68.6895294189, -113.836982727, -65.0341033936, 2.09384799004, -34.649974823, -23.4957847595], [-3715.21875, -39.2392692566, 1941.15148926, 515.462768555, -328.568664551, 68.9464035034, -333.15927124, -178.457855225, -159.696075439, 215.624313354, -32.0711746216, 2.0447268486, -228.817871094], [-1236.81713867, -204.619400024, 515.462768555, 695.561401367, -52.523853302, -364.943511963, -238.917541504, 44.7583122253, 25.3661460876, 157.129852295, -98.2271270752, -1.00642466545, -4.66422319412], [-149.902587891, -62.4653358459, -328.568664551, -52.523853302, 335.301483154, -12.8072795868, 66.25390625, 71.8313369751, 20.7247714996, -75.0873718262, 23.8709945679, 12.817276001, 67.3944015503], [-100.590187073, -17.9062595367, 68.9464035034, -364.943511963, -12.8072795868, 557.607177734, 158.356765747, -124.474380493, 38.1873703003, -31.6032752991, 62.7407989502, 34.9013748169, -76.0334625244], [302.362701416, -34.8475799561, -333.15927124, -238.917541504, 66.25390625, 158.356765747, 309.786376953, 48.6329193115, -14.726436615, -75.470199585, 47.8965034485, -11.3257408142, 37.5518913269], [33.6669692993, -68.6895294189, -178.457855225, 44.7583122253, 71.8313369751, -124.474380493, 48.6329193115, 173.264389038, 27.2219753265, -16.0274848938, 24.8235683441, -14.3361997604, 41.7598571777], [144.709182739, -113.836982727, -159.696075439, 25.3661460876, 20.7247714996, 38.1873703003, -14.726436615, 27.2219753265, 265.165313721, 49.573299408, -93.9858322144, 4.66687107086, 35.7238807678], [-313.084716797, -65.0341033936, 215.624313354, 157.129852295, -75.0873718262, -31.6032752991, -75.470199585, -16.0274848938, 49.573299408, 159.117462158, -14.6707353592, -9.97769451141, -22.9588356018], [55.9455070496, 2.09384799004, -32.0711746216, -98.2271270752, 23.8709945679, 62.7407989502, 47.8965034485, 24.8235683441, -93.9858322144, -14.6707353592, 146.889587402, 26.0616378784, -25.9958438873], [-54.4598770142, -34.649974823, 2.0447268486, -1.00642466545, 12.817276001, 34.9013748169, -11.3257408142, -14.3361997604, 4.66687107086, -9.97769451141, 26.0616378784, 68.4826583862, 0.0773626044393], [282.666412354, -23.4957847595, -228.817871094, -4.66422319412, 67.3944015503, -76.0334625244, 37.5518913269, 41.7598571777, 35.7238807678, -22.9588356018, -25.9958438873, 0.0773626044393, 90.928024292]],
        "icov": [[0.000321174156852, -0.0010544663528, 0.00089855468832, -0.000504535448272, 0.000706900726072, -0.000486457371153, 0.000263024907326, -8.28394768178e-05, -4.08861051255e-05, -0.00020656347624, -0.000285723537672, -8.89889197424e-05, -0.000154595356435], [-0.0010544663528, 0.0097146499902, -0.00301004503854, 0.00534928543493, -0.00175008364022, 0.00379969016649, 0.00097382068634, 0.00180918851402, 0.00235760654323, 0.00119791843463, 0.00281116343103, 0.00211800192483, 0.00190741580445], [0.00089855468832, -0.00301004503854, 0.00396570656449, -0.00262840627693, 0.00248008966446, -0.00268897041678, 0.00159328570589, -0.000600098399445, 0.00131607870571, -0.00117939792108, 7.75420630816e-05, -0.000213527237065, 0.00101204181556], [-0.000504535448272, 0.00534928543493, -0.00262840627693, 0.00783149898052, -0.00173724174965, 0.00499297818169, 0.000736073998269, 4.34514477092e-05, 0.00126154115424, -0.00230865832418, 0.00385767244734, -0.0014822834637, 0.00190246663988], [0.000706900726072, -0.00175008364022, 0.00248008966446, -0.00173724174965, 0.00600059283897, -0.00195391732268, 0.00125686940737, -0.00103653001133, 4.12969238823e-05, 0.00142658432014, -0.0016008594539, 0.000258022628259, -0.00273613026366], [-0.000486457371153, 0.00379969016649, -0.00268897041678, 0.00499297818169, -0.00195391732268, 0.00838279444724, -0.00324300141074, 0.00470711477101, -0.00292206252925, 0.000404544465709, -0.000926064152736, -0.00116281397641, 0.00460524158552], [0.000263024907326, 0.00097382068634, 0.00159328570589, 0.000736073998269, 0.00125686940737, -0.00324300141074, 0.00770556088537, -0.00289543019608, 0.0028394437395, 0.000267836236162, 0.000820594723336, 0.00228731450625, -0.00282995286398], [-8.28394768178e-05, 0.00180918851402, -0.000600098399445, 4.34514477092e-05, -0.00103653001133, 0.00470711477101, -0.00289543019608, 0.0127490982413, -0.00446497043595, 0.0027282058727, -0.00647235615179, 0.00401823595166, -0.000148756735143], [-4.08861051255e-05, 0.00235760654323, 0.00131607870571, 0.00126154115424, 4.12969238823e-05, -0.00292206252925, 0.0028394437395, -0.00446497043595, 0.0105933966115, -0.00448199920356, 0.00893971417099, -0.00262079411186, -0.000218753950321], [-0.00020656347624, 0.00119791843463, -0.00117939792108, -0.00230865832418, 0.00142658432014, 0.000404544465709, 0.000267836236162, 0.0027282058727, -0.00448199920356, 0.0124870184809, -0.00529754441231, 0.00472707720473, -0.000822089670692], [-0.000285723537672, 0.00281116343103, 7.75420630816e-05, 0.00385767244734, -0.0016008594539, -0.000926064152736, 0.000820594723336, -0.00647235615179, 0.00893971417099, -0.00529754441231, 0.018468471244, -0.00761370128021, 0.0054900967516], [-8.89889197424e-05, 0.00211800192483, -0.000213527237065, -0.0014822834637, 0.000258022628259, -0.00116281397641, 0.00228731450625, 0.00401823595166, -0.00262079411186, 0.00472707720473, -0.00761370128021, 0.0211204532534, -0.003714538645], [-0.000154595356435, 0.00190741580445, 0.00101204181556, 0.00190246663988, -0.00273613026366, 0.00460524158552, -0.00282995286398, -0.000148756735143, -0.000218753950321, -0.000822089670692, 0.0054900967516, -0.003714538645, 0.0231825560331]]
    },
    "melbands": {
        "dmean": [1.99240105303e-07, 2.24253497549e-07, 2.18730434653e-07, 1.0886599739e-05, 9.09586597118e-05, 3.28681635438e-05, 4.29038736911e-05, 0.000145234516822, 0.000396674848162, 0.000261558889179, 7.9779762018e-05, 0.000199822039576, 0.000185367884114, 6.23529413133e-05, 2.98837785522e-05, 8.79235522007e-05, 3.96506293328e-05, 5.81130807404e-05, 3.79896519007e-05, 2.03128856811e-05, 4.22135508416e-06, 2.59446619566e-06, 2.37506264966e-06, 3.12276210934e-06, 1.77557274128e-06, 6.64595404487e-07, 8.00712257387e-07, 5.89835508435e-07, 2.57492786204e-07, 4.87663243121e-08, 1.89637638925e-08, 1.672042238e-08, 1.82804846816e-08, 1.11175522122e-08, 9.33287935823e-09, 4.98060170884e-09, 3.49131523691e-09, 1.7417470799e-09, 1.64287827786e-09, 1.35574262927e-09],
        "dmean2": [3.54240938805e-07, 3.91692339008e-07, 3.68751386759e-07, 1.54110748554e-05, 0.000130581451231, 4.67267964268e-05, 6.06641624472e-05, 0.000215605454287, 0.000588497612625, 0.000387687206967, 0.000105917803012, 0.000278012419585, 0.000255293474765, 8.14512022771e-05, 4.4219832489e-05, 0.000126263359562, 5.60013140785e-05, 7.53043932491e-05, 5.71222517465e-05, 3.43288047588e-05, 5.51605307919e-06, 3.64335642189e-06, 3.44886530002e-06, 4.81999086333e-06, 2.75410820905e-06, 9.97480469778e-07, 1.21685764043e-06, 8.65157630869e-07, 3.82166206236e-07, 7.20269213161e-08, 2.71388795881e-08, 2.65828070667e-08, 2.92417041692e-08, 1.75037762062e-08, 1.45571261712e-08, 7.35642036176e-09, 5.15345099927e-09, 2.68734545728e-09, 2.86342816125e-09, 2.03584860081e-09],
        "dvar": [5.97351148038e-14, 4.29636171475e-13, 3.50795428946e-13, 8.40439606797e-10, 3.36050689498e-08, 3.36329697426e-09, 5.28411625567e-09, 5.42544249527e-08, 5.42917860002e-07, 4.38422944171e-07, 3.81059024335e-08, 1.41597780612e-07, 3.57596633194e-07, 1.79095298591e-08, 7.64755636595e-09, 2.93113568972e-08, 4.73168082493e-09, 2.42445725718e-08, 1.31479422905e-08, 6.07492900428e-09, 2.20074417023e-10, 2.97970467744e-11, 1.51772830415e-11, 2.97489741174e-11, 1.19670558185e-11, 3.08923850043e-12, 2.00480365815e-12, 1.3888262285e-12, 3.82777387261e-13, 2.21843908939e-14, 2.63273870105e-15, 9.43190414416e-15, 4.3116721402e-15, 9.86103686974e-16, 2.22789543932e-16, 1.94822395368e-16, 3.73969731364e-16, 8.63547310399e-17, 6.84081145908e-17, 6.84201451057e-17],
        "dvar2": [1.682334827e-13, 1.14499577354e-12, 9.21292339293e-13, 1.87079018943e-09, 7.25344975194e-08, 7.80412801049e-09, 1.05244986059e-08, 1.26510954601e-07, 1.28121905618e-06, 1.1042764072e-06, 6.24187350695e-08, 2.43809495259e-07, 6.41451947558e-07, 3.18635642316e-08, 1.31614932286e-08, 5.66126985291e-08, 9.33930799363e-09, 3.67702384096e-08, 3.52429871953e-08, 1.69362337488e-08, 3.83532122727e-10, 5.45664277651e-11, 3.4562130935e-11, 7.441430111e-11, 2.69452151563e-11, 7.22685149571e-12, 4.04494103143e-12, 2.41697916022e-12, 7.91509273488e-13, 4.97844868357e-14, 5.24539933312e-15, 2.61185912714e-14, 1.17769148586e-14, 2.20951254797e-15, 5.06196630158e-16, 3.75873173215e-16, 8.13220080214e-16, 1.44318307351e-16, 1.87539566383e-16, 1.36865860018e-16],
        "max": [2.66860229203e-06, 8.51047116157e-06, 9.97566348815e-06, 0.000399817072321, 0.0032651713118, 0.000642383936793, 0.000963154016063, 0.00240247743204, 0.0126156378537, 0.00790614821017, 0.00279137119651, 0.00542756682262, 0.0132027482614, 0.0028876629658, 0.00239359098487, 0.00221042172052, 0.00121429399587, 0.00269556604326, 0.00152372836601, 0.00098967528902, 0.000252870260738, 0.000100359837234, 5.16798572789e-05, 7.83835057518e-05, 3.7217814679e-05, 3.31216251652e-05, 1.69828927028e-05, 1.75087152456e-05, 1.06423531179e-05, 2.5708773137e-06, 8.72955240538e-07, 1.93438768292e-06, 1.195710297e-06, 5.62700506634e-07, 2.13268123161e-07, 2.21676046408e-07, 4.04424042699e-07, 1.57376547349e-07, 1.22364156141e-07, 2.04361953138e-07],
        "mean": [2.66030525609e-07, 2.36074413351e-07, 2.72249621958e-07, 1.80778170034e-05, 0.000232599282754, 7.48819438741e-05, 9.88778047031e-05, 0.000316571095027, 0.000782964285463, 0.000539530359674, 0.0002431642788, 0.000558276311494, 0.00048410583986, 0.000177182038897, 7.38732123864e-05, 0.000192899198737, 0.000108884603833, 0.000171437292011, 7.1482398198e-05, 3.54982475983e-05, 7.43764758226e-06, 6.88418231221e-06, 6.59384340906e-06, 6.7054156716e-06, 3.38612790074e-06, 1.44489308695e-06, 1.76100638782e-06, 1.24743280594e-06, 5.30258375875e-07, 1.29877463451e-07, 4.32706634967e-08, 2.81433418792e-08, 3.60403085153e-08, 2.60466332946e-08, 2.24317862063e-08, 1.02325694584e-08, 5.67528513074e-09, 3.25268878498e-09, 2.73814793061e-09, 2.35232189283e-09],
        "median": [1.9972671339e-07, 1.05938049444e-07, 1.4117910041e-07, 5.64739139008e-06, 0.000136057162308, 5.19991481269e-05, 8.17384861875e-05, 0.000236132123973, 0.000327586370986, 0.000132994304295, 1.44679252116e-05, 0.000114095571917, 0.000102007565147, 1.44290343087e-05, 2.17144588532e-05, 3.94253147533e-05, 2.93440298265e-05, 1.54862555064e-05, 3.97247322326e-06, 2.00021395358e-06, 1.56433839038e-06, 2.51999540524e-06, 2.51278675023e-06, 2.14033593693e-06, 1.37596146033e-06, 6.66804794491e-07, 7.02613135672e-07, 5.27357030933e-07, 7.27673565848e-08, 1.29177548658e-08, 8.32615398849e-09, 7.17917592041e-09, 8.10152922526e-09, 1.00779029566e-08, 1.51716328389e-08, 5.2705000364e-09, 2.81873546726e-09, 1.56943280594e-09, 1.54719026479e-09, 1.38612488154e-09],
        "min": [1.45638869233e-23, 1.42860138249e-23, 3.36287696249e-24, 2.76935971108e-24, 5.18047835801e-24, 6.26450024839e-25, 4.26400973504e-24, 5.21167425694e-24, 6.81029772592e-24, 6.19000692982e-24, 4.96595394572e-24, 4.59753697032e-24, 7.64996442888e-24, 5.98537128341e-24, 5.93538077341e-24, 7.0575432997e-24, 3.3906570937e-24, 8.09015118058e-24, 1.42086376141e-23, 5.25790466143e-24, 7.48732339833e-24, 1.00623263206e-23, 6.52631963296e-24, 8.12351841915e-24, 1.18270641747e-23, 8.79061469935e-24, 4.62488559461e-24, 1.07064912031e-23, 8.36055771053e-24, 6.74788620655e-24, 6.64494695816e-24, 6.90056944589e-24, 8.10593155413e-24, 1.0301225746e-23, 8.80098822025e-24, 6.58746621387e-24, 1.00223760378e-23, 9.77259979822e-24, 1.09805477925e-23, 9.93745358361e-24],
