{
"metadata": {
    "version": {
        "essentia": "2.0.1",
        "extractor": "archive-music 1.0"
    },
    "audio_properties": {
        "analysis_sample_rate": 44100,
        "bitrate": 128,
        "channels": 2,
        "equal_loudness": 0,
        "length": 15.9608163834,
        "replay_gain": -6.16538619995,
        "downmix": "mix"
    },
    "tags": {
        "track": 0,
        "year": 0,
        "album": "",
        "artist": "",
        "comment": "",
        "genre": "",
        "title": ""
    }
},
"highlevel": {
    "culture": {
        "all": {
            "non_western": 0.100066363811,
            "western": 0.899933636189
        },
        "probability": 0.899933636189,
        "value": "western"
    },
    "danceability": {
        "all": {
            "danceable": 0.0586822852492,
            "not_danceable": 0.941317737103
        },
        "probability": 0.941317737103,
        "value": "not_danceable"
    },
    "gender": {
        "all": {
            "female": 0.00807303097099,
            "male": 0.991926968098
        },
        "probability": 0.991926968098,
        "value": "male"
    },
    "genre_dortmund": {
        "all": {
            "alternative": 0.0436743944883,
            "blues": 0.275827884674,
            "electronic": 0.00374348461628,
            "folkcountry": 0.370779335499,
            "funksoulrnb": 0.0652151703835,
            "jazz": 0.0734764188528,
            "pop": 0.0347578264773,
            "raphiphop": 0.00568937277421,
            "rock": 0.126836106181
        },
        "probability": 0.370779335499,
        "value": "folkcountry"
    },
    "genre_electronic": {
        "all": {
            "ambient": 0.945212185383,
            "dnb": 0.0240447930992,
            "house": 0.0230896808207,
            "techno": 0.00390822812915,
            "trance": 0.00374512188137
        },
        "probability": 0.945212185383,
        "value": "ambient"
    },
    "genre_rosamerica": {
        "all": {
            "cla": 0.901115655899,
            "dan": 0.00392932118848,
            "hip": 0.00607174588367,
            "jaz": 0.0275211352855,
            "pop": 0.0102964118123,
            "rhy": 0.0123506616801,
            "roc": 0.00852339994162,
            "spe": 0.0301916766912
        },
        "probability": 0.901115655899,
        "value": "cla"
    },
    "genre_tzanetakis": {
        "all": {
            "blu": 0.00370571319945,
            "cla": 0.347522765398,
            "cou": 0.00715191708878,
            "dis": 0.0203255154192,
            "hip": 0.00746485777199,
            "jaz": 0.104317456484,
            "met": 0.00175501126796,
            "pop": 0.0122586293146,
            "reg": 0.468801081181,
            "roc": 0.0266970377415
        },
        "probability": 0.468801081181,
        "value": "reg"
    },
    "mirex_ballroom": {
        "all": {
            "ChaChaCha": 0.0114173525944,
            "Jive": 0.0109197497368,
            "Quickstep": 0.133619636297,
            "Rumba-American": 0.0125002432615,
            "Rumba-International": 0.0101821534336,
            "Rumba-Misc": 0.00971456617117,
            "Samba": 0.0075261881575,
            "Tango": 0.0486599542201,
            "VienneseWaltz": 0.24354404211,
            "Waltz": 0.511916100979
        },
        "probability": 0.511916100979,
        "value": "Waltz"
    },
    "mood_acoustic": {
        "all": {
            "acoustic": 0.871594786644,
            "not_acoustic": 0.128405213356
        },
        "probability": 0.871594786644,
        "value": "acoustic"
    },
    "mood_aggressive": {
        "all": {
            "aggressive": 0.0232765674591,
            "not_aggressive": 0.976723432541
        },
        "probability": 0.976723432541,
        "value": "not_aggressive"
    },
    "mood_electronic": {
        "all": {
            "electronic": 0.231738433242,
            "not_electronic": 0.768261551857
        },
        "probability": 0.768261551857,
        "value": "not_electronic"
    },
    "mood_happy": {
        "all": {
            "happy": 0.651740670204,
            "not_happy": 0.348259329796
        },
        "probability": 0.651740670204,
        "value": "happy"
    },
    "mood_party": {
        "all": {
            "not_party": 0.735736548901,
            "party": 0.264263451099
        },
        "probability": 0.735736548901,
        "value": "not_party"
    },
    "mood_relaxed": {
        "all": {
            "not_relaxed": 0.539325594902,
            "relaxed": 0.460674405098
        },
        "probability": 0.539325594902,
        "value": "not_relaxed"
    },
    "mood_sad": {
        "all": {
            "not_sad": 0.714617908001,
            "sad": 0.285382091999
        },
        "probability": 0.714617908001,
        "value": "not_sad"
    },
    "moods_mirex": {
        "all": {
            "Cluster1": 0.0690089836717,
            "Cluster2": 0.509081065655,
            "Cluster3": 0.0787242427468,
            "Cluster4": 0.321625888348,
            "Cluster5": 0.0215598605573
        },
        "probability": 0.509081065655,
        "value": "Cluster2"
    },
    "timbre": {
        "all": {
            "bright": 0.987844049931,
            "dark": 0.012155960314
        },
        "probability": 0.987844049931,
        "value": "bright"
    },
    "tonal_atonal": {
        "all": {
            "atonal": 0.257656753063,
            "tonal": 0.742343246937
        },
        "probability": 0.742343246937,
        "value": "tonal"
    },
    "voice_instrumental": {
        "all": {
            "instrumental": 0.00346205546521,
            "voice": 0.996537923813
        },
        "probability": 0.996537923813,
        "value": "voice"
    }
},
"lowlevel": {
    "average_loudness": 0.930024862289,
    "barkbands_kurtosis": {
        "dmean": 2.72238469124,
        "dmean2": 4.49426269531,
        "dvar": 66.877532959,
        "dvar2": 186.355926514,
        "max": 146.629470825,
        "mean": 3.57112598419,
        "median": 1.23624897003,
        "min": -1.76841163635,
        "var": 98.4193572998
    },
    "barkbands_skewness": {
        "dmean": 0.529700100422,
        "dmean2": 0.798609375954,
        "dvar": 0.363388448954,
        "dvar2": 0.719584643841,
        "max": 9.78060913086,
        "mean": 1.05049288273,
        "median": 0.859563529491,
        "min": -3.97046160698,
        "var": 1.6136007309
    },
    "barkbands_spread": {
        "dmean": 3.80693030357,
        "dmean2": 5.87461996078,
        "dvar": 34.966583252,
        "dvar2": 74.0519790649,
        "max": 84.5864639282,
        "mean": 14.976641655,
        "median": 12.8254899979,
        "min": 0.844629347324,
        "var": 101.716018677
    },
    "dissonance": {
        "dmean": 0.0255528688431,
        "dmean2": 0.0428455360234,
        "dvar": 0.000480931252241,
        "dvar2": 0.00135623745155,
        "max": 0.499609649181,
        "mean": 0.448426932096,
        "median": 0.454037308693,
        "min": 0.313016206026,
        "var": 0.00108956289478
    },
    "dynamic_complexity": 7.37825489044,
    "erbbands_kurtosis": {
        "dmean": 1.30676960945,
        "dmean2": 2.17816209793,
        "dvar": 4.25198936462,
        "dvar2": 10.4266004562,
        "max": 23.8249607086,
        "mean": 1.1818677187,
        "median": 0.413061857224,
        "min": -1.7409209013,
        "var": 8.46681308746
    },
    "erbbands_skewness": {
        "dmean": 0.413793385029,
        "dmean2": 0.637985885143,
        "dvar": 0.14330714941,
        "dvar2": 0.312803149223,
        "max": 4.31588602066,
        "mean": 0.432655841112,
        "median": 0.485188812017,
        "min": -3.66921710968,
        "var": 0.965981960297
    },
    "erbbands_spread": {
        "dmean": 6.00845050812,
        "dmean2": 9.39569282532,
        "dvar": 57.8986968994,
        "dvar2": 134.841049194,
        "max": 114.006065369,
        "mean": 24.441034317,
        "median": 21.2532329559,
        "min": 5.41152477264,
        "var": 194.543502808
    },
    "hfc": {
        "dmean": 3.28140687943,
        "dmean2": 4.81514453888,
        "dvar": 24.822851181,
        "dvar2": 57.727558136,
        "max": 83.5909042358,
        "mean": 13.7256231308,
        "median": 7.07642269135,
        "min": 1.13517396827e-16,
        "var": 283.936798096
    },
    "melbands_kurtosis": {
        "dmean": 4.17035913467,
        "dmean2": 6.67446565628,
        "dvar": 76.953163147,
        "dvar2": 167.117614746,
        "max": 141.098297119,
        "mean": 6.67807149887,
        "median": 2.62349557877,
        "min": -1.67258727551,
        "var": 186.566925049
    },
    "melbands_skewness": {
        "dmean": 0.603378236294,
        "dmean2": 0.929819703102,
        "dvar": 0.466152071953,
        "dvar2": 0.975369870663,
        "max": 10.4358148575,
        "mean": 1.56272888184,
        "median": 1.22640907764,
        "min": -1.83047652245,
        "var": 1.93442976475
    },
    "melbands_spread": {
        "dmean": 6.20395088196,
        "dmean2": 9.60388660431,
        "dvar": 114.476081848,
        "dvar2": 235.121398926,
        "max": 213.251876831,
        "mean": 22.531047821,
        "median": 18.3360481262,
        "min": 1.25177693367,
        "var": 361.85055542
    },
    "pitch_salience": {
        "dmean": 0.0715519413352,
        "dmean2": 0.122066222131,
        "dvar": 0.00348942540586,
        "dvar2": 0.00924560148269,
        "max": 0.960699558258,
        "mean": 0.58482837677,
        "median": 0.587023556232,
        "min": 0.208217591047,
        "var": 0.00837240274996
    },
    "silence_rate_20dB": {
        "dmean": 0,
        "dmean2": 0,
        "dvar": 0,
        "dvar2": 0,
        "max": 1,
        "mean": 1,
        "median": 1,
        "min": 1,
        "var": 0
    },
    "silence_rate_30dB": {
        "dmean": 0,
        "dmean2": 0,
        "dvar": 0,
        "dvar2": 0,
        "max": 1,
        "mean": 1,
        "median": 1,
        "min": 1,
        "var": 0
    },
    "silence_rate_60dB": {
        "dmean": 0.0319767445326,
        "dmean2": 0.0640465766191,
        "dvar": 0.0309541057795,
        "dvar2": 0.0599445402622,
        "max": 1,
        "mean": 0.229317858815,
        "median": 0,
        "min": 0,
        "var": 0.176731571555
    },
    "spectral_centroid": {
        "dmean": 227.913330078,
        "dmean2": 325.798034668,
        "dvar": 273699.375,
        "dvar2": 397062.375,
        "max": 11181.0302734,
        "mean": 1270.9041748,
        "median": 1235.8203125,
        "min": 248.318130493,
        "var": 631553.6875
    },
    "spectral_complexity": {
        "dmean": 1.95058143139,
        "dmean2": 3.01018929482,
        "dvar": 3.90162277222,
        "dvar2": 7.96058273315,
        "max": 38,
        "mean": 13.6110305786,
        "median": 12,
        "min": 0,
        "var": 85.6194534302
    },
    "spectral_crest": {
        "dmean": 2.50067234039,
        "dmean2": 4.21086168289,
        "dvar": 4.87140607834,
        "dvar2": 12.1360778809,
        "max": 24.3542728424,
        "mean": 9.09430027008,
        "median": 8.46043586731,
        "min": 3.60668253899,
        "var": 10.5354852676
    },
    "spectral_decrease": {
        "dmean": 9.42613320731e-10,
        "dmean2": 1.44088374565e-09,
        "dvar": 1.81113201031e-18,
        "dvar2": 4.16481426594e-18,
        "max": 1.95042377125e-19,
        "mean": -3.48223383462e-09,
        "median": -2.28554242199e-09,
        "min": -1.90850197868e-08,
        "var": 1.35339387533e-17
    },
    "spectral_energy": {
        "dmean": 0.00382466847077,
        "dmean2": 0.00583786936477,
        "dvar": 3.00376905216e-05,
        "dvar2": 6.90565284458e-05,
        "max": 0.0785364359617,
        "mean": 0.0143877062947,
        "median": 0.00931152235717,
        "min": 1.0477365291e-20,
        "var": 0.00023611044162
    },
    "spectral_energyband_high": {
        "dmean": 1.40050824484e-05,
        "dmean2": 2.03672043426e-05,
        "dvar": 5.87341175695e-10,
        "dvar2": 1.12529452423e-09,
        "max": 0.000559296633583,
        "mean": 4.51937448815e-05,
        "median": 2.09378340514e-05,
        "min": 7.67036423305e-21,
        "var": 4.41432845832e-09
    },
    "spectral_energyband_low": {
        "dmean": 0.000301193154883,
        "dmean2": 0.000450052670203,
        "dvar": 2.11886657553e-07,
        "dvar2": 5.92813421463e-07,
        "max": 0.0049996539019,
        "mean": 0.000635702221189,
        "median": 0.000386958592571,
        "min": 4.34688517404e-23,
        "var": 5.05636251091e-07
    },
    "spectral_energyband_middle_high": {
        "dmean": 0.00185983814299,
        "dmean2": 0.00280059920624,
        "dvar": 9.49549212237e-06,
        "dvar2": 2.15021063923e-05,
        "max": 0.0552644021809,
        "mean": 0.00615194672719,
        "median": 0.00263707339764,
        "min": 1.34832257382e-21,
        "var": 7.72984349169e-05
    },
    "spectral_energyband_middle_low": {
        "dmean": 0.00304620829411,
        "dmean2": 0.00476815225556,
        "dvar": 1.97494882741e-05,
        "dvar2": 4.57384157926e-05,
        "max": 0.0568164885044,
        "mean": 0.00814781617373,
        "median": 0.00609665457159,
        "min": 2.63602579401e-22,
        "var": 7.33218039386e-05
    },
    "spectral_flatness_db": {
        "dmean": 0.0195663943887,
        "dmean2": 0.0301112104207,
        "dvar": 0.00036758868373,
        "dvar2": 0.000780378293712,
        "max": 0.348647773266,
        "mean": 0.2021959126,
        "median": 0.201925516129,
        "min": 0.0322440415621,
        "var": 0.00271506328136
    },
    "spectral_flux": {
        "dmean": 0.0120006883517,
        "dmean2": 0.0195286925882,
        "dvar": 0.000194177177036,
        "dvar2": 0.000532919482794,
        "max": 0.212393149734,
        "mean": 0.0553503222764,
        "median": 0.0509404502809,
        "min": 6.94054397288e-11,
        "var": 0.00142378266901
    },
    "spectral_kurtosis": {
        "dmean": 4.00218868256,
        "dmean2": 6.79099941254,
        "dvar": 13.6881332397,
        "dvar2": 39.666053772,
        "max": 46.4198150635,
        "mean": 8.87803936005,
        "median": 7.81174468994,
        "min": -1.24098467827,
        "var": 30.986164093
    },
    "spectral_rms": {
        "dmean": 0.000447658298071,
        "dmean2": 0.00065607985016,
        "dvar": 2.13755171785e-07,
        "dvar2": 4.76349100609e-07,
        "max": 0.00875333696604,
        "mean": 0.00316431350075,
        "median": 0.0030140359886,
        "min": 3.19715803311e-12,
        "var": 4.02391151511e-06
    },
    "spectral_rolloff": {
        "dmean": 324.030578613,
        "dmean2": 513.724731445,
        "dvar": 1106445.5,
        "dvar2": 1941876.5,
        "max": 20327.34375,
        "mean": 1612.21032715,
        "median": 1184.32617188,
        "min": 150.732421875,
        "var": 4150374.5
    },
    "spectral_skewness": {
        "dmean": 0.367485791445,
        "dmean2": 0.605194807053,
        "dvar": 0.100312396884,
        "dvar2": 0.276550531387,
        "max": 5.27733516693,
        "mean": 1.82335519791,
        "median": 1.71343553066,
        "min": -0.0292496401817,
        "var": 0.365532249212
    },
    "spectral_spread": {
        "dmean": 396882.65625,
        "dmean2": 582410.0625,
        "dvar": 3.54436251648e+12,
        "dvar2": 6.27142347981e+12,
        "max": 47392856,
        "mean": 2950345.25,
        "median": 2372241,
        "min": 1474798.375,
        "var": 8.86765099418e+12
    },
    "spectral_strongpeak": {
        "dmean": 0.588988125324,
        "dmean2": 0.981702446938,
        "dvar": 0.724191665649,
        "dvar2": 1.8411012888,
        "max": 9.24487876892,
        "mean": 1.24770700932,
        "median": 0.738615691662,
        "min": 0,
        "var": 2.00612640381
    },
    "zerocrossingrate": {
        "dmean": 0.00762726552784,
        "dmean2": 0.00880469847471,
        "dvar": 0.000466169265565,
        "dvar2": 0.000635909789708,
        "max": 0.5107421875,
        "mean": 0.0562161244452,
        "median": 0.04833984375,
        "min": 0.00732421875,
        "var": 0.00302418903448
    },
    "barkbands": {
        "dmean": [2.60543487229e-07, 1.72619638761e-06, 0.000154939029017, 0.00033090141369, 0.0006267533754, 0.00042194139678, 0.000349694571923, 0.00159257475752, 0.00122722925153, 0.000641029444523, 0.000349246081896, 0.000787799188402, 0.000569294730667, 0.000449937448138, 0.000155915608048, 9.71655244939e-05, 0.000201219911105, 0.000205948104849, 8.70037183631e-05, 3.21708976116e-05, 5.43367559658e-06, 1.62364528933e-06, 1.26350539631e-06, 2.00838940145e-06, 9.27896621761e-07, 1.91744945255e-07, 6.90070134368e-09],
        "dmean2": [4.58481423493e-07, 3.00710166812e-06, 0.000228149641771, 0.000502030481584, 0.00100878765807, 0.000672653783113, 0.000535083701834, 0.00255964533426, 0.00196823338047, 0.00105942506343, 0.000556850049179, 0.0012624602532, 0.000839186017402, 0.000695519382134, 0.000243282367592, 0.000155546978931, 0.000301468913676, 0.000334965065122, 0.000138921604957, 4.95685162605e-05, 8.29250257084e-06, 2.40586064137e-06, 1.88228295883e-06, 2.66067104349e-06, 1.28725628201e-06, 2.62895440528e-07, 1.08812816535e-08],
        "dvar": [1.45406825686e-13, 9.45006833203e-12, 4.08121216822e-08, 3.24964446463e-07, 7.84535188814e-07, 8.98384314496e-07, 2.49888699955e-07, 1.13348587547e-05, 5.60390344617e-06, 3.49425044988e-06, 5.31258820047e-07, 4.06355002269e-06, 2.92862705464e-06, 1.84191355856e-06, 4.10318563127e-07, 5.68352760411e-08, 1.28749590544e-07, 2.00810632123e-07, 4.31812985369e-08, 3.67540065049e-09, 1.43074441183e-10, 7.86979249129e-12, 6.59985000678e-12, 3.60805864352e-11, 1.27697843619e-11, 8.31926324704e-13, 2.1167995244e-16],
        "dvar2": [4.04922162424e-13, 2.45488421258e-11, 1.0645415216e-07, 8.04693740974e-07, 2.1775017558e-06, 2.21521008825e-06, 6.22992217814e-07, 2.42300848186e-05, 1.3385123566e-05, 1.00841334643e-05, 1.35321590733e-06, 1.0600197129e-05, 5.63582625546e-06, 4.33620743934e-06, 8.41678684083e-07, 1.44056741647e-07, 2.66353424649e-07, 5.81575534397e-07, 1.17398222699e-07, 8.01757682467e-09, 3.4365085777e-10, 1.52009117099e-11, 1.36610323748e-11, 5.29407143124e-11, 2.50093851878e-11, 1.59316906456e-12, 4.957837365e-16],
        "max": [3.54734083885e-06, 3.71553978766e-05, 0.00174122524913, 0.00661969650537, 0.0102591961622, 0.0142489066347, 0.00504359975457, 0.0475464127958, 0.0287711825222, 0.03783634305, 0.00970501080155, 0.0325062274933, 0.0349968001246, 0.0182113200426, 0.0100903939456, 0.00413494557142, 0.00510541163385, 0.00812241062522, 0.00369435199536, 0.000820900080726, 0.00023166021856, 4.41664706159e-05, 4.11863693444e-05, 0.000125874896185, 6.33286545053e-05, 2.1352985641e-05, 3.10000530135e-07],
        "mean": [2.52815937074e-07, 2.25532494369e-06, 0.000327328365529, 0.000677165575325, 0.00113251572475, 0.000827810610645, 0.000622186053079, 0.00231341645122, 0.0019704150036, 0.00115404499229, 0.000666681618895, 0.00127594044898, 0.00101570703555, 0.000752259336878, 0.000247699121246, 0.00019422560581, 0.000487808923936, 0.000441529351519, 0.000189394151676, 6.00816783844e-05, 1.41058753798e-05, 4.62492243969e-06, 3.07829918711e-06, 4.85269492856e-06, 1.9784788492e-06, 3.52245990598e-07, 9.80021486185e-09],
        "median": [1.19905621432e-07, 1.16228488878e-06, 0.000179712689715, 0.000289211864583, 0.000795768457465, 0.000344543746905, 0.000331928458763, 0.000828804040793, 0.000492135586683, 0.000159220551723, 0.000126656406792, 0.000200616879738, 3.21910156345e-05, 1.35732761919e-05, 8.32136174722e-06, 2.97368533211e-05, 0.00013320594735, 0.000186343342648, 5.11262005602e-05, 2.54899041465e-05, 5.52325445824e-06, 2.13942030314e-06, 1.273267344e-06, 1.58377258686e-06, 4.50180976941e-07, 6.22969125175e-08, 1.41722700242e-09],
        "min": [9.18479113874e-24, 8.91098382943e-24, 8.95176320506e-24, 1.08968591168e-23, 3.76227108569e-23, 4.4750996836e-23, 1.7798118816e-23, 3.38676856164e-23, 3.30633914365e-23, 3.18536132849e-23, 2.309084222e-23, 5.92855097347e-23, 8.68643015514e-23, 8.48823800349e-23, 1.18210617321e-22, 1.24883989304e-22, 1.00100358866e-22, 1.43853771668e-22, 2.39500518475e-22, 3.69470085776e-22, 3.73523341459e-22, 4.88236894211e-22, 7.10149146648e-22, 7.24973774189e-22, 1.23768706591e-21, 1.52609764209e-21, 2.29062386708e-21],
        "var": [1.43132128871e-13, 1.27724185395e-11, 1.39408129485e-07, 1.05987487586e-06, 1.59122646437e-06, 1.99359374164e-06, 6.00624559866e-07, 1.78549234988e-05, 1.32937875605e-05, 1.06456209323e-05, 1.8787496856e-06, 8.51425647852e-06, 9.65594972513e-06, 4.14149826611e-06, 8.48432478051e-07, 1.72470961957e-07, 5.90323054439e-07, 4.8983065426e-07, 1.15887480945e-07, 9.55669499092e-09, 5.94966187428e-10, 4.06821347443e-11, 2.23195455173e-11, 1.61174920632e-10, 4.53653850596e-11, 1.8297876235e-12, 5.42484421591e-16]
    },
    "erbbands": {
        "dmean": [4.22795455961e-05, 0.00210707448423, 0.101009845734, 0.704330742359, 0.989672124386, 2.21193313599, 4.20914888382, 4.15987634659, 4.3957285881, 17.8570137024, 26.0290660858, 31.7980937958, 23.0959777832, 11.5998067856, 20.6609973907, 27.5691604614, 27.9554977417, 13.0815000534, 20.4078731537, 3.50231432915, 5.74796628952, 9.96451759338, 10.8209943771, 6.22534036636, 3.5144982338, 1.29210674763, 0.311049431562, 0.210543096066, 0.0669028908014, 0.0481613576412, 0.0312291048467, 0.0422624498606, 0.0319859571755, 0.0139125678688, 0.00530486088246, 0.00130394415464, 0.000275159924058, 2.28415301535e-05, 2.24130144488e-06, 4.46934745923e-06],
        "dmean2": [6.53841561871e-05, 0.00319148716517, 0.149464815855, 1.0627822876, 1.48701703548, 3.57478141785, 6.7694644928, 6.52326822281, 6.74279308319, 28.2592048645, 40.6803436279, 52.4298820496, 38.3039054871, 19.5157394409, 32.2950057983, 43.4213829041, 40.7207069397, 19.7380943298, 32.1013793945, 5.20368337631, 9.2586145401, 14.6575889587, 17.1378002167, 10.2634010315, 5.39394330978, 1.99545550346, 0.463184684515, 0.33825469017, 0.100232109427, 0.0738999024034, 0.0455350615084, 0.0587761066854, 0.0434439368546, 0.0193868800998, 0.00710968161002, 0.0017975338269, 0.000360892445315, 3.32550880557e-05, 3.30621878675e-06, 6.80066386849e-06],
        "dvar": [2.73408673479e-09, 6.76934769217e-06, 0.0172804612666, 1.25868654251, 4.18864345551, 9.79237747192, 40.6589584351, 99.0255813599, 43.6563072205, 1167.02246094, 3120.32983398, 3783.9597168, 5249.96337891, 560.371520996, 1901.68041992, 5556.54785156, 8583.76757812, 1212.74267578, 6591.05517578, 93.5890426636, 160.603759766, 270.319213867, 665.920593262, 171.296798706, 49.9270591736, 4.8897356987, 0.574090540409, 0.251444280148, 0.0142505932599, 0.00811835564673, 0.00382566871122, 0.0128365661949, 0.0106132607907, 0.00339678651653, 0.000430768472143, 3.01198051602e-05, 1.65442588695e-06, 2.64541921702e-09, 9.24726788198e-12, 4.12237778635e-11],
        "dvar2": [7.42703942791e-09, 1.89257698366e-05, 0.0465101078153, 3.48970460892, 9.56847286224, 25.4860019684, 114.594421387, 250.255233765, 108.129219055, 2710.02758789, 6232.47216797, 9723.70703125, 15607.1123047, 1526.66162109, 5079.85302734, 14455.6582031, 17548.8066406, 2607.30541992, 16280.921875, 229.629867554, 447.639373779, 591.958068848, 1905.61608887, 506.932495117, 127.137374878, 11.3797550201, 1.21666193008, 0.669931709766, 0.0277662537992, 0.0184414088726, 0.00673631671816, 0.0193543341011, 0.0147673022002, 0.00701346993446, 0.000867435359396, 5.44855975022e-05, 2.91469154945e-06, 4.7483466048e-09, 2.04643958029e-11, 9.48337172679e-11],
        "max": [0.000556703889742, 0.0208203829825, 1.07387554646, 12.0784864426, 27.6803722382, 32.7482032776, 65.4644088745, 157.402954102, 69.7453765869, 442.238006592, 889.595214844, 799.141418457, 1615.86242676, 297.580505371, 547.617004395, 1251.20629883, 1881.21533203, 667.294189453, 1442.18115234, 146.773498535, 181.446075439, 217.984207153, 487.41192627, 208.512527466, 102.120872498, 34.9745788574, 18.011302948, 9.89149856567, 1.82699406147, 1.355265975, 1.16250145435, 2.34563827515, 2.04701113701, 0.952209055424, 0.497150063515, 0.118768326938, 0.0306224171072, 0.000814416271169, 4.68081598228e-05, 9.36806463869e-05],
        "mean": [0.000101243160316, 0.00436918158084, 0.218441575766, 1.49707973003, 2.22674846649, 3.76672101021, 6.76309013367, 8.17284488678, 8.23957061768, 27.4694747925, 40.8071098328, 52.0716171265, 46.4183425903, 23.5525245667, 41.7805252075, 49.7874031067, 50.5824241638, 30.8967704773, 34.1336288452, 7.33517551422, 13.640835762, 26.8239383698, 25.2099342346, 14.590382576, 7.99808645248, 2.77648329735, 0.788777589798, 0.470431864262, 0.188474655151, 0.122749298811, 0.0797042325139, 0.103126555681, 0.072468586266, 0.0287238340825, 0.0109505830333, 0.00245836400427, 0.000520061235875, 4.82624018332e-05, 9.31087834033e-06, 1.73540120159e-05],
        "median": [7.77276800363e-05, 0.00303233996965, 0.136457040906, 0.95379203558, 0.656581103802, 2.50756716728, 3.76339030266, 3.11244082451, 4.92845249176, 13.4886713028, 14.9246234894, 14.4301366806, 9.12585067749, 5.46630191803, 8.23829841614, 7.60883951187, 2.49128556252, 1.11191618443, 0.625043392181, 0.65353000164, 3.08681559563, 7.7320098877, 9.64085292816, 5.92910289764, 2.10852360725, 1.32374024391, 0.267151325941, 0.211761578918, 0.0906074345112, 0.0505055375397, 0.0317536853254, 0.0382222495973, 0.0178640112281, 0.00622911145911, 0.00300588738173, 0.000492419872899, 9.43808554439e-05, 1.20901004266e-05, 5.99551140112e-06, 1.12407851702e-05],
        "min": [4.76970193436e-22, 9.30860109077e-22, 6.45255726975e-21, 1.78717977429e-20, 4.51485098036e-20, 1.5888631255e-19, 4.21686078028e-19, 3.13011657837e-19, 2.78413639645e-19, 1.04331194647e-18, 8.28943644631e-19, 8.41778075618e-19, 9.3644610499e-19, 1.22634623312e-18, 1.66843746099e-18, 3.26497017928e-18, 3.68519964395e-18, 4.31836752537e-18, 3.77784552691e-18, 7.19587245045e-18, 7.86108861752e-18, 6.67451705397e-18, 7.68481808335e-18, 8.80330937376e-18, 1.17094446742e-17, 1.42545222547e-17, 1.60389907184e-17, 1.25754192303e-17, 1.62901525308e-17, 1.65987322584e-17, 2.20091502459e-17, 1.29987793668e-17, 1.4230735849e-17, 1.18072703622e-17, 9.61130435919e-18, 6.43521287558e-18, 2.73364767001e-18, 9.91119227962e-19, 3.13381433421e-19, 3.03321476068e-20],
        "var": [7.99964539056e-09, 1.77383935807e-05, 0.053435664624, 3.04290175438, 17.8705615997, 20.3106098175, 70.1894989014, 211.116989136, 100.931350708, 2014.32531738, 5389.82421875, 8746.40527344, 19998.8027344, 1686.71984863, 6015.70800781, 14091.71875, 23436.5722656, 5334.48144531, 14365.671875, 253.903457642, 638.884338379, 1538.90344238, 1547.6932373, 481.087890625, 161.193481445, 15.9443101883, 2.68683981895, 0.588721394539, 0.0674126818776, 0.0303175449371, 0.0165452938527, 0.0585622899234, 0.044652685523, 0.0105005605146, 0.00120847951621, 7.67148376326e-05, 3.93849904867e-06, 9.22594889374e-09, 9.23853840651e-11, 3.48458123467e-10]
    },
    "gfcc": {
        "mean": [-143.207183838, 125.685447693, -155.500061035, 11.267870903, -69.6897201538, -21.0605049133, -44.8487701416, 3.9248316288, -32.5626831055, -24.46235466, -8.91721248627, -14.931725502, -16.8221931458],
        "cov": [[30445.4921875, 2331.94506836, -4875.64257812, -1637.02832031, -1371.19714355, -973.357116699, 289.844238281, 488.074523926, -701.32623291, -900.124633789, 307.61819458, -418.724212646, -599.054504395], [2331.94506836, 1459.84765625, -197.995498657, -251.314346313, -215.747253418, -434.377960205, 238.059509277, 132.489944458, -6.41058492661, -383.174468994, 80.198135376, -29.6703624725, 72.0045166016], [-4875.64257812, -197.995498657, 1415.20910645, 401.625854492, 4.48982286453, 106.130256653, 4.38802480698, 25.0739994049, -0.971705257893, 53.5221214294, -74.0925521851, 123.726905823, 119.588127136], [-1637.02832031, -251.314346313, 401.625854492, 454.457855225, 141.941986084, 130.808837891, -225.100860596, -62.7835502625, 57.3180885315, 119.538360596, -41.5314674377, -3.28136110306, 37.5068130493], [-1371.19714355, -215.747253418, 4.48982286453, 141.941986084, 497.917053223, 135.95552063, -313.750305176, -197.345703125, 167.905685425, 188.500335693, -10.0889091492, -53.1979484558, -31.9164810181], [-973.357116699, -434.377960205, 106.130256653, 130.808837891, 135.95552063, 356.282440186, -66.436958313, -84.7775802612, -18.2707138062, 154.22227478, -46.6894493103, -5.86845541, -28.4897537231], [289.844238281, 238.059509277, 4.38802480698, -225.100860596, -313.750305176, -66.436958313, 558.915222168, 227.64491272, -160.019226074, -244.844390869, 20.6131896973, 78.8254089355, 40.7036476135], [488.074523926, 132.489944458, 25.0739994049, -62.7835502625, -197.345703125, -84.7775802612, 227.64491272, 239.103851318, -52.7650108337, -159.058166504, 18.1327152252, 58.1252441406, 23.0075378418], [-701.32623291, -6.41058492661, -0.971705257893, 57.3180885315, 167.905685425, -18.2707138062, -160.019226074, -52.7650108337, 220.455307007, 81.7842788696, -13.5768051147, -43.1297111511, -16.4614562988], [-900.124633789, -383.174468994, 53.5221214294, 119.538360596, 188.500335693, 154.22227478, -244.844390869, -159.058166504, 81.7842788696, 292.933105469, -38.4421882629, -70.2753601074, -42.9895477295], [307.61819458, 80.198135376, -74.0925521851, -41.5314674377, -10.0889091492, -46.6894493103, 20.6131896973, 18.1327152252, -13.5768051147, -38.4421882629, 71.7021560669, 12.4078168869, 1.77817833424], [-418.724212646, -29.6703624725, 123.726905823, -3.28136110306, -53.1979484558, -5.86845541, 78.8254089355, 58.1252441406, -43.1297111511, -70.2753601074, 12.4078168869, 122.265548706, 36.0905303955], [-599.054504395, 72.0045166016, 119.588127136, 37.5068130493, -31.9164810181, -28.4897537231, 40.7036476135, 23.0075378418, -16.4614562988, -42.9895477295, 1.77817833424, 36.0905303955, 123.212966919]],
        "icov": [[0.000192483057617, -0.000217668348341, 0.000573134282604, 1.74341657839e-05, 0.00042529165512, -4.26927144872e-05, 0.000572763674427, -0.000384157174267, 0.000615624478087, 0.000186634613783, 0.000159109738888, 0.000159532748512, 0.000582619744819], [-0.000217668348341, 0.00186315877363, -0.000794913852587, 0.000264955102466, -0.000468785990961, 0.00107512145769, -0.000699921569321, 0.00108622480184, -0.00107519933954, 0.00193513149861, -0.000644803687464, 0.00144866481423, -0.00118417642079], [0.000573134282604, -0.000794913852587, 0.00295165833086, -0.0011585818138, 0.00131038320251, 3.07545633405e-05, 0.00113291316666, -0.00106662604958, 0.00175413035322, -0.000176190893399, 0.00131964171305, -0.000908957037609, 0.00133048160933], [1.74341657839e-05, 0.000264955102466, -0.0011585818138, 0.00476062344387, -0.000130137428641, -0.00124318583403, 0.00241242954507, -0.00126400019508, 0.000112343972432, 0.000845464179292, 0.000279648433207, 0.00124492996838, -0.00133552367333], [0.00042529165512, -0.000468785990961, 0.00131038320251, -0.000130137428641, 0.00557866273448, -0.00158010353334, 0.00221179053187, 0.00130600982811, -0.00132270134054, 0.000718580500688, -0.0011280332692, -7.08273728378e-06, 0.00130700692534], [-4.26927144872e-05, 0.00107512145769, 3.07545633405e-05, -0.00124318583403, -0.00158010353334, 0.0059295357205, -0.00176777690649, 0.000848601921462, 0.00148679804988, -0.00151748629287, 0.00173371366691, -0.000329198752297, 0.000640586018562], [0.000572763674427, -0.000699921569321, 0.00113291316666, 0.00241242954507, 0.00221179053187, -0.00176777690649, 0.00710974866524, -0.00378527049907, 0.00291455956176, 0.00271960953251, 0.000772907573264, 0.00105001463089, 0.000901670311578], [-0.000384157174267, 0.00108622480184, -0.00106662604958, -0.00126400019508, 0.00130600982811, 0.000848601921462, -0.00378527049907, 0.0106249125674, -0.00336230685934, 0.00264824810438, -0.00122209184337, -0.00143976940308, -0.000367373373592], [0.000615624478087, -0.00107519933954, 0.00175413035322, 0.000112343972432, -0.00132270134054, 0.00148679804988, 0.00291455956176, -0.00336230685934, 0.00981611758471, -0.00102301768493, 0.00226363819093, 0.00131974578835, 0.00208619097248], [0.000186634613783, 0.00193513149861, -0.000176190893399, 0.000845464179292, 0.000718580500688, -0.00151748629287, 0.00271960953251, 0.00264824810438, -0.00102301768493, 0.0118203163147, 0.000312158314046, 0.004722610116, 0.000732170708943], [0.000159109738888, -0.000644803687464, 0.00131964171305, 0.000279648433207, -0.0011280332692, 0.00173371366691, 0.000772907573264, -0.00122209184337, 0.00226363819093, 0.000312158314046, 0.017539517954, -0.00226981425658, 0.000689067877829], [0.000159532748512, 0.00144866481423, -0.000908957037609, 0.00124492996838, -7.08273728378e-06, -0.000329198752297, 0.00105001463089, -0.00143976940308, 0.00131974578835, 0.004722610116, -0.00226981425658, 0.0140107637271, -0.00197077612393], [0.000582619744819, -0.00118417642079, 0.00133048160933, -0.00133552367333, 0.00130700692534, 0.000640586018562, 0.000901670311578, -0.000367373373592, 0.00208619097248, 0.000732170708943, 0.000689067877829, -0.00197077612393, 0.0121148228645]]
    },
    "melbands": {
        "dmean": [2.84543602902e-07, 3.83945698559e-05, 0.000131707027322, 9.05567721929e-05, 0.000154276742251, 8.85788831511e-05, 6.61645535729e-05, 0.000258790882071, 0.000194627180463, 0.000205127435038, 0.000115068956802, 4.90975071443e-05, 5.3769988881e-05, 9.30225432967e-05, 6.19215134066e-05, 5.03478440805e-05, 2.61056575255e-05, 4.2050050979e-05, 5.45955754205e-06, 5.56178747502e-06, 8.46762122819e-06, 1.14444901556e-05, 1.27849471028e-05, 9.21847640711e-06, 5.15698320669e-06, 3.40545307154e-06, 2.03675858756e-06, 7.10689391781e-07, 2.33537193139e-07, 1.52905954565e-07, 1.11508590805e-07, 4.35076721317e-08, 3.06188887578e-08, 3.03036600258e-08, 1.88239592802e-08, 2.3062973753e-08, 3.13985601963e-08, 2.79014180649e-08, 1.55778909772e-08, 1.13489369014e-08],
        "dmean2": [4.94507958138e-07, 5.66987946513e-05, 0.00019837677246, 0.000143177254358, 0.000246416137088, 0.000138749921462, 0.000102144578705, 0.00041605104343, 0.000301600724924, 0.000337966223015, 0.000191208149772, 8.25708266348e-05, 8.61296284711e-05, 0.000147349317558, 9.11668757908e-05, 7.89779078332e-05, 3.87741492887e-05, 6.65951229166e-05, 8.21537287266e-06, 8.52157791087e-06, 1.40151560117e-05, 1.7777982066e-05, 2.01268467208e-05, 1.49759343913e-05, 8.61470925884e-06, 5.32098192707e-06, 3.10632208311e-06, 1.12223551696e-06, 3.58808023293e-07, 2.38683213638e-07, 1.8277789593e-07, 6.70509550105e-08, 4.61026878895e-08, 4.74725823096e-08, 2.75484968171e-08, 3.53233140515e-08, 4.35584013303e-08, 3.82104232699e-08, 2.12307860181e-08, 1.67054317046e-08],
        "dvar": [2.03935541956e-13, 2.39208453046e-09, 4.45658798753e-08, 1.57247814769e-08, 5.18157357021e-08, 4.12549923112e-08, 9.91851489829e-09, 2.87934938115e-07, 1.59785699338e-07, 1.4412945859e-07, 1.30335735093e-07, 1.10578586288e-08, 1.30241639695e-08, 7.10040808372e-08, 2.87971726465e-08, 2.35416965921e-08, 5.53246870538e-09, 2.95188264943e-08, 4.69135452708e-10, 3.08284620054e-10, 3.81651710235e-10, 3.70597413868e-10, 8.17312606483e-10, 3.70612929235e-10, 1.25958979358e-10, 7.19813028627e-11, 1.57546892199e-11, 1.76731025647e-12, 4.53130697027e-13, 1.27651795384e-13, 5.60542856977e-14, 6.02706208916e-15, 3.82594194363e-15, 3.58224760009e-15, 1.06291199936e-15, 3.50476568476e-15, 8.17366380606e-15, 6.88461518561e-15, 4.15608235218e-15, 2.01149106798e-15],
        "dvar2": [5.28291494752e-13, 6.30059293627e-09, 1.10565601119e-07, 4.14840215512e-08, 1.45711013033e-07, 1.03238754434e-07, 2.50591973838e-08, 6.52506969345e-07, 3.24618468994e-07, 3.72750548649e-07, 3.9002674157e-07, 2.86617574119e-08, 3.39536256888e-08, 1.7630739535e-07, 5.49981962195e-08, 4.92203291458e-08, 1.11486730958e-08, 7.3692902447e-08, 9.84232584322e-10, 6.95503210579e-10, 1.07339304112e-09, 8.46098413554e-10, 2.19608486951e-09, 1.107203218e-09, 3.69717534365e-10, 1.92792878884e-10, 3.48099743475e-11, 4.32786272098e-12, 9.90169426486e-13, 3.19167435536e-13, 1.46838148737e-13, 1.27215378599e-14, 7.59421195498e-15, 9.39070276754e-15, 2.07863304036e-15, 7.15702691068e-15, 1.4362349946e-14, 1.05755621003e-14, 6.98334788705e-15, 4.51902326459e-15],
        "max": [5.14258044859e-06, 0.000422469485784, 0.00251145823859, 0.00142999191303, 0.00257212296128, 0.00317069678567, 0.00109128339682, 0.00647086370736, 0.00579697405919, 0.00443620467559, 0.00787173956633, 0.00127717293799, 0.00171833159402, 0.00491207884625, 0.00308995647356, 0.00299587473273, 0.00141437037382, 0.00302886636928, 0.00050165184075, 0.000342746585375, 0.000271942961263, 0.000270963122603, 0.000517645210493, 0.000248534197453, 0.000187659286894, 0.000144007441122, 5.93959957769e-05, 2.56035000348e-05, 1.53521195898e-05, 7.39057850296e-06, 4.09676613344e-06, 1.0067826679e-06, 9.96084509097e-07, 6.94992252193e-07, 5.07559661855e-07, 1.10794849206e-06, 1.7751752921e-06, 1.7381220232e-06, 1.1113970686e-06, 7.10227652689e-07],
        "mean": [4.08212827097e-07, 8.02944123279e-05, 0.000295931356959, 0.000181297102245, 0.000253221514868, 0.000175401874003, 0.000119590840768, 0.000384652696084, 0.000308185059112, 0.000327360787196, 0.000221081645577, 9.0219276899e-05, 0.00010974516772, 0.000157028058311, 0.000117911062262, 8.99251681403e-05, 5.34326391062e-05, 6.8536195613e-05, 9.91363776848e-06, 9.91073920886e-06, 1.77164129127e-05, 2.72916386166e-05, 2.80683652818e-05, 1.99006681214e-05, 1.09510037873e-05, 6.88220825396e-06, 3.92151650885e-06, 1.31696685912e-06, 4.93562197335e-07, 3.42884447946e-07, 2.32070306083e-07, 1.06460916527e-07, 7.44248538354e-08, 6.53679848028e-08, 4.25144506266e-08, 4.98235301905e-08, 6.99519944192e-08, 5.96063358671e-08, 3.03396738843e-08, 2.19661693279e-08],
        "median": [2.48577777029e-07, 4.66805577162e-05, 0.000163082921063, 0.000109875742055, 0.000153558998136, 7.43679920561e-05, 6.43833336653e-05, 0.000160407042131, 0.000107019186544, 7.57702728151e-05, 3.59366713383e-05, 1.68767455762e-05, 2.36302439589e-05, 2.59807402472e-05, 6.90102115186e-06, 3.32628360411e-06, 1.5225914467e-06, 7.23238201772e-07, 6.25748725724e-07, 1.00328315966e-06, 3.5724715417e-06, 7.30448573449e-06, 8.23370919534e-06, 8.8855958893e-06, 4.08014557252e-06, 1.43614840908e-06, 1.23060385704e-06, 5.22419895788e-07, 1.13891793774e-07, 1.15433088865e-07, 1.05719728083e-07, 4.62693030556e-08, 3.2146861173e-08, 2.67604001181e-08, 1.54425912058e-08, 1.85047301926e-08, 2.28139871439e-08, 1.37742866002e-08, 4.51118475908e-09, 4.55192639137e-09],
        "min": [5.49835064863e-24, 2.77753309892e-24, 6.45129738315e-24, 6.81494806096e-24, 1.38079215178e-23, 7.57205889247e-24, 3.74228671461e-24, 1.04535981741e-23, 6.74261582684e-24, 5.37168680295e-24, 4.71311850357e-24, 4.31503246953e-24, 4.36131375554e-24, 6.44670818483e-24, 7.44923324952e-24, 7.26543733608e-24, 7.91333116412e-24, 5.76974838231e-24, 9.01540376973e-24, 8.44558192776e-24, 8.9925930678e-24, 6.50655432855e-24, 6.94893529685e-24, 6.54407058105e-24, 6.0088820994e-24, 6.66265294118e-24, 1.04053664295e-23, 8.71262238823e-24, 1.02990532231e-23, 8.21836947667e-24, 6.106625121e-24, 8.29087052703e-24, 8.77726086194e-24, 9.00024344085e-24, 1.26999016899e-23, 1.027780841e-23, 6.67004772331e-24, 8.53564617731e-24, 1.10223424321e-23, 1.00560193777e-23],
