{
"metadata": {
    "version": {
        "essentia": "2.0.1",
        "extractor": "archive-music 1.0"
    },
    "audio_properties": {
        "analysis_sample_rate": 44100,
        "bitrate": 128,
        "channels": 2,
        "equal_loudness": 0,
        "length": 15.1248979568,
        "replay_gain": -6.9839553833,
        "downmix": "mix"
    },
    "tags": {
        "track": 0,
        "year": 0,
        "album": "",
        "artist": "",
        "comment": "",
        "genre": "",
        "title": ""
    }
},
"highlevel": {
    "culture": {
        "all": {
            "non_western": 0.0342696495354,
            "western": 0.965730369091
        },
        "probability": 0.965730369091,
        "value": "western"
    },
    "danceability": {
        "all": {
            "danceable": 0.259156852961,
            "not_danceable": 0.740843176842
        },
        "probability": 0.740843176842,
        "value": "not_danceable"
    },
    "gender": {
        "all": {
            "female": 5.14907469551e-06,
            "male": 0.999994874001
        },
        "probability": 0.999994874001,
        "value": "male"
    },
    "genre_dortmund": {
        "all": {
            "alternative": 0.0230841394514,
            "blues": 0.107215493917,
            "electronic": 0.00250011123717,
            "folkcountry": 0.717493891716,
            "funksoulrnb": 0.0144896106794,
            "jazz": 0.0775860548019,
            "pop": 0.0203084237874,
            "raphiphop": 0.0123532330617,
            "rock": 0.0249690636992
        },
        "probability": 0.717493891716,
        "value": "folkcountry"
    },
    "genre_electronic": {
        "all": {
            "ambient": 0.93603760004,
            "dnb": 0.0247236732394,
            "house": 0.017945650965,
            "techno": 0.0141338212416,
            "trance": 0.00715925078839
        },
        "probability": 0.93603760004,
        "value": "ambient"
    },
    "genre_rosamerica": {
        "all": {
            "cla": 0.836779654026,
            "dan": 0.00720511609688,
            "hip": 0.0140098407865,
            "jaz": 0.0191214736551,
            "pop": 0.0373508259654,
            "rhy": 0.0370043441653,
            "roc": 0.00956323090941,
            "spe": 0.0389654971659
        },
        "probability": 0.836779654026,
        "value": "cla"
    },
    "genre_tzanetakis": {
        "all": {
            "blu": 0.00616878177971,
            "cla": 0.061083778739,
            "cou": 0.0153707442805,
            "dis": 0.0210270173848,
            "hip": 0.0109597956762,
            "jaz": 0.124480418861,
            "met": 0.00257241120562,
            "pop": 0.0134072173387,
            "reg": 0.739044308662,
            "roc": 0.00588555261493
        },
        "probability": 0.739044308662,
        "value": "reg"
    },
    "mirex_ballroom": {
        "all": {
            "ChaChaCha": 0.0187099389732,
            "Jive": 0.0158880446106,
            "Quickstep": 0.529221057892,
            "Rumba-American": 0.00344671471976,
            "Rumba-International": 0.00426708441228,
            "Rumba-Misc": 0.00411001918837,
            "Samba": 0.00698232138529,
            "Tango": 0.0172820594162,
            "VienneseWaltz": 0.324240446091,
            "Waltz": 0.075852304697
        },
        "probability": 0.529221057892,
        "value": "Quickstep"
    },
    "mood_acoustic": {
        "all": {
            "acoustic": 0.630032539368,
            "not_acoustic": 0.369967490435
        },
        "probability": 0.630032539368,
        "value": "acoustic"
    },
    "mood_aggressive": {
        "all": {
            "aggressive": 0.0798138603568,
            "not_aggressive": 0.920186161995
        },
        "probability": 0.920186161995,
        "value": "not_aggressive"
    },
    "mood_electronic": {
        "all": {
            "electronic": 0.0644149333239,
            "not_electronic": 0.935585081577
        },
        "probability": 0.935585081577,
        "value": "not_electronic"
    },
    "mood_happy": {
        "all": {
            "happy": 0.763018429279,
            "not_happy": 0.236981585622
        },
        "probability": 0.763018429279,
        "value": "happy"
    },
    "mood_party": {
        "all": {
            "not_party": 0.679043531418,
            "party": 0.32095643878
        },
        "probability": 0.679043531418,
        "value": "not_party"
    },
    "mood_relaxed": {
        "all": {
            "not_relaxed": 0.0752681717277,
            "relaxed": 0.924731850624
        },
        "probability": 0.924731850624,
        "value": "relaxed"
    },
    "mood_sad": {
        "all": {
            "not_sad": 0.168978556991,
            "sad": 0.831021428108
        },
        "probability": 0.831021428108,
        "value": "sad"
    },
    "moods_mirex": {
        "all": {
            "Cluster1": 0.106502056122,
            "Cluster2": 0.228917464614,
            "Cluster3": 0.184310436249,
            "Cluster4": 0.398782551289,
            "Cluster5": 0.0814874991775
        },
        "probability": 0.398782551289,
        "value": "Cluster4"
    },
    "timbre": {
        "all": {
            "bright": 0.994584918022,
            "dark": 0.00541508104652
        },
        "probability": 0.994584918022,
        "value": "bright"
    },
    "tonal_atonal": {
        "all": {
            "atonal": 0.861719667912,
            "tonal": 0.13828034699
        },
        "probability": 0.861719667912,
        "value": "atonal"
    },
    "voice_instrumental": {
        "all": {
            "instrumental": 0.000510945741553,
            "voice": 0.999489068985
        },
        "probability": 0.999489068985,
        "value": "voice"
    }
},
"lowlevel": {
    "average_loudness": 0.90643876791,
    "barkbands_kurtosis": {
        "dmean": 2.18042087555,
        "dmean2": 3.41962981224,
        "dvar": 8.74662780762,
        "dvar2": 20.0204391479,
        "max": 31.8485565186,
        "mean": 3.10094547272,
        "median": 1.80265855789,
        "min": -1.83566355705,
        "var": 21.2663669586
    },
    "barkbands_skewness": {
        "dmean": 0.502337694168,
        "dmean2": 0.773336589336,
        "dvar": 0.229591369629,
        "dvar2": 0.50235503912,
        "max": 4.75837898254,
        "mean": 1.37586402893,
        "median": 1.36791563034,
        "min": -2.03329968452,
        "var": 0.845889210701
    },
    "barkbands_spread": {
        "dmean": 4.03629589081,
        "dmean2": 6.01472663879,
        "dvar": 20.8772926331,
        "dvar2": 36.7333450317,
        "max": 81.9395904541,
        "mean": 17.3274898529,
        "median": 13.8331403732,
        "min": 2.66114997864,
        "var": 136.560089111
    },
    "dissonance": {
        "dmean": 0.0272531304508,
        "dmean2": 0.0460522659123,
        "dvar": 0.000685710052494,
        "dvar2": 0.00196714699268,
        "max": 0.499975800514,
        "mean": 0.446155369282,
        "median": 0.453454613686,
        "min": 0.292139589787,
        "var": 0.00140060705598
    },
    "dynamic_complexity": 4.96769142151,
    "erbbands_kurtosis": {
        "dmean": 1.30966305733,
        "dmean2": 2.05166196823,
        "dvar": 2.76219439507,
        "dvar2": 6.93986940384,
        "max": 15.9104251862,
        "mean": 0.852732658386,
        "median": 0.0573284626007,
        "min": -1.81967103481,
        "var": 5.97701311111
    },
    "erbbands_skewness": {
        "dmean": 0.440943002701,
        "dmean2": 0.668699085712,
        "dvar": 0.153350055218,
        "dvar2": 0.335639178753,
        "max": 3.83724164963,
        "mean": 0.715605080128,
        "median": 0.845455288887,
        "min": -2.28179383278,
        "var": 1.07984137535
    },
    "erbbands_spread": {
        "dmean": 6.17169904709,
        "dmean2": 9.31458187103,
        "dvar": 37.3062744141,
        "dvar2": 71.9588012695,
        "max": 111.409370422,
        "mean": 29.7058830261,
        "median": 27.8322200775,
        "min": 9.62397575378,
        "var": 168.164245605
    },
    "hfc": {
        "dmean": 3.66792988777,
        "dmean2": 5.25840950012,
        "dvar": 23.974899292,
        "dvar2": 52.1566696167,
        "max": 87.3609313965,
        "mean": 14.4064950943,
        "median": 9.20720767975,
        "min": 1.14629339329e-16,
        "var": 218.883346558
    },
    "melbands_kurtosis": {
        "dmean": 3.92760848999,
        "dmean2": 6.28667640686,
        "dvar": 22.4230461121,
        "dvar2": 55.2026634216,
        "max": 46.3564147949,
        "mean": 7.80359601974,
        "median": 6.02094936371,
        "min": -1.53063941002,
        "var": 51.7092971802
    },
    "melbands_skewness": {
        "dmean": 0.562320232391,
        "dmean2": 0.89400780201,
        "dvar": 0.260589659214,
        "dvar2": 0.637626349926,
        "max": 5.56987476349,
        "mean": 2.00106549263,
        "median": 1.93138217926,
        "min": -0.0932208299637,
        "var": 0.729343116283
    },
    "melbands_spread": {
        "dmean": 7.3908367157,
        "dmean2": 11.6002092361,
        "dvar": 139.662124634,
        "dvar2": 290.121398926,
        "max": 147.804092407,
        "mean": 23.4264240265,
        "median": 17.5118370056,
        "min": 3.16633653641,
        "var": 435.133911133
    },
    "pitch_salience": {
        "dmean": 0.0638353824615,
        "dmean2": 0.104347847402,
        "dvar": 0.00326275127009,
        "dvar2": 0.00858089886606,
        "max": 0.979732632637,
        "mean": 0.578054785728,
        "median": 0.590465426445,
        "min": 0.272280812263,
        "var": 0.00880205817521
    },
    "silence_rate_20dB": {
        "dmean": 0,
        "dmean2": 0,
        "dvar": 0,
        "dvar2": 0,
        "max": 1,
        "mean": 1,
        "median": 1,
        "min": 1,
        "var": 0
    },
    "silence_rate_30dB": {
        "dmean": 0,
        "dmean2": 0,
        "dvar": 0,
        "dvar2": 0,
        "max": 1,
        "mean": 1,
        "median": 1,
        "min": 1,
        "var": 0
    },
    "silence_rate_60dB": {
        "dmean": 0.0521472394466,
        "dmean2": 0.104454688728,
        "dvar": 0.0494280569255,
        "dvar2": 0.10276016593,
        "max": 1,
        "mean": 0.218989282846,
        "median": 0,
        "min": 0,
        "var": 0.171033024788
    },
    "spectral_centroid": {
        "dmean": 292.475219727,
        "dmean2": 434.676422119,
        "dvar": 307098.71875,
        "dvar2": 481938.1875,
        "max": 11245.4404297,
        "mean": 1528.48742676,
        "median": 1451.01330566,
        "min": 503.116638184,
        "var": 634229.25
    },
    "spectral_complexity": {
        "dmean": 2.09815955162,
        "dmean2": 3.20430111885,
        "dvar": 4.12226486206,
        "dvar2": 7.73552322388,
        "max": 36,
        "mean": 13.8851451874,
        "median": 13,
        "min": 0,
        "var": 66.0373840332
    },
    "spectral_crest": {
        "dmean": 3.03760313988,
        "dmean2": 4.98830509186,
        "dvar": 6.47350692749,
        "dvar2": 16.2021942139,
        "max": 22.9440422058,
        "mean": 10.6564769745,
        "median": 9.9858455658,
        "min": 3.38882493973,
        "var": 15.4652414322
    },
    "spectral_decrease": {
        "dmean": 1.03057429257e-09,
        "dmean2": 1.59448287906e-09,
        "dvar": 1.68596583176e-18,
        "dvar2": 3.92049985458e-18,
        "max": 1.13206703799e-28,
        "mean": -3.37750005741e-09,
        "median": -2.39060615748e-09,
        "min": -1.47278091944e-08,
        "var": 1.00730986157e-17
    },
    "spectral_energy": {
        "dmean": 0.00417661806569,
        "dmean2": 0.00642281863838,
        "dvar": 2.75730508292e-05,
        "dvar2": 6.37663688394e-05,
        "max": 0.0596840456128,
        "mean": 0.0140541829169,
        "median": 0.00990957580507,
        "min": 1.01848939366e-20,
        "var": 0.00017489741731
    },
    "spectral_energyband_high": {
        "dmean": 7.6984797488e-05,
        "dmean2": 0.000111487948743,
        "dvar": 2.06292387617e-08,
        "dvar2": 4.68992809033e-08,
        "max": 0.00194398802705,
        "mean": 0.000216214568354,
        "median": 0.000122207871755,
        "min": 7.32117122993e-21,
        "var": 7.03448108652e-08
    },
    "spectral_energyband_low": {
        "dmean": 0.00012980181782,
        "dmean2": 0.000203374016564,
        "dvar": 2.79137477577e-08,
        "dvar2": 6.89511523433e-08,
        "max": 0.00163331953809,
        "mean": 0.000248130672844,
        "median": 0.000153916626005,
        "min": 2.81571341453e-23,
        "var": 6.78297098489e-08
    },
    "spectral_energyband_middle_high": {
        "dmean": 0.00133970484603,
        "dmean2": 0.00197915430181,
        "dvar": 4.55161216451e-06,
        "dvar2": 1.03138763734e-05,
        "max": 0.0320357456803,
        "mean": 0.00422269618139,
        "median": 0.00229875138029,
        "min": 1.3209227209e-21,
        "var": 2.57662068179e-05
    },
    "spectral_energyband_middle_low": {
        "dmean": 0.00373480794951,
        "dmean2": 0.00589961046353,
        "dvar": 2.39940454776e-05,
        "dvar2": 5.7901670516e-05,
        "max": 0.0539842694998,
        "mean": 0.009546241723,
        "median": 0.00661383708939,
        "min": 2.33665472131e-22,
        "var": 9.1606299975e-05
    },
    "spectral_flatness_db": {
        "dmean": 0.019861554727,
        "dmean2": 0.0302326269448,
        "dvar": 0.000264998874627,
        "dvar2": 0.000623912375886,
        "max": 0.27314132452,
        "mean": 0.165072873235,
        "median": 0.165136411786,
        "min": 0.0639988780022,
        "var": 0.00114968721755
    },
    "spectral_flux": {
        "dmean": 0.0161011274904,
        "dmean2": 0.0270347688347,
        "dvar": 0.00029498396907,
        "dvar2": 0.00080571178114,
        "max": 0.175239861012,
        "mean": 0.0631293281913,
        "median": 0.0569945909083,
        "min": 6.78309561297e-11,
        "var": 0.00147894013207
    },
    "spectral_kurtosis": {
        "dmean": 1.93634951115,
        "dmean2": 3.35145449638,
        "dvar": 3.00666475296,
        "dvar2": 8.87756538391,
        "max": 17.4099941254,
        "mean": 4.65523338318,
        "median": 4.15658521652,
        "min": -1.20918560028,
        "var": 6.70284557343
    },
    "spectral_rms": {
        "dmean": 0.000517002539709,
        "dmean2": 0.000768504221924,
        "dvar": 2.6476510584e-07,
        "dvar2": 5.55044152861e-07,
        "max": 0.00763074913993,
        "mean": 0.00324129220098,
        "median": 0.00310932123102,
        "min": 3.15221850358e-12,
        "var": 3.20542699228e-06
    },
    "spectral_rolloff": {
        "dmean": 464.614593506,
        "dmean2": 807.808349609,
        "dvar": 1483371,
        "dvar2": 2931752.75,
        "max": 19186.0839844,
        "mean": 1897.26391602,
        "median": 1227.39257812,
        "min": 301.46484375,
        "var": 4455779
    },
    "spectral_skewness": {
        "dmean": 0.228447809815,
        "dmean2": 0.37461990118,
        "dvar": 0.0377555638552,
        "dvar2": 0.0916349589825,
        "max": 2.78824663162,
        "mean": 1.37618744373,
        "median": 1.34153151512,
        "min": -0.0414635278285,
        "var": 0.146354243159
    },
    "spectral_spread": {
        "dmean": 437992.78125,
        "dmean2": 612159.1875,
        "dvar": 4.04728237261e+12,
        "dvar2": 6.64741085184e+12,
        "max": 49928864,
        "mean": 3678382.5,
        "median": 3205964.75,
        "min": 1959962.75,
        "var": 9.0608983081e+12
    },
    "spectral_strongpeak": {
        "dmean": 0.550869643688,
        "dmean2": 0.890228629112,
        "dvar": 0.582689523697,
        "dvar2": 1.53565430641,
        "max": 10.9932899475,
        "mean": 1.28177428246,
        "median": 0.981793522835,
        "min": 0,
        "var": 1.4501734972
    },
    "zerocrossingrate": {
        "dmean": 0.00971095543355,
        "dmean2": 0.0123157883063,
        "dvar": 0.000747614365537,
        "dvar2": 0.00136889319401,
        "max": 0.52099609375,
        "mean": 0.0648942962289,
        "median": 0.05615234375,
        "min": 0.01953125,
        "var": 0.00261925091036
    },
    "barkbands": {
        "dmean": [6.84608221491e-06, 2.55249269685e-05, 8.1303754996e-05, 0.000100955665403, 0.000240070483414, 0.000464395008748, 0.00196543266065, 0.000797908112872, 0.00169835577253, 0.000306896312395, 0.00031329333433, 0.000359583849786, 0.000357485114364, 0.000210483616684, 6.75258852425e-05, 7.65083241276e-05, 0.000191823477508, 0.000348161673173, 0.000223554161494, 5.12187434651e-05, 2.79871910607e-05, 2.97863734886e-05, 7.7166241681e-06, 6.94097343512e-06, 7.44777935324e-06, 1.22560186355e-06, 1.26577095472e-08],
        "dmean2": [1.17085373859e-05, 4.32619490311e-05, 0.000121411401778, 0.000167689606315, 0.000388334417948, 0.00075445586117, 0.00326511310413, 0.00125223502982, 0.00264266040176, 0.00045906152809, 0.000509230827447, 0.000570873147808, 0.00056269945344, 0.000329689966748, 0.000101595513115, 0.000120950731798, 0.000308080692776, 0.000527554831933, 0.000350604765117, 7.99094341346e-05, 4.21595941589e-05, 4.40991825599e-05, 1.18838397611e-05, 1.04068376459e-05, 1.02804106064e-05, 2.07541620512e-06, 2.15959143901e-08],
        "dvar": [7.10486183775e-11, 1.08984243852e-09, 1.67883307256e-08, 1.73813781146e-08, 1.19702121992e-07, 4.68688710953e-07, 1.22615274449e-05, 3.461313554e-06, 1.16462633741e-05, 1.1036554497e-06, 5.20399794368e-07, 1.28060014504e-06, 1.01172292943e-06, 4.02618809403e-07, 4.16635721479e-08, 3.32896412658e-08, 2.13578147168e-07, 8.41494113502e-07, 1.57538565304e-07, 1.05077306856e-08, 2.13166906349e-09, 2.72248090738e-09, 2.46816206362e-10, 4.13043516057e-10, 3.11824965848e-09, 1.10478778903e-10, 9.45811494343e-16],
        "dvar2": [1.76887851588e-10, 2.86720513998e-09, 3.69321675464e-08, 4.7359502986e-08, 3.09449347924e-07, 1.21232164929e-06, 3.19868886436e-05, 7.67483652453e-06, 2.61519980995e-05, 2.01130137611e-06, 1.30096998419e-06, 2.92396225632e-06, 2.49932759289e-06, 9.48322963268e-07, 8.66858869131e-08, 9.39723037163e-08, 5.46638034393e-07, 1.93387927538e-06, 3.638063788e-07, 2.5573767104e-08, 5.1455271155e-09, 6.27109653095e-09, 5.75951175641e-10, 9.3817564828e-10, 6.02499916624e-09, 2.86450779763e-10, 2.8197093657e-15],
        "max": [8.41000437504e-05, 0.00060372473672, 0.00139873358421, 0.00119719572831, 0.00365297636017, 0.00769510632381, 0.0386593453586, 0.0262987371534, 0.0408870093524, 0.0235343109816, 0.00869410671294, 0.0200211070478, 0.0143869211897, 0.00700284354389, 0.00450175069273, 0.0026104839053, 0.00572629738599, 0.0196979753673, 0.00568940490484, 0.00155511114281, 0.000606034649536, 0.000647363602184, 0.0002448320447, 0.000430818443419, 0.0013402417535, 0.000197049346752, 4.28445673606e-07],
        "mean": [8.76487501955e-06, 4.05408463848e-05, 0.000139063733513, 0.000137823401019, 0.000401878758566, 0.000772801577114, 0.00306373205967, 0.0016220184043, 0.00329160573892, 0.000532340374775, 0.000521879643202, 0.000590914976783, 0.000596321595367, 0.000304322660668, 0.000147882426973, 0.000164870449225, 0.000345873617334, 0.000575781741645, 0.000501366565004, 0.000118085823487, 5.97303805989e-05, 7.36092115403e-05, 1.64730845427e-05, 1.47341224874e-05, 1.02437861642e-05, 1.50957544065e-06, 1.43641001316e-08],
        "median": [5.13381837663e-06, 3.13838500006e-05, 4.28092280345e-05, 7.87444951129e-05, 0.000283026020043, 0.000482507341076, 0.00138081784826, 0.000440593750682, 0.000899891369045, 0.000110650806164, 7.22906843293e-05, 0.000113622823847, 2.47580483119e-05, 1.9225253709e-05, 1.19973856272e-05, 3.63671097148e-05, 0.000120271230116, 0.000156654583407, 0.000302891858155, 4.10065222241e-05, 2.70035397989e-05, 3.43146930391e-05, 8.58758539835e-06, 6.77744719724e-06, 1.86179488537e-06, 3.28674900629e-07, 4.99944441401e-09],
        "min": [5.36458350493e-25, 9.89905893449e-24, 8.96547045215e-24, 1.83601601228e-23, 2.15939250098e-23, 1.91480696618e-23, 3.64592419959e-23, 2.21782784585e-23, 5.22412910845e-23, 2.43604365386e-23, 2.36015633918e-23, 8.6239044087e-23, 3.22431717325e-23, 4.55917048354e-23, 5.91749619229e-23, 9.32628154625e-23, 1.55761456638e-22, 1.44097599107e-22, 1.68354175797e-22, 2.54602749324e-22, 3.39011472028e-22, 3.57622303747e-22, 4.50849380655e-22, 7.41513347472e-22, 1.03429898409e-21, 1.59198582925e-21, 2.17279182726e-21],
        "var": [1.16337835199e-10, 1.79410941659e-09, 4.39567031663e-08, 2.90675394865e-08, 1.83863377856e-07, 8.699299201e-07, 2.41489378823e-05, 1.22195569929e-05, 3.56576674676e-05, 2.40113445216e-06, 1.21792788832e-06, 3.01955492432e-06, 2.30967407333e-06, 6.21589208549e-07, 1.86603671182e-07, 9.68729239048e-08, 4.58010646298e-07, 2.12386680687e-06, 4.20234698595e-07, 4.62335698614e-08, 7.15907422233e-09, 1.05713455767e-08, 5.83935289011e-10, 7.21967541306e-10, 4.50636683524e-09, 8.70932700958e-11, 1.36909545743e-15]
    },
    "erbbands": {
        "dmean": [0.00115403602831, 0.00590210082009, 0.0709341987967, 0.208480551839, 0.381551414728, 1.13494133949, 1.66605293751, 5.19895982742, 15.4725914001, 31.0989227295, 18.6999282837, 43.6757774353, 21.1338195801, 9.31418609619, 11.2678461075, 14.5676631927, 11.9259748459, 14.4328699112, 4.19090270996, 3.30830550194, 4.78349208832, 9.245844841, 14.9527568817, 13.6898870468, 7.54064035416, 2.18890452385, 1.21230626106, 1.06477165222, 1.25201392174, 0.580482900143, 0.181808441877, 0.126595512033, 0.146148130298, 0.123325526714, 0.0383900552988, 0.0123886726797, 0.00111787207425, 8.78364517121e-05, 4.07977904615e-06, 5.04356057718e-06],
        "dmean2": [0.00199249433354, 0.00960301142186, 0.10586553812, 0.345310658216, 0.622011065483, 1.88217949867, 2.66219234467, 8.57434940338, 25.4357776642, 51.7058448792, 27.9292945862, 67.6828155518, 30.6945495605, 15.0291290283, 17.9680461884, 22.6310024261, 19.1186408997, 21.3834991455, 6.47761487961, 4.75244092941, 7.61965751648, 14.6746997833, 23.7514266968, 20.7948417664, 11.8082208633, 3.36071491241, 1.89058876038, 1.62210631371, 1.8726439476, 0.867064118385, 0.274704396725, 0.191393911839, 0.222858294845, 0.184494897723, 0.0572537072003, 0.0194311849773, 0.00186356238555, 0.000151752959937, 6.42196118861e-06, 7.70544556872e-06],
        "dvar": [1.67757764302e-06, 8.09344710433e-05, 0.01294450555, 0.0740015283227, 0.238707304001, 3.24948096275, 4.7813744545, 72.0590820312, 744.044555664, 2878.70141602, 1877.85473633, 9349.04980469, 3321.66064453, 365.313354492, 792.674438477, 2882.00756836, 981.09979248, 1505.43103027, 157.74621582, 83.4974441528, 162.314193726, 405.403717041, 1306.23596191, 995.635375977, 136.493499756, 20.4192504883, 4.98448944092, 3.12156200409, 5.62962770462, 0.838931500912, 0.1736869663, 0.0497339442372, 0.389473944902, 1.08315169811, 0.107705838978, 0.00985187198967, 0.000120493175928, 5.05175648868e-07, 3.2999497579e-10, 3.94101487555e-11],
        "dvar2": [4.63427159048e-06, 0.000205566364457, 0.0280454345047, 0.201622769237, 0.606173396111, 8.8427362442, 11.9972372055, 191.151367188, 2014.00927734, 7121.68994141, 4248.85644531, 20468.9179688, 6442.67529297, 965.53302002, 2011.01647949, 6544.20068359, 2567.1965332, 3365.25854492, 335.79586792, 148.572891235, 459.102722168, 1037.31958008, 2651.1496582, 2403.93554688, 368.726928711, 53.0236549377, 13.152636528, 7.34483146667, 13.9083452225, 2.01324033737, 0.410829275846, 0.102613985538, 0.936297595501, 2.63632011414, 0.253930568695, 0.0245795976371, 0.000332629570039, 1.45533317664e-06, 8.93020823955e-10, 8.97579649495e-11],
        "max": [0.0154892681167, 0.152446225286, 1.26766097546, 2.27958345413, 6.45390415192, 17.1062278748, 27.0542259216, 76.7860412598, 248.154785156, 606.852111816, 701.821472168, 1206.13830566, 946.473510742, 252.38130188, 350.039215088, 1021.89648438, 414.612762451, 436.768218994, 273.195953369, 234.537857056, 220.136856079, 279.333374023, 680.043273926, 576.289978027, 210.346160889, 76.5268630981, 23.0366516113, 24.6650714874, 33.4551467896, 9.96719646454, 7.00965642929, 3.46327328682, 13.8360700607, 24.2596206665, 6.6014790535, 1.5809841156, 0.212513208389, 0.0135035673156, 0.000339160877047, 7.00155796949e-05],
        "mean": [0.00151471979916, 0.0102861979976, 0.125712528825, 0.328831315041, 0.602312445641, 1.63267529011, 3.52697396278, 7.95297384262, 24.3692893982, 52.0497817993, 41.8776397705, 81.9246520996, 37.524066925, 17.8719844818, 22.1083259583, 25.3876647949, 21.9647922516, 24.6994342804, 9.08170700073, 7.66732931137, 11.7933626175, 19.4219608307, 30.2309417725, 30.7043151855, 18.5514659882, 5.50003862381, 2.55606985092, 2.44311928749, 2.96257090569, 1.30008876324, 0.404885262251, 0.296701341867, 0.253808677197, 0.156414523721, 0.0473326183856, 0.0144042484462, 0.00131136400159, 0.000110863031296, 1.1689106941e-05, 1.751963282e-05],
        "median": [0.00109687645454, 0.00673733279109, 0.0423923768103, 0.202110677958, 0.444702804089, 1.01625359058, 2.04871821404, 4.66325330734, 13.3920097351, 21.4016342163, 13.1410741806, 23.3714027405, 9.56779384613, 5.86252307892, 4.82770490646, 5.48396062851, 1.57010412216, 1.30136322975, 0.832122564316, 0.85435718298, 3.1413359642, 7.270652771, 9.30330657959, 14.375161171, 10.8966789246, 2.29222393036, 1.18010413647, 1.14050865173, 1.26253724098, 0.705105423927, 0.22776119411, 0.191073164344, 0.0696724504232, 0.0285281185061, 0.0102097308263, 0.00267082965001, 0.000360626290785, 4.28588391514e-05, 7.34833611205e-06, 1.22462151921e-05],
        "min": [1.39407865202e-22, 2.66932536725e-21, 9.03332362241e-21, 4.45728954949e-20, 1.05067634839e-19, 5.74598492194e-20, 1.38870467506e-19, 1.81176865504e-19, 2.41137391575e-19, 8.53995171374e-19, 5.05068830604e-19, 1.30071059736e-18, 8.08113530747e-19, 1.53549164877e-18, 1.36119962722e-18, 3.82240574651e-18, 1.90782942392e-18, 3.16831805381e-18, 3.15855318668e-18, 5.24125458915e-18, 5.97141146535e-18, 8.22803007315e-18, 7.92741526776e-18, 8.32954002356e-18, 8.16305586322e-18, 1.015885822e-17, 1.36655953012e-17, 1.27927005521e-17, 1.32651844636e-17, 1.21896172295e-17, 1.40064425172e-17, 1.07977204128e-17, 1.36771981636e-17, 1.08726886189e-17, 8.25880119194e-18, 5.06353483455e-18, 2.76717991768e-18, 1.16680391147e-18, 3.1179428062e-19, 3.0816138738e-20],
        "var": [2.28828116633e-06, 0.00015652483853, 0.0345644392073, 0.129177510738, 0.361617267132, 4.03439617157, 16.560092926, 107.770553589, 1143.59509277, 6531.62109375, 7340.75244141, 25220.4707031, 7032.90283203, 853.775817871, 2373.86474609, 6734.48339844, 2333.67016602, 3527.94824219, 394.0027771, 407.408843994, 526.507385254, 1171.10998535, 4127.08251953, 2994.75610352, 534.085876465, 85.2441482544, 13.1508359909, 11.5306911469, 19.6908912659, 2.66669654846, 0.346255719662, 0.137285619974, 0.494116455317, 1.12086188793, 0.108157008886, 0.00859991367906, 8.05387462606e-05, 3.1151793678e-07, 3.14319292816e-10, 2.66046601416e-10]
    },
    "gfcc": {
        "mean": [-90.7014770508, 97.1983337402, -152.442306519, 25.1402873993, -87.1509475708, -16.456237793, -36.4429244995, 15.4312410355, -19.168970108, -7.39246892929, -4.17953920364, 0.123394683003, -15.1766967773],
        "cov": [[20675.4101562, 666.169067383, -3106.80786133, 86.7705154419, -1261.98388672, -212.085098267, -273.159118652, 167.118530273, -196.060195923, 6.45329046249, -75.578742981, -555.506530762, -358.936096191], [666.169067383, 794.077880859, -18.2109222412, -57.797958374, 30.4516506195, -175.612289429, 12.1324768066, -78.7338867188, 54.1104164124, -45.4944114685, 7.87132501602, 0.0105016594753, -36.0909194946], [-3106.80786133, -18.2109222412, 969.414001465, 145.516326904, 79.7368927002, 36.8281021118, 42.3938217163, 36.7658958435, -1.26769042015, -61.8030815125, -24.4240951538, 181.878646851, 59.1734848022], [86.7705154419, -57.797958374, 145.516326904, 468.782684326, 245.264648438, -100.442207336, -278.263458252, -90.7595596313, 57.7536315918, 99.5882263184, -35.753616333, -58.2985038757, 10.2811422348], [-1261.98388672, 30.4516506195, 79.7368927002, 245.264648438, 639.55682373, -78.4417648315, -380.439575195, -206.48399353, 103.601455688, 222.42338562, -47.9607696533, -156.364151001, 13.8981323242], [-212.085098267, -175.612289429, 36.8281021118, -100.442207336, -78.4417648315, 219.146881104, 124.968704224, 49.8587265015, -73.7110519409, -22.7302360535, -16.8824729919, 39.313873291, -4.52379703522], [-273.159118652, 12.1324768066, 42.3938217163, -278.263458252, -380.439575195, 124.968704224, 486.216918945, 159.081008911, -82.3770446777, -182.271286011, 33.0800514221, 139.50328064, -12.0308361053], [167.118530273, -78.7338867188, 36.7658958435, -90.7595596313, -206.48399353, 49.8587265015, 159.081008911, 180.778442383, -20.5552082062, -97.9244766235, 20.9517993927, 61.5937728882, 6.29434013367], [-196.060195923, 54.1104164124, -1.26769042015, 57.7536315918, 103.601455688, -73.7110519409, -82.3770446777, -20.5552082062, 127.948944092, 59.2563400269, 5.11773681641, -46.1848297119, 2.53168511391], [6.45329046249, -45.4944114685, -61.8030815125, 99.5882263184, 222.42338562, -22.7302360535, -182.271286011, -97.9244766235, 59.2563400269, 195.718612671, -15.6761493683, -92.8151321411, 0.00718897255138], [-75.578742981, 7.87132501602, -24.4240951538, -35.753616333, -47.9607696533, -16.8824729919, 33.0800514221, 20.9517993927, 5.11773681641, -15.6761493683, 86.3728637695, 45.6790809631, 5.63953924179], [-555.506530762, 0.0105016594753, 181.878646851, -58.2985038757, -156.364151001, 39.313873291, 139.50328064, 61.5937728882, -46.1848297119, -92.8151321411, 45.6790809631, 193.620117188, 37.3683853149], [-358.936096191, -36.0909194946, 59.1734848022, 10.2811422348, 13.8981323242, -4.52379703522, -12.0308361053, 6.29434013367, 2.53168511391, 0.00718897255138, 5.63953924179, 37.3683853149, 62.6245918274]],
        "icov": [[0.000283545814455, -0.000472662301036, 0.000843043089844, -0.000600766157731, 0.00100858090445, -0.000248712924076, 0.000662802660372, -0.000613592623267, 0.000515223189723, -0.000475357635878, 0.000479175068904, 0.000114724629384, 0.000469625840196], [-0.000472662301036, 0.00276631070301, -0.00143776112236, 0.00162655720487, -0.00197679293342, 0.00221544504166, -0.00147120340262, 0.00217997306027, -0.00141026452184, 0.00161941314582, -0.000260669796262, -0.000818206346594, 0.000642177183181], [0.000843043089844, -0.00143776112236, 0.00424804352224, -0.00243585091084, 0.00207470310852, -0.000964062579442, 0.00161938369274, -0.00237678200938, 0.00108439044561, -0.000957095180638, 0.00267679477111, -0.00192142114975, 0.00127096124925], [-0.000600766157731, 0.00162655720487, -0.00243585091084, 0.00519371498376, -0.00234193564393, 0.00196699798107, 0.000349117617588, 0.00146741431672, -0.00118464266416, 0.00096185086295, -2.97385599879e-06, -0.000699677038938, -1.00095894595e-05], [0.00100858090445, -0.00197679293342, 0.00207470310852, -0.00234193564393, 0.00833059940487, -0.0019223713316, 0.00405433960259, 0.000367679866031, 0.000661057594698, -0.00324348220602, 0.00127891253214, 0.00259575643577, 0.000129450694658], [-0.000248712924076, 0.00221544504166, -0.000964062579442, 0.00196699798107, -0.0019223713316, 0.00935316551477, -0.00242179725319, -0.000522611837368, 0.00309651414864, -0.00156251247972, 0.00221761432476, -0.00163312233053, 0.00177860585973], [0.000662802660372, -0.00147120340262, 0.00161938369274, 0.000349117617588, 0.00405433960259, -0.00242179725319, 0.00761459907517, -0.0024200771004, 0.000757523695938, 0.000454438471934, 0.00105491909198, -0.000763953081332, 0.00232511665672], [-0.000613592623267, 0.00217997306027, -0.00237678200938, 0.00146741431672, 0.000367679866031, -0.000522611837368, -0.0024200771004, 0.0127876875922, -0.00410658307374, 0.00425287382677, -0.00225427071564, 0.00104274658952, -0.0023788434919], [0.000515223189723, -0.00141026452184, 0.00108439044561, -0.00118464266416, 0.000661057594698, 0.00309651414864, 0.000757523695938, -0.00410658307374, 0.0135842142627, -0.00434231385589, -0.000604833709076, 0.00202296325006, 0.000244082475547], [-0.000475357635878, 0.00161941314582, -0.000957095180638, 0.00096185086295, -0.00324348220602, -0.00156251247972, 0.000454438471934, 0.00425287382677, -0.00434231385589, 0.012692485936, -0.00195343187079, 0.00162102351896, -0.00139529106673], [0.000479175068904, -0.000260669796262, 0.00267679477111, -2.97385599879e-06, 0.00127891253214, 0.00221761432476, 0.00105491909198, -0.00225427071564, -0.000604833709076, -0.00195343187079, 0.0168266817927, -0.00614319602028, 0.0025480540935], [0.000114724629384, -0.000818206346594, -0.00192142114975, -0.000699677038938, 0.00259575643577, -0.00163312233053, -0.000763953081332, 0.00104274658952, 0.00202296325006, 0.00162102351896, -0.00614319602028, 0.0137051073834, -0.00653584999964], [0.000469625840196, 0.000642177183181, 0.00127096124925, -1.00095894595e-05, 0.000129450694658, 0.00177860585973, 0.00232511665672, -0.0023788434919, 0.000244082475547, -0.00139529106673, 0.0025480540935, -0.00653584999964, 0.0222769957036]]
    },
    "melbands": {
        "dmean": [8.10722667666e-06, 2.62611483777e-05, 4.08381129091e-05, 5.11360158271e-05, 5.36930565431e-05, 0.000104752136394, 0.000304837682052, 0.00029374321457, 0.00016322315787, 0.000292012380669, 0.000108218206151, 3.61528109352e-05, 3.81326717616e-05, 4.43042445113e-05, 2.18343357119e-05, 3.9733320591e-05, 2.50903867709e-05, 8.03736838861e-06, 5.40128303328e-06, 4.51921641798e-06, 6.42464101475e-06, 9.34573290579e-06, 1.57850899996e-05, 1.65718265634e-05, 1.24118032545e-05, 7.74723503127e-06, 3.29302815771e-06, 1.3980481981e-06, 7.90994590716e-07, 8.65813262863e-07, 6.4466337335e-07, 7.56595568419e-07, 6.11538837347e-07, 2.48364585786e-07, 1.14549443708e-07, 9.27728436295e-08, 8.25338872801e-08, 9.39358812957e-08, 1.25883815372e-07, 1.01670920571e-07],
        "dmean2": [1.38254044941e-05, 3.95113238483e-05, 6.706557906e-05, 8.40168140712e-05, 8.61615844769e-05, 0.000172146013938, 0.000499229645357, 0.000487847544719, 0.000242652429733, 0.000461080373498, 0.000156620983034, 5.88448347116e-05, 6.02012623858e-05, 7.13656554581e-05, 3.28119203914e-05, 6.14888267592e-05, 3.77031610697e-05, 1.19294454635e-05, 7.61427372709e-06, 7.16119757271e-06, 1.03440597741e-05, 1.50256819325e-05, 2.44808397838e-05, 2.40977842623e-05, 1.95114789676e-05, 1.18089337775e-05, 5.31588466401e-06, 2.1791997824e-06, 1.24825339753e-06, 1.35917059652e-06, 9.82326469057e-07, 1.12596774215e-06, 9.38508208037e-07, 3.92469303279e-07, 1.766045159e-07, 1.43135679309e-07, 1.29863551024e-07, 1.44687817283e-07, 1.8651817868e-07, 1.55565629711e-07],
        "dvar": [8.99606569793e-11, 1.80468495703e-09, 2.39896325027e-09, 5.92143045708e-09, 4.7772141798e-09, 2.75368154945e-08, 2.81776465272e-07, 2.45816210054e-07, 1.26819628576e-07, 4.09608929886e-07, 8.52811083973e-08, 5.43899369987e-09, 8.52120685124e-09, 1.80631882785e-08, 4.46430270529e-09, 1.41785507779e-08, 4.62309035498e-09, 5.78630976467e-10, 2.66289545969e-10, 1.31891123023e-10, 2.82374346128e-10, 3.75293462973e-10, 1.86559812043e-09, 3.0812759011e-09, 9.08205510797e-10, 1.25616461677e-10, 3.5952053834e-11, 9.66723402718e-12, 2.28983303673e-12, 2.72511332076e-12, 1.0359878103e-12, 1.96006752495e-12, 1.24521172453e-12, 1.74166169225e-13, 7.32525612434e-14, 3.5333833705e-14, 2.0670663396e-14, 1.01660060849e-13, 5.74397680028e-13, 8.6696345632e-13],
        "dvar2": [2.46151987682e-10, 3.95808186227e-09, 6.6008603028e-09, 1.57720876359e-08, 1.22786802947e-08, 7.26400699591e-08, 7.55027315336e-07, 5.98371173055e-07, 2.87711799274e-07, 9.36541482588e-07, 1.61341773719e-07, 1.43621790016e-08, 2.2117392362e-08, 4.0651574551e-08, 1.035142283e-08, 3.55616158743e-08, 1.03452757472e-08, 1.12140496888e-09, 4.44801057098e-10, 3.6247407853e-10, 7.94009413774e-10, 9.87729453783e-10, 4.1141721141e-09, 5.88162141213e-09, 2.20803819673e-09, 3.37207456402e-10, 9.975305304e-11, 2.44867303517e-11, 6.18602348165e-12, 6.72820002837e-12, 2.5137285916e-12, 4.8310097242e-12, 3.05734213987e-12, 4.26057762204e-13, 1.79244639964e-13, 8.0359147342e-14, 4.52903366937e-14, 2.443278056e-13, 1.36475834973e-12, 2.12011896754e-12],
        "max": [0.00015035783872, 0.000455620145658, 0.000428429892054, 0.000908627640456, 0.000722641882021, 0.00156279455405, 0.00509655056521, 0.00535162305459, 0.00497334497049, 0.00802886113524, 0.00469876825809, 0.000928722030949, 0.00129018130247, 0.00207162112929, 0.00126904703211, 0.00165518885478, 0.000755956047215, 0.000495739106555, 0.000457635469502, 0.000156479189172, 0.000287400005618, 0.000303891429212, 0.000708757666871, 0.0013594746124, 0.000474210828543, 0.000166822137544, 0.00010553359607, 4.43368808192e-05, 1.63751101354e-05, 1.80891383934e-05, 1.32762697831e-05, 2.0112744096e-05, 1.50219220814e-05, 5.37121195521e-06, 4.19076104663e-06, 3.16861041938e-06, 1.81076586614e-06, 6.48575723972e-06, 1.79794751602e-05, 2.1373247364e-05],
        "mean": [1.20984095702e-05, 4.70002305519e-05, 6.49566427455e-05, 7.50430554035e-05, 0.000113723908726, 0.00016125755792, 0.000479037087644, 0.000519500928931, 0.000330995942932, 0.000537302577868, 0.00017186027253, 6.57050477457e-05, 6.92675312166e-05, 7.31376348995e-05, 3.78858385375e-05, 7.15857458999e-05, 4.01774741476e-05, 1.42143371704e-05, 1.233266903e-05, 9.15033524507e-06, 1.46931652125e-05, 1.83392112376e-05, 2.63932433882e-05, 2.79777068499e-05, 2.50536722888e-05, 1.72214076883e-05, 7.4274794315e-06, 2.72609509011e-06, 1.45899696236e-06, 1.52396637532e-06, 1.36651067351e-06, 1.72541774646e-06, 1.29756654133e-06, 5.07370259584e-07, 2.18880614966e-07, 1.8446581862e-07, 1.78367443482e-07, 1.63101148587e-07, 1.86420336945e-07, 1.14173566601e-07],
        "median": [9.52197933657e-06, 1.54938534251e-05, 4.88785917696e-05, 4.97480941704e-05, 7.15002388461e-05, 9.26774955587e-05, 0.000235120212892, 0.000225932744797, 8.17625550553e-05, 0.000136643575388, 3.74680275854e-05, 1.72039035533e-05, 1.18899952213e-05, 1.57674694492e-05, 4.02501245844e-06, 2.2259951038e-06, 1.96169094124e-06, 1.24160476389e-06, 8.49895457122e-07, 1.60580043485e-06, 3.73163038603e-06, 6.67041877023e-06, 6.66998721499e-06, 7.40104360375e-06, 1.15463653856e-05, 1.07875475805e-05, 2.94087476505e-06, 8.46901457408e-07, 6.64530318772e-07, 5.83385372011e-07, 6.37256391656e-07, 6.67885672101e-07, 5.30772922502e-07, 2.73067939816e-07, 9.30580625891e-08, 1.09815502469e-07, 9.73577911623e-08, 4.8154404908e-08, 3.20586579505e-08, 1.89474995693e-08],
        "min": [2.03104151849e-24, 4.57630911779e-24, 9.93596894738e-24, 4.58777915535e-24, 3.75359385239e-24, 4.04132495112e-24, 5.01870625775e-24, 8.8081100565e-24, 3.67886466441e-24, 8.40093634483e-24, 3.77247011056e-24, 5.557586214e-24, 3.0262526593e-24, 1.11507074563e-23, 7.80055482025e-24, 3.02866065721e-24, 5.36289613145e-24, 4.53664637477e-24, 5.59437908105e-24, 5.58363045679e-24, 6.93946423282e-24, 8.09311414214e-24, 7.886647944e-24, 7.60287653259e-24, 6.24253283876e-24, 7.03221534261e-24, 5.07598781466e-24, 6.97086405229e-24, 8.22062404114e-24, 7.88814835744e-24, 6.808845433e-24, 6.28101110714e-24, 4.56439652926e-24, 8.15391007438e-24, 7.07440914585e-24, 8.43711271708e-24, 6.38015672343e-24, 8.78571823971e-24, 8.13861958346e-24, 8.89276587568e-24],
