{
"metadata": {
    "version": {
        "essentia": "2.0.1",
        "extractor": "archive-music 1.0"
    },
    "audio_properties": {
        "analysis_sample_rate": 44100,
        "bitrate": 128,
        "channels": 2,
        "equal_loudness": 0,
        "length": 15.9346942902,
        "replay_gain": -8.76140785217,
        "downmix": "mix"
    },
    "tags": {
        "track": 0,
        "year": 0,
        "album": "",
        "artist": "",
        "comment": "",
        "genre": "",
        "title": ""
    }
},
"highlevel": {
    "culture": {
        "all": {
            "non_western": 0.00716006522998,
            "western": 0.992839932442
        },
        "probability": 0.992839932442,
        "value": "western"
    },
    "danceability": {
        "all": {
            "danceable": 0.410524845123,
            "not_danceable": 0.589475154877
        },
        "probability": 0.589475154877,
        "value": "not_danceable"
    },
    "gender": {
        "all": {
            "female": 0.981337547302,
            "male": 0.0186624713242
        },
        "probability": 0.981337547302,
        "value": "female"
    },
    "genre_dortmund": {
        "all": {
            "alternative": 0.0266367252916,
            "blues": 0.0871746391058,
            "electronic": 0.0159295741469,
            "folkcountry": 0.470525294542,
            "funksoulrnb": 0.038764256984,
            "jazz": 0.305444508791,
            "pop": 0.0302246920764,
            "raphiphop": 0.00484681036323,
            "rock": 0.0204535070807
        },
        "probability": 0.470525294542,
        "value": "folkcountry"
    },
    "genre_electronic": {
        "all": {
            "ambient": 0.738409519196,
            "dnb": 0.145414486527,
            "house": 0.0725814923644,
            "techno": 0.0275516789407,
            "trance": 0.0160428415984
        },
        "probability": 0.738409519196,
        "value": "ambient"
    },
    "genre_rosamerica": {
        "all": {
            "cla": 0.870688438416,
            "dan": 0.00550182675943,
            "hip": 0.00870002992451,
            "jaz": 0.0640113130212,
            "pop": 0.00874104909599,
            "rhy": 0.0270356312394,
            "roc": 0.0107279382646,
            "spe": 0.00459375698119
        },
        "probability": 0.870688438416,
        "value": "cla"
    },
    "genre_tzanetakis": {
        "all": {
            "blu": 0.0566321723163,
            "cla": 0.491414666176,
            "cou": 0.0106642395258,
            "dis": 0.0513426028192,
            "hip": 0.0161644518375,
            "jaz": 0.190842524171,
            "met": 0.0177884232253,
            "pop": 0.0109027205035,
            "reg": 0.118505395949,
            "roc": 0.0357428118587
        },
        "probability": 0.491414666176,
        "value": "cla"
    },
    "mirex_ballroom": {
        "all": {
            "ChaChaCha": 0.01850909926,
            "Jive": 0.0772076770663,
            "Quickstep": 0.0622143037617,
            "Rumba-American": 0.00346547085792,
            "Rumba-International": 0.00332864979282,
            "Rumba-Misc": 0.0032438414637,
            "Samba": 0.0102809611708,
            "Tango": 0.208957567811,
            "VienneseWaltz": 0.55483931303,
            "Waltz": 0.057953119278
        },
        "probability": 0.55483931303,
        "value": "VienneseWaltz"
    },
    "mood_acoustic": {
        "all": {
            "acoustic": 0.0490108095109,
            "not_acoustic": 0.950989186764
        },
        "probability": 0.950989186764,
        "value": "not_acoustic"
    },
    "mood_aggressive": {
        "all": {
            "aggressive": 0.233929768205,
            "not_aggressive": 0.766070246696
        },
        "probability": 0.766070246696,
        "value": "not_aggressive"
    },
    "mood_electronic": {
        "all": {
            "electronic": 0.280398458242,
            "not_electronic": 0.71960157156
        },
        "probability": 0.71960157156,
        "value": "not_electronic"
    },
    "mood_happy": {
        "all": {
            "happy": 0.961349487305,
            "not_happy": 0.038650482893
        },
        "probability": 0.961349487305,
        "value": "happy"
    },
    "mood_party": {
        "all": {
            "not_party": 0.221675336361,
            "party": 0.778324663639
        },
        "probability": 0.778324663639,
        "value": "party"
    },
    "mood_relaxed": {
        "all": {
            "not_relaxed": 0.557046890259,
            "relaxed": 0.442953139544
        },
        "probability": 0.557046890259,
        "value": "not_relaxed"
    },
    "mood_sad": {
        "all": {
            "not_sad": 0.181998997927,
            "sad": 0.818001031876
        },
        "probability": 0.818001031876,
        "value": "sad"
    },
    "moods_mirex": {
        "all": {
            "Cluster1": 0.0480815730989,
            "Cluster2": 0.48909124732,
            "Cluster3": 0.0603446029127,
            "Cluster4": 0.342714637518,
            "Cluster5": 0.0597679242492
        },
        "probability": 0.48909124732,
        "value": "Cluster2"
    },
    "timbre": {
        "all": {
            "bright": 0.971101641655,
            "dark": 0.0288983341306
        },
        "probability": 0.971101641655,
        "value": "bright"
    },
    "tonal_atonal": {
        "all": {
            "atonal": 0.991908013821,
            "tonal": 0.00809200294316
        },
        "probability": 0.991908013821,
        "value": "atonal"
    },
    "voice_instrumental": {
        "all": {
            "instrumental": 0.46983525157,
            "voice": 0.530164778233
        },
        "probability": 0.530164778233,
        "value": "voice"
    }
},
"lowlevel": {
    "average_loudness": 0.908625304699,
    "barkbands_kurtosis": {
        "dmean": 0.655478060246,
        "dmean2": 1.05021893978,
        "dvar": 0.491968095303,
        "dvar2": 1.27171099186,
        "max": 4.76419734955,
        "mean": -0.626416802406,
        "median": -0.897323966026,
        "min": -1.77747523785,
        "var": 0.858942449093
    },
    "barkbands_skewness": {
        "dmean": 0.384730577469,
        "dmean2": 0.602309167385,
        "dvar": 0.10070348531,
        "dvar2": 0.226076707244,
        "max": 2.17419934273,
        "mean": -0.304444164038,
        "median": -0.327563792467,
        "min": -1.97099518776,
        "var": 0.300105720758
    },
    "barkbands_spread": {
        "dmean": 5.16388368607,
        "dmean2": 8.30208969116,
        "dvar": 15.1377592087,
        "dvar2": 37.8045387268,
        "max": 45.4488334656,
        "mean": 23.9451618195,
        "median": 24.076543808,
        "min": 7.23989009857,
        "var": 53.4910583496
    },
    "dissonance": {
        "dmean": 0.0160863306373,
        "dmean2": 0.0268996022642,
        "dvar": 0.000204925541766,
        "dvar2": 0.000565790280234,
        "max": 0.499997317791,
        "mean": 0.471136271954,
        "median": 0.475039601326,
        "min": 0.390424221754,
        "var": 0.000319579878123
    },
    "dynamic_complexity": 3.09519839287,
    "erbbands_kurtosis": {
        "dmean": 0.769170820713,
        "dmean2": 1.29682004452,
        "dvar": 0.509801387787,
        "dvar2": 1.34037065506,
        "max": 4.37512874603,
        "mean": -0.104156315327,
        "median": -0.227571964264,
        "min": -1.67825126648,
        "var": 0.827612757683
    },
    "erbbands_skewness": {
        "dmean": 0.413623839617,
        "dmean2": 0.699087798595,
        "dvar": 0.0970607101917,
        "dvar2": 0.283342510462,
        "max": 1.21177601814,
        "mean": -0.502171456814,
        "median": -0.497736811638,
        "min": -1.84274923801,
        "var": 0.192797169089
    },
    "erbbands_spread": {
        "dmean": 6.34123373032,
        "dmean2": 10.2099456787,
        "dvar": 26.1937980652,
        "dvar2": 73.462272644,
        "max": 54.9723701477,
        "mean": 27.6269168854,
        "median": 26.8573436737,
        "min": 10.2746391296,
        "var": 71.976776123
    },
    "hfc": {
        "dmean": 6.70213270187,
        "dmean2": 10.4983615875,
        "dvar": 54.4351921082,
        "dvar2": 127.391784668,
        "max": 102.424842834,
        "mean": 26.5400447845,
        "median": 23.6401119232,
        "min": 1.14664054445e-16,
        "var": 329.991821289
    },
    "melbands_kurtosis": {
        "dmean": 0.972871541977,
        "dmean2": 1.57576549053,
        "dvar": 2.24028205872,
        "dvar2": 5.51230859756,
        "max": 19.73853302,
        "mean": -0.0978397652507,
        "median": -0.526888370514,
        "min": -1.62610411644,
        "var": 2.95692753792
    },
    "melbands_skewness": {
        "dmean": 0.432609379292,
        "dmean2": 0.644196867943,
        "dvar": 0.14082030952,
        "dvar2": 0.318666219711,
        "max": 4.47260093689,
        "mean": 0.589639425278,
        "median": 0.490581482649,
        "min": -1.11610281467,
        "var": 0.440366089344
    },
    "melbands_spread": {
        "dmean": 12.3516197205,
        "dmean2": 20.0865688324,
        "dvar": 91.5951309204,
        "dvar2": 229.57460022,
        "max": 145.316390991,
        "mean": 54.8278427124,
        "median": 52.9762802124,
        "min": 13.8654718399,
        "var": 303.682159424
    },
    "pitch_salience": {
        "dmean": 0.0653460398316,
        "dmean2": 0.103675544262,
        "dvar": 0.0028898564633,
        "dvar2": 0.00674405228347,
        "max": 0.830375552177,
        "mean": 0.543332517147,
        "median": 0.536237776279,
        "min": 0.254633098841,
        "var": 0.00890387967229
    },
    "silence_rate_20dB": {
        "dmean": 0,
        "dmean2": 0,
        "dvar": 0,
        "dvar2": 0,
        "max": 1,
        "mean": 1,
        "median": 1,
        "min": 1,
        "var": 0
    },
    "silence_rate_30dB": {
        "dmean": 0,
        "dmean2": 0,
        "dvar": 0,
        "dvar2": 0,
        "max": 1,
        "mean": 1,
        "median": 1,
        "min": 1,
        "var": 0
    },
    "silence_rate_60dB": {
        "dmean": 0.0174672491848,
        "dmean2": 0.0349854230881,
        "dvar": 0.0171622093767,
        "dvar2": 0.0366769805551,
        "max": 1,
        "mean": 0.123546510935,
        "median": 0,
        "min": 0,
        "var": 0.10828255862
    },
    "spectral_centroid": {
        "dmean": 275.233825684,
        "dmean2": 403.042144775,
        "dvar": 168412.8125,
        "dvar2": 201790.140625,
        "max": 11327.9326172,
        "mean": 3006.59570312,
        "median": 2991.22314453,
        "min": 1201.79541016,
        "var": 420581.03125
    },
    "spectral_complexity": {
        "dmean": 2.40756917,
        "dmean2": 3.52186584473,
        "dvar": 4.00564432144,
        "dvar2": 8.20870494843,
        "max": 30,
        "mean": 14.7093019485,
        "median": 15,
        "min": 0,
        "var": 32.4300460815
    },
    "spectral_crest": {
        "dmean": 2.54322576523,
        "dmean2": 4.32527923584,
        "dvar": 4.11415243149,
        "dvar2": 11.7764472961,
        "max": 22.1197109222,
        "mean": 8.28820705414,
        "median": 7.74581718445,
        "min": 3.26981854439,
        "var": 8.25781536102
    },
    "spectral_decrease": {
        "dmean": 7.23414661508e-10,
        "dmean2": 1.16309151199e-09,
        "dvar": 5.95916474618e-19,
        "dvar2": 1.52317410227e-18,
        "max": 7.2598579255e-29,
        "mean": -2.4333282056e-09,
        "median": -2.22133134109e-09,
        "min": -9.30131616173e-09,
        "var": 2.72177948937e-18
    },
    "spectral_energy": {
        "dmean": 0.00325931771658,
        "dmean2": 0.0052427072078,
        "dvar": 1.17305089589e-05,
        "dvar2": 3.00842802972e-05,
        "max": 0.0394476912916,
        "mean": 0.0115912072361,
        "median": 0.0106783555821,
        "min": 1.05886420861e-20,
        "var": 5.94322409597e-05
    },
    "spectral_energyband_high": {
        "dmean": 0.000717494927812,
        "dmean2": 0.00107058743015,
        "dvar": 1.09025984329e-06,
        "dvar2": 2.47940351983e-06,
        "max": 0.0164230018854,
        "mean": 0.00247671152465,
        "median": 0.00211427733302,
        "min": 7.42931297812e-21,
        "var": 3.96269115299e-06
    },
    "spectral_energyband_low": {
        "dmean": 4.66089113615e-05,
        "dmean2": 4.75848210044e-05,
        "dvar": 1.16450520338e-08,
        "dvar2": 1.27229986546e-08,
        "max": 0.00124155799858,
        "mean": 6.9920795795e-05,
        "median": 7.30279316485e-06,
        "min": 2.66916451536e-23,
        "var": 3.32110587919e-08
    },
    "spectral_energyband_middle_high": {
        "dmean": 0.00265003391542,
        "dmean2": 0.00461912481114,
        "dvar": 7.70217138779e-06,
        "dvar2": 2.38425309362e-05,
        "max": 0.0285914689302,
        "mean": 0.00650202529505,
        "median": 0.0054141599685,
        "min": 1.38526580091e-21,
        "var": 2.48337946687e-05
    },
    "spectral_energyband_middle_low": {
        "dmean": 0.00117863959167,
        "dmean2": 0.00141808344051,
        "dvar": 3.69170470549e-06,
        "dvar2": 5.23416474607e-06,
        "max": 0.0288647469133,
        "mean": 0.00262965844013,
        "median": 0.00178405852057,
        "min": 3.06321151846e-22,
        "var": 9.68804306467e-06
    },
    "spectral_flatness_db": {
        "dmean": 0.0207330994308,
        "dmean2": 0.032210867852,
        "dvar": 0.000231099460507,
        "dvar2": 0.000576098274905,
        "max": 0.276055186987,
        "mean": 0.178164571524,
        "median": 0.180459946394,
        "min": 0.0490729138255,
        "var": 0.00139499269426
    },
    "spectral_flux": {
        "dmean": 0.0124401431531,
        "dmean2": 0.0198996458203,
        "dvar": 0.000129993321025,
        "dvar2": 0.000313224241836,
        "max": 0.131041750312,
        "mean": 0.0533142574131,
        "median": 0.0522779226303,
        "min": 6.94663909728e-11,
        "var": 0.000558645580895
    },
    "spectral_kurtosis": {
        "dmean": 1.75006401539,
        "dmean2": 3.04768753052,
        "dvar": 1.97678494453,
        "dvar2": 6.08431959152,
        "max": 12.7883844376,
        "mean": 3.60192203522,
        "median": 3.31817817688,
        "min": -1.19584608078,
        "var": 2.98972868919
    },
    "spectral_rms": {
        "dmean": 0.000453838409157,
        "dmean2": 0.000708650040906,
        "dvar": 1.61903216167e-07,
        "dvar2": 3.93882174876e-07,
        "max": 0.00620367238298,
        "mean": 0.00312365032732,
        "median": 0.00322767742909,
        "min": 3.21409131948e-12,
        "var": 1.55128748247e-06
    },
    "spectral_rolloff": {
        "dmean": 388.662567139,
        "dmean2": 659.304016113,
        "dvar": 720566.5,
        "dvar2": 1331896.5,
        "max": 19358.3496094,
        "mean": 4261.88623047,
        "median": 4198.97460938,
        "min": 925.927734375,
        "var": 2166620.75
    },
    "spectral_skewness": {
        "dmean": 0.223104730248,
        "dmean2": 0.384852737188,
        "dvar": 0.033615861088,
        "dvar2": 0.093748010695,
        "max": 1.83681762218,
        "mean": 0.770833730698,
        "median": 0.745549559593,
        "min": -0.0457930155098,
        "var": 0.0540546253324
    },
    "spectral_spread": {
        "dmean": 333690.75,
        "dmean2": 513943.96875,
        "dvar": 3.15526191514e+12,
        "dvar2": 4.67128025088e+12,
        "max": 42653080,
        "mean": 3261999.25,
        "median": 3042228.5,
        "min": 2224521.5,
        "var": 6.53448917811e+12
    },
    "spectral_strongpeak": {
        "dmean": 1.3364995718,
        "dmean2": 2.32612609863,
        "dvar": 2.24912905693,
        "dvar2": 6.07292604446,
        "max": 15.111787796,
        "mean": 2.43315076828,
        "median": 2.12195611,
        "min": 0,
        "var": 3.82597923279
    },
    "zerocrossingrate": {
        "dmean": 0.0119767505676,
        "dmean2": 0.0148655306548,
        "dvar": 0.000408002262702,
        "dvar2": 0.000748780032154,
        "max": 0.50146484375,
        "mean": 0.125247687101,
        "median": 0.1220703125,
        "min": 0.05322265625,
        "var": 0.00169689219911
    },
    "barkbands": {
        "dmean": [6.43399346245e-07, 3.68996961697e-06, 8.30157659948e-06, 5.87470676692e-05, 3.6752619053e-05, 0.000213427745621, 0.000518761924468, 0.000470386061352, 0.000134683403303, 0.000106112136564, 0.00036776351044, 0.000118128824397, 0.00131752842572, 0.000407617044402, 0.00076995708514, 0.00025583198294, 0.00090418959735, 0.000190262013348, 0.000287011062028, 0.000467903882964, 0.00044847940444, 6.60709192744e-05, 1.99352853087e-05, 1.48192057168e-05, 1.42530836911e-06, 8.27044971174e-07, 2.16719051593e-08],
        "dmean2": [1.10537087039e-06, 5.57410476176e-06, 9.05151046027e-06, 5.95115161559e-05, 5.30408906343e-05, 0.000273714424111, 0.000613175507169, 0.0006153145805, 0.000177557260031, 0.000158234892297, 0.000527781900018, 0.000191255006939, 0.00241546495818, 0.000689036562108, 0.00138740462717, 0.000427745835623, 0.00158843374811, 0.000324903579894, 0.000478721922264, 0.000706721912138, 0.000661462312564, 8.95102566574e-05, 2.85520782199e-05, 2.0355302695e-05, 2.01182183446e-06, 1.15462921713e-06, 3.26783826665e-08],
        "dvar": [5.50167387776e-13, 3.94786044133e-11, 3.40466516091e-10, 1.9884492275e-08, 2.57246179913e-09, 1.18771140478e-07, 5.21789900176e-07, 3.43011697623e-06, 2.12402170519e-07, 3.91614491946e-08, 4.7154458116e-07, 2.38959643184e-07, 5.02219381815e-06, 1.23306119804e-06, 1.87823468423e-06, 1.32145873977e-06, 1.13780833999e-06, 8.91550442361e-08, 2.71406889851e-07, 4.46588956038e-07, 5.67198924273e-07, 7.22246307205e-09, 8.76420380713e-10, 4.54452780962e-10, 1.12508804356e-11, 1.39495348866e-12, 4.11753091814e-15],
        "dvar2": [1.4612792313e-12, 8.42775432774e-11, 4.56878979094e-10, 2.28161614046e-08, 4.93699259252e-09, 1.82904045687e-07, 6.7371172463e-07, 4.92564004162e-06, 2.90317132112e-07, 8.64959091018e-08, 8.92625507731e-07, 5.85392683661e-07, 1.74135930138e-05, 3.51277799382e-06, 6.22607467449e-06, 3.60168223779e-06, 3.14061117024e-06, 2.67251238029e-07, 8.3288841779e-07, 1.12344037007e-06, 1.27296755181e-06, 1.39701237245e-08, 1.49870660326e-09, 8.17838685663e-10, 1.93888342881e-11, 2.43394822526e-12, 8.56298132445e-15],
        "max": [6.93379297445e-06, 7.11568281986e-05, 0.000232068123296, 0.00155683758203, 0.000500218360685, 0.00599356740713, 0.0124828778207, 0.0280463322997, 0.00630750041455, 0.00232754321769, 0.00845467019826, 0.00564312096685, 0.0161266215146, 0.00997281912714, 0.0184950716794, 0.0172339584678, 0.010520324111, 0.0026171784848, 0.00887108314782, 0.00928921438754, 0.010471845977, 0.00135400297586, 0.00064301257953, 0.000305396475596, 7.41637413739e-05, 2.11571677937e-05, 1.25957956243e-06],
        "mean": [6.8838221523e-07, 5.30638180862e-06, 1.21754565043e-05, 8.4144056018e-05, 7.34708519303e-05, 0.00049865222536, 0.00103448936716, 0.000665166589897, 0.000199360787519, 0.000152595574036, 0.000446164340246, 0.000119525691844, 0.00133162911516, 0.000455430563306, 0.000996328424662, 0.0003596569004, 0.00139517791104, 0.00033519702265, 0.000627954781521, 0.00139089336153, 0.00107050000224, 0.000220358429942, 6.59431752865e-05, 4.43487406301e-05, 3.42249677487e-06, 2.60096271631e-06, 2.9870030005e-08],
        "median": [4.51713503935e-07, 2.07683297049e-06, 1.24820940073e-06, 2.88141200144e-06, 4.01054567192e-05, 0.000204519368708, 0.000504636554979, 6.42150007479e-06, 9.56809526542e-06, 2.9733433621e-05, 0.000141502809129, 1.19234900922e-05, 0.000279041880276, 3.62257815141e-05, 0.000284373527393, 9.11060851649e-05, 0.000916360877454, 0.00018114791601, 0.000464467098936, 0.00115527678281, 0.000533660117071, 0.000143867437146, 5.00260503031e-05, 2.80198437395e-05, 1.90778223441e-06, 1.66051722772e-06, 1.46688550196e-09],
        "min": [9.90839904761e-24, 2.68786998514e-24, 6.07103723898e-24, 5.53447692821e-24, 3.97442008002e-23, 3.18317334388e-23, 1.95485853874e-23, 5.39144903081e-23, 4.78767666651e-23, 6.30167713293e-23, 8.23983580185e-23, 3.79878619482e-23, 4.52123037607e-23, 6.06317482011e-23, 7.24747402663e-23, 1.1328099397e-22, 1.04769645497e-22, 1.58746342221e-22, 2.24299888273e-22, 3.06030472379e-22, 2.89795916898e-22, 3.56622734939e-22, 5.43659257429e-22, 9.082767253e-22, 1.17249701434e-21, 1.50116691118e-21, 2.19067011643e-21],
        "var": [6.93962736668e-13, 8.94119084327e-11, 9.19875564609e-10, 5.45510836503e-08, 6.79500677947e-09, 4.81689141907e-07, 1.97000872504e-06, 7.74860291131e-06, 5.01854572121e-07, 7.4780054149e-08, 7.78797868861e-07, 2.18587487666e-07, 5.56089571546e-06, 1.68056362781e-06, 3.41379109159e-06, 1.60877345934e-06, 2.30135674428e-06, 1.66173151683e-07, 5.18261060733e-07, 1.46396280343e-06, 1.77560423253e-06, 4.32994582411e-08, 4.2277363832e-09, 2.19143148072e-09, 4.1129568501e-11, 8.3731485287e-12, 1.06961474047e-14]
    },
    "erbbands": {
        "dmean": [0.000184919976164, 0.000614894554019, 0.00730398111045, 0.123547807336, 0.0870118588209, 0.123639732599, 1.32476866245, 1.37475991249, 4.16019058228, 7.37933778763, 13.4401493073, 4.05879163742, 3.43821597099, 11.0820589066, 7.04862976074, 6.95956277847, 53.1966362, 36.0721931458, 30.1816425323, 24.3024616241, 31.3207168579, 30.8414974213, 11.6407785416, 19.2446231842, 9.25466632843, 19.6860313416, 18.9000759125, 12.4458580017, 2.87347817421, 1.25227916241, 0.604806423187, 0.381385117769, 0.176028415561, 0.0317315086722, 0.00841533113271, 0.00513032730669, 0.00129224662669, 9.7745025414e-05, 4.4142598199e-06, 4.62172374682e-06],
        "dmean2": [0.000292002368951, 0.0008819468203, 0.00779894646257, 0.123174786568, 0.0992236658931, 0.174006462097, 1.64793467522, 1.88760817051, 4.93540763855, 8.66756629944, 17.5676612854, 5.18460893631, 4.80882930756, 15.9539337158, 10.3471221924, 11.5258665085, 97.4227828979, 63.6838912964, 55.1021842957, 42.8951339722, 53.8324699402, 53.5127449036, 20.138753891, 31.5134010315, 14.975479126, 29.9510040283, 28.2085037231, 18.7591571808, 4.02593946457, 1.77603757381, 0.855047821999, 0.548622786999, 0.243340760469, 0.0436379946768, 0.0115750702098, 0.00739327166229, 0.00170314020943, 0.000134484856972, 5.99271243118e-06, 7.26774123905e-06],
        "dvar": [8.1240116856e-08, 1.22980827655e-06, 0.000246427196544, 0.0919227600098, 0.0304262973368, 0.0247747506946, 6.67613172531, 3.43843531609, 29.5803394318, 88.1963882446, 2607.89477539, 136.451858521, 37.6872596741, 498.195556641, 295.158874512, 622.826477051, 7660.48388672, 3651.64916992, 4997.67919922, 1656.99121094, 2267.96435547, 2065.62670898, 308.467529297, 1670.26586914, 133.803482056, 798.79119873, 735.058654785, 720.388122559, 16.3477096558, 2.91554784775, 1.36220347881, 0.254460304976, 0.0688010826707, 0.00373446964659, 0.000405703409342, 5.1808936405e-05, 5.18384331372e-06, 6.15551130068e-08, 4.440349477e-11, 2.32055832883e-11],
        "dvar2": [1.87049252531e-07, 2.44007514993e-06, 0.000301241583657, 0.101864293218, 0.0434394665062, 0.0492571517825, 10.0911245346, 5.71395778656, 48.7195625305, 101.492744446, 3746.45361328, 177.189712524, 76.972442627, 907.583007812, 667.521484375, 1524.48364258, 26454.8828125, 11200.7373047, 17344.4589844, 4545.31103516, 5972.86328125, 6198.48242188, 958.990539551, 5275.34716797, 380.072906494, 1981.55810547, 1609.83569336, 1705.11328125, 30.570941925, 5.66406154633, 2.11914300919, 0.473411619663, 0.108733676374, 0.00605422258377, 0.000737428257708, 0.000104986065708, 8.28366046335e-06, 1.20394915371e-07, 7.76768163679e-11, 5.67031178955e-11],
        "max": [0.00313984765671, 0.0133911734447, 0.188874766231, 3.34805583954, 1.85900139809, 1.89561629295, 48.6075897217, 23.2873287201, 80.1346817017, 171.439056396, 771.27545166, 177.271896362, 72.2343597412, 288.685516357, 333.038665771, 290.588378906, 674.431274414, 528.63861084, 724.389404297, 708.638122559, 545.303894043, 462.370666504, 200.1068573, 678.882202148, 139.343536377, 357.43170166, 308.480773926, 542.117919922, 62.6667900085, 33.4985809326, 25.5871963501, 7.88268947601, 4.54330635071, 1.33167147636, 0.48659196496, 0.142846122384, 0.0390193872154, 0.00554839149117, 0.000162149211974, 6.0184931499e-05],
        "mean": [0.000248910713708, 0.000985421705991, 0.0108655029908, 0.178617715836, 0.138359382749, 0.264992028475, 2.60076165199, 3.24449014664, 9.3924741745, 14.2189397812, 19.0886993408, 6.20428276062, 5.19653844833, 14.0401229858, 8.75267314911, 7.27587175369, 54.3599586487, 41.0074005127, 38.3092918396, 34.509349823, 51.4871177673, 47.9886627197, 20.4171466827, 40.9721870422, 26.5869426727, 58.3258094788, 54.4172973633, 32.3076019287, 9.67128372192, 3.98178124428, 1.97241473198, 1.20369064808, 0.494748055935, 0.0794922858477, 0.0219839252532, 0.0157255828381, 0.00382953789085, 0.000232111298828, 1.72111995198e-05, 1.80471670319e-05],
        "median": [0.000111791072413, 0.000348322093487, 0.00118543463759, 0.00744987372309, 0.0283532589674, 0.183976054192, 1.43079376221, 1.34080648422, 5.2334985733, 7.34420871735, 0.895533680916, 0.358559846878, 0.801151812077, 4.40247535706, 3.07962465286, 1.98313832283, 14.6076431274, 15.1215658188, 13.6587677002, 14.3462867737, 29.8614959717, 29.6205596924, 13.2159671783, 29.4650859833, 23.3674659729, 46.4315338135, 38.8699569702, 17.771194458, 6.36847257614, 2.85221338272, 1.40107655525, 0.866157889366, 0.285004466772, 0.0381243303418, 0.0143657345325, 0.0112535040826, 0.00184220727533, 9.40062163863e-05, 1.41174768942e-05, 1.65987075889e-05],
        "min": [1.30175403199e-22, 8.25894706169e-22, 1.00066946757e-20, 1.55128385791e-20, 2.92115182096e-20, 7.1892418999e-20, 4.77354454373e-19, 1.39299748395e-19, 3.20730803916e-19, 5.63567922403e-19, 1.41288021753e-18, 9.39661149236e-19, 1.7772432478e-18, 2.00225374521e-18, 3.99724732618e-18, 1.5604627839e-18, 1.75466576657e-18, 3.57343761702e-18, 4.26678909186e-18, 6.04045416312e-18, 7.0396709723e-18, 6.41280041688e-18, 7.45636816895e-18, 9.91924384891e-18, 1.35969889412e-17, 1.40618040612e-17, 1.19166625166e-17, 1.12350450124e-17, 1.26390128758e-17, 1.42522954845e-17, 1.53932571363e-17, 1.54689937932e-17, 1.56903473251e-17, 1.11365641974e-17, 7.05049711215e-18, 5.08143378223e-18, 2.97952441875e-18, 9.66901654373e-19, 3.04881790735e-19, 3.21298824965e-20],
        "var": [1.62004283766e-07, 3.03255410472e-06, 0.000691134133376, 0.256085455418, 0.0872464627028, 0.0714987516403, 18.4376525879, 17.5859718323, 120.675010681, 344.559875488, 5873.66113281, 352.880187988, 91.0008544922, 853.625732422, 402.711029053, 565.401550293, 8480.07128906, 5014.60009766, 5487.80126953, 3732.17553711, 4247.97802734, 3383.15600586, 518.669189453, 2747.11181641, 402.913574219, 2565.00366211, 2434.00463867, 2252.01123047, 87.6678237915, 13.7597131729, 6.08132362366, 1.2063293457, 0.344193249941, 0.0167271886021, 0.00151590711903, 0.000250729353866, 3.13303644361e-05, 2.06530998526e-07, 2.32421915047e-10, 1.38829475693e-10]
    },
    "gfcc": {
        "mean": [-73.0679779053, 25.1111011505, -202.736373901, 41.1731185913, -83.328338623, -15.7217845917, -46.7351646423, -11.402056694, -18.9965248108, 13.7819271088, -4.7965760231, 2.92740249634, -2.52329897881],
        "cov": [[16122.8994141, 369.155944824, -1794.56555176, 360.077758789, -757.715454102, -226.711471558, -574.400817871, -225.864852905, -238.307296753, 143.639984131, 26.9772911072, 1.98737931252, -229.043914795], [369.155944824, 449.612548828, 66.5430450439, -6.5866765976, 12.9481468201, -47.7982978821, -58.752204895, -46.309463501, -7.94235086441, 40.1956176758, 59.3619155884, -21.6864299774, -33.9638748169], [-1794.56555176, 66.5430450439, 691.720825195, 111.234008789, 147.214065552, 72.544303894, 80.5187835693, 61.8512496948, -100.330329895, -198.380508423, -117.195480347, 50.5425758362, -8.00331783295], [360.077758789, -6.5866765976, 111.234008789, 230.719726562, 69.3978424072, 65.8913955688, 31.2515659332, 3.74503612518, -36.2328605652, -69.0091629028, -83.6384735107, -22.7345790863, -18.5928649902], [-757.715454102, 12.9481468201, 147.214065552, 69.3978424072, 225.936904907, 84.2347412109, 24.9667263031, -40.327167511, -9.79833030701, 24.8860645294, 37.8421363831, 8.60612678528, -31.1986618042], [-226.711471558, -47.7982978821, 72.544303894, 65.8913955688, 84.2347412109, 151.076156616, 101.755752563, 20.6069221497, -35.7774620056, -91.8223495483, -59.893901825, -12.9119682312, 0.209405511618], [-574.400817871, -58.752204895, 80.5187835693, 31.2515659332, 24.9667263031, 101.755752563, 195.885864258, 98.2155914307, 47.3264312744, -92.8069076538, -112.662483215, -74.6452560425, 30.2509632111], [-225.864852905, -46.309463501, 61.8512496948, 3.74503612518, -40.327167511, 20.6069221497, 98.2155914307, 123.246383667, 58.5186233521, -77.3363952637, -108.227584839, -50.4114875793, 27.1928424835], [-238.307296753, -7.94235086441, -100.330329895, -36.2328605652, -9.79833030701, -35.7774620056, 47.3264312744, 58.5186233521, 196.507049561, 115.43598938, 1.55479001999, -124.24432373, -8.33860111237], [143.639984131, 40.1956176758, -198.380508423, -69.0091629028, 24.8860645294, -91.8223495483, -92.8069076538, -77.3363952637, 115.43598938, 302.589813232, 211.145675659, -7.70345497131, -59.7483215332], [26.9772911072, 59.3619155884, -117.195480347, -83.6384735107, 37.8421363831, -59.893901825, -112.662483215, -108.227584839, 1.55479001999, 211.145675659, 268.912109375, 99.8553009033, -45.6881866455], [1.98737931252, -21.6864299774, 50.5425758362, -22.7345790863, 8.60612678528, -12.9119682312, -74.6452560425, -50.4114875793, -124.24432373, -7.70345497131, 99.8553009033, 198.965454102, 50.3373298645], [-229.043914795, -33.9638748169, -8.00331783295, -18.5928649902, -31.1986618042, 0.209405511618, 30.2509632111, 27.1928424835, -8.33860111237, -59.7483215332, -45.6881866455, 50.3373298645, 144.654464722]],
        "icov": [[0.000190763472347, -0.000290198688162, 0.000628060835879, -0.000587727350648, 0.000450528517831, -0.000227383730817, 0.000416810682509, -0.000322344189044, 0.000245600909693, -9.24917694647e-05, 0.000357834505849, -0.000371609814465, 0.000482338422444], [-0.000290198688162, 0.00325605995022, -0.00164490763564, 0.000738113943953, -0.000580915017053, 0.00109230435919, 5.40275977983e-05, 0.000511562102474, 0.000781880284194, 0.000643058971036, -0.00265817926265, 0.00336422328837, -0.00162504869513], [0.000628060835879, -0.00164490763564, 0.00519989198074, -0.00228102016263, -0.00153918331489, 0.00184844364412, 2.21312420763e-05, -0.00273023825139, 0.00105983612593, 0.00165966397617, 0.0018652593717, -0.00329895853065, 0.00326044857502], [-0.000587727350648, 0.000738113943953, -0.00228102016263, 0.00818568281829, -0.00260912859812, -0.00115860451479, -0.000626797089353, 0.00194425927475, -6.60075529595e-05, -0.00133989297319, 0.00288160867058, 0.00046737206867, -0.000436568370787], [0.000450528517831, -0.000580915017053, -0.00153918331489, -0.00260912859812, 0.0117171024904, -0.00794139131904, 0.00139820913319, 0.00485920347273, -0.00293709035031, -0.00255343341269, 0.00056195067009, -0.00171976967249, 0.00104115449358], [-0.000227383730817, 0.00109230435919, 0.00184844364412, -0.00115860451479, -0.00794139131904, 0.0216959640384, -0.0117245987058, 0.00232963566668, 0.00269337277859, 0.0060767843388, -0.00221253326163, -4.13868256146e-05, 0.00210038549267], [0.000416810682509, 5.40275977983e-05, 2.21312420763e-05, -0.000626797089353, 0.00139820913319, -0.0117245987058, 0.019342854619, -0.0119147310033, 0.00172902829945, -0.000964695413131, -0.00209178333171, 0.00647181505337, -0.00410499563441], [-0.000322344189044, 0.000511562102474, -0.00273023825139, 0.00194425927475, 0.00485920347273, 0.00232963566668, -0.0119147310033, 0.0342956222594, -0.0195625945926, 0.0061884415336, 0.00885811354965, -0.0126605220139, 0.00542965484783], [0.000245600909693, 0.000781880284194, 0.00105983612593, -6.60075529595e-05, -0.00293709035031, 0.00269337277859, 0.00172902829945, -0.0195625945926, 0.030709028244, -0.0126645928249, -0.0044790119864, 0.0187860019505, -0.00811152625829], [-9.24917694647e-05, 0.000643058971036, 0.00165966397617, -0.00133989297319, -0.00255343341269, 0.0060767843388, -0.000964695413131, 0.0061884415336, -0.0126645928249, 0.0206902436912, -0.0113365268335, -0.000962979858741, 0.00297344941646], [0.000357834505849, -0.00265817926265, 0.0018652593717, 0.00288160867058, 0.00056195067009, -0.00221253326163, -0.00209178333171, 0.00885811354965, -0.0044790119864, -0.0113365268335, 0.024591313675, -0.0167385190725, 0.00796378962696], [-0.000371609814465, 0.00336422328837, -0.00329895853065, 0.00046737206867, -0.00171976967249, -4.13868256146e-05, 0.00647181505337, -0.0126605220139, 0.0187860019505, -0.000962979858741, -0.0167385190725, 0.0292252656072, -0.0140367355198], [0.000482338422444, -0.00162504869513, 0.00326044857502, -0.000436568370787, 0.00104115449358, 0.00210038549267, -0.00410499563441, 0.00542965484783, -0.00811152625829, 0.00297344941646, 0.00796378962696, -0.0140367355198, 0.0156391914934]]
    },
    "melbands": {
        "dmean": [1.2755942862e-06, 2.13972111851e-06, 2.0087851226e-05, 4.78813080917e-06, 3.53527102561e-05, 3.51807648258e-05, 8.37993793539e-05, 7.52051273594e-05, 0.000104958169686, 1.98702455236e-05, 1.71093506651e-05, 4.1705530748e-05, 3.09251954604e-05, 1.54994049808e-05, 1.51342992467e-05, 0.000180922841537, 5.40106811968e-05, 3.81886638934e-05, 6.54215473332e-05, 2.05539326998e-05, 4.86137359985e-05, 4.2592495447e-05, 1.42622020576e-05, 1.02227259049e-05, 1.80045226443e-05, 6.28148063697e-06, 8.86201905814e-06, 1.807478111e-05, 1.19258947961e-05, 1.82599978871e-05, 4.23021174356e-06, 1.98798215933e-06, 8.2107817434e-07, 6.08579171057e-07, 3.74191046149e-07, 2.98503522345e-07, 2.54178814885e-07, 1.64872261621e-07, 7.65537535585e-08, 1.59177275805e-08],
        "dmean2": [1.96834525923e-06, 2.41619977714e-06, 2.04052012123e-05, 6.52255903333e-06, 4.46398007625e-05, 4.66438395961e-05, 9.92181740003e-05, 8.94717886695e-05, 0.000138059971505, 2.50529283221e-05, 2.400428275e-05, 6.02649997745e-05, 4.44916695415e-05, 2.45993633143e-05, 2.46654672083e-05, 0.000331168208504, 9.27255823626e-05, 6.93893671269e-05, 0.000116394418001, 3.50662703568e-05, 8.40083012008e-05, 7.49970349716e-05, 2.44043640123e-05, 1.7384363673e-05, 2.93382418022e-05, 9.5646837508e-06, 1.43760880746e-05, 2.69931242656e-05, 1.75518962351e-05, 2.73008954537e-05, 6.35025571682e-06, 2.9278241982e-06, 1.11657584512e-06, 8.94587174116e-07, 5.48617379081e-07, 4.26297503964e-07, 3.74821155447e-07, 2.3395186588e-07, 1.09447704233e-07, 2.44819897688e-08],
        "dvar": [4.24835817567e-12, 1.75403875452e-11, 2.28428831406e-09, 3.58931634414e-11, 4.50864146018e-09, 2.45288278578e-09, 1.28076411698e-08, 9.30473031957e-09, 1.56731928769e-07, 4.58357218847e-09, 9.848168947e-10, 6.78481404393e-09, 3.57765372883e-09, 2.97901880941e-09, 1.35666844425e-09, 9.6107214631e-08, 1.75862897578e-08, 1.08288480405e-08, 1.04822390767e-08, 1.08202575788e-08, 4.02796107579e-09, 3.22325721669e-09, 1.24656829303e-09, 3.5901340234e-10, 1.50848034064e-09, 1.02732648777e-10, 1.84539619696e-10, 7.55535911612e-10, 2.77423972683e-10, 1.07523290271e-09, 1.08811390453e-10, 8.78308883956e-12, 1.06070729457e-12, 6.05968942559e-13, 3.78615948272e-13, 2.24891692725e-13, 1.57957455167e-13, 5.8954062335e-14, 2.50598881788e-14, 1.08102410487e-15],
        "dvar2": [9.23820048238e-12, 2.48916789958e-11, 2.63715982385e-09, 7.53481374516e-11, 6.89956669575e-09, 3.90247967275e-09, 1.8741646457e-08, 1.15024114677e-08, 2.2628941565e-07, 5.63987656577e-09, 2.03188332826e-09, 1.23691314968e-08, 7.31465288339e-09, 7.3322388161e-09, 3.25969917725e-09, 3.33579151857e-07, 5.06068822403e-08, 3.7171265177e-08, 3.09146734878e-08, 2.98143518762e-08, 1.04067856554e-08, 9.35133659397e-09, 3.73387099017e-09, 1.04779518395e-09, 4.72796601869e-09, 2.8049779166e-10, 5.41648781383e-10, 1.85846971146e-09, 6.32463970085e-10, 2.36726505065e-09, 2.43942560596e-10, 1.86815337505e-11, 1.68384566273e-12, 1.27226690554e-12, 6.53726855634e-13, 3.627300012e-13, 3.45733966629e-13, 1.05378081478e-13, 4.15120344241e-14, 2.30735459425e-15],
        "max": [2.2383452233e-05, 5.16867512488e-05, 0.000526959076524, 7.51404295443e-05, 0.00125289487187, 0.000694156915415, 0.00182572193444, 0.00151120941155, 0.00591595750302, 0.00121792498976, 0.000354317802703, 0.00105841970071, 0.000884645618498, 0.000588162394706, 0.000420637021307, 0.0022039716132, 0.0012096199207, 0.0010441505583, 0.00202010315843, 0.0015865090536, 0.000763966294471, 0.000546504801605, 0.000599120685365, 0.000194443549844, 0.000647052831482, 0.000142207514727, 0.000245084549533, 0.000344259635312, 0.000266582646873, 0.000359066267265, 0.000224319199333, 5.34585087735e-05, 2.17560827878e-05, 1.33619996632e-05, 1.31742772282e-05, 9.92760396912e-06, 6.05509694651e-06, 3.32126728608e-06, 2.91501737593e-06, 7.07882691131e-07],
        "mean": [1.80263020866e-06, 3.2951936646e-06, 2.91279629892e-05, 9.44785006141e-06, 6.91920722602e-05, 8.27210023999e-05, 0.00018049973005, 0.000140090720379, 0.000146071237396, 3.09087226924e-05, 2.38578340941e-05, 5.22432746948e-05, 3.84297163691e-05, 1.60385770869e-05, 1.79706294148e-05, 0.000177344714757, 6.13855881966e-05, 4.46194171673e-05, 8.66156842676e-05, 2.6538664315e-05, 7.77199165896e-05, 6.44532337901e-05, 2.08571582334e-05, 1.69379763975e-05, 3.66392632714e-05, 1.6327976482e-05, 2.05274045584e-05, 4.91120736115e-05, 3.3661712223e-05, 3.97291041736e-05, 1.13894548122e-05, 5.96651125306e-06, 2.55683676187e-06, 1.79261951416e-06, 1.11788790491e-06, 8.99470535387e-07, 6.82834013332e-07, 4.25304392593e-07, 1.6882700038e-07, 2.99941582682e-08],
        "median": [7.53214521865e-07, 5.26875624018e-07, 1.36373091664e-06, 5.16093587066e-06, 3.87062245863e-05, 2.99140774587e-05, 0.000100932345958, 7.20990283298e-05, 1.04977220872e-06, 1.77397078005e-06, 1.76977755473e-06, 1.68071492226e-05, 1.26638551592e-05, 1.69654788351e-06, 6.63992977934e-06, 3.1980805943e-05, 1.53761975525e-05, 1.12125926535e-05, 2.66430506599e-05, 4.18987565354e-06, 4.70837767352e-05, 4.03154044761e-05, 8.74322358868e-06, 7.43970485928e-06, 2.60503493337e-05, 1.20733475342e-05, 1.61088864843e-05, 3.5368873796e-05, 2.43772701651e-05, 1.54750596266e-05, 6.53345432511e-06, 3.78050481231e-06, 1.809170044e-06, 1.29058093989e-06, 8.15102566776e-07, 6.27811573395e-07, 4.46589609737e-07, 2.35028196016e-07, 6.15520150404e-08, 1.4967673323e-08],
        "min": [1.69735690545e-24, 4.72850760211e-24, 3.28881672856e-24, 4.71785206343e-24, 1.49143983339e-23, 3.65801191524e-24, 4.89651328125e-24, 6.81318416798e-24, 1.21862136122e-23, 6.03353084724e-24, 8.82960257186e-24, 7.55100261719e-24, 1.24758115502e-23, 6.64055300292e-24, 3.18165490497e-24, 5.3614655322e-24, 5.45559833187e-24, 7.00453579117e-24, 7.70905484385e-24, 8.83231152021e-24, 7.40380906088e-24, 6.45488512255e-24, 6.15715284527e-24, 6.97028581725e-24, 8.11105836115e-24, 8.5664866944e-24, 1.0146901676e-23, 7.6970862462e-24, 7.91063010438e-24, 5.91011237533e-24, 5.96241188119e-24, 6.52160106145e-24, 8.34803217708e-24, 7.87182524759e-24, 8.92172338179e-24, 7.4568489127e-24, 9.39138907666e-24, 1.10170381314e-23, 8.38720306533e-24, 9.71571030518e-24],
