{
"metadata": {
    "version": {
        "essentia": "2.0.1",
        "extractor": "archive-music 1.0"
    },
    "audio_properties": {
        "analysis_sample_rate": 44100,
        "bitrate": 64,
        "channels": 1,
        "equal_loudness": 0,
        "length": 15.6734695435,
        "replay_gain": -4.37454986572,
        "downmix": "mix"
    },
    "tags": {
        "track": 0,
        "year": 0,
        "album": "",
        "artist": "",
        "comment": "",
        "genre": "",
        "title": ""
    }
},
"highlevel": {
    "culture": {
        "all": {
            "non_western": 0.291630655527,
            "western": 0.708369374275
        },
        "probability": 0.708369374275,
        "value": "western"
    },
    "danceability": {
        "all": {
            "danceable": 0.0480985604227,
            "not_danceable": 0.951901435852
        },
        "probability": 0.951901435852,
        "value": "not_danceable"
    },
    "gender": {
        "all": {
            "female": 0.946495056152,
            "male": 0.0535049363971
        },
        "probability": 0.946495056152,
        "value": "female"
    },
    "genre_dortmund": {
        "all": {
            "alternative": 0.0180373173207,
            "blues": 0.452512085438,
            "electronic": 0.0101487049833,
            "folkcountry": 0.225700065494,
            "funksoulrnb": 0.0405014902353,
            "jazz": 0.166098847985,
            "pop": 0.0308060571551,
            "raphiphop": 0.0321421436965,
            "rock": 0.0240532997996
        },
        "probability": 0.452512085438,
        "value": "blues"
    },
    "genre_electronic": {
        "all": {
            "ambient": 0.962650001049,
            "dnb": 0.0168684870005,
            "house": 0.0118331173435,
            "techno": 0.00446254899725,
            "trance": 0.0041858558543
        },
        "probability": 0.962650001049,
        "value": "ambient"
    },
    "genre_rosamerica": {
        "all": {
            "cla": 0.926950156689,
            "dan": 0.00105761515442,
            "hip": 0.00416212761775,
            "jaz": 0.0132736507803,
            "pop": 0.00385085539892,
            "rhy": 0.0197503678501,
            "roc": 0.00189763354138,
            "spe": 0.0290575884283
        },
        "probability": 0.926950156689,
        "value": "cla"
    },
    "genre_tzanetakis": {
        "all": {
            "blu": 0.00759671442211,
            "cla": 0.571307241917,
            "cou": 0.00688800681382,
            "dis": 0.0137849003077,
            "hip": 0.0217016916722,
            "jaz": 0.0910351276398,
            "met": 0.00267079961486,
            "pop": 0.0158470384777,
            "reg": 0.260370612144,
            "roc": 0.00879786908627
        },
        "probability": 0.571307241917,
        "value": "cla"
    },
    "mirex_ballroom": {
        "all": {
            "ChaChaCha": 0.0103348065168,
            "Jive": 0.00454754801467,
            "Quickstep": 0.182494238019,
            "Rumba-American": 0.00257786898874,
            "Rumba-International": 0.00244593131356,
            "Rumba-Misc": 0.00181688554585,
            "Samba": 0.00412572361529,
            "Tango": 0.0188248362392,
            "VienneseWaltz": 0.311742872,
            "Waltz": 0.46108931303
        },
        "probability": 0.46108931303,
        "value": "Waltz"
    },
    "mood_acoustic": {
        "all": {
            "acoustic": 0.479055255651,
            "not_acoustic": 0.520944774151
        },
        "probability": 0.520944774151,
        "value": "not_acoustic"
    },
    "mood_aggressive": {
        "all": {
            "aggressive": 0.0690885707736,
            "not_aggressive": 0.930911421776
        },
        "probability": 0.930911421776,
        "value": "not_aggressive"
    },
    "mood_electronic": {
        "all": {
            "electronic": 0.00870260503143,
            "not_electronic": 0.99129742384
        },
        "probability": 0.99129742384,
        "value": "not_electronic"
    },
    "mood_happy": {
        "all": {
            "happy": 0.784087061882,
            "not_happy": 0.215912953019
        },
        "probability": 0.784087061882,
        "value": "happy"
    },
    "mood_party": {
        "all": {
            "not_party": 0.651573359966,
            "party": 0.348426640034
        },
        "probability": 0.651573359966,
        "value": "not_party"
    },
    "mood_relaxed": {
        "all": {
            "not_relaxed": 0.350202560425,
            "relaxed": 0.649797439575
        },
        "probability": 0.649797439575,
        "value": "relaxed"
    },
    "mood_sad": {
        "all": {
            "not_sad": 0.647285699844,
            "sad": 0.352714270353
        },
        "probability": 0.647285699844,
        "value": "not_sad"
    },
    "moods_mirex": {
        "all": {
            "Cluster1": 0.0784323662519,
            "Cluster2": 0.248950183392,
            "Cluster3": 0.214330106974,
            "Cluster4": 0.400546461344,
            "Cluster5": 0.0577408783138
        },
        "probability": 0.400546461344,
        "value": "Cluster4"
    },
    "timbre": {
        "all": {
            "bright": 0.733834922314,
            "dark": 0.266165107489
        },
        "probability": 0.733834922314,
        "value": "bright"
    },
    "tonal_atonal": {
        "all": {
            "atonal": 0.979724347591,
            "tonal": 0.0202756635845
        },
        "probability": 0.979724347591,
        "value": "atonal"
    },
    "voice_instrumental": {
        "all": {
            "instrumental": 0.268475562334,
            "voice": 0.731524467468
        },
        "probability": 0.731524467468,
        "value": "voice"
    }
},
"lowlevel": {
    "average_loudness": 0.76137638092,
    "barkbands_kurtosis": {
        "dmean": 2.08852458,
        "dmean2": 3.40647864342,
        "dvar": 28.4669361115,
        "dvar2": 63.9327583313,
        "max": 95.1366424561,
        "mean": 1.36115765572,
        "median": -0.478098511696,
        "min": -1.93433237076,
        "var": 46.4753761292
    },
    "barkbands_skewness": {
        "dmean": 0.597454488277,
        "dmean2": 0.95143866539,
        "dvar": 0.326144337654,
        "dvar2": 0.735839664936,
        "max": 7.57370996475,
        "mean": 0.692861139774,
        "median": 0.587280511856,
        "min": -3.04107356071,
        "var": 1.32419991493
    },
    "barkbands_spread": {
        "dmean": 4.4432349205,
        "dmean2": 7.06367492676,
        "dvar": 26.358379364,
        "dvar2": 59.3100662231,
        "max": 64.1122207642,
        "mean": 18.5404644012,
        "median": 15.2563076019,
        "min": 0.948801159859,
        "var": 131.678817749
    },
    "dissonance": {
        "dmean": 0.0228824298829,
        "dmean2": 0.0390288792551,
        "dvar": 0.000695488648489,
        "dvar2": 0.00198366353288,
        "max": 0.499413073063,
        "mean": 0.454970180988,
        "median": 0.469226241112,
        "min": 0.259025037289,
        "var": 0.001849658438
    },
    "dynamic_complexity": 7.53457021713,
    "erbbands_kurtosis": {
        "dmean": 1.29515755177,
        "dmean2": 2.05686616898,
        "dvar": 4.60901021957,
        "dvar2": 9.40882968903,
        "max": 38.3396072388,
        "mean": 0.502012550831,
        "median": -0.374514937401,
        "min": -1.84835779667,
        "var": 9.53235149384
    },
    "erbbands_skewness": {
        "dmean": 0.51223218441,
        "dmean2": 0.814515173435,
        "dvar": 0.204869672656,
        "dvar2": 0.444954574108,
        "max": 5.68318557739,
        "mean": -0.0204344652593,
        "median": -0.0232691206038,
        "min": -3.67777776718,
        "var": 1.20078706741
    },
    "erbbands_spread": {
        "dmean": 6.19546794891,
        "dmean2": 9.50601196289,
        "dvar": 38.0668106079,
        "dvar2": 94.3104400635,
        "max": 91.39112854,
        "mean": 26.2122840881,
        "median": 22.8084144592,
        "min": 3.58901119232,
        "var": 187.591964722
    },
    "hfc": {
        "dmean": 4.13745641708,
        "dmean2": 5.48755216599,
        "dvar": 46.2451896667,
        "dvar2": 84.8539123535,
        "max": 119.133041382,
        "mean": 14.4760341644,
        "median": 5.98013114929,
        "min": 1.15542957007e-16,
        "var": 370.242889404
    },
    "melbands_kurtosis": {
        "dmean": 3.82553648949,
        "dmean2": 6.25048542023,
        "dvar": 59.3552322388,
        "dvar2": 147.719985962,
        "max": 92.8890914917,
        "mean": 4.14050626755,
        "median": 1.37241458893,
        "min": -1.79965186119,
        "var": 89.5387420654
    },
    "melbands_skewness": {
        "dmean": 0.665397524834,
        "dmean2": 1.04685628414,
        "dvar": 0.391238927841,
        "dvar2": 0.94220495224,
        "max": 7.42276668549,
        "mean": 1.45925962925,
        "median": 1.28145122528,
        "min": -1.7028144598,
        "var": 1.3799380064
    },
    "melbands_spread": {
        "dmean": 9.36459636688,
        "dmean2": 14.9145870209,
        "dvar": 101.522789001,
        "dvar2": 208.614685059,
        "max": 137.050369263,
        "mean": 31.2363948822,
        "median": 25.8722934723,
        "min": 1.14341974258,
        "var": 476.977844238
    },
    "pitch_salience": {
        "dmean": 0.0896213129163,
        "dmean2": 0.146839186549,
        "dvar": 0.00540370028466,
        "dvar2": 0.0128272855654,
        "max": 0.985346853733,
        "mean": 0.578973472118,
        "median": 0.581362068653,
        "min": 0.193097963929,
        "var": 0.015460585244
    },
    "silence_rate_20dB": {
        "dmean": 0,
        "dmean2": 0,
        "dvar": 0,
        "dvar2": 0,
        "max": 1,
        "mean": 1,
        "median": 1,
        "min": 1,
        "var": 0
    },
    "silence_rate_30dB": {
        "dmean": 0,
        "dmean2": 0,
        "dvar": 0,
        "dvar2": 0,
        "max": 1,
        "mean": 1,
        "median": 1,
        "min": 1,
        "var": 0
    },
    "silence_rate_60dB": {
        "dmean": 0.0829629600048,
        "dmean2": 0.166172102094,
        "dvar": 0.0760798379779,
        "dvar2": 0.168231546879,
        "max": 1,
        "mean": 0.411242604256,
        "median": 0,
        "min": 0,
        "var": 0.242121830583
    },
    "spectral_centroid": {
        "dmean": 303.296447754,
        "dmean2": 454.606628418,
        "dvar": 208621.921875,
        "dvar2": 259233.59375,
        "max": 11009.7236328,
        "mean": 2045.11779785,
        "median": 2156.46240234,
        "min": 311.291564941,
        "var": 792272.75
    },
    "spectral_complexity": {
        "dmean": 2.16296291351,
        "dmean2": 3.0415430069,
        "dvar": 5.51718521118,
        "dvar2": 9.49680042267,
        "max": 36,
        "mean": 11.4955625534,
        "median": 11,
        "min": 0,
        "var": 77.82396698
    },
    "spectral_crest": {
        "dmean": 3.24518632889,
        "dmean2": 5.38421678543,
        "dvar": 7.2416768074,
        "dvar2": 17.8290367126,
        "max": 24.4130325317,
        "mean": 11.2617464066,
        "median": 10.2897720337,
        "min": 3.20290613174,
        "var": 19.9543209076
    },
    "spectral_decrease": {
        "dmean": 7.39771466307e-10,
        "dmean2": 1.06094499852e-09,
        "dvar": 1.52310544628e-18,
        "dvar2": 3.33527039838e-18,
        "max": 1.67372219593e-29,
        "mean": -2.09026951303e-09,
        "median": -1.06124609101e-09,
        "min": -2.1077118717e-08,
        "var": 7.66841757334e-18
    },
    "spectral_energy": {
        "dmean": 0.00313154282048,
        "dmean2": 0.00444887392223,
        "dvar": 2.72789657174e-05,
        "dvar2": 5.84468107263e-05,
        "max": 0.0894075632095,
        "mean": 0.00920217018574,
        "median": 0.00467082578689,
        "min": 1.05035030675e-20,
        "var": 0.000147277358337
    },
    "spectral_energyband_high": {
        "dmean": 9.25147032831e-05,
        "dmean2": 0.00013092480367,
        "dvar": 4.06274551779e-08,
        "dvar2": 9.21112146557e-08,
        "max": 0.00299220602028,
        "mean": 0.000197114146431,
        "median": 3.13305208692e-05,
        "min": 7.68063128929e-21,
        "var": 1.45696859022e-07
    },
    "spectral_energyband_low": {
        "dmean": 9.84308485386e-07,
        "dmean2": 1.68094413766e-06,
        "dvar": 3.03762375496e-12,
        "dvar2": 7.6918948641e-12,
        "max": 3.08813541778e-05,
        "mean": 1.40699523854e-06,
        "median": 1.01248122064e-06,
        "min": 8.96053786268e-23,
        "var": 3.90211994661e-12
    },
    "spectral_energyband_middle_high": {
        "dmean": 0.00236255954951,
        "dmean2": 0.00323241902515,
        "dvar": 2.57299543591e-05,
        "dvar2": 5.43627429579e-05,
        "max": 0.0879547744989,
        "mean": 0.00670164637268,
        "median": 0.0019109454006,
        "min": 1.38291845378e-21,
        "var": 0.000130589483888
    },
    "spectral_energyband_middle_low": {
        "dmean": 0.00125269428827,
        "dmean2": 0.00198309705593,
        "dvar": 3.49745118911e-06,
        "dvar2": 9.4380156952e-06,
        "max": 0.0190499834716,
        "mean": 0.00236066197976,
        "median": 0.00132399331778,
        "min": 1.71865263158e-22,
        "var": 8.40119082568e-06
    },
    "spectral_flatness_db": {
        "dmean": 0.0255281124264,
        "dmean2": 0.0392205938697,
        "dvar": 0.000574972655158,
        "dvar2": 0.00112936401274,
        "max": 0.374479502439,
        "mean": 0.231627061963,
        "median": 0.238734185696,
        "min": 0.0304027702659,
        "var": 0.00308851758018
    },
    "spectral_flux": {
        "dmean": 0.0128347054124,
        "dmean2": 0.018933262676,
        "dvar": 0.000180594142876,
        "dvar2": 0.000389615190215,
        "max": 0.210688754916,
        "mean": 0.0474246144295,
        "median": 0.0414064489305,
        "min": 1.02486602538e-10,
        "var": 0.00130665616598
    },
    "spectral_kurtosis": {
        "dmean": 4.64688444138,
        "dmean2": 8.11141109467,
        "dvar": 17.3962078094,
        "dvar2": 52.1902198792,
        "max": 34.8198623657,
        "mean": 9.50305938721,
        "median": 8.37904548645,
        "min": -1.23643410206,
        "var": 33.0688934326
    },
    "spectral_rms": {
        "dmean": 0.00045980286086,
        "dmean2": 0.000609833165072,
        "dvar": 2.48562287197e-07,
        "dvar2": 4.54546778883e-07,
        "max": 0.00933953374624,
        "mean": 0.00241296668537,
        "median": 0.00213468866423,
        "min": 3.2011435603e-12,
        "var": 3.15531019623e-06
    },
    "spectral_rolloff": {
        "dmean": 498.964019775,
        "dmean2": 853.596801758,
        "dvar": 971208.625,
        "dvar2": 1763798.75,
        "max": 18820.0195312,
        "mean": 2528.17871094,
        "median": 2583.984375,
        "min": 86.1328125,
        "var": 3051435.75
    },
    "spectral_skewness": {
        "dmean": 0.449363470078,
        "dmean2": 0.752174556255,
        "dvar": 0.138764485717,
        "dvar2": 0.426044225693,
        "max": 4.39694595337,
        "mean": 1.31453371048,
        "median": 1.27747392654,
        "min": -0.363227814436,
        "var": 0.527780711651
    },
    "spectral_spread": {
        "dmean": 388213.9375,
        "dmean2": 495682.09375,
        "dvar": 3.27864968806e+12,
        "dvar2": 3.01302782362e+12,
        "max": 41637072,
        "mean": 2482246,
        "median": 2081333.625,
        "min": 1161534.375,
        "var": 5.85369020006e+12
    },
    "spectral_strongpeak": {
        "dmean": 0.813461303711,
        "dmean2": 1.31090867519,
        "dvar": 1.63359487057,
        "dvar2": 3.75544834137,
        "max": 11.6097145081,
        "mean": 1.53141593933,
        "median": 0.679433643818,
        "min": 0,
        "var": 3.9985730648
    },
    "zerocrossingrate": {
        "dmean": 0.010046296753,
        "dmean2": 0.0132937105373,
        "dvar": 0.000668260559905,
        "dvar2": 0.0013228058815,
        "max": 0.51953125,
        "mean": 0.0774113610387,
        "median": 0.073974609375,
        "min": 0.01220703125,
        "var": 0.00206891610287
    },
    "barkbands": {
        "dmean": [1.07394448889e-07, 6.97840675912e-07, 1.29592550024e-07, 2.41471093432e-06, 0.000161612711963, 3.56848358933e-05, 0.000452023581602, 0.000433810142567, 0.000485407741508, 0.000411940069171, 0.00107563543133, 0.000233569604461, 0.000245883624302, 0.000189627782675, 0.000544173526578, 0.000287519505946, 0.00027593379491, 0.000217860258999, 0.000275896571111, 0.000180586488568, 1.33430939968e-05, 1.06357310869e-06, 4.5620089395e-07, 3.6773221268e-07, 3.16841038739e-07, 9.19975633451e-08, 7.52092521594e-09],
        "dmean2": [1.83401738241e-07, 1.18868115351e-06, 2.33492045254e-07, 3.60006220035e-06, 0.000266445887974, 5.58235078643e-05, 0.000730047526304, 0.000693372450769, 0.000778152432758, 0.000670602137689, 0.0015331255272, 0.000371639733203, 0.00037770968629, 0.000305167341139, 0.00083363102749, 0.000440578267444, 0.000417059054598, 0.000342817278579, 0.000402271689381, 0.000271786004305, 2.12059767364e-05, 1.59482408435e-06, 6.93986578426e-07, 5.0445657962e-07, 4.47749044952e-07, 1.24552968828e-07, 1.27226673641e-08],
        "dvar": [1.36915134043e-14, 5.9495545426e-13, 1.25876712482e-13, 4.95062532635e-11, 1.11592783014e-07, 8.19828471776e-09, 6.48601314879e-07, 1.97476856556e-06, 1.6828155367e-06, 1.06462903204e-06, 1.78850441444e-05, 7.10442577656e-07, 1.70610758232e-06, 1.93432981632e-07, 2.85284454549e-06, 6.9588338647e-07, 3.87645741284e-07, 1.63754322102e-07, 2.26828078098e-07, 1.12622856818e-07, 2.60975108191e-09, 4.271239612e-12, 9.59396733065e-13, 2.44223022881e-12, 8.86728732975e-13, 1.68779812175e-13, 4.02656513826e-16],
        "dvar2": [3.84730462278e-14, 1.73193198064e-12, 3.60201858575e-13, 1.02166566873e-10, 2.57135639004e-07, 1.93275173643e-08, 1.78627374225e-06, 4.96295160701e-06, 4.74153557661e-06, 2.8850461149e-06, 4.14797832491e-05, 2.12888835449e-06, 4.0804739001e-06, 4.87568001972e-07, 6.40659209239e-06, 1.42575015616e-06, 8.1179115341e-07, 4.16006827209e-07, 4.55991084891e-07, 2.59777806377e-07, 6.34495966878e-09, 9.99859483403e-12, 1.92968232539e-12, 5.02894297386e-12, 1.63283384209e-12, 2.6230623576e-13, 8.69483396703e-16],
        "max": [1.34332094603e-06, 7.5832344919e-06, 5.7031952565e-06, 0.000137194845593, 0.00596517557278, 0.00139016541652, 0.0100668221712, 0.0189694315195, 0.0129565643147, 0.011418255046, 0.0724838450551, 0.0147191081196, 0.0292460173368, 0.00468438817188, 0.0276339128613, 0.0180279277265, 0.0087343454361, 0.00551256071776, 0.00929537601769, 0.00424151588231, 0.000976047012955, 3.94306625822e-05, 1.82717012649e-05, 3.4012409742e-05, 2.06422773772e-05, 1.16805686048e-05, 4.64929144073e-07],
        "mean": [1.11427503668e-07, 8.66313314418e-07, 1.37705455927e-07, 2.95042036669e-06, 0.000249145552516, 4.91108039569e-05, 0.000668142165523, 0.000617717858404, 0.0006906761555, 0.000623570987955, 0.00176541774999, 0.00037286063889, 0.000306514877593, 0.000309469585773, 0.000910090981051, 0.000523731519934, 0.000465641671326, 0.000468815356726, 0.000670167442877, 0.000482819974422, 1.89982711163e-05, 2.58441014012e-06, 1.04214927887e-06, 7.67018718761e-07, 6.66036100938e-07, 1.5515193752e-07, 7.07920655429e-09],
        "median": [8.27078281418e-08, 6.44370629743e-07, 6.4652901699e-08, 4.27256338753e-07, 9.82706405921e-05, 8.29408963909e-06, 0.000253059726674, 3.09763308906e-05, 8.99658625713e-05, 6.89896114636e-05, 2.1327916329e-05, 2.08378733078e-05, 1.94847689272e-05, 1.46886768562e-05, 3.08512317133e-05, 8.31249199109e-05, 0.000140331714647, 0.000129184278194, 0.000227973039728, 0.000110731933091, 2.85786290988e-06, 7.56788324452e-07, 4.63932991579e-07, 2.4856316827e-07, 2.2337414407e-07, 5.52279288968e-08, 6.46278530692e-10],
        "min": [9.00920095643e-24, 9.29061919576e-24, 4.88701602704e-23, 1.58907856758e-23, 1.10954777266e-23, 3.22078212976e-23, 1.80570781853e-23, 2.70133868069e-23, 2.73717063627e-23, 1.16072274153e-22, 3.61176336695e-23, 3.87940083736e-23, 1.18587945269e-22, 9.17137577019e-23, 7.40484231089e-23, 1.28377014905e-22, 1.0655280562e-22, 1.15581337613e-22, 1.68265331126e-22, 2.86186493293e-22, 3.12388817493e-22, 6.53393671609e-22, 6.33990975002e-22, 7.5420984286e-22, 1.28840519281e-21, 1.43714321255e-21, 2.13788100878e-21],
        "var": [1.3986823818e-14, 7.51882063554e-13, 9.2225279334e-14, 9.5308858028e-11, 2.19857867023e-07, 1.47689185326e-08, 1.09709174012e-06, 3.63573485629e-06, 3.22498931382e-06, 2.2798367354e-06, 4.56376328657e-05, 1.6355875232e-06, 1.78710502041e-06, 4.27214473575e-07, 6.86787097948e-06, 2.2995643576e-06, 7.8039448681e-07, 6.70355689181e-07, 1.07865798782e-06, 6.21008098278e-07, 3.75230113647e-09, 1.65890530479e-11, 3.26194626865e-12, 4.67413174138e-12, 2.38061024886e-12, 3.38792741691e-13, 5.34545817051e-16]
    },
    "erbbands": {
        "dmean": [3.4732529457e-05, 0.000105201768747, 0.000185078126378, 0.00638451660052, 0.217912122607, 0.71020424366, 0.415758430958, 0.452264904976, 5.14665937424, 8.26027679443, 8.51231193542, 9.49246120453, 11.0963487625, 22.5086364746, 37.9125099182, 7.20657634735, 10.1126232147, 6.65660858154, 26.0770168304, 16.5166835785, 16.1340332031, 12.1763019562, 11.7234506607, 11.6692609787, 12.9075679779, 8.45315074921, 1.65033614635, 0.085618339479, 0.0413976088166, 0.0188607480377, 0.0131816761568, 0.00985230877995, 0.00491354288533, 0.00432143127546, 0.00179985433351, 0.000578036473598, 0.000148243649164, 2.04204734473e-05, 2.15290720007e-06, 3.88576700061e-06],
        "dmean2": [5.8619389165e-05, 0.000183277326869, 0.000307576556224, 0.0102164763957, 0.358680903912, 1.15416693687, 0.679174244404, 0.708868026733, 8.05029964447, 13.5817975998, 13.2157611847, 15.3655281067, 18.048160553, 35.9293212891, 54.8102531433, 11.2442293167, 15.6979579926, 10.3943653107, 38.348274231, 25.8519268036, 24.0877532959, 18.7977828979, 18.1430778503, 16.0797576904, 19.6229515076, 12.4883518219, 2.22369146347, 0.121615968645, 0.0608556270599, 0.0271789710969, 0.0196482408792, 0.0134672839195, 0.00682172738016, 0.00647972244769, 0.00243630446494, 0.00078296510037, 0.000200871698325, 3.00615756714e-05, 2.96819098367e-06, 5.44513750356e-06],
        "dvar": [1.29900135093e-09, 1.76681709263e-08, 1.11407793213e-07, 0.000187515135622, 0.234531447291, 2.80358862877, 1.01264357567, 0.652534067631, 77.1730880737, 320.110778809, 764.313171387, 551.69934082, 892.620727539, 3574.58813477, 22197.2617188, 387.823577881, 4426.83984375, 227.230926514, 8576.890625, 2094.48925781, 2344.59375, 601.4375, 497.087188721, 404.734954834, 503.338989258, 291.882080078, 16.5420341492, 0.0468866750598, 0.00558324996382, 0.00108199880924, 0.00122493098024, 0.00154765381012, 0.000274506775895, 0.000236615422182, 2.11756105273e-05, 6.77175876262e-06, 2.95336434419e-07, 6.52301546111e-09, 1.19651484901e-11, 4.1543952306e-11],
        "dvar2": [3.6987715113e-09, 5.20029352913e-08, 2.83180753513e-07, 0.000462633819552, 0.635361671448, 5.99481964111, 2.40810871124, 1.62041151524, 200.421325684, 845.791809082, 1956.47131348, 1575.86645508, 2708.0390625, 9382.32324219, 46640.4453125, 1020.60870361, 10976.2988281, 490.423400879, 18902.8808594, 5148.12548828, 4370.50292969, 1386.80493164, 1290.72802734, 685.418151855, 1173.80444336, 668.593017578, 32.7240829468, 0.0952956676483, 0.0139611102641, 0.00256114592776, 0.00234355055727, 0.00304773449898, 0.000502268783748, 0.000453396292869, 3.92762485717e-05, 1.14598533401e-05, 4.41249341065e-07, 1.10445581569e-08, 2.28701935862e-11, 8.59049567592e-11],
        "max": [0.000314437755151, 0.00132575957105, 0.00478392420337, 0.179854139686, 6.56583404541, 32.0570678711, 16.2611885071, 8.55111217499, 89.541633606, 223.83505249, 436.957946777, 251.775466919, 393.402557373, 738.053649902, 2436.97387695, 285.697814941, 1498.42700195, 176.728515625, 1618.81005859, 745.901672363, 1205.59594727, 293.834777832, 350.833557129, 425.05871582, 286.51776123, 222.67024231, 76.678855896, 4.38341617584, 1.03042948246, 0.417446136475, 0.682976186275, 0.901006162167, 0.364648789167, 0.27998611331, 0.101702317595, 0.0728503018618, 0.0150308310986, 0.00220318720676, 5.31718978891e-05, 0.000110204375233],
        "mean": [4.22185839852e-05, 0.000138040762977, 0.00031592178857, 0.00912574212998, 0.289897233248, 1.13830292225, 0.590624570847, 0.729959189892, 8.15573978424, 11.7382555008, 11.776058197, 13.3984870911, 17.1787471771, 35.2266349792, 68.9374542236, 13.2072839737, 12.3632678986, 14.2577695847, 44.1124610901, 32.9001121521, 32.8912734985, 24.4014072418, 25.7483062744, 31.2817955017, 33.0200576782, 22.9573783875, 4.12315750122, 0.236140027642, 0.105718500912, 0.0511084161699, 0.0296160280704, 0.0195839181542, 0.0109783429652, 0.00848836824298, 0.00412753410637, 0.00112831790466, 0.000219004679821, 2.70685650321e-05, 6.89791113473e-06, 1.21318544188e-05],
        "median": [3.26386943925e-05, 9.26119173528e-05, 0.000180425617145, 0.00294992746785, 0.099004112184, 0.361355543137, 0.107510775328, 0.237822026014, 2.78202462196, 2.9853310585, 1.78825998306, 2.53583693504, 2.37565159798, 2.2637629509, 1.35020685196, 0.849583208561, 1.01453971863, 0.705449998379, 1.06975674629, 2.67900323868, 6.39044189453, 9.03998565674, 8.30208873749, 10.4142065048, 11.5460977554, 5.63099765778, 0.670650720596, 0.0753158777952, 0.0408735014498, 0.0197204519063, 0.0126180015504, 0.00642977608368, 0.0035735911224, 0.00238622166216, 0.00151407148223, 0.000554523780011, 3.98598058382e-05, 9.04297667148e-06, 3.68333212464e-06, 5.83262954024e-06],
        "min": [3.03377324896e-22, 3.49777078258e-21, 5.65156807113e-20, 4.58842643403e-20, 4.36529963367e-20, 3.64093983308e-20, 1.74178762426e-19, 2.71435104558e-19, 3.06419054205e-19, 2.29843894672e-19, 7.85733745684e-19, 5.56114869988e-19, 1.06750149932e-18, 2.15751782093e-18, 2.10816078096e-18, 2.24812801241e-18, 6.09355915845e-18, 6.06010011626e-18, 4.55594455064e-18, 4.45507980111e-18, 6.71206319556e-18, 6.96338837621e-18, 6.74567319821e-18, 6.8879726654e-18, 1.01451079967e-17, 1.42989534341e-17, 8.69633258669e-18, 2.01277759191e-17, 2.19621382629e-17, 1.86729141141e-17, 2.01493951116e-17, 1.51611188235e-17, 1.32668446151e-17, 1.0811323398e-17, 1.14939682605e-17, 6.06914285472e-18, 2.66012144651e-18, 1.06040532364e-18, 2.59459106101e-19, 3.33718844928e-20],
        "var": [1.55685209169e-09, 2.29479528713e-08, 1.85948053399e-07, 0.000300196668832, 0.28449255228, 6.29284381866, 1.72729563713, 1.42353320122, 161.358779907, 560.350830078, 1174.27697754, 989.011535645, 1572.89111328, 7321.38671875, 64868.53125, 950.993408203, 4149.54003906, 852.867431641, 19991.84375, 6391.72998047, 9275.38574219, 1499.13134766, 1906.93811035, 2625.59204102, 2357.5949707, 1492.21569824, 72.3465881348, 0.16571752727, 0.0242287609726, 0.00515086529776, 0.00355088571087, 0.00307311187498, 0.000718872994184, 0.000496641674545, 8.1124380813e-05, 1.23559375425e-05, 6.72923647471e-07, 1.18194902754e-08, 6.96675495071e-11, 2.48790599233e-10]
    },
    "gfcc": {
        "mean": [-183.271362305, 83.2495117188, -202.597244263, -2.44661879539, -64.2059936523, -40.7605171204, -39.475353241, 15.0117740631, -31.8476390839, -6.47036314011, -5.67648363113, -10.9451608658, 0.840196967125],
        "cov": [[19029.4140625, 962.014160156, -4594.48681641, -180.883483887, -912.633789062, -1485.06555176, -483.190002441, -43.9064826965, -127.573753357, -468.378143311, 134.496337891, -570.720214844, 385.103393555], [962.014160156, 952.135925293, 21.6604423523, -297.62789917, -98.2845001221, -65.1293487549, -29.788854599, -126.067451477, -128.561172485, -158.784835815, 78.6430053711, -51.4267196655, -109.646087646], [-4594.48681641, 21.6604423523, 2597.20043945, 600.545654297, -167.346755981, 197.52734375, -329.035430908, -37.3796195984, 80.540802002, 124.457305908, -170.039840698, 262.87802124, -316.472015381], [-180.883483887, -297.62789917, 600.545654297, 864.63092041, -223.202987671, -375.150360107, -284.749176025, 72.5450744629, 145.183441162, 80.8048858643, -145.644439697, 42.8400993347, 27.9789848328], [-912.633789062, -98.2845001221, -167.346755981, -223.202987671, 413.334259033, 306.905731201, 202.948013306, -8.06936073303, -68.0954055786, -9.70335483551, 3.49871921539, 20.6611404419, 28.970905304], [-1485.06555176, -65.1293487549, 197.52734375, -375.150360107, 306.905731201, 689.497009277, 186.069641113, -53.9189987183, -55.084941864, -22.1642456055, -6.76600694656, 64.131652832, -58.8999404907], [-483.190002441, -29.788854599, -329.035430908, -284.749176025, 202.948013306, 186.069641113, 313.206176758, 55.5914077759, -52.8870201111, -16.9478855133, 75.5329055786, -7.9311709404, 39.6155509949], [-43.9064826965, -126.067451477, -37.3796195984, 72.5450744629, -8.06936073303, -53.9189987183, 55.5914077759, 174.981781006, 57.2095489502, 71.1450424194, 6.7880692482, -21.3135414124, 43.8934707642], [-127.573753357, -128.561172485, 80.540802002, 145.183441162, -68.0954055786, -55.084941864, -52.8870201111, 57.2095489502, 184.940826416, 55.2445487976, -32.6653594971, -1.05388271809, 28.4336147308], [-468.378143311, -158.784835815, 124.457305908, 80.8048858643, -9.70335483551, -22.1642456055, -16.9478855133, 71.1450424194, 55.2445487976, 164.651138306, 13.0419483185, 8.94601821899, 30.6202926636], [134.496337891, 78.6430053711, -170.039840698, -145.644439697, 3.49871921539, -6.76600694656, 75.5329055786, 6.7880692482, -32.6653594971, 13.0419483185, 139.616439819, 0.594017267227, -1.55588102341], [-570.720214844, -51.4267196655, 262.87802124, 42.8400993347, 20.6611404419, 64.131652832, -7.9311709404, -21.3135414124, -1.05388271809, 8.94601821899, 0.594017267227, 115.313369751, -28.63813591], [385.103393555, -109.646087646, -316.472015381, 27.9789848328, 28.970905304, -58.8999404907, 39.6155509949, 43.8934707642, 28.4336147308, 30.6202926636, -1.55588102341, -28.63813591, 148.079330444]],
        "icov": [[0.000227155716857, -0.000242106165388, 0.000617055164184, -0.000182313640835, 0.000380446552299, -0.000112701309263, 0.000661571335513, -0.000382035243092, 0.000215676962398, 0.000156573718414, 0.000164660537848, -0.000297072954709, 0.000270661170362], [-0.000242106165388, 0.0022697111126, -0.00120068783872, 0.00129951594863, -0.000267992349109, 0.000870282005053, -0.000254593644058, 0.000752513296902, 0.000174102868186, 0.00152334896848, -0.00111365283374, 0.00156482763123, -0.000315223820508], [0.000617055164184, -0.00120068783872, 0.00295085296966, -0.00151380046736, 0.00135117722675, -0.00115575629752, 0.00191720051225, -0.00126047444064, 0.000646866159514, -0.000929407542571, 0.00131133908872, -0.00257514929399, 0.00281910970807], [-0.000182313640835, 0.00129951594863, -0.00151380046736, 0.0040705841966, -0.000616473145783, 0.00216407538392, 0.00105423247442, -0.00059998629149, -0.000667419284582, 0.000964945589658, 0.00115974247456, -3.89570304833e-05, -0.00175754236989], [0.000380446552299, -0.000267992349109, 0.00135117722675, -0.000616473145783, 0.0058425758034, -0.00190178619232, -0.00146535318345, 0.000145218116813, 0.00159968575463, -0.000614886404946, 0.00176933850162, -0.00112585199531, -0.000113364512799], [-0.000112701309263, 0.000870282005053, -0.00115575629752, 0.00216407538392, -0.00190178619232, 0.00394995743409, -0.000941311067436, 0.000873152923305, -0.000693654699717, 0.000434942136053, 0.000972048612311, -0.000138005052577, 2.15447016672e-05], [0.000661571335513, -0.000254593644058, 0.00191720051225, 0.00105423247442, -0.00146535318345, -0.000941311067436, 0.0105920908973, -0.00524556310847, 0.00124767050147, 0.00275660469197, -0.00250849709846, -0.00136450922582, -0.000477207126096], [-0.000382035243092, 0.000752513296902, -0.00126047444064, -0.00059998629149, 0.000145218116813, 0.000873152923305, -0.00524556310847, 0.0106956716627, -0.00204620463774, -0.00344660482369, -3.80713427148e-05, 0.00268247630447, -0.000853923847899], [0.000215676962398, 0.000174102868186, 0.000646866159514, -0.000667419284582, 0.00159968575463, -0.000693654699717, 0.00124767050147, -0.00204620463774, 0.00785465165973, -0.00096032989677, 0.00105855509173, -0.000281131826341, -0.000592431344558], [0.000156573718414, 0.00152334896848, -0.000929407542571, 0.000964945589658, -0.000614886404946, 0.000434942136053, 0.00275660469197, -0.00344660482369, -0.00096032989677, 0.0110921049491, -0.00371825066395, 0.00108780444134, -0.00280833849683], [0.000164660537848, -0.00111365283374, 0.00131133908872, 0.00115974247456, 0.00176933850162, 0.000972048612311, -0.00250849709846, -3.80713427148e-05, 0.00105855509173, -0.00371825066395, 0.0124325286597, -0.00338478409685, 0.00209509697743], [-0.000297072954709, 0.00156482763123, -0.00257514929399, -3.89570304833e-05, -0.00112585199531, -0.000138005052577, -0.00136450922582, 0.00268247630447, -0.000281131826341, 0.00108780444134, -0.00338478409685, 0.0140688437968, -0.00131528696511], [0.000270661170362, -0.000315223820508, 0.00281910970807, -0.00175754236989, -0.000113364512799, 2.15447016672e-05, -0.000477207126096, -0.000853923847899, -0.000592431344558, -0.00280833849683, 0.00209509697743, -0.00131528696511, 0.0130465012044]]
    },
    "melbands": {
        "dmean": [2.42370106207e-07, 6.96074238249e-08, 3.45523221768e-06, 3.73596813006e-05, 1.85645221791e-05, 1.22219762488e-05, 8.16595929791e-05, 9.62564372458e-05, 6.70126464684e-05, 6.64847684675e-05, 5.89066694374e-05, 8.85226909304e-05, 0.000154487497639, 3.77138057956e-05, 2.03823638003e-05, 1.89386901184e-05, 1.35115105877e-05, 4.09539170505e-05, 3.64652296412e-05, 1.70651801454e-05, 2.11751103052e-05, 1.40667198139e-05, 1.2141690604e-05, 1.22415567603e-05, 1.06469551611e-05, 1.16716328193e-05, 9.01806015463e-06, 5.56998520551e-06, 1.54648114403e-06, 1.12898490556e-07, 2.6612910986e-08, 2.8402512342e-08, 1.67787579386e-08, 9.76133041064e-09, 8.97433416469e-09, 6.67435706703e-09, 6.49284892518e-09, 3.73009800825e-09, 3.39671890615e-09, 4.20128642986e-09],
        "dmean2": [4.11544107237e-07, 1.22965715832e-07, 5.56755594516e-06, 6.0111105995e-05, 3.08000962832e-05, 1.94541971723e-05, 0.000130203043227, 0.000156236346811, 0.000103320911876, 0.000108584936243, 9.63759375736e-05, 0.00014510168694, 0.000216288171941, 5.8315537899e-05, 3.17676931445e-05, 2.88375904347e-05, 2.16455046029e-05, 6.20207574684e-05, 5.69919393456e-05, 2.6333358619e-05, 3.24761458614e-05, 2.16646421904e-05, 1.90784521692e-05, 1.95963220904e-05, 1.51813555931e-05, 1.79502203537e-05, 1.33627836476e-05, 8.23227037472e-06, 2.13521911974e-06, 1.61849087021e-07, 4.37219647154e-08, 4.35532108156e-08, 2.52559875236e-08, 1.47338559131e-08, 1.38181839304e-08, 8.81810002795e-09, 9.367838949e-09, 5.43571765377e-09, 5.07895148161e-09, 6.23556095647e-09],
        "dvar": [6.7795019544e-14, 1.00862794476e-14, 5.73022185257e-11, 7.29929183763e-09, 1.65540381403e-09, 4.94731033918e-10, 1.91477358413e-08, 5.15234326315e-08, 4.26492903216e-08, 3.32508527379e-08, 2.38692532406e-08, 4.86524633914e-08, 4.11875049622e-07, 1.84487767285e-08, 1.23650805151e-08, 9.04932129231e-09, 9.91136284156e-10, 1.88152959879e-08, 1.10224274152e-08, 2.64496136104e-09, 4.90903184769e-09, 9.29096577451e-10, 5.87571769017e-10, 6.22699614095e-10, 3.55501739158e-10, 4.77804407151e-10, 2.3820495576e-10, 1.41951367327e-10, 1.58676856377e-11, 1.84086876602e-13, 3.02717716887e-15, 3.19916487947e-15, 9.39155721202e-16, 2.93889092478e-16, 5.34633273203e-16, 4.36939457682e-16, 8.6115240415e-16, 1.8464430189e-16, 8.7802879447e-17, 2.61690458477e-16],
        "dvar2": [1.94901210514e-13, 2.86763851326e-14, 1.44111986233e-10, 1.74772907258e-08, 3.76123310275e-09, 1.26372778908e-09, 5.04985990801e-08, 1.31596536335e-07, 1.08414575095e-07, 9.68435784898e-08, 7.20067987459e-08, 1.30218694494e-07, 9.13601866159e-07, 4.57387194785e-08, 2.84676264783e-08, 2.23445173475e-08, 2.31582153454e-09, 4.31969482406e-08, 2.64277648654e-08, 5.97095572985e-09, 9.290102021e-09, 2.11916106885e-09, 1.48744772055e-09, 1.57378154952e-09, 6.49912845763e-10, 1.12182529932e-09, 5.75232583788e-10, 3.33010813369e-10, 3.31482168103e-11, 3.15480470523e-13, 8.18400946648e-15, 8.32497184253e-15, 2.2595090912e-15, 7.43827541285e-16, 1.12654736122e-15, 6.07080001182e-16, 1.98167910812e-15, 3.67375024004e-16, 1.9305312883e-16, 4.77564322502e-16],
        "max": [2.44067632593e-06, 1.39261248933e-06, 6.57895507175e-05, 0.00158898474183, 0.000522015616298, 0.000245972711127, 0.00161671021488, 0.00304186088033, 0.00325717311352, 0.00197581830435, 0.00200558570214, 0.00215646717697, 0.0111333597451, 0.00287259463221, 0.00256525888108, 0.00197657570243, 0.000345677282894, 0.00229714252055, 0.0014912232291, 0.000956520321779, 0.00173560029361, 0.00034094354487, 0.000327874586219, 0.000388554501114, 0.000358167540981, 0.00035391250276, 0.000180617687874, 0.000164945726283, 7.04437188688e-05, 8.90599494596e-06, 9.75840293904e-07, 9.22885476484e-07, 3.88999694678e-07, 2.15564071482e-07, 3.53294012712e-07, 5.6388705616e-07, 5.31308216978e-07, 2.74523046073e-07, 1.56168297849e-07, 3.40926874287e-07],
        "mean": [2.97168242014e-07, 1.05586643429e-07, 4.6880059017e-06, 5.60634325666e-05, 2.75061775028e-05, 1.83662195923e-05, 0.000125158374431, 0.000136043381644, 9.01685780264e-05, 9.28719528019e-05, 8.8941087597e-05, 0.00013067079999, 0.000264860456809, 6.07025431236e-05, 2.54937313002e-05, 2.58733834926e-05, 2.46179806709e-05, 6.63629252813e-05, 5.96093341301e-05, 3.33625830535e-05, 4.02539153583e-05, 2.49855602306e-05, 2.20900255954e-05, 2.55850482063e-05, 2.4850738555e-05, 2.59447042481e-05, 2.14243427763e-05, 1.3710242456e-05, 3.31738829118e-06, 1.87908725024e-07, 5.08707280744e-08, 6.10004349255e-08, 3.96661228308e-08, 2.24248530856e-08, 1.76954095821e-08, 1.3026859591e-08, 1.13468452412e-08, 7.40074490579e-09, 6.78128531106e-09, 7.51958495471e-09],
        "median": [2.23261665155e-07, 6.95595474554e-08, 1.40165298035e-06, 1.90156733879e-05, 5.96965764998e-06, 5.34210448677e-06, 4.36961418018e-05, 2.43925460381e-05, 1.21688535728e-05, 1.10531127575e-05, 1.05800918391e-05, 8.69187078933e-06, 3.94571998186e-06, 2.3919483283e-06, 2.17473984776e-06, 1.59576370606e-06, 1.08531639853e-06, 1.60600939125e-06, 2.34864546655e-06, 4.17118963014e-06, 7.29782277631e-06, 8.11554127722e-06, 8.15825842437e-06, 6.18390913587e-06, 7.48892125557e-06, 7.53161384637e-06, 6.23213600193e-06, 2.42365968006e-06, 3.71856515358e-07, 3.70294088725e-08, 1.66200990748e-08, 1.77712387028e-08, 1.1850431747e-08, 8.79875372561e-09, 7.09689818024e-09, 4.56748860955e-09, 3.1154769875e-09, 2.37683339677e-09, 2.0579111748e-09, 1.94181937196e-09],
        "min": [3.90521252395e-24, 2.07044590956e-23, 1.12757442764e-23, 2.17011986545e-24, 5.35921412318e-24, 5.95177882505e-24, 4.86092697695e-24, 2.90242181035e-24, 6.2858030427e-24, 2.93337769834e-24, 4.74710420909e-24, 9.53823395644e-24, 6.05008036017e-24, 6.79389494112e-24, 9.85195447212e-24, 1.32454305603e-23, 9.36382864321e-24, 7.54407957388e-24, 4.51021440685e-24, 8.035005859e-24, 7.91125330449e-24, 6.62103579526e-24, 7.33695704347e-24, 4.38765263788e-24, 5.76537178201e-24, 6.08246941122e-24, 9.06158132054e-24, 8.90376732987e-24, 5.15034268814e-24, 6.21152508316e-24, 1.07937707737e-23, 1.29376643667e-23, 1.16429811159e-23, 9.41808334083e-24, 1.02809575428e-23, 1.10646340541e-23, 8.88149541993e-24, 8.6374975865e-24, 7.77963265132e-24, 8.81291579714e-24],
