{
"metadata": {
    "version": {
        "essentia": "2.0.1",
        "extractor": "archive-music 1.0"
    },
    "audio_properties": {
        "analysis_sample_rate": 44100,
        "bitrate": 128,
        "channels": 2,
        "equal_loudness": 0,
        "length": 15.5428571701,
        "replay_gain": -10.6349277496,
        "downmix": "mix"
    },
    "tags": {
        "track": 0,
        "year": 0,
        "album": "",
        "artist": "",
        "comment": "",
        "genre": "",
        "title": ""
    }
},
"highlevel": {
    "culture": {
        "all": {
            "non_western": 0.812423944473,
            "western": 0.187576085329
        },
        "probability": 0.812423944473,
        "value": "non_western"
    },
    "danceability": {
        "all": {
            "danceable": 0.014455748722,
            "not_danceable": 0.985544264317
        },
        "probability": 0.985544264317,
        "value": "not_danceable"
    },
    "gender": {
        "all": {
            "female": 0.0026621192228,
            "male": 0.99733787775
        },
        "probability": 0.99733787775,
        "value": "male"
    },
    "genre_dortmund": {
        "all": {
            "alternative": 0.0186437983066,
            "blues": 0.0235077310354,
            "electronic": 0.00280695874244,
            "folkcountry": 0.12359058857,
            "funksoulrnb": 0.0110412565991,
            "jazz": 0.791993558407,
            "pop": 0.00802809931338,
            "raphiphop": 0.0151082007214,
            "rock": 0.00527983251959
        },
        "probability": 0.791993558407,
        "value": "jazz"
    },
    "genre_electronic": {
        "all": {
            "ambient": 0.995496571064,
            "dnb": 0.000382419413654,
            "house": 0.00227985787205,
            "techno": 0.00140869838651,
            "trance": 0.000432478351286
        },
        "probability": 0.995496571064,
        "value": "ambient"
    },
    "genre_rosamerica": {
        "all": {
            "cla": 0.571504950523,
            "dan": 0.00272996886633,
            "hip": 0.013771767728,
            "jaz": 0.10454698652,
            "pop": 0.00246043363586,
            "rhy": 0.00651484308764,
            "roc": 0.00138445186894,
            "spe": 0.297086566687
        },
        "probability": 0.571504950523,
        "value": "cla"
    },
    "genre_tzanetakis": {
        "all": {
            "blu": 0.00290040601976,
            "cla": 0.142995163798,
            "cou": 0.00458845216781,
            "dis": 0.00523653998971,
            "hip": 0.00554861547425,
            "jaz": 0.705944478512,
            "met": 0.000699788623024,
            "pop": 0.010281230323,
            "reg": 0.11375375092,
            "roc": 0.00805159471929
        },
        "probability": 0.705944478512,
        "value": "jaz"
    },
    "mirex_ballroom": {
        "all": {
            "ChaChaCha": 0.00232389918528,
            "Jive": 0.00215603644028,
            "Quickstep": 0.102880567312,
            "Rumba-American": 0.00847050640732,
            "Rumba-International": 0.0316519960761,
            "Rumba-Misc": 0.0800842493773,
            "Samba": 0.00513674365357,
            "Tango": 0.00663866056129,
            "VienneseWaltz": 0.122976601124,
            "Waltz": 0.637680709362
        },
        "probability": 0.637680709362,
        "value": "Waltz"
    },
    "mood_acoustic": {
        "all": {
            "acoustic": 0.996319830418,
            "not_acoustic": 0.00368018751033
        },
        "probability": 0.996319830418,
        "value": "acoustic"
    },
    "mood_aggressive": {
        "all": {
            "aggressive": 0.0419696085155,
            "not_aggressive": 0.95803040266
        },
        "probability": 0.95803040266,
        "value": "not_aggressive"
    },
    "mood_electronic": {
        "all": {
            "electronic": 0.149536594748,
            "not_electronic": 0.85046339035
        },
        "probability": 0.85046339035,
        "value": "not_electronic"
    },
    "mood_happy": {
        "all": {
            "happy": 0.434173554182,
            "not_happy": 0.56582647562
        },
        "probability": 0.56582647562,
        "value": "not_happy"
    },
    "mood_party": {
        "all": {
            "not_party": 0.871954679489,
            "party": 0.128045335412
        },
        "probability": 0.871954679489,
        "value": "not_party"
    },
    "mood_relaxed": {
        "all": {
            "not_relaxed": 0.0121005568653,
            "relaxed": 0.987899422646
        },
        "probability": 0.987899422646,
        "value": "relaxed"
    },
    "mood_sad": {
        "all": {
            "not_sad": 0.050330594182,
            "sad": 0.949669420719
        },
        "probability": 0.949669420719,
        "value": "sad"
    },
    "moods_mirex": {
        "all": {
            "Cluster1": 0.0998039022088,
            "Cluster2": 0.332097262144,
            "Cluster3": 0.186827585101,
            "Cluster4": 0.354953944683,
            "Cluster5": 0.026317300275
        },
        "probability": 0.354953944683,
        "value": "Cluster4"
    },
    "timbre": {
        "all": {
            "bright": 0.656018614769,
            "dark": 0.343981385231
        },
        "probability": 0.656018614769,
        "value": "bright"
    },
    "tonal_atonal": {
        "all": {
            "atonal": 0.656722068787,
            "tonal": 0.343277961016
        },
        "probability": 0.656722068787,
        "value": "atonal"
    },
    "voice_instrumental": {
        "all": {
            "instrumental": 0.0017318460159,
            "voice": 0.998268127441
        },
        "probability": 0.998268127441,
        "value": "voice"
    }
},
"lowlevel": {
    "average_loudness": 0.646617174149,
    "barkbands_kurtosis": {
        "dmean": 6.07159948349,
        "dmean2": 8.9934425354,
        "dvar": 104.339118958,
        "dvar2": 249.230224609,
        "max": 131.264648438,
        "mean": 12.9734258652,
        "median": 6.44163417816,
        "min": -1.78755295277,
        "var": 304.854705811
    },
    "barkbands_skewness": {
        "dmean": 0.65196543932,
        "dmean2": 0.930750906467,
        "dvar": 0.608959853649,
        "dvar2": 1.27111744881,
        "max": 8.15109729767,
        "mean": 1.65339386463,
        "median": 1.30409038067,
        "min": -3.6057035923,
        "var": 3.05284523964
    },
    "barkbands_spread": {
        "dmean": 4.25657701492,
        "dmean2": 6.48156261444,
        "dvar": 78.0357894897,
        "dvar2": 176.756652832,
        "max": 111.51600647,
        "mean": 10.5087766647,
        "median": 5.13494873047,
        "min": 0.668026447296,
        "var": 178.922821045
    },
    "dissonance": {
        "dmean": 0.0467694029212,
        "dmean2": 0.0751893743873,
        "dvar": 0.0027027532924,
        "dvar2": 0.00581730995327,
        "max": 0.499999880791,
        "mean": 0.344510316849,
        "median": 0.337709754705,
        "min": 0.106871187687,
        "var": 0.0122984219342
    },
    "dynamic_complexity": 10.3240470886,
    "erbbands_kurtosis": {
        "dmean": 4.12489938736,
        "dmean2": 6.26606798172,
        "dvar": 38.6499710083,
        "dvar2": 78.623878479,
        "max": 90.7364120483,
        "mean": 7.41372203827,
        "median": 3.58680343628,
        "min": -1.77061080933,
        "var": 105.987701416
    },
    "erbbands_skewness": {
        "dmean": 0.580254554749,
        "dmean2": 0.870837748051,
        "dvar": 0.454825103283,
        "dvar2": 0.922214210033,
        "max": 6.97765445709,
        "mean": 1.40733397007,
        "median": 1.20662403107,
        "min": -3.01477479935,
        "var": 2.14096522331
    },
    "erbbands_spread": {
        "dmean": 7.3671875,
        "dmean2": 11.6226215363,
        "dvar": 162.615386963,
        "dvar2": 374.135681152,
        "max": 152.496994019,
        "mean": 18.2780647278,
        "median": 12.6681499481,
        "min": 1.7237957716,
        "var": 360.137634277
    },
    "hfc": {
        "dmean": 1.63449525833,
        "dmean2": 1.8130698204,
        "dvar": 7.34837627411,
        "dvar2": 10.4641456604,
        "max": 55.3275337219,
        "mean": 6.0483250618,
        "median": 1.59020698071,
        "min": 1.14618526424e-16,
        "var": 96.5581436157
    },
    "melbands_kurtosis": {
        "dmean": 6.99059867859,
        "dmean2": 10.2111520767,
        "dvar": 184.62461853,
        "dvar2": 385.725860596,
        "max": 245.359420776,
        "mean": 13.0438156128,
        "median": 4.75803995132,
        "min": -1.56683659554,
        "var": 525.133239746
    },
    "melbands_skewness": {
        "dmean": 0.692821323872,
        "dmean2": 1.01619565487,
        "dvar": 0.815602302551,
        "dvar2": 1.65795564651,
        "max": 13.0109701157,
        "mean": 1.53983926773,
        "median": 1.04408919811,
        "min": -1.76886200905,
        "var": 2.83489584923
    },
    "melbands_spread": {
        "dmean": 5.70142364502,
        "dmean2": 8.71844482422,
        "dvar": 183.995819092,
        "dvar2": 339.893585205,
        "max": 206.304351807,
        "mean": 17.3988513947,
        "median": 6.7091050148,
        "min": 0.798038005829,
        "var": 751.192993164
    },
    "pitch_salience": {
        "dmean": 0.0578081198037,
        "dmean2": 0.0916504636407,
        "dvar": 0.00362809747458,
        "dvar2": 0.00874788872898,
        "max": 0.981843829155,
        "mean": 0.658161818981,
        "median": 0.676938951015,
        "min": 0.160368964076,
        "var": 0.0130750238895
    },
    "silence_rate_20dB": {
        "dmean": 0,
        "dmean2": 0,
        "dvar": 0,
        "dvar2": 0,
        "max": 1,
        "mean": 1,
        "median": 1,
        "min": 1,
        "var": 0
    },
    "silence_rate_30dB": {
        "dmean": 0,
        "dmean2": 0,
        "dvar": 0,
        "dvar2": 0,
        "max": 1,
        "mean": 1,
        "median": 1,
        "min": 1,
        "var": 0
    },
    "silence_rate_60dB": {
        "dmean": 0.0805970132351,
        "dmean2": 0.161434978247,
        "dvar": 0.0741015225649,
        "dvar2": 0.156301051378,
        "max": 1,
        "mean": 0.459016382694,
        "median": 0,
        "min": 0,
        "var": 0.248319685459
    },
    "spectral_centroid": {
        "dmean": 216.219070435,
        "dmean2": 309.713745117,
        "dvar": 392864.4375,
        "dvar2": 588806,
        "max": 11310.296875,
        "mean": 918.649047852,
        "median": 516.602416992,
        "min": 187.027023315,
        "var": 1099906.625
    },
    "spectral_complexity": {
        "dmean": 0.904477596283,
        "dmean2": 1.33333337307,
        "dvar": 1.76699459553,
        "dvar2": 2.77230167389,
        "max": 16,
        "mean": 4.38002967834,
        "median": 4,
        "min": 0,
        "var": 13.794467926
    },
    "spectral_crest": {
        "dmean": 2.26172757149,
        "dmean2": 3.44397068024,
        "dvar": 4.75297212601,
        "dvar2": 11.1979961395,
        "max": 22.1301403046,
        "mean": 10.4635620117,
        "median": 10.2259864807,
        "min": 2.35970830917,
        "var": 16.4128360748
    },
    "spectral_decrease": {
        "dmean": 7.53555717825e-10,
        "dmean2": 8.32465318901e-10,
        "dvar": 1.58046680284e-18,
        "dvar2": 1.92718131435e-18,
        "max": 2.41416778023e-29,
        "mean": -2.99775382295e-09,
        "median": -9.4441376941e-10,
        "min": -2.50041196637e-08,
        "var": 2.1697880527e-17
    },
    "spectral_energy": {
        "dmean": 0.00298713706434,
        "dmean2": 0.00329987681471,
        "dvar": 2.4549301088e-05,
        "dvar2": 2.99379753415e-05,
        "max": 0.0990598872304,
        "mean": 0.0118628041819,
        "median": 0.00371554656886,
        "min": 1.03051348168e-20,
        "var": 0.000340218102792
    },
    "spectral_energyband_high": {
        "dmean": 2.18123750528e-05,
        "dmean2": 3.45017542713e-05,
        "dvar": 2.70702660288e-08,
        "dvar2": 5.64044029261e-08,
        "max": 0.00364487874322,
        "mean": 3.60154190275e-05,
        "median": 5.20179582963e-06,
        "min": 7.4496701838e-21,
        "var": 4.31525428723e-08
    },
    "spectral_energyband_low": {
        "dmean": 0.000223752329475,
        "dmean2": 0.000263530615484,
        "dvar": 1.14626161007e-07,
        "dvar2": 1.81005702871e-07,
        "max": 0.00483949994668,
        "mean": 0.000863893888891,
        "median": 0.000592892814893,
        "min": 8.55261536424e-24,
        "var": 9.97187044049e-07
    },
    "spectral_energyband_middle_high": {
        "dmean": 0.000421727454523,
        "dmean2": 0.000513234990649,
        "dvar": 8.35092464513e-07,
        "dvar2": 1.23658605844e-06,
        "max": 0.0177081823349,
        "mean": 0.00124687608331,
        "median": 0.000121519835375,
        "min": 1.47551169042e-21,
        "var": 7.15763599146e-06
    },
    "spectral_energyband_middle_low": {
        "dmean": 0.00264105130918,
        "dmean2": 0.00298343086615,
        "dvar": 2.26391712204e-05,
        "dvar2": 2.76452901744e-05,
        "max": 0.0942214205861,
        "mean": 0.0101137561724,
        "median": 0.00287194317207,
        "min": 2.33939187933e-22,
        "var": 0.000276655278867
    },
    "spectral_flatness_db": {
        "dmean": 0.0283972751349,
        "dmean2": 0.0403365008533,
        "dvar": 0.00134417414665,
        "dvar2": 0.00239025242627,
        "max": 0.427921295166,
        "mean": 0.240453973413,
        "median": 0.262234538794,
        "min": 0.0215904247016,
        "var": 0.0101944245398
    },
    "spectral_flux": {
        "dmean": 0.0142585979775,
        "dmean2": 0.0226103495806,
        "dvar": 0.000344740314176,
        "dvar2": 0.000835197453853,
        "max": 0.184323474765,
        "mean": 0.0298449769616,
        "median": 0.0223727822304,
        "min": 6.66552438244e-11,
        "var": 0.000825533119496
    },
    "spectral_kurtosis": {
        "dmean": 4.70831298828,
        "dmean2": 7.21900129318,
        "dvar": 35.4926261902,
        "dvar2": 79.1901321411,
        "max": 61.5260772705,
        "mean": 16.2017459869,
        "median": 10.9149713516,
        "min": -1.18831300735,
        "var": 166.468429565
    },
    "spectral_rms": {
        "dmean": 0.000444251840236,
        "dmean2": 0.000493507017381,
        "dvar": 3.56203514684e-07,
        "dvar2": 4.95380277243e-07,
        "max": 0.00983075797558,
        "mean": 0.0025051580742,
        "median": 0.00190392322838,
        "min": 3.17077115432e-12,
        "var": 5.2976488405e-06
    },
    "spectral_rolloff": {
        "dmean": 410.962585449,
        "dmean2": 646.445983887,
        "dvar": 1837510.5,
        "dvar2": 3298170,
        "max": 18949.21875,
        "mean": 1420.64550781,
        "median": 516.796875,
        "min": 129.19921875,
        "var": 6103467.5
    },
    "spectral_skewness": {
        "dmean": 0.480731248856,
        "dmean2": 0.71623814106,
        "dvar": 0.329157829285,
        "dvar2": 0.647247195244,
        "max": 6.72635364532,
        "mean": 3.21842217445,
        "median": 2.90780568123,
        "min": -0.0218636207283,
        "var": 1.94908308983
    },
    "spectral_spread": {
        "dmean": 829754.25,
        "dmean2": 1193960.125,
        "dvar": 4.51892320666e+12,
        "dvar2": 8.18070264218e+12,
        "max": 51363532,
        "mean": 4115527.75,
        "median": 3602791,
        "min": 1429949.125,
        "var": 1.03219294372e+13
    },
    "spectral_strongpeak": {
        "dmean": 0.293524712324,
        "dmean2": 0.418160557747,
        "dvar": 0.162220031023,
        "dvar2": 0.276642471552,
        "max": 5.64490556717,
        "mean": 0.90913939476,
        "median": 0.367640405893,
        "min": 0,
        "var": 1.28423988819
    },
    "zerocrossingrate": {
        "dmean": 0.0110803404823,
        "dmean2": 0.0130682745948,
        "dvar": 0.000848043127917,
        "dvar2": 0.00124958972447,
        "max": 0.51806640625,
        "mean": 0.0537844337523,
        "median": 0.02783203125,
        "min": 0.00537109375,
        "var": 0.00483615836129
    },
    "barkbands": {
        "dmean": [1.56316275479e-07, 4.78968513562e-06, 0.000131384891574, 0.000167857986526, 0.0002684291685, 0.000600153871346, 0.0015003796434, 0.000793540559243, 0.000185888900887, 5.5085583881e-05, 0.000261459907051, 0.000114965252578, 8.50731521496e-05, 2.15394848055e-05, 3.6150699998e-06, 4.67148538519e-06, 1.10179616968e-05, 1.07184087028e-05, 6.18629837845e-06, 4.81152528664e-06, 5.66985545447e-06, 4.14602936871e-06, 3.04048944599e-06, 6.02916270509e-06, 4.05143828175e-06, 1.01702107713e-06, 3.99745614388e-09],
        "dmean2": [2.74663761957e-07, 6.44544388706e-06, 0.000156826543389, 0.000216271015233, 0.000332266325131, 0.000806110969279, 0.00177524588071, 0.000852766213939, 0.000230725752772, 7.94771840447e-05, 0.000311257143039, 0.000159477378475, 0.000112106288725, 3.32369672833e-05, 5.87302520216e-06, 7.0437067734e-06, 1.81728300959e-05, 1.67831803992e-05, 9.93606772681e-06, 8.60162344907e-06, 9.84333746601e-06, 6.83590633344e-06, 4.58531258118e-06, 9.31807244342e-06, 5.59194040761e-06, 1.67867972323e-06, 6.84973855414e-09],
        "dvar": [9.47964783385e-14, 1.94278051979e-10, 6.4435411673e-08, 8.47122834102e-08, 2.35422078276e-07, 2.55436702901e-06, 9.42710448726e-06, 6.00450402999e-06, 2.03929843678e-07, 2.97953590689e-08, 7.02111776718e-07, 1.7615110437e-07, 8.61281250764e-08, 6.04938099613e-09, 1.03904468363e-10, 9.69080718449e-11, 7.15955517094e-10, 9.37256383615e-10, 8.83587314426e-10, 2.11066852884e-09, 2.26941598847e-09, 1.07189024323e-09, 1.04913766563e-09, 6.27979723777e-10, 4.38016983795e-10, 5.61243065911e-12, 7.63033153096e-17],
        "dvar2": [2.8040731629e-13, 2.93522400829e-10, 9.89921673522e-08, 1.59745241035e-07, 3.32503105938e-07, 4.34784578829e-06, 1.08971316877e-05, 7.12878363629e-06, 3.12815870984e-07, 5.54022747679e-08, 1.04862544958e-06, 3.0915001048e-07, 1.42159862548e-07, 1.44023948323e-08, 2.55754223355e-10, 1.94889035465e-10, 1.8419393788e-09, 2.40166531107e-09, 2.43252729071e-09, 6.36147712285e-09, 4.37625624627e-09, 2.14988893354e-09, 2.51673015761e-09, 1.19919840724e-09, 7.53186513158e-10, 1.35413806904e-11, 2.0234163919e-16],
        "max": [2.82648079519e-06, 0.000234112798353, 0.00439428677782, 0.0036888087634, 0.00910594407469, 0.0309966374189, 0.0508100688457, 0.0645861625671, 0.00876102037728, 0.00359839969315, 0.0172522291541, 0.00837687496096, 0.00521930772811, 0.0010159262456, 0.000173027787241, 0.000157905218657, 0.000320067192661, 0.000372173410142, 0.000577228725888, 0.000922515930142, 0.000893707969226, 0.000658774224576, 0.000741177762393, 0.000538983847946, 0.00045861149556, 3.81433528673e-05, 9.13816293746e-08],
        "mean": [1.45037816424e-07, 1.25032620417e-05, 0.000466395431431, 0.00064279459184, 0.000967693864368, 0.00191210419871, 0.00402496056631, 0.00198928802274, 0.000552807294298, 0.000114498143375, 0.000737622904126, 0.00017422203382, 0.000143632976688, 2.95075697068e-05, 5.39339862371e-06, 8.12220969237e-06, 1.57868435053e-05, 1.80078204721e-05, 8.16713509266e-06, 4.45898376711e-06, 7.39671668271e-06, 6.27743884252e-06, 3.31025762534e-06, 9.29470934352e-06, 6.65812831357e-06, 1.7615680008e-06, 4.32619096102e-09],
        "median": [4.73293653158e-08, 5.27295526354e-07, 9.17416618904e-05, 0.000234185325098, 0.000384782993933, 0.00043765900773, 0.000413356116042, 4.86643111799e-05, 1.9248771423e-05, 7.40050745662e-06, 1.45851372508e-05, 6.27383769825e-06, 3.71746955352e-06, 1.12561690457e-06, 5.6571730056e-07, 1.38890686685e-06, 2.28287217396e-06, 7.69002213019e-07, 8.75489547525e-07, 2.03440279734e-07, 2.49044092016e-07, 4.88597720505e-07, 1.79553694579e-07, 1.44488535625e-06, 1.08056576664e-06, 3.74803448722e-07, 1.54585622081e-09],
        "min": [5.55276873906e-25, 1.34383096154e-24, 3.70663848473e-24, 1.45494764067e-24, 2.07454814404e-23, 1.33026071987e-23, 4.95940001044e-23, 4.88865875099e-23, 3.95445621932e-23, 8.58930749375e-23, 2.69107654695e-23, 7.19504001998e-23, 1.13369295904e-22, 1.15675735864e-22, 6.50702898615e-23, 1.45741850291e-22, 1.13695303717e-22, 6.38822274729e-23, 1.19467354784e-22, 2.65748760691e-22, 3.8655921112e-22, 4.30235599543e-22, 6.65601148967e-22, 8.60169387214e-22, 1.11247936596e-21, 1.54457692967e-21, 2.33686500008e-21],
        "var": [7.643928215e-14, 1.09050923847e-09, 5.05728905864e-07, 7.40733071325e-07, 2.14758256334e-06, 1.47541259139e-05, 6.8040615588e-05, 3.95999704779e-05, 1.87142188679e-06, 9.27001551077e-08, 5.04129002366e-06, 3.43244352052e-07, 2.70359521437e-07, 1.01619264115e-08, 1.67156052888e-10, 3.1500374531e-10, 1.3224392692e-09, 2.27490049021e-09, 9.10198250104e-10, 1.68688829572e-09, 3.75094844074e-09, 1.81494264062e-09, 1.16893505986e-09, 1.09386777414e-09, 8.34615820899e-10, 1.16313981016e-11, 6.74639375524e-17]
    },
    "erbbands": {
        "dmean": [5.36028856004e-05, 0.00312228733674, 0.0955790653825, 0.419212013483, 0.613411009312, 0.80794095993, 2.48990988731, 5.23665475845, 17.3913631439, 23.7556686401, 9.45146274567, 4.97991037369, 1.12958693504, 3.55369019508, 10.7401094437, 5.26904249191, 3.55773305893, 1.44424343109, 0.426208823919, 0.143649294972, 0.333252578974, 0.655405640602, 0.585088968277, 0.262677550316, 0.410122394562, 0.209815770388, 0.169368237257, 0.267185628414, 0.128171548247, 0.186187729239, 0.0636338070035, 0.0643774494529, 0.131292879581, 0.0634504035115, 0.0206502545625, 0.0083288801834, 0.00102234398946, 4.33662353316e-05, 2.38847655964e-06, 3.46851425093e-06],
        "dmean2": [6.93702677381e-05, 0.00383459893055, 0.113719858229, 0.517631709576, 0.792700886726, 1.01353907585, 3.36583757401, 7.36353302002, 20.3784599304, 26.3053379059, 10.6844329834, 6.10382032394, 1.49086046219, 4.04990959167, 12.7752084732, 7.05248498917, 4.52698230743, 2.13695430756, 0.670336782932, 0.20808647573, 0.520337820053, 1.08551216125, 0.929487705231, 0.40341514349, 0.694249391556, 0.364498466253, 0.296732574701, 0.44360050559, 0.199681296945, 0.331123948097, 0.0865549519658, 0.0964004769921, 0.205623403192, 0.0886404290795, 0.0309597700834, 0.0136338090524, 0.00166784564499, 7.08169100108e-05, 3.09621464112e-06, 3.85118210033e-06],
        "dvar": [1.03843538213e-08, 4.57965688838e-05, 0.0356597229838, 0.375918984413, 2.77353358269, 1.9484667778, 27.9328556061, 265.353210449, 2167.35498047, 4573.58789062, 575.195861816, 153.370880127, 6.96652078629, 87.1382141113, 1236.57080078, 398.001312256, 130.812332153, 21.6800861359, 2.17978286743, 0.129813939333, 0.444324284792, 2.73248243332, 2.82603931427, 0.627949118614, 7.12716817856, 3.675542593, 2.03742551804, 4.42705011368, 0.871849238873, 3.50947952271, 0.306066989899, 0.219267770648, 0.220823198557, 0.133955106139, 0.00660652993247, 0.000356817501597, 6.00413386564e-06, 1.45057805767e-08, 1.92004519922e-11, 3.16713807957e-11],
        "dvar2": [1.6293675742e-08, 6.7588451202e-05, 0.0525892861187, 0.624009072781, 4.92435932159, 3.09435105324, 49.1503486633, 527.599609375, 2392.59521484, 4753.84863281, 906.082275391, 227.137893677, 16.6697387695, 106.560516357, 1792.38122559, 652.292114258, 218.383758545, 44.4517478943, 5.87249422073, 0.27220121026, 0.975755751133, 7.12785434723, 7.22563409805, 1.5780094862, 20.0714225769, 11.0210065842, 5.40552759171, 8.11078166962, 1.37454092503, 9.44323158264, 0.550822794437, 0.478098094463, 0.409234374762, 0.229395702481, 0.0131329633296, 0.000834270787891, 1.33998582896e-05, 3.86022307453e-08, 3.46416298425e-11, 3.95633074912e-11],
        "max": [0.00139386160299, 0.104891143739, 3.40242576599, 8.36342144012, 35.6709327698, 21.5623092651, 75.2437820435, 298.886047363, 1004.03942871, 1784.43566895, 592.598144531, 242.441421509, 45.7057914734, 281.999359131, 638.825378418, 429.116424561, 203.271224976, 63.357421875, 20.2433834076, 5.54902124405, 9.44010734558, 21.6379928589, 21.0421600342, 12.8639144897, 53.7419395447, 38.9429473877, 28.313659668, 42.1114501953, 20.6682910919, 39.4915504456, 12.9559831619, 11.0099372864, 9.23392772675, 7.89366102219, 1.74402070045, 0.274917393923, 0.0412420928478, 0.00193519552704, 6.26729888609e-05, 0.000112143417937],
        "mean": [0.000177439724212, 0.0102397305891, 0.341379761696, 1.70560967922, 2.52081847191, 2.68912386894, 7.78404808044, 17.4302444458, 47.164768219, 73.2062530518, 27.8547782898, 16.1473484039, 3.29168438911, 10.195271492, 27.7368812561, 9.29719257355, 6.58200740814, 2.35325264931, 0.614305019379, 0.279869258404, 0.586095154285, 0.949820101261, 0.998433470726, 0.436388671398, 0.494271963835, 0.200071156025, 0.184056580067, 0.330075740814, 0.188911363482, 0.21749125421, 0.0815480276942, 0.0859992280602, 0.213959470391, 0.103488087654, 0.0328995883465, 0.0141325313598, 0.00182689179201, 7.31357795303e-05, 8.2758924691e-06, 1.3685101294e-05],
        "median": [8.9562672656e-05, 0.00225973268971, 0.108549915254, 1.13088083267, 0.451026082039, 0.881605505943, 2.51192378998, 3.69205951691, 5.91693258286, 6.17434501648, 1.56917440891, 0.559004127979, 0.261856466532, 0.349623829126, 0.57092410326, 0.34785836935, 0.194190770388, 0.104946270585, 0.0484192036092, 0.0375122539699, 0.126724332571, 0.130147561431, 0.0453217290342, 0.0405010282993, 0.0401201806962, 0.0122135039419, 0.00561563577503, 0.0152299357578, 0.0162239037454, 0.0128969913349, 0.004997221753, 0.00999282766134, 0.0310086943209, 0.0123354941607, 0.00647880509496, 0.00274641322903, 0.000400408316636, 3.32867712132e-05, 3.14338717544e-06, 4.54035307484e-06],
        "min": [6.93586892036e-23, 2.3412104246e-22, 2.51816255317e-21, 7.45955353809e-21, 2.14616291233e-20, 3.60718601733e-20, 5.05722232202e-20, 1.55938706136e-19, 5.88071855581e-19, 5.580471122e-19, 7.0972143086e-19, 7.37343938344e-19, 2.65484610216e-18, 1.83259197054e-18, 1.1250199168e-18, 3.09835532439e-18, 5.49817564664e-18, 5.88068588217e-18, 3.24023417024e-18, 3.98892299408e-18, 6.18499156746e-18, 7.14646164374e-18, 3.5484877818e-18, 9.60399373694e-18, 7.86488537653e-18, 1.16988526265e-17, 1.09813578175e-17, 1.7224074184e-17, 1.66565753442e-17, 1.83328932515e-17, 1.96900650261e-17, 1.18053016723e-17, 1.49770165433e-17, 9.22976151139e-18, 8.02506311189e-18, 5.13122219689e-18, 2.70236659437e-18, 1.097389396e-18, 3.41890187383e-19, 3.28537140001e-20],
        "var": [6.01850373982e-08, 0.000315806450089, 0.272623151541, 3.50031399727, 31.9715099335, 12.7905683517, 150.502563477, 1455.76318359, 11676.7324219, 55913.390625, 4822.36572266, 1593.09179688, 50.7112579346, 809.304199219, 7331.37646484, 859.877990723, 483.428131104, 51.278968811, 2.66204166412, 0.365913748741, 1.34207653999, 4.91204833984, 6.66689252853, 1.10662150383, 6.0961265564, 3.09146976471, 2.56144833565, 7.19214487076, 1.62433362007, 3.91895413399, 0.481618762016, 0.301809817553, 0.425111919641, 0.237180233002, 0.0123660685495, 0.000784899573773, 1.4845511032e-05, 2.22217195756e-08, 1.21654769591e-10, 4.37768710171e-10]
    },
    "gfcc": {
        "mean": [-212.901779175, 107.161628723, -85.2344436646, -7.22892951965, -77.1491012573, -1.10669052601, -60.1357536316, 8.34399604797, -35.4084815979, -5.22916269302, -12.3184499741, 0.0353310257196, -19.1155204773],
        "cov": [[24398.6210938, 4044.86450195, -1125.29711914, -2034.6932373, -2162.69433594, -596.984680176, -1114.14575195, 57.6681213379, -545.861572266, -630.333984375, 230.060745239, -523.592712402, -462.192901611], [4044.86450195, 2834.41577148, 913.686767578, -1157.51367188, -539.346008301, -339.032867432, -133.395446777, -156.045898438, -210.754852295, -571.748046875, 25.2284507751, -104.871025085, 79.3002243042], [-1125.29711914, 913.686767578, 1524.52307129, 166.163497925, -26.7671413422, -190.172683716, -6.85759592056, -101.092277527, -105.668807983, -276.626037598, -23.7339344025, 17.3464393616, 177.214126587], [-2034.6932373, -1157.51367188, 166.163497925, 1235.00878906, 444.181152344, 68.8220901489, -78.9480514526, 58.2758865356, 69.3348617554, 192.745315552, -29.7173862457, 71.8332672119, 24.9345054626], [-2162.69433594, -539.346008301, -26.7671413422, 444.181152344, 528.579467773, 99.1615066528, 6.12144041061, 23.7224674225, 92.7903366089, 97.5643234253, -33.9190483093, 60.8364105225, -2.14901638031], [-596.984680176, -339.032867432, -190.172683716, 68.8220901489, 99.1615066528, 273.102508545, 133.440093994, 32.3287239075, 30.8009815216, 89.3168029785, -15.8930940628, 47.0415534973, -48.3028640747], [-1114.14575195, -133.395446777, -6.85759592056, -78.9480514526, 6.12144041061, 133.440093994, 343.377746582, 33.9190864563, -24.9313030243, -9.63348579407, -19.4534873962, 64.0284957886, 33.7615890503], [57.6681213379, -156.045898438, -101.092277527, 58.2758865356, 23.7224674225, 32.3287239075, 33.9190864563, 170.988647461, 49.18384552, 24.1996078491, 3.6324467659, 9.33413314819, -17.5893955231], [-545.861572266, -210.754852295, -105.668807983, 69.3348617554, 92.7903366089, 30.8009815216, -24.9313030243, 49.18384552, 129.130477905, 80.6480331421, 9.12309837341, 12.7410392761, -22.7823429108], [-630.333984375, -571.748046875, -276.626037598, 192.745315552, 97.5643234253, 89.3168029785, -9.63348579407, 24.1996078491, 80.6480331421, 239.99206543, 16.9977092743, 2.96298623085, -55.2497024536], [230.060745239, 25.2284507751, -23.7339344025, -29.7173862457, -33.9190483093, -15.8930940628, -19.4534873962, 3.6324467659, 9.12309837341, 16.9977092743, 67.5344161987, -11.171087265, -18.1564769745], [-523.592712402, -104.871025085, 17.3464393616, 71.8332672119, 60.8364105225, 47.0415534973, 64.0284957886, 9.33413314819, 12.7410392761, 2.96298623085, -11.171087265, 91.414276123, 18.0589065552], [-462.192901611, 79.3002243042, 177.214126587, 24.9345054626, -2.14901638031, -48.3028640747, 33.7615890503, -17.5893955231, -22.7823429108, -55.2497024536, -18.1564769745, 18.0589065552, 111.985366821]],
        "icov": [[0.000182027346455, -0.000340857193805, 0.000341030943673, -0.000265333568677, 0.000563831010368, -0.000136264367029, 0.000470987724839, -0.000343371997587, 0.000509635894559, 6.96446659276e-05, -5.95689380134e-05, 3.77047508664e-05, 0.000390471192077], [-0.000340857193805, 0.00221024383791, -0.00141232903115, 0.00177979632281, -0.00101499271113, 0.000336103577865, -3.39893267665e-05, 0.000707690196577, -0.00065985188121, 0.001721370616, -0.000263822730631, -4.85298187414e-05, -0.000206284385058], [0.000341030943673, -0.00141232903115, 0.00209882739, -0.00154092197772, 0.00113503891043, -3.62235114153e-05, 0.000307747453917, -0.000137974639074, 0.000616235600319, 0.000485678960104, -0.000196509325178, 0.000155085552251, -0.000370787078282], [-0.000265333568677, 0.00177979632281, -0.00154092197772, 0.00306258583441, -0.00190894596744, 0.000191068553249, 0.000762351090088, -0.000325618602801, 0.000609638227616, -0.000283352419501, 2.58583058894e-05, -0.000853525998536, -0.000708004808985], [0.000563831010368, -0.00101499271113, 0.00113503891043, -0.00190894596744, 0.00510831968859, -0.00102856347803, 0.00136164855212, -0.000369063083781, -0.000584411260206, 0.00075024535181, 0.00091688282555, -0.000533459649887, 0.00134652829729], [-0.000136264367029, 0.000336103577865, -3.62235114153e-05, 0.000191068553249, -0.00102856347803, 0.00678928708658, -0.00286470656283, 0.00032587730675, -0.00032846868271, -0.001334744622, 0.00151405250654, -0.00165828724857, 0.00282547133975], [0.000470987724839, -3.39893267665e-05, 0.000307747453917, 0.000762351090088, 0.00136164855212, -0.00286470656283, 0.00666490010917, -0.00225008022971, 0.00330695998855, 0.000618454825599, -0.000327247194946, -0.00219621160068, -0.000982063356787], [-0.000343371997587, 0.000707690196577, -0.000137974639074, -0.000325618602801, -0.000369063083781, 0.00032587730675, -0.00225008022971, 0.00816920306534, -0.00458958884701, 0.00159854406957, -0.000125790364109, 0.000474927248433, 0.000225460971706], [0.000509635894559, -0.00065985188121, 0.000616235600319, 0.000609638227616, -0.000584411260206, -0.00032846868271, 0.00330695998855, -0.00458958884701, 0.014601838775, -0.00364729505964, -0.00132493581623, -0.00197304645553, 0.000863493594807], [6.96446659276e-05, 0.001721370616, 0.000485678960104, -0.000283352419501, 0.00075024535181, -0.001334744622, 0.000618454825599, 0.00159854406957, -0.00364729505964, 0.011114382185, -0.00218520639464, 0.00158160727005, 0.00199840962887], [-5.95689380134e-05, -0.000263822730631, -0.000196509325178, 2.58583058894e-05, 0.00091688282555, 0.00151405250654, -0.000327247194946, -0.000125790364109, -0.00132493581623, -0.00218520639464, 0.0171759929508, 0.000102973746834, 0.00241626566276], [3.77047508664e-05, -4.85298187414e-05, 0.000155085552251, -0.000853525998536, -0.000533459649887, -0.00165828724857, -0.00219621160068, 0.000474927248433, -0.00197304645553, 0.00158160727005, 0.000102973746834, 0.0150476526469, -0.00188518164214], [0.000390471192077, -0.000206284385058, -0.000370787078282, -0.000708004808985, 0.00134652829729, 0.00282547133975, -0.000982063356787, 0.000225460971706, 0.000863493594807, 0.00199840962887, 0.00241626566276, -0.00188518164214, 0.0148652177304]]
    },
    "melbands": {
        "dmean": [7.24487279058e-07, 3.56628224836e-05, 7.44958742871e-05, 4.89996709803e-05, 7.44738717913e-05, 0.000127898339997, 0.000264385569608, 0.000243607137236, 6.43648891128e-05, 2.65030103037e-05, 5.04151284986e-06, 1.33373214339e-05, 3.9847305743e-05, 1.61105199368e-05, 1.18491643661e-05, 5.92857850279e-06, 2.43753379436e-06, 8.13333315364e-07, 2.37614145249e-07, 2.11678198525e-07, 4.59526717123e-07, 6.73177396493e-07, 8.11433665149e-07, 3.72940178295e-07, 1.88909311305e-07, 2.93868623658e-07, 2.5980810392e-07, 1.17022025847e-07, 9.05314649913e-08, 1.32148798571e-07, 1.6811655712e-07, 5.93929243564e-08, 1.21355355986e-07, 9.63670316878e-08, 3.55785871875e-08, 3.31874510096e-08, 4.2803083744e-08, 8.99822509837e-08, 1.05908462444e-07, 4.36035421103e-08],
        "dmean2": [9.87207272374e-07, 4.2476633098e-05, 9.66919833445e-05, 6.07690672041e-05, 0.000100730678241, 0.000173936772626, 0.000309645489324, 0.000267074472504, 7.44911958463e-05, 3.33754032908e-05, 7.40486848372e-06, 1.53113287524e-05, 4.63828873762e-05, 2.15443942579e-05, 1.56239693752e-05, 7.88286524767e-06, 3.61917909686e-06, 1.31152341964e-06, 3.70695147467e-07, 3.13729145773e-07, 7.16209569873e-07, 1.08778385766e-06, 1.32773448058e-06, 5.86839803418e-07, 2.9399120649e-07, 4.75210271134e-07, 4.47703911277e-07, 2.06764894983e-07, 1.60443377695e-07, 2.28608669772e-07, 2.691970451e-07, 8.12010512163e-08, 2.03522716902e-07, 1.77492509579e-07, 5.17185405613e-08, 4.66017020528e-08, 6.87255052867e-08, 1.38972325203e-07, 1.67716635247e-07, 6.66965860319e-08],
        "dvar": [4.38394286151e-12, 5.01131491859e-09, 1.2048174014e-08, 1.30654509434e-08, 2.08891108855e-08, 1.62255759051e-07, 3.8090149701e-07, 4.94649555094e-07, 2.64977053632e-08, 4.96852647913e-09, 1.57127394429e-10, 1.4884510291e-09, 1.73253589253e-08, 2.87358337125e-09, 1.56842450139e-09, 3.39283601214e-10, 6.50321393958e-11, 9.56071593422e-12, 4.54751633485e-13, 2.50233590359e-13, 8.42610811853e-13, 2.96769531692e-12, 6.15401653248e-12, 1.0193589679e-12, 3.27476923617e-13, 2.21672138111e-12, 4.9339816087e-12, 1.24067401318e-12, 6.57092273388e-13, 1.17568129711e-12, 1.62202109383e-12, 1.59454142056e-13, 8.30470837498e-13, 1.24119312918e-12, 9.04281396942e-14, 9.347097342e-14, 7.34393963827e-14, 8.00990472409e-14, 2.15194466521e-13, 8.35294629146e-14],
        "dvar2": [6.62081067054e-12, 7.5188033577e-09, 2.42147297769e-08, 1.90863609362e-08, 3.655393499e-08, 2.58978303691e-07, 4.32024449992e-07, 5.10220445449e-07, 3.89249343868e-08, 7.1897128251e-09, 3.91750187845e-10, 1.75174541539e-09, 2.37258124258e-08, 5.13275821845e-09, 2.60313215428e-09, 6.14563067103e-10, 1.37563418989e-10, 2.68639294837e-11, 1.12814987387e-12, 4.67156153171e-13, 1.91024171307e-12, 7.92693254786e-12, 1.63042600254e-11, 2.45716142745e-12, 8.05832505758e-13, 6.00423660443e-12, 1.40129930229e-11, 3.8734913714e-12, 1.97217914742e-12, 2.32912604134e-12, 2.98494519033e-12, 2.08091830984e-13, 2.00629985715e-12, 3.44154674377e-12, 1.35617632033e-13, 1.89549940956e-13, 1.74947309786e-13, 1.43813482173e-13, 4.23249136476e-13, 1.46996293176e-13],
        "max": [3.56995624315e-05, 0.00126520427875, 0.00135143985972, 0.00226185261272, 0.00206546043046, 0.00894922669977, 0.0127023719251, 0.0183845032007, 0.00406451150775, 0.0014331456041, 0.000196295135538, 0.00104911322705, 0.00260330317542, 0.00094249995891, 0.000747534038965, 0.000262634013779, 0.000101686477137, 4.24212084909e-05, 1.22139545056e-05, 7.42205656934e-06, 1.24687749121e-05, 2.11278656934e-05, 2.99186776829e-05, 1.2497633179e-05, 8.83218490344e-06, 2.90822335955e-05, 4.56711131847e-05, 2.13764160435e-05, 1.59503506438e-05, 2.1238487534e-05, 2.59261214524e-05, 1.04874488898e-05, 1.95117063413e-05, 2.36719279201e-05, 6.66430833007e-06, 7.13988356438e-06, 6.19902402832e-06, 5.80577170695e-06, 8.23015852802e-06, 6.13642760072e-06],
        "mean": [1.83974361789e-06, 0.000124526224681, 0.000314973585773, 0.000176318062586, 0.00024171890982, 0.000432966015069, 0.00072262971662, 0.000732201209757, 0.00018579015159, 8.432668983e-05, 1.20382010209e-05, 3.29938702635e-05, 0.000109667838842, 2.66160477622e-05, 1.99565074581e-05, 1.05305653051e-05, 3.61145271199e-06, 1.0535658248e-06, 3.7877231307e-07, 3.84205947057e-07, 7.51103698349e-07, 9.12999894354e-07, 1.1835696796e-06, 6.72383123401e-07, 2.95219081181e-07, 3.72364439727e-07, 2.7692601634e-07, 9.59701011993e-08, 8.27356387845e-08, 1.67393864103e-07, 2.00628335278e-07, 8.10055666989e-08, 1.56468075829e-07, 1.02214386288e-07, 4.62124276623e-08, 3.88843055532e-08, 5.41900746498e-08, 1.4400940529e-07, 1.61890866934e-07, 6.22816642704e-08],
        "median": [1.31528310021e-07, 2.52899317275e-05, 0.000208822937566, 4.49685285275e-05, 9.39042147365e-05, 9.28742301767e-05, 9.68457534327e-05, 3.09618044412e-05, 8.28885731607e-06, 2.67395444098e-06, 9.81046355264e-07, 1.28050328385e-06, 1.97751205633e-06, 1.02301987681e-06, 5.41295548828e-07, 3.1387091326e-07, 1.60630435175e-07, 7.24027628962e-08, 4.30049134081e-08, 5.18788745296e-08, 1.62785397606e-07, 1.44072473063e-07, 4.68745682269e-08, 3.45889752396e-08, 2.73921294536e-08, 2.75806115724e-08, 1.68780704968e-08, 2.87743984195e-09, 2.11363726521e-09, 3.81141429528e-09, 1.0328986555e-08, 7.42157046929e-09, 9.38758581981e-09, 5.42312461604e-09, 2.18114903916e-09, 1.27851285114e-09, 5.70080960216e-09, 2.36434676282e-08, 1.30833459622e-08, 5.68791591604e-09],
        "min": [5.33982559846e-25, 1.00954375738e-24, 1.11855753056e-24, 5.39627323078e-24, 1.69693466765e-24, 3.45002558214e-24, 8.71868162884e-24, 4.64883265068e-24, 4.91882857854e-24, 5.37915968231e-24, 1.28973488413e-23, 6.93950998676e-24, 3.33638109684e-24, 5.91476941568e-24, 1.18162220704e-23, 1.1169753714e-23, 1.16822671778e-23, 4.55345305636e-24, 5.25210890036e-24, 7.76923862003e-24, 5.99487705732e-24, 7.18438108921e-24, 3.82606413717e-24, 2.98691985735e-24, 7.52203406702e-24, 3.98126108179e-24, 7.82901061082e-24, 7.39208185466e-24, 5.82687926679e-24, 8.68765967374e-24, 7.56330174756e-24, 9.63672560704e-24, 8.54731264124e-24, 9.81768083237e-24, 1.15991875027e-23, 6.12452200835e-24, 7.34141252986e-24, 9.09000476782e-24, 1.18340874033e-23, 5.91839817585e-24],
