{
"metadata": {
    "version": {
        "essentia": "2.0.1",
        "extractor": "archive-music 1.0"
    },
    "audio_properties": {
        "analysis_sample_rate": 44100,
        "bitrate": 128,
        "channels": 2,
        "equal_loudness": 0,
        "length": 15.9608163834,
        "replay_gain": -0.564441680908,
        "downmix": "mix"
    },
    "tags": {
        "track": 29,
        "year": 0,
        "album": "Unknown Album (12.6.2007 13:19:40)",
        "artist": "",
        "comment": "",
        "genre": "",
        "title": "Track 29"
    }
},
"highlevel": {
    "culture": {
        "all": {
            "non_western": 0.146669745445,
            "western": 0.853330254555
        },
        "probability": 0.853330254555,
        "value": "western"
    },
    "danceability": {
        "all": {
            "danceable": 0.0216639749706,
            "not_danceable": 0.978336036205
        },
        "probability": 0.978336036205,
        "value": "not_danceable"
    },
    "gender": {
        "all": {
            "female": 0.221597835422,
            "male": 0.778402149677
        },
        "probability": 0.778402149677,
        "value": "male"
    },
    "genre_dortmund": {
        "all": {
            "alternative": 0.0200929492712,
            "blues": 0.0515588931739,
            "electronic": 0.00251323496923,
            "folkcountry": 0.661211967468,
            "funksoulrnb": 0.0131655680016,
            "jazz": 0.145086035132,
            "pop": 0.0602710209787,
            "raphiphop": 0.0191103890538,
            "rock": 0.0269899442792
        },
        "probability": 0.661211967468,
        "value": "folkcountry"
    },
    "genre_electronic": {
        "all": {
            "ambient": 0.964577615261,
            "dnb": 0.00592262018472,
            "house": 0.0147515656427,
            "techno": 0.012553429231,
            "trance": 0.00219476479106
        },
        "probability": 0.964577615261,
        "value": "ambient"
    },
    "genre_rosamerica": {
        "all": {
            "cla": 0.665249288082,
            "dan": 0.00266956235282,
            "hip": 0.00837479252368,
            "jaz": 0.127518162131,
            "pop": 0.0123071093112,
            "rhy": 0.103262245655,
            "roc": 0.00311117386445,
            "spe": 0.0775076299906
        },
        "probability": 0.665249288082,
        "value": "cla"
    },
    "genre_tzanetakis": {
        "all": {
            "blu": 0.0321196094155,
            "cla": 0.0248682368547,
            "cou": 0.246715247631,
            "dis": 0.0202019140124,
            "hip": 0.0163990743458,
            "jaz": 0.173226505518,
            "met": 0.00694797281176,
            "pop": 0.0235292725265,
            "reg": 0.379590213299,
            "roc": 0.0764019563794
        },
        "probability": 0.379590213299,
        "value": "reg"
    },
    "mirex_ballroom": {
        "all": {
            "ChaChaCha": 0.00300180353224,
            "Jive": 0.00205148919486,
            "Quickstep": 0.211937129498,
            "Rumba-American": 0.0028673785273,
            "Rumba-International": 0.0385156162083,
            "Rumba-Misc": 0.0211880095303,
            "Samba": 0.0038719989825,
            "Tango": 0.0256233140826,
            "VienneseWaltz": 0.0597432665527,
            "Waltz": 0.631200015545
        },
        "probability": 0.631200015545,
        "value": "Waltz"
    },
    "mood_acoustic": {
        "all": {
            "acoustic": 0.99204480648,
            "not_acoustic": 0.00795521400869
        },
        "probability": 0.99204480648,
        "value": "acoustic"
    },
    "mood_aggressive": {
        "all": {
            "aggressive": 0.0165563393384,
            "not_aggressive": 0.983443677425
        },
        "probability": 0.983443677425,
        "value": "not_aggressive"
    },
    "mood_electronic": {
        "all": {
            "electronic": 0.0219167005271,
            "not_electronic": 0.978083312511
        },
        "probability": 0.978083312511,
        "value": "not_electronic"
    },
    "mood_happy": {
        "all": {
            "happy": 0.274567842484,
            "not_happy": 0.725432157516
        },
        "probability": 0.725432157516,
        "value": "not_happy"
    },
    "mood_party": {
        "all": {
            "not_party": 0.882177233696,
            "party": 0.117822736502
        },
        "probability": 0.882177233696,
        "value": "not_party"
    },
    "mood_relaxed": {
        "all": {
            "not_relaxed": 0.204025089741,
            "relaxed": 0.795974910259
        },
        "probability": 0.795974910259,
        "value": "relaxed"
    },
    "mood_sad": {
        "all": {
            "not_sad": 0.20089559257,
            "sad": 0.799104392529
        },
        "probability": 0.799104392529,
        "value": "sad"
    },
    "moods_mirex": {
        "all": {
            "Cluster1": 0.0713194981217,
            "Cluster2": 0.277685821056,
            "Cluster3": 0.532208025455,
            "Cluster4": 0.0652894452214,
            "Cluster5": 0.0534972324967
        },
        "probability": 0.532208025455,
        "value": "Cluster3"
    },
    "timbre": {
        "all": {
            "bright": 0.917088270187,
            "dark": 0.0829117447138
        },
        "probability": 0.917088270187,
        "value": "bright"
    },
    "tonal_atonal": {
        "all": {
            "atonal": 0.347994625568,
            "tonal": 0.652005374432
        },
        "probability": 0.652005374432,
        "value": "tonal"
    },
    "voice_instrumental": {
        "all": {
            "instrumental": 0.000738324248232,
            "voice": 0.999261677265
        },
        "probability": 0.999261677265,
        "value": "voice"
    }
},
"lowlevel": {
    "average_loudness": 0.51521140337,
    "barkbands_kurtosis": {
        "dmean": 4.19372224808,
        "dmean2": 6.48158884048,
        "dvar": 43.9584732056,
        "dvar2": 100.548774719,
        "max": 109.173027039,
        "mean": 11.2400426865,
        "median": 8.00819778442,
        "min": -1.86399590969,
        "var": 148.241348267
    },
    "barkbands_skewness": {
        "dmean": 0.547422468662,
        "dmean2": 0.823022723198,
        "dvar": 0.414317190647,
        "dvar2": 0.85110270977,
        "max": 8.17179393768,
        "mean": 2.07572627068,
        "median": 2.12829971313,
        "min": -2.08265972137,
        "var": 1.64344680309
    },
    "barkbands_spread": {
        "dmean": 2.99950289726,
        "dmean2": 4.49177742004,
        "dvar": 41.8282737732,
        "dvar2": 82.398147583,
        "max": 73.8865661621,
        "mean": 9.14542675018,
        "median": 5.34542751312,
        "min": 0.685373425484,
        "var": 112.14629364
    },
    "dissonance": {
        "dmean": 0.0326619297266,
        "dmean2": 0.0538725592196,
        "dvar": 0.00108224793803,
        "dvar2": 0.0029766256921,
        "max": 0.499999433756,
        "mean": 0.406959652901,
        "median": 0.416820168495,
        "min": 0.213695913553,
        "var": 0.00301857432351
    },
    "dynamic_complexity": 7.39875173569,
    "erbbands_kurtosis": {
        "dmean": 1.60525000095,
        "dmean2": 2.36110091209,
        "dvar": 3.77714395523,
        "dvar2": 7.92335700989,
        "max": 25.2029399872,
        "mean": 3.36371803284,
        "median": 2.3675942421,
        "min": -1.82298183441,
        "var": 19.4482727051
    },
    "erbbands_skewness": {
        "dmean": 0.385305792093,
        "dmean2": 0.568008065224,
        "dvar": 0.191222205758,
        "dvar2": 0.391727238894,
        "max": 4.00199842453,
        "mean": 1.26473069191,
        "median": 1.41177487373,
        "min": -2.29456615448,
        "var": 1.13202130795
    },
    "erbbands_spread": {
        "dmean": 6.509329319,
        "dmean2": 9.69376564026,
        "dvar": 97.9633331299,
        "dvar2": 201.954238892,
        "max": 128.889297485,
        "mean": 23.716211319,
        "median": 18.6502609253,
        "min": 4.28652048111,
        "var": 286.31652832
    },
    "hfc": {
        "dmean": 2.50094437599,
        "dmean2": 2.85012078285,
        "dvar": 28.5122642517,
        "dvar2": 37.5786399841,
        "max": 103.81363678,
        "mean": 7.2800359726,
        "median": 0.987368881702,
        "min": 1.13572745136e-16,
        "var": 201.063018799
    },
    "melbands_kurtosis": {
        "dmean": 5.82377099991,
        "dmean2": 9.18891716003,
        "dvar": 65.7328186035,
        "dvar2": 152.030181885,
        "max": 77.7185974121,
        "mean": 14.6463470459,
        "median": 11.7667913437,
        "min": -1.72317159176,
        "var": 171.49961853
    },
    "melbands_skewness": {
        "dmean": 0.592685043812,
        "dmean2": 0.888166546822,
        "dvar": 0.480503261089,
        "dvar2": 1.06444859505,
        "max": 7.21786165237,
        "mean": 2.36275100708,
        "median": 2.38608336449,
        "min": -0.905235886574,
        "var": 1.50285434723
    },
    "melbands_spread": {
        "dmean": 4.26228475571,
        "dmean2": 6.38043785095,
        "dvar": 140.806213379,
        "dvar2": 251.307174683,
        "max": 177.681610107,
        "mean": 12.8019828796,
        "median": 6.19608306885,
        "min": 0.95258384943,
        "var": 467.1222229
    },
    "pitch_salience": {
        "dmean": 0.0574015788734,
        "dmean2": 0.0901162028313,
        "dvar": 0.00349768297747,
        "dvar2": 0.00877619814128,
        "max": 0.947503149509,
        "mean": 0.610126852989,
        "median": 0.615573167801,
        "min": 0.27486923337,
        "var": 0.0108479931951
    },
    "silence_rate_20dB": {
        "dmean": 0,
        "dmean2": 0,
        "dvar": 0,
        "dvar2": 0,
        "max": 1,
        "mean": 1,
        "median": 1,
        "min": 1,
        "var": 0
    },
    "silence_rate_30dB": {
        "dmean": 0.00290697673336,
        "dmean2": 0.00582241639495,
        "dvar": 0.00289853289723,
        "dvar2": 0.00578849297017,
        "max": 1,
        "mean": 0.991291701794,
        "median": 1,
        "min": 0,
        "var": 0.00863243080676
    },
    "silence_rate_60dB": {
        "dmean": 0.0784883722663,
        "dmean2": 0.157205238938,
        "dvar": 0.07232812047,
        "dvar2": 0.141224503517,
        "max": 1,
        "mean": 0.50072568655,
        "median": 1,
        "min": 0,
        "var": 0.249998822808
    },
    "spectral_centroid": {
        "dmean": 194.058319092,
        "dmean2": 274.483825684,
        "dvar": 358967.375,
        "dvar2": 574463.875,
        "max": 11147.4375,
        "mean": 768.717163086,
        "median": 505.491241455,
        "min": 193.07824707,
        "var": 739917.3125
    },
    "spectral_complexity": {
        "dmean": 1.55523252487,
        "dmean2": 2.19505095482,
        "dvar": 4.17135810852,
        "dvar2": 7.34480333328,
        "max": 28,
        "mean": 7.20319318771,
        "median": 5,
        "min": 0,
        "var": 30.2605285645
    },
    "spectral_crest": {
        "dmean": 2.24304795265,
        "dmean2": 3.36250901222,
        "dvar": 4.57553577423,
        "dvar2": 10.8382225037,
        "max": 24.2946643829,
        "mean": 11.6370630264,
        "median": 11.1738395691,
        "min": 3.15625166893,
        "var": 18.0760746002
    },
    "spectral_decrease": {
        "dmean": 8.81378192652e-10,
        "dmean2": 1.04955932834e-09,
        "dvar": 3.47752726577e-18,
        "dvar2": 4.60734017723e-18,
        "max": 1.29760613339e-28,
        "mean": -2.91444801626e-09,
        "median": -7.25773219301e-10,
        "min": -3.04023828335e-08,
        "var": 2.34077670779e-17
    },
    "spectral_energy": {
        "dmean": 0.00354239111766,
        "dmean2": 0.00420082779601,
        "dvar": 5.61018277949e-05,
        "dvar2": 7.4099865742e-05,
        "max": 0.12416190654,
        "mean": 0.0116601120681,
        "median": 0.00282492511906,
        "min": 1.02980876258e-20,
        "var": 0.000380219629733
    },
    "spectral_energyband_high": {
        "dmean": 2.86498034257e-05,
        "dmean2": 3.98717857024e-05,
        "dvar": 9.47381018079e-09,
        "dvar2": 2.04580583585e-08,
        "max": 0.00172028748784,
        "mean": 4.41074880655e-05,
        "median": 4.5037363634e-06,
        "min": 7.64827754135e-21,
        "var": 1.38441933473e-08
    },
    "spectral_energyband_low": {
        "dmean": 0.00036311938311,
        "dmean2": 0.000540258886758,
        "dvar": 4.69478322884e-07,
        "dvar2": 1.11859503704e-06,
        "max": 0.00907189771533,
        "mean": 0.000903998501599,
        "median": 0.000368309469195,
        "min": 5.08369956109e-23,
        "var": 1.24982375382e-06
    },
    "spectral_energyband_middle_high": {
        "dmean": 0.00085238419706,
        "dmean2": 0.000944869068917,
        "dvar": 4.46848889624e-06,
        "dvar2": 6.81974370309e-06,
        "max": 0.0326356850564,
        "mean": 0.00194611900952,
        "median": 8.3845196059e-05,
        "min": 1.33989203626e-21,
        "var": 1.95927459572e-05
    },
    "spectral_energyband_middle_low": {
        "dmean": 0.0028086185921,
        "dmean2": 0.00343057583086,
        "dvar": 3.92456895497e-05,
        "dvar2": 5.56534905627e-05,
        "max": 0.099858649075,
        "mean": 0.00914619583637,
        "median": 0.00199944642372,
        "min": 2.38871196799e-22,
        "var": 0.000259459280642
    },
    "spectral_flatness_db": {
        "dmean": 0.0221636071801,
        "dmean2": 0.0302346460521,
        "dvar": 0.000570950272959,
        "dvar2": 0.000985132763162,
        "max": 0.42358738184,
        "mean": 0.236381158233,
        "median": 0.238597288728,
        "min": 0.0523779280484,
        "var": 0.00340972468257
    },
    "spectral_flux": {
        "dmean": 0.0154265817255,
        "dmean2": 0.0239903181791,
        "dvar": 0.000563677866012,
        "dvar2": 0.00132532790303,
        "max": 0.233381673694,
        "mean": 0.0360951051116,
        "median": 0.0219891667366,
        "min": 6.74085370855e-11,
        "var": 0.00144111888949
    },
    "spectral_kurtosis": {
        "dmean": 5.63457489014,
        "dmean2": 9.25084400177,
        "dvar": 32.7382011414,
        "dvar2": 81.6556777954,
        "max": 64.5049667358,
        "mean": 13.7340955734,
        "median": 11.0724239349,
        "min": -1.24466145039,
        "var": 119.435684204
    },
    "spectral_rms": {
        "dmean": 0.000462863885332,
        "dmean2": 0.000542835856322,
        "dvar": 5.61066258342e-07,
        "dvar2": 6.98309918334e-07,
        "max": 0.0110060693696,
        "mean": 0.00256488379091,
        "median": 0.00166012789123,
        "min": 3.16968695215e-12,
        "var": 4.79708842249e-06
    },
    "spectral_rolloff": {
        "dmean": 299.336151123,
        "dmean2": 481.84765625,
        "dvar": 1083359.75,
        "dvar2": 1926018.625,
        "max": 19422.9492188,
        "mean": 1026.00012207,
        "median": 495.263671875,
        "min": 172.265625,
        "var": 4080300.75
    },
    "spectral_skewness": {
        "dmean": 0.547901749611,
        "dmean2": 0.866422891617,
        "dvar": 0.280993968248,
        "dvar2": 0.626804232597,
        "max": 6.81114149094,
        "mean": 2.5332171917,
        "median": 2.48503565788,
        "min": -0.0545776858926,
        "var": 1.47512030602
    },
    "spectral_spread": {
        "dmean": 522177.125,
        "dmean2": 762640.625,
        "dvar": 3.46561183744e+12,
        "dvar2": 5.54128795238e+12,
        "max": 43483848,
        "mean": 3037436.75,
        "median": 2648099.25,
        "min": 1307510.25,
        "var": 7.72440693146e+12
    },
    "spectral_strongpeak": {
        "dmean": 0.278418421745,
        "dmean2": 0.406733602285,
        "dvar": 0.236127004027,
        "dvar2": 0.418008238077,
        "max": 7.58745527267,
        "mean": 0.80858373642,
        "median": 0.277856200933,
        "min": 0,
        "var": 1.41144955158
    },
    "zerocrossingrate": {
        "dmean": 0.00837884936482,
        "dmean2": 0.0101814102381,
        "dvar": 0.000596773636062,
        "dvar2": 0.00104472308885,
        "max": 0.5146484375,
        "mean": 0.0352774336934,
        "median": 0.02294921875,
        "min": 0.00439453125,
        "var": 0.00283050397411
    },
    "barkbands": {
        "dmean": [3.9697823695e-07, 3.18688726111e-05, 0.000202812356292, 0.000265182199655, 0.000652386224829, 0.000610034854617, 0.00103633687831, 0.000669873144943, 0.000712815381121, 0.000191254002857, 0.000186213699635, 0.000104839535197, 0.000125742037199, 0.000182588992175, 0.000116694456665, 4.54427972727e-05, 4.92258513987e-05, 6.96943097864e-05, 3.42083039868e-05, 2.45563533099e-05, 8.38020241645e-06, 6.14146301814e-06, 6.498712537e-06, 2.22623043555e-06, 5.18926924542e-07, 2.46520698965e-07, 1.91334663668e-08],
        "dmean2": [6.91156174071e-07, 4.17906194343e-05, 0.000302783970255, 0.000417878007283, 0.00087365397485, 0.000881328829564, 0.0014895608183, 0.000869934330694, 0.000846768671181, 0.000237022832152, 0.000245370902121, 0.000139345676871, 0.000167240636074, 0.000289817515295, 0.000141334385262, 6.29492933513e-05, 7.30010215193e-05, 9.52993796091e-05, 4.52659951407e-05, 3.5563698475e-05, 1.28703122755e-05, 9.03615637071e-06, 9.87872681435e-06, 2.92221125164e-06, 6.51401478535e-07, 3.72706352891e-07, 3.11266035169e-08],
        "dvar": [6.91791838658e-13, 8.24032841962e-09, 1.78350873625e-07, 3.82825021461e-07, 1.35353320729e-06, 2.89367312689e-06, 1.08635294964e-05, 3.80303345082e-06, 8.86551788426e-06, 6.25930510978e-07, 8.61622879711e-07, 1.4357080147e-07, 1.45391780393e-07, 5.82590189424e-07, 2.64957549234e-07, 4.26668833597e-08, 2.46427749317e-08, 3.45631079313e-08, 1.0925026217e-08, 3.77117270745e-09, 1.14549825181e-09, 6.02600414012e-10, 1.40871492249e-09, 1.07725738052e-10, 5.72838434673e-12, 1.58379819676e-12, 1.4167016525e-14],
        "dvar2": [1.67463742526e-12, 1.42009088933e-08, 4.14113827674e-07, 8.11743518625e-07, 2.10711027648e-06, 5.74327714276e-06, 1.87743662536e-05, 6.15704266238e-06, 1.24476428027e-05, 1.14384158678e-06, 1.25439612475e-06, 2.34613224848e-07, 2.30356519637e-07, 1.26413885937e-06, 3.74842301198e-07, 6.98646402952e-08, 4.3178232545e-08, 6.33254089166e-08, 1.84606570031e-08, 8.2249362876e-09, 2.55357957002e-09, 1.36443367715e-09, 3.5888412242e-09, 1.73213526855e-10, 8.3037630591e-12, 3.47674948727e-12, 3.81215444953e-14],
        "max": [1.21332031995e-05, 0.00154860562179, 0.00662625161931, 0.00723432609811, 0.0194638501853, 0.0315101109445, 0.0460100546479, 0.0404228121042, 0.0692897960544, 0.013180103153, 0.0215242076665, 0.00691913813353, 0.00617957860231, 0.0126108899713, 0.0140174226835, 0.00422497838736, 0.00287462817505, 0.00314459321089, 0.00215501827188, 0.000688818050548, 0.000435229274444, 0.000396913121222, 0.000730480591301, 0.000232425256399, 4.60631854367e-05, 2.62913636107e-05, 2.38556594923e-06],
        "mean": [4.15590108105e-07, 8.22026486276e-05, 0.000467626028694, 0.000606597750448, 0.00165499537252, 0.00133789412212, 0.00243902020156, 0.00131438451353, 0.00175600580405, 0.000366514315829, 0.000287387170829, 0.0001752464741, 0.000231487007113, 0.00027430060436, 0.00022633196204, 7.39971801522e-05, 8.40975917527e-05, 0.000139136856887, 7.03461410012e-05, 4.25902289862e-05, 9.88598912954e-06, 7.71786926634e-06, 8.06159550848e-06, 2.81303368865e-06, 7.09882556293e-07, 3.45848462757e-07, 2.0271668788e-08],
        "median": [1.81890740691e-07, 6.92440971761e-06, 0.000190893057152, 0.000147050246596, 0.000833607511595, 0.00023360895284, 8.41022774694e-05, 0.000112306923256, 3.13510608976e-05, 8.56583938003e-06, 1.2551366126e-05, 6.51938353258e-06, 3.78667391487e-06, 2.55883719547e-06, 2.22280800699e-06, 2.34922185882e-06, 2.42569672082e-06, 5.01929571328e-06, 3.53369978257e-06, 1.70641999375e-06, 6.06449759744e-07, 3.22884858406e-07, 5.01188083035e-07, 1.64858306562e-07, 7.16226509212e-08, 7.54579829731e-08, 7.76546293935e-09],
        "min": [2.52100361837e-24, 7.44017318203e-24, 1.10919710427e-24, 1.56021067607e-23, 2.49162600438e-23, 1.4823179192e-23, 1.91070410061e-23, 3.11575760646e-23, 5.36902581735e-23, 4.48634442249e-23, 4.60014013242e-23, 8.67018971791e-23, 6.16057894706e-23, 6.60252596298e-23, 7.78302601539e-23, 1.68729963889e-22, 1.00432179007e-22, 1.30150336355e-22, 2.27975147054e-22, 2.49741018498e-22, 3.34017061108e-22, 3.71921436329e-22, 4.94057501245e-22, 7.74202683155e-22, 1.03869307817e-21, 1.69233792309e-21, 2.12673810237e-21],
        "var": [7.38138716816e-13, 3.83280536198e-08, 4.1821334662e-07, 1.3062152675e-06, 5.55805763724e-06, 1.08560152512e-05, 4.09461354138e-05, 1.72658183146e-05, 5.90635536355e-05, 1.61560035394e-06, 1.94821336663e-06, 4.33065451944e-07, 4.7990351959e-07, 1.0521475815e-06, 1.28259091525e-06, 9.10352682126e-08, 5.65127002972e-08, 1.56235756776e-07, 4.23950474726e-08, 8.62102478294e-09, 1.36933697714e-09, 9.055651784e-10, 1.17965015534e-09, 1.85251203266e-10, 1.24065402049e-11, 1.99472426424e-12, 1.03622317703e-14]
    },
    "erbbands": {
        "dmean": [0.000208247671253, 0.0114363636822, 0.166540056467, 0.654534339905, 1.67161631584, 1.95696759224, 3.38022351265, 5.73622322083, 16.3231449127, 8.91541385651, 18.4540081024, 13.228477478, 3.95611810684, 5.82324123383, 8.18210887909, 3.81529474258, 4.9730091095, 7.95378780365, 6.41168498993, 5.15093994141, 2.58668828011, 2.88813757896, 4.02619886398, 1.52327263355, 2.01247310638, 1.1876013279, 0.488371521235, 0.205071955919, 0.181828826666, 0.314893424511, 0.151598930359, 0.0569223314524, 0.0327941030264, 0.0088587552309, 0.00287691061385, 0.00135815504473, 0.000393704627641, 7.51422267058e-05, 3.19576156471e-06, 4.12402141592e-06],
        "dmean2": [0.000305610417854, 0.0154426507652, 0.24682636559, 1.00809371471, 2.26976776123, 2.75395441055, 4.5830821991, 8.12869644165, 23.6966247559, 12.0047807693, 22.0666885376, 15.3960084915, 4.6136431694, 7.3055973053, 10.6683616638, 5.0144329071, 6.46913290024, 11.5846443176, 9.33385276794, 6.03654909134, 3.40790915489, 3.96489667892, 5.58314943314, 1.92533862591, 2.64140248299, 1.68474280834, 0.730679750443, 0.301540881395, 0.255533307791, 0.465847581625, 0.233341932297, 0.0755387768149, 0.0422299802303, 0.0114800632, 0.00404325919226, 0.00209299731068, 0.000574805075303, 0.000121024386317, 4.45697787654e-06, 4.88968225909e-06],
        "dvar": [2.08123040579e-07, 0.00107083958574, 0.140700548887, 1.86154508591, 12.62317276, 11.615281105, 67.5644226074, 288.559539795, 3149.44775391, 808.853942871, 3196.58789062, 3047.03466797, 190.925003052, 539.11541748, 1839.83520508, 207.066589355, 267.022857666, 1356.01159668, 574.785949707, 556.543701172, 144.212509155, 77.8785095215, 110.443939209, 15.1630716324, 34.5291595459, 8.82177066803, 3.11646318436, 0.684975266457, 0.672227859497, 1.96767652035, 0.857823908329, 0.0670636668801, 0.0207813456655, 0.00197478733025, 0.000176757675945, 4.75380875287e-05, 3.55959650733e-06, 1.84877066545e-07, 1.32833785638e-10, 7.45021752624e-11],
        "dvar2": [3.81435825147e-07, 0.00190857041162, 0.311267882586, 4.31818151474, 18.7652130127, 23.081237793, 127.545387268, 559.817932129, 5371.01611328, 1628.00842285, 3856.89379883, 5118.44042969, 245.298492432, 1041.6204834, 2650.20507812, 356.412139893, 456.728851318, 2934.64746094, 1243.93640137, 936.061157227, 231.565643311, 133.967407227, 215.617401123, 22.1923866272, 62.2973632812, 18.4278068542, 6.88012075424, 1.4546071291, 1.55997669697, 4.54843187332, 2.22949528694, 0.114463217556, 0.0320099890232, 0.00288455863483, 0.000325823901221, 0.000100068333268, 7.75694206823e-06, 4.65447470788e-07, 3.38288369539e-10, 9.85413833865e-11],
        "max": [0.00835824664682, 0.567442178726, 6.11075687408, 13.5491952896, 51.5055618286, 55.1770477295, 114.4037323, 375.541992188, 785.94732666, 430.615570068, 1140.61755371, 1058.38964844, 293.647613525, 393.832702637, 1012.25305176, 216.197143555, 307.261322021, 692.251586914, 363.191558838, 593.722717285, 265.473602295, 179.108627319, 161.147079468, 83.3320922852, 114.235473633, 35.4917640686, 24.1946277618, 12.4177770615, 15.1087198257, 26.4896965027, 17.8254756927, 5.38727760315, 3.29674577713, 0.946583330631, 0.208614185452, 0.139508605003, 0.037793699652, 0.00839246436954, 0.000221255540964, 0.00014637944696],
        "mean": [0.000548596901353, 0.0305726286024, 0.392254978418, 1.61056554317, 4.14315414429, 4.52794694901, 8.0011472702, 13.4060401917, 40.2073898315, 16.8682441711, 46.609703064, 32.2131309509, 8.87526988983, 10.4347877502, 12.7080659866, 7.04910755157, 9.55435371399, 12.449763298, 12.7046899796, 9.95259094238, 4.23555803299, 5.41603279114, 8.01677894592, 3.21370983124, 4.01030826569, 2.05346512794, 0.667430460453, 0.245610564947, 0.221158474684, 0.416590601206, 0.177520990372, 0.0702046826482, 0.041693225503, 0.011561489664, 0.00382088916376, 0.00182731717359, 0.000553254445549, 0.000104758139059, 8.36153049022e-06, 1.35237905852e-05],
        "median": [0.000191347571672, 0.00592845398933, 0.145556211472, 0.591266989708, 1.46459627151, 2.3362030983, 2.46897721291, 2.20134568214, 1.84358584881, 1.2820674181, 2.62857699394, 0.689082205296, 0.319704264402, 0.356683880091, 0.422230005264, 0.242393553257, 0.210422724485, 0.14745002985, 0.141388267279, 0.122833505273, 0.136232241988, 0.179369628429, 0.226468026638, 0.178886726499, 0.190359309316, 0.0872846990824, 0.0582469031215, 0.0171443130821, 0.00931888632476, 0.0179235953838, 0.010617014952, 0.00462009897456, 0.00227720569819, 0.000862908200361, 0.000489400350489, 0.000310869509121, 0.000142173448694, 3.61769380106e-05, 2.76144851341e-06, 3.45112084688e-06],
        "min": [5.305990025e-22, 1.38508243177e-21, 3.06792867948e-21, 4.17651343031e-20, 1.0686006414e-19, 9.08374981271e-20, 1.03853165679e-19, 1.19662674523e-19, 2.45626216416e-19, 3.72781971142e-19, 8.77480741819e-19, 1.42238607374e-18, 1.25674367306e-18, 1.47547886815e-18, 1.44487649421e-18, 2.97289125742e-18, 2.97708382235e-18, 2.95177933344e-18, 3.28760990585e-18, 5.76296319175e-18, 8.78515441368e-18, 6.91043227339e-18, 6.72318918839e-18, 1.14899895218e-17, 1.27129272538e-17, 1.05780195877e-17, 1.56654012122e-17, 1.19029222195e-17, 1.41378980602e-17, 1.54304537941e-17, 1.30035968667e-17, 1.21291354375e-17, 1.3989207382e-17, 1.13279531116e-17, 6.64092855801e-18, 5.31165014082e-18, 2.82647346476e-18, 1.1815519214e-18, 2.73484005086e-19, 2.97926125899e-20],
        "var": [9.07744663436e-07, 0.00451216101646, 0.364920914173, 5.28080892563, 51.7736740112, 38.0940589905, 239.847167969, 1187.8692627, 11708.4023438, 1840.24707031, 23960.0605469, 15598.0976562, 783.593139648, 1473.04675293, 4194.53027344, 574.019348145, 858.776306152, 1980.82617188, 2244.88452148, 2424.67895508, 293.991546631, 201.737182617, 447.264709473, 66.1591644287, 128.883056641, 22.0713577271, 3.94620609283, 0.99106824398, 1.044739604, 2.22562074661, 0.671375453472, 0.105113305151, 0.0388959161937, 0.00373874721117, 0.000318033329677, 6.26101827947e-05, 4.71571684102e-06, 1.85095927918e-07, 2.07292766286e-10, 5.11262310265e-10]
    },
    "gfcc": {
        "mean": [-179.738296509, 138.973205566, -107.463272095, 13.4681911469, -63.5177688599, -23.6229076385, -44.479259491, -5.88369369507, -29.0253791809, -13.3176355362, -12.503282547, -9.17403411865, -22.1631450653],
        "cov": [[18580.1796875, 1314.07958984, -3453.71411133, 366.703765869, -944.015441895, -765.297973633, -529.255310059, -23.316947937, 529.571472168, -476.550231934, 370.559295654, -539.721313477, -454.234924316], [1314.07958984, 1323.59387207, 12.3693885803, -370.62890625, 145.035751343, -201.862945557, 33.9955482483, -8.4088344574, -67.0496520996, -178.411941528, 129.304595947, -82.6004714966, -63.3727874756], [-3453.71411133, 12.3693885803, 1787.18518066, 256.59362793, 187.699127197, 196.638534546, 18.8652420044, 62.1602630615, -220.631408691, 152.182846069, -154.183685303, 288.268493652, 156.882873535], [366.703765869, -370.62890625, 256.59362793, 741.980895996, 25.62408638, -80.6258926392, -77.3572998047, 68.6658477783, 65.9211730957, 100.995574951, -32.7449035645, 111.531044006, 95.0965576172], [-944.015441895, 145.035751343, 187.699127197, 25.62408638, 414.679138184, 0.693841278553, -84.4535980225, 5.42750644684, 20.7420425415, 94.0652160645, -30.1666717529, -32.8595352173, 29.3659496307], [-765.297973633, -201.862945557, 196.638534546, -80.6258926392, 0.693841278553, 260.194824219, 59.9516029358, -30.0087356567, -41.906993866, 50.5377616882, -45.1643104553, 31.0556163788, -14.2203626633], [-529.255310059, 33.9955482483, 18.8652420044, -77.3572998047, -84.4535980225, 59.9516029358, 277.633666992, 65.8809356689, -59.7761001587, -43.5135879517, 48.6137428284, 25.2316150665, 9.20920944214], [-23.316947937, -8.4088344574, 62.1602630615, 68.6658477783, 5.42750644684, -30.0087356567, 65.8809356689, 136.055328369, 27.1242923737, -2.26036739349, 1.74546051025, 17.2151889801, 36.7041168213], [529.571472168, -67.0496520996, -220.631408691, 65.9211730957, 20.7420425415, -41.906993866, -59.7761001587, 27.1242923737, 182.256317139, -10.4633636475, 12.0783395767, -47.5794448853, -4.58665370941], [-476.550231934, -178.411941528, 152.182846069, 100.995574951, 94.0652160645, 50.5377616882, -43.5135879517, -2.26036739349, -10.4633636475, 197.211730957, -49.5196609497, -7.13471651077, 17.5929660797], [370.559295654, 129.304595947, -154.183685303, -32.7449035645, -30.1666717529, -45.1643104553, 48.6137428284, 1.74546051025, 12.0783395767, -49.5196609497, 188.073669434, -17.2424716949, -58.2319488525], [-539.721313477, -82.6004714966, 288.268493652, 111.531044006, -32.8595352173, 31.0556163788, 25.2316150665, 17.2151889801, -47.5794448853, -7.13471651077, -17.2424716949, 138.9480896, 47.0943946838], [-454.234924316, -63.3727874756, 156.882873535, 95.0965576172, 29.3659496307, -14.2203626633, 9.20920944214, 36.7041168213, -4.58665370941, 17.5929660797, -58.2319488525, 47.0943946838, 109.232345581]],
        "icov": [[0.000268021161901, -0.000660104909912, 0.000595003424678, -0.000664432765916, 0.000808844168205, -0.000576641003136, 0.000842658570036, -0.000638354977127, 0.000109832886665, -0.000108414125862, 0.000165508783539, 0.00012315317872, 0.000363610044587], [-0.000660104909912, 0.00324134179391, -0.00197282782756, 0.00232830061577, -0.00275729317218, 0.00304041896015, -0.00241094385274, 0.00177330872975, 0.000128533269162, 0.00152172008529, -0.000884757610038, 0.000578701554332, -0.000274420395726], [0.000595003424678, -0.00197282782756, 0.00275341467932, -0.00176751078106, 0.00145693751983, -0.00243130070157, 0.00235131685622, -0.00220143608749, 0.00126339925919, -0.000985431950539, 0.000739899987821, -0.00202431483194, 0.000226207470405], [-0.000664432765916, 0.00232830061577, -0.00176751078106, 0.00417904276401, -0.00208750832826, 0.00299153593369, -0.00183951319195, 0.00123398285359, -0.00125555309933, -0.000671201560181, -0.00086926255608, -0.00197013863362, -0.00137939187698], [0.000808844168205, -0.00275729317218, 0.00145693751983, -0.00208750832826, 0.00608639651909, -0.00246776361018, 0.00357750314288, -0.00226250826381, -0.000279665255221, -0.00198392127641, 0.000154094421305, 0.0017216168344, -0.000362517719623], [-0.000576641003136, 0.00304041896015, -0.00243130070157, 0.00299153593369, -0.00246776361018, 0.00911234412342, -0.00459595909342, 0.00377342733555, -0.00126569450367, -0.000469980936032, 0.00109007454012, -0.00115250376984, 0.00232334667817], [0.000842658570036, -0.00241094385274, 0.00235131685622, -0.00183951319195, 0.00357750314288, -0.00459595909342, 0.00932857673615, -0.00618960196152, 0.00293150823563, 0.000289852119749, -0.00164057244547, 0.000525551091414, -0.000961701676715], [-0.000638354977127, 0.00177330872975, -0.00220143608749, 0.00123398285359, -0.00226250826381, 0.00377342733555, -0.00618960196152, 0.0130278179422, -0.00353130046278, 3.61074198736e-05, -5.56583181606e-05, -0.000107210515125, -0.00243206974119], [0.000109832886665, 0.000128533269162, 0.00126339925919, -0.00125555309933, -0.000279665255221, -0.00126569450367, 0.00293150823563, -0.00353130046278, 0.00915908161551, 0.00155965203885, -0.000708201725502, 0.00234150304459, -0.000593982462306], [-0.000108414125862, 0.00152172008529, -0.000985431950539, -0.000671201560181, -0.00198392127641, -0.000469980936032, 0.000289852119749, 3.61074198736e-05, 0.00155965203885, 0.00869758334011, 0.000298524304526, 0.00361881102435, 0.000130854779854], [0.000165508783539, -0.000884757610038, 0.000739899987821, -0.00086926255608, 0.000154094421305, 0.00109007454012, -0.00164057244547, -5.56583181606e-05, -0.000708201725502, 0.000298524304526, 0.00834825076163, -0.00156804337166, 0.00517525011674], [0.00012315317872, 0.000578701554332, -0.00202431483194, -0.00197013863362, 0.0017216168344, -0.00115250376984, 0.000525551091414, -0.000107210515125, 0.00234150304459, 0.00361881102435, -0.00156804337166, 0.016372513026, -0.00353002059273], [0.000363610044587, -0.000274420395726, 0.000226207470405, -0.00137939187698, -0.000362517719623, 0.00232334667817, -0.000961701676715, -0.00243206974119, -0.000593982462306, 0.000130854779854, 0.00517525011674, -0.00353002059273, 0.0169167071581]]
    },
    "melbands": {
        "dmean": [4.78474703414e-06, 6.28071938991e-05, 0.000121952994959, 0.000143503391882, 0.000108525338874, 0.000141186770634, 0.000226323390962, 9.72168854787e-05, 0.000172167317942, 7.23361226846e-05, 2.06585173146e-05, 2.56589391938e-05, 2.7645191949e-05, 1.18574653243e-05, 1.20891081679e-05, 1.51671592903e-05, 1.50175355884e-05, 1.1761220776e-05, 1.06172683445e-05, 3.52980941898e-06, 3.13314399136e-06, 2.72258125733e-06, 4.53762913821e-06, 3.18424577017e-06, 1.05150161289e-06, 1.50275332089e-06, 1.33534740598e-06, 6.97636892255e-07, 3.58656620847e-07, 2.00525917649e-07, 8.322313505e-08, 7.79987416877e-08, 1.69749384327e-07, 1.83730023195e-07, 1.01825570198e-07, 4.61013094366e-08, 3.06045002674e-08, 2.49530689445e-08, 1.44133656121e-08, 5.64698243721e-09],
        "dmean2": [6.43438352199e-06, 9.22700637602e-05, 0.000184708871529, 0.000188070218428, 0.000149055704242, 0.00019588721625, 0.000328515772708, 0.000130413871375, 0.000199170419364, 8.4955827333e-05, 2.44452185143e-05, 3.30978327838e-05, 3.57237659045e-05, 1.40180400194e-05, 1.55050911417e-05, 2.04397601919e-05, 2.22852377192e-05, 1.89035890799e-05, 1.17274576041e-05, 5.35774779564e-06, 4.34519824921e-06, 3.7735596834e-06, 6.50013134873e-06, 4.39342329628e-06, 1.35209495511e-06, 1.97591316464e-06, 1.86863269391e-06, 1.02629917365e-06, 5.43352769e-07, 3.1176716675e-07, 1.22463390539e-07, 1.10451367163e-07, 2.5681652005e-07, 2.80045526324e-07, 1.60557334539e-07, 6.54874199313e-08, 4.19509937899e-08, 3.3814291811e-08, 1.78114802907e-08, 8.13381184628e-09],
        "dvar": [1.69841890552e-10, 2.04818206839e-08, 5.44893552501e-08, 9.06725006189e-08, 5.42585567587e-08, 1.55942544211e-07, 5.69790813643e-07, 9.79674155133e-08, 3.10085681576e-07, 9.13093032295e-08, 5.77787329092e-09, 1.15777547549e-08, 1.92323525994e-08, 2.03481542727e-09, 1.89446325294e-09, 2.69057243152e-09, 4.52144144347e-09, 2.29357532966e-09, 2.69971556222e-09, 3.34225230825e-10, 2.40548220232e-10, 8.55847059889e-11, 1.52653875651e-10, 8.03903957292e-11, 8.26864531706e-12, 2.42871209255e-11, 1.33498221158e-11, 2.99688399097e-12, 1.709672009e-12, 7.08216254738e-13, 1.3033717443e-13, 1.55605549604e-13, 4.69782632934e-13, 8.89009731716e-13, 4.3472690725e-13, 3.46906036612e-14, 2.46206355271e-14, 1.05358930063e-14, 5.52523360791e-15, 8.14418314197e-16],
        "dvar2": [2.95991342547e-10, 4.43257945903e-08, 1.1604534933e-07, 1.31836941364e-07, 1.05125302241e-07, 2.98737319326e-07, 1.0009378002e-06, 1.96179385625e-07, 3.53033357214e-07, 1.52947421839e-07, 8.29747648368e-09, 2.33334880306e-08, 2.93978530408e-08, 3.07195446858e-09, 3.26925420069e-09, 4.73056438466e-09, 9.96743665382e-09, 5.33187138885e-09, 3.26300542142e-09, 7.85232323608e-10, 4.333050585e-10, 1.48867654315e-10, 2.91860702273e-10, 1.55309223815e-10, 1.36783856811e-11, 4.06353527216e-11, 2.81844148714e-11, 6.43185851801e-12, 3.78753452213e-12, 1.56766516001e-12, 2.85305064079e-13, 3.82065039328e-13, 1.08767487204e-12, 2.18226261714e-12, 1.15278587457e-12, 7.56055916658e-14, 4.00254882135e-14, 1.6142374438e-14, 8.82581395391e-15, 1.31353200191e-15],
        "max": [0.000223739742069, 0.00241790665314, 0.0026443649549, 0.00535669224337, 0.00295154424384, 0.00738728791475, 0.0108272237703, 0.00509651890025, 0.0132539262995, 0.00577149540186, 0.00160738639534, 0.00170170934871, 0.00326132681221, 0.00102393340785, 0.000718733528629, 0.000881293963175, 0.00123740674462, 0.000746262201574, 0.00158394640312, 0.000381292804377, 0.00034829552169, 0.000194494525203, 0.00018956270651, 0.000162944445037, 5.07310360263e-05, 0.000102985635749, 4.71675448352e-05, 1.93486084754e-05, 1.73268745129e-05, 1.10161681732e-05, 5.6233657233e-06, 7.30731062504e-06, 1.01274463304e-05, 1.87087607628e-05, 1.25331589516e-05, 2.91979176836e-06, 3.37089250024e-06, 2.27085138249e-06, 1.76153150733e-06, 4.88479599881e-07],
        "mean": [1.22905048556e-05, 0.000150966487126, 0.000326166977175, 0.000351502618287, 0.000258832122199, 0.000332209398039, 0.000552001059987, 0.000171598323504, 0.000450538937002, 0.00017250989913, 4.21758049924e-05, 4.4999174861e-05, 4.15533468185e-05, 1.98161305889e-05, 2.06694021472e-05, 2.64032023551e-05, 2.18042932829e-05, 2.0759549443e-05, 2.15465752262e-05, 6.05719287705e-06, 4.47910088042e-06, 4.69634142064e-06, 8.52642460814e-06, 5.79652942179e-06, 2.01870398087e-06, 3.11117833007e-06, 2.33945229411e-06, 1.11500548883e-06, 4.58533548908e-07, 2.38313447198e-07, 9.43255997754e-08, 8.83038069333e-08, 2.12519196907e-07, 2.37515223489e-07, 1.12663357754e-07, 5.15254221511e-08, 3.80750186935e-08, 3.2039345399e-08, 1.75735728192e-08, 7.03756430909e-09],
        "median": [1.4654098095e-06, 5.22467598785e-05, 0.000133438166813, 0.000148172024637, 8.94003169378e-05, 5.05123607581e-05, 2.3856126063e-05, 1.69225186255e-05, 1.85504050023e-05, 3.60659055332e-06, 1.36862479394e-06, 1.45332944612e-06, 1.67038092513e-06, 7.79634206083e-07, 4.99308271174e-07, 3.82182463454e-07, 2.2389454557e-07, 2.11480141843e-07, 1.90895448782e-07, 1.38443581932e-07, 1.46984262983e-07, 1.37907761655e-07, 1.6872691333e-07, 2.10735933592e-07, 1.15530568223e-07, 1.46607234797e-07, 9.81269039357e-08, 4.19172145882e-08, 3.41245964819e-08, 1.28745494266e-08, 3.01432900862e-09, 2.32645347431e-09, 7.11578485024e-09, 1.00003791914e-08, 6.10648642763e-09, 3.62068797166e-09, 1.72954750521e-09, 1.51737356013e-09, 9.99831550885e-10, 5.52727752456e-10],
        "min": [5.88195004101e-24, 3.56437215364e-24, 1.12279574493e-23, 6.97903980672e-24, 3.7462590237e-24, 2.72451434913e-24, 3.61582442289e-24, 4.32902488983e-24, 6.4403093396e-24, 9.40081280903e-24, 6.33050976236e-24, 4.80051640326e-24, 5.03673449044e-24, 7.42536074081e-24, 6.59513275858e-24, 5.66272086228e-24, 4.94525344671e-24, 5.63089781894e-24, 6.56893468792e-24, 1.11124398138e-23, 9.24167984292e-24, 7.48782274729e-24, 5.17349220583e-24, 5.89002915997e-24, 9.62454559466e-24, 7.99617970297e-24, 8.97295516442e-24, 6.07435361022e-24, 9.95847751559e-24, 8.00669679656e-24, 7.04095749917e-24, 8.11165789544e-24, 6.55865464703e-24, 9.21153115685e-24, 6.20655249844e-24, 5.98845967385e-24, 7.72258144179e-24, 7.67117216546e-24, 1.04661797167e-23, 7.79605436878e-24],
