{
"metadata": {
    "version": {
        "essentia": "2.0.1",
        "extractor": "archive-music 1.0"
    },
    "audio_properties": {
        "analysis_sample_rate": 44100,
        "bitrate": 128,
        "channels": 2,
        "equal_loudness": 0,
        "length": 15.2293872833,
        "replay_gain": -1.00307846069,
        "downmix": "mix"
    },
    "tags": {
        "track": 0,
        "year": 0,
        "album": "",
        "artist": "",
        "comment": "",
        "genre": "",
        "title": ""
    }
},
"highlevel": {
    "culture": {
        "all": {
            "non_western": 0.177181839943,
            "western": 0.822818160057
        },
        "probability": 0.822818160057,
        "value": "western"
    },
    "danceability": {
        "all": {
            "danceable": 0.0663279742002,
            "not_danceable": 0.933672010899
        },
        "probability": 0.933672010899,
        "value": "not_danceable"
    },
    "gender": {
        "all": {
            "female": 0.295441240072,
            "male": 0.704558730125
        },
        "probability": 0.704558730125,
        "value": "male"
    },
    "genre_dortmund": {
        "all": {
            "alternative": 0.00850518606603,
            "blues": 0.134453698993,
            "electronic": 0.0128799490631,
            "folkcountry": 0.0519142709672,
            "funksoulrnb": 0.0307357646525,
            "jazz": 0.514313042164,
            "pop": 0.0173211116344,
            "raphiphop": 0.216600120068,
            "rock": 0.0132768498734
        },
        "probability": 0.514313042164,
        "value": "jazz"
    },
    "genre_electronic": {
        "all": {
            "ambient": 0.961565613747,
            "dnb": 0.00670080864802,
            "house": 0.0189275294542,
            "techno": 0.0102619305253,
            "trance": 0.00254412181675
        },
        "probability": 0.961565613747,
        "value": "ambient"
    },
    "genre_rosamerica": {
        "all": {
            "cla": 0.396445930004,
            "dan": 0.00459707528353,
            "hip": 0.0251907799393,
            "jaz": 0.194182857871,
            "pop": 0.00796427950263,
            "rhy": 0.0265246164054,
            "roc": 0.00277646887116,
            "spe": 0.342317998409
        },
        "probability": 0.396445930004,
        "value": "cla"
    },
    "genre_tzanetakis": {
        "all": {
            "blu": 0.0265817027539,
            "cla": 0.0334902703762,
            "cou": 0.0115394853055,
            "dis": 0.0120999673381,
            "hip": 0.0901009961963,
            "jaz": 0.230282887816,
            "met": 0.00430603697896,
            "pop": 0.0650735795498,
            "reg": 0.508928835392,
            "roc": 0.0175962317735
        },
        "probability": 0.508928835392,
        "value": "reg"
    },
    "mirex_ballroom": {
        "all": {
            "ChaChaCha": 0.0145483566448,
            "Jive": 0.00207153428346,
            "Quickstep": 0.0718308761716,
            "Rumba-American": 0.0198917575181,
            "Rumba-International": 0.0255456846207,
            "Rumba-Misc": 0.0316247493029,
            "Samba": 0.00590570829809,
            "Tango": 0.0309376977384,
            "VienneseWaltz": 0.0754789113998,
            "Waltz": 0.722164690495
        },
        "probability": 0.722164690495,
        "value": "Waltz"
    },
    "mood_acoustic": {
        "all": {
            "acoustic": 0.906789779663,
            "not_acoustic": 0.0932102128863
        },
        "probability": 0.906789779663,
        "value": "acoustic"
    },
    "mood_aggressive": {
        "all": {
            "aggressive": 4.75835759062e-06,
            "not_aggressive": 0.999995231628
        },
        "probability": 0.999995231628,
        "value": "not_aggressive"
    },
    "mood_electronic": {
        "all": {
            "electronic": 0.0688891932368,
            "not_electronic": 0.931110799313
        },
        "probability": 0.931110799313,
        "value": "not_electronic"
    },
    "mood_happy": {
        "all": {
            "happy": 0.478282660246,
            "not_happy": 0.521717369556
        },
        "probability": 0.521717369556,
        "value": "not_happy"
    },
    "mood_party": {
        "all": {
            "not_party": 0.977987825871,
            "party": 0.0220121815801
        },
        "probability": 0.977987825871,
        "value": "not_party"
    },
    "mood_relaxed": {
        "all": {
            "not_relaxed": 0.010968092829,
            "relaxed": 0.989031910896
        },
        "probability": 0.989031910896,
        "value": "relaxed"
    },
    "mood_sad": {
        "all": {
            "not_sad": 0.59462082386,
            "sad": 0.405379205942
        },
        "probability": 0.59462082386,
        "value": "not_sad"
    },
    "moods_mirex": {
        "all": {
            "Cluster1": 0.0537631884217,
            "Cluster2": 0.0485495366156,
            "Cluster3": 0.0651320368052,
            "Cluster4": 0.0554953850806,
            "Cluster5": 0.777059853077
        },
        "probability": 0.777059853077,
        "value": "Cluster5"
    },
    "timbre": {
        "all": {
            "bright": 0.976582109928,
            "dark": 0.0234178863466
        },
        "probability": 0.976582109928,
        "value": "bright"
    },
    "tonal_atonal": {
        "all": {
            "atonal": 0.0592503584921,
            "tonal": 0.940749645233
        },
        "probability": 0.940749645233,
        "value": "tonal"
    },
    "voice_instrumental": {
        "all": {
            "instrumental": 0.178432390094,
            "voice": 0.821567595005
        },
        "probability": 0.821567595005,
        "value": "voice"
    }
},
"lowlevel": {
    "average_loudness": 0.913739323616,
    "barkbands_kurtosis": {
        "dmean": 10.2052326202,
        "dmean2": 15.9149312973,
        "dvar": 350.327636719,
        "dvar2": 770.19720459,
        "max": 233.478820801,
        "mean": 13.124710083,
        "median": 5.17137908936,
        "min": -1.87742066383,
        "var": 580.271850586
    },
    "barkbands_skewness": {
        "dmean": 1.11306500435,
        "dmean2": 1.57775080204,
        "dvar": 1.28446447849,
        "dvar2": 2.69825673103,
        "max": 13.1413221359,
        "mean": 1.94037604332,
        "median": 1.73338592052,
        "min": -4.2763376236,
        "var": 5.24652051926
    },
    "barkbands_spread": {
        "dmean": 5.82641124725,
        "dmean2": 8.6550579071,
        "dvar": 76.7834091187,
        "dvar2": 162.850601196,
        "max": 83.8339385986,
        "mean": 11.4989767075,
        "median": 6.23169231415,
        "min": 0.438997745514,
        "var": 193.564453125
    },
    "dissonance": {
        "dmean": 0.0441364981234,
        "dmean2": 0.0709372535348,
        "dvar": 0.00205892184749,
        "dvar2": 0.00476484233513,
        "max": 0.499889642,
        "mean": 0.394033074379,
        "median": 0.40030503273,
        "min": 0.116437062621,
        "var": 0.00580135313794
    },
    "dynamic_complexity": 7.00699186325,
    "erbbands_kurtosis": {
        "dmean": 3.8389582634,
        "dmean2": 6.21612071991,
        "dvar": 40.6495857239,
        "dvar2": 92.4281158447,
        "max": 77.2731933594,
        "mean": 4.12807559967,
        "median": 2.0226855278,
        "min": -1.8232935667,
        "var": 57.5326118469
    },
    "erbbands_skewness": {
        "dmean": 0.767031252384,
        "dmean2": 1.15270805359,
        "dvar": 0.604118227959,
        "dvar2": 1.22588849068,
        "max": 7.38410663605,
        "mean": 0.903164505959,
        "median": 0.796003043652,
        "min": -3.85862588882,
        "var": 2.17652130127
    },
    "erbbands_spread": {
        "dmean": 9.12031555176,
        "dmean2": 14.3346300125,
        "dvar": 138.056991577,
        "dvar2": 329.31741333,
        "max": 108.817642212,
        "mean": 21.5395107269,
        "median": 15.2066421509,
        "min": 1.61606824398,
        "var": 309.891967773
    },
    "hfc": {
        "dmean": 4.46690988541,
        "dmean2": 5.6808681488,
        "dvar": 131.4662323,
        "dvar2": 228.82194519,
        "max": 267.377288818,
        "mean": 8.83570194244,
        "median": 3.24323129654,
        "min": 1.16933838046e-16,
        "var": 364.542724609
    },
    "melbands_kurtosis": {
        "dmean": 13.2104787827,
        "dmean2": 20.6309242249,
        "dvar": 536.923034668,
        "dvar2": 1192.49853516,
        "max": 287.005157471,
        "mean": 18.5848579407,
        "median": 6.93407440186,
        "min": -1.71858298779,
        "var": 985.560241699
    },
    "melbands_skewness": {
        "dmean": 1.1777920723,
        "dmean2": 1.75172948837,
        "dvar": 1.53797638416,
        "dvar2": 3.33512234688,
        "max": 13.3418254852,
        "mean": 2.45498967171,
        "median": 1.93847596645,
        "min": -2.8013677597,
        "var": 5.61128520966
    },
    "melbands_spread": {
        "dmean": 9.98802566528,
        "dmean2": 14.908367157,
        "dvar": 390.843048096,
        "dvar2": 727.261901855,
        "max": 192.386978149,
        "mean": 20.2086200714,
        "median": 8.17398071289,
        "min": 0.419663101435,
        "var": 1000.70794678
    },
    "pitch_salience": {
        "dmean": 0.0942336469889,
        "dmean2": 0.141709700227,
        "dvar": 0.00693497806787,
        "dvar2": 0.015267694369,
        "max": 0.994406461716,
        "mean": 0.514986753464,
        "median": 0.536519944668,
        "min": 0.079886905849,
        "var": 0.028755530715
    },
    "silence_rate_20dB": {
        "dmean": 0,
        "dmean2": 0,
        "dvar": 0,
        "dvar2": 0,
        "max": 1,
        "mean": 1,
        "median": 1,
        "min": 1,
        "var": 0
    },
    "silence_rate_30dB": {
        "dmean": 0.00609756074846,
        "dmean2": 0.0122137404978,
        "dvar": 0.00606038793921,
        "dvar2": 0.01206460502,
        "max": 1,
        "mean": 0.987823426723,
        "median": 1,
        "min": 0,
        "var": 0.012028307654
    },
    "silence_rate_60dB": {
        "dmean": 0.0945121943951,
        "dmean2": 0.189312979579,
        "dvar": 0.0855800360441,
        "dvar2": 0.165688320994,
        "max": 1,
        "mean": 0.372907161713,
        "median": 0,
        "min": 0,
        "var": 0.233847141266
    },
    "spectral_centroid": {
        "dmean": 308.679595947,
        "dmean2": 410.473602295,
        "dvar": 354815.125,
        "dvar2": 468388,
        "max": 11346.2607422,
        "mean": 1056.8157959,
        "median": 653.489624023,
        "min": 209.144927979,
        "var": 1186251.625
    },
    "spectral_complexity": {
        "dmean": 1.48780488968,
        "dmean2": 2.0702290535,
        "dvar": 3.16754007339,
        "dvar2": 5.2347779274,
        "max": 19,
        "mean": 4.63318109512,
        "median": 4,
        "min": 0,
        "var": 14.8076486588
    },
    "spectral_crest": {
        "dmean": 3.33054733276,
        "dmean2": 5.28939962387,
        "dvar": 8.90886878967,
        "dvar2": 20.2988910675,
        "max": 26.4004631042,
        "mean": 14.7393703461,
        "median": 14.1747617722,
        "min": 3.15825486183,
        "var": 33.3207511902
    },
    "spectral_decrease": {
        "dmean": 1.79945081058e-09,
        "dmean2": 2.34409713862e-09,
        "dvar": 1.76260641094e-17,
        "dvar2": 3.21056324303e-17,
        "max": 5.0076903592e-20,
        "mean": -3.77745701385e-09,
        "median": -1.777031855e-09,
        "min": -9.30625532192e-08,
        "var": 4.90598968421e-17
    },
    "spectral_energy": {
        "dmean": 0.00717115681618,
        "dmean2": 0.00933529809117,
        "dvar": 0.000284205045318,
        "dvar2": 0.000516005209647,
        "max": 0.375491142273,
        "mean": 0.0150584112853,
        "median": 0.00694873463362,
        "min": 1.0629858945e-20,
        "var": 0.00079084909521
    },
    "spectral_energyband_high": {
        "dmean": 5.42982088518e-05,
        "dmean2": 8.04311057436e-05,
        "dvar": 3.94222574585e-08,
        "dvar2": 8.38667446601e-08,
        "max": 0.00286306184717,
        "mean": 7.08877851139e-05,
        "median": 9.10264407139e-06,
        "min": 7.78900487423e-21,
        "var": 6.04746475119e-08
    },
    "spectral_energyband_low": {
        "dmean": 2.43711419898e-05,
        "dmean2": 3.20609469782e-05,
        "dvar": 3.27460103478e-09,
        "dvar2": 3.9507996874e-09,
        "max": 0.00103615317494,
        "mean": 4.59003495052e-05,
        "median": 1.15056063805e-05,
        "min": 5.76425775264e-23,
        "var": 1.78276611251e-08
    },
    "spectral_energyband_middle_high": {
        "dmean": 0.000886021240149,
        "dmean2": 0.00109203520697,
        "dvar": 4.57817986899e-06,
        "dvar2": 6.54444056636e-06,
        "max": 0.0350457802415,
        "mean": 0.00143105804455,
        "median": 0.000301638297969,
        "min": 1.39538614164e-21,
        "var": 1.19868973343e-05
    },
    "spectral_energyband_middle_low": {
        "dmean": 0.00672264350578,
        "dmean2": 0.00903028063476,
        "dvar": 0.000267955183517,
        "dvar2": 0.000525974377524,
        "max": 0.361874997616,
        "mean": 0.0135734463111,
        "median": 0.00633027916774,
        "min": 3.12059313449e-22,
        "var": 0.000667414278723
    },
    "spectral_flatness_db": {
        "dmean": 0.0380754731596,
        "dmean2": 0.0570047050714,
        "dvar": 0.00158383266535,
        "dvar2": 0.00273013999686,
        "max": 0.445636719465,
        "mean": 0.253177851439,
        "median": 0.271536886692,
        "min": 0.0412441641092,
        "var": 0.00872767157853
    },
    "spectral_flux": {
        "dmean": 0.0248933471739,
        "dmean2": 0.0402420833707,
        "dvar": 0.00109878776129,
        "dvar2": 0.00300435628742,
        "max": 0.522073566914,
        "mean": 0.0521276108921,
        "median": 0.0390758402646,
        "min": 1.03101208127e-10,
        "var": 0.00252090441063
    },
    "spectral_kurtosis": {
        "dmean": 5.58501529694,
        "dmean2": 9.01207923889,
        "dvar": 37.8749847412,
        "dvar2": 94.4450149536,
        "max": 67.8579559326,
        "mean": 13.5899715424,
        "median": 10.4560642242,
        "min": -1.21534252167,
        "var": 130.552734375
    },
    "spectral_rms": {
        "dmean": 0.000805780291557,
        "dmean2": 0.00101917574648,
        "dvar": 1.09732661713e-06,
        "dvar2": 1.64166704053e-06,
        "max": 0.0191398225725,
        "mean": 0.0029238963034,
        "median": 0.00260369991884,
        "min": 3.2203406608e-12,
        "var": 6.14195960225e-06
    },
    "spectral_rolloff": {
        "dmean": 498.217285156,
        "dmean2": 792.323181152,
        "dvar": 1705368.375,
        "dvar2": 2836605,
        "max": 18949.21875,
        "mean": 1443.70922852,
        "median": 689.0625,
        "min": 43.06640625,
        "var": 5426424
    },
    "spectral_skewness": {
        "dmean": 0.55266648531,
        "dmean2": 0.834262907505,
        "dvar": 0.270589888096,
        "dvar2": 0.572849333286,
        "max": 6.73297071457,
        "mean": 2.48764514923,
        "median": 2.35249447823,
        "min": -0.0391573384404,
        "var": 1.47154819965
    },
    "spectral_spread": {
        "dmean": 655682.5625,
        "dmean2": 860696.3125,
        "dvar": 3.18643712819e+12,
        "dvar2": 3.07417081446e+12,
        "max": 40938264,
        "mean": 3262930.5,
        "median": 2762212,
        "min": 1120505.875,
        "var": 6.61151809536e+12
    },
    "spectral_strongpeak": {
        "dmean": 0.55085337162,
        "dmean2": 0.806009590626,
        "dvar": 0.704705297947,
        "dvar2": 1.31414115429,
        "max": 13.4136247635,
        "mean": 1.1201363802,
        "median": 0.716937303543,
        "min": 0,
        "var": 2.12413644791
    },
    "zerocrossingrate": {
        "dmean": 0.0136748524383,
        "dmean2": 0.0149988075718,
        "dvar": 0.000927253859118,
        "dvar2": 0.00129692268092,
        "max": 0.50927734375,
        "mean": 0.051382496953,
        "median": 0.02978515625,
        "min": 0.00927734375,
        "var": 0.00422065006569
    },
    "barkbands": {
        "dmean": [6.87765123075e-06, 7.08266270522e-06, 1.20812808291e-06, 0.000181671450264, 0.00145394122228, 0.00208380934782, 0.000646901666187, 0.00068292155629, 0.00347794988193, 0.000198026798898, 0.000277200975688, 0.000131010980112, 6.08548325545e-05, 0.000133294946863, 0.000132129469421, 6.19243655819e-05, 8.55148027767e-05, 5.45486946066e-05, 3.54577277903e-05, 1.8281980374e-05, 2.50424200203e-05, 1.05886738311e-05, 5.48576690562e-06, 4.51906407761e-06, 2.09796462514e-06, 4.73073441754e-07, 2.00944771933e-08],
        "dmean2": [9.87517705653e-06, 1.1795455066e-05, 2.15641921386e-06, 0.000215338062844, 0.0020686967764, 0.00302866986021, 0.000940102210734, 0.0010253500659, 0.0048570423387, 0.000271280587185, 0.000376997311832, 0.000188135934877, 9.63132697507e-05, 0.000202095077839, 0.000205246542464, 8.78145365277e-05, 0.000121328346722, 8.02194481366e-05, 5.3624422435e-05, 2.73371588264e-05, 3.79536431865e-05, 1.77757428901e-05, 8.01371697889e-06, 6.19857519268e-06, 2.92827667181e-06, 6.50336403396e-07, 3.45745121422e-08],
        "dvar": [9.18673678796e-11, 1.35064695539e-10, 2.31063813916e-11, 5.96753068294e-07, 7.60644161346e-06, 3.56883683708e-05, 3.80458891414e-06, 3.2376353829e-06, 0.000249859760515, 9.06025604763e-07, 1.11614349407e-06, 2.31812322227e-07, 5.02894934584e-08, 3.55170698185e-07, 2.49468286029e-07, 3.85870357889e-08, 5.54475292347e-08, 1.58514037452e-08, 1.8525918577e-08, 5.71453462328e-09, 1.20467706921e-08, 1.92985627478e-09, 4.93842411409e-10, 3.27145727175e-10, 7.41060268705e-11, 2.31421999619e-12, 4.75272219583e-15],
        "dvar2": [1.60597590781e-10, 3.27703503222e-10, 6.63052043826e-11, 7.30460953946e-07, 1.7105936422e-05, 6.33414019831e-05, 7.61235196478e-06, 7.50438766772e-06, 0.000535228813533, 1.6702015273e-06, 1.60258161941e-06, 5.15119324973e-07, 1.29032855511e-07, 6.77802972859e-07, 5.17306773418e-07, 6.18259790031e-08, 1.08586469594e-07, 3.16499821906e-08, 4.64611140671e-08, 1.08924380626e-08, 2.77545879612e-08, 4.57357929307e-09, 8.29673940661e-10, 5.81328596372e-10, 1.35300479154e-10, 4.43351085011e-12, 1.08246880426e-14],
        "max": [0.000102751553641, 0.000198364970856, 8.00551933935e-05, 0.0123014235869, 0.0309592653066, 0.0983756780624, 0.0323195829988, 0.021840101108, 0.34595105052, 0.0219608005136, 0.0179653596133, 0.0068253162317, 0.00382100814022, 0.00914283748716, 0.00678836321458, 0.00318338582292, 0.00397408520803, 0.00204096082598, 0.00276216748171, 0.00139289768413, 0.00166244409047, 0.000573728641029, 0.000369034940377, 0.000335006974638, 0.000140964242746, 2.24888262892e-05, 7.3004684964e-07],
        "mean": [9.24411597225e-06, 8.89165312401e-06, 1.05932031147e-06, 0.000371782953152, 0.00291142822243, 0.00374697870575, 0.00102386041544, 0.000942914164625, 0.00449417112395, 0.000220493326196, 0.000371723523131, 0.00014728824317, 6.92768153385e-05, 0.000160454961588, 0.000154497509357, 8.31900179037e-05, 0.000137574068503, 8.16549072624e-05, 4.17871160607e-05, 2.20967267524e-05, 3.06868205371e-05, 1.1542944776e-05, 6.84529322825e-06, 5.72163980905e-06, 2.51690516961e-06, 7.22026470612e-07, 1.99229557296e-08],
        "median": [4.55720510217e-06, 4.99465659232e-06, 2.50894942155e-07, 9.13655526347e-07, 0.000481363967992, 5.69926596654e-05, 2.71364551736e-05, 3.04764671455e-05, 9.04374901438e-05, 9.88029023574e-06, 9.17303714232e-06, 8.08672757557e-06, 4.6121745072e-06, 7.85578049545e-06, 9.85563383438e-06, 7.65245567891e-06, 2.06169552257e-05, 1.08587537397e-05, 3.71540636479e-06, 1.8637389303e-06, 2.97265296467e-06, 1.16916737625e-06, 7.53999415792e-07, 5.85057136959e-07, 2.47021944233e-07, 2.04569303719e-07, 6.31541974272e-09],
        "min": [9.78319104473e-24, 2.7995319841e-23, 7.47366821606e-24, 1.29069279793e-24, 4.00051717649e-23, 2.83392789729e-23, 2.67084447354e-23, 1.01237296757e-22, 4.23362652062e-23, 2.96646820451e-23, 3.58680507009e-23, 8.2821395723e-23, 9.18263439303e-23, 5.92901040606e-23, 9.61726709064e-23, 1.30764284709e-22, 1.8770541343e-22, 1.76373874599e-22, 1.5345545844e-22, 1.91234587793e-22, 3.60301048189e-22, 4.46963136292e-22, 6.18449380183e-22, 1.14987122141e-21, 1.12942192726e-21, 1.38003331808e-21, 1.99993793837e-21],
        "var": [1.871883204e-10, 1.90508483988e-10, 1.43689045037e-11, 2.547051281e-06, 2.18710065383e-05, 0.000104002858279, 1.10370683615e-05, 6.62786260364e-06, 0.000430082174717, 1.27433520447e-06, 2.35577681451e-06, 3.25293967762e-07, 5.60681243655e-08, 5.25306063537e-07, 3.69950015511e-07, 8.32728517253e-08, 1.5726082836e-07, 4.10523561811e-08, 2.3427171314e-08, 9.2248146899e-09, 1.688816198e-08, 2.15144457805e-09, 7.89815934876e-10, 5.21921117436e-10, 1.12045303591e-10, 3.49577962064e-12, 4.89492335757e-15]
    },
    "erbbands": {
        "dmean": [0.000487964192871, 0.000690353510436, 0.00424161087722, 0.226551428437, 2.36178326607, 5.55219554901, 11.6819200516, 17.8632736206, 7.70801019669, 16.8423252106, 20.341884613, 94.3703765869, 24.5438766479, 9.90045261383, 7.77295160294, 4.56293392181, 2.51010036469, 5.20630598068, 7.22459888458, 4.11874389648, 3.52952194214, 4.67997312546, 3.13419699669, 2.21368813515, 1.15269827843, 0.834084689617, 1.18169701099, 0.747990846634, 0.428250432014, 0.24993647635, 0.150522574782, 0.0965082421899, 0.0676087141037, 0.0313125364482, 0.0116532249376, 0.00303031108342, 0.000806906144135, 9.7520845884e-05, 5.25717268829e-06, 8.25339520816e-06],
        "dmean2": [0.00079440663103, 0.00113157683518, 0.00561907468364, 0.277250111103, 3.13867259026, 7.83048820496, 18.0222644806, 25.9616985321, 10.7640333176, 25.4156551361, 29.7618083954, 134.491836548, 34.0861854553, 13.1639642715, 10.1953716278, 6.44301700592, 3.82534360886, 7.44494867325, 9.77973079681, 5.73992681503, 4.92784690857, 6.50822639465, 4.65219926834, 3.03876662254, 1.82335305214, 1.21704113483, 1.82128143311, 1.20549345016, 0.699730157852, 0.381268113852, 0.21920235455, 0.135529279709, 0.09805329144, 0.0460514873266, 0.0159994773567, 0.00408165343106, 0.00115174066741, 0.0001430066186, 7.04520152794e-06, 1.07627902253e-05],
        "dvar": [5.93098320678e-07, 1.62369508416e-06, 0.000205222386285, 0.866569161415, 68.2259674072, 110.257720947, 1088.26953125, 3074.8347168, 452.985626221, 1923.75927734, 3771.08911133, 257886.8125, 7097.11376953, 1256.82702637, 1075.92773438, 270.507385254, 88.7613830566, 507.599365234, 717.187866211, 156.28302002, 118.684486389, 154.675567627, 56.5169296265, 38.0825271606, 27.0405387878, 11.4971942902, 26.4598808289, 11.5930042267, 3.00949215889, 1.05319952965, 0.396660208702, 0.127247169614, 0.0798015445471, 0.0172555018216, 0.00258188438602, 9.7546930192e-05, 6.58092130834e-06, 9.68457811723e-08, 1.13862121121e-10, 3.73096969986e-10],
        "dvar2": [1.40570375606e-06, 4.0012782847e-06, 0.000280732667306, 1.10176587105, 133.239517212, 220.080932617, 2247.09838867, 5252.52734375, 729.111694336, 4317.50732422, 7613.76025391, 546711.1875, 13550.5283203, 2141.76733398, 1852.17114258, 557.439331055, 226.938598633, 1106.53979492, 1202.73425293, 300.493621826, 191.133499146, 285.569335938, 107.734649658, 84.7160873413, 65.7656707764, 21.391254425, 60.3772659302, 28.3867359161, 7.26723575592, 2.26948094368, 0.679325044155, 0.210901513696, 0.14251793921, 0.0317375138402, 0.00516540417448, 0.000178275877261, 1.3212687918e-05, 2.07108385553e-07, 1.98001032237e-10, 6.72507605159e-10],
        "max": [0.012190840207, 0.0191056542099, 0.235655784607, 14.4796380997, 142.402908325, 111.541038513, 529.385681152, 1085.06347656, 453.388458252, 606.869995117, 991.680969238, 10780.3671875, 1604.32678223, 602.630004883, 671.409729004, 271.613861084, 173.161071777, 443.999176025, 498.775970459, 198.601028442, 208.615692139, 220.736022949, 114.785568237, 90.7982254028, 110.966804504, 65.8932571411, 69.1047439575, 57.8558120728, 22.7290744781, 12.1068563461, 10.3919219971, 6.58351707458, 4.33689069748, 2.06592917442, 0.83976906538, 0.145065531135, 0.034509524703, 0.0050524957478, 0.0002032120683, 0.0004336280399],
        "mean": [0.000598472601268, 0.00103418400977, 0.0084939384833, 0.474033802748, 4.28250932693, 11.0104675293, 20.6890010834, 33.7775039673, 12.957783699, 24.5666694641, 27.8894367218, 114.492973328, 33.2603797913, 12.6484832764, 10.8987903595, 5.44810342789, 3.11234712601, 6.19280815125, 10.2079658508, 5.37527275085, 5.27295303345, 7.70383930206, 5.08522129059, 3.17267727852, 1.42328882217, 1.05567395687, 1.42801916599, 0.899101614952, 0.457475781441, 0.276699274778, 0.18635571003, 0.130423307419, 0.0851999372244, 0.0376588329673, 0.013409412466, 0.00427012937143, 0.00116010045167, 0.000129993102746, 1.06467323349e-05, 1.73950629687e-05],
        "median": [0.000321741157677, 0.00049935944844, 0.000871461292263, 0.00850160326809, 0.181016087532, 2.08248186111, 2.30282211304, 0.97024512291, 1.14020419121, 1.77036964893, 2.39284563065, 2.66237521172, 1.46376407146, 0.593708217144, 0.41054931283, 0.302619874477, 0.234131753445, 0.450512826443, 0.559884428978, 0.535962164402, 0.562233507633, 1.21851658821, 0.804833948612, 0.340134710073, 0.142360717058, 0.101060859859, 0.106709033251, 0.106645651162, 0.0513620115817, 0.0268343891948, 0.0198768470436, 0.0153949735686, 0.00618716236204, 0.00256026885472, 0.00168172095437, 0.00099283864256, 0.000338174286298, 4.59612310806e-05, 5.84117287872e-06, 8.06176922197e-06],
        "min": [6.04770607817e-22, 6.80110646139e-21, 1.15030821753e-20, 1.65959685833e-20, 8.79740961144e-20, 1.37642052598e-19, 1.59633075697e-19, 1.94981954166e-19, 3.43053565216e-19, 1.83508695406e-18, 1.4773327867e-18, 7.79994301305e-19, 1.3413397445e-18, 1.02036998878e-18, 1.75060327579e-18, 3.13415094502e-18, 4.62253672585e-18, 2.79400807328e-18, 6.21214790697e-18, 6.61061032061e-18, 6.60122223425e-18, 9.25234767801e-18, 8.92885471124e-18, 9.49185451565e-18, 8.25449819839e-18, 8.10067569168e-18, 1.60489483186e-17, 1.39442567331e-17, 1.56838440311e-17, 1.54847184966e-17, 1.93779929421e-17, 1.9338523192e-17, 1.99592792283e-17, 1.18148084591e-17, 8.39173159792e-18, 4.54507746534e-18, 2.50805773258e-18, 1.28926831135e-18, 2.92039889273e-19, 2.82682705862e-20],
        "var": [8.49690707128e-07, 3.07070308736e-06, 0.000865653797518, 3.63944840431, 167.961715698, 353.695556641, 2517.61669922, 9903.89160156, 1245.9284668, 4079.66845703, 7334.17285156, 378230.4375, 15710.9833984, 2147.82275391, 2026.70703125, 422.7059021, 103.780502319, 630.100708008, 1779.01196289, 275.558837891, 275.244873047, 454.815307617, 147.553466797, 75.1749038696, 35.8614463806, 19.7049465179, 38.647731781, 13.9095211029, 3.34236693382, 1.28204846382, 0.617572069168, 0.229029849172, 0.124522835016, 0.0255661997944, 0.00350109906867, 0.000156395952217, 9.02921965462e-06, 1.22905404965e-07, 3.02934399787e-10, 1.04531505674e-09]
    },
    "gfcc": {
        "mean": [-182.996948242, 97.0844421387, -134.948028564, -3.34786772728, -75.2657012939, -22.5419006348, -51.2112960815, 1.73710417747, -18.9799804688, -6.57366943359, -18.3079357147, 5.09059047699, 0.00686327926815],
        "cov": [[19375.328125, 1450.59228516, -2472.79541016, -373.262084961, -1356.40661621, -1160.7824707, -667.610778809, -187.352203369, 244.569747925, -139.858612061, -88.258430481, -141.986358643, 216.605560303], [1450.59228516, 2253.6237793, 157.14515686, -1134.43505859, -42.9687919617, -353.766448975, -35.3143119812, -409.56640625, -74.0919876099, -348.151062012, -62.1904067993, -99.1791763306, -138.252716064], [-2472.79541016, 157.14515686, 1140.7388916, 146.400390625, 0.614961922169, 21.0512695312, -36.8009376526, -93.5347900391, -105.340965271, -16.4560184479, -31.3376979828, 34.8125572205, -75.6113204956], [-373.262084961, -1134.43505859, 146.400390625, 1515.28735352, 179.091125488, -38.7357711792, -160.680007935, 206.42980957, 10.6400537491, 132.890304565, -124.923042297, -67.2225036621, -63.1026268005], [-1356.40661621, -42.9687919617, 0.614961922169, 179.091125488, 422.743713379, 158.656646729, 57.5479774475, 26.228509903, -14.2114448547, -11.7444810867, -56.8466339111, -12.8137712479, -55.9741821289], [-1160.7824707, -353.766448975, 21.0512695312, -38.7357711792, 158.656646729, 767.87310791, 297.595306396, -9.40610218048, -144.666687012, 6.1692276001, -62.7759628296, -16.0052051544, -108.378883362], [-667.610778809, -35.3143119812, -36.8009376526, -160.680007935, 57.5479774475, 297.595306396, 315.137207031, 1.37620556355, -60.8577384949, -3.0243575573, 18.2354221344, 16.5328388214, -46.6732521057], [-187.352203369, -409.56640625, -93.5347900391, 206.42980957, 26.228509903, -9.40610218048, 1.37620556355, 250.620285034, 75.8593292236, 110.144447327, 79.7709884644, 71.5878067017, 70.432510376], [244.569747925, -74.0919876099, -105.340965271, 10.6400537491, -14.2114448547, -144.666687012, -60.8577384949, 75.8593292236, 193.789138794, 87.1834335327, 58.2718162537, 46.431438446, 68.4847183228], [-139.858612061, -348.151062012, -16.4560184479, 132.890304565, -11.7444810867, 6.1692276001, -3.0243575573, 110.144447327, 87.1834335327, 232.887451172, 98.0618209839, 69.7453765869, 76.0594558716], [-88.258430481, -62.1904067993, -31.3376979828, -124.923042297, -56.8466339111, -62.7759628296, 18.2354221344, 79.7709884644, 58.2718162537, 98.0618209839, 209.536087036, 111.869499207, 102.962745667], [-141.986358643, -99.1791763306, 34.8125572205, -67.2225036621, -12.8137712479, -16.0052051544, 16.5328388214, 71.5878067017, 46.431438446, 69.7453765869, 111.869499207, 182.975402832, 104.866065979], [216.605560303, -138.252716064, -75.6113204956, -63.1026268005, -55.9741821289, -108.378883362, -46.6732521057, 70.432510376, 68.4847183228, 76.0594558716, 102.962745667, 104.866065979, 179.632583618]],
        "icov": [[0.000189457467059, -0.000362104125088, 0.000524819770362, -0.000324113032548, 0.00073556182906, -0.000154361507157, 0.000256169791101, 2.62902631221e-05, 4.97392975376e-05, -0.000172839092556, 0.000271502532996, -0.000299281964544, -0.00013445453078], [-0.000362104125088, 0.00226180418395, -0.00120034837164, 0.00176848995034, -0.00202118442394, 0.00139609444886, -0.000450597319286, 0.00091224728385, -3.42754101439e-05, 0.001076623681, -0.000626911409199, 0.000530207529664, 0.0016381702153], [0.000524819770362, -0.00120034837164, 0.00255487463437, -0.00118589389604, 0.00216738600284, -0.000506888667587, 0.000970591732766, 0.000462133029941, 0.000734887784347, -0.000833747151773, 0.00073721195804, -0.00177792680915, 0.000230870296946], [-0.000324113032548, 0.00176848995034, -0.00118589389604, 0.0025178892538, -0.00205782521516, 0.00120713724755, 0.000171687512193, -0.000522835645825, 0.000452213018434, -5.52393830731e-05, 0.000393222784624, 0.000707621744368, 0.00168645125814], [0.00073556182906, -0.00202118442394, 0.00216738600284, -0.00205782521516, 0.00596382562071, -0.00156251376029, 0.000770162791014, -0.000469323742436, -0.000362739228876, -0.0005336930044, 0.00155828869902, -0.00166188552976, -0.000512121303473], [-0.000154361507157, 0.00139609444886, -0.000506888667587, 0.00120713724755, -0.00156251376029, 0.0035481385421, -0.00216265604831, 0.000386260566302, 0.00152960070409, -0.000502881594002, 0.00074937735917, -0.000235041021369, 0.00174923893064], [0.000256169791101, -0.000450597319286, 0.000970591732766, 0.000171687512193, 0.000770162791014, -0.00216265604831, 0.0062307966873, -0.000474601896713, 0.000686097191647, -0.000218598172069, -0.000796416425146, -0.00115013634786, 0.00151225493755], [2.62902631221e-05, 0.00091224728385, 0.000462133029941, -0.000522835645825, -0.000469323742436, 0.000386260566302, -0.000474601896713, 0.0076058479026, -0.00131601491012, -0.000376959011192, -0.00161952944472, -0.00120325793978, -4.53767097497e-05], [4.97392975376e-05, -3.42754101439e-05, 0.000734887784347, 0.000452213018434, -0.000362739228876, 0.00152960070409, 0.000686097191647, -0.00131601491012, 0.0086338436231, -0.00287694903091, 0.000602784159128, -0.000826076837257, -5.08252778673e-05], [-0.000172839092556, 0.001076623681, -0.000833747151773, -5.52393830731e-05, -0.0005336930044, -0.000502881594002, -0.000218598172069, -0.000376959011192, -0.00287694903091, 0.00839065853506, -0.0030982743483, 0.000487431738293, -0.000676602357998], [0.000271502532996, -0.000626911409199, 0.00073721195804, 0.000393222784624, 0.00155828869902, 0.00074937735917, -0.000796416425146, -0.00161952944472, 0.000602784159128, -0.0030982743483, 0.0104635059834, -0.00356522132643, -0.00182983756531], [-0.000299281964544, 0.000530207529664, -0.00177792680915, 0.000707621744368, -0.00166188552976, -0.000235041021369, -0.00115013634786, -0.00120325793978, -0.000826076837257, 0.000487431738293, -0.00356522132643, 0.0114982035011, -0.00477788969874], [-0.00013445453078, 0.0016381702153, 0.000230870296946, 0.00168645125814, -0.000512121303473, 0.00174923893064, 0.00151225493755, -4.53767097497e-05, -5.08252778673e-05, -0.000676602357998, -0.00182983756531, -0.00477788969874, 0.0131299132481]]
    },
    "melbands": {
        "dmean": [3.30593366016e-06, 5.84999611419e-07, 0.000100737823232, 0.000276247621514, 0.000376542069716, 0.000390097266063, 0.000132671993924, 0.000178241723916, 0.000211938211578, 0.000599347171374, 0.000106481391413, 3.68296459783e-05, 3.25491637341e-05, 1.74252945726e-05, 5.28404370925e-06, 7.04963986209e-06, 1.12426159831e-05, 1.31750794026e-05, 1.02298981801e-05, 4.08902178606e-06, 4.33286732004e-06, 5.10424979439e-06, 4.3275454118e-06, 2.63252923105e-06, 1.87123384876e-06, 1.13505802801e-06, 5.30568513568e-07, 5.84759902722e-07, 7.52045309582e-07, 6.73231568271e-07, 3.84279246646e-07, 2.66024329676e-07, 1.65232123095e-07, 1.29828976014e-07, 9.69421307673e-08, 6.67719817216e-08, 5.95401878911e-08, 5.05627362202e-08, 3.72740736054e-08, 2.46019311589e-08],
        "dmean2": [5.32098101758e-06, 1.0036050071e-06, 0.00012950602104, 0.000380593090085, 0.000575471902266, 0.000559716892894, 0.000185638549738, 0.000270156946499, 0.000291567237582, 0.000853434437886, 0.000145702229929, 5.13427366968e-05, 4.35700603703e-05, 2.56736493611e-05, 7.72808743932e-06, 1.11958206617e-05, 1.60099716595e-05, 1.74850647454e-05, 1.59307292051e-05, 5.89662431594e-06, 6.25419306743e-06, 7.07752042217e-06, 6.52093740428e-06, 4.10577376897e-06, 2.62014646069e-06, 1.77801814516e-06, 8.77226170815e-07, 8.38402684167e-07, 1.17459137527e-06, 1.01971465938e-06, 6.30263116363e-07, 4.38383011669e-07, 2.79219761978e-07, 1.94228405803e-07, 1.4178512231e-07, 9.38186417443e-08, 8.28103310369e-08, 7.31476603733e-08, 5.68016460534e-08, 3.67415751157e-08],
        "dvar": [2.57828671607e-11, 3.16937643664e-12, 1.79376442588e-07, 3.40881598504e-07, 8.61610089942e-07, 1.37190147598e-06, 1.21363200378e-07, 1.87905556004e-07, 5.61476099392e-07, 9.91504930425e-06, 1.41057938663e-07, 2.24955822858e-08, 2.02032524044e-08, 4.81554618403e-09, 3.25827226311e-10, 7.7405770682e-10, 2.77774714341e-09, 2.83221290864e-09, 1.42634049016e-09, 2.04357253342e-10, 2.04505121171e-10, 2.18304554989e-10, 1.46456152761e-10, 5.81273362776e-11, 3.14734210916e-11, 2.92250737499e-11, 6.13124872054e-12, 5.80815257001e-12, 1.13358445894e-11, 8.1146764655e-12, 3.10698342054e-12, 1.1767859907e-12, 5.04411996113e-13, 2.87917205268e-13, 1.72516636935e-13, 6.78432191068e-14, 4.72085308941e-14, 4.13543168893e-14, 2.74158798284e-14, 1.11834183542e-14],
        "dvar2": [5.85757276017e-11, 8.74542539081e-12, 2.65189100901e-07, 7.59062913858e-07, 1.75609761754e-06, 2.3366642381e-06, 1.96029006361e-07, 4.19197306201e-07, 9.88003989733e-07, 2.16521475522e-05, 2.47640940643e-07, 3.80383688992e-08, 3.19718509445e-08, 1.1161094271e-08, 7.20809800736e-10, 2.04621875e-09, 5.79795278455e-09, 5.36769029225e-09, 3.48494633151e-09, 3.64276747655e-10, 3.44044709388e-10, 4.59177668111e-10, 2.79712281115e-10, 1.36455319266e-10, 7.21597018249e-11, 7.38991090543e-11, 1.26264207423e-11, 1.14900467613e-11, 2.68124897285e-11, 1.8589105949e-11, 7.76224310522e-12, 2.86398118762e-12, 1.21108114856e-12, 5.72870093377e-13, 2.9236980675e-13, 1.14848072458e-13, 8.59833647966e-14, 7.04915455434e-14, 5.07801774534e-14, 2.23604365275e-14],
        "max": [8.08167169453e-05, 2.72331708402e-05, 0.00640583131462, 0.00776460207999, 0.0138228740543, 0.0225978139788, 0.00671384343877, 0.00533881876618, 0.0156063223258, 0.0676946416497, 0.00804620794952, 0.0025587908458, 0.00283367419615, 0.000981923076324, 0.000278678053292, 0.000495831249282, 0.00102877407335, 0.000954774091952, 0.000443926284788, 0.000226898104302, 0.000225657277042, 0.000320418417687, 0.00019752937078, 0.00012125250214, 8.43812740641e-05, 0.000117235125799, 3.68777800759e-05, 4.92676299473e-05, 4.79346272186e-05, 4.5068351028e-05, 3.11723269988e-05, 1.41887285281e-05, 8.19419528852e-06, 7.18130513633e-06, 7.56474537411e-06, 5.23494645677e-06, 3.86254168916e-06, 3.1214815408e-06, 2.39678502112e-06, 1.68141002632e-06],
        "mean": [4.32465822087e-06, 7.1046974881e-07, 0.000191681436263, 0.000527937954757, 0.00070049270289, 0.000721471384168, 0.000222417525947, 0.000261835753918, 0.00026878764038, 0.000733265653253, 0.000137392780744, 4.51058767794e-05, 4.43528115284e-05, 2.05181531783e-05, 6.18564627075e-06, 7.78540652391e-06, 1.23965101011e-05, 1.76184603333e-05, 1.10006367322e-05, 5.31331352249e-06, 6.13382508163e-06, 8.17072759673e-06, 6.13713291386e-06, 3.77954916075e-06, 2.47356274485e-06, 1.26657380406e-06, 6.95836945397e-07, 6.85152429014e-07, 8.76290982887e-07, 8.12647499515e-07, 4.25470744858e-07, 2.77173683116e-07, 1.71128306192e-07, 1.46174116367e-07, 1.13197103246e-07, 8.43982661536e-08, 7.75033939249e-08, 6.39828101612e-08, 4.40463949758e-08, 2.78911098661e-08],
        "median": [2.30048613048e-06, 2.80197866687e-07, 8.65426272867e-07, 4.83213189e-05, 0.000114146962005, 1.08609447125e-05, 9.45010560827e-06, 1.10269293145e-05, 1.00440884125e-05, 1.31699616759e-05, 5.66006883673e-06, 1.81170958058e-06, 1.5406806142e-06, 9.63606566984e-07, 4.1063651679e-07, 4.70166895639e-07, 8.24967230528e-07, 8.00763757525e-07, 7.50296635488e-07, 5.17945409229e-07, 5.32130400188e-07, 1.18014190775e-06, 1.096179858e-06, 4.15909681806e-07, 2.38108569306e-07, 1.09131185866e-07, 6.83768917042e-08, 5.52764092276e-08, 5.50387362352e-08, 6.08198433838e-08, 4.89415050708e-08, 2.71974727184e-08, 1.75737966401e-08, 1.22874492803e-08, 1.04468185214e-08, 8.4811215828e-09, 9.01311203449e-09, 3.86005050146e-09, 2.30321850481e-09, 1.67284053276e-09],
        "min": [7.47089852543e-24, 7.26785203931e-24, 4.55268707242e-24, 9.11795726513e-24, 5.24703297486e-24, 4.59045773256e-24, 5.01062871651e-24, 2.09725345416e-23, 1.08573016867e-23, 5.29191008847e-24, 6.62831224825e-24, 3.82149111051e-24, 5.36918335287e-24, 7.15361709162e-24, 5.35817637666e-24, 1.04388377977e-23, 4.00837620326e-24, 8.72796099967e-24, 3.99220218812e-24, 1.12526779835e-23, 5.86017432458e-24, 9.91322450976e-24, 7.08111683013e-24, 1.11213515755e-23, 7.19700838572e-24, 5.92994157747e-24, 5.30733586904e-24, 5.16093472351e-24, 1.05417218259e-23, 8.06220893846e-24, 7.0098763795e-24, 7.39062167313e-24, 8.87732865663e-24, 8.45590180612e-24, 1.14305124751e-23, 1.04512063479e-23, 1.15056443766e-23, 1.33761637449e-23, 1.28332515261e-23, 8.61505528261e-24],
