{
"metadata": {
    "version": {
        "essentia": "2.0.1",
        "extractor": "archive-music 1.0"
    },
    "audio_properties": {
        "analysis_sample_rate": 44100,
        "bitrate": 128,
        "channels": 2,
        "equal_loudness": 0,
        "length": 15.9608163834,
        "replay_gain": -1.28489303589,
        "downmix": "mix"
    },
    "tags": {
        "track": 0,
        "year": 0,
        "album": "",
        "artist": "",
        "comment": "",
        "genre": "",
        "title": ""
    }
},
"highlevel": {
    "culture": {
        "all": {
            "non_western": 5.08977358038e-08,
            "western": 0.999999940395
        },
        "probability": 0.999999940395,
        "value": "western"
    },
    "danceability": {
        "all": {
            "danceable": 0.11404158175,
            "not_danceable": 0.885958433151
        },
        "probability": 0.885958433151,
        "value": "not_danceable"
    },
    "gender": {
        "all": {
            "female": 0.0625325217843,
            "male": 0.937467455864
        },
        "probability": 0.937467455864,
        "value": "male"
    },
    "genre_dortmund": {
        "all": {
            "alternative": 0.161399930716,
            "blues": 0.0418819561601,
            "electronic": 0.0199450012296,
            "folkcountry": 0.27895411849,
            "funksoulrnb": 0.0190646201372,
            "jazz": 0.0564715825021,
            "pop": 0.186850219965,
            "raphiphop": 0.00434293271974,
            "rock": 0.231089651585
        },
        "probability": 0.27895411849,
        "value": "folkcountry"
    },
    "genre_electronic": {
        "all": {
            "ambient": 0.431277632713,
            "dnb": 0.221035972238,
            "house": 0.125072449446,
            "techno": 0.0121533283964,
            "trance": 0.210460633039
        },
        "probability": 0.431277632713,
        "value": "ambient"
    },
    "genre_rosamerica": {
        "all": {
            "cla": 0.0558823496103,
            "dan": 0.00914881192148,
            "hip": 0.00482614338398,
            "jaz": 0.0133256167173,
            "pop": 0.0681367516518,
            "rhy": 0.0160536579788,
            "roc": 0.829346239567,
            "spe": 0.00328044919297
        },
        "probability": 0.829346239567,
        "value": "roc"
    },
    "genre_tzanetakis": {
        "all": {
            "blu": 0.027578888461,
            "cla": 0.0301004294306,
            "cou": 0.106782324612,
            "dis": 0.107590533793,
            "hip": 0.0115446513519,
            "jaz": 0.0458580963314,
            "met": 0.0478995628655,
            "pop": 0.237143650651,
            "reg": 0.142563328147,
            "roc": 0.242938533425
        },
        "probability": 0.242938533425,
        "value": "roc"
    },
    "mirex_ballroom": {
        "all": {
            "ChaChaCha": 0.0237002000213,
            "Jive": 0.427305757999,
            "Quickstep": 0.0734127163887,
            "Rumba-American": 0.00202221097425,
            "Rumba-International": 0.015112391673,
            "Rumba-Misc": 0.00552082899958,
            "Samba": 0.024338291958,
            "Tango": 0.0214643105865,
            "VienneseWaltz": 0.388108640909,
            "Waltz": 0.0190146416426
        },
        "probability": 0.427305757999,
        "value": "Jive"
    },
    "mood_acoustic": {
        "all": {
            "acoustic": 0.00813112128526,
            "not_acoustic": 0.991868853569
        },
        "probability": 0.991868853569,
        "value": "not_acoustic"
    },
    "mood_aggressive": {
        "all": {
            "aggressive": 0.154727444053,
            "not_aggressive": 0.845272541046
        },
        "probability": 0.845272541046,
        "value": "not_aggressive"
    },
    "mood_electronic": {
        "all": {
            "electronic": 0.11857765168,
            "not_electronic": 0.88142234087
        },
        "probability": 0.88142234087,
        "value": "not_electronic"
    },
    "mood_happy": {
        "all": {
            "happy": 0.914260923862,
            "not_happy": 0.0857390835881
        },
        "probability": 0.914260923862,
        "value": "happy"
    },
    "mood_party": {
        "all": {
            "not_party": 0.388938337564,
            "party": 0.611061692238
        },
        "probability": 0.611061692238,
        "value": "party"
    },
    "mood_relaxed": {
        "all": {
            "not_relaxed": 0.960513830185,
            "relaxed": 0.0394861474633
        },
        "probability": 0.960513830185,
        "value": "not_relaxed"
    },
    "mood_sad": {
        "all": {
            "not_sad": 0.848838627338,
            "sad": 0.151161387563
        },
        "probability": 0.848838627338,
        "value": "not_sad"
    },
    "moods_mirex": {
        "all": {
            "Cluster1": 0.336067557335,
            "Cluster2": 0.418062329292,
            "Cluster3": 0.0622949749231,
            "Cluster4": 0.0724947527051,
            "Cluster5": 0.111080363393
        },
        "probability": 0.418062329292,
        "value": "Cluster2"
    },
    "timbre": {
        "all": {
            "bright": 0.996973395348,
            "dark": 0.00302658160217
        },
        "probability": 0.996973395348,
        "value": "bright"
    },
    "tonal_atonal": {
        "all": {
            "atonal": 0.0200322885066,
            "tonal": 0.979967713356
        },
        "probability": 0.979967713356,
        "value": "tonal"
    },
    "voice_instrumental": {
        "all": {
            "instrumental": 0.0217401515692,
            "voice": 0.978259861469
        },
        "probability": 0.978259861469,
        "value": "voice"
    }
},
"lowlevel": {
    "average_loudness": 0.98144364357,
    "barkbands_kurtosis": {
        "dmean": 1.14920723438,
        "dmean2": 1.80028402805,
        "dvar": 3.63157749176,
        "dvar2": 8.23754787445,
        "max": 17.2254276276,
        "mean": 0.129818722606,
        "median": -0.540696620941,
        "min": -1.67470479012,
        "var": 5.12678623199
    },
    "barkbands_skewness": {
        "dmean": 0.448562055826,
        "dmean2": 0.679628968239,
        "dvar": 0.197419896722,
        "dvar2": 0.420815110207,
        "max": 4.09997940063,
        "mean": 0.712536036968,
        "median": 0.625169575214,
        "min": -2.70377516747,
        "var": 0.580319643021
    },
    "barkbands_spread": {
        "dmean": 6.65961837769,
        "dmean2": 10.1035261154,
        "dvar": 32.8309020996,
        "dvar2": 83.4573745728,
        "max": 56.3954467773,
        "mean": 31.562587738,
        "median": 32.0753211975,
        "min": 5.53488922119,
        "var": 84.2049713135
    },
    "dissonance": {
        "dmean": 0.0169946085662,
        "dmean2": 0.0287324059755,
        "dvar": 0.000255468679825,
        "dvar2": 0.000702241552062,
        "max": 0.499492019415,
        "mean": 0.47074136138,
        "median": 0.474705308676,
        "min": 0.334409534931,
        "var": 0.000341365317581
    },
    "dynamic_complexity": 2.79515528679,
    "erbbands_kurtosis": {
        "dmean": 0.886048316956,
        "dmean2": 1.51589620113,
        "dvar": 2.63787531853,
        "dvar2": 7.42268610001,
        "max": 16.6100997925,
        "mean": 0.0100613944232,
        "median": -0.20591211319,
        "min": -1.56095719337,
        "var": 2.02348518372
    },
    "erbbands_skewness": {
        "dmean": 0.400659382343,
        "dmean2": 0.633338272572,
        "dvar": 0.117321826518,
        "dvar2": 0.308042049408,
        "max": 1.89126181602,
        "mean": -0.265317082405,
        "median": -0.288869768381,
        "min": -2.14888954163,
        "var": 0.286584317684
    },
    "erbbands_spread": {
        "dmean": 8.03557300568,
        "dmean2": 12.8047275543,
        "dvar": 50.3079185486,
        "dvar2": 113.068206787,
        "max": 83.7287368774,
        "mean": 36.7108459473,
        "median": 35.8057823181,
        "min": 3.88883209229,
        "var": 123.001091003
    },
    "hfc": {
        "dmean": 11.5007762909,
        "dmean2": 16.9599113464,
        "dvar": 218.291671753,
        "dvar2": 537.989929199,
        "max": 169.516235352,
        "mean": 26.8750247955,
        "median": 24.5756244659,
        "min": 1.14453924099e-16,
        "var": 405.596343994
    },
    "melbands_kurtosis": {
        "dmean": 3.36010837555,
        "dmean2": 5.13636302948,
        "dvar": 25.6432685852,
        "dvar2": 56.1734390259,
        "max": 68.2249298096,
        "mean": 4.86469364166,
        "median": 2.73976564407,
        "min": -1.60420417786,
        "var": 46.446598053
    },
    "melbands_skewness": {
        "dmean": 0.640170097351,
        "dmean2": 0.970350801945,
        "dvar": 0.365752249956,
        "dvar2": 0.775797426701,
        "max": 7.43103456497,
        "mean": 1.86375164986,
        "median": 1.72535479069,
        "min": -2.0858464241,
        "var": 1.19530928135
    },
    "melbands_spread": {
        "dmean": 10.596704483,
        "dmean2": 16.6669139862,
        "dvar": 105.197502136,
        "dvar2": 235.425125122,
        "max": 136.042755127,
        "mean": 39.2694473267,
        "median": 38.1987190247,
        "min": 4.88549852371,
        "var": 296.342651367
    },
    "pitch_salience": {
        "dmean": 0.065233759582,
        "dmean2": 0.107829354703,
        "dvar": 0.00290910270996,
        "dvar2": 0.00823031645268,
        "max": 0.983416259289,
        "mean": 0.520417809486,
        "median": 0.520478188992,
        "min": 0.237287923694,
        "var": 0.0073471381329
    },
    "silence_rate_20dB": {
        "dmean": 0,
        "dmean2": 0,
        "dvar": 0,
        "dvar2": 0,
        "max": 1,
        "mean": 1,
        "median": 1,
        "min": 1,
        "var": 0
    },
    "silence_rate_30dB": {
        "dmean": 0,
        "dmean2": 0,
        "dvar": 0,
        "dvar2": 0,
        "max": 1,
        "mean": 1,
        "median": 1,
        "min": 1,
        "var": 0
    },
    "silence_rate_60dB": {
        "dmean": 0.0145348841324,
        "dmean2": 0.0291120819747,
        "dvar": 0.0143236201257,
        "dvar2": 0.0369979701936,
        "max": 1,
        "mean": 0.069666184485,
        "median": 0,
        "min": 0,
        "var": 0.0648135468364
    },
    "spectral_centroid": {
        "dmean": 328.820953369,
        "dmean2": 501.638061523,
        "dvar": 305118,
        "dvar2": 505768.8125,
        "max": 11064.0458984,
        "mean": 1990.75341797,
        "median": 1999.18847656,
        "min": 528.381835938,
        "var": 454533.15625
    },
    "spectral_complexity": {
        "dmean": 4.4505815506,
        "dmean2": 6.24454164505,
        "dvar": 16.8987026215,
        "dvar2": 31.2240409851,
        "max": 45,
        "mean": 23.4426708221,
        "median": 25,
        "min": 0,
        "var": 88.1248626709
    },
    "spectral_crest": {
        "dmean": 2.19874978065,
        "dmean2": 3.62206292152,
        "dvar": 5.01138925552,
        "dvar2": 13.0169935226,
        "max": 23.0226993561,
        "mean": 7.17158794403,
        "median": 6.64481830597,
        "min": 2.83692002296,
        "var": 7.34293651581
    },
    "spectral_decrease": {
        "dmean": 1.77616532593e-09,
        "dmean2": 2.55463117327e-09,
        "dvar": 3.72211712827e-18,
        "dvar2": 8.44029702604e-18,
        "max": 4.47978557394e-29,
        "mean": -5.29394839077e-09,
        "median": -4.84874851381e-09,
        "min": -1.77278369762e-08,
        "var": 1.06684080948e-17
    },
    "spectral_energy": {
        "dmean": 0.00763623090461,
        "dmean2": 0.010959581472,
        "dvar": 7.05764105078e-05,
        "dvar2": 0.000162636235473,
        "max": 0.0822846516967,
        "mean": 0.0224182400852,
        "median": 0.0205235518515,
        "min": 1.04582650122e-20,
        "var": 0.000192008636077
    },
    "spectral_energyband_high": {
        "dmean": 0.000633451098111,
        "dmean2": 0.000957860494964,
        "dvar": 6.19578997885e-07,
        "dvar2": 1.56337648605e-06,
        "max": 0.0104023842141,
        "mean": 0.00126417796127,
        "median": 0.0010683038272,
        "min": 7.63373806494e-21,
        "var": 1.26796362565e-06
    },
    "spectral_energyband_low": {
        "dmean": 0.0020723415073,
        "dmean2": 0.00330231455155,
        "dvar": 7.72034036345e-06,
        "dvar2": 1.62945689226e-05,
        "max": 0.036533921957,
        "mean": 0.00562360044569,
        "median": 0.00359364924952,
        "min": 4.1451081229e-23,
        "var": 4.0745442675e-05
    },
    "spectral_energyband_middle_high": {
        "dmean": 0.00503797177225,
        "dmean2": 0.00786916632205,
        "dvar": 5.3068055422e-05,
        "dvar2": 0.000135966984089,
        "max": 0.0756725296378,
        "mean": 0.00890215206891,
        "median": 0.00691241305321,
        "min": 1.44761080354e-21,
        "var": 7.16182039469e-05
    },
    "spectral_energyband_middle_low": {
        "dmean": 0.00311955879442,
        "dmean2": 0.00423123966902,
        "dvar": 1.13219612103e-05,
        "dvar2": 2.45392566285e-05,
        "max": 0.0340289622545,
        "mean": 0.00772907072678,
        "median": 0.00639959890395,
        "min": 2.26983428989e-22,
        "var": 3.46135020663e-05
    },
    "spectral_flatness_db": {
        "dmean": 0.0178035926074,
        "dmean2": 0.0267943199724,
        "dvar": 0.000279145519016,
        "dvar2": 0.000662046077196,
        "max": 0.231097742915,
        "mean": 0.121356450021,
        "median": 0.116173662245,
        "min": 0.0514262579381,
        "var": 0.000727273407392
    },
    "spectral_flux": {
        "dmean": 0.0212589409202,
        "dmean2": 0.0326072648168,
        "dvar": 0.000497338012792,
        "dvar2": 0.0010738899,
        "max": 0.24214066565,
        "mean": 0.0809251144528,
        "median": 0.0818557962775,
        "min": 6.73888028713e-11,
        "var": 0.00136156450026
    },
    "spectral_kurtosis": {
        "dmean": 1.50604856014,
        "dmean2": 2.64209246635,
        "dvar": 1.93475079536,
        "dvar2": 5.99920749664,
        "max": 12.0076198578,
        "mean": 3.21859693527,
        "median": 2.89270687103,
        "min": -1.19346475601,
        "var": 2.5730817318
    },
    "spectral_rms": {
        "dmean": 0.000770452665165,
        "dmean2": 0.00106493663043,
        "dvar": 5.62294189876e-07,
        "dvar2": 1.22038704831e-06,
        "max": 0.00895978230983,
        "mean": 0.0043842503801,
        "median": 0.00447470415384,
        "min": 3.19424261347e-12,
        "var": 2.64979894382e-06
    },
    "spectral_rolloff": {
        "dmean": 673.350402832,
        "dmean2": 1109.50842285,
        "dvar": 1084099.5,
        "dvar2": 2216577.5,
        "max": 19207.6171875,
        "mean": 2423.78149414,
        "median": 2325.5859375,
        "min": 107.666015625,
        "var": 3092953
    },
    "spectral_skewness": {
        "dmean": 0.210373193026,
        "dmean2": 0.35663831234,
        "dvar": 0.0325597301126,
        "dvar2": 0.0901838690042,
        "max": 2.27612471581,
        "mean": 1.08332693577,
        "median": 1.05821073055,
        "min": -0.0462324619293,
        "var": 0.0570715367794
    },
    "spectral_spread": {
        "dmean": 418073.4375,
        "dmean2": 643849.8125,
        "dvar": 2.83796570112e+12,
        "dvar2": 3.84185165414e+12,
        "max": 42703120,
        "mean": 3762351.75,
        "median": 3541003.25,
        "min": 2642053.75,
        "var": 6.40722193613e+12
    },
    "spectral_strongpeak": {
        "dmean": 0.855210959911,
        "dmean2": 1.43860471249,
        "dvar": 1.71243441105,
        "dvar2": 4.06979846954,
        "max": 10.2082910538,
        "mean": 1.17028868198,
        "median": 0.522669374943,
        "min": 0,
        "var": 2.20551967621
    },
    "zerocrossingrate": {
        "dmean": 0.0116115836427,
        "dmean2": 0.0147330164909,
        "dvar": 0.000595209654421,
        "dvar2": 0.00114404119086,
        "max": 0.51318359375,
        "mean": 0.0806202664971,
        "median": 0.07861328125,
        "min": 0.01220703125,
        "var": 0.00173502182588
    },
    "barkbands": {
        "dmean": [4.17556066168e-06, 0.00142473273445, 0.000712508859579, 0.000494834443089, 0.00139250943903, 0.00102787045762, 0.000245296367211, 0.000487222830998, 0.000523731403518, 0.000862462853547, 0.00183701526839, 0.000453098211437, 0.000302294210996, 0.000462085445179, 0.00107394438237, 0.00105293130036, 0.000539930770174, 0.000582276086789, 0.00038827539538, 0.000220322923269, 0.000335016957251, 0.000159325558343, 8.05875242804e-05, 0.000133020221256, 1.10743540063e-05, 2.04211096388e-06, 3.04685592312e-08],
        "dmean2": [7.59449312682e-06, 0.00243314355612, 0.00105118122883, 0.000568194547668, 0.00204952945933, 0.00147771101911, 0.00036592077231, 0.000795189233031, 0.0008467771695, 0.00144550029654, 0.00292422366329, 0.000771479506511, 0.000493744853884, 0.000740736490116, 0.00188412168063, 0.00186002429109, 0.000876954349224, 0.000959555211011, 0.000628872192465, 0.000348343048245, 0.000553884950932, 0.0002586946066, 0.00012568027887, 0.000202294584597, 1.8529857698e-05, 3.17126341542e-06, 5.42170148776e-08],
        "dvar": [3.40345286676e-11, 3.39840244123e-06, 8.66933589805e-07, 8.80783261437e-07, 3.38770200869e-06, 2.04204479815e-06, 1.3301320223e-07, 5.3753467455e-07, 1.03633567505e-06, 3.36426955982e-06, 1.68856204255e-05, 9.86735471997e-07, 4.26999548608e-07, 6.34122500287e-07, 1.3847907212e-05, 9.38458470046e-06, 1.01735088265e-06, 8.12727705579e-07, 2.51582065403e-07, 7.18283104106e-08, 3.94274366045e-07, 4.45875976141e-08, 1.46290490832e-08, 4.59185791613e-08, 4.90941232112e-10, 5.34077773326e-12, 6.16670055271e-15],
        "dvar2": [9.96564428202e-11, 9.34945637709e-06, 1.6205862039e-06, 7.95634150563e-07, 7.13932149665e-06, 4.52507765658e-06, 2.91023440013e-07, 1.32866750846e-06, 2.45025080403e-06, 8.63041987031e-06, 4.13294765167e-05, 2.61114860223e-06, 1.09916175006e-06, 1.43837462474e-06, 4.14177702623e-05, 2.61066797975e-05, 2.29425745601e-06, 2.09336394619e-06, 6.58926239794e-07, 1.7712142153e-07, 1.09328277631e-06, 1.10077991167e-07, 3.12236245747e-08, 1.05389609928e-07, 1.32017563548e-09, 1.31226956385e-11, 1.67832734472e-14],
        "max": [4.93718616781e-05, 0.0159205421805, 0.013315233402, 0.0194616708905, 0.0164217241108, 0.0156573578715, 0.00387135660276, 0.00610876176506, 0.00965406373143, 0.0160964280367, 0.0407406836748, 0.0100885685533, 0.00717225158587, 0.00833844393492, 0.0536512844265, 0.0345710292459, 0.0172729063779, 0.0107875661924, 0.00423380779102, 0.00256390566938, 0.00852372217923, 0.00190126383677, 0.00147202075459, 0.00207007513382, 0.000248220021604, 1.84251803148e-05, 6.51383174954e-07],
        "mean": [3.7868369418e-06, 0.00251078093424, 0.00210655690171, 0.00139241851866, 0.00254219770432, 0.001722827903, 0.000400465389248, 0.000657831027638, 0.000642087601591, 0.000816282990854, 0.00207850662991, 0.000514947401825, 0.00043660152005, 0.000632163370028, 0.00114800268784, 0.00111073069274, 0.000815703067929, 0.000835102924611, 0.000611344701611, 0.000380098528694, 0.000501344969962, 0.000242901209276, 0.000126928600366, 0.000171258681803, 1.43139031934e-05, 3.03706588056e-06, 2.20535447681e-08],
        "median": [1.96533051167e-06, 0.00171514647081, 0.00139825034421, 0.00032302265754, 0.00176479492802, 0.000992541434243, 0.000234984108829, 0.000342152925441, 0.000196443957975, 0.000197225439479, 0.000270980788628, 0.000232504607993, 0.000270215794444, 0.000355928525096, 0.0004841023474, 0.00047482145601, 0.000505357049406, 0.000507736753207, 0.000439805182396, 0.000278722291114, 0.000336826575221, 0.000152268446982, 7.6755284681e-05, 6.93217589287e-05, 7.60338753025e-06, 2.02271212402e-06, 1.2886394174e-09],
        "min": [7.68981689296e-24, 4.3343284017e-24, 3.96713534399e-24, 4.48086168143e-24, 3.45642245522e-23, 3.41374318698e-23, 1.57477620382e-23, 2.93287124964e-23, 2.48324041296e-23, 5.95968194914e-23, 5.44598771835e-23, 3.3897094351e-23, 1.06582365816e-22, 1.16919132112e-22, 8.60040014026e-23, 8.94028307008e-23, 1.41264402011e-22, 2.22483286758e-22, 1.90258356645e-22, 2.56096889744e-22, 4.44176046537e-22, 3.95583906093e-22, 5.60749543977e-22, 7.59523004073e-22, 9.3292280995e-22, 1.82930709738e-21, 2.09793299157e-21],
        "var": [2.78691566352e-11, 6.53249253446e-06, 5.15015153724e-06, 8.80655807123e-06, 6.39536847302e-06, 4.24878589911e-06, 2.44044485953e-07, 7.36991921713e-07, 1.37956612889e-06, 2.90947309622e-06, 2.03924573725e-05, 8.93058427209e-07, 4.79597531466e-07, 9.0469194447e-07, 8.75082696439e-06, 6.63468517814e-06, 1.45482431435e-06, 1.03626814507e-06, 3.64709990208e-07, 1.35351925223e-07, 4.10287668728e-07, 7.53070921178e-08, 2.61259938128e-08, 7.81097639901e-08, 5.21563681133e-10, 9.56397981644e-12, 4.53804381294e-15]
    },
    "erbbands": {
        "dmean": [0.0126319956034, 0.400377362967, 0.937197566032, 1.30372488499, 2.54986047745, 3.79862618446, 12.1144399643, 7.52354669571, 4.47657012939, 4.54774808884, 12.4261617661, 8.33298969269, 26.2564620972, 35.5588912964, 66.2125701904, 20.2958507538, 11.056350708, 23.5289802551, 28.4853343964, 87.1996307373, 39.2815170288, 24.9492645264, 22.6596946716, 28.3465042114, 17.8389892578, 9.59193134308, 9.19913196564, 16.3109207153, 6.51621389389, 3.06784844398, 2.6645386219, 2.65689992905, 1.8766657114, 0.344659924507, 0.0496474020183, 0.0158253777772, 0.0023955332581, 0.000179572336492, 9.52067239268e-06, 1.03656684587e-05],
        "dmean2": [0.020788019523, 0.68182849884, 1.50071239471, 1.34945774078, 3.789052248, 5.55501127243, 18.5917949677, 11.1123819351, 6.43787050247, 6.5252122879, 20.5134124756, 13.5197076797, 42.7068519592, 58.6636352539, 104.955116272, 34.0752677917, 17.9285182953, 37.8113059998, 47.1818466187, 156.772872925, 65.7329101562, 40.3742904663, 36.796421051, 45.6465187073, 28.7941932678, 14.8712825775, 14.465180397, 27.2888698578, 10.5133237839, 5.09989595413, 4.09868383408, 4.14568996429, 2.90846443176, 0.54014647007, 0.0764941051602, 0.0244838297367, 0.00377203384414, 0.000278547464404, 1.3336541997e-05, 1.47333103087e-05],
        "dvar": [0.000397088006139, 0.260496050119, 1.38614737988, 8.05221557617, 16.6467266083, 25.8598575592, 369.400634766, 149.03225708, 36.4325332642, 53.95054245, 343.862182617, 246.199951172, 2598.46435547, 5405.98193359, 20346.1933594, 1817.8996582, 558.401550293, 2113.60107422, 3131.67163086, 111847.992188, 6193.92236328, 1639.79504395, 862.000610352, 2203.00488281, 527.755249023, 129.740982056, 115.750984192, 1180.36657715, 78.8811798096, 25.6239147186, 16.0265159607, 17.8960285187, 15.0111951828, 0.522816777229, 0.00615405198187, 0.000338111363817, 8.63725745148e-06, 6.70772237754e-08, 1.03147622388e-10, 1.31024940897e-10],
        "dvar2": [0.000867229362484, 0.722915709019, 3.21184873581, 6.37731075287, 36.5855979919, 54.3880958557, 806.277954102, 314.410675049, 77.8997344971, 105.622489929, 865.389038086, 598.182678223, 6147.29980469, 13373.0654297, 50665.1054688, 4855.06835938, 1452.03088379, 4764.65380859, 8466.43554688, 328967.5625, 15576.2460938, 4114.24658203, 2297.50805664, 5335.953125, 1355.58190918, 307.348907471, 282.016662598, 3326.14086914, 206.256072998, 65.8246841431, 33.7261047363, 40.1032104492, 36.3796691895, 1.26564157009, 0.0154852457345, 0.000790146586951, 2.12605700654e-05, 1.56473063839e-07, 2.25173782398e-10, 3.03710556704e-10],
        "max": [0.218894511461, 4.22166919708, 14.376288414, 59.8340072632, 59.6536750793, 45.3608207703, 167.622894287, 165.187530518, 73.8531417847, 87.887588501, 154.501693726, 156.693862915, 477.983581543, 583.943359375, 1270.33911133, 431.558441162, 273.657226562, 486.108184814, 836.890441895, 4179.87646484, 879.135192871, 452.851257324, 303.83114624, 593.672058105, 223.522293091, 133.094329834, 83.2474441528, 451.530944824, 91.2568817139, 64.9753952026, 42.5461730957, 50.0776405334, 44.7194328308, 8.20072555542, 1.00916898251, 0.156645715237, 0.0202557947487, 0.00234181806445, 9.8855336546e-05, 0.000117837589642],
        "mean": [0.0250985790044, 0.722092330456, 2.53775787354, 4.18490982056, 5.08353424072, 7.13824939728, 15.9075641632, 12.9425315857, 8.21994781494, 7.56243419647, 16.5410957336, 10.9887256622, 29.2039489746, 36.5381622314, 77.493927002, 26.0143013, 18.167016983, 32.0462646484, 39.7433319092, 83.7691879272, 52.0901908875, 40.3020324707, 37.8032875061, 42.7576141357, 28.9232025146, 17.3932647705, 16.5876255035, 22.0716743469, 9.65822410583, 4.92507648468, 4.28727817535, 3.59814548492, 2.21668577194, 0.408202558756, 0.0786758586764, 0.0254815127701, 0.00329307722859, 0.000227224751143, 2.34096751228e-05, 2.99623698083e-05],
        "median": [0.0131711913273, 0.49043366313, 1.71296787262, 1.05837666988, 3.34601736069, 4.75941610336, 6.4619846344, 7.59975290298, 5.1874256134, 4.22114658356, 8.84923648834, 4.80883026123, 8.7948102951, 11.5193653107, 16.6749534607, 14.2620153427, 12.6774940491, 16.3012084961, 24.2980213165, 31.6412467957, 29.9265117645, 27.2904338837, 27.4918441772, 27.6019115448, 21.6111030579, 13.971157074, 12.5766029358, 12.6238679886, 6.95966720581, 3.32499146461, 2.59768033028, 1.69485008717, 0.716923117638, 0.151091605425, 0.0520725809038, 0.0183554105461, 0.00192998105194, 0.000120985387184, 2.11312435567e-05, 2.82547734969e-05],
        "min": [3.75082736453e-22, 3.9773362148e-22, 5.8605423282e-21, 1.0016707277e-20, 4.27292585435e-20, 1.00683861936e-19, 1.55439670657e-19, 3.83554525205e-19, 2.87791644744e-19, 4.34582909452e-19, 6.11824243472e-19, 6.91702438588e-19, 1.50453265659e-18, 1.79416570877e-18, 2.28558750683e-18, 2.26786743696e-18, 4.94915684893e-18, 5.66856534025e-18, 4.24559300225e-18, 5.39071247736e-18, 6.63951573353e-18, 7.7424915972e-18, 1.011754303e-17, 1.07610341254e-17, 1.19724624664e-17, 1.21691205211e-17, 1.8277405976e-17, 1.4100205094e-17, 1.35586871701e-17, 1.74426334998e-17, 1.4318655222e-17, 1.07769532163e-17, 1.56186489639e-17, 1.02024150695e-17, 5.65947007582e-18, 6.41076886129e-18, 3.07511010161e-18, 1.34236761981e-18, 3.03140420449e-19, 3.05211551456e-20],
        "var": [0.00105188111775, 0.528267741203, 6.41820907593, 83.8475189209, 35.3500900269, 49.6921958923, 557.478759766, 285.122833252, 91.5242538452, 109.751579285, 463.998962402, 328.803131104, 2986.28930664, 5465.71826172, 25193.265625, 1686.88049316, 648.438720703, 2930.64404297, 3336.70605469, 67565.3125, 6382.43310547, 2297.33520508, 1400.53234863, 2861.87329102, 801.780456543, 263.668609619, 226.784500122, 1122.79333496, 108.781044006, 37.8901786804, 29.6340961456, 28.3956279755, 20.5237045288, 0.686469078064, 0.00824721250683, 0.000634276191704, 1.30524613269e-05, 9.49900780256e-08, 2.84536394446e-10, 3.51115331254e-10]
    },
    "gfcc": {
        "mean": [-5.7573928833, 94.676940918, -150.971817017, 57.8620681763, -60.4479255676, 15.9615840912, -38.5010948181, 2.42724633217, -22.5106239319, -5.81849575043, -11.9810380936, -2.79288363457, -2.72876477242],
        "cov": [[17300.5722656, 423.142608643, -1519.46875, 606.11138916, -971.094909668, 343.699981689, -483.669616699, 139.019866943, -153.92755127, -198.556869507, -197.164474487, -57.2132873535, 44.6138954163], [423.142608643, 596.059204102, 3.51277065277, 95.747795105, 107.207244873, -131.077163696, 14.5205278397, -52.5197143555, 9.0804567337, 55.4012489319, 9.7432050705, -40.2832183838, -31.2835273743], [-1519.46875, 3.51277065277, 367.788360596, 29.9536933899, 138.650772095, -16.9828414917, 57.4812965393, 11.1466245651, 22.3729248047, 29.5381336212, 15.2836370468, -1.49027729034, -20.1220264435], [606.11138916, 95.747795105, 29.9536933899, 191.307006836, 40.2945632935, 16.6027202606, 3.42666935921, -0.446211606264, 18.1409492493, -5.39200592041, -1.79879426956, -24.9297504425, -22.7056694031], [-971.094909668, 107.207244873, 138.650772095, 40.2945632935, 216.852432251, -36.8463096619, 65.6839141846, -1.20599400997, 14.6364622116, 47.5326843262, -11.1763372421, -17.7774963379, -45.9621505737], [343.699981689, -131.077163696, -16.9828414917, 16.6027202606, -36.8463096619, 152.611221313, 15.0623044968, 35.5384674072, 10.873418808, -56.7848777771, 5.39433765411, -9.85257816315, 16.8339252472], [-483.669616699, 14.5205278397, 57.4812965393, 3.42666935921, 65.6839141846, 15.0623044968, 121.680915833, 29.3487243652, 15.6083993912, 10.1463365555, -31.3236026764, -7.55693244934, -34.6340179443], [139.019866943, -52.5197143555, 11.1466245651, -0.446211606264, -1.20599400997, 35.5384674072, 29.3487243652, 87.1143264771, 16.7901134491, -3.80016565323, -17.755241394, -17.8406066895, -16.0268306732], [-153.92755127, 9.0804567337, 22.3729248047, 18.1409492493, 14.6364622116, 10.873418808, 15.6083993912, 16.7901134491, 92.8051223755, 9.28907775879, -3.66809177399, -32.5661697388, -15.1048965454], [-198.556869507, 55.4012489319, 29.5381336212, -5.39200592041, 47.5326843262, -56.7848777771, 10.1463365555, -3.80016565323, 9.28907775879, 101.850883484, -4.87521219254, -2.26058244705, -33.9432640076], [-197.164474487, 9.7432050705, 15.2836370468, -1.79879426956, -11.1763372421, 5.39433765411, -31.3236026764, -17.755241394, -3.66809177399, -4.87521219254, 79.5410842896, 11.2731084824, 23.161611557], [-57.2132873535, -40.2832183838, -1.49027729034, -24.9297504425, -17.7774963379, -9.85257816315, -7.55693244934, -17.8406066895, -32.5661697388, -2.26058244705, 11.2731084824, 75.1004943848, 23.2290725708], [44.6138954163, -31.2835273743, -20.1220264435, -22.7056694031, -45.9621505737, 16.8339252472, -34.6340179443, -16.0268306732, -15.1048965454, -33.9432640076, 23.161611557, 23.2290725708, 88.9211807251]],
        "icov": [[0.000250636279816, -0.000426156038884, 0.000636756769381, -0.000863125256728, 0.000824080372695, -0.000720415089745, 0.00080779142445, -0.000654073839542, 0.000400485907448, -0.000334590964485, 0.000850220501889, -0.000313369702781, 0.000207810211577], [-0.000426156038884, 0.00353748304769, -0.000410953507526, 6.69670553179e-05, -0.00224324455485, 0.0037140538916, -0.00239523034543, 0.00202845642343, -0.000523831229657, 0.000484432646772, -0.00252111372538, 0.00222047953866, -0.000874935009051], [0.000636756769381, -0.000410953507526, 0.00561863649637, -0.00275342189707, -0.000393148366129, -0.00099787954241, 0.000930109526962, -0.00215699360706, 0.0004127631546, -0.000915787706617, 0.000520678877365, -0.00108641374391, -6.77648058627e-05], [-0.000863125256728, 6.69670553179e-05, -0.00275342189707, 0.00965899694711, -0.00359722715802, 0.000284207344521, -0.00124578713439, 0.00256597809494, -0.0020189313218, 0.00210577412508, -0.0023149731569, 0.00140750361606, 0.00106019480154], [0.000824080372695, -0.00224324455485, -0.000393148366129, -0.00359722715802, 0.0111968303099, -0.00201200949959, -0.00035620960989, -0.00104956026189, 0.00183260370977, -0.00293991598301, 0.0029579361435, -5.17700973433e-05, 0.00206244247966], [-0.000720415089745, 0.0037140538916, -0.00099787954241, 0.000284207344521, -0.00201200949959, 0.014222628437, -0.00528702326119, -0.000757027766667, -0.00172892410774, 0.0055447164923, -0.0051119425334, 0.00301305553876, -0.002046066802], [0.00080779142445, -0.00239523034543, 0.000930109526962, -0.00124578713439, -0.00035620960989, -0.00528702326119, 0.0159809328616, -0.00474259257317, 0.000140365489642, -0.00051278033061, 0.00701421545818, -0.00352954142727, 0.00375395268202], [-0.000654073839542, 0.00202845642343, -0.00215699360706, 0.00256597809494, -0.00104956026189, -0.000757027766667, -0.00474259257317, 0.0171272531152, -0.00193033996038, 0.000109145337774, -0.000399015145376, 0.00358032644726, 0.000931868155021], [0.000400485907448, -0.000523831229657, 0.0004127631546, -0.0020189313218, 0.00183260370977, -0.00172892410774, 0.000140365489642, -0.00193033996038, 0.0140518546104, -0.00211069057696, 0.000662735372316, 0.00496683875099, 0.000285107525997], [-0.000334590964485, 0.000484432646772, -0.000915787706617, 0.00210577412508, -0.00293991598301, 0.0055447164923, -0.00051278033061, 0.000109145337774, -0.00211069057696, 0.0152369216084, -0.00187212543096, -0.00073912384687, 0.00405789446086], [0.000850220501889, -0.00252111372538, 0.000520678877365, -0.0023149731569, 0.0029579361435, -0.0051119425334, 0.00701421545818, -0.000399015145376, 0.000662735372316, -0.00187212543096, 0.0190219823271, -0.00301353656687, -0.00139964197297], [-0.000313369702781, 0.00222047953866, -0.00108641374391, 0.00140750361606, -5.17700973433e-05, 0.00301305553876, -0.00352954142727, 0.00358032644726, 0.00496683875099, -0.00073912384687, -0.00301353656687, 0.019412798807, -0.00399935105816], [0.000207810211577, -0.000874935009051, -6.77648058627e-05, 0.00106019480154, 0.00206244247966, -0.002046066802, 0.00375395268202, 0.000931868155021, 0.000285107525997, 0.00405789446086, -0.00139964197297, -0.00399935105816, 0.0171794556081]]
    },
    "melbands": {
        "dmean": [0.000256027182331, 0.000530853867531, 0.000246476876782, 0.000192676408915, 0.000381133315386, 0.000169226870639, 6.53536917525e-05, 5.90175441175e-05, 9.2928588856e-05, 6.58519857097e-05, 0.000132342072902, 0.000136701593874, 0.000257262290688, 8.32604418974e-05, 3.14019889629e-05, 2.37037347688e-05, 4.63363940071e-05, 4.67255376861e-05, 8.31334109535e-05, 0.000110060769657, 4.34375142504e-05, 2.82885412162e-05, 1.85440585483e-05, 3.00148640235e-05, 2.35177012655e-05, 1.96993478312e-05, 7.70957922214e-06, 6.62354659653e-06, 6.39229165245e-06, 5.51335097043e-06, 1.29709887915e-05, 4.01759780289e-06, 2.88450951302e-06, 1.37226368224e-06, 1.82350981959e-06, 1.81072698524e-06, 1.61114587627e-06, 1.35167465487e-06, 1.04079083485e-06, 1.10001678877e-07],
        "dmean2": [0.000435646099504, 0.00087842985522, 0.000288714421913, 0.000284456065856, 0.000583511660807, 0.000247656396823, 9.38477751333e-05, 8.92994648893e-05, 0.000153770728502, 0.000105945313408, 0.000215277264942, 0.00022857854492, 0.00040808954509, 0.00013812087127, 5.26484545844e-05, 3.85908133467e-05, 7.48433885747e-05, 7.81105773058e-05, 0.000147452330566, 0.000198209352675, 7.05947531969e-05, 4.57936039311e-05, 3.00390602206e-05, 4.99613270222e-05, 3.8359190512e-05, 3.2538871892e-05, 1.22980572996e-05, 1.04792052298e-05, 1.05017334135e-05, 8.82377116795e-06, 2.20082911255e-05, 6.58543558529e-06, 4.80631661048e-06, 2.2084475404e-06, 2.87698685497e-06, 2.78245329355e-06, 2.59873422692e-06, 2.15288582694e-06, 1.61713978741e-06, 1.85716260148e-07],
        "dvar": [1.25250124938e-07, 4.26182452884e-07, 1.71090277945e-07, 6.81602969621e-08, 3.62692190947e-07, 6.65063382144e-08, 7.5292696522e-09, 7.47425232817e-09, 1.83467836479e-08, 1.70307643543e-08, 6.38091037786e-08, 9.16904951964e-08, 3.26293303488e-07, 2.55991245979e-08, 6.75490419155e-09, 1.23605514712e-09, 9.60218748958e-09, 9.85459625014e-09, 9.13782116641e-08, 1.52472182435e-07, 8.16661760439e-09, 2.21921192534e-09, 1.01183139645e-09, 1.80861114973e-09, 1.65200786384e-09, 7.58416551783e-10, 1.06075613571e-10, 6.63320232075e-11, 7.37359825975e-11, 5.95121243951e-11, 8.86202278227e-10, 3.55874323066e-11, 2.74154709351e-11, 3.82746742286e-12, 7.33234393341e-12, 1.2958569981e-11, 7.71067324573e-12, 6.28663961166e-12, 8.27671178122e-12, 4.52955815217e-14],
        "dvar2": [3.19138280247e-07, 1.10601558845e-06, 1.76586510747e-07, 1.51070054244e-07, 7.84673432008e-07, 1.39369845442e-07, 1.54029518029e-08, 1.44038940775e-08, 4.66099479013e-08, 3.99587776201e-08, 1.5140616938e-07, 2.30221147035e-07, 8.08571826383e-07, 6.61129391233e-08, 1.75177845563e-08, 3.09850678448e-09, 2.15993729569e-08, 2.65991033643e-08, 2.71932520945e-07, 4.34626429069e-07, 1.78160046715e-08, 5.21498089157e-09, 2.4811317445e-09, 4.82574691318e-09, 4.0180747618e-09, 2.06028150096e-09, 2.86767443125e-10, 1.60868263155e-10, 1.83736525994e-10, 1.4604650822e-10, 2.50510634459e-09, 8.98840168961e-11, 7.37502836579e-11, 9.69347952601e-12, 1.63670240555e-11, 2.87523182346e-11, 1.83717190766e-11, 1.6018920565e-11, 1.97284896752e-11, 1.17493227604e-13],
        "max": [0.00343673327006, 0.00645721750334, 0.00820450019091, 0.00305517343804, 0.00503587070853, 0.0033723465167, 0.00103061238769, 0.000887173402589, 0.00115656317212, 0.00133645161986, 0.00232356763445, 0.0025740605779, 0.00563055789098, 0.0014580761781, 0.000954076182097, 0.000326362176565, 0.00100581499282, 0.00155409250874, 0.00423427065834, 0.00355409434997, 0.00151379685849, 0.000733364431653, 0.000508786470164, 0.000414001144236, 0.000508142635226, 0.000236316685914, 9.33347982937e-05, 8.45634567668e-05, 7.84208386904e-05, 6.90116503392e-05, 0.00040655140765, 4.85343189212e-05, 6.51956288493e-05, 2.16828120756e-05, 2.79953983409e-05, 4.20094002038e-05, 2.80887470581e-05, 2.2169575459e-05, 3.6331879528e-05, 2.80800054497e-06],
        "mean": [0.000463392469101, 0.00125668069813, 0.000723068718798, 0.000395508221118, 0.000528829055838, 0.000295477162581, 0.000122590994579, 9.34661511565e-05, 0.000122961355373, 8.18055414129e-05, 0.00014487883891, 0.000130888467538, 0.000291412958177, 9.82279379969e-05, 4.3543666834e-05, 3.76836287614e-05, 5.90692834521e-05, 6.05629793426e-05, 8.57690320117e-05, 0.000103039885289, 5.90674389969e-05, 4.321716915e-05, 3.12362208206e-05, 4.08939522458e-05, 3.32170093316e-05, 2.73558980552e-05, 1.3164790289e-05, 1.09378406705e-05, 1.02914818854e-05, 8.83014308783e-06, 1.55639772856e-05, 5.35226718057e-06, 3.89465503758e-06, 2.1286800802e-06, 2.65995367954e-06, 2.37477388509e-06, 2.08369192478e-06, 1.56489602432e-06, 1.10924622732e-06, 1.28721865167e-07],
        "median": [0.000296703859931, 0.000875358527992, 0.000289693445666, 0.000303956738207, 0.000240867419052, 0.000172623404069, 7.98715627752e-05, 5.08302800881e-05, 6.41642545816e-05, 2.70377586276e-05, 4.15312606492e-05, 2.70154669124e-05, 4.52978820249e-05, 4.55275294371e-05, 2.34759718296e-05, 2.58701275015e-05, 2.43826816586e-05, 3.12322918035e-05, 3.37880155712e-05, 3.02812968584e-05, 2.82833898382e-05, 2.82886448986e-05, 1.96945111384e-05, 2.51119727182e-05, 1.91581275431e-05, 1.82309613592e-05, 9.362174751e-06, 8.04550381872e-06, 7.15123633199e-06, 5.6403760027e-06, 6.97405357641e-06, 3.29294584844e-06, 2.20355809688e-06, 1.42244527979e-06, 1.61113484864e-06, 1.03224942904e-06, 9.06630532427e-07, 5.11206280862e-07, 2.0851327065e-07, 5.83321089209e-08],
        "min": [3.66102299732e-24, 1.97252697198e-24, 2.22832044531e-24, 3.59199964026e-24, 6.84190343809e-24, 7.82502844097e-24, 3.96674209683e-24, 6.09148017491e-24, 4.83541205983e-24, 4.02611768502e-24, 6.68455408649e-24, 7.15841336593e-24, 7.64162143595e-24, 4.32618696273e-24, 9.92386308793e-24, 9.62294736247e-24, 1.00279674839e-23, 7.26959068874e-24, 6.65022128218e-24, 6.44312478417e-24, 8.00381587653e-24, 8.45431777342e-24, 7.36259660061e-24, 1.08007190605e-23, 8.43105189875e-24, 8.02474198976e-24, 8.61601138203e-24, 7.7900913692e-24, 1.14492794761e-23, 7.60624575752e-24, 6.5420688465e-24, 7.46685166898e-24, 8.0815407638e-24, 1.09682234186e-23, 8.40930537017e-24, 6.45663678819e-24, 6.5338351108e-24, 9.14517769953e-24, 1.1566706155e-23, 8.23856510471e-24],
        "var": [2.51043132948e-07, 1.49908055391e-06, 1.56501732818e-06, 1.37836579484e-07, 5.57716020921e-07, 1.36713808274e-07, 1.96728926483e-08, 1.48237342401e-08, 2.60368064886e-08, 2.2595621374e-08, 7.29725400106e-08, 8.78060006926e-08, 3.89714728044e-07, 2.56931595999e-08, 7.2438215426e-09, 1.70768887919e-09, 1.32217587989e-08, 1.06611430795e-08, 5.8189414176e-08, 9.88324799778e-08, 1.14532019424e-08, 3.20420356914e-09, 1.69102010172e-09, 2.28832108817e-09, 2.06561057148e-09, 9.59650248156e-10, 1.72408101684e-10, 1.19528067999e-10, 1.16931644922e-10, 9.28499638286e-11, 8.0177731121e-10, 4.35701509593e-11, 3.42466228986e-11, 5.99156575048e-12, 1.21046436763e-11, 1.85736096642e-11, 1.15062265271e-11, 8.68227104794e-12, 1.03751191666e-11, 4.79373248182e-14]
    },
    "mfcc": {
