{
"metadata": {
    "version": {
        "essentia": "2.0.1",
        "extractor": "archive-music 1.0"
    },
    "audio_properties": {
        "analysis_sample_rate": 44100,
        "bitrate": 128,
        "channels": 2,
        "equal_loudness": 0,
        "length": 15.6995916367,
        "replay_gain": -3.73399734497,
        "downmix": "mix"
    },
    "tags": {
        "track": 0,
        "year": 0,
        "album": "",
        "artist": "",
        "comment": "",
        "genre": "",
        "title": ""
    }
},
"highlevel": {
    "culture": {
        "all": {
            "non_western": 0.194003641605,
            "western": 0.805996358395
        },
        "probability": 0.805996358395,
        "value": "western"
    },
    "danceability": {
        "all": {
            "danceable": 0.023528482765,
            "not_danceable": 0.976471543312
        },
        "probability": 0.976471543312,
        "value": "not_danceable"
    },
    "gender": {
        "all": {
            "female": 0.989217817783,
            "male": 0.0107821719721
        },
        "probability": 0.989217817783,
        "value": "female"
    },
    "genre_dortmund": {
        "all": {
            "alternative": 0.0171154867858,
            "blues": 0.238340303302,
            "electronic": 0.0131900468841,
            "folkcountry": 0.184373140335,
            "funksoulrnb": 0.170188307762,
            "jazz": 0.269933968782,
            "pop": 0.0746129453182,
            "raphiphop": 0.0222143027931,
            "rock": 0.0100314905867
        },
        "probability": 0.269933968782,
        "value": "jazz"
    },
    "genre_electronic": {
        "all": {
            "ambient": 0.730983734131,
            "dnb": 0.0293262209743,
            "house": 0.191750124097,
            "techno": 0.0350729525089,
            "trance": 0.0128669496626
        },
        "probability": 0.730983734131,
        "value": "ambient"
    },
    "genre_rosamerica": {
        "all": {
            "cla": 0.869681179523,
            "dan": 0.00124744442292,
            "hip": 0.00176506536081,
            "jaz": 0.0351612120867,
            "pop": 0.00519692478701,
            "rhy": 0.00700236810371,
            "roc": 0.000924062391277,
            "spe": 0.0790217444301
        },
        "probability": 0.869681179523,
        "value": "cla"
    },
    "genre_tzanetakis": {
        "all": {
            "blu": 0.00851430837065,
            "cla": 0.133309602737,
            "cou": 0.00521177751943,
            "dis": 0.0125939436257,
            "hip": 0.00782195106149,
            "jaz": 0.0657707825303,
            "met": 0.000541286601219,
            "pop": 0.0155434422195,
            "reg": 0.740983188152,
            "roc": 0.00970974750817
        },
        "probability": 0.740983188152,
        "value": "reg"
    },
    "mirex_ballroom": {
        "all": {
            "ChaChaCha": 0.00266302237287,
            "Jive": 0.0016505717067,
            "Quickstep": 0.0067740236409,
            "Rumba-American": 0.0029605878517,
            "Rumba-International": 0.00331653701141,
            "Rumba-Misc": 0.0075672166422,
            "Samba": 0.00282243057154,
            "Tango": 0.0550429001451,
            "VienneseWaltz": 0.699782848358,
            "Waltz": 0.217419832945
        },
        "probability": 0.699782848358,
        "value": "VienneseWaltz"
    },
    "mood_acoustic": {
        "all": {
            "acoustic": 0.973307609558,
            "not_acoustic": 0.0266923699528
        },
        "probability": 0.973307609558,
        "value": "acoustic"
    },
    "mood_aggressive": {
        "all": {
            "aggressive": 0.0273682400584,
            "not_aggressive": 0.972631752491
        },
        "probability": 0.972631752491,
        "value": "not_aggressive"
    },
    "mood_electronic": {
        "all": {
            "electronic": 0.399272620678,
            "not_electronic": 0.600727379322
        },
        "probability": 0.600727379322,
        "value": "not_electronic"
    },
    "mood_happy": {
        "all": {
            "happy": 0.511618435383,
            "not_happy": 0.488381564617
        },
        "probability": 0.511618435383,
        "value": "happy"
    },
    "mood_party": {
        "all": {
            "not_party": 0.905296504498,
            "party": 0.0947034731507
        },
        "probability": 0.905296504498,
        "value": "not_party"
    },
    "mood_relaxed": {
        "all": {
            "not_relaxed": 0.0299870707095,
            "relaxed": 0.970012903214
        },
        "probability": 0.970012903214,
        "value": "relaxed"
    },
    "mood_sad": {
        "all": {
            "not_sad": 0.370246708393,
            "sad": 0.629753291607
        },
        "probability": 0.629753291607,
        "value": "sad"
    },
    "moods_mirex": {
        "all": {
            "Cluster1": 0.0265797432512,
            "Cluster2": 0.430354058743,
            "Cluster3": 0.299864143133,
            "Cluster4": 0.193227857351,
            "Cluster5": 0.0499741956592
        },
        "probability": 0.430354058743,
        "value": "Cluster2"
    },
    "timbre": {
        "all": {
            "bright": 0.241329848766,
            "dark": 0.758670151234
        },
        "probability": 0.758670151234,
        "value": "dark"
    },
    "tonal_atonal": {
        "all": {
            "atonal": 0.976684451103,
            "tonal": 0.0233155451715
        },
        "probability": 0.976684451103,
        "value": "atonal"
    },
    "voice_instrumental": {
        "all": {
            "instrumental": 0.000452792388387,
            "voice": 0.999547183514
        },
        "probability": 0.999547183514,
        "value": "voice"
    }
},
"lowlevel": {
    "average_loudness": 0.823373138905,
    "barkbands_kurtosis": {
        "dmean": 6.62643432617,
        "dmean2": 10.7431631088,
        "dvar": 125.932525635,
        "dvar2": 294.427459717,
        "max": 177.202987671,
        "mean": 9.63814067841,
        "median": 3.70052623749,
        "min": -1.88330733776,
        "var": 258.892791748
    },
    "barkbands_skewness": {
        "dmean": 0.843513429165,
        "dmean2": 1.28163993359,
        "dvar": 0.79853105545,
        "dvar2": 1.74540841579,
        "max": 10.4986972809,
        "mean": 1.96496009827,
        "median": 1.45896434784,
        "min": -3.34025001526,
        "var": 4.07516860962
    },
    "barkbands_spread": {
        "dmean": 3.95231032372,
        "dmean2": 6.21875667572,
        "dvar": 32.1821556091,
        "dvar2": 73.9541702271,
        "max": 61.3524971008,
        "mean": 9.7481918335,
        "median": 6.67219257355,
        "min": 0.592933595181,
        "var": 89.1657180786
    },
    "dissonance": {
        "dmean": 0.0377222411335,
        "dmean2": 0.0621051006019,
        "dvar": 0.00106674630661,
        "dvar2": 0.00311534153298,
        "max": 0.499996215105,
        "mean": 0.422147005796,
        "median": 0.432554095984,
        "min": 0.24899917841,
        "var": 0.00294654699974
    },
    "dynamic_complexity": 5.77756786346,
    "erbbands_kurtosis": {
        "dmean": 2.77268767357,
        "dmean2": 4.52191734314,
        "dvar": 14.8829278946,
        "dvar2": 38.8654060364,
        "max": 60.8931694031,
        "mean": 3.13887524605,
        "median": 2.19777226448,
        "min": -1.90431571007,
        "var": 20.083234787
    },
    "erbbands_skewness": {
        "dmean": 0.654389977455,
        "dmean2": 1.00784301758,
        "dvar": 0.378432840109,
        "dvar2": 0.845090448856,
        "max": 7.59299659729,
        "mean": 1.1415194273,
        "median": 1.06516396999,
        "min": -3.3506026268,
        "var": 1.17654728889
    },
    "erbbands_spread": {
        "dmean": 7.50717115402,
        "dmean2": 11.874797821,
        "dvar": 88.2627258301,
        "dvar2": 219.365890503,
        "max": 115.126457214,
        "mean": 21.8707027435,
        "median": 14.9420452118,
        "min": 3.43816971779,
        "var": 309.577697754
    },
    "hfc": {
        "dmean": 4.26238250732,
        "dmean2": 6.70261287689,
        "dvar": 35.0687332153,
        "dvar2": 85.5119934082,
        "max": 106.875068665,
        "mean": 13.4487504959,
        "median": 8.22958755493,
        "min": 1.18940114991e-16,
        "var": 225.060379028
    },
    "melbands_kurtosis": {
        "dmean": 12.3493804932,
        "dmean2": 19.6674060822,
        "dvar": 615.907836914,
        "dvar2": 1182.61779785,
        "max": 468.605316162,
        "mean": 21.8310871124,
        "median": 6.43360900879,
        "min": -1.64449739456,
        "var": 1538.17370605
    },
    "melbands_skewness": {
        "dmean": 0.953962028027,
        "dmean2": 1.44014954567,
        "dvar": 1.27436614037,
        "dvar2": 2.52439808846,
        "max": 18.7689495087,
        "mean": 2.74848651886,
        "median": 1.67043113708,
        "min": -1.19144713879,
        "var": 8.02633094788
    },
    "melbands_spread": {
        "dmean": 5.59992361069,
        "dmean2": 8.14083003998,
        "dvar": 103.632720947,
        "dvar2": 179.408325195,
        "max": 150.655822754,
        "mean": 14.4945859909,
        "median": 9.88635253906,
        "min": 0.446145474911,
        "var": 357.951934814
    },
    "pitch_salience": {
        "dmean": 0.0704143494368,
        "dmean2": 0.116431832314,
        "dvar": 0.00383042241447,
        "dvar2": 0.00933601893485,
        "max": 0.980762243271,
        "mean": 0.505655944347,
        "median": 0.509810626507,
        "min": 0.0974482372403,
        "var": 0.0172503907233
    },
    "silence_rate_20dB": {
        "dmean": 0,
        "dmean2": 0,
        "dvar": 0,
        "dvar2": 0,
        "max": 1,
        "mean": 1,
        "median": 1,
        "min": 1,
        "var": 0
    },
    "silence_rate_30dB": {
        "dmean": 0.00295420968905,
        "dmean2": 0.00591715984046,
        "dvar": 0.00294546992518,
        "dvar2": 0.00588216399774,
        "max": 1,
        "mean": 0.99705016613,
        "median": 1,
        "min": 0,
        "var": 0.0029411513824
    },
    "silence_rate_60dB": {
        "dmean": 0.041358936578,
        "dmean2": 0.0828402340412,
        "dvar": 0.0396486036479,
        "dvar2": 0.0789364352822,
        "max": 1,
        "mean": 0.210914447904,
        "median": 0,
        "min": 0,
        "var": 0.166430279613
    },
    "spectral_centroid": {
        "dmean": 233.698852539,
        "dmean2": 330.022247314,
        "dvar": 219618.953125,
        "dvar2": 280748.78125,
        "max": 11203.2089844,
        "mean": 1098.45495605,
        "median": 956.577697754,
        "min": 320.070068359,
        "var": 771148.375
    },
    "spectral_complexity": {
        "dmean": 1.50664699078,
        "dmean2": 2.33136105537,
        "dvar": 2.16133522987,
        "dvar2": 4.48487615585,
        "max": 25,
        "mean": 8.33480834961,
        "median": 8,
        "min": 0,
        "var": 28.0722484589
    },
    "spectral_crest": {
        "dmean": 3.23475217819,
        "dmean2": 5.39724397659,
        "dvar": 7.091588974,
        "dvar2": 19.0010929108,
        "max": 25.4222698212,
        "mean": 12.9428930283,
        "median": 12.2549057007,
        "min": 4.13116788864,
        "var": 23.9013557434
    },
    "spectral_decrease": {
        "dmean": 1.55569690463e-09,
        "dmean2": 2.40123010364e-09,
        "dvar": 3.85138022901e-18,
        "dvar2": 9.43161756909e-18,
        "max": 1.2262612623e-28,
        "mean": -4.49910064759e-09,
        "median": -3.14150039316e-09,
        "min": -3.0576686072e-08,
        "var": 2.16449773637e-17
    },
    "spectral_energy": {
        "dmean": 0.00623909803107,
        "dmean2": 0.00963283050805,
        "dvar": 6.16289980826e-05,
        "dvar2": 0.000151233703946,
        "max": 0.120267011225,
        "mean": 0.018200468272,
        "median": 0.0125338518992,
        "min": 1.08496724993e-20,
        "var": 0.000352481176378
    },
    "spectral_energyband_high": {
        "dmean": 5.90612035012e-05,
        "dmean2": 8.93190299394e-05,
        "dvar": 7.55803775121e-09,
        "dvar2": 1.81605432914e-08,
        "max": 0.00114865170326,
        "mean": 0.000118793323054,
        "median": 6.39343415969e-05,
        "min": 7.9324463935e-21,
        "var": 2.38825048626e-08
    },
    "spectral_energyband_low": {
        "dmean": 9.29053953769e-07,
        "dmean2": 1.6273630763e-06,
        "dvar": 1.61075111582e-11,
        "dvar2": 4.40825084769e-11,
        "max": 6.06092980888e-05,
        "mean": 1.01329749214e-06,
        "median": 3.50841560248e-07,
        "min": 3.99127645985e-23,
        "var": 1.23190294771e-11
    },
    "spectral_energyband_middle_high": {
        "dmean": 0.00230149016716,
        "dmean2": 0.00376564403996,
        "dvar": 2.2809692382e-05,
        "dvar2": 6.14770906395e-05,
        "max": 0.0735045298934,
        "mean": 0.0059586209245,
        "median": 0.0012140548788,
        "min": 1.49731413976e-21,
        "var": 0.000100911609479
    },
    "spectral_energyband_middle_low": {
        "dmean": 0.00539893098176,
        "dmean2": 0.00820954423398,
        "dvar": 5.04948147864e-05,
        "dvar2": 0.000121401928482,
        "max": 0.117420852184,
        "mean": 0.0130332503468,
        "median": 0.00913240667433,
        "min": 2.34003205573e-22,
        "var": 0.000226336225751
    },
    "spectral_flatness_db": {
        "dmean": 0.027324385941,
        "dmean2": 0.0424604862928,
        "dvar": 0.000708931765985,
        "dvar2": 0.00175162532832,
        "max": 0.503360390663,
        "mean": 0.299815148115,
        "median": 0.303821563721,
        "min": 0.0367810130119,
        "var": 0.00599726615474
    },
    "spectral_flux": {
        "dmean": 0.0172638017684,
        "dmean2": 0.0279879141599,
        "dvar": 0.000277726911008,
        "dvar2": 0.000751202285755,
        "max": 0.188403591514,
        "mean": 0.0619543455541,
        "median": 0.0614431686699,
        "min": 6.94735935447e-11,
        "var": 0.00137221487239
    },
    "spectral_kurtosis": {
        "dmean": 5.0803809166,
        "dmean2": 8.66804695129,
        "dvar": 22.2592945099,
        "dvar2": 64.8819122314,
        "max": 55.1499404907,
        "mean": 9.1208562851,
        "median": 7.62826395035,
        "min": -1.20172739029,
        "var": 54.0804481506
    },
    "spectral_rms": {
        "dmean": 0.000702960824128,
        "dmean2": 0.00106465583667,
        "dvar": 4.37168864664e-07,
        "dvar2": 1.10614428195e-06,
        "max": 0.0108320666477,
        "mean": 0.00360184535384,
        "median": 0.00349687645212,
        "min": 3.25346672346e-12,
        "var": 4.78324409414e-06
    },
    "spectral_rolloff": {
        "dmean": 381.999298096,
        "dmean2": 643.447509766,
        "dvar": 1143895.75,
        "dvar2": 2263437.75,
        "max": 19143.0175781,
        "mean": 1337.37805176,
        "median": 1012.06054688,
        "min": 279.931640625,
        "var": 3903584
    },
    "spectral_skewness": {
        "dmean": 0.487756222486,
        "dmean2": 0.78961879015,
        "dvar": 0.16071254015,
        "dvar2": 0.431413501501,
        "max": 5.85280418396,
        "mean": 1.79424226284,
        "median": 1.69264602661,
        "min": -0.453215152025,
        "var": 0.728969812393
    },
    "spectral_spread": {
        "dmean": 426266.75,
        "dmean2": 626280.75,
        "dvar": 2.93482083123e+12,
        "dvar2": 4.00891759821e+12,
        "max": 40935916,
        "mean": 2975870.25,
        "median": 2470013.5,
        "min": 1382409.25,
        "var": 7.81492840038e+12
    },
    "spectral_strongpeak": {
        "dmean": 0.610995292664,
        "dmean2": 1.01445841789,
        "dvar": 0.511333584785,
        "dvar2": 1.46068847179,
        "max": 8.35231018066,
        "mean": 1.43751180172,
        "median": 1.06114435196,
        "min": 0,
        "var": 1.69656634331
    },
    "zerocrossingrate": {
        "dmean": 0.00809666980058,
        "dmean2": 0.00966883543879,
        "dvar": 0.000515112304129,
        "dvar2": 0.000824359478429,
        "max": 0.513671875,
        "mean": 0.0510952472687,
        "median": 0.0419921875,
        "min": 0.01220703125,
        "var": 0.00269864825532
    },
    "barkbands": {
        "dmean": [1.05069766221e-08, 8.05468545195e-08, 3.35895407488e-07, 3.76242587663e-06, 0.000935668882448, 0.00223110220395, 0.00159554241691, 0.000452450622106, 0.00129895925056, 0.00156977120787, 0.000808155513369, 0.000755179731641, 0.000360092002666, 0.000408550258726, 6.1030357756e-05, 2.14169285755e-05, 0.000104111219116, 6.53624374536e-05, 4.5085347665e-05, 6.68364518788e-05, 1.07174037112e-05, 4.43508315584e-06, 3.72225895262e-06, 5.23628557403e-07, 1.7946990738e-07, 1.95101605982e-08, 1.3233397711e-09],
        "dmean2": [1.8594137785e-08, 1.34153452791e-07, 5.67525489714e-07, 6.73747490509e-06, 0.00140258704778, 0.00348742795177, 0.00249731098302, 0.00073405855801, 0.00208709179424, 0.00254459911957, 0.00129536283202, 0.00127685093321, 0.000590175506659, 0.000619406288024, 9.23122715903e-05, 3.45565385942e-05, 0.000169683349668, 0.000107038998976, 7.08260340616e-05, 0.000102306497865, 1.604422323e-05, 5.75109743295e-06, 4.6089467105e-06, 6.91699312938e-07, 2.56151452049e-07, 3.19007753546e-08, 2.37319053298e-09],
        "dvar": [1.66289534675e-16, 7.13346482578e-14, 2.52235970825e-12, 1.75978814854e-10, 3.32696822625e-06, 1.58211350936e-05, 2.67849245574e-05, 9.70660607891e-07, 8.42020835989e-06, 1.39245721584e-05, 6.54110226606e-06, 4.97816381539e-06, 8.82643519162e-07, 2.57448982666e-06, 2.35376500513e-08, 6.33674712702e-09, 3.20847647117e-07, 1.27084165413e-08, 7.93080889849e-09, 1.10954374577e-08, 1.73203218434e-09, 2.61418109382e-10, 8.81821768384e-11, 4.80687495016e-12, 1.45643978648e-12, 2.66822239352e-15, 6.06929753749e-18],
        "dvar2": [5.15798807406e-16, 1.69651158356e-13, 6.30251927036e-12, 5.10798292552e-10, 8.09595985629e-06, 3.66241583833e-05, 6.82433092152e-05, 2.59053399532e-06, 2.36339110415e-05, 3.43745414284e-05, 1.78756254172e-05, 1.47661894516e-05, 2.23856341108e-06, 5.56551049158e-06, 5.01860952795e-08, 1.70463163585e-08, 8.53167932746e-07, 3.24392495088e-08, 2.11314219456e-08, 2.55565808516e-08, 4.60472193708e-09, 4.087686023e-10, 1.18039064634e-10, 6.54182350651e-12, 3.06371963389e-12, 6.88489555352e-15, 1.75977480626e-17],
        "max": [1.26195658368e-07, 3.63991193808e-06, 2.3182716177e-05, 0.000147082770127, 0.0240474399179, 0.0566752739251, 0.0901093930006, 0.0106219388545, 0.0417464971542, 0.0634091868997, 0.0392743609846, 0.0338148996234, 0.0111413151026, 0.0342887453735, 0.00206424458884, 0.00161609123461, 0.0118651548401, 0.00153093074914, 0.000930652837269, 0.0014145191526, 0.000907396373805, 0.000292545475531, 0.000173442793312, 6.90579981892e-05, 3.29054892063e-05, 9.62704234553e-07, 2.63343196139e-08],
        "mean": [1.58005128981e-08, 1.64637825151e-07, 3.09967475687e-07, 3.63686058336e-06, 0.00193750066683, 0.00384109956212, 0.00260632508434, 0.000628185458481, 0.002262722468, 0.00267122499645, 0.00120122008957, 0.00112485641148, 0.000639422622044, 0.000660791585688, 9.35377101996e-05, 3.12904958264e-05, 0.000125665828818, 0.000113590816909, 7.3649942351e-05, 0.00014955829829, 1.78010668606e-05, 8.63485001901e-06, 7.73683223088e-06, 1.12475777314e-06, 3.95208843429e-07, 3.91468830685e-08, 1.48503409569e-09],
        "median": [1.28685080369e-08, 1.21016142884e-07, 7.32491400868e-08, 5.08615073613e-07, 0.000360667880159, 0.00105644890573, 0.000240686204052, 8.96689234651e-05, 0.000358973396942, 0.000102788675576, 3.05318608298e-05, 1.87120240298e-05, 2.7943873647e-05, 2.86910035356e-05, 2.1280709916e-05, 7.0056325967e-06, 1.24671050798e-05, 5.59613763471e-05, 2.44065558945e-05, 7.69040925661e-05, 3.40191627402e-06, 8.5799979388e-07, 2.1409978217e-06, 2.36806556586e-07, 7.40280512446e-08, 1.19903535989e-08, 3.28814975248e-10],
        "min": [1.22544769018e-23, 1.85837517024e-23, 5.39863902464e-24, 7.52595865003e-24, 2.23574382364e-23, 4.98743170939e-23, 1.3403947426e-23, 3.51013378544e-23, 4.95099832625e-23, 4.1492187193e-23, 3.29349775029e-23, 5.79655813572e-23, 6.07409013068e-23, 8.96764013519e-23, 8.25715224535e-23, 1.2387086471e-22, 1.36896283541e-22, 1.14602632598e-22, 1.88999107449e-22, 3.29498339625e-22, 3.07900539731e-22, 5.27765868513e-22, 5.56657059818e-22, 7.25737189597e-22, 9.1136380939e-22, 1.55321123316e-21, 2.59554776325e-21],
        "var": [1.79797764655e-16, 8.69709577793e-14, 2.18865290474e-12, 1.47779344317e-10, 1.25040960484e-05, 4.89698650199e-05, 7.17819275451e-05, 1.75380262135e-06, 1.78831742232e-05, 3.84991944884e-05, 1.34081165015e-05, 1.01285677374e-05, 2.48103219747e-06, 5.11255029778e-06, 4.42413465862e-08, 7.89721266159e-09, 2.94331016448e-07, 2.79304082085e-08, 1.60476307798e-08, 4.24128892007e-08, 2.85514167864e-09, 9.9750230298e-10, 3.58424345759e-10, 2.77124139608e-11, 5.24452269807e-12, 6.30633520461e-15, 8.33658429366e-18]
    },
    "erbbands": {
        "dmean": [3.25727000927e-06, 3.08927883452e-05, 0.000399656972149, 0.00775707839057, 0.202482327819, 3.85824632645, 10.0760698318, 22.2237930298, 25.9038391113, 12.8547563553, 10.5454320908, 33.768661499, 59.8357772827, 16.3225822449, 36.7064704895, 32.4980545044, 20.6434860229, 18.1281509399, 10.5817632675, 1.43202424049, 1.81477880478, 6.22304344177, 2.75854182243, 3.41354250908, 1.69857633114, 3.35495662689, 1.13668489456, 0.189170151949, 0.165818348527, 0.166252240539, 0.0921839624643, 0.0219641979784, 0.00451121386141, 0.00323381531052, 0.000694381888025, 0.000153699176735, 2.5847728466e-05, 3.29355725626e-06, 3.13483701575e-06, 7.16115391697e-06],
        "dmean2": [5.33769571121e-06, 4.89891172037e-05, 0.000660414341837, 0.0131005039439, 0.309394448996, 5.75046014786, 15.8754768372, 34.128742218, 39.0513916016, 20.5872116089, 16.3201141357, 53.4841270447, 94.5610427856, 27.0910949707, 59.0241127014, 54.5403327942, 34.1276321411, 27.673784256, 16.6299629211, 2.2281692028, 2.89280796051, 10.0764217377, 4.41560554504, 5.16029453278, 2.83606100082, 5.15333747864, 1.76846385002, 0.254759311676, 0.219297781587, 0.229258298874, 0.112575791776, 0.0274385251105, 0.00524046877399, 0.00463503878564, 0.00103351159487, 0.000245206843829, 4.21364311478e-05, 5.34110313311e-06, 4.83694839204e-06, 1.10638193291e-05],
        "dvar": [2.28310530204e-11, 9.91806281547e-09, 2.25603412218e-06, 0.000402203993872, 0.167019337416, 54.9126205444, 497.064483643, 1624.23669434, 5592.82666016, 1577.92907715, 823.997619629, 7253.27050781, 19339.4414062, 1469.62817383, 12913.1152344, 9992.51269531, 2226.16235352, 5878.25976562, 1277.32788086, 7.76259231567, 46.6870346069, 1241.14880371, 27.0987758636, 39.9951400757, 11.9159221649, 28.7565917969, 7.98192644119, 0.360010236502, 0.414089560509, 0.299309074879, 0.0467037074268, 0.00584064889699, 0.000522988848388, 0.000547466624994, 1.19755413834e-05, 1.84555062788e-07, 7.05713754101e-09, 4.69203946529e-11, 1.54588789686e-11, 8.0908717226e-11],
        "dvar2": [5.58900044301e-11, 2.34928272391e-08, 5.73173610974e-06, 0.00111891818233, 0.383320242167, 117.75491333, 1257.7388916, 4052.34204102, 13150.1083984, 3601.98071289, 2284.06225586, 20611.0664062, 46426.9570312, 3794.28955078, 35977.9335938, 29736.21875, 6156.65478516, 10323.4101562, 3394.78515625, 19.5949325562, 120.991172791, 3289.50366211, 71.3829269409, 93.4370346069, 37.8111763, 67.879776001, 21.6117649078, 0.571037173271, 0.790985405445, 0.582439661026, 0.061597134918, 0.0107320705429, 0.000378498749342, 0.00117583188694, 1.96483306354e-05, 4.45042786623e-07, 1.81313328795e-08, 1.18794321602e-10, 3.75347530834e-11, 1.98544375385e-10],
        "max": [6.19716083747e-05, 0.0013742580777, 0.0212232451886, 0.212826877832, 8.46521759033, 113.909248352, 352.947387695, 537.028198242, 1611.33654785, 855.330932617, 437.792419434, 1303.38671875, 2350.71630859, 559.106079102, 1691.83007812, 1531.59960938, 515.942626953, 1984.88317871, 618.782043457, 42.1873245239, 102.947563171, 734.955322266, 78.9591293335, 66.027923584, 51.2049407959, 69.6192016602, 60.5960159302, 12.36972332, 10.8709506989, 10.1900920868, 3.39144182205, 2.09112811089, 0.832602441311, 0.637152731419, 0.106621235609, 0.0112364413217, 0.00169804203324, 9.00328086573e-05, 5.86837304581e-05, 0.000135170776048],
        "mean": [1.09763841465e-05, 6.23127489234e-05, 0.000603216176387, 0.0122822672129, 0.398739308119, 8.15726280212, 18.4755935669, 38.0193634033, 44.5772132874, 20.4242172241, 16.8469982147, 59.4251403809, 103.503166199, 29.717874527, 59.4320907593, 50.2825241089, 35.5456047058, 32.1468315125, 16.6174640656, 2.70926856995, 2.66762280464, 7.69386053085, 5.31544208527, 6.31297445297, 3.75681757927, 7.61188697815, 2.16367721558, 0.374723404646, 0.301618218422, 0.326875954866, 0.191800788045, 0.0448297336698, 0.0104468883947, 0.0063110650517, 0.00182187312748, 0.000354386545951, 5.37718951819e-05, 6.9809816523e-06, 9.6937719718e-06, 2.12337727135e-05],
        "median": [8.66876325745e-06, 3.55767369911e-05, 0.000253278005403, 0.00501974206418, 0.128864765167, 1.22284293175, 7.22205924988, 10.5235137939, 5.98777961731, 3.38731074333, 5.24572753906, 9.03701114655, 6.53796625137, 2.28098297119, 1.54272675514, 0.974272668362, 1.57971131802, 1.75808286667, 2.43153095245, 1.18672156334, 0.545094490051, 0.866332411766, 2.69406223297, 2.25598263741, 1.78744959831, 3.68809294701, 0.931909263134, 0.0919829457998, 0.0312995538116, 0.0620344281197, 0.0548039749265, 0.0111792273819, 0.00200239359401, 0.00104310689494, 0.000412890862208, 0.000136522838147, 1.2866954421e-05, 2.1739906515e-06, 6.63850369165e-06, 1.46168531501e-05],
        "min": [7.09644225182e-22, 3.42048917203e-21, 6.42608870183e-21, 2.13800548977e-20, 3.62931309871e-20, 1.03737205296e-19, 2.18083299217e-19, 4.42348429344e-19, 3.01166715809e-19, 6.37114877111e-19, 4.96937903677e-19, 1.47564161593e-18, 1.40314399153e-18, 8.24371248699e-19, 1.62971320741e-18, 2.38461694938e-18, 2.83116792153e-18, 3.63975764981e-18, 5.34985182305e-18, 4.74810687874e-18, 9.20611159049e-18, 7.11459947372e-18, 9.38032575366e-18, 1.18287447981e-17, 1.09409988482e-17, 1.37462181139e-17, 1.40939830414e-17, 1.1743577455e-17, 1.74064542742e-17, 1.38171496787e-17, 1.60405176938e-17, 1.48464163051e-17, 1.34346539188e-17, 9.91660348839e-18, 7.09605656593e-18, 5.38877894268e-18, 2.99398084752e-18, 1.29135446085e-18, 3.3682716995e-19, 3.68219126561e-20],
        "var": [7.37732097633e-11, 1.25110304339e-08, 2.06258414437e-06, 0.000455975794466, 0.476052433252, 222.53125, 1162.91186523, 4654.40283203, 17575.0332031, 3302.36108398, 1497.27050781, 14318, 54718.96875, 4055.8737793, 27947.1777344, 20583.5957031, 5610.14208984, 12499.1855469, 1700.35266113, 16.8087806702, 59.7407341003, 1121.05517578, 59.4206809998, 107.027755737, 27.7278594971, 111.436264038, 15.2286643982, 1.17845535278, 1.27225446701, 0.996155083179, 0.190834358335, 0.0226423125714, 0.00336570478976, 0.00163924391381, 7.17419243301e-05, 6.42398390482e-07, 1.41225289241e-08, 1.54074863978e-10, 9.68409727409e-11, 4.74912997817e-10]
    },
    "gfcc": {
        "mean": [-176.169921875, 106.62625885, -189.512115479, -11.1363477707, -99.3390731812, -47.5690498352, -44.7895889282, -22.0883293152, -29.0135097504, -11.6778430939, 4.38347768784, -12.2355680466, 3.28241443634],
        "cov": [[19365.3203125, 2134.13061523, -3397.43579102, -1126.42858887, -1317.76159668, -1499.01428223, -198.577529907, -540.299499512, -420.339233398, -592.260864258, 379.75692749, -364.324371338, 135.318618774], [2134.13061523, 828.981750488, -436.908416748, -534.368469238, -36.4045791626, -323.615539551, -28.5171737671, -51.7827033997, -109.093345642, -102.554840088, 80.2726211548, -98.094581604, 37.2631912231], [-3397.43579102, -436.908416748, 1413.79882812, 966.960876465, 135.054000854, -122.868667603, -480.25, 36.6035804749, 386.971984863, 102.815719604, -117.432182312, 152.355911255, 23.1954479218], [-1126.42858887, -534.368469238, 966.960876465, 1778.88293457, 7.28195667267, -633.276062012, -759.11138916, 1.68809354305, 637.10144043, 27.3677787781, -114.074768066, 184.310958862, 106.661499023], [-1317.76159668, -36.4045791626, 135.054000854, 7.28195667267, 465.06652832, -10.1928310394, -26.1655635834, 78.4906311035, -59.7100143433, 44.2262153625, -30.2472877502, -7.40014743805, 27.821472168], [-1499.01428223, -323.615539551, -122.868667603, -633.276062012, -10.1928310394, 1234.05383301, 611.995056152, -26.5242099762, -449.743164062, 113.996932983, -131.87487793, -120.60496521, -194.153945923], [-198.577529907, -28.5171737671, -480.25, -759.11138916, -26.1655635834, 611.995056152, 685.834899902, -6.58848762512, -436.574493408, -17.0224876404, 9.39536190033, -118.860458374, -118.361732483], [-540.299499512, -51.7827033997, 36.6035804749, 1.68809354305, 78.4906311035, -26.5242099762, -6.58848762512, 123.435089111, 30.2786846161, 20.0623073578, -3.93389558792, 10.65163517, 21.0188446045], [-420.339233398, -109.093345642, 386.971984863, 637.10144043, -59.7100143433, -449.743164062, -436.574493408, 30.2786846161, 496.76071167, 15.9381170273, -19.7337627411, 105.257225037, 78.9748001099], [-592.260864258, -102.554840088, 102.815719604, 27.3677787781, 44.2262153625, 113.996932983, -17.0224876404, 20.0623073578, 15.9381170273, 121.513824463, -20.7719097137, -5.7093334198, -13.0717782974], [379.75692749, 80.2726211548, -117.432182312, -114.074768066, -30.2472877502, -131.87487793, 9.39536190033, -3.93389558792, -19.7337627411, -20.7719097137, 138.60269165, 57.937587738, 7.7821059227], [-364.324371338, -98.094581604, 152.355911255, 184.310958862, -7.40014743805, -120.60496521, -118.860458374, 10.65163517, 105.257225037, -5.7093334198, 57.937587738, 134.714996338, 29.5705528259], [135.318618774, 37.2631912231, 23.1954479218, 106.661499023, 27.821472168, -194.153945923, -118.361732483, 21.0188446045, 78.9748001099, -13.0717782974, 7.7821059227, 29.5705528259, 92.3200302124]],
        "icov": [[0.000309685186949, -8.70239236974e-05, 0.000757209199946, -7.72420244175e-05, 0.000691274995916, 0.000287421076791, 0.000857406645082, 0.000483207695652, 0.000700987235177, 0.000297938415315, 0.000122302619275, 0.000413036963437, 0.000165507241036], [-8.70239236974e-05, 0.00368610280566, -0.000172284810105, 0.00189142639283, -1.75776713149e-05, 0.00127294484992, 0.00179489736911, 0.000971837900579, 0.000533621176146, 0.00136385718361, -7.53567364882e-05, 0.00231731240638, 0.000260810775217], [0.000757209199946, -0.000172284810105, 0.00337855913676, -0.000645163119771, 0.00129732210189, 0.000382577243727, 0.00269924080931, 0.00107792287599, 0.00149241520558, 0.000320761901094, 0.00113284925465, -0.000214879531995, 0.00122709805146], [-7.72420244175e-05, 0.00189142639283, -0.000645163119771, 0.00263141514733, -6.44521787763e-06, 0.00112257117871, 0.00135430216324, 0.000882382038981, -0.000392498273868, 0.000591795076616, 0.00179856782779, -0.000165806370205, 0.000690937100444], [0.000691274995916, -1.75776713149e-05, 0.00129732210189, -6.44521787763e-06, 0.00454073958099, 0.00124582450371, 0.00228908099234, -0.000598802580498, 0.00322716706432, -0.000324013613863, 0.00131417589728, 0.000765787903219, -0.000164499535458], [0.000287421076791, 0.00127294484992, 0.000382577243727, 0.00112257117871, 0.00124582450371, 0.00423784693703, -0.000322147679981, 0.00121803372167, 0.00245863269083, -0.00204377458431, 0.00455478811637, -0.00145299127325, 0.00320732081309], [0.000857406645082, 0.00179489736911, 0.00269924080931, 0.00135430216324, 0.00228908099234, -0.000322147679981, 0.00926388707012, 0.000380493031116, 0.00415581651032, 0.00350248417817, -0.000885450281203, 0.0035254843533, 0.00208525406197], [0.000483207695652, 0.000971837900579, 0.00107792287599, 0.000882382038981, -0.000598802580498, 0.00121803372167, 0.000380493031116, 0.0114494618028, -0.000445198529633, -0.000656196207274, 0.000844883266836, 0.000401475495892, -0.0016795694828], [0.000700987235177, 0.000533621176146, 0.00149241520558, -0.000392498273868, 0.00322716706432, 0.00245863269083, 0.00415581651032, -0.000445198529633, 0.00851991772652, -0.000674179056659, 0.00291742500849, -0.000978113966994, 0.0011467738077], [0.000297938415315, 0.00136385718361, 0.000320761901094, 0.000591795076616, -0.000324013613863, -0.00204377458431, 0.00350248417817, -0.000656196207274, -0.000674179056659, 0.0128188207746, -0.00310353189707, 0.00433634361252, -4.77483699797e-05], [0.000122302619275, -7.53567364882e-05, 0.00113284925465, 0.00179856782779, 0.00131417589728, 0.00455478811637, -0.000885450281203, 0.000844883266836, 0.00291742500849, -0.00310353189707, 0.0186006091535, -0.0115730883554, 0.00454774778336], [0.000413036963437, 0.00231731240638, -0.000214879531995, -0.000165806370205, 0.000765787903219, -0.00145299127325, 0.0035254843533, 0.000401475495892, -0.000978113966994, 0.00433634361252, -0.0115730883554, 0.0193007923663, -0.00390901276842], [0.000165507241036, 0.000260810775217, 0.00122709805146, 0.000690937100444, -0.000164499535458, 0.00320732081309, 0.00208525406197, -0.0016795694828, 0.0011467738077, -4.77483699797e-05, 0.00454774778336, -0.00390901276842, 0.0191089995205]]
    },
    "melbands": {
        "dmean": [1.94382661078e-08, 1.0077713597e-07, 2.69525958174e-06, 0.000112963709398, 0.000337411009241, 0.000484247197164, 0.000369993242202, 0.000126170634758, 9.98903269647e-05, 0.00021967664361, 0.00029356876621, 6.6366585088e-05, 0.000126244325656, 6.9903631811e-05, 8.4885105025e-05, 3.52074312104e-05, 3.87036234315e-05, 2.3728420274e-05, 3.24308916788e-06, 1.22016615478e-06, 2.466242222e-06, 8.36751678435e-06, 2.44526017923e-06, 3.01816635329e-06, 3.13980990541e-06, 9.50257060595e-07, 1.9544065708e-06, 2.64216259893e-06, 1.01402167729e-06, 1.80268429517e-07, 9.04058339302e-08, 9.94933913034e-08, 9.6966168428e-08, 9.50946841272e-08, 6.61416166281e-08, 2.37399362391e-08, 1.01153769805e-08, 4.22887325158e-09, 1.48126189092e-09, 3.34540439795e-09],
        "dmean2": [3.25965956449e-08, 1.68747490648e-07, 4.72035117127e-06, 0.000169164821273, 0.000525633455254, 0.000731836655177, 0.000574490521103, 0.000203536706977, 0.00015140567848, 0.000346477405401, 0.000468211510452, 0.000110411267087, 0.00020392650913, 0.000114380483865, 0.00014343210205, 5.54484322492e-05, 5.84916851949e-05, 3.79752455046e-05, 4.86858471049e-06, 1.97265239876e-06, 3.8941634557e-06, 1.35605778269e-05, 4.18754780185e-06, 4.81912638861e-06, 4.70156010124e-06, 1.61303830737e-06, 3.02388912132e-06, 4.15467047787e-06, 1.60615047662e-06, 2.78972606793e-07, 1.13554825987e-07, 1.39643063335e-07, 1.32443261691e-07, 1.3073604066e-07, 8.54318642496e-08, 3.15671151441e-08, 1.40472744548e-08, 4.87930407189e-09, 2.29393282147e-09, 5.03778796457e-09],
        "dvar": [2.41662480907e-15, 2.42295495733e-13, 7.13828163246e-11, 5.34420898646e-08, 4.42996281436e-07, 7.20735613413e-07, 1.2104749203e-06, 1.27328974031e-07, 7.96840851081e-08, 2.85655232801e-07, 4.85032217057e-07, 2.77365685974e-08, 1.68714834103e-07, 2.7848228612e-08, 6.38256523189e-08, 7.53883178106e-09, 2.84879320134e-08, 7.76256481316e-09, 4.80715328655e-11, 7.38602755346e-12, 9.09015293593e-11, 2.60093835358e-09, 3.15827156094e-11, 2.8239070804e-11, 3.70789857151e-11, 5.16983287777e-12, 1.24424897469e-11, 1.84557369387e-11, 5.59026696462e-12, 3.19295913494e-13, 1.122763178e-13, 1.66223222795e-13, 1.31562417753e-13, 8.92862647424e-14, 2.4244129382e-14, 4.443013069e-15, 2.05988438959e-15, 5.58365654077e-16, 5.30232665727e-17, 6.67067456841e-16],
        "dvar2": [5.5535901534e-15, 6.01840300686e-13, 1.96405572361e-10, 1.10020337729e-07, 1.13838484594e-06, 1.72287980149e-06, 3.07317463921e-06, 2.84296902464e-07, 2.20484594138e-07, 8.14376676317e-07, 1.17281319945e-06, 6.95618709301e-08, 4.70009553055e-07, 7.82113218634e-08, 1.8886915143e-07, 1.86967810123e-08, 5.129051317e-08, 2.13345199285e-08, 1.11701710381e-10, 1.88172758625e-11, 2.33317559717e-10, 6.89999168912e-09, 9.93814544548e-11, 7.25122670242e-11, 8.7498883139e-11, 1.62073843929e-11, 3.13948034236e-11, 4.70526013985e-11, 1.52055416869e-11, 7.72742655454e-13, 1.73004175547e-13, 3.53807667842e-13, 2.59410060707e-13, 1.67395787444e-13, 3.56393246078e-14, 8.09318720575e-15, 3.71896252942e-15, 4.55716642875e-16, 8.53889083392e-17, 1.55292574742e-15],
        "max": [6.82905351823e-07, 7.03521436662e-06, 9.17037832551e-05, 0.00388665823266, 0.0106356609613, 0.0112112369388, 0.0208754241467, 0.00750113930553, 0.00436918484047, 0.00803282577544, 0.0118469307199, 0.00231136521325, 0.00646000681445, 0.00212938920595, 0.0034940042533, 0.00101302785333, 0.00430990802124, 0.0015682419762, 8.34918682813e-05, 3.80740457331e-05, 0.000165067816852, 0.00107287603896, 7.41848853067e-05, 8.05381714599e-05, 6.6322812927e-05, 3.78034019377e-05, 5.70381998841e-05, 5.96017562202e-05, 4.51308224001e-05, 9.86148643278e-06, 7.40513451092e-06, 7.76638080424e-06, 5.80109463044e-06, 5.49746573597e-06, 2.40712029154e-06, 1.03563775156e-06, 1.39604730975e-06, 8.61939440711e-07, 1.97292976623e-07, 6.52611561236e-07],
        "mean": [4.89819491634e-08, 1.0404240669e-07, 3.53726863977e-06, 0.000237706888583, 0.000656993943267, 0.000842690351419, 0.000636129116174, 0.000192421619431, 0.000154529552674, 0.00038170046173, 0.000506582844537, 0.000108295636892, 0.000192615087144, 0.000116782772238, 0.000121505872812, 6.01148676651e-05, 6.3394625613e-05, 3.37638157362e-05, 5.07899767399e-06, 1.99005467039e-06, 3.2253747122e-06, 9.30417809286e-06, 4.12131703342e-06, 5.33301408723e-06, 5.35175195182e-06, 1.70933367372e-06, 4.0943782551e-06, 5.39717848369e-06, 1.66632582932e-06, 3.22040222045e-07, 1.6018226745e-07, 1.68069291817e-07, 1.69207339695e-07, 1.89128286365e-07, 1.31823597371e-07, 4.39243947881e-08, 1.99876559748e-08, 8.34130453597e-09, 3.2808928907e-09, 6.00975180731e-09],
        "median": [4.13528411514e-08, 2.88538810622e-08, 5.17026933267e-07, 3.60559060937e-05, 0.000251350778854, 0.000239469896769, 8.03062866908e-05, 1.71504107129e-05, 2.72538709396e-05, 5.7128858316e-05, 2.58606232819e-05, 6.67914900987e-06, 4.65864013677e-06, 2.74958756563e-06, 2.85846317638e-06, 2.81314260064e-06, 2.45618002737e-06, 3.88645639759e-06, 1.46260572365e-06, 6.87931674292e-07, 4.07874580333e-07, 7.70299266151e-07, 1.1709436194e-06, 2.81208076558e-06, 1.3985327314e-06, 6.58092233152e-07, 1.90344348994e-06, 2.52999780059e-06, 6.63888613417e-07, 4.52277575391e-08, 1.6994512464e-08, 9.9988772817e-09, 1.70302527636e-08, 3.87716028172e-08, 3.54209035436e-08, 1.09730553532e-08, 3.73067932102e-09, 9.25510668104e-10, 8.9721174934e-10, 7.76354758258e-10],
        "min": [6.88494211136e-24, 4.19578470522e-24, 4.97069302761e-24, 4.53011973407e-24, 8.06578326722e-24, 9.50122533593e-24, 3.72171282777e-24, 7.82485646929e-24, 3.86863107162e-24, 9.32282049791e-24, 7.04651660197e-24, 2.95005047079e-24, 5.19387873821e-24, 6.09035289267e-24, 6.23601645325e-24, 6.38086669824e-24, 6.36079571023e-24, 8.99074161125e-24, 5.437293209e-24, 7.6916722938e-24, 1.11071591789e-23, 6.78787593241e-24, 6.79280473535e-24, 4.56809589248e-24, 9.79474627927e-24, 6.23933440222e-24, 1.01641264538e-23, 8.96198132037e-24, 7.85406719975e-24, 8.506048905e-24, 6.42733297214e-24, 9.74195728521e-24, 8.58131570169e-24, 6.60991206764e-24, 8.26760859665e-24, 1.14215360269e-23, 7.23287631335e-24, 8.46388192304e-24, 9.07552443704e-24, 8.74522048742e-24],
