{
"metadata": {
    "version": {
        "essentia": "2.0.1",
        "extractor": "archive-music 1.0"
    },
    "audio_properties": {
        "analysis_sample_rate": 44100,
        "bitrate": 128,
        "channels": 2,
        "equal_loudness": 0,
        "length": 15.0987758636,
        "replay_gain": -11.807975769,
        "downmix": "mix"
    },
    "tags": {
        "track": 1,
        "year": 0,
        "album": "Dla O.",
        "artist": "♪ Robert Karpinski ♪",
        "comment": "",
        "genre": "Other",
        "title": "Dla O."
    }
},
"highlevel": {
    "culture": {
        "all": {
            "non_western": 8.99618498806e-06,
            "western": 0.999990999699
        },
        "probability": 0.999990999699,
        "value": "western"
    },
    "danceability": {
        "all": {
            "danceable": 0.0816252529621,
            "not_danceable": 0.918374717236
        },
        "probability": 0.918374717236,
        "value": "not_danceable"
    },
    "gender": {
        "all": {
            "female": 0.843112647533,
            "male": 0.156887382269
        },
        "probability": 0.843112647533,
        "value": "female"
    },
    "genre_dortmund": {
        "all": {
            "alternative": 0.0698392465711,
            "blues": 0.0203216224909,
            "electronic": 0.0129664586857,
            "folkcountry": 0.139451697469,
            "funksoulrnb": 0.0364004671574,
            "jazz": 0.641462802887,
            "pop": 0.0486088693142,
            "raphiphop": 0.00106442766264,
            "rock": 0.0298844035715
        },
        "probability": 0.641462802887,
        "value": "jazz"
    },
    "genre_electronic": {
        "all": {
            "ambient": 0.934839904308,
            "dnb": 0.0227614548057,
            "house": 0.0192036740482,
            "techno": 0.0069037899375,
            "trance": 0.0162911564112
        },
        "probability": 0.934839904308,
        "value": "ambient"
    },
    "genre_rosamerica": {
        "all": {
            "cla": 0.680292248726,
            "dan": 0.0126525154337,
            "hip": 0.00585683248937,
            "jaz": 0.078699067235,
            "pop": 0.0954953208566,
            "rhy": 0.0114229135215,
            "roc": 0.108946405351,
            "spe": 0.00663468847051
        },
        "probability": 0.680292248726,
        "value": "cla"
    },
    "genre_tzanetakis": {
        "all": {
            "blu": 0.0102502303198,
            "cla": 0.401243388653,
            "cou": 0.0124071985483,
            "dis": 0.0358784906566,
            "hip": 0.0158735103905,
            "jaz": 0.304917007685,
            "met": 0.00540396943688,
            "pop": 0.0897775068879,
            "reg": 0.0185818765312,
            "roc": 0.105666838586
        },
        "probability": 0.401243388653,
        "value": "cla"
    },
    "mirex_ballroom": {
        "all": {
            "ChaChaCha": 0.00232647103257,
            "Jive": 0.00213746447116,
            "Quickstep": 0.00532955816016,
            "Rumba-American": 0.000713287852705,
            "Rumba-International": 0.0149686299264,
            "Rumba-Misc": 0.0021368234884,
            "Samba": 0.00111325993203,
            "Tango": 0.00688301911578,
            "VienneseWaltz": 0.157362639904,
            "Waltz": 0.807028830051
        },
        "probability": 0.807028830051,
        "value": "Waltz"
    },
    "mood_acoustic": {
        "all": {
            "acoustic": 0.867402911186,
            "not_acoustic": 0.132597088814
        },
        "probability": 0.867402911186,
        "value": "acoustic"
    },
    "mood_aggressive": {
        "all": {
            "aggressive": 0.0333646088839,
            "not_aggressive": 0.966635406017
        },
        "probability": 0.966635406017,
        "value": "not_aggressive"
    },
    "mood_electronic": {
        "all": {
            "electronic": 0.801116883755,
            "not_electronic": 0.198883101344
        },
        "probability": 0.801116883755,
        "value": "electronic"
    },
    "mood_happy": {
        "all": {
            "happy": 0.27106282115,
            "not_happy": 0.728937149048
        },
        "probability": 0.728937149048,
        "value": "not_happy"
    },
    "mood_party": {
        "all": {
            "not_party": 0.94062435627,
            "party": 0.0593756623566
        },
        "probability": 0.94062435627,
        "value": "not_party"
    },
    "mood_relaxed": {
        "all": {
            "not_relaxed": 0.0215390622616,
            "relaxed": 0.978460967541
        },
        "probability": 0.978460967541,
        "value": "relaxed"
    },
    "mood_sad": {
        "all": {
            "not_sad": 0.312017679214,
            "sad": 0.687982320786
        },
        "probability": 0.687982320786,
        "value": "sad"
    },
    "moods_mirex": {
        "all": {
            "Cluster1": 0.168673694134,
            "Cluster2": 0.295678704977,
            "Cluster3": 0.370876461267,
            "Cluster4": 0.112750910223,
            "Cluster5": 0.0520202368498
        },
        "probability": 0.370876461267,
        "value": "Cluster3"
    },
    "timbre": {
        "all": {
            "bright": 0.578087925911,
            "dark": 0.421912074089
        },
        "probability": 0.578087925911,
        "value": "bright"
    },
    "tonal_atonal": {
        "all": {
            "atonal": 0.861229300499,
            "tonal": 0.138770699501
        },
        "probability": 0.861229300499,
        "value": "atonal"
    },
    "voice_instrumental": {
        "all": {
            "instrumental": 0.893184483051,
            "voice": 0.106815487146
        },
        "probability": 0.893184483051,
        "value": "instrumental"
    }
},
"lowlevel": {
    "average_loudness": 0.923082768917,
    "barkbands_kurtosis": {
        "dmean": 1.29254293442,
        "dmean2": 2.11499166489,
        "dvar": 2.62022662163,
        "dvar2": 6.73008203506,
        "max": 22.517250061,
        "mean": 2.17099070549,
        "median": 1.83709335327,
        "min": -0.956119298935,
        "var": 5.53433227539
    },
    "barkbands_skewness": {
        "dmean": 0.309873431921,
        "dmean2": 0.493265807629,
        "dvar": 0.0920796990395,
        "dvar2": 0.239637091756,
        "max": 4.06771421432,
        "mean": 1.31305885315,
        "median": 1.29986453056,
        "min": -1.94821298122,
        "var": 0.365494906902
    },
    "barkbands_spread": {
        "dmean": 2.62436270714,
        "dmean2": 4.10602855682,
        "dvar": 7.42020606995,
        "dvar2": 20.5180702209,
        "max": 42.8563194275,
        "mean": 14.3543958664,
        "median": 13.8421154022,
        "min": 3.91160511971,
        "var": 19.1466903687
    },
    "dissonance": {
        "dmean": 0.0181128159165,
        "dmean2": 0.0305100958794,
        "dvar": 0.000303756154608,
        "dvar2": 0.000863836088683,
        "max": 0.499673813581,
        "mean": 0.450274497271,
        "median": 0.453871786594,
        "min": 0.322365701199,
        "var": 0.000628646870609
    },
    "dynamic_complexity": 3.31167888641,
    "erbbands_kurtosis": {
        "dmean": 0.509053647518,
        "dmean2": 0.822010993958,
        "dvar": 0.41483053565,
        "dvar2": 0.899958670139,
        "max": 8.01098918915,
        "mean": -0.0711429640651,
        "median": -0.334608435631,
        "min": -1.47304868698,
        "var": 1.14988958836
    },
    "erbbands_skewness": {
        "dmean": 0.27042889595,
        "dmean2": 0.427863031626,
        "dvar": 0.0568720623851,
        "dvar2": 0.154726564884,
        "max": 2.92183566093,
        "mean": 0.539380252361,
        "median": 0.533045291901,
        "min": -0.849010944366,
        "var": 0.159903213382
    },
    "erbbands_spread": {
        "dmean": 3.78044557571,
        "dmean2": 5.59713459015,
        "dvar": 10.6282339096,
        "dvar2": 21.7459774017,
        "max": 46.9192008972,
        "mean": 28.9112052917,
        "median": 29.5175037384,
        "min": 7.01221561432,
        "var": 49.3141365051
    },
    "hfc": {
        "dmean": 2.89914107323,
        "dmean2": 4.51774120331,
        "dvar": 12.413731575,
        "dvar2": 32.5090332031,
        "max": 57.9617958069,
        "mean": 16.1078548431,
        "median": 15.6474571228,
        "min": 1.09803388964e-16,
        "var": 90.0520706177
    },
    "melbands_kurtosis": {
        "dmean": 2.38602828979,
        "dmean2": 3.80246949196,
        "dvar": 9.30881404877,
        "dvar2": 23.8824920654,
        "max": 45.0450134277,
        "mean": 5.86967945099,
        "median": 5.0540394783,
        "min": -1.31971824169,
        "var": 22.3454418182
    },
    "melbands_skewness": {
        "dmean": 0.350479543209,
        "dmean2": 0.549420058727,
        "dvar": 0.115654118359,
        "dvar2": 0.29488503933,
        "max": 5.66593837738,
        "mean": 1.88992512226,
        "median": 1.83980131149,
        "min": -0.287696361542,
        "var": 0.469521820545
    },
    "melbands_spread": {
        "dmean": 3.71311068535,
        "dmean2": 5.89267444611,
        "dvar": 46.4551277161,
        "dvar2": 109.233566284,
        "max": 137.805725098,
        "mean": 18.0105075836,
        "median": 16.2135505676,
        "min": 3.97991681099,
        "var": 130.836654663
    },
    "pitch_salience": {
        "dmean": 0.0466154962778,
        "dmean2": 0.0753399133682,
        "dvar": 0.00167149933986,
        "dvar2": 0.00391235994175,
        "max": 0.836819946766,
        "mean": 0.556310594082,
        "median": 0.566472768784,
        "min": 0.247332930565,
        "var": 0.00826355163008
    },
    "silence_rate_20dB": {
        "dmean": 0,
        "dmean2": 0,
        "dvar": 0,
        "dvar2": 0,
        "max": 1,
        "mean": 1,
        "median": 1,
        "min": 1,
        "var": 0
    },
    "silence_rate_30dB": {
        "dmean": 0,
        "dmean2": 0,
        "dvar": 0,
        "dvar2": 0,
        "max": 1,
        "mean": 1,
        "median": 1,
        "min": 1,
        "var": 0
    },
    "silence_rate_60dB": {
        "dmean": 0.00614439323545,
        "dmean2": 0.0123076923192,
        "dvar": 0.00610656477511,
        "dvar2": 0.0121563496068,
        "max": 1,
        "mean": 0.0766871199012,
        "median": 0,
        "min": 0,
        "var": 0.0708057358861
    },
    "spectral_centroid": {
        "dmean": 175.103500366,
        "dmean2": 270.797546387,
        "dvar": 199335.796875,
        "dvar2": 261670.921875,
        "max": 11207.3134766,
        "mean": 1101.35913086,
        "median": 955.025756836,
        "min": 514.662780762,
        "var": 583969.75
    },
    "spectral_complexity": {
        "dmean": 2.01536107063,
        "dmean2": 3.42153835297,
        "dvar": 3.45599460602,
        "dvar2": 8.1669254303,
        "max": 35,
        "mean": 19.6411037445,
        "median": 21,
        "min": 0,
        "var": 41.3956108093
    },
    "spectral_crest": {
        "dmean": 1.55640184879,
        "dmean2": 2.34054970741,
        "dvar": 2.01666927338,
        "dvar2": 5.2390089035,
        "max": 20.7838935852,
        "mean": 9.23509502411,
        "median": 8.72010803223,
        "min": 3.20891070366,
        "var": 8.40390777588
    },
    "spectral_decrease": {
        "dmean": 1.42942524484e-09,
        "dmean2": 2.30630203824e-09,
        "dvar": 3.81300773398e-18,
        "dvar2": 1.08711508901e-17,
        "max": 3.15142399444e-30,
        "mean": -6.70130706482e-09,
        "median": -6.06111072443e-09,
        "min": -2.92395121448e-08,
        "var": 2.04506575994e-17
    },
    "spectral_energy": {
        "dmean": 0.00562517950311,
        "dmean2": 0.00905667897314,
        "dvar": 5.87039721722e-05,
        "dvar2": 0.000167139354744,
        "max": 0.115614004433,
        "mean": 0.0267532914877,
        "median": 0.0244145859033,
        "min": 1.03065500712e-20,
        "var": 0.000318154343404
    },
    "spectral_energyband_high": {
        "dmean": 6.75677219988e-05,
        "dmean2": 0.000101107383671,
        "dvar": 7.85566278694e-09,
        "dvar2": 1.42619054344e-08,
        "max": 0.00133494997863,
        "mean": 0.000224078816245,
        "median": 0.000173817301402,
        "min": 7.04218114234e-21,
        "var": 3.96044548268e-08
    },
    "spectral_energyband_low": {
        "dmean": 0.000773793552071,
        "dmean2": 0.00106625049375,
        "dvar": 1.14613874302e-06,
        "dvar2": 2.36647451857e-06,
        "max": 0.0252040904015,
        "mean": 0.0044370777905,
        "median": 0.00190440192819,
        "min": 4.72350535623e-23,
        "var": 2.91552496492e-05
    },
    "spectral_energyband_middle_high": {
        "dmean": 0.00118337746244,
        "dmean2": 0.00171613588464,
        "dvar": 1.6524069224e-06,
        "dvar2": 3.20786102748e-06,
        "max": 0.0217690523714,
        "mean": 0.00498105958104,
        "median": 0.0048572383821,
        "min": 1.34768855684e-21,
        "var": 8.62637534738e-06
    },
    "spectral_energyband_middle_low": {
        "dmean": 0.00521382223815,
        "dmean2": 0.00846243742853,
        "dvar": 5.83903383813e-05,
        "dvar2": 0.000165239296621,
        "max": 0.103830650449,
        "mean": 0.0178896803409,
        "median": 0.014962028712,
        "min": 2.33128592332e-22,
        "var": 0.000200447087991
    },
    "spectral_flatness_db": {
        "dmean": 0.0129943424836,
        "dmean2": 0.0205307118595,
        "dvar": 0.000125829508761,
        "dvar2": 0.000308012880851,
        "max": 0.243263199925,
        "mean": 0.159013450146,
        "median": 0.159295231104,
        "min": 0.0597154088318,
        "var": 0.000883125467226
    },
    "spectral_flux": {
        "dmean": 0.0120555795729,
        "dmean2": 0.0198022834957,
        "dvar": 0.000163290751516,
        "dvar2": 0.000410128064686,
        "max": 0.20709978044,
        "mean": 0.0553498528898,
        "median": 0.053172595799,
        "min": 6.48445117046e-11,
        "var": 0.000694076356012
    },
    "spectral_kurtosis": {
        "dmean": 1.96867954731,
        "dmean2": 3.39420104027,
        "dvar": 2.77793240547,
        "dvar2": 7.97628974915,
        "max": 16.4110393524,
        "mean": 5.70537376404,
        "median": 5.41311073303,
        "min": -1.21366429329,
        "var": 4.6933259964
    },
    "spectral_rms": {
        "dmean": 0.000494829087984,
        "dmean2": 0.0007868182729,
        "dvar": 2.71506280569e-07,
        "dvar2": 7.69024552483e-07,
        "max": 0.0106204589829,
        "mean": 0.0047479569912,
        "median": 0.00488047208637,
        "min": 3.17098886211e-12,
        "var": 3.55765928362e-06
    },
    "spectral_rolloff": {
        "dmean": 273.051147461,
        "dmean2": 469.522644043,
        "dvar": 938841,
        "dvar2": 1790513.25,
        "max": 19422.9492188,
        "mean": 1229.37487793,
        "median": 990.52734375,
        "min": 409.130859375,
        "var": 2940225.5
    },
    "spectral_skewness": {
        "dmean": 0.209497362375,
        "dmean2": 0.355608344078,
        "dvar": 0.0325057283044,
        "dvar2": 0.0798691064119,
        "max": 2.74555230141,
        "mean": 1.6195744276,
        "median": 1.62653851509,
        "min": -0.0510422252119,
        "var": 0.080127954483
    },
    "spectral_spread": {
        "dmean": 270975.75,
        "dmean2": 406453.84375,
        "dvar": 3.06969601638e+12,
        "dvar2": 4.28525197722e+12,
        "max": 41700048,
        "mean": 3249875.5,
        "median": 3077431,
        "min": 1994781.25,
        "var": 6.59120560538e+12
    },
    "spectral_strongpeak": {
        "dmean": 0.448810070753,
        "dmean2": 0.760136306286,
        "dvar": 0.273949056864,
        "dvar2": 0.687098026276,
        "max": 5.32533216476,
        "mean": 1.23712921143,
        "median": 1.05527937412,
        "min": 0,
        "var": 0.861674189568
    },
    "zerocrossingrate": {
        "dmean": 0.00542209716514,
        "dmean2": 0.00729191722348,
        "dvar": 0.000444015749963,
        "dvar2": 0.000683782855049,
        "max": 0.5126953125,
        "mean": 0.0465574674308,
        "median": 0.04052734375,
        "min": 0.021484375,
        "var": 0.00196516653523
    },
    "barkbands": {
        "dmean": [1.44550995174e-06, 0.000403271144023, 0.000372809357941, 0.000281197048025, 0.00134205794893, 0.00205232971348, 0.0023838726338, 0.000797784538008, 0.000335111661116, 0.000684674130753, 0.000503469316754, 0.000286168331513, 0.000119451768114, 0.000234529623413, 0.000265230075456, 0.000132753804792, 0.000164679950103, 0.000110292217869, 9.62516569416e-05, 7.2647286288e-05, 4.31860353274e-05, 1.28027068058e-05, 4.44337729277e-06, 2.27718942369e-06, 1.18696618756e-06, 5.25335565271e-07, 3.01469640362e-08],
        "dmean2": [2.51334449786e-06, 0.000578514649533, 0.000488887657411, 0.00039791862946, 0.00219482835382, 0.00331350322813, 0.00407309643924, 0.000955864554271, 0.000447125989012, 0.0009387677419, 0.000698980409652, 0.000427640625276, 0.000195725369849, 0.000391351175494, 0.000435390189523, 0.000222550108447, 0.000273982062936, 0.000188141391845, 0.000160027833772, 0.000122691257275, 6.16513789282e-05, 2.09477620956e-05, 7.40642963137e-06, 3.5800499063e-06, 1.90669243239e-06, 7.64025628541e-07, 5.13702538285e-08],
        "dvar": [4.51095020712e-12, 4.14901563772e-07, 2.4124787501e-07, 2.81306114402e-07, 3.10547079607e-06, 8.80135030457e-06, 2.69364263659e-05, 1.91144272321e-06, 2.76616503925e-07, 9.14455938528e-07, 7.69010398471e-07, 1.28149210354e-07, 2.41454696237e-08, 1.08736493587e-07, 9.16496318837e-08, 3.78243747434e-08, 4.33082618656e-08, 1.78069576862e-08, 2.74352967011e-08, 8.34368574232e-09, 3.77202358237e-09, 3.21930204716e-10, 2.78070101667e-11, 9.4811753934e-12, 3.01593906099e-12, 5.9297380374e-13, 1.87900685645e-15],
        "dvar2": [1.31644669124e-11, 9.47541082041e-07, 4.26758390404e-07, 5.59654324661e-07, 8.86292582436e-06, 2.58771360677e-05, 7.00323653291e-05, 2.84175030174e-06, 5.37976347914e-07, 1.46408342516e-06, 1.58150498919e-06, 2.81465105445e-07, 6.10283734659e-08, 2.93100868021e-07, 2.44011204131e-07, 1.06550579915e-07, 1.21336242387e-07, 4.87954778805e-08, 5.86911035327e-08, 2.24136176286e-08, 7.23678716952e-09, 8.40620961728e-10, 7.10068809306e-11, 2.16080122545e-11, 7.1391521167e-12, 1.3078791522e-12, 4.91713425551e-15],
        "max": [1.87813020602e-05, 0.0184206478298, 0.00844483822584, 0.0081881172955, 0.0267886016518, 0.0365323759615, 0.0780542343855, 0.0173769816756, 0.010868627578, 0.0177098345011, 0.0101011842489, 0.00343082775362, 0.00181738147512, 0.00343510764651, 0.00278835580684, 0.00283867842518, 0.00203406508081, 0.00134919444099, 0.00178049854003, 0.00113243248779, 0.00065585487755, 0.000231422905927, 6.55946569168e-05, 3.82720281777e-05, 2.2271202397e-05, 1.31367005451e-05, 4.66220228645e-07],
        "mean": [1.71476574451e-06, 0.00274961814284, 0.00122447160538, 0.000768214464188, 0.00349719147198, 0.00554167339578, 0.00438063126057, 0.00186440732796, 0.00106070225593, 0.00144965888467, 0.00109003891703, 0.000571960757952, 0.000244404014666, 0.000418573297793, 0.000513514038175, 0.000272641162155, 0.000322531239362, 0.000256455328781, 0.000194425709196, 0.000180449307663, 8.93530450412e-05, 3.30367292918e-05, 1.47020509758e-05, 7.4901959124e-06, 3.86196597901e-06, 1.56194255396e-06, 4.06469489178e-08],
        "median": [8.43761199576e-07, 0.000552378653083, 0.000605805777013, 0.000292947224807, 0.00215287366882, 0.00389077235013, 0.00160627067089, 0.000964602397289, 0.000663836137392, 0.000856740167364, 0.000415164162405, 0.000407702114899, 0.000159016519319, 0.000266176473815, 0.000385314226151, 0.000177856592927, 0.000249008764513, 0.000211167265661, 0.000128541898448, 0.000135265348945, 5.32654921699e-05, 2.61213444901e-05, 1.09269512905e-05, 5.20572757523e-06, 2.61571994997e-06, 9.48096101183e-07, 1.59510733511e-08],
        "min": [5.08753082185e-24, 1.42863719677e-23, 3.97069547326e-24, 1.73340761216e-23, 4.14257587939e-23, 2.56120574503e-23, 1.38756625815e-23, 3.27555432014e-23, 5.57758044585e-23, 6.05764395853e-23, 5.36447882309e-23, 2.73923114096e-23, 4.70191486434e-23, 8.00663589649e-23, 1.36931510914e-22, 1.11895615381e-22, 2.05682568961e-22, 2.04273739115e-22, 2.19448810224e-22, 2.70463069191e-22, 4.02494150918e-22, 3.38887147549e-22, 5.87814112079e-22, 6.57822854223e-22, 9.84053820331e-22, 1.2301047116e-21, 1.8671768637e-21],
        "var": [5.61157457307e-12, 1.81703398994e-05, 2.05855053537e-06, 1.24591690565e-06, 1.52145166794e-05, 2.995435716e-05, 7.79789043008e-05, 7.03411797076e-06, 1.80405254468e-06, 2.91606465908e-06, 2.51357528214e-06, 3.12995126706e-07, 6.24199429922e-08, 2.19062059159e-07, 2.13059081489e-07, 9.34088362214e-08, 8.87733264676e-08, 4.45601493482e-08, 5.3438995451e-08, 2.77929839143e-08, 1.07268762761e-08, 8.46874348426e-10, 1.57203222662e-10, 4.6822743599e-11, 1.36388582719e-11, 2.89895516446e-12, 3.73068419486e-15]
    },
    "erbbands": {
        "dmean": [0.00395869463682, 0.116632267833, 0.445523351431, 0.65269523859, 2.79140210152, 5.51000785828, 7.65249300003, 17.7387828827, 48.5299530029, 5.75169038773, 22.9390583038, 7.67432260513, 18.5312042236, 16.0171871185, 18.0555763245, 13.8780899048, 4.85475111008, 12.9005298615, 10.2801818848, 12.5146160126, 6.41448783875, 8.44936561584, 5.45083332062, 7.54801034927, 3.59796905518, 2.55296039581, 2.43171977997, 0.811555624008, 0.511853933334, 0.271300464869, 0.125244885683, 0.0693442597985, 0.0341799557209, 0.0187896490097, 0.00746836699545, 0.00379568524659, 0.000596686848439, 7.99723493401e-05, 3.73257421415e-06, 6.32324372418e-06],
        "dmean2": [0.00617085304111, 0.164965674281, 0.580273032188, 0.91227555275, 4.27725124359, 8.85255813599, 12.4715528488, 28.1642494202, 82.9725036621, 7.8725233078, 27.6405887604, 10.5805940628, 25.1083068848, 22.4928798676, 25.2526264191, 20.7481231689, 7.80263137817, 21.3853702545, 17.1626243591, 20.5373878479, 10.8318338394, 14.2386598587, 9.04607772827, 12.5977096558, 6.1945567131, 4.17399215698, 3.61546826363, 1.26036787033, 0.846535384655, 0.461379170418, 0.203478813171, 0.104533679783, 0.0552748441696, 0.0295887235552, 0.0119234798476, 0.00574925914407, 0.00087205163436, 0.000128041036078, 6.04229853707e-06, 1.01415935205e-05],
        "dvar": [5.89663832216e-05, 0.0330145210028, 0.349554359913, 1.42576253414, 13.5526971817, 60.0089454651, 213.526779175, 829.701416016, 10798.9755859, 60.8388900757, 1500.92126465, 148.574676514, 830.336120605, 494.063751221, 1300.64001465, 306.02230835, 30.5915660858, 295.39163208, 176.790893555, 256.901245117, 63.1664161682, 125.675811768, 49.0863456726, 157.212905884, 15.7507219315, 13.5940885544, 10.4775686264, 1.27270579338, 0.526429593563, 0.16665764153, 0.0253372546285, 0.00813848618418, 0.00224250205792, 0.000848507741466, 0.000102219586552, 3.28721507685e-05, 8.07601850283e-07, 1.19204903726e-08, 2.17686858123e-11, 7.36714161897e-11],
        "dvar2": [0.000144181234646, 0.074482627213, 0.610066115856, 2.60970473289, 36.5675468445, 157.912445068, 580.26348877, 2543.984375, 29679.9140625, 124.216453552, 2283.98095703, 374.681213379, 1336.63195801, 1004.54443359, 2934.52709961, 679.080749512, 79.6136016846, 789.056396484, 471.363708496, 712.487854004, 180.729766846, 365.091217041, 133.032180786, 384.747497559, 43.1948051453, 29.8155708313, 21.3175621033, 2.6417760849, 1.4105899334, 0.473997861147, 0.0642703101039, 0.0173241198063, 0.00612881639972, 0.00201460509561, 0.000241797839408, 7.61354676797e-05, 1.4590768842e-06, 2.85764834018e-08, 5.59498072872e-11, 2.09185599398e-10],
        "max": [0.220501586795, 5.07315731049, 9.75267982483, 18.2567806244, 38.0663414001, 149.51625061, 207.304382324, 369.320159912, 1436.08483887, 111.50806427, 476.09854126, 181.662567139, 401.641723633, 239.370040894, 373.453155518, 164.967483521, 52.5105667114, 182.332077026, 157.637268066, 191.633560181, 90.1773757935, 119.904891968, 83.7017440796, 135.605407715, 48.3898849487, 51.8023223877, 35.6192016602, 17.5005741119, 7.39857625961, 4.44843530655, 2.03622865677, 1.00773310661, 0.629385650158, 0.367413938046, 0.150431632996, 0.0980302467942, 0.01644574292, 0.00138456607237, 6.30207359791e-05, 0.000131243563374],
        "mean": [0.0323750972748, 0.769995033741, 1.74792194366, 2.12806892395, 6.55906391144, 15.2773351669, 16.2810020447, 47.696849823, 94.3889160156, 17.0376586914, 55.9020423889, 23.8907394409, 43.3215942383, 34.1885566711, 39.0120620728, 27.783613205, 11.3779039383, 24.4982681274, 20.9380970001, 27.2343482971, 14.3382415771, 17.0781421661, 13.5183286667, 14.492600441, 9.23322963715, 6.94289493561, 5.63794326782, 1.90029156208, 1.25069391727, 0.716485381126, 0.398134440184, 0.206098005176, 0.108892031014, 0.0589685030282, 0.0236864797771, 0.0105413319543, 0.00198372150771, 0.000206273718504, 1.8953682229e-05, 3.11112635245e-05],
        "median": [0.00402608886361, 0.172920882702, 0.933561384678, 1.26583099365, 4.69199323654, 6.93226337433, 11.0585565567, 31.5296783447, 37.5625991821, 12.63189888, 27.576587677, 17.3038024902, 21.2655563354, 20.0920219421, 16.3383522034, 20.4181404114, 9.49327278137, 18.1432533264, 16.1585235596, 19.8416175842, 11.7657995224, 12.5559463501, 10.9036197662, 9.32576942444, 7.85129833221, 4.7461309433, 3.39250469208, 1.50286948681, 0.944416046143, 0.556048631668, 0.282486200333, 0.13790589571, 0.0787393897772, 0.0378562957048, 0.0168842282146, 0.00596886966377, 0.00126514886506, 0.000138173345476, 1.83001611731e-05, 2.89912422886e-05],
        "min": [6.94690653593e-22, 1.99774195156e-21, 4.83578267931e-21, 3.57779784113e-20, 3.62585186484e-20, 1.51577034465e-19, 2.48085501926e-19, 2.24433228737e-19, 3.04473292759e-19, 3.49107725968e-19, 7.97250167762e-19, 1.37953594666e-18, 1.89865599093e-18, 2.25769146106e-18, 1.20672189007e-18, 1.37453563985e-18, 3.04375933601e-18, 4.31218145515e-18, 4.34049460675e-18, 7.08115077129e-18, 6.91276657708e-18, 1.15934665077e-17, 1.0847783865e-17, 7.22547062713e-18, 1.01861171299e-17, 1.24432721644e-17, 1.42012005381e-17, 1.65955955895e-17, 1.21114304637e-17, 1.5959862621e-17, 1.53502702142e-17, 1.35616377233e-17, 1.20640429407e-17, 9.5520625109e-18, 7.38044539643e-18, 4.00364763617e-18, 2.76238102935e-18, 1.0037038504e-18, 2.67482292754e-19, 2.72874605619e-20],
        "var": [0.00303801335394, 1.32790470123, 3.80252051353, 6.93842935562, 46.6093673706, 414.527648926, 349.854309082, 2534.83129883, 28980.0527344, 296.57131958, 5647.84277344, 581.590148926, 3036.47900391, 1456.00695801, 3605.08618164, 714.543640137, 72.792427063, 560.442993164, 384.976074219, 696.518615723, 140.722457886, 259.576385498, 134.466827393, 293.468109131, 52.67420578, 53.6373825073, 36.7179336548, 3.29366254807, 1.2562404871, 0.382731288671, 0.124992989004, 0.0369828902185, 0.00971622299403, 0.00333986687474, 0.00050449417904, 0.000136492992169, 4.56355974165e-06, 5.00749699484e-08, 1.39549288791e-10, 4.10908473913e-10]
    },
    "gfcc": {
        "mean": [-33.8068733215, 126.079589844, -149.280609131, 20.5367012024, -65.7878265381, -6.99638605118, -38.4200286865, 0.26121416688, -24.9692840576, -2.58604073524, -12.3366718292, -3.60004401207, -5.28284978867],
        "cov": [[19381.4941406, 1350.08374023, -1106.65441895, 782.090881348, -497.149230957, 14.351483345, -506.280181885, 264.002105713, 137.940505981, 286.764007568, -242.186691284, -109.68372345, -131.48600769], [1350.08374023, 852.990600586, 120.51486969, 214.775558472, 148.135848999, 97.3101577759, 145.892700195, -18.5167636871, 150.38710022, -55.122127533, 122.473106384, 101.606689453, 91.9026412964], [-1106.65441895, 120.51486969, 431.120452881, 172.276550293, 207.026947021, 93.7132263184, 126.710105896, 26.9542980194, 150.850112915, -0.459655284882, 81.6557769775, 75.0684738159, 40.3696250916], [782.090881348, 214.775558472, 172.276550293, 244.367462158, 111.184043884, 79.3844680786, 58.2259025574, 43.5064849854, 126.034492493, 21.9522705078, 36.4980545044, 32.2406272888, 12.612288475], [-497.149230957, 148.135848999, 207.026947021, 111.184043884, 172.38571167, 83.1723937988, 100.388221741, 19.0705604553, 95.0722351074, 2.68767595291, 58.1174621582, 45.0158004761, 26.9064846039], [14.351483345, 97.3101577759, 93.7132263184, 79.3844680786, 83.1723937988, 97.0651550293, 77.9395599365, 26.1637172699, 51.4637527466, 5.12411403656, 28.5851726532, 23.0094909668, 12.8034124374], [-506.280181885, 145.892700195, 126.710105896, 58.2259025574, 100.388221741, 77.9395599365, 141.555130005, 23.0351295471, 63.8591308594, -10.6084671021, 52.5516929626, 37.0394020081, 35.0026245117], [264.002105713, -18.5167636871, 26.9542980194, 43.5064849854, 19.0705604553, 26.1637172699, 23.0351295471, 68.5241928101, 45.5656814575, 26.5448417664, 1.00842618942, 3.83947706223, -9.99528026581], [137.940505981, 150.38710022, 150.850112915, 126.034492493, 95.0722351074, 51.4637527466, 63.8591308594, 45.5656814575, 139.319107056, 26.3406333923, 46.7027168274, 37.9372634888, 18.8703670502], [286.764007568, -55.122127533, -0.459655284882, 21.9522705078, 2.68767595291, 5.12411403656, -10.6084671021, 26.5448417664, 26.3406333923, 65.4583129883, 5.25719356537, -11.0105705261, -14.5521869659], [-242.186691284, 122.473106384, 81.6557769775, 36.4980545044, 58.1174621582, 28.5851726532, 52.5516929626, 1.00842618942, 46.7027168274, 5.25719356537, 82.8098220825, 51.6019477844, 33.3443756104], [-109.68372345, 101.606689453, 75.0684738159, 32.2406272888, 45.0158004761, 23.0094909668, 37.0394020081, 3.83947706223, 37.9372634888, -11.0105705261, 51.6019477844, 76.4154891968, 37.9219245911], [-131.48600769, 91.9026412964, 40.3696250916, 12.612288475, 26.9064846039, 12.8034124374, 35.0026245117, -9.99528026581, 18.8703670502, -14.5521869659, 33.3443756104, 37.9219245911, 54.3537635803]],
        "icov": [[0.000240822948399, -0.000652240181807, 0.000539412721992, -0.000941477133892, 0.000641678285319, -0.000512454309501, 0.000992941204458, -0.000875136523973, 0.000370510300854, -0.0010687088361, 0.000827399780974, -0.000414192938479, -0.000127443650854], [-0.000652240181807, 0.00495919212699, 0.00102112849709, -5.21621841472e-05, -0.00251903082244, 0.00137940968852, -0.00415631663054, 0.00531694898382, -0.00412140367553, 0.00620580697432, -0.00457059638575, 0.000686543527991, -0.000715597474482], [0.000539412721992, 0.00102112849709, 0.00954901147634, -0.00515129743144, -0.00499457772821, 0.000426634447649, 0.000126966289827, 0.0013303256128, -0.00398625899106, 0.000933359668124, 0.000438852264779, -0.00319330999628, -0.000191242899746], [-0.000941477133892, -5.21621841472e-05, -0.00515129743144, 0.0153267169371, -0.00264150835574, -0.00353215355426, 0.000807054748293, 0.000769890204538, -0.00586333777755, 0.00221388763748, -0.000746145960875, 0.00272661703639, 0.00102548091672], [0.000641678285319, -0.00251903082244, -0.00499457772821, -0.00264150835574, 0.0232309959829, -0.00874468497932, -0.00105137203354, 0.000701964541804, -0.00180365447886, -0.00391105609015, 0.000272199511528, -0.000903730338905, 0.00154271814972], [-0.000512454309501, 0.00137940968852, 0.000426634447649, -0.00353215355426, -0.00874468497932, 0.027782311663, -0.0131348483264, -0.00151154363994, 0.00402360968292, -0.000121490265883, 0.000315537065035, -0.00172832899261, 0.00247866776772], [0.000992941204458, -0.00415631663054, 0.000126966289827, 0.000807054748293, -0.00105137203354, -0.0131348483264, 0.0254409983754, -0.0104461563751, 0.000457185524283, 0.000393331371015, -0.00211056042463, 0.00404325826094, -0.00712150568143], [-0.000875136523973, 0.00531694898382, 0.0013303256128, 0.000769890204538, 0.000701964541804, -0.00151154363994, -0.0104461563751, 0.032378371805, -0.0127226011828, -0.000958643271588, 0.00166358065326, -0.0048783570528, 0.00695940852165], [0.000370510300854, -0.00412140367553, -0.00398625899106, -0.00586333777755, -0.00180365447886, 0.00402360968292, 0.000457185524283, -0.0127226011828, 0.0268806051463, -0.00966286100447, 0.000567773124203, -0.00164530868642, -0.00162265333347], [-0.0010687088361, 0.00620580697432, 0.000933359668124, 0.00221388763748, -0.00391105609015, -0.000121490265883, 0.000393331371015, -0.000958643271588, -0.00966286100447, 0.0320358462632, -0.0145025933161, 0.00880892947316, 0.00193268188741], [0.000827399780974, -0.00457059638575, 0.000438852264779, -0.000746145960875, 0.000272199511528, 0.000315537065035, -0.00211056042463, 0.00166358065326, 0.000567773124203, -0.0145025933161, 0.0338525399566, -0.0161268301308, -0.00256311660632], [-0.000414192938479, 0.000686543527991, -0.00319330999628, 0.00272661703639, -0.000903730338905, -0.00172832899261, 0.00404325826094, -0.0048783570528, -0.00164530868642, 0.00880892947316, -0.0161268301308, 0.0321827568114, -0.0127006592229], [-0.000127443650854, -0.000715597474482, -0.000191242899746, 0.00102548091672, 0.00154271814972, 0.00247866776772, -0.00712150568143, 0.00695940852165, -0.00162265333347, 0.00193268188741, -0.00256311660632, -0.0127006592229, 0.035236325115]]
    },
    "melbands": {
        "dmean": [7.11212705937e-05, 0.000207256452995, 0.000131693101139, 0.00036010867916, 0.000219744979404, 0.000504979398102, 0.000622549792752, 6.05078021181e-05, 0.000188904596143, 4.15769063693e-05, 9.49307141127e-05, 6.75195333315e-05, 6.38860001345e-05, 3.80843048333e-05, 2.02502942557e-05, 1.38513232741e-05, 2.83074368781e-05, 1.60839517775e-05, 1.93172927538e-05, 1.52556722242e-05, 7.92542596173e-06, 1.10601922643e-05, 4.92532490171e-06, 5.90819809076e-06, 6.86647263137e-06, 2.65540279543e-06, 3.61909906132e-06, 1.77385607003e-06, 1.81542736755e-06, 1.12975237698e-06, 3.345781181e-07, 3.97160022203e-07, 2.09447392763e-07, 1.39534691357e-07, 8.62265920887e-08, 8.1968487109e-08, 3.80452434001e-08, 2.95776541037e-08, 2.45540991983e-08, 1.83036110712e-08],
        "dmean2": [0.000103220387246, 0.000278254883597, 0.000184590433491, 0.000582882785238, 0.000358462391887, 0.000826757401228, 0.0010595312342, 6.98633957654e-05, 0.000230691934121, 5.82680841035e-05, 0.000128175001009, 9.48408196564e-05, 8.72900855029e-05, 5.6845619838e-05, 3.02581611322e-05, 2.2464306312e-05, 4.72215760965e-05, 2.66080551228e-05, 3.11868025165e-05, 2.56293642451e-05, 1.33289186124e-05, 1.87152163562e-05, 8.1078887888e-06, 9.9716899058e-06, 1.15638913485e-05, 4.59388547824e-06, 6.1231012296e-06, 2.9029504276e-06, 2.78152515421e-06, 1.73679984528e-06, 5.27051327026e-07, 6.67457698e-07, 3.48480625689e-07, 2.36199539927e-07, 1.41506319551e-07, 1.29678724647e-07, 5.91678315232e-08, 4.87671769633e-08, 3.98143775726e-08, 2.90106818568e-08],
        "dvar": [1.45623388903e-08, 8.14109029079e-08, 4.33455866755e-08, 2.46832485118e-07, 1.53439501105e-07, 7.21809271909e-07, 1.75515413048e-06, 5.90381210586e-09, 9.09034127972e-08, 5.5514495223e-09, 2.17982680795e-08, 1.00662607139e-08, 1.40650353586e-08, 2.4783579633e-09, 5.91388660265e-10, 3.22289417376e-10, 1.51586920794e-09, 4.54878718026e-10, 4.98139418603e-10, 4.27095858679e-10, 1.10451314761e-10, 2.12086861962e-10, 4.0989673461e-11, 7.22368415085e-11, 1.42455561236e-10, 1.04912484949e-11, 2.15546747118e-11, 7.83251848796e-12, 6.30767747062e-12, 2.52360177026e-12, 2.07858076996e-13, 3.0915577715e-13, 1.04633241362e-13, 3.32248639679e-14, 1.28324966349e-14, 1.12470347637e-14, 2.91602315279e-15, 1.8420658438e-15, 1.31350373219e-15, 7.58438647867e-16],
        "dvar2": [3.24262714457e-08, 1.6020155158e-07, 8.76062955513e-08, 7.1897034104e-07, 4.17995380531e-07, 2.22540961659e-06, 4.82298082716e-06, 8.36350899647e-09, 1.44913812505e-07, 1.48448773274e-08, 3.45807400493e-08, 1.96675706832e-08, 2.93488628955e-08, 5.43865175118e-09, 1.2973047081e-09, 8.40979397232e-10, 4.05099465084e-09, 1.23467025492e-09, 1.29024968487e-09, 1.2022776108e-09, 3.12714770745e-10, 6.20643259008e-10, 1.12167601596e-10, 1.85453097323e-10, 3.43753719934e-10, 2.75351737938e-11, 6.38329736291e-11, 1.79771510178e-11, 1.30216046279e-11, 5.58063664724e-12, 4.72579495068e-13, 8.41892202653e-13, 2.92996963497e-13, 9.13676212054e-14, 3.40191165982e-14, 2.79392428518e-14, 5.9139857318e-15, 5.33738880526e-15, 3.27726957578e-15, 1.87661928233e-15],
        "max": [0.00373666221276, 0.00579588720575, 0.00321507989429, 0.00726292468607, 0.00558505253866, 0.0107447048649, 0.0183121152222, 0.00104683917016, 0.00356972124428, 0.00117635785136, 0.00227928976528, 0.0013767411001, 0.00121429259889, 0.000514590647072, 0.000254190934356, 0.000201420189114, 0.000410793989431, 0.000238492459175, 0.000212623664993, 0.000284698908217, 0.000107339372335, 0.000123974386952, 7.26859143469e-05, 9.38640150707e-05, 0.000126776503748, 3.5044427932e-05, 4.6006647608e-05, 4.16203401983e-05, 2.8785871109e-05, 2.06469885597e-05, 5.84539202464e-06, 5.62688956052e-06, 4.25365533374e-06, 1.79781136467e-06, 1.22182314044e-06, 1.22756762266e-06, 6.70762062782e-07, 5.82773736824e-07, 4.38348820353e-07, 3.11083056204e-07],
        "mean": [0.000558916421141, 0.00100334873423, 0.000430346728535, 0.000864321948029, 0.000532143283635, 0.00124603998847, 0.00125801248942, 0.000162180367624, 0.000460142327938, 0.000130618966068, 0.00021507848578, 0.000133995519718, 0.000137911600177, 7.626965089e-05, 4.06114086218e-05, 2.76584669336e-05, 4.92528561153e-05, 3.00122610497e-05, 3.76761308871e-05, 3.10347641062e-05, 1.41075270221e-05, 2.03485251404e-05, 1.07002415461e-05, 1.32142204166e-05, 1.16991159302e-05, 5.65711025047e-06, 7.38146400181e-06, 3.93944901589e-06, 3.95493725591e-06, 2.16926855501e-06, 7.0758505899e-07, 8.20737852791e-07, 4.6735323167e-07, 3.34863244689e-07, 2.22339764377e-07, 2.061807578e-07, 9.56547268061e-08, 7.53049960167e-08, 6.74928841704e-08, 4.40106120436e-08],
        "median": [9.11697425181e-05, 0.000419865245931, 0.000296911981422, 0.000463603297248, 0.000361476937542, 0.000783249619417, 0.000530782912392, 0.000117427480291, 0.00023840846552, 9.16534481803e-05, 0.000104129831016, 6.89590233378e-05, 4.75769411423e-05, 5.36110383109e-05, 2.89939998765e-05, 1.73955086211e-05, 3.27532179654e-05, 2.07930170291e-05, 2.74060039374e-05, 1.92404622794e-05, 1.04592127173e-05, 1.43430543176e-05, 8.19401611807e-06, 9.25373933569e-06, 6.82509107719e-06, 4.32044316767e-06, 5.25225641468e-06, 2.43986505666e-06, 2.36786195273e-06, 1.43011243381e-06, 5.56285272069e-07, 6.06525759395e-07, 3.20338529036e-07, 2.66906170054e-07, 1.49620532852e-07, 1.35645279897e-07, 6.05835879242e-08, 5.46023315451e-08, 4.02184987536e-08, 2.71407181174e-08],
        "min": [5.42881098211e-24, 2.12141756531e-24, 6.57950621291e-24, 5.34985192196e-24, 9.68070539137e-24, 5.13170348267e-24, 4.17080384693e-24, 4.54509783608e-24, 7.14757126165e-24, 9.66680960652e-24, 8.72232222192e-24, 8.16216392604e-24, 5.75010259033e-24, 1.78011137264e-24, 8.01450336407e-24, 5.21637507907e-24, 7.63007882319e-24, 5.15915899762e-24, 1.16423366165e-23, 8.09969955298e-24, 7.04740407048e-24, 1.07894975142e-23, 8.2400402746e-24, 6.29349680311e-24, 5.59056730516e-24, 7.44563367721e-24, 4.73660289272e-24, 8.86192693632e-24, 8.75023448733e-24, 8.77613200199e-24, 9.07634564124e-24, 6.23802607641e-24, 6.92326024097e-24, 9.78564834645e-24, 7.83867967894e-24, 9.13068948014e-24, 7.85778194576e-24, 7.35735067559e-24, 8.96836478281e-24, 6.80000782428e-24],
