{
"metadata": {
    "version": {
        "essentia": "2.0.1",
        "extractor": "archive-music 1.0"
    },
    "audio_properties": {
        "analysis_sample_rate": 44100,
        "bitrate": 128,
        "channels": 2,
        "equal_loudness": 0,
        "length": 15.83020401,
        "replay_gain": -14.394361496,
        "downmix": "mix"
    },
    "tags": {
        "track": 1,
        "year": 0,
        "album": "Buon anno e auguri per il compleanno.",
        "artist": "Brigata Klandestina Crew (Sardigna)",
        "comment": "",
        "genre": "Other",
        "title": "Konflitto - Vranku Tu non sei Franco, sei un Porcu (2013)"
    }
},
"highlevel": {
    "culture": {
        "all": {
            "non_western": 0.873311340809,
            "western": 0.126688674092
        },
        "probability": 0.873311340809,
        "value": "non_western"
    },
    "danceability": {
        "all": {
            "danceable": 0.997602283955,
            "not_danceable": 0.00239770207554
        },
        "probability": 0.997602283955,
        "value": "danceable"
    },
    "gender": {
        "all": {
            "female": 0.0375989973545,
            "male": 0.962401032448
        },
        "probability": 0.962401032448,
        "value": "male"
    },
    "genre_dortmund": {
        "all": {
            "alternative": 0.00553529290482,
            "blues": 0.000806348631158,
            "electronic": 0.040031440556,
            "folkcountry": 0.00221602013335,
            "funksoulrnb": 0.00195966195315,
            "jazz": 0.00547874439508,
            "pop": 0.00530604505911,
            "raphiphop": 0.926909208298,
            "rock": 0.0117572424933
        },
        "probability": 0.926909208298,
        "value": "raphiphop"
    },
    "genre_electronic": {
        "all": {
            "ambient": 0.532495141029,
            "dnb": 0.146307557821,
            "house": 0.146969601512,
            "techno": 0.0333361364901,
            "trance": 0.140891566873
        },
        "probability": 0.532495141029,
        "value": "ambient"
    },
    "genre_rosamerica": {
        "all": {
            "cla": 0.00922796037048,
            "dan": 0.329687446356,
            "hip": 0.261252373457,
            "jaz": 0.0186579637229,
            "pop": 0.221491888165,
            "rhy": 0.0992376282811,
            "roc": 0.0223245881498,
            "spe": 0.0381201356649
        },
        "probability": 0.329687446356,
        "value": "dan"
    },
    "genre_tzanetakis": {
        "all": {
            "blu": 0.00306740845554,
            "cla": 0.00289243808948,
            "cou": 0.00414088647813,
            "dis": 0.00620044860989,
            "hip": 0.421563535929,
            "jaz": 0.00769977970049,
            "met": 0.00369732338004,
            "pop": 0.231165036559,
            "reg": 0.183097362518,
            "roc": 0.136475786567
        },
        "probability": 0.421563535929,
        "value": "hip"
    },
    "mirex_ballroom": {
        "all": {
            "ChaChaCha": 0.0406742691994,
            "Jive": 0.0806555524468,
            "Quickstep": 0.214235648513,
            "Rumba-American": 0.011303990148,
            "Rumba-International": 0.17396569252,
            "Rumba-Misc": 0.0393625050783,
            "Samba": 0.429340749979,
            "Tango": 0.00267775752582,
            "VienneseWaltz": 0.00369475362822,
            "Waltz": 0.0040890853852
        },
        "probability": 0.429340749979,
        "value": "Samba"
    },
    "mood_acoustic": {
        "all": {
            "acoustic": 0.387715876102,
            "not_acoustic": 0.612284123898
        },
        "probability": 0.612284123898,
        "value": "not_acoustic"
    },
    "mood_aggressive": {
        "all": {
            "aggressive": 0.0208281129599,
            "not_aggressive": 0.979171872139
        },
        "probability": 0.979171872139,
        "value": "not_aggressive"
    },
    "mood_electronic": {
        "all": {
            "electronic": 0.869930803776,
            "not_electronic": 0.130069181323
        },
        "probability": 0.869930803776,
        "value": "electronic"
    },
    "mood_happy": {
        "all": {
            "happy": 0.342814087868,
            "not_happy": 0.657185912132
        },
        "probability": 0.657185912132,
        "value": "not_happy"
    },
    "mood_party": {
        "all": {
            "not_party": 0.299076467752,
            "party": 0.70092356205
        },
        "probability": 0.70092356205,
        "value": "party"
    },
    "mood_relaxed": {
        "all": {
            "not_relaxed": 0.668172121048,
            "relaxed": 0.331827878952
        },
        "probability": 0.668172121048,
        "value": "not_relaxed"
    },
    "mood_sad": {
        "all": {
            "not_sad": 0.779999494553,
            "sad": 0.220000505447
        },
        "probability": 0.779999494553,
        "value": "not_sad"
    },
    "moods_mirex": {
        "all": {
            "Cluster1": 0.206191465259,
            "Cluster2": 0.263994395733,
            "Cluster3": 0.16878156364,
            "Cluster4": 0.265371948481,
            "Cluster5": 0.0956606268883
        },
        "probability": 0.265371948481,
        "value": "Cluster4"
    },
    "timbre": {
        "all": {
            "bright": 0.0905114412308,
            "dark": 0.909488558769
        },
        "probability": 0.909488558769,
        "value": "dark"
    },
    "tonal_atonal": {
        "all": {
            "atonal": 0.963846325874,
            "tonal": 0.0361536853015
        },
        "probability": 0.963846325874,
        "value": "atonal"
    },
    "voice_instrumental": {
        "all": {
            "instrumental": 2.05795640795e-06,
            "voice": 0.999997913837
        },
        "probability": 0.999997913837,
        "value": "voice"
    }
},
"lowlevel": {
    "average_loudness": 0.980214715004,
    "barkbands_kurtosis": {
        "dmean": 9.81786060333,
        "dmean2": 16.0608539581,
        "dvar": 313.885314941,
        "dvar2": 801.168212891,
        "max": 242.90246582,
        "mean": 12.2323818207,
        "median": 7.67287158966,
        "min": -1.94070792198,
        "var": 352.501495361
    },
    "barkbands_skewness": {
        "dmean": 1.18105578423,
        "dmean2": 1.78396189213,
        "dvar": 1.36670720577,
        "dvar2": 3.15251731873,
        "max": 13.1835947037,
        "mean": 2.4633538723,
        "median": 2.33670330048,
        "min": -2.56582331657,
        "var": 3.44551730156
    },
    "barkbands_spread": {
        "dmean": 10.0760030746,
        "dmean2": 15.4242839813,
        "dvar": 185.356323242,
        "dvar2": 374.752380371,
        "max": 131.675521851,
        "mean": 20.9564552307,
        "median": 12.4247112274,
        "min": 0.852132439613,
        "var": 434.68862915
    },
    "dissonance": {
        "dmean": 0.0267539843917,
        "dmean2": 0.0438412986696,
        "dvar": 0.000676538504194,
        "dvar2": 0.00172676192597,
        "max": 0.499851465225,
        "mean": 0.458260536194,
        "median": 0.468555390835,
        "min": 0.315116018057,
        "var": 0.00126639963128
    },
    "dynamic_complexity": 3.81024861336,
    "erbbands_kurtosis": {
        "dmean": 2.28110218048,
        "dmean2": 3.616522789,
        "dvar": 9.42300796509,
        "dvar2": 20.93201828,
        "max": 23.0229568481,
        "mean": 1.74580919743,
        "median": 0.390016317368,
        "min": -1.80440950394,
        "var": 13.9556674957
    },
    "erbbands_skewness": {
        "dmean": 0.695189416409,
        "dmean2": 1.0138232708,
        "dvar": 0.386854201555,
        "dvar2": 0.716800749302,
        "max": 4.2752494812,
        "mean": 0.673463404179,
        "median": 0.674067378044,
        "min": -3.55957722664,
        "var": 1.34742224216
    },
    "erbbands_spread": {
        "dmean": 15.828499794,
        "dmean2": 24.1811904907,
        "dvar": 248.019699097,
        "dvar2": 542.829467773,
        "max": 155.337814331,
        "mean": 44.8408813477,
        "median": 41.6366195679,
        "min": 5.61881875992,
        "var": 583.688659668
    },
    "hfc": {
        "dmean": 12.3151245117,
        "dmean2": 15.9234571457,
        "dvar": 599.783874512,
        "dvar2": 830.059814453,
        "max": 484.036804199,
        "mean": 25.0700874329,
        "median": 13.9013414383,
        "min": 1.10460269632e-16,
        "var": 2218.11962891
    },
    "melbands_kurtosis": {
        "dmean": 21.908870697,
        "dmean2": 35.8223114014,
        "dvar": 1186.21386719,
        "dvar2": 2758.61499023,
        "max": 360.405059814,
        "mean": 31.0028533936,
        "median": 16.6962070465,
        "min": -1.77773737907,
        "var": 1784.8104248
    },
    "melbands_skewness": {
        "dmean": 1.54849123955,
        "dmean2": 2.32610988617,
        "dvar": 2.46797800064,
        "dvar2": 5.19817256927,
        "max": 16.921037674,
        "mean": 3.77896332741,
        "median": 3.12308216095,
        "min": -0.250136077404,
        "var": 6.55525588989
    },
    "melbands_spread": {
        "dmean": 11.2019863129,
        "dmean2": 17.3070926666,
        "dvar": 468.187927246,
        "dvar2": 909.405212402,
        "max": 225.094604492,
        "mean": 20.8998451233,
        "median": 9.74150753021,
        "min": 0.639575600624,
        "var": 984.664978027
    },
    "pitch_salience": {
        "dmean": 0.105074614286,
        "dmean2": 0.170810207725,
        "dvar": 0.00836472958326,
        "dvar2": 0.019944453612,
        "max": 0.912062585354,
        "mean": 0.507080495358,
        "median": 0.51798582077,
        "min": 0.105837635696,
        "var": 0.0229779072106
    },
    "silence_rate_20dB": {
        "dmean": 0,
        "dmean2": 0,
        "dvar": 0,
        "dvar2": 0,
        "max": 1,
        "mean": 1,
        "median": 1,
        "min": 1,
        "var": 0
    },
    "silence_rate_30dB": {
        "dmean": 0.0322580635548,
        "dmean2": 0.0646108686924,
        "dvar": 0.0312176961452,
        "dvar2": 0.0809939354658,
        "max": 1,
        "mean": 0.978038072586,
        "median": 1,
        "min": 0,
        "var": 0.0214797630906
    },
    "silence_rate_60dB": {
        "dmean": 0.0146627565846,
        "dmean2": 0.0293685756624,
        "dvar": 0.0144477915019,
        "dvar2": 0.0373163744807,
        "max": 1,
        "mean": 0.0629575401545,
        "median": 0,
        "min": 0,
        "var": 0.0589937008917
    },
    "spectral_centroid": {
        "dmean": 460.133148193,
        "dmean2": 668.976806641,
        "dvar": 496796.90625,
        "dvar2": 679766.4375,
        "max": 11317.3398438,
        "mean": 1231.40515137,
        "median": 791.069274902,
        "min": 225.714889526,
        "var": 1212415.875
    },
    "spectral_complexity": {
        "dmean": 4.15542507172,
        "dmean2": 5.94713640213,
        "dvar": 24.1517887115,
        "dvar2": 39.1367683411,
        "max": 53,
        "mean": 13.8316249847,
        "median": 12,
        "min": 0,
        "var": 100.107795715
    },
    "spectral_crest": {
        "dmean": 4.36244678497,
        "dmean2": 7.01871442795,
        "dvar": 11.8493461609,
        "dvar2": 28.2326278687,
        "max": 26.1971435547,
        "mean": 12.699508667,
        "median": 12.0957221985,
        "min": 2.53293299675,
        "var": 29.9056491852
    },
    "spectral_decrease": {
        "dmean": 5.03069852442e-09,
        "dmean2": 7.77427633381e-09,
        "dvar": 2.9822537839e-17,
        "dvar2": 7.01111802104e-17,
        "max": 2.67078218256e-20,
        "mean": -9.20091647316e-09,
        "median": -7.37143901475e-09,
        "min": -4.44367600494e-08,
        "var": 6.02425383083e-17
    },
    "spectral_energy": {
        "dmean": 0.0195440482348,
        "dmean2": 0.0300370138139,
        "dvar": 0.000438977673184,
        "dvar2": 0.00103184359614,
        "max": 0.170554086566,
        "mean": 0.0370003134012,
        "median": 0.0303412545472,
        "min": 1.04924435658e-20,
        "var": 0.000909797905479
    },
    "spectral_energyband_high": {
        "dmean": 0.00101232493762,
        "dmean2": 0.00125998957083,
        "dvar": 7.28344366507e-06,
        "dvar2": 9.62476860877e-06,
        "max": 0.0452984422445,
        "mean": 0.00175570871215,
        "median": 0.000315292098094,
        "min": 7.186779422e-21,
        "var": 2.62853191089e-05
    },
    "spectral_energyband_low": {
        "dmean": 0.0106269838288,
        "dmean2": 0.0178127195686,
        "dvar": 0.000309723604005,
        "dvar2": 0.000749121070839,
        "max": 0.158470869064,
        "mean": 0.0163806043565,
        "median": 0.00676773767918,
        "min": 3.52768941157e-23,
        "var": 0.000516698288266
    },
    "spectral_energyband_middle_high": {
        "dmean": 0.00106924155261,
        "dmean2": 0.0015831682831,
        "dvar": 3.16523164656e-06,
        "dvar2": 6.36004097032e-06,
        "max": 0.0193190630525,
        "mean": 0.00236368761398,
        "median": 0.00133554288186,
        "min": 1.72949753789e-21,
        "var": 7.72094426793e-06
    },
    "spectral_energyband_middle_low": {
        "dmean": 0.0128434132785,
        "dmean2": 0.0198271628469,
        "dvar": 0.000233443061006,
        "dvar2": 0.000543419155292,
        "max": 0.119095258415,
        "mean": 0.0170766878873,
        "median": 0.00985700637102,
        "min": 3.38770976737e-22,
        "var": 0.000358954828698
    },
    "spectral_flatness_db": {
        "dmean": 0.0356872603297,
        "dmean2": 0.0539399161935,
        "dvar": 0.000919746409636,
        "dvar2": 0.00195495015942,
        "max": 0.346024900675,
        "mean": 0.160343930125,
        "median": 0.157819658518,
        "min": 0.014999804087,
        "var": 0.00415922235698
    },
    "spectral_flux": {
        "dmean": 0.0429103001952,
        "dmean2": 0.066949531436,
        "dvar": 0.00168446707539,
        "dvar2": 0.00364346127026,
        "max": 0.403415203094,
        "mean": 0.124611064792,
        "median": 0.117026753724,
        "min": 1.02432631821e-10,
        "var": 0.00449568964541
    },
    "spectral_kurtosis": {
        "dmean": 1.73366570473,
        "dmean2": 2.714448452,
        "dvar": 3.08884644508,
        "dvar2": 7.60324048996,
        "max": 16.6399211884,
        "mean": 4.01321125031,
        "median": 3.41951465607,
        "min": -1.19457960129,
        "var": 8.37688064575
    },
    "spectral_rms": {
        "dmean": 0.00153216707986,
        "dmean2": 0.00229185796343,
        "dvar": 1.9151016204e-06,
        "dvar2": 4.23418032369e-06,
        "max": 0.0128993885592,
        "mean": 0.0054536559619,
        "median": 0.00544070079923,
        "min": 3.19945784276e-12,
        "var": 6.35549577055e-06
    },
    "spectral_rolloff": {
        "dmean": 867.011352539,
        "dmean2": 1466.28234863,
        "dvar": 3975295.5,
        "dvar2": 7785863.5,
        "max": 19509.0820312,
        "mean": 1535.69897461,
        "median": 452.197265625,
        "min": 64.599609375,
        "var": 8166498
    },
    "spectral_skewness": {
        "dmean": 0.303497552872,
        "dmean2": 0.432783454657,
        "dvar": 0.0764577761292,
        "dvar2": 0.160353735089,
        "max": 3.29710483551,
        "mean": 1.5598051548,
        "median": 1.53650212288,
        "min": -0.0375990532339,
        "var": 0.336886376143
    },
    "spectral_spread": {
        "dmean": 1054018.375,
        "dmean2": 1460472.5,
        "dvar": 3.31329359053e+12,
        "dvar2": 3.6671782912e+12,
        "max": 39901532,
        "mean": 5611898,
        "median": 4910521,
        "min": 2411277,
        "var": 7.02363625062e+12
    },
    "spectral_strongpeak": {
        "dmean": 0.47359919548,
        "dmean2": 0.792555868626,
        "dvar": 0.584982037544,
        "dvar2": 1.57635450363,
        "max": 8.05523109436,
        "mean": 0.641155481339,
        "median": 0.386994957924,
        "min": 0,
        "var": 0.605326771736
    },
    "zerocrossingrate": {
        "dmean": 0.0213977452368,
        "dmean2": 0.0239057056606,
        "dvar": 0.00104219547939,
        "dvar2": 0.00121352286078,
        "max": 0.5166015625,
        "mean": 0.0661924928427,
        "median": 0.0419921875,
        "min": 0.00244140625,
        "var": 0.00513356970623
    },
    "barkbands": {
        "dmean": [0.00230432255194, 0.00897083804011, 0.00245990348049, 0.00336689897813, 0.00357394944876, 0.00468904804438, 0.00302535830997, 0.00194747711066, 0.000499046873301, 0.000266796210781, 0.00022587015701, 0.000230292833294, 0.00031315907836, 0.000242862224695, 0.000117282950669, 0.000100685821963, 7.73815772845e-05, 7.90539488662e-05, 8.45657850732e-05, 8.71073425515e-05, 0.000169382823515, 0.000202532362891, 0.000163480406627, 0.000158373877639, 0.000245799339609, 0.000186476274393, 8.56175483932e-06],
        "dmean2": [0.00412111869082, 0.0150911891833, 0.0043805395253, 0.00604970660061, 0.00559891108423, 0.0074705616571, 0.00521300500259, 0.00312124518678, 0.000793235958554, 0.000439461902715, 0.000380509096431, 0.000372157228412, 0.000509886071086, 0.000381621415727, 0.0001900766365, 0.000159669012646, 0.000117385294288, 0.000122392855701, 0.00013679471158, 0.000131654785946, 0.000248231663136, 0.000275398924714, 0.00023293744016, 0.000217229826376, 0.000312092335662, 0.000270392047241, 1.44176337926e-05],
        "dvar": [3.54914081981e-05, 0.000293327466352, 5.32164922333e-05, 6.5004111093e-05, 4.38529750681e-05, 5.5158030591e-05, 3.1661184039e-05, 2.64155532932e-05, 1.69236363945e-06, 5.46149408365e-07, 2.35670995608e-07, 1.55165679416e-07, 5.2486950608e-07, 2.60920188566e-07, 7.86259235497e-08, 2.88315398222e-08, 1.94506384332e-08, 2.67756927741e-08, 2.94691435698e-08, 3.29748601757e-08, 2.14223391026e-07, 3.51739117832e-07, 2.21590426008e-07, 3.57046332056e-07, 1.02387105017e-06, 4.62742121954e-07, 9.10985398228e-10],
        "dvar2": [0.000104994884168, 0.000798388791736, 0.000146420818055, 0.000184339180123, 9.97056486085e-05, 0.000123301259009, 8.31077923067e-05, 6.41438673483e-05, 3.3404687656e-06, 1.43066858982e-06, 5.94237974383e-07, 3.40978061786e-07, 1.29100271806e-06, 6.1866728629e-07, 2.27503335282e-07, 6.77335165733e-08, 4.42435741377e-08, 5.76297765065e-08, 7.43204111586e-08, 7.93403671651e-08, 4.6706293233e-07, 6.12122732946e-07, 4.09645139143e-07, 5.70193435578e-07, 1.26077407003e-06, 1.08425808776e-06, 2.4041559854e-09],
        "max": [0.0683191269636, 0.145449981093, 0.0631016269326, 0.0755981504917, 0.0651423037052, 0.0646477490664, 0.0444761142135, 0.0509047843516, 0.0204784199595, 0.00993733853102, 0.00620195176452, 0.00351266749203, 0.0106657873839, 0.00758573506027, 0.00481006177142, 0.00191519665532, 0.00144877226558, 0.00206506135873, 0.00165534042753, 0.00190156232566, 0.00656394381076, 0.0117866294459, 0.00894545391202, 0.0126494569704, 0.0252681337297, 0.0152672352269, 0.0003309759486],
        "mean": [0.00215743132867, 0.0117218177766, 0.00197056401521, 0.00322513072751, 0.00366740557365, 0.00520994141698, 0.00255896220915, 0.00175224675331, 0.000586002890486, 0.000291250849841, 0.000257231906289, 0.000312552409014, 0.000360905309208, 0.000395738286898, 0.00017726587248, 0.000160830837558, 0.000117465264339, 0.000121530771139, 0.000139909272548, 0.00012998242164, 0.000256686151261, 0.00032595868106, 0.00025936725433, 0.000237089436268, 0.000354887946742, 0.000244793191087, 7.3503783824e-06],
        "median": [0.000455260567833, 0.00344990752637, 0.000447846832685, 0.00129328435287, 0.000962299876846, 0.00171111442614, 0.000510975951329, 0.000192359249922, 0.000163274831721, 9.7795331385e-05, 6.15593526163e-05, 0.000134844463901, 0.000113963949843, 0.000142702891026, 8.56277620187e-05, 8.77930724528e-05, 5.74644764129e-05, 4.80089765915e-05, 7.18954252079e-05, 4.44550387328e-05, 6.25739412499e-05, 5.51765479031e-05, 5.74315818085e-05, 2.99905714201e-05, 1.58233469847e-05, 3.01996224152e-05, 4.71507952682e-08],
        "min": [1.74877083607e-23, 4.99647379085e-24, 4.87976339765e-24, 3.37997433932e-24, 2.17772941495e-23, 1.46500336896e-23, 9.12094468138e-24, 4.38091884231e-23, 6.47008568333e-23, 5.57786064924e-23, 3.70300081044e-23, 9.23369956823e-23, 1.22518113408e-22, 9.9833970005e-23, 1.76303243149e-22, 7.18393159626e-23, 1.31047858116e-22, 1.70737924126e-22, 3.31887994945e-22, 3.71012466618e-22, 4.73989435174e-22, 3.91178326197e-22, 4.11257600404e-22, 7.22639654677e-22, 1.0863404788e-21, 1.6955740451e-21, 2.15804414206e-21],
        "var": [3.11837429763e-05, 0.000357663375326, 3.50406226062e-05, 4.27937557106e-05, 5.47053750779e-05, 7.17889633961e-05, 2.69660667982e-05, 2.49258118856e-05, 2.84553925667e-06, 4.80659593904e-07, 3.29107507469e-07, 2.34545893818e-07, 5.79818220103e-07, 6.21423339453e-07, 9.09637378754e-08, 5.22533341041e-08, 3.23739790531e-08, 4.65787515225e-08, 4.55283881706e-08, 5.49662892979e-08, 3.55991261358e-07, 1.03498337012e-06, 6.56191218695e-07, 8.83006748609e-07, 2.82896689896e-06, 8.12416431017e-07, 8.27662383074e-10]
    },
    "erbbands": {
        "dmean": [0.332301735878, 1.86888897419, 2.4597890377, 7.77539348602, 13.452878952, 10.2875070572, 8.56808185577, 51.0470314026, 54.9033622742, 32.9638519287, 34.0944213867, 11.7852668762, 9.15172195435, 8.67400169373, 8.71277046204, 8.15972709656, 14.0085611343, 12.0479564667, 8.40675258636, 4.28129196167, 5.9260430336, 4.12959384918, 4.24264574051, 4.33836841583, 4.0425658226, 4.07381057739, 5.54298877716, 7.74212217331, 7.52782392502, 5.63554906845, 4.55232143402, 4.07157754898, 2.47895693779, 3.07331347466, 1.56053471565, 1.08055198193, 0.278375566006, 0.0370238758624, 0.000876687583514, 4.43137250841e-05],
        "dmean2": [0.573054254055, 3.13035058975, 4.22417736053, 14.0593633652, 22.0834827423, 16.6096000671, 13.7298364639, 81.3795547485, 93.9149551392, 51.6810684204, 55.8896141052, 18.0860157013, 14.6763000488, 13.8404254913, 13.7783374786, 12.8791875839, 22.6191082001, 19.0127468109, 12.852481842, 6.55868768692, 9.15587425232, 6.05822372437, 6.7203912735, 6.83302211761, 6.22086715698, 6.13910579681, 8.32238578796, 11.0889930725, 10.0946149826, 7.91059350967, 6.53408575058, 5.54704904556, 3.3616642952, 4.15745449066, 2.12469983101, 1.52036464214, 0.415834218264, 0.0525311268866, 0.00130988494493, 6.21775179752e-05],
        "dvar": [0.307317972183, 15.0421743393, 44.965839386, 423.716674805, 456.257598877, 673.771606445, 222.44380188, 6781.59765625, 9175.57324219, 4398.40429688, 8478.67871094, 825.589782715, 713.803527832, 361.02142334, 255.284393311, 213.563278198, 1107.5847168, 688.752502441, 271.719451904, 57.3781280518, 95.6729431152, 48.5940361023, 75.2480773926, 73.7166442871, 71.3250579834, 72.3445281982, 183.200592041, 475.583709717, 490.97366333, 238.073059082, 175.150527954, 230.044815063, 78.3928909302, 249.145965576, 27.4279327393, 15.5275831223, 1.07539200783, 0.00903403386474, 6.14364262219e-06, 7.7966246792e-09],
        "dvar2": [0.848010659218, 40.5294723511, 118.032096863, 1193.72546387, 1114.29846191, 1623.00463867, 553.255371094, 15212.3828125, 22464.8125, 9332.42480469, 22124.421875, 1567.96240234, 1774.89465332, 917.559387207, 563.770874023, 463.158325195, 2780.02563477, 1658.43908691, 668.504333496, 130.653259277, 211.95526123, 99.9446563721, 177.034988403, 155.610626221, 165.874923706, 178.817520142, 437.268615723, 951.952270508, 861.941101074, 390.897796631, 342.757232666, 375.500640869, 128.704666138, 345.515075684, 42.5265426636, 32.8862876892, 2.63132500648, 0.016538893804, 1.24967882584e-05, 1.36345565949e-08],
        "max": [3.71974444389, 35.7987442017, 65.6655349731, 171.841033936, 184.375061035, 310.589141846, 151.527252197, 662.376831055, 607.107727051, 679.562438965, 874.774353027, 478.992889404, 420.22052002, 236.868621826, 222.181015015, 164.951095581, 523.117126465, 305.882324219, 258.798736572, 95.9593811035, 95.8367614746, 76.0182571411, 115.776779175, 95.0974960327, 81.2483215332, 84.3865127563, 217.982406616, 342.150817871, 439.181518555, 293.902252197, 280.002655029, 350.108032227, 136.868392944, 375.144592285, 102.020545959, 90.0127563477, 22.9965705872, 1.3461047411, 0.0348845385015, 0.001892371336],
        "mean": [0.429384499788, 2.2644162178, 2.46576547623, 7.09792661667, 14.5818681717, 10.1200361252, 10.185008049, 56.397277832, 49.9281425476, 34.9140357971, 29.8869495392, 13.9724264145, 9.97501850128, 10.217414856, 11.5886640549, 11.8740024567, 16.5776138306, 18.858133316, 14.521604538, 7.9281411171, 9.32490444183, 6.83921909332, 6.8223156929, 7.17544460297, 6.49915981293, 6.14669799805, 8.43168926239, 11.3727445602, 11.7137746811, 9.50015544891, 7.12312173843, 5.81933259964, 3.61352753639, 4.15307283401, 2.30002999306, 1.355286479, 0.378616034985, 0.0494616553187, 0.00113418849651, 8.5115141701e-05],
        "median": [0.110142469406, 0.589014291763, 0.762455761433, 2.98005175591, 5.9361166954, 1.99755871296, 4.60745286942, 16.1831474304, 12.4549417496, 5.0971570015, 4.31602287292, 3.64754891396, 3.47435903549, 3.25323843956, 4.44168138504, 4.98218870163, 5.90925884247, 6.46849775314, 7.142162323, 4.091547966, 5.14863443375, 3.33175349236, 3.06701183319, 3.53658556938, 2.92560815811, 2.14878559113, 2.65237975121, 2.14929962158, 1.94623470306, 1.88350987434, 1.64328920841, 0.835365593433, 0.35526612401, 0.177679851651, 0.108297988772, 0.0784442201257, 0.0657469630241, 0.00810630246997, 0.00016621107352, 5.0883005315e-05],
        "min": [2.75544570355e-22, 9.78479034978e-22, 5.75965214286e-21, 8.83170561824e-21, 5.77809439311e-20, 7.60413889306e-20, 1.71685691758e-19, 8.95046128922e-20, 2.04226899508e-19, 3.47177913599e-19, 8.81851357381e-19, 1.81719379664e-18, 1.84088218143e-18, 1.3662737599e-18, 2.18315607722e-18, 4.62655475568e-18, 5.78440205887e-18, 4.71563094071e-18, 6.34973368544e-18, 1.08690746668e-17, 6.10008519989e-18, 5.82744729718e-18, 8.57132078071e-18, 1.60547385829e-17, 1.7675369037e-17, 1.78540979519e-17, 2.00301537176e-17, 1.95070496613e-17, 1.48462442515e-17, 1.24950453989e-17, 1.19549775226e-17, 1.30064307875e-17, 1.30463985003e-17, 1.03483214578e-17, 7.77293846118e-18, 5.08920142177e-18, 3.66859316597e-18, 1.31447581334e-18, 2.93922681595e-19, 2.73454795271e-20],
        "var": [0.473859518766, 15.3977241516, 35.0295410156, 265.815765381, 552.642333984, 679.32043457, 263.239501953, 8761.9375, 8693.54492188, 5979.17041016, 6939.78173828, 1446.18164062, 715.390808105, 451.748168945, 426.5987854, 352.821929932, 1205.99047852, 1280.89782715, 607.67956543, 121.536148071, 180.595306396, 100.382125854, 124.277648926, 134.297805786, 116.764907837, 116.784919739, 271.17300415, 955.05859375, 1389.29931641, 820.018310547, 496.824981689, 541.10333252, 206.379440308, 521.125488281, 84.2000350952, 31.6890449524, 1.67370569706, 0.0194981694221, 1.11018616735e-05, 2.14769251272e-08]
    },
    "gfcc": {
        "mean": [-15.6691627502, 78.1927642822, -87.4728469849, 32.6444511414, -55.5473022461, 14.3048343658, -37.8731651306, 2.42772483826, -18.3497104645, 13.2757978439, -15.4970970154, 8.30443000793, -19.5399341583],
        "cov": [[17609.0820312, -700.890625, -991.705749512, 60.0635871887, -981.131896973, -93.6991119385, -812.315795898, -127.695854187, -663.672729492, 129.191879272, -386.685791016, 123.515029907, -247.820266724], [-700.890625, 1934.52331543, -67.0451583862, -105.377258301, 146.886703491, -158.977600098, 142.33631897, -46.7484436035, 302.701812744, -104.461799622, 212.38633728, -4.34533309937, 43.4569015503], [-991.705749512, -67.0451583862, 799.2578125, 86.2604598999, 156.104782104, 114.536804199, 26.6755981445, 189.451065063, 31.8409175873, 152.109710693, 34.6461219788, 31.2162876129, 102.026641846], [60.0635871887, -105.377258301, 86.2604598999, 471.329559326, 185.499237061, 168.727493286, 120.742668152, 14.0151643753, 70.1617126465, -1.91334438324, 33.3860702515, -3.27317404747, 90.7706375122], [-981.131896973, 146.886703491, 156.104782104, 185.499237061, 354.190979004, 136.300430298, 148.894302368, 74.4108276367, 105.919311523, 50.1071014404, 56.6349601746, -0.39114639163, 56.0023994446], [-93.6991119385, -158.977600098, 114.536804199, 168.727493286, 136.300430298, 240.845169067, 147.214736938, 116.488708496, 50.8456497192, 58.6243247986, 25.6282672882, -10.7530603409, 42.5836029053], [-812.315795898, 142.33631897, 26.6755981445, 120.742668152, 148.894302368, 147.214736938, 297.732086182, 103.835235596, 146.955047607, -9.90625762939, 66.9934997559, -15.3349494934, 16.3900032043], [-127.695854187, -46.7484436035, 189.451065063, 14.0151643753, 74.4108276367, 116.488708496, 103.835235596, 227.780838013, 55.5085220337, 102.163925171, 22.7587661743, -5.28365516663, 37.1414108276], [-663.672729492, 302.701812744, 31.8409175873, 70.1617126465, 105.919311523, 50.8456497192, 146.955047607, 55.5085220337, 230.733963013, 27.8129501343, 81.5008392334, -4.43903446198, 14.1846389771], [129.191879272, -104.461799622, 152.109710693, -1.91334438324, 50.1071014404, 58.6243247986, -9.90625762939, 102.163925171, 27.8129501343, 164.6456604, 25.8804531097, 11.7416715622, 13.6152915955], [-386.685791016, 212.38633728, 34.6461219788, 33.3860702515, 56.6349601746, 25.6282672882, 66.9934997559, 22.7587661743, 81.5008392334, 25.8804531097, 112.775009155, 20.5816650391, 33.5096511841], [123.515029907, -4.34533309937, 31.2162876129, -3.27317404747, -0.39114639163, -10.7530603409, -15.3349494934, -5.28365516663, -4.43903446198, 11.7416715622, 20.5816650391, 68.7279815674, 23.2040061951], [-247.820266724, 43.4569015503, 102.026641846, 90.7706375122, 56.0023994446, 42.5836029053, 16.3900032043, 37.1414108276, 14.1846389771, 13.6152915955, 33.5096511841, 23.2040061951, 106.556587219]],
        "icov": [[0.000127862891532, -0.000167792968568, 0.00020326601225, -0.000372849171981, 0.000399779790314, -0.000313243537676, 0.000324648048263, -0.000275641301414, 0.000291424716124, -0.000324098247802, 0.000361460930435, -0.000533694750629, 0.000455171131762], [-0.000167792968568, 0.00127008580603, -0.000274495396297, 0.00097123044543, -0.00109002739191, 0.00131508090999, -0.000293631252134, 0.000279461877653, -0.00144788739271, 0.00143045606092, -0.00199523731135, 0.00135090725962, -0.00113440793939], [0.00020326601225, -0.000274495396297, 0.00222766119987, -0.000657586904708, 9.66972802416e-05, -0.000430264539318, 0.000923135026824, -0.00157485425007, 0.000563848472666, -0.00134206051007, 0.000772118393797, -0.00126114510931, -0.000331797753461], [-0.000372849171981, 0.00097123044543, -0.000657586904708, 0.00529639562592, -0.00233921455219, -0.00119361991528, -0.00113471003715, 0.0027211937122, -0.00200143945403, 0.00163929897826, -0.000970354594756, 0.00239585153759, -0.00437251105905], [0.000399779790314, -0.00109002739191, 9.66972802416e-05, -0.00233921455219, 0.00634162593633, -0.00214109406807, -0.000603534281254, 4.21931872552e-06, 0.000817336142063, -0.00270580872893, 0.00181358261034, -0.00171769084409, 0.00092913111439], [-0.000313243537676, 0.00131508090999, -0.000430264539318, -0.00119361991528, -0.00214109406807, 0.0117430053651, -0.00486999051645, -0.0015422438737, 0.000494370469823, -0.00128781923559, -0.00137597916182, 0.00281056785025, -0.00219763442874], [0.000324648048263, -0.000293631252134, 0.000923135026824, -0.00113471003715, -0.000603534281254, -0.00486999051645, 0.0110609084368, -0.00486912345514, -0.00303296744823, 0.00494686095044, -0.00233863852918, -0.00145176216029, 0.00404001120478], [-0.000275641301414, 0.000279461877653, -0.00157485425007, 0.0027211937122, 4.21931872552e-06, -0.0015422438737, -0.00486912345514, 0.0114931194112, -0.000753239204641, -0.00494848517701, 0.00167154555675, 0.00276413396932, -0.00460320245475], [0.000291424716124, -0.00144788739271, 0.000563848472666, -0.00200143945403, 0.000817336142063, 0.000494370469823, -0.00303296744823, -0.000753239204641, 0.00998132769018, -0.00343339610845, -0.0013811099343, -0.000730296887923, 0.00223861658014], [-0.000324098247802, 0.00143045606092, -0.00134206051007, 0.00163929897826, -0.00270580872893, -0.00128781923559, 0.00494686095044, -0.00494848517701, -0.00343339610845, 0.0144362784922, -0.00556750176474, 0.000251761055551, 0.00176057952922], [0.000361460930435, -0.00199523731135, 0.000772118393797, -0.000970354594756, 0.00181358261034, -0.00137597916182, -0.00233863852918, 0.00167154555675, -0.0013811099343, -0.00556750176474, 0.0184224918485, -0.00555731961504, -0.00257255206816], [-0.000533694750629, 0.00135090725962, -0.00126114510931, 0.00239585153759, -0.00171769084409, 0.00281056785025, -0.00145176216029, 0.00276413396932, -0.000730296887923, 0.000251761055551, -0.00555731961504, 0.0202626436949, -0.00618589064106], [0.000455171131762, -0.00113440793939, -0.000331797753461, -0.00437251105905, 0.00092913111439, -0.00219763442874, 0.00404001120478, -0.00460320245475, 0.00223861658014, 0.00176057952922, -0.00257255206816, -0.00618589064106, 0.017954474315]]
    },
    "melbands": {
        "dmean": [0.0027738804929, 0.00151459558401, 0.00148029392585, 0.000911190349143, 0.000313278258545, 0.00109370960854, 0.000790276564658, 0.00038381566992, 0.000244426366407, 6.8396810093e-05, 4.58311878901e-05, 3.54809853889e-05, 2.9088678275e-05, 2.83446788671e-05, 2.58560303337e-05, 3.23220010614e-05, 2.29400993703e-05, 1.64423308888e-05, 8.51556342241e-06, 5.57850762561e-06, 7.39002598493e-06, 4.60949013359e-06, 4.59701232103e-06, 3.52971005668e-06, 3.7493725813e-06, 3.30161765305e-06, 3.19474065691e-06, 2.73883506452e-06, 3.10642303702e-06, 4.69832912131e-06, 4.65381526737e-06, 4.69513588541e-06, 3.68468863599e-06, 3.08952098749e-06, 2.56701218859e-06, 2.93139373753e-06, 2.39866108132e-06, 1.78042876087e-06, 2.14421720557e-06, 2.86586532638e-06],
        "dmean2": [0.0047652553767, 0.00248961313628, 0.00262333755381, 0.00144612463191, 0.000508435652591, 0.00173693255056, 0.00135569216218, 0.000594333512709, 0.000407280254876, 0.00010561595991, 7.46666628402e-05, 5.7173834648e-05, 4.76996938232e-05, 4.51973319286e-05, 4.12881709053e-05, 5.16076179338e-05, 3.65465712093e-05, 2.59501921391e-05, 1.38051946124e-05, 8.70369331096e-06, 1.15812736112e-05, 6.99663814885e-06, 7.53744097892e-06, 5.32159583599e-06, 5.98227688897e-06, 5.24434108229e-06, 5.01286376675e-06, 4.2027386371e-06, 4.81389633933e-06, 7.0676701398e-06, 6.67574340696e-06, 6.4550240495e-06, 5.13395207236e-06, 4.45117848358e-06, 3.65970618077e-06, 4.27501800004e-06, 3.26331883116e-06, 2.51978462984e-06, 3.17730859933e-06, 3.78718527827e-06],
        "dvar": [2.38836146309e-05, 1.10961236715e-05, 1.13244332169e-05, 2.66247729996e-06, 3.77755526415e-07, 3.05190610561e-06, 1.89440709164e-06, 7.12943119652e-07, 4.18947024627e-07, 3.35967484943e-08, 1.8258125678e-08, 5.98378813166e-09, 3.47333761752e-09, 2.330752924e-09, 2.72199551787e-09, 5.23647925021e-09, 2.7774225142e-09, 1.01228658789e-09, 4.10231210113e-10, 9.07686495411e-11, 1.56552104613e-10, 7.4289123464e-11, 7.51284520706e-11, 5.11722400565e-11, 5.43933890984e-11, 4.31672197987e-11, 4.66162351775e-11, 3.53127527219e-11, 4.16634123035e-11, 1.90049184723e-10, 1.85191570412e-10, 2.01409194878e-10, 1.34813715746e-10, 6.6828126366e-11, 4.58746096665e-11, 1.11586767604e-10, 8.7771866164e-11, 3.95657465124e-11, 1.11578128681e-10, 2.35564318052e-10],
        "dvar2": [6.59660800011e-05, 2.71485969279e-05, 3.18242236972e-05, 6.12342682871e-06, 9.39953565648e-07, 6.82968448018e-06, 4.64984123028e-06, 1.51354811351e-06, 1.09445215912e-06, 6.2508625831e-08, 4.61010962738e-08, 1.49937058325e-08, 8.00839217163e-09, 5.27305843434e-09, 6.6242002994e-09, 1.30338948523e-08, 6.62145982488e-09, 2.39102959654e-09, 1.18091425527e-09, 2.02580716091e-10, 3.48151174556e-10, 1.65127328478e-10, 1.89849233556e-10, 1.15207662854e-10, 1.17046553005e-10, 1.14622894509e-10, 1.07352730871e-10, 9.39760699814e-11, 1.02878691677e-10, 4.46224224238e-10, 3.70757868851e-10, 3.92419929884e-10, 2.60832300203e-10, 1.08889036676e-10, 8.38300817652e-11, 2.46985626395e-10, 1.3112573527e-10, 7.29186294679e-11, 2.09316411426e-10, 3.04796660133e-10],
        "max": [0.0394261591136, 0.0303950868547, 0.0299103967845, 0.016253143549, 0.00679584546015, 0.0148414392024, 0.00854120403528, 0.00975056923926, 0.00583956344053, 0.00307755358517, 0.00204686401412, 0.000985857797787, 0.000863964494783, 0.000418759736931, 0.00072210712824, 0.00092776643578, 0.000644227664452, 0.000427192077041, 0.000334741285769, 0.000122497731354, 0.000115601702419, 8.81032028701e-05, 0.000111920257041, 7.34079876565e-05, 8.13509905129e-05, 6.79367367411e-05, 7.35025387257e-05, 6.19802667643e-05, 9.13922704058e-05, 0.000203844174393, 0.0002129492932, 0.000260440749116, 0.000265381648205, 0.000157216563821, 0.000144186429679, 0.000182069532457, 0.000229092140216, 0.000109836058982, 0.000228297998547, 0.000396642863052],
        "mean": [0.00366216595285, 0.00189343921375, 0.00149049365427, 0.000942834711168, 0.000354566553142, 0.00121161795687, 0.000718481605873, 0.00039595621638, 0.000213688719668, 8.09452321846e-05, 4.86588651256e-05, 4.10458596889e-05, 3.70315356122e-05, 3.71088863176e-05, 3.11706862703e-05, 3.67421307601e-05, 3.56888231181e-05, 2.62324901996e-05, 1.27953180709e-05, 9.40245172387e-06, 1.0985224435e-05, 6.74050897942e-06, 6.98058329363e-06, 5.36808465768e-06, 5.9101575971e-06, 5.17119042343e-06, 4.34111734648e-06, 3.90224749935e-06, 4.67486825073e-06, 6.33858735455e-06, 6.70114604873e-06, 6.72047826811e-06, 6.1037294472e-06, 4.96067832501e-06, 3.96564882976e-06, 3.99099462811e-06, 3.39917801284e-06, 2.39549058278e-06, 2.77136791738e-06, 3.7847250951e-06],
        "median": [0.00127824244555, 0.000549935735762, 0.00072674639523, 0.000287189875962, 0.000137434573844, 0.000384112237953, 0.000177163747139, 4.98717126902e-05, 3.31503651978e-05, 2.21175214392e-05, 1.68424048752e-05, 1.29690533868e-05, 1.1645338418e-05, 1.65051860677e-05, 1.14867516459e-05, 1.12723482744e-05, 1.14364884212e-05, 1.16913715829e-05, 6.15827957517e-06, 5.05712887389e-06, 5.80357482249e-06, 2.9519715099e-06, 3.50794402948e-06, 2.02053320209e-06, 2.8327453947e-06, 2.65773815045e-06, 1.42044257245e-06, 1.29979935082e-06, 1.70358680407e-06, 1.33313403694e-06, 1.15885643481e-06, 1.06565221358e-06, 1.01097487004e-06, 1.08049323444e-06, 9.48389413225e-07, 7.10864355824e-07, 4.54301698483e-07, 2.58865071601e-07, 1.44657036572e-07, 1.41846555834e-07],
        "min": [2.35609264056e-24, 3.82850684497e-24, 2.75007837284e-24, 5.54872770047e-24, 5.79098372902e-24, 2.01014814298e-24, 2.62836226276e-24, 4.08956892307e-24, 7.87295568527e-24, 1.03188339103e-23, 8.92362926974e-24, 5.29809475796e-24, 5.59523262855e-24, 8.49814372987e-24, 1.44709985517e-23, 1.37455226202e-23, 7.30597532028e-24, 9.98414468287e-24, 1.35861853392e-23, 1.00661341522e-23, 7.11355715714e-24, 6.73448424863e-24, 5.07498911675e-24, 8.64366332334e-24, 1.38525947109e-23, 1.01792836273e-23, 1.17172515813e-23, 1.14008812818e-23, 1.18666271268e-23, 1.22472438361e-23, 1.16960328006e-23, 8.90225350579e-24, 6.62718102172e-24, 7.01897352346e-24, 7.05328266195e-24, 5.90073794676e-24, 7.92529581747e-24, 8.9697090018e-24, 9.31880835135e-24, 8.53044758394e-24],
        "var": [3.21040424751e-05, 1.1887124856e-05, 7.70273800299e-06, 3.26377835336e-06, 4.17041434275e-07, 3.94388644054e-06, 1.78842469722e-06, 9.23876086745e-07, 3.44091887428e-07, 5.72882434824e-08, 1.74919190243e-08, 7.49980610948e-09, 5.58232660097e-09, 3.40685102351e-09, 3.43762907029e-09, 5.81336312422e-09, 5.42309486207e-09, 2.43758480067e-09, 4.60093713128e-10, 1.81553633238e-10, 2.74028716385e-10, 1.23743931768e-10, 1.09861765518e-10, 9.06869510042e-11, 9.4347904489e-11, 6.17103104728e-11, 7.04425753839e-11, 5.00518515523e-11, 6.63272006762e-11, 2.47108000728e-10, 3.87346960062e-10, 4.90151252919e-10, 3.62819135846e-10, 2.20098259063e-10, 1.32095445693e-10, 2.4166318946e-10, 2.00765321035e-10, 9.02736982389e-11, 1.98460581302e-10, 5.07369979363e-10]
    },
    "mfcc": {
