{
"metadata": {
    "version": {
        "essentia": "2.0.1",
        "extractor": "archive-music 1.0"
    },
    "audio_properties": {
        "analysis_sample_rate": 44100,
        "bitrate": 128,
        "channels": 2,
        "equal_loudness": 0,
        "length": 15.15102005,
        "replay_gain": -12.3464336395,
        "downmix": "mix"
    },
    "tags": {
        "track": 13,
        "year": 0,
        "album": "Dementialcore seriously harms you and others around you",
        "artist": "DementialCore",
        "comment": "",
        "genre": "Other",
        "title": "A.0.W.(Tria et Triaginta rmx)mp3"
    }
},
"highlevel": {
    "culture": {
        "all": {
            "non_western": 0.00771195441484,
            "western": 0.992288053036
        },
        "probability": 0.992288053036,
        "value": "western"
    },
    "danceability": {
        "all": {
            "danceable": 0.729325890541,
            "not_danceable": 0.270674109459
        },
        "probability": 0.729325890541,
        "value": "danceable"
    },
    "gender": {
        "all": {
            "female": 0.746104061604,
            "male": 0.253895938396
        },
        "probability": 0.746104061604,
        "value": "female"
    },
    "genre_dortmund": {
        "all": {
            "alternative": 0.0216059349477,
            "blues": 0.0266076680273,
            "electronic": 0.0822001695633,
            "folkcountry": 0.0110288495198,
            "funksoulrnb": 0.0285779964179,
            "jazz": 0.155454859138,
            "pop": 0.0166433602571,
            "raphiphop": 0.561623632908,
            "rock": 0.096257545054
        },
        "probability": 0.561623632908,
        "value": "raphiphop"
    },
    "genre_electronic": {
        "all": {
            "ambient": 0.41429105401,
            "dnb": 0.187794670463,
            "house": 0.23817025125,
            "techno": 0.0266352966428,
            "trance": 0.133108735085
        },
        "probability": 0.41429105401,
        "value": "ambient"
    },
    "genre_rosamerica": {
        "all": {
            "cla": 0.0125735923648,
            "dan": 0.254253000021,
            "hip": 0.242191836238,
            "jaz": 0.04073163867,
            "pop": 0.24852463603,
            "rhy": 0.0387246571481,
            "roc": 0.148138269782,
            "spe": 0.0148623716086
        },
        "probability": 0.254253000021,
        "value": "dan"
    },
    "genre_tzanetakis": {
        "all": {
            "blu": 0.00275430851616,
            "cla": 0.00434897886589,
            "cou": 0.00325329066254,
            "dis": 0.0152211785316,
            "hip": 0.388117134571,
            "jaz": 0.053550593555,
            "met": 0.0318285301328,
            "pop": 0.39854902029,
            "reg": 0.0654434859753,
            "roc": 0.0369334705174
        },
        "probability": 0.39854902029,
        "value": "pop"
    },
    "mirex_ballroom": {
        "all": {
            "ChaChaCha": 0.704990267754,
            "Jive": 0.0826625823975,
            "Quickstep": 0.0128515809774,
            "Rumba-American": 0.00125376158394,
            "Rumba-International": 0.00259725539945,
            "Rumba-Misc": 0.00186212640256,
            "Samba": 0.189166232944,
            "Tango": 0.000902285624761,
            "VienneseWaltz": 0.00308592128567,
            "Waltz": 0.000628006237093
        },
        "probability": 0.704990267754,
        "value": "ChaChaCha"
    },
    "mood_acoustic": {
        "all": {
            "acoustic": 0.0129118477926,
            "not_acoustic": 0.987088143826
        },
        "probability": 0.987088143826,
        "value": "not_acoustic"
    },
    "mood_aggressive": {
        "all": {
            "aggressive": 0.231849730015,
            "not_aggressive": 0.768150269985
        },
        "probability": 0.768150269985,
        "value": "not_aggressive"
    },
    "mood_electronic": {
        "all": {
            "electronic": 0.917150497437,
            "not_electronic": 0.0828495249152
        },
        "probability": 0.917150497437,
        "value": "electronic"
    },
    "mood_happy": {
        "all": {
            "happy": 0.0528861731291,
            "not_happy": 0.94711381197
        },
        "probability": 0.94711381197,
        "value": "not_happy"
    },
    "mood_party": {
        "all": {
            "not_party": 0.28699490428,
            "party": 0.713005065918
        },
        "probability": 0.713005065918,
        "value": "party"
    },
    "mood_relaxed": {
        "all": {
            "not_relaxed": 0.979615211487,
            "relaxed": 0.0203847754747
        },
        "probability": 0.979615211487,
        "value": "not_relaxed"
    },
    "mood_sad": {
        "all": {
            "not_sad": 0.813387811184,
            "sad": 0.186612203717
        },
        "probability": 0.813387811184,
        "value": "not_sad"
    },
    "moods_mirex": {
        "all": {
            "Cluster1": 0.269032180309,
            "Cluster2": 0.268199324608,
            "Cluster3": 0.140284478664,
            "Cluster4": 0.137084826827,
            "Cluster5": 0.185399204493
        },
        "probability": 0.269032180309,
        "value": "Cluster1"
    },
    "timbre": {
        "all": {
            "bright": 0.554815173149,
            "dark": 0.445184797049
        },
        "probability": 0.554815173149,
        "value": "bright"
    },
    "tonal_atonal": {
        "all": {
            "atonal": 0.619496226311,
            "tonal": 0.380503803492
        },
        "probability": 0.619496226311,
        "value": "atonal"
    },
    "voice_instrumental": {
        "all": {
            "instrumental": 0.975255012512,
            "voice": 0.0247449781746
        },
        "probability": 0.975255012512,
        "value": "instrumental"
    }
},
"lowlevel": {
    "average_loudness": 0.977490961552,
    "barkbands_kurtosis": {
        "dmean": 2.14835238457,
        "dmean2": 3.56772017479,
        "dvar": 9.62239742279,
        "dvar2": 27.6526489258,
        "max": 33.2791824341,
        "mean": 1.53010725975,
        "median": 0.287146091461,
        "min": -1.84896123409,
        "var": 15.4925670624
    },
    "barkbands_skewness": {
        "dmean": 0.647122859955,
        "dmean2": 1.01633572578,
        "dvar": 0.373695880175,
        "dvar2": 0.926414728165,
        "max": 5.61984348297,
        "mean": 1.24626493454,
        "median": 1.20635294914,
        "min": -2.06519722939,
        "var": 1.12249720097
    },
    "barkbands_spread": {
        "dmean": 10.1751613617,
        "dmean2": 15.9131622314,
        "dvar": 104.121063232,
        "dvar2": 258.010345459,
        "max": 90.4930496216,
        "mean": 34.5908050537,
        "median": 32.4874343872,
        "min": 6.763692379,
        "var": 195.280593872
    },
    "dissonance": {
        "dmean": 0.012149233371,
        "dmean2": 0.0205687656999,
        "dvar": 0.000110672328447,
        "dvar2": 0.000309860944981,
        "max": 0.499969124794,
        "mean": 0.475110381842,
        "median": 0.47778019309,
        "min": 0.41374617815,
        "var": 0.000233723068959
    },
    "dynamic_complexity": 3.2571105957,
    "erbbands_kurtosis": {
        "dmean": 0.486656188965,
        "dmean2": 0.806862175465,
        "dvar": 0.361188441515,
        "dvar2": 0.973556697369,
        "max": 7.44801807404,
        "mean": -0.649030923843,
        "median": -0.835098981857,
        "min": -1.67482364178,
        "var": 0.621542811394
    },
    "erbbands_skewness": {
        "dmean": 0.330440104008,
        "dmean2": 0.531377017498,
        "dvar": 0.0894455015659,
        "dvar2": 0.216546863317,
        "max": 1.72312307358,
        "mean": -0.286743819714,
        "median": -0.293962597847,
        "min": -2.40971636772,
        "var": 0.261610537767
    },
    "erbbands_spread": {
        "dmean": 11.2816467285,
        "dmean2": 16.7572536469,
        "dvar": 139.081207275,
        "dvar2": 299.869934082,
        "max": 150.957717896,
        "mean": 52.9057731628,
        "median": 50.2084579468,
        "min": 14.5394077301,
        "var": 278.086517334
    },
    "hfc": {
        "dmean": 20.9447898865,
        "dmean2": 33.6506462097,
        "dvar": 1461.25268555,
        "dvar2": 3055.13793945,
        "max": 217.627212524,
        "mean": 32.9587898254,
        "median": 17.6392021179,
        "min": 1.18137432159e-16,
        "var": 1742.54187012
    },
    "melbands_kurtosis": {
        "dmean": 11.4320402145,
        "dmean2": 19.9102249146,
        "dvar": 680.821777344,
        "dvar2": 1975.84814453,
        "max": 319.958496094,
        "mean": 14.3148593903,
        "median": 7.65881490707,
        "min": -1.55693531036,
        "var": 647.61505127
    },
    "melbands_skewness": {
        "dmean": 1.04382193089,
        "dmean2": 1.68945896626,
        "dvar": 1.83686578274,
        "dvar2": 4.73743677139,
        "max": 15.5942611694,
        "mean": 2.99054789543,
        "median": 2.63735151291,
        "min": -0.723513066769,
        "var": 3.44722342491
    },
    "melbands_spread": {
        "dmean": 15.1496477127,
        "dmean2": 24.0738868713,
        "dvar": 474.076660156,
        "dvar2": 1109.89416504,
        "max": 212.242965698,
        "mean": 35.7259597778,
        "median": 28.3024482727,
        "min": 2.12735080719,
        "var": 811.899841309
    },
    "pitch_salience": {
        "dmean": 0.0910814777017,
        "dmean2": 0.150996342301,
        "dvar": 0.00586493872106,
        "dvar2": 0.0155144995078,
        "max": 0.990694880486,
        "mean": 0.557934165001,
        "median": 0.569102287292,
        "min": 0.172841608524,
        "var": 0.0141557566822
    },
    "silence_rate_20dB": {
        "dmean": 0,
        "dmean2": 0,
        "dvar": 0,
        "dvar2": 0,
        "max": 1,
        "mean": 1,
        "median": 1,
        "min": 1,
        "var": 0
    },
    "silence_rate_30dB": {
        "dmean": 0.0490045957267,
        "dmean2": 0.098159506917,
        "dvar": 0.0466030612588,
        "dvar2": 0.11306451261,
        "max": 1,
        "mean": 0.963302731514,
        "median": 1,
        "min": 0,
        "var": 0.0353504754603
    },
    "silence_rate_60dB": {
        "dmean": 0.0122511489317,
        "dmean2": 0.0245398767292,
        "dvar": 0.0121011631563,
        "dvar2": 0.0239373594522,
        "max": 1,
        "mean": 0.0764525979757,
        "median": 0,
        "min": 0,
        "var": 0.0706067755818
    },
    "spectral_centroid": {
        "dmean": 363.637695312,
        "dmean2": 543.913208008,
        "dvar": 225194,
        "dvar2": 307626.21875,
        "max": 10648.6757812,
        "mean": 2061.66845703,
        "median": 1995.19824219,
        "min": 733.366882324,
        "var": 620413.1875
    },
    "spectral_complexity": {
        "dmean": 4.06431865692,
        "dmean2": 6.48159503937,
        "dvar": 22.8565006256,
        "dvar2": 47.6576805115,
        "max": 59,
        "mean": 24.9892959595,
        "median": 26,
        "min": 0,
        "var": 133.215591431
    },
    "spectral_crest": {
        "dmean": 3.5378985405,
        "dmean2": 5.95224761963,
        "dvar": 10.7618761063,
        "dvar2": 33.1363754272,
        "max": 23.5045051575,
        "mean": 9.86508846283,
        "median": 9.24872589111,
        "min": 2.5708231926,
        "var": 17.9907398224
    },
    "spectral_decrease": {
        "dmean": 3.8955136894e-09,
        "dmean2": 6.83439527194e-09,
        "dvar": 6.58697024317e-17,
        "dvar2": 1.75023939903e-16,
        "max": 1.70804602912e-29,
        "mean": -6.93905244376e-09,
        "median": -4.5314125785e-09,
        "min": -6.01733347594e-08,
        "var": 7.22772419799e-17
    },
    "spectral_energy": {
        "dmean": 0.0159926600754,
        "dmean2": 0.0277005471289,
        "dvar": 0.00104656280018,
        "dvar2": 0.00271221250296,
        "max": 0.238931581378,
        "mean": 0.0291790161282,
        "median": 0.0196804068983,
        "min": 1.06509504351e-20,
        "var": 0.00118420389481
    },
    "spectral_energyband_high": {
        "dmean": 0.00189991912339,
        "dmean2": 0.0030969181098,
        "dvar": 1.22337032735e-05,
        "dvar2": 2.7775133276e-05,
        "max": 0.0192455817014,
        "mean": 0.00232068635523,
        "median": 0.00103139074054,
        "min": 7.28713000123e-21,
        "var": 1.24892067106e-05
    },
    "spectral_energyband_low": {
        "dmean": 0.0104976696894,
        "dmean2": 0.0187802668661,
        "dvar": 0.000830710108858,
        "dvar2": 0.00236616446637,
        "max": 0.211630061269,
        "mean": 0.0126700764522,
        "median": 0.00340864947066,
        "min": 3.63047798752e-23,
        "var": 0.000789215147961
    },
    "spectral_energyband_middle_high": {
        "dmean": 0.000969701854046,
        "dmean2": 0.00155915343203,
        "dvar": 1.54663462126e-06,
        "dvar2": 3.38726795235e-06,
        "max": 0.0151605531573,
        "mean": 0.00399541901425,
        "median": 0.003468320705,
        "min": 1.51891322708e-21,
        "var": 6.85768782205e-06
    },
    "spectral_energyband_middle_low": {
        "dmean": 0.00600806483999,
        "dmean2": 0.00980056449771,
        "dvar": 0.000152917898959,
        "dvar2": 0.000372099893866,
        "max": 0.119444698095,
        "mean": 0.0110177844763,
        "median": 0.0074546681717,
        "min": 2.71125510403e-22,
        "var": 0.000190481558093
    },
    "spectral_flatness_db": {
        "dmean": 0.0256457943469,
        "dmean2": 0.0403419546783,
        "dvar": 0.000517292122822,
        "dvar2": 0.00141682010144,
        "max": 0.222779557109,
        "mean": 0.110231287777,
        "median": 0.113335035741,
        "min": 0.0144897196442,
        "var": 0.00141951208934
    },
    "spectral_flux": {
        "dmean": 0.0348340347409,
        "dmean2": 0.0530666410923,
        "dvar": 0.00216411054134,
        "dvar2": 0.0043337661773,
        "max": 0.395194143057,
        "mean": 0.0982524529099,
        "median": 0.0743021219969,
        "min": 1.06495458285e-10,
        "var": 0.00500094564632
    },
    "spectral_kurtosis": {
        "dmean": 1.451810956,
        "dmean2": 2.43190455437,
        "dvar": 2.3299434185,
        "dvar2": 7.12977361679,
        "max": 16.2823905945,
        "mean": 2.87278294563,
        "median": 2.76196527481,
        "min": -1.2210829258,
        "var": 2.62289762497
    },
    "spectral_rms": {
        "dmean": 0.00115937669761,
        "dmean2": 0.00188785255887,
        "dvar": 3.03459773932e-06,
        "dvar2": 7.00695454725e-06,
        "max": 0.0152677437291,
        "mean": 0.00468791602179,
        "median": 0.00438182475045,
        "min": 3.22353385304e-12,
        "var": 6.49081857773e-06
    },
    "spectral_rolloff": {
        "dmean": 1420.49890137,
        "dmean2": 2332.42236328,
        "dvar": 4559924.5,
        "dvar2": 10075328,
        "max": 19530.6152344,
        "mean": 2758.55297852,
        "median": 2153.3203125,
        "min": 86.1328125,
        "var": 7666335.5
    },
    "spectral_skewness": {
        "dmean": 0.239302426577,
        "dmean2": 0.368702411652,
        "dvar": 0.0533152148128,
        "dvar2": 0.133017808199,
        "max": 2.11806678772,
        "mean": 1.01843941212,
        "median": 1.01090121269,
        "min": -0.130845233798,
        "var": 0.128840655088
    },
    "spectral_spread": {
        "dmean": 1243370.875,
        "dmean2": 1569317.75,
        "dvar": 4.82532288102e+12,
        "dvar2": 6.50714284032e+12,
        "max": 41580328,
        "mean": 4873478,
        "median": 3923243.5,
        "min": 2136991.25,
        "var": 8.74145277542e+12
    },
    "spectral_strongpeak": {
        "dmean": 0.48855343461,
        "dmean2": 0.843183577061,
        "dvar": 1.03654527664,
        "dvar2": 2.97248840332,
        "max": 10.6499729156,
        "mean": 0.721444904804,
        "median": 0.515936672688,
        "min": 0,
        "var": 0.910081982613
    },
    "zerocrossingrate": {
        "dmean": 0.0250832997262,
        "dmean2": 0.0302951559424,
        "dvar": 0.00108194386121,
        "dvar2": 0.00165310944431,
        "max": 0.5224609375,
        "mean": 0.0907202661037,
        "median": 0.07373046875,
        "min": 0.01806640625,
        "var": 0.00363258947618
    },
    "barkbands": {
        "dmean": [0.00171184027568, 0.00914956629276, 0.00142345274799, 0.0011959373951, 0.00256202649325, 0.00170481111854, 0.00185809272807, 0.000862687709741, 0.00051660387544, 0.000235225001234, 0.00019023664936, 0.000305235531414, 0.000133579029352, 0.000156722933752, 0.000206161188544, 0.000228126009461, 0.000139552299515, 0.000140883421409, 0.000203441624762, 0.000223924114835, 0.000204924072023, 7.06493156031e-05, 0.000297161575872, 0.000503364077304, 0.000302875996567, 0.000602977524977, 4.70706363558e-05],
        "dmean2": [0.00281939911656, 0.0173001997173, 0.00199843547307, 0.00175525434315, 0.00404958985746, 0.00272012990899, 0.00323037616909, 0.00134589138906, 0.000894647440873, 0.00040726349107, 0.00031438539736, 0.000530319171958, 0.000229143319302, 0.000262798683252, 0.000344914325979, 0.000380449026125, 0.000230108533287, 0.000239479893935, 0.000345889711753, 0.00037126778625, 0.00034062366467, 0.000111601148092, 0.000517015752848, 0.000874162185937, 0.000480926159071, 0.000899391481653, 7.94487859821e-05],
        "dvar": [2.32317543123e-05, 0.000786313496064, 6.12196481597e-06, 5.28294276592e-06, 3.39006437571e-05, 1.11523149826e-05, 3.13579221256e-05, 5.10087693328e-06, 9.15366456411e-07, 1.55705166094e-07, 1.00018432647e-07, 1.32729766733e-07, 2.90763981781e-08, 5.59931834232e-08, 6.99547939575e-08, 8.77987886838e-08, 2.63605492989e-08, 5.30940056365e-08, 6.15463662257e-08, 7.55264437657e-08, 6.5033447072e-08, 1.30389912201e-08, 7.34470859243e-07, 1.82631356438e-06, 3.8973411165e-07, 1.75330956154e-06, 1.38875986266e-08],
        "dvar2": [5.1568262279e-05, 0.00241262861528, 1.30338739837e-05, 1.26459153762e-05, 7.77626773925e-05, 2.85067635559e-05, 7.60075854487e-05, 9.73422629613e-06, 2.37107246903e-06, 4.62214813979e-07, 2.50675810776e-07, 3.79309653908e-07, 7.84500642226e-08, 1.5165971945e-07, 1.75456506213e-07, 2.10425923797e-07, 6.55441638742e-08, 1.4273516058e-07, 1.70391743382e-07, 1.86584372841e-07, 1.77069239271e-07, 3.2219809043e-08, 1.93031701201e-06, 4.92954359288e-06, 8.84924986622e-07, 3.36572338711e-06, 3.40592514192e-08],
        "max": [0.0333054326475, 0.189548552036, 0.02767714113, 0.0247703753412, 0.106263048947, 0.0388492792845, 0.0667981505394, 0.051336389035, 0.00960904639214, 0.00570238800719, 0.00411991402507, 0.00353958760388, 0.00152128713671, 0.00319841061719, 0.00254104658961, 0.003320814576, 0.00205980660394, 0.00277539552189, 0.00279390066862, 0.00269431341439, 0.00190583162475, 0.000822788570076, 0.00695358589292, 0.00886660162359, 0.00436248909682, 0.00926314853132, 0.000960591307376],
        "mean": [0.00166445737705, 0.00747523549944, 0.00279620825313, 0.00207041064277, 0.00321473320946, 0.00206649885513, 0.0017756104935, 0.00112798414193, 0.000616711797193, 0.000324461958371, 0.000270636664936, 0.000557188875973, 0.000222878472414, 0.000266912567895, 0.000418859301135, 0.000495595042594, 0.00030217281892, 0.000290382653475, 0.000531202007551, 0.000626276887488, 0.000486192846438, 0.000119707736303, 0.00024530684459, 0.000365565094398, 0.000268573290668, 0.000541443761904, 3.77637770725e-05],
        "median": [4.73229956697e-05, 0.000134064190206, 0.000635859614704, 0.000799548055511, 0.00121717783622, 0.000685693870764, 0.00038704572944, 0.000336914963555, 0.000241940259002, 0.0001890699059, 0.000145913945744, 0.000421133619966, 0.000156154215802, 0.000186033168575, 0.000304753950331, 0.000345269625541, 0.000216771411942, 0.000219945010031, 0.000458841270301, 0.000533179263584, 0.000453216518508, 7.38683302188e-05, 4.33775203419e-05, 3.13076561724e-05, 1.39435951496e-05, 4.84436895931e-06, 1.17148360346e-07],
        "min": [1.22615115689e-24, 1.8543895294e-23, 2.40357003693e-24, 6.69554370776e-24, 4.95312477971e-23, 3.4360203034e-23, 3.86438408116e-23, 1.37480217316e-23, 2.83827862295e-23, 4.57478109422e-23, 6.68738152175e-23, 6.17599265806e-23, 7.74048874211e-23, 7.93590157902e-23, 1.20625920086e-22, 1.01716955742e-22, 1.67824629249e-22, 1.8985074906e-22, 3.00057091387e-22, 3.20597211824e-22, 4.00433318068e-22, 6.16701971237e-22, 5.4731608842e-22, 8.22064149074e-22, 1.03275599741e-21, 1.5177548511e-21, 2.32972854781e-21],
        "var": [2.68150524789e-05, 0.000584275636356, 1.95475859073e-05, 1.05716044345e-05, 3.99632990593e-05, 1.48265298776e-05, 3.24328757415e-05, 1.10174241854e-05, 1.113924327e-06, 1.69105916825e-07, 1.49655676296e-07, 2.70266610869e-07, 5.05309039056e-08, 8.55019877122e-08, 1.48660276977e-07, 2.31315596011e-07, 7.43381107782e-08, 7.26143909446e-08, 1.8248627498e-07, 2.33833461039e-07, 1.41615174698e-07, 1.665888405e-08, 5.16148872975e-07, 1.22682763504e-06, 3.87206313235e-07, 2.11923406823e-06, 1.30859110214e-08]
    },
    "erbbands": {
        "dmean": [0.281555056572, 1.97391319275, 1.84818232059, 3.14703726768, 5.27542877197, 9.54961967468, 13.9422197342, 13.2573442459, 28.151927948, 19.70079422, 14.629901886, 12.2160978317, 7.87860202789, 6.50077676773, 9.52822399139, 10.0256204605, 6.00472545624, 6.54942655563, 7.89877414703, 12.3299350739, 11.5183696747, 7.25833654404, 7.82254981995, 7.47354078293, 12.406665802, 10.0721273422, 8.1429605484, 7.24148178101, 2.53520822525, 3.46521949768, 10.3546466827, 10.8111124039, 7.08288908005, 3.37130832672, 2.31651067734, 1.86067903042, 1.3087567091, 0.225137352943, 0.00530161429197, 0.000156735972269],
        "dmean2": [0.527850449085, 3.6985039711, 2.79026937485, 4.41950941086, 8.59974956512, 15.1838169098, 21.0951251984, 21.7400074005, 47.599407196, 32.5021591187, 23.7700157166, 21.1796474457, 13.5219011307, 11.2067956924, 16.4348869324, 17.2874164581, 10.2044868469, 10.6843738556, 13.2861824036, 20.7402648926, 19.348657608, 11.9129829407, 13.446598053, 12.6194763184, 20.8361244202, 16.443649292, 13.7698144913, 11.8307924271, 4.17337369919, 5.57366323471, 18.1152687073, 18.5395832062, 12.3428506851, 5.54237651825, 3.70462155342, 2.8893725872, 1.91833233833, 0.335308790207, 0.00815259385854, 0.000239147731918],
        "dvar": [0.571761488914, 40.2161407471, 18.9668426514, 23.3764762878, 169.072006226, 731.958679199, 569.494567871, 766.088867188, 7407.71875, 1810.83361816, 1189.2857666, 556.000915527, 194.52166748, 67.5735778809, 143.463821411, 142.927139282, 61.0461044312, 109.421981812, 102.043273926, 231.947647095, 207.097824097, 66.5557327271, 192.33203125, 84.1394271851, 225.099349976, 151.725921631, 122.590568542, 89.4774017334, 18.558265686, 49.7415275574, 940.888427734, 882.050231934, 337.696838379, 55.974822998, 28.281496048, 18.4215183258, 8.1644449234, 0.262454479933, 0.000144968144014, 1.08680154653e-07],
        "dvar2": [1.71805596352, 122.907821655, 46.2650260925, 52.1031494141, 444.638519287, 1706.76037598, 1290.2208252, 2019.89074707, 16992.4980469, 3962.32983398, 2990.94995117, 1444.11560059, 570.136047363, 175.743133545, 376.70111084, 395.179473877, 165.894866943, 291.412994385, 259.158752441, 573.17779541, 521.865722656, 169.543380737, 531.325622559, 219.164932251, 632.840515137, 369.909545898, 321.446380615, 236.344589233, 48.8544540405, 124.34021759, 2487.52685547, 2348.38891602, 912.486022949, 141.175949097, 62.0682983398, 36.3024635315, 16.375164032, 0.486068248749, 0.000272962613963, 1.86332314911e-07],
        "max": [5.03144550323, 42.199016571, 37.6836090088, 55.4009475708, 99.8504104614, 538.200012207, 297.637573242, 305.523345947, 1147.49707031, 607.858947754, 623.565307617, 239.466873169, 224.443023682, 68.3893051147, 130.436843872, 130.141281128, 72.1322479248, 149.993286133, 93.6789093018, 152.504379272, 151.805343628, 82.3041763306, 164.631958008, 98.9408874512, 189.233001709, 118.549705505, 94.8076934814, 75.9703826904, 35.4962882996, 56.3652763367, 245.972854614, 176.988021851, 139.208267212, 63.8878097534, 40.0210800171, 33.1730651855, 18.0036392212, 3.60814499855, 0.0874134227633, 0.00222007418051],
        "mean": [0.267672896385, 1.46187543869, 2.67936301231, 6.52432584763, 6.25998258591, 11.1382474899, 19.1263656616, 15.3033647537, 28.2329559326, 24.1928405762, 18.9213256836, 14.6039619446, 10.2606801987, 9.65259838104, 16.127822876, 19.5983638763, 10.7026700974, 12.3092594147, 17.1455898285, 26.3359680176, 25.463218689, 16.926366806, 15.963101387, 18.6217689514, 34.9991836548, 28.2402763367, 19.6188488007, 16.9818687439, 4.67176771164, 4.15849304199, 8.19268321991, 8.00583362579, 5.26039409637, 2.89977502823, 2.05238437653, 1.7121386528, 1.14048957825, 0.208507999778, 0.00507774902508, 0.000171719409991],
        "median": [0.00396677898243, 0.0653511285782, 0.626215755939, 2.74863672256, 1.66516232491, 3.68942594528, 7.18625354767, 5.41545677185, 5.6011505127, 8.66865062714, 7.58066320419, 5.94168329239, 6.21331357956, 5.83858585358, 11.6013450623, 14.7269001007, 7.33190536499, 8.9543466568, 13.2319583893, 18.4069824219, 18.1737937927, 12.684627533, 11.9201879501, 15.5180664062, 32.5726966858, 24.6185302734, 16.3323707581, 12.6863412857, 3.36552906036, 1.69580769539, 1.21628427505, 0.733911395073, 0.427303940058, 0.181690037251, 0.0757665410638, 0.0270008128136, 0.00793308205903, 0.000895389355719, 3.62885584764e-05, 3.00577794405e-05],
        "min": [4.31132704786e-22, 4.58998119431e-21, 4.05260460183e-21, 1.83910264451e-20, 4.77798197998e-20, 1.80982878726e-19, 3.06934749618e-19, 2.44517018914e-19, 6.19596070616e-19, 2.78097863446e-19, 4.3154692396e-19, 8.62578307602e-19, 7.42686025836e-19, 1.60040350997e-18, 2.61707310628e-18, 3.00731954849e-18, 3.50726689033e-18, 2.82462347532e-18, 4.1079427037e-18, 8.02431037753e-18, 6.76269574804e-18, 9.21912148717e-18, 8.44631807372e-18, 1.30261259579e-17, 1.5013003863e-17, 1.41048952081e-17, 1.44775930136e-17, 1.76956647405e-17, 2.11792399373e-17, 1.60812993523e-17, 1.47007481449e-17, 1.41270669572e-17, 1.42120862349e-17, 1.19230880556e-17, 7.67301338883e-18, 4.81553285201e-18, 3.02405837536e-18, 1.05858625007e-18, 2.95608372285e-19, 2.77979376286e-20],
        "var": [0.550414204597, 26.8863296509, 24.0285511017, 81.9897003174, 175.812942505, 759.114990234, 914.260314941, 812.442687988, 8711.42871094, 3186.33056641, 1522.68603516, 662.069030762, 186.589416504, 108.890289307, 255.497467041, 320.32421875, 112.829322815, 187.394119263, 214.928085327, 564.332275391, 547.572937012, 189.693695068, 238.230392456, 210.692703247, 672.235595703, 454.772399902, 252.723571777, 234.435852051, 21.590473175, 44.3279533386, 650.843811035, 611.378662109, 226.495910645, 45.6013259888, 28.3713321686, 21.3686771393, 9.58215808868, 0.328422993422, 0.000185991244507, 1.47550139218e-07]
    },
    "gfcc": {
        "mean": [-3.20168709755, 68.7529830933, -129.904846191, 40.5161628723, -60.2851219177, -0.201652690768, -38.094329834, 3.67981481552, -30.9361534119, 6.30638837814, -17.6962242126, -3.5045337677, -8.98638343811],
        "cov": [[18860.3300781, -484.570648193, 347.181213379, -205.367004395, -330.488220215, 193.260467529, -537.065856934, 356.097351074, -443.988983154, 202.468292236, -322.979217529, 166.188796997, -332.000823975], [-484.570648193, 1695.53808594, -1023.65008545, 595.824890137, -19.3861541748, -172.610839844, 314.218505859, -196.606231689, 150.440292358, -95.0685195923, 177.935058594, -199.440856934, 202.295272827], [347.181213379, -1023.65008545, 1597.93908691, -248.426300049, 469.140228271, 377.302459717, -22.1519107819, 342.936767578, -20.061006546, 152.361282349, -118.432556152, 172.397079468, -188.021697998], [-205.367004395, 595.824890137, -248.426300049, 396.626617432, 133.440856934, 70.4457931519, 210.403137207, -9.72300434113, 72.2858886719, 0.8477024436, 111.328521729, -45.981880188, 98.8634185791], [-330.488220215, -19.3861541748, 469.140228271, 133.440856934, 411.278747559, 169.114974976, 202.999328613, 154.712860107, 41.7574462891, 102.716461182, 14.9593105316, 54.842830658, -4.90545415878], [193.260467529, -172.610839844, 377.302459717, 70.4457931519, 169.114974976, 268.138366699, 75.6869277954, 135.12701416, 36.146522522, 41.2328948975, 27.3245296478, 59.643321991, -10.0113210678], [-537.065856934, 314.218505859, -22.1519107819, 210.403137207, 202.999328613, 75.6869277954, 279.387207031, 58.2487564087, 73.3445358276, 60.4603805542, 86.3427276611, 9.48110198975, 72.5402450562], [356.097351074, -196.606231689, 342.936767578, -9.72300434113, 154.712860107, 135.12701416, 58.2487564087, 176.224899292, 42.6317901611, 98.6288375854, 9.68538475037, 65.7568588257, -28.6588191986], [-443.988983154, 150.440292358, -20.061006546, 72.2858886719, 41.7574462891, 36.146522522, 73.3445358276, 42.6317901611, 140.034927368, 51.4368171692, 79.1007080078, 10.1127185822, 45.8904953003], [202.468292236, -95.0685195923, 152.361282349, 0.8477024436, 102.716461182, 41.2328948975, 60.4603805542, 98.6288375854, 51.4368171692, 140.746459961, 40.156463623, 79.1372528076, 10.9074907303], [-322.979217529, 177.935058594, -118.432556152, 111.328521729, 14.9593105316, 27.3245296478, 86.3427276611, 9.68538475037, 79.1007080078, 40.156463623, 138.85017395, 38.3746948242, 88.8320159912], [166.188796997, -199.440856934, 172.397079468, -45.981880188, 54.842830658, 59.643321991, 9.48110198975, 65.7568588257, 10.1127185822, 79.1372528076, 38.3746948242, 116.515228271, 32.1916503906], [-332.000823975, 202.295272827, -188.021697998, 98.8634185791, -4.90545415878, -10.0113210678, 72.5402450562, -28.6588191986, 45.8904953003, 10.9074907303, 88.8320159912, 32.1916503906, 117.434440613]],
        "icov": [[8.74278412084e-05, -0.000150456675328, 7.20974958313e-06, -8.43485395308e-05, 0.00022174238984, -0.000143489785842, 0.000227960626944, -0.000377008836949, 0.000436862406787, -0.00029633732629, 0.000156266716658, -0.000190797116375, 0.00014401813678], [-0.000150456675328, 0.0030796781648, 0.000546236755326, -0.00297610322013, -0.000454512337456, 0.00208731135353, -0.00138071575202, 0.000742689298932, -0.00250294595025, 0.00149377307389, 3.87460459024e-05, 0.00176134542562, -0.000830158125609], [7.20974958313e-06, 0.000546236755326, 0.00324477627873, 0.00138567644171, -0.00363723840564, -0.00180510850623, 0.00134796416387, -0.000978216878138, -0.000719718635082, 0.0011090914486, -4.18374838773e-05, -0.00158423942048, 0.00237498269416], [-8.43485395308e-05, -0.00297610322013, 0.00138567644171, 0.012504379265, -0.00417473958805, -0.00627642730251, -2.51122060035e-06, 0.00159243727103, 0.00307682994753, -0.00276570837013, -0.00430196523666, 0.00607350189239, -0.00309559493326], [0.00022174238984, -0.000454512337456, -0.00363723840564, -0.00417473958805, 0.0115988738835, 0.00106441637035, -0.00537910545245, -0.00204338831827, 0.00152373930905, -0.00260240631178, 0.00390286929905, -0.0012994519202, -0.000449608953204], [-0.000143489785842, 0.00208731135353, -0.00180510850623, -0.00627642730251, 0.00106441637035, 0.0125667126849, -0.00204373407178, -0.00555159756914, -0.00337516027503, 0.00810319092125, -0.000641826423816, -0.0051841493696, 0.00188873440493], [0.000227960626944, -0.00138071575202, 0.00134796416387, -2.51122060035e-06, -0.00537910545245, -0.00204373407178, 0.0121337128803, -0.00250383815728, 0.00202651135623, -0.00316532677971, -0.00196751253679, 0.0027978727594, -0.00309839867987], [-0.000377008836949, 0.000742689298932, -0.000978216878138, 0.00159243727103, -0.00204338831827, -0.00555159756914, -0.00250383815728, 0.0222980771214, -0.00463801948354, -0.00795965734869, -0.000152688167873, 0.00011334689043, 0.00381378014572], [0.000436862406787, -0.00250294595025, -0.000719718635082, 0.00307682994753, 0.00152373930905, -0.00337516027503, 0.00202651135623, -0.00463801948354, 0.0178750623018, -0.00824611540884, -0.00665103038773, 0.00824983790517, -0.0042532440275], [-0.00029633732629, 0.00149377307389, 0.0011090914486, -0.00276570837013, -0.00260240631178, 0.00810319092125, -0.00316532677971, -0.00795965734869, -0.00824611540884, 0.0258793774992, -0.00136367743835, -0.0164517275989, 0.0076479758136], [0.000156266716658, 3.87460459024e-05, -4.18374838773e-05, -0.00430196523666, 0.00390286929905, -0.000641826423816, -0.00196751253679, -0.000152688167873, -0.00665103038773, -0.00136367743835, 0.0226308554411, -0.00699932081625, -0.00725835189223], [-0.000190797116375, 0.00176134542562, -0.00158423942048, 0.00607350189239, -0.0012994519202, -0.0051841493696, 0.0027978727594, 0.00011334689043, 0.00824983790517, -0.0164517275989, -0.00699932081625, 0.0379339903593, -0.0202197562903], [0.00014401813678, -0.000830158125609, 0.00237498269416, -0.00309559493326, -0.000449608953204, 0.00188873440493, -0.00309839867987, 0.00381378014572, -0.0042532440275, 0.0076479758136, -0.00725835189223, -0.0202197562903, 0.0317329876125]]
    },
    "melbands": {
        "dmean": [0.00249298498966, 0.0015669146087, 0.00057246000506, 0.000471754639875, 0.000519060529768, 0.000330444949213, 0.000409339234466, 0.00021664648375, 0.000121959943499, 6.63517785142e-05, 3.94294038415e-05, 2.65420512733e-05, 2.80835483863e-05, 3.88059561374e-05, 1.58293205459e-05, 1.27124403662e-05, 1.3962581761e-05, 1.36937151183e-05, 1.83410465979e-05, 1.77089295903e-05, 1.37417628139e-05, 8.35057198856e-06, 7.32579246687e-06, 7.2818420449e-06, 6.63307991999e-06, 8.99489987205e-06, 1.0754849427e-05, 6.76984154779e-06, 5.12145879838e-06, 6.55916710457e-06, 3.41506188306e-06, 1.51410552007e-06, 1.46799993672e-06, 2.07237417271e-06, 5.23186508872e-06, 8.26173618407e-06, 6.08400387136e-06, 5.38452422916e-06, 3.66262543139e-06, 2.75495153801e-06],
        "dmean2": [0.00471517955884, 0.00272189849056, 0.000826625910122, 0.00077677104855, 0.000778278626967, 0.000535515486263, 0.000699292577337, 0.000346223067027, 0.000202533468837, 0.000115094648208, 6.776079681e-05, 4.60525116068e-05, 4.73146174045e-05, 6.67570348014e-05, 2.67985833489e-05, 2.16402822844e-05, 2.30420446314e-05, 2.27623604587e-05, 3.06592846755e-05, 2.95402805932e-05, 2.33013906836e-05, 1.39103112815e-05, 1.22555020425e-05, 1.25193109852e-05, 1.10623577712e-05, 1.53312157636e-05, 1.81283230631e-05, 1.10774180939e-05, 8.74738998391e-06, 1.07969735836e-05, 5.64601305086e-06, 2.58896056948e-06, 2.33204855249e-06, 3.41018539984e-06, 9.13160965865e-06, 1.43552779264e-05, 1.0456072232e-05, 9.44912972045e-06, 6.33152239971e-06, 4.49538902103e-06],
        "dvar": [5.41906410945e-05, 2.13224884646e-05, 9.83951053968e-07, 1.31809701998e-06, 1.0041310361e-06, 4.38912053369e-07, 1.52490611072e-06, 2.19302179971e-07, 7.14034840144e-08, 1.59063908711e-08, 5.05926678329e-09, 1.06661712795e-09, 1.83398107811e-09, 2.21750062757e-09, 4.52375914506e-10, 2.92099372468e-10, 5.50830825397e-10, 3.26355525937e-10, 5.96277249798e-10, 5.99232885534e-10, 2.88422896677e-10, 9.40817423967e-11, 1.15269717382e-10, 1.4119629077e-10, 6.38971514588e-11, 1.27362287383e-10, 1.47092032998e-10, 7.17558304442e-11, 4.61224426707e-11, 5.59827323388e-11, 2.20137432588e-11, 6.61026398549e-12, 5.82275677327e-12, 2.07485313652e-11, 2.30203064944e-10, 6.21490747754e-10, 2.6655189167e-10, 1.9298812548e-10, 9.37127944689e-11, 3.47388576238e-11],
        "dvar2": [0.000162190932315, 6.0267146182e-05, 2.40418808062e-06, 3.20652793562e-06, 2.25709140977e-06, 1.14140323149e-06, 3.59046453013e-06, 4.15443935253e-07, 1.86522939316e-07, 4.10757792224e-08, 1.49587879861e-08, 2.83812839896e-09, 4.51108395083e-09, 6.2301515058e-09, 1.25235743997e-09, 7.65490726362e-10, 1.48160939073e-09, 8.66846705527e-10, 1.52054702163e-09, 1.44798339985e-09, 7.95968291278e-10, 2.4005439303e-10, 3.19994780673e-10, 3.85162374217e-10, 1.69986649756e-10, 3.62064767057e-10, 4.04100308771e-10, 1.70695346746e-10, 1.21139834275e-10, 1.53160942262e-10, 5.87395618257e-11, 1.79547453294e-11, 1.31094059219e-11, 5.36281748176e-11, 6.15931250447e-10, 1.63471192138e-09, 7.12960301907e-10, 5.2326953881e-10, 2.53562143504e-10, 8.22335324835e-11],
        "max": [0.0510257780552, 0.032698571682, 0.00980510190129, 0.0176042616367, 0.0173804890364, 0.00696455920115, 0.015795674175, 0.00919316802174, 0.00415654154494, 0.00129049352836, 0.00112007372081, 0.000250302662607, 0.000606922782026, 0.000477668305393, 0.000274087593425, 0.000157891932759, 0.000339714228176, 0.000141504366184, 0.000236538384343, 0.000302182568703, 0.000168872080394, 0.000105461847852, 0.000122803510749, 0.000131083652377, 7.976397319e-05, 0.000116575160064, 0.000131241467898, 7.93950093794e-05, 6.45596664981e-05, 5.09700475959e-05, 3.75930285372e-05, 2.07236880669e-05, 1.52315442392e-05, 4.12131339544e-05, 0.000131079228595, 0.000163463584613, 9.55059804255e-05, 0.00010331714293, 7.62296695029e-05, 5.25661052961e-05],
        "mean": [0.00231674453244, 0.00167515606154, 0.00112079665996, 0.000544786045793, 0.000700524484273, 0.000383923819754, 0.000402281584684, 0.000271507742582, 0.000154640234541, 7.99324625405e-05, 4.88234545628e-05, 3.72746726498e-05, 4.42954587925e-05, 7.01011376805e-05, 2.90288571705e-05, 2.08117253351e-05, 2.34960443777e-05, 2.56403964158e-05, 3.48073808709e-05, 3.67554530385e-05, 2.77041344816e-05, 1.77123765752e-05, 1.47472210301e-05, 1.37683609864e-05, 1.43832821777e-05, 2.20929887291e-05, 2.7837615562e-05, 1.66942318174e-05, 1.09167476694e-05, 1.4496185031e-05, 7.40335372029e-06, 2.49164122579e-06, 2.12529812416e-06, 2.27301461564e-06, 4.18675699621e-06, 6.10015013081e-06, 4.4882540351e-06, 3.93523532694e-06, 2.69012525678e-06, 2.48648075285e-06],
        "median": [3.72418253392e-05, 0.000345333130099, 0.000537888729014, 0.000208054247196, 0.0002970538917, 0.000127966501168, 8.87093920028e-05, 9.18807199923e-05, 6.18354824837e-05, 3.27021625708e-05, 2.7181527912e-05, 2.22700327868e-05, 2.93899029202e-05, 5.28003220097e-05, 2.09042882489e-05, 1.48907620314e-05, 1.57661161211e-05, 1.95043176063e-05, 2.29944780585e-05, 2.41117486439e-05, 2.02537048608e-05, 1.34495612656e-05, 1.0948489944e-05, 1.0033199942e-05, 1.15126440505e-05, 1.77279744094e-05, 2.5693760108e-05, 1.33049670694e-05, 8.48263516673e-06, 1.32976538225e-05, 4.7547646318e-06, 1.66054883266e-06, 1.07092205326e-06, 8.32349371649e-07, 7.52666721837e-07, 4.93039578942e-07, 4.18929516854e-07, 2.94393572631e-07, 2.12225074847e-07, 1.28528483856e-07],
        "min": [5.64585896044e-24, 3.32659054415e-24, 2.53761426802e-24, 1.04331461663e-23, 1.10009485244e-23, 6.41806819524e-24, 8.3791566841e-24, 2.80046883531e-24, 3.64658408174e-24, 4.29085427721e-24, 3.76358043702e-24, 6.42396019734e-24, 8.55238580572e-24, 7.3646649939e-24, 8.33732417915e-24, 6.77900124723e-24, 4.08410961117e-24, 5.53536479116e-24, 1.11360078222e-23, 9.34396670334e-24, 8.08084498848e-24, 1.02589144025e-23, 5.67527203372e-24, 1.04870300993e-23, 1.05046950616e-23, 9.35718170122e-24, 9.90489098316e-24, 9.35790666439e-24, 9.24186364752e-24, 8.32998619501e-24, 1.01278861838e-23, 1.22809984054e-23, 1.16146539096e-23, 7.66831964443e-24, 8.23539467273e-24, 6.65579458447e-24, 8.43732886497e-24, 1.0766308159e-23, 9.13048516517e-24, 1.00497132236e-23],
        "var": [4.7051209549e-05, 1.7203276002e-05, 2.27324426305e-06, 1.33512662615e-06, 1.40790632486e-06, 4.97607629768e-07, 1.6851320197e-06, 4.92434878652e-07, 8.31849291671e-08, 1.94048723756e-08, 4.64408111966e-09, 1.68251579336e-09, 2.96260349586e-09, 4.47229009382e-09, 9.41151601097e-10, 4.65750493728e-10, 8.58824289462e-10, 5.40458733322e-10, 1.2010201722e-09, 1.38826605767e-09, 6.53392728811e-10, 2.32275546019e-10, 1.88081744623e-10, 1.83845855206e-10, 1.44786849177e-10, 3.53867851688e-10, 4.22791079924e-10, 1.87604973223e-10, 8.71927877122e-11, 1.32889518834e-10, 5.44572546779e-11, 7.13719534862e-12, 7.29379577569e-12, 1.67334774509e-11, 1.56338497703e-10, 4.34841940233e-10, 1.83707563051e-10, 1.28036609093e-10, 6.35377445102e-11, 3.16700901615e-11]
    },
    "mfcc": {
