{
"metadata": {
    "version": {
        "essentia": "2.0.1",
        "extractor": "archive-music 1.0"
    },
    "audio_properties": {
        "analysis_sample_rate": 44100,
        "bitrate": 128,
        "channels": 2,
        "equal_loudness": 0,
        "length": 15.43836689,
        "replay_gain": -10.0764141083,
        "downmix": "mix"
    },
    "tags": {
        "track": 1,
        "year": 0,
        "album": "Tambores de Guerra (Single)",
        "artist": "Escarnio",
        "comment": "",
        "genre": "Other",
        "title": "Tambores de Guerra (Single - Side A)"
    }
},
"highlevel": {
    "culture": {
        "all": {
            "non_western": 2.00160843633e-06,
            "western": 0.999997973442
        },
        "probability": 0.999997973442,
        "value": "western"
    },
    "danceability": {
        "all": {
            "danceable": 0.999460577965,
            "not_danceable": 0.000539442931768
        },
        "probability": 0.999460577965,
        "value": "danceable"
    },
    "gender": {
        "all": {
            "female": 0.434294372797,
            "male": 0.565705597401
        },
        "probability": 0.565705597401,
        "value": "male"
    },
    "genre_dortmund": {
        "all": {
            "alternative": 0.0944325700402,
            "blues": 0.0886020734906,
            "electronic": 0.0654185637832,
            "folkcountry": 0.0262424070388,
            "funksoulrnb": 0.0261772479862,
            "jazz": 0.442185133696,
            "pop": 0.0204393193126,
            "raphiphop": 0.0146740330383,
            "rock": 0.22182866931
        },
        "probability": 0.442185133696,
        "value": "jazz"
    },
    "genre_electronic": {
        "all": {
            "ambient": 0.305882513523,
            "dnb": 0.212562605739,
            "house": 0.398235350847,
            "techno": 0.0273903310299,
            "trance": 0.0559292137623
        },
        "probability": 0.398235350847,
        "value": "house"
    },
    "genre_rosamerica": {
        "all": {
            "cla": 0.0115932580084,
            "dan": 0.00588910281658,
            "hip": 0.0441518463194,
            "jaz": 0.0121422344819,
            "pop": 0.0120153855532,
            "rhy": 0.00464751571417,
            "roc": 0.890805661678,
            "spe": 0.0187550224364
        },
        "probability": 0.890805661678,
        "value": "roc"
    },
    "genre_tzanetakis": {
        "all": {
            "blu": 0.00327306799591,
            "cla": 0.00120655633509,
            "cou": 0.000398518546717,
            "dis": 0.00359876779839,
            "hip": 0.00360548100434,
            "jaz": 0.0033354004845,
            "met": 0.972872376442,
            "pop": 0.00169342150912,
            "reg": 0.00801701564342,
            "roc": 0.00199940940365
        },
        "probability": 0.972872376442,
        "value": "met"
    },
    "mirex_ballroom": {
        "all": {
            "ChaChaCha": 0.184117794037,
            "Jive": 0.340683281422,
            "Quickstep": 0.231047540903,
            "Rumba-American": 0.00932647846639,
            "Rumba-International": 0.0174875613302,
            "Rumba-Misc": 0.010567035526,
            "Samba": 0.0465507432818,
            "Tango": 0.0472963824868,
            "VienneseWaltz": 0.0946415439248,
            "Waltz": 0.0182816442102
        },
        "probability": 0.340683281422,
        "value": "Jive"
    },
    "mood_acoustic": {
        "all": {
            "acoustic": 5.02848661199e-06,
            "not_acoustic": 0.99999499321
        },
        "probability": 0.99999499321,
        "value": "not_acoustic"
    },
    "mood_aggressive": {
        "all": {
            "aggressive": 0.999413430691,
            "not_aggressive": 0.000586594280321
        },
        "probability": 0.999413430691,
        "value": "aggressive"
    },
    "mood_electronic": {
        "all": {
            "electronic": 0.317269265652,
            "not_electronic": 0.682730734348
        },
        "probability": 0.682730734348,
        "value": "not_electronic"
    },
    "mood_happy": {
        "all": {
            "happy": 0.303657144308,
            "not_happy": 0.696342885494
        },
        "probability": 0.696342885494,
        "value": "not_happy"
    },
    "mood_party": {
        "all": {
            "not_party": 1.66657816436e-08,
            "party": 1
        },
        "probability": 1,
        "value": "party"
    },
    "mood_relaxed": {
        "all": {
            "not_relaxed": 0.988745331764,
            "relaxed": 0.0112546784803
        },
        "probability": 0.988745331764,
        "value": "not_relaxed"
    },
    "mood_sad": {
        "all": {
            "not_sad": 0.942352473736,
            "sad": 0.0576475150883
        },
        "probability": 0.942352473736,
        "value": "not_sad"
    },
    "moods_mirex": {
        "all": {
            "Cluster1": 0.192303553224,
            "Cluster2": 0.0436075888574,
            "Cluster3": 0.00635894620791,
            "Cluster4": 0.0188556648791,
            "Cluster5": 0.738874256611
        },
        "probability": 0.738874256611,
        "value": "Cluster5"
    },
    "timbre": {
        "all": {
            "bright": 0.0201115272939,
            "dark": 0.979888498783
        },
        "probability": 0.979888498783,
        "value": "dark"
    },
    "tonal_atonal": {
        "all": {
            "atonal": 0.999996483326,
            "tonal": 3.52521033165e-06
        },
        "probability": 0.999996483326,
        "value": "atonal"
    },
    "voice_instrumental": {
        "all": {
            "instrumental": 0.807048678398,
            "voice": 0.192951351404
        },
        "probability": 0.807048678398,
        "value": "instrumental"
    }
},
"lowlevel": {
    "average_loudness": 0.982957541943,
    "barkbands_kurtosis": {
        "dmean": 1.12307107449,
        "dmean2": 1.88281834126,
        "dvar": 2.67337989807,
        "dvar2": 6.55869817734,
        "max": 14.4940319061,
        "mean": -0.64447081089,
        "median": -1.36057019234,
        "min": -1.86320793629,
        "var": 3.49514317513
    },
    "barkbands_skewness": {
        "dmean": 0.600434243679,
        "dmean2": 0.950150728226,
        "dvar": 0.244739621878,
        "dvar2": 0.603126049042,
        "max": 3.93082952499,
        "mean": 0.583020448685,
        "median": 0.499641418457,
        "min": -2.05225872993,
        "var": 0.724716722965
    },
    "barkbands_spread": {
        "dmean": 8.43355751038,
        "dmean2": 13.5971765518,
        "dvar": 55.8965301514,
        "dvar2": 138.487213135,
        "max": 71.2423248291,
        "mean": 50.3999214172,
        "median": 53.3052062988,
        "min": 13.1193571091,
        "var": 114.035835266
    },
    "dissonance": {
        "dmean": 0.00634103920311,
        "dmean2": 0.0108376536518,
        "dvar": 3.36441116815e-05,
        "dvar2": 9.25286076381e-05,
        "max": 0.499818921089,
        "mean": 0.489318907261,
        "median": 0.490311980247,
        "min": 0.429946392775,
        "var": 4.25518701377e-05
    },
    "dynamic_complexity": 2.02390670776,
    "erbbands_kurtosis": {
        "dmean": 1.27518379688,
        "dmean2": 2.05457282066,
        "dvar": 1.40228056908,
        "dvar2": 3.56884837151,
        "max": 10.0054206848,
        "mean": 1.27164268494,
        "median": 1.09246945381,
        "min": -1.77501213551,
        "var": 2.91598582268
    },
    "erbbands_skewness": {
        "dmean": 0.356291651726,
        "dmean2": 0.561885774136,
        "dvar": 0.0884995684028,
        "dvar2": 0.218461617827,
        "max": 0.0546531900764,
        "mean": -1.43791568279,
        "median": -1.45188808441,
        "min": -2.93627977371,
        "var": 0.216765537858
    },
    "erbbands_spread": {
        "dmean": 11.3425550461,
        "dmean2": 17.727804184,
        "dvar": 98.8932418823,
        "dvar2": 244.048477173,
        "max": 108.254493713,
        "mean": 45.9569473267,
        "median": 42.8317565918,
        "min": 15.0202455521,
        "var": 261.072601318
    },
    "hfc": {
        "dmean": 6.98163700104,
        "dmean2": 11.4514560699,
        "dvar": 44.152431488,
        "dvar2": 111.22252655,
        "max": 78.4855575562,
        "mean": 36.6207313538,
        "median": 37.1694869995,
        "min": 1.17959409656e-16,
        "var": 190.415725708
    },
    "melbands_kurtosis": {
        "dmean": 6.27597045898,
        "dmean2": 10.2348794937,
        "dvar": 63.067035675,
        "dvar2": 160.558883667,
        "max": 86.1464004517,
        "mean": 7.45065736771,
        "median": 4.42074203491,
        "min": -1.73928940296,
        "var": 96.0254440308
    },
    "melbands_skewness": {
        "dmean": 0.940432548523,
        "dmean2": 1.50360679626,
        "dvar": 0.671493828297,
        "dvar2": 1.71708571911,
        "max": 8.81165599823,
        "mean": 2.56627082825,
        "median": 2.35887002945,
        "min": -0.129160881042,
        "var": 1.69425165653
    },
    "melbands_spread": {
        "dmean": 20.278470993,
        "dmean2": 32.6319580078,
        "dvar": 280.197845459,
        "dvar2": 683.841430664,
        "max": 148.57800293,
        "mean": 57.5661888123,
        "median": 54.8467330933,
        "min": 6.32178354263,
        "var": 836.544372559
    },
    "pitch_salience": {
        "dmean": 0.0788117274642,
        "dmean2": 0.129209086299,
        "dvar": 0.00439203716815,
        "dvar2": 0.0122095476836,
        "max": 0.854551315308,
        "mean": 0.602365195751,
        "median": 0.615381300449,
        "min": 0.225746378303,
        "var": 0.00882442574948
    },
    "silence_rate_20dB": {
        "dmean": 0,
        "dmean2": 0,
        "dvar": 0,
        "dvar2": 0,
        "max": 1,
        "mean": 1,
        "median": 1,
        "min": 1,
        "var": 0
    },
    "silence_rate_30dB": {
        "dmean": 0,
        "dmean2": 0,
        "dvar": 0,
        "dvar2": 0,
        "max": 1,
        "mean": 1,
        "median": 1,
        "min": 1,
        "var": 0
    },
    "silence_rate_60dB": {
        "dmean": 0.00300751882605,
        "dmean2": 0.00602409616113,
        "dvar": 0.00299848802388,
        "dvar2": 0.00598775781691,
        "max": 1,
        "mean": 0.0600600615144,
        "median": 0,
        "min": 0,
        "var": 0.0564524717629
    },
    "spectral_centroid": {
        "dmean": 387.630279541,
        "dmean2": 580.217163086,
        "dvar": 227534.34375,
        "dvar2": 341216.40625,
        "max": 10808.3603516,
        "mean": 3117.54492188,
        "median": 3204.47485352,
        "min": 1245.3828125,
        "var": 450863.1875
    },
    "spectral_complexity": {
        "dmean": 4.39398479462,
        "dmean2": 7.14759016037,
        "dvar": 15.6883859634,
        "dvar2": 37.8547363281,
        "max": 57,
        "mean": 30.3123130798,
        "median": 32,
        "min": 0,
        "var": 91.1877593994
    },
    "spectral_crest": {
        "dmean": 2.23787617683,
        "dmean2": 3.76795387268,
        "dvar": 3.83623075485,
        "dvar2": 10.2034301758,
        "max": 16.6439838409,
        "mean": 7.56085920334,
        "median": 6.96307277679,
        "min": 3.38910651207,
        "var": 5.96684408188
    },
    "spectral_decrease": {
        "dmean": 2.59861177021e-09,
        "dmean2": 4.17426315735e-09,
        "dvar": 9.84180816305e-18,
        "dvar2": 2.55148028932e-17,
        "max": 2.88131848874e-29,
        "mean": -6.32094909747e-09,
        "median": -5.39406830313e-09,
        "min": -3.41612604871e-08,
        "var": 1.66265834296e-17
    },
    "spectral_energy": {
        "dmean": 0.00999696180224,
        "dmean2": 0.0160856787115,
        "dvar": 0.000144131103298,
        "dvar2": 0.000373236223822,
        "max": 0.132919758558,
        "mean": 0.0271783284843,
        "median": 0.0240649264306,
        "min": 1.07744184506e-20,
        "var": 0.00025389160146
    },
    "spectral_energyband_high": {
        "dmean": 0.00140297587495,
        "dmean2": 0.00226562190801,
        "dvar": 1.70725729731e-06,
        "dvar2": 4.54529617855e-06,
        "max": 0.0150349335745,
        "mean": 0.00538867525756,
        "median": 0.00542268902063,
        "min": 7.83233653675e-21,
        "var": 5.45793864148e-06
    },
    "spectral_energyband_low": {
        "dmean": 0.00827142130584,
        "dmean2": 0.013815776445,
        "dvar": 0.000115782102512,
        "dvar2": 0.000309923343593,
        "max": 0.117015957832,
        "mean": 0.0115074943751,
        "median": 0.00755803193897,
        "min": 2.65565416795e-23,
        "var": 0.000148404506035
    },
    "spectral_energyband_middle_high": {
        "dmean": 0.00101353845093,
        "dmean2": 0.00165100558661,
        "dvar": 1.12238001293e-06,
        "dvar2": 2.99262455883e-06,
        "max": 0.0121690779924,
        "mean": 0.00382197042927,
        "median": 0.00367787480354,
        "min": 1.35899403171e-21,
        "var": 3.03739625451e-06
    },
    "spectral_energyband_middle_low": {
        "dmean": 0.004593889229,
        "dmean2": 0.00714378617704,
        "dvar": 3.17465783155e-05,
        "dvar2": 7.26982834749e-05,
        "max": 0.0612981915474,
        "mean": 0.00960235018283,
        "median": 0.00735922995955,
        "min": 3.71263665173e-22,
        "var": 6.23747691861e-05
    },
    "spectral_flatness_db": {
        "dmean": 0.0190806817263,
        "dmean2": 0.0316722989082,
        "dvar": 0.00028213582118,
        "dvar2": 0.00069472217001,
        "max": 0.251783519983,
        "mean": 0.153379291296,
        "median": 0.155050694942,
        "min": 0.0661257952452,
        "var": 0.000900400104001
    },
    "spectral_flux": {
        "dmean": 0.0211876779795,
        "dmean2": 0.0343749560416,
        "dvar": 0.000476198794786,
        "dvar2": 0.00106604595203,
        "max": 0.237868666649,
        "mean": 0.0965538024902,
        "median": 0.0941566377878,
        "min": 1.04067449103e-10,
        "var": 0.00129344430752
    },
    "spectral_kurtosis": {
        "dmean": 1.28680443764,
        "dmean2": 2.27611136436,
        "dvar": 1.29207623005,
        "dvar2": 3.87235665321,
        "max": 8.7190990448,
        "mean": 1.50808107853,
        "median": 1.38219594955,
        "min": -1.24545931816,
        "var": 1.68803203106
    },
    "spectral_rms": {
        "dmean": 0.000858758518007,
        "dmean2": 0.00135849684011,
        "dvar": 7.43530108593e-07,
        "dvar2": 1.91132380678e-06,
        "max": 0.011387616396,
        "mean": 0.00488177966326,
        "median": 0.00484540779144,
        "min": 3.24216413265e-12,
        "var": 2.68365170086e-06
    },
    "spectral_rolloff": {
        "dmean": 763.893859863,
        "dmean2": 1340.21569824,
        "dvar": 1561796.75,
        "dvar2": 3257345.5,
        "max": 18863.0859375,
        "mean": 3973.00756836,
        "median": 4306.640625,
        "min": 150.732421875,
        "var": 2964843.5
    },
    "spectral_skewness": {
        "dmean": 0.234860986471,
        "dmean2": 0.384316504002,
        "dvar": 0.0375836268067,
        "dvar2": 0.0920019298792,
        "max": 1.58907091618,
        "mean": 0.00857452861965,
        "median": -0.0117125511169,
        "min": -0.664779245853,
        "var": 0.0969161838293
    },
    "spectral_spread": {
        "dmean": 412451.71875,
        "dmean2": 585488.1875,
        "dvar": 3.11954296013e+12,
        "dvar2": 2.91580202189e+12,
        "max": 41476164,
        "mean": 3376215.75,
        "median": 3224220.25,
        "min": 2060832.5,
        "var": 4.61245933158e+12
    },
    "spectral_strongpeak": {
        "dmean": 0.748642086983,
        "dmean2": 1.37982356548,
        "dvar": 3.97281455994,
        "dvar2": 10.7879333496,
        "max": 16.440372467,
        "mean": 0.744978070259,
        "median": 0.314469963312,
        "min": 0,
        "var": 3.10819196701
    },
    "zerocrossingrate": {
        "dmean": 0.0135676106438,
        "dmean2": 0.0174560546875,
        "dvar": 0.000464049138827,
        "dvar2": 0.000902206695173,
        "max": 0.49951171875,
        "mean": 0.11212579906,
        "median": 0.1103515625,
        "min": 0.04443359375,
        "var": 0.00165542541072
    },
    "barkbands": {
        "dmean": [5.12146289111e-05, 0.00188922951929, 0.0053910817951, 0.00309663475491, 0.00209939829074, 0.000625031534582, 0.000211395090446, 0.000143438315718, 0.000268187199254, 0.000248359836405, 0.000131816719659, 0.000191269384231, 0.000183641444892, 0.000130191765493, 0.000105027269456, 0.000281031272607, 0.000278107560007, 8.56969418237e-05, 0.000195607426576, 0.00107665290125, 0.000961074605584, 0.00015986294602, 1.61099087563e-05, 9.96707058221e-06, 6.35421429251e-06, 1.8006104483e-06, 2.81603895758e-09],
        "dmean2": [8.74513207236e-05, 0.00332945794798, 0.0092501938343, 0.00500423787162, 0.003432713449, 0.00102292082738, 0.000355899566785, 0.000238690554397, 0.000434775894973, 0.000401433557272, 0.000203301300644, 0.00030205224175, 0.000313009426463, 0.000215481341002, 0.00018064797041, 0.000483184499899, 0.000460808398202, 0.000144507459481, 0.000326131848851, 0.00178755447268, 0.00161497818772, 0.000272711302387, 2.55712420767e-05, 1.58221973834e-05, 1.05285544123e-05, 2.70729242402e-06, 5.07951947171e-09],
        "dvar": [6.00092997516e-09, 6.78061360304e-06, 5.2970735851e-05, 1.60094568855e-05, 1.00042389022e-05, 5.64737490549e-07, 8.79936621345e-08, 3.9561495413e-08, 1.83965056522e-07, 9.51450829234e-08, 3.34272876046e-08, 7.74491795141e-08, 9.86876997899e-08, 3.80565197133e-08, 2.16441851109e-08, 9.58162118536e-08, 1.09460174258e-07, 1.50028665047e-08, 3.45900019738e-08, 1.30018850086e-06, 8.89722230113e-07, 3.52292701677e-08, 1.33764965771e-09, 6.43008757351e-10, 3.47668338563e-10, 2.586567939e-11, 7.37592650874e-17],
        "dvar2": [1.51379886404e-08, 1.87211226148e-05, 0.000145710102515, 3.48123139702e-05, 2.63487036136e-05, 1.4582572021e-06, 2.37863432062e-07, 9.85356507499e-08, 4.14112918179e-07, 2.13135265881e-07, 6.99000324289e-08, 1.76382812356e-07, 2.56466933024e-07, 9.75182459229e-08, 5.67175746369e-08, 2.65806335165e-07, 2.71716999123e-07, 3.67517785094e-08, 9.276653401e-08, 3.49725792148e-06, 2.26148836191e-06, 8.97632332908e-08, 2.61846921923e-09, 1.4323665587e-09, 8.59029236633e-10, 5.26601262596e-11, 1.97128204339e-16],
        "max": [0.000621088023763, 0.0203783549368, 0.0769129991531, 0.038734626025, 0.0275305248797, 0.00736846262589, 0.00322056980804, 0.0021126230713, 0.00348691642284, 0.00283934012987, 0.00156232353766, 0.00323307001963, 0.00334969442338, 0.0020843311213, 0.00107619946357, 0.00271214777604, 0.00322971190326, 0.00113424437586, 0.00192410079762, 0.0117674171925, 0.0127722322941, 0.00177421467379, 0.00056449190015, 0.000338167010341, 0.000211964390473, 5.79542247579e-05, 9.8667833015e-08],
        "mean": [5.0429815019e-05, 0.00232602981851, 0.00616090698168, 0.00428379606456, 0.00326785515063, 0.00101703114342, 0.000330202921759, 0.000196834967937, 0.000369189452613, 0.000398507138016, 0.000213546052692, 0.000295008270768, 0.000267516850727, 0.000204407668207, 0.000154383931658, 0.000466959027108, 0.000485897820909, 0.00015065583284, 0.000460267998278, 0.00292965699919, 0.00276965042576, 0.000325419649016, 2.88819155685e-05, 1.50241339725e-05, 7.76353408583e-06, 2.53002485806e-06, 2.16592654922e-09],
        "median": [2.07205430343e-05, 0.00157807103824, 0.00367283821106, 0.00235114246607, 0.00212561013177, 0.000769137055613, 0.000226739532081, 0.000125715741888, 0.000173916370841, 0.000243548245635, 0.000120223427075, 0.00016690864868, 0.000169502483914, 0.000149319559569, 0.000111635585199, 0.000385336519685, 0.000379377510399, 0.000107822685095, 0.000420505588409, 0.00276613375172, 0.00264512305148, 0.000265881244559, 7.06493938196e-06, 3.10774748868e-06, 1.19894775708e-06, 4.36544780769e-07, 6.10571093684e-10],
        "min": [6.14775356758e-24, 1.81575664429e-23, 2.77433564846e-24, 1.89575471314e-23, 2.26302074048e-23, 4.57631937298e-23, 2.18595739197e-23, 4.42964709597e-23, 7.73978381601e-23, 4.55177664805e-23, 3.74879513262e-23, 3.08117394438e-23, 8.37380647166e-23, 1.10322109243e-22, 2.06978156246e-22, 1.22140987408e-22, 1.67492790176e-22, 9.45775247362e-23, 2.61714639618e-22, 2.40441976634e-22, 3.2496331081e-22, 5.20159078441e-22, 6.02289520364e-22, 9.78655133975e-22, 1.27034696762e-21, 1.4465947002e-21, 2.35934104828e-21],
        "var": [5.86279691461e-09, 6.50536458124e-06, 5.74514160689e-05, 2.8608195862e-05, 1.31512633743e-05, 9.1511071787e-07, 1.23523918205e-07, 4.9244025746e-08, 2.84617669877e-07, 1.96937889996e-07, 6.96522093335e-08, 1.76071836222e-07, 1.01727088975e-07, 4.60679601133e-08, 2.47200411252e-08, 1.29321833242e-07, 1.88078345786e-07, 2.20981686283e-08, 7.73536470433e-08, 2.41867405748e-06, 2.15454429053e-06, 5.75917553647e-08, 3.46103812277e-09, 1.15412135404e-09, 4.11187833782e-10, 5.02340981312e-11, 5.31840704837e-17]
    },
    "erbbands": {
        "dmean": [0.0308322198689, 0.562746167183, 4.78263378143, 9.77457904816, 7.68346357346, 7.04538822174, 5.39147138596, 5.11893415451, 3.44619512558, 2.69038796425, 3.08315396309, 6.38223743439, 7.07840204239, 7.05165672302, 4.86643600464, 9.04980754852, 8.40725803375, 6.17213773727, 5.8083190918, 5.21073389053, 18.8430233002, 10.9500284195, 4.29792308807, 7.69687271118, 14.733464241, 50.2997360229, 51.8682899475, 22.7671070099, 4.59282684326, 1.06030380726, 0.46937251091, 0.234535828233, 0.167671710253, 0.0984953939915, 0.0319536179304, 0.00907529145479, 0.00336999888532, 0.000490976730362, 1.28070269056e-05, 1.14587091957e-05],
        "dmean2": [0.0540833473206, 0.989615738392, 8.11975002289, 15.5332651138, 12.3638801575, 11.5830125809, 8.88818264008, 8.58416843414, 5.76763963699, 4.51855945587, 5.06315803528, 10.0061531067, 11.3241043091, 11.1674146652, 7.74988985062, 14.3596324921, 14.3062744141, 10.4537334442, 9.81195640564, 8.79233264923, 31.9346237183, 17.8985404968, 7.41734790802, 12.6822690964, 24.1286144257, 83.5911407471, 86.4333648682, 38.08751297, 7.79134273529, 1.73453366756, 0.735969245434, 0.365206748247, 0.270772069693, 0.163572698832, 0.0512923561037, 0.0144287263975, 0.00495341513306, 0.000781970098615, 2.01019647648e-05, 1.84878717846e-05],
        "dvar": [0.00237260037102, 0.569241762161, 38.4268989563, 172.016967773, 111.827888489, 130.360443115, 49.8404541016, 45.2792892456, 24.3507175446, 17.0497055054, 21.5360202789, 106.743034363, 87.3606414795, 103.055290222, 46.7738647461, 194.820785522, 187.242141724, 75.7505645752, 74.9861755371, 49.1183128357, 412.627593994, 170.627075195, 47.8636817932, 79.4714126587, 203.345016479, 3064.12744141, 2747.40307617, 482.889007568, 23.9257411957, 4.87527084351, 1.20185649395, 0.351623773575, 0.192009925842, 0.0915843844414, 0.00767822563648, 0.000664707855321, 0.00010177623335, 1.97005601876e-06, 7.02328861735e-10, 1.82892118117e-10],
        "dvar2": [0.0064028725028, 1.56509304047, 104.769104004, 433.336090088, 279.090454102, 347.204925537, 126.092597961, 117.041191101, 66.3415756226, 42.1275482178, 54.8303604126, 228.665924072, 215.852722168, 199.922912598, 105.132659912, 446.214385986, 481.840606689, 189.508743286, 194.172485352, 127.717819214, 1176.09741211, 408.315643311, 117.487281799, 200.606521606, 541.949768066, 8167.30712891, 7393.80859375, 1252.75830078, 62.7102432251, 11.4083833694, 2.52309346199, 0.720513105392, 0.466542750597, 0.2331366539, 0.0187326353043, 0.00158283370547, 0.00019216632063, 4.60235196442e-06, 1.63983182588e-09, 4.71551797609e-10],
        "max": [0.393269836903, 5.26044034958, 65.1144332886, 135.604263306, 98.7050476074, 115.424072266, 75.0196685791, 76.5709915161, 56.9445381165, 41.226978302, 48.8812561035, 84.0480728149, 80.1506195068, 114.20098114, 83.047416687, 127.280891418, 138.776611328, 92.0243759155, 77.9496841431, 61.0899124146, 185.864303589, 150.830505371, 63.4218292236, 88.6750717163, 150.267608643, 715.246582031, 770.4765625, 209.1640625, 56.7863693237, 39.2357826233, 16.2050914764, 6.6654548645, 6.24877548218, 3.84564757347, 0.908761918545, 0.311130672693, 0.135788649321, 0.0181993003935, 0.000343096093275, 0.000150625113747],
        "mean": [0.0359024144709, 0.715768694878, 5.82820606232, 13.1307554245, 11.9697542191, 9.92490768433, 8.44483566284, 7.812104702, 5.88191127777, 3.90456080437, 4.35225439072, 8.98310089111, 11.6151428223, 11.6226682663, 8.83702087402, 13.9706954956, 13.09973526, 10.5511407852, 9.17099475861, 9.91460609436, 36.7306747437, 22.0700836182, 8.10615921021, 16.862827301, 39.9330291748, 137.653137207, 153.227798462, 70.0006408691, 13.0916461945, 2.26170277596, 0.828812718391, 0.390329897404, 0.22972099483, 0.117022916675, 0.0393601283431, 0.0117393117398, 0.0048131197691, 0.000591847638134, 3.20441431541e-05, 3.73742295778e-05],
        "median": [0.0223777610809, 0.4891294837, 3.67041158676, 7.14200592041, 8.10222053528, 6.30054092407, 5.94401931763, 5.24298143387, 4.27377605438, 2.48932552338, 2.67010521889, 4.3859667778, 7.72962999344, 6.66061210632, 5.87316942215, 7.48735427856, 8.8088684082, 8.24855422974, 6.75531101227, 8.02265739441, 31.8364868164, 18.0570678711, 5.97368478775, 14.313999176, 37.0857086182, 129.991134644, 145.410369873, 68.5149688721, 11.6861495972, 1.18425369263, 0.223883911967, 0.0820344388485, 0.0474162474275, 0.0195840857923, 0.00547072291374, 0.0019004320493, 0.000810215482488, 0.00013328868954, 2.44744387601e-05, 3.51266280632e-05],
        "min": [3.40473603627e-22, 4.91238533937e-21, 5.33086077724e-21, 3.26878481314e-20, 7.96279342067e-20, 7.11116057372e-20, 1.84893982533e-19, 4.81562890836e-19, 2.59393396941e-19, 4.95963536614e-19, 1.32845092639e-18, 1.8219953733e-18, 1.39893891549e-18, 1.00269138133e-18, 1.34881725044e-18, 1.44666289414e-18, 4.05531540518e-18, 7.16367775383e-18, 5.65227277731e-18, 7.16342463656e-18, 7.63740409064e-18, 9.1776615405e-18, 5.27864191207e-18, 8.0096345391e-18, 1.48228830167e-17, 1.16224972385e-17, 1.51796956457e-17, 1.16198146918e-17, 1.9224264734e-17, 1.49775872979e-17, 1.75607234584e-17, 1.99485705481e-17, 1.43397929953e-17, 1.30567366036e-17, 9.21774340427e-18, 5.48702731993e-18, 2.8985126243e-18, 1.19421388523e-18, 3.1506846828e-19, 3.51460059609e-20],
        "var": [0.00203654333018, 0.582191586494, 45.4766731262, 264.53302002, 175.578613281, 148.804458618, 72.0374298096, 68.1988754272, 36.1814193726, 20.9095668793, 24.6565513611, 174.606109619, 154.318313599, 210.086212158, 93.4308013916, 391.004394531, 205.414108276, 96.676399231, 86.0746917725, 62.3656387329, 618.826782227, 330.894195557, 62.9941101074, 142.759155273, 462.284912109, 5474.53271484, 6412.0625, 1190.10083008, 60.8833503723, 9.57130050659, 2.73451185226, 0.746689200401, 0.287596046925, 0.0979424417019, 0.00994119141251, 0.00101101351902, 0.000207478820812, 2.74329227068e-06, 1.12364939575e-09, 3.55630386251e-10]
    },
    "gfcc": {
        "mean": [-18.704744339, 107.825927734, -147.627563477, 80.7732849121, -50.7739181519, -10.5306015015, -4.13724279404, -16.6016426086, -33.1656799316, 5.23523139954, -27.4609584808, -10.3825864792, 2.29006791115],
        "cov": [[15353.2958984, 811.742553711, -828.466186523, 614.227172852, -491.587890625, 116.549636841, -320.71975708, 53.2404556274, -334.645172119, 91.1963119507, -201.892181396, -37.2627563477, -28.0051078796], [811.742553711, 528.282958984, -264.051025391, 102.007247925, 90.8321228027, -207.496810913, 190.39175415, -168.740386963, 0.407480984926, -5.53344917297, -50.6155357361, -21.8817501068, 56.0030326843], [-828.466186523, -264.051025391, 433.572235107, -45.7823791504, 12.3095111847, 165.164169312, -163.763656616, 95.0584259033, -9.25323486328, -14.0899906158, 62.1250419617, -4.26248455048, -22.0316352844], [614.227172852, 102.007247925, -45.7823791504, 112.849822998, 0.859521865845, 7.3202214241, 9.15491771698, -26.1270446777, -17.7687931061, -15.1392354965, -2.1187081337, -14.6407251358, 15.7784347534], [-491.587890625, 90.8321228027, 12.3095111847, 0.859521865845, 126.096748352, -43.965877533, 90.2976913452, -51.0414886475, 12.8013963699, 8.25775623322, -5.39883565903, 5.12296295166, 9.97306346893], [116.549636841, -207.496810913, 165.164169312, 7.3202214241, -43.965877533, 181.648422241, -118.792045593, 88.1999511719, -21.7916355133, -16.7438583374, 34.7659263611, -7.13331127167, -22.7980442047], [-320.71975708, 190.39175415, -163.763656616, 9.15491771698, 90.2976913452, -118.792045593, 207.242431641, -62.5765991211, 33.8299713135, 2.80933737755, -37.7393836975, 5.15812397003, 29.6385192871], [53.2404556274, -168.740386963, 95.0584259033, -26.1270446777, -51.0414886475, 88.1999511719, -62.5765991211, 115.716285706, 11.6784238815, 5.39479541779, 8.02983760834, -0.976283192635, -11.9681863785], [-334.645172119, 0.407480984926, -9.25323486328, -17.7687931061, 12.8013963699, -21.7916355133, 33.8299713135, 11.6784238815, 61.6858673096, 18.8748550415, 5.79509019852, 0.578276574612, -1.87513184547], [91.1963119507, -5.53344917297, -14.0899906158, -15.1392354965, 8.25775623322, -16.7438583374, 2.80933737755, 5.39479541779, 18.8748550415, 65.5193405151, 14.9182024002, 15.9649820328, -9.17302894592], [-201.892181396, -50.6155357361, 62.1250419617, -2.1187081337, -5.39883565903, 34.7659263611, -37.7393836975, 8.02983760834, 5.79509019852, 14.9182024002, 54.7105865479, 13.6349258423, -1.77804791927], [-37.2627563477, -21.8817501068, -4.26248455048, -14.6407251358, 5.12296295166, -7.13331127167, 5.15812397003, -0.976283192635, 0.578276574612, 15.9649820328, 13.6349258423, 46.4622001648, 9.57508945465], [-28.0051078796, 56.0030326843, -22.0316352844, 15.7784347534, 9.97306346893, -22.7980442047, 29.6385192871, -11.9681863785, -1.87513184547, -9.17302894592, -1.77804791927, 9.57508945465, 49.4245185852]],
        "icov": [[0.000228986435104, -0.000905242748559, 0.000367198808817, -0.000653765746392, 0.000455901201349, -0.000632771523669, 0.00067059090361, -0.000881117535755, 0.000778928457294, -0.000809192250017, 0.000958891585469, -0.000791182450484, 0.000595647376031], [-0.000905242748559, 0.0112271206453, -0.00081982993288, -0.00219820649363, -0.00266556139104, 0.00698626413941, -0.00421826122329, 0.00801155343652, -0.00248476420529, 0.00200215377845, -0.0031892680563, 0.00729542691261, -0.00591886229813], [0.000367198808817, -0.00081982993288, 0.00804756302387, 0.000833856640384, -0.00734436186031, -0.00191950681619, 0.00740259094164, -0.0055967727676, 0.000910491857212, 0.00206925556995, -0.00295198312961, 0.000746939331293, -0.000572023505811], [-0.000653765746392, -0.00219820649363, 0.000833856640384, 0.0173155926168, -0.00128696125466, -0.00523090129718, -0.000805979652796, 0.00313985603862, -0.000822610163596, 0.00301039521582, -0.00459843408316, 0.00471968203783, -0.0044976240024], [0.000455901201349, -0.00266556139104, -0.00734436186031, -0.00128696125466, 0.0237298607826, -0.0049584521912, -0.0121638132259, 0.0093504069373, 0.00115787971299, -0.00781303551048, 0.00617630360648, -0.00343262008391, 0.0023797666654], [-0.000632771523669, 0.00698626413941, -0.00191950681619, -0.00523090129718, -0.0049584521912, 0.0225270651281, 0.00133166625164, -0.00752117810771, 0.00314629566856, 0.00723017565906, -0.0101298997179, 0.00480241468176, 0.00147782149725], [0.00067059090361, -0.00421826122329, 0.00740259094164, -0.000805979652796, -0.0121638132259, 0.00133166625164, 0.0208838377148, -0.00804586708546, -0.00357110355981, 0.00251958449371, 0.00424749357626, -0.00372855993919, -0.00147897109855], [-0.000881117535755, 0.00801155343652, -0.0055967727676, 0.00313985603862, 0.0093504069373, -0.00752117810771, -0.00804586708546, 0.0315428040922, -0.0104560730979, -0.00465787574649, 0.00726001570001, 0.00411289278418, -0.00776423886418], [0.000778928457294, -0.00248476420529, 0.000910491857212, -0.000822610163596, 0.00115787971299, 0.00314629566856, -0.00357110355981, -0.0104560730979, 0.027708273381, -0.00648734392598, -0.0049189333804, 0.00231988099404, 0.00397333363071], [-0.000809192250017, 0.00200215377845, 0.00206925556995, 0.00301039521582, -0.00781303551048, 0.00723017565906, 0.00251958449371, -0.00465787574649, -0.00648734392598, 0.0268901698291, -0.0119207371026, -0.00356454728171, 0.00451328931376], [0.000958891585469, -0.0031892680563, -0.00295198312961, -0.00459843408316, 0.00617630360648, -0.0101298997179, 0.00424749357626, 0.00726001570001, -0.0049189333804, -0.0119207371026, 0.0375830829144, -0.0116343349218, -0.00119183200877], [-0.000791182450484, 0.00729542691261, 0.000746939331293, 0.00471968203783, -0.00343262008391, 0.00480241468176, -0.00372855993919, 0.00411289278418, 0.00231988099404, -0.00356454728171, -0.0116343349218, 0.0344590730965, -0.0114167341962], [0.000595647376031, -0.00591886229813, -0.000572023505811, -0.0044976240024, 0.0023797666654, 0.00147782149725, -0.00147897109855, -0.00776423886418, 0.00397333363071, 0.00451328931376, -0.00119183200877, -0.0114167341962, 0.0308234654367]]
    },
    "melbands": {
        "dmean": [0.000382812431781, 0.00189707695972, 0.00151742203161, 0.00053772632964, 0.000194505613763, 0.000112935835205, 5.01273425471e-05, 2.94562269119e-05, 2.35120714933e-05, 4.51476917078e-05, 3.59653968189e-05, 3.01410691463e-05, 1.75042550836e-05, 1.81377399713e-05, 2.23742590606e-05, 1.84640430234e-05, 1.20714403238e-05, 1.03517686512e-05, 7.88447414379e-06, 1.02728927232e-05, 2.75342372333e-05, 1.62731994351e-05, 4.74899434266e-06, 3.8466478145e-06, 7.50093704482e-06, 8.21111098048e-06, 1.8970513338e-05, 4.47829079349e-05, 4.62101452285e-05, 3.21582811011e-05, 1.10608361865e-05, 3.60590456694e-06, 1.4794419485e-06, 3.90328636968e-07, 3.02386467865e-07, 1.95438019546e-07, 1.39415462286e-07, 1.20802397419e-07, 1.11553013937e-07, 7.59421823204e-08],
        "dmean2": [0.000676567084156, 0.00323161133565, 0.00239731208421, 0.000877414655406, 0.000316086545354, 0.000187152210856, 8.37150146253e-05, 4.9700782256e-05, 3.86476567655e-05, 7.17601942597e-05, 5.78898652748e-05, 4.79335503769e-05, 2.71230510407e-05, 2.96459675155e-05, 3.58221586794e-05, 3.11833500746e-05, 2.02563769562e-05, 1.73578973772e-05, 1.35169257192e-05, 1.73186563188e-05, 4.6736542572e-05, 2.64591744781e-05, 8.13300812297e-06, 6.47836623102e-06, 1.24302932818e-05, 1.37570086736e-05, 3.15677243634e-05, 7.45588768041e-05, 7.85407391959e-05, 5.38222193427e-05, 1.87233727047e-05, 6.14129476162e-06, 2.48354058385e-06, 6.44344368084e-07, 4.81487973047e-07, 3.06911346115e-07, 2.16809922904e-07, 2.02042514275e-07, 1.85824490018e-07, 1.26349050333e-07],
        "dvar": [3.04965851683e-07, 6.02797626925e-06, 3.83184215025e-06, 6.379042361e-07, 6.93077168989e-08, 1.996444432e-08, 4.8174735312e-09, 1.8993604467e-09, 1.28597454907e-09, 5.55647927669e-09, 2.28371788147e-09, 1.88353355135e-09, 6.23673723776e-10, 6.91232793226e-10, 9.11021091898e-10, 1.01344221903e-09, 3.03015001979e-10, 2.27145774412e-10, 1.22362953103e-10, 1.44825526571e-10, 9.10847730573e-10, 3.88538562435e-10, 5.56531036533e-11, 3.27559264435e-11, 7.94991156239e-11, 7.96383098356e-11, 3.99757116298e-10, 2.74109668297e-09, 2.63204835704e-09, 1.3599785742e-09, 1.1756608187e-10, 1.45008068053e-11, 4.67475363974e-12, 1.0005078363e-12, 5.14283927944e-13, 2.29259130126e-13, 1.25467195769e-13, 1.08928965565e-13, 9.70018743064e-14, 5.78121535019e-14],
        "dvar2": [8.36191020426e-07, 1.66207555594e-05, 9.54887673288e-06, 1.71251656411e-06, 1.74686462628e-07, 5.19225906714e-08, 1.30694965961e-08, 4.57744997462e-09, 3.23870374963e-09, 1.20524772385e-08, 5.63127855457e-09, 3.66905328342e-09, 1.39327216431e-09, 1.65445224187e-09, 2.02686178952e-09, 2.5781097257e-09, 7.66567420651e-10, 5.83542048016e-10, 3.25343418872e-10, 3.77211650804e-10, 2.57035037698e-09, 9.0236973449e-10, 1.43425091248e-10, 8.19801657115e-11, 1.97586863537e-10, 2.16265130804e-10, 1.07254405357e-09, 7.21502990686e-09, 7.30145721661e-09, 3.28569793595e-09, 3.09966691203e-10, 3.78965123171e-11, 1.17089697313e-11, 2.36169373988e-12, 1.18124954263e-12, 4.82564238135e-13, 2.71699248386e-13, 2.68889213196e-13, 2.49056824426e-13, 1.46556445907e-13],
        "max": [0.00473287329078, 0.0247970949858, 0.0196747370064, 0.00672436878085, 0.00344089907594, 0.00154782820027, 0.000777302891947, 0.000430058134953, 0.000352783827111, 0.000610256858636, 0.000409534317441, 0.000489926198497, 0.000239591186983, 0.000260666565737, 0.000432345608715, 0.000317868543789, 0.000189935264643, 0.000154715482495, 8.62431479618e-05, 0.000116309434816, 0.000267522584181, 0.000229919256526, 6.65452171233e-05, 6.84117185301e-05, 8.92574535101e-05, 0.000120150463772, 0.000188150472241, 0.000668605207466, 0.000690640183166, 0.000416895985836, 0.000102747093479, 3.46839879057e-05, 3.10193099722e-05, 1.7044660126e-05, 1.04113278212e-05, 6.57699547446e-06, 4.03247486247e-06, 5.23636208527e-06, 3.67944403479e-06, 3.10727045871e-06],
        "mean": [0.000470366911031, 0.00234468351118, 0.00218518823385, 0.000809853663668, 0.000307235866785, 0.000178398433491, 8.47128685564e-05, 4.14874739363e-05, 3.20932595059e-05, 6.17568584858e-05, 5.78944018343e-05, 4.72499377793e-05, 2.86704271275e-05, 2.92317690764e-05, 3.47674649674e-05, 2.63816418737e-05, 1.92933057406e-05, 1.56334190251e-05, 1.15178099804e-05, 1.76301145984e-05, 5.14815219503e-05, 2.91107917292e-05, 6.96501001585e-06, 6.86002340444e-06, 1.40518204716e-05, 1.72365962499e-05, 4.45771838713e-05, 0.000106976745883, 0.000108807653305, 7.43260534364e-05, 2.81633929262e-05, 7.90832928033e-06, 2.54638234765e-06, 6.24575761776e-07, 4.71148808856e-07, 3.29929491727e-07, 2.03962855494e-07, 1.63517341889e-07, 1.30341007321e-07, 8.70636966965e-08],
        "median": [0.00031215371564, 0.00150422519073, 0.00126419588923, 0.000525459938217, 0.000225426221732, 0.000125631064293, 6.23508822173e-05, 2.55570412264e-05, 1.86361685337e-05, 2.78008556052e-05, 3.78574623028e-05, 2.62467365246e-05, 1.78160189535e-05, 1.82366311492e-05, 2.16709377128e-05, 1.61162970471e-05, 1.44301138789e-05, 1.112667087e-05, 8.34917045722e-06, 1.39642415888e-05, 4.3225241825e-05, 2.30160512729e-05, 4.61877880298e-06, 5.15638612342e-06, 1.11128574645e-05, 1.55043362611e-05, 4.13252637372e-05, 9.78314055828e-05, 0.000100402277894, 6.41428341623e-05, 2.65336129814e-05, 6.78720152791e-06, 1.46869672335e-06, 1.66071458807e-07, 1.17993174342e-07, 6.19991382678e-08, 3.99113346816e-08, 3.24802584828e-08, 2.43407676237e-08, 1.35171491777e-08],
        "min": [5.31374299731e-24, 4.11936774933e-24, 1.14743486868e-23, 5.03921703571e-24, 6.20258768353e-24, 1.12740143044e-23, 4.38826992154e-24, 7.18782131161e-24, 1.16870681853e-23, 1.25589030583e-23, 6.01013244393e-24, 3.17641923514e-24, 4.95333848213e-24, 3.90483781502e-24, 5.05222377432e-24, 9.60420639394e-24, 1.31941443462e-23, 7.06683371458e-24, 1.67639789672e-23, 9.18860133692e-24, 8.54494211421e-24, 9.51905517011e-24, 6.48031957585e-24, 4.69121420282e-24, 6.2704908581e-24, 1.08510594304e-23, 8.17902977219e-24, 7.48409695723e-24, 8.98650858363e-24, 9.5442963525e-24, 5.61279582775e-24, 1.05083214551e-23, 1.0914031041e-23, 7.49010413302e-24, 7.49410208009e-24, 1.67480345106e-23, 8.96108911869e-24, 7.2156633684e-24, 1.43365924307e-23, 9.93090209379e-24],
