{
"metadata": {
    "version": {
        "essentia": "2.0.1",
        "extractor": "archive-music 1.0"
    },
    "audio_properties": {
        "analysis_sample_rate": 44100,
        "bitrate": 128,
        "channels": 2,
        "equal_loudness": 0,
        "length": 14.9159183502,
        "replay_gain": -10.0747947693,
        "downmix": "mix"
    },
    "tags": {
        "track": 1,
        "year": 0,
        "album": "Can't Wait For Disco - Single",
        "artist": "Fhernando",
        "comment": "",
        "genre": "Other",
        "title": "Can't Wait For Disco"
    }
},
"highlevel": {
    "culture": {
        "all": {
            "non_western": 0.83900475502,
            "western": 0.160995230079
        },
        "probability": 0.83900475502,
        "value": "non_western"
    },
    "danceability": {
        "all": {
            "danceable": 0.999996781349,
            "not_danceable": 3.18928232446e-06
        },
        "probability": 0.999996781349,
        "value": "danceable"
    },
    "gender": {
        "all": {
            "female": 0.930681824684,
            "male": 0.069318190217
        },
        "probability": 0.930681824684,
        "value": "female"
    },
    "genre_dortmund": {
        "all": {
            "alternative": 0.00463412469253,
            "blues": 0.00605396134779,
            "electronic": 0.476091206074,
            "folkcountry": 0.00779778044671,
            "funksoulrnb": 0.00595534034073,
            "jazz": 0.0897620841861,
            "pop": 0.0322561301291,
            "raphiphop": 0.351557791233,
            "rock": 0.0258915796876
        },
        "probability": 0.476091206074,
        "value": "electronic"
    },
    "genre_electronic": {
        "all": {
            "ambient": 0.138247206807,
            "dnb": 0.169796079397,
            "house": 0.42471909523,
            "techno": 0.22494225204,
            "trance": 0.0422953739762
        },
        "probability": 0.42471909523,
        "value": "house"
    },
    "genre_rosamerica": {
        "all": {
            "cla": 0.000354703370249,
            "dan": 0.181592896581,
            "hip": 0.783701181412,
            "jaz": 0.00647339317948,
            "pop": 0.000892579264473,
            "rhy": 0.0256736427546,
            "roc": 0.000716463662684,
            "spe": 0.000595150573645
        },
        "probability": 0.783701181412,
        "value": "hip"
    },
    "genre_tzanetakis": {
        "all": {
            "blu": 4.89057929371e-05,
            "cla": 2.72351007879e-05,
            "cou": 3.58069810318e-05,
            "dis": 0.000728585466277,
            "hip": 0.0151646621525,
            "jaz": 0.000714912486728,
            "met": 0.000295058620395,
            "pop": 0.000247214629781,
            "reg": 0.982721447945,
            "roc": 1.61631069204e-05
        },
        "probability": 0.982721447945,
        "value": "reg"
    },
    "mirex_ballroom": {
        "all": {
            "ChaChaCha": 0.0186427403241,
            "Jive": 0.0255812425166,
            "Quickstep": 0.0127592524514,
            "Rumba-American": 0.00136988959275,
            "Rumba-International": 0.00115492148325,
            "Rumba-Misc": 0.000721328891814,
            "Samba": 0.939222693443,
            "Tango": 0.000206662371056,
            "VienneseWaltz": 0.000163576798514,
            "Waltz": 0.000177696929313
        },
        "probability": 0.939222693443,
        "value": "Samba"
    },
    "mood_acoustic": {
        "all": {
            "acoustic": 0.00356451654807,
            "not_acoustic": 0.996435463428
        },
        "probability": 0.996435463428,
        "value": "not_acoustic"
    },
    "mood_aggressive": {
        "all": {
            "aggressive": 0.987409412861,
            "not_aggressive": 0.0125905824825
        },
        "probability": 0.987409412861,
        "value": "aggressive"
    },
    "mood_electronic": {
        "all": {
            "electronic": 0.823524713516,
            "not_electronic": 0.176475256681
        },
        "probability": 0.823524713516,
        "value": "electronic"
    },
    "mood_happy": {
        "all": {
            "happy": 0.31350556016,
            "not_happy": 0.686494410038
        },
        "probability": 0.686494410038,
        "value": "not_happy"
    },
    "mood_party": {
        "all": {
            "not_party": 0.166382744908,
            "party": 0.833617269993
        },
        "probability": 0.833617269993,
        "value": "party"
    },
    "mood_relaxed": {
        "all": {
            "not_relaxed": 0.753458321095,
            "relaxed": 0.246541678905
        },
        "probability": 0.753458321095,
        "value": "not_relaxed"
    },
    "mood_sad": {
        "all": {
            "not_sad": 0.9047935009,
            "sad": 0.0952065214515
        },
        "probability": 0.9047935009,
        "value": "not_sad"
    },
    "moods_mirex": {
        "all": {
            "Cluster1": 0.258606374264,
            "Cluster2": 0.154696390033,
            "Cluster3": 0.0525720976293,
            "Cluster4": 0.127526640892,
            "Cluster5": 0.406598508358
        },
        "probability": 0.406598508358,
        "value": "Cluster5"
    },
    "timbre": {
        "all": {
            "bright": 0.99280244112,
            "dark": 0.00719757238403
        },
        "probability": 0.99280244112,
        "value": "bright"
    },
    "tonal_atonal": {
        "all": {
            "atonal": 1,
            "tonal": 1.91062432542e-09
        },
        "probability": 1,
        "value": "atonal"
    },
    "voice_instrumental": {
        "all": {
            "instrumental": 0.346777051687,
            "voice": 0.65322291851
        },
        "probability": 0.65322291851,
        "value": "voice"
    }
},
"lowlevel": {
    "average_loudness": 0.987063884735,
    "barkbands_kurtosis": {
        "dmean": 41.5846824646,
        "dmean2": 65.4507980347,
        "dvar": 10136.8291016,
        "dvar2": 24139.6347656,
        "max": 1259.515625,
        "mean": 41.1359100342,
        "median": 16.2511882782,
        "min": -1.90418767929,
        "var": 10188.546875
    },
    "barkbands_skewness": {
        "dmean": 2.68558645248,
        "dmean2": 3.99547696114,
        "dvar": 7.90692186356,
        "dvar2": 18.312412262,
        "max": 32.0695571899,
        "mean": 4.84272527695,
        "median": 4.12620639801,
        "min": -2.15392494202,
        "var": 16.09532547
    },
    "barkbands_spread": {
        "dmean": 17.2291660309,
        "dmean2": 26.6551513672,
        "dvar": 313.435791016,
        "dvar2": 599.693908691,
        "max": 112.355354309,
        "mean": 27.0027198792,
        "median": 17.7956085205,
        "min": 0.264516890049,
        "var": 692.419128418
    },
    "dissonance": {
        "dmean": 0.00942981336266,
        "dmean2": 0.0163023192436,
        "dvar": 0.000126945160446,
        "dvar2": 0.000350085931132,
        "max": 0.499826699495,
        "mean": 0.487200260162,
        "median": 0.491678357124,
        "min": 0.431945323944,
        "var": 0.000158568247571
    },
    "dynamic_complexity": 4.22893285751,
    "erbbands_kurtosis": {
        "dmean": 1.23618924618,
        "dmean2": 1.9998190403,
        "dvar": 1.84635257721,
        "dvar2": 4.74108028412,
        "max": 9.25609779358,
        "mean": -0.229819372296,
        "median": -0.748281002045,
        "min": -1.90942168236,
        "var": 2.80050730705
    },
    "erbbands_skewness": {
        "dmean": 0.644700944424,
        "dmean2": 1.00639379025,
        "dvar": 0.259666413069,
        "dvar2": 0.688921570778,
        "max": 3.25949931145,
        "mean": -0.471349358559,
        "median": -0.492727249861,
        "min": -2.65842938423,
        "var": 0.704549133778
    },
    "erbbands_spread": {
        "dmean": 30.6153259277,
        "dmean2": 48.2179298401,
        "dvar": 688.088928223,
        "dvar2": 1612.11669922,
        "max": 209.088897705,
        "mean": 104.101844788,
        "median": 103.989624023,
        "min": 19.1612453461,
        "var": 1757.31176758
    },
    "hfc": {
        "dmean": 14.3815460205,
        "dmean2": 20.8190326691,
        "dvar": 395.50201416,
        "dvar2": 771.404663086,
        "max": 146.836425781,
        "mean": 20.7732696533,
        "median": 11.8780260086,
        "min": 1.13959203919e-16,
        "var": 651.574523926
    },
    "melbands_kurtosis": {
        "dmean": 158.347686768,
        "dmean2": 240.714508057,
        "dvar": 31393.515625,
        "dvar2": 78742.859375,
        "max": 1328.39086914,
        "mean": 220.754852295,
        "median": 142.558380127,
        "min": -1.26287126541,
        "var": 54918.3671875
    },
    "melbands_skewness": {
        "dmean": 4.55074930191,
        "dmean2": 6.86956787109,
        "dvar": 15.1334629059,
        "dvar2": 36.374004364,
        "max": 30.4527359009,
        "mean": 11.4720697403,
        "median": 11.0951538086,
        "min": -0.19188593328,
        "var": 37.9910697937
    },
    "melbands_spread": {
        "dmean": 10.2586765289,
        "dmean2": 16.6121768951,
        "dvar": 237.196105957,
        "dvar2": 543.965881348,
        "max": 163.464309692,
        "mean": 13.4695596695,
        "median": 5.4150929451,
        "min": 0.246911674738,
        "var": 439.119750977
    },
    "pitch_salience": {
        "dmean": 0.145137727261,
        "dmean2": 0.211338251829,
        "dvar": 0.0149212712422,
        "dvar2": 0.0290395673364,
        "max": 0.808166265488,
        "mean": 0.254902034998,
        "median": 0.207690939307,
        "min": 0.0254858005792,
        "var": 0.0345407314599
    },
    "silence_rate_20dB": {
        "dmean": 0,
        "dmean2": 0,
        "dvar": 0,
        "dvar2": 0,
        "max": 1,
        "mean": 1,
        "median": 1,
        "min": 1,
        "var": 0
    },
    "silence_rate_30dB": {
        "dmean": 0.111975118518,
        "dmean2": 0.224299058318,
        "dvar": 0.0994370281696,
        "dvar2": 0.217601791024,
        "max": 1,
        "mean": 0.82453417778,
        "median": 1,
        "min": 0,
        "var": 0.144676536322
    },
    "silence_rate_60dB": {
        "dmean": 0.037325039506,
        "dmean2": 0.0747663527727,
        "dvar": 0.0359317101538,
        "dvar2": 0.10655900836,
        "max": 1,
        "mean": 0.0636645928025,
        "median": 0,
        "min": 0,
        "var": 0.0596113614738
    },
    "spectral_centroid": {
        "dmean": 688.965393066,
        "dmean2": 1067.66113281,
        "dvar": 519617.28125,
        "dvar2": 1000378,
        "max": 11244.4453125,
        "mean": 1672.1072998,
        "median": 1492.63793945,
        "min": 153.427474976,
        "var": 1188062
    },
    "spectral_complexity": {
        "dmean": 5.12597179413,
        "dmean2": 7.60436153412,
        "dvar": 69.8707046509,
        "dvar2": 131.634765625,
        "max": 58,
        "mean": 7.18167686462,
        "median": 3,
        "min": 0,
        "var": 127.816505432
    },
    "spectral_crest": {
        "dmean": 4.14223718643,
        "dmean2": 6.27327823639,
        "dvar": 13.9918050766,
        "dvar2": 29.7737483978,
        "max": 26.4584407806,
        "mean": 18.9467391968,
        "median": 20.2635574341,
        "min": 3.28876113892,
        "var": 33.3116798401
    },
    "spectral_decrease": {
        "dmean": 8.83047146516e-09,
        "dmean2": 1.47912526671e-08,
        "dvar": 2.58431128636e-16,
        "dvar2": 7.30495507393e-16,
        "max": 9.46009308073e-21,
        "mean": -1.25197061607e-08,
        "median": -6.42367670167e-09,
        "min": -9.8018503536e-08,
        "var": 2.98178546732e-16
    },
    "spectral_energy": {
        "dmean": 0.0339395701885,
        "dmean2": 0.0565794296563,
        "dvar": 0.0037117053289,
        "dvar2": 0.0104351481423,
        "max": 0.37640953064,
        "mean": 0.0491364747286,
        "median": 0.0254609435797,
        "min": 1.03403279592e-20,
        "var": 0.0043896320276
    },
    "spectral_energyband_high": {
        "dmean": 0.00124051701277,
        "dmean2": 0.00183678884059,
        "dvar": 3.04528975903e-06,
        "dvar2": 6.64361505187e-06,
        "max": 0.0109703810886,
        "mean": 0.00163281499408,
        "median": 0.000937276519835,
        "min": 7.50288520061e-21,
        "var": 4.15778640672e-06
    },
    "spectral_energyband_low": {
        "dmean": 0.0329000093043,
        "dmean2": 0.0566141344607,
        "dvar": 0.00389207690023,
        "dvar2": 0.0112592251971,
        "max": 0.356299370527,
        "mean": 0.0440234318376,
        "median": 0.0221370309591,
        "min": 1.84335273425e-23,
        "var": 0.00405004853383
    },
    "spectral_energyband_middle_high": {
        "dmean": 0.00180468149483,
        "dmean2": 0.00297994934954,
        "dvar": 2.82642376987e-05,
        "dvar2": 5.81377316848e-05,
        "max": 0.0380172543228,
        "mean": 0.00180015061051,
        "median": 0.000279852014501,
        "min": 1.51593610389e-21,
        "var": 3.13133714371e-05
    },
    "spectral_energyband_middle_low": {
        "dmean": 0.0036577670835,
        "dmean2": 0.00640569068491,
        "dvar": 0.000118385898531,
        "dvar2": 0.00032865619869,
        "max": 0.0997210294008,
        "mean": 0.00256065907888,
        "median": 0.000321766012348,
        "min": 2.32695892659e-22,
        "var": 7.48818783904e-05
    },
    "spectral_flatness_db": {
        "dmean": 0.0648432299495,
        "dmean2": 0.0926635414362,
        "dvar": 0.00268946262076,
        "dvar2": 0.00636531272903,
        "max": 0.476080268621,
        "mean": 0.221579417586,
        "median": 0.217305034399,
        "min": 0.0505181625485,
        "var": 0.00732852425426
    },
    "spectral_flux": {
        "dmean": 0.0550193116069,
        "dmean2": 0.0852762982249,
        "dvar": 0.00512384530157,
        "dvar2": 0.0106518380344,
        "max": 0.55669516325,
        "mean": 0.110059417784,
        "median": 0.0717963278294,
        "min": 6.49178349965e-11,
        "var": 0.0112371388823
    },
    "spectral_kurtosis": {
        "dmean": 0.595702707767,
        "dmean2": 0.887998759747,
        "dvar": 0.387970328331,
        "dvar2": 0.841270387173,
        "max": 4.65218019485,
        "mean": 0.76327931881,
        "median": 0.466524839401,
        "min": -1.16880190372,
        "var": 1.12088894844
    },
    "spectral_rms": {
        "dmean": 0.00185712764505,
        "dmean2": 0.00290399021469,
        "dvar": 6.17092882749e-06,
        "dvar2": 1.65433430084e-05,
        "max": 0.0191632155329,
        "mean": 0.00584509829059,
        "median": 0.00498396530747,
        "min": 3.17618088948e-12,
        "var": 1.37728547998e-05
    },
    "spectral_rolloff": {
        "dmean": 1216.84521484,
        "dmean2": 2066.55297852,
        "dvar": 5752358,
        "dvar2": 12010294,
        "max": 19035.3515625,
        "mean": 1416.27514648,
        "median": 107.666015625,
        "min": 64.599609375,
        "var": 9264473
    },
    "spectral_skewness": {
        "dmean": 0.174619048834,
        "dmean2": 0.25781583786,
        "dvar": 0.0253442823887,
        "dvar2": 0.0524288900197,
        "max": 1.64660406113,
        "mean": 0.864498376846,
        "median": 0.873281359673,
        "min": -0.0363094583154,
        "var": 0.0837846770883
    },
    "spectral_spread": {
        "dmean": 1266148.875,
        "dmean2": 1958071.375,
        "dvar": 4.7819873321e+12,
        "dvar2": 8.59683946496e+12,
        "max": 48978232,
        "mean": 8923102,
        "median": 9010712,
        "min": 3361246.75,
        "var": 9.48013472154e+12
    },
    "spectral_strongpeak": {
        "dmean": 0.211268395185,
        "dmean2": 0.344979941845,
        "dvar": 0.0906284302473,
        "dvar2": 0.278349339962,
        "max": 2.92629909515,
        "mean": 0.47222328186,
        "median": 0.430491894484,
        "min": 0,
        "var": 0.114370681345
    },
    "zerocrossingrate": {
        "dmean": 0.0253207627684,
        "dmean2": 0.0318812653422,
        "dvar": 0.00081876583863,
        "dvar2": 0.00129433348775,
        "max": 0.50732421875,
        "mean": 0.0658027231693,
        "median": 0.0498046875,
        "min": 0.0048828125,
        "var": 0.00359686417505
    },
    "barkbands": {
        "dmean": [0.000356372533133, 0.0247490815818, 0.0106995040551, 0.00227814586833, 0.000986561295576, 0.000211272330489, 8.00815250841e-05, 4.84067531943e-05, 0.000174129701918, 7.61801420595e-05, 0.000119996620924, 8.41303772177e-05, 0.000182329764357, 0.000280512293102, 0.000384440732887, 0.000279452709947, 0.000153972039698, 0.000182917399798, 0.000268509640591, 0.000149417493958, 0.00023117204546, 0.000263540103333, 0.000196793975192, 0.000187496625585, 0.000237196261878, 0.000141574535519, 6.34675643596e-06],
        "dmean2": [0.000518872984685, 0.0415951646864, 0.0193424653262, 0.00418636342511, 0.00173326896038, 0.000352687435225, 0.000137525727041, 8.29349155538e-05, 0.000299913197523, 0.000132424640469, 0.000205508273211, 0.000137526978506, 0.000299175735563, 0.000490251986776, 0.000649553898256, 0.000458076741779, 0.000251295976341, 0.000306986010401, 0.000446940510301, 0.000240070512518, 0.00036533025559, 0.000398296164349, 0.000295531121083, 0.000302615546389, 0.000367203698261, 0.000215168591239, 1.08357362478e-05],
        "dvar": [3.8975323946e-07, 0.00212270556949, 0.000913679599762, 6.36508630123e-05, 9.06927471078e-06, 1.72881996718e-07, 3.08987360143e-08, 1.43165834743e-08, 4.28325250823e-07, 3.70286272755e-08, 1.6961143956e-07, 6.34346974948e-08, 4.31391129041e-07, 1.06110758225e-06, 1.92565153156e-06, 6.87939063937e-07, 1.55425894377e-07, 2.50922937539e-07, 4.56417268424e-07, 1.30191921244e-07, 1.83063448844e-07, 1.71999872123e-07, 8.0057645846e-08, 5.68393510036e-08, 1.69784982518e-07, 4.80026436378e-08, 9.84812925653e-11],
        "dvar2": [8.21762910164e-07, 0.00611980352551, 0.00261160032824, 0.000181452414836, 2.4867897082e-05, 4.16259609892e-07, 8.31338695662e-08, 3.81949547545e-08, 1.13495912046e-06, 8.04401238952e-08, 4.20729861617e-07, 1.53413139969e-07, 1.07000164462e-06, 2.75331285593e-06, 4.79660957353e-06, 1.65107587691e-06, 3.53798867536e-07, 6.10053518812e-07, 9.69044094745e-07, 3.30910864932e-07, 4.09327981288e-07, 3.75364379579e-07, 1.78253287686e-07, 1.39478785854e-07, 3.74855829932e-07, 1.07906487301e-07, 2.4318597136e-10],
        "max": [0.00497857341543, 0.264585584402, 0.216316521168, 0.0720806866884, 0.0307550970465, 0.00357500021346, 0.00170173565857, 0.00147726899013, 0.00818556267768, 0.00135283486452, 0.00295377080329, 0.00284546986222, 0.00467766867951, 0.00853321515024, 0.0123669151217, 0.00606963876635, 0.00393224135041, 0.00368727184832, 0.00447628926486, 0.00306030036882, 0.00310010462999, 0.00294951791875, 0.00207021995448, 0.0019482714124, 0.00298105250113, 0.00190529529937, 9.09338632482e-05],
        "mean": [0.000460295297671, 0.0336572192609, 0.00904060341418, 0.0014409055002, 0.000682693324052, 0.000182408752153, 6.25554821454e-05, 3.57511235052e-05, 0.000133216453833, 6.62094025756e-05, 9.36237629503e-05, 7.53852364141e-05, 0.000140193791594, 0.000221192327444, 0.000310704053845, 0.000274543213891, 0.000152937835082, 0.000151456784806, 0.000265951792244, 0.000129609601572, 0.000241283007199, 0.0003321034892, 0.000245011615334, 0.000272773148026, 0.00029859051574, 0.000163135831826, 6.13861084275e-06],
        "median": [2.53683720075e-05, 0.0169066246599, 0.00234279874712, 7.7040749602e-05, 7.01356693753e-05, 4.1777635488e-05, 1.3879242033e-05, 4.01759552915e-06, 6.92416597303e-06, 5.7211418607e-06, 7.84818894317e-06, 8.99573569768e-06, 1.26430632008e-05, 1.80033985089e-05, 2.79881278402e-05, 3.07252412313e-05, 2.49443728535e-05, 1.6727259208e-05, 4.59291768493e-05, 2.52762547461e-05, 5.33489728696e-05, 0.000131633336423, 0.000135718670208, 0.000219764086069, 0.000183268013643, 7.28972372599e-05, 1.83546046628e-06],
        "min": [2.54389833399e-24, 5.52200740389e-24, 3.27104586173e-24, 1.83120017423e-24, 1.98856814295e-23, 2.92916076349e-23, 1.63922045998e-23, 2.87356374015e-23, 3.68527100382e-23, 6.3639264625e-23, 4.02958512312e-23, 7.58487677777e-23, 8.41888577032e-23, 7.98700525064e-23, 9.77514150805e-23, 1.14664466671e-22, 1.60709899055e-22, 1.46413038393e-22, 2.75682273915e-22, 2.74453190759e-22, 3.43486673632e-22, 4.50385353738e-22, 4.66714345336e-22, 7.63883574721e-22, 1.02368457662e-21, 1.63223848561e-21, 2.15972960334e-21],
        "var": [7.78743185492e-07, 0.00237101921812, 0.000574597623199, 3.68209621229e-05, 5.8278128563e-06, 1.48152508928e-07, 2.17721805029e-08, 1.01378638817e-08, 3.11324782842e-07, 3.62759209338e-08, 1.35559773184e-07, 5.70142795198e-08, 3.46110851979e-07, 8.16900524114e-07, 1.55300756433e-06, 7.01751730503e-07, 1.73118095859e-07, 2.24539007831e-07, 5.15356134656e-07, 1.13969527149e-07, 2.18179664557e-07, 2.42541801754e-07, 1.04687742919e-07, 6.90493990874e-08, 1.87469453294e-07, 5.39242286379e-08, 1.02712088834e-10]
    },
    "erbbands": {
        "dmean": [0.628943562508, 6.03857660294, 13.2945756912, 8.9641160965, 5.87940168381, 2.32798457146, 1.62583243847, 1.78756141663, 1.13096797466, 1.28168654442, 1.10446214676, 3.9937722683, 3.22458291054, 2.65827155113, 5.49396085739, 3.35372018814, 7.27075242996, 10.9659080505, 18.2641181946, 20.9940357208, 9.45428562164, 8.78947639465, 9.55554294586, 11.6220626831, 11.1838827133, 6.95621109009, 7.48084783554, 10.4119434357, 8.64269161224, 8.93123531342, 5.67702007294, 3.86835050583, 3.20084118843, 2.55771827698, 1.91038012505, 0.900890290737, 0.188888072968, 0.0269946213812, 0.000676185474731, 5.53030185984e-05],
        "dmean2": [1.05740737915, 10.2168083191, 23.5274162292, 16.2676410675, 10.7094936371, 3.94129681587, 2.74491357803, 2.9579179287, 1.93409311771, 2.21729683876, 1.83850991726, 6.97060251236, 5.50650644302, 4.42298030853, 9.27334308624, 5.57113456726, 11.6745662689, 18.5434188843, 31.8784160614, 35.7960510254, 15.3944768906, 14.2926893234, 15.9104347229, 19.0310192108, 18.816160202, 11.2494344711, 11.5882062912, 16.5093460083, 13.6539363861, 13.294216156, 8.79016876221, 6.28861188889, 5.07017374039, 3.94832158089, 2.94471383095, 1.40228486061, 0.28312265873, 0.0405848026276, 0.00104706001002, 8.88033609954e-05],
        "dvar": [1.51557266712, 129.394561768, 1104.93847656, 703.484008789, 495.663482666, 26.5923099518, 9.95905590057, 16.0001468658, 5.92821311951, 8.27352142334, 6.6619477272, 233.584197998, 66.8665466309, 51.3939857483, 372.44342041, 115.42515564, 657.462646484, 1408.16748047, 4658.98046875, 4731.76416016, 676.691894531, 518.552246094, 711.288024902, 827.873168945, 835.772277832, 278.385864258, 221.454605103, 345.514312744, 195.867446899, 203.502944946, 72.2070388794, 21.2716960907, 18.4970760345, 15.8145656586, 11.7763795853, 2.42702174187, 0.0725107714534, 0.00131549558137, 8.69953169058e-07, 6.15627770983e-09],
        "dvar2": [4.3320684433, 377.64251709, 3237.12060547, 1967.21081543, 1412.03771973, 67.7001571655, 23.0888023376, 41.5278511047, 15.7432594299, 22.1198482513, 17.2955513, 630.822692871, 159.298339844, 118.717376709, 922.402038574, 292.925445557, 1575.77905273, 3134.42431641, 12045.8525391, 10207.2421875, 1478.56640625, 1180.17858887, 1733.68005371, 1606.17443848, 1944.13061523, 718.702270508, 492.26348877, 779.806762695, 417.597747803, 472.168212891, 164.075897217, 51.5374908447, 45.1939086914, 35.7214584351, 26.1900463104, 5.60409355164, 0.14943908155, 0.00275356369093, 1.87853470379e-06, 1.52381538499e-08],
        "max": [8.27077770233, 67.3917007446, 221.67729187, 177.778671265, 227.704269409, 45.5836524963, 21.6713848114, 41.7272834778, 21.5671253204, 25.7267742157, 29.295463562, 191.60508728, 81.2830123901, 50.9459037781, 141.87437439, 128.43270874, 191.081237793, 283.616088867, 552.410949707, 582.787475586, 206.41746521, 218.186553955, 199.593963623, 218.44329834, 242.23979187, 136.761795044, 103.772521973, 126.455581665, 98.6613006592, 102.578865051, 61.1755981445, 33.1479530334, 33.8604049683, 33.4096488953, 22.8041801453, 13.0071029663, 2.35828018188, 0.251350611448, 0.0065693333745, 0.000498511421029],
        "mean": [0.762626230717, 8.10825920105, 13.3206157684, 6.62809419632, 3.804240942, 1.72997510433, 1.3447265625, 1.48067355156, 0.855110228062, 1.01853919029, 0.879434049129, 3.01339221001, 2.7244811058, 2.27056026459, 4.38439178467, 2.88804984093, 5.86947202682, 10.005361557, 14.5006599426, 20.2061958313, 10.0399589539, 8.73163604736, 8.03762340546, 12.1227960587, 10.4742565155, 6.03860807419, 8.09613227844, 10.6806402206, 11.1505146027, 10.1332025528, 6.94608068466, 5.657787323, 4.56630182266, 3.41796278954, 2.2035381794, 0.947271049023, 0.238893717527, 0.0353719107807, 0.000867335416842, 8.6346619355e-05],
        "median": [0.274620711803, 4.33224248886, 5.54793071747, 1.40969657898, 0.364160239697, 0.213948071003, 0.267353415489, 0.31177842617, 0.150784045458, 0.190424799919, 0.101838082075, 0.164762482047, 0.208032235503, 0.24764674902, 0.379368782043, 0.370791733265, 0.560904979706, 0.93253827095, 1.27541327477, 2.08351278305, 1.35075306892, 1.39939105511, 0.992502987385, 2.02155351639, 1.82817173004, 1.16534090042, 1.98023509979, 2.37691068649, 4.56007766724, 3.96400332451, 3.94557595253, 4.60762691498, 3.65471220016, 2.36171483994, 1.14331150055, 0.405037045479, 0.113620653749, 0.0170234404504, 0.000395957147703, 4.91086393595e-05],
        "min": [1.94757792057e-22, 1.99057056222e-21, 2.28687186791e-21, 6.47767601461e-21, 1.48261995069e-20, 6.12613709819e-20, 1.92634893801e-19, 1.50882732663e-19, 2.46510679286e-19, 5.31045558862e-19, 1.0320552591e-18, 1.00777657755e-18, 1.43950426632e-18, 2.3865744723e-18, 2.09146414029e-18, 3.4198376219e-18, 4.07189045029e-18, 4.45130909828e-18, 4.75051521509e-18, 7.24177270264e-18, 7.88667910413e-18, 9.94305010694e-18, 8.94869629259e-18, 1.2276499318e-17, 1.23052959567e-17, 1.37396287932e-17, 1.37564428935e-17, 1.45104585537e-17, 1.48867082728e-17, 1.64327733577e-17, 1.51873966972e-17, 1.54556728766e-17, 1.2171923009e-17, 1.02485849826e-17, 6.86526821195e-18, 5.33991448876e-18, 3.32554482233e-18, 1.10111212235e-18, 2.78998223694e-19, 3.25363609883e-20],
        "var": [1.69040334225, 135.425964355, 756.10748291, 432.96005249, 287.870025635, 20.3491249084, 8.87842750549, 12.0928316116, 4.29280519485, 5.83854818344, 5.17560052872, 161.787902832, 59.2825164795, 47.4127197266, 301.113372803, 93.6171722412, 561.687683105, 1378.7923584, 3541.78027344, 4893.34667969, 788.507507324, 575.159118652, 640.703125, 1049.20666504, 814.686889648, 235.552947998, 273.141174316, 398.606628418, 292.26864624, 249.490951538, 86.571685791, 28.1591072083, 21.9092941284, 18.5247306824, 12.6226844788, 2.45266127586, 0.0983403399587, 0.00199356442317, 1.22359142551e-06, 9.21352594219e-09]
    },
    "gfcc": {
        "mean": [-53.9520759583, 15.8674850464, -52.6201248169, 77.2089691162, -29.0295085907, 50.5662574768, -31.2013301849, 20.8111381531, -17.5159091949, 13.1117753983, -18.7499313354, 6.60919237137, -12.5899715424],
        "cov": [[19081.8515625, 771.506347656, -1222.07250977, 471.271331787, -386.194122314, -92.4355621338, -487.067321777, 65.0677642822, -238.393859863, 56.9766540527, -502.044036865, -49.5675621033, -177.033599854], [771.506347656, 817.195739746, -303.728820801, -195.623901367, -128.352844238, -281.906890869, -97.9940185547, -37.8257675171, -5.87481689453, -123.784919739, -40.3294830322, -82.5190963745, -2.93448138237], [-1222.07250977, -303.728820801, 1008.52770996, 275.202606201, 80.7674102783, 49.703578949, -16.448682785, 29.2760314941, 6.81153011322, 78.2362365723, 54.6838264465, 53.6986351013, -21.3511066437], [471.271331787, -195.623901367, 275.202606201, 376.593475342, 277.280090332, 120.898475647, -5.23360347748, 23.490486145, 60.7719230652, 66.1728439331, 12.9718418121, -1.4471116066, -18.6709384918], [-386.194122314, -128.352844238, 80.7674102783, 277.280090332, 525.685974121, 181.773529053, 87.3903427124, 27.2023086548, 128.210006714, 19.8435707092, 21.913640976, -20.8364562988, -3.37034153938], [-92.4355621338, -281.906890869, 49.703578949, 120.898475647, 181.773529053, 313.107299805, 108.679191589, 31.2106056213, 21.725112915, 39.3362731934, 38.7066268921, 37.5811309814, 6.58530044556], [-487.067321777, -97.9940185547, -16.448682785, -5.23360347748, 87.3903427124, 108.679191589, 164.10194397, 43.6484870911, 26.7406024933, 5.87655496597, 24.7722377777, 0.891539275646, 9.09410190582], [65.0677642822, -37.8257675171, 29.2760314941, 23.490486145, 27.2023086548, 31.2106056213, 43.6484870911, 119.234329224, 67.629776001, 8.43932628632, -1.40307486057, -14.3658781052, 3.18995594978], [-238.393859863, -5.87481689453, 6.81153011322, 60.7719230652, 128.210006714, 21.725112915, 26.7406024933, 67.629776001, 139.563232422, 41.2696495056, 32.0133361816, -9.63393115997, 15.7753448486], [56.9766540527, -123.784919739, 78.2362365723, 66.1728439331, 19.8435707092, 39.3362731934, 5.87655496597, 8.43932628632, 41.2696495056, 91.5557022095, 47.5965766907, 40.5014038086, 15.0652189255], [-502.044036865, -40.3294830322, 54.6838264465, 12.9718418121, 21.913640976, 38.7066268921, 24.7722377777, -1.40307486057, 32.0133361816, 47.5965766907, 98.928062439, 48.3443336487, 27.6229400635], [-49.5675621033, -82.5190963745, 53.6986351013, -1.4471116066, -20.8364562988, 37.5811309814, 0.891539275646, -14.3658781052, -9.63393115997, 40.5014038086, 48.3443336487, 76.4032516479, 26.7125968933], [-177.033599854, -2.93448138237, -21.3511066437, -18.6709384918, -3.37034153938, 6.58530044556, 9.09410190582, 3.18995594978, 15.7753448486, 15.0652189255, 27.6229400635, 26.7125968933, 46.7764129639]],
        "icov": [[0.000139195093652, -0.000318969076034, 0.000282467488432, -0.00056451081764, 0.000207896984648, -0.000184010044904, 0.000169818158611, -0.000447397876997, 0.000374652969185, -0.000681576028001, 0.000912551011425, -0.000715016678441, 0.000411381508457], [-0.000318969076034, 0.00333572924137, -0.000188210615306, 0.00135620776564, -0.000401249271818, 0.00211102352478, 0.000239652232267, 0.00155698438175, -0.00195495807566, 0.00472740037367, -0.00374540663324, 0.00274754525162, -0.00124188140035], [0.000282467488432, -0.000188210615306, 0.00212006713264, -0.0025681508705, 0.000750197214074, 0.00036640142207, 0.000246403127676, -0.00146671407856, 0.00103999848943, -0.000687256047968, 0.000819101522211, -0.00248663383536, 0.00186139135621], [-0.00056451081764, 0.00135620776564, -0.0025681508705, 0.0107735777274, -0.00563959078863, -0.000362346327165, 0.00292019965127, -0.000481045251945, 0.00188776641153, -0.00402304856107, -0.00315994443372, 0.00630404148251, -0.000888554088306], [0.000207896984648, -0.000401249271818, 0.000750197214074, -0.00563959078863, 0.00705318991095, -0.00193522823974, -0.00258374819532, 0.00382553436793, -0.006885769777, 0.00486276345327, 0.00185762764886, -0.00220688898116, 0.00079448329052], [-0.000184010044904, 0.00211102352478, 0.00036640142207, -0.000362346327165, -0.00193522823974, 0.00753725180402, -0.00289208022878, -0.000902580679394, 0.00142821739428, 0.0017825262621, -0.00262214057148, -0.00170166126918, 0.000346358254319], [0.000169818158611, 0.000239652232267, 0.000246403127676, 0.00292019965127, -0.00258374819532, -0.00289208022878, 0.0113072227687, -0.0049065630883, 0.00354491570033, -0.00236615119502, -0.00213888473809, 0.00321949482895, -0.000715832051355], [-0.000447397876997, 0.00155698438175, -0.00146671407856, -0.000481045251945, 0.00382553436793, -0.000902580679394, -0.0049065630883, 0.0182899218053, -0.0137762064114, 0.00750724039972, 0.000610990216956, 0.00182581995614, -0.00152304838412], [0.000374652969185, -0.00195495807566, 0.00103999848943, 0.00188776641153, -0.006885769777, 0.00142821739428, 0.00354491570033, -0.0137762064114, 0.0249261539429, -0.015301133506, -0.00269830645993, 0.00639588804916, -0.00346079282463], [-0.000681576028001, 0.00472740037367, -0.000687256047968, -0.00402304856107, 0.00486276345327, 0.0017825262621, -0.00236615119502, 0.00750724039972, -0.015301133506, 0.0337888002396, -0.00965298339725, -0.00663921097293, -0.000385170103982], [0.000912551011425, -0.00374540663324, 0.000819101522211, -0.00315994443372, 0.00185762764886, -0.00262214057148, -0.00213888473809, 0.000610990216956, -0.00269830645993, -0.00965298339725, 0.0269678607583, -0.0142422588542, -0.000564627931453], [-0.000715016678441, 0.00274754525162, -0.00248663383536, 0.00630404148251, -0.00220688898116, -0.00170166126918, 0.00321949482895, 0.00182581995614, 0.00639588804916, -0.00663921097293, -0.0142422588542, 0.0362858064473, -0.0141523312777], [0.000411381508457, -0.00124188140035, 0.00186139135621, -0.000888554088306, 0.00079448329052, 0.000346358254319, -0.000715832051355, -0.00152304838412, -0.00346079282463, -0.000385170103982, -0.000564627931453, -0.0141523312777, 0.0333104170859]]
    },
    "melbands": {
        "dmean": [0.00630968855694, 0.00718057341874, 0.00152245478239, 0.000280762178591, 6.00333587499e-05, 3.91846806451e-05, 1.73731095856e-05, 1.35332757054e-05, 8.96637629921e-06, 2.76606770058e-05, 1.59766350407e-05, 9.70158089331e-06, 1.89625880012e-05, 9.27563542064e-06, 8.2938140622e-06, 2.27260461543e-05, 2.22377475438e-05, 2.87504699372e-05, 3.21930092468e-05, 2.71003191301e-05, 8.84258406586e-06, 9.91386878013e-06, 7.13458985047e-06, 9.448005585e-06, 9.77518084255e-06, 1.08726890176e-05, 5.80650612392e-06, 4.57255964648e-06, 4.31810121881e-06, 5.99356280873e-06, 5.85019279242e-06, 5.00314035889e-06, 5.42383850188e-06, 4.52949325336e-06, 3.42286944033e-06, 2.96537223221e-06, 2.19147477765e-06, 2.45061937676e-06, 2.01444231607e-06, 2.29120837503e-06],
        "dmean2": [0.0106082549319, 0.012560358271, 0.00274915271439, 0.000499708054122, 0.000100741781353, 6.47190245218e-05, 2.98301365547e-05, 2.33450009546e-05, 1.52139709826e-05, 4.82891955471e-05, 2.73088935501e-05, 1.61502830451e-05, 3.23719177686e-05, 1.52009133672e-05, 1.39919848152e-05, 3.75958661607e-05, 3.7872527173e-05, 5.10035861225e-05, 5.32538324478e-05, 4.47685524705e-05, 1.41604305099e-05, 1.6178804799e-05, 1.16910368888e-05, 1.61598964041e-05, 1.57687809406e-05, 1.8297427232e-05, 9.48577235249e-06, 7.6970200098e-06, 6.6585953391e-06, 9.46149248193e-06, 9.3525104603e-06, 8.11633071862e-06, 8.20789409772e-06, 6.98615895089e-06, 5.40002838534e-06, 4.70171744382e-06, 3.6330934563e-06, 3.96950599679e-06, 3.14713815897e-06, 3.56003306479e-06],
        "dvar": [0.000140168587677, 0.000242048350628, 1.9997551135e-05, 8.78376226865e-07, 1.22974324057e-08, 7.04932867635e-09, 1.38148770201e-09, 9.72767977281e-10, 4.61019666886e-10, 1.21770042938e-08, 1.61648716634e-09, 6.40117681083e-10, 4.59389504215e-09, 5.82886350298e-10, 9.09848585362e-10, 7.27042070992e-09, 5.87979398503e-09, 1.19750129812e-08, 1.35425128889e-08, 6.72874156393e-09, 5.39242261954e-10, 6.37548625004e-10, 4.1514047755e-10, 7.12419234716e-10, 5.85121173735e-10, 7.71599117932e-10, 2.26399649028e-10, 1.33720035045e-10, 7.46433956311e-11, 1.47398745987e-10, 1.03489744552e-10, 6.86641785097e-11, 7.27520335642e-11, 5.57455921701e-11, 2.82056825812e-11, 1.68998565142e-11, 5.96325289495e-12, 1.05682329207e-11, 9.87260967422e-12, 1.16191500865e-11],
        "dvar2": [0.000400295684813, 0.000718051218428, 5.56258091819e-05, 2.45721889769e-06, 2.80784835383e-08, 1.80114358983e-08, 3.67407237967e-09, 2.59943244707e-09, 1.17902543284e-09, 3.28238165537e-08, 3.83542220206e-09, 1.47339418444e-09, 1.1392353727e-08, 1.25850307953e-09, 2.34787655984e-09, 1.82964647877e-08, 1.41518707863e-08, 3.1685328139e-08, 3.31709593127e-08, 1.58313433474e-08, 1.21524867946e-09, 1.49021250895e-09, 9.73537250815e-10, 1.76964698451e-09, 1.14175702226e-09, 1.77502268439e-09, 5.72863256831e-10, 3.58995499994e-10, 1.63577734691e-10, 3.36509459187e-10, 2.41792613709e-10, 1.48725143312e-10, 1.628981533e-10, 1.31176430829e-10, 6.33861504951e-11, 4.15687796684e-11, 1.47167035502e-11, 2.66549265299e-11, 2.29478276659e-11, 2.6090728536e-11],
        "max": [0.0758568942547, 0.10063624382, 0.0294332038611, 0.00975052174181, 0.000793725252151, 0.000856166705489, 0.00030247590621, 0.000303663196974, 0.000239225541009, 0.0013897101162, 0.000397278112359, 0.000173255495611, 0.000477590801893, 0.000213795094169, 0.000398137868615, 0.00062212778721, 0.000598769052885, 0.000852963188663, 0.00106773071457, 0.000602693646215, 0.000198095469386, 0.00021724117687, 0.000188310426893, 0.000224819523282, 0.000168728438439, 0.000188124220585, 0.000134130896186, 9.15696000447e-05, 5.98484002694e-05, 0.000112424786494, 7.10319072823e-05, 5.98741644353e-05, 5.57230596314e-05, 6.30621361779e-05, 3.94830058212e-05, 2.96750422422e-05, 1.88405883819e-05, 2.70668024314e-05, 2.63461715804e-05, 2.73246769211e-05],
        "mean": [0.00833004899323, 0.00869524292648, 0.0011393877212, 0.000187442550668, 4.95692329423e-05, 3.30071125063e-05, 1.32163540911e-05, 1.06465113276e-05, 7.31808268029e-06, 2.07869325095e-05, 1.34726869874e-05, 8.31078978081e-06, 1.4995894162e-05, 8.83465963852e-06, 6.82212430547e-06, 1.74109445652e-05, 1.89387283172e-05, 2.22565176955e-05, 2.64474983851e-05, 2.5416522476e-05, 8.97408972378e-06, 9.56498934102e-06, 6.58157932776e-06, 7.622571502e-06, 1.01641808214e-05, 1.03504753497e-05, 4.86767521579e-06, 3.77767037207e-06, 4.65522452942e-06, 6.12861094851e-06, 5.89670071349e-06, 6.24683025308e-06, 6.73843896948e-06, 4.95481435792e-06, 4.01494708058e-06, 3.85583552998e-06, 3.13204395752e-06, 3.32956938109e-06, 2.65622475126e-06, 3.00889132632e-06],
        "median": [0.00378328491934, 0.00456650275737, 0.000266332237516, 1.80683600775e-05, 8.85921872396e-06, 7.53259155317e-06, 2.52833751802e-06, 1.84312398233e-06, 7.8916525581e-07, 1.03133447737e-06, 1.00762349575e-06, 8.38850382934e-07, 1.17230581509e-06, 1.04659284261e-06, 7.78122114298e-07, 1.52052439262e-06, 1.6809896124e-06, 1.82662051884e-06, 2.10904727282e-06, 2.5251522402e-06, 1.37181382343e-06, 1.50793687226e-06, 9.82812480288e-07, 8.47844830787e-07, 1.68923622823e-06, 1.78509765192e-06, 8.30723138279e-07, 7.42733789139e-07, 1.13263479307e-06, 1.27661792249e-06, 1.35861716899e-06, 2.41895304498e-06, 2.81230722976e-06, 1.89563070307e-06, 1.9903059183e-06, 2.64746677203e-06, 2.5741983336e-06, 2.58195268543e-06, 1.83868655768e-06, 2.01277634915e-06],
        "min": [1.34704448504e-24, 1.82056672366e-24, 1.24347690895e-24, 2.38849884933e-24, 6.87545369239e-24, 4.01428674359e-24, 3.71469867103e-24, 6.44819755422e-24, 7.5035250236e-24, 6.27097245769e-24, 7.64344922667e-24, 9.52831560828e-24, 6.05579605186e-24, 6.73032458507e-24, 1.09289271014e-23, 7.69953723703e-24, 6.34824729981e-24, 7.43101371806e-24, 8.52160445319e-24, 9.20071587384e-24, 8.99258596805e-24, 1.09601036733e-23, 8.92520935813e-24, 5.52579551395e-24, 1.04293556897e-23, 9.91804208331e-24, 7.05352010908e-24, 1.02156027833e-23, 8.04779092769e-24, 8.47154176243e-24, 8.38909002061e-24, 7.62298696365e-24, 9.86344738664e-24, 8.31053446281e-24, 8.63133579397e-24, 8.03090457115e-24, 9.74677643648e-24, 8.63651072151e-24, 8.3492525449e-24, 8.42259846529e-24],
        "var": [0.000160765339388, 0.000197409492102, 1.24626012621e-05, 5.37252560662e-07, 1.12488560688e-08, 5.51279200067e-09, 9.96383975327e-10, 6.85178858095e-10, 3.6440908624e-10, 8.45612113665e-09, 1.43874967495e-09, 5.95832938544e-10, 3.67483909969e-09, 6.3565680497e-10, 6.89499568551e-10, 5.67828450926e-09, 5.21707876899e-09, 8.68725713588e-09, 1.13177573979e-08, 6.68432553752e-09, 6.05641259366e-10, 6.8983269097e-10, 4.06760874982e-10, 6.05004157883e-10, 7.46975481469e-10, 7.96821886251e-10, 1.90283497292e-10, 1.01336168623e-10, 9.51729320353e-11, 1.63738980707e-10, 1.14906556492e-10, 9.78118211425e-11, 9.96834559341e-11, 6.3249593063e-11, 3.30391200509e-11, 1.92621318201e-11, 8.06805924153e-12, 1.17400481697e-11, 1.12939657626e-11, 1.40253685402e-11]
    },
    "mfcc": {
