{
"metadata": {
    "version": {
        "essentia": "2.0.1",
        "extractor": "archive-music 1.0"
    },
    "audio_properties": {
        "analysis_sample_rate": 44100,
        "bitrate": 128,
        "channels": 2,
        "equal_loudness": 0,
        "length": 15.5951023102,
        "replay_gain": -11.1378803253,
        "downmix": "mix"
    },
    "tags": {
        "track": 1,
        "year": 0,
        "album": "It´s only Music, man",
        "artist": "Hare",
        "comment": "",
        "genre": "Other",
        "title": "Far from here"
    }
},
"highlevel": {
    "culture": {
        "all": {
            "non_western": 0.0756243467331,
            "western": 0.924375653267
        },
        "probability": 0.924375653267,
        "value": "western"
    },
    "danceability": {
        "all": {
            "danceable": 0.998314082623,
            "not_danceable": 0.00168589060195
        },
        "probability": 0.998314082623,
        "value": "danceable"
    },
    "gender": {
        "all": {
            "female": 0.990151286125,
            "male": 0.00984868966043
        },
        "probability": 0.990151286125,
        "value": "female"
    },
    "genre_dortmund": {
        "all": {
            "alternative": 0.018031116575,
            "blues": 0.00406172685325,
            "electronic": 0.661198019981,
            "folkcountry": 0.00807299092412,
            "funksoulrnb": 0.0101344240829,
            "jazz": 0.219965949655,
            "pop": 0.024876113981,
            "raphiphop": 0.0471601076424,
            "rock": 0.00649958243594
        },
        "probability": 0.661198019981,
        "value": "electronic"
    },
    "genre_electronic": {
        "all": {
            "ambient": 0.686214745045,
            "dnb": 0.0677535831928,
            "house": 0.0832374915481,
            "techno": 0.120190419257,
            "trance": 0.0426037423313
        },
        "probability": 0.686214745045,
        "value": "ambient"
    },
    "genre_rosamerica": {
        "all": {
            "cla": 0.0291184838861,
            "dan": 0.234378144145,
            "hip": 0.256543517113,
            "jaz": 0.109380014241,
            "pop": 0.0353731289506,
            "rhy": 0.251198321581,
            "roc": 0.0407709740102,
            "spe": 0.0432374179363
        },
        "probability": 0.256543517113,
        "value": "hip"
    },
    "genre_tzanetakis": {
        "all": {
            "blu": 0.0164960063994,
            "cla": 0.0144396284595,
            "cou": 0.0036394270137,
            "dis": 0.00514843082055,
            "hip": 0.189459457994,
            "jaz": 0.0215024352074,
            "met": 0.00196004123427,
            "pop": 0.0958542153239,
            "reg": 0.642535984516,
            "roc": 0.00896439142525
        },
        "probability": 0.642535984516,
        "value": "reg"
    },
    "mirex_ballroom": {
        "all": {
            "ChaChaCha": 0.0283613614738,
            "Jive": 0.0117039931938,
            "Quickstep": 0.0478512868285,
            "Rumba-American": 0.0281101260334,
            "Rumba-International": 0.282845586538,
            "Rumba-Misc": 0.0404035821557,
            "Samba": 0.0799835324287,
            "Tango": 0.0356477946043,
            "VienneseWaltz": 0.135961443186,
            "Waltz": 0.309131294489
        },
        "probability": 0.309131294489,
        "value": "Waltz"
    },
    "mood_acoustic": {
        "all": {
            "acoustic": 0.107814177871,
            "not_acoustic": 0.892185807228
        },
        "probability": 0.892185807228,
        "value": "not_acoustic"
    },
    "mood_aggressive": {
        "all": {
            "aggressive": 0.019405182451,
            "not_aggressive": 0.980594813824
        },
        "probability": 0.980594813824,
        "value": "not_aggressive"
    },
    "mood_electronic": {
        "all": {
            "electronic": 0.963383078575,
            "not_electronic": 0.036616910249
        },
        "probability": 0.963383078575,
        "value": "electronic"
    },
    "mood_happy": {
        "all": {
            "happy": 0.322949379683,
            "not_happy": 0.67705065012
        },
        "probability": 0.67705065012,
        "value": "not_happy"
    },
    "mood_party": {
        "all": {
            "not_party": 0.604165256023,
            "party": 0.395834743977
        },
        "probability": 0.604165256023,
        "value": "not_party"
    },
    "mood_relaxed": {
        "all": {
            "not_relaxed": 0.115783244371,
            "relaxed": 0.884216785431
        },
        "probability": 0.884216785431,
        "value": "relaxed"
    },
    "mood_sad": {
        "all": {
            "not_sad": 0.490317881107,
            "sad": 0.509682118893
        },
        "probability": 0.509682118893,
        "value": "sad"
    },
    "moods_mirex": {
        "all": {
            "Cluster1": 0.336506664753,
            "Cluster2": 0.270568519831,
            "Cluster3": 0.126506432891,
            "Cluster4": 0.102266803384,
            "Cluster5": 0.164151594043
        },
        "probability": 0.336506664753,
        "value": "Cluster1"
    },
    "timbre": {
        "all": {
            "bright": 0.0456775166094,
            "dark": 0.954322457314
        },
        "probability": 0.954322457314,
        "value": "dark"
    },
    "tonal_atonal": {
        "all": {
            "atonal": 0.99147772789,
            "tonal": 0.00852225068957
        },
        "probability": 0.99147772789,
        "value": "atonal"
    },
    "voice_instrumental": {
        "all": {
            "instrumental": 0.988770663738,
            "voice": 0.0112293586135
        },
        "probability": 0.988770663738,
        "value": "instrumental"
    }
},
"lowlevel": {
    "average_loudness": 0.986415863037,
    "barkbands_kurtosis": {
        "dmean": 13.6166849136,
        "dmean2": 21.3799762726,
        "dvar": 179.663726807,
        "dvar2": 466.115325928,
        "max": 119.840484619,
        "mean": 22.3008842468,
        "median": 18.8195896149,
        "min": -1.95588719845,
        "var": 364.711883545
    },
    "barkbands_skewness": {
        "dmean": 1.33392000198,
        "dmean2": 2.03188538551,
        "dvar": 1.20228648186,
        "dvar2": 2.95153069496,
        "max": 9.95421218872,
        "mean": 3.88690567017,
        "median": 3.96331572533,
        "min": -2.22066998482,
        "var": 3.37382507324
    },
    "barkbands_spread": {
        "dmean": 2.10503387451,
        "dmean2": 3.39601206779,
        "dvar": 20.0894260406,
        "dvar2": 54.2031707764,
        "max": 91.4799728394,
        "mean": 4.19230508804,
        "median": 2.97651672363,
        "min": 0.674608767033,
        "var": 24.2546024323
    },
    "dissonance": {
        "dmean": 0.0475668162107,
        "dmean2": 0.0816461965442,
        "dvar": 0.00214092130773,
        "dvar2": 0.0061063580215,
        "max": 0.499187082052,
        "mean": 0.426235020161,
        "median": 0.44098213315,
        "min": 0.138304948807,
        "var": 0.00320802582428
    },
    "dynamic_complexity": 2.30041646957,
    "erbbands_kurtosis": {
        "dmean": 1.90514016151,
        "dmean2": 3.12134003639,
        "dvar": 16.8604698181,
        "dvar2": 37.7236404419,
        "max": 84.4048309326,
        "mean": 1.04414451122,
        "median": -0.288103342056,
        "min": -1.77512323856,
        "var": 31.4917583466
    },
    "erbbands_skewness": {
        "dmean": 0.626596331596,
        "dmean2": 0.977309763432,
        "dvar": 0.338081300259,
        "dvar2": 0.771330833435,
        "max": 1.78320264816,
        "mean": -0.334612190723,
        "median": -0.188865050673,
        "min": -6.26547193527,
        "var": 1.22899389267
    },
    "erbbands_spread": {
        "dmean": 6.66047668457,
        "dmean2": 10.8299283981,
        "dvar": 36.6614189148,
        "dvar2": 80.2806472778,
        "max": 68.4921264648,
        "mean": 25.7135906219,
        "median": 25.5191383362,
        "min": 1.02006137371,
        "var": 124.6900177
    },
    "hfc": {
        "dmean": 4.17436599731,
        "dmean2": 6.54806184769,
        "dvar": 27.249130249,
        "dvar2": 61.7813262939,
        "max": 47.7948760986,
        "mean": 11.0039215088,
        "median": 9.20625972748,
        "min": 1.24750416902e-16,
        "var": 53.9024772644
    },
    "melbands_kurtosis": {
        "dmean": 21.4776229858,
        "dmean2": 33.8149833679,
        "dvar": 431.312042236,
        "dvar2": 1069.18066406,
        "max": 191.437835693,
        "mean": 40.72057724,
        "median": 36.8205413818,
        "min": -1.69155311584,
        "var": 965.688903809
    },
    "melbands_skewness": {
        "dmean": 1.45929169655,
        "dmean2": 2.27255868912,
        "dvar": 1.68852746487,
        "dvar2": 3.84383773804,
        "max": 11.8272533417,
        "mean": 5.08909368515,
        "median": 5.26403188705,
        "min": -0.0569515042007,
        "var": 4.28731870651
    },
    "melbands_spread": {
        "dmean": 2.46968126297,
        "dmean2": 3.94184207916,
        "dvar": 58.0436935425,
        "dvar2": 126.39591217,
        "max": 168.054244995,
        "mean": 4.50703668594,
        "median": 2.51130390167,
        "min": 0.659051895142,
        "var": 121.929084778
    },
    "pitch_salience": {
        "dmean": 0.132068797946,
        "dmean2": 0.206474363804,
        "dvar": 0.019252371043,
        "dvar2": 0.0436903871596,
        "max": 0.913644790649,
        "mean": 0.324336320162,
        "median": 0.265270322561,
        "min": 0.0978914275765,
        "var": 0.0317882113159
    },
    "silence_rate_20dB": {
        "dmean": 0,
        "dmean2": 0,
        "dvar": 0,
        "dvar2": 0,
        "max": 1,
        "mean": 1,
        "median": 1,
        "min": 1,
        "var": 0
    },
    "silence_rate_30dB": {
        "dmean": 0.178571432829,
        "dmean2": 0.357675105333,
        "dvar": 0.14668430388,
        "dvar2": 0.313200443983,
        "max": 1,
        "mean": 0.771173834801,
        "median": 1,
        "min": 0,
        "var": 0.17646433413
    },
    "silence_rate_60dB": {
        "dmean": 0.00297619053163,
        "dmean2": 0.00596125191078,
        "dvar": 0.00296735437587,
        "dvar2": 0.00592570379376,
        "max": 1,
        "mean": 0.0430906377733,
        "median": 0,
        "min": 0,
        "var": 0.0412338450551
    },
    "spectral_centroid": {
        "dmean": 124.971282959,
        "dmean2": 172.332687378,
        "dvar": 178414.828125,
        "dvar2": 112933.507812,
        "max": 11169.5292969,
        "mean": 440.541595459,
        "median": 360.940765381,
        "min": 156.780471802,
        "var": 394214.84375
    },
    "spectral_complexity": {
        "dmean": 2.35119056702,
        "dmean2": 3.96125197411,
        "dvar": 4.63557386398,
        "dvar2": 12.9671888351,
        "max": 21,
        "mean": 9.60326862335,
        "median": 10,
        "min": 0,
        "var": 11.2824068069
    },
    "spectral_crest": {
        "dmean": 3.8064250946,
        "dmean2": 6.1958937645,
        "dvar": 17.1095027924,
        "dvar2": 37.5187149048,
        "max": 25.8877162933,
        "mean": 18.6134757996,
        "median": 19.8139801025,
        "min": 3.73441100121,
        "var": 32.7714042664
    },
    "spectral_decrease": {
        "dmean": 6.32361452091e-09,
        "dmean2": 9.82572334607e-09,
        "dvar": 2.76808927868e-17,
        "dvar2": 7.29264993514e-17,
        "max": 1.2315726429e-23,
        "mean": -2.20272617923e-08,
        "median": -2.31139196671e-08,
        "min": -4.70019472232e-08,
        "var": 9.22744259326e-17
    },
    "spectral_energy": {
        "dmean": 0.0240680258721,
        "dmean2": 0.0374032072723,
        "dvar": 0.000400982535211,
        "dvar2": 0.00105182593688,
        "max": 0.178705230355,
        "mean": 0.0841339379549,
        "median": 0.0882639363408,
        "min": 1.10791270698e-20,
        "var": 0.00134257797617
    },
    "spectral_energyband_high": {
        "dmean": 1.92997822523e-06,
        "dmean2": 2.64743880507e-06,
        "dvar": 5.13864428439e-12,
        "dvar2": 1.10094754494e-11,
        "max": 2.20867423195e-05,
        "mean": 4.79446134705e-06,
        "median": 3.2823784295e-06,
        "min": 8.15064516842e-21,
        "var": 1.76372007277e-11
    },
    "spectral_energyband_low": {
        "dmean": 0.0257771108299,
        "dmean2": 0.0427840687335,
        "dvar": 0.000470539060188,
        "dvar2": 0.00128494214732,
        "max": 0.175208956003,
        "mean": 0.0721606835723,
        "median": 0.0775381922722,
        "min": 2.60109149903e-23,
        "var": 0.00113509839866
    },
    "spectral_energyband_middle_high": {
        "dmean": 0.00153437652625,
        "dmean2": 0.00252210977487,
        "dvar": 7.29643625164e-06,
        "dvar2": 1.73020052898e-05,
        "max": 0.0351025424898,
        "mean": 0.00242480076849,
        "median": 0.00117627717555,
        "min": 1.57322159248e-21,
        "var": 1.41978662214e-05
    },
    "spectral_energyband_middle_low": {
        "dmean": 0.00908315647393,
        "dmean2": 0.0141321616247,
        "dvar": 0.000272091885563,
        "dvar2": 0.000679403427057,
        "max": 0.104499362409,
        "mean": 0.0118276877329,
        "median": 0.00586021784693,
        "min": 2.04483222706e-22,
        "var": 0.000287680712063
    },
    "spectral_flatness_db": {
        "dmean": 0.0321152769029,
        "dmean2": 0.0483185350895,
        "dvar": 0.00074440985918,
        "dvar2": 0.00175268074963,
        "max": 0.457814991474,
        "mean": 0.34036552906,
        "median": 0.344809114933,
        "min": 0.0322440676391,
        "var": 0.00247538043186
    },
    "spectral_flux": {
        "dmean": 0.0499655641615,
        "dmean2": 0.0781565979123,
        "dvar": 0.00254698493518,
        "dvar2": 0.00665250094607,
        "max": 0.355812877417,
        "mean": 0.143189415336,
        "median": 0.14447401464,
        "min": 1.05257434713e-10,
        "var": 0.00538048055023
    },
    "spectral_kurtosis": {
        "dmean": 9.58741855621,
        "dmean2": 16.3012256622,
        "dvar": 79.2030410767,
        "dvar2": 217.385131836,
        "max": 75.3266525269,
        "mean": 24.6903266907,
        "median": 21.3754653931,
        "min": -1.26627016068,
        "var": 147.45262146
    },
    "spectral_rms": {
        "dmean": 0.00132757867686,
        "dmean2": 0.00206320150755,
        "dvar": 1.23945812902e-06,
        "dvar2": 3.2537595871e-06,
        "max": 0.0132040362805,
        "mean": 0.00868972949684,
        "median": 0.00927960965782,
        "min": 3.28768978188e-12,
        "var": 6.57042528474e-06
    },
    "spectral_rolloff": {
        "dmean": 153.327758789,
        "dmean2": 271.041809082,
        "dvar": 936994.3125,
        "dvar2": 1749704.875,
        "max": 19078.4179688,
        "mean": 315.798583984,
        "median": 107.666015625,
        "min": 64.599609375,
        "var": 2502449.5
    },
    "spectral_skewness": {
        "dmean": 0.653612792492,
        "dmean2": 1.08235812187,
        "dvar": 0.307689249516,
        "dvar2": 0.903401970863,
        "max": 7.00455522537,
        "mean": 3.6278386116,
        "median": 3.44709873199,
        "min": -0.0318771675229,
        "var": 0.695393919945
    },
    "spectral_spread": {
        "dmean": 435404.9375,
        "dmean2": 605707.125,
        "dvar": 3.03378517197e+12,
        "dvar2": 3.00192078234e+12,
        "max": 41752588,
        "mean": 2016643.25,
        "median": 1863624.375,
        "min": 817733.25,
        "var": 5.1429376e+12
    },
    "spectral_strongpeak": {
        "dmean": 0.317358762026,
        "dmean2": 0.57472640276,
        "dvar": 0.518286764622,
        "dvar2": 1.51647353172,
        "max": 7.41337871552,
        "mean": 0.598860383034,
        "median": 0.592695176601,
        "min": 0,
        "var": 0.342923909426
    },
    "zerocrossingrate": {
        "dmean": 0.00407119002193,
        "dmean2": 0.00602237787098,
        "dvar": 0.00055920338491,
        "dvar2": 0.00103531114291,
        "max": 0.5166015625,
        "mean": 0.0124145327136,
        "median": 0.0078125,
        "min": 0.00244140625,
        "var": 0.00169870525133
    },
    "barkbands": {
        "dmean": [0.00319661316462, 0.0244911368936, 0.0106241153553, 0.00348753528669, 0.00293195364065, 0.00209721084684, 0.000555720471311, 0.000709182000719, 0.000336516270181, 0.00089172256412, 0.000540495966561, 0.000296800455544, 0.000273666519206, 9.80191034614e-05, 4.84634365421e-05, 2.27270629694e-05, 1.05835306385e-05, 3.27530074173e-06, 1.64446328199e-06, 9.27917767513e-07, 6.97233474511e-07, 4.12498820879e-07, 2.56608728932e-07, 2.00162631359e-07, 1.39825928613e-07, 9.52023739842e-08, 1.62268829484e-08],
        "dmean2": [0.00501295365393, 0.0390138812363, 0.0161695051938, 0.00583799788728, 0.00482603209093, 0.00346375792287, 0.000932487950195, 0.00116802216507, 0.000592838216107, 0.00143703713547, 0.000915917742532, 0.000489251862746, 0.000456996553112, 0.000161853487953, 8.65035763127e-05, 3.98561278416e-05, 1.92810603039e-05, 5.70788824916e-06, 2.82824953501e-06, 1.42756027799e-06, 1.07720859432e-06, 6.14176315139e-07, 3.73693239908e-07, 2.85347510953e-07, 2.06566909355e-07, 1.33302194172e-07, 2.55783110248e-08],
        "dvar": [2.15142754314e-05, 0.000441954907728, 0.000161992880749, 2.817234963e-05, 2.48850083153e-05, 2.4498493076e-05, 1.32554225729e-06, 7.0286398568e-07, 4.99932014009e-07, 9.00691611605e-06, 3.84766826755e-06, 8.75150249158e-07, 1.28517240228e-06, 1.15198872663e-07, 1.98345286861e-08, 6.09872041757e-10, 1.87403398355e-10, 2.17219194021e-11, 3.82736507418e-12, 1.2590581789e-12, 8.61445084103e-13, 2.61232767189e-13, 9.09785010457e-14, 5.93217085155e-14, 3.38660475802e-14, 1.44315135742e-14, 3.7637461672e-16],
        "dvar2": [4.63140422653e-05, 0.000874937977642, 0.00040007289499, 7.2566603194e-05, 5.45120165043e-05, 6.27616318525e-05, 2.75885668088e-06, 1.81099301244e-06, 1.30060345782e-06, 2.4303826649e-05, 9.62538706517e-06, 2.108009312e-06, 3.13091800308e-06, 2.95223173907e-07, 5.88396567025e-08, 1.6975969519e-09, 5.05317343524e-10, 5.96364138628e-11, 1.0003917833e-11, 3.18138787883e-12, 2.12012135278e-12, 6.16995495493e-13, 1.93480499092e-13, 1.28168349957e-13, 8.14385586962e-14, 3.07908029856e-14, 8.90457785361e-16],
        "max": [0.0322853066027, 0.147983193398, 0.0670178979635, 0.0331182852387, 0.0334699526429, 0.0293912254274, 0.00716603873298, 0.00699414452538, 0.0103767840192, 0.0545791760087, 0.0293439254165, 0.0154516585171, 0.0173207297921, 0.00627255253494, 0.00203845649958, 0.000186106655747, 9.20613456401e-05, 3.52784372808e-05, 1.89213915291e-05, 1.32939039759e-05, 7.84618805483e-06, 5.39146458323e-06, 2.4328321615e-06, 2.59997796093e-06, 1.92607740246e-06, 1.59760588758e-06, 1.91880516809e-07],
        "mean": [0.00408532842994, 0.0555980466306, 0.0107341334224, 0.00341801485047, 0.00357680930756, 0.00171495368704, 0.00055472238455, 0.000970322056673, 0.000393595953938, 0.00138144660741, 0.000702728924807, 0.000371608213754, 0.000379715813324, 0.000123532969155, 6.89540029271e-05, 3.37112469424e-05, 1.2853143744e-05, 4.82145151182e-06, 3.05221919916e-06, 1.89777870219e-06, 1.41751513638e-06, 8.96223184554e-07, 5.67546408092e-07, 4.3122102511e-07, 2.89547898547e-07, 2.18148599629e-07, 2.75245284342e-08],
        "median": [0.00215209205635, 0.0607097372413, 0.00212294189259, 0.0011924674036, 0.00171488709748, 0.000368838693248, 0.00016751899966, 0.000633684336208, 0.000151358763105, 0.000182869174751, 0.000124700789456, 7.34187487978e-05, 4.5826585847e-05, 2.62607645709e-05, 1.62254928e-05, 2.65944108833e-05, 8.8166743808e-06, 3.3035364595e-06, 2.28497106036e-06, 1.35039533689e-06, 9.29763359636e-07, 5.90945433032e-07, 3.70080670109e-07, 2.91080340276e-07, 1.8399495616e-07, 1.43683266174e-07, 1.88619591057e-08],
        "min": [4.34836894252e-24, 1.12231966738e-23, 4.03662886215e-24, 1.72284713123e-23, 1.52697849049e-23, 2.42192572579e-23, 1.91239131632e-23, 2.87633832173e-23, 6.49984908974e-23, 1.06034240015e-22, 1.43813217907e-22, 3.06956064968e-23, 5.48891626663e-23, 5.48270509141e-23, 8.19091317287e-23, 5.59938897889e-23, 1.27212870779e-22, 1.7196024201e-22, 2.11249667654e-22, 3.25356226649e-22, 4.8869915408e-22, 4.89449947713e-22, 6.32229480155e-22, 7.61596206262e-22, 1.35828236557e-21, 1.47635240157e-21, 2.56403290892e-21],
        "var": [3.42337225447e-05, 0.00110207556281, 0.000215845662751, 2.93733937724e-05, 2.85608712147e-05, 1.95231114049e-05, 1.34278502628e-06, 1.05250626348e-06, 6.92082096521e-07, 2.02898681891e-05, 5.70113115828e-06, 1.4331442344e-06, 2.61982131633e-06, 1.67886099689e-07, 4.2268442968e-08, 7.46521233719e-10, 1.74771946915e-10, 2.44293613116e-11, 7.289001e-12, 2.94490755566e-12, 1.85477544781e-12, 6.92594798787e-13, 2.70263059978e-13, 1.69610148409e-13, 8.24070764969e-14, 4.32430614483e-14, 7.60895096354e-16]
    },
    "erbbands": {
        "dmean": [0.999386310577, 5.28370904922, 11.1726369858, 12.1122980118, 9.67703914642, 9.62668609619, 19.0759906769, 14.3685016632, 9.3464679718, 6.50541973114, 17.9239196777, 7.14786863327, 34.6339454651, 12.5021286011, 15.102555275, 14.6111812592, 14.8908615112, 6.74658060074, 3.4376449585, 1.19307982922, 1.01426362991, 0.530279576778, 0.20568561554, 0.11192330718, 0.0651971250772, 0.0422982908785, 0.0349144078791, 0.0224976502359, 0.0158419702202, 0.0104653732851, 0.00740177230909, 0.00499066198245, 0.00310715404339, 0.00178287923336, 0.00101363169961, 0.000446746707894, 0.000194339343579, 4.80264716316e-05, 1.07509013105e-05, 2.60217311734e-05],
        "dmean2": [1.40399169922, 8.86216163635, 18.3388175964, 20.3784694672, 16.2616996765, 15.6283884048, 30.9116954803, 24.1041564941, 15.9666032791, 10.4288072586, 30.1607208252, 12.5524778366, 55.7345161438, 21.2957668304, 25.9197330475, 23.9391098022, 24.7548751831, 11.2046279907, 6.07480144501, 2.08648085594, 1.80566036701, 0.97191798687, 0.362624317408, 0.190927788615, 0.106403447688, 0.0657989606261, 0.053981654346, 0.0338112153113, 0.0241488758475, 0.0156010398641, 0.0107814818621, 0.00727219786495, 0.00457103131339, 0.00264968932606, 0.00157507008407, 0.000675600429531, 0.000272595090792, 7.02187026036e-05, 1.65085511981e-05, 4.04430247727e-05],
        "dvar": [0.744000792503, 22.6971359253, 166.495040894, 289.132080078, 158.744216919, 405.860290527, 1867.26281738, 1102.92883301, 379.869628906, 79.6156692505, 586.479187012, 185.584777832, 14293.5830078, 856.489013672, 2858.18188477, 2253.18969727, 3443.70117188, 383.233154297, 79.5455856323, 2.17023777962, 1.3757610321, 0.475769102573, 0.0825417786837, 0.0177252665162, 0.00530933169648, 0.00259053451009, 0.00230774399824, 0.000717991497368, 0.000420356227551, 0.000159692557645, 7.93420767877e-05, 3.71025234926e-05, 1.46746569953e-05, 5.01844988321e-06, 1.8735785261e-06, 4.41865211087e-07, 4.90020326538e-08, 3.30298743911e-09, 7.81777420578e-11, 4.68499239403e-10],
        "dvar2": [1.6056958437, 48.5749053955, 368.036407471, 683.114440918, 355.362060547, 955.385925293, 4664.79785156, 2860.89257812, 775.728088379, 170.678421021, 1583.75244141, 493.641021729, 38282.1992188, 2198.11425781, 6940.86425781, 5468.60498047, 8264.63085938, 962.491516113, 234.661514282, 5.87234210968, 3.71654319763, 1.29275977612, 0.230086892843, 0.0472228452563, 0.013756304048, 0.00643406901509, 0.00597534235567, 0.00170176266693, 0.00104212597944, 0.000361238315236, 0.000178096932359, 8.27406111057e-05, 3.33620555466e-05, 1.17145555123e-05, 4.66338497063e-06, 1.06762161067e-06, 1.06436374381e-07, 7.07692526802e-09, 2.02125288729e-10, 1.22237076017e-09],
        "max": [5.92713451385, 33.2268180847, 73.4912796021, 106.678520203, 93.2867050171, 147.226745605, 239.679840088, 200.977325439, 119.573974609, 54.8415718079, 177.967575073, 165.761260986, 2064.67797852, 361.684173584, 852.046813965, 797.054382324, 966.600158691, 315.245513916, 115.038444519, 22.8560295105, 8.75245189667, 5.16976308823, 1.97345721722, 1.08745443821, 0.810233652592, 0.530558347702, 0.408205479383, 0.267133831978, 0.230673447251, 0.121878415346, 0.0730859935284, 0.068853802979, 0.0352121293545, 0.0205955952406, 0.0166540723294, 0.00804880447686, 0.00253883493133, 0.000597944599576, 9.39297678997e-05, 0.000193078289158],
        "mean": [1.98568308353, 10.8779478073, 14.3341674805, 12.2348098755, 11.3758382797, 10.8449316025, 16.5013923645, 11.6544036865, 9.29937458038, 8.47488117218, 22.8290233612, 9.84271430969, 55.5489196777, 17.4774265289, 20.3930053711, 19.0140018463, 20.7538814545, 9.17587280273, 4.96139907837, 2.07887649536, 1.4660128355, 0.661474645138, 0.297653853893, 0.194490969181, 0.125539496541, 0.0894254073501, 0.0688620582223, 0.0472614318132, 0.0336793288589, 0.0223887003958, 0.0158230811357, 0.01043949835, 0.00644615665078, 0.00363512104377, 0.00190512638073, 0.000859221385326, 0.000447742117103, 0.000104320504761, 4.01257930207e-05, 9.14512420422e-05],
        "median": [2.02390742302, 11.5566291809, 6.94113969803, 4.15506839752, 6.40473937988, 3.73162603378, 3.55907440186, 2.81397199631, 2.65268754959, 5.06326770782, 13.641951561, 4.2491645813, 7.2893280983, 5.51359319687, 4.67724323273, 3.92596030235, 2.78219747543, 1.8492641449, 1.17634356022, 1.42169868946, 1.12642383575, 0.472734391689, 0.206863299012, 0.142438396811, 0.0912334546447, 0.0652260109782, 0.0447953492403, 0.0326754823327, 0.021932432428, 0.0141915874556, 0.00995555892587, 0.00728431297466, 0.00421826215461, 0.00236128456891, 0.00119928875938, 0.000551150005776, 0.000315907498589, 6.99784068274e-05, 4.21199911216e-05, 9.57097654464e-05],
        "min": [4.14230230243e-22, 2.18350882451e-21, 5.20111418621e-21, 3.0307009071e-20, 4.29360795461e-20, 4.69194679522e-20, 1.67396682734e-19, 2.25060464286e-19, 3.02143848757e-19, 2.85371055777e-19, 8.17229526386e-19, 1.49168292276e-18, 1.7513963352e-18, 6.98910293991e-18, 3.02446782977e-18, 1.70313737749e-18, 2.69582090739e-18, 2.68535521148e-18, 3.47451756911e-18, 6.56339733279e-18, 4.53918669861e-18, 7.23960466225e-18, 1.0445598725e-17, 9.94015001171e-18, 1.21386769659e-17, 1.8031210556e-17, 2.0857347565e-17, 1.84479606922e-17, 2.17131701334e-17, 1.24488978197e-17, 1.62158452421e-17, 1.54034579276e-17, 1.40923750023e-17, 1.15857671106e-17, 1.12046072474e-17, 4.61437162603e-18, 2.71528115848e-18, 1.60755076405e-18, 3.39869850435e-19, 3.4515968984e-20],
        "var": [2.06342387199, 45.6411476135, 238.22454834, 339.614440918, 195.073059082, 407.16897583, 1593.74291992, 863.689758301, 385.814849854, 96.1209869385, 730.301452637, 283.507049561, 32993.3359375, 1384.21618652, 4212.02539062, 3549.37524414, 6855.50390625, 626.647033691, 159.536849976, 5.65196371078, 1.62663829327, 0.44151493907, 0.0893304124475, 0.0302254986018, 0.012214558199, 0.00627172086388, 0.00443223770708, 0.00191365624778, 0.000999448937364, 0.000427323771873, 0.000219509645831, 0.000100281860796, 3.81507015845e-05, 1.28213023345e-05, 3.84066242987e-06, 8.36865467591e-07, 1.61046642688e-07, 9.63458202108e-09, 2.91689117304e-10, 1.57963142566e-09]
    },
    "gfcc": {
        "mean": [-109.265869141, 189.659591675, -73.4026947021, 7.66481924057, -18.1424236298, 19.2740955353, -8.11553096771, 3.5415019989, -2.91546916962, -3.55512428284, -8.40485954285, -5.77567720413, -1.21324932575],
        "cov": [[13718.8095703, 1684.7467041, -643.033508301, -39.0162658691, -244.073852539, 215.13343811, -0.336213618517, -76.9746246338, -268.965759277, -77.3808135986, 40.1559562683, 33.8141670227, -119.209564209], [1684.7467041, 660.47088623, -68.6380462646, -130.994659424, -11.0741519928, -65.4121780396, 14.7828655243, -9.02075004578, 51.8843765259, -53.8871078491, 20.0514144897, -6.80945253372, 52.7565612793], [-643.033508301, -68.6380462646, 204.324615479, 35.3692207336, -34.2339477539, -49.3501663208, 47.6981506348, 39.1008148193, 19.6190509796, -19.383972168, -1.90444397926, 14.7104845047, 37.4840278625], [-39.0162658691, -130.994659424, 35.3692207336, 125.117340088, 20.2242679596, 7.3866147995, -50.8958320618, -24.980922699, -13.9218492508, 37.6394119263, -3.35201478004, -12.7617692947, -25.8473949432], [-244.073852539, -11.0741519928, -34.2339477539, 20.2242679596, 181.631118774, 72.555557251, -22.4341392517, -65.277885437, 55.5470848083, 88.2714004517, 69.1806564331, -9.3054857254, -0.621819972992], [215.13343811, -65.4121780396, -49.3501663208, 7.3866147995, 72.555557251, 131.04524231, 57.7147140503, -12.2762594223, -16.3268718719, 34.3311767578, 37.7411422729, 12.7933044434, -18.6658248901], [-0.336213618517, 14.7828655243, 47.6981506348, -50.8958320618, -22.4341392517, 57.7147140503, 195.53024292, 115.953727722, 22.7793655396, -58.4743537903, 8.11871623993, 44.7703704834, 56.051815033], [-76.9746246338, -9.02075004578, 39.1008148193, -24.980922699, -65.277885437, -12.2762594223, 115.953727722, 152.822418213, 57.2420539856, -52.6942672729, -48.0433540344, 15.987704277, 63.8539733887], [-268.965759277, 51.8843765259, 19.6190509796, -13.9218492508, 55.5470848083, -16.3268718719, 22.7793655396, 57.2420539856, 144.900299072, 50.3082847595, 2.43822169304, -23.3020687103, 56.389415741], [-77.3808135986, -53.8871078491, -19.383972168, 37.6394119263, 88.2714004517, 34.3311767578, -58.4743537903, -52.6942672729, 50.3082847595, 125.607398987, 57.7275161743, -22.7903671265, -28.5200481415], [40.1559562683, 20.0514144897, -1.90444397926, -3.35201478004, 69.1806564331, 37.7411422729, 8.11871623993, -48.0433540344, 2.43822169304, 57.7275161743, 110.441467285, 43.1992340088, -2.42048764229], [33.8141670227, -6.80945253372, 14.7104845047, -12.7617692947, -9.3054857254, 12.7933044434, 44.7703704834, 15.987704277, -23.3020687103, -22.7903671265, 43.1992340088, 84.4758453369, 43.9189529419], [-119.209564209, 52.7565612793, 37.4840278625, -25.8473949432, -0.621819972992, -18.6658248901, 56.051815033, 63.8539733887, 56.389415741, -28.5200481415, -2.42048764229, 43.9189529419, 103.912887573]],
        "icov": [[0.000239004395553, -0.000925919099245, 0.00045275472803, -0.000899017613847, 0.000790591991972, -0.000944794388488, 0.000119258285849, -0.000368478475139, 0.000505809381139, -0.000605682726018, 0.000121992328786, -0.000244981143624, 2.01148941414e-05], [-0.000925919099245, 0.00631509209052, -0.000216143933358, 0.00452284095809, -0.00193105067592, 0.00489449501038, -0.00138965772931, 0.00391205213964, -0.00389802479185, 0.00513618951663, -0.00344474939629, 0.00375067861751, -0.00199258932844], [0.00045275472803, -0.000216143933358, 0.0109512573108, -0.00656353961676, 0.00272555160336, 0.00697990227491, -0.00929307006299, 0.00505103589967, 0.000648631423246, -0.00249344785698, -0.00092519458849, 0.00200853752904, -0.00368162500672], [-0.000899017613847, 0.00452284095809, -0.00656353961676, 0.0178728904575, -0.00556372664869, 0.000108584164991, 0.00682854698971, -0.00410544406623, 0.00185282761231, -0.00080122059444, 0.00146773993038, 7.449984696e-05, 0.0010886824457], [0.000790591991972, -0.00193105067592, 0.00272555160336, -0.00556372664869, 0.0226389840245, -0.0141945937648, 0.00158546993043, 0.0104538332671, -0.0114177204669, 0.00266480655409, -0.00794688891619, 0.00442736269906, -0.00530209392309], [-0.000944794388488, 0.00489449501038, 0.00697990227491, 0.000108584164991, -0.0141945937648, 0.0358228087425, -0.0238671079278, 0.00726891215891, 0.00998038426042, -0.0134883755818, 0.00865880399942, -0.00171992101241, 0.000508373603225], [0.000119258285849, -0.00138965772931, -0.00929307006299, 0.00682854698971, 0.00158546993043, -0.0238671079278, 0.0353295728564, -0.0233992468566, -0.00283047719859, 0.0170454289764, -0.0152426157147, 0.00274617155083, 0.00163549405988], [-0.000368478475139, 0.00391205213964, 0.00505103589967, -0.00410544406623, 0.0104538332671, 0.00726891215891, -0.0233992468566, 0.0401025488973, -0.0185178667307, 0.00021478808776, 0.0120005896315, -0.00575866457075, -0.00308352056891], [0.000505809381139, -0.00389802479185, 0.000648631423246, 0.00185282761231, -0.0114177204669, 0.00998038426042, -0.00283047719859, -0.0185178667307, 0.038910266012, -0.023420792073, 0.00234157941304, 0.0132511304691, -0.0156726576388], [-0.000605682726018, 0.00513618951663, -0.00249344785698, -0.00080122059444, 0.00266480655409, -0.0134883755818, 0.0170454289764, 0.00021478808776, -0.023420792073, 0.042842246592, -0.0240898709744, 0.00855138339102, 0.00595689192414], [0.000121992328786, -0.00344474939629, -0.00092519458849, 0.00146773993038, -0.00794688891619, 0.00865880399942, -0.0152426157147, 0.0120005896315, 0.00234157941304, -0.0240898709744, 0.042187359184, -0.0291351489723, 0.0103575298563], [-0.000244981143624, 0.00375067861751, 0.00200853752904, 7.449984696e-05, 0.00442736269906, -0.00171992101241, 0.00274617155083, -0.00575866457075, 0.0132511304691, 0.00855138339102, -0.0291351489723, 0.0469010211527, -0.026461655274], [2.01148941414e-05, -0.00199258932844, -0.00368162500672, 0.0010886824457, -0.00530209392309, 0.000508373603225, 0.00163549405988, -0.00308352056891, -0.0156726576388, 0.00595689192414, 0.0103575298563, -0.026461655274, 0.0348943993449]]
    },
    "melbands": {
        "dmean": [0.00739487772807, 0.00565643981099, 0.00190339412075, 0.000646754167974, 0.000611275318079, 0.000339561869623, 0.000128178886371, 8.4560335381e-05, 0.000136959992233, 4.87965371576e-05, 0.000171046354808, 4.44620818598e-05, 7.24681303836e-05, 3.12760384986e-05, 2.68022267846e-05, 3.1865103665e-05, 1.15844222819e-05, 5.48800835531e-06, 2.4216917609e-06, 1.89800539374e-06, 1.08248582364e-06, 6.62029094656e-07, 2.64209319312e-07, 1.35245997512e-07, 9.37982989058e-08, 5.93048028463e-08, 4.03545925565e-08, 2.82425798304e-08, 2.54995917714e-08, 1.79666876932e-08, 1.27540431549e-08, 1.00098409561e-08, 7.85715492668e-09, 5.53013190796e-09, 4.79186113012e-09, 3.69254671284e-09, 3.05127856315e-09, 2.49085130299e-09, 1.83292769851e-09, 1.5470807968e-09],
        "dmean2": [0.0106660565361, 0.00914082303643, 0.00305182114244, 0.00108362839092, 0.000987042789347, 0.000567483366467, 0.00022139356588, 0.00013642043632, 0.000233740458498, 8.55820326251e-05, 0.000274678517599, 7.65727454564e-05, 0.000123709891341, 5.07764743816e-05, 4.43847675342e-05, 5.38287349627e-05, 1.9014460122e-05, 9.66911011346e-06, 4.34497314927e-06, 3.32002127834e-06, 1.94437279788e-06, 1.20985953345e-06, 4.72381856298e-07, 2.35310977814e-07, 1.61616199534e-07, 9.96388749286e-08, 6.48342890486e-08, 4.4932669141e-08, 4.03391169357e-08, 2.75738081257e-08, 1.9768295445e-08, 1.55599355622e-08, 1.23103411909e-08, 8.43893932512e-09, 7.15938375251e-09, 5.53352474952e-09, 4.55746551609e-09, 3.80730735827e-09, 2.69860911395e-09, 2.41300357473e-09],
        "dvar": [3.92189649574e-05, 2.98801242025e-05, 6.03679427513e-06, 1.11976623884e-06, 1.83735301107e-06, 6.23503524366e-07, 7.06576628318e-08, 8.83605189017e-09, 4.04085476191e-08, 1.11526965441e-08, 3.47625672248e-07, 1.07236939328e-08, 7.37850740506e-08, 9.78055147982e-09, 4.99388264075e-09, 1.8457630091e-08, 1.68333358364e-09, 1.97098296018e-10, 3.31872307413e-11, 4.27064286712e-12, 1.74680506605e-12, 7.78307052054e-13, 1.37122965435e-13, 2.94680898877e-14, 1.2893764222e-14, 5.01808406568e-15, 2.07284547599e-15, 1.27191092047e-15, 1.22238151591e-15, 5.57103151469e-16, 2.26487583901e-16, 1.62578299521e-16, 1.08483731485e-16, 4.54020346902e-17, 3.48247901707e-17, 1.83866153236e-17, 1.52456202862e-17, 1.002461756e-17, 5.46229503321e-18, 4.10708657177e-18],
        "dvar2": [8.12922298792e-05, 8.42048830236e-05, 1.36789894896e-05, 2.48146625381e-06, 4.56922089143e-06, 1.61273214871e-06, 1.40514529789e-07, 1.92511286912e-08, 1.10269340325e-07, 2.83756484976e-08, 9.28540771383e-07, 2.73553180108e-08, 1.82084519906e-07, 2.28761418697e-08, 1.15143272694e-08, 4.63761260505e-08, 4.28580326783e-09, 5.70971825375e-10, 9.58814555529e-11, 1.21888072552e-11, 4.69834154221e-12, 2.12121574646e-12, 3.78531651553e-13, 7.97779472149e-14, 3.43482634371e-14, 1.38758557257e-14, 5.29346167661e-15, 3.25294914228e-15, 3.2837241786e-15, 1.38720629239e-15, 5.46485858173e-16, 4.14684778723e-16, 2.60347831847e-16, 1.05110138222e-16, 8.28547842844e-17, 4.03746162155e-17, 3.62856903941e-17, 2.39689942343e-17, 1.3122610786e-17, 1.00035112195e-17],
        "max": [0.0418790131807, 0.0365550816059, 0.0153613267466, 0.0077539626509, 0.00798348337412, 0.00479252822697, 0.00163880700711, 0.000590773532167, 0.00144167570397, 0.00164147291798, 0.0103618782014, 0.00122069392819, 0.00422536628321, 0.00151013885625, 0.0010674262885, 0.00223704287782, 0.000720403331798, 0.000168372062035, 9.74635695457e-05, 1.60205781867e-05, 8.97075460671e-06, 6.53722099742e-06, 2.48669175562e-06, 1.17733600291e-06, 9.59193812378e-07, 7.5443398373e-07, 4.51070775398e-07, 3.37508765824e-07, 2.88610038979e-07, 1.90728343341e-07, 1.39343740102e-07, 1.40351048117e-07, 1.01928698371e-07, 5.08215798334e-08, 5.07856334764e-08, 4.24821955392e-08, 4.01296418318e-08, 2.6441009382e-08, 2.61770889409e-08, 1.89313400512e-08],
        "mean": [0.0167463291436, 0.00997352600098, 0.00213970569894, 0.00077944243094, 0.000550978234969, 0.000275925820461, 0.000130342610646, 0.00011668424122, 0.000170445739059, 6.45377876936e-05, 0.000273829238722, 5.99751438131e-05, 9.37756194617e-05, 4.10755201301e-05, 3.48629146174e-05, 4.38710048911e-05, 1.42878225233e-05, 7.83258929005e-06, 3.3884396089e-06, 2.98121062769e-06, 1.38822053941e-06, 7.73627391482e-07, 3.36890451536e-07, 2.0652858268e-07, 1.53861989816e-07, 1.0305578968e-07, 7.28356255308e-08, 5.57491617315e-08, 4.53297985814e-08, 3.42964874278e-08, 2.48441818229e-08, 1.96641174455e-08, 1.54581254463e-08, 1.11956710569e-08, 9.44374178857e-09, 7.3604851103e-09, 5.96733462643e-09, 4.69840166772e-09, 3.58749718821e-09, 2.83068568585e-09],
        "median": [0.0182177461684, 0.00816486217082, 0.000833408616018, 0.000391681387555, 0.00012992369011, 6.73649701639e-05, 3.82846119464e-05, 7.6790129242e-05, 9.92157947621e-05, 2.37506028498e-05, 3.48686735379e-05, 1.97002500499e-05, 1.64405137184e-05, 8.93480046216e-06, 7.05649699739e-06, 4.78885067423e-06, 2.4543071504e-06, 1.91511298908e-06, 1.17805257105e-06, 2.35267339121e-06, 9.75072111942e-07, 5.18781462233e-07, 2.24335593657e-07, 1.48428327407e-07, 1.13282609959e-07, 7.3725907157e-08, 5.0799535245e-08, 3.93386123676e-08, 2.92628552501e-08, 2.2379794018e-08, 1.69707821129e-08, 1.26955983504e-08, 9.84664705328e-09, 7.06410130391e-09, 5.80153658447e-09, 4.75153072443e-09, 4.09646094823e-09, 3.04540281881e-09, 2.33820163231e-09, 1.7085466375e-09],
        "min": [3.71704158792e-24, 2.69654548295e-24, 6.46765165301e-24, 2.54804951729e-24, 5.61132105228e-24, 5.14240161984e-24, 4.52973200894e-24, 3.31555871882e-24, 7.11297182234e-24, 9.81051639763e-24, 8.61529509633e-24, 2.80911254202e-23, 1.42950068392e-23, 4.60800673226e-24, 5.38384669938e-24, 4.62825758055e-24, 5.03853072672e-24, 5.10348592809e-24, 6.20202759229e-24, 5.43131127675e-24, 5.35230449051e-24, 6.56102517405e-24, 1.14611652433e-23, 7.55903953209e-24, 7.13009089285e-24, 7.23585189669e-24, 6.32661712822e-24, 1.35917862516e-23, 1.217941442e-23, 1.15679446666e-23, 1.0002349226e-23, 1.31147447073e-23, 6.45546177987e-24, 7.23870915089e-24, 8.52579251574e-24, 8.73909103818e-24, 8.71976079056e-24, 9.68428760874e-24, 9.80999180512e-24, 8.71896719649e-24],
