{
"metadata": {
    "version": {
        "essentia": "2.0.1",
        "extractor": "archive-music 1.0"
    },
    "audio_properties": {
        "analysis_sample_rate": 44100,
        "bitrate": 128,
        "channels": 2,
        "equal_loudness": 0,
        "length": 15.6473464966,
        "replay_gain": -12.8866119385,
        "downmix": "mix"
    },
    "tags": {
        "track": 5,
        "year": 0,
        "album": "Fly On",
        "artist": "Jason Brock",
        "comment": "",
        "genre": "Other",
        "title": "When You Go Away"
    }
},
"highlevel": {
    "culture": {
        "all": {
            "non_western": 3.41075567789e-09,
            "western": 1
        },
        "probability": 1,
        "value": "western"
    },
    "danceability": {
        "all": {
            "danceable": 0.637996971607,
            "not_danceable": 0.36200299859
        },
        "probability": 0.637996971607,
        "value": "danceable"
    },
    "gender": {
        "all": {
            "female": 2.2306454639e-07,
            "male": 0.999999761581
        },
        "probability": 0.999999761581,
        "value": "male"
    },
    "genre_dortmund": {
        "all": {
            "alternative": 0.0853099375963,
            "blues": 0.175107434392,
            "electronic": 0.0033483337611,
            "folkcountry": 0.224230363965,
            "funksoulrnb": 0.0401848815382,
            "jazz": 0.0379994735122,
            "pop": 0.148402512074,
            "raphiphop": 0.00566734187305,
            "rock": 0.279749721289
        },
        "probability": 0.279749721289,
        "value": "rock"
    },
    "genre_electronic": {
        "all": {
            "ambient": 0.64534920454,
            "dnb": 0.104676231742,
            "house": 0.151774480939,
            "techno": 0.0153411794454,
            "trance": 0.0828589275479
        },
        "probability": 0.64534920454,
        "value": "ambient"
    },
    "genre_rosamerica": {
        "all": {
            "cla": 0.0242396444082,
            "dan": 0.0067375167273,
            "hip": 0.00679661007598,
            "jaz": 0.00823063030839,
            "pop": 0.352466493845,
            "rhy": 0.0415960773826,
            "roc": 0.553605377674,
            "spe": 0.0063276658766
        },
        "probability": 0.553605377674,
        "value": "roc"
    },
    "genre_tzanetakis": {
        "all": {
            "blu": 0.0040891575627,
            "cla": 0.0055956589058,
            "cou": 0.0263184029609,
            "dis": 0.0321632213891,
            "hip": 0.0273448694497,
            "jaz": 0.0118639906868,
            "met": 0.00694353831932,
            "pop": 0.0739716589451,
            "reg": 0.0334598831832,
            "roc": 0.778249621391
        },
        "probability": 0.778249621391,
        "value": "roc"
    },
    "mirex_ballroom": {
        "all": {
            "ChaChaCha": 0.0856395512819,
            "Jive": 0.58503472805,
            "Quickstep": 0.0380530692637,
            "Rumba-American": 0.00815186649561,
            "Rumba-International": 0.0569379143417,
            "Rumba-Misc": 0.0354124866426,
            "Samba": 0.0192094855011,
            "Tango": 0.011556841433,
            "VienneseWaltz": 0.146763920784,
            "Waltz": 0.0132401399314
        },
        "probability": 0.58503472805,
        "value": "Jive"
    },
    "mood_acoustic": {
        "all": {
            "acoustic": 0.590506076813,
            "not_acoustic": 0.409493923187
        },
        "probability": 0.590506076813,
        "value": "acoustic"
    },
    "mood_aggressive": {
        "all": {
            "aggressive": 0.0247993711382,
            "not_aggressive": 0.975200653076
        },
        "probability": 0.975200653076,
        "value": "not_aggressive"
    },
    "mood_electronic": {
        "all": {
            "electronic": 0.0549888387322,
            "not_electronic": 0.945011138916
        },
        "probability": 0.945011138916,
        "value": "not_electronic"
    },
    "mood_happy": {
        "all": {
            "happy": 0.786504626274,
            "not_happy": 0.213495388627
        },
        "probability": 0.786504626274,
        "value": "happy"
    },
    "mood_party": {
        "all": {
            "not_party": 0.522664904594,
            "party": 0.477335125208
        },
        "probability": 0.522664904594,
        "value": "not_party"
    },
    "mood_relaxed": {
        "all": {
            "not_relaxed": 0.780579328537,
            "relaxed": 0.219420686364
        },
        "probability": 0.780579328537,
        "value": "not_relaxed"
    },
    "mood_sad": {
        "all": {
            "not_sad": 0.292941957712,
            "sad": 0.707058012486
        },
        "probability": 0.707058012486,
        "value": "sad"
    },
    "moods_mirex": {
        "all": {
            "Cluster1": 0.274667233229,
            "Cluster2": 0.260658502579,
            "Cluster3": 0.1713103652,
            "Cluster4": 0.232276290655,
            "Cluster5": 0.061087615788
        },
        "probability": 0.274667233229,
        "value": "Cluster1"
    },
    "timbre": {
        "all": {
            "bright": 0.999999403954,
            "dark": 5.81180813697e-07
        },
        "probability": 0.999999403954,
        "value": "bright"
    },
    "tonal_atonal": {
        "all": {
            "atonal": 0.0188475195318,
            "tonal": 0.98115247488
        },
        "probability": 0.98115247488,
        "value": "tonal"
    },
    "voice_instrumental": {
        "all": {
            "instrumental": 0.725771069527,
            "voice": 0.274228960276
        },
        "probability": 0.725771069527,
        "value": "instrumental"
    }
},
"lowlevel": {
    "average_loudness": 0.976502120495,
    "barkbands_kurtosis": {
        "dmean": 1.6149456501,
        "dmean2": 2.63007879257,
        "dvar": 5.91959238052,
        "dvar2": 15.8358268738,
        "max": 28.4060153961,
        "mean": 2.69697022438,
        "median": 1.88536500931,
        "min": -1.79133439064,
        "var": 14.1362018585
    },
    "barkbands_skewness": {
        "dmean": 0.370181441307,
        "dmean2": 0.575388669968,
        "dvar": 0.178130269051,
        "dvar2": 0.408472925425,
        "max": 4.69979953766,
        "mean": 1.4505853653,
        "median": 1.46234190464,
        "min": -2.09314441681,
        "var": 0.697479724884
    },
    "barkbands_spread": {
        "dmean": 4.67209291458,
        "dmean2": 7.1845240593,
        "dvar": 40.7056732178,
        "dvar2": 85.6621780396,
        "max": 86.6766738892,
        "mean": 23.1630935669,
        "median": 20.0255680084,
        "min": 3.25105595589,
        "var": 169.595733643
    },
    "dissonance": {
        "dmean": 0.0152073018253,
        "dmean2": 0.0253939554095,
        "dvar": 0.000215829568333,
        "dvar2": 0.000577266793698,
        "max": 0.5,
        "mean": 0.464623808861,
        "median": 0.468928307295,
        "min": 0.354114860296,
        "var": 0.000468550744699
    },
    "dynamic_complexity": 3.22269535065,
    "erbbands_kurtosis": {
        "dmean": 0.454387545586,
        "dmean2": 0.698661386967,
        "dvar": 0.285947501659,
        "dvar2": 0.609253227711,
        "max": 6.01939964294,
        "mean": -0.0587103031576,
        "median": -0.380887031555,
        "min": -1.69312047958,
        "var": 1.51326727867
    },
    "erbbands_skewness": {
        "dmean": 0.230755165219,
        "dmean2": 0.354782909155,
        "dvar": 0.0467399582267,
        "dvar2": 0.0931100100279,
        "max": 1.6966073513,
        "mean": 0.0942919552326,
        "median": 0.17470677197,
        "min": -1.7156535387,
        "var": 0.369875103235
    },
    "erbbands_spread": {
        "dmean": 6.06455850601,
        "dmean2": 9.08816432953,
        "dvar": 48.561958313,
        "dvar2": 85.9288406372,
        "max": 109.00151825,
        "mean": 40.9519996643,
        "median": 38.5335388184,
        "min": 10.3350954056,
        "var": 247.133773804
    },
    "hfc": {
        "dmean": 5.80652570724,
        "dmean2": 8.98131370544,
        "dvar": 166.384963989,
        "dvar2": 412.629730225,
        "max": 136.226364136,
        "mean": 19.7789649963,
        "median": 16.1746177673,
        "min": 1.10994423167e-16,
        "var": 304.445587158
    },
    "melbands_kurtosis": {
        "dmean": 4.01507997513,
        "dmean2": 6.45897293091,
        "dvar": 31.0077457428,
        "dvar2": 79.2236862183,
        "max": 66.8539505005,
        "mean": 9.93030261993,
        "median": 7.48824119568,
        "min": -1.24520468712,
        "var": 76.1851043701
    },
    "melbands_skewness": {
        "dmean": 0.504575073719,
        "dmean2": 0.775930345058,
        "dvar": 0.279483705759,
        "dvar2": 0.670859873295,
        "max": 6.30188417435,
        "mean": 2.54985523224,
        "median": 2.4371907711,
        "min": -0.223981902003,
        "var": 1.18151903152
    },
    "melbands_spread": {
        "dmean": 5.25225782394,
        "dmean2": 7.93381357193,
        "dvar": 58.8626251221,
        "dvar2": 105.150978088,
        "max": 131.067764282,
        "mean": 23.0843772888,
        "median": 19.1563796997,
        "min": 2.6799454689,
        "var": 252.037796021
    },
    "pitch_salience": {
        "dmean": 0.0545528419316,
        "dmean2": 0.08672991395,
        "dvar": 0.00214727246203,
        "dvar2": 0.00571652455255,
        "max": 0.86864221096,
        "mean": 0.567354261875,
        "median": 0.570956170559,
        "min": 0.361520469189,
        "var": 0.00784679595381
    },
    "silence_rate_20dB": {
        "dmean": 0,
        "dmean2": 0,
        "dvar": 0,
        "dvar2": 0,
        "max": 1,
        "mean": 1,
        "median": 1,
        "min": 1,
        "var": 0
    },
    "silence_rate_30dB": {
        "dmean": 0.0178041551262,
        "dmean2": 0.0356612168252,
        "dvar": 0.0174870882183,
        "dvar2": 0.0433048531413,
        "max": 1,
        "mean": 0.985185205936,
        "median": 1,
        "min": 0,
        "var": 0.0145952552557
    },
    "silence_rate_60dB": {
        "dmean": 0.00890207756311,
        "dmean2": 0.0178306084126,
        "dvar": 0.00882274098694,
        "dvar2": 0.0234558712691,
        "max": 1,
        "mean": 0.0562962964177,
        "median": 0,
        "min": 0,
        "var": 0.0531277246773
    },
    "spectral_centroid": {
        "dmean": 217.200408936,
        "dmean2": 308.881774902,
        "dvar": 210676.796875,
        "dvar2": 224573.8125,
        "max": 10995.1054688,
        "mean": 1230.49865723,
        "median": 1107.99072266,
        "min": 303.83996582,
        "var": 568766.8125
    },
    "spectral_complexity": {
        "dmean": 2.58753705025,
        "dmean2": 4.05943536758,
        "dvar": 13.3551054001,
        "dvar2": 27.6577072144,
        "max": 54,
        "mean": 18.3674068451,
        "median": 18,
        "min": 0,
        "var": 60.4161643982
    },
    "spectral_crest": {
        "dmean": 1.962500453,
        "dmean2": 3.26105260849,
        "dvar": 3.31194734573,
        "dvar2": 9.01566028595,
        "max": 19.5052108765,
        "mean": 8.55829811096,
        "median": 7.90809440613,
        "min": 3.09676361084,
        "var": 8.19995689392
    },
    "spectral_decrease": {
        "dmean": 1.9195374179e-09,
        "dmean2": 2.89973844936e-09,
        "dvar": 9.88906333708e-18,
        "dvar2": 2.09112780866e-17,
        "max": -6.32496338225e-29,
        "mean": -7.08066627553e-09,
        "median": -5.64394619929e-09,
        "min": -3.99104287396e-08,
        "var": 3.1340235592e-17
    },
    "spectral_energy": {
        "dmean": 0.00757356127724,
        "dmean2": 0.0115053737536,
        "dvar": 0.000158151131473,
        "dvar2": 0.000332124065608,
        "max": 0.15620726347,
        "mean": 0.0285180937499,
        "median": 0.022415233776,
        "min": 1.03536896726e-20,
        "var": 0.000498095643707
    },
    "spectral_energyband_high": {
        "dmean": 0.00044403137872,
        "dmean2": 0.000681164674461,
        "dvar": 1.28419230805e-06,
        "dvar2": 3.22389701068e-06,
        "max": 0.00983159150928,
        "mean": 0.000788612291217,
        "median": 0.000357781798812,
        "min": 7.34397685792e-21,
        "var": 1.83069732884e-06
    },
    "spectral_energyband_low": {
        "dmean": 0.00403436087072,
        "dmean2": 0.00680315773934,
        "dvar": 5.52323144802e-05,
        "dvar2": 0.000150476989802,
        "max": 0.076934337616,
        "mean": 0.00885789562017,
        "median": 0.00653204414994,
        "min": 3.05323753983e-23,
        "var": 7.8714445408e-05
    },
    "spectral_energyband_middle_high": {
        "dmean": 0.00134404923301,
        "dmean2": 0.00203919014893,
        "dvar": 5.66891867493e-06,
        "dvar2": 1.28687242977e-05,
        "max": 0.0333936549723,
        "mean": 0.00523497955874,
        "median": 0.00372695596889,
        "min": 1.46425498609e-21,
        "var": 2.67956711468e-05
    },
    "spectral_energyband_middle_low": {
        "dmean": 0.00507040834054,
        "dmean2": 0.00730059435591,
        "dvar": 7.88744146121e-05,
        "dvar2": 0.000156068912474,
        "max": 0.125027358532,
        "mean": 0.0144539121538,
        "median": 0.010771010071,
        "min": 3.35967276727e-22,
        "var": 0.000201491828193
    },
    "spectral_flatness_db": {
        "dmean": 0.0161808039993,
        "dmean2": 0.0249606221914,
        "dvar": 0.000253601669101,
        "dvar2": 0.000553150079213,
        "max": 0.25885874033,
        "mean": 0.127866759896,
        "median": 0.128121346235,
        "min": 0.03104721196,
        "var": 0.001190730487
    },
    "spectral_flux": {
        "dmean": 0.0189013518393,
        "dmean2": 0.0297284070402,
        "dvar": 0.000684153172188,
        "dvar2": 0.0013600239763,
        "max": 0.275742262602,
        "mean": 0.0712585449219,
        "median": 0.0595616772771,
        "min": 1.02358996279e-10,
        "var": 0.00208570668474
    },
    "spectral_kurtosis": {
        "dmean": 1.51674985886,
        "dmean2": 2.49381399155,
        "dvar": 2.36296987534,
        "dvar2": 6.04182672501,
        "max": 21.9075489044,
        "mean": 4.65546894073,
        "median": 4.30911827087,
        "min": -1.19790995121,
        "var": 6.68700885773
    },
    "spectral_rms": {
        "dmean": 0.000630300259218,
        "dmean2": 0.000952791771851,
        "dvar": 7.3222241781e-07,
        "dvar2": 1.50789173858e-06,
        "max": 0.0123449312523,
        "mean": 0.00488814059645,
        "median": 0.00467637879774,
        "min": 3.17823219999e-12,
        "var": 3.9286237552e-06
    },
    "spectral_rolloff": {
        "dmean": 412.868469238,
        "dmean2": 688.966308594,
        "dvar": 1474726.875,
        "dvar2": 3110519.5,
        "max": 19013.8183594,
        "mean": 1506.94262695,
        "median": 1076.66015625,
        "min": 172.265625,
        "var": 3743987.75
    },
    "spectral_skewness": {
        "dmean": 0.209354862571,
        "dmean2": 0.322353512049,
        "dvar": 0.0386891663074,
        "dvar2": 0.0786073729396,
        "max": 3.28180146217,
        "mean": 1.63482153416,
        "median": 1.62550270557,
        "min": 0.0188801400363,
        "var": 0.192813739181
    },
    "spectral_spread": {
        "dmean": 603913.75,
        "dmean2": 799698.375,
        "dvar": 3.37333924659e+12,
        "dvar2": 3.27983405466e+12,
        "max": 40910076,
        "mean": 4676081.5,
        "median": 4188697.5,
        "min": 2330054.75,
        "var": 5.6892981248e+12
    },
    "spectral_strongpeak": {
        "dmean": 0.515013992786,
        "dmean2": 0.899940252304,
        "dvar": 0.768851876259,
        "dvar2": 1.8903336525,
        "max": 6.6454501152,
        "mean": 0.905132710934,
        "median": 0.476995170116,
        "min": 0,
        "var": 1.20954251289
    },
    "zerocrossingrate": {
        "dmean": 0.00998585857451,
        "dmean2": 0.0123731773347,
        "dvar": 0.00054657983128,
        "dvar2": 0.000926309381612,
        "max": 0.50732421875,
        "mean": 0.0590639449656,
        "median": 0.048828125,
        "min": 0.01318359375,
        "var": 0.0023480898235
    },
    "barkbands": {
        "dmean": [0.000239585904637, 0.00284545030445, 0.0015570364194, 0.00101477373391, 0.00361220911145, 0.000550836848561, 0.000983951147646, 0.00039737179759, 0.000574076722842, 0.000370245688828, 0.000314010481816, 0.000494380306918, 0.000277243088931, 0.000232796635828, 0.0001833379647, 0.00014244124759, 0.00026491630706, 8.55823673191e-05, 0.000100759367342, 8.5886233137e-05, 0.000100646466308, 8.47213668749e-05, 7.25072241039e-05, 7.64216165408e-05, 4.73891414003e-05, 8.87245187187e-05, 1.66150437053e-06],
        "dmean2": [0.000374995259335, 0.00485081458464, 0.00251181656495, 0.00162958563305, 0.00542846135795, 0.000841091852635, 0.00149215152487, 0.000671845686156, 0.000879652856383, 0.00056684523588, 0.000476159155369, 0.000732486718334, 0.000420781550929, 0.00034756216337, 0.000281996733975, 0.000215136256884, 0.000415664544562, 0.000137396127684, 0.000166067460668, 0.000135933587444, 0.000150627529365, 0.000133209279738, 0.000115717048175, 0.000124313664855, 7.21365067875e-05, 0.000151937958435, 2.88174965135e-06],
        "dvar": [3.89249578348e-07, 2.94583514915e-05, 5.6530625443e-06, 3.09596180159e-06, 5.65024565731e-05, 5.71092584778e-07, 4.00186991101e-06, 8.03415218797e-07, 1.84663508662e-06, 9.53707740337e-07, 4.82257576095e-07, 1.37181291393e-06, 4.05057392072e-07, 3.17706309261e-07, 1.67286373198e-07, 5.48262235611e-08, 1.54971800725e-07, 1.80839787589e-08, 6.57456595832e-08, 3.74372284284e-08, 4.05749318588e-08, 4.91257594604e-08, 4.60698359461e-08, 4.32202007516e-08, 1.71874763311e-08, 1.60258878168e-07, 8.73898384213e-11],
        "dvar2": [8.08148342912e-07, 8.38460837258e-05, 1.52468865053e-05, 7.44909038985e-06, 0.000120855525893, 1.37295648983e-06, 9.91639171843e-06, 2.17248066292e-06, 4.71313569506e-06, 1.98770021598e-06, 1.02057845197e-06, 2.79098617284e-06, 9.22429876482e-07, 5.80710320719e-07, 4.17142643983e-07, 1.18148243189e-07, 4.17750072756e-07, 4.20609005403e-08, 1.81615334327e-07, 9.60631894031e-08, 9.21466067894e-08, 1.20241836044e-07, 1.21893549476e-07, 1.07775235847e-07, 4.18373140576e-08, 4.41451390998e-07, 2.31647742654e-10],
        "max": [0.00602833088487, 0.0515070147812, 0.0315489210188, 0.0242413785309, 0.106254659593, 0.0112226419151, 0.0223277527839, 0.00795262865722, 0.0185509286821, 0.0177291631699, 0.0145954042673, 0.0168285481632, 0.00865218881518, 0.00931914988905, 0.00755655160174, 0.00268550985493, 0.00530317192897, 0.00162593880668, 0.00386244058609, 0.00209685717709, 0.00230429833755, 0.00325058307499, 0.00177416321822, 0.00244619813748, 0.0016088320408, 0.00599339185283, 0.000190738457604],
        "mean": [0.000290023715934, 0.00456138979644, 0.00324415764771, 0.00175781338476, 0.00649780547246, 0.0015572468983, 0.00240330561064, 0.000724335026462, 0.00137582863681, 0.000693440728355, 0.000544429814909, 0.00101226242259, 0.00048925896408, 0.000550710363314, 0.000429336098023, 0.000315278506605, 0.000851971330121, 0.000169635328348, 0.000179085749551, 0.000159629576956, 0.000215140913497, 0.000147331127664, 8.73735116329e-05, 0.000113231464638, 7.26168145775e-05, 7.40238392609e-05, 1.44199873375e-06],
        "median": [9.67519954429e-05, 0.00261099589989, 0.00215590861626, 0.00101952883415, 0.00322137749754, 0.00108372129034, 0.00120205176063, 0.000248749740422, 0.000459479429992, 0.000212015293073, 0.000189107275219, 0.00035428639967, 0.000167965816217, 0.000173828360857, 0.000146806414705, 0.000139879688504, 0.000322126987157, 9.9927696283e-05, 9.03191466932e-05, 7.73168358137e-05, 0.000110549612145, 6.18731064606e-05, 2.06132626772e-05, 3.79794109904e-05, 1.55941579578e-05, 5.47387480765e-06, 4.03653714898e-08],
        "min": [3.12367422008e-24, 9.80974962483e-24, 9.407215993e-24, 1.06551821121e-23, 3.7708813447e-23, 4.7039908307e-23, 6.37855320586e-23, 3.57759811669e-23, 2.18574534616e-23, 3.85893967874e-23, 2.07645702966e-23, 5.9985040031e-23, 7.78164519326e-23, 9.39903534764e-23, 1.1563601514e-22, 1.47298657821e-22, 1.53146742458e-22, 1.31348937925e-22, 1.41625561466e-22, 3.89250375388e-22, 4.12026821828e-22, 5.55068230846e-22, 5.7057145547e-22, 7.99766067888e-22, 8.55164197299e-22, 1.24564130819e-21, 1.97259513588e-21],
        "var": [4.64077942297e-07, 3.38610952895e-05, 1.09771799544e-05, 5.50314734937e-06, 0.000110315559141, 2.64162599706e-06, 9.2432319434e-06, 1.37170331982e-06, 7.81366816227e-06, 2.68300595963e-06, 1.26306963466e-06, 4.14703117713e-06, 7.6307242125e-07, 1.66189738593e-06, 4.83801443352e-07, 1.99864686579e-07, 1.2211437479e-06, 4.29371240784e-08, 1.06067197692e-07, 6.15395521208e-08, 9.80729879529e-08, 8.11673146472e-08, 4.59544260423e-08, 6.41729656081e-08, 2.78650773566e-08, 1.08994136383e-07, 8.80751027665e-11]
    },
    "erbbands": {
        "dmean": [0.083534181118, 0.668068706989, 1.70597755909, 2.34989380836, 11.5336694717, 10.5806150436, 4.14317178726, 4.62810659409, 10.4227981567, 14.6880559921, 6.9571890831, 12.0751924515, 10.9905729294, 13.6982526779, 13.1039896011, 19.5849208832, 13.5070314407, 10.8889846802, 10.8303747177, 6.03304624557, 8.47693443298, 14.0772514343, 5.36845302582, 3.53781604767, 5.38229179382, 3.75265073776, 3.60504674911, 4.1968626976, 3.04563331604, 2.3599421978, 2.04935026169, 1.76402628422, 1.19199800491, 0.557730913162, 0.372954457998, 0.433804929256, 0.181465134025, 0.0123770823702, 0.000325967994286, 1.897257971e-05],
        "dmean2": [0.14627084136, 1.12682366371, 2.80382585526, 3.70128512383, 17.0845813751, 16.5750179291, 6.00247144699, 7.47059440613, 15.779343605, 23.7381534576, 11.2732572556, 18.4266414642, 16.2076854706, 20.4353904724, 19.1540470123, 29.7016544342, 20.2894592285, 16.0843257904, 17.1682834625, 9.45619297028, 13.3584289551, 22.6359920502, 8.68782043457, 5.66527080536, 8.88207054138, 6.1025519371, 5.59243869781, 6.51275682449, 4.80934906006, 3.8493373394, 3.26238012314, 2.92573428154, 1.90107548237, 0.849805295467, 0.599870860577, 0.739463150501, 0.319381296635, 0.0208164416254, 0.000556484446861, 3.04309251078e-05],
        "dvar": [0.0221743918955, 1.5897282362, 8.9406414032, 12.0609893799, 622.761535645, 447.839172363, 32.1677513123, 50.4916610718, 505.735870361, 1016.93322754, 158.79675293, 795.379943848, 958.790039062, 1767.88830566, 807.082336426, 2313.88378906, 946.548034668, 726.21697998, 645.618530273, 122.6302948, 204.642669678, 492.446807861, 72.2621917725, 59.8450584412, 165.36895752, 94.3821487427, 83.2335205078, 61.7265090942, 62.9196434021, 45.2183914185, 38.1499252319, 25.3825626373, 10.434592247, 2.21029806137, 1.16293847561, 3.31511235237, 0.852924823761, 0.00350652472116, 2.24574750973e-06, 3.26838600628e-09],
        "dvar2": [0.0649810060859, 4.43340921402, 23.7041606903, 27.0779857635, 1178.24536133, 1148.0736084, 75.8906860352, 124.278465271, 1322.22644043, 2524.13989258, 460.447723389, 1966.91784668, 2121.27539062, 3650.0769043, 1586.59570312, 4881.57666016, 2201.72924805, 1343.39233398, 1600.7611084, 312.714599609, 453.536621094, 1282.66943359, 191.499710083, 170.646820068, 422.394775391, 244.050933838, 203.650650024, 137.782791138, 155.418731689, 112.985046387, 100.249671936, 65.7434310913, 25.1766757965, 5.20402431488, 2.89345264435, 9.0723285675, 2.3812456131, 0.00946489349008, 6.15722683506e-06, 8.58009219229e-09],
        "max": [1.34853637218, 12.0922985077, 37.8794975281, 38.8351745605, 354.861602783, 220.320495605, 81.0717544556, 107.144386292, 318.431640625, 318.188049316, 114.876586914, 559.121704102, 583.467041016, 834.731323242, 607.807128906, 751.478637695, 480.534423828, 463.484710693, 411.337036133, 109.745826721, 192.140411377, 274.171356201, 78.3271713257, 100.584823608, 202.127182007, 103.450691223, 115.380805969, 109.39818573, 128.215332031, 73.6121368408, 55.7525901794, 56.9561424255, 37.4660224915, 14.89848423, 12.2990264893, 24.1705436707, 15.1417121887, 1.02641904354, 0.025358742103, 0.000797477317974],
        "mean": [0.111550882459, 1.11105537415, 3.88866567612, 4.86550617218, 18.9752216339, 19.2612133026, 11.5125274658, 11.926109314, 24.2833919525, 38.6922874451, 16.2327785492, 32.8232192993, 19.2258644104, 27.6098041534, 27.4954967499, 40.9089393616, 27.7352638245, 29.04271698, 26.1053638458, 16.3337993622, 23.942483902, 46.9078025818, 14.8640146255, 7.06186342239, 10.0508737564, 7.1120891571, 7.25510501862, 9.19915103912, 5.57373714447, 3.10887432098, 2.47479057312, 2.35541296005, 1.88646626472, 0.869797289371, 0.520074486732, 0.390656918287, 0.135956868529, 0.0107650905848, 0.000292362470645, 4.45329787908e-05],
        "median": [0.0574008487165, 0.616180360317, 2.46116876602, 3.26341700554, 9.43500614166, 9.38932991028, 7.8239812851, 7.75749444962, 16.4979724884, 8.56535720825, 9.34579277039, 10.1740369797, 7.67050170898, 8.25926017761, 10.1684131622, 17.0145263672, 11.4770307541, 9.27495479584, 8.81321620941, 5.40163326263, 10.7977228165, 19.6433467865, 9.90591526031, 4.48099088669, 4.68764162064, 3.54068350792, 3.69821500778, 4.80163192749, 2.5332608223, 0.713495254517, 0.595843911171, 0.672979235649, 0.627169132233, 0.242500692606, 0.0809902176261, 0.0325033962727, 0.00767286447808, 0.000700924487319, 3.27090019709e-05, 3.14853023156e-05],
        "min": [2.50166271323e-22, 1.86499057041e-21, 1.04062939974e-20, 3.68032300064e-20, 8.18045889028e-20, 1.16882055195e-19, 1.93787298566e-19, 5.36969516216e-19, 3.86377770184e-19, 1.29388852866e-18, 6.42891803111e-19, 3.29742006112e-19, 9.45290113304e-19, 1.3250542126e-18, 1.08284404532e-18, 2.681305542e-18, 4.47465296235e-18, 5.08875722578e-18, 7.06389991962e-18, 5.83819899078e-18, 9.89889603302e-18, 7.58505431121e-18, 8.39099623435e-18, 5.3393412526e-18, 1.18802839405e-17, 1.60850233195e-17, 1.58122671299e-17, 2.37840945519e-17, 2.2281231456e-17, 1.66016224274e-17, 1.87161078313e-17, 1.51336018333e-17, 1.42792053242e-17, 8.90138321591e-18, 6.39674690914e-18, 4.37663619567e-18, 2.45433876244e-18, 1.10323291004e-18, 2.66831715202e-19, 2.85605399922e-20],
        "var": [0.0233356952667, 1.99446940422, 17.9056606293, 26.7591209412, 1223.37609863, 859.561828613, 131.086578369, 190.38168335, 815.175537109, 5108.00390625, 317.059844971, 5243.65576172, 2005.29504395, 5236.33154297, 2588.00415039, 6270.23339844, 2036.01037598, 4311.14501953, 2090.23876953, 499.438049316, 854.619750977, 3391.91552734, 233.705184937, 93.6355743408, 325.081237793, 136.269165039, 141.937179565, 166.694122314, 106.089828491, 61.0199012756, 37.6022033691, 32.93491745, 16.0546684265, 3.27233433723, 1.89322900772, 2.39437222481, 0.540569961071, 0.00275678583421, 1.80776339676e-06, 3.32497918087e-09]
    },
    "gfcc": {
        "mean": [-3.48117685318, 102.441200256, -110.422317505, 36.5594444275, -55.01770401, 16.2220001221, -42.2654266357, 8.43572044373, -27.0876560211, 2.99465894699, -17.5381069183, 2.059933424, -9.70005321503],
        "cov": [[16331.5996094, 262.90234375, -917.263061523, 175.336074829, -639.926330566, 278.864349365, -328.958770752, 120.039268494, -237.947494507, 224.143585205, -356.841491699, -4.56386709213, -213.659118652], [262.90234375, 908.808959961, -296.001586914, -33.4343528748, 112.91545105, -64.3885650635, 16.5825366974, -50.5681037903, 81.8987121582, -67.6951370239, 67.7321395874, -79.805305481, 63.4966888428], [-917.263061523, -296.001586914, 475.521514893, -27.4465465546, 43.0992965698, 91.3819503784, 9.12138175964, 0.858836174011, -62.5786590576, 45.6494560242, 10.2646217346, 58.9437408447, -45.4971122742], [175.336074829, -33.4343528748, -27.4465465546, 249.259765625, -29.4786491394, -53.9021987915, -27.8827724457, 5.49278306961, 47.9944038391, -27.0892753601, -12.1109428406, -22.4005451202, 44.6356086731], [-639.926330566, 112.91545105, 43.0992965698, -29.4786491394, 197.834854126, -22.8700962067, -11.4705638885, 5.00752401352, 48.1168060303, 8.10150051117, 4.3716044426, -3.84134292603, 9.27574634552], [278.864349365, -64.3885650635, 91.3819503784, -53.9021987915, -22.8700962067, 171.48109436, 27.5327892303, -15.8691072464, -65.5467681885, 35.6844749451, 27.1888122559, 18.5747451782, -25.3074207306], [-328.958770752, 16.5825366974, 9.12138175964, -27.8827724457, -11.4705638885, 27.5327892303, 152.148300171, 10.5459442139, 4.48256587982, 8.9126996994, -1.75900244713, -3.84517240524, -10.2982053757], [120.039268494, -50.5681037903, 0.858836174011, 5.49278306961, 5.00752401352, -15.8691072464, 10.5459442139, 83.8308944702, 13.2646350861, -6.50260639191, -19.4448757172, 21.7933540344, 7.21535968781], [-237.947494507, 81.8987121582, -62.5786590576, 47.9944038391, 48.1168060303, -65.5467681885, 4.48256587982, 13.2646350861, 158.916107178, 30.3391113281, -19.385892868, -39.0732307434, 15.290148735], [224.143585205, -67.6951370239, 45.6494560242, -27.0892753601, 8.10150051117, 35.6844749451, 8.9126996994, -6.50260639191, 30.3391113281, 108.410987854, -7.99443817139, -7.51771354675, -34.1753730774], [-356.841491699, 67.7321395874, 10.2646217346, -12.1109428406, 4.3716044426, 27.1888122559, -1.75900244713, -19.4448757172, -19.385892868, -7.99443817139, 91.6194458008, 12.3234939575, 13.3008785248], [-4.56386709213, -79.805305481, 58.9437408447, -22.4005451202, -3.84134292603, 18.5747451782, -3.84517240524, 21.7933540344, -39.0732307434, -7.51771354675, 12.3234939575, 72.6254196167, -4.67003059387], [-213.659118652, 63.4966888428, -45.4971122742, 44.6356086731, 9.27574634552, -25.3074207306, -10.2982053757, 7.21535968781, 15.290148735, -34.1753730774, 13.3008785248, -4.67003059387, 77.909034729]],
        "icov": [[0.000164556811797, -0.000265434384346, 0.000353354902472, -0.000312101794407, 0.00042719845078, -0.0004569045268, 0.000507860619109, -0.000441698619397, 0.000416559225414, -0.000618957390543, 0.000797749846242, -0.00031166896224, 0.000453394488432], [-0.000265434384346, 0.00249174819328, 0.000530532270204, 0.00102389673702, -0.00191931950394, 0.000639285484795, -0.00121400959324, 0.00157281209249, -0.00124200608116, 0.00217361166142, -0.00273145432584, 0.0017525338335, -0.00113688968122], [0.000353354902472, 0.000530532270204, 0.00427502021194, -0.00109962781426, -0.000884202483576, -0.00201196968555, 0.000712422362994, -0.000316301069688, 0.00149326480459, -0.00170707365032, 0.00111406634096, -0.00204441929236, 0.0018837248208], [-0.000312101794407, 0.00102389673702, -0.00109962781426, 0.0061285761185, 0.000486649514642, 0.00153222412337, -0.000180276372703, 0.00102384225465, -0.00268064881675, 0.00248437025584, -0.00141258537769, 0.00203212443739, -0.00354375923052], [0.00042719845078, -0.00191931950394, -0.000884202483576, 0.000486649514642, 0.00818090233952, -0.000493611732963, 0.00225652614608, -0.00177161581814, -0.001128490665, -0.00185774825513, 0.00240195798688, -0.00119902868755, 0.000193271785975], [-0.0004569045268, 0.000639285484795, -0.00201196968555, 0.00153222412337, -0.000493611732963, 0.010577596724, -0.00279476237483, 0.00163989281282, 0.00244518253021, -0.00189113523811, -0.00425050780177, 0.00116088718642, -0.00136760307942], [0.000507860619109, -0.00121400959324, 0.000712422362994, -0.000180276372703, 0.00225652614608, -0.00279476237483, 0.00884982571006, -0.00292001618072, 0.00030084658647, -0.00158271891996, 0.00269920192659, -9.18754230952e-05, 0.00194561295211], [-0.000441698619397, 0.00157281209249, -0.000316301069688, 0.00102384225465, -0.00177161581814, 0.00163989281282, -0.00292001618072, 0.016934948042, -0.00347360130399, 0.00284488336183, 0.00111264816951, -0.00543650053442, -0.0030614042189], [0.000416559225414, -0.00124200608116, 0.00149326480459, -0.00268064881675, -0.001128490665, 0.00244518253021, 0.00030084658647, -0.00347360130399, 0.0129375485703, -0.0071601672098, 0.00235930806957, 0.00281087914482, -6.16809920757e-05], [-0.000618957390543, 0.00217361166142, -0.00170707365032, 0.00248437025584, -0.00185774825513, -0.00189113523811, -0.00158271891996, 0.00284488336183, -0.0071601672098, 0.0171122904867, -0.00305320206098, 0.00256858742796, 0.00283188559115], [0.000797749846242, -0.00273145432584, 0.00111406634096, -0.00141258537769, 0.00240195798688, -0.00425050780177, 0.00269920192659, 0.00111264816951, 0.00235930806957, -0.00305320206098, 0.0182454381138, -0.00546116149053, -0.000783733965363], [-0.00031166896224, 0.0017525338335, -0.00204441929236, 0.00203212443739, -0.00119902868755, 0.00116088718642, -9.18754230952e-05, -0.00543650053442, 0.00281087914482, 0.00256858742796, -0.00546116149053, 0.0218804366887, -0.000811022298876], [0.000453394488432, -0.00113688968122, 0.0018837248208, -0.00354375923052, 0.000193271785975, -0.00136760307942, 0.00194561295211, -0.0030614042189, -6.16809920757e-05, 0.00283188559115, -0.000783733965363, -0.000811022298876, 0.0195487644523]]
    },
    "melbands": {
        "dmean": [0.000758068053983, 0.00084366457304, 0.000570784846786, 0.000947961292695, 0.00016248357133, 0.00010356187704, 0.000174886867171, 0.00014326791279, 6.05342611379e-05, 7.89467085269e-05, 5.4189862567e-05, 5.70219672227e-05, 4.628233728e-05, 5.67077986489e-05, 3.99988530262e-05, 2.40321569436e-05, 2.27205655392e-05, 1.92046391021e-05, 1.09150287244e-05, 8.09700031823e-06, 1.14368403956e-05, 1.77106758201e-05, 1.05496019387e-05, 2.87127659249e-06, 3.05590629068e-06, 4.27280883741e-06, 3.62704395229e-06, 2.57236501966e-06, 2.37194740293e-06, 2.46443369178e-06, 2.70954774351e-06, 1.94767108042e-06, 1.50313724134e-06, 1.26275767798e-06, 1.12335158065e-06, 1.24452037653e-06, 1.07264338567e-06, 9.29393024762e-07, 6.97268774275e-07, 4.48675393727e-07],
        "dmean2": [0.0012943202164, 0.00141632789746, 0.000869096722454, 0.00143679929897, 0.000254644022789, 0.000164748547832, 0.000265394395683, 0.000235504368902, 9.72886846284e-05, 0.000120738586702, 8.0124285887e-05, 8.54796671774e-05, 6.62248785375e-05, 8.39158383314e-05, 6.22329098405e-05, 3.5857068724e-05, 3.29310787492e-05, 3.06060028379e-05, 1.70515650098e-05, 1.291253011e-05, 1.82944477274e-05, 2.87231177936e-05, 1.73083953996e-05, 4.72516921945e-06, 4.94471987622e-06, 7.1332447078e-06, 5.91977550357e-06, 4.24966083301e-06, 3.81707832275e-06, 3.68079258806e-06, 4.25708185503e-06, 3.13840405397e-06, 2.399938694e-06, 2.06900222111e-06, 1.82662540738e-06, 2.04290745387e-06, 1.76428193299e-06, 1.51491383349e-06, 1.08361473394e-06, 7.00511122886e-07],
        "dvar": [1.97702365767e-06, 2.40599888457e-06, 9.8900136436e-07, 3.90648756365e-06, 6.26027087947e-08, 2.27178684753e-08, 1.37255696586e-07, 9.9487515115e-08, 1.25490888792e-08, 3.84795377784e-08, 2.30556391756e-08, 3.11667776032e-08, 1.0242727555e-08, 2.11448352161e-08, 9.4730649991e-09, 3.90220789015e-09, 3.48055295696e-09, 1.98748972835e-09, 6.30377749999e-10, 2.34944341759e-10, 3.41272066162e-10, 7.98496102572e-10, 2.82771667193e-10, 3.16939981204e-11, 4.49159355542e-11, 1.32945862652e-10, 6.09803943452e-11, 4.7760774502e-11, 4.22661697308e-11, 2.1180595472e-11, 2.67253302821e-11, 2.29936503865e-11, 2.00522428523e-11, 1.25416066421e-11, 1.21559377148e-11, 1.29831995849e-11, 9.5197036018e-12, 6.53935326028e-12, 3.39844450324e-12, 1.52466418397e-12],
        "dvar2": [5.68648738408e-06, 6.46037278784e-06, 1.83601184744e-06, 8.48877243698e-06, 1.69958511265e-07, 5.48567626879e-08, 3.53144997689e-07, 2.50838468219e-07, 3.58761447217e-08, 9.77962102411e-08, 5.02566237515e-08, 6.40175699118e-08, 1.93346352262e-08, 4.25682280536e-08, 1.97671923274e-08, 8.4687954427e-09, 6.15191053654e-09, 4.62640858956e-09, 1.57712831683e-09, 6.12187300852e-10, 7.58546281343e-10, 2.09507078353e-09, 8.11154587943e-10, 8.16460024589e-11, 1.29103269741e-10, 3.69185765292e-10, 1.54216403536e-10, 1.2292167284e-10, 1.06839113945e-10, 4.49740765462e-11, 6.39614125553e-11, 5.86069942576e-11, 5.00245435353e-11, 3.2508246095e-11, 3.21816288895e-11, 3.39247518966e-11, 2.46901769863e-11, 1.60092616247e-11, 8.61265052332e-12, 3.63775914773e-12],
        "max": [0.0133910812438, 0.0178608018905, 0.0148977832869, 0.0273493938148, 0.00244919024408, 0.00234149885364, 0.00492692738771, 0.00300325034186, 0.00118865119293, 0.00308101484552, 0.0028195886407, 0.00347593054175, 0.00241135363467, 0.00190109782852, 0.0022041213233, 0.000992072164081, 0.00104170024861, 0.000610011280514, 0.000425546168117, 0.000177896406967, 0.00024553592084, 0.000360730336979, 0.000182351097465, 7.23873745301e-05, 9.02337851585e-05, 0.000181246985449, 0.000107241270598, 7.53452986828e-05, 8.14031373011e-05, 5.95138044446e-05, 7.23065822967e-05, 7.31139953132e-05, 5.91475400142e-05, 2.99221464957e-05, 3.2056683267e-05, 2.86704398604e-05, 4.1457307816e-05, 2.88210303552e-05, 2.31023332162e-05, 1.35569371196e-05],
        "mean": [0.00113685091492, 0.00185236032121, 0.0011719687609, 0.00164528703317, 0.000416588387452, 0.000273301673587, 0.000407106039347, 0.000361732585588, 0.000140646734508, 0.000199886897462, 8.88852227945e-05, 0.000110218548798, 8.76231351867e-05, 0.000105406783405, 8.97351274034e-05, 4.52285639767e-05, 5.7339144405e-05, 4.18098461523e-05, 2.54629030678e-05, 1.84144391824e-05, 3.00204210362e-05, 5.58969659323e-05, 2.58877535089e-05, 5.55289443582e-06, 5.36217521585e-06, 7.34923833079e-06, 6.70292774885e-06, 4.30951877206e-06, 4.15053273173e-06, 5.12700762556e-06, 5.51751736566e-06, 3.53017821908e-06, 2.02112028092e-06, 1.52978134338e-06, 1.27329963107e-06, 1.59188675752e-06, 1.37915913001e-06, 1.38576092468e-06, 1.03810657492e-06, 6.26596886377e-07],
        "median": [0.000637207587715, 0.00118077651132, 0.000788096571341, 0.000771259248722, 0.000316668330925, 0.000181484254426, 0.000268120027613, 7.9260316852e-05, 7.27762089809e-05, 6.23235537205e-05, 3.30618131557e-05, 3.1298808608e-05, 3.1178635254e-05, 2.94729907182e-05, 4.13521302107e-05, 1.66117824847e-05, 1.65949149959e-05, 1.45712547237e-05, 9.07667526917e-06, 7.16545400792e-06, 1.26845625346e-05, 1.76845442184e-05, 1.37682018249e-05, 3.55504789695e-06, 3.10811515192e-06, 3.71314308723e-06, 2.20605943468e-06, 1.67619657532e-06, 1.84895964139e-06, 2.47806406151e-06, 2.71876274383e-06, 1.69919712789e-06, 4.79374250517e-07, 3.06859305965e-07, 2.67127006737e-07, 4.18810799374e-07, 3.80334739702e-07, 4.24165648383e-07, 3.56450584604e-07, 1.25289162156e-07],
        "min": [2.49240741055e-24, 4.94756717574e-24, 7.47333610562e-24, 7.00647165583e-24, 9.47721793201e-24, 1.2059255127e-23, 7.78094216042e-24, 1.39142678565e-23, 5.20673164894e-24, 2.46346430116e-24, 5.00635032939e-24, 5.65280527514e-24, 2.84731849561e-24, 6.38505121091e-24, 7.54919060369e-24, 9.59495542211e-24, 9.0752286142e-24, 1.12175003092e-23, 7.90779336056e-24, 8.50345513035e-24, 1.31354349511e-23, 8.9709175367e-24, 6.46363871758e-24, 6.23205439936e-24, 3.80356976846e-24, 6.50816478808e-24, 8.29289789955e-24, 1.12303776746e-23, 7.62764992046e-24, 1.08173348378e-23, 1.28788768743e-23, 1.39111187237e-23, 7.79435674012e-24, 7.87630992184e-24, 1.07037790993e-23, 1.01695987819e-23, 9.16160967218e-24, 1.01800078016e-23, 8.53326855054e-24, 7.37739010916e-24],
        "var": [2.23531014854e-06, 4.09374888477e-06, 2.32298384617e-06, 7.59490603741e-06, 1.4532605519e-07, 9.52658396614e-08, 2.18083627601e-07, 4.59069298131e-07, 3.62745140592e-08, 1.8999260476e-07, 4.79934989528e-08, 9.09150088546e-08, 2.92583255401e-08, 4.99048127267e-08, 3.37230154912e-08, 7.67642127641e-09, 2.01553813639e-08, 5.79107028997e-09, 1.5696536293e-09, 6.97269297856e-10, 1.48660384003e-09, 5.75266057012e-09, 9.34839539113e-10, 4.89386239866e-11, 6.32685431823e-11, 2.14682494004e-10, 1.36274491691e-10, 6.27402366171e-11, 5.80110473547e-11, 6.18271336905e-11, 6.180800316e-11, 3.70458490273e-11, 3.04196910716e-11, 1.47834435665e-11, 1.10661202424e-11, 1.46878429558e-11, 1.2403449795e-11, 9.50959970492e-12, 4.51325695566e-12, 2.07615933993e-12]
    },
    "mfcc": {
