{
"metadata": {
    "version": {
        "essentia": "2.0.1",
        "extractor": "archive-music 1.0"
    },
    "audio_properties": {
        "analysis_sample_rate": 44100,
        "bitrate": 128,
        "channels": 2,
        "equal_loudness": 0,
        "length": 15.3338775635,
        "replay_gain": -13.8741016388,
        "downmix": "mix"
    },
    "tags": {
        "track": 1,
        "year": 0,
        "album": "Game samples",
        "artist": "Legis",
        "comment": "",
        "genre": "Other",
        "title": "Get ready"
    }
},
"highlevel": {
    "culture": {
        "all": {
            "non_western": 0.0456277132034,
            "western": 0.954372286797
        },
        "probability": 0.954372286797,
        "value": "western"
    },
    "danceability": {
        "all": {
            "danceable": 0.999999880791,
            "not_danceable": 1.00000008274e-07
        },
        "probability": 0.999999880791,
        "value": "danceable"
    },
    "gender": {
        "all": {
            "female": 0.184698551893,
            "male": 0.815301418304
        },
        "probability": 0.815301418304,
        "value": "male"
    },
    "genre_dortmund": {
        "all": {
            "alternative": 0.0255099348724,
            "blues": 0.0201999414712,
            "electronic": 0.142866194248,
            "folkcountry": 0.00815901812166,
            "funksoulrnb": 0.0344099439681,
            "jazz": 0.0630372688174,
            "pop": 0.0972939878702,
            "raphiphop": 0.0930902510881,
            "rock": 0.515433430672
        },
        "probability": 0.515433430672,
        "value": "rock"
    },
    "genre_electronic": {
        "all": {
            "ambient": 0.0279661174864,
            "dnb": 0.681823670864,
            "house": 0.0567910335958,
            "techno": 0.049130294472,
            "trance": 0.184288859367
        },
        "probability": 0.681823670864,
        "value": "dnb"
    },
    "genre_rosamerica": {
        "all": {
            "cla": 0.000184019241715,
            "dan": 0.82028645277,
            "hip": 0.133337885141,
            "jaz": 0.000470263097668,
            "pop": 0.0184256471694,
            "rhy": 0.00140557531267,
            "roc": 0.0250418726355,
            "spe": 0.000848296447657
        },
        "probability": 0.82028645277,
        "value": "dan"
    },
    "genre_tzanetakis": {
        "all": {
            "blu": 0.00691530434415,
            "cla": 0.00455941352993,
            "cou": 0.00741928583011,
            "dis": 0.012161177583,
            "hip": 0.688031792641,
            "jaz": 0.00917326752096,
            "met": 0.0248662121594,
            "pop": 0.15718780458,
            "reg": 0.0453514009714,
            "roc": 0.0443343222141
        },
        "probability": 0.688031792641,
        "value": "hip"
    },
    "mirex_ballroom": {
        "all": {
            "ChaChaCha": 0.295577913523,
            "Jive": 0.27499294281,
            "Quickstep": 0.0097413668409,
            "Rumba-American": 0.00381929730065,
            "Rumba-International": 0.00325756543316,
            "Rumba-Misc": 0.00237114657648,
            "Samba": 0.405016303062,
            "Tango": 0.00180855591316,
            "VienneseWaltz": 0.00191869435366,
            "Waltz": 0.0014961961424
        },
        "probability": 0.405016303062,
        "value": "Samba"
    },
    "mood_acoustic": {
        "all": {
            "acoustic": 2.31997233924e-11,
            "not_acoustic": 1
        },
        "probability": 1,
        "value": "not_acoustic"
    },
    "mood_aggressive": {
        "all": {
            "aggressive": 3.00000096379e-14,
            "not_aggressive": 1
        },
        "probability": 1,
        "value": "not_aggressive"
    },
    "mood_electronic": {
        "all": {
            "electronic": 0.91458016634,
            "not_electronic": 0.0854198560119
        },
        "probability": 0.91458016634,
        "value": "electronic"
    },
    "mood_happy": {
        "all": {
            "happy": 0.695182323456,
            "not_happy": 0.304817706347
        },
        "probability": 0.695182323456,
        "value": "happy"
    },
    "mood_party": {
        "all": {
            "not_party": 0.5,
            "party": 0.5
        },
        "probability": 0.5,
        "value": "not_party"
    },
    "mood_relaxed": {
        "all": {
            "not_relaxed": 1.01694075383e-08,
            "relaxed": 1
        },
        "probability": 1,
        "value": "relaxed"
    },
    "mood_sad": {
        "all": {
            "not_sad": 0.997358083725,
            "sad": 0.00264189834706
        },
        "probability": 0.997358083725,
        "value": "not_sad"
    },
    "moods_mirex": {
        "all": {
            "Cluster1": 0.187076732516,
            "Cluster2": 0.0782764852047,
            "Cluster3": 0.237026289105,
            "Cluster4": 0.0399693772197,
            "Cluster5": 0.457651108503
        },
        "probability": 0.457651108503,
        "value": "Cluster5"
    },
    "timbre": {
        "all": {
            "bright": 0.00675616180524,
            "dark": 0.993243813515
        },
        "probability": 0.993243813515,
        "value": "dark"
    },
    "tonal_atonal": {
        "all": {
            "atonal": 0.999991238117,
            "tonal": 8.73907447385e-06
        },
        "probability": 0.999991238117,
        "value": "atonal"
    },
    "voice_instrumental": {
        "all": {
            "instrumental": 0.00320801301859,
            "voice": 0.996791958809
        },
        "probability": 0.996791958809,
        "value": "voice"
    }
},
"lowlevel": {
    "average_loudness": 0.978876709938,
    "barkbands_kurtosis": {
        "dmean": 3.46114850044,
        "dmean2": 5.79415845871,
        "dvar": 39.6133346558,
        "dvar2": 105.446411133,
        "max": 72.6819610596,
        "mean": 3.10960817337,
        "median": 0.519068598747,
        "min": -1.89030659199,
        "var": 64.4811325073
    },
    "barkbands_skewness": {
        "dmean": 0.807074904442,
        "dmean2": 1.23459637165,
        "dvar": 0.633662104607,
        "dvar2": 1.42193901539,
        "max": 7.7006444931,
        "mean": 1.0020160675,
        "median": 0.913110733032,
        "min": -3.29704642296,
        "var": 3.34819459915
    },
    "barkbands_spread": {
        "dmean": 14.8387298584,
        "dmean2": 24.3099822998,
        "dvar": 210.626022339,
        "dvar2": 438.737365723,
        "max": 117.223167419,
        "mean": 52.0757293701,
        "median": 50.5795059204,
        "min": 1.09166157246,
        "var": 713.89642334
    },
    "dissonance": {
        "dmean": 0.00616390071809,
        "dmean2": 0.0103126298636,
        "dvar": 0.000105740014988,
        "dvar2": 0.000290092575597,
        "max": 0.5,
        "mean": 0.490792989731,
        "median": 0.49366492033,
        "min": 0.334457695484,
        "var": 0.000142084638355
    },
    "dynamic_complexity": 2.56929159164,
    "erbbands_kurtosis": {
        "dmean": 1.95361804962,
        "dmean2": 2.9855761528,
        "dvar": 3.58464550972,
        "dvar2": 7.78366613388,
        "max": 17.4398155212,
        "mean": 2.6593132019,
        "median": 2.03016519547,
        "min": -1.63136744499,
        "var": 9.35218524933
    },
    "erbbands_skewness": {
        "dmean": 0.521365702152,
        "dmean2": 0.800291121006,
        "dvar": 0.226073116064,
        "dvar2": 0.517140686512,
        "max": 3.51530051231,
        "mean": -1.18853235245,
        "median": -1.27592968941,
        "min": -3.40442180634,
        "var": 0.739315569401
    },
    "erbbands_spread": {
        "dmean": 14.9943933487,
        "dmean2": 23.6431751251,
        "dvar": 227.391189575,
        "dvar2": 625.105224609,
        "max": 143.717880249,
        "mean": 47.7691078186,
        "median": 41.6934509277,
        "min": 7.69004011154,
        "var": 766.963867188
    },
    "hfc": {
        "dmean": 24.6980190277,
        "dmean2": 37.4478225708,
        "dvar": 945.104187012,
        "dvar2": 2310.20678711,
        "max": 412.858276367,
        "mean": 80.2112121582,
        "median": 59.2866439819,
        "min": 1.08656817374e-16,
        "var": 4506.62744141
    },
    "melbands_kurtosis": {
        "dmean": 19.0706176758,
        "dmean2": 31.1845149994,
        "dvar": 1050.89099121,
        "dvar2": 2667.91333008,
        "max": 384.308044434,
        "mean": 29.9894313812,
        "median": 10.8712701797,
        "min": -1.81817305088,
        "var": 2397.00708008
    },
    "melbands_skewness": {
        "dmean": 1.53748762608,
        "dmean2": 2.4112868309,
        "dvar": 2.52453160286,
        "dvar2": 6.20199775696,
        "max": 18.0490016937,
        "mean": 4.09009933472,
        "median": 3.40392875671,
        "min": -1.14292609692,
        "var": 11.4070119858
    },
    "melbands_spread": {
        "dmean": 22.2344894409,
        "dmean2": 32.5962104797,
        "dvar": 688.074951172,
        "dvar2": 1242.93811035,
        "max": 228.67829895,
        "mean": 59.0505638123,
        "median": 37.268081665,
        "min": 0.975582778454,
        "var": 3072.80786133
    },
    "pitch_salience": {
        "dmean": 0.106346420944,
        "dmean2": 0.162677705288,
        "dvar": 0.00907704792917,
        "dvar2": 0.0197760183364,
        "max": 0.808679759502,
        "mean": 0.491408467293,
        "median": 0.481850266457,
        "min": 0.0715749710798,
        "var": 0.0305794980377
    },
    "silence_rate_20dB": {
        "dmean": 0,
        "dmean2": 0,
        "dvar": 0,
        "dvar2": 0,
        "max": 1,
        "mean": 1,
        "median": 1,
        "min": 1,
        "var": 0
    },
    "silence_rate_30dB": {
        "dmean": 0,
        "dmean2": 0,
        "dvar": 0,
        "dvar2": 0,
        "max": 1,
        "mean": 1,
        "median": 1,
        "min": 1,
        "var": 0
    },
    "silence_rate_60dB": {
        "dmean": 0.00302571849898,
        "dmean2": 0.0060606058687,
        "dvar": 0.00301658734679,
        "dvar2": 0.00602386100218,
        "max": 1,
        "mean": 0.0498489439487,
        "median": 0,
        "min": 0,
        "var": 0.047364346683
    },
    "spectral_centroid": {
        "dmean": 464.08694458,
        "dmean2": 711.396911621,
        "dvar": 378695.1875,
        "dvar2": 676709.9375,
        "max": 11443.015625,
        "mean": 3017.4309082,
        "median": 3173.56689453,
        "min": 299.584533691,
        "var": 1062794.875
    },
    "spectral_complexity": {
        "dmean": 6.70801830292,
        "dmean2": 10.3272724152,
        "dvar": 48.9149742126,
        "dvar2": 107.671730042,
        "max": 57,
        "mean": 24.5030212402,
        "median": 24,
        "min": 0,
        "var": 189.636672974
    },
    "spectral_crest": {
        "dmean": 3.40122127533,
        "dmean2": 5.31921815872,
        "dvar": 10.4508981705,
        "dvar2": 22.0678424835,
        "max": 24.4132099152,
        "mean": 12.6330356598,
        "median": 12.7965698242,
        "min": 2.75309514999,
        "var": 36.2975845337
    },
    "spectral_decrease": {
        "dmean": 2.70285394066e-09,
        "dmean2": 4.14131973159e-09,
        "dvar": 8.0133808401e-18,
        "dvar2": 2.0720414432e-17,
        "max": -1.11867144291e-29,
        "mean": -8.37323810288e-09,
        "median": -8.75210037776e-09,
        "min": -2.28472103458e-08,
        "var": 2.43764567866e-17
    },
    "spectral_energy": {
        "dmean": 0.0110777169466,
        "dmean2": 0.0172475166619,
        "dvar": 0.000124058293295,
        "dvar2": 0.000321567902574,
        "max": 0.091083496809,
        "mean": 0.0388779267669,
        "median": 0.0402754619718,
        "min": 1.0010000167e-20,
        "var": 0.000357280601747
    },
    "spectral_energyband_high": {
        "dmean": 0.00267917080782,
        "dmean2": 0.00383053370751,
        "dvar": 9.84144026006e-06,
        "dvar2": 2.22125254368e-05,
        "max": 0.0406486019492,
        "mean": 0.00880353525281,
        "median": 0.00654617231339,
        "min": 7.30052160298e-21,
        "var": 6.07597212365e-05
    },
    "spectral_energyband_low": {
        "dmean": 0.00897419359535,
        "dmean2": 0.0138201266527,
        "dvar": 0.000119983655168,
        "dvar2": 0.000299045263091,
        "max": 0.0835377499461,
        "mean": 0.0212887115777,
        "median": 0.0225291289389,
        "min": 3.64642118196e-23,
        "var": 0.000359124416718
    },
    "spectral_energyband_middle_high": {
        "dmean": 0.0021045554895,
        "dmean2": 0.00368038890883,
        "dvar": 1.05496201286e-05,
        "dvar2": 3.04982659145e-05,
        "max": 0.0276778992265,
        "mean": 0.00433983979747,
        "median": 0.00331911956891,
        "min": 1.42978744433e-21,
        "var": 1.8803319108e-05
    },
    "spectral_energyband_middle_low": {
        "dmean": 0.00415534200147,
        "dmean2": 0.00647347187623,
        "dvar": 3.84705053875e-05,
        "dvar2": 8.20626592031e-05,
        "max": 0.0437960959971,
        "mean": 0.00518727395684,
        "median": 0.00200445903465,
        "min": 2.57728758967e-22,
        "var": 5.99127743044e-05
    },
    "spectral_flatness_db": {
        "dmean": 0.0345139726996,
        "dmean2": 0.0514900386333,
        "dvar": 0.00107700377703,
        "dvar2": 0.00251450040378,
        "max": 0.36686193943,
        "mean": 0.129944950342,
        "median": 0.119955211878,
        "min": 0.0239368434995,
        "var": 0.00321753462777
    },
    "spectral_flux": {
        "dmean": 0.0291692726314,
        "dmean2": 0.0449767932296,
        "dvar": 0.000696036324371,
        "dvar2": 0.00156939134467,
        "max": 0.294409096241,
        "mean": 0.113989576697,
        "median": 0.11358293891,
        "min": 6.43703076952e-11,
        "var": 0.00212386040948
    },
    "spectral_kurtosis": {
        "dmean": 0.837047934532,
        "dmean2": 1.31747710705,
        "dvar": 5.1485247612,
        "dvar2": 12.9835891724,
        "max": 34.5744934082,
        "mean": 1.7967042923,
        "median": 1.13172698021,
        "min": -1.20756745338,
        "var": 8.60951137543
    },
    "spectral_rms": {
        "dmean": 0.000868996838108,
        "dmean2": 0.00132958497852,
        "dvar": 6.78123228681e-07,
        "dvar2": 1.68236772424e-06,
        "max": 0.00942666176707,
        "mean": 0.00586799206212,
        "median": 0.0062684235163,
        "min": 3.12503647092e-12,
        "var": 3.49640367858e-06
    },
    "spectral_rolloff": {
        "dmean": 1378.64672852,
        "dmean2": 2165.39233398,
        "dvar": 3308193.5,
        "dvar2": 6396203,
        "max": 18863.0859375,
        "mean": 4944.54394531,
        "median": 4888.03710938,
        "min": 64.599609375,
        "var": 15981364
    },
    "spectral_skewness": {
        "dmean": 0.177212759852,
        "dmean2": 0.269777446985,
        "dvar": 0.0529156439006,
        "dvar2": 0.119733683765,
        "max": 4.28523588181,
        "mean": 0.921937406063,
        "median": 0.815576791763,
        "min": -0.00721139507368,
        "var": 0.193266436458
    },
    "spectral_spread": {
        "dmean": 771116.8125,
        "dmean2": 1135558,
        "dvar": 4.13205214003e+12,
        "dvar2": 7.21757877043e+12,
        "max": 49443664,
        "mean": 6668463,
        "median": 6560901,
        "min": 1536244.25,
        "var": 8.12520728166e+12
    },
    "spectral_strongpeak": {
        "dmean": 0.575790822506,
        "dmean2": 1.02003288269,
        "dvar": 2.34990143776,
        "dvar2": 5.99202632904,
        "max": 17.8276100159,
        "mean": 0.72886121273,
        "median": 0.360771566629,
        "min": 0,
        "var": 2.75430417061
    },
    "zerocrossingrate": {
        "dmean": 0.0268901884556,
        "dmean2": 0.0257013496011,
        "dvar": 0.000763239280786,
        "dvar2": 0.000803411006927,
        "max": 0.5166015625,
        "mean": 0.151523560286,
        "median": 0.13232421875,
        "min": 0.00390625,
        "var": 0.00852172635496
    },
    "barkbands": {
        "dmean": [0.000653709692415, 0.00838679168373, 0.00197907327674, 0.00153490505181, 0.0020474337507, 0.000522920687217, 0.000279375643004, 0.000372469279682, 0.000430522544775, 0.000241108631599, 0.000202356910449, 0.000207632852835, 0.000367505592294, 0.000406937411753, 0.00031444686465, 0.00023703998886, 0.000201810733415, 0.00032340065809, 0.000298294704407, 0.000492231862154, 0.000539398402907, 0.000667179876473, 0.000583354791161, 0.000634123338386, 0.000497701577842, 0.000407952757087, 0.000116338458611],
        "dmean2": [0.00110008718912, 0.0127213736996, 0.00322204781696, 0.00264049717225, 0.00326154124923, 0.000980588374659, 0.000444353092462, 0.000691453227773, 0.000760843162425, 0.000424508034484, 0.000363268278306, 0.000368221604731, 0.000670983688906, 0.000738907663617, 0.000555514241569, 0.000394823466195, 0.000334666197887, 0.000560341752134, 0.000496696680784, 0.000824693765026, 0.000850623240694, 0.00104349909816, 0.000815241539385, 0.000939852558076, 0.000749964441638, 0.000652728485875, 0.000201518603717],
        "dvar": [7.0932850349e-07, 0.000112358669867, 1.02237700048e-05, 7.49055334381e-06, 1.58934799401e-05, 4.6799032134e-06, 1.83635097528e-06, 4.43056933364e-06, 4.9286045396e-06, 3.25383723521e-07, 2.68968136652e-07, 4.0846310867e-07, 6.27909514606e-07, 9.29323960008e-07, 3.77781276484e-07, 2.2192497795e-07, 1.14854138644e-07, 3.0063478107e-07, 1.87521990824e-07, 3.91352244833e-07, 4.01042683507e-07, 8.78325181475e-07, 5.09931510351e-07, 5.98995995915e-07, 4.31173674542e-07, 5.60768398827e-07, 3.19649672065e-07],
        "dvar2": [1.79609628503e-06, 0.000271211960353, 2.72815450444e-05, 1.85612861969e-05, 3.03156484733e-05, 1.40318561535e-05, 4.14325495512e-06, 1.28104520627e-05, 1.3592146388e-05, 9.39393260069e-07, 7.56578344863e-07, 1.29482793909e-06, 1.75366119493e-06, 2.6325935778e-06, 1.10206030968e-06, 5.57324028705e-07, 3.24472892999e-07, 9.5110260645e-07, 4.77497223983e-07, 1.04007892787e-06, 9.1503341082e-07, 2.08942833524e-06, 9.43488487337e-07, 1.33290348003e-06, 1.0075531236e-06, 1.23199527025e-06, 9.17436068448e-07],
        "max": [0.00545348180458, 0.077366784215, 0.0300608612597, 0.0204635560513, 0.0297131668776, 0.0332856476307, 0.0264592077583, 0.0264547411352, 0.0254622530192, 0.00746291782707, 0.00649234186858, 0.00976756028831, 0.00984814576805, 0.00798891391605, 0.00601959228516, 0.00927574094385, 0.00587052945048, 0.00905291829258, 0.00757349934429, 0.00918456353247, 0.00958688836545, 0.0125511595979, 0.00949115119874, 0.0109994607046, 0.0091004408896, 0.0119566936046, 0.0116602778435],
        "mean": [0.000831812096294, 0.0169404707849, 0.00285637262277, 0.00136259559076, 0.00247556134127, 0.000382271566195, 0.000268572039204, 0.000270556949545, 0.000349713838659, 0.000238047316088, 0.000207851568121, 0.000246731564403, 0.000358918012353, 0.000383555714507, 0.000394794245949, 0.000390525587136, 0.000379476608941, 0.000518238870427, 0.000678672688082, 0.00113306264393, 0.00131714518648, 0.00181195640471, 0.00147445104085, 0.00162271270528, 0.00114297377877, 0.00073351233732, 0.000107370957267],
        "median": [0.000620847102255, 0.01610070467, 0.00188867060933, 0.000516087457072, 0.000696317816619, 8.67560884217e-05, 4.17195697082e-05, 3.46876840922e-05, 3.51384733221e-05, 4.56753841718e-05, 5.61200649827e-05, 7.43473938201e-05, 8.85247136466e-05, 0.000106568360934, 0.000163627788424, 0.000176021610969, 0.000236533000134, 0.000327134388499, 0.000495260755997, 0.000830206088722, 0.000947092834394, 0.00118878041394, 0.000923447252717, 0.00106583931483, 0.000737119815312, 0.000242653070018, 7.26366670278e-06],
        "min": [8.69047038515e-24, 7.88110619614e-24, 4.73216200025e-24, 1.66126076036e-23, 3.00837533569e-23, 2.83429455984e-23, 1.92199017581e-23, 1.21353289284e-23, 6.89503874208e-23, 4.37598972383e-23, 2.44362602711e-23, 4.21691876219e-23, 3.61509204443e-23, 8.81859401793e-23, 6.4287771398e-23, 1.02794344101e-22, 5.99840176673e-23, 1.69631272183e-22, 2.65283825006e-22, 3.418841879e-22, 3.38556431814e-22, 4.71947938882e-22, 3.89548451214e-22, 6.30760204631e-22, 8.19225865403e-22, 1.38367676999e-21, 2.303134368e-21],
        "var": [8.96333460787e-07, 0.000288998155156, 1.28437486637e-05, 6.26800783721e-06, 2.48611868301e-05, 2.7855303415e-06, 1.95365987565e-06, 2.84244401882e-06, 3.5663356357e-06, 4.47761465239e-07, 3.14845493676e-07, 4.869260124e-07, 6.38110350337e-07, 8.83696657183e-07, 5.22030916272e-07, 7.30929855308e-07, 3.46131599827e-07, 5.61018453027e-07, 6.1428090703e-07, 1.38014570439e-06, 1.78766367753e-06, 3.67760821973e-06, 2.65367589236e-06, 2.77217350231e-06, 1.60483853051e-06, 2.11379460779e-06, 3.64198541547e-07]
    },
    "erbbands": {
        "dmean": [0.331251978874, 1.67945480347, 2.38331389427, 3.66685819626, 6.87347602844, 6.95856046677, 5.14984893799, 4.10068559647, 4.55969381332, 4.77909374237, 9.11522006989, 9.95382881165, 8.44741153717, 7.08596849442, 7.68394756317, 8.91663360596, 16.1706562042, 21.0949172974, 18.7887496948, 14.3279533386, 11.8025398254, 10.7608327866, 15.6044569016, 15.3926753998, 17.9855651855, 23.6981143951, 21.7043266296, 24.0644016266, 23.2400074005, 22.5956516266, 16.792881012, 14.6622190475, 10.6341810226, 6.34697723389, 3.53033208847, 2.18956422806, 0.748237967491, 0.222541064024, 0.0100788976997, 0.000179606198799],
        "dmean2": [0.504384338856, 2.60136890411, 3.97815752029, 5.89413833618, 11.042632103, 10.5391321182, 9.61417007446, 7.66558647156, 7.40554332733, 8.73602676392, 16.3193416595, 17.5859336853, 15.2667064667, 12.5253314972, 13.713552475, 15.7132072449, 29.4106330872, 38.5356826782, 33.4893836975, 23.9100456238, 20.0702724457, 17.993473053, 27.3774051666, 25.3234138489, 29.7316493988, 39.721660614, 35.0443611145, 37.9607658386, 35.7258224487, 36.6160430908, 23.2398605347, 21.114566803, 16.0994377136, 9.944647789, 5.52326107025, 3.45219731331, 1.10395467281, 0.355826854706, 0.0170401521027, 0.000292734155664],
        "dvar": [0.192220270634, 4.93418979645, 14.6078033447, 43.4155464172, 132.72328186, 206.444473267, 224.463928223, 439.293304443, 527.420837402, 668.175415039, 2457.68554688, 2664.89624023, 827.421142578, 284.073028564, 629.402526855, 474.835662842, 1128.6126709, 2486.94433594, 1622.87915039, 629.087097168, 702.383239746, 337.137756348, 813.099121094, 500.803466797, 1415.55310059, 847.284606934, 813.565307617, 851.196777344, 1402.61047363, 801.763977051, 415.61605835, 369.972869873, 192.421325684, 63.2989006042, 27.8772926331, 17.5787448883, 1.86600339413, 0.564173936844, 0.00153819099069, 2.94835189152e-07],
        "dvar2": [0.454954385757, 11.8647403717, 39.7894134521, 98.7306518555, 280.427429199, 444.20425415, 655.141052246, 1316.30212402, 1292.73925781, 1899.03295898, 6973.70898438, 7305.77441406, 2355.90527344, 849.710021973, 1767.83959961, 1453.46447754, 3184.60595703, 7148.33496094, 4560.78125, 1664.78710938, 1997.6171875, 1013.95758057, 2568.70214844, 1199.65393066, 4170.41845703, 2093.41625977, 1940.36425781, 2115.36962891, 3382.6340332, 2014.40454102, 784.311828613, 812.157287598, 471.864715576, 144.316436768, 61.8101730347, 37.4387741089, 3.23050284386, 1.39366912842, 0.00427032727748, 8.21418495889e-07],
        "max": [3.5956389904, 17.4659137726, 36.9598579407, 51.4629554749, 85.3376083374, 110.466117859, 121.806121826, 349.793945312, 447.14050293, 342.411987305, 602.480529785, 633.817443848, 485.521057129, 220.191238403, 346.686065674, 294.623809814, 379.45489502, 414.374084473, 331.638763428, 391.57131958, 542.737976074, 304.63760376, 438.105743408, 387.95098877, 776.734619141, 506.645690918, 498.503326416, 463.406066895, 615.650817871, 286.508117676, 270.798248291, 401.143280029, 246.161422729, 142.114547729, 85.344871521, 78.6912307739, 38.0046653748, 19.6857357025, 0.827236115932, 0.0108272721991],
        "mean": [0.668207764626, 3.09162449837, 3.65817332268, 4.13110780716, 7.79311561584, 7.40985393524, 3.71789765358, 2.98031282425, 4.06686353683, 4.06790781021, 6.9328789711, 8.16941928864, 7.89862060547, 7.44853925705, 8.5229549408, 11.0319519043, 16.1310062408, 20.1523075104, 20.9616317749, 20.602678299, 21.291595459, 21.5862751007, 26.2846908569, 33.7721138, 40.5456542969, 53.5872192383, 48.2945899963, 59.4393959045, 61.2433738708, 54.607131958, 41.9100112915, 36.0465927124, 24.7520675659, 14.2352876663, 7.4851102829, 3.66223740578, 1.25817060471, 0.294870764017, 0.010719653219, 0.000291064527119],
        "median": [0.608217358589, 2.66268396378, 2.86118555069, 2.23330330849, 2.63253498077, 1.65097784996, 0.962085962296, 0.60696387291, 0.590758562088, 0.616470098495, 0.822445750237, 0.930974245071, 1.46586084366, 1.60322499275, 2.61436700821, 3.60763883591, 4.07275485992, 5.34178543091, 8.28561496735, 9.60513305664, 11.1953716278, 13.2435760498, 15.5834560394, 24.3293838501, 30.7880439758, 40.717376709, 33.7645568848, 39.7353210449, 41.4305648804, 36.3361740112, 25.4239196777, 21.5985832214, 16.4925765991, 9.31343364716, 4.46198940277, 1.12796854973, 0.418565690517, 0.063101105392, 0.00144852767698, 0.000128520885482],
        "min": [4.27222580025e-22, 1.19379055374e-21, 5.21708830399e-21, 3.66599565082e-20, 3.12257191571e-20, 9.99832916556e-20, 2.67972448966e-19, 2.12321766531e-19, 3.80867558232e-19, 3.79740136906e-19, 4.79434865313e-19, 1.74928247514e-18, 1.60495703584e-18, 1.14536628512e-18, 2.11064294318e-18, 2.63662207249e-18, 1.93908609773e-18, 3.45143964361e-18, 3.06328265963e-18, 5.06732497611e-18, 5.64014382799e-18, 3.98277166546e-18, 9.08911681901e-18, 1.2991374446e-17, 1.12963936897e-17, 1.42018159604e-17, 1.15795252057e-17, 1.66214218226e-17, 1.73818969362e-17, 1.44421830659e-17, 1.21887718509e-17, 1.70657898651e-17, 8.73765522137e-18, 8.37096440146e-18, 6.21731075476e-18, 5.4804710864e-18, 2.61793937118e-18, 1.0540795633e-18, 3.0911403449e-19, 3.29762627466e-20],
        "var": [0.455434411764, 11.0609645844, 18.4202804565, 45.5333137512, 187.461639404, 272.49017334, 131.720413208, 256.469482422, 474.249847412, 495.015045166, 1635.18237305, 1948.19934082, 754.694824219, 401.890686035, 660.383239746, 729.525512695, 1223.75476074, 2279.96899414, 1686.36120605, 1357.99194336, 2034.63952637, 1030.32141113, 1537.03869629, 1764.84155273, 2488.46826172, 3072.75952148, 2745.53710938, 3706.51098633, 4462.26757812, 3039.56835938, 2180.42163086, 1572.86560059, 721.129089355, 251.344299316, 95.7044296265, 56.1468391418, 8.40351963043, 1.19721901417, 0.00206040497869, 5.02036584749e-07]
    },
    "gfcc": {
        "mean": [24.2036361694, 1.05472552776, -82.523399353, 72.8585128784, -45.2476501465, 34.7896957397, -32.5940132141, 12.5899305344, -28.2059135437, 7.40581464767, -20.6361961365, 3.34118771553, -13.5768795013],
        "cov": [[19721.4707031, -1454.08251953, -1013.85552979, 380.060791016, -520.32623291, 361.78503418, -747.608093262, -118.606948853, -785.546020508, -2.58119797707, -516.734741211, 127.692489624, -280.67489624], [-1454.08251953, 2195.33154297, -9.69760990143, -217.865325928, 203.155471802, 59.788936615, 483.747344971, 199.718963623, 398.134368896, 117.947425842, 262.357818604, -38.4731521606, 134.432601929], [-1013.85552979, -9.69760990143, 783.543823242, 297.5440979, 67.3028945923, -33.2273826599, 116.06439209, 156.166671753, 84.1928100586, 77.6227035522, 36.9120025635, 46.7105941772, -4.93616008759], [380.060791016, -217.865325928, 297.5440979, 865.91394043, 197.763809204, 186.605072021, 56.9971885681, 130.496200562, 14.3246917725, 26.1570835114, 67.689239502, 11.8947887421, 14.7564640045], [-520.32623291, 203.155471802, 67.3028945923, 197.763809204, 350.732849121, 128.427902222, 190.85508728, 86.7311019897, 76.1323013306, 35.458984375, 84.977180481, -1.41280221939, 31.0068778992], [361.78503418, 59.788936615, -33.2273826599, 186.605072021, 128.427902222, 194.777862549, 99.9330596924, 96.3518676758, 36.443447113, 27.7569503784, 33.4862327576, 7.51529693604, 15.7141494751], [-747.608093262, 483.747344971, 116.06439209, 56.9971885681, 190.85508728, 99.9330596924, 297.133758545, 165.718353271, 176.752761841, 78.5993728638, 112.225341797, -5.33271360397, 46.1436347961], [-118.606948853, 199.718963623, 156.166671753, 130.496200562, 86.7311019897, 96.3518676758, 165.718353271, 210.038131714, 129.127944946, 81.5799636841, 74.1085281372, 11.0286922455, 16.0569038391], [-785.546020508, 398.134368896, 84.1928100586, 14.3246917725, 76.1323013306, 36.443447113, 176.752761841, 129.127944946, 227.357192993, 91.4768371582, 90.8873519897, -0.292228072882, 38.7674217224], [-2.58119797707, 117.947425842, 77.6227035522, 26.1570835114, 35.458984375, 27.7569503784, 78.5993728638, 81.5799636841, 91.4768371582, 143.782699585, 65.4299926758, 7.16698551178, 8.22082424164], [-516.734741211, 262.357818604, 36.9120025635, 67.689239502, 84.977180481, 33.4862327576, 112.225341797, 74.1085281372, 90.8873519897, 65.4299926758, 148.502944946, 20.3880329132, 30.2114067078], [127.692489624, -38.4731521606, 46.7105941772, 11.8947887421, -1.41280221939, 7.51529693604, -5.33271360397, 11.0286922455, -0.292228072882, 7.16698551178, 20.3880329132, 64.8394622803, 14.5681257248], [-280.67489624, 134.432601929, -4.93616008759, 14.7564640045, 31.0068778992, 15.7141494751, 46.1436347961, 16.0569038391, 38.7674217224, 8.22082424164, 30.2114067078, 14.5681257248, 73.3696975708]],
        "icov": [[9.83114368864e-05, -7.72258645156e-05, 0.000218599190703, -0.000143289231346, 9.84872531262e-05, -4.8181929742e-05, 3.87212421629e-05, -0.000260385422735, 0.000412212539231, -0.000383217557101, 0.000468530517537, -0.000483848940348, 0.00029072034522], [-7.72258645156e-05, 0.00103923561983, -0.000170879910002, 0.000408667634474, 0.000186458462849, -4.39099167124e-05, -0.00120241858531, 0.000619799538981, -0.0011274360586, 0.000766520097386, -0.00137065013405, 0.00116489524953, -0.000899155740626], [0.000218599190703, -0.000170879910002, 0.00311665399931, -0.00162001303397, 8.43736343086e-05, 0.00317357596941, -0.00159289012663, -0.00231774221174, 0.00134433701169, -0.00169648439623, 0.00272570620291, -0.0035943838302, 0.00154961028602], [-0.000143289231346, 0.000408667634474, -0.00162001303397, 0.00271107233129, -0.000964305305388, -0.00269453646615, 0.00200510234572, -3.56513555744e-05, -0.000862930493895, 0.00138414476532, -0.00254989648238, 0.00261339731514, -0.00138787273318], [9.84872531262e-05, 0.000186458462849, 8.43736343086e-05, -0.000964305305388, 0.00616594124585, -0.00210850173607, -0.00477691972628, 0.00227483245544, 0.00102965242695, -0.000129799547722, -0.000776753237005, -0.000198682857445, 0.000416776456404], [-4.8181929742e-05, -4.39099167124e-05, 0.00317357596941, -0.00269453646615, -0.00210850173607, 0.0133007355034, -0.00333793903701, -0.00506519433111, 0.00203709537163, -0.00117862178013, 0.00332154007629, -0.00370158627629, 0.00032471108716], [3.87212421629e-05, -0.00120241858531, -0.00159289012663, 0.00200510234572, -0.00477691972628, -0.00333793903701, 0.0161321610212, -0.00539232371375, -0.00361976097338, 0.000939012446906, -0.002515058266, 0.00370039441623, -0.00228290306404], [-0.000260385422735, 0.000619799538981, -0.00231774221174, -3.56513555744e-05, 0.00227483245544, -0.00506519433111, -0.00539232371375, 0.0151080247015, -0.00445902487263, -0.000658854609355, -0.0023515378125, 0.000705893093254, 0.00118597259279], [0.000412212539231, -0.0011274360586, 0.00134433701169, -0.000862930493895, 0.00102965242695, 0.00203709537163, -0.00361976097338, -0.00445902487263, 0.0134407142177, -0.00499559147283, 0.00174959399737, -0.00184448808432, -0.000608696078416], [-0.000383217557101, 0.000766520097386, -0.00169648439623, 0.00138414476532, -0.000129799547722, -0.00117862178013, 0.000939012446906, -0.000658854609355, -0.00499559147283, 0.0128223942593, -0.00586320459843, 0.00298965838738, -0.000378509401344], [0.000468530517537, -0.00137065013405, 0.00272570620291, -0.00254989648238, -0.000776753237005, 0.00332154007629, -0.002515058266, -0.0023515378125, 0.00174959399737, -0.00586320459843, 0.0164151843637, -0.00824352353811, 0.00132327992469], [-0.000483848940348, 0.00116489524953, -0.0035943838302, 0.00261339731514, -0.000198682857445, -0.00370158627629, 0.00370039441623, 0.000705893093254, -0.00184448808432, 0.00298965838738, -0.00824352353811, 0.0236146394163, -0.00701258704066], [0.00029072034522, -0.000899155740626, 0.00154961028602, -0.00138787273318, 0.000416776456404, 0.00032471108716, -0.00228290306404, 0.00118597259279, -0.000608696078416, -0.000378509401344, 0.00132327992469, -0.00701258704066, 0.0189147181809]]
    },
    "melbands": {
        "dmean": [0.00258449930698, 0.00136524427217, 0.000688111816999, 0.000526277930476, 0.00020130421035, 9.48393280851e-05, 6.61375743221e-05, 5.74364821659e-05, 7.57816960686e-05, 6.17059631622e-05, 4.18501222157e-05, 2.85041933239e-05, 2.70447308139e-05, 2.28317585425e-05, 2.81858428934e-05, 3.93150185118e-05, 4.05085338571e-05, 3.17582525895e-05, 2.14108604268e-05, 1.80233746505e-05, 1.43860725075e-05, 1.12556053864e-05, 1.57931390277e-05, 1.4862761418e-05, 1.37121414809e-05, 1.2251566659e-05, 1.75216682692e-05, 1.75563964149e-05, 1.37147362693e-05, 1.50591004058e-05, 1.64423909155e-05, 1.54616718646e-05, 1.33672956508e-05, 1.33803223434e-05, 1.04835944512e-05, 9.04585886019e-06, 1.03923257484e-05, 7.71547820477e-06, 7.30474675947e-06, 5.36503921467e-06],
        "dmean2": [0.00389312068, 0.00221438519657, 0.00112128071487, 0.000809875375126, 0.000367838743841, 0.000176472269231, 0.00010655188089, 0.000108088104753, 0.000134237183374, 0.000109270200483, 7.55783185014e-05, 5.11225480295e-05, 4.85883356305e-05, 4.09897766076e-05, 5.03310657223e-05, 7.03016557964e-05, 7.4136776675e-05, 5.69163239561e-05, 3.74675546482e-05, 2.93962712021e-05, 2.46346808126e-05, 1.83904448932e-05, 2.77062335954e-05, 2.58392592514e-05, 2.22299750021e-05, 2.0606088583e-05, 2.89835261356e-05, 2.92601889669e-05, 2.24761843128e-05, 2.54899096035e-05, 2.619638326e-05, 2.41770485445e-05, 2.16605403693e-05, 2.17241886276e-05, 1.50500400196e-05, 1.33094745252e-05, 1.55635425472e-05, 1.17546514957e-05, 1.15961956908e-05, 8.56097994983e-06],
        "dvar": [1.07905643745e-05, 3.8163575482e-06, 1.06837956082e-06, 9.9740236692e-07, 3.04838067677e-07, 2.08349760555e-07, 1.09181996777e-07, 1.07438239638e-07, 1.69869181832e-07, 1.03228316561e-07, 1.9405407059e-08, 5.02953634296e-09, 6.00149974161e-09, 7.05445302174e-09, 3.26843951903e-09, 7.93763454965e-09, 9.34931065899e-09, 4.96272711814e-09, 1.66835034676e-09, 9.98369942273e-10, 1.32184552193e-09, 3.95257493402e-10, 7.70025820884e-10, 7.03025693216e-10, 4.19886347913e-10, 4.72157313247e-10, 1.09391373737e-09, 4.74936423522e-10, 3.43570172312e-10, 3.96756016929e-10, 4.70076144676e-10, 7.90968956998e-10, 2.60324317658e-10, 3.20263954245e-10, 1.74068273684e-10, 1.53515436474e-10, 1.82235462831e-10, 9.90706544579e-11, 1.13891777953e-10, 5.2289596264e-11],
        "dvar2": [2.56162984442e-05, 9.85924816632e-06, 2.49271806751e-06, 1.75069237685e-06, 8.60635907429e-07, 6.21433684955e-07, 2.60678518771e-07, 3.11379380946e-07, 4.78887272948e-07, 2.82563433984e-07, 5.5555972267e-08, 1.49251615511e-08, 1.62985909213e-08, 2.12130082389e-08, 9.48609546469e-09, 2.28081429299e-08, 2.68536801684e-08, 1.36100215542e-08, 4.77137440669e-09, 2.16366236039e-09, 3.85985332585e-09, 1.16509835113e-09, 2.22772755798e-09, 2.10487871577e-09, 9.41437705571e-10, 1.36305267073e-09, 3.11730485869e-09, 1.14264397943e-09, 8.19108336714e-10, 9.68164548532e-10, 1.14460385614e-09, 1.996562915e-09, 5.93436966234e-10, 8.01913646598e-10, 3.41245365298e-10, 3.45416306669e-10, 4.23668516936e-10, 2.28102328692e-10, 2.70473504704e-10, 1.16955070628e-10],
        "max": [0.0253324694932, 0.0162881854922, 0.00766352750361, 0.00719201657921, 0.00397330801934, 0.00746902497485, 0.00646477658302, 0.00443760165945, 0.004835663829, 0.00370299303904, 0.0023600126151, 0.000934723007958, 0.00100309459958, 0.00117817136925, 0.000688113621436, 0.00116093223915, 0.00077136507025, 0.000554552127142, 0.000548270938452, 0.000689820502885, 0.00063535827212, 0.000302713306155, 0.000467410020065, 0.000500965979882, 0.0003662329691, 0.000408159336075, 0.000551973062102, 0.000382151396479, 0.000313616561471, 0.000254799699178, 0.000372651120415, 0.000445984042017, 0.000335833232384, 0.00017256688443, 0.000184451419045, 0.000195986867766, 0.000242994952714, 0.000166111945873, 0.0002096650569, 0.000149608502397],
        "mean": [0.00527708139271, 0.00261415052228, 0.000807907897979, 0.000621330575086, 0.000151578133227, 7.01532990206e-05, 6.00108069193e-05, 4.56729940197e-05, 5.88352668274e-05, 5.020374374e-05, 3.89070410165e-05, 2.97925726045e-05, 2.9222395824e-05, 2.61415407294e-05, 3.22094128933e-05, 3.68206274288e-05, 3.7437719584e-05, 3.31082410412e-05, 2.85495043499e-05, 2.69263873633e-05, 2.49112017627e-05, 2.1640520572e-05, 2.39395503741e-05, 2.39180208155e-05, 2.77139006357e-05, 2.58568597928e-05, 3.4618027712e-05, 3.57219250873e-05, 2.8318267141e-05, 3.11352268909e-05, 3.65691739717e-05, 3.50631817128e-05, 3.3432028431e-05, 2.87511429633e-05, 2.44502753048e-05, 2.07457342185e-05, 2.30525129155e-05, 1.76004286914e-05, 1.46946958921e-05, 1.09890679596e-05],
        "median": [0.00488518178463, 0.00235066516325, 0.000436911708675, 0.000170088402228, 3.69349800167e-05, 1.46454667629e-05, 8.86811903911e-06, 5.85015459365e-06, 6.82704921928e-06, 5.18500655744e-06, 7.30450665287e-06, 6.05554032518e-06, 8.11086556496e-06, 7.46058412915e-06, 9.49204331846e-06, 9.25941458263e-06, 9.56692201726e-06, 1.2217735275e-05, 1.21020329971e-05, 1.1772023754e-05, 1.27629964481e-05, 1.37359584187e-05, 1.10405580926e-05, 1.58106668096e-05, 1.85698281712e-05, 1.82634685189e-05, 2.49214463111e-05, 2.59246862697e-05, 1.81324430741e-05, 2.18101376959e-05, 2.23388888116e-05, 2.17130309466e-05, 2.33440096054e-05, 1.81852119567e-05, 1.41042291943e-05, 1.23117606563e-05, 1.32895766001e-05, 1.11992521852e-05, 9.23726474866e-06, 6.954469427e-06],
        "min": [5.78985999666e-24, 4.01766543485e-24, 6.94720926919e-24, 3.22536134899e-24, 9.5244107468e-24, 4.62171476821e-24, 6.04069330983e-24, 4.87614804812e-24, 5.83482033509e-24, 1.01589878139e-23, 7.40565262882e-24, 4.01788434375e-24, 4.72239511339e-24, 4.46494917368e-24, 5.33880353055e-24, 4.31173936968e-24, 5.98071858179e-24, 5.17178550526e-24, 6.15807896797e-24, 6.51660836078e-24, 6.61182939407e-24, 3.89299740726e-24, 5.28995686887e-24, 7.2371653501e-24, 1.01870341857e-23, 7.57115722445e-24, 1.05269661826e-23, 9.35724244351e-24, 7.06965704776e-24, 7.49909635848e-24, 1.08919989448e-23, 8.9237854642e-24, 8.67293321837e-24, 6.69335382989e-24, 6.37210166472e-24, 8.00449350805e-24, 9.43875780743e-24, 5.57078780125e-24, 7.57446570709e-24, 6.52792733148e-24],
        "var": [2.77501203527e-05, 7.20355092199e-06, 1.18309822028e-06, 1.61772697993e-06, 1.92557976675e-07, 1.24053244122e-07, 1.03040015631e-07, 7.35309839683e-08, 1.14954602282e-07, 7.54042162043e-08, 1.80551946727e-08, 6.99522484382e-09, 7.01142255366e-09, 7.13662995366e-09, 5.46400658052e-09, 7.60328688898e-09, 8.45599590349e-09, 4.9474264685e-09, 2.76859313253e-09, 3.05034220105e-09, 3.18300963364e-09, 1.10294540168e-09, 1.62634650192e-09, 1.26945465251e-09, 1.37152156299e-09, 1.04934083645e-09, 1.99326755101e-09, 1.60265345439e-09, 1.06405095845e-09, 1.12380371675e-09, 1.67409386354e-09, 1.81025094914e-09, 1.1476337658e-09, 9.64501145617e-10, 8.01431865316e-10, 5.82868753263e-10, 6.7202687859e-10, 3.77222364456e-10, 3.33016503262e-10, 1.76282724529e-10]
    },
    "mfcc": {
        "mean": [-618.091674805, 27.6843223572, 26.7084407806, 41.3554344177, 20.3116474152, 25.4373397827, 13.1860237122, 9.87586975098, 4.8309841156, 4.77157783508, 0.804154157639, -0.753962039948, -1.41600346565],
