{
"metadata": {
    "version": {
        "essentia": "2.0.1",
        "extractor": "archive-music 1.0"
    },
    "audio_properties": {
        "analysis_sample_rate": 44100,
        "bitrate": 128,
        "channels": 2,
        "equal_loudness": 0,
        "length": 15.3861227036,
        "replay_gain": -7.01209068298,
        "downmix": "mix"
    },
    "tags": {
        "track": 1,
        "year": 0,
        "album": "Elven Forest",
        "artist": "Lumiere Tales",
        "comment": "",
        "genre": "Other",
        "title": "Magic Fountain"
    }
},
"highlevel": {
    "culture": {
        "all": {
            "non_western": 0.0116250570863,
            "western": 0.988374948502
        },
        "probability": 0.988374948502,
        "value": "western"
    },
    "danceability": {
        "all": {
            "danceable": 0.300319522619,
            "not_danceable": 0.699680447578
        },
        "probability": 0.699680447578,
        "value": "not_danceable"
    },
    "gender": {
        "all": {
            "female": 0.127143517137,
            "male": 0.872856497765
        },
        "probability": 0.872856497765,
        "value": "male"
    },
    "genre_dortmund": {
        "all": {
            "alternative": 0.11778357625,
            "blues": 0.0197630934417,
            "electronic": 0.0353806950152,
            "folkcountry": 0.620398581028,
            "funksoulrnb": 0.0049650860019,
            "jazz": 0.0478229895234,
            "pop": 0.114347279072,
            "raphiphop": 0.00158339249901,
            "rock": 0.0379553027451
        },
        "probability": 0.620398581028,
        "value": "folkcountry"
    },
    "genre_electronic": {
        "all": {
            "ambient": 0.984125852585,
            "dnb": 0.00138102017809,
            "house": 0.00724351173267,
            "techno": 0.000995245180093,
            "trance": 0.00625439314172
        },
        "probability": 0.984125852585,
        "value": "ambient"
    },
    "genre_rosamerica": {
        "all": {
            "cla": 0.978108227253,
            "dan": 0.00121976947412,
            "hip": 0.000420124299126,
            "jaz": 0.00149474223144,
            "pop": 0.00307756778784,
            "rhy": 0.00319646554999,
            "roc": 0.00957033131272,
            "spe": 0.00291275326163
        },
        "probability": 0.978108227253,
        "value": "cla"
    },
    "genre_tzanetakis": {
        "all": {
            "blu": 0.000381220626878,
            "cla": 0.990856587887,
            "cou": 0.000514322659001,
            "dis": 0.000322336301906,
            "hip": 0.000147145517985,
            "jaz": 0.00314061413519,
            "met": 5.05329335283e-05,
            "pop": 0.000540057080798,
            "reg": 0.000457214046037,
            "roc": 0.00358998193406
        },
        "probability": 0.990856587887,
        "value": "cla"
    },
    "mirex_ballroom": {
        "all": {
            "ChaChaCha": 2.12373670365e-05,
            "Jive": 9.80550248642e-06,
            "Quickstep": 0.000151506363181,
            "Rumba-American": 0.00018953824474,
            "Rumba-International": 0.000904507935047,
            "Rumba-Misc": 0.000482817762531,
            "Samba": 1.98026191356e-05,
            "Tango": 0.000744204386137,
            "VienneseWaltz": 0.0193307939917,
            "Waltz": 0.978145778179
        },
        "probability": 0.978145778179,
        "value": "Waltz"
    },
    "mood_acoustic": {
        "all": {
            "acoustic": 0.99840182066,
            "not_acoustic": 0.00159817945678
        },
        "probability": 0.99840182066,
        "value": "acoustic"
    },
    "mood_aggressive": {
        "all": {
            "aggressive": 1.62668438861e-05,
            "not_aggressive": 0.999983727932
        },
        "probability": 0.999983727932,
        "value": "not_aggressive"
    },
    "mood_electronic": {
        "all": {
            "electronic": 0.158997043967,
            "not_electronic": 0.841002941132
        },
        "probability": 0.841002941132,
        "value": "not_electronic"
    },
    "mood_happy": {
        "all": {
            "happy": 0.405399113894,
            "not_happy": 0.594600856304
        },
        "probability": 0.594600856304,
        "value": "not_happy"
    },
    "mood_party": {
        "all": {
            "not_party": 0.976538300514,
            "party": 0.0234616808593
        },
        "probability": 0.976538300514,
        "value": "not_party"
    },
    "mood_relaxed": {
        "all": {
            "not_relaxed": 0.0162566099316,
            "relaxed": 0.983743369579
        },
        "probability": 0.983743369579,
        "value": "relaxed"
    },
    "mood_sad": {
        "all": {
            "not_sad": 0.0799716189504,
            "sad": 0.9200283885
        },
        "probability": 0.9200283885,
        "value": "sad"
    },
    "moods_mirex": {
        "all": {
            "Cluster1": 0.0727559402585,
            "Cluster2": 0.24159540236,
            "Cluster3": 0.348988652229,
            "Cluster4": 0.333082288504,
            "Cluster5": 0.00357771315612
        },
        "probability": 0.348988652229,
        "value": "Cluster3"
    },
    "timbre": {
        "all": {
            "bright": 0.999999880791,
            "dark": 1.23429771293e-07
        },
        "probability": 0.999999880791,
        "value": "bright"
    },
    "tonal_atonal": {
        "all": {
            "atonal": 0.182336643338,
            "tonal": 0.817663371563
        },
        "probability": 0.817663371563,
        "value": "tonal"
    },
    "voice_instrumental": {
        "all": {
            "instrumental": 0.981437981129,
            "voice": 0.0185619946569
        },
        "probability": 0.981437981129,
        "value": "instrumental"
    }
},
"lowlevel": {
    "average_loudness": 0.922634482384,
    "barkbands_kurtosis": {
        "dmean": 1.63116717339,
        "dmean2": 2.17185592651,
        "dvar": 8.64589595795,
        "dvar2": 16.905216217,
        "max": 54.7834701538,
        "mean": 2.95423007011,
        "median": 1.3001036644,
        "min": -1.50642061234,
        "var": 31.0347156525
    },
    "barkbands_skewness": {
        "dmean": 0.304818481207,
        "dmean2": 0.411607712507,
        "dvar": 0.103608123958,
        "dvar2": 0.186577796936,
        "max": 5.610496521,
        "mean": 1.26386642456,
        "median": 1.22501516342,
        "min": -2.14378523827,
        "var": 0.693847417831
    },
    "barkbands_spread": {
        "dmean": 1.41875314713,
        "dmean2": 1.89623069763,
        "dvar": 4.25852394104,
        "dvar2": 11.1791267395,
        "max": 51.2518234253,
        "mean": 8.30839538574,
        "median": 8.28278255463,
        "min": 0.927437126637,
        "var": 16.3249416351
    },
    "dissonance": {
        "dmean": 0.0273556485772,
        "dmean2": 0.0466184802353,
        "dvar": 0.000605000066571,
        "dvar2": 0.00160768977366,
        "max": 0.496279120445,
        "mean": 0.407339453697,
        "median": 0.411254972219,
        "min": 0.256931334734,
        "var": 0.00142490933649
    },
    "dynamic_complexity": 2.37729859352,
    "erbbands_kurtosis": {
        "dmean": 0.994604408741,
        "dmean2": 1.41637921333,
        "dvar": 4.40057897568,
        "dvar2": 9.21931838989,
        "max": 34.5749435425,
        "mean": 0.781457901001,
        "median": -0.303873062134,
        "min": -1.33781158924,
        "var": 11.6432476044
    },
    "erbbands_skewness": {
        "dmean": 0.33633607626,
        "dmean2": 0.428862094879,
        "dvar": 0.114175453782,
        "dvar2": 0.202807307243,
        "max": 5.41562080383,
        "mean": 0.517170250416,
        "median": 0.322408795357,
        "min": -1.22383475304,
        "var": 0.936436653137
    },
    "erbbands_spread": {
        "dmean": 2.03326892853,
        "dmean2": 2.90074515343,
        "dvar": 4.75422716141,
        "dvar2": 11.0269031525,
        "max": 42.5653610229,
        "mean": 15.5975475311,
        "median": 15.6390991211,
        "min": 2.43302893639,
        "var": 29.4457263947
    },
    "hfc": {
        "dmean": 2.90528130531,
        "dmean2": 3.90180373192,
        "dvar": 24.8292713165,
        "dvar2": 43.2614936829,
        "max": 86.8823852539,
        "mean": 14.2033290863,
        "median": 11.5782165527,
        "min": 1.15338729422e-16,
        "var": 126.19733429
    },
    "melbands_kurtosis": {
        "dmean": 1.90895485878,
        "dmean2": 2.6608300209,
        "dvar": 14.8782272339,
        "dvar2": 30.5900096893,
        "max": 71.6618652344,
        "mean": 4.46182060242,
        "median": 2.75417518616,
        "min": -1.3243612051,
        "var": 50.3353652954
    },
    "melbands_skewness": {
        "dmean": 0.275130361319,
        "dmean2": 0.401196628809,
        "dvar": 0.0724625885487,
        "dvar2": 0.151670321822,
        "max": 5.7693567276,
        "mean": 1.42822194099,
        "median": 1.39231872559,
        "min": -0.315291643143,
        "var": 0.466502487659
    },
    "melbands_spread": {
        "dmean": 2.49736332893,
        "dmean2": 3.38540315628,
        "dvar": 30.419588089,
        "dvar2": 52.3807830811,
        "max": 131.347595215,
        "mean": 13.1819009781,
        "median": 11.9579076767,
        "min": 1.14762639999,
        "var": 125.20526886
    },
    "pitch_salience": {
        "dmean": 0.051165021956,
        "dmean2": 0.0763399526477,
        "dvar": 0.00215217168443,
        "dvar2": 0.00479238340631,
        "max": 0.918145477772,
        "mean": 0.545946717262,
        "median": 0.555599749088,
        "min": 0.143549159169,
        "var": 0.0124789718539
    },
    "silence_rate_20dB": {
        "dmean": 0,
        "dmean2": 0,
        "dvar": 0,
        "dvar2": 0,
        "max": 1,
        "mean": 1,
        "median": 1,
        "min": 1,
        "var": 0
    },
    "silence_rate_30dB": {
        "dmean": 0.00603318260983,
        "dmean2": 0.0120845921338,
        "dvar": 0.00599676650017,
        "dvar2": 0.0149595942348,
        "max": 1,
        "mean": 0.989457845688,
        "median": 1,
        "min": 0,
        "var": 0.0104310121387
    },
    "silence_rate_60dB": {
        "dmean": 0.00301659130491,
        "dmean2": 0.00604229606688,
        "dvar": 0.00300750951283,
        "dvar2": 0.00600575655699,
        "max": 1,
        "mean": 0.048192769289,
        "median": 0,
        "min": 0,
        "var": 0.0458699055016
    },
    "spectral_centroid": {
        "dmean": 82.8158721924,
        "dmean2": 108.908576965,
        "dvar": 199447.53125,
        "dvar2": 250123.40625,
        "max": 11258.7841797,
        "mean": 716.985961914,
        "median": 641.547851562,
        "min": 414.523681641,
        "var": 502277
    },
    "spectral_complexity": {
        "dmean": 1.50226247311,
        "dmean2": 2.45317220688,
        "dvar": 1.85180687904,
        "dvar2": 4.36261796951,
        "max": 24,
        "mean": 14.2831325531,
        "median": 15,
        "min": 0,
        "var": 16.0704250336
    },
    "spectral_crest": {
        "dmean": 1.49732232094,
        "dmean2": 2.15827059746,
        "dvar": 1.88175821304,
        "dvar2": 3.60146450996,
        "max": 21.7849273682,
        "mean": 9.87710571289,
        "median": 8.94440746307,
        "min": 3.66078710556,
        "var": 14.6273012161
    },
    "spectral_decrease": {
        "dmean": 1.30791943942e-09,
        "dmean2": 1.75544856429e-09,
        "dvar": 4.94452215596e-18,
        "dvar2": 8.71757458482e-18,
        "max": 1.54967861053e-20,
        "mean": -6.05903816009e-09,
        "median": -4.9866284435e-09,
        "min": -3.97249806383e-08,
        "var": 2.36009451838e-17
    },
    "spectral_energy": {
        "dmean": 0.00518004363403,
        "dmean2": 0.00695268483832,
        "dvar": 7.7917589806e-05,
        "dvar2": 0.000137208466185,
        "max": 0.157811656594,
        "mean": 0.0241564754397,
        "median": 0.019839502871,
        "min": 1.05884659871e-20,
        "var": 0.000372616428649
    },
    "spectral_energyband_high": {
        "dmean": 5.60132548344e-06,
        "dmean2": 8.2106789705e-06,
        "dvar": 4.38606484465e-10,
        "dvar2": 9.49902601022e-10,
        "max": 0.000370604655473,
        "mean": 1.0266575373e-05,
        "median": 2.72959186987e-06,
        "min": 7.61379283397e-21,
        "var": 6.73767375226e-10
    },
    "spectral_energyband_low": {
        "dmean": 0.000228510180023,
        "dmean2": 0.000336251512635,
        "dvar": 1.81447063596e-07,
        "dvar2": 3.59676619155e-07,
        "max": 0.0071253105998,
        "mean": 0.000510248821229,
        "median": 0.000189941725694,
        "min": 2.65780428723e-23,
        "var": 6.31874854662e-07
    },
    "spectral_energyband_middle_high": {
        "dmean": 0.00100978300907,
        "dmean2": 0.00138928322122,
        "dvar": 2.42780879489e-06,
        "dvar2": 3.96241966882e-06,
        "max": 0.0287617780268,
        "mean": 0.00458536250517,
        "median": 0.00316309183836,
        "min": 1.57847830912e-21,
        "var": 1.80517108674e-05
    },
    "spectral_energyband_middle_low": {
        "dmean": 0.00483215460554,
        "dmean2": 0.00643164571375,
        "dvar": 6.74344482832e-05,
        "dvar2": 0.000119876385725,
        "max": 0.149526700377,
        "mean": 0.0194046925753,
        "median": 0.0151967387646,
        "min": 2.94833721479e-22,
        "var": 0.00030708880513
    },
    "spectral_flatness_db": {
        "dmean": 0.0140345003456,
        "dmean2": 0.0200438853353,
        "dvar": 0.000177440888365,
        "dvar2": 0.00030934024835,
        "max": 0.403943806887,
        "mean": 0.254752546549,
        "median": 0.251729369164,
        "min": 0.0625037625432,
        "var": 0.00159877736587
    },
    "spectral_flux": {
        "dmean": 0.0159822180867,
        "dmean2": 0.0256114043295,
        "dvar": 0.000513467297424,
        "dvar2": 0.0012097688159,
        "max": 0.242728561163,
        "mean": 0.0460840575397,
        "median": 0.0410748645663,
        "min": 6.68873290088e-11,
        "var": 0.000761024130043
    },
    "spectral_kurtosis": {
        "dmean": 14.3762168884,
        "dmean2": 25.113243103,
        "dvar": 121.560470581,
        "dvar2": 370.481414795,
        "max": 95.5790405273,
        "mean": 33.1600379944,
        "median": 29.7149982452,
        "min": -1.23913419247,
        "var": 348.875793457
    },
    "spectral_rms": {
        "dmean": 0.000487299985252,
        "dmean2": 0.00064899539575,
        "dvar": 4.09820074765e-07,
        "dvar2": 7.30975216356e-07,
        "max": 0.0124081661925,
        "mean": 0.00452300999314,
        "median": 0.00439950171858,
        "min": 3.21406443127e-12,
        "var": 3.10965242534e-06
    },
    "spectral_rolloff": {
        "dmean": 186.750701904,
        "dmean2": 317.338012695,
        "dvar": 924416.3125,
        "dvar2": 1739948.625,
        "max": 19444.4824219,
        "mean": 1093.88061523,
        "median": 904.39453125,
        "min": 409.130859375,
        "var": 2501844.5
    },
    "spectral_skewness": {
        "dmean": 0.919907867908,
        "dmean2": 1.60879337788,
        "dvar": 0.489183664322,
        "dvar2": 1.44203913212,
        "max": 7.79130840302,
        "mean": 3.62083053589,
        "median": 3.48424386978,
        "min": -0.0288493242115,
        "var": 1.45542418957
    },
    "spectral_spread": {
        "dmean": 297845.25,
        "dmean2": 480831.3125,
        "dvar": 3.65391196979e+12,
        "dvar2": 5.55903614976e+12,
        "max": 42784332,
        "mean": 1604155.25,
        "median": 1383435.25,
        "min": 626637.9375,
        "var": 7.60682853171e+12
    },
    "spectral_strongpeak": {
        "dmean": 0.407439827919,
        "dmean2": 0.61431312561,
        "dvar": 0.228701129556,
        "dvar2": 0.52409350872,
        "max": 6.17118358612,
        "mean": 1.4206931591,
        "median": 1.23807585239,
        "min": 0,
        "var": 0.949346423149
    },
    "zerocrossingrate": {
        "dmean": 0.00428479677066,
        "dmean2": 0.00589477922767,
        "dvar": 0.000568963412661,
        "dvar2": 0.00108128169086,
        "max": 0.50390625,
        "mean": 0.0358908772469,
        "median": 0.03173828125,
        "min": 0.017578125,
        "var": 0.00164345826488
    },
    "barkbands": {
        "dmean": [4.40960320702e-06, 4.28097700933e-05, 0.000154899331392, 0.000234399834881, 0.00120263022836, 0.00103281578049, 0.00236850255169, 0.00169390125666, 0.000191673025256, 0.000364071602235, 0.000182585034054, 0.000445029349066, 0.000155788948177, 0.000385092746001, 0.000122300261864, 8.4045008407e-05, 3.42734419974e-05, 2.31637477555e-05, 1.17223826237e-05, 4.19766593041e-06, 1.88417845948e-06, 6.78867763781e-07, 5.3034375469e-07, 4.16816448023e-08, 1.45089167347e-08, 2.2512349318e-08, 2.42263675787e-09],
        "dmean2": [7.47148260416e-06, 6.77172283758e-05, 0.000223968687351, 0.000357305456419, 0.00172482267953, 0.00155271624681, 0.00280302739702, 0.00251781847328, 0.000304422370391, 0.000503818271682, 0.000259887514403, 0.000594574317802, 0.00023402980878, 0.000572542194277, 0.000174307235284, 0.000136365561048, 5.08160337631e-05, 3.35254844686e-05, 1.83273405128e-05, 6.672989457e-06, 2.95414497486e-06, 1.0342727137e-06, 6.82044060341e-07, 6.62083152747e-08, 2.3945961658e-08, 3.83494196399e-08, 4.19419077247e-09],
        "dvar": [1.97141834107e-11, 2.80052301349e-08, 6.76420413015e-08, 1.42253512081e-07, 4.13080942963e-06, 2.01990133064e-06, 2.59167482e-05, 1.1459435882e-05, 1.84523599955e-07, 2.2659916965e-07, 4.45223342638e-08, 3.87407396829e-07, 6.47791082997e-08, 3.59832853292e-07, 2.83765064779e-08, 1.68048828186e-08, 4.49138370939e-09, 1.40409872618e-09, 8.72171612709e-10, 2.04641303903e-10, 3.68146693686e-11, 1.49163997126e-11, 1.26523236332e-11, 1.93061949619e-14, 3.2981191859e-16, 7.32107358152e-16, 1.39275228693e-17],
        "dvar2": [5.44166690875e-11, 6.39170920635e-08, 1.14075724866e-07, 2.98930046938e-07, 6.83782081978e-06, 4.8652705118e-06, 3.65789528587e-05, 2.54574297287e-05, 3.85636752753e-07, 4.22585060278e-07, 9.38961122188e-08, 6.79197853515e-07, 1.22299155692e-07, 6.92971639182e-07, 5.53066108466e-08, 4.09644727029e-08, 9.81008696499e-09, 2.73240852167e-09, 2.01262895239e-09, 4.92152762988e-10, 8.78413591865e-11, 3.8518330886e-11, 2.22727877808e-11, 4.18589655667e-14, 8.48662850403e-16, 1.98611883132e-15, 3.97991698244e-17],
        "max": [4.21469885623e-05, 0.00351187167689, 0.00447882525623, 0.00702631054446, 0.0508735179901, 0.0209072548896, 0.113679215312, 0.0568363778293, 0.00607910938561, 0.00833713077009, 0.00178636820056, 0.0134662566707, 0.00429220777005, 0.00977204553783, 0.00196983641945, 0.00193706364371, 0.00101770018227, 0.000616641889792, 0.000375103758415, 0.00023371266434, 8.27149124234e-05, 7.64658907428e-05, 8.57881823322e-05, 2.97402766591e-06, 2.5479741339e-07, 3.21537044101e-07, 4.09520346523e-08],
        "mean": [1.35207983476e-05, 6.55735420878e-05, 0.000343358900864, 0.000636406126432, 0.00416552787647, 0.00306215928867, 0.0068646511063, 0.00374274910428, 0.000431630498497, 0.00108602375258, 0.000299054547213, 0.00140659266617, 0.000414246926084, 0.000916375545785, 0.000289886753308, 0.000241194124101, 9.03699037735e-05, 5.18605847901e-05, 2.30761870625e-05, 7.23439097783e-06, 3.11536314257e-06, 9.59359908848e-07, 7.08931509052e-07, 1.16687061791e-07, 5.21722327562e-08, 8.64010658574e-08, 2.65763633323e-09],
        "median": [1.20876775327e-05, 1.06302613858e-05, 0.000106578867417, 0.000287145201582, 0.00228836853057, 0.00226626056246, 0.00364417815581, 0.00186347891577, 0.000159117407748, 0.000719865493011, 0.000185207332834, 0.000812812475488, 0.000219240260776, 0.000521087786183, 0.000157654925715, 0.000158362920047, 4.64507065772e-05, 2.6084628189e-05, 7.21929518477e-06, 2.09759991776e-06, 7.98003043201e-07, 1.43065335578e-07, 6.13202075783e-08, 8.85197621869e-08, 4.85639617409e-08, 6.62546426611e-08, 1.22674370662e-09],
        "min": [1.22436271061e-24, 6.71182421912e-24, 1.19600203694e-23, 1.15294356326e-23, 9.64598998951e-24, 3.76158982542e-23, 5.44234886076e-23, 4.84807091078e-23, 5.9072365829e-23, 2.70650445744e-23, 2.20312931615e-23, 8.76026311824e-23, 1.01274215448e-22, 1.15403724002e-22, 8.53476123314e-23, 1.87197248167e-22, 1.1125011259e-22, 2.00342132094e-22, 2.06644562747e-22, 3.08669685424e-22, 4.25447958533e-22, 4.37271178588e-22, 5.78068436104e-22, 7.33325248955e-22, 1.05928383717e-21, 1.55231337061e-21, 2.07821172137e-21],
        "var": [6.96855698146e-11, 4.27362643052e-08, 3.40726444392e-07, 8.20235470655e-07, 3.41536360793e-05, 8.40873508423e-06, 0.000148024526425, 2.7041980502e-05, 6.40565076537e-07, 1.24769530885e-06, 9.61785602271e-08, 3.00403144138e-06, 3.22554456034e-07, 1.41858959068e-06, 1.10267784237e-07, 7.13611427727e-08, 1.38972460206e-08, 5.50225376372e-09, 2.26857643781e-09, 2.71380695693e-10, 5.71483693701e-11, 1.44897548821e-11, 1.90718638798e-11, 2.75304071532e-14, 1.08119975832e-15, 5.78231615421e-15, 1.71132981564e-17]
    },
    "erbbands": {
        "dmean": [0.000384851678973, 0.0141355674714, 0.134659096599, 0.431532740593, 3.60372209549, 3.50269913673, 5.93176841736, 8.36408901215, 14.3592605591, 65.7608413696, 31.5567378998, 6.18618774414, 8.97132778168, 9.44408988953, 6.38432979584, 22.9573249817, 5.84375905991, 23.1446704865, 6.87210655212, 5.49760293961, 3.00430798531, 1.73641633987, 1.17331421375, 0.770341813564, 0.4250690341, 0.206784963608, 0.1276268363, 0.0538536459208, 0.0272046197206, 0.0203219465911, 0.0133183132857, 0.0018641500501, 0.000782852235716, 0.00020805314125, 0.000119199510664, 0.000114478280011, 5.1101178542e-05, 6.47712795399e-06, 2.54699307334e-06, 5.86302530792e-06],
        "dmean2": [0.000581736094318, 0.0220922324806, 0.198561519384, 0.639410316944, 4.73537635803, 5.21965026855, 9.91060352325, 12.4923706055, 17.6580219269, 82.5910110474, 47.0400085449, 9.1696138382, 11.8805179596, 14.1793375015, 8.79540061951, 30.6027507782, 8.62273406982, 34.1402893066, 9.4847574234, 9.12613010406, 4.63421916962, 2.55635762215, 1.75730526447, 1.16351163387, 0.647789895535, 0.3318990767, 0.194077923894, 0.0843829065561, 0.04096974805, 0.0266386382282, 0.0179997868836, 0.00283835153095, 0.00124509306625, 0.000345864682458, 0.000195412852918, 0.000196008753846, 8.41700893943e-05, 1.0567749996e-05, 3.41427312378e-06, 7.86339751357e-06],
        "dvar": [3.40972496815e-06, 0.00217647408135, 0.0462279990315, 0.399721115828, 57.6070785522, 31.6728210449, 164.366149902, 126.991088867, 359.919281006, 21305.0371094, 6461.30371094, 195.834289551, 217.510955811, 233.895507812, 47.8354148865, 1038.64013672, 89.9052734375, 1408.07470703, 94.3330230713, 66.7359161377, 29.3232021332, 14.2320489883, 3.42723870277, 2.76601243019, 1.14652240276, 0.717308521271, 0.173902481794, 0.037752289325, 0.023617060855, 0.0144614409655, 0.00577477365732, 0.000111415181891, 9.65026083577e-06, 1.03450631173e-07, 2.22971223707e-08, 1.81844939107e-08, 4.43679937234e-09, 7.09539441091e-11, 1.85668997538e-11, 1.00228943201e-10],
        "dvar2": [6.5334647843e-06, 0.00500919437036, 0.0868296995759, 0.759482860565, 77.2536468506, 67.2001495361, 465.137329102, 282.639251709, 553.452453613, 34246.1054688, 14548.6210938, 398.177490234, 389.161102295, 501.531097412, 102.24773407, 1815.00317383, 163.124954224, 2631.01708984, 159.145553589, 175.920196533, 61.1371841431, 30.9792175293, 7.43963670731, 5.98317098618, 2.7005007267, 1.80038774014, 0.384375751019, 0.0873815119267, 0.0586784854531, 0.0234721936285, 0.010795654729, 0.000260925589828, 2.40364770434e-05, 2.690430847e-07, 5.57624737496e-08, 5.15323748118e-08, 1.17628813356e-08, 1.97469554597e-10, 3.23829817128e-11, 1.76172076927e-10],
        "max": [0.0418259836733, 0.96807128191, 3.3246421814, 12.3154163361, 212.851287842, 74.4180145264, 131.81048584, 182.001022339, 333.002075195, 3147.54321289, 1556.09753418, 217.229385376, 313.892181396, 179.234771729, 66.973236084, 698.024780273, 168.454421997, 617.129394531, 119.70425415, 91.3646774292, 97.0010528564, 69.2644882202, 20.2992420197, 21.6682949066, 12.5374917984, 16.1310653687, 5.93179750443, 2.28309679031, 3.03157615662, 2.978328228, 1.35611200333, 0.221436306834, 0.0685711503029, 0.00457583414391, 0.00178720988333, 0.00148464879021, 0.000700182688888, 9.53826965997e-05, 7.7692369814e-05, 0.000179205933819],
        "mean": [0.000792908656877, 0.0242828540504, 0.294915020466, 1.33738040924, 13.2242507935, 9.39467430115, 12.5438499451, 24.1752510071, 47.150177002, 165.295059204, 68.058555603, 14.9085454941, 27.018239975, 26.8168563843, 14.9960231781, 72.7374191284, 19.8759670258, 58.2827796936, 18.2822303772, 13.5308132172, 9.67205715179, 5.14819192886, 2.77911877632, 1.76472377777, 0.733158826828, 0.383914411068, 0.222231924534, 0.0863551571965, 0.0393077023327, 0.0293637122959, 0.0182519238442, 0.00338720530272, 0.00200166669674, 0.000752118241508, 0.000386845582398, 0.000402548495913, 0.000176019209903, 1.68369151652e-05, 1.23310937852e-05, 2.75870479527e-05],
        "median": [0.000244346359977, 0.00766131840646, 0.114326536655, 0.808383882046, 3.83714103699, 5.59121274948, 6.55607700348, 15.1282901764, 32.8677062988, 68.8361358643, 34.7442321777, 7.27627944946, 15.1696662903, 16.5240516663, 12.2832517624, 41.8679885864, 12.6442699432, 32.2674560547, 10.8800144196, 8.93557929993, 5.71138143539, 2.76927709579, 1.51824164391, 0.636701703072, 0.265470802784, 0.116140060127, 0.0563549697399, 0.0178068690002, 0.00612001260743, 0.00305087119341, 0.00197860272601, 0.00190240168013, 0.00136727513745, 0.000519778055605, 0.000313459400786, 0.000305688357912, 0.00013709157065, 1.48270983118e-05, 1.01282694231e-05, 2.25471994781e-05],
        "min": [1.81750081575e-22, 1.94725606532e-21, 1.46779871588e-20, 2.80287824118e-20, 3.25005046474e-20, 3.44306304404e-20, 1.94858794727e-19, 3.62110746704e-19, 6.18886918338e-19, 7.16623063999e-19, 1.11597231866e-18, 1.35114121437e-18, 1.38648116188e-18, 5.25455627379e-19, 1.45830990735e-18, 3.87422488957e-18, 3.07994993538e-18, 5.34806097703e-18, 5.00665086459e-18, 8.25263125175e-18, 7.70666971359e-18, 7.273586069e-18, 9.84377106264e-18, 1.15628980482e-17, 1.15958901469e-17, 1.50842125332e-17, 1.45764824558e-17, 1.32623546787e-17, 1.81699916104e-17, 1.33107406087e-17, 1.77509518383e-17, 1.74915397264e-17, 1.10451963085e-17, 1.02941915857e-17, 7.8731257498e-18, 5.68878122083e-18, 2.91159200415e-18, 1.21620468861e-18, 2.85825255482e-19, 2.96176477345e-20],
        "var": [7.43050395613e-06, 0.00333318370394, 0.199173688889, 2.53031682968, 611.071105957, 121.100318909, 251.313400269, 660.126281738, 2519.8203125, 105677.445312, 13198.7197266, 572.217468262, 1395.30163574, 761.762023926, 144.261932373, 8040.60253906, 555.803344727, 6025.04150391, 400.897827148, 186.121994019, 139.136077881, 43.1220703125, 11.3698558807, 9.25532531738, 1.9258928299, 0.890663802624, 0.27177977562, 0.0574487932026, 0.0241151656955, 0.0233614165336, 0.00864996388555, 0.000113443944429, 1.08430131149e-05, 4.03061875431e-07, 8.00794524025e-08, 9.85915065144e-08, 2.73628035785e-08, 2.36811792398e-10, 9.1735098684e-11, 4.81565509691e-10]
    },
    "gfcc": {
        "mean": [-119.505432129, 186.865753174, -162.37046814, -37.9445991516, -42.6359291077, -28.1031017303, -46.6065406799, -16.535200119, -20.8704833984, -7.55033540726, -9.44302368164, -15.374917984, -13.4106588364],
        "cov": [[13277.9121094, 1650.50341797, -1535.74853516, -68.8973236084, -286.948120117, -314.352813721, -204.527191162, -312.563995361, -136.224319458, -115.025123596, -118.521148682, -57.4221992493, -222.225143433], [1650.50341797, 682.612731934, -62.1444358826, -123.202156067, 42.9703216553, 3.24976444244, -58.0980758667, 18.656370163, 11.377196312, -42.3286247253, 23.9587459564, -77.1015396118, 22.9991531372], [-1535.74853516, -62.1444358826, 527.177856445, -78.9622955322, 105.747970581, 82.3886184692, -10.334022522, 192.403121948, 74.5037918091, 41.2501716614, 75.986869812, 15.8773040771, 46.004322052], [-68.8973236084, -123.202156067, -78.9622955322, 287.944610596, -8.18655872345, 15.0089292526, 113.14906311, -86.7364120483, 38.2194824219, -36.6538276672, -52.9124832153, -0.666892826557, -37.2833900452], [-286.948120117, 42.9703216553, 105.747970581, -8.18655872345, 111.197471619, 70.1935577393, 14.1010599136, 40.9862365723, 3.76564049721, 9.82035255432, 15.2985029221, -8.10331249237, 4.6348118782], [-314.352813721, 3.24976444244, 82.3886184692, 15.0089292526, 70.1935577393, 128.524887085, 49.8010177612, 33.9496841431, 12.5343942642, 7.43169784546, 15.7708158493, -7.96846294403, 5.67978858948], [-204.527191162, -58.0980758667, -10.334022522, 113.14906311, 14.1010599136, 49.8010177612, 142.591583252, 10.9519271851, 53.6063270569, 9.2000579834, -1.75810933113, -0.208101719618, -9.37446975708], [-312.563995361, 18.656370163, 192.403121948, -86.7364120483, 40.9862365723, 33.9496841431, 10.9519271851, 193.570602417, 70.4355545044, 46.8827285767, 67.5475387573, 17.2224712372, 18.6563434601], [-136.224319458, 11.377196312, 74.5037918091, 38.2194824219, 3.76564049721, 12.5343942642, 53.6063270569, 70.4355545044, 120.433517456, 28.8495826721, 45.2085266113, 1.37488782406, -10.9673995972], [-115.025123596, -42.3286247253, 41.2501716614, -36.6538276672, 9.82035255432, 7.43169784546, 9.2000579834, 46.8827285767, 28.8495826721, 73.4427871704, 43.9109306335, 21.2014846802, 4.74913406372], [-118.521148682, 23.9587459564, 75.986869812, -52.9124832153, 15.2985029221, 15.7708158493, -1.75810933113, 67.5475387573, 45.2085266113, 43.9109306335, 104.287445068, 30.6520519257, 7.2623257637], [-57.4221992493, -77.1015396118, 15.8773040771, -0.666892826557, -8.10331249237, -7.96846294403, -0.208101719618, 17.2224712372, 1.37488782406, 21.2014846802, 30.6520519257, 57.9982032776, 10.6804599762], [-222.225143433, 22.9991531372, 46.004322052, -37.2833900452, 4.6348118782, 5.67978858948, -9.37446975708, 18.6563434601, -10.9673995972, 4.74913406372, 7.2623257637, 10.6804599762, 58.12682724]],
        "icov": [[0.000267236871878, -0.000841446628328, 0.000606691406574, -0.000196343607968, 0.000442975113401, -0.000128006358864, 0.000312240095809, -0.000429330422776, 0.000191465791431, -0.000465381453978, 0.000579402432777, -0.0011992683867, 0.00113596883602], [-0.000841446628328, 0.00532824499533, -0.000609778740909, 0.00155933550559, -0.00341101107188, 0.00081244239118, -0.000159573653946, 0.00107708422001, -0.00225395592861, 0.00392462313175, -0.00371666159481, 0.00737458420917, -0.0056578409858], [0.000606691406574, -0.000609778740909, 0.00589902652428, -0.00065472786082, -0.00215795915574, -0.00110152678099, 0.00309206917882, -0.00404613651335, -0.0018178280443, 0.000456243637018, 0.000370194902644, -0.00127346732188, -0.000643503153697], [-0.000196343607968, 0.00155933550559, -0.00065472786082, 0.00979001820087, -0.00218324619345, 0.000523277267348, -0.00594452116638, 0.00526913953945, -0.00546401692554, 0.00473696785048, 0.00273053068668, -0.00300633534789, 0.001696345862], [0.000442975113401, -0.00341101107188, -0.00215795915574, -0.00218324619345, 0.0186157897115, -0.00775922229514, 0.000569383963011, -0.0019220119575, 0.00496433395892, -0.00423413747922, 0.0011883478146, -0.00149377936032, 0.00474189035594], [-0.000128006358864, 0.00081244239118, -0.00110152678099, 0.000523277267348, -0.00775922229514, 0.0148804523051, -0.00578437652439, 0.000191950661247, 0.00207767169923, 0.00134411710314, -0.00297605758533, 0.00343545805663, -0.00141044915654], [0.000312240095809, -0.000159573653946, 0.00309206917882, -0.00594452116638, 0.000569383963011, -0.00578437652439, 0.0163184721023, -0.00334591371939, -0.00442796386778, -0.00281955557875, 0.00153317709919, 0.000139148367452, -0.00159997714218], [-0.000429330422776, 0.00107708422001, -0.00404613651335, 0.00526913953945, -0.0019220119575, 0.000191950661247, -0.00334591371939, 0.0141493473202, -0.0062731555663, -7.29480816517e-05, -0.000821293855552, -0.00144262588583, -0.00124200084247], [0.000191465791431, -0.00225395592861, -0.0018178280443, -0.00546401692554, 0.00496433395892, 0.00207767169923, -0.00442796386778, -0.0062731555663, 0.020759081468, -0.00496188085526, -0.00623810105026, 0.00422859750688, 0.00458292430267], [-0.000465381453978, 0.00392462313175, 0.000456243637018, 0.00473696785048, -0.00423413747922, 0.00134411710314, -0.00281955557875, -7.29480816517e-05, -0.00496188085526, 0.0243637599051, -0.0067277373746, -0.00040994893061, -0.00289075518958], [0.000579402432777, -0.00371666159481, 0.000370194902644, 0.00273053068668, 0.0011883478146, -0.00297605758533, 0.00153317709919, -0.000821293855552, -0.00623810105026, -0.0067277373746, 0.022546408698, -0.0146790631115, 0.00510394899175], [-0.0011992683867, 0.00737458420917, -0.00127346732188, -0.00300633534789, -0.00149377936032, 0.00343545805663, 0.000139148367452, -0.00144262588583, 0.00422859750688, -0.00040994893061, -0.0146790631115, 0.0369323901832, -0.0122751584277], [0.00113596883602, -0.0056578409858, -0.000643503153697, 0.001696345862, 0.00474189035594, -0.00141044915654, -0.00159997714218, -0.00124200084247, 0.00458292430267, -0.00289075518958, 0.00510394899175, -0.0122751584277, 0.0280017089099]]
    },
    "melbands": {
        "dmean": [7.48438515075e-06, 5.30542565684e-05, 0.000162851807545, 0.000254750135355, 0.000194452775759, 0.000207781995414, 0.000265138660325, 0.000633587944321, 0.000222197122639, 2.63037945842e-05, 4.45029545517e-05, 3.97246803914e-05, 2.66444003501e-05, 4.51873711427e-05, 3.01132404275e-05, 2.98506238323e-05, 4.18188137701e-05, 1.05825429273e-05, 6.63494074615e-06, 8.22044967208e-06, 3.52766869582e-06, 2.19905814447e-06, 1.51229801304e-06, 9.60003262662e-07, 6.56974748381e-07, 3.67605082374e-07, 1.84886516763e-07, 1.64388765711e-07, 9.0147672438e-08, 5.800043823e-08, 2.4721513725e-08, 1.54385091378e-08, 1.34868383128e-08, 1.29067734278e-08, 9.55075396547e-09, 2.95579716258e-09, 6.92775670164e-10, 6.79190870212e-10, 3.02121716533e-10, 1.87679441432e-10],
        "dmean2": [1.15976308734e-05, 7.77441382525e-05, 0.000224465940846, 0.000355365540599, 0.000319617451169, 0.000297977938317, 0.000316503283102, 0.00081509782467, 0.00033520735451, 4.01682627853e-05, 5.88000984862e-05, 5.9320966102e-05, 3.75319687009e-05, 5.9791826061e-05, 4.12104927818e-05, 4.43844910478e-05, 6.1358739913e-05, 1.48313683894e-05, 9.7242409538e-06, 1.3683297766e-05, 5.20521371072e-06, 3.25372639054e-06, 2.31202739087e-06, 1.42020655858e-06, 1.00497652511e-06, 5.81856056669e-07, 2.70141129022e-07, 2.65152920065e-07, 1.3829591694e-07, 8.98619916256e-08, 4.00210389273e-08, 2.40989077582e-08, 1.90637425845e-08, 1.62937396908e-08, 1.27974075781e-08, 4.7107251433e-09, 1.14690146269e-09, 1.0848578702e-09, 5.10607833792e-10, 3.17607828926e-10],
        "dvar": [1.073287903e-09, 8.41309244493e-09, 8.82264146185e-08, 2.2357183127e-07, 1.5789296981e-07, 7.46821342545e-08, 1.68964689351e-07, 1.86539068636e-06, 3.78947362378e-07, 3.24928572937e-09, 5.37949240709e-09, 4.28067981062e-09, 9.62601665044e-10, 3.85821685711e-09, 1.79612580364e-09, 2.67134825371e-09, 4.33521885057e-09, 2.04127201253e-10, 8.50490580739e-11, 1.39338110494e-10, 5.20410277371e-11, 2.26008378679e-11, 5.84212062407e-12, 3.75665687793e-12, 2.19399064888e-12, 8.94656581891e-13, 2.09418826681e-13, 5.15977993838e-13, 9.40834460035e-14, 3.44625485104e-14, 9.81517384729e-15, 6.92537525807e-15, 4.89634510237e-15, 1.04489484624e-14, 2.92261370439e-15, 5.18099190072e-16, 4.12512696734e-18, 9.77932459393e-18, 1.57648488462e-19, 7.76358764965e-20],
        "dvar2": [2.30179386662e-09, 1.64212980991e-08, 1.24815926483e-07, 3.60119855713e-07, 4.38017650595e-07, 1.56701943865e-07, 2.33178553799e-07, 3.09634833684e-06, 8.53004337387e-07, 6.01395111488e-09, 9.53154266625e-09, 9.07418229446e-09, 2.00613681223e-09, 6.49092823934e-09, 3.36803362977e-09, 5.01708496969e-09, 8.07267497294e-09, 3.61742746868e-10, 1.80264067562e-10, 3.77586406586e-10, 1.05129821515e-10, 5.0117333894e-11, 1.32601282385e-11, 7.42092585299e-12, 4.93262895807e-12, 2.21732875116e-12, 4.54037279779e-13, 1.30466058963e-12, 1.86448336696e-13, 8.23410553608e-14, 2.47765336351e-14, 1.80429774582e-14, 1.12316755153e-14, 1.76627511445e-14, 5.84358162377e-15, 1.41239080537e-15, 9.87931253202e-18, 2.50577061955e-17, 4.34323691728e-19, 2.115316281e-19],
        "max": [0.00071350421058, 0.00127266766503, 0.00796684343368, 0.0124150561169, 0.00417283223942, 0.00487926788628, 0.00859528873116, 0.0291434768587, 0.0120216179639, 0.000948815140873, 0.00155993516091, 0.000773819221649, 0.000269637996098, 0.00136629969347, 0.000885495741386, 0.000862339162268, 0.00106734351721, 0.000162267198903, 0.000105538594653, 0.000172842352185, 0.000126488012029, 8.10427518445e-05, 4.29867577623e-05, 3.54562544089e-05, 2.12345057662e-05, 1.22404644571e-05, 6.58528551867e-06, 1.42484623211e-05, 4.36201116827e-06, 2.52605263995e-06, 1.4057837916e-06, 1.55416012149e-06, 1.43736997416e-06, 2.65991025117e-06, 9.54076540438e-07, 4.30437353316e-07, 4.10829414932e-08, 6.83684717728e-08, 4.35717861791e-09, 3.19462234444e-09],
        "mean": [1.27511639221e-05, 0.000112488822197, 0.000584706140216, 0.000886599707883, 0.000408081104979, 0.000619269732852, 0.000874834600836, 0.00158153066877, 0.000440208037617, 6.67114072712e-05, 0.000132966481033, 0.000109424254333, 4.48887258244e-05, 0.000144479286973, 9.42202532315e-05, 7.50797771616e-05, 0.000104590959381, 2.65774488071e-05, 1.59039627761e-05, 2.10057896766e-05, 9.94090441964e-06, 5.49691321794e-06, 3.38547602041e-06, 1.97780627786e-06, 1.43865975133e-06, 6.55914845993e-07, 3.02073146941e-07, 2.75499900226e-07, 1.47760616187e-07, 9.29357000246e-08, 3.40413919275e-08, 1.9336281909e-08, 2.07389234674e-08, 1.63048596846e-08, 1.25946897356e-08, 3.41408656901e-09, 1.37893330088e-09, 1.44939216185e-09, 9.10339581495e-10, 5.34041755262e-10],
        "median": [2.61712693828e-06, 4.04120510211e-05, 0.000244766706601, 0.000388735439628, 0.00022010479006, 0.000385962950531, 0.000610347255133, 0.000722784665413, 0.0001857438765, 3.24419088429e-05, 7.46830846765e-05, 6.39595382381e-05, 2.77464350802e-05, 8.34880484035e-05, 5.78562758164e-05, 3.82859943784e-05, 5.80076266488e-05, 1.57795075211e-05, 9.14451811695e-06, 1.41261125464e-05, 4.25518464908e-06, 2.65972266789e-06, 2.00373096959e-06, 7.75978492129e-07, 4.70608824799e-07, 1.82566623153e-07, 1.1235786701e-07, 6.78384637354e-08, 3.22009192644e-08, 2.2558818813e-08, 6.02083449763e-09, 2.94705149173e-09, 2.49220333259e-09, 1.09318731845e-09, 1.14446052635e-09, 9.48600531459e-10, 1.00703023698e-09, 9.49398226702e-10, 6.41547648339e-10, 3.31748156723e-10],
        "min": [2.11540723407e-24, 5.4477444327e-24, 6.58574531381e-24, 2.07938666185e-24, 7.23504725857e-24, 8.84990942929e-24, 1.0885639937e-23, 7.88006095544e-24, 9.92431904954e-24, 8.74999151817e-24, 6.88429445656e-24, 2.00854557205e-24, 3.40305443726e-24, 9.33459188034e-24, 4.63851474447e-24, 6.5620814588e-24, 1.0141553199e-23, 7.80798194567e-24, 7.50785350339e-24, 1.1957283022e-23, 7.61618067176e-24, 7.58334512544e-24, 6.157755535e-24, 1.08406346335e-23, 8.96519119539e-24, 8.98145119637e-24, 8.80853051936e-24, 9.13928806401e-24, 8.263608283e-24, 1.15459307142e-23, 5.83661223264e-24, 1.02070389094e-23, 8.20099560409e-24, 6.54453048695e-24, 1.10562389964e-23, 9.32273214549e-24, 1.0342292267e-23, 7.01193136216e-24, 6.99398793201e-24, 9.23974713371e-24],
