{
"metadata": {
    "version": {
        "essentia": "2.0.1",
        "extractor": "archive-music 1.0"
    },
    "audio_properties": {
        "analysis_sample_rate": 44100,
        "bitrate": 128,
        "channels": 2,
        "equal_loudness": 0,
        "length": 15.2032651901,
        "replay_gain": -9.91738319397,
        "downmix": "mix"
    },
    "tags": {
        "track": 1,
        "year": 0,
        "album": "Nanana...",
        "artist": "Project Puuchica",
        "comment": "",
        "genre": "Other",
        "title": "Nanana..."
    }
},
"highlevel": {
    "culture": {
        "all": {
            "non_western": 0.453719675541,
            "western": 0.546280324459
        },
        "probability": 0.546280324459,
        "value": "western"
    },
    "danceability": {
        "all": {
            "danceable": 0.993327856064,
            "not_danceable": 0.0066721229814
        },
        "probability": 0.993327856064,
        "value": "danceable"
    },
    "gender": {
        "all": {
            "female": 0.438716620207,
            "male": 0.561283349991
        },
        "probability": 0.561283349991,
        "value": "male"
    },
    "genre_dortmund": {
        "all": {
            "alternative": 0.020046018064,
            "blues": 0.0762362852693,
            "electronic": 0.0325560420752,
            "folkcountry": 0.0881773531437,
            "funksoulrnb": 0.0541156567633,
            "jazz": 0.243098214269,
            "pop": 0.135509237647,
            "raphiphop": 0.249075397849,
            "rock": 0.101185798645
        },
        "probability": 0.249075397849,
        "value": "raphiphop"
    },
    "genre_electronic": {
        "all": {
            "ambient": 0.288557469845,
            "dnb": 0.261638075113,
            "house": 0.362546950579,
            "techno": 0.0365768931806,
            "trance": 0.0506805814803
        },
        "probability": 0.362546950579,
        "value": "house"
    },
    "genre_rosamerica": {
        "all": {
            "cla": 0.00267069623806,
            "dan": 0.216306775808,
            "hip": 0.158146843314,
            "jaz": 0.01326565817,
            "pop": 0.0729600265622,
            "rhy": 0.508549213409,
            "roc": 0.0162972826511,
            "spe": 0.0118035189807
        },
        "probability": 0.508549213409,
        "value": "rhy"
    },
    "genre_tzanetakis": {
        "all": {
            "blu": 0.00803344137967,
            "cla": 0.00360099063255,
            "cou": 0.00634178658947,
            "dis": 0.0370353013277,
            "hip": 0.156071797013,
            "jaz": 0.0433544665575,
            "met": 0.00442474940792,
            "pop": 0.364523559809,
            "reg": 0.334329396486,
            "roc": 0.042284514755
        },
        "probability": 0.364523559809,
        "value": "pop"
    },
    "mirex_ballroom": {
        "all": {
            "ChaChaCha": 0.146167337894,
            "Jive": 0.0462853051722,
            "Quickstep": 0.0460724383593,
            "Rumba-American": 0.0146850533783,
            "Rumba-International": 0.0504113137722,
            "Rumba-Misc": 0.0355998948216,
            "Samba": 0.648064553738,
            "Tango": 0.00215553678572,
            "VienneseWaltz": 0.00626178504899,
            "Waltz": 0.00429677823558
        },
        "probability": 0.648064553738,
        "value": "Samba"
    },
    "mood_acoustic": {
        "all": {
            "acoustic": 0.24085702002,
            "not_acoustic": 0.759142994881
        },
        "probability": 0.759142994881,
        "value": "not_acoustic"
    },
    "mood_aggressive": {
        "all": {
            "aggressive": 0.123626984656,
            "not_aggressive": 0.876372992992
        },
        "probability": 0.876372992992,
        "value": "not_aggressive"
    },
    "mood_electronic": {
        "all": {
            "electronic": 0.335623860359,
            "not_electronic": 0.664376139641
        },
        "probability": 0.664376139641,
        "value": "not_electronic"
    },
    "mood_happy": {
        "all": {
            "happy": 0.557199776173,
            "not_happy": 0.44280025363
        },
        "probability": 0.557199776173,
        "value": "happy"
    },
    "mood_party": {
        "all": {
            "not_party": 0.429469406605,
            "party": 0.570530593395
        },
        "probability": 0.570530593395,
        "value": "party"
    },
    "mood_relaxed": {
        "all": {
            "not_relaxed": 0.305972695351,
            "relaxed": 0.694027304649
        },
        "probability": 0.694027304649,
        "value": "relaxed"
    },
    "mood_sad": {
        "all": {
            "not_sad": 0.517192721367,
            "sad": 0.482807308435
        },
        "probability": 0.517192721367,
        "value": "not_sad"
    },
    "moods_mirex": {
        "all": {
            "Cluster1": 0.249344483018,
            "Cluster2": 0.46333271265,
            "Cluster3": 0.0660971775651,
            "Cluster4": 0.169730126858,
            "Cluster5": 0.0514955110848
        },
        "probability": 0.46333271265,
        "value": "Cluster2"
    },
    "timbre": {
        "all": {
            "bright": 0.968397080898,
            "dark": 0.0316029302776
        },
        "probability": 0.968397080898,
        "value": "bright"
    },
    "tonal_atonal": {
        "all": {
            "atonal": 0.638881325722,
            "tonal": 0.361118674278
        },
        "probability": 0.638881325722,
        "value": "atonal"
    },
    "voice_instrumental": {
        "all": {
            "instrumental": 0.00381817598827,
            "voice": 0.996181845665
        },
        "probability": 0.996181845665,
        "value": "voice"
    }
},
"lowlevel": {
    "average_loudness": 0.965674102306,
    "barkbands_kurtosis": {
        "dmean": 16.780538559,
        "dmean2": 28.2636966705,
        "dvar": 1063.9128418,
        "dvar2": 3120.37182617,
        "max": 278.2081604,
        "mean": 20.7679672241,
        "median": 7.32166481018,
        "min": -1.8485108614,
        "var": 1365.13220215
    },
    "barkbands_skewness": {
        "dmean": 1.31133592129,
        "dmean2": 2.08837342262,
        "dvar": 2.61239480972,
        "dvar2": 7.11378002167,
        "max": 14.1443691254,
        "mean": 3.09484100342,
        "median": 2.3533706665,
        "min": -1.98530578613,
        "var": 6.64447116852
    },
    "barkbands_spread": {
        "dmean": 8.44204330444,
        "dmean2": 13.0222816467,
        "dvar": 156.182144165,
        "dvar2": 279.128356934,
        "max": 105.278961182,
        "mean": 20.0663223267,
        "median": 12.5630760193,
        "min": 1.08196616173,
        "var": 435.486755371
    },
    "dissonance": {
        "dmean": 0.0272067263722,
        "dmean2": 0.0445310398936,
        "dvar": 0.000794067804236,
        "dvar2": 0.00202651484869,
        "max": 0.499778360128,
        "mean": 0.446215927601,
        "median": 0.456170558929,
        "min": 0.178120046854,
        "var": 0.00174388766754
    },
    "dynamic_complexity": 3.08087038994,
    "erbbands_kurtosis": {
        "dmean": 1.4649412632,
        "dmean2": 2.42218899727,
        "dvar": 4.21948003769,
        "dvar2": 11.3858509064,
        "max": 26.8152580261,
        "mean": 0.955248951912,
        "median": 0.321813225746,
        "min": -1.80525267124,
        "var": 7.97001218796
    },
    "erbbands_skewness": {
        "dmean": 0.515507817268,
        "dmean2": 0.811769843102,
        "dvar": 0.286308735609,
        "dvar2": 0.695325553417,
        "max": 4.42692565918,
        "mean": 0.712190151215,
        "median": 0.848709523678,
        "min": -2.05397701263,
        "var": 0.774413585663
    },
    "erbbands_spread": {
        "dmean": 15.4126644135,
        "dmean2": 24.0150356293,
        "dvar": 262.60949707,
        "dvar2": 574.977172852,
        "max": 158.116287231,
        "mean": 56.6103935242,
        "median": 51.7160453796,
        "min": 6.25907087326,
        "var": 936.765319824
    },
    "hfc": {
        "dmean": 11.6680707932,
        "dmean2": 18.1639499664,
        "dvar": 307.147155762,
        "dvar2": 739.051818848,
        "max": 150.629867554,
        "mean": 23.471370697,
        "median": 16.2964820862,
        "min": 1.17846238114e-16,
        "var": 484.736846924
    },
    "melbands_kurtosis": {
        "dmean": 39.1517753601,
        "dmean2": 65.4809951782,
        "dvar": 5375.33496094,
        "dvar2": 15115.7597656,
        "max": 655.477478027,
        "mean": 59.3750419617,
        "median": 18.2231178284,
        "min": -1.21742010117,
        "var": 8901.41308594
    },
    "melbands_skewness": {
        "dmean": 1.64755785465,
        "dmean2": 2.66482234001,
        "dvar": 3.46352910995,
        "dvar2": 8.26270389557,
        "max": 18.0154533386,
        "mean": 4.75076341629,
        "median": 3.4807331562,
        "min": -0.0497984327376,
        "var": 11.8271484375
    },
    "melbands_spread": {
        "dmean": 7.06932401657,
        "dmean2": 10.8696994781,
        "dvar": 122.774841309,
        "dvar2": 225.404464722,
        "max": 135.593933105,
        "mean": 15.8946847916,
        "median": 9.48492622375,
        "min": 0.562451601028,
        "var": 387.158905029
    },
    "pitch_salience": {
        "dmean": 0.105948798358,
        "dmean2": 0.180073291063,
        "dvar": 0.00836934801191,
        "dvar2": 0.0235985852778,
        "max": 0.906951189041,
        "mean": 0.471377909184,
        "median": 0.451611042023,
        "min": 0.136036008596,
        "var": 0.0155461383983
    },
    "silence_rate_20dB": {
        "dmean": 0,
        "dmean2": 0,
        "dvar": 0,
        "dvar2": 0,
        "max": 1,
        "mean": 1,
        "median": 1,
        "min": 1,
        "var": 0
    },
    "silence_rate_30dB": {
        "dmean": 0.073282442987,
        "dmean2": 0.146788984537,
        "dvar": 0.0679125413299,
        "dvar2": 0.164996430278,
        "max": 1,
        "mean": 0.9375,
        "median": 1,
        "min": 0,
        "var": 0.05859375
    },
    "silence_rate_60dB": {
        "dmean": 0.00610687024891,
        "dmean2": 0.0122324163094,
        "dvar": 0.00606947951019,
        "dvar2": 0.0151409795508,
        "max": 1,
        "mean": 0.0594512186944,
        "median": 0,
        "min": 0,
        "var": 0.0559166520834
    },
    "spectral_centroid": {
        "dmean": 339.397003174,
        "dmean2": 516.148803711,
        "dvar": 350513.625,
        "dvar2": 487546.21875,
        "max": 11318.1337891,
        "mean": 1018.20800781,
        "median": 776.99407959,
        "min": 170.150436401,
        "var": 824166.625
    },
    "spectral_complexity": {
        "dmean": 4.85801506042,
        "dmean2": 8.0366973877,
        "dvar": 43.9295082092,
        "dvar2": 110.827529907,
        "max": 48,
        "mean": 12,
        "median": 10,
        "min": 0,
        "var": 70.4695129395
    },
    "spectral_crest": {
        "dmean": 3.84787797928,
        "dmean2": 6.50261831284,
        "dvar": 8.45679473877,
        "dvar2": 23.9419727325,
        "max": 24.6576213837,
        "mean": 12.350194931,
        "median": 11.7755737305,
        "min": 2.89382815361,
        "var": 21.9233970642
    },
    "spectral_decrease": {
        "dmean": 6.63433219472e-09,
        "dmean2": 1.15552634128e-08,
        "dvar": 7.34041002022e-17,
        "dvar2": 1.94335536712e-16,
        "max": 6.90816506206e-29,
        "mean": -1.26640582465e-08,
        "median": -1.05228057379e-08,
        "min": -7.46479145164e-08,
        "var": 9.85781576226e-17
    },
    "spectral_energy": {
        "dmean": 0.0256465207785,
        "dmean2": 0.0446962639689,
        "dvar": 0.00108573783655,
        "dvar2": 0.0028713834472,
        "max": 0.287328541279,
        "mean": 0.049926020205,
        "median": 0.0419044792652,
        "min": 1.04282692136e-20,
        "var": 0.00144895131234
    },
    "spectral_energyband_high": {
        "dmean": 0.000979234697297,
        "dmean2": 0.00147793709766,
        "dvar": 3.14994008477e-06,
        "dvar2": 7.13862755219e-06,
        "max": 0.0160750057548,
        "mean": 0.0014374848688,
        "median": 0.000387815176509,
        "min": 7.47495573804e-21,
        "var": 5.17462285643e-06
    },
    "spectral_energyband_low": {
        "dmean": 0.0223278924823,
        "dmean2": 0.0388249233365,
        "dvar": 0.00082360568922,
        "dvar2": 0.00225827004761,
        "max": 0.26663056016,
        "mean": 0.0314769074321,
        "median": 0.0210223980248,
        "min": 6.88794530482e-23,
        "var": 0.00104391714558
    },
    "spectral_energyband_middle_high": {
        "dmean": 0.00151580362581,
        "dmean2": 0.00247556483373,
        "dvar": 6.01244028076e-06,
        "dvar2": 1.51027388711e-05,
        "max": 0.0248401984572,
        "mean": 0.00305675342679,
        "median": 0.00166099634953,
        "min": 1.52446317278e-21,
        "var": 1.60837316798e-05
    },
    "spectral_energyband_middle_low": {
        "dmean": 0.00864491332322,
        "dmean2": 0.0142289865762,
        "dvar": 0.00018647487741,
        "dvar2": 0.000505052739754,
        "max": 0.105885222554,
        "mean": 0.0162402838469,
        "median": 0.013050429523,
        "min": 2.8481488506e-22,
        "var": 0.000252835539868
    },
    "spectral_flatness_db": {
        "dmean": 0.043830756098,
        "dmean2": 0.0684488192201,
        "dvar": 0.00160108064301,
        "dvar2": 0.00405436428264,
        "max": 0.393663406372,
        "mean": 0.189055517316,
        "median": 0.194394916296,
        "min": 0.0308218952268,
        "var": 0.00466805743054
    },
    "spectral_flux": {
        "dmean": 0.0449597202241,
        "dmean2": 0.0723095834255,
        "dvar": 0.00243202643469,
        "dvar2": 0.00545677030459,
        "max": 0.40255177021,
        "mean": 0.128799661994,
        "median": 0.113875478506,
        "min": 1.04407593682e-10,
        "var": 0.00489093363285
    },
    "spectral_kurtosis": {
        "dmean": 1.21339035034,
        "dmean2": 1.9182254076,
        "dvar": 1.8588732481,
        "dvar2": 4.49600696564,
        "max": 13.6360034943,
        "mean": 2.54838228226,
        "median": 2.03942298889,
        "min": -1.24586820602,
        "var": 4.46153450012
    },
    "spectral_rms": {
        "dmean": 0.00165697548073,
        "dmean2": 0.00284147332422,
        "dvar": 3.01962859339e-06,
        "dvar2": 7.743333299e-06,
        "max": 0.0167427752167,
        "mean": 0.00645598256961,
        "median": 0.00639393460006,
        "min": 3.18965838984e-12,
        "var": 7.02866873326e-06
    },
    "spectral_rolloff": {
        "dmean": 622.982421875,
        "dmean2": 1034.35058594,
        "dvar": 2779344.25,
        "dvar2": 5052611.5,
        "max": 18949.21875,
        "mean": 1322.81323242,
        "median": 409.130859375,
        "min": 64.599609375,
        "var": 6329778
    },
    "spectral_skewness": {
        "dmean": 0.263078629971,
        "dmean2": 0.415231317282,
        "dvar": 0.0744338929653,
        "dvar2": 0.1643242836,
        "max": 3.21683382988,
        "mean": 1.37685275078,
        "median": 1.33778965473,
        "min": -0.00810914114118,
        "var": 0.205541372299
    },
    "spectral_spread": {
        "dmean": 931840.875,
        "dmean2": 1264776.25,
        "dvar": 3.63304189952e+12,
        "dvar2": 3.55904572621e+12,
        "max": 41956148,
        "mean": 6556681.5,
        "median": 6169902,
        "min": 2848046,
        "var": 7.2488410153e+12
    },
    "spectral_strongpeak": {
        "dmean": 0.542701900005,
        "dmean2": 0.973840475082,
        "dvar": 0.697115719318,
        "dvar2": 1.96487486362,
        "max": 6.9039068222,
        "mean": 0.782331705093,
        "median": 0.442067027092,
        "min": 0,
        "var": 0.798880040646
    },
    "zerocrossingrate": {
        "dmean": 0.0168438386172,
        "dmean2": 0.0188025608659,
        "dvar": 0.000778546032961,
        "dvar2": 0.00100243580528,
        "max": 0.5234375,
        "mean": 0.0566942170262,
        "median": 0.03369140625,
        "min": 0.005859375,
        "var": 0.00379041349515
    },
    "barkbands": {
        "dmean": [0.000906066677999, 0.0148675395176, 0.00941469240934, 0.00298157986253, 0.00400950061157, 0.00216244440526, 0.000814546423499, 0.0012117162114, 0.000590048148297, 0.000492593098897, 0.000351733266143, 0.000203388975933, 0.000149773826706, 0.000273885991191, 0.000195431275642, 7.36394140404e-05, 0.000116668903502, 0.000126330633066, 0.000111508561531, 0.000205314776395, 0.000165642675711, 0.000203105650144, 0.000215152002056, 0.00015750413877, 0.00017733364075, 6.35253672954e-05, 1.02262981727e-06],
        "dmean2": [0.00153190386482, 0.0260178111494, 0.0166393164545, 0.00516372267157, 0.00692955357954, 0.00336035597138, 0.00136810459662, 0.00199011410587, 0.000967333151493, 0.000794324965682, 0.000539499917068, 0.000296815647744, 0.000244651717367, 0.000442686257884, 0.000310251052724, 0.000133422276122, 0.000210016936762, 0.00022835159325, 0.000186083998415, 0.000365362793673, 0.000290312309517, 0.000343701103702, 0.000334614334861, 0.000236775391386, 0.00024675464374, 8.57690829434e-05, 1.86313525319e-06],
        "dvar": [1.23165546029e-06, 0.000401488592615, 0.000200393478735, 3.04436089209e-05, 6.40160214971e-05, 2.19241228478e-05, 4.05918353863e-06, 6.68774418955e-06, 2.36102800955e-06, 1.76384298811e-06, 1.53148448589e-06, 2.19569955107e-07, 1.52957383648e-07, 5.94633718265e-07, 2.15988080754e-07, 4.08614013736e-08, 5.63801307862e-08, 6.49917097917e-08, 3.28738778421e-08, 2.02712442388e-07, 7.11018373067e-08, 1.58513159931e-07, 1.55998506557e-07, 1.18796300796e-07, 1.74166359557e-07, 1.95254603597e-08, 1.27845910941e-11],
        "dvar2": [3.26950043927e-06, 0.00119889888447, 0.000529041688424, 8.15983876237e-05, 0.000179971582838, 4.92343315273e-05, 1.03835827758e-05, 1.44510131577e-05, 4.84617885377e-06, 3.69060148842e-06, 3.98567453885e-06, 4.19497837356e-07, 3.49403137534e-07, 1.34591732603e-06, 4.26417670951e-07, 1.15726166428e-07, 1.56441927857e-07, 1.82847458063e-07, 8.50481427506e-08, 5.69946791984e-07, 1.90412805523e-07, 4.17627688876e-07, 3.31650085172e-07, 2.60538968178e-07, 3.83262346304e-07, 3.85093201771e-08, 3.66468591584e-11],
        "max": [0.00824110209942, 0.177630603313, 0.0992245227098, 0.0497621186078, 0.0669403225183, 0.0677407234907, 0.0291635096073, 0.0200737584382, 0.0161234550178, 0.0177265182137, 0.0242675635964, 0.00928078219295, 0.00610057450831, 0.0138263050467, 0.00846700835973, 0.00266010127962, 0.00189922889695, 0.00173820566852, 0.00155253405683, 0.00365294818766, 0.00182025297545, 0.00272984430194, 0.00321974977851, 0.00383192813024, 0.00520899891853, 0.00152364198584, 4.79551526951e-05],
        "mean": [0.00109539041296, 0.0176602043211, 0.0106533514336, 0.00313613261096, 0.00450842827559, 0.00395956728607, 0.00137441291008, 0.00199649436399, 0.000876787875313, 0.000851892051287, 0.000472550746053, 0.000375125033315, 0.000159490155056, 0.000485454627778, 0.000266314775217, 7.66433295212e-05, 0.00013378780568, 0.00013310558279, 0.00016793202667, 0.000207087025046, 0.000206759446883, 0.000252149387961, 0.000323278130963, 0.000224347109906, 0.000240876106545, 8.77653219504e-05, 7.1473425578e-07],
        "median": [0.00066097045783, 0.00988007243723, 0.00478007551283, 0.00160838093143, 0.00156580796465, 0.00089198583737, 0.000402938225307, 0.000267778843408, 0.000124991114717, 8.02542490419e-05, 4.00469216402e-05, 4.38973875134e-05, 2.83702611341e-05, 4.50793668278e-05, 5.29131357325e-05, 2.7749392757e-05, 3.37608398695e-05, 3.97487128794e-05, 8.15903622424e-05, 6.20135979261e-05, 8.38548221509e-05, 6.671572919e-05, 6.40385114821e-05, 5.05315401824e-05, 3.96129253204e-05, 1.16084956971e-05, 4.44433023716e-09],
        "min": [8.81579671716e-24, 1.50385287528e-23, 9.19893225933e-24, 1.10238357458e-23, 3.20195990857e-23, 5.36647558781e-23, 3.12460515483e-23, 1.97003985132e-23, 7.4237030285e-23, 3.37626913854e-23, 3.18570337858e-23, 8.6792628805e-23, 4.32139834037e-23, 5.84431640601e-23, 1.86188238271e-22, 1.15939038702e-22, 2.06312496482e-22, 2.23431712137e-22, 1.93085217611e-22, 3.20458902419e-22, 3.66620694943e-22, 5.07136284939e-22, 5.56037482152e-22, 8.47808530053e-22, 9.92549890146e-22, 1.43052819103e-21, 2.44874562079e-21],
        "var": [1.5656286223e-06, 0.000471357721835, 0.000216364453081, 2.46233594225e-05, 6.36210024823e-05, 7.17368384358e-05, 6.36157710687e-06, 1.42777771543e-05, 5.60684929951e-06, 4.83575104226e-06, 2.37925110014e-06, 8.61805972363e-07, 2.26246328339e-07, 1.64782943557e-06, 3.55528300133e-07, 2.88454842234e-08, 5.02563821669e-08, 5.03095201054e-08, 4.90743659043e-08, 1.48543378486e-07, 7.7453051972e-08, 1.65809751707e-07, 3.02740289726e-07, 1.7940057262e-07, 2.57318589547e-07, 3.3707259206e-08, 8.50200639058e-12]
    },
    "erbbands": {
        "dmean": [0.402396768332, 3.60293197632, 9.78272533417, 11.6611089706, 9.58476829529, 14.6339874268, 16.3172187805, 17.2524375916, 14.1781711578, 23.4463195801, 17.4880313873, 15.4440374374, 13.4008483887, 14.2642917633, 11.6733293533, 8.98338222504, 6.1354675293, 12.3225765228, 12.5668897629, 7.33796882629, 3.67678117752, 6.46128559113, 6.69094181061, 5.69217729568, 7.21076393127, 9.47131919861, 7.28212833405, 6.91897010803, 6.57621717453, 7.08379888535, 6.77356719971, 3.8363173008, 2.54359912872, 2.38716864586, 1.07107400894, 0.388525366783, 0.0941267758608, 0.0126438941807, 0.000250307872193, 3.59734367521e-05],
        "dmean2": [0.682209730148, 6.25019979477, 17.2230434418, 20.5602607727, 16.8812503815, 25.2765045166, 26.0847511292, 27.6419296265, 23.1158866882, 37.7858505249, 28.8964157104, 25.1545028687, 21.8328399658, 21.3830623627, 18.4213600159, 13.4500217438, 9.79083156586, 19.1415729523, 20.1354370117, 12.2604169846, 6.69255208969, 11.7044258118, 12.1348667145, 10.0315179825, 11.8902702332, 16.5807762146, 13.0915594101, 11.9243526459, 11.0813112259, 11.4262304306, 10.7181406021, 5.87687301636, 3.84150052071, 3.41896986961, 1.48731887341, 0.533074617386, 0.129422232509, 0.0184417590499, 0.000357102922862, 5.94456942054e-05],
        "dvar": [0.276667714119, 27.5683803558, 221.497283936, 354.756011963, 445.450286865, 931.070129395, 1035.29553223, 1699.39440918, 1589.50842285, 2498.12646484, 1938.20495605, 1737.98266602, 1557.57727051, 1937.45825195, 1344.68884277, 546.626403809, 223.541931152, 657.661193848, 1197.92077637, 186.902893066, 71.9473495483, 193.613342285, 184.754257202, 100.438095093, 141.109512329, 455.255950928, 159.910263062, 137.416671753, 143.199386597, 202.470275879, 178.89151001, 66.2196350098, 30.876745224, 34.5377006531, 5.67143630981, 0.753365576267, 0.0438674502075, 0.000833880738355, 3.17572073527e-07, 1.88843629623e-09],
        "dvar2": [0.76431787014, 81.8294906616, 581.905883789, 938.260681152, 1239.03735352, 2620.65063477, 2468.60864258, 3996.63061523, 4050.38989258, 4974.5625, 4898.97119141, 3511.74047852, 3713.34790039, 3691.73779297, 3413.71533203, 1010.60131836, 497.300689697, 1529.47546387, 2437.33984375, 447.532623291, 203.789825439, 541.01965332, 523.582397461, 278.296569824, 348.790771484, 1281.62451172, 440.943328857, 359.062591553, 376.212799072, 491.488250732, 402.626800537, 146.362411499, 72.108215332, 75.8202590942, 12.3851861954, 1.573600173, 0.0853799656034, 0.00155770871788, 6.09116398209e-07, 4.59759830207e-09],
        "max": [4.15527486801, 47.5952339172, 105.018287659, 132.254776001, 228.334472656, 266.207824707, 366.168640137, 488.011749268, 606.629089355, 436.716430664, 475.659240723, 438.121612549, 611.015441895, 782.319396973, 573.540710449, 476.331420898, 211.461807251, 398.252929688, 439.197845459, 152.679672241, 97.3825759888, 121.584487915, 106.449485779, 65.2759780884, 116.344207764, 180.299621582, 79.1543045044, 82.0885009766, 81.6243743896, 135.585418701, 119.76965332, 88.8199996948, 57.1519966125, 73.9680099487, 27.0682125092, 9.25054836273, 2.03638100624, 0.289234161377, 0.00541395135224, 0.000336187833454],
        "mean": [0.487453520298, 4.0446972847, 11.1791563034, 13.6046886444, 9.9016494751, 15.6973953247, 25.1859664917, 30.6831970215, 23.8642959595, 41.1755447388, 27.5876235962, 24.2131576538, 22.2144870758, 24.0219459534, 17.5960521698, 17.7162590027, 8.11508846283, 21.871006012, 17.9281520844, 11.1788492203, 4.17878293991, 7.58902931213, 7.77259349823, 6.62900018692, 10.3268938065, 9.98884963989, 8.15964698792, 8.65248680115, 8.33271408081, 9.60589408875, 9.8682641983, 5.53145265579, 3.27836322784, 3.01194667816, 1.54728472233, 0.53586524725, 0.133821204305, 0.0160058364272, 0.00034249672899, 7.32449334464e-05],
        "median": [0.254475355148, 2.1965265274, 5.05580234528, 7.35854387283, 4.539935112, 5.15655708313, 5.18286991119, 7.31786632538, 7.76639652252, 5.94953250885, 7.63405942917, 4.41897392273, 3.05750370026, 2.8719162941, 3.6434340477, 2.33557415009, 2.55034637451, 2.68217611313, 3.218719244, 2.97984981537, 1.99637198448, 2.46478796005, 3.4587893486, 2.25142502785, 4.89776611328, 2.80502986908, 3.39630079269, 2.85487365723, 2.32653617859, 2.0921869278, 1.81574726105, 1.17821073532, 0.779184758663, 0.513517856598, 0.256570577621, 0.0753992050886, 0.0158513374627, 0.00150935712736, 6.51574373478e-05, 6.32307855994e-05],
        "min": [6.84503619407e-22, 3.05939817746e-21, 1.22143153304e-20, 4.15857362766e-20, 1.74823491552e-20, 9.10307675847e-20, 3.95568703217e-19, 2.16766957594e-19, 4.36344287169e-19, 2.18744552568e-19, 8.73034749424e-19, 1.58572270845e-18, 1.04545010496e-18, 8.38142358332e-19, 1.49875976309e-18, 3.89546357898e-18, 2.41151417457e-18, 3.10728349834e-18, 5.30315499593e-18, 7.37579333266e-18, 7.44719225442e-18, 1.25480660218e-17, 1.10165361546e-17, 1.1784997697e-17, 8.85667741253e-18, 1.70400695111e-17, 1.45803635873e-17, 1.29982127481e-17, 1.54175828637e-17, 1.91638077574e-17, 1.69484427147e-17, 1.64469032569e-17, 1.28659813097e-17, 9.10481918858e-18, 8.58713068376e-18, 4.90663604314e-18, 2.87629124433e-18, 1.20349143959e-18, 3.88719751142e-19, 3.688862348e-20],
        "var": [0.357444256544, 28.5251235962, 231.822891235, 334.771972656, 327.185943604, 915.803955078, 2568.76953125, 4570.57470703, 2062.68481445, 6148.90429688, 2878.36499023, 4163.66894531, 3687.77929688, 5232.34472656, 2427.96582031, 2022.6463623, 426.404205322, 2018.29174805, 2571.68701172, 324.935241699, 52.3554878235, 160.919616699, 147.218414307, 96.4976730347, 209.797332764, 346.693847656, 136.042510986, 157.683135986, 161.423980713, 270.539550781, 313.364440918, 104.91053772, 40.6200332642, 45.9786453247, 9.50189304352, 1.2329082489, 0.0768307819963, 0.00137503771111, 5.20054470599e-07, 2.9304296767e-09]
    },
    "gfcc": {
        "mean": [-11.1922054291, 85.6633682251, -71.917098999, 54.5467147827, -62.5159759521, 24.2432250977, -34.4545478821, 12.5152606964, -20.5170249939, 9.96126270294, -13.5834751129, -0.935991048813, -12.4694404602],
        "cov": [[18294.0976562, 4.27137422562, -1189.74865723, 175.200698853, -897.782836914, 133.255813599, -553.347045898, 186.67729187, -281.999786377, 143.569137573, -296.307647705, -15.6454820633, -421.666809082], [4.27137422562, 1497.14575195, -352.66796875, -28.6618537903, 141.910629272, -97.9442367554, 154.298599243, -197.756988525, 39.5468940735, -177.485229492, 177.341262817, -36.8485221863, 272.890991211], [-1189.74865723, -352.66796875, 896.511169434, 75.417678833, -92.1209564209, 46.9781074524, 27.7481212616, 130.549835205, 5.34207248688, -25.5871810913, -72.4107131958, 97.3617935181, -13.2185573578], [175.200698853, -28.6618537903, 75.417678833, 327.421295166, 92.6114959717, 1.81014847755, -54.244846344, 0.886328220367, 84.5815048218, 52.3673782349, 28.7362422943, -36.5850067139, -64.6100997925], [-897.782836914, 141.910629272, -92.1209564209, 92.6114959717, 312.844573975, 79.1194763184, 34.1891479492, -70.3356170654, 39.7386436462, 44.298740387, 71.2227020264, -61.6786689758, -6.40760803223], [133.255813599, -97.9442367554, 46.9781074524, 1.81014847755, 79.1194763184, 169.778686523, 41.2444190979, 26.9222888947, -55.9747428894, -10.0570135117, -17.9682579041, -0.398984164, 9.48088550568], [-553.347045898, 154.298599243, 27.7481212616, -54.244846344, 34.1891479492, 41.2444190979, 139.371688843, 31.1312084198, 3.36492872238, -73.2697067261, -9.72950839996, -12.6592092514, 81.3238220215], [186.67729187, -197.756988525, 130.549835205, 0.886328220367, -70.3356170654, 26.9222888947, 31.1312084198, 141.698287964, 50.2847671509, 20.9236183167, -70.7966003418, -24.7313194275, -37.2208023071], [-281.999786377, 39.5468940735, 5.34207248688, 84.5815048218, 39.7386436462, -55.9747428894, 3.36492872238, 50.2847671509, 175.566864014, 89.5925750732, 21.7737064362, -71.3555984497, -56.6075515747], [143.569137573, -177.485229492, -25.5871810913, 52.3673782349, 44.298740387, -10.0570135117, -73.2697067261, 20.9236183167, 89.5925750732, 183.18296814, 51.073097229, -36.1543388367, -122.578659058], [-296.307647705, 177.341262817, -72.4107131958, 28.7362422943, 71.2227020264, -17.9682579041, -9.72950839996, -70.7966003418, 21.7737064362, 51.073097229, 175.092254639, 63.1970672607, 32.7029724121], [-15.6454820633, -36.8485221863, 97.3617935181, -36.5850067139, -61.6786689758, -0.398984164, -12.6592092514, -24.7313194275, -71.3555984497, -36.1543388367, 63.1970672607, 145.098739624, 67.7347259521], [-421.666809082, 272.890991211, -13.2185573578, -64.6100997925, -6.40760803223, 9.48088550568, 81.3238220215, -37.2208023071, -56.6075515747, -122.578659058, 32.7029724121, 67.7347259521, 205.044464111]],
        "icov": [[0.000160657975357, -0.000339067075402, 0.000347477558535, -0.000317092635669, 0.000617155514192, -0.000649753666949, 0.000519199471455, -0.000469863705803, 0.000292980141239, -0.000329429574776, 0.000495775660966, -0.000514030572958, 0.000436925882241], [-0.000339067075402, 0.00253876671195, -0.000648160930723, 0.000751481682528, -0.000884725130163, 0.00168331409805, -0.00175697763916, 0.00272660073824, -0.00169313105289, 0.00265159318224, -0.00341827981174, 0.00356803508475, -0.00231052050367], [0.000347477558535, -0.000648160930723, 0.00252003432252, -0.00135841569863, 0.00120578566566, -0.00155031180475, 0.000193348954781, -0.00172727450263, -6.0008631408e-05, -0.000733020715415, 0.00253907148726, -0.00393444113433, 0.00147072714753], [-0.000317092635669, 0.000751481682528, -0.00135841569863, 0.00568392127752, -0.00269612204283, 0.000151969958097, 0.00328359263949, 0.000197263449081, -0.00370191968977, 0.00405706139281, -0.00290748942643, 0.00221192208119, -0.00017017738719], [0.000617155514192, -0.000884725130163, 0.00120578566566, -0.00269612204283, 0.0107729136944, -0.00751433009282, -0.00157359614968, 0.00551547855139, -0.00139567477163, -0.0026728680823, -6.48989662295e-05, 0.00171607010998, 0.0014444894623], [-0.000649753666949, 0.00168331409805, -0.00155031180475, 0.000151969958097, -0.00751433009282, 0.015869339928, -0.00517715001479, -0.00490817148238, 0.00816255901009, -0.00164162751753, -0.00208938377909, 0.00279774749652, -0.00275365239941], [0.000519199471455, -0.00175697763916, 0.000193348954781, 0.00328359263949, -0.00157359614968, -0.00517715001479, 0.022674318403, -0.0103864101693, -0.0024152318947, 0.00874589849263, -0.00372459436767, 0.00348821282387, -0.00223160302266], [-0.000469863705803, 0.00272660073824, -0.00172727450263, 0.000197263449081, 0.00551547855139, -0.00490817148238, -0.0103864101693, 0.0256253685802, -0.011061235331, -0.00256781792268, 0.00511142518371, -0.000298873696011, -0.000779183232225], [0.000292980141239, -0.00169313105289, -6.0008631408e-05, -0.00370191968977, -0.00139567477163, 0.00816255901009, -0.0024152318947, -0.011061235331, 0.0213908217847, -0.00883539766073, -0.00243480503559, 0.00573130697012, -0.000666929001454], [-0.000329429574776, 0.00265159318224, -0.000733020715415, 0.00405706139281, -0.0026728680823, -0.00164162751753, 0.00874589849263, -0.00256781792268, -0.00883539766073, 0.0237055104226, -0.012809372507, 0.0062390291132, 0.00479646539316], [0.000495775660966, -0.00341827981174, 0.00253907148726, -0.00290748942643, -6.48989662295e-05, -0.00208938377909, -0.00372459436767, 0.00511142518371, -0.00243480503559, -0.012809372507, 0.0234958212823, -0.0178986601532, 0.00115153624211], [-0.000514030572958, 0.00356803508475, -0.00393444113433, 0.00221192208119, 0.00171607010998, 0.00279774749652, 0.00348821282387, -0.000298873696011, 0.00573130697012, 0.0062390291132, -0.0178986601532, 0.027781099081, -0.00788636878133], [0.000436925882241, -0.00231052050367, 0.00147072714753, -0.00017017738719, 0.0014444894623, -0.00275365239941, -0.00223160302266, -0.000779183232225, -0.000666929001454, 0.00479646539316, 0.00115153624211, -0.00788636878133, 0.0149126676843]]
    },
    "melbands": {
        "dmean": [0.00373271293938, 0.00484700454399, 0.00183355226181, 0.000862068263814, 0.000609205104411, 0.000404466147302, 0.000196699358639, 0.000274126272416, 0.000135683512781, 8.70616859174e-05, 6.59751385683e-05, 5.75866251893e-05, 4.5133925596e-05, 2.4581735488e-05, 1.63350778166e-05, 1.53811979544e-05, 2.61211716861e-05, 2.29070774367e-05, 1.23411491586e-05, 7.26377311366e-06, 3.93464597437e-06, 6.59961779093e-06, 6.74358534525e-06, 6.33743320577e-06, 4.56037423646e-06, 4.41586598754e-06, 6.96102415532e-06, 6.38465689917e-06, 4.70245413453e-06, 3.91138792111e-06, 4.4644866648e-06, 4.21175991505e-06, 3.68432802134e-06, 3.96961013394e-06, 4.19318439526e-06, 2.89676017928e-06, 2.2210347197e-06, 1.82057374332e-06, 1.64227185451e-06, 2.2629412797e-06],
        "dmean2": [0.00649871164933, 0.00838559772819, 0.00323095498607, 0.00153546396177, 0.000974668655545, 0.000642314262222, 0.000320105464198, 0.000444967037765, 0.000224982650252, 0.000142588134622, 0.000107040112198, 8.56545520946e-05, 7.12434848538e-05, 3.7036366848e-05, 2.61271870841e-05, 2.520246926e-05, 3.99212804041e-05, 3.7304158468e-05, 1.97220251721e-05, 1.25307560666e-05, 7.19869649402e-06, 1.18850421131e-05, 1.21423427117e-05, 1.15188659038e-05, 8.04867795523e-06, 7.36230140319e-06, 1.18292055049e-05, 1.12871111924e-05, 8.60195905261e-06, 6.95213657309e-06, 7.63208481658e-06, 7.23907214706e-06, 6.18687545284e-06, 6.37263110548e-06, 6.67206040816e-06, 4.57389023722e-06, 3.49368610841e-06, 2.87919715447e-06, 2.50661560131e-06, 3.33579464495e-06],
        "dvar": [2.30224632105e-05, 5.27644551767e-05, 9.55106315814e-06, 3.74696992367e-06, 1.24815130675e-06, 8.65950312345e-07, 2.80472136183e-07, 3.37109725024e-07, 1.19510289665e-07, 5.19065821436e-08, 3.90507501891e-08, 3.28542384409e-08, 2.52211176388e-08, 2.58925059171e-09, 1.98741423318e-09, 2.09739248191e-09, 3.27266747036e-09, 4.82014295144e-09, 7.78397013512e-10, 2.73849998234e-10, 7.92982693398e-11, 2.37331654329e-10, 1.52021964461e-10, 1.69421282559e-10, 6.26056359532e-11, 5.72108610486e-11, 1.47739057099e-10, 2.25295046508e-10, 8.17838435863e-11, 4.3874948813e-11, 6.17302250983e-11, 6.93466464807e-11, 4.85131032568e-11, 5.90795953825e-11, 7.29961438517e-11, 3.15235892945e-11, 2.36386049624e-11, 1.58455280147e-11, 1.40447055028e-11, 3.43949382864e-11],
        "dvar2": [6.67951389914e-05, 0.000142391538247, 2.53963698924e-05, 1.06346560642e-05, 3.09424194711e-06, 1.9809197056e-06, 7.14440602678e-07, 6.7330154252e-07, 3.01861433627e-07, 1.05702675057e-07, 9.22344582932e-08, 6.16566637746e-08, 6.77221123624e-08, 4.93054308492e-09, 4.2752725804e-09, 4.43058034705e-09, 7.22445969714e-09, 9.74171943113e-09, 1.55590029749e-09, 7.31461280434e-10, 2.25479704352e-10, 6.64561461416e-10, 4.27528706881e-10, 4.74698946817e-10, 1.72830041945e-10, 1.43865919178e-10, 3.90697418862e-10, 6.36463826087e-10, 2.27908844574e-10, 1.19611986982e-10, 1.60918806058e-10, 1.89101512227e-10, 1.24365975851e-10, 1.35618613561e-10, 1.65392685658e-10, 7.21059115194e-11, 5.34808690389e-11, 3.83358136902e-11, 3.13033106381e-11, 7.76959677151e-11],
        "max": [0.0384437292814, 0.0614880844951, 0.0260594636202, 0.0157020557672, 0.0101090632379, 0.0115786790848, 0.00777882477269, 0.00463269231841, 0.00377644132823, 0.00235165748745, 0.00305367773399, 0.00331984646618, 0.00308336317539, 0.00080432248069, 0.000807566801086, 0.000781802460551, 0.000912769697607, 0.00108564959373, 0.000519460474607, 0.000185729455552, 9.85760489129e-05, 0.000145786019857, 8.7072738097e-05, 9.16142889764e-05, 4.78431356896e-05, 7.84522198956e-05, 8.19510387373e-05, 0.000127942490508, 6.01802094025e-05, 4.83389048895e-05, 6.17867626715e-05, 6.75654664519e-05, 6.03202133789e-05, 6.68526627123e-05, 7.84122385085e-05, 5.72266217205e-05, 5.34200917173e-05, 4.35905130871e-05, 3.53637551598e-05, 7.32253029128e-05],
        "mean": [0.00471003120765, 0.00590837700292, 0.00224297936074, 0.000867654627655, 0.000898048398085, 0.000733462977223, 0.000336834578775, 0.000473090884043, 0.000212031693081, 0.000133062610985, 0.000106057013909, 9.57842785283e-05, 6.30069334875e-05, 4.66333331133e-05, 2.60066553892e-05, 1.7463162294e-05, 4.59453112853e-05, 3.17443227686e-05, 1.706268813e-05, 9.83654445008e-06, 3.9650758481e-06, 7.26449979993e-06, 8.724028703e-06, 6.2099270508e-06, 5.00853411722e-06, 6.62657521389e-06, 8.06024308986e-06, 6.297183063e-06, 4.81577490064e-06, 4.77899948237e-06, 5.30336728843e-06, 4.7827356866e-06, 4.65079256173e-06, 5.40425526196e-06, 6.09155040365e-06, 4.00256249122e-06, 3.1198896977e-06, 2.21530399358e-06, 2.13591920328e-06, 2.77494677903e-06],
        "median": [0.00264200428501, 0.00319181592204, 0.00128020334523, 0.000317643571179, 0.000205736563657, 0.000167254722328, 9.32671391638e-05, 5.4373704188e-05, 5.13381964993e-05, 2.05843280128e-05, 1.01689938674e-05, 1.10611563287e-05, 5.76903448746e-06, 6.11136329098e-06, 4.72392184747e-06, 2.92746426567e-06, 4.42577265858e-06, 3.84292161471e-06, 3.95407914766e-06, 2.8366252991e-06, 1.44249918321e-06, 1.82343615052e-06, 3.15078750646e-06, 1.72825480149e-06, 1.45377612171e-06, 3.61713841812e-06, 2.32497473007e-06, 1.61157254297e-06, 2.00798876904e-06, 1.77098286258e-06, 1.39999906423e-06, 1.26172176351e-06, 1.32276932163e-06, 1.07669416138e-06, 1.06390621113e-06, 8.87074804723e-07, 6.28812017567e-07, 5.28394593857e-07, 4.60693399873e-07, 4.31110890986e-07],
        "min": [5.81656767146e-24, 8.5288745953e-24, 7.51084723053e-24, 3.86485676662e-24, 1.20447140539e-23, 6.55560293862e-24, 6.17444783175e-24, 2.66794533083e-24, 9.5399741836e-24, 9.12745436157e-24, 5.31182172658e-24, 3.10092090777e-24, 4.59743126296e-24, 6.64836272588e-24, 8.21111826723e-24, 3.47099232171e-24, 5.88862893187e-24, 7.63229631119e-24, 1.48602919421e-23, 6.78884623133e-24, 9.14530155069e-24, 1.23687126383e-23, 8.41725472151e-24, 1.0495448034e-23, 9.25044645416e-24, 6.07624884855e-24, 7.97517391478e-24, 1.1816309634e-23, 7.18368452503e-24, 9.09956497313e-24, 5.85796866949e-24, 9.59543268296e-24, 7.73733708502e-24, 1.09204523687e-23, 1.00961913304e-23, 7.87699544196e-24, 9.64786590074e-24, 8.94584438169e-24, 8.1642267973e-24, 7.95835855573e-24],
        "var": [3.01924865198e-05, 5.55381848244e-05, 8.80971947481e-06, 2.73829823527e-06, 2.8195925097e-06, 2.44774923885e-06, 3.86801076502e-07, 8.12214523194e-07, 1.7614945591e-07, 1.23609055436e-07, 9.3609642704e-08, 9.28413328438e-08, 3.98090982401e-08, 1.17327383364e-08, 3.92347221378e-09, 2.97139757244e-09, 1.03105328719e-08, 1.09349436173e-08, 1.34448452371e-09, 3.17364551305e-10, 5.64448175699e-11, 1.8873061447e-10, 1.5451398494e-10, 1.33223057586e-10, 6.29666804808e-11, 8.56038087638e-11, 1.58993623822e-10, 1.63340826975e-10, 6.17521173085e-11, 4.23579955833e-11, 6.94292887071e-11, 6.4316690862e-11, 5.78936204532e-11, 8.77474828909e-11, 1.25272042739e-10, 5.05608610535e-11, 3.52112609903e-11, 1.89624930341e-11, 1.93304088014e-11, 4.25119522918e-11]
    },
    "mfcc": {
