{
"metadata": {
    "version": {
        "essentia": "2.0.1",
        "extractor": "archive-music 1.0"
    },
    "audio_properties": {
        "analysis_sample_rate": 44100,
        "bitrate": 128,
        "channels": 2,
        "equal_loudness": 0,
        "length": 16.0391845703,
        "replay_gain": -0.441473007202,
        "downmix": "mix"
    },
    "tags": {
        "track": 1,
        "year": 0,
        "album": "You're Not The One",
        "artist": "PSA",
        "comment": "",
        "genre": "Other",
        "title": "You're Not The One"
    }
},
"highlevel": {
    "culture": {
        "all": {
            "non_western": 1.53925029736e-05,
            "western": 0.999984622002
        },
        "probability": 0.999984622002,
        "value": "western"
    },
    "danceability": {
        "all": {
            "danceable": 0.770794630051,
            "not_danceable": 0.229205340147
        },
        "probability": 0.770794630051,
        "value": "danceable"
    },
    "gender": {
        "all": {
            "female": 0.921305298805,
            "male": 0.0786947086453
        },
        "probability": 0.921305298805,
        "value": "female"
    },
    "genre_dortmund": {
        "all": {
            "alternative": 0.100109092891,
            "blues": 0.00929519161582,
            "electronic": 0.0527493879199,
            "folkcountry": 0.00957585778087,
            "funksoulrnb": 0.0113379051909,
            "jazz": 0.036856751889,
            "pop": 0.0637656077743,
            "raphiphop": 0.0392496883869,
            "rock": 0.677060544491
        },
        "probability": 0.677060544491,
        "value": "rock"
    },
    "genre_electronic": {
        "all": {
            "ambient": 0.312315434217,
            "dnb": 0.182435154915,
            "house": 0.0556947626173,
            "techno": 0.0322470627725,
            "trance": 0.417307585478
        },
        "probability": 0.417307585478,
        "value": "trance"
    },
    "genre_rosamerica": {
        "all": {
            "cla": 0.00262623047456,
            "dan": 0.614699721336,
            "hip": 0.0130085954443,
            "jaz": 0.00209117378108,
            "pop": 0.10014526546,
            "rhy": 0.00274204346351,
            "roc": 0.262000709772,
            "spe": 0.00268623488955
        },
        "probability": 0.614699721336,
        "value": "dan"
    },
    "genre_tzanetakis": {
        "all": {
            "blu": 0.0007727688062,
            "cla": 0.00207742443308,
            "cou": 0.00151381304022,
            "dis": 0.0120629034936,
            "hip": 0.131605878472,
            "jaz": 0.0087167378515,
            "met": 0.0139648215845,
            "pop": 0.74870043993,
            "reg": 0.0207230392843,
            "roc": 0.0598621405661
        },
        "probability": 0.74870043993,
        "value": "pop"
    },
    "mirex_ballroom": {
        "all": {
            "ChaChaCha": 0.116072013974,
            "Jive": 0.567165255547,
            "Quickstep": 0.0165330115706,
            "Rumba-American": 0.004143321421,
            "Rumba-International": 0.0040670344606,
            "Rumba-Misc": 0.00293722050264,
            "Samba": 0.279091835022,
            "Tango": 0.00142451084685,
            "VienneseWaltz": 0.00694665405899,
            "Waltz": 0.00161914364435
        },
        "probability": 0.567165255547,
        "value": "Jive"
    },
    "mood_acoustic": {
        "all": {
            "acoustic": 0.0154255796224,
            "not_acoustic": 0.984574437141
        },
        "probability": 0.984574437141,
        "value": "not_acoustic"
    },
    "mood_aggressive": {
        "all": {
            "aggressive": 0.83039611578,
            "not_aggressive": 0.169603899121
        },
        "probability": 0.83039611578,
        "value": "aggressive"
    },
    "mood_electronic": {
        "all": {
            "electronic": 0.788399338722,
            "not_electronic": 0.21160069108
        },
        "probability": 0.788399338722,
        "value": "electronic"
    },
    "mood_happy": {
        "all": {
            "happy": 0.0942639783025,
            "not_happy": 0.905736029148
        },
        "probability": 0.905736029148,
        "value": "not_happy"
    },
    "mood_party": {
        "all": {
            "not_party": 0.409676939249,
            "party": 0.590323090553
        },
        "probability": 0.590323090553,
        "value": "party"
    },
    "mood_relaxed": {
        "all": {
            "not_relaxed": 0.508411824703,
            "relaxed": 0.491588205099
        },
        "probability": 0.508411824703,
        "value": "not_relaxed"
    },
    "mood_sad": {
        "all": {
            "not_sad": 0.881186068058,
            "sad": 0.118813931942
        },
        "probability": 0.881186068058,
        "value": "not_sad"
    },
    "moods_mirex": {
        "all": {
            "Cluster1": 0.500199079514,
            "Cluster2": 0.0389496386051,
            "Cluster3": 0.0453990250826,
            "Cluster4": 0.079631946981,
            "Cluster5": 0.335820317268
        },
        "probability": 0.500199079514,
        "value": "Cluster1"
    },
    "timbre": {
        "all": {
            "bright": 0.402565449476,
            "dark": 0.597434580326
        },
        "probability": 0.597434580326,
        "value": "dark"
    },
    "tonal_atonal": {
        "all": {
            "atonal": 0.588068246841,
            "tonal": 0.411931753159
        },
        "probability": 0.588068246841,
        "value": "atonal"
    },
    "voice_instrumental": {
        "all": {
            "instrumental": 0.0360483676195,
            "voice": 0.963951647282
        },
        "probability": 0.963951647282,
        "value": "voice"
    }
},
"lowlevel": {
    "average_loudness": 0.975932061672,
    "barkbands_kurtosis": {
        "dmean": 7.12948989868,
        "dmean2": 10.5543022156,
        "dvar": 88.5029602051,
        "dvar2": 161.398376465,
        "max": 127.144195557,
        "mean": 10.8069400787,
        "median": 3.75067353249,
        "min": -1.3112847805,
        "var": 260.541229248
    },
    "barkbands_skewness": {
        "dmean": 0.914747595787,
        "dmean2": 1.34493541718,
        "dvar": 0.923136234283,
        "dvar2": 1.83360540867,
        "max": 8.91946220398,
        "mean": 2.46690702438,
        "median": 1.98929834366,
        "min": -2.03604388237,
        "var": 2.67190718651
    },
    "barkbands_spread": {
        "dmean": 6.30855703354,
        "dmean2": 9.35736370087,
        "dvar": 40.2129516602,
        "dvar2": 85.7749557495,
        "max": 59.2623710632,
        "mean": 21.1803188324,
        "median": 20.7847309113,
        "min": 1.05502748489,
        "var": 171.315109253
    },
    "dissonance": {
        "dmean": 0.0127040734515,
        "dmean2": 0.0217249207199,
        "dvar": 0.000176233574166,
        "dvar2": 0.000481302064145,
        "max": 0.499999880791,
        "mean": 0.478374809027,
        "median": 0.48132443428,
        "min": 0.344742059708,
        "var": 0.000220095258555
    },
    "dynamic_complexity": 2.52168226242,
    "erbbands_kurtosis": {
        "dmean": 0.554981827736,
        "dmean2": 0.849730014801,
        "dvar": 0.513250112534,
        "dvar2": 1.0159330368,
        "max": 9.83194351196,
        "mean": -0.0466247685254,
        "median": -0.370991945267,
        "min": -1.24851226807,
        "var": 1.25769770145
    },
    "erbbands_skewness": {
        "dmean": 0.287657946348,
        "dmean2": 0.437683403492,
        "dvar": 0.0728774666786,
        "dvar2": 0.142394736409,
        "max": 3.08241033554,
        "mean": 0.414284110069,
        "median": 0.296791046858,
        "min": -0.744958281517,
        "var": 0.269589245319
    },
    "erbbands_spread": {
        "dmean": 9.7473783493,
        "dmean2": 15.0248298645,
        "dvar": 96.0546340942,
        "dvar2": 209.966934204,
        "max": 95.2460021973,
        "mean": 49.3571891785,
        "median": 48.3364028931,
        "min": 13.744726181,
        "var": 205.404663086
    },
    "hfc": {
        "dmean": 6.5960726738,
        "dmean2": 9.40972328186,
        "dvar": 66.5380859375,
        "dvar2": 144.667999268,
        "max": 67.5788269043,
        "mean": 22.2372684479,
        "median": 18.651512146,
        "min": 1.21655159989e-16,
        "var": 198.113388062
    },
    "melbands_kurtosis": {
        "dmean": 19.967464447,
        "dmean2": 30.7945899963,
        "dvar": 702.656799316,
        "dvar2": 1595.40527344,
        "max": 257.107543945,
        "mean": 30.9488639832,
        "median": 14.0625734329,
        "min": -1.24894320965,
        "var": 1364.92089844
    },
    "melbands_skewness": {
        "dmean": 1.37311184406,
        "dmean2": 2.06877946854,
        "dvar": 2.23488068581,
        "dvar2": 4.90812778473,
        "max": 12.5188961029,
        "mean": 3.9831662178,
        "median": 3.28205251694,
        "min": -0.060981541872,
        "var": 4.75275421143
    },
    "melbands_spread": {
        "dmean": 7.35433340073,
        "dmean2": 11.0265464783,
        "dvar": 90.2995071411,
        "dvar2": 179.000946045,
        "max": 142.307357788,
        "mean": 18.7880859375,
        "median": 15.7236804962,
        "min": 0.804300248623,
        "var": 267.9871521
    },
    "pitch_salience": {
        "dmean": 0.0964289307594,
        "dmean2": 0.15323074162,
        "dvar": 0.00808173511177,
        "dvar2": 0.0192628037184,
        "max": 0.871042728424,
        "mean": 0.591899216175,
        "median": 0.612186670303,
        "min": 0.196531653404,
        "var": 0.0159816648811
    },
    "silence_rate_20dB": {
        "dmean": 0,
        "dmean2": 0,
        "dvar": 0,
        "dvar2": 0,
        "max": 1,
        "mean": 1,
        "median": 1,
        "min": 1,
        "var": 0
    },
    "silence_rate_30dB": {
        "dmean": 0.156295225024,
        "dmean2": 0.313043475151,
        "dvar": 0.131867453456,
        "dvar2": 0.275916516781,
        "max": 1,
        "mean": 0.859826564789,
        "median": 1,
        "min": 0,
        "var": 0.120524689555
    },
    "silence_rate_60dB": {
        "dmean": 0.00578871183097,
        "dmean2": 0.0115942033008,
        "dvar": 0.0057551949285,
        "dvar2": 0.0114598181099,
        "max": 1,
        "mean": 0.0505780354142,
        "median": 0,
        "min": 0,
        "var": 0.0480195134878
    },
    "spectral_centroid": {
        "dmean": 283.657348633,
        "dmean2": 403.903045654,
        "dvar": 228722.640625,
        "dvar2": 253983.953125,
        "max": 11281.6845703,
        "mean": 1085.03686523,
        "median": 1023.3862915,
        "min": 176.015884399,
        "var": 613142.3125
    },
    "spectral_complexity": {
        "dmean": 3.45586109161,
        "dmean2": 4.84057950974,
        "dvar": 7.66918182373,
        "dvar2": 15.8180875778,
        "max": 44,
        "mean": 24.4566478729,
        "median": 27,
        "min": 0,
        "var": 88.728012085
    },
    "spectral_crest": {
        "dmean": 3.01275467873,
        "dmean2": 4.64571237564,
        "dvar": 7.12190914154,
        "dvar2": 15.6731843948,
        "max": 19.806306839,
        "mean": 10.0694684982,
        "median": 9.48225784302,
        "min": 2.42624473572,
        "var": 17.1669654846
    },
    "spectral_decrease": {
        "dmean": 7.64339436188e-09,
        "dmean2": 1.2235437552e-08,
        "dvar": 1.24692289266e-16,
        "dvar2": 3.08127663382e-16,
        "max": 6.36085967826e-19,
        "mean": -1.26863861638e-08,
        "median": -8.17868617276e-09,
        "min": -6.45350723971e-08,
        "var": 1.49658995667e-16
    },
    "spectral_energy": {
        "dmean": 0.0293280165642,
        "dmean2": 0.0468664206564,
        "dvar": 0.00182316044811,
        "dvar2": 0.00449815485626,
        "max": 0.248223915696,
        "mean": 0.0498983561993,
        "median": 0.0327566452324,
        "min": 1.09028002744e-20,
        "var": 0.00219624373131
    },
    "spectral_energyband_high": {
        "dmean": 0.000352874340024,
        "dmean2": 0.000491168233566,
        "dvar": 2.17610477193e-07,
        "dvar2": 4.29362359e-07,
        "max": 0.004250286147,
        "mean": 0.00101805652957,
        "median": 0.000587033340707,
        "min": 8.02809157521e-21,
        "var": 9.85781412055e-07
    },
    "spectral_energyband_low": {
        "dmean": 0.024923203513,
        "dmean2": 0.0396774411201,
        "dvar": 0.00164574082009,
        "dvar2": 0.004110917449,
        "max": 0.224430501461,
        "mean": 0.0319456271827,
        "median": 0.0140379145741,
        "min": 1.42838349911e-23,
        "var": 0.00185055937618
    },
    "spectral_energyband_middle_high": {
        "dmean": 0.00115793128498,
        "dmean2": 0.00168727757409,
        "dvar": 1.7753748125e-06,
        "dvar2": 4.72870078738e-06,
        "max": 0.0202566385269,
        "mean": 0.00432469882071,
        "median": 0.00427119340748,
        "min": 1.4329829747e-21,
        "var": 7.83285759098e-06
    },
    "spectral_energyband_middle_low": {
        "dmean": 0.00877148192376,
        "dmean2": 0.013954853639,
        "dvar": 0.000197078639758,
        "dvar2": 0.000497877947055,
        "max": 0.157224223018,
        "mean": 0.0196055676788,
        "median": 0.0133168380708,
        "min": 2.12207041871e-22,
        "var": 0.000363522791304
    },
    "spectral_flatness_db": {
        "dmean": 0.0319807343185,
        "dmean2": 0.0458775237203,
        "dvar": 0.000936743163038,
        "dvar2": 0.00187859195285,
        "max": 0.327614396811,
        "mean": 0.128495901823,
        "median": 0.112170867622,
        "min": 0.0246155336499,
        "var": 0.00412444397807
    },
    "spectral_flux": {
        "dmean": 0.0501056611538,
        "dmean2": 0.0770707800984,
        "dvar": 0.0039947363548,
        "dvar2": 0.00781935080886,
        "max": 0.402618736029,
        "mean": 0.124576129019,
        "median": 0.0957175195217,
        "min": 1.0493488023e-10,
        "var": 0.00688922405243
    },
    "spectral_kurtosis": {
        "dmean": 0.974782705307,
        "dmean2": 1.45215535164,
        "dvar": 1.22899508476,
        "dvar2": 2.78996539116,
        "max": 15.8568267822,
        "mean": 3.73157119751,
        "median": 3.32630586624,
        "min": -1.23008227348,
        "var": 4.41901111603
    },
    "spectral_rms": {
        "dmean": 0.00174864567816,
        "dmean2": 0.00264479569159,
        "dvar": 4.53541133538e-06,
        "dvar2": 1.05140343294e-05,
        "max": 0.0155618013814,
        "mean": 0.00630915863439,
        "median": 0.00565311126411,
        "min": 3.26142281584e-12,
        "var": 8.87587157195e-06
    },
    "spectral_rolloff": {
        "dmean": 514.085144043,
        "dmean2": 820.633056641,
        "dvar": 1192448.375,
        "dvar2": 2245306.5,
        "max": 19056.8847656,
        "mean": 1177.48095703,
        "median": 753.662109375,
        "min": 107.666015625,
        "var": 3218565.25
    },
    "spectral_skewness": {
        "dmean": 0.14080542326,
        "dmean2": 0.196537211537,
        "dvar": 0.0203747581691,
        "dvar2": 0.0360999964178,
        "max": 3.02095198631,
        "mean": 1.6715952158,
        "median": 1.67425966263,
        "min": 0.0196130219847,
        "var": 0.135462865233
    },
    "spectral_spread": {
        "dmean": 724915,
        "dmean2": 1004013.4375,
        "dvar": 3.23136048333e+12,
        "dvar2": 3.59768994611e+12,
        "max": 41664288,
        "mean": 5663638,
        "median": 5613204,
        "min": 2429459,
        "var": 5.15742787174e+12
    },
    "spectral_strongpeak": {
        "dmean": 0.277796953917,
        "dmean2": 0.440321326256,
        "dvar": 0.0824879780412,
        "dvar2": 0.209306493402,
        "max": 2.54792690277,
        "mean": 0.565365672112,
        "median": 0.442760646343,
        "min": 0,
        "var": 0.201335072517
    },
    "zerocrossingrate": {
        "dmean": 0.0124479923397,
        "dmean2": 0.0148465810344,
        "dvar": 0.000547230825759,
        "dvar2": 0.000976967858151,
        "max": 0.5107421875,
        "mean": 0.0618995279074,
        "median": 0.05615234375,
        "min": 0.00732421875,
        "var": 0.00239182938822
    },
    "barkbands": {
        "dmean": [0.000401001627324, 0.0146845141426, 0.0095129404217, 0.00592888984829, 0.00355052645318, 0.00086450134404, 0.000551317178179, 0.000477273657452, 0.000653250841424, 0.000634162279312, 0.000316594494507, 0.000211840088014, 0.000211227088585, 0.000219035806367, 0.000248758442467, 0.000176822853973, 0.000138602175866, 0.000106349143607, 7.3353316111e-05, 7.10644380888e-05, 5.2003601013e-05, 6.08922091487e-05, 7.62386262068e-05, 8.29519849503e-05, 0.000132326691528, 3.22970663547e-05, 1.7999980173e-06],
        "dmean2": [0.000588619965129, 0.0239218752831, 0.0155511163175, 0.00920074060559, 0.00577126070857, 0.00139487255365, 0.000914545787964, 0.000786487187725, 0.00107656302862, 0.00105297798291, 0.000516904634424, 0.000355193245923, 0.000355327472789, 0.000363301893231, 0.000405747792684, 0.0002855657076, 0.000224366784096, 0.000174481028807, 0.000115716975415, 0.000116238697956, 7.56193840061e-05, 9.1464848083e-05, 0.000116338116641, 0.000125760125229, 0.000201738177566, 4.82784926135e-05, 3.0175408483e-06],
        "dvar": [3.46601552792e-07, 0.000683374819346, 0.000248785712756, 6.0750717239e-05, 8.15720850369e-05, 1.30878765958e-06, 1.10055975711e-06, 1.01179364265e-06, 2.31620538216e-06, 9.22528670344e-07, 3.84467455206e-07, 5.93012252637e-08, 6.69545201504e-08, 5.56995551904e-08, 7.64101315553e-08, 3.4563942819e-08, 2.08683381686e-08, 1.19158771739e-08, 6.97818425266e-09, 1.31289716876e-08, 5.25408916374e-09, 7.67377361655e-09, 1.00203729758e-08, 9.35005850522e-09, 4.20255084066e-08, 3.16489079388e-09, 1.7758192486e-11],
        "dvar2": [7.67534913848e-07, 0.00176801322959, 0.00061433610972, 0.000119411597552, 0.000220238129259, 3.43321471519e-06, 3.09313759317e-06, 2.64664981842e-06, 5.9175563365e-06, 2.66910774371e-06, 1.08153358269e-06, 1.68147764157e-07, 1.8711706673e-07, 1.53239412271e-07, 2.04796975822e-07, 9.20124350046e-08, 5.93350861777e-08, 3.23359330423e-08, 1.89357685088e-08, 4.02677322597e-08, 1.37438567194e-08, 1.7776590866e-08, 2.33633628e-08, 1.9842477883e-08, 9.6087561019e-08, 7.09048153524e-09, 4.14632737866e-11],
        "max": [0.00499267224222, 0.141225501895, 0.100040994585, 0.120906427503, 0.128956496716, 0.0163123328239, 0.0173235330731, 0.0168742500246, 0.0222338736057, 0.00868324097246, 0.0092489970848, 0.00308467401192, 0.00333829713054, 0.00268865725957, 0.00262274802662, 0.00194956711493, 0.00159276102204, 0.000922738807276, 0.000867280759849, 0.0012500602752, 0.000817010703031, 0.0011503851274, 0.000948192377109, 0.000786578806583, 0.00131266925018, 0.000473505147966, 3.27443776769e-05],
        "mean": [0.000607740483247, 0.0149199711159, 0.00960561539978, 0.00970481149852, 0.00517426012084, 0.00175538274925, 0.000832827179693, 0.000827862939332, 0.0009597610333, 0.00100332661532, 0.000558801868465, 0.000381671532523, 0.000385275110602, 0.000416573748225, 0.000517026579473, 0.000381056190236, 0.000317253783578, 0.000257046893239, 0.000173119828105, 0.000148390288814, 0.000124916492496, 0.000160274503287, 0.000188005404198, 0.00021367467707, 0.000232284946833, 4.99434863741e-05, 1.52628297201e-06],
        "median": [0.000232412014157, 0.00482254568487, 0.00322779128328, 0.00371025549248, 0.0029843323864, 0.00129502359778, 0.000489517929964, 0.000415439426433, 0.000533214653842, 0.000590650714003, 0.000346672575688, 0.000318004196743, 0.000328922702465, 0.000359747908078, 0.000426347774919, 0.000331870804075, 0.000294485711493, 0.000236780295381, 0.000146975376992, 8.63304521772e-05, 6.12544099567e-05, 7.66497396398e-05, 0.000104514547274, 0.000149092287757, 0.000118475611089, 2.20892725338e-05, 1.88336226614e-08],
        "min": [3.49046890303e-24, 6.96185368303e-24, 1.91407632321e-24, 7.31924948273e-24, 2.05489635672e-23, 1.97395244364e-23, 2.59229995979e-23, 5.83610467953e-23, 3.72155545002e-23, 3.10065880874e-23, 8.88005764205e-23, 9.24439967755e-23, 6.98266604252e-23, 1.01940607275e-22, 8.21664770886e-23, 1.27276257331e-22, 1.15387972028e-22, 9.09604460245e-23, 2.35269093823e-22, 3.76331913474e-22, 2.85210880612e-22, 4.88519066601e-22, 5.58730665905e-22, 8.96123067189e-22, 1.2195412961e-21, 1.59414768678e-21, 2.67130446149e-21],
        "var": [6.42766735837e-07, 0.000646102183964, 0.000239727873122, 0.000237560874666, 7.47333615436e-05, 2.66845154329e-06, 1.34095296289e-06, 1.81807865829e-06, 2.68988765129e-06, 1.59380215337e-06, 7.88680836195e-07, 9.76014504772e-08, 1.0347994106e-07, 1.02294855253e-07, 1.77557609504e-07, 8.28301622846e-08, 5.30743093918e-08, 3.5073011162e-08, 2.18539728536e-08, 3.08203240706e-08, 2.04000478732e-08, 3.60336080973e-08, 4.0386723299e-08, 3.50943665239e-08, 7.49594590843e-08, 5.23738385994e-09, 1.77081543873e-11]
    },
    "erbbands": {
        "dmean": [0.356839686632, 3.85655283928, 11.4633512497, 15.6181545258, 15.188958168, 11.135682106, 6.46230745316, 7.89379787445, 7.81005907059, 10.1911907196, 9.88065624237, 15.5658349991, 17.2417507172, 15.5818281174, 12.197054863, 8.34255886078, 9.33763694763, 9.84561824799, 11.4952716827, 12.1514911652, 8.47527599335, 6.8713593483, 5.99592638016, 4.29251241684, 3.90020871162, 2.91571259499, 1.74326789379, 2.27718925476, 2.36041498184, 2.38141083717, 1.95932614803, 1.46815013885, 1.82755494118, 1.59075474739, 0.868562698364, 0.177658006549, 0.0599978640676, 0.00940235890448, 0.000265879032668, 3.85344901588e-05],
        "dmean2": [0.5315310359, 6.7504491806, 19.8578529358, 23.7128276825, 25.270149231, 17.7062091827, 10.4906253815, 12.7053871155, 13.1053495407, 16.8761692047, 16.3941917419, 25.5619621277, 28.6041870117, 24.8053970337, 20.0691108704, 13.7724323273, 15.8798303604, 16.3185901642, 19.0782241821, 20.0860462189, 13.4698133469, 11.1225624084, 9.75093364716, 6.93641519547, 6.32821369171, 4.71211433411, 2.54282927513, 3.41756868362, 3.63060045242, 3.50840067863, 2.89847755432, 2.13418745995, 2.83820033073, 2.40100002289, 1.39118134975, 0.265204668045, 0.0918389633298, 0.0146945649758, 0.000425273407018, 5.91268581047e-05],
        "dvar": [0.294004738331, 56.519908905, 461.428894043, 447.594055176, 1212.82873535, 554.281860352, 80.535484314, 130.502578735, 249.885147095, 541.654785156, 358.059020996, 1130.31616211, 1033.35803223, 588.444641113, 439.151763916, 86.7734527588, 142.712356567, 142.724182129, 145.538253784, 219.307800293, 72.9762191772, 44.8144683838, 39.4641265869, 21.9458827972, 32.7886505127, 19.5155887604, 5.27710294724, 12.0822668076, 12.4650259018, 11.2168416977, 6.02427482605, 3.0430252552, 4.95564508438, 5.09820222855, 2.12996006012, 0.0776564851403, 0.0129819307476, 0.000387367093936, 3.31246923224e-07, 2.8123892104e-09],
        "dvar2": [0.620999634266, 152.423370361, 1203.96813965, 840.047851562, 3226.27270508, 1464.39160156, 227.127746582, 324.959381104, 694.49395752, 1404.31018066, 1000.42816162, 2869.38720703, 2844.90087891, 1488.88635254, 1211.7088623, 246.112167358, 399.904846191, 386.217163086, 390.185638428, 591.670166016, 189.829605103, 126.393333435, 111.008018494, 61.0543518066, 88.8526306152, 58.7581748962, 13.5411558151, 29.6502037048, 30.8885326385, 24.5230407715, 13.5885925293, 6.92870378494, 10.702583313, 10.8813896179, 5.26770353317, 0.169385924935, 0.0293108019978, 0.000862120999955, 8.0404191749e-07, 6.74745370688e-09],
        "max": [3.34651947021, 36.860332489, 106.183395386, 326.323883057, 400.491119385, 376.638916016, 88.4469299316, 156.153671265, 317.735809326, 326.280059814, 232.077041626, 512.573547363, 372.629974365, 350.113037109, 344.193878174, 93.5951461792, 142.437210083, 172.933059692, 105.162910461, 198.635421753, 87.6587982178, 63.9015731812, 53.3960838318, 50.2964363098, 56.1124153137, 52.0768280029, 27.6470222473, 41.9546775818, 40.9871520996, 44.0311088562, 22.8630390167, 18.3653907776, 18.3369464874, 15.4820995331, 9.47907066345, 2.2471973896, 0.926695108414, 0.174378350377, 0.00600229762495, 0.000318411330227],
        "mean": [0.458174437284, 3.24940443039, 10.040681839, 27.0333633423, 20.5596542358, 17.6264247894, 12.8328285217, 14.712430954, 12.4957313538, 15.5883493423, 17.4591255188, 23.6620140076, 28.7495822906, 27.2765979767, 21.675409317, 16.3739910126, 17.9027290344, 20.9089889526, 24.7067832947, 25.768655777, 20.6640377045, 17.1236305237, 14.7829942703, 10.5477552414, 9.08237457275, 6.62696170807, 4.35315418243, 5.38008165359, 5.81900596619, 6.07972955704, 5.06227827072, 3.79657888412, 4.2455663681, 3.09654903412, 1.2587685585, 0.310734719038, 0.083866328001, 0.0110300211236, 0.000313108612318, 6.90127708367e-05],
        "median": [0.14622849226, 0.893751978874, 3.14860486984, 11.0850296021, 11.5613327026, 9.98873806, 9.2407951355, 9.85898017883, 8.0305557251, 7.54695606232, 9.33892822266, 14.0134811401, 17.1315155029, 16.7191104889, 15.4028406143, 14.1033725739, 15.3923301697, 18.7129020691, 21.4431343079, 21.7299556732, 18.9074821472, 16.3987522125, 14.2463846207, 9.69933700562, 6.3631696701, 4.18054294586, 2.78892564774, 2.28826522827, 2.74302911758, 2.89399814606, 3.10554146767, 2.70550489426, 2.97080183029, 1.75824069977, 0.594905018806, 0.168022856116, 0.0273053310812, 0.00164708658122, 7.020009798e-05, 4.75200249639e-05],
        "min": [1.39119179976e-22, 1.71179979058e-21, 3.60119865141e-21, 1.30045353483e-20, 5.58764510436e-20, 5.45233192707e-20, 7.97453550795e-20, 1.95223930344e-19, 1.70266572945e-19, 7.64602744852e-19, 1.37350900532e-18, 1.00380135432e-18, 1.00487596533e-18, 2.14173025176e-18, 3.70375040995e-18, 3.6951555898e-18, 3.750057635e-18, 3.89692851585e-18, 3.8023445487e-18, 5.97142015074e-18, 6.79546740314e-18, 6.54775410664e-18, 5.09289809193e-18, 1.15815517982e-17, 1.44585430441e-17, 1.6940058412e-17, 1.3411077617e-17, 1.28298682585e-17, 1.94976975573e-17, 1.44564618577e-17, 1.63072933675e-17, 1.90742919258e-17, 1.41778624643e-17, 1.26332416367e-17, 9.62459218855e-18, 6.30921052082e-18, 3.13733662435e-18, 1.01479448126e-18, 3.84923379872e-19, 3.8909936242e-20],
        "var": [0.449192434549, 42.2061347961, 353.948730469, 1770.84008789, 1077.31750488, 661.318359375, 150.817901611, 265.393066406, 291.032501221, 890.364440918, 596.847167969, 1404.17419434, 1702.03686523, 1188.30249023, 823.516235352, 152.29045105, 212.302566528, 261.58013916, 331.315612793, 455.188079834, 216.683609009, 134.100097656, 109.834579468, 61.9195365906, 92.4356842041, 55.349609375, 18.8212432861, 45.6014175415, 49.0030860901, 51.6266212463, 26.5037631989, 12.1356163025, 14.4583311081, 11.2798433304, 2.84511470795, 0.150985643268, 0.0190576892346, 0.000496793887578, 3.77780594363e-07, 3.6195750841e-09]
    },
    "gfcc": {
        "mean": [21.694234848, 90.6379699707, -100.787773132, 37.5959014893, -54.3371696472, 32.3556861877, -49.0064163208, 14.7143554688, -24.98087883, -3.82597851753, -17.4094409943, -3.71400713921, -8.79495239258],
        "cov": [[16196.4804688, -125.048377991, -712.697509766, 186.860733032, -675.742248535, 249.303970337, -419.688140869, 327.452453613, -312.865600586, 281.220062256, -379.917297363, 242.461654663, -120.130882263], [-125.048377991, 1069.45263672, 46.3379936218, 112.732452393, 164.146453857, 75.3106536865, 23.7588405609, -102.60004425, 109.847381592, -249.503570557, 172.865600586, -216.426300049, 63.1325302124], [-712.697509766, 46.3379936218, 402.074676514, 68.9766845703, 199.14743042, 52.0523033142, 81.2791061401, -11.9349718094, 41.6289253235, -16.5388736725, 43.1610794067, -21.5935611725, -1.95580327511], [186.860733032, 112.732452393, 68.9766845703, 125.328643799, 74.7510299683, 47.9323348999, 10.7828636169, -20.7908668518, 23.8173961639, -18.1550045013, 42.1158599854, -23.6157646179, 15.4624061584], [-675.742248535, 164.146453857, 199.14743042, 74.7510299683, 221.971710205, 67.0198669434, 64.8992538452, -0.697212517262, 43.6631393433, -32.6982345581, 60.803691864, -35.0517921448, 14.3470783234], [249.303970337, 75.3106536865, 52.0523033142, 47.9323348999, 67.0198669434, 96.1553115845, 38.3697357178, 38.5756416321, 22.0194950104, -0.64209741354, 26.3107948303, -5.88393449783, 11.3240194321], [-419.688140869, 23.7588405609, 81.2791061401, 10.7828636169, 64.8992538452, 38.3697357178, 104.088920593, 25.6703205109, 51.2769470215, -3.76151108742, 26.1436862946, -7.69089603424, 11.6662998199], [327.452453613, -102.60004425, -11.9349718094, -20.7908668518, -0.697212517262, 38.5756416321, 25.6703205109, 106.322517395, 11.4834918976, 69.0431365967, -16.7442531586, 48.839302063, -5.89945650101], [-312.865600586, 109.847381592, 41.6289253235, 23.8173961639, 43.6631393433, 22.0194950104, 51.2769470215, 11.4834918976, 75.6757583618, -4.76725006104, 46.8278808594, -22.966293335, 13.2984266281], [281.220062256, -249.503570557, -16.5388736725, -18.1550045013, -32.6982345581, -0.64209741354, -3.76151108742, 69.0431365967, -4.76725006104, 129.960250854, -14.8681192398, 88.9718780518, -14.0796442032], [-379.917297363, 172.865600586, 43.1610794067, 42.1158599854, 60.803691864, 26.3107948303, 26.1436862946, -16.7442531586, 46.8278808594, -14.8681192398, 99.7317428589, -10.6837644577, 33.9221763611], [242.461654663, -216.426300049, -21.5935611725, -23.6157646179, -35.0517921448, -5.88393449783, -7.69089603424, 48.839302063, -22.966293335, 88.9718780518, -10.6837644577, 104.283790588, 7.32935714722], [-120.130882263, 63.1325302124, -1.95580327511, 15.4624061584, 14.3470783234, 11.3240194321, 11.6662998199, -5.89945650101, 13.2984266281, -14.0796442032, 33.9221763611, 7.32935714722, 42.7214050293]],
        "icov": [[0.000151045722305, -0.000370393448975, -4.18786657974e-05, -0.000593015982304, 0.000655878335238, -0.000612079689745, 0.00019791185332, -0.000177081456059, 0.000335391348926, -0.000369098648662, 0.000803441856988, -0.000527635856997, 0.000274806981906], [-0.000370393448975, 0.00475513236597, 0.000669524481054, 0.00137440778781, -0.00236148689874, 0.000724194396753, 0.00243757106364, -0.00198719161563, -0.00314989802428, 0.00659680645913, -0.00696367770433, 0.00457037193701, -0.000974405673333], [-4.18786657974e-05, 0.000669524481054, 0.00520930765197, -0.000321213447023, -0.0046587344259, 2.45648352575e-05, -0.00176335487049, 0.00192315177992, -0.000892186013516, 0.000704403617419, -0.000245236820774, -0.00109688553493, 0.00244548846968], [-0.000593015982304, 0.00137440778781, -0.000321213447023, 0.0166834704578, -0.00503917317837, -0.0057585760951, 0.00283823302016, 0.00740823149681, -0.00447838194668, -0.00241153151728, -0.00296643725596, 0.00370994047262, -0.00396675243974], [0.000655878335238, -0.00236148689874, -0.0046587344259, -0.00503917317837, 0.014727294445, -0.00448171701282, -0.00181015476119, -0.0027583965566, 0.00395667925477, -0.00123313709628, 0.000281702872599, -0.000834927603137, 0.00158164266031], [-0.000612079689745, 0.000724194396753, 2.45648352575e-05, -0.0057585760951, -0.00448171701282, 0.0261096954346, -0.0060028443113, -0.0127990506589, 0.00549690145999, 0.0031964071095, -0.0065788179636, 0.00513509521261, -0.00256473338231], [0.00019791185332, 0.00243757106364, -0.00176335487049, 0.00283823302016, -0.00181015476119, -0.0060028443113, 0.0225359294564, -0.00313125341199, -0.0149790141732, 0.00687395781279, 0.000881797866896, -0.00187552336138, -0.00199132435955], [-0.000177081456059, -0.00198719161563, 0.00192315177992, 0.00740823149681, -0.0027583965566, -0.0127990506589, -0.00313125341199, 0.0289752222598, -0.00745894992724, -0.0129807693884, 0.0104517238215, -0.00657639885321, -0.000106298539322], [0.000335391348926, -0.00314989802428, -0.000892186013516, -0.00447838194668, 0.00395667925477, 0.00549690145999, -0.0149790141732, -0.00745894992724, 0.0383341982961, -0.0126103684306, -0.00931052491069, 0.0140163898468, -0.0036479672417], [-0.000369098648662, 0.00659680645913, 0.000704403617419, -0.00241153151728, -0.00123313709628, 0.0031964071095, 0.00687395781279, -0.0129807693884, -0.0126103684306, 0.0412125885487, -0.0117928599939, -0.0197903364897, 0.016282742843], [0.000803441856988, -0.00696367770433, -0.000245236820774, -0.00296643725596, 0.000281702872599, -0.0065788179636, 0.000881797866896, 0.0104517238215, -0.00931052491069, -0.0117928599939, 0.0346927754581, -0.00985432881862, -0.0103807877749], [-0.000527635856997, 0.00457037193701, -0.00109688553493, 0.00370994047262, -0.000834927603137, 0.00513509521261, -0.00187552336138, -0.00657639885321, 0.0140163898468, -0.0197903364897, -0.00985432881862, 0.0443572737277, -0.021778056398], [0.000274806981906, -0.000974405673333, 0.00244548846968, -0.00396675243974, 0.00158164266031, -0.00256473338231, -0.00199132435955, -0.000106298539322, -0.0036479672417, 0.016282742843, -0.0103807877749, -0.021778056398, 0.0463263988495]]
    },
    "melbands": {
        "dmean": [0.00351472361945, 0.00574095873162, 0.0026332961861, 0.00095526734367, 0.000238331806031, 0.000172020445461, 0.000115260438179, 0.000110551060061, 8.98363432498e-05, 9.75736911641e-05, 8.79030485521e-05, 6.86642961227e-05, 4.27215090895e-05, 2.66890128842e-05, 2.01950660994e-05, 2.19053290493e-05, 2.00579015655e-05, 2.00409303943e-05, 1.90353239304e-05, 1.46777729242e-05, 1.05603230622e-05, 8.36412164062e-06, 6.56168958812e-06, 5.69836856812e-06, 3.79736502509e-06, 2.79419282379e-06, 3.6933283809e-06, 1.60758781931e-06, 1.03345257685e-06, 1.43753391058e-06, 1.26646909848e-06, 1.29245654534e-06, 1.52131394771e-06, 1.59015178269e-06, 1.29939348881e-06, 1.01567843558e-06, 1.05540777895e-06, 1.39082180795e-06, 1.30199100568e-06, 1.46449815475e-06],
        "dmean2": [0.00534638436511, 0.0100654549897, 0.00409851130098, 0.00156348117162, 0.000382635131245, 0.000277166778687, 0.000191586543224, 0.000184567485121, 0.000150854772073, 0.00015983209596, 0.000146826670971, 0.000109636188427, 7.08994048182e-05, 4.39468203695e-05, 3.41299419233e-05, 3.72671820514e-05, 3.32802264893e-05, 3.32307063218e-05, 3.146909512e-05, 2.46946365223e-05, 1.67615180544e-05, 1.37248653118e-05, 1.10128794404e-05, 9.38168795983e-06, 6.2992767198e-06, 4.54965311292e-06, 6.14313012193e-06, 2.59249804913e-06, 1.52832478761e-06, 2.2498254566e-06, 1.9167496248e-06, 1.99463534045e-06, 2.37186213781e-06, 2.46074750976e-06, 1.98077441382e-06, 1.50721723458e-06, 1.60138154115e-06, 2.24007453653e-06, 1.95225061361e-06, 2.24425866691e-06],
        "dvar": [3.19541286444e-05, 0.000123195917695, 1.16693518066e-05, 5.79697098146e-06, 9.82273036243e-08, 5.66266820101e-08, 4.32910063353e-08, 6.75808422557e-08, 3.91048615711e-08, 4.54694806251e-08, 2.6508869766e-08, 1.04303001791e-08, 6.58514709428e-09, 1.13289688741e-09, 5.43431633027e-10, 7.48782424953e-10, 5.3814219747e-10, 4.3646650183e-10, 4.72673955532e-10, 3.22903259686e-10, 1.05651321025e-10, 7.24574775179e-11, 4.81082985948e-11, 3.79576613196e-11, 1.82269251775e-11, 1.10410534881e-11, 4.17496523464e-11, 4.76569651797e-12, 1.64731336211e-12, 4.26324817462e-12, 3.78054098443e-12, 3.53747781935e-12, 4.77154817394e-12, 5.44854135767e-12, 2.90158066844e-12, 1.70198924399e-12, 1.60436453619e-12, 2.90307036223e-12, 2.97316338216e-12, 4.41888192704e-12],
        "dvar2": [7.64944343246e-05, 0.000325734290527, 2.46896779572e-05, 1.56350670295e-05, 2.72805209534e-07, 1.44390583046e-07, 1.18956108963e-07, 1.74027789512e-07, 1.10775232542e-07, 1.13588356498e-07, 7.39122256732e-08, 2.68918700641e-08, 1.82746529021e-08, 3.25175464333e-09, 1.53850432394e-09, 2.15575690632e-09, 1.45109602112e-09, 1.23988030953e-09, 1.26776766862e-09, 8.96557661445e-10, 2.82000922613e-10, 2.07642542049e-10, 1.36182731758e-10, 1.07232112079e-10, 5.09298818396e-11, 2.99001726156e-11, 1.23972679344e-10, 1.42081051785e-11, 3.95343523543e-12, 1.18138996849e-11, 8.87468917798e-12, 8.7987317085e-12, 1.20450108221e-11, 1.322756054e-11, 7.0605995009e-12, 4.06418605367e-12, 3.89768295764e-12, 6.63422095037e-12, 6.35822861375e-12, 9.79213758689e-12],
        "max": [0.0330108180642, 0.0500456541777, 0.0460482314229, 0.0346314460039, 0.00288248341531, 0.00322866416536, 0.00412482582033, 0.00365617917851, 0.00291726877913, 0.00366388377734, 0.00182224030141, 0.00136475812178, 0.00129900884349, 0.000437740527559, 0.000263587629888, 0.000349198002368, 0.000319662736729, 0.000165599776665, 0.000205916338018, 0.000257031788351, 0.000105655781226, 8.18324551801e-05, 6.04830056545e-05, 6.1866856413e-05, 4.20632131863e-05, 2.93820976367e-05, 6.18462363491e-05, 2.50780849456e-05, 1.40850224852e-05, 2.2677520974e-05, 2.29451525229e-05, 2.00301365112e-05, 2.44379389187e-05, 2.67375289695e-05, 1.59565770446e-05, 1.52835127665e-05, 1.17321615107e-05, 1.48874996739e-05, 1.36929502332e-05, 1.39048815981e-05],
        "mean": [0.00407511973754, 0.00497676804662, 0.00432349275798, 0.0013801305322, 0.000485178024974, 0.000327113142703, 0.000185477096238, 0.000172245316207, 0.000144092191476, 0.000146211052197, 0.000143430603202, 0.000112592832011, 7.48716192902e-05, 4.78502624901e-05, 3.83913356927e-05, 3.88918379031e-05, 3.87288782804e-05, 3.85513631045e-05, 3.79615266866e-05, 3.02571515931e-05, 2.30221867241e-05, 1.84274940693e-05, 1.43367151395e-05, 1.23669851746e-05, 8.10790970718e-06, 6.14307828073e-06, 7.02593069946e-06, 3.63606636711e-06, 2.42080363932e-06, 3.18680372402e-06, 2.85759870167e-06, 2.96813414025e-06, 3.57345038537e-06, 3.46762089976e-06, 3.0262533528e-06, 2.36470418713e-06, 2.34721710513e-06, 3.07700838675e-06, 2.7365808819e-06, 2.59843614003e-06],
        "median": [0.00133523764089, 0.001621280564, 0.00194644881412, 0.000812259444501, 0.000368780718418, 0.000228158460231, 0.000121247438074, 8.4760831669e-05, 7.88247052697e-05, 8.59340507304e-05, 8.50483993418e-05, 6.75598348607e-05, 4.81405004393e-05, 3.82088910555e-05, 3.31514675054e-05, 3.2562045817e-05, 3.38114296028e-05, 3.30420734826e-05, 3.15215256705e-05, 2.58092259173e-05, 1.96906603378e-05, 1.7024049157e-05, 1.32551831484e-05, 1.10719884105e-05, 7.12331711838e-06, 4.79302161693e-06, 3.58854958904e-06, 2.48702758654e-06, 1.72161514911e-06, 1.4451984498e-06, 1.31582146423e-06, 1.41880855153e-06, 1.55394468493e-06, 1.56699570653e-06, 1.8017919956e-06, 1.64063226293e-06, 1.63556182997e-06, 2.17780598177e-06, 1.76747539626e-06, 1.3589954051e-06],
        "min": [1.90348211847e-24, 2.14655737907e-24, 3.43169521571e-24, 5.12562964813e-24, 2.99895590261e-24, 4.0718972555e-24, 3.02225865653e-24, 1.034045501e-23, 1.01766007113e-23, 5.57289760974e-24, 5.0880948574e-24, 8.12825552889e-24, 1.27632440651e-23, 1.21352942185e-23, 8.13614098249e-24, 4.61273674224e-24, 7.61287850001e-24, 5.49386479109e-24, 7.20081306186e-24, 9.00494741843e-24, 8.02098148983e-24, 6.14671660992e-24, 4.95547077315e-24, 4.15706070667e-24, 9.08659373326e-24, 9.183076944e-24, 1.1944550807e-23, 1.11534866133e-23, 7.97563934272e-24, 8.3960517181e-24, 7.18497273488e-24, 1.17846092585e-23, 5.19769879714e-24, 8.84574345485e-24, 8.55403452501e-24, 9.68246770663e-24, 1.30096960448e-23, 9.33307253424e-24, 8.91649165627e-24, 1.1360584689e-23],
        "var": [3.9155696868e-05, 9.12019750103e-05, 3.65197811334e-05, 5.29773160451e-06, 1.9322628475e-07, 1.16905837899e-07, 5.66766118482e-08, 1.1040217629e-07, 4.83662674355e-08, 5.64449500473e-08, 4.25481445632e-08, 1.99999732331e-08, 1.26568000525e-08, 1.82536818993e-09, 8.69222027688e-10, 1.12447662293e-09, 9.72789737652e-10, 8.63117521899e-10, 1.0136381734e-09, 6.03196659288e-10, 2.90075574672e-10, 1.77160550119e-10, 1.06421108037e-10, 9.36150393316e-11, 4.05630737332e-11, 3.06982286813e-11, 8.90565537981e-11, 1.44006577496e-11, 5.34245044037e-12, 1.39722539094e-11, 1.33763382315e-11, 1.29571700591e-11, 1.84239828255e-11, 1.83594302955e-11, 1.0635136001e-11, 5.40340558755e-12, 4.93115617783e-12, 7.48067927048e-12, 7.74469724463e-12, 8.75020542135e-12]
    },
    "mfcc": {
