{
"metadata": {
    "version": {
        "essentia": "2.0.1",
        "extractor": "archive-music 1.0"
    },
    "audio_properties": {
        "analysis_sample_rate": 44100,
        "bitrate": 128,
        "channels": 2,
        "equal_loudness": 0,
        "length": 15.1248979568,
        "replay_gain": -13.7760677338,
        "downmix": "mix"
    },
    "tags": {
        "track": 11,
        "year": 0,
        "album": "The Grey Cat",
        "artist": "Snakee",
        "comment": "",
        "genre": "Other",
        "title": "Les temps changent"
    }
},
"highlevel": {
    "culture": {
        "all": {
            "non_western": 0.00446879817173,
            "western": 0.995531201363
        },
        "probability": 0.995531201363,
        "value": "western"
    },
    "danceability": {
        "all": {
            "danceable": 0.980924606323,
            "not_danceable": 0.0190753675997
        },
        "probability": 0.980924606323,
        "value": "danceable"
    },
    "gender": {
        "all": {
            "female": 0.392397940159,
            "male": 0.607602059841
        },
        "probability": 0.607602059841,
        "value": "male"
    },
    "genre_dortmund": {
        "all": {
            "alternative": 0.0188107695431,
            "blues": 0.0737747550011,
            "electronic": 0.0310406833887,
            "folkcountry": 0.0104291206226,
            "funksoulrnb": 0.0349298417568,
            "jazz": 0.0340102501214,
            "pop": 0.0740905180573,
            "raphiphop": 0.552868485451,
            "rock": 0.170045554638
        },
        "probability": 0.552868485451,
        "value": "raphiphop"
    },
    "genre_electronic": {
        "all": {
            "ambient": 0.151346966624,
            "dnb": 0.510132551193,
            "house": 0.12500821054,
            "techno": 0.0249340310693,
            "trance": 0.188578233123
        },
        "probability": 0.510132551193,
        "value": "dnb"
    },
    "genre_rosamerica": {
        "all": {
            "cla": 0.0104034543037,
            "dan": 0.517658293247,
            "hip": 0.130197063088,
            "jaz": 0.0166050512344,
            "pop": 0.185591682792,
            "rhy": 0.0608512796462,
            "roc": 0.0608905404806,
            "spe": 0.0178026258945
        },
        "probability": 0.517658293247,
        "value": "dan"
    },
    "genre_tzanetakis": {
        "all": {
            "blu": 0.000278465246083,
            "cla": 0.000253747304669,
            "cou": 0.000866217422299,
            "dis": 0.00446700677276,
            "hip": 0.815742075443,
            "jaz": 0.00206871936098,
            "met": 0.00175169040449,
            "pop": 0.0827462673187,
            "reg": 0.0606515817344,
            "roc": 0.0311742536724
        },
        "probability": 0.815742075443,
        "value": "hip"
    },
    "mirex_ballroom": {
        "all": {
            "ChaChaCha": 0.0910833477974,
            "Jive": 0.0295448731631,
            "Quickstep": 0.0264714211226,
            "Rumba-American": 0.00517465500161,
            "Rumba-International": 0.00774643244222,
            "Rumba-Misc": 0.00507308822125,
            "Samba": 0.833036601543,
            "Tango": 0.000350465241354,
            "VienneseWaltz": 0.00116676453035,
            "Waltz": 0.000352345436113
        },
        "probability": 0.833036601543,
        "value": "Samba"
    },
    "mood_acoustic": {
        "all": {
            "acoustic": 0.00664740987122,
            "not_acoustic": 0.993352591991
        },
        "probability": 0.993352591991,
        "value": "not_acoustic"
    },
    "mood_aggressive": {
        "all": {
            "aggressive": 3.46630827153e-07,
            "not_aggressive": 0.999999642372
        },
        "probability": 0.999999642372,
        "value": "not_aggressive"
    },
    "mood_electronic": {
        "all": {
            "electronic": 0.626517117023,
            "not_electronic": 0.373482912779
        },
        "probability": 0.626517117023,
        "value": "electronic"
    },
    "mood_happy": {
        "all": {
            "happy": 0.812318146229,
            "not_happy": 0.18768183887
        },
        "probability": 0.812318146229,
        "value": "happy"
    },
    "mood_party": {
        "all": {
            "not_party": 0.444016993046,
            "party": 0.555983006954
        },
        "probability": 0.555983006954,
        "value": "party"
    },
    "mood_relaxed": {
        "all": {
            "not_relaxed": 9.27822441099e-07,
            "relaxed": 0.999999046326
        },
        "probability": 0.999999046326,
        "value": "relaxed"
    },
    "mood_sad": {
        "all": {
            "not_sad": 0.918899416924,
            "sad": 0.0811005607247
        },
        "probability": 0.918899416924,
        "value": "not_sad"
    },
    "moods_mirex": {
        "all": {
            "Cluster1": 0.259493172169,
            "Cluster2": 0.143407359719,
            "Cluster3": 0.0686927437782,
            "Cluster4": 0.251564770937,
            "Cluster5": 0.276841968298
        },
        "probability": 0.276841968298,
        "value": "Cluster5"
    },
    "timbre": {
        "all": {
            "bright": 0.727063775063,
            "dark": 0.27293625474
        },
        "probability": 0.727063775063,
        "value": "bright"
    },
    "tonal_atonal": {
        "all": {
            "atonal": 0.91261857748,
            "tonal": 0.0873814001679
        },
        "probability": 0.91261857748,
        "value": "atonal"
    },
    "voice_instrumental": {
        "all": {
            "instrumental": 0.0371700786054,
            "voice": 0.962829947472
        },
        "probability": 0.962829947472,
        "value": "voice"
    }
},
"lowlevel": {
    "average_loudness": 0.979881584644,
    "barkbands_kurtosis": {
        "dmean": 7.7181224823,
        "dmean2": 12.0773534775,
        "dvar": 170.20954895,
        "dvar2": 366.257476807,
        "max": 105.791473389,
        "mean": 8.13230895996,
        "median": 2.9413933754,
        "min": -1.91625511646,
        "var": 238.084106445
    },
    "barkbands_skewness": {
        "dmean": 1.08420932293,
        "dmean2": 1.64266192913,
        "dvar": 1.19344484806,
        "dvar2": 2.37682747841,
        "max": 9.35110664368,
        "mean": 2.14102363586,
        "median": 1.81592428684,
        "min": -2.4395802021,
        "var": 2.94507312775
    },
    "barkbands_spread": {
        "dmean": 15.5997467041,
        "dmean2": 24.4040756226,
        "dvar": 247.774200439,
        "dvar2": 527.073730469,
        "max": 114.418479919,
        "mean": 35.4305076599,
        "median": 30.6001243591,
        "min": 1.0698466301,
        "var": 598.103271484
    },
    "dissonance": {
        "dmean": 0.0222933683544,
        "dmean2": 0.0355986617506,
        "dvar": 0.000526484742295,
        "dvar2": 0.00127633812372,
        "max": 0.499997764826,
        "mean": 0.467692494392,
        "median": 0.476326912642,
        "min": 0.320820331573,
        "var": 0.000813748978544
    },
    "dynamic_complexity": 2.81661844254,
    "erbbands_kurtosis": {
        "dmean": 1.10846829414,
        "dmean2": 1.87558376789,
        "dvar": 2.35255813599,
        "dvar2": 6.27161884308,
        "max": 11.819480896,
        "mean": -0.112833499908,
        "median": -0.547275066376,
        "min": -1.76590275764,
        "var": 2.70462656021
    },
    "erbbands_skewness": {
        "dmean": 0.574750363827,
        "dmean2": 0.863241672516,
        "dvar": 0.296067625284,
        "dvar2": 0.663110494614,
        "max": 2.66999030113,
        "mean": 0.0993808880448,
        "median": 0.106357604265,
        "min": -2.89906549454,
        "var": 0.595023036003
    },
    "erbbands_spread": {
        "dmean": 19.5194377899,
        "dmean2": 31.1189308167,
        "dvar": 323.39541626,
        "dvar2": 757.878417969,
        "max": 177.574127197,
        "mean": 63.6131973267,
        "median": 58.241027832,
        "min": 8.41401767731,
        "var": 766.108764648
    },
    "hfc": {
        "dmean": 21.3888053894,
        "dmean2": 32.2542686462,
        "dvar": 746.289306641,
        "dvar2": 1641.13879395,
        "max": 292.726867676,
        "mean": 39.3921165466,
        "median": 28.9823493958,
        "min": 1.09566907953e-16,
        "var": 1617.94580078
    },
    "melbands_kurtosis": {
        "dmean": 25.8529529572,
        "dmean2": 40.14012146,
        "dvar": 1572.26721191,
        "dvar2": 3304.06518555,
        "max": 363.427246094,
        "mean": 36.4029273987,
        "median": 17.6110610962,
        "min": -1.3507976532,
        "var": 2431.68896484
    },
    "melbands_skewness": {
        "dmean": 1.70118403435,
        "dmean2": 2.51804423332,
        "dvar": 3.07833051682,
        "dvar2": 6.00231695175,
        "max": 16.216047287,
        "mean": 4.41119194031,
        "median": 3.62276744843,
        "min": -0.242118939757,
        "var": 7.27078914642
    },
    "melbands_spread": {
        "dmean": 13.1458063126,
        "dmean2": 20.6441707611,
        "dvar": 270.777282715,
        "dvar2": 635.716369629,
        "max": 166.702453613,
        "mean": 23.9918746948,
        "median": 16.6597137451,
        "min": 0.881448566914,
        "var": 528.492797852
    },
    "pitch_salience": {
        "dmean": 0.0896200835705,
        "dmean2": 0.141863659024,
        "dvar": 0.00584509177133,
        "dvar2": 0.0144314989448,
        "max": 0.855288267136,
        "mean": 0.488939315081,
        "median": 0.485776662827,
        "min": 0.131699547172,
        "var": 0.0141893578693
    },
    "silence_rate_20dB": {
        "dmean": 0,
        "dmean2": 0,
        "dvar": 0,
        "dvar2": 0,
        "max": 1,
        "mean": 1,
        "median": 1,
        "min": 1,
        "var": 0
    },
    "silence_rate_30dB": {
        "dmean": 0.00306748459116,
        "dmean2": 0.00614439323545,
        "dvar": 0.00305807846598,
        "dvar2": 0.0091788014397,
        "max": 1,
        "mean": 0.998468577862,
        "median": 1,
        "min": 0,
        "var": 0.00152903981507
    },
    "silence_rate_60dB": {
        "dmean": 0.0122699383646,
        "dmean2": 0.0245775729418,
        "dvar": 0.0121195036918,
        "dvar2": 0.0301180258393,
        "max": 1,
        "mean": 0.0581929571927,
        "median": 0,
        "min": 0,
        "var": 0.0548057556152
    },
    "spectral_centroid": {
        "dmean": 523.943664551,
        "dmean2": 783.260925293,
        "dvar": 396790.96875,
        "dvar2": 721909.75,
        "max": 11100.7128906,
        "mean": 1510.27197266,
        "median": 1397.26428223,
        "min": 277.533477783,
        "var": 840643.0625
    },
    "spectral_complexity": {
        "dmean": 6.35276079178,
        "dmean2": 9.34869384766,
        "dvar": 45.2988891602,
        "dvar2": 101.403755188,
        "max": 49,
        "mean": 17.3369064331,
        "median": 15,
        "min": 0,
        "var": 122.162445068
    },
    "spectral_crest": {
        "dmean": 3.68467855453,
        "dmean2": 5.75212812424,
        "dvar": 9.08921051025,
        "dvar2": 20.6948451996,
        "max": 24.0890789032,
        "mean": 12.5838003159,
        "median": 12.0329389572,
        "min": 3.14350223541,
        "var": 23.1852359772
    },
    "spectral_decrease": {
        "dmean": 3.33226557458e-09,
        "dmean2": 5.11795006375e-09,
        "dvar": 1.07937755884e-17,
        "dvar2": 2.45925544129e-17,
        "max": 6.21994053485e-11,
        "mean": -1.00224699651e-08,
        "median": -1.008509809e-08,
        "min": -2.58258072705e-08,
        "var": 3.09647716945e-17
    },
    "spectral_energy": {
        "dmean": 0.0133402496576,
        "dmean2": 0.0206710193306,
        "dvar": 0.000163792763487,
        "dvar2": 0.000382823869586,
        "max": 0.110167250037,
        "mean": 0.04140008986,
        "median": 0.0417559668422,
        "min": 1.00283847408e-20,
        "var": 0.000481665600091
    },
    "spectral_energyband_high": {
        "dmean": 0.00182824791409,
        "dmean2": 0.00277006486431,
        "dvar": 6.05058357905e-06,
        "dvar2": 1.33219182317e-05,
        "max": 0.0231156013906,
        "mean": 0.00284619629383,
        "median": 0.00162593938876,
        "min": 7.16190826586e-21,
        "var": 1.25551614474e-05
    },
    "spectral_energyband_low": {
        "dmean": 0.00931661203504,
        "dmean2": 0.0139090567827,
        "dvar": 8.6416657723e-05,
        "dvar2": 0.000206294236705,
        "max": 0.0804768428206,
        "mean": 0.0217457488179,
        "median": 0.020095711574,
        "min": 1.69290670443e-23,
        "var": 0.000240970606683
    },
    "spectral_energyband_middle_high": {
        "dmean": 0.00302668823861,
        "dmean2": 0.00477692717686,
        "dvar": 1.35296404551e-05,
        "dvar2": 3.54150542989e-05,
        "max": 0.0311105716974,
        "mean": 0.00440417136997,
        "median": 0.0028858340811,
        "min": 1.27702893503e-21,
        "var": 2.26497631957e-05
    },
    "spectral_energyband_middle_low": {
        "dmean": 0.00824549049139,
        "dmean2": 0.0125759961084,
        "dvar": 9.65424260357e-05,
        "dvar2": 0.000210180398426,
        "max": 0.0808169394732,
        "mean": 0.0139503227547,
        "median": 0.010238641873,
        "min": 2.99522761186e-22,
        "var": 0.000179176611709
    },
    "spectral_flatness_db": {
        "dmean": 0.0402553491294,
        "dmean2": 0.0570855550468,
        "dvar": 0.00117116898764,
        "dvar2": 0.00242853327654,
        "max": 0.364033162594,
        "mean": 0.140083432198,
        "median": 0.133870407939,
        "min": 0.0230346638709,
        "var": 0.00343067618087
    },
    "spectral_flux": {
        "dmean": 0.0338269099593,
        "dmean2": 0.0548181198537,
        "dvar": 0.000949167646468,
        "dvar2": 0.00224648509175,
        "max": 0.299588471651,
        "mean": 0.117300890386,
        "median": 0.118601061404,
        "min": 6.72591149442e-11,
        "var": 0.0027472760994
    },
    "spectral_kurtosis": {
        "dmean": 1.47722184658,
        "dmean2": 2.24762606621,
        "dvar": 2.96760201454,
        "dvar2": 7.2789683342,
        "max": 18.6853504181,
        "mean": 2.47714996338,
        "median": 2.07214927673,
        "min": -1.31011211872,
        "var": 4.81837034225
    },
    "spectral_rms": {
        "dmean": 0.00103270157706,
        "dmean2": 0.00158573244698,
        "dvar": 9.57530915002e-07,
        "dvar2": 2.14647070607e-06,
        "max": 0.0103672677651,
        "mean": 0.00600702501833,
        "median": 0.00638259574771,
        "min": 3.12790505302e-12,
        "var": 4.30600084655e-06
    },
    "spectral_rolloff": {
        "dmean": 1683.12536621,
        "dmean2": 2907.0168457,
        "dvar": 7484184.5,
        "dvar2": 14942993,
        "max": 19638.28125,
        "mean": 2526.11157227,
        "median": 882.861328125,
        "min": 64.599609375,
        "var": 13815625
    },
    "spectral_skewness": {
        "dmean": 0.29601290822,
        "dmean2": 0.438095539808,
        "dvar": 0.0761866569519,
        "dvar2": 0.179066777229,
        "max": 3.12816286087,
        "mean": 1.29846155643,
        "median": 1.26713180542,
        "min": -0.00349265825935,
        "var": 0.162818431854
    },
    "spectral_spread": {
        "dmean": 1412682.75,
        "dmean2": 2085669.125,
        "dvar": 5.37237179597e+12,
        "dvar2": 1.01134484111e+13,
        "max": 49751444,
        "mean": 6676934,
        "median": 6151297,
        "min": 1758468.875,
        "var": 1.07072066683e+13
    },
    "spectral_strongpeak": {
        "dmean": 0.796009361744,
        "dmean2": 1.50390779972,
        "dvar": 17.3885879517,
        "dvar2": 45.7534255981,
        "max": 45.9015426636,
        "mean": 0.806254506111,
        "median": 0.365235507488,
        "min": 0,
        "var": 11.9505672455
    },
    "zerocrossingrate": {
        "dmean": 0.0294571388513,
        "dmean2": 0.0354577675462,
        "dvar": 0.00121762091294,
        "dvar2": 0.00164624920581,
        "max": 0.52734375,
        "mean": 0.0925199463964,
        "median": 0.0732421875,
        "min": 0.00830078125,
        "var": 0.00578461587429
    },
    "barkbands": {
        "dmean": [0.000477628665976, 0.00798052176833, 0.00240004947409, 0.00215834262781, 0.00385727034882, 0.000697129871696, 0.00369390542619, 0.00064807938179, 0.000899648992345, 0.000306908972561, 0.000340763333952, 0.000497425964568, 0.000536397041287, 0.000341388717061, 0.000384192884667, 0.00057193741668, 0.000445921672508, 0.000319242099067, 0.000227704324061, 0.000231439713389, 0.000183947122423, 0.000317266356433, 0.000436053232988, 0.000348635803675, 0.000401212222641, 0.0003395768872, 7.79476977186e-05],
        "dmean2": [0.000727387552615, 0.0122282570228, 0.00409746961668, 0.0034487801604, 0.00600261427462, 0.00114045792725, 0.00598776713014, 0.0011536218226, 0.00141248176806, 0.000516574655194, 0.000572754594032, 0.000809634337202, 0.000861096777953, 0.000573989469558, 0.000664521823637, 0.00100553489756, 0.000743696233258, 0.000561604159884, 0.000358134479029, 0.000385783059755, 0.000300624436932, 0.000504817406181, 0.000704676902387, 0.000558672298212, 0.000544104434084, 0.000527633703314, 0.000116034956591],
        "dvar": [2.28862788276e-07, 7.09623127477e-05, 2.68340627372e-05, 1.09571747089e-05, 3.08445123665e-05, 3.28452006215e-06, 5.19883578818e-05, 5.91441630604e-06, 3.20755452776e-06, 5.40171697594e-07, 9.62781314229e-07, 1.20975494156e-06, 1.77522326794e-06, 4.22636986741e-07, 1.80477650247e-06, 1.11246140477e-06, 6.05571756296e-07, 4.48621761961e-07, 1.2235366853e-07, 1.71004046479e-07, 1.0205670975e-07, 2.84296959308e-07, 5.57886949082e-07, 3.40062911164e-07, 9.67295136434e-07, 1.17924219012e-06, 1.12074062031e-07],
        "dvar2": [5.3641156228e-07, 0.000166749523487, 7.3781957326e-05, 2.9593877116e-05, 6.69314467814e-05, 7.34536342861e-06, 0.000119648131658, 1.56346304721e-05, 7.03289833837e-06, 1.36498908887e-06, 2.39846895056e-06, 2.88498699774e-06, 4.24814606959e-06, 1.06384129595e-06, 5.2557543313e-06, 3.04099785353e-06, 1.59258354415e-06, 1.24235646126e-06, 2.92214309638e-07, 4.40562729409e-07, 2.63077993168e-07, 6.30479519259e-07, 1.43526756347e-06, 8.31024067338e-07, 1.36114283578e-06, 2.70879786513e-06, 2.17528508983e-07],
        "max": [0.00501429243013, 0.0616887807846, 0.0452849566936, 0.025266578421, 0.072354875505, 0.0315252579749, 0.0636201873422, 0.0323176570237, 0.01650916785, 0.00625853799284, 0.0137217184529, 0.0149225816131, 0.0155653944239, 0.00613088533282, 0.0192463640124, 0.00936371367425, 0.0091467788443, 0.0066395662725, 0.00325035001151, 0.00436176173389, 0.00378125743009, 0.0050991862081, 0.00890986993909, 0.00705772545189, 0.014098290354, 0.0184954721481, 0.00717392005026],
        "mean": [0.000895602570381, 0.0167169012129, 0.00261706369929, 0.00283125950955, 0.00538426497951, 0.000779443827923, 0.00346218980849, 0.000475711014587, 0.000969230837654, 0.000285948131932, 0.00034540737397, 0.000547490140889, 0.000535530911293, 0.000339415622875, 0.000426378916018, 0.00062259339029, 0.000532461504918, 0.000326565845171, 0.000304368673824, 0.000275236874586, 0.000231858022744, 0.000392510963138, 0.000500028196257, 0.000433757872088, 0.000724850862753, 0.000365507235983, 7.8538316302e-05],
        "median": [0.000713491230272, 0.0143198184669, 0.00128102221061, 0.00125522853341, 0.00287350267172, 0.000245556148002, 0.000537311309017, 7.14194902685e-05, 0.000153245782712, 4.54579312645e-05, 7.95562009444e-05, 0.000154155815835, 0.000119637894386, 0.000103803780803, 0.00019100944337, 0.000256986619206, 0.00020850232977, 0.000131834327476, 0.000136069400469, 0.00012558758317, 0.00010106798436, 0.000166876809089, 0.000249598146183, 0.000201309085242, 0.000130925502162, 5.57230923732e-05, 8.30330179724e-07],
        "min": [4.52368420681e-24, 6.13717691499e-24, 1.64473307915e-24, 1.02164287207e-23, 3.38786318503e-23, 1.69135817047e-23, 3.12344584485e-23, 2.92590024359e-23, 3.96911956583e-23, 5.81852065441e-23, 3.98340678346e-23, 6.13635460639e-23, 9.20895331718e-23, 6.40647761973e-23, 5.92631691938e-23, 6.67811524601e-23, 1.33683234142e-22, 1.81292150975e-22, 1.34927046908e-22, 2.53709531587e-22, 3.08952589877e-22, 5.6438910838e-22, 5.04303706309e-22, 7.41665111688e-22, 9.55100580382e-22, 1.50558877317e-21, 2.15007243124e-21],
        "var": [6.30387773981e-07, 0.000178188973223, 2.26204865612e-05, 1.52342036017e-05, 5.56078921363e-05, 4.00352701035e-06, 5.27953889105e-05, 4.17395040131e-06, 4.64594768346e-06, 5.26105282006e-07, 8.85186807409e-07, 1.40435872709e-06, 1.8961884507e-06, 4.35079272165e-07, 1.09837549189e-06, 1.11423685212e-06, 6.87811223088e-07, 3.56802104307e-07, 1.91375292502e-07, 1.81203148486e-07, 1.29667256488e-07, 4.08851775546e-07, 6.00834255238e-07, 5.67356892134e-07, 3.52723941432e-06, 1.42112935464e-06, 1.39527983833e-07]
    },
    "erbbands": {
        "dmean": [0.328909903765, 1.55207848549, 2.3994307518, 5.31514024734, 8.64988708496, 17.7643890381, 7.65787220001, 6.3910741806, 43.6168022156, 41.722038269, 10.5706214905, 24.0074539185, 9.2365694046, 15.5352773666, 12.7306203842, 21.3918647766, 25.3436393738, 17.795923233, 18.414150238, 23.100944519, 32.7588386536, 24.1665363312, 17.5962162018, 12.8753881454, 12.2949829102, 10.2763299942, 8.69234466553, 6.90259981155, 11.7304143906, 10.5863332748, 13.4958686829, 9.36041545868, 5.09878969193, 3.74490594864, 3.51620793343, 1.22634911537, 0.702640295029, 0.161315888166, 0.00901968684047, 0.000155615533004],
        "dmean2": [0.480736881495, 2.43466091156, 4.04624605179, 8.60737705231, 14.2065000534, 27.6315937042, 12.1730861664, 10.3510656357, 70.6822814941, 69.7327194214, 17.8829631805, 38.5456924438, 15.0003557205, 24.33253479, 20.5373077393, 34.5108032227, 40.445514679, 28.8457508087, 32.254825592, 39.3092193604, 56.8889884949, 40.0720176697, 31.0370101929, 21.363073349, 19.8023586273, 16.9891834259, 14.0608053207, 10.8357095718, 18.5398254395, 16.9669132233, 21.838684082, 14.9631662369, 8.09155368805, 5.50491809845, 4.55555582047, 1.90122485161, 1.08886122704, 0.242748960853, 0.0135684171692, 0.000236633088207],
        "dvar": [0.113489083946, 2.86255407333, 18.9603481293, 84.5710906982, 177.808059692, 868.278930664, 153.193862915, 305.860778809, 9576.5625, 8467.32714844, 760.075439453, 2332.796875, 688.10748291, 1780.80688477, 650.442443848, 2388.21923828, 4306.35791016, 1366.47253418, 3362.48852539, 4488.77148438, 3343.51220703, 1772.28601074, 1396.80578613, 961.346069336, 398.247894287, 341.470214844, 372.028411865, 103.17237854, 425.837890625, 246.44694519, 561.042175293, 215.64730835, 103.19884491, 56.028591156, 103.515457153, 13.1153755188, 8.48361301422, 0.227874010801, 0.00179211620707, 2.9584538197e-07],
        "dvar2": [0.234794229269, 7.48567771912, 52.0145797729, 226.511138916, 462.680114746, 1916.30639648, 375.792907715, 691.819213867, 22382.6777344, 21712.9296875, 1908.11169434, 5158.80957031, 1744.63781738, 4373.02294922, 1599.92541504, 5895.0859375, 10687.4199219, 3156.79785156, 9594.73535156, 13057.2363281, 9322.63085938, 4634.72558594, 3929.4699707, 2682.1965332, 943.060974121, 873.827392578, 1003.90100098, 232.366867065, 980.262268066, 564.672607422, 1442.37207031, 506.352630615, 272.08581543, 106.442192078, 139.135894775, 31.5018081665, 19.0785655975, 0.425552874804, 0.00379117392004, 6.05743991855e-07],
        "max": [2.44002461433, 12.0259380341, 40.6828269958, 71.8724975586, 158.887619019, 399.161682129, 116.478820801, 280.688018799, 919.02734375, 1028.19702148, 439.78717041, 421.381500244, 344.312438965, 553.949584961, 267.341705322, 736.68560791, 836.649963379, 583.045776367, 674.090087891, 793.700012207, 501.107757568, 476.658538818, 428.271697998, 485.611297607, 222.582992554, 219.865615845, 276.778594971, 93.894569397, 214.301116943, 121.731536865, 276.168640137, 169.586090088, 139.613769531, 83.0172195435, 155.040679932, 45.0833396912, 58.0003433228, 7.0320930481, 0.879958868027, 0.0107503505424],
        "mean": [0.718662381172, 2.80556297302, 3.19713926315, 6.92238807678, 11.8695058823, 22.5766658783, 10.0213270187, 7.21871423721, 40.4734344482, 36.5542411804, 9.89920139313, 25.3376789093, 9.87351131439, 15.0247030258, 14.3733940125, 23.3876209259, 25.4726924896, 19.0414905548, 20.0129737854, 26.438577652, 35.6982192993, 29.493347168, 18.9290866852, 16.0744686127, 15.4229774475, 12.4398403168, 10.3813905716, 9.31073951721, 14.0648536682, 12.8843793869, 15.1879520416, 11.6515398026, 6.18870210648, 5.37029075623, 6.96543598175, 1.48736333847, 0.723978936672, 0.184000492096, 0.00926338508725, 0.000217599939788],
        "median": [0.626373291016, 2.37495875359, 1.86957514286, 3.79377317429, 6.82493829727, 10.0675897598, 4.01796340942, 2.779327631, 7.44827747345, 5.5570192337, 3.4223408699, 4.06906509399, 2.1171066761, 2.26044583321, 4.88227796555, 6.87920618057, 6.22481107712, 5.90785169601, 7.61526107788, 13.845864296, 14.2290410995, 12.9208526611, 8.12524700165, 7.36435604095, 6.67759513855, 5.83799362183, 4.19949769974, 4.10992431641, 5.89509773254, 6.07632398605, 7.14633083344, 5.75016975403, 2.65967130661, 1.4361320734, 0.758175551891, 0.24996393919, 0.10014333576, 0.0114510115236, 0.000337107077939, 7.75686567067e-05],
        "min": [1.73322459643e-22, 1.56257699373e-21, 2.47772582085e-21, 1.45404651508e-20, 6.68692871811e-20, 1.23857540054e-19, 7.4573046408e-20, 2.2050616293e-19, 3.91652856046e-19, 3.66321380365e-19, 9.81354877819e-19, 6.7489118171e-19, 1.78798935793e-18, 1.9720465568e-18, 1.85122193909e-18, 3.09282107251e-18, 4.21012639272e-18, 3.116496636e-18, 4.81526980858e-18, 3.26307593567e-18, 3.76898559537e-18, 7.38548458072e-18, 1.12125051679e-17, 9.12584281103e-18, 8.95157818984e-18, 1.10276617338e-17, 1.11533526551e-17, 1.70784126412e-17, 1.73613216456e-17, 1.74964333269e-17, 1.46459887883e-17, 1.48593898058e-17, 1.26481755554e-17, 1.05565377072e-17, 6.74847982203e-18, 4.87058461691e-18, 2.99249729909e-18, 1.19827803038e-18, 2.7633178114e-19, 3.07714548291e-20],
        "var": [0.351971030235, 5.69799184799, 20.1112213135, 88.8818283081, 244.236938477, 1276.88146973, 254.792282104, 332.251739502, 9150.48730469, 7251.06201172, 652.952026367, 3347.22021484, 645.802490234, 1744.5390625, 732.895141602, 2526.73046875, 4277.91894531, 1543.18151855, 2239.52734375, 3291.72119141, 3533.8269043, 1997.78747559, 1060.38806152, 838.793823242, 545.863891602, 365.352722168, 367.402099609, 181.211410522, 551.999450684, 341.096679688, 613.99230957, 351.046661377, 142.658630371, 131.920730591, 414.397155762, 18.862985611, 9.01040267944, 0.330847531557, 0.00196626246907, 3.54589815288e-07]
    },
    "gfcc": {
        "mean": [15.0945978165, 59.6455307007, -80.9431304932, 49.9670410156, -44.3282928467, 26.5462532043, -44.1261711121, 13.8229293823, -17.1331768036, 6.8182144165, -14.7398109436, 6.25392389297, -13.7950563431],
        "cov": [[19034.5117188, -56.4972915649, -1087.37304688, 183.509567261, -911.204956055, 309.907562256, -486.304107666, 196.607192993, -202.065139771, 139.80178833, -147.610336304, 116.760292053, -235.388473511], [-56.4972915649, 1527.45678711, -393.713439941, 162.444122314, -84.8781890869, -40.6860313416, 46.2200508118, -61.7358016968, 217.689102173, -72.4455337524, 160.076507568, -77.8377304077, 89.1763763428], [-1087.37304688, -393.713439941, 810.56262207, -30.3849182129, 248.692276001, 3.60287308693, -73.0957794189, 0.860848844051, -56.7410850525, 36.5425224304, -67.7201843262, 28.6167888641, -27.5539054871], [183.509567261, 162.444122314, -30.3849182129, 403.303070068, 41.6659660339, 43.8113250732, -101.75125885, -28.284866333, 31.3464603424, -27.3808269501, 27.8531951904, -46.0920257568, 16.5733642578], [-911.204956055, -84.8781890869, 248.692276001, 41.6659660339, 472.904663086, -14.4591789246, -45.3482627869, -25.9303264618, -15.205534935, 48.933303833, 1.1731300354, -19.8824996948, -4.10448598862], [309.907562256, -40.6860313416, 3.60287308693, 43.8113250732, -14.4591789246, 272.735900879, 84.1997528076, 74.856338501, -16.5650978088, 1.15752720833, -22.2581233978, 1.13986611366, 26.5691013336], [-486.304107666, 46.2200508118, -73.0957794189, -101.75125885, -45.3482627869, 84.1997528076, 343.675170898, 54.998550415, 37.3103713989, -49.1657981873, -14.8283061981, 26.2050533295, 23.301071167], [196.607192993, -61.7358016968, 0.860848844051, -28.284866333, -25.9303264618, 74.856338501, 54.998550415, 185.552505493, -7.27229452133, 16.7059574127, -33.2114448547, -1.40741622448, 23.1709880829], [-202.065139771, 217.689102173, -56.7410850525, 31.3464603424, -15.205534935, -16.5650978088, 37.3103713989, -7.27229452133, 206.958679199, 5.97673797607, 46.8530921936, -16.8681354523, -15.3492946625], [139.80178833, -72.4455337524, 36.5425224304, -27.3808269501, 48.933303833, 1.15752720833, -49.1657981873, 16.7059574127, 5.97673797607, 121.623298645, 17.4934463501, -0.442389547825, -16.6124210358], [-147.610336304, 160.076507568, -67.7201843262, 27.8531951904, 1.1731300354, -22.2581233978, -14.8283061981, -33.2114448547, 46.8530921936, 17.4934463501, 108.980232239, -2.57251977921, 8.91219711304], [116.760292053, -77.8377304077, 28.6167888641, -46.0920257568, -19.8824996948, 1.13986611366, 26.2050533295, -1.40741622448, -16.8681354523, -0.442389547825, -2.57251977921, 84.8097610474, 3.38931512833], [-235.388473511, 89.1763763428, -27.5539054871, 16.5733642578, -4.10448598862, 26.5691013336, 23.301071167, 23.1709880829, -15.3492946625, -16.6124210358, 8.91219711304, 3.38931512833, 92.3986206055]],
        "icov": [[7.88550969446e-05, -2.90006682917e-05, 0.00011409092258, -3.63378385373e-05, 0.000104059072328, -0.000121036246128, 0.000166105950484, -8.06976458989e-05, 8.02256327006e-05, -0.000102517435153, 0.000156274763867, -0.000210884274566, 0.000274747872027], [-2.90006682917e-05, 0.00110716756899, 0.000262017827481, -0.000127400067868, -3.84707418561e-05, 0.000149630679516, -9.94974834612e-05, 0.000221373251406, -0.000877536425833, 0.000568167248275, -0.000991823733784, 0.000763819320127, -0.00109258643351], [0.00011409092258, 0.000262017827481, 0.00192217109725, 6.75409391988e-05, -0.000738808768801, -0.000302585627651, 0.000630530528724, -9.28374720388e-05, -9.60720790317e-05, -4.41639349447e-05, 0.000941961479839, -0.000902152736671, 0.000435659661889], [-3.63378385373e-05, -0.000127400067868, 6.75409391988e-05, 0.00341565650888, -0.000439460331108, -0.00109608168714, 0.00134809024166, 0.000323774496792, -0.000619249942247, 0.00144098279998, -0.000525117211509, 0.00115650647786, -0.00052320008399], [0.000104059072328, -3.84707418561e-05, -0.000738808768801, -0.000439460331108, 0.00291885295883, 6.48993154755e-05, -9.18458536034e-05, 0.00035671365913, 0.000341664301232, -0.00129474850837, 3.53263317265e-06, 0.000610639632214, 6.66995356369e-06], [-0.000121036246128, 0.000149630679516, -0.000302585627651, -0.00109608168714, 6.48993154755e-05, 0.00502649415284, -0.0016946849646, -0.00124925246928, 0.000406653329264, -0.000712882203516, 0.000164925397257, 0.000388614309486, -0.00113900215365], [0.000166105950484, -9.94974834612e-05, 0.000630530528724, 0.00134809024166, -9.18458536034e-05, -0.0016946849646, 0.00476259039715, -0.000895272765774, -0.00108944415115, 0.00195274502039, 0.000556743179914, -0.00148060848005, 0.000142834149301], [-8.06976458989e-05, 0.000221373251406, -9.28374720388e-05, 0.000323774496792, 0.00035671365913, -0.00124925246928, -0.000895272765774, 0.00720288930461, -0.000526106043253, -0.00172871153336, 0.0019590514712, 0.00105727603659, -0.00233638309874], [8.02256327006e-05, -0.000877536425833, -9.60720790317e-05, -0.000619249942247, 0.000341664301232, 0.000406653329264, -0.00108944415115, -0.000526106043253, 0.00676359282807, -0.000977707793936, -0.00168243609369, 0.000370340596419, 0.0025351291988], [-0.000102517435153, 0.000568167248275, -4.41639349447e-05, 0.00144098279998, -0.00129474850837, -0.000712882203516, 0.00195274502039, -0.00172871153336, -0.000977707793936, 0.0112447980791, -0.00323624396697, 0.000253918056842, 0.00116951472592], [0.000156274763867, -0.000991823733784, 0.000941961479839, -0.000525117211509, 3.53263317265e-06, 0.000164925397257, 0.000556743179914, 0.0019590514712, -0.00168243609369, -0.00323624396697, 0.013557607308, -0.0017677663127, -0.00105267483741], [-0.000210884274566, 0.000763819320127, -0.000902152736671, 0.00115650647786, 0.000610639632214, 0.000388614309486, -0.00148060848005, 0.00105727603659, 0.000370340596419, 0.000253918056842, -0.0017677663127, 0.0144288046286, -0.00197884952649], [0.000274747872027, -0.00109258643351, 0.000435659661889, -0.00052320008399, 6.66995356369e-06, -0.00113900215365, 0.000142834149301, -0.00233638309874, 0.0025351291988, 0.00116951472592, -0.00105267483741, -0.00197884952649, 0.0144840683788]]
    },
    "melbands": {
        "dmean": [0.00249038543552, 0.00135793839581, 0.000917442899663, 0.000988942570984, 0.000364779116353, 0.000145770900417, 0.000715093396138, 0.000391053355997, 8.09064804344e-05, 0.000153890170623, 4.33939203504e-05, 6.19003476459e-05, 4.23196834163e-05, 6.01642677793e-05, 4.69721453555e-05, 5.83688524785e-05, 3.14466742566e-05, 3.02926946461e-05, 2.89938652713e-05, 3.37171695719e-05, 4.22812663601e-05, 2.6452829843e-05, 2.08913115785e-05, 1.38335208248e-05, 1.06259858512e-05, 9.20545244298e-06, 9.69711254584e-06, 6.35492733636e-06, 5.81063386562e-06, 4.68262760478e-06, 4.13418456446e-06, 6.74889133734e-06, 6.84747647028e-06, 5.95463598074e-06, 8.30591216072e-06, 7.35874527891e-06, 5.39914890396e-06, 3.61590059583e-06, 3.95388087782e-06, 2.50409652836e-06],
        "dmean2": [0.00376232387498, 0.00222371262498, 0.00146916718222, 0.00153999379836, 0.00057697010925, 0.000241148925852, 0.00114683434367, 0.000655614538118, 0.000139780517202, 0.000246430136031, 7.19661184121e-05, 9.68188178376e-05, 6.94722039043e-05, 9.58930468187e-05, 7.640766853e-05, 9.44096318563e-05, 5.20989269717e-05, 5.367162521e-05, 4.98978843098e-05, 5.8264049585e-05, 7.2976188676e-05, 4.37902999693e-05, 3.64878178516e-05, 2.4576240321e-05, 1.78974132723e-05, 1.46342563312e-05, 1.64427365235e-05, 1.06031584437e-05, 9.37747699936e-06, 7.82783354225e-06, 6.40793132334e-06, 1.05689814518e-05, 1.10476457849e-05, 9.73410897132e-06, 1.344913926e-05, 1.20107524708e-05, 8.55843063619e-06, 5.85221232541e-06, 6.09159224041e-06, 3.80589403903e-06],
        "dvar": [6.83151483827e-06, 3.48525804839e-06, 2.04997400033e-06, 2.16966259359e-06, 3.09785889385e-07, 1.54654188123e-07, 2.28221188081e-06, 8.31242971344e-07, 3.68476449353e-08, 1.00758335009e-07, 1.74946475084e-08, 2.72936873102e-08, 1.14937748208e-08, 1.74099596961e-08, 9.82466552557e-09, 2.20717524257e-08, 4.57704230072e-09, 9.11052033814e-09, 1.00062944597e-08, 5.36076250057e-09, 5.72239322594e-09, 1.759902446e-09, 2.75321254684e-09, 7.8310691265e-10, 7.45109529632e-10, 2.14965115153e-10, 3.274567284e-10, 1.60220114953e-10, 2.23886159612e-10, 6.31867336232e-11, 4.10278512553e-11, 1.45576120603e-10, 1.53079063314e-10, 9.04881100605e-11, 2.41955983027e-10, 1.44527972923e-10, 7.56933404844e-11, 5.48114192922e-11, 7.38540964496e-11, 2.18472184788e-11],
        "dvar2": [1.51225285663e-05, 9.49898276303e-06, 5.33100364919e-06, 4.7124581215e-06, 7.48408012896e-07, 3.55441898137e-07, 5.27328211319e-06, 2.13979387809e-06, 9.22999987552e-08, 2.21702592285e-07, 4.47640147172e-08, 6.64194246269e-08, 2.90600041808e-08, 4.08579374778e-08, 2.40483650771e-08, 5.43012497189e-08, 1.07256576953e-08, 2.58008494569e-08, 2.92300956772e-08, 1.48201158012e-08, 1.60581894448e-08, 4.41205250112e-09, 7.86891174442e-09, 2.14597983828e-09, 2.10586548199e-09, 4.74471628653e-10, 8.77859396287e-10, 4.18057671814e-10, 6.00944738416e-10, 1.65556415799e-10, 9.38497474179e-11, 3.46292133857e-10, 3.28505028735e-10, 2.26006963144e-10, 6.26804996795e-10, 3.75124403762e-10, 1.73341882514e-10, 1.44179890249e-10, 1.74174216716e-10, 4.66162733415e-11],
        "max": [0.0190665833652, 0.0176470782608, 0.0107356803492, 0.0206555668265, 0.00478162011132, 0.00616016890854, 0.0143074654043, 0.011117673479, 0.00287426752038, 0.00282033649273, 0.00172933575232, 0.00215036305599, 0.00120030425023, 0.00168823706917, 0.000916033051908, 0.00159895443358, 0.000967847881839, 0.00116934429388, 0.00143907219172, 0.00073406577576, 0.000765411939938, 0.000381398596801, 0.000721461256035, 0.000275387283182, 0.000433923210949, 0.000159338393132, 0.000166000056197, 0.000156357797096, 0.000216757369344, 6.12009098404e-05, 5.58764077141e-05, 0.000129627907882, 0.000134663219796, 7.67948804423e-05, 0.000164528406458, 0.000160417592269, 9.72651250777e-05, 0.000100155688415, 8.81353480509e-05, 6.56150368741e-05],
        "mean": [0.00537470728159, 0.00229691062123, 0.00127387407701, 0.00134888745379, 0.000475519365864, 0.000154081411893, 0.000671458023135, 0.000335910415743, 7.5266303611e-05, 0.000160382696777, 4.33294735558e-05, 5.87667163927e-05, 4.49478138762e-05, 6.69432920404e-05, 4.89450249006e-05, 5.49625401618e-05, 3.25144137605e-05, 3.04967124976e-05, 3.35217409884e-05, 3.69746558135e-05, 4.38426104665e-05, 3.19242353726e-05, 2.19658959395e-05, 1.3897860299e-05, 1.28092997329e-05, 1.16581722978e-05, 1.08840586108e-05, 7.37510572435e-06, 6.69002793074e-06, 5.36531297257e-06, 5.40051269127e-06, 7.85245447332e-06, 8.01542319095e-06, 6.86546172801e-06, 8.93911601452e-06, 8.31820307212e-06, 6.62279262542e-06, 4.08416735809e-06, 4.80000062453e-06, 3.10523955704e-06],
        "median": [0.00453858077526, 0.00175412360113, 0.000720909272786, 0.000657882541418, 0.000210134341614, 4.96541433677e-05, 0.00011865705892, 5.25102514075e-05, 2.09672489291e-05, 2.29718498304e-05, 9.48352317209e-06, 8.06590924185e-06, 1.21870134535e-05, 1.80008464667e-05, 1.46807806232e-05, 1.11973777166e-05, 9.5027471616e-06, 1.07229761852e-05, 1.65167712112e-05, 1.65895417013e-05, 1.61519237736e-05, 1.36434364322e-05, 8.69004634296e-06, 5.60636181035e-06, 5.55222459298e-06, 4.96928760185e-06, 4.49381741419e-06, 3.22207620229e-06, 2.22282960749e-06, 2.20389119931e-06, 2.07776406569e-06, 3.01085856336e-06, 3.05361618302e-06, 3.1838292216e-06, 3.4902632251e-06, 3.81631934943e-06, 3.16777163789e-06, 1.46751699504e-06, 1.32879802095e-06, 9.16038686682e-07],
        "min": [2.97594285785e-24, 1.63389334145e-24, 5.14517722693e-24, 7.23656502695e-24, 3.63358247073e-24, 4.70550047381e-24, 5.7433373192e-24, 4.15662919976e-24, 8.77692559606e-24, 3.95431477656e-24, 9.14236856584e-24, 7.37784528191e-24, 5.66647781235e-24, 6.5876543572e-24, 7.20761540945e-24, 6.56530553332e-24, 4.83679019984e-24, 8.86604479024e-24, 3.98358033285e-24, 3.49219493069e-24, 4.42766524071e-24, 7.24104417917e-24, 7.09360134282e-24, 7.58097144297e-24, 6.74969743118e-24, 5.95547818826e-24, 5.53056733357e-24, 7.26987625639e-24, 7.85247133414e-24, 7.08902437184e-24, 1.02369375265e-23, 9.99941308569e-24, 9.8947304547e-24, 9.333771465e-24, 8.15273624936e-24, 9.4480040461e-24, 7.88904292571e-24, 8.54044166275e-24, 9.48074414025e-24, 8.69793379817e-24],
        "var": [1.87315235962e-05, 5.08091216034e-06, 2.58026989286e-06, 3.81982590625e-06, 4.7655396429e-07, 1.65158283494e-07, 2.26440533879e-06, 6.94204231877e-07, 3.32363256916e-08, 1.42454240404e-07, 1.52308974322e-08, 2.70774531685e-08, 1.10483240334e-08, 2.07624299975e-08, 1.03636184079e-08, 2.22349498813e-08, 4.86586815285e-09, 6.25324414472e-09, 6.15830231254e-09, 4.84674655965e-09, 6.18648465789e-09, 2.27151208954e-09, 1.90011695267e-09, 6.40283936981e-10, 6.11998784983e-10, 3.31907612505e-10, 3.16956322299e-10, 1.53942941727e-10, 2.09332357004e-10, 7.09030056889e-11, 7.12762210364e-11, 1.80673379035e-10, 2.10093623054e-10, 1.01155396559e-10, 2.56765247952e-10, 1.68302288772e-10, 1.32223107463e-10, 7.63951402138e-11, 1.11666981217e-10, 4.04271650878e-11]
    },
    "mfcc": {
