{
"metadata": {
    "version": {
        "essentia": "2.0.1",
        "extractor": "archive-music 1.0"
    },
    "audio_properties": {
        "analysis_sample_rate": 44100,
        "bitrate": 128,
        "channels": 2,
        "equal_loudness": 0,
        "length": 15.3599996567,
        "replay_gain": -11.0419578552,
        "downmix": "mix"
    },
    "tags": {
        "track": 1,
        "year": 0,
        "album": "Lightning",
        "artist": "Tamara Laurel",
        "comment": "",
        "genre": "Other",
        "title": "Sweet"
    }
},
"highlevel": {
    "culture": {
        "all": {
            "non_western": 8.69651159974e-07,
            "western": 0.99999910593
        },
        "probability": 0.99999910593,
        "value": "western"
    },
    "danceability": {
        "all": {
            "danceable": 0.0316399000585,
            "not_danceable": 0.968360126019
        },
        "probability": 0.968360126019,
        "value": "not_danceable"
    },
    "gender": {
        "all": {
            "female": 0.885747253895,
            "male": 0.114252746105
        },
        "probability": 0.885747253895,
        "value": "female"
    },
    "genre_dortmund": {
        "all": {
            "alternative": 0.0672000348568,
            "blues": 0.077006533742,
            "electronic": 0.00587708316743,
            "folkcountry": 0.324888855219,
            "funksoulrnb": 0.025261644274,
            "jazz": 0.243795484304,
            "pop": 0.140973523259,
            "raphiphop": 0.00349262170494,
            "rock": 0.111504204571
        },
        "probability": 0.324888855219,
        "value": "folkcountry"
    },
    "genre_electronic": {
        "all": {
            "ambient": 0.889020204544,
            "dnb": 0.0436126589775,
            "house": 0.04998139292,
            "techno": 0.00638495897874,
            "trance": 0.0110007682815
        },
        "probability": 0.889020204544,
        "value": "ambient"
    },
    "genre_rosamerica": {
        "all": {
            "cla": 0.0562973320484,
            "dan": 0.0136231333017,
            "hip": 0.0163466278464,
            "jaz": 0.111900247633,
            "pop": 0.214520230889,
            "rhy": 0.392904073,
            "roc": 0.162318378687,
            "spe": 0.0320899896324
        },
        "probability": 0.392904073,
        "value": "rhy"
    },
    "genre_tzanetakis": {
        "all": {
            "blu": 0.00741688907146,
            "cla": 0.00538586871698,
            "cou": 0.0481254458427,
            "dis": 0.0260362979025,
            "hip": 0.0408232100308,
            "jaz": 0.0508450530469,
            "met": 0.00512375263497,
            "pop": 0.235258564353,
            "reg": 0.0844928249717,
            "roc": 0.496492117643
        },
        "probability": 0.496492117643,
        "value": "roc"
    },
    "mirex_ballroom": {
        "all": {
            "ChaChaCha": 0.0560563206673,
            "Jive": 0.0130075607449,
            "Quickstep": 0.110337950289,
            "Rumba-American": 0.0654249116778,
            "Rumba-International": 0.457201451063,
            "Rumba-Misc": 0.0707391425967,
            "Samba": 0.0254048798233,
            "Tango": 0.0161196198314,
            "VienneseWaltz": 0.12058237195,
            "Waltz": 0.065125785768
        },
        "probability": 0.457201451063,
        "value": "Rumba-International"
    },
    "mood_acoustic": {
        "all": {
            "acoustic": 0.966306626797,
            "not_acoustic": 0.0336933992803
        },
        "probability": 0.966306626797,
        "value": "acoustic"
    },
    "mood_aggressive": {
        "all": {
            "aggressive": 5.3193025451e-06,
            "not_aggressive": 0.999994695187
        },
        "probability": 0.999994695187,
        "value": "not_aggressive"
    },
    "mood_electronic": {
        "all": {
            "electronic": 0.0772022455931,
            "not_electronic": 0.922797739506
        },
        "probability": 0.922797739506,
        "value": "not_electronic"
    },
    "mood_happy": {
        "all": {
            "happy": 0.152521848679,
            "not_happy": 0.847478151321
        },
        "probability": 0.847478151321,
        "value": "not_happy"
    },
    "mood_party": {
        "all": {
            "not_party": 0.939463853836,
            "party": 0.0605361275375
        },
        "probability": 0.939463853836,
        "value": "not_party"
    },
    "mood_relaxed": {
        "all": {
            "not_relaxed": 0.315401315689,
            "relaxed": 0.684598684311
        },
        "probability": 0.684598684311,
        "value": "relaxed"
    },
    "mood_sad": {
        "all": {
            "not_sad": 0.112318381667,
            "sad": 0.887681603432
        },
        "probability": 0.887681603432,
        "value": "sad"
    },
    "moods_mirex": {
        "all": {
            "Cluster1": 0.337363898754,
            "Cluster2": 0.0455926321447,
            "Cluster3": 0.472948849201,
            "Cluster4": 0.0540658421814,
            "Cluster5": 0.0900287628174
        },
        "probability": 0.472948849201,
        "value": "Cluster3"
    },
    "timbre": {
        "all": {
            "bright": 0.703474164009,
            "dark": 0.296525835991
        },
        "probability": 0.703474164009,
        "value": "bright"
    },
    "tonal_atonal": {
        "all": {
            "atonal": 0.0508836209774,
            "tonal": 0.94911634922
        },
        "probability": 0.94911634922,
        "value": "tonal"
    },
    "voice_instrumental": {
        "all": {
            "instrumental": 0.076813608408,
            "voice": 0.923186421394
        },
        "probability": 0.923186421394,
        "value": "voice"
    }
},
"lowlevel": {
    "average_loudness": 0.975811183453,
    "barkbands_kurtosis": {
        "dmean": 5.47678804398,
        "dmean2": 8.74114990234,
        "dvar": 46.3842353821,
        "dvar2": 118.693153381,
        "max": 91.2146072388,
        "mean": 12.2630681992,
        "median": 9.70725917816,
        "min": -1.82918858528,
        "var": 116.817611694
    },
    "barkbands_skewness": {
        "dmean": 0.639517307281,
        "dmean2": 0.998301744461,
        "dvar": 0.409350633621,
        "dvar2": 1.02799403667,
        "max": 7.22233915329,
        "mean": 2.65471887589,
        "median": 2.64589190483,
        "min": -1.83155596256,
        "var": 1.4866553545
    },
    "barkbands_spread": {
        "dmean": 3.89894270897,
        "dmean2": 5.90780591965,
        "dvar": 45.4077186584,
        "dvar2": 91.1716995239,
        "max": 90.7993774414,
        "mean": 11.1210079193,
        "median": 8.21049976349,
        "min": 1.07772445679,
        "var": 119.18712616
    },
    "dissonance": {
        "dmean": 0.0246625505388,
        "dmean2": 0.0401849225163,
        "dvar": 0.00052534788847,
        "dvar2": 0.00142838805914,
        "max": 0.499742418528,
        "mean": 0.438672959805,
        "median": 0.444987893105,
        "min": 0.258037418127,
        "var": 0.00134802353568
    },
    "dynamic_complexity": 3.08263039589,
    "erbbands_kurtosis": {
        "dmean": 1.20947027206,
        "dmean2": 1.79625248909,
        "dvar": 2.21483421326,
        "dvar2": 4.87880945206,
        "max": 17.8475952148,
        "mean": 1.47296977043,
        "median": 0.449744462967,
        "min": -1.85098063946,
        "var": 8.30303192139
    },
    "erbbands_skewness": {
        "dmean": 0.36642819643,
        "dmean2": 0.544627010822,
        "dvar": 0.127531319857,
        "dvar2": 0.267368972301,
        "max": 3.7893447876,
        "mean": 0.979548454285,
        "median": 0.946512162685,
        "min": -1.62461125851,
        "var": 0.634298861027
    },
    "erbbands_spread": {
        "dmean": 8.73054218292,
        "dmean2": 12.6279411316,
        "dvar": 188.645584106,
        "dvar2": 375.477813721,
        "max": 170.127700806,
        "mean": 37.280254364,
        "median": 32.2909698486,
        "min": 5.5107793808,
        "var": 536.988891602
    },
    "hfc": {
        "dmean": 3.77737498283,
        "dmean2": 5.47049951553,
        "dvar": 28.3391056061,
        "dvar2": 58.8004455566,
        "max": 56.8167915344,
        "mean": 14.217250824,
        "median": 11.8030071259,
        "min": 1.16202967726e-16,
        "var": 117.292648315
    },
    "melbands_kurtosis": {
        "dmean": 11.3012266159,
        "dmean2": 18.1304359436,
        "dvar": 274.695251465,
        "dvar2": 777.878173828,
        "max": 199.346252441,
        "mean": 25.660779953,
        "median": 19.9685878754,
        "min": -1.2394105196,
        "var": 509.215545654
    },
    "melbands_skewness": {
        "dmean": 0.834940731525,
        "dmean2": 1.28480243683,
        "dvar": 0.845978617668,
        "dvar2": 2.07593631744,
        "max": 12.0534334183,
        "mean": 3.61646366119,
        "median": 3.4356405735,
        "min": -0.0384894683957,
        "var": 2.84717512131
    },
    "melbands_spread": {
        "dmean": 3.50872635841,
        "dmean2": 5.60153484344,
        "dvar": 61.7888031006,
        "dvar2": 131.64553833,
        "max": 136.321212769,
        "mean": 10.4465112686,
        "median": 7.32104921341,
        "min": 0.885852396488,
        "var": 158.633163452
    },
    "pitch_salience": {
        "dmean": 0.0687322542071,
        "dmean2": 0.113983258605,
        "dvar": 0.00418954761699,
        "dvar2": 0.0110199414194,
        "max": 0.935072720051,
        "mean": 0.535005152225,
        "median": 0.538761913776,
        "min": 0.212365746498,
        "var": 0.0114041836932
    },
    "silence_rate_20dB": {
        "dmean": 0,
        "dmean2": 0,
        "dvar": 0,
        "dvar2": 0,
        "max": 1,
        "mean": 1,
        "median": 1,
        "min": 1,
        "var": 0
    },
    "silence_rate_30dB": {
        "dmean": 0.00302114803344,
        "dmean2": 0.00605143699795,
        "dvar": 0.00301205297001,
        "dvar2": 0.00904059689492,
        "max": 1,
        "mean": 0.998491704464,
        "median": 1,
        "min": 0,
        "var": 0.00150601449423
    },
    "silence_rate_60dB": {
        "dmean": 0.00302114803344,
        "dmean2": 0.00605143699795,
        "dvar": 0.00301201455295,
        "dvar2": 0.00601479783654,
        "max": 1,
        "mean": 0.0497737564147,
        "median": 0,
        "min": 0,
        "var": 0.0472965240479
    },
    "spectral_centroid": {
        "dmean": 187.226547241,
        "dmean2": 285.071838379,
        "dvar": 275196.21875,
        "dvar2": 465055.375,
        "max": 11176.6298828,
        "mean": 719.492675781,
        "median": 547.663208008,
        "min": 190.196731567,
        "var": 660409.5
    },
    "spectral_complexity": {
        "dmean": 2.2990937233,
        "dmean2": 3.58850216866,
        "dvar": 7.80780601501,
        "dvar2": 15.2648582458,
        "max": 41,
        "mean": 12.1266965866,
        "median": 11,
        "min": 0,
        "var": 41.498260498
    },
    "spectral_crest": {
        "dmean": 2.44644713402,
        "dmean2": 4.13072156906,
        "dvar": 4.29772663116,
        "dvar2": 11.6127519608,
        "max": 21.9089584351,
        "mean": 11.5571756363,
        "median": 11.2364253998,
        "min": 4.71839618683,
        "var": 10.5612697601
    },
    "spectral_decrease": {
        "dmean": 2.45278775068e-09,
        "dmean2": 3.84762488537e-09,
        "dvar": 8.19344151584e-18,
        "dvar2": 2.28717391517e-17,
        "max": -3.71440747235e-29,
        "mean": -7.90254972571e-09,
        "median": -7.40106909092e-09,
        "min": -3.27988693982e-08,
        "var": 2.47054116269e-17
    },
    "spectral_energy": {
        "dmean": 0.00949861947447,
        "dmean2": 0.0148649159819,
        "dvar": 0.000121572069474,
        "dvar2": 0.00033742634696,
        "max": 0.126748859882,
        "mean": 0.0311155859381,
        "median": 0.0291486978531,
        "min": 1.07486328721e-20,
        "var": 0.000377147633117
    },
    "spectral_energyband_high": {
        "dmean": 0.000192850246094,
        "dmean2": 0.00028451133403,
        "dvar": 2.90166326522e-07,
        "dvar2": 6.36740367099e-07,
        "max": 0.00714297406375,
        "mean": 0.00033801922109,
        "median": 0.000141321492265,
        "min": 7.5045064423e-21,
        "var": 4.71101458288e-07
    },
    "spectral_energyband_low": {
        "dmean": 0.00273153814487,
        "dmean2": 0.004429647699,
        "dvar": 1.97871650016e-05,
        "dvar2": 6.20517967036e-05,
        "max": 0.0514963269234,
        "mean": 0.00560424569994,
        "median": 0.00448093283921,
        "min": 4.49026127466e-23,
        "var": 2.75607035292e-05
    },
    "spectral_energyband_middle_high": {
        "dmean": 0.000791535479948,
        "dmean2": 0.00105112080928,
        "dvar": 2.17774163502e-06,
        "dvar2": 3.73262150788e-06,
        "max": 0.0308149829507,
        "mean": 0.00288826599717,
        "median": 0.0012735259952,
        "min": 1.57875417062e-21,
        "var": 2.14067968045e-05
    },
    "spectral_energyband_middle_low": {
        "dmean": 0.00841608364135,
        "dmean2": 0.0132007626817,
        "dvar": 0.000108896878373,
        "dvar2": 0.000300998595776,
        "max": 0.122074484825,
        "mean": 0.0243585333228,
        "median": 0.0211715418845,
        "min": 3.07261120635e-22,
        "var": 0.000312635704177
    },
    "spectral_flatness_db": {
        "dmean": 0.025528691709,
        "dmean2": 0.0378255918622,
        "dvar": 0.00055671838345,
        "dvar2": 0.00127500249073,
        "max": 0.333183854818,
        "mean": 0.19874933362,
        "median": 0.199936524034,
        "min": 0.0615446716547,
        "var": 0.0023711968679
    },
    "spectral_flux": {
        "dmean": 0.0241488981992,
        "dmean2": 0.0392135307193,
        "dvar": 0.000554824422579,
        "dvar2": 0.00130592379719,
        "max": 0.235493436456,
        "mean": 0.0747221261263,
        "median": 0.0705504864454,
        "min": 6.94016441538e-11,
        "var": 0.00165579514578
    },
    "spectral_kurtosis": {
        "dmean": 2.98071122169,
        "dmean2": 4.95770549774,
        "dvar": 15.6668863297,
        "dvar2": 40.6155204773,
        "max": 44.957775116,
        "mean": 7.34615468979,
        "median": 6.08662509918,
        "min": -1.18574166298,
        "var": 30.1244411469
    },
    "spectral_rms": {
        "dmean": 0.000809563265648,
        "dmean2": 0.00124618527479,
        "dvar": 6.45575198632e-07,
        "dvar2": 1.69830173036e-06,
        "max": 0.0111201358959,
        "mean": 0.00516139063984,
        "median": 0.00533270603046,
        "min": 3.23828203835e-12,
        "var": 3.71670671484e-06
    },
    "spectral_rolloff": {
        "dmean": 308.913146973,
        "dmean2": 555.204162598,
        "dvar": 1667373.5,
        "dvar2": 3581110.5,
        "max": 18733.8867188,
        "mean": 803.843017578,
        "median": 452.197265625,
        "min": 150.732421875,
        "var": 3430693.75
    },
    "spectral_skewness": {
        "dmean": 0.356121450663,
        "dmean2": 0.542918264866,
        "dvar": 0.149204716086,
        "dvar2": 0.327761650085,
        "max": 5.06517839432,
        "mean": 2.0363445282,
        "median": 1.87882494926,
        "min": -0.0605040974915,
        "var": 0.504265487194
    },
    "spectral_spread": {
        "dmean": 805757.5625,
        "dmean2": 1129687.875,
        "dvar": 3.76270330266e+12,
        "dvar2": 5.23033064243e+12,
        "max": 41308664,
        "mean": 4375009,
        "median": 3782082,
        "min": 1571814.375,
        "var": 9.67792132096e+12
    },
    "spectral_strongpeak": {
        "dmean": 0.40946790576,
        "dmean2": 0.675289154053,
        "dvar": 0.282733410597,
        "dvar2": 0.697935283184,
        "max": 4.57834815979,
        "mean": 0.951740503311,
        "median": 0.710584640503,
        "min": 0,
        "var": 0.742836475372
    },
    "zerocrossingrate": {
        "dmean": 0.0089882100001,
        "dmean2": 0.0117697203532,
        "dvar": 0.000653901835904,
        "dvar2": 0.00112082273699,
        "max": 0.50341796875,
        "mean": 0.0383407585323,
        "median": 0.029296875,
        "min": 0.00732421875,
        "var": 0.0022214227356
    },
    "barkbands": {
        "dmean": [1.96152923309e-05, 0.000980171607807, 0.00141895050183, 0.00350748375058, 0.00555708771572, 0.00111655367073, 0.000761529488955, 0.000699300260749, 0.000406136474339, 0.000332908821292, 0.000251403369475, 9.86592858681e-05, 6.56584961689e-05, 8.33266676636e-05, 0.000142326083733, 0.000121041513921, 9.04226762941e-05, 0.000112000147055, 8.67820490384e-05, 6.07318834227e-05, 3.13174787152e-05, 2.129684799e-05, 3.44138788932e-05, 4.79243972222e-05, 4.53228567494e-05, 1.40009842653e-05, 1.27497651192e-06],
        "dmean2": [3.32948220603e-05, 0.00160392781254, 0.00240419665352, 0.00559908291325, 0.0092057203874, 0.00147520354949, 0.0011407409329, 0.00102273793891, 0.000607506721281, 0.000462346157292, 0.00040005883784, 0.000131155422423, 9.4280068879e-05, 0.000135161637445, 0.000223227980314, 0.00019220818649, 0.000132506916998, 0.000156130699906, 0.000129040199681, 8.78815189935e-05, 4.67913196189e-05, 3.29395807057e-05, 5.21500842297e-05, 7.83138893894e-05, 6.94596819812e-05, 2.20210567932e-05, 2.03951640287e-06],
        "dvar": [2.086809614e-09, 3.60786839337e-06, 6.58183671476e-06, 2.85106507363e-05, 5.07035874762e-05, 5.89152205066e-06, 6.73388422001e-06, 2.71358089776e-06, 1.92429297385e-06, 1.14091722025e-06, 6.45825593892e-07, 7.8971375217e-08, 2.38814816811e-08, 6.61451338146e-08, 1.07873091792e-07, 1.02245053313e-07, 3.97222201798e-08, 4.26914219531e-08, 4.05609625886e-08, 1.32631985394e-08, 3.87421605907e-09, 7.78997844009e-09, 2.62192401124e-08, 2.99686426786e-08, 2.48981510964e-08, 2.93978597021e-09, 4.2235742681e-11],
        "dvar2": [4.71314232087e-09, 1.09424936454e-05, 2.1130850655e-05, 6.8881912739e-05, 0.000155982605065, 9.73075839283e-06, 1.70428302226e-05, 5.1683714446e-06, 4.43750741397e-06, 2.20775450543e-06, 1.54399594976e-06, 9.91557129737e-08, 3.92696222207e-08, 1.62758013289e-07, 2.60273765207e-07, 2.59381124579e-07, 7.9305017664e-08, 8.54049915233e-08, 8.16805538761e-08, 2.66793165338e-08, 8.9110674395e-09, 1.79877659434e-08, 6.08248384992e-08, 7.34722931384e-08, 5.29014663186e-08, 4.86961715396e-09, 1.00537862757e-10],
        "max": [0.000606016255915, 0.0258938949555, 0.0265317931771, 0.0565205961466, 0.0773081332445, 0.0344656854868, 0.0452994033694, 0.0245596263558, 0.0259423069656, 0.0215315017849, 0.0102200200781, 0.00575193529949, 0.00394690129906, 0.0033608963713, 0.00447647087276, 0.00416927412152, 0.00282732676715, 0.00237741065212, 0.00308836228214, 0.00193151563872, 0.000703774043359, 0.00155741954222, 0.00307300360873, 0.00146421021782, 0.00202357326634, 0.00122807768639, 9.01094026631e-05],
        "mean": [2.32544553e-05, 0.00133828318212, 0.00230459705926, 0.00563647830859, 0.0114911831915, 0.0028337079566, 0.00169728766195, 0.00135553895961, 0.00111428112723, 0.000996744842269, 0.000456812500488, 0.000235960789723, 0.000142612625496, 0.000114260539704, 0.000252063939115, 0.000185936311027, 0.000157179150847, 0.000229828496231, 0.000166271638591, 0.000113749309094, 5.36550796824e-05, 2.28159042308e-05, 4.42219461547e-05, 6.27164263278e-05, 6.38974670437e-05, 2.07640459848e-05, 1.51038307195e-06],
        "median": [9.88071769825e-06, 0.00064880377613, 0.00155150564387, 0.00346208782867, 0.00904775690287, 0.000780760543421, 0.000237537678913, 0.000417277042288, 0.000153672270244, 0.000156902751769, 0.000142486038385, 4.53211287095e-05, 4.26246697316e-05, 3.42288840329e-05, 7.89772238932e-05, 2.75511483778e-05, 3.38624158758e-05, 4.41863376182e-05, 3.80876699637e-05, 4.04509628424e-05, 2.39628607233e-05, 3.39695611729e-06, 1.19996575449e-05, 1.52858392539e-05, 6.72726491757e-06, 1.72632474005e-06, 4.6794944808e-08],
        "min": [4.35307173681e-24, 1.96877625392e-23, 9.82796836743e-24, 7.41933384349e-24, 2.38319233979e-23, 3.78828235409e-23, 4.43127877586e-23, 4.41309174546e-23, 5.03204778892e-23, 3.68534673447e-23, 9.58027456289e-23, 3.76530378256e-23, 4.76317622452e-23, 8.03431986556e-23, 1.26878065589e-22, 1.48965110706e-22, 1.51754068483e-22, 2.67644980359e-22, 1.40745836406e-22, 2.52655209521e-22, 3.60437590546e-22, 5.8884627031e-22, 4.49667427205e-22, 7.60777305534e-22, 1.30016636422e-21, 1.08605603449e-21, 2.3337293474e-21],
        "var": [2.75220823909e-09, 4.82019640913e-06, 7.085017387e-06, 4.57750356873e-05, 0.000106632527604, 2.92665354209e-05, 1.14798813229e-05, 7.93833805801e-06, 5.81332415095e-06, 6.63003538648e-06, 9.74993895397e-07, 4.72398767215e-07, 1.52525416297e-07, 8.71075584996e-08, 3.01518070955e-07, 1.95769501943e-07, 1.04031215642e-07, 1.43845824141e-07, 1.16297073305e-07, 4.22682049361e-08, 7.32956095817e-09, 8.10967204501e-09, 2.60981956046e-08, 3.44344996961e-08, 5.48995373606e-08, 8.66349303408e-09, 6.38783470563e-11]
    },
    "erbbands": {
        "dmean": [0.00868621096015, 0.294887781143, 1.61655521393, 5.21523427963, 20.0454406738, 16.0207462311, 14.2019166946, 5.0002040863, 9.67148685455, 11.045176506, 15.0016155243, 10.6677865982, 7.55991268158, 10.3018770218, 7.57503843307, 3.73113441467, 3.19633984566, 3.27114725113, 5.07677125931, 7.64991283417, 4.80019378662, 4.37553071976, 5.11797761917, 5.93611335754, 2.65086722374, 2.95745968819, 2.07075715065, 0.768994092941, 0.602833807468, 0.950057923794, 1.10663497448, 0.811949789524, 0.964533805847, 0.663698196411, 0.231122985482, 0.0712721124291, 0.0299815498292, 0.00452951621264, 0.000136781425681, 1.28233195937e-05],
        "dmean2": [0.0142624462023, 0.486702263355, 2.77752232552, 8.06122493744, 33.4030265808, 25.5948429108, 21.4613494873, 7.29076528549, 14.3993530273, 15.7899665833, 21.8467178345, 15.4656019211, 10.2836894989, 13.8830518723, 11.8869009018, 5.04213571548, 4.41586399078, 5.17540454865, 7.71305608749, 12.3575954437, 7.37989377975, 5.89772987366, 7.22082996368, 8.29044437408, 3.64994740486, 4.3412733078, 3.10588121414, 1.18911099434, 0.924052774906, 1.41958987713, 1.68487131596, 1.31086909771, 1.58321130276, 1.06026256084, 0.342741429806, 0.104984864593, 0.0493476502597, 0.0069271964021, 0.000220869929763, 1.99607438844e-05],
        "dvar": [0.00021917615959, 0.349806308746, 10.474108696, 57.7925720215, 962.269348145, 523.663635254, 775.127746582, 87.7936248779, 771.721313477, 1004.84008789, 1557.87780762, 858.588195801, 592.984069824, 1072.84545898, 507.556030273, 99.229888916, 56.1512565613, 103.532737732, 119.313796997, 409.622070312, 143.233520508, 103.828659058, 82.6560058594, 151.671966553, 35.7283363342, 38.2511177063, 15.7092752457, 3.28810191154, 4.69751691818, 20.8606357574, 29.5291843414, 10.2746562958, 11.8663301468, 6.02603626251, 0.622250676155, 0.0678112134337, 0.0190521720797, 0.000247385847615, 4.1377774096e-07, 2.73412542606e-10],
        "dvar2": [0.000547047122382, 1.08658862114, 34.4940681458, 136.138656616, 2779.8112793, 1433.24560547, 1565.33850098, 199.012390137, 1784.85742188, 2387.35742188, 2757.3293457, 1732.14624023, 1066.13769531, 1861.42895508, 1234.96972656, 143.987258911, 93.0568771362, 236.631103516, 254.020584106, 982.463317871, 345.739562988, 211.820236206, 169.879196167, 299.888336182, 59.8153266907, 77.8910293579, 33.7239456177, 8.19802379608, 11.15442276, 48.6533737183, 69.94506073, 24.8112201691, 29.3587360382, 13.2189788818, 1.19007956982, 0.114997066557, 0.0457095056772, 0.0005329362466, 1.07292407847e-06, 6.46586284514e-10],
        "max": [0.170807033777, 7.91462373734, 35.4184150696, 89.2601699829, 397.147979736, 287.09967041, 414.255371094, 112.489059448, 407.335235596, 501.942810059, 632.228393555, 504.278411865, 443.946716309, 881.800292969, 320.779388428, 214.493148804, 209.672744751, 143.034469604, 156.799514771, 298.893341064, 152.091201782, 156.047622681, 113.811676025, 189.88520813, 98.8795089722, 93.0040435791, 48.4619903564, 20.9971637726, 26.7275886536, 86.1742553711, 107.99193573, 40.2106704712, 34.4680290222, 29.3178024292, 14.7658500671, 6.08270168304, 3.00193333626, 0.269178539515, 0.00881588645279, 0.000233550061239],
        "mean": [0.0135122602805, 0.407669097185, 2.51964616776, 10.3421344757, 31.9493751526, 36.3757705688, 41.9335670471, 13.0416870117, 22.8533439636, 23.6626243591, 33.6176261902, 32.278087616, 18.691619873, 31.4713249207, 18.1304244995, 8.88757133484, 7.4962439537, 5.7283205986, 10.2810106277, 13.2474145889, 8.72411632538, 8.5710811615, 11.341919899, 13.0132875443, 5.6253452301, 5.51005744934, 3.81337785721, 1.18449699879, 0.69375038147, 1.05484843254, 1.41538357735, 1.04767620564, 1.22327899933, 0.903835356236, 0.339377403259, 0.112056359649, 0.0355273932219, 0.00580437434837, 0.000175914959982, 4.03616322728e-05],
        "median": [0.0075622680597, 0.198791846633, 1.67529392242, 7.92206144333, 19.9090309143, 23.9858016968, 11.3164815903, 7.2440404892, 4.1208524704, 7.03669118881, 11.8456363678, 6.37209796906, 5.69612312317, 5.45731496811, 5.97598028183, 2.49895334244, 2.41956496239, 2.06097173691, 3.07843971252, 3.67341375351, 1.5708476305, 1.87974631786, 2.43395328522, 2.87967348099, 1.57371997833, 1.83505022526, 1.59645521641, 0.531521737576, 0.152203693986, 0.205698162317, 0.3796017766, 0.28072977066, 0.291321337223, 0.119618341327, 0.0254612024873, 0.00927065033466, 0.00265909731388, 0.000344078696799, 2.81244174403e-05, 3.65316627722e-05],
        "min": [4.98634510082e-22, 2.76351975171e-21, 1.16067156276e-20, 3.94791140516e-20, 5.99117547267e-20, 5.54617362886e-20, 9.93472866998e-20, 2.45457368174e-19, 6.57267219881e-19, 6.5292855417e-19, 8.69137074378e-19, 9.03783224142e-19, 1.23565470334e-18, 2.70214428958e-18, 3.06862459202e-18, 1.69652603305e-18, 2.44735880564e-18, 4.55099759699e-18, 4.54671404218e-18, 6.99439524147e-18, 9.15941145465e-18, 9.37302671194e-18, 1.25991808206e-17, 1.0195149115e-17, 7.44857612758e-18, 1.06657760061e-17, 1.35657264771e-17, 1.5634783949e-17, 1.99083249026e-17, 1.51268206066e-17, 1.61133162051e-17, 1.72982143823e-17, 1.21690692359e-17, 9.83662256779e-18, 1.00230806584e-17, 4.80953413821e-18, 2.16774260048e-18, 1.11237904608e-18, 3.45913955774e-19, 3.43340894156e-20],
        "var": [0.000361829530448, 0.43462896347, 10.0212163925, 109.211364746, 1314.56262207, 1451.07141113, 6085.47753906, 258.4453125, 1883.82263184, 2266.80200195, 4922.95703125, 4095.58813477, 1661.36315918, 8160.69824219, 1083.46411133, 521.272094727, 370.091461182, 195.690994263, 495.971252441, 947.320495605, 323.16293335, 283.92388916, 314.468902588, 531.337280273, 127.924324036, 108.834533691, 38.181224823, 4.27844238281, 4.91760253906, 20.7497959137, 28.4507675171, 10.5909910202, 14.2038545609, 10.7913532257, 1.9651696682, 0.240449741483, 0.0301362872124, 0.000624274078291, 6.03562057222e-07, 8.91409168702e-10]
    },
    "gfcc": {
        "mean": [-48.677822113, 120.7734375, -96.0751113892, 28.553735733, -60.5186843872, -0.155562669039, -45.941318512, 5.49080896378, -35.4966163635, -14.0756521225, -18.9153022766, -15.4997653961, -8.45055770874],
        "cov": [[17257.5898438, 39.2384567261, -1122.7677002, 388.626403809, -813.57421875, 42.5238227844, -822.028503418, 163.769927979, -428.646240234, -64.0768585205, -166.343780518, -137.907684326, -313.971710205], [39.2384567261, 1168.34460449, -304.594909668, -153.790771484, 129.204803467, -82.7913131714, 154.858627319, -158.408218384, 57.1702041626, -96.0248794556, 117.783470154, -106.664466858, 95.8260040283], [-1122.7677002, -304.594909668, 766.21270752, -27.878900528, 48.3866081238, 157.046447754, -2.96098613739, -30.6716156006, -4.82782125473, 138.104125977, -96.5364151001, 95.4415512085, -68.0641403198], [388.626403809, -153.790771484, -27.878900528, 299.140167236, 18.5071182251, -34.4744033813, -74.0349655151, 57.1506309509, 45.8857879639, -44.8265647888, -19.5058689117, -8.08469009399, -1.45918881893], [-813.57421875, 129.204803467, 48.3866081238, 18.5071182251, 336.875305176, 60.8948440552, 96.2606506348, -30.2124252319, 42.4224739075, 30.7404270172, -25.2854728699, 15.5134773254, 7.4204158783], [42.5238227844, -82.7913131714, 157.046447754, -34.4744033813, 60.8948440552, 229.157989502, 66.837852478, -51.3566856384, -40.9870109558, 55.7059059143, -41.1875305176, 49.016708374, -11.1204414368], [-822.028503418, 154.858627319, -2.96098613739, -74.0349655151, 96.2606506348, 66.837852478, 227.389404297, -43.7499160767, -18.5856513977, 22.0656490326, -0.958363711834, 1.34179854393, 29.8313999176], [163.769927979, -158.408218384, -30.6716156006, 57.1506309509, -30.2124252319, -51.3566856384, -43.7499160767, 258.082733154, 10.6297998428, 1.56412935257, -26.135931015, -27.5293998718, -3.62298822403], [-428.646240234, 57.1702041626, -4.82782125473, 45.8857879639, 42.4224739075, -40.9870109558, -18.5856513977, 10.6297998428, 127.575431824, -8.01709461212, 16.7203083038, -21.3513774872, 3.86122703552], [-64.0768585205, -96.0248794556, 138.104125977, -44.8265647888, 30.7404270172, 55.7059059143, 22.0656490326, 1.56412935257, -8.01709461212, 164.955184937, -23.7039966583, 4.46647310257, -44.8068504333], [-166.343780518, 117.783470154, -96.5364151001, -19.5058689117, -25.2854728699, -41.1875305176, -0.958363711834, -26.135931015, 16.7203083038, -23.7039966583, 114.07635498, -8.6943359375, 4.54525470734], [-137.907684326, -106.664466858, 95.4415512085, -8.08469009399, 15.5134773254, 49.016708374, 1.34179854393, -27.5293998718, -21.3513774872, 4.46647310257, -8.6943359375, 109.55216217, -6.4411854744], [-313.971710205, 95.8260040283, -68.0641403198, -1.45918881893, 7.4204158783, -11.1204414368, 29.8313999176, -3.62298822403, 3.86122703552, -44.8068504333, 4.54525470734, -6.4411854744, 90.4986419678]],
        "icov": [[0.000167667210917, -0.000271273602266, 0.000373018177925, -0.000295501988148, 0.000339470250765, -0.000428587605711, 0.000643096049316, -6.40945436317e-05, 0.000534690567292, -0.000192696999875, 0.000548349693418, -8.35091486806e-05, 0.00069796666503], [-0.000271273602266, 0.00209728162736, -0.000399526936235, 0.00128361477982, -0.00122235156596, 0.00105259986594, -0.00157605984714, 0.000932199065574, -0.00127655244432, 0.000994619098492, -0.00178177561611, 0.00155605270993, -0.00190810998902], [0.000373018177925, -0.000399526936235, 0.00291026709601, -0.000437045586295, 0.000788436213043, -0.00166424550116, 0.00160581595264, 0.000110725464765, 0.000424159487011, -0.00145770329982, 0.00240095774643, -0.00138715573121, 0.00214575929567], [-0.000295501988148, 0.00128361477982, -0.000437045586295, 0.00515070464462, -0.00146696215961, 0.000790778198279, -0.000124943966512, -0.00014662418107, -0.00234732939862, 0.00187397957779, -0.000473855761811, 0.000811223872006, -0.00126774469391], [0.000339470250765, -0.00122235156596, 0.000788436213043, -0.00146696215961, 0.00493297819048, -0.00157614285126, -0.000207485049032, -0.00017440567899, -0.000576980353799, -0.00118375255261, 0.0023213243112, -0.00137086759787, 0.00172900862526], [-0.000428587605711, 0.00105259986594, -0.00166424550116, 0.000790778198279, -0.00157614285126, 0.00789624638855, -0.0031330906786, 0.00122125330381, 0.000141170647112, -0.000454519293271, -0.000348653004039, -0.00106716773007, -0.00194873299915], [0.000643096049316, -0.00157605984714, 0.00160581595264, -0.000124943966512, -0.000207485049032, -0.0031330906786, 0.0090509718284, -0.000174482367584, 0.00298880646005, -0.001520584221, 0.00197606533766, -1.02408685052e-05, 0.000766861194279], [-6.40945436317e-05, 0.000932199065574, 0.000110725464765, -0.00014662418107, -0.00017440567899, 0.00122125330381, -0.000174482367584, 0.00495383515954, -0.000413950881921, -0.000167152407812, 0.000708298466634, 0.00138550286647, -0.000710384745616], [0.000534690567292, -0.00127655244432, 0.000424159487011, -0.00234732939862, -0.000576980353799, 0.000141170647112, 0.00298880646005, -0.000413950881921, 0.0118705127388, -0.000854501500726, 1.58160401043e-05, 0.00121531961486, 0.00170692882966], [-0.000192696999875, 0.000994619098492, -0.00145770329982, 0.00187397957779, -0.00118375255261, -0.000454519293271, -0.001520584221, -0.000167152407812, -0.000854501500726, 0.00940737873316, -0.000567334587686, 0.00204037642106, 0.00261579593644], [0.000548349693418, -0.00178177561611, 0.00240095774643, -0.000473855761811, 0.0023213243112, -0.000348653004039, 0.00197606533766, 0.000708298466634, 1.58160401043e-05, -0.000567334587686, 0.0135154174641, -0.00187747261953, 0.00363700138405], [-8.35091486806e-05, 0.00155605270993, -0.00138715573121, 0.000811223872006, -0.00137086759787, -0.00106716773007, -1.02408685052e-05, 0.00138550286647, 0.00121531961486, 0.00204037642106, -0.00187747261953, 0.0127741331235, -0.000965617771726], [0.00069796666503, -0.00190810998902, 0.00214575929567, -0.00126774469391, 0.00172900862526, -0.00194873299915, 0.000766861194279, -0.000710384745616, 0.00170692882966, 0.00261579593644, 0.00363700138405, -0.000965617771726, 0.0173936393112]]
    },
    "melbands": {
        "dmean": [0.000161635718541, 0.00067984656198, 0.00143275561277, 0.00128105538897, 0.000537654676009, 0.000140866090078, 0.000149655548739, 0.000124507758301, 0.000125005826703, 5.58445717616e-05, 4.09351414419e-05, 4.35183937952e-05, 3.39188372891e-05, 1.3592650248e-05, 7.04067497281e-06, 6.565230251e-06, 6.81514575263e-06, 8.41317523737e-06, 1.12510460895e-05, 1.0688508155e-05, 5.57109297006e-06, 5.25972563992e-06, 4.36404161519e-06, 5.96007839704e-06, 5.30499255547e-06, 2.6820794119e-06, 1.58168506914e-06, 2.22125459004e-06, 1.70008820533e-06, 7.07843469172e-07, 3.94696343164e-07, 2.95827987884e-07, 5.1236344234e-07, 5.34471325864e-07, 6.82488519033e-07, 5.54451332846e-07, 5.06246237819e-07, 6.34406205791e-07, 7.8044735119e-07, 5.46362741716e-07],
        "dmean2": [0.000263222493231, 0.00115990813356, 0.00228679296561, 0.00213233148679, 0.000823499460239, 0.000200649912586, 0.000224160336074, 0.000174538014107, 0.000184692078619, 8.2536447735e-05, 5.4838230426e-05, 5.81058484386e-05, 5.38983003935e-05, 1.7796695829e-05, 1.03670272438e-05, 9.30085207074e-06, 1.0964620742e-05, 1.27600887936e-05, 1.82994281204e-05, 1.68511032825e-05, 8.47795672598e-06, 7.62868012316e-06, 6.27322197033e-06, 8.46633338369e-06, 7.55589462642e-06, 3.74212959287e-06, 2.28262479141e-06, 3.32919466928e-06, 2.62190656031e-06, 1.05256515326e-06, 6.33615968582e-07, 4.58521299151e-07, 8.04144008271e-07, 8.12531595784e-07, 1.04858395389e-06, 8.78832736362e-07, 8.2985775407e-07, 1.05509002424e-06, 1.29914644731e-06, 8.6568519464e-07],
        "dvar": [8.47188559305e-08, 1.88072840501e-06, 4.55159442936e-06, 3.34756941811e-06, 8.60352031395e-07, 7.2523583583e-08, 2.2687798662e-07, 9.62238715374e-08, 1.02725472573e-07, 2.64124651039e-08, 1.86914821398e-08, 1.90803444156e-08, 1.13847358207e-08, 1.79123693655e-09, 2.8745189562e-10, 2.55713367148e-10, 4.89038864959e-10, 4.09563966075e-10, 7.85462861419e-10, 8.27668433789e-10, 2.06401243319e-10, 2.00414476681e-10, 5.52806377063e-11, 1.39802336374e-10, 1.37792943722e-10, 4.33939446876e-11, 1.1573656096e-11, 2.10484251556e-11, 1.06275795456e-11, 1.60946397269e-12, 1.26076720678e-12, 9.65084891343e-13, 5.9565781127e-12, 5.94185985137e-12, 1.06293047281e-11, 6.23594838961e-12, 4.13199422594e-12, 4.85849988713e-12, 9.06360229924e-12, 3.86789515347e-12],
        "dvar2": [2.46343745403e-07, 6.13442716713e-06, 1.16272549349e-05, 1.03750689959e-05, 1.95184816221e-06, 1.46934965528e-07, 5.47937759166e-07, 2.22625189394e-07, 1.91552203432e-07, 5.31852286656e-08, 3.16865786942e-08, 3.48485507118e-08, 2.83918204502e-08, 2.1487382984e-09, 4.99667418552e-10, 4.64669441813e-10, 1.15485621066e-09, 8.7294121931e-10, 1.880121836e-09, 2.00361260916e-09, 4.39694947119e-10, 4.31383234689e-10, 1.01907718375e-10, 2.92377427824e-10, 2.82482787162e-10, 7.46942438457e-11, 2.43404827543e-11, 4.34427112339e-11, 2.37645181311e-11, 3.44970037779e-12, 3.3597744812e-12, 2.44560795226e-12, 1.33963586751e-11, 1.40456760805e-11, 2.5033667847e-11, 1.4696806272e-11, 1.05104145873e-11, 1.20776236234e-11, 2.14395220327e-11, 8.59909539408e-12],
        "max": [0.00405979668722, 0.015934528783, 0.0227084755898, 0.0200165156275, 0.0121520403773, 0.0030247955583, 0.00786665733904, 0.00452449265867, 0.00443118484691, 0.0027278966736, 0.00240714638494, 0.00379477092065, 0.00151905871462, 0.000819414621219, 0.000323276384734, 0.00038847286487, 0.000333333126036, 0.000306254893076, 0.000393760856241, 0.000395514362026, 0.000214825500734, 0.00021989972447, 0.00014557504619, 0.000172876723809, 0.000183207346709, 0.000120334683743, 6.57056443742e-05, 7.06475475454e-05, 4.09604726883e-05, 1.8462222215e-05, 1.17269246402e-05, 1.37459519465e-05, 4.43789394922e-05, 4.29966130469e-05, 6.4358842792e-05, 4.61360286863e-05, 2.65029866569e-05, 2.21168847929e-05, 3.39652797265e-05, 2.75146703643e-05],
        "mean": [0.000235916930251, 0.00103750498965, 0.00252289744094, 0.00255619897507, 0.00148642063141, 0.000340830127243, 0.00035394311999, 0.000254373037023, 0.000286841386696, 0.000167527134181, 8.97436402738e-05, 0.000132683082484, 6.87025749357e-05, 3.13052951242e-05, 1.60058734764e-05, 1.29626550915e-05, 1.02676940514e-05, 1.48912567965e-05, 1.89437469089e-05, 1.57539907377e-05, 9.1012007033e-06, 8.73067892826e-06, 9.1497631729e-06, 1.17360687e-05, 1.0762499187e-05, 4.99812495036e-06, 2.95905101666e-06, 3.86953342968e-06, 2.89419676847e-06, 1.18918762837e-06, 4.90108618578e-07, 3.27795646626e-07, 5.25653035766e-07, 5.89207331814e-07, 8.4634501718e-07, 6.95531582551e-07, 6.21248148036e-07, 7.93356264239e-07, 9.63342927207e-07, 7.06153286956e-07],
        "median": [0.000118502226542, 0.000665763276629, 0.00174723716918, 0.00164831453003, 0.000585731700994, 0.00015268549032, 5.07426666445e-05, 8.30914214021e-05, 0.000104810729681, 2.76386308542e-05, 1.93991127162e-05, 1.92746610992e-05, 2.25545609283e-05, 6.40507641947e-06, 4.84004976897e-06, 4.19950492869e-06, 3.12818337989e-06, 4.15872818849e-06, 5.8389264268e-06, 2.72992861028e-06, 1.56985333888e-06, 1.60029162544e-06, 1.97054055207e-06, 2.23686788559e-06, 2.17293199967e-06, 1.17405625133e-06, 8.72759301274e-07, 1.36587891575e-06, 1.11455551632e-06, 5.418304454e-07, 1.7042032141e-07, 6.00766867365e-08, 5.51021628326e-08, 1.04628981035e-07, 2.12388854948e-07, 1.65494526527e-07, 1.58618576052e-07, 1.77369543053e-07, 1.42267069236e-07, 6.94489017405e-08],
        "min": [5.36786792731e-24, 4.91153161516e-24, 8.90106627013e-24, 3.6058875365e-24, 3.87193206008e-24, 6.21723998599e-24, 1.00043978977e-23, 6.73374903026e-24, 6.71740067686e-24, 5.72395264018e-24, 5.77748631893e-24, 1.01395668473e-23, 1.18032886959e-23, 5.62444296458e-24, 5.10643311243e-24, 6.32734682456e-24, 7.4446633783e-24, 6.8190777478e-24, 8.85547878728e-24, 8.95228543098e-24, 1.05103543497e-23, 1.00075462416e-23, 1.07442184759e-23, 1.26462701924e-23, 7.93129510465e-24, 4.53033706525e-24, 6.46730337092e-24, 7.55654752049e-24, 8.70327123106e-24, 8.33520687648e-24, 8.9750843e-24, 9.42769245551e-24, 1.0146044973e-23, 5.24357303093e-24, 9.27973054869e-24, 8.62632968267e-24, 1.03138711863e-23, 7.4649544585e-24, 7.53922965704e-24, 8.08616033326e-24],
