{
"metadata": {
    "version": {
        "essentia": "2.0.1",
        "extractor": "archive-music 1.0"
    },
    "audio_properties": {
        "analysis_sample_rate": 44100,
        "bitrate": 128,
        "channels": 2,
        "equal_loudness": 0,
        "length": 14.6024494171,
        "replay_gain": -9.32960700989,
        "downmix": "mix"
    },
    "tags": {
        "track": 1,
        "year": 0,
        "album": "On descend tous d'une guenon",
        "artist": "Yome",
        "comment": "",
        "genre": "Other",
        "title": "On descend tous d'une guenon"
    }
},
"highlevel": {
    "culture": {
        "all": {
            "non_western": 6.76947706779e-07,
            "western": 0.999999344349
        },
        "probability": 0.999999344349,
        "value": "western"
    },
    "danceability": {
        "all": {
            "danceable": 0.900996506214,
            "not_danceable": 0.0990034714341
        },
        "probability": 0.900996506214,
        "value": "danceable"
    },
    "gender": {
        "all": {
            "female": 0.0148042608052,
            "male": 0.985195755959
        },
        "probability": 0.985195755959,
        "value": "male"
    },
    "genre_dortmund": {
        "all": {
            "alternative": 0.044496782124,
            "blues": 0.0397840477526,
            "electronic": 0.014459666796,
            "folkcountry": 0.0321180857718,
            "funksoulrnb": 0.0155304130167,
            "jazz": 0.16151291132,
            "pop": 0.0590760931373,
            "raphiphop": 0.0144559666514,
            "rock": 0.618566036224
        },
        "probability": 0.618566036224,
        "value": "rock"
    },
    "genre_electronic": {
        "all": {
            "ambient": 0.211109027267,
            "dnb": 0.692480564117,
            "house": 0.0402487926185,
            "techno": 0.0154791390523,
            "trance": 0.0406825058162
        },
        "probability": 0.692480564117,
        "value": "dnb"
    },
    "genre_rosamerica": {
        "all": {
            "cla": 0.00365523737855,
            "dan": 0.0442979559302,
            "hip": 0.0492030791938,
            "jaz": 0.0373439900577,
            "pop": 0.188421994448,
            "rhy": 0.0568138100207,
            "roc": 0.609222829342,
            "spe": 0.0110410982743
        },
        "probability": 0.609222829342,
        "value": "roc"
    },
    "genre_tzanetakis": {
        "all": {
            "blu": 0.00760339898989,
            "cla": 0.0074959686026,
            "cou": 0.0255393218249,
            "dis": 0.030432689935,
            "hip": 0.158572658896,
            "jaz": 0.112112730742,
            "met": 0.0463590845466,
            "pop": 0.104001507163,
            "reg": 0.344080775976,
            "roc": 0.163801878691
        },
        "probability": 0.344080775976,
        "value": "reg"
    },
    "mirex_ballroom": {
        "all": {
            "ChaChaCha": 0.117113724351,
            "Jive": 0.697677671909,
            "Quickstep": 0.0705467611551,
            "Rumba-American": 0.007521412801,
            "Rumba-International": 0.00721660023555,
            "Rumba-Misc": 0.00608254037797,
            "Samba": 0.0631526038051,
            "Tango": 0.00321072526276,
            "VienneseWaltz": 0.0245812851936,
            "Waltz": 0.00289666838944
        },
        "probability": 0.697677671909,
        "value": "Jive"
    },
    "mood_acoustic": {
        "all": {
            "acoustic": 0.0988332033157,
            "not_acoustic": 0.901166796684
        },
        "probability": 0.901166796684,
        "value": "not_acoustic"
    },
    "mood_aggressive": {
        "all": {
            "aggressive": 0.529901444912,
            "not_aggressive": 0.470098525286
        },
        "probability": 0.529901444912,
        "value": "aggressive"
    },
    "mood_electronic": {
        "all": {
            "electronic": 0.0973268225789,
            "not_electronic": 0.902673184872
        },
        "probability": 0.902673184872,
        "value": "not_electronic"
    },
    "mood_happy": {
        "all": {
            "happy": 0.777434468269,
            "not_happy": 0.222565501928
        },
        "probability": 0.777434468269,
        "value": "happy"
    },
    "mood_party": {
        "all": {
            "not_party": 0.23743519187,
            "party": 0.762564837933
        },
        "probability": 0.762564837933,
        "value": "party"
    },
    "mood_relaxed": {
        "all": {
            "not_relaxed": 0.953592896461,
            "relaxed": 0.0464070811868
        },
        "probability": 0.953592896461,
        "value": "not_relaxed"
    },
    "mood_sad": {
        "all": {
            "not_sad": 0.835230708122,
            "sad": 0.16476932168
        },
        "probability": 0.835230708122,
        "value": "not_sad"
    },
    "moods_mirex": {
        "all": {
            "Cluster1": 0.436576336622,
            "Cluster2": 0.298117756844,
            "Cluster3": 0.0735592767596,
            "Cluster4": 0.0516175590456,
            "Cluster5": 0.140129074454
        },
        "probability": 0.436576336622,
        "value": "Cluster1"
    },
    "timbre": {
        "all": {
            "bright": 0.9369135499,
            "dark": 0.0630864351988
        },
        "probability": 0.9369135499,
        "value": "bright"
    },
    "tonal_atonal": {
        "all": {
            "atonal": 0.0826596617699,
            "tonal": 0.91734033823
        },
        "probability": 0.91734033823,
        "value": "tonal"
    },
    "voice_instrumental": {
        "all": {
            "instrumental": 0.408873409033,
            "voice": 0.59112662077
        },
        "probability": 0.59112662077,
        "value": "voice"
    }
},
"lowlevel": {
    "average_loudness": 0.977010011673,
    "barkbands_kurtosis": {
        "dmean": 5.38223457336,
        "dmean2": 8.44072628021,
        "dvar": 63.427154541,
        "dvar2": 145.575302124,
        "max": 83.9154052734,
        "mean": 8.21140766144,
        "median": 3.6919901371,
        "min": -1.69383251667,
        "var": 142.121917725
    },
    "barkbands_skewness": {
        "dmean": 0.761265516281,
        "dmean2": 1.17307901382,
        "dvar": 0.587510704994,
        "dvar2": 1.30582654476,
        "max": 7.74709320068,
        "mean": 2.3165538311,
        "median": 1.94766688347,
        "min": -2.15631556511,
        "var": 2.02837467194
    },
    "barkbands_spread": {
        "dmean": 6.79224777222,
        "dmean2": 10.4339494705,
        "dvar": 45.0325164795,
        "dvar2": 103.349227905,
        "max": 76.1700592041,
        "mean": 22.8312759399,
        "median": 21.2065982819,
        "min": 2.53985714912,
        "var": 158.499237061
    },
    "dissonance": {
        "dmean": 0.0174999125302,
        "dmean2": 0.0298430453986,
        "dvar": 0.000294735451462,
        "dvar2": 0.000797420332674,
        "max": 0.499183177948,
        "mean": 0.468729943037,
        "median": 0.473819851875,
        "min": 0.374340057373,
        "var": 0.000500417256262
    },
    "dynamic_complexity": 3.06144857407,
    "erbbands_kurtosis": {
        "dmean": 0.878580868244,
        "dmean2": 1.37834024429,
        "dvar": 1.45309603214,
        "dvar2": 3.49580645561,
        "max": 11.8554143906,
        "mean": -0.0514375716448,
        "median": -0.689075469971,
        "min": -1.86124050617,
        "var": 2.75149464607
    },
    "erbbands_skewness": {
        "dmean": 0.406826585531,
        "dmean2": 0.625037431717,
        "dvar": 0.145711034536,
        "dvar2": 0.332074731588,
        "max": 3.02223372459,
        "mean": 0.292378604412,
        "median": 0.285450279713,
        "min": -2.5218372345,
        "var": 0.521587610245
    },
    "erbbands_spread": {
        "dmean": 11.9973134995,
        "dmean2": 17.9989051819,
        "dvar": 133.729034424,
        "dvar2": 277.549591064,
        "max": 163.496566772,
        "mean": 55.3308601379,
        "median": 52.4846839905,
        "min": 10.7292432785,
        "var": 468.04006958
    },
    "hfc": {
        "dmean": 8.58104419708,
        "dmean2": 12.7105464935,
        "dvar": 96.5772399902,
        "dvar2": 214.694320679,
        "max": 106.064369202,
        "mean": 23.9418907166,
        "median": 21.7883472443,
        "min": 1.1525966419e-16,
        "var": 313.154693604
    },
    "melbands_kurtosis": {
        "dmean": 16.2110080719,
        "dmean2": 25.6540985107,
        "dvar": 567.327331543,
        "dvar2": 1380.61669922,
        "max": 215.644714355,
        "mean": 29.5149860382,
        "median": 16.2077713013,
        "min": -1.28471684456,
        "var": 1203.87915039
    },
    "melbands_skewness": {
        "dmean": 1.18001973629,
        "dmean2": 1.83330559731,
        "dvar": 1.53893530369,
        "dvar2": 3.45325803757,
        "max": 12.5082168579,
        "mean": 4.03082370758,
        "median": 3.57440567017,
        "min": -0.180327832699,
        "var": 4.61841630936
    },
    "melbands_spread": {
        "dmean": 6.70612287521,
        "dmean2": 10.3433504105,
        "dvar": 77.0605697632,
        "dvar2": 176.007827759,
        "max": 158.082504272,
        "mean": 18.0295524597,
        "median": 15.8407058716,
        "min": 1.54668843746,
        "var": 235.229415894
    },
    "pitch_salience": {
        "dmean": 0.0929435864091,
        "dmean2": 0.154842287302,
        "dvar": 0.00675276154652,
        "dvar2": 0.0178187191486,
        "max": 0.89724946022,
        "mean": 0.543804049492,
        "median": 0.54404759407,
        "min": 0.21365070343,
        "var": 0.0135504342616
    },
    "silence_rate_20dB": {
        "dmean": 0,
        "dmean2": 0,
        "dvar": 0,
        "dvar2": 0,
        "max": 1,
        "mean": 1,
        "median": 1,
        "min": 1,
        "var": 0
    },
    "silence_rate_30dB": {
        "dmean": 0.0127186011523,
        "dmean2": 0.025477707386,
        "dvar": 0.012556783855,
        "dvar2": 0.0343825146556,
        "max": 1,
        "mean": 0.992063462734,
        "median": 1,
        "min": 0,
        "var": 0.0078734960407
    },
    "silence_rate_60dB": {
        "dmean": 0.00953895039856,
        "dmean2": 0.0191082805395,
        "dvar": 0.00944803934544,
        "dvar2": 0.0187432765961,
        "max": 1,
        "mean": 0.0730158761144,
        "median": 0,
        "min": 0,
        "var": 0.067684262991
    },
    "spectral_centroid": {
        "dmean": 324.858215332,
        "dmean2": 478.066925049,
        "dvar": 230011.265625,
        "dvar2": 254693.5,
        "max": 11207.0712891,
        "mean": 1281.12646484,
        "median": 1203.76391602,
        "min": 224.820663452,
        "var": 656486.8125
    },
    "spectral_complexity": {
        "dmean": 5.30683612823,
        "dmean2": 7.48407649994,
        "dvar": 25.4145832062,
        "dvar2": 48.7560997009,
        "max": 55,
        "mean": 20.573015213,
        "median": 18.5,
        "min": 0,
        "var": 168.524047852
    },
    "spectral_crest": {
        "dmean": 2.9937107563,
        "dmean2": 5.01094150543,
        "dvar": 7.46219205856,
        "dvar2": 18.6246070862,
        "max": 21.7391738892,
        "mean": 10.6497144699,
        "median": 9.98632621765,
        "min": 3.95122671127,
        "var": 14.9917020798
    },
    "spectral_decrease": {
        "dmean": 4.33449010018e-09,
        "dmean2": 7.18681336664e-09,
        "dvar": 3.26709044998e-17,
        "dvar2": 9.05427200115e-17,
        "max": 1.42983371252e-29,
        "mean": -1.00112895751e-08,
        "median": -9.20259957127e-09,
        "min": -5.02259034363e-08,
        "var": 4.42836070927e-17
    },
    "spectral_energy": {
        "dmean": 0.0169633161277,
        "dmean2": 0.0279634278268,
        "dvar": 0.000487564771902,
        "dvar2": 0.0013497879263,
        "max": 0.199184671044,
        "mean": 0.039956510067,
        "median": 0.0373472198844,
        "min": 1.09128944628e-20,
        "var": 0.000687438936438
    },
    "spectral_energyband_high": {
        "dmean": 0.000570254283957,
        "dmean2": 0.000831982993986,
        "dvar": 4.92676974773e-07,
        "dvar2": 1.07850075892e-06,
        "max": 0.00798047240824,
        "mean": 0.00140175456181,
        "median": 0.000965429237112,
        "min": 8.11497138892e-21,
        "var": 1.88881324448e-06
    },
    "spectral_energyband_low": {
        "dmean": 0.011869546026,
        "dmean2": 0.0207512378693,
        "dvar": 0.000414213485783,
        "dvar2": 0.0011424763361,
        "max": 0.147367089987,
        "mean": 0.0206943489611,
        "median": 0.0180749669671,
        "min": 9.58602441226e-23,
        "var": 0.000371952774003
    },
    "spectral_energyband_middle_high": {
        "dmean": 0.00208854419179,
        "dmean2": 0.00307990331203,
        "dvar": 9.11784900381e-06,
        "dvar2": 1.98061061383e-05,
        "max": 0.0306742470711,
        "mean": 0.00436850218102,
        "median": 0.00285930163227,
        "min": 1.5210007676e-21,
        "var": 2.23426759476e-05
    },
    "spectral_energyband_middle_low": {
        "dmean": 0.00751621974632,
        "dmean2": 0.0122965658084,
        "dvar": 8.28577103675e-05,
        "dvar2": 0.000212997096241,
        "max": 0.0774767026305,
        "mean": 0.0161246452481,
        "median": 0.0136170592159,
        "min": 2.10137058234e-22,
        "var": 0.000154041787027
    },
    "spectral_flatness_db": {
        "dmean": 0.0259874612093,
        "dmean2": 0.0393090769649,
        "dvar": 0.00057175103575,
        "dvar2": 0.00135916634463,
        "max": 0.26089400053,
        "mean": 0.12290751189,
        "median": 0.115828126669,
        "min": 0.0377185530961,
        "var": 0.00193198991474
    },
    "spectral_flux": {
        "dmean": 0.0367605611682,
        "dmean2": 0.0566173233092,
        "dvar": 0.00141981686465,
        "dvar2": 0.00270237354562,
        "max": 0.397498846054,
        "mean": 0.110432691872,
        "median": 0.104538083076,
        "min": 1.04800328138e-10,
        "var": 0.00332741066813
    },
    "spectral_kurtosis": {
        "dmean": 0.883263409138,
        "dmean2": 1.39097988605,
        "dvar": 0.826745271683,
        "dvar2": 2.15895080566,
        "max": 13.2489032745,
        "mean": 2.98727202415,
        "median": 2.82615756989,
        "min": -1.1868366003,
        "var": 1.95310735703
    },
    "spectral_rms": {
        "dmean": 0.00123518030159,
        "dmean2": 0.00198144000024,
        "dvar": 1.72086367911e-06,
        "dvar2": 4.70129543828e-06,
        "max": 0.0139401042834,
        "mean": 0.00582697382197,
        "median": 0.00603624992073,
        "min": 3.26293224211e-12,
        "var": 5.02835109728e-06
    },
    "spectral_rolloff": {
        "dmean": 551.543945312,
        "dmean2": 938.443054199,
        "dvar": 1319992,
        "dvar2": 2700887.75,
        "max": 18841.5527344,
        "mean": 1131.21105957,
        "median": 645.99609375,
        "min": 107.666015625,
        "var": 3300342.75
    },
    "spectral_skewness": {
        "dmean": 0.187941476703,
        "dmean2": 0.283081322908,
        "dvar": 0.0280138049275,
        "dvar2": 0.059464789927,
        "max": 2.2884106636,
        "mean": 1.33838844299,
        "median": 1.32551717758,
        "min": -0.0277653541416,
        "var": 0.0966805741191
    },
    "spectral_spread": {
        "dmean": 725487.25,
        "dmean2": 995092.375,
        "dvar": 3.36747298816e+12,
        "dvar2": 3.42043315405e+12,
        "max": 40729952,
        "mean": 5720229,
        "median": 5427053,
        "min": 2343227.5,
        "var": 5.54787930112e+12
    },
    "spectral_strongpeak": {
        "dmean": 0.376597076654,
        "dmean2": 0.665678441525,
        "dvar": 0.382519990206,
        "dvar2": 0.998131513596,
        "max": 4.85696411133,
        "mean": 0.651072740555,
        "median": 0.523401260376,
        "min": 0,
        "var": 0.405370503664
    },
    "zerocrossingrate": {
        "dmean": 0.0121891768649,
        "dmean2": 0.0154982646927,
        "dvar": 0.000495550571941,
        "dvar2": 0.000846131995786,
        "max": 0.49609375,
        "mean": 0.058548796922,
        "median": 0.05126953125,
        "min": 0.009765625,
        "var": 0.00206439406611
    },
    "barkbands": {
        "dmean": [0.000520330679137, 0.00884384848177, 0.00435635494068, 0.00265571079217, 0.00263268267736, 0.00153181166388, 0.000999882468022, 0.00193736946676, 0.00127199839335, 0.000594918790739, 0.000505092961248, 0.000315762619721, 0.000333729898557, 0.000323837768519, 0.000318073842209, 0.000304769608192, 0.000245437433477, 0.000250268203672, 0.000118967946037, 0.000163086238899, 0.00024159772147, 0.000172879328602, 5.97477737756e-05, 6.84743208694e-05, 5.68816067243e-05, 4.05662394769e-05, 1.19541700769e-05],
        "dmean2": [0.000769071921241, 0.0158216748387, 0.00732576940209, 0.00435395399109, 0.00446906033903, 0.00261622434482, 0.00160812516697, 0.0032302881591, 0.00211213412695, 0.00099414831493, 0.000803959206678, 0.000515406369232, 0.000561249966267, 0.000509415171109, 0.000510825600941, 0.000478618138004, 0.000388411863241, 0.000403210986406, 0.000187704557902, 0.000263011083007, 0.000375891890144, 0.000265104579739, 8.9583612862e-05, 0.000103025064163, 8.23234367999e-05, 5.71282107558e-05, 1.87844179891e-05],
        "dvar": [6.42579323085e-07, 0.000287465198198, 3.37874262186e-05, 1.48161743709e-05, 1.10969267553e-05, 1.17453728308e-05, 4.85832515551e-06, 1.64227458299e-05, 8.35773698782e-06, 2.5842116429e-06, 2.09043082577e-06, 5.77100706778e-07, 2.34632466345e-06, 5.8911615497e-07, 5.00258465763e-07, 3.08337405386e-07, 1.83450055147e-07, 1.59914804954e-07, 2.943109223e-08, 5.23425569554e-08, 1.2582592035e-07, 5.78171714949e-08, 8.07709099604e-09, 1.64728106711e-08, 8.71720917672e-09, 3.3289746515e-09, 4.51815612701e-10],
        "dvar2": [1.37990923577e-06, 0.000792974431533, 9.34989002417e-05, 3.96450523112e-05, 3.10404902848e-05, 3.04988952848e-05, 1.15283583e-05, 4.21022195951e-05, 2.00259091798e-05, 6.48908917356e-06, 4.49548224424e-06, 1.16805335892e-06, 6.80980838297e-06, 1.33923776957e-06, 1.15472425932e-06, 6.80222171923e-07, 4.28813251574e-07, 3.83440379892e-07, 7.11150605071e-08, 1.2563040741e-07, 2.78961209688e-07, 1.19530525922e-07, 1.792236759e-08, 3.95426233979e-08, 1.85237407635e-08, 7.19413506545e-09, 1.03828834419e-09],
        "max": [0.00598580297083, 0.11973220855, 0.0477139912546, 0.0459725260735, 0.0271969586611, 0.0268727578223, 0.0297459587455, 0.04081023857, 0.0267475619912, 0.0198792107403, 0.0233390871435, 0.0159654282033, 0.0275529138744, 0.0126363504678, 0.00987112242728, 0.0058711390011, 0.00568934809417, 0.00456701265648, 0.00212101102807, 0.00223855837248, 0.00378023949452, 0.00273427506909, 0.0014549291227, 0.0015973636182, 0.0013934543822, 0.000473654625239, 0.000225500902161],
        "mean": [0.000536804029252, 0.00989807955921, 0.00776314875111, 0.00487340800464, 0.00398104265332, 0.00177319603972, 0.00123907579109, 0.00235456763767, 0.00161415641196, 0.000723587640096, 0.000625216634944, 0.000399095384637, 0.000367980945157, 0.000429905019701, 0.000387255102396, 0.000505445466843, 0.000365971354768, 0.000389467168134, 0.000199022513698, 0.000303618173348, 0.000464036973426, 0.000325251632603, 0.000113820075057, 0.000119895819807, 0.000109677690489, 7.87522658356e-05, 1.50454352479e-05],
        "median": [0.000108274594822, 0.00634578475729, 0.0052528809756, 0.00253605376929, 0.00294429063797, 0.000550683995243, 0.000416413531639, 0.000485651689814, 0.000431329419371, 0.000220487301704, 0.00015996779257, 0.000162487864145, 0.000138481525937, 0.000137133771204, 0.000116385286674, 0.000176765839569, 0.000167411431903, 0.0002056468511, 0.000127330858959, 0.000176914822077, 0.000248880911386, 0.000170659972355, 6.55328549328e-05, 6.67990243528e-05, 7.04376579961e-05, 4.77171379316e-05, 5.04303170601e-06],
        "min": [3.87276872595e-23, 3.70219901222e-23, 2.94548292671e-23, 7.34322059905e-24, 4.20494448473e-23, 4.44437923114e-23, 1.97109518944e-23, 6.50172571095e-24, 9.76522158217e-24, 9.77547409181e-23, 3.73853426105e-23, 3.92838057987e-23, 6.22675806613e-23, 6.87120188988e-23, 1.31820474798e-22, 1.41920166304e-22, 9.97517833204e-23, 1.2183215783e-22, 1.68211347797e-22, 3.59251749589e-22, 3.46710703975e-22, 5.17321804511e-22, 6.25531306385e-22, 1.00403378642e-21, 1.35905380843e-21, 1.75959713789e-21, 2.06316999931e-21],
        "var": [8.67731898779e-07, 0.000215443069465, 6.22365914751e-05, 3.49638976331e-05, 1.51281601575e-05, 1.28962274175e-05, 7.29228258933e-06, 2.19187077164e-05, 1.21862258311e-05, 2.71542307928e-06, 3.3358426208e-06, 9.76408273345e-07, 1.51428639583e-06, 8.3254724359e-07, 6.55319524867e-07, 6.40817972908e-07, 3.04450566091e-07, 2.81944323888e-07, 5.1268425949e-08, 1.26953906943e-07, 3.18263516874e-07, 1.7048532186e-07, 1.94472367099e-08, 2.69715183521e-08, 1.80775288072e-08, 7.50760609236e-09, 5.75920033885e-10]
    },
    "erbbands": {
        "dmean": [0.210079327226, 2.12866258621, 4.93276929855, 6.42058134079, 7.23852348328, 10.130106926, 13.7741327286, 11.7306003571, 12.1670322418, 23.4397144318, 46.1081123352, 28.8795547485, 22.4430599213, 14.5249156952, 18.9950962067, 13.3906917572, 14.5455551147, 12.5545015335, 17.2113227844, 16.8456993103, 14.8845262527, 13.2982749939, 12.8859119415, 8.3260307312, 5.70713996887, 7.79887533188, 9.33633518219, 10.2199249268, 6.736805439, 2.7283513546, 1.58431828022, 1.4740023613, 1.17852258682, 0.694547593594, 0.40229138732, 0.178937584162, 0.0843503773212, 0.0254424139857, 0.00113646627869, 3.33242460329e-05],
        "dmean2": [0.368526041508, 3.83468365669, 8.58838653564, 10.8219985962, 12.3941841125, 17.0561943054, 22.4372940063, 20.5280151367, 20.1434421539, 38.0978622437, 75.8550338745, 47.5128211975, 37.2196006775, 24.1630878448, 29.4478473663, 21.2702560425, 24.2730312347, 19.5643005371, 26.8811798096, 25.168756485, 22.1904411316, 20.5470752716, 20.5147247314, 13.4182024002, 9.04426670074, 12.516076088, 14.6362056732, 15.915058136, 10.4067153931, 4.26425027847, 2.38242673874, 2.17372727394, 1.82149136066, 1.03918945789, 0.592051744461, 0.26938393712, 0.120305508375, 0.0378991514444, 0.00177938619163, 5.09158489876e-05],
        "dvar": [0.167757228017, 16.5882778168, 56.1045875549, 66.3200836182, 80.7738647461, 195.957687378, 714.342712402, 1004.60821533, 834.272338867, 2472.65820312, 10244.6699219, 4482.57861328, 2661.20507812, 1515.55383301, 1807.0435791, 1107.81591797, 5041.4453125, 657.22052002, 1919.53039551, 1139.87902832, 622.481872559, 521.948059082, 459.544708252, 155.318267822, 54.3452835083, 126.858825684, 184.392791748, 233.389755249, 92.3852005005, 20.4887275696, 4.61571550369, 6.8059258461, 5.48253965378, 1.37044239044, 0.463405162096, 0.0829302668571, 0.0143007179722, 0.00153494311962, 4.47349930255e-06, 1.72058445269e-09],
        "dvar2": [0.451392441988, 46.2862167358, 155.927200317, 184.346221924, 224.567321777, 535.682495117, 1716.47192383, 2792.19970703, 2129.11572266, 6150.74560547, 27185.1074219, 10584.1660156, 6395.75390625, 3618.72363281, 3456.66430664, 2596.75, 14682.5195312, 1490.39794922, 3981.22363281, 2520.85961914, 1373.34130859, 1192.52429199, 1066.78710938, 384.438812256, 117.258132935, 308.85736084, 409.109191895, 529.719726562, 209.611663818, 44.9175491333, 9.53408527374, 15.9853935242, 13.7158107758, 2.9691722393, 0.986970543861, 0.184057146311, 0.0282164439559, 0.0032877556514, 1.06355073513e-05, 4.04765332362e-09],
        "max": [2.33673524857, 29.6784534454, 61.363067627, 88.7846679688, 73.5414581299, 124.90662384, 309.367950439, 271.74307251, 267.660949707, 550.617858887, 855.63659668, 672.134033203, 511.286224365, 563.989624023, 621.869689941, 682.04473877, 1292.8059082, 454.612640381, 586.03503418, 328.84072876, 256.54699707, 324.349731445, 259.827728271, 115.6223526, 73.9827423096, 115.440635681, 164.08404541, 161.3331604, 112.925971985, 62.834072113, 29.8223304749, 33.3327407837, 31.9786453247, 15.8328428268, 10.7168989182, 3.33709478378, 1.04793703556, 0.300656527281, 0.0216397121549, 0.000393173308112],
        "mean": [0.182535693049, 2.60314011574, 9.08095359802, 12.9732236862, 12.4862308502, 14.0859470367, 19.0953674316, 11.5754804611, 14.3290576935, 29.4905166626, 56.4551353455, 38.221698761, 27.8627166748, 20.4776515961, 24.2165756226, 16.8976211548, 16.8628120422, 18.7039871216, 23.0379066467, 25.7398853302, 24.9111480713, 21.2300167084, 21.2401542664, 13.8156309128, 10.5021247864, 14.3335523605, 18.0809764862, 18.6414966583, 12.670586586, 5.21293592453, 3.06814026833, 2.46754431725, 2.04996180534, 1.30232036114, 0.735136687756, 0.33964240551, 0.152100324631, 0.0391499735415, 0.00149454211351, 7.63311254559e-05],
        "median": [0.0714237689972, 1.86054134369, 5.9199552536, 9.71008110046, 9.35017490387, 9.28603172302, 7.03967905045, 3.92166090012, 5.85371494293, 9.15529632568, 13.0062961578, 10.5234966278, 10.1003408432, 7.59257030487, 7.93063354492, 7.49243354797, 6.66302967072, 7.06748247147, 6.41087818146, 8.3247423172, 10.5154399872, 10.4480190277, 10.3775882721, 9.08400917053, 6.78037452698, 8.16073226929, 10.3187160492, 8.98546600342, 6.59784173965, 2.80673408508, 1.87112867832, 1.28768134117, 1.20249390602, 0.775528311729, 0.481435775757, 0.219270259142, 0.0859769582748, 0.0195521973073, 0.000572562916204, 6.56292831991e-05],
        "min": [5.54352879156e-22, 1.0742196373e-20, 4.01049957385e-20, 1.57493750758e-20, 8.28659004028e-20, 7.99606417587e-20, 2.00265221362e-19, 4.34835768226e-19, 2.88791964598e-19, 2.57578252485e-19, 5.71054268838e-19, 3.52254295169e-19, 2.56515573552e-18, 2.00793047896e-18, 1.18699694118e-18, 1.92245583831e-18, 3.10349439074e-18, 3.73903173103e-18, 5.14924935757e-18, 7.63697147518e-18, 7.18433410808e-18, 5.82136710608e-18, 6.76038667336e-18, 9.08867427739e-18, 1.16117728418e-17, 1.43273224204e-17, 1.60948568426e-17, 1.42243036926e-17, 1.45567012587e-17, 1.52133370812e-17, 1.54341281303e-17, 2.1467705941e-17, 1.54783028838e-17, 1.55536606919e-17, 9.05126586136e-18, 5.64438561017e-18, 3.05978802833e-18, 1.26228454239e-18, 2.58712317105e-19, 3.21242602533e-20],
        "var": [0.124492816627, 12.4258136749, 76.6434249878, 131.547058105, 144.843185425, 253.768203735, 1456.31738281, 704.051879883, 824.54699707, 3273.75292969, 12545.9130859, 6764.73730469, 3151.24316406, 1930.9128418, 3318.53881836, 1592.89746094, 3216.90258789, 1133.3314209, 2934.92822266, 1993.42980957, 1343.35986328, 955.047424316, 849.251220703, 264.948608398, 136.485473633, 284.227813721, 482.764923096, 566.686157227, 253.066421509, 48.5365715027, 12.3113765717, 12.1543312073, 8.02460098267, 2.68284225464, 0.894062638283, 0.162261500955, 0.0309714600444, 0.00260892766528, 5.53703512196e-06, 3.31974514545e-09]
    },
    "gfcc": {
        "mean": [16.8724327087, 75.2623138428, -88.5945587158, 41.2534294128, -52.9655570984, 14.8316650391, -31.9072399139, 11.2782354355, -26.9323558807, 4.59901046753, -29.1781024933, -0.481988966465, -15.4035253525],
        "cov": [[18898.1132812, 202.141204834, -714.945617676, 137.142562866, -523.228027344, -41.6213340759, -104.191055298, 246.22605896, -237.848129272, 253.848144531, -545.237365723, -4.4936413765, -338.72442627], [202.141204834, 559.620239258, -169.16444397, -30.8611564636, 14.4600000381, 1.63903653622, 18.6098899841, -13.7213392258, 18.515378952, -43.7428131104, 36.1129493713, -44.6281814575, 32.2848358154], [-714.945617676, -169.16444397, 653.159606934, 53.1475601196, 30.3400669098, 76.7719116211, 68.4545974731, 12.0266990662, -32.8521728516, -26.104019165, 33.6897888184, 32.7178230286, -32.8593482971], [137.142562866, -30.8611564636, 53.1475601196, 318.871734619, 46.0043754578, -5.60336828232, -57.7891807556, 11.5222930908, 19.2619609833, -21.5852012634, -4.27130270004, 20.8659381866, 63.7104530334], [-523.228027344, 14.4600000381, 30.3400669098, 46.0043754578, 185.607666016, 21.2444343567, 56.7563667297, 13.9252223969, 40.0345878601, 8.44558238983, 0.744881570339, 7.47643613815, 28.4494457245], [-41.6213340759, 1.63903653622, 76.7719116211, -5.60336828232, 21.2444343567, 175.570739746, 74.9340515137, 4.95115613937, -37.664440155, -12.5209827423, 16.0060062408, -7.03811073303, -25.6321220398], [-104.191055298, 18.6098899841, 68.4545974731, -57.7891807556, 56.7563667297, 74.9340515137, 180.853012085, 36.749206543, 3.14380049706, 19.3526668549, 15.3071470261, 6.75724744797, -35.8360290527], [246.22605896, -13.7213392258, 12.0266990662, 11.5222930908, 13.9252223969, 4.95115613937, 36.749206543, 89.5045852661, 40.8698005676, 21.6202011108, -5.29380130768, 8.47981834412, -3.35368490219], [-237.848129272, 18.515378952, -32.8521728516, 19.2619609833, 40.0345878601, -37.664440155, 3.14380049706, 40.8698005676, 104.808174133, 37.4202346802, -2.55386924744, -1.17406356335, 23.8365840912], [253.848144531, -43.7428131104, -26.104019165, -21.5852012634, 8.44558238983, -12.5209827423, 19.3526668549, 21.6202011108, 37.4202346802, 81.1003036499, 0.906923234463, 5.90832424164, -13.3738327026], [-545.237365723, 36.1129493713, 33.6897888184, -4.27130270004, 0.744881570339, 16.0060062408, 15.3071470261, -5.29380130768, -2.55386924744, 0.906923234463, 90.0671234131, 23.4304676056, 8.15762329102], [-4.4936413765, -44.6281814575, 32.7178230286, 20.8659381866, 7.47643613815, -7.03811073303, 6.75724744797, 8.47981834412, -1.17406356335, 5.90832424164, 23.4304676056, 53.2415275574, 19.8341274261], [-338.72442627, 32.2848358154, -32.8593482971, 63.7104530334, 28.4494457245, -25.6321220398, -35.8360290527, -3.35368490219, 23.8365840912, -13.3738327026, 8.15762329102, 19.8341274261, 83.161491394]],
        "icov": [[0.00012998386228, -0.000282974535367, 9.49225577642e-05, -0.000234896724578, 0.000263430119958, -5.20974608662e-05, 0.000147530532558, -0.000433069770224, 0.000579372164793, -0.000669844914228, 0.000974604394287, -0.000754100037739, 0.000607149966527], [-0.000282974535367, 0.00322967907414, 0.000454140972579, 0.000671647314448, -0.000518003827892, 0.000306966016069, -0.00129785470199, 0.00101454276592, -0.00182946783025, 0.00320947309956, -0.00395386759192, 0.00458978721872, -0.0026543494314], [9.49225577642e-05, 0.000454140972579, 0.00209544342943, -0.000613035983406, -1.84489908861e-05, -0.000405798491556, -0.000476733810501, -0.000319563201629, 0.000245223200181, 0.000825970142614, -0.000112221219752, -0.00120599439833, 0.00153203436639], [-0.000234896724578, 0.000671647314448, -0.000613035983406, 0.00473148841411, -0.00147704593837, -0.000585741770919, 0.00152088166215, -0.000338289508363, -0.00116223166697, 0.00186734471936, -0.00131868501194, 0.00071756914258, -0.00352640566416], [0.000263430119958, -0.000518003827892, -1.84489908861e-05, -0.00147704593837, 0.00820928346366, -0.000706372025888, -0.00302013428882, 0.000746461038943, -0.00175167201087, -0.00132822524756, 0.00281032011844, -0.00134862889536, -0.00156462925952], [-5.20974608662e-05, 0.000306966016069, -0.000405798491556, -0.000585741770919, -0.000706372025888, 0.00842295493931, -0.00330424052663, -0.000798033142928, 0.00330023071729, 0.000645709340461, -0.00209234887734, 0.0034586826805, -0.000122995814309], [0.000147530532558, -0.00129785470199, -0.000476733810501, 0.00152088166215, -0.00302013428882, -0.00330424052663, 0.0106614902616, -0.00381200155243, 0.000976071460173, -0.00207451544702, 0.000911717943382, -0.00394218461588, 0.00444390252233], [-0.000433069770224, 0.00101454276592, -0.000319563201629, -0.000338289508363, 0.000746461038943, -0.000798033142928, -0.00381200155243, 0.018006356433, -0.00949877593666, 0.00213310215622, -0.000993499765173, -0.00148863322102, 7.54159627832e-05], [0.000579372164793, -0.00182946783025, 0.000245223200181, -0.00116223166697, -0.00175167201087, 0.00330023071729, 0.000976071460173, -0.00949877593666, 0.02163528651, -0.0107327904552, 0.0032004036475, 0.00229777791537, -0.003077958012], [-0.000669844914228, 0.00320947309956, 0.000825970142614, 0.00186734471936, -0.00132822524756, 0.000645709340461, -0.00207451544702, 0.00213310215622, -0.0107327904552, 0.0223425272852, -0.00611262582242, 0.000883757369593, 0.0018251844449], [0.000974604394287, -0.00395386759192, -0.000112221219752, -0.00131868501194, 0.00281032011844, -0.00209234887734, 0.000911717943382, -0.000993499765173, 0.0032004036475, -0.00611262582242, 0.0220668315887, -0.0139014478773, 0.0044675739482], [-0.000754100037739, 0.00458978721872, -0.00120599439833, 0.00071756914258, -0.00134862889536, 0.0034586826805, -0.00394218461588, -0.00148863322102, 0.00229777791537, 0.000883757369593, -0.0139014478773, 0.0356045551598, -0.0137555906549], [0.000607149966527, -0.0026543494314, 0.00153203436639, -0.00352640566416, -0.00156462925952, -0.000122995814309, 0.00444390252233, 7.54159627832e-05, -0.003077958012, 0.0018251844449, 0.0044675739482, -0.0137555906549, 0.0252687912434]]
    },
    "melbands": {
        "dmean": [0.00218153675087, 0.00253901351243, 0.00109689938836, 0.000552238430828, 0.000479689217173, 0.000271520315437, 0.000188655045349, 0.000294923287584, 0.000364677311154, 0.000170299070305, 0.000111386354547, 5.97574653511e-05, 7.04383128323e-05, 3.64108163922e-05, 3.98988850066e-05, 2.93279281323e-05, 2.41052457568e-05, 3.22741143464e-05, 2.09978952626e-05, 2.39116961893e-05, 1.75704171852e-05, 1.49772749864e-05, 1.27990078909e-05, 1.24951948237e-05, 6.7363494054e-06, 4.43882845502e-06, 4.96666825711e-06, 5.59184900339e-06, 5.95301889916e-06, 6.28994530416e-06, 6.43087423668e-06, 4.66277697342e-06, 2.28684461945e-06, 1.36658957217e-06, 9.4746275181e-07, 9.91449155663e-07, 9.00497127532e-07, 8.65295930907e-07, 8.05765580481e-07, 5.68425832626e-07],
        "dmean2": [0.00385668664239, 0.00454577710479, 0.00182994198985, 0.000960932404269, 0.000784976582509, 0.000470539438538, 0.000306655681925, 0.000475852022646, 0.00060016696807, 0.000282766850432, 0.000185709664947, 0.000101412049844, 0.000111723391456, 5.86082787777e-05, 6.66850246489e-05, 4.87064753543e-05, 3.85086204915e-05, 5.10943391419e-05, 3.28174573951e-05, 3.55210249836e-05, 2.7130203307e-05, 2.35108145716e-05, 2.01173188543e-05, 2.03468243853e-05, 1.10237242552e-05, 7.16498107067e-06, 8.09814810054e-06, 8.99452697922e-06, 9.3327189461e-06, 1.00041334008e-05, 9.98865743895e-06, 7.25884683561e-06, 3.5580903841e-06, 2.17670503844e-06, 1.47080197621e-06, 1.48290882862e-06, 1.3752879795e-06, 1.37955544233e-06, 1.20940489978e-06, 8.76592423538e-07],
        "dvar": [1.76749072125e-05, 1.93465784832e-05, 1.82054441211e-06, 4.3141454853e-07, 7.23433231542e-07, 5.03657531681e-07, 1.77866738227e-07, 3.16892055707e-07, 6.34344871742e-07, 1.61956336342e-07, 7.02035265476e-08, 2.78276406362e-08, 3.53034224077e-08, 9.41936395549e-09, 2.61540691326e-08, 9.08903530217e-09, 2.43039832704e-09, 7.32017735317e-09, 1.96370164574e-09, 2.18679807595e-09, 9.73240044111e-10, 8.37466707093e-10, 5.48406153822e-10, 4.18987511352e-10, 1.0705795972e-10, 4.03590459663e-11, 4.83892648173e-11, 6.76432104774e-11, 6.97516350234e-11, 1.01365832395e-10, 9.14930908813e-11, 4.75845612913e-11, 1.36286910576e-11, 5.36630245448e-12, 1.61585209189e-12, 2.63763099903e-12, 2.79791207564e-12, 3.11045525274e-12, 2.11580536078e-12, 8.64440192604e-13],
        "dvar2": [4.82371724502e-05, 5.40004512004e-05, 5.12691121912e-06, 1.21614471027e-06, 1.80945039574e-06, 1.37838071623e-06, 4.40545846914e-07, 7.75647663431e-07, 1.66835673099e-06, 3.8778600242e-07, 1.6940377634e-07, 6.77671323501e-08, 6.98455124848e-08, 1.75569248029e-08, 7.51038271574e-08, 2.54524668009e-08, 5.68249181043e-09, 1.53894923471e-08, 4.35782343544e-09, 4.85201567813e-09, 2.1258159677e-09, 1.99557104175e-09, 1.25565347009e-09, 1.05431419151e-09, 2.73319755717e-10, 9.21462905978e-11, 1.17900397778e-10, 1.70283551149e-10, 1.51829535056e-10, 2.34763125606e-10, 2.09513212335e-10, 1.11021011828e-10, 3.10183927155e-11, 1.27424962942e-11, 3.84536543233e-12, 5.24938295957e-12, 6.87030987656e-12, 8.02817881618e-12, 4.9596134491e-12, 1.96603605791e-12],
        "max": [0.0283516626805, 0.0296776331961, 0.0157179459929, 0.00662180362269, 0.0090094236657, 0.00618641963229, 0.00404354929924, 0.00540477782488, 0.00679324008524, 0.00456345267594, 0.00279521988705, 0.00222921511158, 0.00319805229083, 0.00212581455708, 0.00279942690395, 0.00156055588741, 0.000756639812607, 0.00132477062289, 0.000472538231406, 0.000506088195834, 0.000331584451487, 0.000421438191552, 0.000294296565698, 0.000240916619077, 9.11920287763e-05, 7.35542053008e-05, 9.1221598268e-05, 8.94141048775e-05, 0.000109001935925, 0.000108482272481, 9.81772900559e-05, 7.94566731201e-05, 4.03538542741e-05, 3.33965799655e-05, 1.39287849379e-05, 2.55676968663e-05, 2.36688647419e-05, 2.48747728619e-05, 1.54199060489e-05, 1.31537972266e-05],
        "mean": [0.00223969249055, 0.00442790286615, 0.00231818761677, 0.000893984513823, 0.000675056246109, 0.000281279353658, 0.00022662927222, 0.000370465859305, 0.000446480233222, 0.000220814865315, 0.000134377361974, 8.03525617812e-05, 8.89783550519e-05, 4.73223735753e-05, 4.17645278503e-05, 3.52123279299e-05, 3.40259430232e-05, 4.02467339882e-05, 2.79345858871e-05, 3.82477010135e-05, 2.6630683351e-05, 2.16306489165e-05, 2.04633470275e-05, 1.82772255357e-05, 1.03818874777e-05, 7.31612954041e-06, 8.32996011013e-06, 9.57617794484e-06, 1.13331152534e-05, 1.05476065073e-05, 1.1221938621e-05, 8.27238909551e-06, 4.06335902881e-06, 2.36189566749e-06, 1.7242781496e-06, 1.67179234722e-06, 1.42620228871e-06, 1.41569978496e-06, 1.3725127701e-06, 9.96532207864e-07],
        "median": [0.00131191825494, 0.00345825590193, 0.00183677102905, 0.00073456618702, 0.000326330715325, 9.47680819081e-05, 8.32364021335e-05, 0.000108318803541, 9.64101491263e-05, 5.79936531722e-05, 4.16459406551e-05, 2.81874345092e-05, 2.45334067586e-05, 2.0207495254e-05, 1.40063111758e-05, 1.38186951517e-05, 1.23183426695e-05, 9.52843220148e-06, 9.08294532564e-06, 1.18799780466e-05, 1.06430406959e-05, 9.80928416539e-06, 9.19090052776e-06, 9.15528198675e-06, 6.52242579235e-06, 4.63385731564e-06, 4.60067985841e-06, 5.31762725586e-06, 6.3918014348e-06, 5.36421066499e-06, 5.07105323777e-06, 3.99099144488e-06, 2.18983177547e-06, 1.211138283e-06, 1.07894788925e-06, 8.12498399227e-07, 7.54689949645e-07, 7.7875063198e-07, 7.73862097958e-07, 5.88404418522e-07],
        "min": [1.13982583193e-23, 1.9509880716e-23, 5.01275272449e-24, 7.86728771966e-24, 6.50350025355e-24, 9.66393341966e-24, 4.43386253198e-24, 2.38010872196e-24, 5.36063959484e-24, 1.94527656087e-24, 1.3590615582e-23, 9.11485230861e-24, 4.45485885384e-24, 4.44967209339e-24, 6.04786918305e-24, 5.9822730322e-24, 5.9619042492e-24, 7.6167951944e-24, 1.05575842409e-23, 1.03566384914e-23, 8.3928434208e-24, 5.2646316728e-24, 6.07674740864e-24, 7.14434245396e-24, 6.98993870898e-24, 5.73066781863e-24, 1.23260818061e-23, 8.05371527309e-24, 1.11309472795e-23, 7.3827204423e-24, 8.50295420367e-24, 7.39829018999e-24, 1.09363147838e-23, 7.65800686581e-24, 7.59384170864e-24, 1.13067646538e-23, 1.43806014029e-23, 9.16444483828e-24, 1.19835710229e-23, 1.32972161232e-23],
        "var": [1.32633831527e-05, 1.85444205272e-05, 3.77297988052e-06, 5.93735080656e-07, 1.29451234443e-06, 3.79365445724e-07, 2.14094868056e-07, 4.53330727623e-07, 7.81776009262e-07, 2.34652034692e-07, 8.14344289779e-08, 3.24600755164e-08, 6.28125320645e-08, 1.57196762274e-08, 1.7394407692e-08, 7.34680360992e-09, 3.91470633687e-09, 1.10032205569e-08, 2.91156854182e-09, 4.20869605833e-09, 1.80893644508e-09, 1.25340249291e-09, 9.52280698741e-10, 6.60100973882e-10, 1.59800242483e-10, 7.48524089933e-11, 1.0261964889e-10, 1.37291469859e-10, 1.9547116703e-10, 2.03933550602e-10, 2.20486864877e-10, 1.17700169056e-10, 3.2028199537e-11, 1.06906688363e-11, 3.56247735304e-12, 6.03001676369e-12, 4.15849169336e-12, 4.04655866107e-12, 3.62901418985e-12, 1.56480221575e-12]
    },
    "mfcc": {
