{
"metadata": {
    "version": {
        "essentia": "2.0.1",
        "extractor": "archive-music 1.0"
    },
    "audio_properties": {
        "analysis_sample_rate": 44100,
        "bitrate": 128,
        "channels": 2,
        "equal_loudness": 0,
        "length": 15.43836689,
        "replay_gain": -13.4246349335,
        "downmix": "mix"
    },
    "tags": {
        "track": 0,
        "year": 0,
        "album": "Libre",
        "artist": "Abdou Day",
        "comment": "",
        "genre": "Other",
        "title": "Who are you ?"
    }
},
"highlevel": {
    "culture": {
        "all": {
            "non_western": 0.516083538532,
            "western": 0.48391649127
        },
        "probability": 0.516083538532,
        "value": "non_western"
    },
    "danceability": {
        "all": {
            "danceable": 0.85572129488,
            "not_danceable": 0.144278734922
        },
        "probability": 0.85572129488,
        "value": "danceable"
    },
    "gender": {
        "all": {
            "female": 0.297082930803,
            "male": 0.702917039394
        },
        "probability": 0.702917039394,
        "value": "male"
    },
    "genre_dortmund": {
        "all": {
            "alternative": 0.0211511161178,
            "blues": 0.0456799603999,
            "electronic": 0.0528026036918,
            "folkcountry": 0.0766013711691,
            "funksoulrnb": 0.0375241003931,
            "jazz": 0.110175460577,
            "pop": 0.0907778218389,
            "raphiphop": 0.471334815025,
            "rock": 0.0939527601004
        },
        "probability": 0.471334815025,
        "value": "raphiphop"
    },
    "genre_electronic": {
        "all": {
            "ambient": 0.767370462418,
            "dnb": 0.091688066721,
            "house": 0.0673078075051,
            "techno": 0.0477178506553,
            "trance": 0.0259158089757
        },
        "probability": 0.767370462418,
        "value": "ambient"
    },
    "genre_rosamerica": {
        "all": {
            "cla": 0.00149292044807,
            "dan": 0.00263302004896,
            "hip": 0.914930224419,
            "jaz": 0.0102598639205,
            "pop": 0.0227298792452,
            "rhy": 0.0436537340283,
            "roc": 0.00188348151278,
            "spe": 0.00241686264053
        },
        "probability": 0.914930224419,
        "value": "hip"
    },
    "genre_tzanetakis": {
        "all": {
            "blu": 0.00382262608036,
            "cla": 0.00309426547028,
            "cou": 0.00606070784852,
            "dis": 0.00997405033559,
            "hip": 0.126051574945,
            "jaz": 0.015216851607,
            "met": 0.00304379709996,
            "pop": 0.151678815484,
            "reg": 0.6740847826,
            "roc": 0.00697250803933
        },
        "probability": 0.6740847826,
        "value": "reg"
    },
    "mirex_ballroom": {
        "all": {
            "ChaChaCha": 0.414622545242,
            "Jive": 0.0604496970773,
            "Quickstep": 0.109753020108,
            "Rumba-American": 0.0948247313499,
            "Rumba-International": 0.0262133721262,
            "Rumba-Misc": 0.0658282637596,
            "Samba": 0.206799656153,
            "Tango": 0.00692053278908,
            "VienneseWaltz": 0.00866824015975,
            "Waltz": 0.00591994961724
        },
        "probability": 0.414622545242,
        "value": "ChaChaCha"
    },
    "mood_acoustic": {
        "all": {
            "acoustic": 0.307384938002,
            "not_acoustic": 0.692615091801
        },
        "probability": 0.692615091801,
        "value": "not_acoustic"
    },
    "mood_aggressive": {
        "all": {
            "aggressive": 8.43520878147e-11,
            "not_aggressive": 1
        },
        "probability": 1,
        "value": "not_aggressive"
    },
    "mood_electronic": {
        "all": {
            "electronic": 0.124086603522,
            "not_electronic": 0.875913381577
        },
        "probability": 0.875913381577,
        "value": "not_electronic"
    },
    "mood_happy": {
        "all": {
            "happy": 0.475374817848,
            "not_happy": 0.524625182152
        },
        "probability": 0.524625182152,
        "value": "not_happy"
    },
    "mood_party": {
        "all": {
            "not_party": 0.513911664486,
            "party": 0.486088335514
        },
        "probability": 0.513911664486,
        "value": "not_party"
    },
    "mood_relaxed": {
        "all": {
            "not_relaxed": 0.0860838890076,
            "relaxed": 0.913916110992
        },
        "probability": 0.913916110992,
        "value": "relaxed"
    },
    "mood_sad": {
        "all": {
            "not_sad": 0.701304733753,
            "sad": 0.298695266247
        },
        "probability": 0.701304733753,
        "value": "not_sad"
    },
    "moods_mirex": {
        "all": {
            "Cluster1": 0.135507911444,
            "Cluster2": 0.25413236022,
            "Cluster3": 0.204493969679,
            "Cluster4": 0.130044668913,
            "Cluster5": 0.275821089745
        },
        "probability": 0.275821089745,
        "value": "Cluster5"
    },
    "timbre": {
        "all": {
            "bright": 0.261283844709,
            "dark": 0.738716185093
        },
        "probability": 0.738716185093,
        "value": "dark"
    },
    "tonal_atonal": {
        "all": {
            "atonal": 0.169204860926,
            "tonal": 0.830795168877
        },
        "probability": 0.830795168877,
        "value": "tonal"
    },
    "voice_instrumental": {
        "all": {
            "instrumental": 0.0396837554872,
            "voice": 0.960316240788
        },
        "probability": 0.960316240788,
        "value": "voice"
    }
},
"lowlevel": {
    "average_loudness": 0.957577526569,
    "barkbands_kurtosis": {
        "dmean": 14.1929597855,
        "dmean2": 22.4494857788,
        "dvar": 836.102416992,
        "dvar2": 2157.29858398,
        "max": 281.464630127,
        "mean": 22.0191783905,
        "median": 7.40356254578,
        "min": -1.92239642143,
        "var": 1707.45922852
    },
    "barkbands_skewness": {
        "dmean": 1.23544788361,
        "dmean2": 1.84338474274,
        "dvar": 1.98659777641,
        "dvar2": 4.56568288803,
        "max": 14.1840257645,
        "mean": 2.93976783752,
        "median": 2.38215994835,
        "min": -2.97850108147,
        "var": 6.59056091309
    },
    "barkbands_spread": {
        "dmean": 10.7356433868,
        "dmean2": 16.2483272552,
        "dvar": 245.385482788,
        "dvar2": 538.329040527,
        "max": 124.315063477,
        "mean": 22.6593608856,
        "median": 15.449224472,
        "min": 0.342951029539,
        "var": 540.780029297
    },
    "dissonance": {
        "dmean": 0.035390265286,
        "dmean2": 0.055664781481,
        "dvar": 0.00136867724359,
        "dvar2": 0.00352500542067,
        "max": 0.499999970198,
        "mean": 0.438218593597,
        "median": 0.458675861359,
        "min": 0.153304636478,
        "var": 0.003461409593
    },
    "dynamic_complexity": 5.25503063202,
    "erbbands_kurtosis": {
        "dmean": 3.72842717171,
        "dmean2": 5.47813510895,
        "dvar": 67.2759170532,
        "dvar2": 122.485588074,
        "max": 163.481369019,
        "mean": 5.53392982483,
        "median": 0.591198801994,
        "min": -1.75273704529,
        "var": 202.185440063
    },
    "erbbands_skewness": {
        "dmean": 0.693612635136,
        "dmean2": 1.02422332764,
        "dvar": 0.517812609673,
        "dvar2": 1.03943455219,
        "max": 9.78513240814,
        "mean": 1.16853499413,
        "median": 0.818335831165,
        "min": -3.43272471428,
        "var": 2.5757856369
    },
    "erbbands_spread": {
        "dmean": 17.3753089905,
        "dmean2": 25.8844470978,
        "dvar": 388.421936035,
        "dvar2": 876.656616211,
        "max": 195.052215576,
        "mean": 50.1124382019,
        "median": 41.6249923706,
        "min": 1.1827814579,
        "var": 1400.83166504
    },
    "hfc": {
        "dmean": 17.8329906464,
        "dmean2": 25.1272411346,
        "dvar": 1200.27819824,
        "dvar2": 2730.62963867,
        "max": 271.139648438,
        "mean": 28.0181350708,
        "median": 8.90437698364,
        "min": 1.15609621147e-16,
        "var": 1884.29467773
    },
    "melbands_kurtosis": {
        "dmean": 34.5929870605,
        "dmean2": 51.1445121765,
        "dvar": 4230.57763672,
        "dvar2": 10785.0214844,
        "max": 1086.87072754,
        "mean": 58.9445800781,
        "median": 22.4968280792,
        "min": -1.86819279194,
        "var": 9589.01953125
    },
    "melbands_skewness": {
        "dmean": 1.64225780964,
        "dmean2": 2.32748055458,
        "dvar": 3.30195045471,
        "dvar2": 7.30824661255,
        "max": 26.122428894,
        "mean": 4.47524547577,
        "median": 3.59672856331,
        "min": -2.35775232315,
        "var": 14.3575792313
    },
    "melbands_spread": {
        "dmean": 7.34903097153,
        "dmean2": 11.0187749863,
        "dvar": 182.555374146,
        "dvar2": 322.344207764,
        "max": 216.386184692,
        "mean": 15.4399900436,
        "median": 9.78075218201,
        "min": 0.409543693066,
        "var": 466.908538818
    },
    "pitch_salience": {
        "dmean": 0.0845730379224,
        "dmean2": 0.126907423139,
        "dvar": 0.00599559163675,
        "dvar2": 0.0144342342392,
        "max": 0.845775723457,
        "mean": 0.467579096556,
        "median": 0.456064611673,
        "min": 0.082604251802,
        "var": 0.0219380650669
    },
    "silence_rate_20dB": {
        "dmean": 0,
        "dmean2": 0,
        "dvar": 0,
        "dvar2": 0,
        "max": 1,
        "mean": 1,
        "median": 1,
        "min": 1,
        "var": 0
    },
    "silence_rate_30dB": {
        "dmean": 0.0330827049911,
        "dmean2": 0.0662650614977,
        "dvar": 0.0319884456694,
        "dvar2": 0.0678978264332,
        "max": 1,
        "mean": 0.969969987869,
        "median": 1,
        "min": 0,
        "var": 0.0291284304112
    },
    "silence_rate_60dB": {
        "dmean": 0.051127821207,
        "dmean2": 0.102409638464,
        "dvar": 0.0485142767429,
        "dvar2": 0.100957579911,
        "max": 1,
        "mean": 0.16816817224,
        "median": 0,
        "min": 0,
        "var": 0.139889091253
    },
    "spectral_centroid": {
        "dmean": 320.409484863,
        "dmean2": 466.259918213,
        "dvar": 307945.9375,
        "dvar2": 440944.375,
        "max": 10966.65625,
        "mean": 1028.58203125,
        "median": 849.23815918,
        "min": 118.367218018,
        "var": 739965.8125
    },
    "spectral_complexity": {
        "dmean": 4.05112791061,
        "dmean2": 5.70783138275,
        "dvar": 30.2109642029,
        "dvar2": 56.8453979492,
        "max": 46,
        "mean": 9.54954910278,
        "median": 7,
        "min": 0,
        "var": 67.6529846191
    },
    "spectral_crest": {
        "dmean": 3.02153682709,
        "dmean2": 4.62658309937,
        "dvar": 7.36844301224,
        "dvar2": 18.2452487946,
        "max": 25.4366188049,
        "mean": 13.6459913254,
        "median": 13.6175899506,
        "min": 3.36577582359,
        "var": 24.0865859985
    },
    "spectral_decrease": {
        "dmean": 2.71768851867e-09,
        "dmean2": 3.93236820884e-09,
        "dvar": 1.93208463423e-17,
        "dvar2": 3.90278768428e-17,
        "max": 1.36042038745e-10,
        "mean": -7.15279213637e-09,
        "median": -5.5485314121e-09,
        "min": -4.54644641934e-08,
        "var": 5.268565446e-17
    },
    "spectral_energy": {
        "dmean": 0.0110822571442,
        "dmean2": 0.0156972687691,
        "dvar": 0.000298477418255,
        "dvar2": 0.000576776743401,
        "max": 0.17333213985,
        "mean": 0.0295376367867,
        "median": 0.0223969146609,
        "min": 1.06310237833e-20,
        "var": 0.000850852171425
    },
    "spectral_energyband_high": {
        "dmean": 0.00123868102673,
        "dmean2": 0.00179973279592,
        "dvar": 7.43168538975e-06,
        "dvar2": 1.71788124135e-05,
        "max": 0.0224741436541,
        "mean": 0.00158393383026,
        "median": 0.000282302033156,
        "min": 7.43938939508e-21,
        "var": 1.0897501852e-05
    },
    "spectral_energyband_low": {
        "dmean": 0.00701093161479,
        "dmean2": 0.0105089144781,
        "dvar": 0.000236920401221,
        "dvar2": 0.000494435138535,
        "max": 0.17148207128,
        "mean": 0.016140177846,
        "median": 0.00985694956034,
        "min": 3.53776916068e-23,
        "var": 0.000544365437236
    },
    "spectral_energyband_middle_high": {
        "dmean": 0.00224596727639,
        "dmean2": 0.00334058213048,
        "dvar": 2.55834347627e-05,
        "dvar2": 5.19700770383e-05,
        "max": 0.0749896690249,
        "mean": 0.00374828651547,
        "median": 0.000625955231953,
        "min": 1.57283526521e-21,
        "var": 7.23673874745e-05
    },
    "spectral_energyband_middle_low": {
        "dmean": 0.00380336609669,
        "dmean2": 0.00541258882731,
        "dvar": 4.60493101855e-05,
        "dvar2": 9.00037630345e-05,
        "max": 0.0984905958176,
        "mean": 0.0087913274765,
        "median": 0.00370766688138,
        "min": 2.7894088792e-22,
        "var": 0.00018884470046
    },
    "spectral_flatness_db": {
        "dmean": 0.040093999356,
        "dmean2": 0.0517149940133,
        "dvar": 0.00173487432767,
        "dvar2": 0.0031836326234,
        "max": 0.528554081917,
        "mean": 0.19406439364,
        "median": 0.180034577847,
        "min": 0.0296219065785,
        "var": 0.0087801553309
    },
    "spectral_flux": {
        "dmean": 0.0313839577138,
        "dmean2": 0.0450299717486,
        "dvar": 0.00142338557635,
        "dvar2": 0.00293858582154,
        "max": 0.349650174379,
        "mean": 0.0782075971365,
        "median": 0.0628797411919,
        "min": 1.05381564586e-10,
        "var": 0.00346642686054
    },
    "spectral_kurtosis": {
        "dmean": 2.66716575623,
        "dmean2": 3.97953367233,
        "dvar": 22.1732692719,
        "dvar2": 44.759979248,
        "max": 65.7388381958,
        "mean": 5.44415950775,
        "median": 3.66118621826,
        "min": -1.30645370483,
        "var": 52.8949241638
    },
    "spectral_rms": {
        "dmean": 0.000970259890892,
        "dmean2": 0.00130870542489,
        "dvar": 1.43714316891e-06,
        "dvar2": 2.41763473241e-06,
        "max": 0.0130040198565,
        "mean": 0.00465516326949,
        "median": 0.00467446632683,
        "min": 3.22051716892e-12,
        "var": 7.14662201062e-06
    },
    "spectral_rolloff": {
        "dmean": 1277.6159668,
        "dmean2": 2226.80541992,
        "dvar": 9208208,
        "dvar2": 21335378,
        "max": 19229.1503906,
        "mean": 1888.6484375,
        "median": 667.529296875,
        "min": 64.599609375,
        "var": 12797709
    },
    "spectral_skewness": {
        "dmean": 0.380401611328,
        "dmean2": 0.556430101395,
        "dvar": 0.198382362723,
        "dvar2": 0.402377575636,
        "max": 6.49464416504,
        "mean": 1.87256097794,
        "median": 1.74407720566,
        "min": -0.134179875255,
        "var": 0.630302250385
    },
    "spectral_spread": {
        "dmean": 1701466.875,
        "dmean2": 2563086.75,
        "dvar": 6.61455529574e+12,
        "dvar2": 1.19761786634e+13,
        "max": 39983504,
        "mean": 7251213,
        "median": 6702054.5,
        "min": 1245721,
        "var": 1.42310710968e+13
    },
    "spectral_strongpeak": {
        "dmean": 0.478141754866,
        "dmean2": 0.785847604275,
        "dvar": 1.10281229019,
        "dvar2": 2.48091602325,
        "max": 8.2944355011,
        "mean": 1.03726601601,
        "median": 0.364982903004,
        "min": 0,
        "var": 2.85553908348
    },
    "zerocrossingrate": {
        "dmean": 0.0247635692358,
        "dmean2": 0.0298888422549,
        "dvar": 0.0013443705393,
        "dvar2": 0.00191362434998,
        "max": 0.51220703125,
        "mean": 0.0769908055663,
        "median": 0.052978515625,
        "min": 0.001953125,
        "var": 0.00580824259669
    },
    "barkbands": {
        "dmean": [0.000871491094586, 0.00572026660666, 0.00153375929222, 0.000723800330888, 0.000376498646801, 0.000683627382386, 0.000657464785036, 0.00104507280048, 0.00163082289509, 0.000825387483928, 0.000700281816535, 0.000303759501548, 0.000294308440061, 8.91064555617e-05, 0.000111202170956, 0.000161313379067, 0.000143038370879, 0.000128297120682, 6.90299057169e-05, 4.73412073916e-05, 4.93202678626e-05, 5.47279087186e-05, 5.97348625888e-05, 0.000137655704748, 0.000210739730392, 0.00077706342563, 4.44853867521e-05],
        "dmean2": [0.00105351454113, 0.00889001507312, 0.00255227368325, 0.00121840403881, 0.000563529320061, 0.00103308830876, 0.00103738042526, 0.0014419099316, 0.00244580814615, 0.00120116898324, 0.00103021692485, 0.000493932690006, 0.000484173971927, 0.000138252347824, 0.000177805370186, 0.000274581543636, 0.000243717237026, 0.000212057915633, 0.000110336513899, 7.0857204264e-05, 7.14219131623e-05, 7.98281907919e-05, 8.69943978614e-05, 0.000198531270144, 0.000311012001475, 0.00122091767844, 7.45299985283e-05],
        "dvar": [8.67003382155e-06, 0.000200870257686, 8.81776395545e-06, 1.49256175064e-06, 3.9416605091e-07, 1.50723928982e-06, 9.14563224796e-06, 1.62291817105e-05, 2.72478100669e-05, 1.01219802673e-05, 9.63523416431e-06, 1.08504070795e-06, 1.22404833292e-06, 4.00524413635e-08, 7.64908989481e-08, 1.62752655797e-07, 1.08935211074e-07, 7.32180751584e-08, 2.06767882815e-08, 1.11762528121e-08, 7.74105313184e-09, 9.94705295909e-09, 1.61178306257e-08, 1.76961492571e-07, 2.84256401528e-07, 4.1041635086e-06, 1.95401561598e-08],
        "dvar2": [1.47517794176e-05, 0.000478803092847, 2.40371555265e-05, 3.83961696571e-06, 9.45769897953e-07, 3.08972653329e-06, 2.00646154553e-05, 3.27695233864e-05, 5.77386599616e-05, 2.02461396839e-05, 2.07357370527e-05, 2.87188049697e-06, 3.30592661157e-06, 8.97192009575e-08, 1.89212741475e-07, 4.42451465688e-07, 2.92393224299e-07, 1.85716018564e-07, 5.20253706782e-08, 2.61452832717e-08, 1.633743274e-08, 2.04485406385e-08, 3.23676871972e-08, 3.29293300183e-07, 5.05686955421e-07, 1.0067104995e-05, 5.10580697721e-08],
        "max": [0.03508162871, 0.157993584871, 0.0368821248412, 0.010331146419, 0.00695885065943, 0.0175344739109, 0.0591443516314, 0.0533849298954, 0.0979783535004, 0.0538011714816, 0.0527915656567, 0.0136326197535, 0.0154840499163, 0.0026299173478, 0.00258937384933, 0.00407008593902, 0.00272201211192, 0.00243766256608, 0.00107742613181, 0.000934569165111, 0.000887232075911, 0.000979370903224, 0.00210589636117, 0.00796641968191, 0.0081011261791, 0.0156493131071, 0.00117965985555],
        "mean": [0.00122093048412, 0.0112286712974, 0.0030189207755, 0.00117378053255, 0.000562680710573, 0.00105118378997, 0.000722811848391, 0.00186903448775, 0.00326329446398, 0.00148307753261, 0.000960148405284, 0.000391462410334, 0.000296858284855, 0.000101822362922, 0.000109318541945, 0.000142020580824, 0.000129566324176, 0.000130796935991, 7.03103942215e-05, 5.60894404771e-05, 6.94154223311e-05, 8.12273065094e-05, 9.46475411183e-05, 0.000190754464711, 0.00028247947921, 0.000799678091425, 3.66527492588e-05],
        "median": [5.39985267096e-05, 0.0053053223528, 0.00124819891062, 0.000579462503083, 0.000295304635074, 0.000306179281324, 0.000117231749755, 7.50367398723e-05, 0.000152340580826, 5.21033762197e-05, 5.13312443218e-05, 2.96840808005e-05, 2.96409307339e-05, 1.60221061378e-05, 1.66052432178e-05, 1.5817964595e-05, 1.59663541126e-05, 2.28257595154e-05, 1.359360067e-05, 1.01894347608e-05, 1.52802203957e-05, 1.80106289918e-05, 2.69131487585e-05, 3.21137849824e-05, 4.5740067435e-05, 3.52966198989e-05, 4.60286742054e-07],
        "min": [8.3770480589e-25, 1.81324159795e-23, 2.89687749869e-24, 2.52643512291e-24, 2.18778360496e-23, 1.37272668012e-23, 3.26247563742e-23, 2.04820634292e-23, 9.40471135962e-23, 1.06226898781e-22, 3.54712883754e-23, 1.12460641737e-22, 5.8604356742e-23, 6.23719501145e-23, 1.07439800822e-22, 1.48268628569e-22, 1.27723673993e-22, 1.99087351006e-22, 2.45259152596e-22, 3.07540061851e-22, 3.22680587164e-22, 4.70397480104e-22, 5.10472977241e-22, 9.7213240287e-22, 1.10902635138e-21, 1.62402908154e-21, 2.04454046212e-21],
        "var": [1.90654973267e-05, 0.000345626729541, 1.78434802365e-05, 2.51316760114e-06, 6.23803089184e-07, 4.35462607129e-06, 9.58712098509e-06, 4.47087877546e-05, 0.000112464891572, 3.35756194545e-05, 1.71449246409e-05, 1.30745308979e-06, 1.04995820038e-06, 6.14154771483e-08, 7.60003331379e-08, 1.31387707825e-07, 9.48759293351e-08, 7.76458861651e-08, 2.12888586759e-08, 1.45184726463e-08, 1.47883936208e-08, 2.04774117663e-08, 3.11012584575e-08, 3.51272518628e-07, 6.27817712484e-07, 4.39022005594e-06, 1.60302722207e-08]
    },
    "erbbands": {
        "dmean": [0.206530377269, 1.17450380325, 1.77813565731, 2.24037742615, 1.40059196949, 1.28181147575, 3.00271105766, 7.04266262054, 7.35509872437, 16.2744045258, 24.0943946838, 41.9084205627, 25.1003665924, 30.8939437866, 23.0199317932, 12.8011693954, 14.0438957214, 4.97464418411, 5.68019199371, 7.43617105484, 8.59737968445, 8.22489738464, 6.61095809937, 5.20405101776, 2.9659371376, 2.40371179581, 1.85523831844, 1.98577189445, 1.8822530508, 1.68950545788, 1.82907128334, 2.72937130928, 2.33020472527, 2.09305644035, 1.81905531883, 2.30824947357, 1.68795871735, 0.266331285238, 0.00530210509896, 0.000166379555594],
        "dmean2": [0.30949896574, 1.94445133209, 2.96531796455, 3.73823451996, 2.23300170898, 1.9422929287, 4.63644123077, 10.4742412567, 11.7640209198, 24.2619438171, 33.5885276794, 62.9885520935, 35.3352050781, 42.3574142456, 34.3427276611, 20.3901367188, 23.0016098022, 8.07928657532, 8.99798107147, 12.3532600403, 14.6270532608, 14.0033903122, 10.9852762222, 8.54608440399, 4.60441112518, 3.60588669777, 2.74128127098, 2.83133196831, 2.72456502914, 2.46577644348, 2.73553180695, 3.98910784721, 3.47193336487, 3.11856627464, 2.75634217262, 3.65018320084, 2.66639018059, 0.415460437536, 0.00832065660506, 0.000251588964602],
        "dvar": [0.404290229082, 7.76222372055, 12.6734437943, 13.2082824707, 5.22070217133, 4.61723995209, 23.7517166138, 192.811965942, 701.141479492, 5637.05957031, 7120.41113281, 21029.0351562, 7490.50390625, 12946.7265625, 6287.86328125, 1683.39489746, 2627.74072266, 208.032073975, 275.472259521, 459.391265869, 384.690612793, 354.858703613, 178.267379761, 134.808624268, 41.9600448608, 29.8914394379, 14.0907840729, 11.0963773727, 11.5934066772, 8.89436435699, 15.8355264664, 55.9771080017, 65.9967193604, 31.6057357788, 22.8685207367, 33.1347618103, 20.4647636414, 0.582184672356, 0.000227142430958, 1.83283148658e-07],
        "dvar2": [0.73342448473, 21.6379356384, 34.8826370239, 34.3606796265, 12.6017065048, 10.9672250748, 57.3411026001, 372.768157959, 1748.22839355, 13194.8945312, 11892.8212891, 45891.8984375, 14724.2646484, 26144.8789062, 12687.53125, 4444.86523438, 7093.859375, 544.079284668, 694.585205078, 1173.53857422, 1029.29626465, 939.431030273, 466.153839111, 334.556121826, 105.103866577, 68.8312911987, 31.4250965118, 22.6595973969, 24.1622867584, 19.0486507416, 29.905582428, 119.344680786, 131.692092896, 56.5437698364, 43.4304275513, 79.7814178467, 50.3175239563, 1.43886649609, 0.000563048117328, 4.50949158903e-07],
        "max": [7.04498291016, 26.2805347443, 33.8768844604, 31.2313785553, 23.5050773621, 22.9072475433, 50.1099472046, 226.34034729, 505.858551025, 1413.6817627, 1217.30566406, 3086.50683594, 2156.00683594, 2033.24768066, 1127.86401367, 559.63659668, 714.024841309, 194.641845703, 280.643310547, 325.417602539, 159.610748291, 177.347869873, 127.391319275, 112.815208435, 48.6237869263, 44.6972198486, 33.4382476807, 36.1609954834, 37.0167274475, 35.2430305481, 66.414642334, 94.8897094727, 167.019226074, 91.1267623901, 81.0437850952, 41.1067314148, 34.8295669556, 6.7662024498, 0.12780636549, 0.00367281329818],
        "mean": [0.396837294102, 2.17136979103, 3.77228856087, 4.08583927155, 2.33482503891, 1.89912414551, 4.46517944336, 10.4484939575, 7.97588634491, 21.9724979401, 45.104385376, 80.5509643555, 48.9636039734, 51.7397842407, 33.7951698303, 17.3528232574, 15.1567087173, 5.28776407242, 6.2345457077, 7.08066749573, 7.61367273331, 7.66310787201, 6.65349721909, 5.30553007126, 3.20661330223, 2.84609389305, 2.37823057175, 2.96694564819, 2.83753728867, 2.49041485786, 2.9592795372, 3.89348840714, 3.11896538734, 2.90793728828, 2.25699496269, 2.48564791679, 1.72528886795, 0.251175135374, 0.00500153331086, 0.000190337566892],
        "median": [0.111815705895, 1.02612781525, 2.31628608704, 2.31913566589, 1.36262273788, 0.89491301775, 1.78451704979, 2.42026185989, 2.01490163803, 2.29393577576, 3.25144147873, 4.27269744873, 2.3371462822, 2.72900915146, 2.46496248245, 1.73027253151, 1.60043895245, 0.949059724808, 0.900951266289, 0.980374872684, 0.979468584061, 0.963807880878, 1.15320801735, 1.02930140495, 0.706748962402, 0.510246813297, 0.564405202866, 0.687931120396, 0.656345844269, 0.60730779171, 0.825915455818, 0.742727935314, 0.452263593674, 0.4588085711, 0.305910468102, 0.169727802277, 0.0504436269403, 0.00614896044135, 0.000154941299115, 4.05271202908e-05],
        "min": [6.96156495994e-22, 1.91837542582e-21, 3.30575421275e-21, 1.25642959323e-20, 3.36420203551e-20, 7.68126896153e-20, 1.0760545727e-19, 1.39319536106e-19, 4.66364584454e-19, 4.02970030994e-19, 9.48689205236e-19, 2.20560886097e-18, 3.79781945716e-18, 2.42962384651e-18, 1.71169394054e-18, 4.54941685483e-18, 2.6851370426e-18, 3.45273190652e-18, 5.81042433376e-18, 1.03647368571e-17, 6.87507526529e-18, 7.20636275498e-18, 8.95358575719e-18, 1.26210324508e-17, 1.32672524151e-17, 1.41867430753e-17, 1.38445061959e-17, 1.51879244385e-17, 1.64470852367e-17, 1.06787023575e-17, 1.61232920033e-17, 1.85027481729e-17, 1.81796266102e-17, 1.06071752228e-17, 8.08622567356e-18, 6.02325997332e-18, 3.02165810402e-18, 1.24538813761e-18, 3.02488110988e-19, 2.93980054325e-20],
        "var": [0.922688543797, 9.15008163452, 21.5498600006, 24.5588951111, 8.84714317322, 7.93482494354, 45.0833892822, 536.76751709, 597.937683105, 9651.72265625, 20975.5527344, 70067.671875, 34058.8632812, 41252.9375, 12682.4384766, 2208.6940918, 2353.82421875, 198.964004517, 302.764007568, 411.997619629, 334.2918396, 317.327667236, 184.188583374, 137.089080811, 44.7823829651, 38.4243545532, 20.2913856506, 26.0767612457, 24.8177986145, 18.4336223602, 31.7663669586, 94.0897216797, 127.189682007, 73.6215438843, 45.2297668457, 39.3390007019, 21.6358776093, 0.549857795238, 0.000213661347516, 1.88834036408e-07]
    },
    "gfcc": {
        "mean": [-65.861038208, 71.6229248047, -68.672088623, 17.6007270813, -52.0264511108, 22.7095375061, -31.3971385956, 21.6755199432, -21.9661521912, 6.55468893051, -19.0594348907, 6.85353469849, -14.7801237106],
        "cov": [[23945.40625, -2063.37915039, -412.103942871, -298.281524658, -1244.91149902, 395.580413818, -243.193511963, 734.041809082, -488.516540527, 331.246276855, -453.157714844, 510.480773926, -489.926696777], [-2063.37915039, 2627.00610352, -79.3730010986, 679.62512207, 623.561767578, -94.9067459106, 215.071258545, -126.204742432, 317.155639648, -274.515258789, 207.426437378, -295.315307617, 134.408935547], [-412.103942871, -79.3730010986, 1695.84094238, 555.823364258, 473.132659912, 175.17741394, 121.666213989, 37.8721694946, 7.87575387955, 135.698730469, -37.1002616882, 33.25938797, -65.4586257935], [-298.281524658, 679.62512207, 555.823364258, 1147.35571289, 648.526489258, -84.5341110229, -76.0202102661, -42.3969573975, 212.947433472, 8.84623432159, 58.7019081116, -79.6729125977, 75.1273651123], [-1244.91149902, 623.561767578, 473.132659912, 648.526489258, 924.337097168, -113.25944519, 24.9119968414, -65.1650085449, 190.707504272, 54.3998641968, 39.2929191589, -25.860584259, 29.5592575073], [395.580413818, -94.9067459106, 175.17741394, -84.5341110229, -113.25944519, 475.7237854, 200.936279297, 23.4057674408, -64.3504714966, 16.87707901, 24.9274501801, 15.4655866623, -20.1107292175], [-243.193511963, 215.071258545, 121.666213989, -76.0202102661, 24.9119968414, 200.936279297, 380.544281006, 17.4056873322, 1.37120807171, -26.7337112427, 10.6816978455, -18.1808586121, -25.7709789276], [734.041809082, -126.204742432, 37.8721694946, -42.3969573975, -65.1650085449, 23.4057674408, 17.4056873322, 234.313140869, 14.0210733414, -33.8967094421, -23.1845645905, 5.28410863876, -36.1689605713], [-488.516540527, 317.155639648, 7.87575387955, 212.947433472, 190.707504272, -64.3504714966, 1.37120807171, 14.0210733414, 196.535476685, 10.3118391037, 43.1789245605, -44.9224319458, 26.7265796661], [331.246276855, -274.515258789, 135.698730469, 8.84623432159, 54.3998641968, 16.87707901, -26.7337112427, -33.8967094421, 10.3118391037, 185.136825562, -6.95356035233, 54.3659820557, -38.3971862793], [-453.157714844, 207.426437378, -37.1002616882, 58.7019081116, 39.2929191589, 24.9274501801, 10.6816978455, -23.1845645905, 43.1789245605, -6.95356035233, 120.620887756, -1.52916693687, 30.2382316589], [510.480773926, -295.315307617, 33.25938797, -79.6729125977, -25.860584259, 15.4655866623, -18.1808586121, 5.28410863876, -44.9224319458, 54.3659820557, -1.52916693687, 130.828308105, -21.2470169067], [-489.926696777, 134.408935547, -65.4586257935, 75.1273651123, 29.5592575073, -20.1107292175, -25.7709789276, -36.1689605713, 26.7265796661, -38.3971862793, 30.2382316589, -21.2470169067, 106.814109802]],
        "icov": [[7.18627125025e-05, -5.25236318936e-05, 6.54653849779e-05, -0.000131778491777, 0.000123257035739, -6.65541083436e-05, 4.31321241194e-05, -0.000225322219194, 0.000139537238283, -0.000188513819012, 0.000260979373707, -0.000289706251351, 0.000181791503564], [-5.25236318936e-05, 0.00107437826227, 5.6401710026e-05, -0.000104502694739, -0.000508799916133, 0.00017960940022, -0.000550697615836, 0.000699194846675, -0.000700165692251, 0.00141035020351, -0.00135376187973, 0.00150911824312, 0.000159335904755], [6.54653849779e-05, 5.6401710026e-05, 0.00102981145028, -0.000628351117484, -0.000252312776865, -0.000336159922881, -0.000263158261077, -0.000478499452583, 0.000702560064383, -0.000634446390904, 0.000434591784142, -0.000206293843803, 0.000515432271641], [-0.000131778491777, -0.000104502694739, -0.000628351117484, 0.00222904281691, -0.00106266292278, -9.58603923209e-05, 0.000748758553527, 0.000434868066804, -0.00115736224689, 0.000511683814693, -0.000497124157846, 0.000900388520677, -0.00102849584073], [0.000123257035739, -0.000508799916133, -0.000252312776865, -0.00106266292278, 0.00262667285278, 0.000414311798522, -0.000303032022202, -3.42820094374e-05, -0.000662851089146, -0.00101641484071, 0.000942056241911, -0.00152935320511, 0.000294356170343], [-6.65541083436e-05, 0.00017960940022, -0.000336159922881, -9.58603923209e-05, 0.000414311798522, 0.00337294861674, -0.00185845280066, -0.000100173885585, 0.000931733986363, -0.000445172656327, -0.00153308012523, 0.000529279990587, -0.000485651078634], [4.31321241194e-05, -0.000550697615836, -0.000263158261077, 0.000748758553527, -0.000303032022202, -0.00185845280066, 0.00427043391392, -0.000146548671182, -0.000526436662767, 0.000464155804366, 0.00071383517934, -0.00034095349838, 0.000946224317886], [-0.000225322219194, 0.000699194846675, -0.000478499452583, 0.000434868066804, -3.42820094374e-05, -0.000100173885585, -0.000146548671182, 0.00637006293982, -0.00279460730962, 0.00327202118933, -0.000364528619684, 0.000521001697052, 0.00168215564918], [0.000139537238283, -0.000700165692251, 0.000702560064383, -0.00115736224689, -0.000662851089146, 0.000931733986363, -0.000526436662767, -0.00279460730962, 0.009905253537, -0.00346018536948, -0.0014423414832, 0.00145427975804, -0.000973521266133], [-0.000188513819012, 0.00141035020351, -0.000634446390904, 0.000511683814693, -0.00101641484071, -0.000445172656327, 0.000464155804366, 0.00327202118933, -0.00346018536948, 0.0102424835786, -0.00145633111242, -0.000826581206638, 0.00282492628321], [0.000260979373707, -0.00135376187973, 0.000434591784142, -0.000497124157846, 0.000942056241911, -0.00153308012523, 0.00071383517934, -0.000364528619684, -0.0014423414832, -0.00145633111242, 0.012611810118, -0.00399411702529, -0.00151145237032], [-0.000289706251351, 0.00150911824312, -0.000206293843803, 0.000900388520677, -0.00152935320511, 0.000529279990587, -0.00034095349838, 0.000521001697052, 0.00145427975804, -0.000826581206638, -0.00399411702529, 0.01309610717, -0.000295759236906], [0.000181791503564, 0.000159335904755, 0.000515432271641, -0.00102849584073, 0.000294356170343, -0.000485651078634, 0.000946224317886, 0.00168215564918, -0.000973521266133, 0.00282492628321, -0.00151145237032, -0.000295759236906, 0.013287785463]]
    },
    "melbands": {
        "dmean": [0.00165816792287, 0.0011172038503, 0.000357354409061, 8.53064484545e-05, 9.48385059019e-05, 0.000148366001667, 0.000112850328151, 0.000189414146007, 0.000208564539207, 0.000258693442447, 0.000129391104565, 0.000130429441924, 9.37767326832e-05, 3.60197518603e-05, 3.78121294489e-05, 2.58211639448e-05, 7.57940051699e-06, 9.59470162343e-06, 8.03072180133e-06, 1.07967935037e-05, 1.01772720882e-05, 8.86208727024e-06, 6.89019316269e-06, 5.97721100348e-06, 4.15171962231e-06, 2.52146810453e-06, 1.72351303718e-06, 1.60714080266e-06, 1.19671642551e-06, 1.18921889225e-06, 1.20267816328e-06, 1.09686243377e-06, 1.128397912e-06, 8.54378811255e-07, 1.04948890112e-06, 1.46148386193e-06, 1.87322314105e-06, 1.51743472543e-06, 1.9109600089e-06, 1.92025140677e-06],
        "dmean2": [0.00254673114978, 0.00182636489626, 0.000590505718719, 0.000130954562337, 0.000142602570122, 0.00022219105449, 0.000182916628546, 0.000271383003565, 0.000300077634165, 0.000392976013245, 0.000183498312254, 0.000180000963155, 0.000140211035614, 5.56110098842e-05, 6.36971089989e-05, 4.37616436102e-05, 1.21999501062e-05, 1.52501534103e-05, 1.29460313474e-05, 1.83685460797e-05, 1.74509877979e-05, 1.53603759827e-05, 1.17009694804e-05, 9.7374067991e-06, 6.87173906044e-06, 3.98343217967e-06, 2.66951769845e-06, 2.42334317591e-06, 1.79823280178e-06, 1.73195769548e-06, 1.74381034412e-06, 1.62253854796e-06, 1.72236445906e-06, 1.25789881622e-06, 1.58751049639e-06, 2.16371086026e-06, 2.81594066109e-06, 2.25557846534e-06, 2.79030859929e-06, 2.90638149636e-06],
        "dvar": [2.09263216675e-05, 5.11119105795e-06, 3.15610407142e-07, 1.91966815777e-08, 2.38423663035e-08, 7.85814506798e-08, 1.71843922203e-07, 6.15240651314e-07, 4.47544437066e-07, 7.80743448558e-07, 2.0919645749e-07, 2.41350704755e-07, 1.47219211044e-07, 1.50681529476e-08, 2.53990215526e-08, 1.43364999872e-08, 3.63728602792e-10, 9.48019107661e-10, 4.13510142794e-10, 9.77705472138e-10, 5.77722480966e-10, 4.44485143136e-10, 2.61084348585e-10, 1.37450675841e-10, 9.70830360547e-11, 3.21771186085e-11, 1.48177980303e-11, 1.50059183829e-11, 6.9915336541e-12, 4.50482273012e-12, 4.2440799139e-12, 4.76030846686e-12, 4.95820658836e-12, 2.17418054047e-12, 4.32481047502e-12, 1.58875516909e-11, 3.45274191182e-11, 2.49505884703e-11, 5.58937965356e-11, 2.46493103706e-11],
        "dvar2": [4.23903147748e-05, 1.4118022591e-05, 8.2535149204e-07, 4.66260310361e-08, 5.60131496741e-08, 1.56733477752e-07, 3.71255737264e-07, 1.34218612402e-06, 7.93482172412e-07, 1.64784103163e-06, 4.02994999149e-07, 4.83443216126e-07, 3.15967696451e-07, 3.74699773431e-08, 7.23198212427e-08, 3.98901072174e-08, 9.15728881612e-10, 2.40765052339e-09, 1.03841313326e-09, 2.62421817609e-09, 1.54805823716e-09, 1.16827669761e-09, 7.15404124829e-10, 3.38704120306e-10, 2.44493592039e-10, 8.11131439793e-11, 3.83647592861e-11, 3.52602842757e-11, 1.68697139591e-11, 9.82970302377e-12, 8.91159888938e-12, 1.05304827358e-11, 1.11242404177e-11, 4.8598152412e-12, 9.40094790208e-12, 3.19928944448e-11, 8.21265208617e-11, 5.02858484019e-11, 9.91350959656e-11, 5.04611630259e-11],
        "max": [0.0525641180575, 0.0204079411924, 0.00478506321087, 0.00131013791543, 0.00185894733295, 0.00435991259292, 0.00766260828823, 0.0130581967533, 0.00925349909812, 0.0181053355336, 0.0105478484184, 0.00845403317362, 0.00589720578864, 0.00202892790549, 0.00273290229961, 0.00199941685423, 0.000260874949163, 0.000565782072954, 0.000229107885389, 0.000461481657112, 0.000202767638257, 0.000189864251297, 0.000165569363162, 9.82784695225e-05, 0.000101507655927, 5.08202829224e-05, 4.14339156123e-05, 3.41127415595e-05, 2.30754467339e-05, 1.74977194547e-05, 2.71269873338e-05, 2.85735059151e-05, 1.87603000086e-05, 2.11205388041e-05, 3.03534852719e-05, 7.34014320187e-05, 7.29283783585e-05, 8.02722934168e-05, 0.000187111028936, 6.26830369583e-05],
        "mean": [0.00332492031157, 0.00237270793878, 0.000672177353408, 0.000135933616548, 0.000148064704263, 0.000222125003347, 0.00012289188453, 0.000281221786281, 0.000363746861694, 0.000511818798259, 0.000238245964283, 0.000219894645852, 0.000129438762087, 4.80704511574e-05, 4.38613860752e-05, 2.44228413067e-05, 7.79434867582e-06, 1.06004063127e-05, 7.79008223617e-06, 9.81607172434e-06, 8.64110552357e-06, 8.15326529846e-06, 6.28080260867e-06, 6.18250942352e-06, 4.07944298786e-06, 2.61606987806e-06, 1.91264825844e-06, 1.8518185243e-06, 1.35929269618e-06, 1.59910166531e-06, 1.77484480446e-06, 1.62333753906e-06, 1.54356564508e-06, 1.224462153e-06, 1.5562312683e-06, 2.13971293306e-06, 2.45933460974e-06, 1.93991263586e-06, 2.52861764238e-06, 2.42893497671e-06],
        "median": [0.00130337220617, 0.00158521509729, 0.000426630082075, 7.8104014392e-05, 6.22214865871e-05, 5.56540180696e-05, 2.75248094113e-05, 2.1303712856e-05, 2.60087617789e-05, 2.16767984966e-05, 8.26088216854e-06, 9.897412383e-06, 7.93289473222e-06, 4.39324412582e-06, 3.64488801097e-06, 2.80611493508e-06, 1.32825175569e-06, 1.37043798532e-06, 1.18828950235e-06, 1.1640156572e-06, 9.89003297036e-07, 1.03804472928e-06, 8.94309437172e-07, 1.17622334983e-06, 7.12453243068e-07, 4.72912915939e-07, 4.02238953257e-07, 2.83992505956e-07, 2.5315637231e-07, 3.46685965269e-07, 3.72070587673e-07, 3.46648334926e-07, 2.94341418794e-07, 3.00359829453e-07, 4.07547418035e-07, 4.37187566149e-07, 4.12107965531e-07, 2.58554393895e-07, 2.31348408875e-07, 3.98057522943e-07],
        "min": [6.12198305953e-24, 1.95426405317e-24, 2.23055371053e-24, 3.52936132338e-24, 4.44325352663e-24, 2.97375593821e-24, 7.42517614736e-24, 4.36985356927e-24, 1.01219760379e-23, 1.38715068622e-23, 1.90903171549e-23, 9.78451238675e-24, 5.24359038587e-24, 1.13858077276e-23, 1.0831330808e-23, 4.50456931821e-24, 6.218201213e-24, 8.6871863572e-24, 9.35281693383e-24, 1.53346403153e-23, 6.73444165014e-24, 4.91542661588e-24, 7.44387688398e-24, 8.70778667088e-24, 1.02551546914e-23, 9.59740010205e-24, 8.17058659392e-24, 9.84511899237e-24, 9.53044947703e-24, 8.41640038515e-24, 7.85613164874e-24, 1.02728433195e-23, 5.43726954317e-24, 6.3303070251e-24, 9.14117817474e-24, 1.11136396713e-23, 1.17184317172e-23, 1.31381044564e-23, 1.1311181486e-23, 7.68078601331e-24],
        "var": [4.33432978753e-05, 7.69241160015e-06, 5.94735922732e-07, 3.08510124114e-08, 4.8000568853e-08, 2.18966661691e-07, 1.74087603e-07, 1.30731882564e-06, 1.16573380637e-06, 2.97436054097e-06, 8.83620259629e-07, 8.02840190772e-07, 2.48496604627e-07, 1.90172357861e-08, 2.31386625416e-08, 9.9694625888e-09, 4.00275229628e-10, 1.06211983653e-09, 4.01502692204e-10, 7.86865628211e-10, 4.86170992353e-10, 3.95138616271e-10, 2.17532727942e-10, 1.61921240305e-10, 9.31150434536e-11, 3.22984798629e-11, 1.69645929249e-11, 1.80978149134e-11, 8.26328328679e-12, 7.67612796243e-12, 1.00465798875e-11, 8.77338739852e-12, 8.48598361719e-12, 4.41365737361e-12, 8.16433812917e-12, 2.67644031937e-11, 4.6128663389e-11, 4.42681481749e-11, 1.25843044319e-10, 4.47676271054e-11]
    },
    "mfcc": {
