{
"metadata": {
    "version": {
        "essentia": "2.0.1",
        "extractor": "archive-music 1.0"
    },
    "audio_properties": {
        "analysis_sample_rate": 44100,
        "bitrate": 128,
        "channels": 2,
        "equal_loudness": 0,
        "length": 15.6473464966,
        "replay_gain": -11.2644691467,
        "downmix": "mix"
    },
    "tags": {
        "track": 1,
        "year": 0,
        "album": "Optimistic",
        "artist": "Akashic Records",
        "comment": "",
        "genre": "Other",
        "title": "Optimistic"
    }
},
"highlevel": {
    "culture": {
        "all": {
            "non_western": 0.00384362763725,
            "western": 0.996156394482
        },
        "probability": 0.996156394482,
        "value": "western"
    },
    "danceability": {
        "all": {
            "danceable": 0.771568238735,
            "not_danceable": 0.228431761265
        },
        "probability": 0.771568238735,
        "value": "danceable"
    },
    "gender": {
        "all": {
            "female": 0.690818071365,
            "male": 0.309181928635
        },
        "probability": 0.690818071365,
        "value": "female"
    },
    "genre_dortmund": {
        "all": {
            "alternative": 0.0700888112187,
            "blues": 0.0217947997153,
            "electronic": 0.014244559221,
            "folkcountry": 0.179971858859,
            "funksoulrnb": 0.0469785183668,
            "jazz": 0.154931142926,
            "pop": 0.0518012158573,
            "raphiphop": 0.00704516191036,
            "rock": 0.453143924475
        },
        "probability": 0.453143924475,
        "value": "rock"
    },
    "genre_electronic": {
        "all": {
            "ambient": 0.723309576511,
            "dnb": 0.154036402702,
            "house": 0.0699387788773,
            "techno": 0.0122046628967,
            "trance": 0.0405105724931
        },
        "probability": 0.723309576511,
        "value": "ambient"
    },
    "genre_rosamerica": {
        "all": {
            "cla": 0.0273606013507,
            "dan": 0.111309699714,
            "hip": 0.063729159534,
            "jaz": 0.234440848231,
            "pop": 0.192153558135,
            "rhy": 0.0884072035551,
            "roc": 0.262463867664,
            "spe": 0.0201350748539
        },
        "probability": 0.262463867664,
        "value": "roc"
    },
    "genre_tzanetakis": {
        "all": {
            "blu": 0.0130480751395,
            "cla": 0.0120768658817,
            "cou": 0.0300574693829,
            "dis": 0.237474754453,
            "hip": 0.0341691747308,
            "jaz": 0.0723183229566,
            "met": 0.0155549449846,
            "pop": 0.157701909542,
            "reg": 0.243635311723,
            "roc": 0.183963179588
        },
        "probability": 0.243635311723,
        "value": "reg"
    },
    "mirex_ballroom": {
        "all": {
            "ChaChaCha": 0.334064215422,
            "Jive": 0.352775931358,
            "Quickstep": 0.220276340842,
            "Rumba-American": 0.00522287376225,
            "Rumba-International": 0.023890003562,
            "Rumba-Misc": 0.0104237934574,
            "Samba": 0.0231428593397,
            "Tango": 0.0038472795859,
            "VienneseWaltz": 0.0215639770031,
            "Waltz": 0.00479274103418
        },
        "probability": 0.352775931358,
        "value": "Jive"
    },
    "mood_acoustic": {
        "all": {
            "acoustic": 0.346005827188,
            "not_acoustic": 0.653994143009
        },
        "probability": 0.653994143009,
        "value": "not_acoustic"
    },
    "mood_aggressive": {
        "all": {
            "aggressive": 0.179960638285,
            "not_aggressive": 0.820039391518
        },
        "probability": 0.820039391518,
        "value": "not_aggressive"
    },
    "mood_electronic": {
        "all": {
            "electronic": 0.432264238596,
            "not_electronic": 0.567735791206
        },
        "probability": 0.567735791206,
        "value": "not_electronic"
    },
    "mood_happy": {
        "all": {
            "happy": 0.944521248341,
            "not_happy": 0.0554787702858
        },
        "probability": 0.944521248341,
        "value": "happy"
    },
    "mood_party": {
        "all": {
            "not_party": 0.544795870781,
            "party": 0.455204099417
        },
        "probability": 0.544795870781,
        "value": "not_party"
    },
    "mood_relaxed": {
        "all": {
            "not_relaxed": 0.442542880774,
            "relaxed": 0.557457089424
        },
        "probability": 0.557457089424,
        "value": "relaxed"
    },
    "mood_sad": {
        "all": {
            "not_sad": 0.69525706768,
            "sad": 0.30474293232
        },
        "probability": 0.69525706768,
        "value": "not_sad"
    },
    "moods_mirex": {
        "all": {
            "Cluster1": 0.175897210836,
            "Cluster2": 0.519667565823,
            "Cluster3": 0.053001370281,
            "Cluster4": 0.202841952443,
            "Cluster5": 0.0485918819904
        },
        "probability": 0.519667565823,
        "value": "Cluster2"
    },
    "timbre": {
        "all": {
            "bright": 0.999999940395,
            "dark": 8.4196877026e-08
        },
        "probability": 0.999999940395,
        "value": "bright"
    },
    "tonal_atonal": {
        "all": {
            "atonal": 0.000242897280259,
            "tonal": 0.999757111073
        },
        "probability": 0.999757111073,
        "value": "tonal"
    },
    "voice_instrumental": {
        "all": {
            "instrumental": 0.999999701977,
            "voice": 3.24225226223e-07
        },
        "probability": 0.999999701977,
        "value": "instrumental"
    }
},
"lowlevel": {
    "average_loudness": 0.984787106514,
    "barkbands_kurtosis": {
        "dmean": 2.7403151989,
        "dmean2": 4.46693658829,
        "dvar": 37.2952041626,
        "dvar2": 105.085998535,
        "max": 60.4336471558,
        "mean": 3.61966872215,
        "median": 2.33591985703,
        "min": -1.48302173615,
        "var": 32.6931037903
    },
    "barkbands_skewness": {
        "dmean": 0.498753070831,
        "dmean2": 0.762322187424,
        "dvar": 0.53462177515,
        "dvar2": 1.44489216805,
        "max": 6.72781991959,
        "mean": 1.54650211334,
        "median": 1.4474388361,
        "min": -1.97910284996,
        "var": 0.763843297958
    },
    "barkbands_spread": {
        "dmean": 6.50072860718,
        "dmean2": 8.97355270386,
        "dvar": 52.8442153931,
        "dvar2": 115.486328125,
        "max": 65.3054580688,
        "mean": 23.4495277405,
        "median": 19.9035720825,
        "min": 3.3733856678,
        "var": 177.456390381
    },
    "dissonance": {
        "dmean": 0.0230891760439,
        "dmean2": 0.0372228845954,
        "dvar": 0.000485333875986,
        "dvar2": 0.00102731189691,
        "max": 0.499816298485,
        "mean": 0.443580240011,
        "median": 0.453051269054,
        "min": 0.301053375006,
        "var": 0.0017923413543
    },
    "dynamic_complexity": 2.9965236187,
    "erbbands_kurtosis": {
        "dmean": 0.886066496372,
        "dmean2": 1.33653569221,
        "dvar": 1.33462798595,
        "dvar2": 2.41152977943,
        "max": 11.9440612793,
        "mean": 0.501301646233,
        "median": -0.208283424377,
        "min": -1.59839582443,
        "var": 4.01069355011
    },
    "erbbands_skewness": {
        "dmean": 0.320696651936,
        "dmean2": 0.449541509151,
        "dvar": 0.0799035802484,
        "dvar2": 0.137297064066,
        "max": 2.85671520233,
        "mean": 0.759658455849,
        "median": 0.744545340538,
        "min": -0.964241027832,
        "var": 0.453508883715
    },
    "erbbands_spread": {
        "dmean": 10.30772686,
        "dmean2": 15.0148077011,
        "dvar": 164.807723999,
        "dvar2": 358.119842529,
        "max": 123.10861969,
        "mean": 43.8358383179,
        "median": 45.9136962891,
        "min": 7.93384647369,
        "var": 397.352355957
    },
    "hfc": {
        "dmean": 9.79257583618,
        "dmean2": 12.1298694611,
        "dvar": 203.78187561,
        "dvar2": 375.885620117,
        "max": 107.389663696,
        "mean": 21.7235107422,
        "median": 14.3912305832,
        "min": 1.15570512047e-16,
        "var": 456.849456787
    },
    "melbands_kurtosis": {
        "dmean": 8.23951148987,
        "dmean2": 14.2207889557,
        "dvar": 487.245513916,
        "dvar2": 1398.30944824,
        "max": 179.059890747,
        "mean": 12.4365463257,
        "median": 8.4950170517,
        "min": -1.42450141907,
        "var": 327.570709229
    },
    "melbands_skewness": {
        "dmean": 0.753869652748,
        "dmean2": 1.20204222202,
        "dvar": 1.68016040325,
        "dvar2": 4.54868793488,
        "max": 10.4129419327,
        "mean": 2.50842928886,
        "median": 2.33952188492,
        "min": -0.147748872638,
        "var": 1.89411771297
    },
    "melbands_spread": {
        "dmean": 5.99024105072,
        "dmean2": 8.39621257782,
        "dvar": 69.5687789917,
        "dvar2": 126.069442749,
        "max": 147.124053955,
        "mean": 21.3135528564,
        "median": 17.0758533478,
        "min": 1.86533164978,
        "var": 231.494415283
    },
    "pitch_salience": {
        "dmean": 0.0631760209799,
        "dmean2": 0.102269925177,
        "dvar": 0.00484139472246,
        "dvar2": 0.0120048830286,
        "max": 0.86839479208,
        "mean": 0.587873458862,
        "median": 0.592463374138,
        "min": 0.225856751204,
        "var": 0.0111656989902
    },
    "silence_rate_20dB": {
        "dmean": 0,
        "dmean2": 0,
        "dvar": 0,
        "dvar2": 0,
        "max": 1,
        "mean": 1,
        "median": 1,
        "min": 1,
        "var": 0
    },
    "silence_rate_30dB": {
        "dmean": 0,
        "dmean2": 0,
        "dvar": 0,
        "dvar2": 0,
        "max": 1,
        "mean": 1,
        "median": 1,
        "min": 1,
        "var": 0
    },
    "silence_rate_60dB": {
        "dmean": 0.00593471806496,
        "dmean2": 0.0118870725855,
        "dvar": 0.00589947588742,
        "dvar2": 0.011745785363,
        "max": 1,
        "mean": 0.0562962964177,
        "median": 0,
        "min": 0,
        "var": 0.0531277246773
    },
    "spectral_centroid": {
        "dmean": 258.178588867,
        "dmean2": 347.224945068,
        "dvar": 230308.109375,
        "dvar2": 225025.765625,
        "max": 11300.7392578,
        "mean": 1250.0871582,
        "median": 1091.68029785,
        "min": 323.681091309,
        "var": 601603.0625
    },
    "spectral_complexity": {
        "dmean": 4.63798236847,
        "dmean2": 6.06835079193,
        "dvar": 36.8719482422,
        "dvar2": 54.6606712341,
        "max": 55,
        "mean": 18.9940738678,
        "median": 15,
        "min": 0,
        "var": 145.668121338
    },
    "spectral_crest": {
        "dmean": 2.01459026337,
        "dmean2": 3.20852518082,
        "dvar": 4.54716682434,
        "dvar2": 12.6300525665,
        "max": 18.4809150696,
        "mean": 8.30817127228,
        "median": 8.06929397583,
        "min": 2.71338391304,
        "var": 8.52829360962
    },
    "spectral_decrease": {
        "dmean": 2.50014609016e-09,
        "dmean2": 3.96503363476e-09,
        "dvar": 1.98562803528e-17,
        "dvar2": 5.34434610889e-17,
        "max": 3.54855338208e-30,
        "mean": -6.16623951899e-09,
        "median": -5.18445775199e-09,
        "min": -3.70460604415e-08,
        "var": 2.27983930468e-17
    },
    "spectral_energy": {
        "dmean": 0.0101655842736,
        "dmean2": 0.015770342201,
        "dvar": 0.000306166650262,
        "dvar2": 0.000810613797512,
        "max": 0.141842782497,
        "mean": 0.0252431966364,
        "median": 0.0210452154279,
        "min": 1.0644673879e-20,
        "var": 0.000373816437786
    },
    "spectral_energyband_high": {
        "dmean": 0.00080049718963,
        "dmean2": 0.00100531172939,
        "dvar": 1.49575669184e-06,
        "dvar2": 2.57914052781e-06,
        "max": 0.00888334773481,
        "mean": 0.00135789101478,
        "median": 0.000491081736982,
        "min": 7.73538515284e-21,
        "var": 3.46410820384e-06
    },
    "spectral_energyband_low": {
        "dmean": 0.0053494097665,
        "dmean2": 0.00969638954848,
        "dvar": 0.000265664391918,
        "dvar2": 0.000750887265895,
        "max": 0.131965711713,
        "mean": 0.00835586059839,
        "median": 0.00572781637311,
        "min": 6.46491959103e-23,
        "var": 0.000188651218195
    },
    "spectral_energyband_middle_high": {
        "dmean": 0.00135491311084,
        "dmean2": 0.00192165351473,
        "dvar": 5.29556564288e-06,
        "dvar2": 9.87448220258e-06,
        "max": 0.0185714419931,
        "mean": 0.00306123285554,
        "median": 0.00191427604295,
        "min": 1.34896062976e-21,
        "var": 1.13539117592e-05
    },
    "spectral_energyband_middle_low": {
        "dmean": 0.00496365502477,
        "dmean2": 0.00713412091136,
        "dvar": 4.55490153399e-05,
        "dvar2": 0.000103807120468,
        "max": 0.0600088201463,
        "mean": 0.0137456795201,
        "median": 0.0116268116981,
        "min": 1.89986079726e-22,
        "var": 9.5990842965e-05
    },
    "spectral_flatness_db": {
        "dmean": 0.0264928974211,
        "dmean2": 0.0348059087992,
        "dvar": 0.00071886414662,
        "dvar2": 0.00141628622077,
        "max": 0.278955638409,
        "mean": 0.123733371496,
        "median": 0.114410415292,
        "min": 0.0284418221563,
        "var": 0.00307193817571
    },
    "spectral_flux": {
        "dmean": 0.0290314089507,
        "dmean2": 0.042242705822,
        "dvar": 0.00172036024742,
        "dvar2": 0.0036061280407,
        "max": 0.343540400267,
        "mean": 0.0732873678207,
        "median": 0.0546826347709,
        "min": 1.03800128215e-10,
        "var": 0.00308256968856
    },
    "spectral_kurtosis": {
        "dmean": 1.98399066925,
        "dmean2": 3.21526741982,
        "dvar": 9.26003932953,
        "dvar2": 24.7212944031,
        "max": 29.5281982422,
        "mean": 4.16732931137,
        "median": 2.54599428177,
        "min": -1.16147875786,
        "var": 16.1696548462
    },
    "spectral_rms": {
        "dmean": 0.000882613821886,
        "dmean2": 0.00130626989994,
        "dvar": 1.61620255312e-06,
        "dvar2": 4.03721878683e-06,
        "max": 0.0117636388168,
        "mean": 0.00460945395753,
        "median": 0.00453121587634,
        "min": 3.22258409194e-12,
        "var": 3.38045629178e-06
    },
    "spectral_rolloff": {
        "dmean": 581.811218262,
        "dmean2": 904.041992188,
        "dvar": 1492926.625,
        "dvar2": 3054289.75,
        "max": 18690.8203125,
        "mean": 1464.99328613,
        "median": 732.12890625,
        "min": 129.19921875,
        "var": 3471709.25
    },
    "spectral_skewness": {
        "dmean": 0.248872339725,
        "dmean2": 0.382054328918,
        "dvar": 0.0846962854266,
        "dvar2": 0.202117830515,
        "max": 3.77836799622,
        "mean": 1.50989198685,
        "median": 1.36011588573,
        "min": -0.0376565642655,
        "var": 0.275385528803
    },
    "spectral_spread": {
        "dmean": 924640.3125,
        "dmean2": 1201464.5,
        "dvar": 3.44614528614e+12,
        "dvar2": 4.00447504384e+12,
        "max": 40088880,
        "mean": 5216038.5,
        "median": 5087498.5,
        "min": 1594849.75,
        "var": 6.13132166758e+12
    },
    "spectral_strongpeak": {
        "dmean": 0.405108183622,
        "dmean2": 0.670789897442,
        "dvar": 0.293851554394,
        "dvar2": 0.635474383831,
        "max": 4.03862857819,
        "mean": 0.887944042683,
        "median": 0.475433051586,
        "min": 0,
        "var": 0.649118185043
    },
    "zerocrossingrate": {
        "dmean": 0.0150034194812,
        "dmean2": 0.0166741162539,
        "dvar": 0.00058644649107,
        "dvar2": 0.000934226205572,
        "max": 0.50146484375,
        "mean": 0.0682704001665,
        "median": 0.05908203125,
        "min": 0.013671875,
        "var": 0.00232565449551
    },
    "barkbands": {
        "dmean": [1.48396838995e-05, 0.00156808947213, 0.00372764794156, 0.000848000345286, 0.00166481873021, 0.000844719761517, 0.00129723851569, 0.00182043015957, 0.000708787818439, 0.000397077790694, 0.000158299386385, 0.000170113286003, 0.00016716743994, 0.000255290535279, 0.000202508090297, 0.000186359044164, 0.000205793461646, 0.000107196523459, 0.000156805719598, 0.000151479485794, 0.000153810658958, 0.000165813660715, 0.000157381626195, 0.000146519305417, 9.71191111603e-05, 7.78486355557e-05, 4.91367109134e-06],
        "dmean2": [2.47989592026e-05, 0.00279861874878, 0.0068921581842, 0.00147993396968, 0.00275761238299, 0.00140671723057, 0.00197246996686, 0.00252278218977, 0.000996435643174, 0.000615538156126, 0.000255550374277, 0.000261949404376, 0.000250625482295, 0.000389679713408, 0.000328402587911, 0.000288964103675, 0.000333295029122, 0.000164664888871, 0.000247245567152, 0.000214971529203, 0.000215039792238, 0.000225499665248, 0.000214125408093, 0.000201482544071, 0.000139029463753, 0.000112778841867, 7.961943993e-06],
        "dvar": [1.58621615842e-09, 1.82080893865e-05, 0.000145504352986, 3.54305893779e-06, 1.40449992614e-05, 1.81047983006e-06, 4.62700791104e-06, 7.16928525435e-06, 9.84676944427e-07, 6.06367223099e-07, 9.68776063814e-08, 1.50607476712e-07, 9.00793111214e-08, 2.05506481166e-07, 1.22833185401e-07, 1.11879778331e-07, 8.01900057468e-08, 3.71911852426e-08, 7.22710566947e-08, 5.6939256865e-08, 6.96848800885e-08, 7.88136560459e-08, 5.89190207734e-08, 5.85221471283e-08, 2.52718077576e-08, 2.30382433131e-08, 1.20524937253e-10],
        "dvar2": [4.09314138139e-09, 5.40392211406e-05, 0.000416966591729, 9.27163273445e-06, 3.83039368899e-05, 4.6139080041e-06, 1.07288024083e-05, 1.40132397064e-05, 2.08861752071e-06, 1.34248534778e-06, 2.49472378755e-07, 3.22970407751e-07, 2.09759434711e-07, 4.46170275836e-07, 3.06352887947e-07, 2.86347443534e-07, 1.96223012949e-07, 8.57082511629e-08, 1.79056328875e-07, 1.16352509849e-07, 1.40787477676e-07, 1.41496599326e-07, 1.05358267888e-07, 1.18484344114e-07, 4.94996044154e-08, 5.09783966152e-08, 3.08015224437e-10],
        "max": [0.000417704635765, 0.0431269370019, 0.0840106233954, 0.0194724872708, 0.0361496880651, 0.0120692783967, 0.0222983565181, 0.0349706783891, 0.00922126416117, 0.00894994661212, 0.00334601150826, 0.00347949843854, 0.00416013458744, 0.00511502567679, 0.0042497930117, 0.00344683229923, 0.00275651179254, 0.0018516741693, 0.00308451405726, 0.00198445701972, 0.00260374229401, 0.00246242806315, 0.00183582212776, 0.00242294557393, 0.00111558509525, 0.00135849928483, 0.000107481580926],
        "mean": [1.4039751477e-05, 0.00272671296261, 0.00455706659704, 0.00166397495195, 0.00239260168746, 0.00156868982594, 0.00203434354626, 0.00414395099506, 0.00149711291306, 0.000631198112387, 0.000258074433077, 0.000255846942309, 0.000254101498285, 0.000404130842071, 0.000315688579576, 0.00029244000325, 0.000324140273733, 0.000174837608938, 0.000267480645562, 0.000253322854405, 0.000275024649454, 0.000278882042039, 0.000245614472078, 0.000199021305889, 0.000120297729154, 9.02045430848e-05, 4.41817201136e-06],
        "median": [3.33679895448e-06, 0.00170416501351, 0.00219780416228, 0.00147287116852, 0.00146959954873, 0.000880458159372, 0.00098938937299, 0.00262267934158, 0.000774648098741, 0.000227769254707, 0.000124648984638, 0.000100659468444, 0.000120047596283, 0.000146536141983, 0.000138616538607, 0.000139592288178, 0.000184401316801, 7.54278153181e-05, 0.000131534368847, 0.000113396221423, 9.29593952606e-05, 8.92984535312e-05, 8.95782213775e-05, 5.836308992e-05, 2.59779208136e-05, 1.93827672774e-05, 4.14889029798e-07],
        "min": [1.125732043e-23, 2.53583092961e-23, 8.97665649979e-24, 5.68116048594e-24, 3.87051005941e-23, 2.97918054022e-23, 2.49363207766e-23, 4.22140990509e-23, 4.49327693213e-23, 2.66131882034e-23, 3.10920501224e-23, 7.86983984246e-23, 6.82743904231e-23, 1.11723391268e-22, 9.91015158099e-23, 1.13601725881e-22, 1.72065356148e-22, 1.59395379108e-22, 2.57646717432e-22, 2.91478929552e-22, 3.68326351059e-22, 5.4783433848e-22, 6.36982638477e-22, 7.95443463537e-22, 1.01874683747e-21, 1.69128062229e-21, 2.1835793045e-21],
        "var": [1.39323896864e-09, 1.61784864758e-05, 9.14470874704e-05, 3.37325036526e-06, 1.24237558339e-05, 3.47786385646e-06, 8.02179511084e-06, 2.03421786864e-05, 3.15810075335e-06, 1.16990497645e-06, 1.26297237557e-07, 2.1541922024e-07, 1.4389203784e-07, 3.76645033384e-07, 1.80355030466e-07, 1.97787130674e-07, 1.4693216599e-07, 6.36910542084e-08, 1.23804795749e-07, 1.12928368878e-07, 1.60740512456e-07, 1.8013480485e-07, 1.22345483078e-07, 9.70152598256e-08, 3.76287871973e-08, 2.80962932919e-08, 1.09122488823e-10]
    },
    "erbbands": {
        "dmean": [0.0148910032585, 0.506994307041, 3.69546175003, 3.64211511612, 3.70716238022, 6.78065824509, 4.41681337357, 8.70374202728, 13.6506700516, 39.375617981, 22.5783462524, 19.2022838593, 14.4491233826, 6.97619581223, 5.96761703491, 7.34737873077, 7.67160892487, 13.0096826553, 11.7943992615, 7.25656270981, 11.4961614609, 8.76998615265, 6.65669536591, 7.85248756409, 7.07432031631, 7.28925657272, 6.29021644592, 5.79508161545, 6.24881982803, 4.83694648743, 4.68602466583, 3.77961754799, 2.09761404991, 0.837124168873, 0.883186399937, 0.419595867395, 0.139643371105, 0.0189752001315, 0.000521469977684, 2.60035903921e-05],
        "dmean2": [0.0254932586104, 0.912312686443, 6.87033700943, 5.94807052612, 6.30755901337, 11.2313804626, 7.04767799377, 14.4293870926, 20.8372211456, 56.4883460999, 32.1426811218, 26.1490345001, 22.0676193237, 11.3420753479, 9.00884532928, 11.2442026138, 11.5443887711, 19.8201465607, 18.7155532837, 11.0394430161, 17.9435958862, 13.7628211975, 10.2966766357, 12.2965364456, 10.7871074677, 10.2323360443, 8.69742202759, 8.29821681976, 8.49894809723, 6.70414733887, 6.33199071884, 5.10649394989, 3.02490496635, 1.21382844448, 1.28033840656, 0.617920458317, 0.204460978508, 0.0285651497543, 0.000799766450655, 3.64948464266e-05],
        "dvar": [0.000972431851551, 2.04260253906, 142.157928467, 94.443611145, 54.7519950867, 274.348083496, 39.8538169861, 210.73840332, 519.214599609, 3340.55004883, 1353.54296875, 701.926208496, 807.46862793, 238.252990723, 138.073501587, 255.588134766, 172.368606567, 561.487426758, 398.340637207, 146.258026123, 334.487609863, 164.427719116, 126.140777588, 207.916473389, 135.135253906, 133.945037842, 111.426231384, 103.548233032, 113.45009613, 63.0240592957, 52.4740600586, 34.0396881104, 13.7055215836, 2.02471423149, 2.11640000343, 0.649020433426, 0.0741278007627, 0.00156350806355, 1.10681207843e-06, 1.73055136887e-09],
        "dvar2": [0.00248571531847, 6.12553024292, 412.352661133, 246.950592041, 151.348068237, 771.348449707, 87.062538147, 536.106872559, 1240.31652832, 7411.93701172, 2719.67797852, 1375.06774902, 1754.84790039, 599.127319336, 313.64050293, 546.083190918, 394.577972412, 1241.27954102, 1014.14178467, 308.856689453, 814.175964355, 358.457580566, 300.915039062, 500.226318359, 328.647491455, 274.819335938, 225.761444092, 189.579116821, 213.821533203, 116.258796692, 94.8310012817, 66.8094558716, 29.6448020935, 4.32208061218, 3.97937345505, 1.41622769833, 0.16984769702, 0.00366846029647, 2.61146897174e-06, 3.95865162872e-09],
        "max": [0.318977802992, 14.0040826797, 91.1099090576, 89.6400985718, 68.0920028687, 151.277313232, 91.5601043701, 136.872665405, 277.324127197, 641.625854492, 327.659790039, 261.151062012, 351.913665771, 188.52130127, 141.25239563, 156.757202148, 166.247543335, 279.652709961, 257.402648926, 114.813621521, 189.627319336, 153.839157104, 120.221954346, 204.710098267, 111.029151917, 94.3755187988, 92.619644165, 104.804916382, 103.120826721, 67.8729400635, 52.551197052, 47.6090126038, 40.6466522217, 10.9001808167, 10.8948974609, 7.33289194107, 2.58585476875, 0.383824527264, 0.00911284890026, 0.000338347716024],
        "mean": [0.0315194278955, 0.815634131432, 4.48714256287, 6.28458929062, 5.70936775208, 8.74962043762, 8.82914066315, 15.3624858856, 22.1703891754, 79.9937286377, 53.7482566833, 43.1335411072, 26.325466156, 10.2714929581, 10.0755300522, 12.1442708969, 12.1905241013, 21.2029476166, 18.8038635254, 13.3959732056, 18.4682388306, 14.6067018509, 10.9919347763, 13.0831413269, 12.0940542221, 12.1282157898, 11.408952713, 10.5206260681, 10.2778158188, 7.90323257446, 7.25511884689, 5.21691322327, 2.64708065987, 1.0279519558, 1.07762384415, 0.478784233332, 0.156671717763, 0.0212604086846, 0.000563069246709, 4.86432072648e-05],
        "median": [0.0225805528462, 0.497709035873, 2.49375939369, 5.18736982346, 4.37485599518, 4.72182226181, 5.53813695908, 8.13708114624, 13.2876996994, 50.6516647339, 33.2878799438, 23.3141803741, 11.3616142273, 5.06508541107, 4.54013109207, 5.23134708405, 5.91830444336, 8.09687519073, 8.97193622589, 7.39327716827, 10.4496736526, 7.9965429306, 5.38710689545, 6.07327699661, 5.65658998489, 5.38149404526, 3.98317527771, 3.49412608147, 3.44972777367, 2.48495554924, 2.600492239, 1.66454637051, 0.721880435944, 0.238258048892, 0.224874675274, 0.0943006053567, 0.0314142480493, 0.00388547009788, 0.000102621808765, 3.07245027216e-05],
        "min": [1.07074289379e-21, 5.2711454456e-21, 7.69143068149e-21, 3.03773129607e-20, 1.31265175084e-19, 7.17510809742e-20, 2.52345947369e-19, 1.43530402412e-19, 1.41600719289e-19, 9.59037855085e-19, 6.93046968975e-19, 9.54151182219e-19, 3.84368315831e-19, 1.32079526642e-18, 1.55415315358e-18, 3.29999714232e-18, 2.46756372608e-18, 7.14739056757e-18, 2.52404920177e-18, 7.0421111551e-18, 6.36471888941e-18, 1.04516313532e-17, 1.00188463208e-17, 1.19473782143e-17, 1.68467342409e-17, 1.26567707892e-17, 1.01566761176e-17, 1.61754771738e-17, 2.09880057058e-17, 1.8404259086e-17, 1.64836482741e-17, 1.6837744442e-17, 1.26936870328e-17, 1.11559160878e-17, 7.50831759296e-18, 5.14774223449e-18, 3.29256802644e-18, 1.36311320617e-18, 3.02618831374e-19, 2.93880695716e-20],
        "var": [0.00136151490733, 1.61928582191, 88.6139678955, 79.7862930298, 44.8573570251, 225.127471924, 102.531990051, 388.537231445, 750.192504883, 7689.51904297, 3649.31860352, 2493.79638672, 1706.9005127, 244.669189453, 213.788772583, 400.188842773, 288.242462158, 1009.1607666, 570.640197754, 303.176727295, 530.491271973, 305.845916748, 207.11227417, 349.787261963, 257.17074585, 260.961029053, 261.623504639, 244.097732544, 249.089401245, 138.900466919, 107.811065674, 61.2162094116, 19.611907959, 2.88952898979, 3.14566779137, 0.791563689709, 0.0887470692396, 0.00178079202306, 1.21710479561e-06, 2.42512188109e-09]
    },
    "gfcc": {
        "mean": [-1.96193671227, 88.2001190186, -107.270263672, 31.5219726562, -68.6432266235, 5.97891330719, -40.3450126648, 12.2012863159, -15.1263370514, 7.87103462219, -22.8576488495, -6.10964822769, -21.3667526245],
        "cov": [[18910.9511719, -1390.8527832, -599.601745605, 449.713378906, -917.780029297, 591.289245605, -560.652893066, 268.919250488, -490.143280029, 291.464477539, -478.889709473, 197.9793396, -491.414642334], [-1390.8527832, 1929.3293457, -409.901977539, 26.8932437897, 307.327880859, -333.027313232, 184.678131104, -57.6031227112, 304.628326416, -195.390899658, 158.910202026, -283.275817871, 121.128501892], [-599.601745605, -409.901977539, 617.063110352, 98.2700271606, 121.365631104, 130.654205322, -4.38725614548, 52.6594848633, -53.8091392517, 59.3385848999, -52.7401237488, 73.604309082, -54.1161384583], [449.713378906, 26.8932437897, 98.2700271606, 322.126983643, 64.2977828979, 111.618171692, 29.747959137, -14.4756641388, -29.0311164856, -29.8822669983, 5.61450997338e-06, 12.8672189713, -2.42218756676], [-917.780029297, 307.327880859, 121.365631104, 64.2977828979, 238.972366333, 4.12130832672, 94.8971252441, 10.0397872925, 66.0814437866, -35.4760322571, 26.1994380951, -43.0509147644, 9.07869720459], [591.289245605, -333.027313232, 130.654205322, 111.618171692, 4.12130832672, 208.592849731, 19.6560344696, 24.3902606964, -77.3478164673, 20.0248374939, -48.1194114685, 56.2387580872, -41.2121238708], [-560.652893066, 184.678131104, -4.38725614548, 29.747959137, 94.8971252441, 19.6560344696, 121.070602417, 10.9295778275, 45.0224266052, -32.1485900879, 19.6220703125, -34.1694259644, 11.6662778854], [268.919250488, -57.6031227112, 52.6594848633, -14.4756641388, 10.0397872925, 24.3902606964, 10.9295778275, 84.5544281006, 24.5682125092, 26.810218811, -23.0488262177, -6.39246940613, -29.6112613678], [-490.143280029, 304.628326416, -53.8091392517, -29.0311164856, 66.0814437866, -77.3478164673, 45.0224266052, 24.5682125092, 125.149772644, -5.40913200378, 26.9811286926, -71.0797805786, 12.4456272125], [291.464477539, -195.390899658, 59.3385848999, -29.8822669983, -35.4760322571, 20.0248374939, -32.1485900879, 26.810218811, -5.40913200378, 75.4866485596, -7.59144210815, 23.150177002, -31.2467975616], [-478.889709473, 158.910202026, -52.7401237488, 5.61450997338e-06, 26.1994380951, -48.1194114685, 19.6220703125, -23.0488262177, 26.9811286926, -7.59144210815, 76.9873733521, -7.85116481781, 26.6340389252], [197.9793396, -283.275817871, 73.604309082, 12.8672189713, -43.0509147644, 56.2387580872, -34.1694259644, -6.39246940613, -71.0797805786, 23.150177002, -7.85116481781, 102.381523132, -2.23838329315], [-491.414642334, 121.128501892, -54.1161384583, -2.42218756676, 9.07869720459, -41.2121238708, 11.6662778854, -29.6112613678, 12.4456272125, -31.2467975616, 26.6340389252, -2.23838329315, 60.6009674072]],
        "icov": [[0.000157489717822, -0.000215490203118, 0.000338520447258, -0.000342333019944, 0.000303532782709, -0.000205876945984, 0.000431822991231, -0.000480505143059, 0.000485512660816, -0.000493983330671, 0.000633453426417, -0.000230312056374, 0.000851697404869], [-0.000215490203118, 0.00250603212044, 0.000315750279697, -0.000161825082614, -0.00213274173439, 0.00191249884665, -0.000532195263077, 0.000741248892155, -0.00235675205477, 0.00341008254327, -0.00223013036884, 0.00246322667226, -0.00108276470564], [0.000338520447258, 0.000315750279697, 0.00403672875836, -0.00149646343198, -0.00276477076113, 0.000192478299141, 0.00158902001567, -0.00188264704775, 0.00166531628929, -0.00258945627138, 0.00260549271479, -0.00136298581492, 0.00210555456579], [-0.000342333019944, -0.000161825082614, -0.00149646343198, 0.0056059230119, -0.000673766480759, -0.0035720190499, 0.000260326720309, 0.00202595302835, -0.00137864204589, 0.00297985645011, -0.00279482244514, 0.000591284886468, -0.00188346276991], [0.000303532782709, -0.00213274173439, -0.00276477076113, -0.000673766480759, 0.011494141072, -0.0020450016018, -0.00353902997449, -0.000139309035148, -0.00176773802377, 0.000976933748461, -0.000247240648605, -0.00105777010322, 0.00266532134265], [-0.000205876945984, 0.00191249884665, 0.000192478299141, -0.0035720190499, -0.0020450016018, 0.0145246088505, -0.00681890500709, -0.00128127541393, 0.00481442594901, -0.00100573978852, 0.0032770128455, -0.00131994474214, 0.00241122674197], [0.000431822991231, -0.000532195263077, 0.00158902001567, 0.000260326720309, -0.00353902997449, -0.00681890500709, 0.0182881038636, -0.00347620504908, -0.00309322169051, 0.00438476679847, -0.00247549079359, 0.00134795205668, 0.000702401332092], [-0.000480505143059, 0.000741248892155, -0.00188264704775, 0.00202595302835, -0.000139309035148, -0.00128127541393, -0.00347620504908, 0.0209569651634, -0.00890941638499, -0.00151258450933, 0.00245118746534, -0.00071678875247, 0.00302667776123], [0.000485512660816, -0.00235675205477, 0.00166531628929, -0.00137864204589, -0.00176773802377, 0.00481442594901, -0.00309322169051, -0.00890941638499, 0.0262985602021, -0.0110102817416, 0.00181037967559, 0.00738834636286, -0.00174007203896], [-0.000493983330671, 0.00341008254327, -0.00258945627138, 0.00297985645011, 0.000976933748461, -0.00100573978852, 0.00438476679847, -0.00151258450933, -0.0110102817416, 0.0321735218167, -0.0102452514693, -0.00132268958259, 0.00787573680282], [0.000633453426417, -0.00223013036884, 0.00260549271479, -0.00279482244514, -0.000247240648605, 0.0032770128455, -0.00247549079359, 0.00245118746534, 0.00181037967559, -0.0102452514693, 0.024930100888, -0.00603292370215, -0.00108489720151], [-0.000230312056374, 0.00246322667226, -0.00136298581492, 0.000591284886468, -0.00105777010322, -0.00131994474214, 0.00134795205668, -0.00071678875247, 0.00738834636286, -0.00132268958259, -0.00603292370215, 0.0234097559005, -0.00801669433713], [0.000851697404869, -0.00108276470564, 0.00210555456579, -0.00188346276991, 0.00266532134265, 0.00241122674197, 0.000702401332092, 0.00302667776123, -0.00174007203896, 0.00787573680282, -0.00108489720151, -0.00801669433713, 0.0345600880682]]
    },
    "melbands": {
        "dmean": [0.00027083279565, 0.00150690344162, 0.000593164004385, 0.000411524029914, 0.000171488063643, 0.000184999240446, 0.000227832962992, 0.000448988605058, 0.000162851225468, 0.000111549692519, 7.13993722457e-05, 2.82256660284e-05, 1.98060406547e-05, 2.16598618863e-05, 1.59023020387e-05, 1.70886960404e-05, 2.73803671007e-05, 1.93473279069e-05, 1.2356867046e-05, 1.28377096189e-05, 1.44871182783e-05, 1.10774999484e-05, 7.57821135267e-06, 5.02226612298e-06, 7.09250980435e-06, 5.28639475306e-06, 4.93316019856e-06, 5.33154161531e-06, 4.1890839384e-06, 4.05474611398e-06, 3.42541193277e-06, 3.81603877031e-06, 3.24124607687e-06, 2.59317084783e-06, 2.71722387879e-06, 2.87193802251e-06, 2.20254514716e-06, 1.7026156911e-06, 8.40662664814e-07, 6.97256041349e-07],
        "dmean2": [0.000485662021674, 0.00277545209974, 0.000982029014267, 0.000700903241523, 0.000276987062534, 0.000306159810862, 0.000344532018062, 0.000641450285912, 0.000232710153796, 0.000154400768224, 0.000109998567495, 4.66784513264e-05, 3.1374856917e-05, 3.36978082487e-05, 2.45852661465e-05, 2.59733296843e-05, 4.19059433625e-05, 3.06640831695e-05, 1.97667559405e-05, 1.9798770154e-05, 2.31942194659e-05, 1.78815862455e-05, 1.23103973237e-05, 7.87016688264e-06, 1.12394363896e-05, 8.21813864604e-06, 7.70713995735e-06, 7.66153334553e-06, 6.16697525402e-06, 6.08314167039e-06, 5.10336212756e-06, 5.29778208147e-06, 4.6253758228e-06, 3.74470960196e-06, 3.71504506802e-06, 3.98423208026e-06, 3.09285519506e-06, 2.5101483061e-06, 1.28386159304e-06, 1.05853530386e-06],
        "dvar": [4.84301494907e-07, 2.24813957175e-05, 2.33667833527e-06, 1.05265212369e-06, 6.30893381981e-08, 9.27058820821e-08, 1.37233470809e-07, 4.43540301376e-07, 7.25058555417e-08, 2.35178898578e-08, 2.03559888945e-08, 4.2084091767e-09, 1.50752976769e-09, 2.78427192413e-09, 7.40483618866e-10, 1.31200061926e-09, 2.51098541959e-09, 1.00567421057e-09, 4.66649829889e-10, 5.40881117672e-10, 5.191347352e-10, 2.82652318218e-10, 1.33836428051e-10, 9.68331317908e-11, 1.69894293078e-10, 9.11426420447e-11, 6.41615441332e-11, 7.22378892815e-11, 5.09708976415e-11, 5.28197867389e-11, 3.74543000781e-11, 4.4430733398e-11, 3.25635941822e-11, 1.79009012474e-11, 1.72800784098e-11, 2.03303381074e-11, 1.31308453694e-11, 9.24077828146e-12, 2.66861337715e-12, 1.49124018255e-12],
        "dvar2": [1.4092939864e-06, 6.54622999718e-05, 6.17693194727e-06, 2.90571301775e-06, 1.49262092464e-07, 2.32712650927e-07, 3.22260348184e-07, 9.35415471304e-07, 1.44760363696e-07, 4.90691611787e-08, 4.44527650245e-08, 1.05624886615e-08, 3.74188902086e-09, 6.03425887036e-09, 1.76749015424e-09, 3.08061265386e-09, 5.55716095363e-09, 2.51564236109e-09, 1.06814956879e-09, 1.41416467425e-09, 1.29299115859e-09, 6.8503780426e-10, 3.04093916714e-10, 2.36758529448e-10, 4.18520690326e-10, 2.37828090555e-10, 1.47710052523e-10, 1.48902917774e-10, 1.10678029241e-10, 1.13800406598e-10, 7.03606686803e-11, 8.83206077718e-11, 6.70720562423e-11, 3.41525627223e-11, 3.24144842911e-11, 4.07873457231e-11, 2.6994030275e-11, 2.04681081112e-11, 6.21967711709e-12, 3.27668014249e-12],
        "max": [0.00697877909988, 0.0383910313249, 0.013540700078, 0.00983676128089, 0.00300443707965, 0.00273334770463, 0.00442797876894, 0.0080881472677, 0.00248877960257, 0.00150683568791, 0.00175060681067, 0.000808491138741, 0.000425880571129, 0.000540752080269, 0.000249799806625, 0.00056928320555, 0.00059995619813, 0.000383530947147, 0.000204745520023, 0.000321133818943, 0.000210365920793, 0.000214680461795, 0.000116077717394, 0.000114602713438, 0.00018367030134, 0.000103569356725, 6.43987877993e-05, 6.76312192809e-05, 5.85306952416e-05, 7.43260534364e-05, 5.92661854171e-05, 6.49000503472e-05, 4.9884452892e-05, 4.09056810895e-05, 3.06228830596e-05, 3.03333963529e-05, 3.35248187184e-05, 2.98981340165e-05, 1.7973847207e-05, 9.49742934608e-06],
        "mean": [0.000518791610375, 0.00199352530763, 0.00107055809349, 0.000529410724994, 0.000338790181559, 0.000329392176354, 0.000363464525435, 0.000949295645114, 0.000395636860048, 0.000242652953602, 0.000121840261272, 3.81727040804e-05, 3.18655256706e-05, 3.33780990331e-05, 2.60287852143e-05, 2.48089290835e-05, 4.34055982623e-05, 2.97565038636e-05, 2.02311603061e-05, 2.1283975002e-05, 2.24120994972e-05, 1.69762824953e-05, 1.15272068797e-05, 8.3079248725e-06, 1.11165336421e-05, 8.41805194796e-06, 8.13193219074e-06, 8.19317392597e-06, 7.06924811311e-06, 6.81368555888e-06, 5.82596067034e-06, 6.04653678238e-06, 4.97330029248e-06, 4.07798825108e-06, 4.14014493799e-06, 4.01947590944e-06, 2.89160493594e-06, 2.06280424209e-06, 1.01836553767e-06, 8.06423599897e-07],
        "median": [0.000353014213033, 0.0012304574484, 0.000866123882588, 0.00031034820131, 0.000219266104978, 0.00018059379363, 0.000194396008737, 0.000590067706071, 0.000228761680773, 0.000133395995363, 4.66233250336e-05, 1.76288067451e-05, 1.49734651131e-05, 1.39896583278e-05, 1.19291107694e-05, 1.12684292617e-05, 1.53273467731e-05, 1.46332085933e-05, 9.66489278653e-06, 9.55183259066e-06, 1.14985550681e-05, 8.64721459948e-06, 5.8390301092e-06, 3.42686871591e-06, 5.3400822253e-06, 3.30178841068e-06, 3.90883315049e-06, 3.32828130922e-06, 2.63031733994e-06, 2.06925687962e-06, 1.8975807734e-06, 1.8668768007e-06, 1.56992496159e-06, 1.33043033657e-06, 1.49584593601e-06, 1.38442521802e-06, 8.7816931682e-07, 5.35995184237e-07, 2.40620039449e-07, 1.58989166721e-07],
        "min": [8.60465020727e-24, 5.48699775691e-24, 7.53613574457e-24, 8.24878479773e-24, 7.19297493991e-24, 3.80521493788e-24, 2.66604575377e-24, 1.1180325239e-23, 5.59361388597e-24, 5.10096670079e-24, 1.6918760971e-24, 5.19103450021e-24, 5.30220038455e-24, 5.57369948685e-24, 6.72620830887e-24, 7.1736707247e-24, 1.37188275672e-23, 2.58834137688e-24, 8.66548242712e-24, 8.53525095799e-24, 6.73298777949e-24, 9.74375667694e-24, 8.905921709e-24, 9.74801415924e-24, 9.46621963326e-24, 1.04791951328e-23, 1.13590850645e-23, 6.93438870176e-24, 6.42597337037e-24, 6.70978659141e-24, 9.25654987099e-24, 1.24599089033e-23, 9.34804274764e-24, 1.11965505301e-23, 9.09641584039e-24, 1.0754177056e-23, 9.13990100893e-24, 8.19628058246e-24, 9.53065615859e-24, 8.86957099849e-24],
        "var": [4.71855571504e-07, 1.45718631757e-05, 1.92770812646e-06, 8.10939297935e-07, 1.3575871094e-07, 1.65083221759e-07, 2.27818688359e-07, 1.12036047994e-06, 2.04493318279e-07, 7.69726327121e-08, 4.1441303722e-08, 4.13162748458e-09, 2.02898853274e-09, 3.70961839025e-09, 1.26753163521e-09, 1.80612558243e-09, 4.62764004894e-09, 1.41594080905e-09, 7.49798112487e-10, 1.13916709399e-09, 7.71303743097e-10, 4.65859295584e-10, 2.26047833229e-10, 1.48199313932e-10, 2.71184463774e-10, 1.54504783967e-10, 1.10041156742e-10, 1.32696270638e-10, 1.02969577309e-10, 1.10595935188e-10, 8.17938772268e-11, 9.4215073243e-11, 6.0349995834e-11, 3.73432083867e-11, 3.5724489339e-11, 3.53206595916e-11, 2.11138433126e-11, 1.24889794687e-11, 3.54268849499e-12, 1.92595548884e-12]
    },
    "mfcc": {
