{
"metadata": {
    "version": {
        "essentia": "2.0.1",
        "extractor": "archive-music 1.0"
    },
    "audio_properties": {
        "analysis_sample_rate": 44100,
        "bitrate": 128,
        "channels": 2,
        "equal_loudness": 0,
        "length": 15.6473464966,
        "replay_gain": -10.169878006,
        "downmix": "mix"
    },
    "tags": {
        "track": 1,
        "year": 0,
        "album": "Smile",
        "artist": "BFJazz",
        "comment": "",
        "genre": "Other",
        "title": "Smile"
    }
},
"highlevel": {
    "culture": {
        "all": {
            "non_western": 0.0235385913402,
            "western": 0.976461410522
        },
        "probability": 0.976461410522,
        "value": "western"
    },
    "danceability": {
        "all": {
            "danceable": 0.210818678141,
            "not_danceable": 0.789181351662
        },
        "probability": 0.789181351662,
        "value": "not_danceable"
    },
    "gender": {
        "all": {
            "female": 0.946206331253,
            "male": 0.0537936575711
        },
        "probability": 0.946206331253,
        "value": "female"
    },
    "genre_dortmund": {
        "all": {
            "alternative": 0.0288197491318,
            "blues": 0.00953555759043,
            "electronic": 0.00657297577709,
            "folkcountry": 0.0584225580096,
            "funksoulrnb": 0.0316735096276,
            "jazz": 0.730212807655,
            "pop": 0.0916821435094,
            "raphiphop": 0.00262374104932,
            "rock": 0.0404569394886
        },
        "probability": 0.730212807655,
        "value": "jazz"
    },
    "genre_electronic": {
        "all": {
            "ambient": 0.941644191742,
            "dnb": 0.0193493347615,
            "house": 0.0289150476456,
            "techno": 0.00554628483951,
            "trance": 0.00454511865973
        },
        "probability": 0.941644191742,
        "value": "ambient"
    },
    "genre_rosamerica": {
        "all": {
            "cla": 0.027151318267,
            "dan": 0.0135414786637,
            "hip": 0.0288905836642,
            "jaz": 0.122017197311,
            "pop": 0.262915313244,
            "rhy": 0.419365525246,
            "roc": 0.0918526276946,
            "spe": 0.0342659428716
        },
        "probability": 0.419365525246,
        "value": "rhy"
    },
    "genre_tzanetakis": {
        "all": {
            "blu": 0.0151216099039,
            "cla": 0.0069184708409,
            "cou": 0.0381636507809,
            "dis": 0.0170340575278,
            "hip": 0.0628546997905,
            "jaz": 0.0550297275186,
            "met": 0.00486584799364,
            "pop": 0.421837121248,
            "reg": 0.142773121595,
            "roc": 0.235401675105
        },
        "probability": 0.421837121248,
        "value": "pop"
    },
    "mirex_ballroom": {
        "all": {
            "ChaChaCha": 0.0197479370981,
            "Jive": 0.0188923031092,
            "Quickstep": 0.088934019208,
            "Rumba-American": 0.00797740649432,
            "Rumba-International": 0.596081733704,
            "Rumba-Misc": 0.0705030560493,
            "Samba": 0.0264280959964,
            "Tango": 0.00674767419696,
            "VienneseWaltz": 0.0912065953016,
            "Waltz": 0.0734811574221
        },
        "probability": 0.596081733704,
        "value": "Rumba-International"
    },
    "mood_acoustic": {
        "all": {
            "acoustic": 0.917408287525,
            "not_acoustic": 0.082591727376
        },
        "probability": 0.917408287525,
        "value": "acoustic"
    },
    "mood_aggressive": {
        "all": {
            "aggressive": 0.0218256600201,
            "not_aggressive": 0.978174328804
        },
        "probability": 0.978174328804,
        "value": "not_aggressive"
    },
    "mood_electronic": {
        "all": {
            "electronic": 0.0930881798267,
            "not_electronic": 0.906911849976
        },
        "probability": 0.906911849976,
        "value": "not_electronic"
    },
    "mood_happy": {
        "all": {
            "happy": 0.272745043039,
            "not_happy": 0.727254986763
        },
        "probability": 0.727254986763,
        "value": "not_happy"
    },
    "mood_party": {
        "all": {
            "not_party": 0.954848349094,
            "party": 0.0451516732574
        },
        "probability": 0.954848349094,
        "value": "not_party"
    },
    "mood_relaxed": {
        "all": {
            "not_relaxed": 0.215134158731,
            "relaxed": 0.784865856171
        },
        "probability": 0.784865856171,
        "value": "relaxed"
    },
    "mood_sad": {
        "all": {
            "not_sad": 0.129863455892,
            "sad": 0.87013655901
        },
        "probability": 0.87013655901,
        "value": "sad"
    },
    "moods_mirex": {
        "all": {
            "Cluster1": 0.0515410117805,
            "Cluster2": 0.791741132736,
            "Cluster3": 0.0861514285207,
            "Cluster4": 0.0611777938902,
            "Cluster5": 0.00938866101205
        },
        "probability": 0.791741132736,
        "value": "Cluster2"
    },
    "timbre": {
        "all": {
            "bright": 0.990262448788,
            "dark": 0.00973758101463
        },
        "probability": 0.990262448788,
        "value": "bright"
    },
    "tonal_atonal": {
        "all": {
            "atonal": 0.215064570308,
            "tonal": 0.784935414791
        },
        "probability": 0.784935414791,
        "value": "tonal"
    },
    "voice_instrumental": {
        "all": {
            "instrumental": 0.995937347412,
            "voice": 0.00406263675541
        },
        "probability": 0.995937347412,
        "value": "instrumental"
    }
},
"lowlevel": {
    "average_loudness": 0.974421024323,
    "barkbands_kurtosis": {
        "dmean": 5.85398197174,
        "dmean2": 8.72864437103,
        "dvar": 65.5467681885,
        "dvar2": 118.969032288,
        "max": 123.713386536,
        "mean": 11.230424881,
        "median": 7.45529747009,
        "min": -1.67436254025,
        "var": 186.520568848
    },
    "barkbands_skewness": {
        "dmean": 0.765799045563,
        "dmean2": 1.129124403,
        "dvar": 0.59791880846,
        "dvar2": 1.31527554989,
        "max": 8.65778827667,
        "mean": 2.25232791901,
        "median": 2.18885779381,
        "min": -1.84990596771,
        "var": 1.84341013432
    },
    "barkbands_spread": {
        "dmean": 4.09737873077,
        "dmean2": 6.17684555054,
        "dvar": 30.7860488892,
        "dvar2": 65.2560577393,
        "max": 81.7669906616,
        "mean": 10.8782997131,
        "median": 8.52182674408,
        "min": 1.09554076195,
        "var": 82.1356048584
    },
    "dissonance": {
        "dmean": 0.034513540566,
        "dmean2": 0.0554866008461,
        "dvar": 0.000959105615038,
        "dvar2": 0.00250886776485,
        "max": 0.499998360872,
        "mean": 0.426602751017,
        "median": 0.433342844248,
        "min": 0.269849121571,
        "var": 0.00192903215066
    },
    "dynamic_complexity": 3.39266705513,
    "erbbands_kurtosis": {
        "dmean": 2.09653186798,
        "dmean2": 3.19137239456,
        "dvar": 6.82670640945,
        "dvar2": 17.1722164154,
        "max": 30.556854248,
        "mean": 2.67290234566,
        "median": 1.64273738861,
        "min": -1.75170898438,
        "var": 12.3878316879
    },
    "erbbands_skewness": {
        "dmean": 0.479768514633,
        "dmean2": 0.688989698887,
        "dvar": 0.20789848268,
        "dvar2": 0.455959051847,
        "max": 4.41722631454,
        "mean": 1.24634087086,
        "median": 1.23846924305,
        "min": -1.32219231129,
        "var": 0.695894122124
    },
    "erbbands_spread": {
        "dmean": 10.5587396622,
        "dmean2": 15.2102918625,
        "dvar": 160.260040283,
        "dvar2": 299.099609375,
        "max": 157.251052856,
        "mean": 30.47631073,
        "median": 24.8928337097,
        "min": 5.34032487869,
        "var": 375.061218262
    },
    "hfc": {
        "dmean": 6.29040193558,
        "dmean2": 8.84258651733,
        "dvar": 82.7179031372,
        "dvar2": 184.115707397,
        "max": 85.3576583862,
        "mean": 14.138874054,
        "median": 12.2338447571,
        "min": 1.11078736033e-16,
        "var": 150.152923584
    },
    "melbands_kurtosis": {
        "dmean": 12.1736745834,
        "dmean2": 18.1478614807,
        "dvar": 482.742431641,
        "dvar2": 1080.22973633,
        "max": 309.363189697,
        "mean": 20.9111061096,
        "median": 12.8284301758,
        "min": -1.35252082348,
        "var": 944.09564209
    },
    "melbands_skewness": {
        "dmean": 0.975021064281,
        "dmean2": 1.43273699284,
        "dvar": 1.21548330784,
        "dvar2": 2.6910302639,
        "max": 14.1999359131,
        "mean": 2.76463150978,
        "median": 2.4590446949,
        "min": -0.722736179829,
        "var": 2.96935629845
    },
    "melbands_spread": {
        "dmean": 4.03365755081,
        "dmean2": 5.72837591171,
        "dvar": 47.1895980835,
        "dvar2": 71.030090332,
        "max": 132.098815918,
        "mean": 11.2365274429,
        "median": 8.27031326294,
        "min": 0.776764392853,
        "var": 189.20022583
    },
    "pitch_salience": {
        "dmean": 0.0748128592968,
        "dmean2": 0.120803140104,
        "dvar": 0.00455936510116,
        "dvar2": 0.0109978523105,
        "max": 0.916318416595,
        "mean": 0.520073771477,
        "median": 0.515186369419,
        "min": 0.198586463928,
        "var": 0.0104431807995
    },
    "silence_rate_20dB": {
        "dmean": 0,
        "dmean2": 0,
        "dvar": 0,
        "dvar2": 0,
        "max": 1,
        "mean": 1,
        "median": 1,
        "min": 1,
        "var": 0
    },
    "silence_rate_30dB": {
        "dmean": 0.026706231758,
        "dmean2": 0.0534918271005,
        "dvar": 0.0259930863976,
        "dvar2": 0.0625172406435,
        "max": 1,
        "mean": 0.979259252548,
        "median": 1,
        "min": 0,
        "var": 0.0203105192631
    },
    "silence_rate_60dB": {
        "dmean": 0.0356083102524,
        "dmean2": 0.0713224336505,
        "dvar": 0.0343406163156,
        "dvar2": 0.0751500576735,
        "max": 1,
        "mean": 0.0859259292483,
        "median": 0,
        "min": 0,
        "var": 0.0785425379872
    },
    "spectral_centroid": {
        "dmean": 184.447799683,
        "dmean2": 249.55305481,
        "dvar": 218620.8125,
        "dvar2": 199636.65625,
        "max": 11344.0302734,
        "mean": 701.783874512,
        "median": 550.554321289,
        "min": 168.346603394,
        "var": 552753.4375
    },
    "spectral_complexity": {
        "dmean": 2.79525232315,
        "dmean2": 4.24071311951,
        "dvar": 13.39727211,
        "dvar2": 26.1440544128,
        "max": 36,
        "mean": 10.3866662979,
        "median": 10,
        "min": 0,
        "var": 32.7141838074
    },
    "spectral_crest": {
        "dmean": 2.35462737083,
        "dmean2": 3.65912413597,
        "dvar": 5.04353046417,
        "dvar2": 12.1840524673,
        "max": 24.3111209869,
        "mean": 9.94033050537,
        "median": 9.15075588226,
        "min": 3.18191313744,
        "var": 11.4312314987
    },
    "spectral_decrease": {
        "dmean": 4.03962374662e-09,
        "dmean2": 6.29053076295e-09,
        "dvar": 3.45563038875e-17,
        "dvar2": 8.25568735324e-17,
        "max": -9.69201223632e-30,
        "mean": -9.95975213414e-09,
        "median": -9.42640276946e-09,
        "min": -5.69866998035e-08,
        "var": 5.98133506844e-17
    },
    "spectral_energy": {
        "dmean": 0.0157482214272,
        "dmean2": 0.0244136210531,
        "dvar": 0.000517994980328,
        "dvar2": 0.00123628927395,
        "max": 0.218345463276,
        "mean": 0.038872834295,
        "median": 0.0370341837406,
        "min": 1.02850966896e-20,
        "var": 0.000901218270883
    },
    "spectral_energyband_high": {
        "dmean": 0.000302176631521,
        "dmean2": 0.000425645062933,
        "dvar": 2.97549860306e-07,
        "dvar2": 6.07520860285e-07,
        "max": 0.00589430518448,
        "mean": 0.000349635665771,
        "median": 8.65014953888e-05,
        "min": 7.52922411766e-21,
        "var": 4.43659786242e-07
    },
    "spectral_energyband_low": {
        "dmean": 0.00969305075705,
        "dmean2": 0.0156130921096,
        "dvar": 0.000303822394926,
        "dvar2": 0.000732418091502,
        "max": 0.1845831424,
        "mean": 0.0177700277418,
        "median": 0.0127130616456,
        "min": 2.68404306312e-23,
        "var": 0.000415961199906
    },
    "spectral_energyband_middle_high": {
        "dmean": 0.00124273065012,
        "dmean2": 0.00181640149094,
        "dvar": 4.87834040541e-06,
        "dvar2": 1.0695117453e-05,
        "max": 0.0214395020157,
        "mean": 0.00229080370627,
        "median": 0.00104541005567,
        "min": 1.36035375023e-21,
        "var": 1.09289721877e-05
    },
    "spectral_energyband_middle_low": {
        "dmean": 0.00802721641958,
        "dmean2": 0.0124007202685,
        "dvar": 0.000169861436007,
        "dvar2": 0.000431624415796,
        "max": 0.11809925735,
        "mean": 0.0204277168959,
        "median": 0.0197030715644,
        "min": 4.17015351e-22,
        "var": 0.000273053854471
    },
    "spectral_flatness_db": {
        "dmean": 0.0312466658652,
        "dmean2": 0.042149875313,
        "dvar": 0.000811372534372,
        "dvar2": 0.00147491088137,
        "max": 0.388091951609,
        "mean": 0.199510008097,
        "median": 0.197258621454,
        "min": 0.047478120774,
        "var": 0.0041785496287
    },
    "spectral_flux": {
        "dmean": 0.0411388278008,
        "dmean2": 0.0653428584337,
        "dvar": 0.00226833112538,
        "dvar2": 0.00509749166667,
        "max": 0.438600122929,
        "mean": 0.0857778862119,
        "median": 0.0699724927545,
        "min": 1.03597401491e-10,
        "var": 0.00381653476506
    },
    "spectral_kurtosis": {
        "dmean": 3.7070889473,
        "dmean2": 5.62456274033,
        "dvar": 17.1671199799,
        "dvar2": 39.8529777527,
        "max": 48.7610435486,
        "mean": 7.73689651489,
        "median": 6.07342910767,
        "min": -1.17672836781,
        "var": 42.3713874817
    },
    "spectral_rms": {
        "dmean": 0.00120708253235,
        "dmean2": 0.00180619303137,
        "dvar": 2.17899287236e-06,
        "dvar2": 4.67555355499e-06,
        "max": 0.0145952031016,
        "mean": 0.00558671914041,
        "median": 0.00601089932024,
        "min": 3.16768703282e-12,
        "var": 6.71327643431e-06
    },
    "spectral_rolloff": {
        "dmean": 272.966430664,
        "dmean2": 448.485229492,
        "dvar": 1175466.75,
        "dvar2": 2208569.25,
        "max": 18992.2851562,
        "mean": 774.014831543,
        "median": 409.130859375,
        "min": 107.666015625,
        "var": 2864436.75
    },
    "spectral_skewness": {
        "dmean": 0.435444533825,
        "dmean2": 0.637656271458,
        "dvar": 0.166566878557,
        "dvar2": 0.35623562336,
        "max": 5.55555820465,
        "mean": 2.12580394745,
        "median": 2.03112149239,
        "min": -0.0454915650189,
        "var": 0.547206640244
    },
    "spectral_spread": {
        "dmean": 1165078.5,
        "dmean2": 1449133.875,
        "dvar": 4.07983829811e+12,
        "dvar2": 4.93527236608e+12,
        "max": 40054264,
        "mean": 4679118.5,
        "median": 4096135.75,
        "min": 1464083,
        "var": 7.74405357568e+12
    },
    "spectral_strongpeak": {
        "dmean": 0.555279672146,
        "dmean2": 0.950107693672,
        "dvar": 0.467761397362,
        "dvar2": 1.1724973917,
        "max": 5.53949260712,
        "mean": 0.935911357403,
        "median": 0.57262134552,
        "min": 0,
        "var": 0.800067484379
    },
    "zerocrossingrate": {
        "dmean": 0.0105755636469,
        "dmean2": 0.0130421156064,
        "dvar": 0.000570353469811,
        "dvar2": 0.0009588067187,
        "max": 0.50244140625,
        "mean": 0.0407277196646,
        "median": 0.03125,
        "min": 0.00634765625,
        "var": 0.00212015584111
    },
    "barkbands": {
        "dmean": [0.000289506162517, 0.00566431833431, 0.0041471212171, 0.00195548031479, 0.0025803623721, 0.00300578097813, 0.00138887576759, 0.000729649153072, 0.00106880848762, 0.000887033645995, 0.000254602287896, 7.43078271626e-05, 0.000143919387483, 0.000117428469821, 0.000176748173544, 6.39604841126e-05, 6.68354186928e-05, 5.95428064116e-05, 3.37035344273e-05, 5.05384305143e-05, 7.22082113498e-05, 4.64264849143e-05, 5.01432041347e-05, 4.07277693739e-05, 3.86272695323e-05, 4.21694421675e-05, 3.86636475014e-06],
        "dmean2": [0.0004815919674, 0.00919293891639, 0.00680208997801, 0.00327337998897, 0.00427487073466, 0.00441149156541, 0.00198333407752, 0.00107897736598, 0.00151419139002, 0.00125938223209, 0.000360783917131, 0.000113607507956, 0.000220189496758, 0.000166918558534, 0.000265133974608, 0.000102783567854, 0.000105667408207, 9.22542603803e-05, 5.34291320946e-05, 8.06522803032e-05, 0.000115099057439, 6.53911847621e-05, 7.2407136031e-05, 5.83085275139e-05, 5.47910931346e-05, 6.38985511614e-05, 6.60405976305e-06],
        "dvar": [2.35709748608e-07, 0.000146083344589, 4.39387440565e-05, 1.64366028912e-05, 2.28095013881e-05, 1.96555301955e-05, 8.99324550119e-06, 3.71566511603e-06, 5.50658432985e-06, 3.88975558963e-06, 1.0124505252e-06, 2.60452779344e-08, 9.69942988149e-08, 3.83151572692e-08, 8.15482010808e-08, 1.43775888972e-08, 2.08054355966e-08, 1.39121576481e-08, 4.24234514185e-09, 1.21941461373e-08, 2.24646026226e-08, 7.59461382671e-09, 1.04057660266e-08, 6.47002851295e-09, 7.17536918771e-09, 1.48446641646e-08, 2.16247922347e-10],
        "dvar2": [6.06151672855e-07, 0.000371396017727, 0.000106984349259, 4.53652173746e-05, 5.91094358242e-05, 4.67426798423e-05, 2.15150630538e-05, 7.75112221163e-06, 1.18766320156e-05, 8.07511059975e-06, 1.74950116616e-06, 6.23314662107e-08, 2.28416894288e-07, 7.52167608198e-08, 1.84951531423e-07, 3.65801895441e-08, 5.33257029645e-08, 3.71404027533e-08, 9.90933468614e-09, 2.96958830859e-08, 5.45530234319e-08, 1.55889452458e-08, 2.34231016805e-08, 1.30013875221e-08, 1.46769485454e-08, 3.49074085193e-08, 5.83000370202e-10],
        "max": [0.00468363007531, 0.147844046354, 0.0559136644006, 0.0441080741584, 0.0423715785146, 0.0378552749753, 0.0280700214207, 0.022928930819, 0.0203080493957, 0.016716234386, 0.0193517431617, 0.00151739898138, 0.00230275047943, 0.00201228074729, 0.00270877056755, 0.00127229385544, 0.00144675106276, 0.00144916132558, 0.000644182960968, 0.00146226224024, 0.00121203344315, 0.000871368218213, 0.00100269564427, 0.000783354742453, 0.00102216983214, 0.00206624669954, 0.00025231676409],
        "mean": [0.000423136341851, 0.00841078720987, 0.00721511850134, 0.00341356033459, 0.00442982511595, 0.00707751046866, 0.00275492016226, 0.000926040520426, 0.00129202881362, 0.00117200613022, 0.000357631855877, 9.21410464798e-05, 0.00019680224068, 0.000159190109116, 0.000291157921311, 8.16778920125e-05, 8.72627861099e-05, 7.52594060032e-05, 4.21062031819e-05, 5.78863437113e-05, 8.85305562406e-05, 5.12065162184e-05, 5.1476596127e-05, 4.44283687102e-05, 4.05464197684e-05, 3.76062525902e-05, 3.03561250803e-06],
        "median": [0.000211581747863, 0.00506540900096, 0.00516200298443, 0.00226807314903, 0.00276138540357, 0.00374792562798, 0.000588842609432, 0.000119913253002, 0.000279811385553, 0.000188184159924, 3.62816026609e-05, 3.28298883687e-05, 4.41317970399e-05, 4.49530416518e-05, 0.000157094342285, 3.88098451367e-05, 3.25539731421e-05, 2.35471343331e-05, 1.85408025573e-05, 1.93714986381e-05, 2.98167669825e-05, 1.21231096273e-05, 7.50994786358e-06, 6.89521948516e-06, 5.81870426686e-06, 2.84908651338e-06, 1.61987145475e-07],
        "min": [1.14433693302e-23, 1.49522131702e-23, 3.98283407044e-24, 7.11412119268e-24, 3.70967804469e-23, 7.27500211678e-23, 3.82805829866e-23, 4.27495115691e-23, 7.83986439024e-23, 7.07866473489e-23, 3.97576934772e-23, 3.30134249867e-23, 1.02774426941e-22, 6.78970877184e-23, 1.24562285516e-22, 1.11600859081e-22, 1.62443310454e-22, 2.24174478321e-22, 2.03867835469e-22, 3.48586122959e-22, 4.2427771809e-22, 3.69684832647e-22, 5.69851509454e-22, 8.63231631652e-22, 1.11274502907e-21, 1.53915542315e-21, 2.26819770013e-21],
        "var": [3.26915653659e-07, 0.000154405119247, 6.56590636936e-05, 1.80175520654e-05, 3.31301853294e-05, 6.01902211201e-05, 2.19677440327e-05, 5.9216840782e-06, 7.88759462012e-06, 6.47879596727e-06, 2.09718564292e-06, 3.16557482449e-08, 1.57513127874e-07, 7.7944378063e-08, 1.45230018234e-07, 1.72166707557e-08, 2.6660973873e-08, 1.90396498567e-08, 5.2612070256e-09, 1.35315012528e-08, 2.69805600084e-08, 1.14828706543e-08, 1.35702116211e-08, 9.66604218888e-09, 9.44901135114e-09, 1.43992382462e-08, 1.5980540502e-10]
    },
    "erbbands": {
        "dmean": [0.147242680192, 1.36870729923, 4.4045791626, 5.8716135025, 6.94632959366, 8.83496761322, 19.3819541931, 24.068523407, 25.2905845642, 15.4747657776, 17.9089450836, 19.839756012, 34.5942268372, 18.8051738739, 8.45987510681, 3.38059139252, 6.13481903076, 6.93419742584, 4.89344978333, 9.94847011566, 3.78277635574, 2.80895614624, 3.01514792442, 2.16727828979, 1.64035356045, 2.26131820679, 2.94877910614, 2.82160782814, 1.74170100689, 1.50684022903, 1.35410881042, 0.879009306431, 0.705936074257, 0.468820989132, 0.2596167624, 0.165557995439, 0.077907577157, 0.0162561014295, 0.0004511634761, 2.6851781513e-05],
        "dmean2": [0.238287121058, 2.25788998604, 7.2363409996, 9.47876548767, 11.6591720581, 14.5994005203, 29.796125412, 35.1695823669, 36.641582489, 22.2354850769, 25.3221435547, 27.8445911407, 47.9347076416, 27.1359634399, 11.9859809875, 4.99656248093, 9.22788047791, 10.0393381119, 7.43025398254, 14.9550580978, 5.91531896591, 4.4024477005, 4.6963300705, 3.37133383751, 2.60883021355, 3.66379141808, 4.69411420822, 4.33391666412, 2.49887681007, 2.10091876984, 1.99807608128, 1.25380849838, 1.03952050209, 0.682584345341, 0.375135958195, 0.246671810746, 0.118455670774, 0.025589466095, 0.000733484106604, 4.06681610912e-05],
        "dvar": [0.105707556009, 8.29160499573, 50.7610855103, 106.987548828, 252.396865845, 269.335418701, 1281.01428223, 1709.45617676, 2714.48657227, 1557.70117188, 2485.97119141, 1860.64855957, 4738.97998047, 3085.12915039, 921.553710938, 38.5258636475, 174.949295044, 162.10144043, 61.4496650696, 418.341278076, 49.2034568787, 31.37342453, 28.8788394928, 12.9769506454, 11.5229959488, 20.4774570465, 42.1853065491, 37.4018783569, 10.4851865768, 9.266705513, 7.40961360931, 3.21762537956, 2.24049067497, 1.15394532681, 0.326720625162, 0.174822434783, 0.0477935224771, 0.00367171363905, 4.34999765275e-06, 2.63582733417e-09],
        "dvar2": [0.267685651779, 21.292963028, 124.561058044, 285.912597656, 696.679931641, 687.693237305, 2478.98388672, 3972.28564453, 6849.93457031, 2752.10424805, 5108.49658203, 3913.93945312, 9936.72167969, 6822.20068359, 1572.93225098, 82.3621749878, 393.687225342, 338.245605469, 142.942672729, 975.749328613, 126.338096619, 81.6216125488, 79.1678848267, 33.0995559692, 27.9427566528, 51.2128295898, 98.6099243164, 94.1771240234, 22.4258365631, 19.1345920563, 16.6954650879, 6.79270887375, 4.76014709473, 2.55815887451, 0.621067464352, 0.381623536348, 0.11266297102, 0.00953179225326, 1.18734014904e-05, 6.64845956067e-09],
        "max": [3.687032938, 33.7282409668, 59.4544792175, 96.2724380493, 149.016708374, 211.981628418, 502.76171875, 413.05871582, 543.163513184, 703.905700684, 596.406921387, 476.507232666, 492.748168945, 634.822387695, 567.621887207, 57.4312934875, 115.984283447, 135.151321411, 68.748588562, 208.424743652, 74.6960983276, 57.9136161804, 57.8740882874, 31.5020389557, 31.7045688629, 56.1500015259, 57.7160110474, 58.918586731, 31.4603767395, 32.6490478516, 24.3230247498, 15.4611873627, 15.0476121902, 13.2485923767, 6.3432559967, 7.04245424271, 3.27306270599, 1.09140193462, 0.0394218154252, 0.000865389592946],
        "mean": [0.219066053629, 2.0198829174, 7.26102876663, 10.8789567947, 11.2978200912, 13.8832206726, 36.5429382324, 58.7463378906, 53.5641326904, 30.0067138672, 22.9945812225, 25.0450000763, 42.6432647705, 27.980014801, 12.5352458954, 4.82415676117, 8.66229820251, 9.64911270142, 8.909324646, 14.3340015411, 5.34273958206, 3.96183800697, 4.11204385757, 2.98198628426, 2.12219905853, 2.66036176682, 3.79114413261, 3.1004178524, 1.92444837093, 1.65986168385, 1.37708055973, 0.964792847633, 0.74065721035, 0.488485693932, 0.272071331739, 0.15445458889, 0.0690170451999, 0.0137155260891, 0.000379019213142, 5.27959382453e-05],
        "median": [0.129811748862, 1.08666205406, 5.20653104782, 8.25734710693, 8.22332572937, 8.12738895416, 12.2089853287, 23.8581542969, 17.2581367493, 6.59020042419, 3.91984462738, 6.87842226028, 9.98220157623, 5.26593828201, 2.18141627312, 1.78625285625, 2.08395218849, 3.33489608765, 3.70364356041, 5.40510702133, 2.77895450592, 1.79495918751, 1.58307468891, 1.11196553707, 1.00684762001, 0.909833729267, 1.28360700607, 0.815636456013, 0.464417397976, 0.280569165945, 0.211964324117, 0.145641162992, 0.111369781196, 0.0731866955757, 0.0331678017974, 0.0149267781526, 0.00484665296972, 0.000939883233514, 4.25817088399e-05, 4.56398520328e-05],
        "min": [2.90554106892e-22, 3.72784493073e-21, 5.72951498046e-21, 2.03129030502e-20, 3.09909258789e-20, 2.0801446906e-19, 2.60408580198e-19, 4.84185311872e-19, 5.05218395199e-19, 7.10024592554e-19, 1.23875218454e-18, 1.62032822297e-18, 2.28436410671e-18, 1.95068275633e-18, 1.56179475148e-18, 1.63934800039e-18, 3.99533323024e-18, 3.18343188437e-18, 4.40802563196e-18, 7.6956657299e-18, 5.67791620348e-18, 8.63678054567e-18, 1.18309872847e-17, 1.41431440396e-17, 8.54665756357e-18, 1.75165751748e-17, 1.39337813178e-17, 1.99983353881e-17, 1.42933931261e-17, 1.40318419251e-17, 1.78513500579e-17, 1.48284515966e-17, 1.43299114957e-17, 1.13045662341e-17, 8.28105648632e-18, 5.1837986238e-18, 3.18317731954e-18, 1.32381457905e-18, 2.74988569072e-19, 3.09979795323e-20],
        "var": [0.113420784473, 8.60901165009, 70.0216445923, 142.17880249, 219.66973877, 447.781402588, 4397.31298828, 5373.55029297, 5754.62402344, 6267.02050781, 3815.19506836, 2843.8684082, 6691.49023438, 5401.69921875, 1939.83703613, 62.9896812439, 321.690612793, 300.505584717, 152.931533813, 588.77520752, 60.6869850159, 41.9498176575, 41.0112266541, 19.5355091095, 12.7124929428, 23.3898181915, 54.6311302185, 41.6901550293, 15.1042041779, 13.7738437653, 9.43794822693, 4.67209815979, 2.94281506538, 1.37243783474, 0.453486055136, 0.195215433836, 0.0465937927365, 0.00289993756451, 3.00438659906e-06, 2.88311263752e-09]
    },
    "gfcc": {
        "mean": [-49.4073448181, 119.726806641, -83.1950149536, 28.3184871674, -55.2373275757, 6.07131719589, -35.6684684753, 4.77829265594, -18.06183815, 6.35256958008, -18.2194004059, 0.73081022501, -2.261677742],
        "cov": [[18290.3789062, 118.300109863, -675.176574707, 476.388275146, -920.005371094, 186.860412598, -710.414489746, 46.745426178, -173.367385864, 235.906829834, -392.382324219, -1.24217820168, -162.359146118], [118.300109863, 2100.54443359, -162.601913452, 232.119644165, 386.608764648, -229.243209839, 260.625061035, -271.000732422, 172.751480103, -231.074417114, 186.168014526, -285.334747314, 177.761123657], [-675.176574707, -162.601913452, 1190.35498047, 195.10105896, 14.7267541885, 214.043228149, 65.6280517578, 29.7398700714, -68.8864974976, -24.4542369843, -135.601242065, -43.6823234558, -84.9385528564], [476.388275146, 232.119644165, 195.10105896, 464.279937744, 131.174850464, 52.4765052795, 58.0649642944, -32.7101974487, 24.8103866577, -37.8249015808, -32.8050308228, -111.143501282, 24.4949455261], [-920.005371094, 386.608764648, 14.7267541885, 131.174850464, 387.082672119, -25.0601329803, 119.067764282, -45.4128913879, 37.9715118408, -56.4653434753, 58.028591156, -62.0569953918, 13.9913053513], [186.860412598, -229.243209839, 214.043228149, 52.4765052795, -25.0601329803, 243.714111328, 15.9752292633, 50.8840866089, -33.9603538513, 12.5659627914, -41.8467941284, 15.7095479965, -54.035358429], [-710.414489746, 260.625061035, 65.6280517578, 58.0649642944, 119.067764282, 15.9752292633, 237.737045288, 12.4320898056, 18.3902740479, -57.7962150574, 21.8410816193, -53.4453239441, 5.47358512878], [46.745426178, -271.000732422, 29.7398700714, -32.7101974487, -45.4128913879, 50.8840866089, 12.4320898056, 146.288955688, -12.5641860962, 32.9599571228, -42.784122467, 23.187997818, -48.6287841797], [-173.367385864, 172.751480103, -68.8864974976, 24.8103866577, 37.9715118408, -33.9603538513, 18.3902740479, -12.5641860962, 112.517951965, 14.4763774872, 12.4876842499, -39.9375076294, 42.9579048157], [235.906829834, -231.074417114, -24.4542369843, -37.8249015808, -56.4653434753, 12.5659627914, -57.7962150574, 32.9599571228, 14.4763774872, 100.045051575, -10.1070146561, 40.7295227051, -8.60004234314], [-392.382324219, 186.168014526, -135.601242065, -32.8050308228, 58.028591156, -41.8467941284, 21.8410816193, -42.784122467, 12.4876842499, -10.1070146561, 124.817749023, 9.68023777008, 13.4924554825], [-1.24217820168, -285.334747314, -43.6823234558, -111.143501282, -62.0569953918, 15.7095479965, -53.4453239441, 23.187997818, -39.9375076294, 40.7295227051, 9.68023777008, 120.75994873, -5.41364574432], [-162.359146118, 177.761123657, -84.9385528564, 24.4949455261, 13.9913053513, -54.035358429, 5.47358512878, -48.6287841797, 42.9579048157, -8.60004234314, 13.4924554825, -5.41364574432, 110.389198303]],
        "icov": [[0.000126011087559, -0.000293126853649, 0.000185633354704, -0.000291032047244, 0.000320341583574, -0.000154336375999, 0.000291462522, -4.17032133555e-05, 0.000307774957037, -0.000461697258288, 0.000599915161729, -0.000339830439771, 0.000470072118333], [-0.000293126853649, 0.00224127154797, -0.000474643253256, 0.000806859810837, -0.00108079425991, 0.000763158372138, -0.00117182673421, 0.00122847978491, -0.00152908975724, 0.00273498194292, -0.00281948619522, 0.00315515184775, -0.00216723489575], [0.000185633354704, -0.000474643253256, 0.00150144111831, -0.000733023625799, 0.000431584834587, -0.000948885048274, 6.79929580656e-05, 0.000443015509518, 0.000870400806889, -0.000775063585024, 0.00209599314258, -0.000519232300576, 0.00134714413434], [-0.000291032047244, 0.000806859810837, -0.000733023625799, 0.00407766271383, -0.00171309139114, -0.000537173822522, -0.000450715655461, 0.00037245490239, -2.36768446484e-05, 0.000659117125906, -0.00098834221717, 0.00403893878683, -0.00267614005134], [0.000320341583574, -0.00108079425991, 0.000431584834587, -0.00171309139114, 0.00468227034435, -0.0001123893162, -0.000487130018882, 0.000205545176868, -0.000106375104224, -0.000594295561314, 0.000419417599915, -0.00157246086746, 0.00225672917441], [-0.000154336375999, 0.000763158372138, -0.000948885048274, -0.000537173822522, -0.0001123893162, 0.00611458206549, -0.00112965109292, -0.00045113125816, -0.000516507949214, 0.00071432790719, -0.000611714611296, -0.000615981349256, 0.00109897414222], [0.000291462522, -0.00117182673421, 6.79929580656e-05, -0.000450715655461, -0.000487130018882, -0.00112965109292, 0.00723188044503, -0.00289814779535, 0.000488463847432, 0.00134393887129, 0.000227162905503, 0.000198443696718, 0.000238093591179], [-4.17032133555e-05, 0.00122847978491, 0.000443015509518, 0.00037245490239, 0.000205545176868, -0.00045113125816, -0.00289814779535, 0.0116642834619, -0.00167884072289, -0.00131044932641, 0.0025683476124, -0.000115642520541, 0.00348548125476], [0.000307774957037, -0.00152908975724, 0.000870400806889, -2.36768446484e-05, -0.000106375104224, -0.000516507949214, 0.000488463847432, -0.00167884072289, 0.0160381533206, -0.00774760171771, 0.00124464812689, 0.00486473832279, -0.00417155167088], [-0.000461697258288, 0.00273498194292, -0.000775063585024, 0.000659117125906, -0.000594295561314, 0.00071432790719, 0.00134393887129, -0.00131044932641, -0.00774760171771, 0.0195731110871, -0.00375563232228, -0.00168145715725, -0.00112836796325], [0.000599915161729, -0.00281948619522, 0.00209599314258, -0.00098834221717, 0.000419417599915, -0.000611714611296, 0.000227162905503, 0.0025683476124, 0.00124464812689, -0.00375563232228, 0.0160828288645, -0.00629281625152, 0.00497092632577], [-0.000339830439771, 0.00315515184775, -0.000519232300576, 0.00403893878683, -0.00157246086746, -0.000615981349256, 0.000198443696718, -0.000115642520541, 0.00486473832279, -0.00168145715725, -0.00629281625152, 0.0209987983108, -0.00726449722424], [0.000470072118333, -0.00216723489575, 0.00134714413434, -0.00267614005134, 0.00225672917441, 0.00109897414222, 0.000238093591179, 0.00348548125476, -0.00417155167088, -0.00112836796325, 0.00497092632577, -0.00726449722424, 0.0172176901251]]
    },
    "melbands": {
        "dmean": [0.00142595276702, 0.00208693835884, 0.00102668907493, 0.000536170206033, 0.000589503208175, 0.000551563454792, 0.000366101157852, 0.000155083165737, 0.00014590943465, 0.000140003554407, 0.00017427020066, 7.77797977207e-05, 3.60811864084e-05, 9.0667481345e-06, 1.21856646729e-05, 1.38217819767e-05, 1.28270285131e-05, 7.19429226592e-06, 1.28995498017e-05, 8.78593982634e-06, 4.61386434836e-06, 3.01386967294e-06, 2.92914842248e-06, 3.78699633075e-06, 1.57464455697e-06, 1.34653987516e-06, 1.31703689021e-06, 1.58687225849e-06, 2.03163335755e-06, 1.69465056388e-06, 1.62861306308e-06, 1.02658134438e-06, 8.41353141823e-07, 8.75423381785e-07, 8.14761847323e-07, 6.73013687447e-07, 5.08567268298e-07, 5.08793505105e-07, 4.7377750434e-07, 3.62934883924e-07],
        "dmean2": [0.00228020525537, 0.0034283362329, 0.00165022269357, 0.000914351432584, 0.000920924590901, 0.000808825017884, 0.000530404446181, 0.000224224728299, 0.000207445467822, 0.000195273270947, 0.000241607587668, 0.000113119611342, 5.06788164785e-05, 1.33459898279e-05, 1.81107334356e-05, 2.11264105019e-05, 1.84841101145e-05, 1.11553390525e-05, 1.89563543245e-05, 1.36782045956e-05, 7.54210259402e-06, 4.72355759484e-06, 4.71680550618e-06, 5.86789474255e-06, 2.47336242865e-06, 2.172789209e-06, 2.15680393012e-06, 2.58332647718e-06, 3.21447464557e-06, 2.70512646239e-06, 2.53444500231e-06, 1.48071762851e-06, 1.23997710944e-06, 1.24565144688e-06, 1.21759694593e-06, 9.9691487776e-07, 7.26455994027e-07, 7.63554794503e-07, 6.94331276918e-07, 5.34354853698e-07],
        "dvar": [9.53102517087e-06, 1.27629728013e-05, 3.24364214066e-06, 1.412216875e-06, 1.11673898573e-06, 8.53037931847e-07, 5.46674698398e-07, 1.40139732707e-07, 1.53591642515e-07, 9.33476229648e-08, 1.18589696285e-07, 6.03650818221e-08, 2.13576267782e-08, 3.22640664185e-10, 6.62730925693e-10, 7.94345533794e-10, 5.20546383775e-10, 1.48708628744e-10, 4.68345418003e-10, 3.73812619747e-10, 9.79722067362e-11, 4.47211365162e-11, 4.53180791504e-11, 6.77559050533e-11, 7.12743275857e-12, 7.81956357304e-12, 7.57929396328e-12, 1.22728190458e-11, 2.08346413039e-11, 1.48748478812e-11, 1.20571261308e-11, 3.68127663769e-12, 2.88072473861e-12, 3.32857634684e-12, 2.57864346195e-12, 2.24483062347e-12, 1.11545701061e-12, 1.18222803509e-12, 1.15174092052e-12, 7.34629371224e-13],
        "dvar2": [2.41744419327e-05, 3.10065952362e-05, 8.50516335049e-06, 3.84674694942e-06, 2.2066535621e-06, 2.0328127448e-06, 1.37788197208e-06, 2.5101672918e-07, 3.20233112916e-07, 2.01946050993e-07, 2.48328518637e-07, 1.32422826482e-07, 3.6424481209e-08, 7.53278939225e-10, 1.49366818913e-09, 1.87670678997e-09, 1.0640810455e-09, 3.50571072172e-10, 1.01717068102e-09, 8.94887275393e-10, 2.53984028253e-10, 1.14370339588e-10, 1.24256521739e-10, 1.79442530279e-10, 1.76669859298e-11, 1.81812464389e-11, 1.94223387373e-11, 3.06064028288e-11, 4.92110449613e-11, 3.78296109715e-11, 2.9965977616e-11, 7.90459711575e-12, 6.14352232281e-12, 7.15076262092e-12, 5.85525464919e-12, 5.09956530129e-12, 2.46542499957e-12, 2.54217133455e-12, 2.6449220418e-12, 1.62432936025e-12],
        "max": [0.0379506126046, 0.0287102144212, 0.0162502080202, 0.0114816911519, 0.0145732583478, 0.00830435287207, 0.00776135735214, 0.00674359314144, 0.0044951280579, 0.00257405592129, 0.00241050636396, 0.00279857870191, 0.00279265828431, 0.000159500472364, 0.000212603117689, 0.000252536410699, 0.000229513228987, 0.000114498463518, 0.000239996486926, 0.000197583169211, 9.5626055554e-05, 6.80956873111e-05, 8.87331189006e-05, 0.000103025435237, 2.31696030824e-05, 2.82779164991e-05, 2.92584300041e-05, 4.86238313897e-05, 3.97418152716e-05, 3.58868528565e-05, 3.64047846233e-05, 1.69616814674e-05, 1.82573512575e-05, 1.82887142728e-05, 1.38030700327e-05, 1.56095557031e-05, 9.95700975182e-06, 1.1670139429e-05, 1.35678310471e-05, 1.09413049358e-05],
        "mean": [0.00218289531767, 0.0035119317472, 0.00197239918634, 0.00082273199223, 0.0011166036129, 0.00133765686769, 0.000795111409388, 0.000277327606454, 0.000179423164809, 0.000172110580024, 0.000214013591176, 0.00011476065265, 5.18005545018e-05, 1.15169932542e-05, 1.65376786754e-05, 1.86510678759e-05, 1.72855252458e-05, 1.21721786854e-05, 2.03527724807e-05, 1.1801463188e-05, 5.75093326916e-06, 3.910848136e-06, 3.89361775888e-06, 4.59342345493e-06, 2.08342476071e-06, 1.70853923009e-06, 1.50211315031e-06, 1.76149251274e-06, 2.51994197242e-06, 1.89811987639e-06, 1.73976684437e-06, 1.10701307676e-06, 9.04350713427e-07, 9.41857706493e-07, 8.20398440737e-07, 6.79130835124e-07, 5.58232613912e-07, 5.30100123797e-07, 4.78887898225e-07, 3.79027767394e-07],
        "median": [0.0014119251864, 0.00245852698572, 0.00156020035502, 0.000599880062509, 0.000383640523069, 0.000547530478798, 0.000273476005532, 4.10916363762e-05, 2.96267735393e-05, 4.11573200836e-05, 4.70010454592e-05, 1.65617911989e-05, 5.83023984291e-06, 3.93999744119e-06, 3.41131112691e-06, 4.35626498074e-06, 4.84101792608e-06, 4.05583705287e-06, 1.10171886263e-05, 3.92208403355e-06, 2.22860103349e-06, 1.58319085131e-06, 1.30767182327e-06, 1.10084533844e-06, 8.18881972009e-07, 7.84935480169e-07, 6.05091884154e-07, 5.65305413147e-07, 7.58240958021e-07, 5.55267888558e-07, 4.36292225459e-07, 2.56280344502e-07, 1.82782130764e-07, 1.4557396355e-07, 1.23490110582e-07, 1.01495480465e-07, 8.34900291125e-08, 8.22463945838e-08, 6.55405116845e-08, 6.08497643384e-08],
        "min": [3.71013116639e-24, 4.14552795467e-24, 3.26430662302e-24, 8.10192808503e-24, 9.8145040895e-24, 1.19008660567e-23, 7.87515660719e-24, 7.71386531765e-24, 1.33264276426e-23, 9.24061566956e-24, 1.16214815008e-23, 8.3442180346e-24, 4.46152630621e-24, 4.07705285594e-24, 7.38200179002e-24, 1.1329074429e-23, 5.38451565342e-24, 6.19400803233e-24, 1.05877794698e-23, 1.06229871209e-23, 5.69897414848e-24, 7.30118062369e-24, 1.5214091325e-23, 7.71891718289e-24, 1.26365159273e-23, 4.87937488365e-24, 9.13103579008e-24, 1.19990090308e-23, 6.63398889133e-24, 1.20731729999e-23, 7.16505873019e-24, 8.12081814827e-24, 7.77030910428e-24, 7.93831754443e-24, 1.02032295e-23, 8.07541920318e-24, 9.8438047501e-24, 8.52679042479e-24, 1.10290430167e-23, 9.20603200748e-24],
        "var": [1.03275342553e-05, 1.7063712221e-05, 4.40814119429e-06, 1.36150413255e-06, 3.77542687602e-06, 2.58000318354e-06, 1.18313550956e-06, 5.40934308901e-07, 2.30174777016e-07, 1.34516284334e-07, 1.68232844544e-07, 1.05519191607e-07, 4.46445085345e-08, 4.42230724262e-10, 1.23690979681e-09, 1.17099729913e-09, 9.99316518424e-10, 3.50357243217e-10, 8.88592643911e-10, 4.7833575989e-10, 1.03823387387e-10, 5.0367005705e-11, 6.66702595908e-11, 9.12258046881e-11, 1.00044503931e-11, 9.54365839828e-12, 7.64654832508e-12, 1.34344896319e-11, 2.6689792737e-11, 1.51290369121e-11, 1.38097311364e-11, 5.18908223682e-12, 3.98281754799e-12, 4.65638898967e-12, 3.21717132101e-12, 2.75299856696e-12, 1.55278242521e-12, 1.53914446292e-12, 1.30515075743e-12, 8.66317705506e-13]
    },
    "mfcc": {
