{
"metadata": {
    "version": {
        "essentia": "2.0.1",
        "extractor": "archive-music 1.0"
    },
    "audio_properties": {
        "analysis_sample_rate": 44100,
        "bitrate": 128,
        "channels": 2,
        "equal_loudness": 0,
        "length": 16.0653057098,
        "replay_gain": -6.91618728638,
        "downmix": "mix"
    },
    "tags": {
        "track": 1,
        "year": 0,
        "album": "La",
        "artist": "DragoSalvaje",
        "comment": "",
        "genre": "Other",
        "title": "Muevelo Mambo Hit Drago Salvaj"
    }
},
"highlevel": {
    "culture": {
        "all": {
            "non_western": 0.444864749908,
            "western": 0.555135250092
        },
        "probability": 0.555135250092,
        "value": "western"
    },
    "danceability": {
        "all": {
            "danceable": 0.99725407362,
            "not_danceable": 0.00274589867331
        },
        "probability": 0.99725407362,
        "value": "danceable"
    },
    "gender": {
        "all": {
            "female": 0.076338738203,
            "male": 0.923661231995
        },
        "probability": 0.923661231995,
        "value": "male"
    },
    "genre_dortmund": {
        "all": {
            "alternative": 0.0166230835021,
            "blues": 0.0438292957842,
            "electronic": 0.035265147686,
            "folkcountry": 0.0172922145575,
            "funksoulrnb": 0.117442704737,
            "jazz": 0.0346003063023,
            "pop": 0.128234744072,
            "raphiphop": 0.476168572903,
            "rock": 0.130543932319
        },
        "probability": 0.476168572903,
        "value": "raphiphop"
    },
    "genre_electronic": {
        "all": {
            "ambient": 0.351505219936,
            "dnb": 0.295842349529,
            "house": 0.18256919086,
            "techno": 0.0344049222767,
            "trance": 0.135678336024
        },
        "probability": 0.351505219936,
        "value": "ambient"
    },
    "genre_rosamerica": {
        "all": {
            "cla": 0.0203735493124,
            "dan": 0.193280905485,
            "hip": 0.353104025126,
            "jaz": 0.0379682518542,
            "pop": 0.189619392157,
            "rhy": 0.139444455504,
            "roc": 0.0391650013626,
            "spe": 0.0270444210619
        },
        "probability": 0.353104025126,
        "value": "hip"
    },
    "genre_tzanetakis": {
        "all": {
            "blu": 0.00455327704549,
            "cla": 0.00544334063306,
            "cou": 0.00671446463093,
            "dis": 0.0169472713023,
            "hip": 0.161387607455,
            "jaz": 0.022605618462,
            "met": 0.0050087957643,
            "pop": 0.285334259272,
            "reg": 0.427062988281,
            "roc": 0.0649423599243
        },
        "probability": 0.427062988281,
        "value": "reg"
    },
    "mirex_ballroom": {
        "all": {
            "ChaChaCha": 0.617807745934,
            "Jive": 0.1506793648,
            "Quickstep": 0.027820231393,
            "Rumba-American": 0.0143613452092,
            "Rumba-International": 0.0133535061032,
            "Rumba-Misc": 0.0211813803762,
            "Samba": 0.142219081521,
            "Tango": 0.00365446857177,
            "VienneseWaltz": 0.00556677207351,
            "Waltz": 0.00335610518232
        },
        "probability": 0.617807745934,
        "value": "ChaChaCha"
    },
    "mood_acoustic": {
        "all": {
            "acoustic": 0.175380513072,
            "not_acoustic": 0.824619472027
        },
        "probability": 0.824619472027,
        "value": "not_acoustic"
    },
    "mood_aggressive": {
        "all": {
            "aggressive": 0.00776989478618,
            "not_aggressive": 0.992230117321
        },
        "probability": 0.992230117321,
        "value": "not_aggressive"
    },
    "mood_electronic": {
        "all": {
            "electronic": 0.77664065361,
            "not_electronic": 0.223359331489
        },
        "probability": 0.77664065361,
        "value": "electronic"
    },
    "mood_happy": {
        "all": {
            "happy": 0.257440984249,
            "not_happy": 0.742559015751
        },
        "probability": 0.742559015751,
        "value": "not_happy"
    },
    "mood_party": {
        "all": {
            "not_party": 0.24214695394,
            "party": 0.757853031158
        },
        "probability": 0.757853031158,
        "value": "party"
    },
    "mood_relaxed": {
        "all": {
            "not_relaxed": 0.472416639328,
            "relaxed": 0.527583360672
        },
        "probability": 0.527583360672,
        "value": "relaxed"
    },
    "mood_sad": {
        "all": {
            "not_sad": 0.879672348499,
            "sad": 0.12032764405
        },
        "probability": 0.879672348499,
        "value": "not_sad"
    },
    "moods_mirex": {
        "all": {
            "Cluster1": 0.167284160852,
            "Cluster2": 0.0855770260096,
            "Cluster3": 0.332913458347,
            "Cluster4": 0.311454623938,
            "Cluster5": 0.102770723403
        },
        "probability": 0.332913458347,
        "value": "Cluster3"
    },
    "timbre": {
        "all": {
            "bright": 0.42000284791,
            "dark": 0.579997181892
        },
        "probability": 0.579997181892,
        "value": "dark"
    },
    "tonal_atonal": {
        "all": {
            "atonal": 0.966039597988,
            "tonal": 0.0339603982866
        },
        "probability": 0.966039597988,
        "value": "atonal"
    },
    "voice_instrumental": {
        "all": {
            "instrumental": 0.00428120559081,
            "voice": 0.99571877718
        },
        "probability": 0.99571877718,
        "value": "voice"
    }
},
"lowlevel": {
    "average_loudness": 0.979148447514,
    "barkbands_kurtosis": {
        "dmean": 9.26111602783,
        "dmean2": 14.3347682953,
        "dvar": 413.009216309,
        "dvar2": 780.078491211,
        "max": 293.189331055,
        "mean": 9.96202278137,
        "median": 2.45638227463,
        "min": -1.91926920414,
        "var": 688.934814453
    },
    "barkbands_skewness": {
        "dmean": 1.14300692081,
        "dmean2": 1.72739231586,
        "dvar": 1.58191001415,
        "dvar2": 3.07694959641,
        "max": 15.7083969116,
        "mean": 2.01642990112,
        "median": 1.57214963436,
        "min": -2.49456501007,
        "var": 4.23543262482
    },
    "barkbands_spread": {
        "dmean": 15.081489563,
        "dmean2": 23.4349460602,
        "dvar": 348.24609375,
        "dvar2": 698.010925293,
        "max": 123.487190247,
        "mean": 29.0561332703,
        "median": 21.5274143219,
        "min": 0.782305896282,
        "var": 607.819885254
    },
    "dissonance": {
        "dmean": 0.0232468731701,
        "dmean2": 0.0398937761784,
        "dvar": 0.000457193818875,
        "dvar2": 0.00122869736515,
        "max": 0.499975502491,
        "mean": 0.4628431499,
        "median": 0.467508226633,
        "min": 0.263373374939,
        "var": 0.000700850097928
    },
    "dynamic_complexity": 4.17282009125,
    "erbbands_kurtosis": {
        "dmean": 1.92238068581,
        "dmean2": 3.07663941383,
        "dvar": 10.3933210373,
        "dvar2": 23.8687782288,
        "max": 57.8715019226,
        "mean": 1.19465529919,
        "median": 0.0213243961334,
        "min": -1.8541482687,
        "var": 15.7532186508
    },
    "erbbands_skewness": {
        "dmean": 0.640929698944,
        "dmean2": 0.966165065765,
        "dvar": 0.401763647795,
        "dvar2": 0.819384336472,
        "max": 3.65233492851,
        "mean": 0.427088350058,
        "median": 0.367825776339,
        "min": -6.05971050262,
        "var": 1.10723245144
    },
    "erbbands_spread": {
        "dmean": 19.304895401,
        "dmean2": 29.8531475067,
        "dvar": 479.042755127,
        "dvar2": 1177.29736328,
        "max": 176.765304565,
        "mean": 47.7427101135,
        "median": 38.4576644897,
        "min": 5.37331581116,
        "var": 982.54699707
    },
    "hfc": {
        "dmean": 19.9794921875,
        "dmean2": 27.4957809448,
        "dvar": 1310.30004883,
        "dvar2": 2174.61010742,
        "max": 675.311035156,
        "mean": 31.4838905334,
        "median": 15.9705257416,
        "min": 1.168642887e-16,
        "var": 2956.04321289
    },
    "melbands_kurtosis": {
        "dmean": 26.7714538574,
        "dmean2": 43.1470108032,
        "dvar": 3860.69726562,
        "dvar2": 9218.45410156,
        "max": 1010.01019287,
        "mean": 33.1785926819,
        "median": 10.6178026199,
        "min": -1.81306743622,
        "var": 5635.58886719
    },
    "melbands_skewness": {
        "dmean": 1.64082539082,
        "dmean2": 2.49997520447,
        "dvar": 4.0002374649,
        "dvar2": 9.30116176605,
        "max": 23.7598686218,
        "mean": 3.59364295006,
        "median": 2.77425074577,
        "min": -0.610334396362,
        "var": 10.2464561462
    },
    "melbands_spread": {
        "dmean": 13.356762886,
        "dmean2": 20.248714447,
        "dvar": 446.307769775,
        "dvar2": 810.425354004,
        "max": 304.777862549,
        "mean": 25.2346935272,
        "median": 18.9518184662,
        "min": 0.524495482445,
        "var": 1017.37200928
    },
    "pitch_salience": {
        "dmean": 0.110534802079,
        "dmean2": 0.173261329532,
        "dvar": 0.00935073848814,
        "dvar2": 0.0209866501391,
        "max": 0.914235591888,
        "mean": 0.501009702682,
        "median": 0.523866117001,
        "min": 0.0483744777739,
        "var": 0.0266827084124
    },
    "silence_rate_20dB": {
        "dmean": 0,
        "dmean2": 0,
        "dvar": 0,
        "dvar2": 0,
        "max": 1,
        "mean": 1,
        "median": 1,
        "min": 1,
        "var": 0
    },
    "silence_rate_30dB": {
        "dmean": 0,
        "dmean2": 0,
        "dvar": 0,
        "dvar2": 0,
        "max": 1,
        "mean": 1,
        "median": 1,
        "min": 1,
        "var": 0
    },
    "silence_rate_60dB": {
        "dmean": 0.0549132935703,
        "dmean2": 0.109985530376,
        "dvar": 0.0518976710737,
        "dvar2": 0.126832842827,
        "max": 1,
        "mean": 0.101010099053,
        "median": 0,
        "min": 0,
        "var": 0.0908074975014
    },
    "spectral_centroid": {
        "dmean": 420.899841309,
        "dmean2": 613.446472168,
        "dvar": 403174.46875,
        "dvar2": 510251.15625,
        "max": 11075.1474609,
        "mean": 1413.71032715,
        "median": 1270.78881836,
        "min": 253.795593262,
        "var": 999919.625
    },
    "spectral_complexity": {
        "dmean": 3.67052030563,
        "dmean2": 5.49638223648,
        "dvar": 16.8163070679,
        "dvar2": 40.4786300659,
        "max": 43,
        "mean": 14.4227991104,
        "median": 14,
        "min": 0,
        "var": 93.0925216675
    },
    "spectral_crest": {
        "dmean": 4.02661323547,
        "dmean2": 6.56195020676,
        "dvar": 11.5947437286,
        "dvar2": 31.1837120056,
        "max": 25.7009735107,
        "mean": 11.6871929169,
        "median": 10.7888002396,
        "min": 3.30897259712,
        "var": 26.1513290405
    },
    "spectral_decrease": {
        "dmean": 3.61332719301e-09,
        "dmean2": 5.7098707984e-09,
        "dvar": 1.99220958054e-17,
        "dvar2": 4.96970343632e-17,
        "max": 7.40960800648e-29,
        "mean": -6.9211103515e-09,
        "median": -5.63998803216e-09,
        "min": -3.93092314255e-08,
        "var": 3.45793193608e-17
    },
    "spectral_energy": {
        "dmean": 0.0146520305425,
        "dmean2": 0.0226922109723,
        "dvar": 0.000301517429762,
        "dvar2": 0.00072297709994,
        "max": 0.158740445971,
        "mean": 0.0289775487036,
        "median": 0.0234038494527,
        "min": 1.03202825618e-20,
        "var": 0.000570258300286
    },
    "spectral_energyband_high": {
        "dmean": 0.00165585067589,
        "dmean2": 0.00234726420604,
        "dvar": 1.3582792235e-05,
        "dvar2": 2.20640795305e-05,
        "max": 0.070599026978,
        "mean": 0.00202984595671,
        "median": 0.00043871087837,
        "min": 7.56901602876e-21,
        "var": 2.9949032978e-05
    },
    "spectral_energyband_low": {
        "dmean": 0.00784519407898,
        "dmean2": 0.0126569420099,
        "dvar": 0.000177206311491,
        "dvar2": 0.000476466113469,
        "max": 0.107654780149,
        "mean": 0.0102944876999,
        "median": 0.00694631179795,
        "min": 2.43751519499e-23,
        "var": 0.000180818155059
    },
    "spectral_energyband_middle_high": {
        "dmean": 0.00223799957894,
        "dmean2": 0.00307217170484,
        "dvar": 1.5714978872e-05,
        "dvar2": 2.91014930554e-05,
        "max": 0.0631285011768,
        "mean": 0.0044807260856,
        "median": 0.0020674909465,
        "min": 1.39918468991e-21,
        "var": 4.62719872303e-05
    },
    "spectral_energyband_middle_low": {
        "dmean": 0.00747875822708,
        "dmean2": 0.0121908904985,
        "dvar": 0.000137826078571,
        "dvar2": 0.000359595695045,
        "max": 0.100575774908,
        "mean": 0.0119293825701,
        "median": 0.00583133939654,
        "min": 3.09811223952e-22,
        "var": 0.000236101521295
    },
    "spectral_flatness_db": {
        "dmean": 0.0420180372894,
        "dmean2": 0.0632790476084,
        "dvar": 0.00136282260064,
        "dvar2": 0.00296776066534,
        "max": 0.35766467452,
        "mean": 0.141480669379,
        "median": 0.127103894949,
        "min": 0.0301214791834,
        "var": 0.00410017045215
    },
    "spectral_flux": {
        "dmean": 0.0370085164905,
        "dmean2": 0.0572561882436,
        "dvar": 0.00125381967518,
        "dvar2": 0.00283507630229,
        "max": 0.29054069519,
        "mean": 0.103663675487,
        "median": 0.0968226343393,
        "min": 1.05598196853e-10,
        "var": 0.00322376284748
    },
    "spectral_kurtosis": {
        "dmean": 1.94244301319,
        "dmean2": 2.89180231094,
        "dvar": 5.68761968613,
        "dvar2": 13.5152702332,
        "max": 28.8611278534,
        "mean": 4.04093885422,
        "median": 3.93923139572,
        "min": -1.35707247257,
        "var": 11.9048995972
    },
    "spectral_rms": {
        "dmean": 0.0013062087819,
        "dmean2": 0.00192363769747,
        "dvar": 1.67017174135e-06,
        "dvar2": 3.53182008439e-06,
        "max": 0.0124446265399,
        "mean": 0.00478255795315,
        "median": 0.00477839121595,
        "min": 3.17310088795e-12,
        "var": 5.39793609278e-06
    },
    "spectral_rolloff": {
        "dmean": 1560.69213867,
        "dmean2": 2757.18481445,
        "dvar": 8412819,
        "dvar2": 17679048,
        "max": 18626.2207031,
        "mean": 2201.01733398,
        "median": 1055.12695312,
        "min": 43.06640625,
        "var": 10965162
    },
    "spectral_skewness": {
        "dmean": 0.345269113779,
        "dmean2": 0.488088309765,
        "dvar": 0.122691445053,
        "dvar2": 0.267939627171,
        "max": 4.30527591705,
        "mean": 1.65075755119,
        "median": 1.69400048256,
        "min": -0.691528141499,
        "var": 0.358249366283
    },
    "spectral_spread": {
        "dmean": 1829770.5,
        "dmean2": 2536688.75,
        "dvar": 6.40813419725e+12,
        "dvar2": 8.77235588301e+12,
        "max": 41586760,
        "mean": 7017728.5,
        "median": 6033629.5,
        "min": 2146470.75,
        "var": 1.45438518804e+13
    },
    "spectral_strongpeak": {
        "dmean": 0.502908587456,
        "dmean2": 0.856219351292,
        "dvar": 1.10459339619,
        "dvar2": 2.36578845978,
        "max": 17.1641407013,
        "mean": 0.690133690834,
        "median": 0.263659149408,
        "min": 0,
        "var": 1.32879507542
    },
    "zerocrossingrate": {
        "dmean": 0.0299114603549,
        "dmean2": 0.0347824431956,
        "dvar": 0.00155002414249,
        "dvar2": 0.00245646690018,
        "max": 0.51513671875,
        "mean": 0.0824117287993,
        "median": 0.06298828125,
        "min": 0.00439453125,
        "var": 0.00521789910272
    },
    "barkbands": {
        "dmean": [0.00282104243524, 0.00582038518041, 0.000564889982343, 0.000442581076641, 0.00439765211195, 0.00140196841676, 0.00159665360115, 0.00106998521369, 0.000778009416535, 0.000724250799976, 0.000360967911547, 0.000389131280826, 0.000464887474664, 0.000562068133149, 0.000290958385449, 0.000163380071172, 0.00016706479073, 0.000148040227941, 0.000100158875284, 6.74376351526e-05, 6.43173916615e-05, 0.000109633270768, 0.000164949378814, 0.000402751553338, 0.000639793637674, 0.000346139830071, 2.42606402026e-05],
        "dmean2": [0.0047647417523, 0.00952204782516, 0.000930487760343, 0.000732064479962, 0.0077872867696, 0.00231263134629, 0.00259024184197, 0.00173097371589, 0.00120911328122, 0.00114705972373, 0.000575898389798, 0.000627411936875, 0.000738531816751, 0.00085536763072, 0.000463046046207, 0.000254907703493, 0.000279898376903, 0.000252901372733, 0.000160837967996, 0.000105685161543, 0.000104943144834, 0.000169159116922, 0.000242446738412, 0.000575592333917, 0.000910948845558, 0.000540026754607, 3.9804570406e-05],
        "dvar": [3.20079052472e-05, 0.000101917947177, 1.96792439056e-06, 7.09149389877e-07, 0.000104140519397, 2.15017571463e-05, 1.22998735606e-05, 5.67250617678e-06, 2.74178819382e-06, 6.34285333945e-06, 7.68948780205e-07, 1.9942876861e-06, 1.02120293377e-06, 2.20451465793e-06, 7.53079689275e-07, 1.16107912618e-07, 1.33839108685e-07, 6.73082851677e-08, 2.84275056828e-08, 1.22681163006e-08, 1.29305606222e-08, 3.29945386568e-08, 1.35622258313e-07, 1.79809069323e-06, 2.70316832029e-06, 5.05302239162e-07, 4.93173635263e-09],
        "dvar2": [8.28250340419e-05, 0.000280242325971, 5.29638964508e-06, 1.58442378506e-06, 0.00029617981636, 5.52208184672e-05, 2.814230902e-05, 1.41114760481e-05, 5.93530239712e-06, 1.31919669002e-05, 1.90704997749e-06, 5.43511077922e-06, 2.49234062721e-06, 4.45047908215e-06, 1.84096734301e-06, 2.55149103623e-07, 3.18816233857e-07, 1.87782163152e-07, 6.5048944009e-08, 2.87554051681e-08, 3.26036406761e-08, 7.26449940203e-08, 2.40857531253e-07, 2.73866589851e-06, 4.67814606964e-06, 1.04308924165e-06, 1.23480656811e-08],
        "max": [0.0357979610562, 0.0780192762613, 0.0117163108662, 0.0117083247751, 0.0835548639297, 0.0637119263411, 0.0365522839129, 0.0238962303847, 0.0188739616424, 0.0391941964626, 0.00841594394296, 0.0245979689062, 0.00975165236741, 0.0159005206078, 0.00826800055802, 0.00530385924503, 0.00610917806625, 0.00308958184905, 0.00214254274033, 0.00123014568817, 0.00106192496605, 0.00147856911644, 0.00672269146889, 0.0267525929958, 0.035726390779, 0.00473518110812, 0.000636918179225],
        "mean": [0.00277038989589, 0.00725834444165, 0.000634344003629, 0.000449723069323, 0.00544213457033, 0.00154298497364, 0.00196267059073, 0.00125287869014, 0.00103024591226, 0.000877568207216, 0.000413819449022, 0.000523558759596, 0.000622931343969, 0.00078209664207, 0.000349991838448, 0.000265014154138, 0.000252153433394, 0.000281790125882, 0.000172440864844, 0.00010816622671, 8.80617008079e-05, 0.000130784494104, 0.000185854092706, 0.00050101953093, 0.000710896390956, 0.000346658023773, 2.10493035411e-05],
        "median": [0.00066222040914, 0.00513259414583, 0.000120624230476, 8.20550339995e-05, 0.000881770509295, 0.000215253501665, 0.000575538084377, 0.000341383245541, 0.000270885095233, 0.000168274476891, 9.22288891161e-05, 0.000101851510408, 0.000133361798362, 0.000133837107569, 6.29704809398e-05, 0.000113004425657, 0.000117957089969, 0.000156260866788, 7.76596280048e-05, 5.51661069039e-05, 4.35127549281e-05, 4.38337992819e-05, 4.30438085459e-05, 6.32498631603e-05, 7.31480395189e-05, 5.71122836845e-05, 2.62167645815e-06],
        "min": [7.29368023281e-25, 8.97214894858e-24, 6.86407516269e-24, 6.83014152199e-24, 1.88140596436e-23, 3.61644509865e-23, 2.75514404314e-23, 7.54158977109e-23, 5.82602429934e-23, 4.57287015756e-23, 2.63021135272e-23, 5.37256622509e-23, 8.54793647244e-23, 5.98782219535e-23, 8.40772938385e-23, 1.13753553206e-22, 1.23901220077e-22, 2.30470093216e-22, 2.09598764795e-22, 1.7953280183e-22, 3.34759928267e-22, 4.74966461493e-22, 6.3884005881e-22, 1.03902265795e-21, 9.18334865925e-22, 1.69815090658e-21, 2.45701621522e-21],
        "var": [2.93690845865e-05, 9.43125851336e-05, 2.0426402898e-06, 9.00049201391e-07, 0.000135947455419, 2.13191997318e-05, 1.62194373843e-05, 6.28772613709e-06, 4.70903751193e-06, 9.30472924665e-06, 9.0519455398e-07, 1.97970416593e-06, 1.66449569861e-06, 3.61450565833e-06, 8.10191750134e-07, 2.65757023499e-07, 1.79459973992e-07, 1.1176562964e-07, 5.89320343636e-08, 2.32536105926e-08, 1.70310858749e-08, 4.74725929678e-08, 2.3423817197e-07, 4.11476867157e-06, 6.1492023633e-06, 5.8235252709e-07, 4.00626820607e-09]
    },
    "erbbands": {
        "dmean": [0.30869525671, 0.855643749237, 0.674467921257, 0.948422133923, 6.57968664169, 22.1197967529, 9.28478145599, 12.0026817322, 20.6020317078, 22.6462478638, 24.3750114441, 15.459810257, 23.1438407898, 14.0715513229, 13.4923839569, 16.9506816864, 18.6311569214, 29.4591369629, 21.1005840302, 10.4346466064, 8.51964092255, 9.57271003723, 8.25919151306, 5.67136335373, 4.47899103165, 3.19947814941, 2.11215877533, 3.05659270287, 3.89432907104, 3.85972380638, 5.02663087845, 7.4797668457, 7.27965545654, 6.87555408478, 4.5925989151, 1.83964884281, 0.584584236145, 0.0988831073046, 0.00240834383294, 8.27037874842e-05],
        "dmean2": [0.517612874508, 1.38479042053, 1.06852626801, 1.46437144279, 11.2977733612, 40.5941925049, 14.58644104, 20.201335907, 33.8952980042, 36.4089355469, 39.6828117371, 23.8000183105, 37.8481788635, 21.975353241, 20.5690746307, 26.6755580902, 29.7157688141, 45.9532394409, 31.3360118866, 16.284702301, 13.236325264, 15.9528427124, 13.9115200043, 9.18770599365, 7.1170706749, 5.10901880264, 3.28604054451, 4.88092422485, 5.96518278122, 6.04386901855, 7.48860216141, 10.549621582, 10.3005142212, 9.67254829407, 6.75128555298, 2.82530283928, 0.911799311638, 0.156741395593, 0.0037899359595, 0.000124635829707],
        "dvar": [0.24668033421, 2.71702718735, 2.80765938759, 2.52676415443, 236.735595703, 2775.5246582, 1024.27197266, 1885.17199707, 2488.51928711, 2254.01147461, 3129.42749023, 1085.94091797, 5859.60595703, 1490.61584473, 978.089599609, 3962.19726562, 1809.97363281, 5737.40429688, 2996.38427734, 525.559875488, 384.291717529, 435.20602417, 232.595504761, 78.3007354736, 77.7807998657, 32.165435791, 11.7512807846, 30.5300540924, 40.4134101868, 54.3047485352, 161.224380493, 790.180725098, 419.796203613, 418.080596924, 109.921615601, 13.0562400818, 1.59442543983, 0.0730735659599, 3.63210383512e-05, 2.85144228229e-08],
        "dvar2": [0.680658280849, 7.26695346832, 7.46696949005, 5.25009202957, 608.734802246, 8516.96386719, 2438.6887207, 5110.25634766, 5989.41845703, 5175.30957031, 7333.59277344, 2221.30419922, 14136.1103516, 3139.7824707, 2351.10449219, 10876.953125, 4402.94726562, 12675.6611328, 6387.34082031, 1199.70544434, 867.702270508, 1085.12548828, 639.679870605, 201.135421753, 171.904571533, 78.9556350708, 26.937582016, 76.2037963867, 88.1593780518, 124.950645447, 270.272613525, 1202.53588867, 642.07623291, 618.398986816, 221.414474487, 26.3536262512, 3.33855104446, 0.166433617473, 8.20712375571e-05, 5.83842734159e-08],
        "max": [3.6353290081, 13.2519598007, 15.1402320862, 15.4993667603, 139.897781372, 423.071960449, 679.154663086, 755.25402832, 588.562133789, 614.147521973, 488.333068848, 430.391815186, 1079.78137207, 627.321411133, 400.201965332, 1095.56347656, 538.815795898, 881.70324707, 562.179748535, 252.205688477, 270.095947266, 375.647766113, 186.288925171, 80.9050827026, 152.46484375, 69.8737106323, 34.8302879333, 48.6546173096, 53.4336090088, 61.6153335571, 236.897094727, 554.514892578, 405.714874268, 458.024261475, 190.146011353, 26.7507972717, 9.90219116211, 2.07661795616, 0.04532578215, 0.00134931236971],
        "mean": [0.376298159361, 0.985426962376, 0.880257844925, 1.25777173042, 9.3899230957, 23.1445655823, 10.7248773575, 12.903588295, 22.9925251007, 29.6428661346, 31.3702335358, 21.0864276886, 27.9092788696, 18.2851104736, 17.637140274, 21.86901474, 27.0964393616, 38.8471641541, 28.2058792114, 16.2198486328, 14.2941656113, 15.5857315063, 16.1377220154, 10.7876958847, 7.33370399475, 4.97773647308, 3.28509354591, 3.9078400135, 4.83643865585, 4.34235715866, 5.79263782501, 9.07607364655, 8.98825836182, 8.50153160095, 4.64848470688, 1.88992357254, 0.575682997704, 0.0952870771289, 0.00237223040313, 0.000109822307422],
        "median": [0.2675742805, 0.628928005695, 0.334540426731, 0.450726002455, 2.11685109138, 2.51586580276, 2.19388484955, 2.3939974308, 5.54764413834, 11.7184467316, 9.44512081146, 5.65625476837, 5.93204593658, 4.45759916306, 4.29265546799, 4.20800209045, 5.72923135757, 6.60795164108, 4.97171211243, 5.40705871582, 6.81758308411, 8.35329818726, 8.49012470245, 5.30099487305, 3.71511077881, 2.49813294411, 1.90781700611, 1.58091187477, 1.71346390247, 1.37942314148, 1.10147619247, 1.20451676846, 1.12527656555, 0.838051259518, 0.515067219734, 0.258786857128, 0.0970471724868, 0.017611252144, 0.000474574073451, 5.02399525431e-05],
        "min": [5.97448665952e-23, 1.89286692056e-21, 6.11969623696e-21, 1.22770332308e-20, 5.07239850132e-20, 5.17238654281e-20, 9.47801898933e-20, 3.77422066637e-19, 5.52860999952e-19, 5.91285090369e-19, 1.85435881477e-18, 1.47848763423e-18, 1.04142163198e-18, 1.29805855292e-18, 2.15872798617e-18, 1.95771130999e-18, 3.83969671645e-18, 2.53217418334e-18, 3.66974584215e-18, 4.95502652256e-18, 6.5031314349e-18, 8.05390938139e-18, 1.3142588025e-17, 1.48926639732e-17, 1.17640766449e-17, 9.18064600815e-18, 1.37187557176e-17, 1.63381703654e-17, 1.54061545364e-17, 2.12133545201e-17, 1.93988461653e-17, 2.10636447554e-17, 1.51833153881e-17, 1.01733322264e-17, 6.58536394114e-18, 5.25246330004e-18, 3.54196463549e-18, 1.47678023005e-18, 3.51606664448e-19, 3.59483582304e-20],
        "var": [0.235987767577, 2.41823410988, 3.00709557533, 4.15720415115, 350.40524292, 2941.52929688, 1251.2208252, 1558.90039062, 2793.17773438, 2999.85107422, 3935.42602539, 1826.09411621, 7333.09082031, 2263.37402344, 1420.70800781, 3737.50097656, 2978.05908203, 8628.81542969, 4409.65722656, 836.413085938, 820.339355469, 594.09552002, 380.869049072, 158.845153809, 141.205795288, 52.5751991272, 18.6967773438, 40.823425293, 62.2088241577, 65.1515960693, 288.738769531, 1623.17419434, 1065.16210938, 1160.27319336, 190.025268555, 16.7317352295, 1.75358319283, 0.0683509111404, 3.55385091098e-05, 3.41540129511e-08]
    },
    "gfcc": {
        "mean": [-22.4051399231, 60.1387023926, -91.9096298218, 18.0155982971, -54.0003929138, 19.1088676453, -44.4170150757, 21.9700813293, -22.3934001923, 12.1718549728, -13.8746042252, 6.40443706512, -12.8713388443],
        "cov": [[20523.46875, -619.790893555, -932.095947266, 140.336151123, -913.824707031, 173.174942017, -713.070556641, 194.10307312, -258.494232178, 157.854446411, -262.753356934, 173.815719604, -240.339752197], [-619.790893555, 1808.73352051, -599.049438477, 17.9072608948, 263.478393555, -127.59866333, 186.951278687, -41.6195259094, 150.784454346, 32.3251800537, 146.43510437, -86.3370361328, 136.311004639], [-932.095947266, -599.049438477, 1859.52746582, 456.81072998, 256.750701904, 330.461029053, 28.412027359, 59.8500480652, -18.9081916809, -5.39199733734, -92.0067596436, 98.237991333, -2.04882097244], [140.336151123, 17.9072608948, 456.81072998, 607.632202148, 210.187255859, 139.863922119, -14.4614105225, 74.8512496948, 93.898727417, -11.0321130753, 31.2151432037, 9.79087638855, 105.338745117], [-913.824707031, 263.478393555, 256.750701904, 210.187255859, 450.435150146, 199.87197876, 174.629333496, 90.3755874634, 98.4622802734, 70.8287506104, 52.7774963379, 18.979434967, 51.5666160583], [173.174942017, -127.59866333, 330.461029053, 139.863922119, 199.87197876, 405.48425293, 147.711303711, 113.290046692, 32.8540534973, 68.178352356, 18.615562439, 31.8772754669, 13.7408676147], [-713.070556641, 186.951278687, 28.412027359, -14.4614105225, 174.629333496, 147.711303711, 289.184417725, 83.8843307495, 68.5297622681, 53.1558151245, 37.1549606323, 18.4381752014, 21.1136131287], [194.10307312, -41.6195259094, 59.8500480652, 74.8512496948, 90.3755874634, 113.290046692, 83.8843307495, 216.758575439, 89.9974746704, 55.7644577026, 58.6448516846, 34.6520576477, 19.8622207642], [-258.494232178, 150.784454346, -18.9081916809, 93.898727417, 98.4622802734, 32.8540534973, 68.5297622681, 89.9974746704, 160.540908813, 64.515914917, 55.9111175537, -2.92481350899, 40.7495918274], [157.854446411, 32.3251800537, -5.39199733734, -11.0321130753, 70.8287506104, 68.178352356, 53.1558151245, 55.7644577026, 64.515914917, 104.634719849, 35.9549331665, 16.2043209076, 0.608622014523], [-262.753356934, 146.43510437, -92.0067596436, 31.2151432037, 52.7774963379, 18.615562439, 37.1549606323, 58.6448516846, 55.9111175537, 35.9549331665, 119.410652161, 20.7094993591, 37.415977478], [173.815719604, -86.3370361328, 98.237991333, 9.79087638855, 18.979434967, 31.8772754669, 18.4381752014, 34.6520576477, -2.92481350899, 16.2043209076, 20.7094993591, 86.6319961548, 8.4529800415], [-240.339752197, 136.311004639, -2.04882097244, 105.338745117, 51.5666160583, 13.7408676147, 21.1136131287, 19.8622207642, 40.7495918274, 0.608622014523, 37.415977478, 8.4529800415, 90.8633880615]],
        "icov": [[9.62759004324e-05, -9.96723174467e-05, 0.000116772716865, -0.000238353284658, 0.000285339629045, -0.000196348904865, 0.000246027484536, -0.000232974853134, 0.0002343209635, -0.000429958192399, 0.000420227996074, -0.000389358785469, 0.000305629335344], [-9.96723174467e-05, 0.00112508551683, 0.000100916549854, 0.000330700684572, -0.000979993026704, 0.000680436205585, -0.000774077605456, 0.000832677178551, -0.000544874288607, 0.000569197291043, -0.00118352775462, 0.00124737259466, -0.00126959697809], [0.000116772716865, 0.000100916549854, 0.00110393075738, -0.000926580047235, -3.7710833567e-05, -0.00060457928339, 0.000280556007056, -7.60311158956e-05, 0.000313127791742, -0.000337239645887, 0.00122867070604, -0.00137799698859, 0.00080490030814], [-0.000238353284658, 0.000330700684572, -0.000926580047235, 0.00426450837404, -0.00191511237063, -0.000306845875457, 0.00108583876863, 0.000251037447015, -0.00256595481187, 0.00324112526141, -0.00117765797768, 0.0015363675775, -0.00379421142861], [0.000285339629045, -0.000979993026704, -3.7710833567e-05, -0.00191511237063, 0.00554090412334, -0.00152660137974, -0.000900048529729, -0.000641135848127, 0.000530837394763, -0.00279041752219, 0.00109148060437, -0.00134555133991, 0.00133619701955], [-0.000196348904865, 0.000680436205585, -0.00060457928339, -0.000306845875457, -0.00152660137974, 0.00534850591794, -0.00246774940751, -0.000872589182109, 0.00187291018665, -0.00180642306805, -0.000945834908634, 0.00175562209915, -0.000978016294539], [0.000246027484536, -0.000774077605456, 0.000280556007056, 0.00108583876863, -0.000900048529729, -0.00246774940751, 0.00703163817525, -0.00150963873602, -0.00119144446217, -7.6840762631e-05, 0.00161450100131, -0.00192362454254, 0.000188549354789], [-0.000232974853134, 0.000832677178551, -7.60311158956e-05, 0.000251037447015, -0.000641135848127, -0.000872589182109, -0.00150963873602, 0.00877424236387, -0.00443515274674, 0.00121454976033, -0.0032528929878, -0.000988806481473, 0.000182839212357], [0.0002343209635, -0.000544874288607, 0.000313127791742, -0.00256595481187, 0.000530837394763, 0.00187291018665, -0.00119144446217, -0.00443515274674, 0.0149239553139, -0.00856002885848, -0.000183553114766, 0.00245943153277, -0.00170798366889], [-0.000429958192399, 0.000569197291043, -0.000337239645887, 0.00324112526141, -0.00279041752219, -0.00180642306805, -7.6840762631e-05, 0.00121454976033, -0.00856002885848, 0.0195716544986, -0.00393746374175, -0.000879303144757, 0.00126392790116], [0.000420227996074, -0.00118352775462, 0.00122867070604, -0.00117765797768, 0.00109148060437, -0.000945834908634, 0.00161450100131, -0.0032528929878, -0.000183553114766, -0.00393746374175, 0.0154182789847, -0.00501237390563, -0.00163447891828], [-0.000389358785469, 0.00124737259466, -0.00137799698859, 0.0015363675775, -0.00134555133991, 0.00175562209915, -0.00192362454254, -0.000988806481473, 0.00245943153277, -0.000879303144757, -0.00501237390563, 0.0172647610307, -0.00419130828232], [0.000305629335344, -0.00126959697809, 0.00080490030814, -0.00379421142861, 0.00133619701955, -0.000978016294539, 0.000188549354789, 0.000182839212357, -0.00170798366889, 0.00126392790116, -0.00163447891828, -0.00419130828232, 0.0192616600543]]
    },
    "melbands": {
        "dmean": [0.0022083488293, 0.000571824028157, 0.000242224836256, 0.00115709286183, 0.000418058421928, 0.000275806902209, 0.000316048244713, 0.000237985601416, 0.000206153024919, 9.16211793083e-05, 0.000119697120681, 6.4319363446e-05, 4.80188136862e-05, 3.88441985706e-05, 4.8865473218e-05, 4.93839834235e-05, 5.79104489589e-05, 3.88292319258e-05, 1.91875806195e-05, 1.17520876302e-05, 1.01123041532e-05, 1.08768817881e-05, 8.48812669574e-06, 7.80358823249e-06, 4.59053944724e-06, 3.85291696148e-06, 3.06660535898e-06, 2.08708434002e-06, 1.33091884891e-06, 1.44394937251e-06, 1.97088957066e-06, 2.34019148593e-06, 2.18736659008e-06, 2.20468314183e-06, 2.54080418927e-06, 4.08911319028e-06, 4.96963320984e-06, 4.69495444122e-06, 6.16285296928e-06, 5.74166824663e-06],
        "dmean2": [0.00362997525372, 0.000906452420168, 0.000393437454477, 0.00207147630863, 0.000694498245139, 0.000460675364593, 0.000514481042046, 0.000381986843422, 0.000330323644448, 0.000143844736158, 0.000195815387997, 9.95287336991e-05, 7.5387666584e-05, 6.25665124971e-05, 7.97242537374e-05, 7.71569102653e-05, 9.13318799576e-05, 5.81135100219e-05, 3.1528656109e-05, 1.85632852663e-05, 1.57907034009e-05, 1.78412828973e-05, 1.45105432239e-05, 1.29774898596e-05, 7.36141373636e-06, 6.25395705356e-06, 4.81920915263e-06, 3.37027131536e-06, 2.04975322049e-06, 2.33118748838e-06, 3.20329172609e-06, 3.65771438737e-06, 3.55805832442e-06, 3.47076866092e-06, 3.81354288947e-06, 5.80256710236e-06, 7.21960714145e-06, 6.995152944e-06, 9.16970020626e-06, 7.85446900409e-06],
        "dvar": [1.34151678139e-05, 1.5150251329e-06, 1.85618489468e-07, 7.9285209722e-06, 1.04028458736e-06, 8.37059417336e-07, 5.49332867195e-07, 2.41608972829e-07, 2.20877765855e-07, 4.12950882378e-08, 1.60108726277e-07, 3.8512535383e-08, 1.35183757521e-08, 1.35778961408e-08, 2.88622157285e-08, 1.20538921067e-08, 2.49618370418e-08, 9.9984083235e-09, 3.27389049204e-09, 5.32388522156e-10, 5.57479118424e-10, 5.61603208382e-10, 3.2241304071e-10, 1.68978109283e-10, 5.05168094855e-11, 4.89949816829e-11, 2.95885434209e-11, 1.42320660465e-11, 4.6891041397e-12, 6.88934716567e-12, 1.32794556601e-11, 1.64083729243e-11, 1.90365622571e-11, 1.796205025e-11, 3.33154337451e-11, 1.99696925662e-10, 3.8125533286e-10, 1.74309358614e-10, 3.95327243163e-10, 3.11344228177e-10],
        "dvar2": [3.64366023859e-05, 3.9945239223e-06, 4.71138918101e-07, 2.28382177738e-05, 2.5395661396e-06, 2.23937831834e-06, 1.29736667986e-06, 5.7468309933e-07, 5.12229632932e-07, 8.30040534083e-08, 3.75505464945e-07, 7.65490710819e-08, 3.31037490753e-08, 3.60117802245e-08, 7.9527346486e-08, 2.97817237538e-08, 5.53220083077e-08, 2.08680361879e-08, 8.27530666214e-09, 1.12032538802e-09, 1.24777665977e-09, 1.32051269919e-09, 9.1300056404e-10, 4.46805759058e-10, 1.30648991625e-10, 1.07561064222e-10, 6.61494747867e-11, 3.44999376289e-11, 1.02345623296e-11, 1.77922902106e-11, 3.27874775941e-11, 3.73657632613e-11, 4.52779133631e-11, 4.20122443778e-11, 6.25039325852e-11, 3.5434435941e-10, 6.11641237658e-10, 2.9090560516e-10, 7.73393682429e-10, 4.20286139224e-10],
        "max": [0.0284968782216, 0.0103714196011, 0.00408352585509, 0.023027036339, 0.0199664849788, 0.014980754815, 0.00851478707045, 0.00587548548356, 0.00463069742545, 0.00253219855949, 0.00528300739825, 0.00347134354524, 0.0011850859737, 0.00160487694666, 0.00278533203527, 0.00118847750127, 0.0019645486027, 0.000946882122662, 0.000589257630054, 0.000338318059221, 0.00036523345625, 0.000444716744823, 0.000203406947549, 0.000143319368362, 5.36289044248e-05, 0.00010542099335, 9.00422091945e-05, 4.66967976536e-05, 2.33723258134e-05, 2.41927937168e-05, 3.47208915628e-05, 3.57180360879e-05, 4.38021525042e-05, 3.30469483742e-05, 8.60409127199e-05, 0.000295333593385, 0.00038773191045, 0.000258351385128, 0.00044550045277, 0.000397740222979],
        "mean": [0.00276158191264, 0.000721090473235, 0.00031114203739, 0.00141448620707, 0.000455499714008, 0.000298482802464, 0.000366246589692, 0.000307920039631, 0.000261736131506, 0.000123539532069, 0.000143627592479, 8.0369238276e-05, 5.8517751313e-05, 5.20307439729e-05, 6.16124598309e-05, 6.51002919767e-05, 7.44061253499e-05, 5.13614759257e-05, 2.37151762121e-05, 1.96699620574e-05, 1.51004751388e-05, 1.68892311194e-05, 1.21456105262e-05, 1.59021656145e-05, 7.71488430473e-06, 6.54169025438e-06, 4.42867485617e-06, 2.98415216093e-06, 2.0793679596e-06, 1.85064448033e-06, 2.37206199927e-06, 2.86381145997e-06, 2.37697554439e-06, 2.38456937041e-06, 2.82381711258e-06, 4.52997892353e-06, 6.01346300755e-06, 5.85815359955e-06, 7.29262410459e-06, 7.05445518179e-06],
        "median": [0.00189436739311, 0.000417711795308, 0.000123874880956, 0.000192321778741, 8.49105708767e-05, 5.4327367252e-05, 9.19908488868e-05, 0.000128115832922, 7.81631460995e-05, 3.20657163684e-05, 2.9394755984e-05, 1.89648362721e-05, 1.38944942591e-05, 9.38153971219e-06, 1.09121656351e-05, 1.40295542224e-05, 1.19793285194e-05, 7.60243665354e-06, 5.41034978596e-06, 6.90997330821e-06, 4.25557527706e-06, 8.46068633109e-06, 5.7837642089e-06, 6.36541471977e-06, 3.4982761008e-06, 2.82032397081e-06, 2.00331169253e-06, 1.2813933381e-06, 1.0695553101e-06, 8.36695733142e-07, 7.8126487324e-07, 9.66752509157e-07, 6.76464992466e-07, 7.35732498924e-07, 5.64165304695e-07, 6.58613487303e-07, 6.76226818541e-07, 6.83134487645e-07, 8.28008523968e-07, 6.28994371255e-07],
        "min": [1.42041555037e-24, 3.24703786616e-24, 3.77818146352e-24, 4.50188876886e-24, 2.89923343178e-24, 8.45062827097e-24, 7.47846133492e-24, 8.6461016924e-24, 1.35233541458e-23, 8.63195899409e-24, 5.06248488254e-24, 5.26915263464e-24, 6.04385466991e-24, 6.4373834545e-24, 5.75506136998e-24, 8.89981592559e-24, 4.55180197048e-24, 5.75818210372e-24, 7.67376672898e-24, 6.66439869036e-24, 7.31350973078e-24, 6.69164594603e-24, 1.23948696882e-23, 9.7231232311e-24, 1.16433629246e-23, 8.63644445719e-24, 6.37434045197e-24, 5.1124489657e-24, 8.95468041269e-24, 8.90982262618e-24, 9.05346788613e-24, 7.72974429881e-24, 8.96859355248e-24, 1.21257545236e-23, 1.29402541971e-23, 8.44771342992e-24, 1.40766185862e-23, 1.08303013445e-23, 8.40348357669e-24, 8.31564312603e-24],
        "var": [1.30173457364e-05, 1.52721770519e-06, 2.21082672169e-07, 1.02025987871e-05, 1.31204922127e-06, 7.34776222089e-07, 6.55426504181e-07, 3.10973291562e-07, 2.9563670978e-07, 7.1042336458e-08, 2.06686920023e-07, 5.90948019408e-08, 1.70844494107e-08, 1.54662096463e-08, 2.94786097754e-08, 1.82866770615e-08, 3.55410669783e-08, 1.51739847354e-08, 3.35070438062e-09, 1.18287968309e-09, 1.14382425753e-09, 8.08904221383e-10, 3.59472285272e-10, 3.62009616728e-10, 9.45364481142e-11, 9.51707740393e-11, 5.80789236149e-11, 2.21978165016e-11, 8.50894181503e-12, 7.52817860133e-12, 1.78155910163e-11, 2.34994627923e-11, 2.08239588767e-11, 2.11537089928e-11, 5.25004033303e-11, 3.36242450549e-10, 7.77195863222e-10, 4.13119843889e-10, 8.71934802138e-10, 8.5872436939e-10]
    },
    "mfcc": {
