{
"metadata": {
    "version": {
        "essentia": "2.0.1",
        "extractor": "archive-music 1.0"
    },
    "audio_properties": {
        "analysis_sample_rate": 44100,
        "bitrate": 128,
        "channels": 2,
        "equal_loudness": 0,
        "length": 14.8375511169,
        "replay_gain": -5.97229194641,
        "downmix": "mix"
    },
    "tags": {
        "track": 3,
        "year": 0,
        "album": "Sojorno celeste",
        "artist": "Eion Alea",
        "comment": "",
        "genre": "Other",
        "title": "Eion Alea-Cathedral del stellas"
    }
},
"highlevel": {
    "culture": {
        "all": {
            "non_western": 2.07923348677e-11,
            "western": 1
        },
        "probability": 1,
        "value": "western"
    },
    "danceability": {
        "all": {
            "danceable": 0.0474162809551,
            "not_danceable": 0.952583730221
        },
        "probability": 0.952583730221,
        "value": "not_danceable"
    },
    "gender": {
        "all": {
            "female": 0.627344191074,
            "male": 0.372655808926
        },
        "probability": 0.627344191074,
        "value": "female"
    },
    "genre_dortmund": {
        "all": {
            "alternative": 0.315802901983,
            "blues": 0.00231893593445,
            "electronic": 0.102150514722,
            "folkcountry": 0.278409212828,
            "funksoulrnb": 0.00647681485862,
            "jazz": 0.183394685388,
            "pop": 0.0849389955401,
            "raphiphop": 0.00187480892055,
            "rock": 0.0246331263334
        },
        "probability": 0.315802901983,
        "value": "alternative"
    },
    "genre_electronic": {
        "all": {
            "ambient": 0.98926961422,
            "dnb": 0.000946320942603,
            "house": 0.00307070021518,
            "techno": 0.000897544086911,
            "trance": 0.00581582868472
        },
        "probability": 0.98926961422,
        "value": "ambient"
    },
    "genre_rosamerica": {
        "all": {
            "cla": 0.987747430801,
            "dan": 0.000178439178853,
            "hip": 3.64983607142e-05,
            "jaz": 0.00192612712272,
            "pop": 0.00553514854982,
            "rhy": 0.000530942576006,
            "roc": 0.0016318699345,
            "spe": 0.00241354713216
        },
        "probability": 0.987747430801,
        "value": "cla"
    },
    "genre_tzanetakis": {
        "all": {
            "blu": 1.26453696794e-05,
            "cla": 0.992494881153,
            "cou": 0.000451442203484,
            "dis": 0.000172541389475,
            "hip": 2.97183742077e-05,
            "jaz": 0.00567489210516,
            "met": 4.86902245029e-05,
            "pop": 7.18460723874e-05,
            "reg": 9.01680468814e-05,
            "roc": 0.000953157898039
        },
        "probability": 0.992494881153,
        "value": "cla"
    },
    "mirex_ballroom": {
        "all": {
            "ChaChaCha": 7.29449311621e-05,
            "Jive": 2.01484672289e-05,
            "Quickstep": 6.79961012793e-05,
            "Rumba-American": 4.33246896137e-05,
            "Rumba-International": 0.00025539874332,
            "Rumba-Misc": 0.000619721831754,
            "Samba": 3.96080577048e-06,
            "Tango": 7.9450001067e-05,
            "VienneseWaltz": 0.0846662670374,
            "Waltz": 0.91417080164
        },
        "probability": 0.91417080164,
        "value": "Waltz"
    },
    "mood_acoustic": {
        "all": {
            "acoustic": 0.976666688919,
            "not_acoustic": 0.0233332999051
        },
        "probability": 0.976666688919,
        "value": "acoustic"
    },
    "mood_aggressive": {
        "all": {
            "aggressive": 4.9841200962e-06,
            "not_aggressive": 0.99999499321
        },
        "probability": 0.99999499321,
        "value": "not_aggressive"
    },
    "mood_electronic": {
        "all": {
            "electronic": 0.0878482609987,
            "not_electronic": 0.912151753902
        },
        "probability": 0.912151753902,
        "value": "not_electronic"
    },
    "mood_happy": {
        "all": {
            "happy": 0.869429051876,
            "not_happy": 0.130570933223
        },
        "probability": 0.869429051876,
        "value": "happy"
    },
    "mood_party": {
        "all": {
            "not_party": 0.998714804649,
            "party": 0.0012852238724
        },
        "probability": 0.998714804649,
        "value": "not_party"
    },
    "mood_relaxed": {
        "all": {
            "not_relaxed": 9.24524012902e-09,
            "relaxed": 1
        },
        "probability": 1,
        "value": "relaxed"
    },
    "mood_sad": {
        "all": {
            "not_sad": 0.0518006458879,
            "sad": 0.94819933176
        },
        "probability": 0.94819933176,
        "value": "sad"
    },
    "moods_mirex": {
        "all": {
            "Cluster1": 0.0429194942117,
            "Cluster2": 0.182140648365,
            "Cluster3": 0.69729590416,
            "Cluster4": 0.0720118358731,
            "Cluster5": 0.00563212251291
        },
        "probability": 0.69729590416,
        "value": "Cluster3"
    },
    "timbre": {
        "all": {
            "bright": 0.561124324799,
            "dark": 0.438875675201
        },
        "probability": 0.561124324799,
        "value": "bright"
    },
    "tonal_atonal": {
        "all": {
            "atonal": 0.0631454363465,
            "tonal": 0.936854541302
        },
        "probability": 0.936854541302,
        "value": "tonal"
    },
    "voice_instrumental": {
        "all": {
            "instrumental": 0.996451437473,
            "voice": 0.00354858161882
        },
        "probability": 0.996451437473,
        "value": "instrumental"
    }
},
"lowlevel": {
    "average_loudness": 0.968477129936,
    "barkbands_kurtosis": {
        "dmean": 0.623706877232,
        "dmean2": 0.910483241081,
        "dvar": 0.553996026516,
        "dvar2": 1.40451049805,
        "max": 10.3287363052,
        "mean": 1.44131422043,
        "median": 1.06819653511,
        "min": -1.33228898048,
        "var": 2.65381932259
    },
    "barkbands_skewness": {
        "dmean": 0.210131704807,
        "dmean2": 0.316437631845,
        "dvar": 0.0568055287004,
        "dvar2": 0.12653440237,
        "max": 2.23999667168,
        "mean": 0.526142477989,
        "median": 0.534893095493,
        "min": -2.04361343384,
        "var": 0.310594707727
    },
    "barkbands_spread": {
        "dmean": 0.786423444748,
        "dmean2": 1.17192280293,
        "dvar": 5.18693304062,
        "dvar2": 12.6145153046,
        "max": 52.9988365173,
        "mean": 5.26639461517,
        "median": 4.93130922318,
        "min": 1.84778356552,
        "var": 10.0528888702
    },
    "dissonance": {
        "dmean": 0.0419547557831,
        "dmean2": 0.0720600113273,
        "dvar": 0.00137903692666,
        "dvar2": 0.00407385267317,
        "max": 0.496030300856,
        "mean": 0.379562079906,
        "median": 0.383312225342,
        "min": 0.195229023695,
        "var": 0.00349806179293
    },
    "dynamic_complexity": 2.56723332405,
    "erbbands_kurtosis": {
        "dmean": 0.554305315018,
        "dmean2": 0.693974912167,
        "dvar": 0.441553205252,
        "dvar2": 0.881363987923,
        "max": 13.7750473022,
        "mean": 1.27286267281,
        "median": 0.818833827972,
        "min": -1.20373022556,
        "var": 3.26536250114
    },
    "erbbands_skewness": {
        "dmean": 0.183727547526,
        "dmean2": 0.245806872845,
        "dvar": 0.0394144132733,
        "dvar2": 0.0957697927952,
        "max": 2.36380934715,
        "mean": 0.539923965931,
        "median": 0.49801030755,
        "min": -0.992416441441,
        "var": 0.244053155184
    },
    "erbbands_spread": {
        "dmean": 1.1267439127,
        "dmean2": 1.41439211369,
        "dvar": 3.46034693718,
        "dvar2": 7.20236206055,
        "max": 44.4736633301,
        "mean": 9.11320400238,
        "median": 8.63019752502,
        "min": 2.16194725037,
        "var": 16.4155406952
    },
    "hfc": {
        "dmean": 1.55191218853,
        "dmean2": 1.75044047832,
        "dvar": 2.09410405159,
        "dvar2": 3.10159420967,
        "max": 47.3331031799,
        "mean": 15.3844070435,
        "median": 14.5751638412,
        "min": 1.20046737066e-16,
        "var": 65.2787628174
    },
    "melbands_kurtosis": {
        "dmean": 0.600127518177,
        "dmean2": 0.873840332031,
        "dvar": 0.39957383275,
        "dvar2": 0.886739134789,
        "max": 9.39976882935,
        "mean": 1.45814931393,
        "median": 1.215893507,
        "min": -1.35055232048,
        "var": 2.4769141674
    },
    "melbands_skewness": {
        "dmean": 0.188417240977,
        "dmean2": 0.269516468048,
        "dvar": 0.0243863146752,
        "dvar2": 0.0500314123929,
        "max": 2.57464623451,
        "mean": 0.610845804214,
        "median": 0.621942460537,
        "min": -1.28556370735,
        "var": 0.240491479635
    },
    "melbands_spread": {
        "dmean": 1.45176804066,
        "dmean2": 2.25112080574,
        "dvar": 56.21068573,
        "dvar2": 108.908401489,
        "max": 157.742675781,
        "mean": 9.40705680847,
        "median": 8.14518165588,
        "min": 3.33252811432,
        "var": 144.137130737
    },
    "pitch_salience": {
        "dmean": 0.036483310163,
        "dmean2": 0.0528271049261,
        "dvar": 0.000999038107693,
        "dvar2": 0.0021546324715,
        "max": 0.889058828354,
        "mean": 0.617460489273,
        "median": 0.620992660522,
        "min": 0.31416195631,
        "var": 0.00820509158075
    },
    "silence_rate_20dB": {
        "dmean": 0,
        "dmean2": 0,
        "dvar": 0,
        "dvar2": 0,
        "max": 1,
        "mean": 1,
        "median": 1,
        "min": 1,
        "var": 0
    },
    "silence_rate_30dB": {
        "dmean": 0,
        "dmean2": 0,
        "dvar": 0,
        "dvar2": 0,
        "max": 1,
        "mean": 1,
        "median": 1,
        "min": 1,
        "var": 0
    },
    "silence_rate_60dB": {
        "dmean": 0.00312989042141,
        "dmean2": 0.00626959232613,
        "dvar": 0.00312007358298,
        "dvar2": 0.00623031519353,
        "max": 1,
        "mean": 0.0546875,
        "median": 0,
        "min": 0,
        "var": 0.0516967773438
    },
    "spectral_centroid": {
        "dmean": 54.2957267761,
        "dmean2": 61.9631156921,
        "dvar": 201736.96875,
        "dvar2": 153082.453125,
        "max": 11295.7929688,
        "mean": 576.563842773,
        "median": 524.905395508,
        "min": 360.904571533,
        "var": 405342.5
    },
    "spectral_complexity": {
        "dmean": 0.957746505737,
        "dmean2": 1.60188090801,
        "dvar": 0.804165303707,
        "dvar2": 2.02645421028,
        "max": 17,
        "mean": 11.9750003815,
        "median": 13,
        "min": 0,
        "var": 8.88687324524
    },
    "spectral_crest": {
        "dmean": 1.19794547558,
        "dmean2": 1.66149270535,
        "dvar": 0.989776015282,
        "dvar2": 1.98989069462,
        "max": 21.9093914032,
        "mean": 9.71264457703,
        "median": 9.00127983093,
        "min": 4.64671754837,
        "var": 9.99123954773
    },
    "spectral_decrease": {
        "dmean": 8.82480977182e-10,
        "dmean2": 1.14310316768e-09,
        "dvar": 6.55749395155e-19,
        "dvar2": 1.33644448963e-18,
        "max": 1.2434721547e-29,
        "mean": -7.74433939199e-09,
        "median": -7.3494259567e-09,
        "min": -2.43572948477e-08,
        "var": 1.59153553409e-17
    },
    "spectral_energy": {
        "dmean": 0.0034605213441,
        "dmean2": 0.00445891078562,
        "dvar": 1.00862898762e-05,
        "dvar2": 2.03310137294e-05,
        "max": 0.0962232276797,
        "mean": 0.030624281615,
        "median": 0.02906620875,
        "min": 1.08416632261e-20,
        "var": 0.000248687138082
    },
    "spectral_energyband_high": {
        "dmean": 1.35362526521e-07,
        "dmean2": 2.1526825833e-07,
        "dvar": 1.79671087172e-14,
        "dvar2": 4.2541101528e-14,
        "max": 1.84213968168e-06,
        "mean": 6.62747766e-07,
        "median": 6.31503098703e-07,
        "min": 7.7003196419e-21,
        "var": 1.16862574305e-13
    },
    "spectral_energyband_low": {
        "dmean": 0.000759858172387,
        "dmean2": 0.00133866642136,
        "dvar": 8.53698168157e-07,
        "dvar2": 2.62906269199e-06,
        "max": 0.00854858569801,
        "mean": 0.00160313327797,
        "median": 0.00132048432715,
        "min": 5.79960755643e-23,
        "var": 1.5584043922e-06
    },
    "spectral_energyband_middle_high": {
        "dmean": 0.000668946595397,
        "dmean2": 0.000594963727053,
        "dvar": 5.44973488559e-07,
        "dvar2": 4.73482003827e-07,
        "max": 0.0183415599167,
        "mean": 0.00396679248661,
        "median": 0.00340104731731,
        "min": 1.64423856197e-21,
        "var": 8.57127997733e-06
    },
    "spectral_energyband_middle_low": {
        "dmean": 0.00317308702506,
        "dmean2": 0.00406520394608,
        "dvar": 8.79985964275e-06,
        "dvar2": 1.78875325219e-05,
        "max": 0.0929118618369,
        "mean": 0.0256617125124,
        "median": 0.0236472003162,
        "min": 2.86799709584e-22,
        "var": 0.000208286961424
    },
    "spectral_flatness_db": {
        "dmean": 0.0117135932669,
        "dmean2": 0.0186160467565,
        "dvar": 0.000137360635563,
        "dvar2": 0.000234770297538,
        "max": 0.403002232313,
        "mean": 0.329251557589,
        "median": 0.330609798431,
        "min": 0.0642572790384,
        "var": 0.00106619019061
    },
    "spectral_flux": {
        "dmean": 0.00814499519765,
        "dmean2": 0.0135670006275,
        "dvar": 5.07167787873e-05,
        "dvar2": 0.000145282319863,
        "max": 0.0832170248032,
        "mean": 0.0408323667943,
        "median": 0.0406130477786,
        "min": 1.04123307199e-10,
        "var": 0.000246083305683
    },
    "spectral_kurtosis": {
        "dmean": 31.7184505463,
        "dmean2": 56.8549919128,
        "dvar": 634.731445312,
        "dvar2": 1717.5090332,
        "max": 162.869934082,
        "mean": 85.3555755615,
        "median": 88.8285369873,
        "min": -1.17137157917,
        "var": 1086.47875977
    },
    "spectral_rms": {
        "dmean": 0.000304817513097,
        "dmean2": 0.000384381768527,
        "dvar": 5.99434528681e-08,
        "dvar2": 1.27188613419e-07,
        "max": 0.00968897901475,
        "mean": 0.00521336542442,
        "median": 0.00532515486702,
        "min": 3.25226564429e-12,
        "var": 2.6981801966e-06
    },
    "spectral_rolloff": {
        "dmean": 96.8824310303,
        "dmean2": 178.306793213,
        "dvar": 1012840.875,
        "dvar2": 2018839.625,
        "max": 18841.5527344,
        "mean": 860.82244873,
        "median": 710.595703125,
        "min": 473.73046875,
        "var": 2527404
    },
    "spectral_skewness": {
        "dmean": 1.68381404877,
        "dmean2": 3.0030477047,
        "dvar": 1.52713799477,
        "dvar2": 4.20167446136,
        "max": 10.5570631027,
        "mean": 6.43039464951,
        "median": 6.51370954514,
        "min": 0.00675987685099,
        "var": 2.83355545998
    },
    "spectral_spread": {
        "dmean": 330668.71875,
        "dmean2": 481145.78125,
        "dvar": 2.92883503514e+12,
        "dvar2": 2.6172719104e+12,
        "max": 40590528,
        "mean": 1023333.1875,
        "median": 810160.125,
        "min": 446082.53125,
        "var": 5.19168117965e+12
    },
    "spectral_strongpeak": {
        "dmean": 0.359195679426,
        "dmean2": 0.546090483665,
        "dvar": 0.189670652151,
        "dvar2": 0.491165339947,
        "max": 5.52486038208,
        "mean": 1.79303646088,
        "median": 1.64901542664,
        "min": 0,
        "var": 0.999751389027
    },
    "zerocrossingrate": {
        "dmean": 0.00321776582859,
        "dmean2": 0.00479250354692,
        "dvar": 0.000524019706063,
        "dvar2": 0.000925838947296,
        "max": 0.50927734375,
        "mean": 0.0302223209292,
        "median": 0.0263671875,
        "min": 0.01513671875,
        "var": 0.00170836166944
    },
    "barkbands": {
        "dmean": [1.17366507766e-05, 0.000279726664303, 0.000412966735894, 0.000551917299163, 0.00139244319871, 0.000828676449601, 0.00149289064575, 0.00121433951426, 0.000510901154485, 0.000328282738337, 0.000385221268516, 0.000127896943013, 4.34786197729e-05, 8.58242274262e-05, 4.96141583426e-05, 1.77759670805e-06, 1.99306828108e-06, 1.14050590128e-06, 6.35888397937e-07, 3.05523940369e-07, 7.09387038e-08, 2.50451783756e-08, 8.67820304506e-09, 3.34781913303e-09, 1.66686753289e-09, 1.38968858643e-09, 1.35735689355e-09],
        "dmean2": [1.93989417312e-05, 0.000493768660817, 0.000724643585272, 0.00086187076522, 0.00210804864764, 0.000967474654317, 0.00182978820521, 0.00122128752992, 0.000442294724053, 0.000284549809294, 0.000368343549781, 0.000145884172525, 4.58757713204e-05, 9.39834717428e-05, 6.29281857982e-05, 2.97233737001e-06, 3.31753267346e-06, 1.96683322429e-06, 9.69569782683e-07, 4.90726336011e-07, 1.13096149335e-07, 4.00000779166e-08, 1.48437173664e-08, 5.92999294113e-09, 3.04085445713e-09, 2.55679721839e-09, 2.55590282272e-09],
        "dvar": [1.95612165355e-10, 1.01452585e-07, 3.56693618642e-07, 4.46339271321e-07, 2.19113212552e-06, 6.0899287746e-07, 3.54199346475e-06, 2.24676296057e-06, 2.9495552667e-07, 1.9989413147e-07, 3.79861205602e-07, 2.51878855551e-08, 5.32498400929e-09, 1.16019078789e-08, 7.09446279501e-09, 4.4034814857e-12, 6.98017902159e-12, 1.43460839996e-12, 4.29221952035e-13, 1.12260583316e-13, 5.16207966672e-15, 8.3376481141e-16, 7.10816218876e-17, 1.0062978888e-17, 3.12188613128e-18, 2.95774433963e-18, 3.32086422083e-18],
        "dvar2": [4.94127405659e-10, 3.48966693764e-07, 1.1262454791e-06, 1.23601705582e-06, 5.92638662056e-06, 1.04307230231e-06, 7.39115057513e-06, 2.58094542005e-06, 2.36051974412e-07, 1.53463432184e-07, 2.90502669031e-07, 3.1055169103e-08, 4.71441019556e-09, 1.37076243689e-08, 1.02886570374e-08, 1.2340880054e-11, 1.94439499224e-11, 4.35774983806e-12, 1.09894580415e-12, 2.89513394812e-13, 1.24905096235e-14, 2.05425077346e-15, 2.04606883224e-16, 3.01791916494e-17, 9.95662000489e-18, 9.34115792448e-18, 1.0300810685e-17],
        "max": [0.000111453722639, 0.00246905349195, 0.00598048651591, 0.00888907723129, 0.0255894418806, 0.0144098792225, 0.0361091345549, 0.0616398714483, 0.0153952371329, 0.0133977634832, 0.0149035369977, 0.00478123314679, 0.0021676926408, 0.00203638919629, 0.00138691684697, 3.37990240951e-05, 3.04556542687e-05, 1.27677403725e-05, 8.85043118615e-06, 4.40764688392e-06, 1.0269232007e-06, 5.18506396929e-07, 8.31523578881e-08, 3.49532882638e-08, 1.54426906818e-08, 1.35043300986e-08, 1.35514257593e-08],
        "mean": [1.5937959688e-05, 0.000418634910602, 0.000588892726228, 0.00136604276486, 0.00491305813193, 0.00411358382553, 0.00600657938048, 0.00669282674789, 0.00252157868817, 0.00137505610473, 0.0014673282858, 0.000503876945004, 0.000165373669006, 0.000304816610878, 0.000155640445882, 4.50160951004e-06, 4.65203902422e-06, 2.9575114695e-06, 1.7311974716e-06, 8.68052325131e-07, 2.52806501067e-07, 9.15929803114e-08, 3.18379385078e-08, 1.24610739505e-08, 4.41274661256e-09, 1.68123404087e-09, 1.07564224194e-09],
        "median": [1.01212845038e-05, 0.000299061008263, 0.000387695123209, 0.000995096517727, 0.00383833842352, 0.00358102447353, 0.00410039164126, 0.00401634862646, 0.00189425738063, 0.000767990248278, 0.000766514800489, 0.000336802331731, 6.12193034613e-05, 0.000163410746609, 3.04457316815e-05, 3.67564143744e-06, 2.97176188724e-06, 2.54066526395e-06, 1.4468844256e-06, 7.02144120623e-07, 2.18593342538e-07, 6.92603094876e-08, 3.16835979675e-08, 1.21730314717e-08, 4.18517931422e-09, 1.13298348481e-09, 4.13491518803e-10],
        "min": [1.25352395977e-23, 2.58883938477e-23, 1.55658838456e-23, 5.16032256745e-24, 2.18821037871e-23, 6.37891292644e-23, 2.7173257358e-23, 5.25817318968e-23, 5.33777935243e-23, 4.67747185142e-23, 6.60407465471e-23, 1.38951903599e-22, 1.21602264829e-22, 7.0879606718e-23, 9.36498495553e-23, 1.46078308934e-22, 8.95883076769e-23, 2.36262780885e-22, 2.10637360131e-22, 2.15874525639e-22, 3.13982114573e-22, 5.27375300323e-22, 5.75783642487e-22, 8.50706085577e-22, 1.28164900936e-21, 1.43367030605e-21, 2.38227349986e-21],
        "var": [3.07857073167e-10, 1.70964682411e-07, 4.24636880325e-07, 1.61940954513e-06, 1.65841538546e-05, 9.28045847104e-06, 4.28456696682e-05, 6.91019013175e-05, 5.83476821703e-06, 3.18841262015e-06, 4.07279503634e-06, 3.4030543361e-07, 8.10469771295e-08, 1.39242132491e-07, 5.94255205044e-08, 1.20651865235e-11, 2.39820802106e-11, 4.16276171519e-12, 1.58968649876e-12, 4.2113724617e-13, 2.69807132636e-14, 6.05447546346e-15, 2.50171975065e-16, 3.5854848409e-17, 5.28350118458e-18, 2.71377320822e-18, 2.59205420147e-18]
    },
    "erbbands": {
        "dmean": [0.00539709068835, 0.0746890157461, 0.314558088779, 1.24490082264, 2.41613936424, 5.51443147659, 8.92691898346, 6.87171888351, 8.92485618591, 31.1855926514, 23.1557254791, 9.27467060089, 9.80127048492, 15.0435819626, 6.638651371, 3.3644592762, 2.11700034142, 2.12433075905, 3.72743701935, 1.69045782089, 0.116989538074, 0.131775736809, 0.0715524107218, 0.0340117253363, 0.0197184123099, 0.00850358977914, 0.00325461803004, 0.00274767633528, 0.00122255028691, 0.000372980313841, 0.000221749316552, 0.000101466590422, 4.25222169724e-05, 2.05865526368e-05, 1.13934247565e-05, 6.09768449067e-06, 2.72822967418e-06, 9.02726753793e-07, 1.63374329532e-06, 3.86435931432e-06],
        "dmean2": [0.00889866519719, 0.134466439486, 0.555621445179, 2.06889033318, 3.75845527649, 8.7721452713, 11.2095909119, 8.56930923462, 9.92690181732, 39.0041923523, 20.7670459747, 8.64504909515, 7.93777561188, 13.0585460663, 7.07495212555, 3.76629161835, 2.11510491371, 2.24872350693, 4.21941757202, 2.11127376556, 0.176838740706, 0.218026697636, 0.124117545784, 0.0536481700838, 0.0319405160844, 0.0137711558491, 0.00507867755368, 0.00432785367593, 0.00193467049394, 0.000630958587863, 0.000383992301067, 0.000180347749847, 7.49550818e-05, 3.66238346032e-05, 2.0630637664e-05, 1.07968380689e-05, 4.79679920318e-06, 1.6400331333e-06, 2.05207652471e-06, 4.94381583849e-06],
        "dvar": [3.61452366633e-05, 0.00757349422202, 0.171881854534, 2.40078353882, 7.57632541656, 40.6392364502, 104.379425049, 56.1792945862, 112.46408844, 1279.43273926, 659.945983887, 113.679550171, 127.52256012, 548.209228516, 51.2768135071, 15.127696991, 10.0164957047, 9.88724327087, 17.1887702942, 7.62445449829, 0.0133863799274, 0.0329140871763, 0.00623843120411, 0.00113811367191, 0.00037014807458, 6.21702638455e-05, 9.97276220005e-06, 9.09781465452e-06, 2.22401945393e-06, 1.27700872099e-07, 4.16667660375e-08, 8.87043061226e-09, 1.62879953969e-09, 4.19846546418e-10, 1.44726786111e-10, 4.63477867196e-11, 1.02381436662e-11, 1.28659290253e-12, 2.23295383919e-12, 1.25764450937e-11],
        "dvar2": [0.000108058120531, 0.0263933036476, 0.546033799648, 6.91995620728, 21.4476222992, 114.398071289, 179.518280029, 108.512489319, 143.029281616, 2819.27954102, 592.724365234, 123.371620178, 84.7579421997, 421.532684326, 55.1460266113, 17.8154811859, 8.77638530731, 11.6984004974, 22.6069908142, 10.7632026672, 0.0298635158688, 0.0909096077085, 0.0187845230103, 0.0029230217915, 0.000964368111454, 0.000162901415024, 2.40486788243e-05, 2.28990011237e-05, 5.36230527359e-06, 3.56317684691e-07, 1.21988833257e-07, 2.59092232113e-08, 4.84160178615e-09, 1.2950257533e-09, 4.48726666935e-10, 1.44044484673e-10, 3.04055877698e-11, 3.90938843797e-12, 4.4023027411e-12, 2.50356506359e-11],
        "max": [0.0597583949566, 0.677254974842, 3.99278259277, 15.5315380096, 42.2337760925, 76.8293762207, 202.08303833, 152.121109009, 268.770965576, 873.663879395, 1107.43579102, 245.936798096, 370.690979004, 578.334777832, 150.125106812, 113.336334229, 93.372543335, 88.5537948608, 82.7330322266, 46.7902908325, 1.58297789097, 2.14879608154, 0.87843644619, 0.515979468822, 0.240765571594, 0.089063577354, 0.0551215671003, 0.0356013961136, 0.0275573376566, 0.00367299793288, 0.00209157797508, 0.000951531925239, 0.000470287632197, 0.000219874942559, 0.00014127077884, 8.79023427842e-05, 4.36300615547e-05, 1.13465794129e-05, 4.61906383862e-05, 0.000108333399112],
        "mean": [0.00811293907464, 0.111182846129, 0.529368937016, 2.86159944534, 7.15545749664, 16.5556049347, 33.5561141968, 36.4805259705, 49.6265716553, 137.654693604, 135.355072021, 52.556388855, 50.6176681519, 63.2176399231, 29.9693107605, 14.3709745407, 8.98758983612, 9.05845832825, 13.3402347565, 5.69896745682, 0.42287093401, 0.332159042358, 0.192249462008, 0.114167705178, 0.0647527724504, 0.0284806452692, 0.0127274692059, 0.00898371171206, 0.00442408677191, 0.00144279829692, 0.000786274846178, 0.000391402834794, 0.000178134912858, 8.15870444058e-05, 4.41568554379e-05, 2.55145077972e-05, 1.16545115816e-05, 2.61432523985e-06, 1.4855473637e-05, 3.45564876625e-05],
        "median": [0.00602201931179, 0.0784302055836, 0.396676540375, 2.2218132019, 4.19398784637, 13.1979675293, 24.0374736786, 29.3204231262, 37.0085067749, 100.43636322, 95.4179229736, 31.9099788666, 36.0748291016, 39.9028930664, 23.0999259949, 10.0893144608, 4.34883403778, 4.29808759689, 8.9651222229, 1.77235293388, 0.34825617075, 0.214179992676, 0.159025549889, 0.105259746313, 0.0600457489491, 0.0266356170177, 0.011433083564, 0.00738244783133, 0.00313637475483, 0.00148067274131, 0.000780207454227, 0.00038401177153, 0.000177672802238, 8.06071038824e-05, 4.26502047048e-05, 2.39078235609e-05, 1.06415836854e-05, 2.3451530069e-06, 1.41372638609e-05, 3.29154863721e-05],
        "min": [1.48630391344e-21, 3.55619970297e-21, 1.55480438383e-20, 2.05056684447e-20, 3.10940035692e-20, 6.81930605046e-20, 2.21624175076e-19, 6.9708593681e-19, 3.42053478006e-19, 1.02246120477e-18, 1.11555604001e-18, 1.31172243927e-18, 1.14551724558e-18, 2.30003835214e-18, 2.33134734512e-18, 5.66343516609e-18, 6.28796521396e-18, 3.81822848442e-18, 4.00289862412e-18, 6.69578717624e-18, 8.60838260806e-18, 6.10228756827e-18, 1.14147715072e-17, 9.00220164333e-18, 1.02179445584e-17, 9.8631303977e-18, 1.25057251278e-17, 1.44840053177e-17, 1.75076184631e-17, 1.70607572982e-17, 1.75582568058e-17, 1.64824356273e-17, 1.5079929392e-17, 1.42993124305e-17, 9.42607215026e-18, 5.04749125297e-18, 2.93652839769e-18, 1.13654461068e-18, 3.20220045737e-19, 3.40844488917e-20],
        "var": [6.1130078393e-05, 0.0121908839792, 0.243510201573, 6.14843130112, 60.3102531433, 167.296524048, 935.58984375, 930.663696289, 2386.62548828, 16001.9355469, 23381.4101562, 2795.09716797, 2801.31542969, 6045.62158203, 641.302612305, 209.149780273, 156.76663208, 173.306793213, 172.001693726, 67.2604522705, 0.083912357688, 0.114525474608, 0.0180788282305, 0.00468874629587, 0.00157680676784, 0.000263231544523, 5.90228191868e-05, 4.04916172556e-05, 1.68941860466e-05, 4.67372672119e-07, 1.45912650851e-07, 3.34728440521e-08, 7.46181250122e-09, 1.4008730842e-09, 4.30029345466e-10, 1.58953211704e-10, 4.05161529327e-11, 2.57256867718e-12, 5.81111894715e-11, 3.16108528242e-10]
    },
    "gfcc": {
        "mean": [-153.097717285, 244.496795654, -128.111434937, -46.2874755859, -46.1211509705, -25.7396888733, -18.0135002136, -20.5947380066, -5.74515771866, -9.9474401474, -5.72588586807, -18.4238166809, -1.57639539242],
        "cov": [[12011.0410156, 2450.74145508, -1086.30810547, -344.311431885, -295.573394775, -347.941253662, -82.9946975708, -309.752258301, -24.0451755524, -262.357208252, -33.6995048523, -104.420089722, 183.075531006], [2450.74145508, 673.507995605, -236.674865723, -108.542549133, -48.4019203186, -72.8688964844, -8.51304721832, -58.5727386475, 0.801626205444, -41.9410133362, -6.63530063629, -39.9018630981, 22.2372722626], [-1086.30810547, -236.674865723, 225.419891357, 86.5717849731, 29.6722145081, 10.7577362061, 5.37212848663, 49.0326118469, 4.81410074234, 3.00164628029, -2.22332763672, 26.1755065918, 0.60466003418], [-344.311431885, -108.542549133, 86.5717849731, 134.590805054, 34.6335945129, 7.19455051422, -1.5254676342, 5.38229465485, 5.45026874542, -7.73930358887, -10.5409584045, 9.29685592651, 23.7549190521], [-295.573394775, -48.4019203186, 29.6722145081, 34.6335945129, 63.5166282654, 32.3237342834, 7.01566267014, 4.84886169434, 14.3366851807, 17.5611801147, -0.155181080103, -5.26402425766, 0.712991774082], [-347.941253662, -72.8688964844, 10.7577362061, 7.19455051422, 32.3237342834, 70.9113082886, 32.7157897949, 7.64748239517, -0.619822382927, 17.3398094177, 4.45366668701, 4.35312080383, -13.2518568039], [-82.9946975708, -8.51304721832, 5.37212848663, -1.5254676342, 7.01566267014, 32.7157897949, 73.4937133789, 30.9680900574, -0.656542301178, 2.93905758858, 8.33796977997, -2.19960522652, -18.958612442], [-309.752258301, -58.5727386475, 49.0326118469, 5.38229465485, 4.84886169434, 7.64748239517, 30.9680900574, 58.475276947, 16.4648323059, 3.3629732132, 0.741087675095, 1.3271728754, -15.7115945816], [-24.0451755524, 0.801626205444, 4.81410074234, 5.45026874542, 14.3366851807, -0.619822382927, -0.656542301178, 16.4648323059, 44.0811080933, 21.3645248413, -3.83466482162, -7.8254275322, 0.454751074314], [-262.357208252, -41.9410133362, 3.00164628029, -7.73930358887, 17.5611801147, 17.3398094177, 2.93905758858, 3.3629732132, 21.3645248413, 60.7027511597, 21.1948814392, -14.8556184769, -21.2254123688], [-33.6995048523, -6.63530063629, -2.22332763672, -10.5409584045, -0.155181080103, 4.45366668701, 8.33796977997, 0.741087675095, -3.83466482162, 21.1948814392, 46.4852905273, 14.9528484344, -17.6056537628], [-104.420089722, -39.9018630981, 26.1755065918, 9.29685592651, -5.26402425766, 4.35312080383, -2.19960522652, 1.3271728754, -7.8254275322, -14.8556184769, 14.9528484344, 52.4935874939, 25.346698761], [183.075531006, 22.2372722626, 0.60466003418, 23.7549190521, 0.712991774082, -13.2518568039, -18.958612442, -15.7115945816, 0.454751074314, -21.2254123688, -17.6056537628, 25.346698761, 73.5327682495]],
        "icov": [[0.000508308876306, -0.00134862097912, 0.00089879531879, -0.000546168652363, 0.000973108108155, 0.000177551424713, -0.000203773786779, 0.00068251171615, -0.000970861699898, 0.00140081625432, -0.00098989054095, 0.00050166004803, -0.000572371936869], [-0.00134862097912, 0.00686088996008, -0.000298419705359, 0.00289785698988, -0.00340638891794, 0.00230875867419, -0.00150940497406, 0.000448376347777, 8.57175255078e-05, -8.4281891759e-05, 0.000271666038316, 0.00145013863221, 4.52232452517e-05], [0.00089879531879, -0.000298419705359, 0.0124564385042, -0.00533193489537, -0.00150251493324, 0.00411264924332, 0.0010749787325, -0.00675865495577, 0.00229829084128, -0.000222764050704, 0.00167547969613, -0.00465712416917, 0.000989300431684], [-0.000546168652363, 0.00289785698988, -0.00533193489537, 0.0138080464676, -0.00644028931856, 0.00155605119653, -0.00230202754028, 0.00416466733441, -0.00223278603517, 0.00365641177632, -0.00112620042637, 0.00309537746944, -0.00356158846989], [0.000973108108155, -0.00340638891794, -0.00150251493324, -0.00644028931856, 0.0319557152689, -0.0162993017584, 0.00346356164664, 0.00229009217583, -0.0102218817919, 0.00315906666219, -0.00802763924003, 0.0102644981816, -0.00564977200702], [0.000177551424713, 0.00230875867419, 0.00411264924332, 0.00155605119653, -0.0162993017584, 0.0344728901982, -0.0155799640343, 0.0056125568226, 0.00622361106798, -0.0100574111566, 0.0127157038078, -0.0143988002092, 0.00694234436378], [-0.000203773786779, -0.00150940497406, 0.0010749787325, -0.00230202754028, 0.00346356164664, -0.0155799640343, 0.0280411504209, -0.0181087180972, 0.00508597958833, 0.00242797401734, -0.00658250227571, 0.00513266120106, -0.00045811329619], [0.00068251171615, 0.000448376347777, -0.00675865495577, 0.00416466733441, 0.00229009217583, 0.0056125568226, -0.0181087180972, 0.0417389385402, -0.0208620801568, 0.00983281154186, -0.00112152204383, -6.05908498983e-05, 0.00483362423256], [-0.000970861699898, 8.57175255078e-05, 0.00229829084128, -0.00223278603517, -0.0102218817919, 0.00622361106798, 0.00508597958833, -0.0208620801568, 0.0462117306888, -0.0265989135951, 0.0165999345481, -0.00890407618135, 0.000248159369221], [0.00140081625432, -8.4281891759e-05, -0.000222764050704, 0.00365641177632, 0.00315906666219, -0.0100574111566, 0.00242797401734, 0.00983281154186, -0.0265989135951, 0.0492029972374, -0.0328879468143, 0.0254289638251, -0.0060302359052], [-0.00098989054095, 0.000271666038316, 0.00167547969613, -0.00112620042637, -0.00802763924003, 0.0127157038078, -0.00658250227571, -0.00112152204383, 0.0165999345481, -0.0328879468143, 0.0563633106649, -0.0369549877942, 0.0198024418205], [0.00050166004803, 0.00145013863221, -0.00465712416917, 0.00309537746944, 0.0102644981816, -0.0143988002092, 0.00513266120106, -6.05908498983e-05, -0.00890407618135, 0.0254289638251, -0.0369549877942, 0.0532759577036, -0.0238502305001], [-0.000572371936869, 4.52232452517e-05, 0.000989300431684, -0.00356158846989, -0.00564977200702, 0.00694234436378, -0.00045811329619, 0.00483362423256, 0.000248159369221, -0.0060302359052, 0.0198024418205, -0.0238502305001, 0.0295939780772]]
    },
    "melbands": {
        "dmean": [6.20717764832e-05, 0.000141820521094, 0.000237277839915, 0.000229730154388, 0.000311910232995, 0.000146164180478, 0.000189347207197, 0.000331810239004, 0.000167067380971, 6.33303861832e-05, 5.32241137989e-05, 6.27537738183e-05, 3.43619249179e-05, 1.53310447786e-05, 7.10870517651e-06, 5.70407155465e-06, 4.34556841356e-06, 7.46757996239e-06, 5.34509263161e-06, 1.59089921681e-07, 1.03440093824e-07, 1.70348869233e-07, 5.98089968662e-08, 5.40129470039e-08, 3.12742933772e-08, 2.17208651065e-08, 1.65750950742e-08, 5.35794164591e-09, 2.47282105903e-09, 2.1491171065e-09, 1.29157329276e-09, 9.93768622948e-10, 2.92448620876e-10, 2.43683906387e-10, 1.53028659189e-10, 1.11604080144e-10, 6.60067209224e-11, 3.49884600459e-11, 2.5246860158e-11, 1.7812751274e-11],
        "dmean2": [0.000106174782559, 0.000254694256, 0.000374958792236, 0.000373401271645, 0.000415989168687, 0.00017886441492, 0.000223827402806, 0.00039620543248, 0.000147756873048, 5.77875034651e-05, 4.30776672147e-05, 5.35891049367e-05, 3.52828828909e-05, 1.80069182534e-05, 7.80835034675e-06, 5.74579598833e-06, 4.69293399874e-06, 8.35407900013e-06, 6.71402904118e-06, 2.6996136171e-07, 1.63356148164e-07, 2.86784853643e-07, 1.02318381323e-07, 9.0198632563e-08, 4.93374585631e-08, 3.33986918122e-08, 2.65281734357e-08, 8.9180476337e-09, 3.95659505159e-09, 3.42401795805e-09, 2.03723149461e-09, 1.54129420338e-09, 4.9285542314e-10, 4.1393261041e-10, 2.63127464262e-10, 1.95223795463e-10, 1.17085091622e-10, 6.11509870518e-11, 4.38150349336e-11, 3.18978281288e-11],
        "dvar": [4.63163196684e-09, 2.93168262999e-08, 7.11018941502e-08, 6.69444517598e-08, 1.2392935389e-07, 2.26594387698e-08, 5.57323680539e-08, 1.22598592611e-07, 3.05399368017e-08, 5.15708986626e-09, 3.89692100811e-09, 7.62479412941e-09, 1.95705562867e-09, 4.95787411126e-10, 1.16913020931e-10, 1.09339051702e-10, 3.55928064799e-11, 9.21817552846e-11, 8.3214268809e-11, 3.94477067114e-14, 1.20010626464e-14, 5.78238899904e-14, 4.11315811055e-15, 2.7911728257e-15, 1.03834317345e-15, 5.15572014335e-16, 4.09884378314e-16, 3.46624245426e-17, 5.84216035873e-18, 4.73140362063e-18, 1.94810836346e-18, 1.67734764375e-18, 7.53313189982e-20, 6.10303872582e-20, 2.10205059811e-20, 1.2716516552e-20, 3.83124735406e-21, 1.06279864795e-21, 6.21646374686e-22, 3.07818447709e-22],
        "dvar2": [1.5063699621e-08, 9.48033545001e-08, 2.02598840815e-07, 1.93483174371e-07, 2.58451535728e-07, 4.25455475295e-08, 9.16644609106e-08, 2.53041548604e-07, 2.70592028784e-08, 5.46195311202e-09, 2.63101296305e-09, 6.05369709916e-09, 1.80021308971e-09, 5.85302639688e-10, 1.28970445434e-10, 9.44385125656e-11, 4.20377448129e-11, 1.14484352554e-10, 1.18764692525e-10, 1.14498932254e-13, 2.8863762373e-14, 1.62973787569e-13, 1.24625719358e-14, 8.05681476396e-15, 2.64354768849e-15, 1.33211421071e-15, 1.05007923845e-15, 8.36204557466e-17, 1.45609066449e-17, 1.07379417243e-17, 5.05770197046e-18, 4.00954129803e-18, 2.11305600997e-19, 1.74279936954e-19, 6.15734377927e-20, 3.65967967448e-20, 1.11614436576e-20, 3.19529652041e-21, 1.8341263938e-21, 9.49496815434e-22],
        "max": [0.000580500345677, 0.00153432763182, 0.00319843739271, 0.00318078580312, 0.00698592048138, 0.00306011363864, 0.00577424187213, 0.00899082235992, 0.00720672728494, 0.00173913093749, 0.00187663570978, 0.00211281795055, 0.00101127440576, 0.000670413079206, 0.000233824466704, 0.000300913554383, 0.000148599065142, 0.000192990046344, 0.000151305110194, 3.06525544147e-06, 1.488486987e-06, 2.69572046818e-06, 7.00737643911e-07, 6.88891873324e-07, 4.70316081191e-07, 2.63760284724e-07, 2.62887709823e-07, 6.86954066964e-08, 3.33241416683e-08, 3.65838666028e-08, 1.6777251588e-08, 2.41109958665e-08, 2.75868794475e-09, 2.50738607654e-09, 1.53089307897e-09, 1.00009533988e-09, 5.63337265724e-10, 3.48836431963e-10, 2.08402725632e-10, 1.4993765951e-10],
        "mean": [9.68272070168e-05, 0.000237907210249, 0.000637975463178, 0.000728766899556, 0.00116205506492, 0.000795816187747, 0.000917078345083, 0.00164827832486, 0.000928930356167, 0.00032866364927, 0.000258376065176, 0.000264008529484, 0.000142117933137, 5.51257980987e-05, 2.41634879785e-05, 2.19953235501e-05, 1.66088921105e-05, 2.46348390647e-05, 1.68050519278e-05, 4.57887523453e-07, 2.57917122326e-07, 3.80354805429e-07, 1.53352331722e-07, 1.4517209479e-07, 8.8388347308e-08, 6.16907769313e-08, 3.89998113803e-08, 1.47619001467e-08, 8.39761948868e-09, 6.82310830058e-09, 3.85580900542e-09, 3.11636161321e-09, 8.62146631864e-10, 7.25503546128e-10, 4.51759796238e-10, 3.17991744048e-10, 2.00214594903e-10, 1.15979836846e-10, 7.65541657843e-11, 4.44168868352e-11],
        "median": [7.23387638573e-05, 0.00018604833167, 0.000468789803563, 0.000604377069976, 0.000894284050446, 0.000662085483782, 0.000669412023854, 0.00133288861252, 0.000665978819598, 0.000180218776222, 0.000174790344317, 0.000170420913491, 9.51284018811e-05, 2.77872277366e-05, 6.54614632367e-06, 5.23131893715e-06, 7.75491116656e-06, 1.38724981298e-05, 2.99435941997e-06, 4.11772703046e-07, 2.03957711165e-07, 2.2511758857e-07, 1.2527658555e-07, 1.24816850189e-07, 7.37998249178e-08, 5.28299892721e-08, 2.37893509336e-08, 1.13521938516e-08, 7.46404360541e-09, 5.89405502183e-09, 2.93872881585e-09, 1.77753101127e-09, 8.34739499744e-10, 7.05748459673e-10, 4.35671054788e-10, 2.96915658726e-10, 1.88667234613e-10, 1.13240673782e-10, 7.21884635402e-11, 4.26364117623e-11],
        "min": [1.10881081881e-23, 6.4300225934e-24, 3.50940748121e-24, 3.55959244542e-24, 7.57061606587e-24, 1.39446894884e-23, 5.32687792581e-24, 1.19329143198e-23, 9.65211943875e-24, 7.13088606464e-24, 5.14827547814e-24, 8.51133506193e-24, 7.78784705993e-24, 9.8984089131e-24, 1.56762975511e-23, 1.14959019444e-23, 5.39646926272e-24, 6.46548189109e-24, 7.26737635618e-24, 9.92746029366e-24, 9.53827734379e-24, 5.95986149388e-24, 7.27462835448e-24, 1.15924277536e-23, 6.50955278885e-24, 8.87966762921e-24, 5.91168694169e-24, 6.80129524527e-24, 7.65038489175e-24, 7.50640436591e-24, 8.82911505582e-24, 1.05123880331e-23, 8.8199445478e-24, 9.35256607607e-24, 9.40560435017e-24, 1.07326443087e-23, 8.7237674151e-24, 8.80658045521e-24, 1.07765633508e-23, 1.06757705929e-23],
