{
"metadata": {
    "version": {
        "essentia": "2.0.1",
        "extractor": "archive-music 1.0"
    },
    "audio_properties": {
        "analysis_sample_rate": 44100,
        "bitrate": 128,
        "channels": 2,
        "equal_loudness": 0,
        "length": 15.3599996567,
        "replay_gain": -5.99843215942,
        "downmix": "mix"
    },
    "tags": {
        "track": 1,
        "year": 0,
        "album": "Cuento De Primavera",
        "artist": "Francisco Mura",
        "comment": "",
        "genre": "Other",
        "title": "En tu ausencia"
    }
},
"highlevel": {
    "culture": {
        "all": {
            "non_western": 0.0701307430863,
            "western": 0.929869234562
        },
        "probability": 0.929869234562,
        "value": "western"
    },
    "danceability": {
        "all": {
            "danceable": 0.581059932709,
            "not_danceable": 0.418940067291
        },
        "probability": 0.581059932709,
        "value": "danceable"
    },
    "gender": {
        "all": {
            "female": 0.549809575081,
            "male": 0.450190395117
        },
        "probability": 0.549809575081,
        "value": "female"
    },
    "genre_dortmund": {
        "all": {
            "alternative": 0.0304682645947,
            "blues": 0.0109198978171,
            "electronic": 0.0299024283886,
            "folkcountry": 0.0106573244557,
            "funksoulrnb": 0.0279144588858,
            "jazz": 0.529505372047,
            "pop": 0.0206651370972,
            "raphiphop": 0.132358908653,
            "rock": 0.207608222961
        },
        "probability": 0.529505372047,
        "value": "jazz"
    },
    "genre_electronic": {
        "all": {
            "ambient": 0.769390940666,
            "dnb": 0.072193570435,
            "house": 0.112373933196,
            "techno": 0.0134982476011,
            "trance": 0.0325433388352
        },
        "probability": 0.769390940666,
        "value": "ambient"
    },
    "genre_rosamerica": {
        "all": {
            "cla": 0.0136610735208,
            "dan": 0.348032027483,
            "hip": 0.348167359829,
            "jaz": 0.0101816309616,
            "pop": 0.0326999649405,
            "rhy": 0.1292001158,
            "roc": 0.104023247957,
            "spe": 0.0140345869586
        },
        "probability": 0.348167359829,
        "value": "hip"
    },
    "genre_tzanetakis": {
        "all": {
            "blu": 0.00305656623095,
            "cla": 0.00328541127965,
            "cou": 0.00515079358593,
            "dis": 0.0151466121897,
            "hip": 0.508235931396,
            "jaz": 0.0152081735432,
            "met": 0.0179415363818,
            "pop": 0.217805668712,
            "reg": 0.0725930258632,
            "roc": 0.141576290131
        },
        "probability": 0.508235931396,
        "value": "hip"
    },
    "mirex_ballroom": {
        "all": {
            "ChaChaCha": 0.436538249254,
            "Jive": 0.328566789627,
            "Quickstep": 0.0156939011067,
            "Rumba-American": 0.00272146705538,
            "Rumba-International": 0.033404070884,
            "Rumba-Misc": 0.0207887198776,
            "Samba": 0.108752340078,
            "Tango": 0.00187674176414,
            "VienneseWaltz": 0.0446024648845,
            "Waltz": 0.00705526629463
        },
        "probability": 0.436538249254,
        "value": "ChaChaCha"
    },
    "mood_acoustic": {
        "all": {
            "acoustic": 0.345008432865,
            "not_acoustic": 0.654991567135
        },
        "probability": 0.654991567135,
        "value": "not_acoustic"
    },
    "mood_aggressive": {
        "all": {
            "aggressive": 0.368631005287,
            "not_aggressive": 0.631368994713
        },
        "probability": 0.631368994713,
        "value": "not_aggressive"
    },
    "mood_electronic": {
        "all": {
            "electronic": 0.865959823132,
            "not_electronic": 0.134040176868
        },
        "probability": 0.865959823132,
        "value": "electronic"
    },
    "mood_happy": {
        "all": {
            "happy": 0.230951920152,
            "not_happy": 0.769048094749
        },
        "probability": 0.769048094749,
        "value": "not_happy"
    },
    "mood_party": {
        "all": {
            "not_party": 0.593934595585,
            "party": 0.406065374613
        },
        "probability": 0.593934595585,
        "value": "not_party"
    },
    "mood_relaxed": {
        "all": {
            "not_relaxed": 0.285139113665,
            "relaxed": 0.714860916138
        },
        "probability": 0.714860916138,
        "value": "relaxed"
    },
    "mood_sad": {
        "all": {
            "not_sad": 0.187118291855,
            "sad": 0.812881708145
        },
        "probability": 0.812881708145,
        "value": "sad"
    },
    "moods_mirex": {
        "all": {
            "Cluster1": 0.597610294819,
            "Cluster2": 0.102181144059,
            "Cluster3": 0.117173425853,
            "Cluster4": 0.0366155318916,
            "Cluster5": 0.146419614553
        },
        "probability": 0.597610294819,
        "value": "Cluster1"
    },
    "timbre": {
        "all": {
            "bright": 0.232142016292,
            "dark": 0.767857968807
        },
        "probability": 0.767857968807,
        "value": "dark"
    },
    "tonal_atonal": {
        "all": {
            "atonal": 0.439781039953,
            "tonal": 0.560218989849
        },
        "probability": 0.560218989849,
        "value": "tonal"
    },
    "voice_instrumental": {
        "all": {
            "instrumental": 0.576490402222,
            "voice": 0.423509627581
        },
        "probability": 0.576490402222,
        "value": "instrumental"
    }
},
"lowlevel": {
    "average_loudness": 0.974956393242,
    "barkbands_kurtosis": {
        "dmean": 10.2274026871,
        "dmean2": 17.5404891968,
        "dvar": 505.037109375,
        "dvar2": 1369.08398438,
        "max": 170.9949646,
        "mean": 12.9784975052,
        "median": 6.7315530777,
        "min": -1.62955152988,
        "var": 436.138946533
    },
    "barkbands_skewness": {
        "dmean": 0.909994006157,
        "dmean2": 1.45465266705,
        "dvar": 1.75191712379,
        "dvar2": 4.43384408951,
        "max": 11.4905548096,
        "mean": 2.88389444351,
        "median": 2.55726885796,
        "min": -2.00983595848,
        "var": 2.87674069405
    },
    "barkbands_spread": {
        "dmean": 5.93519115448,
        "dmean2": 9.08656406403,
        "dvar": 41.0325469971,
        "dvar2": 101.528778076,
        "max": 85.4485168457,
        "mean": 18.9967765808,
        "median": 16.3571224213,
        "min": 1.18880295753,
        "var": 158.772109985
    },
    "dissonance": {
        "dmean": 0.0152313830331,
        "dmean2": 0.025204051286,
        "dvar": 0.000173943320988,
        "dvar2": 0.000461121322587,
        "max": 0.499352574348,
        "mean": 0.466514855623,
        "median": 0.470557421446,
        "min": 0.398324638605,
        "var": 0.000385246472433
    },
    "dynamic_complexity": 2.88967967033,
    "erbbands_kurtosis": {
        "dmean": 0.632981419563,
        "dmean2": 1.03853285313,
        "dvar": 0.569646894932,
        "dvar2": 1.42865979671,
        "max": 5.42876625061,
        "mean": -0.535966992378,
        "median": -0.835144281387,
        "min": -1.7338103056,
        "var": 1.12304139137
    },
    "erbbands_skewness": {
        "dmean": 0.347397476435,
        "dmean2": 0.559701323509,
        "dvar": 0.0864294022322,
        "dvar2": 0.213084191084,
        "max": 2.41430330276,
        "mean": 0.539912700653,
        "median": 0.53273832798,
        "min": -1.32273542881,
        "var": 0.350986480713
    },
    "erbbands_spread": {
        "dmean": 9.52875900269,
        "dmean2": 14.2064828873,
        "dvar": 69.8292922974,
        "dvar2": 144.433380127,
        "max": 129.861236572,
        "mean": 63.7005157471,
        "median": 64.4315109253,
        "min": 17.2587680817,
        "var": 373.419158936
    },
    "hfc": {
        "dmean": 6.70134305954,
        "dmean2": 10.3587799072,
        "dvar": 151.16897583,
        "dvar2": 381.853057861,
        "max": 100.243522644,
        "mean": 14.8733978271,
        "median": 10.0381546021,
        "min": 1.16623440175e-16,
        "var": 211.325958252
    },
    "melbands_kurtosis": {
        "dmean": 24.4907798767,
        "dmean2": 40.9374771118,
        "dvar": 2299.33154297,
        "dvar2": 6058.38476562,
        "max": 386.463134766,
        "mean": 40.7852706909,
        "median": 26.733833313,
        "min": -1.23683214188,
        "var": 2308.04443359
    },
    "melbands_skewness": {
        "dmean": 1.18490624428,
        "dmean2": 1.85632967949,
        "dvar": 2.06494760513,
        "dvar2": 4.87862110138,
        "max": 14.2017202377,
        "mean": 4.74799108505,
        "median": 4.49517059326,
        "min": -0.145824924111,
        "var": 4.73075675964
    },
    "melbands_spread": {
        "dmean": 4.65035533905,
        "dmean2": 7.13774251938,
        "dvar": 39.465221405,
        "dvar2": 83.687828064,
        "max": 136.229385376,
        "mean": 14.2749900818,
        "median": 11.2875947952,
        "min": 0.818597853184,
        "var": 175.154724121
    },
    "pitch_salience": {
        "dmean": 0.0794130861759,
        "dmean2": 0.13486404717,
        "dvar": 0.00557795120403,
        "dvar2": 0.0143631547689,
        "max": 0.878561019897,
        "mean": 0.54473221302,
        "median": 0.552251219749,
        "min": 0.190576016903,
        "var": 0.0114466100931
    },
    "silence_rate_20dB": {
        "dmean": 0.00906344410032,
        "dmean2": 0.0181543119252,
        "dvar": 0.00898124836385,
        "dvar2": 0.026902096346,
        "max": 1,
        "mean": 0.995475113392,
        "median": 1,
        "min": 0,
        "var": 0.00450442964211
    },
    "silence_rate_30dB": {
        "dmean": 0.0845921486616,
        "dmean2": 0.169440239668,
        "dvar": 0.0774365589023,
        "dvar2": 0.149806931615,
        "max": 1,
        "mean": 0.909502267838,
        "median": 1,
        "min": 0,
        "var": 0.082308113575
    },
    "silence_rate_60dB": {
        "dmean": 0.00604229606688,
        "dmean2": 0.0121028739959,
        "dvar": 0.00600578496233,
        "dvar2": 0.0119563639164,
        "max": 1,
        "mean": 0.0603318251669,
        "median": 0,
        "min": 0,
        "var": 0.0566912405193
    },
    "spectral_centroid": {
        "dmean": 292.233184814,
        "dmean2": 442.779968262,
        "dvar": 208305.640625,
        "dvar2": 260696.5625,
        "max": 11293.3564453,
        "mean": 1150.56176758,
        "median": 1030.29748535,
        "min": 226.851486206,
        "var": 573406.4375
    },
    "spectral_complexity": {
        "dmean": 3.11782479286,
        "dmean2": 4.81391811371,
        "dvar": 14.0616607666,
        "dvar2": 25.7278232574,
        "max": 48,
        "mean": 13.7858219147,
        "median": 13,
        "min": 0,
        "var": 53.6162796021
    },
    "spectral_crest": {
        "dmean": 3.12997913361,
        "dmean2": 5.30585336685,
        "dvar": 7.19395446777,
        "dvar2": 20.3119239807,
        "max": 23.139005661,
        "mean": 12.2816047668,
        "median": 11.8471183777,
        "min": 3.03659915924,
        "var": 17.7291717529
    },
    "spectral_decrease": {
        "dmean": 1.02657180534e-08,
        "dmean2": 1.81523240883e-08,
        "dvar": 8.44637802777e-16,
        "dvar2": 2.33897285187e-15,
        "max": 1.24973076498e-28,
        "mean": -1.09049667074e-08,
        "median": -4.76280614947e-09,
        "min": -1.8035976268e-07,
        "var": 5.62720515157e-16
    },
    "spectral_energy": {
        "dmean": 0.0392530709505,
        "dmean2": 0.0693300440907,
        "dvar": 0.0122407265007,
        "dvar2": 0.0338873304427,
        "max": 0.686762988567,
        "mean": 0.0425069108605,
        "median": 0.0191884916276,
        "min": 1.06844843694e-20,
        "var": 0.00817904435098
    },
    "spectral_energyband_high": {
        "dmean": 0.000328766094754,
        "dmean2": 0.000453373300843,
        "dvar": 2.37376625023e-07,
        "dvar2": 5.07203026245e-07,
        "max": 0.00582413887605,
        "mean": 0.000797613465693,
        "median": 0.000395890354412,
        "min": 7.40477140176e-21,
        "var": 1.00081001619e-06
    },
    "spectral_energyband_low": {
        "dmean": 0.0344346985221,
        "dmean2": 0.0614975951612,
        "dvar": 0.0115580456331,
        "dvar2": 0.0321317128837,
        "max": 0.664456248283,
        "mean": 0.0271556135267,
        "median": 0.00500286044553,
        "min": 2.9941083129e-23,
        "var": 0.00743662007153
    },
    "spectral_energyband_middle_high": {
        "dmean": 0.000547793402802,
        "dmean2": 0.000774364860263,
        "dvar": 1.05239155346e-06,
        "dvar2": 2.16644502871e-06,
        "max": 0.0121962092817,
        "mean": 0.00156561052427,
        "median": 0.00122236611787,
        "min": 1.69131545839e-21,
        "var": 2.19052344619e-06
    },
    "spectral_energyband_middle_low": {
        "dmean": 0.00779484538361,
        "dmean2": 0.0134502025321,
        "dvar": 0.000167157981195,
        "dvar2": 0.000428933330113,
        "max": 0.121165774763,
        "mean": 0.0151718650013,
        "median": 0.0112962741405,
        "min": 1.93272676206e-22,
        "var": 0.000212965504033
    },
    "spectral_flatness_db": {
        "dmean": 0.0301205404103,
        "dmean2": 0.0467597469687,
        "dvar": 0.00112788204569,
        "dvar2": 0.0028075533919,
        "max": 0.338448703289,
        "mean": 0.154963389039,
        "median": 0.146609172225,
        "min": 0.0243950113654,
        "var": 0.00286641367711
    },
    "spectral_flux": {
        "dmean": 0.0530926734209,
        "dmean2": 0.0858140662313,
        "dvar": 0.0128951091319,
        "dvar2": 0.0250203981996,
        "max": 0.763584852219,
        "mean": 0.103544563055,
        "median": 0.0601563006639,
        "min": 6.7022894179e-11,
        "var": 0.017256822437
    },
    "spectral_kurtosis": {
        "dmean": 0.907913327217,
        "dmean2": 1.59103882313,
        "dvar": 0.844299316406,
        "dvar2": 2.44537615776,
        "max": 10.3742542267,
        "mean": 2.53799009323,
        "median": 2.29121780396,
        "min": -1.16937589645,
        "var": 1.68005311489
    },
    "spectral_rms": {
        "dmean": 0.00185313180555,
        "dmean2": 0.00303592765704,
        "dvar": 1.39773046612e-05,
        "dvar2": 3.58637807949e-05,
        "max": 0.0258846022189,
        "mean": 0.00518798967823,
        "median": 0.00432671699673,
        "min": 3.22860444976e-12,
        "var": 1.45549265653e-05
    },
    "spectral_rolloff": {
        "dmean": 371.203613281,
        "dmean2": 607.685852051,
        "dvar": 1002048.75,
        "dvar2": 1852969.875,
        "max": 19293.75,
        "mean": 947.753601074,
        "median": 495.263671875,
        "min": 86.1328125,
        "var": 3657689.75
    },
    "spectral_skewness": {
        "dmean": 0.149059444666,
        "dmean2": 0.250374048948,
        "dvar": 0.0222613029182,
        "dvar2": 0.0551048479974,
        "max": 2.10541892052,
        "mean": 1.23382508755,
        "median": 1.23064672947,
        "min": -0.0158904008567,
        "var": 0.0714234933257
    },
    "spectral_spread": {
        "dmean": 674947.75,
        "dmean2": 963867,
        "dvar": 2.99231923405e+12,
        "dvar2": 4.08967865958e+12,
        "max": 40069020,
        "mean": 5510740,
        "median": 5236086,
        "min": 2755967.5,
        "var": 6.5281023017e+12
    },
    "spectral_strongpeak": {
        "dmean": 0.325675338507,
        "dmean2": 0.54840528965,
        "dvar": 0.120200231671,
        "dvar2": 0.307659059763,
        "max": 2.82879567146,
        "mean": 0.663892626762,
        "median": 0.576823472977,
        "min": 0,
        "var": 0.216004341841
    },
    "zerocrossingrate": {
        "dmean": 0.0111758876592,
        "dmean2": 0.0142731778324,
        "dvar": 0.00053000607295,
        "dvar2": 0.000985851511359,
        "max": 0.5078125,
        "mean": 0.0581430271268,
        "median": 0.048828125,
        "min": 0.00634765625,
        "var": 0.00218356004916
    },
    "barkbands": {
        "dmean": [0.000861933745909, 0.0221223141998, 0.0110746175051, 0.00324616045691, 0.00448335567489, 0.000771894759964, 0.000590367824771, 0.000569379655644, 0.000314709439408, 0.00018319474475, 8.38997075334e-05, 0.000118926975119, 3.41884478985e-05, 4.22601333412e-05, 9.04194967006e-05, 4.66698475066e-05, 8.19086271804e-05, 9.4319206255e-05, 0.000103362566733, 0.000151557702338, 7.23798875697e-05, 6.53511524433e-05, 5.22569498571e-05, 4.74308289995e-05, 6.68045249768e-05, 3.17866833939e-05, 1.91268031813e-06],
        "dmean2": [0.0014319360489, 0.0398632697761, 0.0202451124787, 0.00583496131003, 0.00787692237645, 0.00126725772861, 0.000998142524622, 0.000854533689562, 0.000478285248391, 0.000272305362159, 0.000130923392135, 0.000175383363967, 5.39124121133e-05, 7.0575864811e-05, 0.000145679921843, 7.61089977459e-05, 0.000134209665703, 0.000156006892212, 0.000166652913322, 0.000241189336521, 0.000117946408864, 0.000107522777398, 7.72456187406e-05, 7.07337239874e-05, 9.15682176128e-05, 4.80923481518e-05, 3.06985407406e-06],
        "dvar": [8.45420163387e-06, 0.00570002384484, 0.00110196170863, 5.75758203922e-05, 3.47986679117e-05, 5.55318320039e-06, 3.73969760403e-06, 1.33428511617e-06, 1.01998466562e-06, 1.84948362403e-07, 1.60470072785e-08, 4.96097385394e-08, 1.11219815579e-08, 1.30770434481e-08, 5.16046689825e-08, 6.93971458077e-09, 1.38997702237e-08, 2.00084446789e-08, 1.52344590276e-08, 3.88549032948e-08, 1.33322854978e-08, 1.86902973098e-08, 1.16915819248e-08, 6.88617785016e-09, 1.76589924905e-08, 7.87384468737e-09, 3.8317741341e-11],
        "dvar2": [2.27794607781e-05, 0.0159473549575, 0.00313309719786, 0.000152404507389, 9.63931743172e-05, 1.51114736582e-05, 1.0436683624e-05, 2.95072413792e-06, 2.44643729275e-06, 3.87604870866e-07, 3.92935142202e-08, 1.16996751842e-07, 2.79809970749e-08, 3.46161712628e-08, 1.43371408967e-07, 1.68670073464e-08, 3.65856784867e-08, 5.33936450609e-08, 3.53232607608e-08, 9.69212621271e-08, 3.36909735665e-08, 4.92623009052e-08, 2.86362098478e-08, 1.60359761026e-08, 3.60289149626e-08, 1.64285296478e-08, 8.76759567725e-11],
        "max": [0.0292557161301, 0.490228891373, 0.239792644978, 0.0668943822384, 0.0567706525326, 0.0285501461476, 0.0198609326035, 0.0114307487383, 0.0153597807512, 0.0048546702601, 0.00144883280154, 0.00297009106725, 0.00156599632464, 0.00135775038507, 0.00330642610788, 0.000881449203007, 0.00145192805212, 0.00176073948387, 0.00124561705161, 0.00201808661222, 0.00187797972467, 0.00121378398035, 0.00172373489477, 0.00103122077417, 0.00131413596682, 0.00107911194209, 7.62195777497e-05],
        "mean": [0.000681038014591, 0.0147165758535, 0.00964403990656, 0.00339017412625, 0.00849211588502, 0.0011409719009, 0.000751241866965, 0.000891412375495, 0.000411721324781, 0.000281866756268, 0.000125042366562, 0.000211697624763, 5.05207244714e-05, 5.97709440626e-05, 0.00013160025992, 7.2851034929e-05, 0.000147188300616, 0.000170400046045, 0.000192752384464, 0.000315280602081, 0.000152161097503, 0.000112985333544, 0.000121314478747, 0.000102947327832, 0.000103738617327, 3.38912032021e-05, 1.63570427958e-06],
        "median": [8.82895255927e-06, 0.00103127514012, 0.00255575729534, 0.00132488505915, 0.00642917864025, 0.000324988999637, 0.000303993147099, 0.000284362555249, 9.4055532827e-05, 0.000140121293953, 6.56141055515e-05, 8.1784761278e-05, 2.1875173843e-05, 3.00392021018e-05, 8.36435501697e-05, 4.25292200816e-05, 0.000112181485747, 0.000122522571473, 0.000146951628267, 0.000190192702576, 8.37251645862e-05, 4.98464833072e-05, 4.79928712593e-05, 5.09883757331e-05, 2.98289378406e-05, 3.04286322717e-06, 3.94280519345e-08],
        "min": [1.15395164861e-23, 9.4813302639e-24, 4.18427719676e-24, 5.52088367153e-24, 3.09474582294e-23, 3.44543598939e-24, 3.8114754958e-23, 2.63614469113e-23, 3.98073159835e-23, 2.55229982096e-23, 4.16080582382e-23, 4.51039868476e-23, 2.1809924592e-23, 9.64688534664e-23, 8.30187182344e-23, 9.21232459315e-23, 8.44026768738e-23, 2.47661404447e-22, 2.84076738444e-22, 3.05998160637e-22, 2.92836603346e-22, 4.99427763365e-22, 4.89331555468e-22, 8.84790127341e-22, 1.02801758132e-21, 1.50406315404e-21, 2.38572661541e-21],
        "var": [6.36400864096e-06, 0.00354572827928, 0.000724475539755, 5.80343148613e-05, 6.12934309174e-05, 6.06109642831e-06, 3.42924772667e-06, 2.66975848717e-06, 1.17543572742e-06, 2.59189135932e-07, 2.6942043263e-08, 1.04436878701e-07, 1.33944704217e-08, 1.34363560278e-08, 4.22082457874e-08, 9.79808856272e-09, 1.9742822488e-08, 2.7951328363e-08, 2.87277330813e-08, 1.12507144934e-07, 4.18583390172e-08, 2.79167071682e-08, 3.83194134201e-08, 1.90019253665e-08, 3.12168637606e-08, 9.20499854118e-09, 3.75173017653e-11]
    },
    "erbbands": {
        "dmean": [0.516252994537, 5.37048101425, 12.8247442245, 12.8107271194, 9.63033485413, 22.3890590668, 7.87748336792, 6.77038621902, 8.14763736725, 8.58095550537, 14.4201993942, 7.3911819458, 6.47482824326, 4.20510482788, 3.12156581879, 5.21157646179, 1.70852518082, 2.25977277756, 4.35540962219, 3.32180500031, 3.3424654007, 3.27537250519, 4.11304759979, 4.30114650726, 6.59234714508, 8.38885593414, 3.67072248459, 2.73942255974, 2.49324560165, 1.47757673264, 1.60368394852, 1.12365555763, 0.761567890644, 0.653457403183, 0.568212270737, 0.212478160858, 0.0418219976127, 0.00658847996965, 0.000196008564672, 4.59898619738e-05],
        "dmean2": [0.919172286987, 9.83442306519, 23.629825592, 23.1447200775, 16.8578529358, 39.6003723145, 13.2641000748, 10.970079422, 14.2657546997, 13.5700159073, 21.4905261993, 11.236571312, 10.0830965042, 5.99541664124, 4.84836244583, 7.8160200119, 2.64487242699, 3.81959342957, 6.8807425499, 5.53260707855, 5.35590314865, 5.40461921692, 6.92794322968, 6.94242429733, 10.3894729614, 13.602722168, 5.87214422226, 4.46895456314, 4.19102048874, 2.22233819962, 2.44453191757, 1.66920685768, 1.15948677063, 0.916752576828, 0.815789461136, 0.320805549622, 0.0623538829386, 0.0103474408388, 0.000294319179375, 7.82123825047e-05],
        "dvar": [3.07716751099, 351.050262451, 1795.06835938, 955.70892334, 293.761260986, 898.335144043, 226.448455811, 550.344421387, 844.291931152, 345.997619629, 933.620483398, 670.928955078, 293.329986572, 36.4428863525, 20.479139328, 106.491065979, 28.6093654633, 37.2609672546, 92.2902526855, 70.7236099243, 25.0447483063, 29.9785804749, 51.5472640991, 29.6407222748, 63.2844085693, 132.469085693, 30.9291629791, 25.3590660095, 30.0039806366, 9.63316440582, 12.0681447983, 5.01290225983, 1.65339624882, 1.44585263729, 1.56817245483, 0.291539639235, 0.0175707843155, 0.000431599532021, 3.65199525731e-07, 1.45873233492e-08],
        "dvar2": [8.39373016357, 995.905090332, 5163.89013672, 2549.35449219, 813.812988281, 2520.64282227, 597.394348145, 1542.84643555, 2453.64013672, 825.512695312, 2000.84741211, 1593.09814453, 641.274353027, 76.2211761475, 43.811870575, 254.523025513, 68.8481292725, 98.3094024658, 248.703674316, 188.77822876, 60.1477584839, 80.0411834717, 140.087600708, 71.1396102905, 154.232955933, 343.741455078, 80.0144348145, 65.6983947754, 81.3524627686, 24.0073165894, 32.0261039734, 11.9820823669, 3.83758306503, 3.16574406624, 3.35271859169, 0.653261244297, 0.0353445373476, 0.000818748958409, 7.89226589859e-07, 3.98045294503e-08],
        "max": [11.9738883972, 120.4115448, 286.455932617, 306.411560059, 127.617294312, 294.322418213, 213.977355957, 282.901031494, 331.837982178, 184.991378784, 305.502197266, 427.69418335, 187.907180786, 80.8820419312, 61.7854042053, 146.965316772, 82.9944992065, 77.3575210571, 138.074401855, 111.01385498, 45.1977386475, 76.1698379517, 86.4821090698, 64.1273651123, 77.5098114014, 123.132118225, 88.8580551147, 54.8796463013, 55.3393745422, 45.4457054138, 55.6687507629, 32.5569381714, 16.3948726654, 15.8021640778, 12.3695135117, 5.84673547745, 1.62822592258, 0.244030043483, 0.00687423115596, 0.000758143258281],
        "mean": [0.371985554695, 3.49874353409, 10.0590686798, 13.3163604736, 13.9282436371, 40.5807189941, 15.2461700439, 10.5374889374, 10.1486682892, 12.8051204681, 22.3225860596, 9.87026119232, 9.44129943848, 8.27156925201, 5.84722757339, 9.11693668365, 2.88162636757, 3.40231251717, 6.455534935, 4.9639954567, 5.8404417038, 6.42952013016, 7.63519716263, 8.6821975708, 13.2159605026, 16.4546203613, 8.38077068329, 5.04804420471, 4.26370096207, 3.14230775833, 3.45329523087, 2.37598419189, 1.65425539017, 1.19777345657, 0.699221491814, 0.222619906068, 0.0479061864316, 0.00689311418682, 0.000207183358725, 5.49634569325e-05],
        "median": [0.0291895512491, 0.282840847969, 2.19006514549, 4.84362840652, 10.080994606, 28.1970252991, 11.1886281967, 2.05365633965, 3.25891208649, 6.41677618027, 5.831990242, 3.33545470238, 3.19964885712, 5.27394008636, 4.0845208168, 3.61040139198, 1.30007898808, 1.81395184994, 3.92751741409, 2.97052621841, 3.9266166687, 4.88038110733, 5.54430675507, 6.59713363647, 10.2761468887, 9.65749263763, 5.01371765137, 2.27970695496, 1.76772773266, 1.26961326599, 1.37399220467, 1.0918571949, 0.854609131813, 0.464154779911, 0.120531149209, 0.0234580226243, 0.00416377838701, 0.000349920301232, 2.63887832261e-05, 2.63596575678e-05],
        "min": [5.13238458518e-22, 8.59826680793e-22, 5.17851293e-21, 1.94960218057e-20, 9.1471131401e-20, 7.55709816559e-20, 5.93607231917e-20, 4.01247479068e-20, 3.76367049465e-19, 7.10684320791e-19, 5.56534147161e-19, 6.88428819615e-19, 6.38681919083e-19, 1.63066125979e-18, 2.08527269341e-18, 1.95508025526e-18, 1.26854702341e-18, 6.63449019772e-18, 6.06258124451e-18, 4.91674749894e-18, 7.52453281451e-18, 4.89497610522e-18, 1.3622246074e-17, 1.52578724854e-17, 1.35165663061e-17, 1.4424449968e-17, 1.23941020672e-17, 1.12048554016e-17, 1.71301891845e-17, 1.48543009907e-17, 1.67253719558e-17, 1.48904289311e-17, 1.40383336385e-17, 1.01941970302e-17, 7.6657697682e-18, 4.41341016416e-18, 2.80723717282e-18, 1.109037133e-18, 2.95344837712e-19, 3.40128945375e-20],
        "var": [2.05848169327, 208.35105896, 1057.46166992, 954.381713867, 245.875076294, 1763.69836426, 282.816741943, 663.124572754, 756.276062012, 436.508117676, 1915.0090332, 758.224182129, 367.40826416, 93.6117401123, 42.4208221436, 219.67640686, 37.0962142944, 38.1277503967, 86.8031234741, 64.260925293, 39.3598327637, 40.5784950256, 64.8752441406, 61.1279678345, 123.604782104, 347.101074219, 103.36125946, 53.6272735596, 43.0226554871, 25.2243347168, 30.3315238953, 12.1718606949, 4.42486381531, 3.03322601318, 2.13361978531, 0.321417480707, 0.021670492366, 0.000535859842785, 4.01709854714e-07, 1.0615995194e-08]
    },
    "gfcc": {
        "mean": [-21.7160377502, 91.8857269287, -96.9650039673, 59.3038024902, -65.2127914429, 10.158449173, -40.5177955627, 10.966714859, -34.2211112976, -7.31427335739, -16.3325004578, -10.4049711227, -6.93774747849],
        "cov": [[16783.0390625, 182.853149414, -189.140823364, 652.545227051, -693.994445801, 218.678146362, -594.418579102, 89.7820587158, -402.84286499, 117.355926514, -266.609741211, 129.746383667, -52.5126266479], [182.853149414, 1010.99719238, -342.436157227, 122.903572083, 52.5950012207, -63.0310554504, 119.539207458, -98.0839920044, 134.391372681, -172.150970459, 161.635375977, -161.844223022, 99.5065383911], [-189.140823364, -342.436157227, 447.053497314, 15.3685798645, 131.937393188, 43.2186775208, 24.4392757416, 49.6127815247, -3.89947605133, 80.9145202637, -63.1259727478, 89.3505249023, -13.5959939957], [652.545227051, 122.903572083, 15.3685798645, 305.55267334, 16.8133106232, 16.211265564, -19.9368667603, -65.5221710205, 38.1467552185, -63.1452140808, 35.2199211121, -36.2198257446, 55.4630661011], [-693.994445801, 52.5950012207, 131.937393188, 16.8133106232, 210.897018433, 31.3575515747, 112.122749329, 13.1760005951, 37.5774269104, 5.71024370193, 5.94626235962, 10.0629549026, 10.5360012054], [218.678146362, -63.0310554504, 43.2186775208, 16.211265564, 31.3575515747, 103.459938049, 32.2960205078, 39.0475654602, -5.3174161911, 17.8658218384, -11.9418344498, 6.53910398483, -5.00962543488], [-594.418579102, 119.539207458, 24.4392757416, -19.9368667603, 112.122749329, 32.2960205078, 187.299285889, 45.7172584534, 59.0165863037, -0.250154703856, 7.82602214813, -16.9986629486, -12.8629016876], [89.7820587158, -98.0839920044, 49.6127815247, -65.5221710205, 13.1760005951, 39.0475654602, 45.7172584534, 115.598731995, -6.83956336975, 57.8351097107, -32.9929885864, 16.4058494568, -28.9075603485], [-402.84286499, 134.391372681, -3.89947605133, 38.1467552185, 37.5774269104, -5.3174161911, 59.0165863037, -6.83956336975, 108.114837646, -7.68919849396, 33.3429908752, -36.994140625, 11.8610143661], [117.355926514, -172.150970459, 80.9145202637, -63.1452140808, 5.71024370193, 17.8658218384, -0.250154703856, 57.8351097107, -7.68919849396, 100.123016357, -26.2243919373, 39.1553382874, -35.5666618347], [-266.609741211, 161.635375977, -63.1259727478, 35.2199211121, 5.94626235962, -11.9418344498, 7.82602214813, -32.9929885864, 33.3429908752, -26.2243919373, 93.5556411743, -20.0352344513, 40.8802871704], [129.746383667, -161.844223022, 89.3505249023, -36.2198257446, 10.0629549026, 6.53910398483, -16.9986629486, 16.4058494568, -36.994140625, 39.1553382874, -20.0352344513, 86.5802459717, -0.263791769743], [-52.5126266479, 99.5065383911, -13.5959939957, 55.4630661011, 10.5360012054, -5.00962543488, -12.8629016876, -28.9075603485, 11.8610143661, -35.5666618347, 40.8802871704, -0.263791769743, 78.0959243774]],
        "icov": [[0.000168517304701, -0.00055871339282, -9.17386132642e-05, -0.000580421299674, 0.000603423570283, -0.000510800804477, 0.000374288065359, -0.000181535287993, 0.000535613275133, -0.000680576136801, 0.000740097428206, -0.00065986107802, 0.000320778461173], [-0.00055871339282, 0.00486335810274, 0.00181734631769, 0.00176292855758, -0.00308516388759, 0.00289870635606, -0.00240549235605, 0.000370730936993, -0.00273192464374, 0.00414122175425, -0.00434673624113, 0.00433361157775, -0.0025738903787], [-9.17386132642e-05, 0.00181734631769, 0.00535960169509, -0.000770938175265, -0.00382725149393, 0.000625103188213, 0.00040587168769, -0.000515630410518, -0.00203122524545, -0.000586814945564, 0.00118708505761, -0.00207498320378, -0.00105141778477], [-0.000580421299674, 0.00176292855758, -0.000770938175265, 0.00698211882263, -0.0018846031744, -0.000266570743406, -0.000291128322715, 0.00245672021993, -0.00319869164377, 0.00400956114754, -0.00246962392703, 0.00383752351627, -0.00301324669272], [0.000603423570283, -0.00308516388759, -0.00382725149393, -0.0018846031744, 0.0123854177073, -0.00313906441443, -0.00437457673252, 0.00183282792568, 0.00276564527303, -0.00355197652243, 0.00262057152577, -0.00252516497858, -0.000323508604197], [-0.000510800804477, 0.00289870635606, 0.000625103188213, -0.000266570743406, -0.00313906441443, 0.0146389435977, -0.00315250246786, -0.00357052264735, 0.000312569260132, 0.00178600486834, -0.0029185176827, 0.00338888936676, -0.00191198172979], [0.000374288065359, -0.00240549235605, 0.00040587168769, -0.000291128322715, -0.00437457673252, -0.00315250246786, 0.0138096613809, -0.00581412762403, -0.00405566720292, 0.00232380419038, 0.00143775716424, -0.00347442459315, 0.00501436833292], [-0.000181535287993, 0.000370730936993, -0.000515630410518, 0.00245672021993, 0.00183282792568, -0.00357052264735, -0.00581412762403, 0.0179759934545, 0.00133969308808, -0.00834098178893, 0.00282618287019, 0.00302424072288, -0.00268031004816], [0.000535613275133, -0.00273192464374, -0.00203122524545, -0.00319869164377, 0.00276564527303, 0.000312569260132, -0.00405566720292, 0.00133969308808, 0.0183165054768, -0.00741771096364, -0.0006391890347, 0.00448472611606, -0.000576369464397], [-0.000680576136801, 0.00414122175425, -0.000586814945564, 0.00400956114754, -0.00355197652243, 0.00178600486834, 0.00232380419038, -0.00834098178893, -0.00741771096364, 0.0267895292491, -0.0069814347662, -0.00352286803536, 0.00617491081357], [0.000740097428206, -0.00434673624113, 0.00118708505761, -0.00246962392703, 0.00262057152577, -0.0029185176827, 0.00143775716424, 0.00282618287019, -0.0006391890347, -0.0069814347662, 0.0225307941437, -0.00375080667436, -0.00615029875189], [-0.00065986107802, 0.00433361157775, -0.00207498320378, 0.00383752351627, -0.00252516497858, 0.00338888936676, -0.00347442459315, 0.00302424072288, 0.00448472611606, -0.00352286803536, -0.00375080667436, 0.0257852748036, -0.00818180479109], [0.000320778461173, -0.0025738903787, -0.00105141778477, -0.00301324669272, -0.000323508604197, -0.00191198172979, 0.00501436833292, -0.00268031004816, -0.000576369464397, 0.00617491081357, -0.00615029875189, -0.00818180479109, 0.0241032540798]]
    },
    "melbands": {
        "dmean": [0.0054921740666, 0.00700415857136, 0.00206282525323, 0.00114876811858, 0.000411358487327, 0.000149944418808, 0.000120969540149, 9.05154884094e-05, 0.000113106732897, 4.2543411837e-05, 3.21043953591e-05, 1.7761341951e-05, 1.17395657071e-05, 1.42873996083e-05, 6.83748248775e-06, 3.50771119884e-06, 4.21660388383e-06, 6.48371042189e-06, 5.32082867721e-06, 3.6932567582e-06, 4.89172225571e-06, 3.83193173548e-06, 3.69215513274e-06, 5.15059946338e-06, 3.42066164194e-06, 5.22878099218e-06, 4.69681299364e-06, 6.16100714979e-06, 2.6119823815e-06, 1.92528773368e-06, 1.83871270565e-06, 1.72698264578e-06, 9.71020881479e-07, 8.98196617527e-07, 1.06006064016e-06, 8.53008657486e-07, 7.0187837764e-07, 6.14162331658e-07, 5.3140502132e-07, 6.01050032856e-07],
        "dmean2": [0.0098028415814, 0.0130230849609, 0.00371735147201, 0.00204160343856, 0.000702262041159, 0.000244320690399, 0.00020887023129, 0.000141763739521, 0.000168422964634, 6.5063512011e-05, 5.0370428653e-05, 2.52796962741e-05, 1.85973767657e-05, 2.11019269045e-05, 1.04376686068e-05, 5.52431174583e-06, 7.12419068805e-06, 1.01839350464e-05, 8.75456589711e-06, 5.99051281824e-06, 7.89875321061e-06, 6.26730297881e-06, 6.39519839751e-06, 8.80569587025e-06, 5.54015969101e-06, 8.53319943417e-06, 7.42762313166e-06, 1.0157044926e-05, 4.21354889113e-06, 3.1857259728e-06, 3.10927384817e-06, 2.96190341942e-06, 1.52768973294e-06, 1.39399151067e-06, 1.67387690908e-06, 1.33048195039e-06, 1.05512083337e-06, 9.82310325526e-07, 8.01904491254e-07, 8.74941520124e-07],
        "dvar": [0.00034478874295, 0.000561621214729, 2.46209110628e-05, 2.18514696826e-06, 4.49845344974e-07, 2.46455044817e-07, 1.75645467948e-07, 3.10567642714e-08, 5.89499720149e-08, 2.18053664014e-08, 7.12440995088e-09, 6.5132937932e-10, 2.87910695285e-10, 7.62630958384e-10, 1.97681163105e-10, 8.63672813822e-11, 1.32129931996e-10, 1.80904777269e-10, 2.63728733296e-10, 4.71465227969e-11, 4.90904435158e-11, 3.4042775543e-11, 5.21711597534e-11, 6.12801753785e-11, 1.93334948745e-11, 4.08119059381e-11, 3.74584703533e-11, 7.45332892627e-11, 1.36952619384e-11, 1.27816411968e-11, 1.2725550648e-11, 1.57483869695e-11, 4.08144178177e-12, 3.80749685253e-12, 5.22374678236e-12, 3.85672526901e-12, 1.61412040418e-12, 1.00948860816e-12, 8.63736599604e-13, 1.43724528806e-12],
        "dvar2": [0.000954183691647, 0.00160119787324, 6.6509572207e-05, 6.32996352579e-06, 1.12206521408e-06, 6.89823082212e-07, 5.00773694512e-07, 7.21337798382e-08, 1.24858587469e-07, 5.23913534778e-08, 1.57598485373e-08, 1.37589972748e-09, 6.67365163132e-10, 1.80103199021e-09, 4.52003989793e-10, 2.12276932143e-10, 3.46703443732e-10, 4.82547835023e-10, 7.36773086984e-10, 1.16406967399e-10, 1.18927270809e-10, 8.79053219105e-11, 1.4708920193e-10, 1.64404725944e-10, 4.656502961e-11, 9.77220387943e-11, 8.88224355178e-11, 1.99635738496e-10, 3.4824913786e-11, 3.40662983933e-11, 3.40978356661e-11, 4.35457225834e-11, 1.03955854341e-11, 9.53244774782e-12, 1.41188710029e-11, 1.06237761643e-11, 3.66739971724e-12, 2.4386725278e-12, 1.95049944078e-12, 3.30597571888e-12],
        "max": [0.119799643755, 0.142171248794, 0.04303875193, 0.0130007360131, 0.00921240262687, 0.00590811902657, 0.00458880374208, 0.00172322546132, 0.00224847090431, 0.00246716407128, 0.000900478393305, 0.000345306150848, 0.000213725070353, 0.000345732463757, 0.000164030789165, 0.000137907889439, 0.000136922768434, 0.000184908654774, 0.000236098319874, 7.79477049946e-05, 6.21888393653e-05, 6.85027844156e-05, 0.000112511275802, 9.37002769206e-05, 5.21015281265e-05, 5.79226834816e-05, 7.16035719961e-05, 9.29035086301e-05, 4.4789067033e-05, 5.7137775002e-05, 3.29308313667e-05, 3.75459421775e-05, 2.40773242695e-05, 3.28992027789e-05, 3.02235475829e-05, 3.43076280842e-05, 1.39288158607e-05, 1.25538972497e-05, 1.24661100926e-05, 1.75804998435e-05],
        "mean": [0.00377977639437, 0.00526894861832, 0.00226659048349, 0.0019428927917, 0.000883010099642, 0.000224567469559, 0.000156497641001, 0.00013806874631, 0.000170196290128, 5.63609282835e-05, 4.66056953883e-05, 3.39180733135e-05, 1.93144423974e-05, 2.52163827099e-05, 1.19071473819e-05, 5.40121254744e-06, 5.89155979469e-06, 9.51254605752e-06, 7.59089289204e-06, 5.67773622606e-06, 7.81349990575e-06, 7.01192857377e-06, 5.99293935011e-06, 8.76228023117e-06, 6.20335276835e-06, 9.23919924389e-06, 9.81137418421e-06, 1.11485987873e-05, 5.44503882338e-06, 3.39875668942e-06, 3.01266345559e-06, 2.66077131528e-06, 1.67404675722e-06, 1.82850862984e-06, 2.14495184991e-06, 1.63114884799e-06, 1.37259030453e-06, 1.21169978229e-06, 1.05016135876e-06, 9.9859846614e-07],
        "median": [0.000286649243208, 0.000977382180281, 0.000952921807766, 0.00144878064748, 0.000627050176263, 4.38865899923e-05, 5.86342866882e-05, 7.49148166506e-05, 3.99266318709e-05, 1.56068817887e-05, 1.57592239702e-05, 2.06288332265e-05, 1.12097759484e-05, 9.74460272118e-06, 4.40558824266e-06, 2.66734741672e-06, 2.9235279726e-06, 5.71598138777e-06, 4.94521600558e-06, 3.08003041027e-06, 5.18090428159e-06, 5.26922713107e-06, 3.99348391511e-06, 6.25474103799e-06, 4.46008107247e-06, 6.9670177254e-06, 7.11765187589e-06, 6.11261202721e-06, 3.19239802593e-06, 1.58402235684e-06, 1.25517499328e-06, 1.03057550405e-06, 7.70939266204e-07, 6.5813043193e-07, 7.6647302194e-07, 7.72688508732e-07, 5.97415521497e-07, 6.40619077785e-07, 4.78818435568e-07, 3.83808497872e-07],
        "min": [5.3875448793e-24, 1.88469026841e-24, 5.41163629691e-24, 4.50084195043e-24, 2.27708960141e-24, 9.19198476134e-25, 6.08747078936e-24, 7.53750599596e-24, 4.2573284776e-24, 5.03373011369e-24, 2.90790399921e-24, 5.99262407057e-24, 6.85309027459e-24, 4.60697490219e-24, 2.7145654326e-24, 2.69814095413e-24, 1.12222729177e-23, 1.07560577004e-23, 7.37654287255e-24, 5.66291452764e-24, 9.65600536756e-24, 5.30924688458e-24, 5.91919492536e-24, 8.76397881088e-24, 1.25855310581e-23, 8.68973753337e-24, 8.89462916514e-24, 9.78018785126e-24, 7.4710342095e-24, 7.53628089497e-24, 6.17953401244e-24, 8.9707439873e-24, 7.43851341868e-24, 7.02153495482e-24, 1.1659416244e-23, 6.66245809254e-24, 9.31985438091e-24, 1.02427956076e-23, 8.58125969257e-24, 7.62989186315e-24],
