{
"metadata": {
    "version": {
        "essentia": "2.0.1",
        "extractor": "archive-music 1.0"
    },
    "audio_properties": {
        "analysis_sample_rate": 44100,
        "bitrate": 128,
        "channels": 2,
        "equal_loudness": 0,
        "length": 15.43836689,
        "replay_gain": -2.42080879211,
        "downmix": "mix"
    },
    "tags": {
        "track": 1,
        "year": 0,
        "album": "A la Femme que j'aime (my babylove's song)",
        "artist": "Holopsia",
        "comment": "",
        "genre": "Other",
        "title": "A la Femme que j'aime (my babylove's song)"
    }
},
"highlevel": {
    "culture": {
        "all": {
            "non_western": 0.392377614975,
            "western": 0.607622385025
        },
        "probability": 0.607622385025,
        "value": "western"
    },
    "danceability": {
        "all": {
            "danceable": 0.940432786942,
            "not_danceable": 0.059567194432
        },
        "probability": 0.940432786942,
        "value": "danceable"
    },
    "gender": {
        "all": {
            "female": 0.233617156744,
            "male": 0.766382813454
        },
        "probability": 0.766382813454,
        "value": "male"
    },
    "genre_dortmund": {
        "all": {
            "alternative": 0.0239782836288,
            "blues": 0.0170808490366,
            "electronic": 0.463764607906,
            "folkcountry": 0.0248818602413,
            "funksoulrnb": 0.0271768756211,
            "jazz": 0.28473263979,
            "pop": 0.0218780133873,
            "raphiphop": 0.131711810827,
            "rock": 0.00479506980628
        },
        "probability": 0.463764607906,
        "value": "electronic"
    },
    "genre_electronic": {
        "all": {
            "ambient": 0.593134760857,
            "dnb": 0.0303571354598,
            "house": 0.260642707348,
            "techno": 0.027753457427,
            "trance": 0.0881119146943
        },
        "probability": 0.593134760857,
        "value": "ambient"
    },
    "genre_rosamerica": {
        "all": {
            "cla": 0.00771131645888,
            "dan": 0.0186625104398,
            "hip": 0.0137601718307,
            "jaz": 0.00573941972107,
            "pop": 0.914846777916,
            "rhy": 0.0241241361946,
            "roc": 0.00976351182908,
            "spe": 0.00539216864854
        },
        "probability": 0.914846777916,
        "value": "pop"
    },
    "genre_tzanetakis": {
        "all": {
            "blu": 0.0250847563148,
            "cla": 0.0882318690419,
            "cou": 0.0192305091769,
            "dis": 0.0631802752614,
            "hip": 0.0632395967841,
            "jaz": 0.0717797502875,
            "met": 0.0068700206466,
            "pop": 0.344470560551,
            "reg": 0.258144587278,
            "roc": 0.0597680620849
        },
        "probability": 0.344470560551,
        "value": "pop"
    },
    "mirex_ballroom": {
        "all": {
            "ChaChaCha": 0.0147819621488,
            "Jive": 0.00345577835105,
            "Quickstep": 0.0232085790485,
            "Rumba-American": 0.011871590279,
            "Rumba-International": 0.182097882032,
            "Rumba-Misc": 0.0181444846094,
            "Samba": 0.0216310117394,
            "Tango": 0.283102989197,
            "VienneseWaltz": 0.363553404808,
            "Waltz": 0.0781523063779
        },
        "probability": 0.363553404808,
        "value": "VienneseWaltz"
    },
    "mood_acoustic": {
        "all": {
            "acoustic": 0.521787643433,
            "not_acoustic": 0.47821238637
        },
        "probability": 0.521787643433,
        "value": "acoustic"
    },
    "mood_aggressive": {
        "all": {
            "aggressive": 0.0158395599574,
            "not_aggressive": 0.984160423279
        },
        "probability": 0.984160423279,
        "value": "not_aggressive"
    },
    "mood_electronic": {
        "all": {
            "electronic": 0.984189271927,
            "not_electronic": 0.0158107355237
        },
        "probability": 0.984189271927,
        "value": "electronic"
    },
    "mood_happy": {
        "all": {
            "happy": 0.670787513256,
            "not_happy": 0.329212456942
        },
        "probability": 0.670787513256,
        "value": "happy"
    },
    "mood_party": {
        "all": {
            "not_party": 0.894765079021,
            "party": 0.105234913528
        },
        "probability": 0.894765079021,
        "value": "not_party"
    },
    "mood_relaxed": {
        "all": {
            "not_relaxed": 0.0233338158578,
            "relaxed": 0.976666212082
        },
        "probability": 0.976666212082,
        "value": "relaxed"
    },
    "mood_sad": {
        "all": {
            "not_sad": 0.794225335121,
            "sad": 0.205774694681
        },
        "probability": 0.794225335121,
        "value": "not_sad"
    },
    "moods_mirex": {
        "all": {
            "Cluster1": 0.12985432148,
            "Cluster2": 0.386708021164,
            "Cluster3": 0.280324608088,
            "Cluster4": 0.130969300866,
            "Cluster5": 0.0721437260509
        },
        "probability": 0.386708021164,
        "value": "Cluster2"
    },
    "timbre": {
        "all": {
            "bright": 0.994396030903,
            "dark": 0.00560395419598
        },
        "probability": 0.994396030903,
        "value": "bright"
    },
    "tonal_atonal": {
        "all": {
            "atonal": 0.617891430855,
            "tonal": 0.382108598948
        },
        "probability": 0.617891430855,
        "value": "atonal"
    },
    "voice_instrumental": {
        "all": {
            "instrumental": 0.999996066093,
            "voice": 3.92415813621e-06
        },
        "probability": 0.999996066093,
        "value": "instrumental"
    }
},
"lowlevel": {
    "average_loudness": 0.977680504322,
    "barkbands_kurtosis": {
        "dmean": 3.35209584236,
        "dmean2": 5.27252101898,
        "dvar": 31.8195896149,
        "dvar2": 77.8181152344,
        "max": 55.5350837708,
        "mean": 5.94029283524,
        "median": 3.82470369339,
        "min": -0.896503210068,
        "var": 47.0261535645
    },
    "barkbands_skewness": {
        "dmean": 0.542853116989,
        "dmean2": 0.814822852612,
        "dvar": 0.431132525206,
        "dvar2": 0.915250301361,
        "max": 6.28666543961,
        "mean": 1.8775703907,
        "median": 1.6755232811,
        "min": -2.05774998665,
        "var": 1.11134135723
    },
    "barkbands_spread": {
        "dmean": 1.89356148243,
        "dmean2": 2.90333843231,
        "dvar": 4.96550989151,
        "dvar2": 12.0671348572,
        "max": 40.8026199341,
        "mean": 8.71656703949,
        "median": 8.36273002625,
        "min": 1.60325944424,
        "var": 14.8480434418
    },
    "dissonance": {
        "dmean": 0.0289795957506,
        "dmean2": 0.0466683842242,
        "dvar": 0.000545547343791,
        "dvar2": 0.00144768285099,
        "max": 0.496138036251,
        "mean": 0.417306214571,
        "median": 0.420286953449,
        "min": 0.28690430522,
        "var": 0.00157942844089
    },
    "dynamic_complexity": 2.87105321884,
    "erbbands_kurtosis": {
        "dmean": 0.838752925396,
        "dmean2": 1.32212436199,
        "dvar": 0.838469982147,
        "dvar2": 2.27218222618,
        "max": 6.9055891037,
        "mean": 0.921204447746,
        "median": 0.610270380974,
        "min": -1.18694782257,
        "var": 1.75030493736
    },
    "erbbands_skewness": {
        "dmean": 0.290831446648,
        "dmean2": 0.444171071053,
        "dvar": 0.0662055388093,
        "dvar2": 0.153137892485,
        "max": 2.10968160629,
        "mean": 0.597623288631,
        "median": 0.597722172737,
        "min": -0.907975256443,
        "var": 0.24108992517
    },
    "erbbands_spread": {
        "dmean": 4.23834657669,
        "dmean2": 6.22078895569,
        "dvar": 14.989938736,
        "dvar2": 33.2906303406,
        "max": 48.5344543457,
        "mean": 21.459312439,
        "median": 20.5553874969,
        "min": 6.55621337891,
        "var": 44.243976593
    },
    "hfc": {
        "dmean": 3.78432440758,
        "dmean2": 5.6347951889,
        "dvar": 30.1137180328,
        "dvar2": 74.9100646973,
        "max": 75.3189239502,
        "mean": 15.5504369736,
        "median": 14.4875545502,
        "min": 1.14631986307e-16,
        "var": 88.8974914551
    },
    "melbands_kurtosis": {
        "dmean": 5.26704502106,
        "dmean2": 8.12134838104,
        "dvar": 69.2556838989,
        "dvar2": 154.765701294,
        "max": 76.0428848267,
        "mean": 10.4651165009,
        "median": 6.88396501541,
        "min": -1.33206164837,
        "var": 119.234786987
    },
    "melbands_skewness": {
        "dmean": 0.641452729702,
        "dmean2": 0.924201667309,
        "dvar": 0.507169127464,
        "dvar2": 0.990988492966,
        "max": 7.14354658127,
        "mean": 2.4224050045,
        "median": 2.15937614441,
        "min": -0.287069737911,
        "var": 1.55336892605
    },
    "melbands_spread": {
        "dmean": 2.65718698502,
        "dmean2": 4.07834291458,
        "dvar": 50.7831115723,
        "dvar2": 100.301490784,
        "max": 156.597732544,
        "mean": 10.4631938934,
        "median": 9.27430725098,
        "min": 1.33572208881,
        "var": 141.840560913
    },
    "pitch_salience": {
        "dmean": 0.0699840113521,
        "dmean2": 0.113505601883,
        "dvar": 0.00729481549934,
        "dvar2": 0.0164922494441,
        "max": 0.959256410599,
        "mean": 0.454906970263,
        "median": 0.452279508114,
        "min": 0.144723281264,
        "var": 0.0190226770937
    },
    "silence_rate_20dB": {
        "dmean": 0,
        "dmean2": 0,
        "dvar": 0,
        "dvar2": 0,
        "max": 1,
        "mean": 1,
        "median": 1,
        "min": 1,
        "var": 0
    },
    "silence_rate_30dB": {
        "dmean": 0.0992481186986,
        "dmean2": 0.198795184493,
        "dvar": 0.089397624135,
        "dvar2": 0.171324387193,
        "max": 1,
        "mean": 0.794294297695,
        "median": 1,
        "min": 0,
        "var": 0.16339071095
    },
    "silence_rate_60dB": {
        "dmean": 0.00300751882605,
        "dmean2": 0.00602409616113,
        "dvar": 0.00299848802388,
        "dvar2": 0.00598775781691,
        "max": 1,
        "mean": 0.0540540553629,
        "median": 0,
        "min": 0,
        "var": 0.0511324070394
    },
    "spectral_centroid": {
        "dmean": 108.46937561,
        "dmean2": 147.639511108,
        "dvar": 182554.4375,
        "dvar2": 146943.671875,
        "max": 10998.2802734,
        "mean": 689.079650879,
        "median": 631.471923828,
        "min": 259.868103027,
        "var": 388430.65625
    },
    "spectral_complexity": {
        "dmean": 1.81654131413,
        "dmean2": 3.01506018639,
        "dvar": 2.64905452728,
        "dvar2": 6.04796981812,
        "max": 26,
        "mean": 14.2582578659,
        "median": 15,
        "min": 0,
        "var": 20.6149597168
    },
    "spectral_crest": {
        "dmean": 2.57270073891,
        "dmean2": 4.03632211685,
        "dvar": 8.52837753296,
        "dvar2": 18.148815155,
        "max": 23.257270813,
        "mean": 13.4627952576,
        "median": 13.523730278,
        "min": 4.87684679031,
        "var": 24.5434589386
    },
    "spectral_decrease": {
        "dmean": 5.41159916878e-09,
        "dmean2": 7.90591947464e-09,
        "dvar": 9.12157009229e-17,
        "dvar2": 2.05525238992e-16,
        "max": -1.26611778065e-29,
        "mean": -1.62762070488e-08,
        "median": -1.18620793188e-08,
        "min": -6.93541792884e-08,
        "var": 1.81720622089e-16
    },
    "spectral_energy": {
        "dmean": 0.0206854250282,
        "dmean2": 0.030254047364,
        "dvar": 0.00132012646645,
        "dvar2": 0.00297482893802,
        "max": 0.265250563622,
        "mean": 0.0628406181931,
        "median": 0.046227183193,
        "min": 1.04989115689e-20,
        "var": 0.00264097587205
    },
    "spectral_energyband_high": {
        "dmean": 2.77593026112e-05,
        "dmean2": 4.1047209379e-05,
        "dvar": 1.7283358078e-09,
        "dvar2": 3.6927993996e-09,
        "max": 0.000551650940906,
        "mean": 6.05395071034e-05,
        "median": 4.30351865361e-05,
        "min": 7.59980750395e-21,
        "var": 3.73662123465e-09
    },
    "spectral_energyband_low": {
        "dmean": 0.017682576552,
        "dmean2": 0.0259529650211,
        "dvar": 0.00123802083544,
        "dvar2": 0.00276635005139,
        "max": 0.238090932369,
        "mean": 0.0394203588367,
        "median": 0.0189264900982,
        "min": 7.44115263173e-23,
        "var": 0.00227005616762
    },
    "spectral_energyband_middle_high": {
        "dmean": 0.00166453560814,
        "dmean2": 0.00251496746205,
        "dvar": 1.38986533784e-05,
        "dvar2": 3.87729014619e-05,
        "max": 0.0493322834373,
        "mean": 0.00436215475202,
        "median": 0.00347636057995,
        "min": 1.51535903636e-21,
        "var": 2.03828985832e-05
    },
    "spectral_energyband_middle_low": {
        "dmean": 0.00585559010506,
        "dmean2": 0.00880381464958,
        "dvar": 5.40331457159e-05,
        "dvar2": 0.000149995961692,
        "max": 0.0743366703391,
        "mean": 0.020141325891,
        "median": 0.017240324989,
        "min": 3.06230502262e-22,
        "var": 0.000195080632693
    },
    "spectral_flatness_db": {
        "dmean": 0.0214757807553,
        "dmean2": 0.0311635714024,
        "dvar": 0.00041520249215,
        "dvar2": 0.000721975287888,
        "max": 0.337359428406,
        "mean": 0.225020840764,
        "median": 0.224430799484,
        "min": 0.0687135010958,
        "var": 0.00178061821498
    },
    "spectral_flux": {
        "dmean": 0.0449797101319,
        "dmean2": 0.0685228034854,
        "dvar": 0.00469445623457,
        "dvar2": 0.0102581745014,
        "max": 0.424293756485,
        "mean": 0.0874089673162,
        "median": 0.0621594935656,
        "min": 1.05960712427e-10,
        "var": 0.00625572400168
    },
    "spectral_kurtosis": {
        "dmean": 4.72510957718,
        "dmean2": 8.15815162659,
        "dvar": 16.0313358307,
        "dvar2": 46.3817367554,
        "max": 50.0297317505,
        "mean": 11.3301076889,
        "median": 10.170706749,
        "min": -1.22756493092,
        "var": 33.7174530029
    },
    "spectral_rms": {
        "dmean": 0.00117181264795,
        "dmean2": 0.00166864518542,
        "dvar": 3.14381736644e-06,
        "dvar2": 6.70513190926e-06,
        "max": 0.016086673364,
        "mean": 0.00714417407289,
        "median": 0.00671563018113,
        "min": 3.20044381621e-12,
        "var": 1.02687045e-05
    },
    "spectral_rolloff": {
        "dmean": 186.2215271,
        "dmean2": 322.835510254,
        "dvar": 972236.25,
        "dvar2": 1851755.625,
        "max": 19056.8847656,
        "mean": 663.099304199,
        "median": 516.796875,
        "min": 64.599609375,
        "var": 2504195.5
    },
    "spectral_skewness": {
        "dmean": 0.412648648024,
        "dmean2": 0.692612409592,
        "dvar": 0.104846820235,
        "dvar2": 0.288572520018,
        "max": 5.09971809387,
        "mean": 2.36906266212,
        "median": 2.30368804932,
        "min": 0.00205917726271,
        "var": 0.292498260736
    },
    "spectral_spread": {
        "dmean": 488123,
        "dmean2": 701987.5625,
        "dvar": 3.03108928307e+12,
        "dvar2": 2.85594799309e+12,
        "max": 41426328,
        "mean": 2709875,
        "median": 2494172.5,
        "min": 1519481.875,
        "var": 4.90984230093e+12
    },
    "spectral_strongpeak": {
        "dmean": 0.309456288815,
        "dmean2": 0.498261004686,
        "dvar": 0.343023359776,
        "dvar2": 1.01973009109,
        "max": 5.93643188477,
        "mean": 0.829847812653,
        "median": 0.631097435951,
        "min": 0,
        "var": 0.509109377861
    },
    "zerocrossingrate": {
        "dmean": 0.00532556977123,
        "dmean2": 0.00747129134834,
        "dvar": 0.000615878088865,
        "dvar2": 0.00120167888235,
        "max": 0.5126953125,
        "mean": 0.0255350563675,
        "median": 0.0224609375,
        "min": 0.001953125,
        "var": 0.00177239172626
    },
    "barkbands": {
        "dmean": [0.00153175310697, 0.0155793838203, 0.00235336693004, 0.00128964101896, 0.00234302785248, 0.00210979860276, 0.00111304875463, 0.000975949980784, 0.000547627685592, 0.000720912474208, 0.000962261750828, 0.0004818624584, 9.18658697628e-05, 0.000149114566739, 9.90512926364e-05, 8.35751197883e-05, 0.000100209173979, 5.6368236983e-05, 3.32330055244e-05, 1.54310382641e-05, 1.34242955028e-05, 6.41047472527e-06, 2.80556173493e-06, 2.64356435764e-06, 2.85979763248e-06, 1.43228453453e-06, 4.91093672395e-08],
        "dmean2": [0.00247713411227, 0.0230305138975, 0.00418395549059, 0.0024237583857, 0.00348242372274, 0.00322640989907, 0.00150136102457, 0.00121518876404, 0.000738514994737, 0.000909576599952, 0.00160697335377, 0.000743855896872, 0.000145485595567, 0.000246438779868, 0.000159345087013, 0.000132587272674, 0.000157436210429, 8.9822395239e-05, 5.43513015145e-05, 2.53361649811e-05, 2.01003185794e-05, 9.56845178735e-06, 4.42210057372e-06, 4.62321258965e-06, 5.0664561968e-06, 2.55833629126e-06, 8.76767956015e-08],
        "dvar": [1.05787121356e-05, 0.0010376945138, 3.05737085e-05, 1.32416380438e-05, 1.07496971395e-05, 9.22688650462e-06, 2.54960059465e-06, 1.97256417778e-06, 1.11201143227e-06, 1.26868371808e-06, 9.33074989007e-06, 7.02747229298e-07, 2.10820889635e-08, 6.12190333982e-08, 1.96885796555e-08, 2.20965432618e-08, 1.78395911377e-08, 1.92963547363e-08, 5.15862197403e-09, 4.19654144768e-10, 4.52900911219e-10, 1.72189651426e-10, 8.27171317552e-11, 2.6767576003e-11, 2.54274899747e-11, 7.12354697799e-12, 9.14098559622e-15],
        "dvar2": [2.62287303485e-05, 0.00242976797745, 8.83232714841e-05, 3.80215024052e-05, 2.56924577116e-05, 2.69874763035e-05, 4.74597891298e-06, 3.13153509524e-06, 2.31649528359e-06, 1.80113067927e-06, 2.76307364402e-05, 1.69055226706e-06, 4.17674357323e-08, 1.56047804012e-07, 4.58918414381e-08, 4.59740903125e-08, 3.76557132142e-08, 3.8458150442e-08, 9.33171939721e-09, 1.00970487527e-09, 9.14268272201e-10, 3.75422137822e-10, 1.85580939505e-10, 7.15652190286e-11, 6.61356941434e-11, 1.87025898241e-11, 2.47659287826e-14],
        "max": [0.0207103900611, 0.215125724673, 0.0464904531837, 0.0344507060945, 0.0484774708748, 0.0325835905969, 0.0255683511496, 0.0209577791393, 0.0177099984139, 0.015853844583, 0.038798853755, 0.0109850447625, 0.00327044026926, 0.00264487764798, 0.00189525447786, 0.00167550437618, 0.00160903285723, 0.00214890460484, 0.00163532863371, 0.000197379486053, 0.000247269519605, 0.000151064989041, 0.00021190586267, 7.64385404182e-05, 2.59276712313e-05, 1.57930971909e-05, 6.52766857456e-07],
        "mean": [0.00293383467942, 0.0323772206903, 0.00354283023626, 0.00109457795043, 0.00599741702899, 0.00514246057719, 0.00294828368351, 0.00257038418204, 0.00126837973949, 0.00154402479529, 0.0013856261503, 0.000812207697891, 0.000179149574251, 0.000223964409088, 0.000215471460251, 0.00016707694158, 0.000185176511877, 0.00010431408009, 6.85471677571e-05, 3.31679802912e-05, 2.48317755904e-05, 1.18578800539e-05, 4.03613967137e-06, 2.65186463366e-06, 2.21497180064e-06, 1.01524881302e-06, 3.73863073833e-08],
        "median": [0.000666879466735, 0.0102114081383, 0.00142142409459, 0.000290574913379, 0.00374455889687, 0.00347917573527, 0.00150016578846, 0.00146556342952, 0.000507769407704, 0.000901082297787, 0.000600517145358, 0.000414426496718, 9.62719204836e-05, 0.000127123406855, 0.000133953464683, 6.12287112745e-05, 0.000107365718577, 4.5768560085e-05, 4.28387611464e-05, 2.50363427767e-05, 1.37771767186e-05, 6.39430254523e-06, 2.27387658924e-06, 1.10302210032e-06, 4.9716391004e-07, 1.49531857119e-07, 8.20823675696e-09],
        "min": [2.28977306482e-23, 5.22544997715e-23, 7.48875281429e-24, 2.23488258475e-24, 2.70183503197e-23, 7.30128633105e-23, 4.91528880188e-23, 3.47454795447e-23, 9.14553647347e-23, 2.12474036577e-23, 3.37402214714e-23, 4.78749712177e-23, 6.74957468443e-23, 4.1885560572e-23, 7.95442718852e-23, 9.68556982325e-23, 1.35686259265e-22, 2.89806872599e-22, 2.72923583153e-22, 3.25949071397e-22, 4.97108689008e-22, 4.12671819747e-22, 6.20817881409e-22, 8.02775452334e-22, 1.14822958293e-21, 1.53473426798e-21, 2.27905929243e-21],
        "var": [1.56162113853e-05, 0.00177116738632, 2.96668440569e-05, 8.02860085969e-06, 4.64622025902e-05, 2.85902351607e-05, 1.66660756804e-05, 9.00568647921e-06, 3.99670216211e-06, 4.005089977e-06, 9.28883946472e-06, 1.28181125092e-06, 9.17118043731e-08, 8.97913992048e-08, 7.19746537925e-08, 8.01005697326e-08, 5.12016882226e-08, 5.17231448782e-08, 1.69909775138e-08, 8.60734150621e-10, 9.8462449305e-10, 3.10950376559e-10, 9.6371507996e-11, 2.28203358987e-11, 1.87703966953e-11, 5.02801446312e-12, 6.44132345728e-15]
    },
    "erbbands": {
        "dmean": [0.741021931171, 2.56374669075, 2.75244736671, 3.79054021835, 5.11922264099, 8.70508766174, 20.0446453094, 11.6024036407, 18.1473178864, 14.3960962296, 24.2791843414, 12.5774745941, 26.2745132446, 16.1332149506, 39.2978019714, 22.6652755737, 4.84687232971, 7.83461666107, 4.81105995178, 4.03771018982, 4.62391901016, 4.31540822983, 3.10479426384, 2.40401768684, 1.08101904392, 0.70783406496, 0.581784725189, 0.36026224494, 0.205621570349, 0.186307221651, 0.0830262303352, 0.0444269552827, 0.0542470067739, 0.0327583439648, 0.0191675182432, 0.00765290018171, 0.00220870622434, 0.000325366097968, 1.48229119077e-05, 2.25814874284e-05],
        "dmean2": [1.06087839603, 4.0523276329, 4.76301717758, 7.05057001114, 8.66177368164, 12.9608840942, 31.5762271881, 16.6329212189, 24.2071819305, 17.8248519897, 31.8048439026, 16.555185318, 32.6729736328, 23.5709648132, 68.0606765747, 35.2338790894, 7.63329696655, 12.7518253326, 7.83699655533, 6.47533798218, 7.16437721252, 6.9717798233, 4.90877389908, 3.99218416214, 1.75089001656, 1.14846313, 0.884394705296, 0.553186714649, 0.304887682199, 0.280983626842, 0.133104994893, 0.0740112885833, 0.0960576832294, 0.0574217550457, 0.0344113372266, 0.0136778010055, 0.00395434256643, 0.000582306820434, 2.37381191255e-05, 3.31152405124e-05],
        "dvar": [2.34095859528, 30.6202983856, 39.7274475098, 104.613357544, 125.189659119, 180.810180664, 1058.68127441, 212.966827393, 595.653198242, 380.769561768, 1455.69592285, 428.404968262, 1754.89758301, 719.151000977, 25468.2675781, 1320.34985352, 49.9882583618, 164.053085327, 38.7533607483, 34.7112960815, 46.6222610474, 41.10779953, 74.4416732788, 25.8014297485, 2.68334984779, 0.896322369576, 0.893675386906, 0.492045551538, 0.179733127356, 0.176929086447, 0.098317630589, 0.016063304618, 0.00942499004304, 0.00326150702313, 0.00126033648849, 0.000207058619708, 1.70762305061e-05, 3.76601320795e-07, 6.08944339398e-10, 1.56787804961e-09],
        "dvar2": [5.37433862686, 78.046585083, 111.598419189, 302.743835449, 355.299743652, 360.55657959, 3081.28833008, 498.182739258, 1337.4786377, 521.526367188, 2470.37182617, 858.098999023, 2477.78979492, 1328.11804199, 74900.84375, 3020.95703125, 103.234764099, 420.869384766, 88.6599807739, 79.1928100586, 92.9383087158, 87.0868148804, 156.837402344, 51.5668945312, 6.01547336578, 2.17672801018, 1.86557757854, 0.98494207859, 0.397484660149, 0.34035307169, 0.235965847969, 0.0424697473645, 0.024875825271, 0.00832355115563, 0.00334296491928, 0.000543991394807, 4.49470426247e-05, 9.90428929981e-07, 1.48472734107e-09, 3.5387572872e-09],
        "max": [9.46810436249, 41.3657722473, 51.9765739441, 75.4349060059, 148.4947052, 260.943481445, 415.762298584, 181.972305298, 350.398406982, 329.693634033, 579.639770508, 320.529663086, 591.677124023, 627.622131348, 2038.47009277, 566.907165527, 143.942001343, 140.011505127, 77.5900650024, 73.4117431641, 106.434402466, 79.1038742065, 131.554473877, 105.450401306, 23.2994251251, 9.72861289978, 12.2188959122, 9.88283634186, 5.24661397934, 7.33016014099, 7.17722511292, 2.70622992516, 0.92639452219, 0.379654288292, 0.207293868065, 0.08766913414, 0.023070903495, 0.0037656580098, 0.000155518428073, 0.000289213407086],
        "mean": [1.62561166286, 4.45563983917, 4.37841510773, 4.17177438736, 7.85263872147, 22.0400924683, 44.1814994812, 31.1911220551, 47.4106559753, 39.9510421753, 63.1446533203, 32.6914253235, 52.9200057983, 37.5298118591, 49.6230812073, 38.8287620544, 10.9757204056, 12.8507385254, 10.7054166794, 10.0732345581, 10.1240358353, 8.3820104599, 6.09674406052, 4.78018379211, 2.26077437401, 1.52770614624, 1.1524014473, 0.745944619179, 0.402642935514, 0.296109944582, 0.116572394967, 0.0551548339427, 0.0472177006304, 0.0272699445486, 0.0140122063458, 0.00557034416124, 0.0015731806634, 0.000236723353737, 3.40895785484e-05, 6.9403242378e-05],
        "median": [0.294407248497, 2.06232333183, 1.7700303793, 1.42545962334, 3.06612539291, 11.247836113, 21.5975723267, 22.937921524, 24.9237823486, 24.1400566101, 36.9454498291, 17.0212669373, 29.523651123, 22.3163642883, 16.1194458008, 19.2952098846, 7.19537830353, 8.13472747803, 6.61352920532, 5.60231494904, 5.61443567276, 4.92002677917, 2.61239099503, 2.90358424187, 1.59231448174, 1.12276005745, 0.730985760689, 0.424705147743, 0.23196259141, 0.141197115183, 0.0634513199329, 0.027817837894, 0.0153719112277, 0.00754706002772, 0.00260644312948, 0.000933587609325, 0.000236670282902, 3.37495730491e-05, 2.43837021117e-05, 5.19267887285e-05],
        "min": [6.98423114256e-22, 1.42857048312e-20, 1.52593497266e-20, 1.14082981015e-20, 6.86488370221e-20, 8.15262167772e-20, 1.9376581772e-19, 6.21902353562e-19, 6.25477324772e-19, 2.90738191333e-19, 8.32407360049e-19, 1.77715411909e-18, 1.04657010751e-18, 1.42698178582e-18, 1.37630952868e-18, 2.1105525737e-18, 3.01655088412e-18, 2.79945278287e-18, 3.88571484187e-18, 4.01864566144e-18, 5.98258088516e-18, 8.7644649722e-18, 1.67012414429e-17, 1.57881630869e-17, 1.31456022712e-17, 1.64837425727e-17, 1.49336904772e-17, 1.64437119941e-17, 1.46958843229e-17, 1.57707128847e-17, 1.61905533676e-17, 1.33034688639e-17, 1.35616650203e-17, 1.3370953567e-17, 8.14827249131e-18, 5.96674782105e-18, 2.93319506662e-18, 1.18078584876e-18, 3.06125870376e-19, 3.48770850201e-20],
        "var": [4.51279401779, 37.8484268188, 43.7141838074, 71.6564559937, 161.41796875, 958.27911377, 3262.5769043, 925.930725098, 2984.7265625, 2525.34155273, 5929.96582031, 1861.21325684, 5287.87207031, 2498.90405273, 22863.6679688, 2860.25195312, 206.782653809, 241.84135437, 141.413146973, 138.373260498, 191.062011719, 114.405830383, 188.577178955, 74.8447341919, 7.09617376328, 1.89979660511, 1.81020379066, 1.05949509144, 0.314808577299, 0.338488280773, 0.100946336985, 0.0157312583178, 0.00726841297001, 0.00259863911197, 0.000875851954333, 0.000146665101056, 1.19329797599e-05, 2.64060957988e-07, 8.85693296482e-10, 3.13068215796e-09]
    },
    "gfcc": {
        "mean": [-48.4857521057, 168.570327759, -121.664047241, 18.5859451294, -47.7019615173, 0.0208244863898, -18.3276996613, 4.49676990509, -9.08431529999, -0.653888642788, -1.99370110035, 1.53866159916, 3.69011664391],
        "cov": [[15437.0478516, 1121.01025391, -1059.24194336, 321.67855835, -437.240692139, 50.0978736877, -342.899902344, 107.865989685, -78.9078598022, 45.4495353699, -122.653373718, 34.7675857544, 37.2291069031], [1121.01025391, 710.493103027, -225.32232666, 3.83345580101, 15.3465490341, -92.3460083008, 67.4947509766, -125.089202881, 53.1793518066, -73.0686950684, 104.094680786, -44.413444519, 63.5383148193], [-1059.24194336, -225.32232666, 578.796142578, 55.7973937988, 219.092697144, 158.342330933, 52.2123184204, 168.855194092, 21.9820289612, 96.635887146, 29.2577838898, 69.3469772339, -6.12525749207], [321.67855835, 3.83345580101, 55.7973937988, 161.321456909, 63.6010932922, 40.9247779846, 46.7206764221, 34.3857803345, 42.1274185181, 8.22012615204, 11.5419235229, 8.65634155273, -2.3200802803], [-437.240692139, 15.3465490341, 219.092697144, 63.6010932922, 220.56703186, 103.14969635, 76.4699249268, 65.4703979492, 50.8578643799, 53.3711395264, 80.1837310791, 53.9755172729, 31.606256485], [50.0978736877, -92.3460083008, 158.342330933, 40.9247779846, 103.14969635, 143.293518066, 42.2558784485, 87.3491897583, 13.402179718, 54.8381233215, 30.6563224792, 47.7318153381, 10.0370721817], [-342.899902344, 67.4947509766, 52.2123184204, 46.7206764221, 76.4699249268, 42.2558784485, 142.234725952, 36.9046211243, 73.6238632202, 19.2660751343, 69.8915100098, 21.0340805054, 28.7962837219], [107.865989685, -125.089202881, 168.855194092, 34.3857803345, 65.4703979492, 87.3491897583, 36.9046211243, 154.263244629, 29.1181774139, 65.1519775391, 12.229798317, 53.4632797241, -0.390457451344], [-78.9078598022, 53.1793518066, 21.9820289612, 42.1274185181, 50.8578643799, 13.402179718, 73.6238632202, 29.1181774139, 109.266731262, 37.4428215027, 58.6425819397, 14.3432855606, 25.9793109894], [45.4495353699, -73.0686950684, 96.635887146, 8.22012615204, 53.3711395264, 54.8381233215, 19.2660751343, 65.1519775391, 37.4428215027, 103.788604736, 52.7556877136, 37.8030738831, -3.53847002983], [-122.653373718, 104.094680786, 29.2577838898, 11.5419235229, 80.1837310791, 30.6563224792, 69.8915100098, 12.229798317, 58.6425819397, 52.7556877136, 157.953643799, 49.1782531738, 22.0686130524], [34.7675857544, -44.413444519, 69.3469772339, 8.65634155273, 53.9755172729, 47.7318153381, 21.0340805054, 53.4632797241, 14.3432855606, 37.8030738831, 49.1782531738, 100.331260681, 35.5092086792], [37.2291069031, 63.5383148193, -6.12525749207, -2.3200802803, 31.606256485, 10.0370721817, 28.7962837219, -0.390457451344, 25.9793109894, -3.53847002983, 22.0686130524, 35.5092086792, 109.56918335]],
        "icov": [[0.000195606829948, -0.000600920408033, 0.000409638509154, -0.000661009631585, 0.000514265033416, -0.000691284309141, 0.000816880783532, -0.000659754732624, 0.00015988186351, -0.000596428639255, 0.000310781237204, -0.000261502835201, -4.6165598178e-05], [-0.000600920408033, 0.00440893834457, -0.000475595414173, 0.00195648986846, -0.00275507639162, 0.00316232256591, -0.00282320869155, 0.00223837024532, -0.000645913591143, 0.00342567823827, -0.00306526897475, 0.00234053214081, -0.000960048870184], [0.000409638509154, -0.000475595414173, 0.00512963207439, -0.000969305052422, -0.00305760418996, -0.00146369694266, 0.00165258883499, -0.00393691426143, 0.00127544836141, -0.00179059884977, 0.00122294586617, 4.78412002849e-05, 0.000348508358002], [-0.000661009631585, 0.00195648986846, -0.000969305052422, 0.0105480682105, -0.00381032912992, 0.000766986049712, -0.00348614365794, 0.00162058835849, -0.00385201862082, 0.0039343056269, 0.000480133021483, 0.000539945729543, 0.00197874824516], [0.000514265033416, -0.00275507639162, -0.00305760418996, -0.00381032912992, 0.0143789136782, -0.00680315447971, 0.00121369084809, 0.000714197172783, -0.000942080281675, -0.00156670913566, -0.00182511133607, -0.00193883245811, -0.0015009464696], [-0.000691284309141, 0.00316232256591, -0.00146369694266, 0.000766986049712, -0.00680315447971, 0.0189271699637, -0.00571777578443, -0.00231368443929, 0.00454512936994, -0.00142229208723, -0.00113548850641, 0.00046386665781, -0.000986660365015], [0.000816880783532, -0.00282320869155, 0.00165258883499, -0.00348614365794, 0.00121369084809, -0.00571777578443, 0.0179977566004, -0.00519558461383, -0.00665121991187, 0.00235850131139, -0.00297370739281, 0.000612764677498, -0.00114317436237], [-0.000659754732624, 0.00223837024532, -0.00393691426143, 0.00162058835849, 0.000714197172783, -0.00231368443929, -0.00519558461383, 0.0180619694293, -0.00319397891872, -0.00270192557946, 0.00287808268331, -0.00457304669544, 0.00174855033401], [0.00015988186351, -0.000645913591143, 0.00127544836141, -0.00385201862082, -0.000942080281675, 0.00454512936994, -0.00665121991187, -0.00319397891872, 0.0201224684715, -0.00747028784826, -0.00193536863662, 0.00271071214229, -0.00359903182834], [-0.000596428639255, 0.00342567823827, -0.00179059884977, 0.0039343056269, -0.00156670913566, -0.00142229208723, 0.00235850131139, -0.00270192557946, -0.00747028784826, 0.0230017695576, -0.00782019272447, 0.000595628807787, 0.00204819999635], [0.000310781237204, -0.00306526897475, 0.00122294586617, 0.000480133021483, -0.00182511133607, -0.00113548850641, -0.00297370739281, 0.00287808268331, -0.00193536863662, -0.00782019272447, 0.0157717317343, -0.00713717611507, 0.00251546432264], [-0.000261502835201, 0.00234053214081, 4.78412002849e-05, 0.000539945729543, -0.00193883245811, 0.00046386665781, 0.000612764677498, -0.00457304669544, 0.00271071214229, 0.000595628807787, -0.00713717611507, 0.0192779954523, -0.00634843949229], [-4.6165598178e-05, -0.000960048870184, 0.000348508358002, 0.00197874824516, -0.0015009464696, -0.000986660365015, -0.00114317436237, 0.00174855033401, -0.00359903182834, 0.00204819999635, 0.00251546432264, -0.00634843949229, 0.0130607131869]]
    },
    "melbands": {
        "dmean": [0.0052612409927, 0.00188615429215, 0.000681134988554, 0.000455797970062, 0.000610671995673, 0.000314382690703, 0.000264154426986, 0.0001549335866, 0.000207084842259, 6.82642057654e-05, 0.000130811618874, 5.90029230807e-05, 0.000115415547043, 8.20334098535e-05, 2.95843619824e-05, 9.77155923465e-06, 1.73156040546e-05, 7.45513580114e-06, 7.59589920563e-06, 7.26093230696e-06, 5.93513323111e-06, 5.87792146689e-06, 3.2004154491e-06, 2.33903551816e-06, 2.17983392758e-06, 8.77854176906e-07, 6.90864624175e-07, 4.88019963996e-07, 3.72920510472e-07, 4.53606958217e-07, 1.65569289834e-07, 1.31766668687e-07, 1.27504335978e-07, 8.67691127837e-08, 5.5980901692e-08, 3.05172811466e-08, 2.88614323551e-08, 4.10688691943e-08, 3.63650549673e-08, 2.4995907566e-08],
        "dmean2": [0.00775325018913, 0.00309251062572, 0.00125430722255, 0.000718290160876, 0.000928884779569, 0.000452002481325, 0.000345366308466, 0.000187490222743, 0.000276846403722, 8.939478721e-05, 0.000162692464073, 8.52295779623e-05, 0.000197036773898, 0.00013310018403, 4.49721956102e-05, 1.53117671289e-05, 2.85650239675e-05, 1.22330893646e-05, 1.21567354654e-05, 1.17214185593e-05, 9.19762896956e-06, 9.35477510211e-06, 5.07347385792e-06, 3.7947806959e-06, 3.67741790797e-06, 1.41116936447e-06, 1.14414876862e-06, 8.02935744559e-07, 5.83761220696e-07, 6.98100222962e-07, 2.56126867271e-07, 2.03169761903e-07, 1.92053747128e-07, 1.32521734031e-07, 9.10062993853e-08, 4.90132556763e-08, 4.97620860074e-08, 7.32234184397e-08, 6.42717665755e-08, 4.37375859974e-08],
        "dvar": [0.000119885116874, 1.66006029758e-05, 3.19047035191e-06, 6.00970054165e-07, 7.97462348601e-07, 1.50906302565e-07, 1.21044962498e-07, 4.18641192823e-08, 1.03951258268e-07, 1.315637288e-08, 4.40957315107e-08, 9.62099289126e-09, 1.79104333142e-07, 4.66918343989e-08, 1.59515267661e-09, 3.6603914344e-10, 8.73840888538e-10, 9.1599255958e-11, 1.33348235232e-10, 1.64935801128e-10, 6.48521306101e-11, 7.43493253075e-11, 5.99411284496e-11, 4.39294017829e-11, 2.21278273482e-11, 2.85804756597e-12, 8.59493249142e-13, 4.43576056962e-13, 4.49387272186e-13, 5.52123234285e-13, 1.26138154284e-13, 7.99610147518e-14, 8.30248074609e-14, 3.71624287604e-14, 4.65903154273e-14, 1.53216249231e-14, 5.290566518e-15, 5.26401669379e-15, 4.30847162621e-15, 1.88878394601e-15],
        "dvar2": [0.000279419560684, 4.37944945588e-05, 9.19962167245e-06, 1.48903438912e-06, 2.21889126806e-06, 3.68444688092e-07, 2.4970623258e-07, 5.7856528457e-08, 1.8703410376e-07, 2.57676759929e-08, 6.28028189453e-08, 1.73647727308e-08, 5.28320242665e-07, 1.31447905005e-07, 3.24847326816e-09, 6.84879986057e-10, 2.24661311776e-09, 2.05367570172e-10, 3.04743785762e-10, 3.6355779498e-10, 1.33782970813e-10, 1.52271015241e-10, 1.17703208291e-10, 8.08980382683e-11, 4.40704243931e-11, 5.91923385307e-12, 2.17506221367e-12, 1.09098027921e-12, 1.08907143286e-12, 1.17198742031e-12, 2.53634515734e-13, 1.79302278862e-13, 1.7526866731e-13, 6.64070510278e-14, 1.13397138901e-13, 3.57716480948e-14, 1.52998595645e-14, 1.39929368548e-14, 1.10626238327e-14, 4.82479749987e-15],
        "max": [0.0669531822205, 0.0284924246371, 0.0146166691557, 0.0129014886916, 0.011442146264, 0.00475071417168, 0.00446121860296, 0.00324812857434, 0.00451020617038, 0.0017065909924, 0.00297559518367, 0.00228772149421, 0.00534387677908, 0.00275653111748, 0.000680999830365, 0.000454221735708, 0.000319506594678, 9.90532134892e-05, 0.00016676170344, 0.000149111103383, 0.000110150314867, 0.000116121511383, 0.000126420301967, 0.000158932743943, 9.61109544733e-05, 3.22356027027e-05, 9.1956999313e-06, 7.71251234255e-06, 8.16804185888e-06, 8.71696556715e-06, 5.40668179383e-06, 3.67742518392e-06, 3.79273592443e-06, 3.74646401724e-06, 4.90556112709e-06, 2.88935734716e-06, 1.35955713176e-06, 5.17901924013e-07, 5.75127842239e-07, 2.37850059648e-07],
        "mean": [0.0111044086516, 0.00334786949679, 0.000794635969214, 0.00100419030059, 0.00145536405034, 0.000823481299449, 0.000718273222446, 0.000432368600741, 0.000515291350894, 0.000176357018063, 0.000256365339737, 0.000135641632369, 0.000155616813572, 0.000116445669846, 5.56838931516e-05, 1.87465921044e-05, 2.54925307672e-05, 1.51691610881e-05, 1.70028197317e-05, 1.45614703797e-05, 1.14411104732e-05, 1.05476501631e-05, 5.42059706277e-06, 4.62807247459e-06, 3.94140261051e-06, 1.64771483924e-06, 1.3407023971e-06, 9.36620949687e-07, 6.71430086641e-07, 7.68779671034e-07, 3.07031427838e-07, 2.40772237703e-07, 1.97038062311e-07, 1.33768310207e-07, 7.26131261786e-08, 3.98734698592e-08, 3.11974375222e-08, 3.50517410652e-08, 2.97942897021e-08, 2.05418366761e-08],
        "median": [0.00230592209846, 0.00206381641328, 0.000328261754476, 0.000476792512927, 0.000847898074426, 0.000618738355115, 0.000399994198233, 0.000280059291981, 0.00029988103779, 8.43612288008e-05, 0.000134695874294, 8.19842680357e-05, 5.5882781453e-05, 5.32789927092e-05, 3.19343816955e-05, 8.01029455033e-06, 1.49944444274e-05, 9.01091880223e-06, 9.2830578069e-06, 5.79198831474e-06, 6.15736098553e-06, 5.86738769925e-06, 2.23699726121e-06, 2.29133797802e-06, 2.33098626268e-06, 8.93961953352e-07, 9.64283117355e-07, 6.63750938656e-07, 4.27089759114e-07, 4.07358413668e-07, 1.76345366754e-07, 1.34786105832e-07, 8.82339179498e-08, 6.57976499951e-08, 3.78809197343e-08, 1.91094624569e-08, 1.39334010996e-08, 1.13259854828e-08, 8.07657318802e-09, 5.44779776845e-09],
        "min": [1.3233295513e-23, 1.34076471836e-23, 2.94593380016e-24, 7.35223885692e-24, 6.4462285574e-24, 1.49617678535e-23, 1.00135021415e-23, 3.06250436777e-24, 5.93538787316e-24, 1.34725357263e-23, 4.74847998251e-24, 4.69835931047e-24, 4.5016457997e-24, 4.6625675079e-24, 7.01056347735e-24, 6.35936353325e-24, 4.62834987728e-24, 5.50658280661e-24, 5.87649191241e-24, 5.43971816742e-24, 6.90994269117e-24, 8.96365291663e-24, 1.13075353709e-23, 1.33327353744e-23, 1.25335806232e-23, 8.89684823087e-24, 1.00042858795e-23, 1.15975537718e-23, 6.71742592041e-24, 1.23297768306e-23, 8.49840720942e-24, 7.47360510719e-24, 7.908664263e-24, 9.7245155706e-24, 9.52804818443e-24, 8.59870298491e-24, 8.49154727498e-24, 9.67020959702e-24, 1.11924208433e-23, 1.01974984256e-23],
