{
"metadata": {
    "version": {
        "essentia": "2.0.1",
        "extractor": "archive-music 1.0"
    },
    "audio_properties": {
        "analysis_sample_rate": 44100,
        "bitrate": 128,
        "channels": 2,
        "equal_loudness": 0,
        "length": 15.7518367767,
        "replay_gain": -8.40840148926,
        "downmix": "mix"
    },
    "tags": {
        "track": 1,
        "year": 0,
        "album": "Janela",
        "artist": "Janela",
        "comment": "",
        "genre": "Other",
        "title": "Agracejo"
    }
},
"highlevel": {
    "culture": {
        "all": {
            "non_western": 0.151146262884,
            "western": 0.848853707314
        },
        "probability": 0.848853707314,
        "value": "western"
    },
    "danceability": {
        "all": {
            "danceable": 0.377177357674,
            "not_danceable": 0.622822642326
        },
        "probability": 0.622822642326,
        "value": "not_danceable"
    },
    "gender": {
        "all": {
            "female": 0.33464127779,
            "male": 0.66535872221
        },
        "probability": 0.66535872221,
        "value": "male"
    },
    "genre_dortmund": {
        "all": {
            "alternative": 0.0151899177581,
            "blues": 0.00515190046281,
            "electronic": 0.229964450002,
            "folkcountry": 0.0175804402679,
            "funksoulrnb": 0.005705348216,
            "jazz": 0.532950460911,
            "pop": 0.00925046205521,
            "raphiphop": 0.170944392681,
            "rock": 0.0132626416162
        },
        "probability": 0.532950460911,
        "value": "jazz"
    },
    "genre_electronic": {
        "all": {
            "ambient": 0.637850821018,
            "dnb": 0.0145579734817,
            "house": 0.270011484623,
            "techno": 0.0603355355561,
            "trance": 0.0172442160547
        },
        "probability": 0.637850821018,
        "value": "ambient"
    },
    "genre_rosamerica": {
        "all": {
            "cla": 0.0548786334693,
            "dan": 0.0124663542956,
            "hip": 0.0813439711928,
            "jaz": 0.487525999546,
            "pop": 0.0141227599233,
            "rhy": 0.272768050432,
            "roc": 0.0102411424741,
            "spe": 0.066653072834
        },
        "probability": 0.487525999546,
        "value": "jaz"
    },
    "genre_tzanetakis": {
        "all": {
            "blu": 0.00384977902286,
            "cla": 0.00861947610974,
            "cou": 0.00178897578735,
            "dis": 0.0102362949401,
            "hip": 0.517150998116,
            "jaz": 0.0186808761209,
            "met": 0.00390633009374,
            "pop": 0.0154437748715,
            "reg": 0.356796532869,
            "roc": 0.0635269656777
        },
        "probability": 0.517150998116,
        "value": "hip"
    },
    "mirex_ballroom": {
        "all": {
            "ChaChaCha": 0.232248321176,
            "Jive": 0.0730993375182,
            "Quickstep": 0.0330999977887,
            "Rumba-American": 0.0157598610967,
            "Rumba-International": 0.316874563694,
            "Rumba-Misc": 0.155626758933,
            "Samba": 0.034789994359,
            "Tango": 0.0313075780869,
            "VienneseWaltz": 0.0412255860865,
            "Waltz": 0.0659680068493
        },
        "probability": 0.316874563694,
        "value": "Rumba-International"
    },
    "mood_acoustic": {
        "all": {
            "acoustic": 0.737417221069,
            "not_acoustic": 0.262582778931
        },
        "probability": 0.737417221069,
        "value": "acoustic"
    },
    "mood_aggressive": {
        "all": {
            "aggressive": 0.259572416544,
            "not_aggressive": 0.740427553654
        },
        "probability": 0.740427553654,
        "value": "not_aggressive"
    },
    "mood_electronic": {
        "all": {
            "electronic": 0.90569037199,
            "not_electronic": 0.0943096056581
        },
        "probability": 0.90569037199,
        "value": "electronic"
    },
    "mood_happy": {
        "all": {
            "happy": 0.116244800389,
            "not_happy": 0.883755207062
        },
        "probability": 0.883755207062,
        "value": "not_happy"
    },
    "mood_party": {
        "all": {
            "not_party": 0.639528334141,
            "party": 0.360471665859
        },
        "probability": 0.639528334141,
        "value": "not_party"
    },
    "mood_relaxed": {
        "all": {
            "not_relaxed": 0.0400126986206,
            "relaxed": 0.959987282753
        },
        "probability": 0.959987282753,
        "value": "relaxed"
    },
    "mood_sad": {
        "all": {
            "not_sad": 0.255145609379,
            "sad": 0.744854390621
        },
        "probability": 0.744854390621,
        "value": "sad"
    },
    "moods_mirex": {
        "all": {
            "Cluster1": 0.695969760418,
            "Cluster2": 0.0801089480519,
            "Cluster3": 0.107851758599,
            "Cluster4": 0.0636371225119,
            "Cluster5": 0.0524323917925
        },
        "probability": 0.695969760418,
        "value": "Cluster1"
    },
    "timbre": {
        "all": {
            "bright": 0.505907297134,
            "dark": 0.494092702866
        },
        "probability": 0.505907297134,
        "value": "bright"
    },
    "tonal_atonal": {
        "all": {
            "atonal": 0.758657157421,
            "tonal": 0.241342842579
        },
        "probability": 0.758657157421,
        "value": "atonal"
    },
    "voice_instrumental": {
        "all": {
            "instrumental": 0.883233129978,
            "voice": 0.116766892374
        },
        "probability": 0.883233129978,
        "value": "instrumental"
    }
},
"lowlevel": {
    "average_loudness": 0.973105609417,
    "barkbands_kurtosis": {
        "dmean": 13.0520582199,
        "dmean2": 18.3433837891,
        "dvar": 186.777877808,
        "dvar2": 407.2940979,
        "max": 170.380752563,
        "mean": 24.7043361664,
        "median": 19.7529792786,
        "min": -1.87286245823,
        "var": 490.845825195
    },
    "barkbands_skewness": {
        "dmean": 1.18577945232,
        "dmean2": 1.57146692276,
        "dvar": 1.07465064526,
        "dvar2": 2.27081489563,
        "max": 10.8712091446,
        "mean": 3.13043761253,
        "median": 3.00845265388,
        "min": -2.88682055473,
        "var": 3.91641354561
    },
    "barkbands_spread": {
        "dmean": 5.56325817108,
        "dmean2": 9.3537197113,
        "dvar": 116.532493591,
        "dvar2": 313.814910889,
        "max": 96.8399353027,
        "mean": 6.94541215897,
        "median": 3.62974977493,
        "min": 0.430645823479,
        "var": 96.9086837769
    },
    "dissonance": {
        "dmean": 0.0377786830068,
        "dmean2": 0.0587389655411,
        "dvar": 0.00126550917048,
        "dvar2": 0.00269282027148,
        "max": 0.49976375699,
        "mean": 0.413735330105,
        "median": 0.429873228073,
        "min": 0.128532886505,
        "var": 0.00383488810621
    },
    "dynamic_complexity": 3.76435470581,
    "erbbands_kurtosis": {
        "dmean": 6.16874742508,
        "dmean2": 9.29286384583,
        "dvar": 138.303726196,
        "dvar2": 298.228210449,
        "max": 174.017425537,
        "mean": 9.39034748077,
        "median": 4.91632080078,
        "min": -1.81081402302,
        "var": 249.61958313
    },
    "erbbands_skewness": {
        "dmean": 0.844547688961,
        "dmean2": 1.26584303379,
        "dvar": 0.978136360645,
        "dvar2": 2.36119794846,
        "max": 10.1326828003,
        "mean": 2.07054591179,
        "median": 1.9913392067,
        "min": -1.65329861641,
        "var": 2.25005412102
    },
    "erbbands_spread": {
        "dmean": 17.0959625244,
        "dmean2": 24.5102214813,
        "dvar": 484.01260376,
        "dvar2": 1074.75695801,
        "max": 147.626525879,
        "mean": 35.8642616272,
        "median": 26.9838829041,
        "min": 0.941340088844,
        "var": 862.54309082
    },
    "hfc": {
        "dmean": 4.99280977249,
        "dmean2": 7.51888370514,
        "dvar": 116.66645813,
        "dvar2": 283.948120117,
        "max": 77.4438476562,
        "mean": 5.22663927078,
        "median": 1.55281698704,
        "min": 1.11383072324e-16,
        "var": 118.266983032
    },
    "melbands_kurtosis": {
        "dmean": 30.2033557892,
        "dmean2": 42.2321357727,
        "dvar": 1406.2421875,
        "dvar2": 2638.12744141,
        "max": 540.689575195,
        "mean": 55.2541007996,
        "median": 36.1501235962,
        "min": -1.26352584362,
        "var": 4182.82226562
    },
    "melbands_skewness": {
        "dmean": 1.66060101986,
        "dmean2": 2.1602845192,
        "dvar": 2.43995046616,
        "dvar2": 4.73439598083,
        "max": 18.5254707336,
        "mean": 4.3698797226,
        "median": 3.95823192596,
        "min": -0.91759198904,
        "var": 9.14803409576
    },
    "melbands_spread": {
        "dmean": 3.94802975655,
        "dmean2": 6.61643075943,
        "dvar": 100.036643982,
        "dvar2": 244.37020874,
        "max": 149.861358643,
        "mean": 6.04532194138,
        "median": 2.99276828766,
        "min": 0.326557278633,
        "var": 176.585220337
    },
    "pitch_salience": {
        "dmean": 0.104301512241,
        "dmean2": 0.163800761104,
        "dvar": 0.00921218376607,
        "dvar2": 0.0230867620558,
        "max": 0.972134947777,
        "mean": 0.52352553606,
        "median": 0.537677109241,
        "min": 0.121248751879,
        "var": 0.0210823751986
    },
    "silence_rate_20dB": {
        "dmean": 0,
        "dmean2": 0,
        "dvar": 0,
        "dvar2": 0,
        "max": 1,
        "mean": 1,
        "median": 1,
        "min": 1,
        "var": 0
    },
    "silence_rate_30dB": {
        "dmean": 0.0795287191868,
        "dmean2": 0.159292042255,
        "dvar": 0.0732038468122,
        "dvar2": 0.15751761198,
        "max": 1,
        "mean": 0.930882334709,
        "median": 1,
        "min": 0,
        "var": 0.064340300858
    },
    "silence_rate_60dB": {
        "dmean": 0.150220915675,
        "dmean2": 0.300884962082,
        "dvar": 0.127655237913,
        "dvar2": 0.219201818109,
        "max": 1,
        "mean": 0.297058820724,
        "median": 0,
        "min": 0,
        "var": 0.208813995123
    },
    "spectral_centroid": {
        "dmean": 248.295547485,
        "dmean2": 389.373535156,
        "dvar": 354906.84375,
        "dvar2": 606445.5,
        "max": 11060.734375,
        "mean": 509.716278076,
        "median": 335.175231934,
        "min": 160.977981567,
        "var": 515280.0625
    },
    "spectral_complexity": {
        "dmean": 3.41384387016,
        "dmean2": 5.51622438431,
        "dvar": 51.2027816772,
        "dvar2": 124.645118713,
        "max": 49,
        "mean": 5.48676490784,
        "median": 4,
        "min": 0,
        "var": 50.2351264954
    },
    "spectral_crest": {
        "dmean": 3.21830844879,
        "dmean2": 5.31193590164,
        "dvar": 7.96408700943,
        "dvar2": 22.0896053314,
        "max": 24.5299377441,
        "mean": 12.9213647842,
        "median": 12.5888557434,
        "min": 3.60010170937,
        "var": 14.2715520859
    },
    "spectral_decrease": {
        "dmean": 4.70308414435e-09,
        "dmean2": 6.67797372955e-09,
        "dvar": 1.07116812214e-16,
        "dvar2": 2.34804018075e-16,
        "max": -1.33494043582e-29,
        "mean": -5.51420464845e-09,
        "median": -1.68316760529e-09,
        "min": -7.90163028341e-08,
        "var": 1.30662349531e-16
    },
    "spectral_energy": {
        "dmean": 0.0181055944413,
        "dmean2": 0.0257212370634,
        "dvar": 0.00157678197138,
        "dvar2": 0.00344459945336,
        "max": 0.303571999073,
        "mean": 0.0212859399617,
        "median": 0.00651797093451,
        "min": 1.03215823017e-20,
        "var": 0.00193340936676
    },
    "spectral_energyband_high": {
        "dmean": 0.000355726719135,
        "dmean2": 0.000619122933131,
        "dvar": 8.93115554845e-07,
        "dvar2": 2.40375516114e-06,
        "max": 0.00710448529571,
        "mean": 0.000248526484938,
        "median": 1.14989488793e-05,
        "min": 7.33335114134e-21,
        "var": 6.18712533651e-07
    },
    "spectral_energyband_low": {
        "dmean": 0.014183524996,
        "dmean2": 0.0211570374668,
        "dvar": 0.0012039084686,
        "dvar2": 0.00285777705722,
        "max": 0.250516146421,
        "mean": 0.0143755339086,
        "median": 0.00298953661695,
        "min": 1.33319777524e-22,
        "var": 0.00121844466776
    },
    "spectral_energyband_middle_high": {
        "dmean": 0.000432135508163,
        "dmean2": 0.000696009257808,
        "dvar": 1.15234547593e-06,
        "dvar2": 2.9623492992e-06,
        "max": 0.00702888239175,
        "mean": 0.000354960910045,
        "median": 3.34882133757e-05,
        "min": 1.50921990622e-21,
        "var": 9.46610384744e-07
    },
    "spectral_energyband_middle_low": {
        "dmean": 0.00743066798896,
        "dmean2": 0.011510560289,
        "dvar": 0.000275706959656,
        "dvar2": 0.000736623711418,
        "max": 0.171221405268,
        "mean": 0.00895932875574,
        "median": 0.00391301186755,
        "min": 2.27080566166e-22,
        "var": 0.000254904705798
    },
    "spectral_flatness_db": {
        "dmean": 0.0463621802628,
        "dmean2": 0.0693995207548,
        "dvar": 0.00294711394235,
        "dvar2": 0.00657084491104,
        "max": 0.482538193464,
        "mean": 0.269094794989,
        "median": 0.271607369184,
        "min": 0.0235477406532,
        "var": 0.00638855621219
    },
    "spectral_flux": {
        "dmean": 0.0418301410973,
        "dmean2": 0.0612669065595,
        "dvar": 0.00410518329591,
        "dvar2": 0.00826983805746,
        "max": 0.447581738234,
        "mean": 0.0714626014233,
        "median": 0.0353314951062,
        "min": 6.66284319384e-11,
        "var": 0.00783700402826
    },
    "spectral_kurtosis": {
        "dmean": 5.54858064651,
        "dmean2": 8.18450450897,
        "dvar": 52.2969779968,
        "dvar2": 110.578147888,
        "max": 85.8886108398,
        "mean": 10.4079198837,
        "median": 6.33360624313,
        "min": -1.23075067997,
        "var": 161.730773926
    },
    "spectral_rms": {
        "dmean": 0.00142876582686,
        "dmean2": 0.00178856356069,
        "dvar": 4.73222780784e-06,
        "dvar2": 8.81765936356e-06,
        "max": 0.0172095261514,
        "mean": 0.00334483990446,
        "median": 0.00252168159932,
        "min": 3.17330059799e-12,
        "var": 9.57884094532e-06
    },
    "spectral_rolloff": {
        "dmean": 273.715515137,
        "dmean2": 511.36505127,
        "dvar": 1550395.375,
        "dvar2": 3727698,
        "max": 18906.1523438,
        "mean": 526.961547852,
        "median": 279.931640625,
        "min": 86.1328125,
        "var": 3039407.75
    },
    "spectral_skewness": {
        "dmean": 0.64145642519,
        "dmean2": 0.917249262333,
        "dvar": 0.499807626009,
        "dvar2": 1.06142652035,
        "max": 7.7125248909,
        "mean": 2.32925581932,
        "median": 2.0851483345,
        "min": -0.00608949596062,
        "var": 1.60467255116
    },
    "spectral_spread": {
        "dmean": 1215263,
        "dmean2": 1705807.625,
        "dvar": 5.75709433037e+12,
        "dvar2": 1.10387936625e+13,
        "max": 52235432,
        "mean": 4511268,
        "median": 3853504.5,
        "min": 1164788.25,
        "var": 1.0903906943e+13
    },
    "spectral_strongpeak": {
        "dmean": 0.174490988255,
        "dmean2": 0.273242920637,
        "dvar": 0.0398089252412,
        "dvar2": 0.101391375065,
        "max": 1.82764005661,
        "mean": 0.356145441532,
        "median": 0.288746595383,
        "min": 0,
        "var": 0.074964389205
    },
    "zerocrossingrate": {
        "dmean": 0.0091399922967,
        "dmean2": 0.013271455653,
        "dvar": 0.000726619095076,
        "dvar2": 0.00138576363679,
        "max": 0.5185546875,
        "mean": 0.0243135336787,
        "median": 0.0166015625,
        "min": 0.00341796875,
        "var": 0.0019134930335
    },
    "barkbands": {
        "dmean": [0.000411285844166, 0.00907608214766, 0.00356709724292, 0.00408310582861, 0.00298384390771, 0.000660876394249, 0.000318600534229, 0.000177651789272, 0.000152484717546, 7.39908937248e-05, 3.57310927939e-05, 2.55981231021e-05, 2.94406199828e-05, 2.27273521887e-05, 2.41692505369e-05, 4.8898265959e-05, 5.48252137378e-05, 4.83971598442e-05, 5.24182687514e-05, 8.6143030785e-05, 0.000141143114888, 7.96473614173e-05, 4.51776322734e-05, 2.98914765153e-05, 1.52441461978e-05, 2.71571184385e-06, 4.87390536819e-08],
        "dmean2": [0.000740596849937, 0.0150673789904, 0.00572672160342, 0.00645912159234, 0.00505363522097, 0.00109940057155, 0.000524079892784, 0.000310449890094, 0.000254375598161, 0.000119246418762, 6.17955010966e-05, 4.3242067477e-05, 4.82933683088e-05, 3.70786401618e-05, 3.99999335059e-05, 8.63913519424e-05, 9.64993596426e-05, 8.1879850768e-05, 8.86258567334e-05, 0.000150514111738, 0.000253856065683, 0.000137450508191, 7.7253440395e-05, 5.06254145876e-05, 2.67366522166e-05, 4.76424156659e-06, 8.70458549684e-08],
        "dvar": [1.3980352378e-06, 0.000693984911777, 8.27559124446e-05, 9.33784904191e-05, 6.46435655653e-05, 2.29277634389e-06, 6.40687574105e-07, 1.93615562694e-07, 2.27996082458e-07, 4.91629990051e-08, 7.9922024554e-09, 3.85345355625e-09, 5.55430546001e-09, 3.88844334509e-09, 5.16922682436e-09, 2.5564045103e-08, 3.29499592056e-08, 1.88845277194e-08, 3.06375191883e-08, 8.67834728524e-08, 2.61518948719e-07, 6.40464392632e-08, 9.07447095244e-09, 4.18298506943e-09, 1.3774673624e-09, 3.13381542938e-11, 3.0926348586e-14],
        "dvar2": [3.9103842937e-06, 0.0018149218522, 0.000180871371413, 0.000252516358159, 0.000178231683094, 6.10457436778e-06, 1.7408946178e-06, 5.34870991942e-07, 5.96546158249e-07, 1.24480578734e-07, 2.08354720144e-08, 9.6562873253e-09, 1.42264733327e-08, 9.63519219965e-09, 1.31360895494e-08, 6.75529179262e-08, 9.1195254015e-08, 4.96354175539e-08, 8.32987154809e-08, 2.36539293041e-07, 7.42390227515e-07, 1.71944918748e-07, 2.3985711195e-08, 1.11351328158e-08, 3.74385189517e-09, 8.36907348978e-11, 8.74433446658e-14],
        "max": [0.0089376391843, 0.187897115946, 0.0653471574187, 0.104543499649, 0.0882333517075, 0.0139726027846, 0.00766636431217, 0.00380236189812, 0.00498023536056, 0.00208766548894, 0.000738319591619, 0.000491126673296, 0.000668279477395, 0.000500960566569, 0.000652423594147, 0.00133902602829, 0.00130785384681, 0.00110843102448, 0.00189526868053, 0.00266247452237, 0.00448455521837, 0.00217225961387, 0.000613660435192, 0.000467815727461, 0.000280370528344, 3.19505707012e-05, 1.7720113874e-06],
        "mean": [0.000324106280459, 0.00786175113171, 0.00354426982813, 0.004093720112, 0.00314844609238, 0.000928537279833, 0.000477364839753, 0.00017930867034, 0.000123417426948, 6.40871367068e-05, 2.96870621241e-05, 2.161408338e-05, 2.56250259554e-05, 1.98122615984e-05, 2.04489897442e-05, 3.50486443494e-05, 3.90315581171e-05, 3.58293946192e-05, 3.94649978261e-05, 5.96518730163e-05, 9.27157598198e-05, 5.61562810617e-05, 3.2628136978e-05, 2.09627269214e-05, 1.03631982711e-05, 1.88649812571e-06, 3.79359264002e-08],
        "median": [3.47370223608e-05, 0.000403596874094, 0.000619572412688, 0.00127149443142, 0.00087425718084, 0.000331189075951, 5.45676630281e-05, 3.1933595892e-05, 8.996968063e-06, 4.12411372963e-06, 2.91826881949e-06, 1.5957193682e-06, 1.44321597872e-06, 1.36719143029e-06, 1.4746162833e-06, 1.26910344989e-06, 1.67297514508e-06, 1.61096886586e-06, 1.91942535821e-06, 1.71204919752e-06, 4.09213453167e-06, 1.81987479664e-06, 1.08357630779e-06, 4.69555544669e-07, 1.9219311298e-07, 3.79824456331e-08, 6.75250078075e-10],
        "min": [8.49908641866e-24, 3.13605089548e-23, 3.69126571561e-23, 1.77543401912e-23, 9.0938047108e-24, 1.88319936075e-23, 3.34015342969e-24, 1.17222395488e-23, 8.25074985025e-23, 5.08976937244e-23, 2.36575409617e-23, 6.6724127283e-23, 1.13392785026e-22, 9.77385913577e-23, 1.03370143142e-22, 1.47618329504e-22, 8.0859145242e-23, 1.22635975538e-22, 2.10447730591e-22, 3.12742883511e-22, 4.09859284496e-22, 3.74121007725e-22, 4.31525040024e-22, 6.50406350024e-22, 1.07755966175e-21, 1.46124090634e-21, 2.31682727675e-21],
        "var": [1.04725586425e-06, 0.000565553782508, 8.32071091281e-05, 7.89076802903e-05, 5.09383935423e-05, 2.45582054959e-06, 1.02058550056e-06, 1.65945607478e-07, 1.78786834226e-07, 4.16806642534e-08, 6.58297594214e-09, 3.33214278392e-09, 4.73783945409e-09, 3.47780004795e-09, 4.22455226357e-09, 1.80402235372e-08, 2.14737614357e-08, 1.39478926187e-08, 2.11479687096e-08, 5.74755567584e-08, 1.56376501081e-07, 4.44749161943e-08, 6.64382193705e-09, 2.9854274608e-09, 9.12536490816e-10, 2.19201358453e-11, 2.06693216958e-14]
    },
    "erbbands": {
        "dmean": [0.174025192857, 2.30447053909, 4.57085084915, 10.0173339844, 9.86830425262, 11.1805515289, 7.51536178589, 4.41051959991, 5.00818967819, 3.05791950226, 3.94582843781, 3.97808837891, 1.84512150288, 2.08384919167, 1.52173280716, 1.04158294201, 1.34410274029, 1.12708306313, 1.30233645439, 2.10484647751, 2.37074899673, 2.9313211441, 2.98034501076, 2.72773694992, 2.81268453598, 4.34204244614, 4.43878412247, 6.05205917358, 2.76702284813, 2.10191130638, 1.17617297173, 0.724427998066, 0.452764540911, 0.256294339895, 0.0674756243825, 0.0174459964037, 0.00430661952123, 0.000507447111886, 1.80224906217e-05, 2.04224961635e-05],
        "dmean2": [0.26961645484, 3.95769119263, 7.20032072067, 15.4609537125, 16.7881774902, 19.3115787506, 12.0272941589, 7.35664701462, 8.3742017746, 5.00221300125, 6.79592704773, 6.70990753174, 2.92260932922, 3.40148353577, 2.56526732445, 1.71146380901, 2.21569848061, 1.75876891613, 2.10898041725, 3.6228427887, 4.11602783203, 5.13047790527, 5.02205562592, 4.57468652725, 4.87954235077, 7.6832242012, 7.82778167725, 10.8733940125, 4.80129432678, 3.69124317169, 1.99742567539, 1.24169373512, 0.771741449833, 0.448508292437, 0.11874333024, 0.0307447239757, 0.00749808782712, 0.000893017626368, 2.80935109913e-05, 2.89910421998e-05],
        "dvar": [0.24876986444, 45.5527648926, 147.543762207, 453.761688232, 796.800170898, 955.677734375, 266.719451904, 113.182434082, 168.606903076, 50.3654670715, 89.8409576416, 169.839202881, 23.762140274, 25.8736515045, 15.831952095, 5.83581447601, 11.7609434128, 8.77152633667, 13.3501243591, 51.3816719055, 53.32006073, 94.9165039062, 75.0835494995, 79.6828231812, 95.5729293823, 243.511047363, 218.72593689, 480.349304199, 76.6324539185, 36.3338775635, 5.97707796097, 2.45825791359, 0.957983732224, 0.474758535624, 0.0235968716443, 0.00141725491267, 8.13554142951e-05, 1.98272846319e-06, 1.17156007118e-09, 1.92322291426e-09],
        "dvar2": [0.578521549702, 121.383857727, 349.090881348, 1112.1628418, 2203.05151367, 2667.53662109, 682.296936035, 301.685668945, 469.281677246, 133.252822876, 239.10218811, 453.784240723, 58.8869781494, 64.8440704346, 40.9351654053, 14.6293897629, 30.199716568, 21.2368984222, 33.1864700317, 137.470550537, 140.627655029, 263.126678467, 200.109024048, 213.45362854, 261.877960205, 669.57800293, 612.300964355, 1352.46777344, 205.170013428, 95.699836731, 15.8679924011, 6.52436351776, 2.51375436783, 1.29905259609, 0.0638149231672, 0.00382471783087, 0.000217171706026, 5.55002407054e-06, 2.8592319623e-09, 4.16166967554e-09],
        "max": [3.73897337914, 46.5640068054, 85.6766815186, 213.495315552, 369.26461792, 298.853485107, 157.783233643, 98.0783615112, 123.25579834, 65.5530319214, 83.6250305176, 140.738632202, 43.1450691223, 43.105632782, 33.2679023743, 18.1580047607, 32.8142127991, 23.1426124573, 34.1612243652, 63.3524169922, 56.9958534241, 73.118347168, 68.8331375122, 101.74646759, 113.199676514, 141.429336548, 127.171348572, 177.350448608, 76.9135360718, 45.5456237793, 17.62059021, 10.104013443, 6.88617992401, 6.08292198181, 1.15201044083, 0.25019672513, 0.0589063130319, 0.0129465917125, 0.000308890332235, 0.000334837677656],
        "mean": [0.16320130229, 1.96256351471, 4.23908233643, 10.8652362823, 9.96499633789, 10.8839464188, 11.7509393692, 5.23980808258, 7.29490327835, 4.06205844879, 4.1530380249, 3.21302461624, 1.63561916351, 1.85526287556, 1.28172504902, 0.906387805939, 1.18735992908, 1.00725412369, 1.12045454979, 1.51464521885, 1.74914824963, 2.05686783791, 2.21718358994, 2.05020213127, 2.06225037575, 2.99503111839, 2.99802994728, 3.95009326935, 1.98396623135, 1.47480213642, 0.85316079855, 0.51474493742, 0.319738775492, 0.173534691334, 0.0459552668035, 0.0117704179138, 0.003049666062, 0.000369403656805, 1.82888907148e-05, 2.41146772169e-05],
        "median": [0.00687936553732, 0.119436874986, 0.669251441956, 3.33876132965, 2.61995601654, 2.32515525818, 3.08166646957, 1.85371041298, 0.908110141754, 0.869988679886, 0.855630517006, 0.317130237818, 0.11962557584, 0.182746708393, 0.110707946122, 0.0730351507664, 0.071558021009, 0.0691688358784, 0.0970400795341, 0.0577032603323, 0.0841134339571, 0.0938474461436, 0.12772628665, 0.100224927068, 0.087197303772, 0.0922205746174, 0.119209736586, 0.161672890186, 0.076094865799, 0.0379802584648, 0.0326985493302, 0.0147243374959, 0.00658302009106, 0.00306605431251, 0.00103715341538, 0.00025218637893, 6.09069466009e-05, 5.99129407419e-06, 3.97543453801e-06, 7.52859978093e-06],
        "min": [1.48469559645e-21, 6.00875750355e-21, 3.59784275381e-20, 4.88896732308e-20, 3.00107233154e-20, 2.64487802001e-20, 1.16180321692e-19, 1.64852740459e-19, 5.50798567266e-20, 1.12792732741e-19, 3.86104800581e-19, 1.92706757702e-18, 1.67541224791e-18, 1.98397450123e-18, 1.58852664394e-18, 3.00555992853e-18, 5.39451295868e-18, 3.88353852968e-18, 5.69893858516e-18, 5.70788288913e-18, 8.50050833001e-18, 5.27540970383e-18, 7.50689815103e-18, 8.01122107152e-18, 1.02211829705e-17, 1.48792834996e-17, 1.79728380745e-17, 1.55739712847e-17, 1.22590615235e-17, 1.47065748051e-17, 1.25363093038e-17, 1.09586682533e-17, 1.19520153888e-17, 1.19632435385e-17, 7.9706081578e-18, 5.74935689786e-18, 2.63944296517e-18, 1.16434180837e-18, 3.1785069027e-19, 3.3907810288e-20],
        "var": [0.240263700485, 35.4843215942, 137.53187561, 453.088287354, 601.145996094, 720.561645508, 380.15045166, 102.016693115, 242.845626831, 55.5971336365, 82.5776443481, 126.304916382, 21.780210495, 23.1817359924, 13.0706415176, 5.17009687424, 10.0127077103, 8.26574039459, 11.6467723846, 35.7573165894, 38.6334724426, 61.6209335327, 53.9194755554, 57.8124237061, 62.625831604, 156.993743896, 137.488708496, 292.603088379, 53.605014801, 25.9670639038, 4.37836027145, 1.76536977291, 0.696201980114, 0.310074806213, 0.0157258138061, 0.000957886863034, 5.75417834625e-05, 1.26685142732e-06, 1.18482623712e-09, 2.39575626004e-09]
    },
    "gfcc": {
        "mean": [-179.527877808, 134.593383789, -66.2030181885, 59.8714942932, -65.3881988525, -0.508241593838, -34.6148910522, -5.54007434845, -18.6032047272, -8.33108711243, -12.9552259445, -10.8587713242, -7.05273151398],
        "cov": [[24218.2871094, -1229.5604248, -1450.71533203, 1387.05883789, -831.271606445, 870.298339844, -405.962341309, 294.812164307, -363.831085205, 148.618515015, -342.141296387, 390.783905029, -326.281280518], [-1229.5604248, 1713.59814453, 72.6666870117, -47.0199775696, 347.505493164, -322.944091797, 280.990631104, -256.708282471, 218.732284546, -80.1533050537, 210.871688843, -124.204963684, 222.853088379], [-1450.71533203, 72.6666870117, 659.64642334, -76.5422210693, 23.9344329834, -126.593795776, -63.8274002075, -0.681515276432, -16.0102081299, -26.3131160736, 46.3583374023, 31.6849136353, 15.3280649185], [1387.05883789, -47.0199775696, -76.5422210693, 418.25769043, 87.8663482666, 20.1858634949, -39.77318573, 3.23988461494, 45.3313713074, -18.8950023651, 2.28223133087, -27.921087265, 38.2908096313], [-831.271606445, 347.505493164, 23.9344329834, 87.8663482666, 442.54864502, 1.20631051064, 111.327697754, -84.1657943726, 107.191955566, 11.8478136063, 80.0300827026, -12.2760057449, 72.9024200439], [870.298339844, -322.944091797, -126.593795776, 20.1858634949, 1.20631051064, 299.134429932, 56.8481750488, 97.0304412842, -47.6646957397, -10.1747255325, -59.8467178345, -3.2607562542, -53.3970108032], [-405.962341309, 280.990631104, -63.8274002075, -39.77318573, 111.327697754, 56.8481750488, 299.884429932, 33.8352127075, 80.0109100342, -2.34385490417, 16.2172489166, -38.1826477051, 30.4125843048], [294.812164307, -256.708282471, -0.681515276432, 3.23988461494, -84.1657943726, 97.0304412842, 33.8352127075, 201.488311768, 23.8253097534, 16.5117778778, -62.4010276794, -15.1628093719, -55.7383384705], [-363.831085205, 218.732284546, -16.0102081299, 45.3313713074, 107.191955566, -47.6646957397, 80.0109100342, 23.8253097534, 153.758071899, 30.4059715271, 34.600692749, -35.723526001, 25.2793254852], [148.618515015, -80.1533050537, -26.3131160736, -18.8950023651, 11.8478136063, -10.1747255325, -2.34385490417, 16.5117778778, 30.4059715271, 139.729446411, 42.8469924927, 58.5729942322, -18.8288288116], [-342.141296387, 210.871688843, 46.3583374023, 2.28223133087, 80.0300827026, -59.8467178345, 16.2172489166, -62.4010276794, 34.600692749, 42.8469924927, 154.049758911, 50.3175735474, 54.4761009216], [390.783905029, -124.204963684, 31.6849136353, -27.921087265, -12.2760057449, -3.2607562542, -38.1826477051, -15.1628093719, -35.723526001, 58.5729942322, 50.3175735474, 141.835723877, 8.56931781769], [-326.281280518, 222.853088379, 15.3280649185, 38.2908096313, 72.9024200439, -53.3970108032, 30.4125843048, -55.7383384705, 25.2793254852, -18.8288288116, 54.4761009216, 8.56931781769, 126.240631104]],
        "icov": [[0.000125136954011, -0.000307871581754, 0.000161539050168, -0.000564748072065, 0.000324367923895, -0.000436981965322, 0.000184017801075, -8.92043753993e-05, 0.000197635265067, -0.000206069627893, 0.000382581405574, -0.000727213511709, 0.000376687821699], [-0.000307871581754, 0.00269212806597, -0.000356898759492, 0.00184319727123, -0.00108458392788, 0.00235468614846, -0.00180534401443, 0.00160196621437, -0.0016937754117, 0.00162172107957, -0.00240617245436, 0.00316559243947, -0.00189484236762], [0.000161539050168, -0.000356898759492, 0.00218840502203, -0.000299506878946, -0.000245331379119, 0.000643107050564, 0.000636279466562, -0.00137984147295, 0.000972267647739, 0.000740706978831, -0.000290643103654, -0.00128541362938, 0.000652312824968], [-0.000564748072065, 0.00184319727123, -0.000299506878946, 0.00564512331039, -0.00216243928298, 0.00185913837049, 0.00011797137995, 0.000201716276933, -0.00212904904038, 0.00171495357063, -0.00208608736284, 0.00393269304186, -0.00297817355022], [0.000324367923895, -0.00108458392788, -0.000245331379119, -0.00216243928298, 0.00493302615359, -0.00295937573537, -0.000183219206519, 0.00228092516772, -0.00225778995082, -0.00102923938539, 0.000873259617947, -0.00214190408587, 0.000456546666101], [-0.000436981965322, 0.00235468614846, 0.000643107050564, 0.00185913837049, -0.00295937573537, 0.00860133767128, -0.00280166696757, -0.0023192090448, 0.00250813458115, 0.00211035227403, -0.00216835178435, 0.00298039079644, -0.000384109676816], [0.000184017801075, -0.00180534401443, 0.000636279466562, 0.00011797137995, -0.000183219206519, -0.00280166696757, 0.00634162593633, -0.00199921266176, -0.00107555987779, -0.000557227293029, 0.00107259373181, -0.00120353023522, -0.000189031430637], [-8.92043753993e-05, 0.00160196621437, -0.00137984147295, 0.000201716276933, 0.00228092516772, -0.0023192090448, -0.00199921266176, 0.0109084602445, -0.00575404427946, -0.000462196825538, 0.00153486349154, 0.000941292091738, 0.000404707767302], [0.000197635265067, -0.0016937754117, 0.000972267647739, -0.00212904904038, -0.00225778995082, 0.00250813458115, -0.00107555987779, -0.00575404427946, 0.0152807896957, -0.00413220794871, -0.000755119079258, 0.00207907077856, 0.000620321254246], [-0.000206069627893, 0.00162172107957, 0.000740706978831, 0.00171495357063, -0.00102923938539, 0.00211035227403, -0.000557227293029, -0.000462196825538, -0.00413220794871, 0.0126528590918, -0.00403030635789, -0.00304127880372, 0.00207189540379], [0.000382581405574, -0.00240617245436, -0.000290643103654, -0.00208608736284, 0.000873259617947, -0.00216835178435, 0.00107259373181, 0.00153486349154, -0.000755119079258, -0.00403030635789, 0.0136933298782, -0.006350022275, -0.00102559430525], [-0.000727213511709, 0.00316559243947, -0.00128541362938, 0.00393269304186, -0.00214190408587, 0.00298039079644, -0.00120353023522, 0.000941292091738, 0.00207907077856, -0.00304127880372, -0.006350022275, 0.0168559513986, -0.00457538571209], [0.000376687821699, -0.00189484236762, 0.000652312824968, -0.00297817355022, 0.000456546666101, -0.000384109676816, -0.000189031430637, 0.000404707767302, 0.000620321254246, 0.00207189540379, -0.00102559430525, -0.00457538571209, 0.0138001292944]]
    },
    "melbands": {
        "dmean": [0.00211346242577, 0.00271936645731, 0.00166799058206, 0.000769225356635, 0.00029801754863, 0.000102443475043, 7.37789523555e-05, 3.31776427629e-05, 3.23434469465e-05, 2.23068382184e-05, 9.2132768259e-06, 9.23894276639e-06, 4.86090766572e-06, 3.35415870722e-06, 2.72767078968e-06, 2.81096845356e-06, 2.02801243177e-06, 2.1205619305e-06, 1.94287326849e-06, 3.70004318029e-06, 2.57818805949e-06, 2.75500792668e-06, 3.52124970959e-06, 2.21655659516e-06, 2.26985912377e-06, 1.72303452928e-06, 2.53030998465e-06, 2.91660353469e-06, 2.47666594078e-06, 3.58036822945e-06, 3.37071878675e-06, 1.55331576934e-06, 1.38993414112e-06, 1.05299170627e-06, 6.64502749714e-07, 5.79896550335e-07, 4.18712261308e-07, 3.57867321554e-07, 2.4223166406e-07, 2.01475188533e-07],
        "dmean2": [0.00338901393116, 0.00436742790043, 0.00254958402365, 0.00131849711761, 0.00048487863387, 0.000171246530954, 0.000122177778394, 5.49152027816e-05, 5.51376579097e-05, 3.76796415367e-05, 1.4780975107e-05, 1.50966452566e-05, 8.30770750326e-06, 5.66645940125e-06, 4.45287241746e-06, 4.65768698632e-06, 3.24124562212e-06, 3.44437194144e-06, 3.31115597874e-06, 6.53084043734e-06, 4.48005357612e-06, 4.90710726808e-06, 6.14471127847e-06, 3.70163934349e-06, 3.85063367503e-06, 2.91535411634e-06, 4.41644579041e-06, 5.2180662351e-06, 4.3307982196e-06, 6.46962325845e-06, 6.02521822657e-06, 2.6940731459e-06, 2.41734073825e-06, 1.8621997242e-06, 1.13276541924e-06, 1.00036413642e-06, 7.21514936686e-07, 6.12072028616e-07, 4.2203160433e-07, 3.52771365897e-07],
        "dvar": [3.67186767107e-05, 5.45611765119e-05, 1.36140115501e-05, 4.58908425571e-06, 4.65942548544e-07, 5.75308618522e-08, 3.46490942604e-08, 6.41409547697e-09, 5.98545168984e-09, 5.32390620478e-09, 6.3863236921e-10, 5.79410519563e-10, 1.63765778716e-10, 6.42799008466e-11, 4.14033286822e-11, 5.79233432052e-11, 2.97832869478e-11, 3.56599853812e-11, 3.83808644588e-11, 1.61068505755e-10, 6.42136760431e-11, 8.50617493109e-11, 1.46048215188e-10, 3.62572541435e-11, 6.25234100604e-11, 3.24707448429e-11, 7.92039073216e-11, 1.13680766189e-10, 6.15690692873e-11, 2.07513159434e-10, 1.32877570058e-10, 2.71801383483e-11, 1.71606357596e-11, 8.78696247708e-12, 2.21576880108e-12, 1.78703015927e-12, 1.04447971539e-12, 6.50025009947e-13, 3.84020750312e-13, 2.93137909779e-13],
        "dvar2": [9.27232467802e-05, 0.000136887858389, 3.42582679878e-05, 1.27593775687e-05, 1.19509695651e-06, 1.53715546958e-07, 9.48339931028e-08, 1.71776051161e-08, 1.54639447913e-08, 1.42027269945e-08, 1.59533886102e-09, 1.45360057324e-09, 4.2633716002e-10, 1.61615457128e-10, 1.0556797797e-10, 1.4814569016e-10, 7.22593790359e-11, 8.85937156969e-11, 9.8571498186e-11, 4.37196640002e-10, 1.70858702186e-10, 2.35158781337e-10, 4.06815386933e-10, 9.349754998e-11, 1.69420491525e-10, 8.75719219362e-11, 2.17028756078e-10, 3.12900289012e-10, 1.7107573691e-10, 5.95823501648e-10, 3.6999259212e-10, 7.33329230673e-11, 4.55987435311e-11, 2.33064730709e-11, 5.94290025177e-12, 4.84137036016e-12, 2.81411309186e-12, 1.7337545245e-12, 1.03260564162e-12, 8.04454647427e-13],
        "max": [0.044934399426, 0.0506517589092, 0.0377512425184, 0.0243540201336, 0.00599343841895, 0.00198015361093, 0.00179709133226, 0.000743917596992, 0.000587226473726, 0.000819792447146, 0.000222041082452, 0.000224258561502, 0.000113951718959, 5.25551222381e-05, 5.09148121637e-05, 6.41855876893e-05, 4.46654521511e-05, 5.20934445376e-05, 5.43267997273e-05, 0.00011057874508, 7.23321936675e-05, 7.10421809345e-05, 0.000110279201181, 3.97390213038e-05, 9.52028058236e-05, 6.05851637374e-05, 9.19934973354e-05, 9.75147777353e-05, 6.61837111693e-05, 0.000139092022437, 9.02280517039e-05, 5.25633513462e-05, 3.50862574123e-05, 2.49576278293e-05, 1.2921726011e-05, 1.23883164633e-05, 8.1540829342e-06, 6.35379728919e-06, 5.213406439e-06, 5.22885784449e-06],
        "mean": [0.00190227502026, 0.00245475396514, 0.00178413582034, 0.000749939703383, 0.000418419920607, 0.000124596263049, 0.000109536740638, 4.14130918216e-05, 3.33597236022e-05, 1.77486490429e-05, 8.08467666502e-06, 8.11880454421e-06, 4.08732512369e-06, 2.83406097878e-06, 2.40634426518e-06, 2.43247495746e-06, 1.79658798061e-06, 1.8199243641e-06, 1.5895047909e-06, 2.50885091191e-06, 1.90684738754e-06, 1.93351888811e-06, 2.50570042226e-06, 1.65905134963e-06, 1.69270015249e-06, 1.29732075038e-06, 1.76045307398e-06, 2.00665067496e-06, 1.73309717866e-06, 2.25450276048e-06, 2.23568736146e-06, 1.11484882837e-06, 9.69520783656e-07, 7.3114370025e-07, 4.84430586312e-07, 4.11175136605e-07, 2.95616644053e-07, 2.49940256936e-07, 1.64010700132e-07, 1.36264503681e-07],
        "median": [0.000100836128695, 0.000323470827425, 0.000575194251724, 0.00011469367746, 0.000118875672342, 4.39070245193e-05, 1.240905749e-05, 9.99575240712e-06, 6.13248266745e-06, 1.42617727761e-06, 5.45850070921e-07, 7.41683891192e-07, 3.69446752302e-07, 2.07541759778e-07, 1.54299527821e-07, 1.42066497233e-07, 1.0509419468e-07, 1.55484713105e-07, 7.96572408035e-08, 7.69860548644e-08, 9.27705769982e-08, 6.70411779424e-08, 1.47198420564e-07, 7.12067560471e-08, 7.91626248997e-08, 5.46585923189e-08, 6.26478708909e-08, 4.91130549563e-08, 7.71238433117e-08, 5.91942281858e-08, 8.82093047494e-08, 4.21315533572e-08, 2.73109268534e-08, 1.5304461698e-08, 1.98088603298e-08, 1.19123457765e-08, 6.324112789e-09, 4.71828354165e-09, 2.48165865635e-09, 2.36871633419e-09],
        "min": [1.41974389447e-23, 1.58884916683e-23, 1.07248172308e-23, 1.53060117642e-24, 3.36233895936e-24, 3.48273333299e-24, 8.42093633536e-25, 1.43598736882e-24, 3.62557987128e-24, 1.30566056585e-23, 8.18001505946e-24, 7.75125022481e-24, 3.70695402909e-24, 4.52919203365e-24, 1.19855471194e-23, 1.25737257547e-23, 6.0257641172e-24, 8.59715602867e-24, 8.03939034791e-24, 8.74905750686e-24, 9.16870468716e-24, 5.07378807602e-24, 5.89668083512e-24, 6.69730681189e-24, 5.73635826677e-24, 4.51911512444e-24, 8.97259702157e-24, 8.38498321074e-24, 1.11841772468e-23, 9.71840189858e-24, 8.70684003779e-24, 5.96783490548e-24, 6.61975152971e-24, 8.11949759512e-24, 6.50333853707e-24, 7.60911800007e-24, 6.64119355798e-24, 7.19254579957e-24, 8.27421451787e-24, 1.08572535662e-23],
