{
"metadata": {
    "version": {
        "essentia": "2.0.1",
        "extractor": "archive-music 1.0"
    },
    "audio_properties": {
        "analysis_sample_rate": 44100,
        "bitrate": 128,
        "channels": 2,
        "equal_loudness": 0,
        "length": 15.4122447968,
        "replay_gain": -12.1614456177,
        "downmix": "mix"
    },
    "tags": {
        "track": 3,
        "year": 0,
        "album": "One Day",
        "artist": "JEKK",
        "comment": "",
        "genre": "Other",
        "title": "Day Free"
    }
},
"highlevel": {
    "culture": {
        "all": {
            "non_western": 0.0270932465792,
            "western": 0.972906768322
        },
        "probability": 0.972906768322,
        "value": "western"
    },
    "danceability": {
        "all": {
            "danceable": 0.999877035618,
            "not_danceable": 0.000122950907098
        },
        "probability": 0.999877035618,
        "value": "danceable"
    },
    "gender": {
        "all": {
            "female": 0.0633600056171,
            "male": 0.936639964581
        },
        "probability": 0.936639964581,
        "value": "male"
    },
    "genre_dortmund": {
        "all": {
            "alternative": 0.027520570904,
            "blues": 0.016694009304,
            "electronic": 0.122822925448,
            "folkcountry": 0.0284544359893,
            "funksoulrnb": 0.057248480618,
            "jazz": 0.372113108635,
            "pop": 0.0295870434493,
            "raphiphop": 0.214897528291,
            "rock": 0.130661889911
        },
        "probability": 0.372113108635,
        "value": "jazz"
    },
    "genre_electronic": {
        "all": {
            "ambient": 0.255268424749,
            "dnb": 0.439692556858,
            "house": 0.0560507364571,
            "techno": 0.0217486731708,
            "trance": 0.227239608765
        },
        "probability": 0.439692556858,
        "value": "dnb"
    },
    "genre_rosamerica": {
        "all": {
            "cla": 0.00217001163401,
            "dan": 0.543653726578,
            "hip": 0.0054789390415,
            "jaz": 0.00457168370485,
            "pop": 0.384981542826,
            "rhy": 0.0405469201505,
            "roc": 0.0167213603854,
            "spe": 0.00187584746163
        },
        "probability": 0.543653726578,
        "value": "dan"
    },
    "genre_tzanetakis": {
        "all": {
            "blu": 0.00149733503349,
            "cla": 0.0026364333462,
            "cou": 0.00427468819544,
            "dis": 0.0382129885256,
            "hip": 0.137991085649,
            "jaz": 0.0135140242055,
            "met": 0.00351303722709,
            "pop": 0.622994482517,
            "reg": 0.153369441628,
            "roc": 0.0219965092838
        },
        "probability": 0.622994482517,
        "value": "pop"
    },
    "mirex_ballroom": {
        "all": {
            "ChaChaCha": 0.476852953434,
            "Jive": 0.218323647976,
            "Quickstep": 0.0243724472821,
            "Rumba-American": 0.00538101047277,
            "Rumba-International": 0.0098247108981,
            "Rumba-Misc": 0.00151922204532,
            "Samba": 0.260118931532,
            "Tango": 0.00066265463829,
            "VienneseWaltz": 0.0024802389089,
            "Waltz": 0.00046420210856
        },
        "probability": 0.476852953434,
        "value": "ChaChaCha"
    },
    "mood_acoustic": {
        "all": {
            "acoustic": 0.00276719150133,
            "not_acoustic": 0.997232794762
        },
        "probability": 0.997232794762,
        "value": "not_acoustic"
    },
    "mood_aggressive": {
        "all": {
            "aggressive": 0.17485319078,
            "not_aggressive": 0.825146794319
        },
        "probability": 0.825146794319,
        "value": "not_aggressive"
    },
    "mood_electronic": {
        "all": {
            "electronic": 0.858014941216,
            "not_electronic": 0.141985043883
        },
        "probability": 0.858014941216,
        "value": "electronic"
    },
    "mood_happy": {
        "all": {
            "happy": 0.310539722443,
            "not_happy": 0.689460277557
        },
        "probability": 0.689460277557,
        "value": "not_happy"
    },
    "mood_party": {
        "all": {
            "not_party": 0.095844194293,
            "party": 0.904155790806
        },
        "probability": 0.904155790806,
        "value": "party"
    },
    "mood_relaxed": {
        "all": {
            "not_relaxed": 0.351875424385,
            "relaxed": 0.648124575615
        },
        "probability": 0.648124575615,
        "value": "relaxed"
    },
    "mood_sad": {
        "all": {
            "not_sad": 0.888577520847,
            "sad": 0.111422486603
        },
        "probability": 0.888577520847,
        "value": "not_sad"
    },
    "moods_mirex": {
        "all": {
            "Cluster1": 0.331874191761,
            "Cluster2": 0.263553410769,
            "Cluster3": 0.0690861046314,
            "Cluster4": 0.142680153251,
            "Cluster5": 0.192806124687
        },
        "probability": 0.331874191761,
        "value": "Cluster1"
    },
    "timbre": {
        "all": {
            "bright": 0.822068810463,
            "dark": 0.177931159735
        },
        "probability": 0.822068810463,
        "value": "bright"
    },
    "tonal_atonal": {
        "all": {
            "atonal": 0.742043733597,
            "tonal": 0.257956266403
        },
        "probability": 0.742043733597,
        "value": "atonal"
    },
    "voice_instrumental": {
        "all": {
            "instrumental": 0.940864622593,
            "voice": 0.0591353625059
        },
        "probability": 0.940864622593,
        "value": "instrumental"
    }
},
"lowlevel": {
    "average_loudness": 0.975065350533,
    "barkbands_kurtosis": {
        "dmean": 3.1140935421,
        "dmean2": 5.10283041,
        "dvar": 31.2908477783,
        "dvar2": 88.0594329834,
        "max": 72.3899765015,
        "mean": 4.28351449966,
        "median": 2.4530415535,
        "min": -1.71456861496,
        "var": 45.9786911011
    },
    "barkbands_skewness": {
        "dmean": 0.571563839912,
        "dmean2": 0.872732400894,
        "dvar": 0.40837854147,
        "dvar2": 1.14026713371,
        "max": 6.49693393707,
        "mean": 1.67844057083,
        "median": 1.68690431118,
        "min": -2.09678840637,
        "var": 1.54240119457
    },
    "barkbands_spread": {
        "dmean": 8.90872859955,
        "dmean2": 13.3272371292,
        "dvar": 93.9215621948,
        "dvar2": 205.800888062,
        "max": 97.5165405273,
        "mean": 33.7082672119,
        "median": 31.1871585846,
        "min": 1.75327146053,
        "var": 295.0184021
    },
    "dissonance": {
        "dmean": 0.0148703502491,
        "dmean2": 0.0251780282706,
        "dvar": 0.000225988071179,
        "dvar2": 0.000594195968006,
        "max": 0.499428093433,
        "mean": 0.470729470253,
        "median": 0.474685192108,
        "min": 0.359576076269,
        "var": 0.000427206075983
    },
    "dynamic_complexity": 3.19475245476,
    "erbbands_kurtosis": {
        "dmean": 0.74010437727,
        "dmean2": 1.13533329964,
        "dvar": 0.734354138374,
        "dvar2": 1.74751532078,
        "max": 7.95050239563,
        "mean": 0.124325558543,
        "median": -0.244988918304,
        "min": -1.66403687,
        "var": 1.71015846729
    },
    "erbbands_skewness": {
        "dmean": 0.300925344229,
        "dmean2": 0.444400340319,
        "dvar": 0.0808972194791,
        "dvar2": 0.164255067706,
        "max": 2.37484502792,
        "mean": 0.337210595608,
        "median": 0.36380392313,
        "min": -1.65392577648,
        "var": 0.452083140612
    },
    "erbbands_spread": {
        "dmean": 10.3796787262,
        "dmean2": 14.9103517532,
        "dvar": 101.036193848,
        "dvar2": 203.319152832,
        "max": 136.50201416,
        "mean": 52.8587875366,
        "median": 49.1424980164,
        "min": 11.0437612534,
        "var": 382.659332275
    },
    "hfc": {
        "dmean": 12.8485212326,
        "dmean2": 16.8734874725,
        "dvar": 295.811859131,
        "dvar2": 550.966003418,
        "max": 197.424407959,
        "mean": 34.9256858826,
        "median": 24.9572219849,
        "min": 1.14719535103e-16,
        "var": 944.165710449
    },
    "melbands_kurtosis": {
        "dmean": 9.12972259521,
        "dmean2": 14.8465852737,
        "dvar": 352.382415771,
        "dvar2": 1048.78942871,
        "max": 267.184631348,
        "mean": 18.7011241913,
        "median": 11.9216661453,
        "min": -1.50780701637,
        "var": 650.620422363
    },
    "melbands_skewness": {
        "dmean": 0.814484834671,
        "dmean2": 1.27015721798,
        "dvar": 1.0902299881,
        "dvar2": 2.98017096519,
        "max": 14.989941597,
        "mean": 3.1840801239,
        "median": 2.90580797195,
        "min": -0.128824174404,
        "var": 3.56394100189
    },
    "melbands_spread": {
        "dmean": 8.57892417908,
        "dmean2": 12.615655899,
        "dvar": 154.953536987,
        "dvar2": 362.047729492,
        "max": 188.600479126,
        "mean": 29.4533576965,
        "median": 19.5364055634,
        "min": 1.2755497694,
        "var": 619.53503418
    },
    "pitch_salience": {
        "dmean": 0.0740352720022,
        "dmean2": 0.116103105247,
        "dvar": 0.00512938667089,
        "dvar2": 0.0139966448769,
        "max": 0.885272502899,
        "mean": 0.505899190903,
        "median": 0.511210381985,
        "min": 0.0901636779308,
        "var": 0.0132255693898
    },
    "silence_rate_20dB": {
        "dmean": 0,
        "dmean2": 0,
        "dvar": 0,
        "dvar2": 0,
        "max": 1,
        "mean": 1,
        "median": 1,
        "min": 1,
        "var": 0
    },
    "silence_rate_30dB": {
        "dmean": 0,
        "dmean2": 0,
        "dvar": 0,
        "dvar2": 0,
        "max": 1,
        "mean": 1,
        "median": 1,
        "min": 1,
        "var": 0
    },
    "silence_rate_60dB": {
        "dmean": 0.00602409616113,
        "dmean2": 0.0120663652197,
        "dvar": 0.00598778575659,
        "dvar2": 0.0149373821914,
        "max": 1,
        "mean": 0.0676691755652,
        "median": 0,
        "min": 0,
        "var": 0.0630904585123
    },
    "spectral_centroid": {
        "dmean": 317.825164795,
        "dmean2": 468.860443115,
        "dvar": 234034.21875,
        "dvar2": 323279.5,
        "max": 10625.5429688,
        "mean": 1589.1607666,
        "median": 1445.53503418,
        "min": 273.238037109,
        "var": 801550.75
    },
    "spectral_complexity": {
        "dmean": 3.97891569138,
        "dmean2": 5.71342372894,
        "dvar": 22.2375011444,
        "dvar2": 34.9042816162,
        "max": 58,
        "mean": 19.8766918182,
        "median": 18,
        "min": 0,
        "var": 117.12462616
    },
    "spectral_crest": {
        "dmean": 3.07403898239,
        "dmean2": 4.9261431694,
        "dvar": 8.55543804169,
        "dvar2": 23.5175457001,
        "max": 25.2681541443,
        "mean": 11.5167665482,
        "median": 10.7389316559,
        "min": 2.34484744072,
        "var": 25.7538127899
    },
    "spectral_decrease": {
        "dmean": 2.96157254276e-09,
        "dmean2": 4.76686556894e-09,
        "dvar": 1.58684409653e-17,
        "dvar2": 4.66680445439e-17,
        "max": 1.0295036851e-28,
        "mean": -8.6953146905e-09,
        "median": -7.5521731091e-09,
        "min": -3.08130871929e-08,
        "var": 3.82953852493e-17
    },
    "spectral_energy": {
        "dmean": 0.0117755914107,
        "dmean2": 0.0188231002539,
        "dvar": 0.000243204995058,
        "dvar2": 0.00069816771429,
        "max": 0.123800709844,
        "mean": 0.0359860137105,
        "median": 0.0318916253746,
        "min": 1.02216687387e-20,
        "var": 0.00059654499637
    },
    "spectral_energyband_high": {
        "dmean": 0.00101245066617,
        "dmean2": 0.0013636596268,
        "dvar": 2.15854697672e-06,
        "dvar2": 3.67315215044e-06,
        "max": 0.0183126591146,
        "mean": 0.00223999656737,
        "median": 0.00134616845753,
        "min": 7.59893024014e-21,
        "var": 6.02013096795e-06
    },
    "spectral_energyband_low": {
        "dmean": 0.00873730611056,
        "dmean2": 0.0144652137533,
        "dvar": 0.000200209397008,
        "dvar2": 0.000644022831693,
        "max": 0.0936432406306,
        "mean": 0.0171567648649,
        "median": 0.00988812372088,
        "min": 9.768803484e-23,
        "var": 0.000381357880542
    },
    "spectral_energyband_middle_high": {
        "dmean": 0.00198127236217,
        "dmean2": 0.00265198200941,
        "dvar": 7.57383577366e-06,
        "dvar2": 1.50275145643e-05,
        "max": 0.045806016773,
        "mean": 0.0055552138947,
        "median": 0.00387521251105,
        "min": 1.21872027491e-21,
        "var": 3.37175115419e-05
    },
    "spectral_energyband_middle_low": {
        "dmean": 0.00512252561748,
        "dmean2": 0.00813394505531,
        "dvar": 5.78576909902e-05,
        "dvar2": 0.000151606654981,
        "max": 0.0611357428133,
        "mean": 0.0119710667059,
        "median": 0.00971815548837,
        "min": 2.25867790343e-22,
        "var": 9.92742570816e-05
    },
    "spectral_flatness_db": {
        "dmean": 0.0224987082183,
        "dmean2": 0.0342824049294,
        "dvar": 0.000574394478463,
        "dvar2": 0.00153906596825,
        "max": 0.300092339516,
        "mean": 0.102029971778,
        "median": 0.097851164639,
        "min": 0.0139495637268,
        "var": 0.00176538724918
    },
    "spectral_flux": {
        "dmean": 0.0242349207401,
        "dmean2": 0.0378179140389,
        "dvar": 0.00114229798783,
        "dvar2": 0.00212297635153,
        "max": 0.303354352713,
        "mean": 0.0915380343795,
        "median": 0.087117575109,
        "min": 1.01102265448e-10,
        "var": 0.00281007657759
    },
    "spectral_kurtosis": {
        "dmean": 0.590729057789,
        "dmean2": 0.897186875343,
        "dvar": 0.366203993559,
        "dvar2": 0.796026945114,
        "max": 8.07844829559,
        "mean": 2.41288042068,
        "median": 2.47515773773,
        "min": -1.18152225018,
        "var": 0.93080675602
    },
    "spectral_rms": {
        "dmean": 0.000915631651878,
        "dmean2": 0.00142995198257,
        "dvar": 1.19021410683e-06,
        "dvar2": 3.31189767167e-06,
        "max": 0.0109900487587,
        "mean": 0.00547957839444,
        "median": 0.00557797262445,
        "min": 3.15790427662e-12,
        "var": 5.08252014697e-06
    },
    "spectral_rolloff": {
        "dmean": 941.720336914,
        "dmean2": 1526.74768066,
        "dvar": 3114804,
        "dvar2": 6419813,
        "max": 18798.4863281,
        "mean": 2186.60791016,
        "median": 1055.12695312,
        "min": 86.1328125,
        "var": 7059781.5
    },
    "spectral_skewness": {
        "dmean": 0.139423012733,
        "dmean2": 0.204032957554,
        "dvar": 0.0209222119302,
        "dvar2": 0.0386482737958,
        "max": 2.37516331673,
        "mean": 1.37359082699,
        "median": 1.36985826492,
        "min": 0.0138721186668,
        "var": 0.0748676732183
    },
    "spectral_spread": {
        "dmean": 812606.8125,
        "dmean2": 1122776.375,
        "dvar": 3.20770067661e+12,
        "dvar2": 3.52411294106e+12,
        "max": 39379564,
        "mean": 7031026,
        "median": 6803299.5,
        "min": 2828068.5,
        "var": 5.43953204019e+12
    },
    "spectral_strongpeak": {
        "dmean": 0.500532329082,
        "dmean2": 0.879820406437,
        "dvar": 1.44814634323,
        "dvar2": 4.21659088135,
        "max": 10.494342804,
        "mean": 0.755937874317,
        "median": 0.447773844004,
        "min": 0,
        "var": 1.27608966827
    },
    "zerocrossingrate": {
        "dmean": 0.0196136105806,
        "dmean2": 0.0239243078977,
        "dvar": 0.000708397477865,
        "dvar2": 0.00113557639997,
        "max": 0.5166015625,
        "mean": 0.0952618345618,
        "median": 0.0810546875,
        "min": 0.01171875,
        "var": 0.00330043653958
    },
    "barkbands": {
        "dmean": [0.000163232645718, 0.008051013574, 0.00180797011126, 0.00182438758202, 0.0028420384042, 0.000790262245573, 0.000613331852946, 0.000560615386348, 0.000627251924016, 0.000442110642325, 0.000434806221165, 0.000295729521895, 0.000424943020334, 0.000239454428083, 0.000506207288709, 0.000364459410775, 0.000160849711392, 0.000193357875105, 0.000340493425028, 0.000193764382857, 0.000143408848089, 0.000212750135688, 0.000136381393531, 0.00015263777459, 0.000194082036614, 0.000266371091129, 8.75520563568e-05],
        "dmean2": [0.000283247150946, 0.0135471951216, 0.00310446089134, 0.0033807833679, 0.00430713919923, 0.0013071349822, 0.000892800278962, 0.000869724026415, 0.000887213274837, 0.000680029741488, 0.000650119327474, 0.000455605768366, 0.000641075544991, 0.000386054744013, 0.000750541803427, 0.000583979999647, 0.00024724524701, 0.000293390068691, 0.0005397683708, 0.000313784257742, 0.000208130091778, 0.00032390805427, 0.000199389513, 0.000218245841097, 0.000276685983408, 0.000396375980927, 0.000133411143906],
        "dvar": [1.1913621023e-07, 0.000186296412721, 2.45125247602e-05, 3.78792974516e-05, 2.06564491236e-05, 1.63173251622e-06, 7.40656105336e-07, 1.05711205833e-06, 6.53956305996e-07, 7.95253583874e-07, 3.79171268605e-07, 2.20886192892e-07, 6.87474198457e-07, 5.98851897848e-07, 3.38146423928e-06, 1.19047297176e-06, 8.3036901799e-08, 1.27853809317e-07, 3.73008532506e-07, 1.39023867973e-07, 8.14685421346e-08, 1.31468127051e-07, 4.63780267523e-08, 6.29448848599e-08, 1.00417025806e-07, 2.17667022184e-07, 3.45173383209e-08],
        "dvar2": [3.48132232375e-07, 0.000629947579, 6.66929990984e-05, 0.000109888569568, 4.53110587841e-05, 4.46782360086e-06, 1.33034200189e-06, 2.65784547082e-06, 1.25355711589e-06, 1.53602832142e-06, 8.21729031486e-07, 5.20568733009e-07, 1.45639137372e-06, 1.69638178704e-06, 8.30333465274e-06, 3.08091694023e-06, 1.86636540889e-07, 2.99480603871e-07, 8.86411271495e-07, 3.46626876535e-07, 1.54348995807e-07, 3.39632322266e-07, 8.80977992779e-08, 1.15856487071e-07, 1.84565848826e-07, 4.65356549739e-07, 7.60031966252e-08],
        "max": [0.00485651521012, 0.0847217515111, 0.0420736446977, 0.0390844717622, 0.0503660328686, 0.0123041272163, 0.0126083334908, 0.0131782963872, 0.0092467032373, 0.0159398429096, 0.00705110328272, 0.0060243816115, 0.00998174399137, 0.014362280257, 0.0357345566154, 0.0179565921426, 0.00449459813535, 0.00397394550964, 0.0069932853803, 0.00569308688864, 0.0048948074691, 0.00458198459819, 0.00344378338195, 0.0026922498364, 0.00377373676747, 0.00415941374376, 0.00152366480324],
        "mean": [0.000316181307426, 0.0141140818596, 0.00187869381625, 0.00143526203465, 0.00552331050858, 0.00126640102826, 0.00156148534734, 0.000874605670106, 0.00116402166896, 0.000666233361699, 0.00069860095391, 0.000453686137917, 0.000660996534862, 0.000335901073413, 0.00071219576057, 0.000617881363723, 0.000289566814899, 0.000299207400531, 0.000638142810203, 0.000341411359841, 0.000255701917922, 0.000475124805234, 0.000292769633234, 0.000310180883389, 0.000351697934093, 0.000362083781511, 9.05854903976e-05],
        "median": [4.56140114693e-05, 0.00791451521218, 0.00060479278909, 0.000355546566425, 0.0018484313041, 0.00064729875885, 0.0008122472791, 0.000370762019884, 0.000562311557587, 0.000322087056702, 0.000323350162944, 0.000217342167161, 0.000284175184788, 0.000150421590661, 0.000127500708913, 8.81798187038e-05, 0.000114819427836, 0.000113013091323, 0.000262485496933, 0.00011890904716, 0.000117618743388, 0.000246282288572, 0.000191088838619, 0.000183190844837, 0.000190627455595, 0.000137643321068, 1.80222123163e-05],
        "min": [1.17903253446e-23, 6.44720429946e-23, 1.88924377077e-23, 9.0873285572e-25, 1.64801547021e-23, 2.86083657385e-23, 1.53530791501e-23, 4.24019142107e-23, 8.32020810632e-23, 4.55482638431e-23, 9.24927546904e-23, 7.02705114359e-23, 2.69710849297e-23, 9.83466579652e-23, 1.00126624779e-22, 6.78846552706e-23, 1.26445189212e-22, 9.51138491776e-23, 2.0332056795e-22, 2.9405770954e-22, 3.70570250127e-22, 5.07691441068e-22, 5.86626706023e-22, 9.03428449285e-22, 1.08030484721e-21, 1.69463781235e-21, 2.3806361023e-21],
        "var": [2.79270267356e-07, 0.000291295757052, 1.99656988116e-05, 2.20628589886e-05, 5.76616548642e-05, 2.9028519748e-06, 3.71913893105e-06, 2.11953670259e-06, 2.29112492889e-06, 1.26745408124e-06, 8.38150754134e-07, 3.84567869105e-07, 1.12726434054e-06, 5.23014080045e-07, 5.84251756663e-06, 3.02846115119e-06, 2.07118333151e-07, 2.47462395464e-07, 1.04335902051e-06, 2.82827869569e-07, 1.80339498002e-07, 4.32580208098e-07, 1.05230654412e-07, 1.35057732109e-07, 2.28960004733e-07, 3.48735454736e-07, 4.50127615181e-08]
    },
    "erbbands": {
        "dmean": [0.224064305425, 1.8234307766, 1.90279436111, 4.98442697525, 6.12082004547, 13.1728754044, 6.79065608978, 6.82731151581, 6.64563369751, 8.36767196655, 13.8786869049, 14.4301156998, 12.6334447861, 16.828546524, 11.7456007004, 11.0066289902, 18.5589103699, 12.047870636, 16.4669685364, 25.9752540588, 13.9821615219, 9.51264858246, 9.20034503937, 12.134147644, 18.6245632172, 7.54038906097, 5.47747087479, 6.39034986496, 7.92912769318, 5.88649559021, 3.54604363441, 2.98610091209, 2.88411879539, 2.2876329422, 1.42637932301, 0.834283947945, 0.50299179554, 0.220076531172, 0.00810895580798, 0.000150255975313],
        "dmean2": [0.382601767778, 3.02388954163, 3.009308815, 9.21113300323, 10.0658283234, 19.6194801331, 10.8056430817, 11.2668542862, 10.147892952, 12.23960495, 21.2220420837, 20.5490779877, 19.1874485016, 25.8402671814, 16.5992488861, 17.0810317993, 27.294588089, 18.2802314758, 25.4069766998, 40.0743179321, 21.273431778, 14.6023464203, 13.4165000916, 19.2779426575, 29.1922931671, 11.6918802261, 7.48437404633, 9.50228977203, 12.4591388702, 8.95672035217, 5.22914838791, 4.37846326828, 4.22269964218, 3.33464121819, 2.12457418442, 1.2567948103, 0.753570318222, 0.329104751348, 0.0126124508679, 0.000225822834182],
        "dvar": [0.173127740622, 9.23557472229, 13.1985082626, 307.515899658, 116.626609802, 538.710510254, 125.577804565, 123.992042542, 78.94115448, 168.05368042, 496.118255615, 379.053222656, 603.221984863, 613.442077637, 324.426422119, 267.328552246, 1207.68151855, 775.415649414, 1433.55200195, 6918.22460938, 1212.04052734, 367.975860596, 299.693786621, 513.393737793, 1133.10217285, 186.62651062, 113.361824036, 163.24861145, 234.746231079, 93.4241256714, 32.9901123047, 28.0130577087, 19.8963165283, 14.6163005829, 6.15412282944, 1.75770568848, 0.851758956909, 0.206600621343, 0.000317603931762, 8.84349731223e-08],
        "dvar2": [0.631251335144, 29.6544685364, 30.8809013367, 897.78527832, 297.289916992, 1114.49194336, 300.824371338, 329.361938477, 178.587890625, 314.238067627, 1098.68688965, 751.034667969, 1174.83972168, 1400.4185791, 667.694702148, 647.384887695, 2529.36621094, 1998.22131348, 3350.12939453, 17588.3535156, 2869.87451172, 785.969726562, 665.893920898, 1343.49609375, 2526.97363281, 422.553924561, 190.202484131, 362.388305664, 648.705749512, 192.307662964, 64.1505432129, 51.8348693848, 35.871799469, 26.3367424011, 12.4106674194, 3.76207709312, 1.8920828104, 0.44888356328, 0.000734561297577, 2.00049058208e-07],
        "max": [2.62081575394, 22.2345371246, 33.5792503357, 114.383499146, 111.039001465, 262.277374268, 140.172744751, 130.62651062, 100.236495972, 188.721740723, 266.61932373, 246.54800415, 430.821258545, 271.101593018, 218.172332764, 132.841964722, 414.086303711, 481.661376953, 594.449279785, 1504.34423828, 487.19921875, 306.070526123, 207.662353516, 373.613250732, 510.310791016, 189.66835022, 184.378265381, 151.160964966, 241.523239136, 140.848617554, 78.6531600952, 63.4055786133, 45.1648178101, 42.2150611877, 29.7215080261, 10.4083709717, 8.54919052124, 3.59456372261, 0.145665884018, 0.00213716854341],
        "mean": [0.379781991243, 3.20407581329, 2.96509313583, 4.15823888779, 9.22006607056, 25.1827869415, 11.5518951416, 11.7151412964, 15.9817943573, 21.7899417877, 24.4135818481, 26.6584815979, 21.016664505, 28.0929164886, 19.4534740448, 18.1081905365, 29.4890651703, 19.2958126068, 26.9311332703, 42.4115142822, 25.5460796356, 18.1464252472, 14.9750709534, 24.1164703369, 35.0451660156, 14.3213062286, 9.69800281525, 11.113196373, 17.4068317413, 13.5251541138, 7.58304023743, 5.91061353683, 5.78237581253, 4.31741714478, 2.25311040878, 1.25017857552, 0.649598836899, 0.251519173384, 0.00849407166243, 0.000206096126931],
        "median": [0.190564855933, 1.49656128883, 1.30581152439, 1.26079833508, 3.32275271416, 6.60166168213, 6.48392438889, 5.72595119476, 10.2122001648, 10.3142786026, 10.7861680984, 13.8001594543, 11.97935009, 15.2632608414, 9.50306892395, 10.1308956146, 13.5789060593, 9.80886650085, 9.50369262695, 6.79702568054, 5.68279457092, 7.05030822754, 6.32758951187, 8.76027774811, 13.7784690857, 5.5523443222, 4.28654050827, 5.42524385452, 7.67089557648, 8.87699699402, 4.9755191803, 3.53991603851, 3.08389282227, 2.33636617661, 1.14048993587, 0.548966109753, 0.243497863412, 0.0656924620271, 0.00179702159949, 9.21632890822e-05],
        "min": [2.24287236206e-21, 1.2829507485e-20, 1.876099913e-20, 6.94343160995e-21, 5.85335231921e-20, 4.68527345101e-20, 8.50090607464e-20, 2.79147193752e-19, 2.7282505233e-19, 2.33307765186e-19, 1.5466859874e-18, 1.49520443742e-18, 1.90435174983e-18, 1.92197896869e-18, 3.51307287105e-18, 2.47359759506e-18, 1.60212435583e-18, 4.05295959479e-18, 3.73326338703e-18, 6.62435144495e-18, 3.56127475329e-18, 6.92061155801e-18, 5.02209184509e-18, 6.71790309069e-18, 1.14544604601e-17, 1.26286896618e-17, 1.47695215954e-17, 1.4336274169e-17, 1.65269015483e-17, 1.65079342969e-17, 1.69710661044e-17, 1.61945221802e-17, 1.71896039135e-17, 1.15216076735e-17, 7.5742347888e-18, 6.10734164182e-18, 2.74935975895e-18, 1.35618670592e-18, 3.32374275767e-19, 3.12567125806e-20],
        "var": [0.218754261732, 16.0567836761, 19.9344978333, 179.13331604, 196.631973267, 1508.78540039, 208.462738037, 278.77053833, 276.036193848, 822.904724121, 1303.91894531, 1168.41442871, 984.151306152, 1175.59838867, 665.5078125, 490.324920654, 2075.2578125, 969.495422363, 3209.55908203, 15611.6289062, 3294.41625977, 849.622070312, 566.263183594, 1527.51013184, 3232.78417969, 469.77142334, 268.491790771, 300.121582031, 712.857971191, 252.425796509, 70.4248580933, 53.6537246704, 49.2956428528, 33.7062416077, 10.8195295334, 3.19159460068, 1.23070549965, 0.288176506758, 0.000377509335522, 1.17979915615e-07]
    },
    "gfcc": {
        "mean": [31.8123645782, 50.2918281555, -83.6260375977, 27.3666648865, -56.4752655029, 21.7837409973, -34.2435646057, 16.9777679443, -22.0671348572, 11.6261348724, -15.5684595108, 9.1999206543, -14.7448825836],
        "cov": [[18721.7539062, 43.5254745483, -218.512054443, 26.6249408722, -79.4567337036, 350.074890137, -17.1407432556, 123.38469696, -367.508056641, 217.206954956, -185.456680298, 306.867767334, -263.253295898], [43.5254745483, 635.404174805, 62.2285079956, -16.1710243225, -38.1931228638, 80.1147994995, -1.17329645157, -32.8453712463, -42.2439804077, -79.2447433472, 9.87810230255, -37.8177108765, -36.3161392212], [-218.512054443, 62.2285079956, 645.949523926, -157.760131836, 126.006744385, 120.073547363, 109.399002075, -63.2720947266, -133.828079224, -60.173034668, -25.7167701721, -21.8258018494, -44.9231529236], [26.6249408722, -16.1710243225, -157.760131836, 295.867736816, 4.26955747604, 7.37705087662, -19.4210777283, 47.6485519409, 56.9591369629, 20.713973999, 16.4909172058, 0.414011240005, 41.9546432495], [-79.4567337036, -38.1931228638, 126.006744385, 4.26955747604, 169.438598633, 46.2520637512, 43.7132301331, -25.4668521881, 4.22598648071, 13.075129509, -0.153458923101, 12.37312603, 9.59523296356], [350.074890137, 80.1147994995, 120.073547363, 7.37705087662, 46.2520637512, 222.664505005, 87.009765625, 1.67510068417, -40.0687103271, 12.8130836487, 5.33749580383, -4.16793107986, -1.55770730972], [-17.1407432556, -1.17329645157, 109.399002075, -19.4210777283, 43.7132301331, 87.009765625, 158.123443604, 26.9345970154, -33.4677658081, -5.12096261978, 12.6101531982, 5.12066078186, -17.6110858917], [123.38469696, -32.8453712463, -63.2720947266, 47.6485519409, -25.4668521881, 1.67510068417, 26.9345970154, 104.852554321, 76.5456008911, 46.9377746582, 22.5504684448, 10.2254714966, 6.24038648605], [-367.508056641, -42.2439804077, -133.828079224, 56.9591369629, 4.22598648071, -40.0687103271, -33.4677658081, 76.5456008911, 185.853668213, 103.848388672, 35.6501960754, 11.5305576324, 32.1033859253], [217.206954956, -79.2447433472, -60.173034668, 20.713973999, 13.075129509, 12.8130836487, -5.12096261978, 46.9377746582, 103.848388672, 145.50630188, 58.3127174377, 17.2364501953, 14.4180116653], [-185.456680298, 9.87810230255, -25.7167701721, 16.4909172058, -0.153458923101, 5.33749580383, 12.6101531982, 22.5504684448, 35.6501960754, 58.3127174377, 91.8087005615, 18.6957607269, 0.817672252655], [306.867767334, -37.8177108765, -21.8258018494, 0.414011240005, 12.37312603, -4.16793107986, 5.12066078186, 10.2254714966, 11.5305576324, 17.2364501953, 18.6957607269, 62.6999359131, 21.0297203064], [-263.253295898, -36.3161392212, -44.9231529236, 41.9546432495, 9.59523296356, -1.55770730972, -17.6110858917, 6.24038648605, 32.1033859253, 14.4180116653, 0.817672252655, 21.0297203064, 87.555305481]],
        "icov": [[0.00011382624507, -0.000116488743515, 0.000102514619357, -7.14515554137e-05, -8.2663478679e-05, -0.00011313669529, 0.000267293711659, -0.000489319325425, 0.00079772627214, -0.000817274907604, 0.000750257400796, -0.000842533772811, 0.000513893261086], [-0.000116488743515, 0.00228407047689, -0.000240717505221, 0.000136789749376, 0.000791509635746, -0.00128138135187, 0.00025540360366, 0.00128678593319, -0.00219131750055, 0.00325087760575, -0.00237965933047, 0.00155079003889, 0.000176089801244], [0.000102514619357, -0.000240717505221, 0.00285691046156, 0.00119607592933, -0.00212492770515, -0.000682541693095, -0.000229940400459, -0.00100079597905, 0.00223460723646, -0.000632850220427, 0.0006015804247, 0.00029285781784, 0.000555798003916], [-7.14515554137e-05, 0.000136789749376, 0.00119607592933, 0.00478894310072, -0.0015159760369, -0.00080784939928, 0.000850222189911, -0.00226028054021, -0.000184247837751, 0.00169423734769, -0.00161549542099, 0.00210110517219, -0.00205630296841], [-8.2663478679e-05, 0.000791509635746, -0.00212492770515, -0.0015159760369, 0.00986467953771, -0.000765406468417, -0.00309984595515, 0.00636032735929, -0.00473672011867, 0.000426531827543, 0.000297146412777, -0.00184739206452, -0.000348118483089], [-0.00011313669529, -0.00128138135187, -0.000682541693095, -0.00080784939928, -0.000765406468417, 0.00768752442673, -0.00363920931704, -2.33405717154e-05, 0.00221336446702, -0.00334531930275, 0.000917169265449, 0.00140523409937, -0.00195120321587], [0.000267293711659, 0.00025540360366, -0.000229940400459, 0.000850222189911, -0.00309984595515, -0.00363920931704, 0.0121976761147, -0.00781395938247, 0.00470058899373, -9.40997779253e-06, -0.000672830676194, -0.00207560835406, 0.00245242286474], [-0.000489319325425, 0.00128678593319, -0.00100079597905, -0.00226028054021, 0.00636032735929, -2.33405717154e-05, -0.00781395938247, 0.0231082569808, -0.013231777586, 0.00355956051499, -0.00288177048787, 0.00082839874085, -0.000190702048712], [0.00079772627214, -0.00219131750055, 0.00223460723646, -0.000184247837751, -0.00473672011867, 0.00221336446702, 0.00470058899373, -0.013231777586, 0.0222262777388, -0.0148359294981, 0.00650363741443, -0.00363197410479, 0.000276608217973], [-0.000817274907604, 0.00325087760575, -0.000632850220427, 0.00169423734769, 0.000426531827543, -0.00334531930275, -9.40997779253e-06, 0.00355956051499, -0.0148359294981, 0.0241857040673, -0.0139398379251, 0.00589621486142, -0.0024362646509], [0.000750257400796, -0.00237965933047, 0.0006015804247, -0.00161549542099, 0.000297146412777, 0.000917169265449, -0.000672830676194, -0.00288177048787, 0.00650363741443, -0.0139398379251, 0.0221606008708, -0.00983105879277, 0.00447056815028], [-0.000842533772811, 0.00155079003889, 0.00029285781784, 0.00210110517219, -0.00184739206452, 0.00140523409937, -0.00207560835406, 0.00082839874085, -0.00363197410479, 0.00589621486142, -0.00983105879277, 0.0265593547374, -0.00892229750752], [0.000513893261086, 0.000176089801244, 0.000555798003916, -0.00205630296841, -0.000348118483089, -0.00195120321587, 0.00245242286474, -0.000190702048712, 0.000276608217973, -0.0024362646509, 0.00447056815028, -0.00892229750752, 0.0172213818878]]
    },
    "melbands": {
        "dmean": [0.00217578955926, 0.00140656600706, 0.000823729031254, 0.000730127620045, 0.000290321564535, 0.000149297484313, 0.00011076642113, 9.99618350761e-05, 0.00011557918333, 9.23321422306e-05, 6.49722715025e-05, 6.86693456373e-05, 4.52259519079e-05, 3.37384044542e-05, 2.68812073045e-05, 5.30519937456e-05, 2.01849088626e-05, 2.67043906206e-05, 4.60620540252e-05, 3.24704196828e-05, 1.289571901e-05, 1.16207747851e-05, 7.94064271759e-06, 8.63956029207e-06, 1.02076619442e-05, 1.79098733497e-05, 1.10205955934e-05, 3.94699782191e-06, 3.40666338161e-06, 3.43458327734e-06, 4.23335177402e-06, 4.79614891447e-06, 4.58212889498e-06, 3.18627508022e-06, 2.21631239583e-06, 2.12330746763e-06, 1.92045740732e-06, 2.15395357372e-06, 2.2320075459e-06, 1.9715137114e-06],
        "dmean2": [0.0036395243369, 0.00221589347348, 0.0015073629329, 0.00109163613524, 0.000462049501948, 0.000247266580118, 0.000166110490682, 0.000147147467942, 0.000175050372491, 0.000132193657919, 9.93579669739e-05, 0.000105064638774, 6.60775986034e-05, 5.03051014675e-05, 4.03019948862e-05, 8.2457663666e-05, 3.2381121855e-05, 4.08881278418e-05, 7.0879868872e-05, 5.40330438525e-05, 1.90564169316e-05, 1.79008166015e-05, 1.14716440294e-05, 1.3326318367e-05, 1.65394740179e-05, 2.86507529381e-05, 1.81674658961e-05, 6.14246937403e-06, 4.84400015921e-06, 4.78641277368e-06, 6.50911761113e-06, 7.55660175855e-06, 7.37257278161e-06, 4.80977996631e-06, 3.32053627972e-06, 3.13717168865e-06, 2.88226192424e-06, 3.13593159262e-06, 3.32445733875e-06, 2.97841665997e-06],
        "dvar": [1.40968186315e-05, 4.73138243251e-06, 7.10398853698e-06, 1.43014267451e-06, 1.99707855586e-07, 5.67714550925e-08, 2.25652012631e-08, 2.70057025631e-08, 3.53620315252e-08, 1.5774363149e-08, 1.68313931681e-08, 1.01147925591e-08, 4.01531297101e-09, 3.05787861699e-09, 1.43300737943e-09, 1.30195676462e-08, 4.25319424124e-09, 3.72296016238e-09, 3.93262453713e-08, 1.17684502143e-08, 9.63353841144e-10, 6.13939066252e-10, 1.83120241193e-10, 2.50627074649e-10, 4.40138175906e-10, 1.28659971566e-09, 4.73173167315e-10, 5.01470462377e-11, 3.96352395349e-11, 4.99419151867e-11, 7.78769895793e-11, 1.07385385306e-10, 5.90855767091e-11, 2.73567245246e-11, 1.06037687311e-11, 1.31870807676e-11, 1.14509617066e-11, 1.16621321974e-11, 1.4292073601e-11, 1.06198123212e-11],
        "dvar2": [4.92823201057e-05, 1.33596631713e-05, 2.05793585337e-05, 3.10080645249e-06, 4.58623816257e-07, 1.5441739265e-07, 4.47727508401e-08, 5.86952282333e-08, 7.34211909048e-08, 3.12005994374e-08, 3.27543183687e-08, 2.25175433854e-08, 7.99251065331e-09, 6.86755408097e-09, 3.4315355002e-09, 2.84199703771e-08, 1.19653558173e-08, 9.25593823808e-09, 9.6951005446e-08, 3.09316483538e-08, 2.08611750097e-09, 1.35791455858e-09, 3.59702961861e-10, 6.06193817365e-10, 1.17633081054e-09, 3.10562286998e-09, 1.17034748559e-09, 1.02235546418e-10, 6.71503963545e-11, 8.55498102914e-11, 1.93018948047e-10, 3.06722924837e-10, 1.44453143891e-10, 5.53079075594e-11, 2.27100786093e-11, 2.40617525904e-11, 2.3209380598e-11, 2.12364258123e-11, 2.92159109405e-11, 2.04559060663e-11],
        "max": [0.0240648780018, 0.0199174657464, 0.0173323396593, 0.0137747507542, 0.00499706109986, 0.00255732540973, 0.00188792101108, 0.00223919679411, 0.00273037306033, 0.00158591731451, 0.00232917466201, 0.00104784406722, 0.000672910595313, 0.000736552698072, 0.000387365464121, 0.00134870153852, 0.00114874204155, 0.000898005324416, 0.00383067061193, 0.00179583625868, 0.000443192344392, 0.000418549898313, 0.000154659530381, 0.000191003913642, 0.000378137658117, 0.000446831050795, 0.000380993966246, 8.43014495331e-05, 9.93596840999e-05, 0.000135080263135, 0.000106890918687, 0.000185787808732, 9.55203940975e-05, 7.86809105193e-05, 4.27163868153e-05, 4.34855573985e-05, 4.07812149206e-05, 3.29133326886e-05, 5.06192409375e-05, 3.61189522664e-05],
        "mean": [0.00383829209022, 0.00259886495769, 0.000749489583541, 0.00136466731783, 0.000534080900252, 0.000251441524597, 0.000278482941212, 0.000236136082094, 0.000200633105123, 0.000165773002664, 0.000102336365671, 0.000113768990559, 7.48561578803e-05, 5.08814810019e-05, 4.33338063885e-05, 7.72595158196e-05, 2.8978824048e-05, 3.78923214157e-05, 6.10384886386e-05, 5.64484180359e-05, 2.22502985707e-05, 1.95001121028e-05, 1.30279813675e-05, 1.34173196784e-05, 1.83890879271e-05, 3.04791010421e-05, 1.84291129699e-05, 7.09002506483e-06, 5.78638082516e-06, 5.79329889661e-06, 6.47621072858e-06, 9.49012337514e-06, 9.98105406325e-06, 6.64858589516e-06, 4.36858545072e-06, 3.82948064725e-06, 3.50345840161e-06, 3.92660285797e-06, 4.25952248406e-06, 3.42102089235e-06],
        "median": [0.00210840534419, 0.0012651149882, 0.00024807342561, 0.000341658189427, 0.000272590346867, 0.000127669365611, 0.000171587205841, 0.000117240648251, 7.81116468715e-05, 8.45889153425e-05, 5.42193556612e-05, 6.4644314989e-05, 3.64360676031e-05, 2.22624821618e-05, 2.32914972003e-05, 3.08843591483e-05, 1.3256627426e-05, 1.44017867569e-05, 1.02343219623e-05, 6.17646310275e-06, 6.09702783549e-06, 7.06935497874e-06, 5.8862460719e-06, 5.15344345331e-06, 6.17119712842e-06, 1.10456821858e-05, 6.29622400083e-06, 2.46187119046e-06, 2.40901408688e-06, 2.68881262855e-06, 2.85247779175e-06, 3.94189373765e-06, 4.9738191592e-06, 4.20467267759e-06, 2.82380938188e-06, 2.20044876187e-06, 1.96388123186e-06, 2.05519086194e-06, 2.22043468057e-06, 1.87951206954e-06],
        "min": [2.03088784838e-23, 1.33079383207e-23, 1.24756764578e-24, 5.139950629e-24, 2.53415254915e-24, 6.48194068501e-24, 4.04336888972e-24, 2.72786957177e-24, 1.44694444957e-23, 9.71501452986e-24, 9.02031916203e-24, 6.64289749753e-24, 1.25366642805e-23, 8.50510700508e-24, 3.35067052328e-24, 4.18104681136e-24, 7.82958253498e-24, 5.76174144412e-24, 7.98358711634e-24, 7.07151008203e-24, 3.33005719339e-24, 7.88143278456e-24, 4.0635716175e-24, 5.35081393783e-24, 5.15382787562e-24, 7.72762699614e-24, 6.41034366925e-24, 9.20595627683e-24, 7.96474359589e-24, 8.30129532389e-24, 8.01791597635e-24, 9.95720902726e-24, 9.93437150405e-24, 9.75104654056e-24, 9.34830464946e-24, 1.02960121643e-23, 8.80070659691e-24, 1.14122527117e-23, 1.17687223887e-23, 8.83731684266e-24],
        "var": [2.15067284444e-05, 9.98505129246e-06, 4.29837382399e-06, 4.05453556596e-06, 3.94421846295e-07, 1.1833098057e-07, 9.63711173085e-08, 9.66405195868e-08, 1.03502770799e-07, 4.71711274486e-08, 2.68428586025e-08, 1.95986551432e-08, 9.31563892692e-09, 5.39245403886e-09, 2.73548850238e-09, 1.93775573365e-08, 3.52044682295e-09, 6.1964153808e-09, 5.95327378505e-08, 3.01639957456e-08, 2.14968420842e-09, 1.24206278596e-09, 3.88635540416e-10, 4.83739270862e-10, 1.07292907892e-09, 3.05285641211e-09, 9.67735891422e-10, 1.27531443739e-10, 9.51677348038e-11, 1.15101393694e-10, 1.12475535829e-10, 2.59950116988e-10, 2.05704744904e-10, 6.33899183144e-11, 2.32663662642e-11, 2.54224228474e-11, 2.00102972386e-11, 2.68235138962e-11, 3.17704682007e-11, 2.17447882617e-11]
    },
    "mfcc": {
