{
"metadata": {
    "version": {
        "essentia": "2.0.1",
        "extractor": "archive-music 1.0"
    },
    "audio_properties": {
        "analysis_sample_rate": 44100,
        "bitrate": 128,
        "channels": 2,
        "equal_loudness": 0,
        "length": 15.3077554703,
        "replay_gain": 1.95719718933,
        "downmix": "mix"
    },
    "tags": {
        "track": 1,
        "year": 0,
        "album": "Carillon Dream",
        "artist": "Luciano Dessi",
        "comment": "",
        "genre": "Other",
        "title": "Carillon dream"
    }
},
"highlevel": {
    "culture": {
        "all": {
            "non_western": 0.10005607456,
            "western": 0.899943947792
        },
        "probability": 0.899943947792,
        "value": "western"
    },
    "danceability": {
        "all": {
            "danceable": 3.00000096379e-14,
            "not_danceable": 1
        },
        "probability": 1,
        "value": "not_danceable"
    },
    "gender": {
        "all": {
            "female": 0.405203223228,
            "male": 0.594796776772
        },
        "probability": 0.594796776772,
        "value": "male"
    },
    "genre_dortmund": {
        "all": {
            "alternative": 0.000127843901282,
            "blues": 6.94738919265e-05,
            "electronic": 0.0350071527064,
            "folkcountry": 7.69256075728e-05,
            "funksoulrnb": 0.0001748551731,
            "jazz": 5.57667153771e-05,
            "pop": 0.000852506724186,
            "raphiphop": 0.96357357502,
            "rock": 6.18931298959e-05
        },
        "probability": 0.96357357502,
        "value": "raphiphop"
    },
    "genre_electronic": {
        "all": {
            "ambient": 0.370227009058,
            "dnb": 0.0439561493695,
            "house": 0.436022907495,
            "techno": 0.101627789438,
            "trance": 0.048166140914
        },
        "probability": 0.436022907495,
        "value": "house"
    },
    "genre_rosamerica": {
        "all": {
            "cla": 0.00064996565925,
            "dan": 0.00443378416821,
            "hip": 0.775409579277,
            "jaz": 0.000490076723509,
            "pop": 0.0002891170152,
            "rhy": 0.216415345669,
            "roc": 0.00020086648874,
            "spe": 0.00211124913767
        },
        "probability": 0.775409579277,
        "value": "hip"
    },
    "genre_tzanetakis": {
        "all": {
            "blu": 0.000154426452355,
            "cla": 1.23489126054e-05,
            "cou": 7.08893730916e-06,
            "dis": 0.000581302505452,
            "hip": 0.037088572979,
            "jaz": 0.000134575398988,
            "met": 3.08160779241e-05,
            "pop": 0.000200066817342,
            "reg": 0.959274291992,
            "roc": 0.00251648947597
        },
        "probability": 0.959274291992,
        "value": "reg"
    },
    "mirex_ballroom": {
        "all": {
            "ChaChaCha": 0.0659879520535,
            "Jive": 0.00487360637635,
            "Quickstep": 0.0182487014681,
            "Rumba-American": 0.0121335638687,
            "Rumba-International": 0.337866574526,
            "Rumba-Misc": 0.521312236786,
            "Samba": 0.0216377153993,
            "Tango": 0.0104597741738,
            "VienneseWaltz": 0.00437810225412,
            "Waltz": 0.00310173677281
        },
        "probability": 0.521312236786,
        "value": "Rumba-Misc"
    },
    "mood_acoustic": {
        "all": {
            "acoustic": 1.65237597685e-05,
            "not_acoustic": 0.999983489513
        },
        "probability": 0.999983489513,
        "value": "not_acoustic"
    },
    "mood_aggressive": {
        "all": {
            "aggressive": 3.00000096379e-14,
            "not_aggressive": 1
        },
        "probability": 1,
        "value": "not_aggressive"
    },
    "mood_electronic": {
        "all": {
            "electronic": 0.977546393871,
            "not_electronic": 0.0224535912275
        },
        "probability": 0.977546393871,
        "value": "electronic"
    },
    "mood_happy": {
        "all": {
            "happy": 0.335432976484,
            "not_happy": 0.664567053318
        },
        "probability": 0.664567053318,
        "value": "not_happy"
    },
    "mood_party": {
        "all": {
            "not_party": 0.999999880791,
            "party": 1.00000008274e-07
        },
        "probability": 0.999999880791,
        "value": "not_party"
    },
    "mood_relaxed": {
        "all": {
            "not_relaxed": 3.99905664139e-09,
            "relaxed": 1
        },
        "probability": 1,
        "value": "relaxed"
    },
    "mood_sad": {
        "all": {
            "not_sad": 0.626397252083,
            "sad": 0.373602747917
        },
        "probability": 0.626397252083,
        "value": "not_sad"
    },
    "moods_mirex": {
        "all": {
            "Cluster1": 0.109652191401,
            "Cluster2": 0.0480861216784,
            "Cluster3": 0.197288945317,
            "Cluster4": 0.0408606231213,
            "Cluster5": 0.604112148285
        },
        "probability": 0.604112148285,
        "value": "Cluster5"
    },
    "timbre": {
        "all": {
            "bright": 0.969158768654,
            "dark": 0.0308412462473
        },
        "probability": 0.969158768654,
        "value": "bright"
    },
    "tonal_atonal": {
        "all": {
            "atonal": 1,
            "tonal": 5.01748295689e-12
        },
        "probability": 1,
        "value": "atonal"
    },
    "voice_instrumental": {
        "all": {
            "instrumental": 0.236811667681,
            "voice": 0.763188302517
        },
        "probability": 0.763188302517,
        "value": "voice"
    }
},
"lowlevel": {
    "average_loudness": 0.972995936871,
    "barkbands_kurtosis": {
        "dmean": 36.0646629333,
        "dmean2": 50.2408065796,
        "dvar": 4827.65966797,
        "dvar2": 8846.81640625,
        "max": 1081.62182617,
        "mean": 55.1372337341,
        "median": 11.2299642563,
        "min": -1.90120434761,
        "var": 12423.4394531
    },
    "barkbands_skewness": {
        "dmean": 1.78479635715,
        "dmean2": 2.44320034981,
        "dvar": 3.9192814827,
        "dvar2": 6.9407377243,
        "max": 23.9742565155,
        "mean": 3.75500106812,
        "median": 2.57916808128,
        "min": -2.63426303864,
        "var": 15.5741300583
    },
    "barkbands_spread": {
        "dmean": 9.40973854065,
        "dmean2": 15.8610744476,
        "dvar": 335.731994629,
        "dvar2": 857.657165527,
        "max": 126.951057434,
        "mean": 12.5094881058,
        "median": 6.51792860031,
        "min": 0.1505715698,
        "var": 402.807312012
    },
    "dissonance": {
        "dmean": 0.0283159334213,
        "dmean2": 0.0470981672406,
        "dvar": 0.000865880574565,
        "dvar2": 0.0019368219655,
        "max": 0.499999821186,
        "mean": 0.440542578697,
        "median": 0.450363218784,
        "min": 0.275223076344,
        "var": 0.0018725648988
    },
    "dynamic_complexity": 4.86505699158,
    "erbbands_kurtosis": {
        "dmean": 3.84227967262,
        "dmean2": 5.8202252388,
        "dvar": 42.8960266113,
        "dvar2": 85.9555435181,
        "max": 98.636756897,
        "mean": 6.20962619781,
        "median": 1.85015153885,
        "min": -1.83174133301,
        "var": 147.212936401
    },
    "erbbands_skewness": {
        "dmean": 0.722745716572,
        "dmean2": 1.11308383942,
        "dvar": 0.58040446043,
        "dvar2": 1.32955694199,
        "max": 7.89320039749,
        "mean": 1.43257451057,
        "median": 1.13597023487,
        "min": -2.72940731049,
        "var": 2.29431629181
    },
    "erbbands_spread": {
        "dmean": 16.9085922241,
        "dmean2": 27.1219882965,
        "dvar": 558.690368652,
        "dvar2": 1295.39770508,
        "max": 174.968780518,
        "mean": 41.1603927612,
        "median": 28.0492362976,
        "min": 1.53983914852,
        "var": 1284.42675781
    },
    "hfc": {
        "dmean": 47.7423362732,
        "dmean2": 87.9372177124,
        "dvar": 36307.2890625,
        "dvar2": 105441.53125,
        "max": 1520.51220703,
        "mean": 44.6969718933,
        "median": 7.20985889435,
        "min": 1.12031052528e-16,
        "var": 22666.9101562
    },
    "melbands_kurtosis": {
        "dmean": 201.02116394,
        "dmean2": 273.3699646,
        "dvar": 364382,
        "dvar2": 668063.4375,
        "max": 10170.9814453,
        "mean": 254.646469116,
        "median": 20.9833507538,
        "min": -1.27894949913,
        "var": 608558.625
    },
    "melbands_skewness": {
        "dmean": 3.56597828865,
        "dmean2": 4.6197977066,
        "dvar": 29.1379299164,
        "dvar2": 43.8123092651,
        "max": 82.2203979492,
        "mean": 7.24468946457,
        "median": 3.50220298767,
        "min": -1.68980276585,
        "var": 102.664466858
    },
    "melbands_spread": {
        "dmean": 8.57497882843,
        "dmean2": 15.1748695374,
        "dvar": 693.27545166,
        "dvar2": 1927.75305176,
        "max": 222.639083862,
        "mean": 11.2275476456,
        "median": 5.97861194611,
        "min": 0.0442230887711,
        "var": 569.942871094
    },
    "pitch_salience": {
        "dmean": 0.10182736814,
        "dmean2": 0.148869097233,
        "dvar": 0.0122651159763,
        "dvar2": 0.0215371940285,
        "max": 0.955539464951,
        "mean": 0.351838439703,
        "median": 0.394277513027,
        "min": 0.0174458920956,
        "var": 0.0407379083335
    },
    "silence_rate_20dB": {
        "dmean": 0.106060609221,
        "dmean2": 0.212443098426,
        "dvar": 0.0948121771216,
        "dvar2": 0.17338205874,
        "max": 1,
        "mean": 0.759455382824,
        "median": 1,
        "min": 0,
        "var": 0.182682782412
    },
    "silence_rate_30dB": {
        "dmean": 0.109090909362,
        "dmean2": 0.218512892723,
        "dvar": 0.0971904173493,
        "dvar2": 0.170764476061,
        "max": 1,
        "mean": 0.63993948698,
        "median": 1,
        "min": 0,
        "var": 0.230416625738
    },
    "silence_rate_60dB": {
        "dmean": 0.0454545468092,
        "dmean2": 0.0910470411181,
        "dvar": 0.0433880612254,
        "dvar2": 0.107036910951,
        "max": 1,
        "mean": 0.0892587006092,
        "median": 0,
        "min": 0,
        "var": 0.0812916830182
    },
    "spectral_centroid": {
        "dmean": 356.173431396,
        "dmean2": 589.422790527,
        "dvar": 478561.46875,
        "dvar2": 1010659.8125,
        "max": 11177.0009766,
        "mean": 859.257873535,
        "median": 573.77722168,
        "min": 107.051795959,
        "var": 800570.125
    },
    "spectral_complexity": {
        "dmean": 2.84545445442,
        "dmean2": 4.79514408112,
        "dvar": 35.8033294678,
        "dvar2": 83.4768066406,
        "max": 51,
        "mean": 8.28895568848,
        "median": 7,
        "min": 0,
        "var": 43.9967041016
    },
    "spectral_crest": {
        "dmean": 2.85214352608,
        "dmean2": 4.18054866791,
        "dvar": 5.85847663879,
        "dvar2": 12.2954244614,
        "max": 25.2517375946,
        "mean": 14.6327772141,
        "median": 14.5330018997,
        "min": 3.72267770767,
        "var": 22.4067325592
    },
    "spectral_decrease": {
        "dmean": 5.41188036607e-08,
        "dmean2": 5.84295669626e-08,
        "dvar": 9.02062560255e-15,
        "dvar2": 1.00679513486e-14,
        "max": 1.11620808823e-28,
        "mean": -8.68866152359e-08,
        "median": -6.74318556548e-09,
        "min": -7.58669614243e-07,
        "var": 2.77932465589e-14
    },
    "spectral_energy": {
        "dmean": 0.204761430621,
        "dmean2": 0.220854133368,
        "dvar": 0.127103447914,
        "dvar2": 0.143257141113,
        "max": 2.86729741096,
        "mean": 0.3319837749,
        "median": 0.0267854146659,
        "min": 1.03165432854e-20,
        "var": 0.39783295989
    },
    "spectral_energyband_high": {
        "dmean": 0.0047943177633,
        "dmean2": 0.0090547753498,
        "dvar": 0.000464044045657,
        "dvar2": 0.00134648417588,
        "max": 0.167633026838,
        "mean": 0.00326705910265,
        "median": 4.96825341543e-05,
        "min": 7.66423307988e-21,
        "var": 0.000266867631581
    },
    "spectral_energyband_low": {
        "dmean": 0.164100453258,
        "dmean2": 0.178891211748,
        "dvar": 0.0836248025298,
        "dvar2": 0.0845678374171,
        "max": 2.15538668633,
        "mean": 0.260388374329,
        "median": 0.0105553753674,
        "min": 2.24916171655e-23,
        "var": 0.265170097351
    },
    "spectral_energyband_middle_high": {
        "dmean": 0.000834524282254,
        "dmean2": 0.00149143207818,
        "dvar": 9.43579743762e-06,
        "dvar2": 2.67585910478e-05,
        "max": 0.0234697572887,
        "mean": 0.000925359025132,
        "median": 0.000423481949838,
        "min": 1.33515523575e-21,
        "var": 5.8749069467e-06
    },
    "spectral_energyband_middle_low": {
        "dmean": 0.00400976138189,
        "dmean2": 0.00628912542015,
        "dvar": 7.50435938244e-05,
        "dvar2": 0.0001853442227,
        "max": 0.0985172092915,
        "mean": 0.00984672643244,
        "median": 0.0062414733693,
        "min": 2.32254660667e-22,
        "var": 0.000129728359752
    },
    "spectral_flatness_db": {
        "dmean": 0.0582484975457,
        "dmean2": 0.0688309073448,
        "dvar": 0.00281754950993,
        "dvar2": 0.00371001521125,
        "max": 0.621709287167,
        "mean": 0.271283507347,
        "median": 0.246688067913,
        "min": 0.0540933385491,
        "var": 0.0145524451509
    },
    "spectral_flux": {
        "dmean": 0.116613991559,
        "dmean2": 0.178634926677,
        "dvar": 0.0226628035307,
        "dvar2": 0.0476350039244,
        "max": 1.00275278091,
        "mean": 0.207113549113,
        "median": 0.0920330956578,
        "min": 6.78676143062e-11,
        "var": 0.0528201051056
    },
    "spectral_kurtosis": {
        "dmean": 3.81424331665,
        "dmean2": 5.95239448547,
        "dvar": 27.0288143158,
        "dvar2": 55.9390602112,
        "max": 51.4689559937,
        "mean": 7.2997841835,
        "median": 5.15353012085,
        "min": -1.29313564301,
        "var": 59.4180450439
    },
    "spectral_rms": {
        "dmean": 0.00452384492382,
        "dmean2": 0.00445861043409,
        "dvar": 3.28926835209e-05,
        "dvar2": 2.85847654595e-05,
        "max": 0.0528901070356,
        "mean": 0.0119139803573,
        "median": 0.00511195743456,
        "min": 3.17252582711e-12,
        "var": 0.00018194373115
    },
    "spectral_rolloff": {
        "dmean": 799.240356445,
        "dmean2": 1508.27380371,
        "dvar": 6349219.5,
        "dvar2": 16683919,
        "max": 18669.2871094,
        "mean": 936.38293457,
        "median": 258.3984375,
        "min": 21.533203125,
        "var": 7493270.5
    },
    "spectral_skewness": {
        "dmean": 0.552407026291,
        "dmean2": 0.854714751244,
        "dvar": 0.340510755777,
        "dvar2": 0.73297303915,
        "max": 5.65233421326,
        "mean": 1.99615597725,
        "median": 1.89597094059,
        "min": -0.0241510029882,
        "var": 0.88473033905
    },
    "spectral_spread": {
        "dmean": 1632224.75,
        "dmean2": 2585694,
        "dvar": 8.05579836621e+12,
        "dvar2": 1.70582186394e+13,
        "max": 49961452,
        "mean": 5772564.5,
        "median": 4713974.5,
        "min": 1507586.625,
        "var": 1.60422051185e+13
    },
    "spectral_strongpeak": {
        "dmean": 0.440004378557,
        "dmean2": 0.795250475407,
        "dvar": 0.425219118595,
        "dvar2": 1.06843388081,
        "max": 4.11502742767,
        "mean": 0.510659992695,
        "median": 0.0803187713027,
        "min": 0,
        "var": 0.55755853653
    },
    "zerocrossingrate": {
        "dmean": 0.0148807410151,
        "dmean2": 0.0203499924392,
        "dvar": 0.00100329273846,
        "dvar2": 0.00163219717797,
        "max": 0.5107421875,
        "mean": 0.0346967764199,
        "median": 0.0205078125,
        "min": 0.00048828125,
        "var": 0.00374133186415
    },
    "barkbands": {
        "dmean": [0.142757251859, 0.0660676285625, 0.0106645179912, 0.000846155686304, 0.00186424260028, 0.000324844557326, 0.00102209288161, 0.000728941929992, 0.000228467339184, 7.53904751036e-05, 4.04943129979e-05, 4.6263117838e-05, 7.15759233572e-05, 4.94689411425e-05, 4.05079190386e-05, 6.99195152265e-05, 0.000100769691926, 0.00017094022769, 0.000122435565572, 0.000277313753031, 0.000298474944429, 0.000471426086733, 0.000796717067715, 0.0014745289227, 0.000879118219018, 0.000729705789126, 7.19044837751e-05],
        "dmean2": [0.161813408136, 0.0707837417722, 0.0196906160563, 0.00147999357432, 0.00313876429573, 0.000529031443875, 0.00145805859938, 0.0011032569455, 0.000376402575057, 0.000109363078082, 6.70943409204e-05, 8.14297818579e-05, 0.000118083720736, 8.20253189886e-05, 7.11420798325e-05, 0.000129297884996, 0.000188335689018, 0.000313779019052, 0.000226394404308, 0.000523605791386, 0.000565694994293, 0.000900678569451, 0.00154230929911, 0.00285189296119, 0.00163508672267, 0.0013383848127, 0.0001307487546],
        "dvar": [0.0737464204431, 0.0140597289428, 0.00185283273458, 5.68429186387e-06, 3.74863047909e-05, 6.74269017509e-07, 3.19812670568e-06, 6.36280356048e-06, 4.05473599585e-07, 1.85686186427e-08, 7.2610006896e-09, 2.26197354181e-08, 2.73447042787e-08, 2.02175360897e-08, 1.86141146941e-08, 7.53922151375e-08, 1.63797224673e-07, 3.80937876798e-07, 2.73837230225e-07, 1.52530230935e-06, 1.73518026259e-06, 5.07148297402e-06, 1.66820918821e-05, 6.05367786193e-05, 1.3096386283e-05, 6.43343219053e-06, 9.84935581982e-08],
        "dvar2": [0.0918967798352, 0.0132356248796, 0.00521264085546, 1.51620815814e-05, 0.000102036829048, 1.67320683886e-06, 6.13082283962e-06, 1.18424341053e-05, 1.01567275124e-06, 3.99221882219e-08, 1.91130453686e-08, 6.35659418435e-08, 7.44515205042e-08, 5.39469908745e-08, 5.1266006551e-08, 2.16666734332e-07, 4.7163652539e-07, 1.08537744836e-06, 7.82791744314e-07, 4.3968443606e-06, 5.03990713696e-06, 1.48059316416e-05, 4.8926413001e-05, 0.000178004265763, 3.78471377189e-05, 1.73127446033e-05, 2.8069206337e-07],
        "max": [2.52022218704, 1.03036892414, 0.337362766266, 0.0221058763564, 0.0619431734085, 0.0110525563359, 0.0261736158282, 0.0653335750103, 0.0065536336042, 0.00168754486367, 0.000921796890907, 0.00149599323049, 0.00149690033868, 0.00131709058769, 0.00104600354098, 0.00203302316368, 0.0031379070133, 0.00541790155694, 0.00421946728602, 0.00989588350058, 0.0117149557918, 0.0181774105877, 0.0299695432186, 0.0613314285874, 0.0334631986916, 0.0235873553902, 0.00376362912357],
        "mean": [0.208036363125, 0.10307829082, 0.00686438102275, 0.000823332113214, 0.00250344839878, 0.000448196486104, 0.00392999872565, 0.0017276420258, 0.000362509599654, 0.000190834485693, 9.82734200079e-05, 5.46618030057e-05, 0.000101762452687, 6.24851236353e-05, 3.94954986405e-05, 5.2885923651e-05, 6.78651267663e-05, 0.000112835477921, 8.19482957013e-05, 0.000170760191395, 0.000178733680514, 0.000275860918919, 0.000460878305603, 0.000874516204931, 0.000704040750861, 0.000626162276603, 5.45877956029e-05],
        "median": [0.00584196671844, 0.00309597910382, 8.19915221655e-05, 0.000145814556163, 0.000757187372074, 0.000171013220097, 0.000668512366246, 0.000239057000726, 7.22329568816e-05, 5.98922270001e-05, 3.89727210859e-05, 1.59600658662e-05, 3.21537008858e-05, 1.50550413309e-05, 1.17725430755e-05, 1.14234098874e-05, 1.13493251774e-05, 1.40927004395e-05, 1.03088223113e-05, 9.46917862166e-06, 8.26660925668e-06, 8.04717728897e-06, 3.72629051526e-06, 3.43975125361e-06, 2.84515704152e-06, 4.58200929643e-06, 4.12789461279e-07],
        "min": [5.47740994147e-24, 8.138463389e-24, 4.11148702889e-24, 8.77034334066e-24, 4.830571136e-23, 1.23619789216e-23, 4.25633403954e-23, 1.43122229396e-23, 2.5509543398e-23, 3.55370415096e-23, 3.69787447673e-23, 3.87150844177e-23, 3.54946639018e-23, 3.97406698588e-23, 8.77454970478e-23, 9.13227919264e-23, 1.50353455412e-22, 1.46877443963e-22, 1.94960775434e-22, 2.17591541352e-22, 3.28699583249e-22, 3.40730027598e-22, 4.84217060986e-22, 6.91826621501e-22, 1.16468666029e-21, 1.46519959969e-21, 2.32577520609e-21],
        "var": [0.191222190857, 0.0464383028448, 0.00113520701416, 4.30088493886e-06, 3.08436647174e-05, 7.77301693233e-07, 3.78157928935e-05, 3.20560793625e-05, 6.3885426016e-07, 7.85206708542e-08, 2.19119922207e-08, 1.72234582152e-08, 3.22062376767e-08, 1.95945837334e-08, 1.26906849474e-08, 4.31851105986e-08, 9.26504597487e-08, 2.24352959322e-07, 1.58796609639e-07, 8.54086636082e-07, 9.51351125877e-07, 2.73403065876e-06, 8.8544384198e-06, 3.21149636875e-05, 8.90336650627e-06, 6.02857562626e-06, 7.06004570361e-08]
    },
    "erbbands": {
        "dmean": [5.51684951782, 3.06849551201, 11.1743059158, 7.1659579277, 3.27681708336, 8.0875043869, 4.79562473297, 3.07970380783, 12.0113773346, 17.7002925873, 12.4857387543, 6.80388689041, 1.79498100281, 2.60004043579, 1.72167873383, 2.00245952606, 3.6187980175, 1.92738223076, 2.92290782928, 2.4098546505, 4.15060901642, 6.04010391235, 9.24635601044, 7.67514038086, 6.62720632553, 15.087220192, 11.2104701996, 12.1827716827, 17.8494281769, 22.7143440247, 23.6558380127, 40.2334823608, 14.9733839035, 7.88203477859, 7.70041561127, 3.86472868919, 1.18932366371, 0.202096506953, 0.00768334371969, 0.000535128812771],
        "dmean2": [6.08274316788, 4.33302688599, 20.8412418365, 12.8273487091, 5.76059818268, 13.7098398209, 7.81528425217, 5.0108127594, 16.2938270569, 28.7160949707, 16.8344364166, 11.0706758499, 2.76073789597, 3.97234177589, 2.67593193054, 3.55799436569, 5.97515010834, 3.08467578888, 5.26503133774, 4.28715515137, 7.73341417313, 11.268860817, 16.8723182678, 14.3111810684, 12.3037757874, 28.5568561554, 21.0088405609, 23.1908111572, 34.1989593506, 43.8157234192, 45.8909072876, 78.2787704468, 28.5481529236, 14.9154348373, 14.3785476685, 7.12115764618, 2.17746663094, 0.356590241194, 0.0141668273136, 0.000917868281249],
        "dvar": [102.300415039, 37.7549057007, 1959.5814209, 712.593017578, 101.029960632, 760.113220215, 207.473083496, 50.56042099, 525.793273926, 1330.98547363, 4315.1953125, 352.030883789, 18.7131214142, 31.2053031921, 10.2375612259, 48.4600143433, 72.4052810669, 21.0051021576, 125.851577759, 64.5548095703, 281.020965576, 585.317687988, 1040.61450195, 1169.29919434, 731.179626465, 4691.05957031, 2120.18505859, 3073.55444336, 7689.48779297, 13343.7724609, 14779.3378906, 48510.9921875, 5190.1484375, 1061.68981934, 972.407226562, 193.667770386, 16.853843689, 0.519975483418, 0.00102399289608, 3.18218667417e-06],
        "dvar2": [96.4578552246, 79.4469451904, 5577.84716797, 1933.76513672, 284.037963867, 2090.52685547, 548.216918945, 125.265625, 815.603820801, 3742.60693359, 7584.65917969, 859.832885742, 45.4968948364, 73.7039871216, 24.5470294952, 138.478012085, 197.125061035, 51.1341362, 352.855407715, 181.444442749, 809.063903809, 1684.48571777, 2947.91455078, 3385.75195312, 2091.25610352, 13542.4609375, 6109.08740234, 8946.578125, 22508.3105469, 39169.1914062, 43237.1953125, 142797.328125, 15167.0214844, 3068.21557617, 2805.25390625, 531.822387695, 45.4780502319, 1.38561213017, 0.00291132205166, 9.50152752921e-06],
        "max": [79.7580490112, 51.5829620361, 345.18371582, 226.561691284, 109.467529297, 287.128967285, 150.505859375, 92.6220169067, 404.922363281, 572.252441406, 1790.57824707, 276.360809326, 47.5303535461, 73.9477767944, 36.5160713196, 74.845741272, 83.675819397, 55.8456497192, 102.887115479, 62.3338012695, 122.193016052, 189.523223877, 283.368652344, 271.224365234, 222.188690186, 522.793212891, 387.076507568, 501.327148438, 721.318725586, 935.461242676, 912.60369873, 1788.06555176, 542.898864746, 317.857757568, 271.337768555, 108.416992188, 46.7679710388, 7.98384952545, 0.347568958998, 0.0166843999177],
        "mean": [8.46343612671, 4.60074806213, 7.44171524048, 5.23715162277, 3.91015076637, 10.4502315521, 6.69899129868, 5.7281036377, 47.5687599182, 48.9008102417, 35.7788009644, 12.6186904907, 3.97022485733, 6.12917900085, 4.6300368309, 2.49950432777, 5.23782491684, 2.99505496025, 2.62492251396, 2.29324483871, 2.98036956787, 4.03108882904, 6.19493341446, 5.01439142227, 4.33328676224, 9.13640880585, 6.94214487076, 7.24357414246, 10.3967647552, 12.7172031403, 13.8580989838, 22.8036727905, 9.8478012085, 6.17736053467, 6.0344953537, 3.24234890938, 1.02069687843, 0.177526861429, 0.00593080371618, 0.000618681544438],
        "median": [0.24681827426, 0.145228460431, 0.134200528264, 0.363528609276, 1.73028433323, 2.8469479084, 1.65056538582, 2.67758345604, 8.45555686951, 13.3438415527, 4.70563983917, 2.46437811852, 1.59981024265, 2.01470255852, 2.17788624763, 1.00848639011, 1.7703461647, 0.936918854713, 0.730377137661, 0.568698108196, 0.619545102119, 0.630717515945, 0.777943253517, 0.663706600666, 0.478243708611, 0.470826238394, 0.324340850115, 0.341474413872, 0.305738627911, 0.165691375732, 0.10479709506, 0.0836564451456, 0.0484405122697, 0.0279333405197, 0.0218722950667, 0.0155676808208, 0.00947000645101, 0.00196233671159, 0.000101650541183, 4.00822937081e-05],
        "min": [2.17304219278e-22, 2.16216934186e-21, 6.73900773483e-21, 2.90949762161e-20, 3.54488413068e-20, 1.32298504615e-19, 1.72433514731e-19, 9.05041831143e-20, 5.32813864217e-19, 3.99372881004e-19, 6.0850450918e-19, 7.28817050397e-19, 5.51266350827e-19, 9.83492726112e-19, 2.58958217221e-18, 2.26713310737e-18, 1.84756352603e-18, 1.99809054518e-18, 3.49709215521e-18, 8.07030823703e-18, 6.27266195904e-18, 7.90939017503e-18, 8.46051993766e-18, 9.14325496293e-18, 1.34665599294e-17, 1.18820499711e-17, 1.36258567174e-17, 1.19902915173e-17, 1.22912851714e-17, 1.28490009461e-17, 1.51273119519e-17, 1.30802814726e-17, 1.2801553039e-17, 1.11257794165e-17, 8.28690878915e-18, 5.64954680361e-18, 2.70621070947e-18, 1.25218559769e-18, 3.31832808508e-19, 3.45783952708e-20],
        "var": [314.669006348, 91.0618515015, 1192.31921387, 474.886535645, 71.9846343994, 605.265197754, 202.022079468, 68.839050293, 7046.81835938, 5239.62988281, 22679.3789062, 849.249511719, 46.7999839783, 85.2647171021, 39.2171325684, 33.5717277527, 84.5867919922, 32.9011077881, 79.2457427979, 42.7350692749, 159.396575928, 332.133758545, 623.327880859, 653.136352539, 422.986572266, 2612.71191406, 1193.52697754, 1673.05688477, 4116.31396484, 7059.09130859, 7891.08105469, 25444.0214844, 2899.26831055, 705.242126465, 666.646057129, 167.54045105, 15.8971214294, 0.510470271111, 0.000701407145243, 2.45164119406e-06]
    },
    "gfcc": {
        "mean": [-75.1865463257, 95.0165786743, -64.5397644043, 20.3501682281, -51.4025497437, 4.1935338974, -22.6113815308, 15.3397979736, -11.1595087051, 17.5163173676, -5.60814666748, 10.9894790649, -10.8593177795],
        "cov": [[20258.7734375, -1000.5814209, 520.941467285, 807.583068848, -321.94140625, 705.713256836, -275.128540039, 560.40020752, -93.9850158691, 250.157440186, 3.98738312721, 117.724311829, -104.647018433], [-1000.5814209, 2302.85693359, -703.859130859, -409.024047852, 146.183181763, -377.556640625, 236.350830078, -356.914489746, 162.678283691, -110.241416931, 179.030075073, 31.3516960144, 170.091964722], [520.941467285, -703.859130859, 962.168273926, 295.941925049, 215.496871948, 294.980102539, 92.8525238037, 170.1300354, -7.46358680725, 81.3413543701, 7.59041261673, -4.37489032745, -17.3457126617], [807.583068848, -409.024047852, 295.941925049, 623.492797852, 125.027648926, 107.51272583, 105.177131653, 57.6436424255, -38.6860771179, -93.4148864746, -18.7006645203, -12.3674068451, 25.689239502], [-321.94140625, 146.183181763, 215.496871948, 125.027648926, 323.51071167, 79.773727417, 165.050888062, 29.9474639893, 69.5646896362, -17.6308097839, 65.1474914551, 17.0209693909, 78.664024353], [705.713256836, -377.556640625, 294.980102539, 107.51272583, 79.773727417, 215.256256104, 20.1750507355, 87.7525177002, -12.739408493, 27.0059280396, -21.2191295624, -21.2806892395, -19.8941917419], [-275.128540039, 236.350830078, 92.8525238037, 105.177131653, 165.050888062, 20.1750507355, 209.800964355, 21.847902298, 130.169891357, 0.224770560861, 81.3299865723, -0.0847534164786, 58.5054092407], [560.40020752, -356.914489746, 170.1300354, 57.6436424255, 29.9474639893, 87.7525177002, 21.847902298, 199.977493286, 67.2148666382, 96.6110610962, 8.40819168091, -5.05714511871, -36.5198822021], [-93.9850158691, 162.678283691, -7.46358680725, -38.6860771179, 69.5646896362, -12.739408493, 130.169891357, 67.2148666382, 234.717163086, 69.8812942505, 111.852394104, -2.28341031075, 41.3909034729], [250.157440186, -110.241416931, 81.3413543701, -93.4148864746, -17.6308097839, 27.0059280396, 0.224770560861, 96.6110610962, 69.8812942505, 139.9012146, 31.3019123077, 14.2227525711, -34.7582931519], [3.98738312721, 179.030075073, 7.59041261673, -18.7006645203, 65.1474914551, -21.2191295624, 81.3299865723, 8.40819168091, 111.852394104, 31.3019123077, 131.34552002, 39.2603111267, 79.5269317627], [117.724311829, 31.3516960144, -4.37489032745, -12.3674068451, 17.0209693909, -21.2806892395, -0.0847534164786, -5.05714511871, -2.28341031075, 14.2227525711, 39.2603111267, 87.8703994751, 60.2132110596], [-104.647018433, 170.091964722, -17.3457126617, 25.689239502, 78.664024353, -19.8941917419, 58.5054092407, -36.5198822021, 41.3909034729, -34.7582931519, 79.5269317627, 60.2132110596, 140.755645752]],
        "icov": [[9.12395043997e-05, -0.000190062666661, 4.09328786191e-05, -0.000274620921118, 0.000254156911978, -0.000584338034969, 0.000409044063417, -0.000325083063217, -4.86705175717e-05, -4.23565943493e-05, -0.00015358539531, -0.000284965266474, 8.62117231009e-05], [-0.000190062666661, 0.00187587563414, 0.000461895950139, 0.00137293944135, -0.00132897612639, 0.00248006847687, -0.00285803596489, 0.00244521419518, 0.00056158634834, -0.000229670360568, -0.000355834781658, 0.0011424664408, -0.000195717148017], [4.09328786191e-05, 0.000461895950139, 0.0025710882619, -0.000587201851886, -0.0010487731779, -0.00202528457157, -0.000772015540861, 0.000481461727759, 0.00117694900837, -0.00198072404601, -0.000975930306595, 0.000151597268996, 0.000293296878226], [-0.000274620921118, 0.00137293944135, -0.000587201851886, 0.00421564048156, -0.000637018179987, 0.00237930659205, -0.00426914636046, -0.000121304212371, 0.00126571848523, 0.00357041065581, 3.81586178264e-05, 0.000592891825363, -3.54212352249e-05], [0.000254156911978, -0.00132897612639, -0.0010487731779, -0.000637018179987, 0.00793869420886, -0.00351812806912, -0.00279429811053, -0.00271717645228, 0.000497619039379, 0.0018552216934, -0.000278623832855, -0.00168968061917, -0.00150349223986], [-0.000584338034969, 0.00248006847687, -0.00202528457157, 0.00237930659205, -0.00351812806912, 0.0143570592627, -0.00372092332691, 0.00107655674219, 0.00160292722285, -0.000457266287412, 0.00190779194236, 0.00506762601435, -0.00212395540439], [0.000409044063417, -0.00285803596489, -0.000772015540861, -0.00426914636046, -0.00279429811053, -0.00372092332691, 0.0187138561159, -0.00197174376808, -0.00740437116474, 0.000474731234135, -0.00125344528351, -0.000654322269838, 0.000470222701551], [-0.000325083063217, 0.00244521419518, 0.000481461727759, -0.000121304212371, -0.00271717645228, 0.00107655674219, -0.00197174376808, 0.0147096784785, -0.00291601102799, -0.0075046303682, 0.0020283870399, 0.00101134134457, 0.000617329380475], [-4.86705175717e-05, 0.00056158634834, 0.00117694900837, 0.00126571848523, 0.000497619039379, 0.00160292722285, -0.00740437116474, -0.00291601102799, 0.0142041714862, -0.00401923339814, -0.00760646164417, 0.00598077522591, -0.00196152389981], [-4.23565943493e-05, -0.000229670360568, -0.00198072404601, 0.00357041065581, 0.0018552216934, -0.000457266287412, 0.000474731234135, -0.0075046303682, -0.00401923339814, 0.0221366416663, -0.00466767232865, -0.00799938943237, 0.00881202146411], [-0.00015358539531, -0.000355834781658, -0.000975930306595, 3.81586178264e-05, -0.000278623832855, 0.00190779194236, -0.00125344528351, 0.0020283870399, -0.00760646164417, -0.00466767232865, 0.0232348889112, -0.00252934521995, -0.00930034555495], [-0.000284965266474, 0.0011424664408, 0.000151597268996, 0.000592891825363, -0.00168968061917, 0.00506762601435, -0.000654322269838, 0.00101134134457, 0.00598077522591, -0.00799938943237, -0.00252934521995, 0.0238604918122, -0.0119992215186], [8.62117231009e-05, -0.000195717148017, 0.000293296878226, -3.54212352249e-05, -0.00150349223986, -0.00212395540439, 0.000470222701551, 0.000617329380475, -0.00196152389981, 0.00881202146411, -0.00930034555495, -0.0119992215186, 0.0210931450129]]
    },
    "melbands": {
        "dmean": [0.0423857085407, 0.00475338893011, 0.00119570526294, 0.00038335743011, 0.000236581734498, 6.40282887616e-05, 0.000192486171727, 0.000183344236575, 9.13743351703e-05, 3.69985209545e-05, 8.05376566859e-06, 1.10121618491e-05, 5.63601270187e-06, 5.473470992e-06, 8.0592399172e-06, 5.19216928296e-06, 3.68705696019e-06, 5.26695703229e-06, 2.68217968369e-06, 3.22855316881e-06, 5.44509885003e-06, 6.12064286543e-06, 6.89650096319e-06, 9.07995581656e-06, 5.99071336183e-06, 3.87320233131e-06, 6.6286152105e-06, 1.04468917925e-05, 6.62428601572e-06, 7.60596321925e-06, 6.01090823693e-06, 7.51535753807e-06, 1.33990051836e-05, 1.29825475597e-05, 1.32132572617e-05, 1.65595229191e-05, 2.82774926745e-05, 1.11587169158e-05, 7.48263482819e-06, 6.20340370006e-06],
        "dmean2": [0.046488661319, 0.00861463043839, 0.00215159379877, 0.000658162520267, 0.000394899543608, 0.00010572202882, 0.000261611712631, 0.000298214057693, 0.00012088240328, 6.11940558883e-05, 1.23964391605e-05, 1.67585621966e-05, 9.07560388441e-06, 9.32514740271e-06, 1.37697034006e-05, 8.44394071464e-06, 5.88683360547e-06, 9.57935117185e-06, 4.69487486043e-06, 5.82763323109e-06, 1.02060012068e-05, 1.15378697956e-05, 1.25122696772e-05, 1.6791975213e-05, 1.1239113519e-05, 7.13741110303e-06, 1.25469759951e-05, 1.97038625629e-05, 1.23334739328e-05, 1.44428249769e-05, 1.1424153854e-05, 1.43056304296e-05, 2.57966512436e-05, 2.51188212133e-05, 2.56009643635e-05, 3.21495899698e-05, 5.49213327758e-05, 2.12286013266e-05, 1.39886333272e-05, 1.17351382869e-05],
        "dvar": [0.00586420064792, 0.000307554990286, 1.83673455467e-05, 1.62451283359e-06, 5.91972195707e-07, 2.36892390149e-08, 1.27047954379e-07, 1.41177721957e-07, 2.44282460926e-07, 1.07464321886e-08, 3.54736046093e-10, 5.45811784658e-10, 1.29979998986e-10, 2.65261063115e-10, 4.63588861743e-10, 1.39951994438e-10, 7.16140896584e-11, 4.33235558539e-10, 6.89672555176e-11, 1.35123440215e-10, 5.0211201863e-10, 6.4676258793e-10, 5.73287695094e-10, 1.09644848756e-09, 7.97162558186e-10, 2.32910496445e-10, 8.3560386388e-10, 2.2444777148e-09, 6.83512246802e-10, 1.28882604589e-09, 7.0428390897e-10, 1.30947974686e-09, 4.50049375544e-09, 4.57114435193e-09, 4.4870991367e-09, 7.71879360428e-09, 2.4415230726e-08, 3.05261260714e-09, 1.04276787205e-09, 5.9117338802e-10],
        "dvar2": [0.00560368550941, 0.000876919541042, 5.00453788845e-05, 4.40473650087e-06, 1.61322827807e-06, 5.87625272885e-08, 2.02517654202e-07, 3.90368057879e-07, 4.27306730444e-07, 2.77488840794e-08, 8.48851211543e-10, 1.26029342518e-09, 3.31592697744e-10, 7.28722027166e-10, 1.30934496578e-09, 3.74208553033e-10, 1.74229797256e-10, 1.21985033186e-09, 1.8841130045e-10, 3.84319298607e-10, 1.4493197753e-09, 1.87030502197e-09, 1.61891611228e-09, 3.13345838165e-09, 2.31675101325e-09, 6.56186049941e-10, 2.41738251638e-09, 6.4663430166e-09, 1.96360594451e-09, 3.75061848246e-09, 2.0483568175e-09, 3.82445275449e-09, 1.31877984089e-08, 1.34484414716e-08, 1.31031869799e-08, 2.26699441441e-08, 7.19378761005e-08, 8.93486529208e-09, 3.0055531397e-09, 1.71044767239e-09],
        "max": [0.578686892986, 0.135072335601, 0.0359670855105, 0.0124057307839, 0.00749196810648, 0.00202228757553, 0.00612944271415, 0.00566349830478, 0.0135729340836, 0.00104858539999, 0.000215823252802, 0.00030527060153, 0.000141416850965, 0.000167275269632, 0.000190306818695, 0.000120151424198, 9.65066137724e-05, 0.000196887369384, 5.94317170908e-05, 9.88426763797e-05, 0.000172346335603, 0.000205366101, 0.000192049410543, 0.000297731166938, 0.000229824727285, 0.000121211036458, 0.000241861358518, 0.000373671296984, 0.000228701013839, 0.000375429954147, 0.000237904037931, 0.000330663577188, 0.00051891914336, 0.000593402888626, 0.000486570876092, 0.00075977598317, 0.00122360675596, 0.000456434732769, 0.000340328289894, 0.000224796822295],
        "mean": [0.0655638873577, 0.00376925896853, 0.000898630707525, 0.000520181434695, 0.000321007799357, 0.000100215424027, 0.000762212381233, 0.000477966939798, 0.000259951426415, 5.81937783863e-05, 1.74355864146e-05, 2.53553462244e-05, 1.49341140059e-05, 8.38324740471e-06, 1.01352889033e-05, 7.98284509074e-06, 5.51232960788e-06, 4.42825648861e-06, 2.75038860309e-06, 2.87086822937e-06, 3.73108855456e-06, 3.92695164919e-06, 4.94516234539e-06, 5.81132235311e-06, 3.88783973904e-06, 2.66944948635e-06, 4.07457946494e-06, 6.32932096778e-06, 4.19268963014e-06, 4.46912872576e-06, 3.62814466826e-06, 4.50664992968e-06, 7.57059024181e-06, 7.16728573025e-06, 7.71376198827e-06, 9.5336299637e-06, 1.59279243235e-05, 7.15065016266e-06, 5.57034081794e-06, 4.82803943669e-06],
        "median": [0.00227140286006, 7.55767541705e-05, 8.27272524475e-05, 0.000177381152753, 7.69208636484e-05, 4.35933325207e-05, 0.000139376788866, 0.000153629545821, 2.33521550399e-05, 1.27809871628e-05, 5.49815194972e-06, 8.03172497399e-06, 6.21527487965e-06, 2.95391737382e-06, 2.75464003607e-06, 2.80724498225e-06, 1.4794903791e-06, 1.01483340131e-06, 9.13645578748e-07, 7.06552043539e-07, 6.37947550786e-07, 5.18747640399e-07, 7.65809261338e-07, 5.74083912852e-07, 4.94682808494e-07, 3.62739115189e-07, 2.73377139592e-07, 3.20690219269e-07, 2.01218014695e-07, 1.77037989602e-07, 1.94890773741e-07, 1.55546800329e-07, 1.30818236244e-07, 7.08631731072e-08, 6.15681230443e-08, 5.44627489774e-08, 4.88159734857e-08, 3.37367218606e-08, 2.47819276211e-08, 2.26493597211e-08],
        "min": [3.45560677304e-24, 3.13086468723e-24, 4.87595438277e-24, 9.66716459393e-24, 5.43112116127e-24, 2.6292526895e-24, 7.42866291256e-24, 3.69701122625e-24, 6.31109826206e-24, 3.3449122331e-24, 2.94075256173e-24, 3.44484079384e-24, 6.76227897376e-24, 4.14424802785e-24, 8.34652466389e-24, 2.81342015644e-24, 3.42158793537e-24, 4.53762377343e-24, 4.73339380656e-24, 7.71141827112e-24, 6.81383734481e-24, 7.94522244393e-24, 8.10437828701e-24, 6.3660073198e-24, 7.26704740119e-24, 7.39758021517e-24, 7.59981811886e-24, 8.39905254499e-24, 8.0610437909e-24, 7.94136018094e-24, 6.81166245529e-24, 6.33878136338e-24, 7.51223483686e-24, 6.76519381481e-24, 7.70836143512e-24, 7.62801279647e-24, 6.41233988178e-24, 9.46414492908e-24, 8.24933700037e-24, 9.20985167198e-24],
        "var": [0.0179565250874, 0.000203949020943, 1.21588645925e-05, 1.31379931645e-06, 5.23818357578e-07, 2.88552968186e-08, 1.70236944541e-06, 4.9145654657e-07, 1.31528304337e-06, 1.59487338891e-08, 1.07591202614e-09, 1.5656065333e-09, 4.71084449227e-10, 2.5842122886e-10, 4.11052136773e-10, 1.73887182431e-10, 1.13051776274e-10, 2.6847196688e-10, 5.01819072407e-11, 8.31687912983e-11, 2.81842049699e-10, 3.60272034428e-10, 3.49243356457e-10, 6.37103536594e-10, 4.39765973637e-10, 1.40831679651e-10, 4.64346228135e-10, 1.25740606816e-09, 3.90058846333e-10, 7.01383617852e-10, 3.84863446667e-10, 7.07658376342e-10, 2.39372943689e-09, 2.40225328518e-09, 2.40694686404e-09, 4.07733846686e-09, 1.27819408391e-08, 1.68183167393e-09, 6.68940236537e-10, 3.98780952704e-10]
    },
    "mfcc": {
