{
"metadata": {
    "version": {
        "essentia": "2.0.1",
        "extractor": "archive-music 1.0"
    },
    "audio_properties": {
        "analysis_sample_rate": 44100,
        "bitrate": 128,
        "channels": 2,
        "equal_loudness": 0,
        "length": 15.83020401,
        "replay_gain": -3.80785179138,
        "downmix": "mix"
    },
    "tags": {
        "track": 0,
        "year": 0,
        "album": "We love! dans les bacs en 2010",
        "artist": "Mikey roots",
        "comment": "",
        "genre": "Other",
        "title": "My darling master"
    }
},
"highlevel": {
    "culture": {
        "all": {
            "non_western": 0.224833682179,
            "western": 0.775166332722
        },
        "probability": 0.775166332722,
        "value": "western"
    },
    "danceability": {
        "all": {
            "danceable": 0.983764231205,
            "not_danceable": 0.016235794872
        },
        "probability": 0.983764231205,
        "value": "danceable"
    },
    "gender": {
        "all": {
            "female": 0.0169741697609,
            "male": 0.983025848866
        },
        "probability": 0.983025848866,
        "value": "male"
    },
    "genre_dortmund": {
        "all": {
            "alternative": 0.000819760200102,
            "blues": 0.0113514177501,
            "electronic": 0.0264141224325,
            "folkcountry": 0.00295592518523,
            "funksoulrnb": 0.00974687188864,
            "jazz": 0.022086629644,
            "pop": 0.00823052972555,
            "raphiphop": 0.912172734737,
            "rock": 0.00622199522331
        },
        "probability": 0.912172734737,
        "value": "raphiphop"
    },
    "genre_electronic": {
        "all": {
            "ambient": 0.392883867025,
            "dnb": 0.128154143691,
            "house": 0.374341875315,
            "techno": 0.0644301772118,
            "trance": 0.0401899367571
        },
        "probability": 0.392883867025,
        "value": "ambient"
    },
    "genre_rosamerica": {
        "all": {
            "cla": 0.00239473790862,
            "dan": 0.0123660713434,
            "hip": 0.906475245953,
            "jaz": 0.00494980858639,
            "pop": 0.00326401158236,
            "rhy": 0.063750334084,
            "roc": 0.000919699727092,
            "spe": 0.00588011182845
        },
        "probability": 0.906475245953,
        "value": "hip"
    },
    "genre_tzanetakis": {
        "all": {
            "blu": 0.00143556122202,
            "cla": 0.000926992041059,
            "cou": 0.003677633591,
            "dis": 0.00401533441618,
            "hip": 0.312451183796,
            "jaz": 0.00445397756994,
            "met": 0.000971526256762,
            "pop": 0.12106295675,
            "reg": 0.544548213482,
            "roc": 0.00645660376176
        },
        "probability": 0.544548213482,
        "value": "reg"
    },
    "mirex_ballroom": {
        "all": {
            "ChaChaCha": 0.434837937355,
            "Jive": 0.0438782721758,
            "Quickstep": 0.101684264839,
            "Rumba-American": 0.0256481152028,
            "Rumba-International": 0.130232661963,
            "Rumba-Misc": 0.0832421183586,
            "Samba": 0.146199762821,
            "Tango": 0.0188237689435,
            "VienneseWaltz": 0.00762666668743,
            "Waltz": 0.00782643072307
        },
        "probability": 0.434837937355,
        "value": "ChaChaCha"
    },
    "mood_acoustic": {
        "all": {
            "acoustic": 0.210631102324,
            "not_acoustic": 0.789368927479
        },
        "probability": 0.789368927479,
        "value": "not_acoustic"
    },
    "mood_aggressive": {
        "all": {
            "aggressive": 0.0108955223113,
            "not_aggressive": 0.989104449749
        },
        "probability": 0.989104449749,
        "value": "not_aggressive"
    },
    "mood_electronic": {
        "all": {
            "electronic": 0.623064398766,
            "not_electronic": 0.376935571432
        },
        "probability": 0.623064398766,
        "value": "electronic"
    },
    "mood_happy": {
        "all": {
            "happy": 0.610334694386,
            "not_happy": 0.389665305614
        },
        "probability": 0.610334694386,
        "value": "happy"
    },
    "mood_party": {
        "all": {
            "not_party": 0.436844557524,
            "party": 0.563155472279
        },
        "probability": 0.563155472279,
        "value": "party"
    },
    "mood_relaxed": {
        "all": {
            "not_relaxed": 0.134638249874,
            "relaxed": 0.865361750126
        },
        "probability": 0.865361750126,
        "value": "relaxed"
    },
    "mood_sad": {
        "all": {
            "not_sad": 0.632033765316,
            "sad": 0.367966264486
        },
        "probability": 0.632033765316,
        "value": "not_sad"
    },
    "moods_mirex": {
        "all": {
            "Cluster1": 0.134747922421,
            "Cluster2": 0.42027425766,
            "Cluster3": 0.0889024138451,
            "Cluster4": 0.243872955441,
            "Cluster5": 0.112202435732
        },
        "probability": 0.42027425766,
        "value": "Cluster2"
    },
    "timbre": {
        "all": {
            "bright": 0.984896481037,
            "dark": 0.0151035441086
        },
        "probability": 0.984896481037,
        "value": "bright"
    },
    "tonal_atonal": {
        "all": {
            "atonal": 0.964518249035,
            "tonal": 0.0354817658663
        },
        "probability": 0.964518249035,
        "value": "atonal"
    },
    "voice_instrumental": {
        "all": {
            "instrumental": 0.264230757952,
            "voice": 0.735769212246
        },
        "probability": 0.735769212246,
        "value": "voice"
    }
},
"lowlevel": {
    "average_loudness": 0.978164494038,
    "barkbands_kurtosis": {
        "dmean": 23.8904438019,
        "dmean2": 36.3184547424,
        "dvar": 2259.44384766,
        "dvar2": 4179.95654297,
        "max": 571.668579102,
        "mean": 35.8398284912,
        "median": 12.731593132,
        "min": -1.92656970024,
        "var": 3973.43188477
    },
    "barkbands_skewness": {
        "dmean": 1.6208204031,
        "dmean2": 2.38095641136,
        "dvar": 4.617664814,
        "dvar2": 8.89130306244,
        "max": 22.7208938599,
        "mean": 3.9239962101,
        "median": 2.89000678062,
        "min": -2.05133986473,
        "var": 11.9358596802
    },
    "barkbands_spread": {
        "dmean": 9.58639621735,
        "dmean2": 14.8138980865,
        "dvar": 224.271438599,
        "dvar2": 507.365081787,
        "max": 108.825836182,
        "mean": 15.888920784,
        "median": 8.60112667084,
        "min": 0.337322682142,
        "var": 341.676025391
    },
    "dissonance": {
        "dmean": 0.0270454436541,
        "dmean2": 0.0437993369997,
        "dvar": 0.000828250660561,
        "dvar2": 0.00204153219238,
        "max": 0.498271286488,
        "mean": 0.437620162964,
        "median": 0.451503753662,
        "min": 0.265571177006,
        "var": 0.00237322505563
    },
    "dynamic_complexity": 4.4457654953,
    "erbbands_kurtosis": {
        "dmean": 2.44640779495,
        "dmean2": 3.90573692322,
        "dvar": 20.5541477203,
        "dvar2": 53.7127037048,
        "max": 60.78150177,
        "mean": 1.93470680714,
        "median": 0.390459060669,
        "min": -1.81031835079,
        "var": 22.1597309113
    },
    "erbbands_skewness": {
        "dmean": 0.694280982018,
        "dmean2": 1.05129432678,
        "dvar": 0.776508331299,
        "dvar2": 1.8122137785,
        "max": 4.17527294159,
        "mean": 0.663079023361,
        "median": 0.724351346493,
        "min": -6.42216873169,
        "var": 1.53619515896
    },
    "erbbands_spread": {
        "dmean": 16.9193344116,
        "dmean2": 25.3234272003,
        "dvar": 325.771514893,
        "dvar2": 785.298706055,
        "max": 164.059280396,
        "mean": 49.1077804565,
        "median": 41.8600311279,
        "min": 4.51302099228,
        "var": 883.06439209
    },
    "hfc": {
        "dmean": 12.3437957764,
        "dmean2": 18.5481204987,
        "dvar": 684.816162109,
        "dvar2": 1670.67248535,
        "max": 223.093139648,
        "mean": 16.5985221863,
        "median": 4.82760429382,
        "min": 1.17501614818e-16,
        "var": 884.316772461
    },
    "melbands_kurtosis": {
        "dmean": 50.5079612732,
        "dmean2": 76.6305236816,
        "dvar": 9062.9140625,
        "dvar2": 19584.6386719,
        "max": 830.754333496,
        "mean": 83.6684570312,
        "median": 27.6376304626,
        "min": -1.69933438301,
        "var": 18736.4550781
    },
    "melbands_skewness": {
        "dmean": 2.03848314285,
        "dmean2": 3.05648398399,
        "dvar": 7.67665481567,
        "dvar2": 17.0112476349,
        "max": 26.3782329559,
        "mean": 5.63079595566,
        "median": 3.96700716019,
        "min": -0.992861688137,
        "var": 22.8885669708
    },
    "melbands_spread": {
        "dmean": 9.14371585846,
        "dmean2": 14.8334083557,
        "dvar": 379.810333252,
        "dvar2": 1015.45281982,
        "max": 204.472763062,
        "mean": 13.9935369492,
        "median": 6.87900590897,
        "min": 0.345047205687,
        "var": 435.365081787
    },
    "pitch_salience": {
        "dmean": 0.0880128517747,
        "dmean2": 0.13488574326,
        "dvar": 0.00925813801587,
        "dvar2": 0.0196461901069,
        "max": 0.957284152508,
        "mean": 0.400183260441,
        "median": 0.42446321249,
        "min": 0.0320080853999,
        "var": 0.0295552350581
    },
    "silence_rate_20dB": {
        "dmean": 0.0263929627836,
        "dmean2": 0.0528634376824,
        "dvar": 0.0256962087005,
        "dvar2": 0.0500689484179,
        "max": 1,
        "mean": 0.96925330162,
        "median": 1,
        "min": 0,
        "var": 0.0298014730215
    },
    "silence_rate_30dB": {
        "dmean": 0.0293255131692,
        "dmean2": 0.0587371513247,
        "dvar": 0.0284656826407,
        "dvar2": 0.0552870891988,
        "max": 1,
        "mean": 0.941434860229,
        "median": 1,
        "min": 0,
        "var": 0.0551349148154
    },
    "silence_rate_60dB": {
        "dmean": 0.0234604105353,
        "dmean2": 0.0469897203147,
        "dvar": 0.0229099690914,
        "dvar2": 0.0477187745273,
        "max": 1,
        "mean": 0.0878477320075,
        "median": 0,
        "min": 0,
        "var": 0.080130495131
    },
    "spectral_centroid": {
        "dmean": 425.29296875,
        "dmean2": 646.868774414,
        "dvar": 546211.5,
        "dvar2": 987282.3125,
        "max": 11207.2871094,
        "mean": 1052.0189209,
        "median": 703.585998535,
        "min": 155.493240356,
        "var": 956042.1875
    },
    "spectral_complexity": {
        "dmean": 3.93841648102,
        "dmean2": 5.04845809937,
        "dvar": 41.3717308044,
        "dvar2": 64.0285339355,
        "max": 51,
        "mean": 9.62079048157,
        "median": 6,
        "min": 0,
        "var": 106.481552124
    },
    "spectral_crest": {
        "dmean": 3.17066264153,
        "dmean2": 4.75943088531,
        "dvar": 10.7283840179,
        "dvar2": 24.8234500885,
        "max": 26.5041103363,
        "mean": 16.5179748535,
        "median": 16.9148979187,
        "min": 3.05418133736,
        "var": 32.1432914734
    },
    "spectral_decrease": {
        "dmean": 5.47366463266e-09,
        "dmean2": 7.40368566454e-09,
        "dvar": 2.53295488467e-16,
        "dvar2": 4.31859218762e-16,
        "max": -5.49814600894e-29,
        "mean": -9.97661242508e-09,
        "median": -5.24751619935e-09,
        "min": -1.70120614484e-07,
        "var": 4.59326961994e-16
    },
    "spectral_energy": {
        "dmean": 0.0213236715645,
        "dmean2": 0.0287406463176,
        "dvar": 0.00363781489432,
        "dvar2": 0.00609160680324,
        "max": 0.650277197361,
        "mean": 0.0391595810652,
        "median": 0.0208226684481,
        "min": 1.08652467593e-20,
        "var": 0.00676211854443
    },
    "spectral_energyband_high": {
        "dmean": 0.000937706383411,
        "dmean2": 0.00147637235932,
        "dvar": 6.07995707469e-06,
        "dvar2": 1.56067926582e-05,
        "max": 0.0216556191444,
        "mean": 0.000948041444644,
        "median": 0.000104450249637,
        "min": 7.58080416029e-21,
        "var": 6.07858009971e-06
    },
    "spectral_energyband_low": {
        "dmean": 0.0180469658226,
        "dmean2": 0.0247102361172,
        "dvar": 0.00372022623196,
        "dvar2": 0.00670304056257,
        "max": 0.634581387043,
        "mean": 0.0276683978736,
        "median": 0.00968644674867,
        "min": 4.05801693233e-23,
        "var": 0.00626641511917
    },
    "spectral_energyband_middle_high": {
        "dmean": 0.00243728305213,
        "dmean2": 0.00384684209712,
        "dvar": 3.87364852941e-05,
        "dvar2": 0.000105832106783,
        "max": 0.0460758768022,
        "mean": 0.0025079252664,
        "median": 0.000396449293476,
        "min": 1.57363154772e-21,
        "var": 3.28843416355e-05
    },
    "spectral_energyband_middle_low": {
        "dmean": 0.00317017524503,
        "dmean2": 0.00417444854975,
        "dvar": 3.86112442357e-05,
        "dvar2": 6.17118712398e-05,
        "max": 0.15434910357,
        "mean": 0.00801320839673,
        "median": 0.00566117838025,
        "min": 2.9500166681e-22,
        "var": 0.000128127532662
    },
    "spectral_flatness_db": {
        "dmean": 0.0425211936235,
        "dmean2": 0.0580491498113,
        "dvar": 0.00207305350341,
        "dvar2": 0.00375658064149,
        "max": 0.416658848524,
        "mean": 0.208415850997,
        "median": 0.208868056536,
        "min": 0.0297806672752,
        "var": 0.00675298180431
    },
    "spectral_flux": {
        "dmean": 0.0417466163635,
        "dmean2": 0.0617860928178,
        "dvar": 0.00343843875453,
        "dvar2": 0.00663438858464,
        "max": 0.626934170723,
        "mean": 0.0833661332726,
        "median": 0.0575834326446,
        "min": 1.04236494436e-10,
        "var": 0.0081675639376
    },
    "spectral_kurtosis": {
        "dmean": 2.20969367027,
        "dmean2": 3.31582593918,
        "dvar": 6.30493688583,
        "dvar2": 13.8916130066,
        "max": 25.4884490967,
        "mean": 4.75529193878,
        "median": 3.71224594116,
        "min": -1.2353541851,
        "var": 15.8729381561
    },
    "spectral_rms": {
        "dmean": 0.00122929096688,
        "dmean2": 0.00165833602659,
        "dvar": 4.18382887801e-06,
        "dvar2": 6.10562892689e-06,
        "max": 0.025187632069,
        "mean": 0.00495808804408,
        "median": 0.00450719427317,
        "min": 3.25580122758e-12,
        "var": 1.36218459375e-05
    },
    "spectral_rolloff": {
        "dmean": 848.16204834,
        "dmean2": 1493.50842285,
        "dvar": 3969936.5,
        "dvar2": 9384799,
        "max": 18776.953125,
        "mean": 1129.34204102,
        "median": 430.6640625,
        "min": 43.06640625,
        "var": 5325019
    },
    "spectral_skewness": {
        "dmean": 0.362365186214,
        "dmean2": 0.537031114101,
        "dvar": 0.151281714439,
        "dvar2": 0.30522492528,
        "max": 4.2174706459,
        "mean": 1.68781399727,
        "median": 1.56588935852,
        "min": -0.252653419971,
        "var": 0.481317788363
    },
    "spectral_spread": {
        "dmean": 1209007.25,
        "dmean2": 1615761.5,
        "dvar": 3.87980197888e+12,
        "dvar2": 5.18614994125e+12,
        "max": 41834132,
        "mean": 5564162,
        "median": 4950909,
        "min": 1742628.125,
        "var": 7.6564267008e+12
    },
    "spectral_strongpeak": {
        "dmean": 0.307121127844,
        "dmean2": 0.498577803373,
        "dvar": 0.29192250967,
        "dvar2": 0.659038901329,
        "max": 5.90783023834,
        "mean": 0.634817361832,
        "median": 0.402677774429,
        "min": 0,
        "var": 0.502131700516
    },
    "zerocrossingrate": {
        "dmean": 0.0182919315994,
        "dmean2": 0.0224767122418,
        "dvar": 0.0010028029792,
        "dvar2": 0.00163819501176,
        "max": 0.50634765625,
        "mean": 0.0455166772008,
        "median": 0.0302734375,
        "min": 0.001953125,
        "var": 0.00299550290219
    },
    "barkbands": {
        "dmean": [0.00191453367006, 0.0170409101993, 0.00108113675378, 0.000205886768526, 0.00117646215949, 0.000849355070386, 0.000677693344187, 0.000632709707133, 0.000685298873577, 0.000302856846247, 0.000123814897961, 0.00022254549549, 0.000219571389607, 0.000279523286736, 0.000286525464617, 0.000278856197838, 0.000558390922379, 0.000217365493882, 0.000238162028836, 0.000129750929773, 0.000265777402092, 0.000128578903968, 0.000212208047742, 0.000103776801552, 0.000134464586154, 9.62910417002e-05, 8.18352327769e-06],
        "dmean2": [0.0028362206649, 0.0238893292844, 0.00198292522691, 0.000343837455148, 0.00168265448883, 0.00120851770043, 0.00101151550189, 0.000945080420934, 0.000894108030479, 0.000469068734674, 0.000204147698241, 0.0003241795348, 0.000380058918381, 0.000479819573229, 0.000515880761668, 0.000461994408397, 0.000991279259324, 0.000344074738678, 0.000406856328482, 0.000210465383134, 0.000455847359262, 0.000196372493519, 0.000350787449861, 0.00016058991605, 0.000211337697692, 0.00015412484936, 1.33236262627e-05],
        "dvar": [4.51069972769e-05, 0.00363171100616, 2.8228658266e-05, 4.40458450157e-07, 3.18374304697e-06, 3.07492045977e-05, 3.66061044588e-06, 5.46879891772e-06, 2.94940878121e-06, 5.48302750758e-07, 1.98756652026e-07, 2.95490451663e-07, 7.19889726497e-07, 1.04395905964e-06, 2.70280247605e-06, 5.90303500303e-07, 6.67054473524e-06, 3.72692824158e-07, 1.07125310933e-06, 2.40446297539e-07, 1.79660605681e-06, 1.04858656869e-07, 3.31627489913e-07, 6.83183216665e-08, 1.44677684943e-07, 8.18630496724e-08, 6.7674799098e-10],
        "dvar2": [8.16972751636e-05, 0.0072500188835, 8.20968125481e-05, 1.13461226192e-06, 6.62021511744e-06, 5.13847116963e-05, 7.74301315687e-06, 1.19501346489e-05, 5.09733445142e-06, 1.32943387143e-06, 5.27118970695e-07, 6.81122457991e-07, 2.04351772481e-06, 2.95229779113e-06, 7.8597031461e-06, 1.62369406098e-06, 1.93406813196e-05, 9.48223998876e-07, 3.00926831187e-06, 6.28634268196e-07, 5.03784303874e-06, 2.53667053585e-07, 9.11148106297e-07, 1.64862228758e-07, 3.566879343e-07, 2.04624868161e-07, 1.71380598601e-09],
        "max": [0.0667147487402, 0.62138903141, 0.049587931484, 0.00856653042138, 0.0186966732144, 0.148943528533, 0.0228319559246, 0.0320882089436, 0.0196538809687, 0.00710005359724, 0.00433250283822, 0.00489688105881, 0.00919495336711, 0.01050690189, 0.0199151933193, 0.00721187703311, 0.027650848031, 0.00681021530181, 0.00984331592917, 0.00522421114147, 0.0142285460606, 0.0028436651919, 0.00722246896476, 0.00314469169825, 0.0032207632903, 0.0023124772124, 0.000288286129944],
        "mean": [0.00246889167465, 0.0242521390319, 0.000982429715805, 0.000250731769484, 0.00335424719378, 0.00162830424961, 0.000924617284909, 0.000757750996854, 0.00107464625034, 0.000334210490109, 0.000114237329399, 0.000274736492429, 0.000197856046725, 0.00023402228544, 0.000210348502151, 0.000263008201728, 0.000407170242397, 0.000219479436055, 0.000198273701244, 0.000117830713862, 0.000203042771318, 0.000140780815855, 0.00019524419622, 0.00011994446686, 0.000138207004056, 9.05965207494e-05, 6.82142990627e-06],
        "median": [0.000144193283631, 0.00834290497005, 0.000280409760308, 5.93917138758e-05, 0.00284128799103, 9.46143336478e-05, 0.000122643570649, 4.9637943448e-05, 9.19656522456e-05, 4.58542381239e-05, 1.47249675138e-05, 2.41894631472e-05, 2.11734623008e-05, 1.27957546283e-05, 1.68562037288e-05, 2.76600985671e-05, 3.02398548229e-05, 1.93165942619e-05, 1.44379946505e-05, 8.96106666914e-06, 8.07476226328e-06, 2.06084623642e-05, 2.61067598331e-05, 1.65791643667e-05, 6.47944989396e-06, 3.63147864846e-06, 2.6223838745e-07],
        "min": [6.48811076058e-24, 1.66648128405e-23, 7.70172790376e-24, 1.00774259072e-23, 3.1607542325e-23, 1.58570382063e-23, 3.74939024929e-23, 3.05573570454e-23, 4.25668713369e-23, 6.18150016936e-23, 1.20345527366e-22, 9.43824615225e-23, 7.03725711043e-23, 5.71694944861e-23, 8.12696684571e-23, 7.7404559255e-23, 1.57777999682e-22, 2.6884892094e-22, 2.31209956393e-22, 3.04712910585e-22, 4.68530669171e-22, 4.34600764517e-22, 6.18744477271e-22, 1.00365079129e-21, 1.18290129451e-21, 1.54383214401e-21, 2.18508321418e-21],
        "var": [6.68756547384e-05, 0.00523010035977, 1.60124964168e-05, 6.09964615705e-07, 1.08911353891e-05, 8.90795417945e-05, 5.81819494982e-06, 6.97825498719e-06, 7.21800552128e-06, 6.42169140974e-07, 1.49172905139e-07, 4.47437400908e-07, 4.57874193671e-07, 7.00083035099e-07, 1.50102709995e-06, 4.95588949434e-07, 3.92982292396e-06, 3.75809065645e-07, 6.81720564444e-07, 1.87382184436e-07, 1.13311853056e-06, 1.19028818801e-07, 2.95707508258e-07, 9.25157266352e-08, 1.78656733851e-07, 7.88570204691e-08, 6.22034479481e-10]
    },
    "erbbands": {
        "dmean": [0.738374233246, 3.255828619, 2.0951385498, 0.738807141781, 1.96597743034, 5.12751579285, 4.70931100845, 8.76108360291, 10.9330434799, 8.57060241699, 14.3441638947, 17.848285675, 6.72811985016, 10.0765504837, 7.47455072403, 6.60700750351, 9.41114902496, 12.0332489014, 21.3276576996, 8.23940563202, 21.9439239502, 30.1504821777, 13.2465333939, 12.369799614, 10.007642746, 5.69639825821, 13.487496376, 6.40463495255, 5.15888595581, 5.56634569168, 5.6285700798, 2.2379860878, 1.97441160679, 1.43680942059, 1.06549167633, 0.436060875654, 0.182765752077, 0.0328251570463, 0.000715293805115, 4.39286595793e-05],
        "dmean2": [1.04188144207, 5.12942838669, 3.63582634926, 1.26068603992, 2.92344427109, 6.90408754349, 6.38152456284, 13.4787311554, 15.5167036057, 13.2315731049, 20.8880138397, 23.5747070312, 9.8380241394, 15.568148613, 11.2516365051, 10.0560655594, 15.8296937943, 20.4659557343, 38.1915283203, 13.9722776413, 37.5537796021, 52.6350708008, 21.2001113892, 20.460641861, 16.8818912506, 9.20799541473, 23.8242149353, 10.4515485764, 8.11810684204, 8.77754497528, 9.40110683441, 3.54654598236, 3.06403112411, 2.24057602882, 1.71950948238, 0.717162072659, 0.29102191329, 0.0512083210051, 0.0011171954684, 6.14899036009e-05],
        "dvar": [6.4258813858, 168.108718872, 87.4476013184, 8.99914836884, 11.1630430222, 54.338394165, 152.549575806, 4716.34472656, 1214.67773438, 475.32510376, 2226.24145508, 2069.00097656, 455.687438965, 654.395080566, 491.889251709, 275.83215332, 1025.17370605, 1930.77954102, 15366.0166016, 499.595916748, 4802.18798828, 17688.1269531, 1262.19873047, 2136.0012207, 1708.59838867, 475.351135254, 5761.35546875, 599.702087402, 197.955032349, 172.482192993, 263.622528076, 29.6979732513, 26.33659935, 15.500705719, 10.1803073883, 1.73190832138, 0.324229627848, 0.00888760760427, 4.3563932195e-06, 8.50218118131e-09],
        "dvar2": [10.7320966721, 415.757568359, 236.55178833, 25.4631004333, 23.4027996063, 102.99546051, 262.376159668, 8862.32421875, 2404.12011719, 1045.52526855, 4881.51513672, 3563.41088867, 1171.10839844, 1422.89562988, 1287.50537109, 685.037414551, 2859.56884766, 5400.18603516, 44850.9882812, 1365.50134277, 13738.9414062, 50942.625, 3187.12304688, 5872.11035156, 4733.25878906, 1207.53564453, 16413.0761719, 1568.49682617, 501.581176758, 439.577178955, 741.352783203, 77.4590759277, 64.4786911011, 38.2876205444, 25.760471344, 4.38598251343, 0.815329015255, 0.0223265849054, 1.09922402771e-05, 1.69135816463e-08],
        "max": [26.9743976593, 131.712249756, 95.3323135376, 33.5678405762, 35.4335899353, 65.8231811523, 242.972076416, 1678.55456543, 678.031738281, 255.881027222, 622.345031738, 579.596679688, 319.608642578, 271.377044678, 244.895965576, 128.813796997, 328.496826172, 378.734985352, 1540.70715332, 184.293380737, 610.383300781, 1490.13818359, 342.552185059, 442.556365967, 407.97857666, 210.89805603, 801.795043945, 235.573989868, 135.198303223, 142.048294067, 211.697311401, 67.6970367432, 45.0339927673, 40.3404693604, 30.2730102539, 14.2056846619, 5.67056894302, 0.837052285671, 0.0201862864196, 0.00077644479461],
        "mean": [1.0611410141, 3.91230249405, 2.26896071434, 0.888495087624, 5.13674402237, 12.7242050171, 9.42932891846, 17.1782531738, 16.6236534119, 11.1458845139, 18.1907157898, 28.2607498169, 8.27938652039, 11.6524162292, 8.86600017548, 7.89827394485, 9.1877450943, 10.2334280014, 15.4078817368, 7.85064458847, 18.952003479, 22.854057312, 13.0605268478, 11.0106468201, 8.7997379303, 5.40571546555, 9.52453136444, 5.79219436646, 5.29915142059, 5.90068387985, 5.05007505417, 2.55382394791, 2.09850406647, 1.50415229797, 1.02444028854, 0.408614724874, 0.17056208849, 0.03022698313, 0.000666151172481, 6.50842339383e-05],
        "median": [0.124638162553, 1.4233379364, 0.879505157471, 0.403802961111, 1.43079125881, 7.67543935776, 2.09711503983, 1.25518703461, 2.05458593369, 2.13216638565, 1.9776456356, 2.46395230293, 1.47014653683, 1.40997219086, 1.01972401142, 0.87755304575, 1.06108915806, 0.626935899258, 0.803458273411, 1.18850266933, 1.91016769409, 1.80083584785, 1.4283810854, 0.822638094425, 0.68459880352, 0.408351749182, 0.326734870672, 0.333954840899, 0.627483069897, 1.00254273415, 0.611687004566, 0.406293064356, 0.215887442231, 0.0826126039028, 0.0400307998061, 0.0178712904453, 0.00681947218254, 0.00110493437387, 3.68710971088e-05, 2.7058798878e-05],
        "min": [3.60209918978e-22, 4.24617940545e-21, 1.01433579992e-20, 2.79886415339e-20, 6.18661046332e-20, 1.06955286846e-19, 1.14185614419e-19, 6.45482765434e-20, 3.36686600944e-19, 7.92191286232e-19, 7.55521128907e-19, 8.92278692785e-19, 2.1841255329e-18, 2.43324503644e-18, 5.7599063458e-18, 3.67482349034e-18, 3.3314380706e-18, 2.51388625397e-18, 4.69127957066e-18, 3.79426258053e-18, 5.94817844348e-18, 8.05666058411e-18, 1.38805919501e-17, 1.34630667456e-17, 1.28617974302e-17, 1.28743300436e-17, 1.19754940833e-17, 2.04674262048e-17, 1.34148437703e-17, 1.73885524314e-17, 1.81320157485e-17, 1.57433431326e-17, 1.87372571852e-17, 1.38608587294e-17, 8.42469639969e-18, 5.17915731339e-18, 3.10305412386e-18, 1.07446429212e-18, 3.36717568519e-19, 3.16361526061e-20],
        "var": [10.6750488281, 159.993911743, 61.0167388916, 6.40949773788, 41.9889831543, 195.724151611, 337.252441406, 11691.9199219, 2289.11181641, 604.020385742, 2699.25439453, 5235.62548828, 458.408111572, 889.797668457, 483.615997314, 320.171417236, 720.654296875, 1315.08874512, 8630.73535156, 388.475341797, 3415.40161133, 10816.6826172, 1283.39990234, 1498.8638916, 1147.18762207, 389.656921387, 3439.95874023, 466.090820312, 194.727920532, 183.163452148, 229.111572266, 39.6181030273, 31.645280838, 19.9750881195, 10.9971427917, 1.64581644535, 0.30495390296, 0.00887353997678, 4.29318288298e-06, 1.43357841154e-08]
    },
    "gfcc": {
        "mean": [-70.6731796265, 83.2326965332, -81.3394317627, 34.0268707275, -53.842880249, 16.9532051086, -37.3508033752, 14.0844135284, -12.8371744156, 0.650439500809, -14.5797548294, 11.2040119171, -10.460442543],
        "cov": [[19222.1621094, -1099.27124023, -1413.96630859, 311.883880615, -498.701873779, 414.706573486, -406.154632568, 466.436401367, -357.982635498, 501.774963379, -143.617080688, 368.818603516, -163.909118652], [-1099.27124023, 1676.32678223, 21.9479103088, -254.292816162, 216.549026489, -119.798202515, 102.822761536, -96.0935211182, 100.5911026, -197.901779175, 54.5354728699, -141.085174561, 8.63035011292], [-1413.96630859, 21.9479103088, 1004.38793945, 325.301452637, 142.693450928, 247.809570312, 189.953338623, -2.61350512505, 148.761978149, 77.3319702148, 127.901184082, 45.5717201233, 9.83723545074], [311.883880615, -254.292816162, 325.301452637, 886.930603027, 412.942352295, 316.422119141, 288.879425049, 88.8019332886, 136.645401001, 131.074615479, 170.743499756, 48.1373023987, 87.8385620117], [-498.701873779, 216.549026489, 142.693450928, 412.942352295, 617.451538086, 238.557739258, 343.775604248, 92.2464523315, 137.854553223, 102.87122345, 153.742858887, -27.693113327, 61.5156784058], [414.706573486, -119.798202515, 247.809570312, 316.422119141, 238.557739258, 462.222747803, 264.276947021, 54.0557250977, 114.8879776, 127.011062622, 117.59223938, -3.50347304344, -11.2824077606], [-406.154632568, 102.822761536, 189.953338623, 288.879425049, 343.775604248, 264.276947021, 423.474609375, 114.515663147, 90.8793563843, 106.985107422, 133.828063965, -28.0076026917, 37.6197776794], [466.436401367, -96.0935211182, -2.61350512505, 88.8019332886, 92.2464523315, 54.0557250977, 114.515663147, 174.370117188, 62.6551780701, 63.5407409668, 33.2981338501, 33.1569328308, 31.9886760712], [-357.982635498, 100.5911026, 148.761978149, 136.645401001, 137.854553223, 114.8879776, 90.8793563843, 62.6551780701, 210.981536865, 62.2919845581, 80.4965744019, 8.085272789, 31.328250885], [501.774963379, -197.901779175, 77.3319702148, 131.074615479, 102.87122345, 127.011062622, 106.985107422, 63.5407409668, 62.2919845581, 204.271057129, 82.3013763428, 30.8780593872, 13.8116092682], [-143.617080688, 54.5354728699, 127.901184082, 170.743499756, 153.742858887, 117.59223938, 133.828063965, 33.2981338501, 80.4965744019, 82.3013763428, 140.76890564, 27.3660964966, 32.965927124], [368.818603516, -141.085174561, 45.5717201233, 48.1373023987, -27.693113327, -3.50347304344, -28.0076026917, 33.1569328308, 8.085272789, 30.8780593872, 27.3660964966, 112.410606384, 33.7104568481], [-163.909118652, 8.63035011292, 9.83723545074, 87.8385620117, 61.5156784058, -11.2824077606, 37.6197776794, 31.9886760712, 31.328250885, 13.8116092682, 32.965927124, 33.7104568481, 101.277099609]],
        "icov": [[0.000128314946778, -0.000187413286767, 0.000217552573304, -0.000237367174122, 0.000176394940354, -0.000399626529543, 0.000391261070035, -0.000546007766388, 0.000429568317486, -0.000492102291901, 0.000247310847044, -0.000389274035115, 0.000267141236691], [-0.000187413286767, 0.00146997894626, -0.000379558594432, 0.00100548623595, -0.000846572977025, 0.0011001577368, -0.0010540188523, 0.00147004926112, -0.00144882465247, 0.00210475223139, -0.00152595620602, 0.00135838310234, -0.000494118605275], [0.000217552573304, -0.000379558594432, 0.00178600894287, -0.000765774224419, 0.00069251464447, -0.000877884915099, -4.81087372464e-05, -4.72348292533e-05, -0.000128675121232, -0.00076114985859, 0.000311216979753, -0.00158637179993, 0.000959812023211], [-0.000237367174122, 0.00100548623595, -0.000765774224419, 0.00294962548651, -0.00162635219749, 0.000150607564137, -0.00076838064706, 0.00122879608534, -0.000970574910752, 0.00164068886079, -0.00155846448615, 0.000641002727207, -0.00168137100991], [0.000176394940354, -0.000846572977025, 0.00069251464447, -0.00162635219749, 0.00438981130719, -0.000630261725746, -0.00136969715822, -0.000863475026563, 4.83203766635e-05, -0.00125101162121, -0.000219584951992, 0.00016818541917, -8.30108401715e-05], [-0.000399626529543, 0.0011001577368, -0.000877884915099, 0.000150607564137, -0.000630261725746, 0.00614342465997, -0.00380046945065, 0.0029725250788, -0.00297220633365, 0.000979109667242, -0.001186784124, 0.000946421001572, 0.0016113120364], [0.000391261070035, -0.0010540188523, -4.81087372464e-05, -0.00076838064706, -0.00136969715822, -0.00380046945065, 0.0092505319044, -0.00598101504147, 0.00393994431943, -0.00198580697179, -0.00231147697195, 0.00240153912455, -0.000739216047805], [-0.000546007766388, 0.00147004926112, -4.72348292533e-05, 0.00122879608534, -0.000863475026563, 0.0029725250788, -0.00598101504147, 0.0126784434542, -0.00533212628216, 0.00113060930744, 0.00169336178806, -0.00215960666537, -0.00133448373526], [0.000429568317486, -0.00144882465247, -0.000128675121232, -0.000970574910752, 4.83203766635e-05, -0.00297220633365, 0.00393994431943, -0.00533212628216, 0.00991042051464, -0.00269075622782, -0.00176062888931, 0.000384654471418, -0.000720430514775], [-0.000492102291901, 0.00210475223139, -0.00076114985859, 0.00164068886079, -0.00125101162121, 0.000979109667242, -0.00198580697179, 0.00113060930744, -0.00269075622782, 0.0109301554039, -0.00547378091142, 0.00140590115916, -0.000419859279646], [0.000247310847044, -0.00152595620602, 0.000311216979753, -0.00155846448615, -0.000219584951992, -0.001186784124, -0.00231147697195, 0.00169336178806, -0.00176062888931, -0.00547378091142, 0.0180519018322, -0.00599233200774, -0.000413612928241], [-0.000389274035115, 0.00135838310234, -0.00158637179993, 0.000641002727207, 0.00016818541917, 0.000946421001572, 0.00240153912455, -0.00215960666537, 0.000384654471418, 0.00140590115916, -0.00599233200774, 0.0161215402186, -0.00508060213178], [0.000267141236691, -0.000494118605275, 0.000959812023211, -0.00168137100991, -8.30108401715e-05, 0.0016113120364, -0.000739216047805, -0.00133448373526, -0.000720430514775, -0.000419859279646, -0.000413612928241, -0.00508060213178, 0.0147452428937]]
    },
    "melbands": {
        "dmean": [0.00545941852033, 0.00210367748514, 0.000153789747856, 0.000248867581831, 0.000186200370081, 0.000183074444067, 0.000170100582181, 0.000111958725029, 0.000120149408758, 0.000101285542769, 3.24806205754e-05, 4.3671388994e-05, 2.16854168684e-05, 2.91466622002e-05, 1.33565545184e-05, 2.30454843404e-05, 2.19485482376e-05, 3.74793853553e-05, 1.45097819768e-05, 1.10229493657e-05, 2.99895127682e-05, 3.70016059605e-05, 1.43963679875e-05, 1.04144655779e-05, 1.02515778053e-05, 8.65965921548e-06, 5.58070405532e-06, 3.33666616825e-06, 8.73203043739e-06, 5.84759709454e-06, 3.3577944123e-06, 3.23991343976e-06, 2.07613175007e-06, 3.78290860681e-06, 3.50749837708e-06, 2.19336880036e-06, 1.29622992517e-06, 1.40774238844e-06, 1.37466122396e-06, 1.19663343412e-06],
        "dmean2": [0.00751432403922, 0.00346299586818, 0.000257569743553, 0.000354287913069, 0.000255805178313, 0.000273720099358, 0.000245078670559, 0.00016902013158, 0.00016974961909, 0.000134186135256, 4.90444253956e-05, 6.76864874549e-05, 3.39279104082e-05, 4.26038131991e-05, 2.22310354729e-05, 3.9926952013e-05, 3.71790629288e-05, 6.74884795444e-05, 2.55178965745e-05, 1.806844557e-05, 5.23372218595e-05, 6.60043078824e-05, 2.35397765209e-05, 1.6190992028e-05, 1.73797106982e-05, 1.47347991515e-05, 9.14455267775e-06, 5.41348845218e-06, 1.56268251885e-05, 9.77241597866e-06, 5.51816128791e-06, 5.23613016412e-06, 3.10558880301e-06, 6.18000649411e-06, 5.90165518588e-06, 3.65887399312e-06, 1.97584108719e-06, 2.25136022891e-06, 2.20299352804e-06, 1.91802905647e-06],
        "dvar": [0.000354411808075, 7.39509632695e-05, 2.55202905919e-07, 1.329262318e-07, 1.9298867926e-07, 1.82385838343e-06, 2.97621852496e-07, 1.00101566147e-07, 1.12416252307e-07, 6.6487842787e-08, 1.24922614475e-08, 1.18580372188e-08, 4.83613193936e-09, 5.20924148262e-09, 1.48369871944e-09, 9.00912677793e-09, 5.89574389309e-09, 4.73155594705e-08, 3.20081161576e-09, 7.2016287378e-10, 1.05269792883e-08, 3.20606545756e-08, 1.58426360919e-09, 9.452599814e-10, 1.71956593409e-09, 1.27045352016e-09, 4.34095093205e-10, 1.63352206761e-10, 2.56365439988e-09, 6.58455012736e-10, 1.70647468378e-10, 8.55728057858e-11, 2.35235129986e-11, 8.90186396818e-11, 1.13086408293e-10, 3.7932917224e-11, 9.47226845571e-12, 1.46259879208e-11, 1.38400228777e-11, 1.15774334564e-11],
        "dvar2": [0.000645550841, 0.000184767413884, 7.17423517926e-07, 2.70197887176e-07, 3.44995868318e-07, 3.27240604747e-06, 6.08820869274e-07, 2.14895635509e-07, 2.36270707887e-07, 1.1643481912e-07, 3.23470601415e-08, 2.61193253692e-08, 1.3016465239e-08, 1.18776872782e-08, 3.93623000861e-09, 2.57256047576e-08, 1.63211026916e-08, 1.38063271038e-07, 9.06211550245e-09, 1.87475412972e-09, 3.05603400363e-08, 9.28015282398e-08, 4.21118029337e-09, 2.35428965212e-09, 4.78045114605e-09, 3.51364781714e-09, 1.1753763518e-09, 4.19880435976e-10, 7.34157401538e-09, 1.80307579978e-09, 4.51491205533e-10, 2.21382398524e-10, 5.44931252899e-11, 2.35001573756e-10, 3.20330068027e-10, 1.06505949893e-10, 2.32105272502e-11, 3.71796655962e-11, 3.42417309784e-11, 2.91575305567e-11],
        "max": [0.199355378747, 0.0864797011018, 0.00537251448259, 0.00402243528515, 0.00765169318765, 0.0347072929144, 0.00995231233537, 0.00450042216107, 0.00420461921021, 0.00316432048567, 0.00167319003958, 0.00107199128252, 0.000705050537363, 0.000651782436762, 0.000339344172971, 0.00102856219746, 0.000693231122568, 0.00272673927248, 0.000576506310608, 0.000188530466403, 0.000958223361522, 0.00199702824466, 0.000323697720887, 0.000429765001172, 0.000418463227106, 0.000357161625288, 0.000201538670808, 0.000132784014568, 0.000515444087796, 0.000277791899862, 0.000120286786114, 9.20489692362e-05, 5.93067743466e-05, 9.77097079158e-05, 0.00013888720423, 7.71838676883e-05, 4.85708733322e-05, 3.61087913916e-05, 3.52055430994e-05, 3.37907149515e-05],
        "mean": [0.00794116407633, 0.00253536715172, 0.000206880155019, 0.000738787290175, 0.000388681917684, 0.000353610696038, 0.000249247736065, 0.000141756157973, 0.000162022406585, 0.000159841496497, 3.63013605238e-05, 4.97637411172e-05, 2.34462604567e-05, 3.58606994268e-05, 1.40698048199e-05, 2.02145602088e-05, 1.88199192053e-05, 2.68224739557e-05, 1.1781979083e-05, 1.16125056593e-05, 2.4481667424e-05, 2.63608471869e-05, 1.33641369757e-05, 1.06898987724e-05, 8.70983785717e-06, 7.38352946428e-06, 5.00545365867e-06, 3.03376737065e-06, 5.92316064285e-06, 4.73892441732e-06, 2.94015990221e-06, 3.18385400533e-06, 2.34674257626e-06, 3.80602318728e-06, 3.05357389152e-06, 2.04123057301e-06, 1.50402490817e-06, 1.45317619626e-06, 1.42444446283e-06, 1.21712537293e-06],
        "median": [0.00187913503032, 0.00100740871858, 8.75700061442e-05, 0.000374649011064, 0.000145401310874, 2.11400947592e-05, 2.85128771793e-05, 1.92982715816e-05, 1.94041003851e-05, 1.29542668219e-05, 5.93842105445e-06, 5.39275788469e-06, 2.90354455501e-06, 2.90793877866e-06, 2.02823935069e-06, 2.03535569199e-06, 1.00723673313e-06, 1.19130652365e-06, 1.31955528104e-06, 1.53034045525e-06, 2.28529506785e-06, 1.67123346273e-06, 1.461010811e-06, 8.84566532022e-07, 6.10114625488e-07, 5.31112050339e-07, 4.29172928307e-07, 1.98867851964e-07, 1.57201839102e-07, 2.07203541436e-07, 1.62635870993e-07, 2.74732201433e-07, 4.39955186948e-07, 5.82883046718e-07, 3.46047670519e-07, 2.09344648283e-07, 2.22983217668e-07, 1.62577208584e-07, 7.13510175387e-08, 6.19597955165e-08],
        "min": [5.26486517562e-24, 6.2100140201e-24, 6.00071660017e-24, 5.99760454389e-24, 4.4846083763e-24, 1.67718888755e-24, 7.62621577133e-24, 1.07686597534e-23, 6.38774674862e-24, 5.26668547216e-24, 1.0995290814e-23, 8.74481422405e-24, 1.89586641585e-23, 8.96028684714e-24, 1.06923311499e-23, 8.39054625785e-24, 3.15091851752e-24, 7.54263359184e-24, 5.72368363861e-24, 4.12544079501e-24, 8.18123148298e-24, 6.43174862106e-24, 9.78602147766e-24, 1.46636399625e-23, 1.0595627847e-23, 7.36992196297e-24, 1.08773466423e-23, 7.38555166409e-24, 5.41138701687e-24, 1.2736260289e-23, 1.04161201814e-23, 7.50840886147e-24, 8.18059723881e-24, 9.83983046886e-24, 9.57086439892e-24, 9.71691805122e-24, 9.30703854664e-24, 1.28958436947e-23, 1.38125189992e-23, 1.00382487081e-23],
        "var": [0.000567004724871, 6.53101669741e-05, 2.05274176324e-07, 6.38421056465e-07, 4.33494960816e-07, 4.8201577556e-06, 5.24396625678e-07, 1.34831040555e-07, 1.56037728516e-07, 1.64811211789e-07, 1.18326974885e-08, 1.5966485023e-08, 3.92201027211e-09, 7.95397880893e-09, 1.24542975932e-09, 5.56067902835e-09, 4.25194635056e-09, 2.67935575948e-08, 1.97772287436e-09, 7.4245304349e-10, 6.89790224939e-09, 1.87929547479e-08, 1.41518707863e-09, 1.01030284139e-09, 1.13577625083e-09, 8.45092107404e-10, 3.18132770127e-10, 1.31291949534e-10, 1.50224788165e-09, 4.51089360309e-10, 1.28774296781e-10, 7.7683873223e-11, 3.07641169484e-11, 8.32067956202e-11, 9.36412336561e-11, 3.63263863434e-11, 1.35857748662e-11, 1.53457940799e-11, 1.73504318551e-11, 1.37549685184e-11]
    },
