{
"metadata": {
    "version": {
        "essentia": "2.0.1",
        "extractor": "archive-music 1.0"
    },
    "audio_properties": {
        "analysis_sample_rate": 44100,
        "bitrate": 128,
        "channels": 2,
        "equal_loudness": 0,
        "length": 15.5951023102,
        "replay_gain": -11.8698692322,
        "downmix": "mix"
    },
    "tags": {
        "track": 1,
        "year": 0,
        "album": "The Solitary Quest",
        "artist": "MoOt",
        "comment": "",
        "genre": "Other",
        "title": "Previously on Life Is Talkin M"
    }
},
"highlevel": {
    "culture": {
        "all": {
            "non_western": 7.11120151209e-07,
            "western": 0.999999284744
        },
        "probability": 0.999999284744,
        "value": "western"
    },
    "danceability": {
        "all": {
            "danceable": 0.414072901011,
            "not_danceable": 0.585927069187
        },
        "probability": 0.585927069187,
        "value": "not_danceable"
    },
    "gender": {
        "all": {
            "female": 0.282146126032,
            "male": 0.717853844166
        },
        "probability": 0.717853844166,
        "value": "male"
    },
    "genre_dortmund": {
        "all": {
            "alternative": 0.109955281019,
            "blues": 0.0330296941102,
            "electronic": 0.00665009021759,
            "folkcountry": 0.290275752544,
            "funksoulrnb": 0.0199538562447,
            "jazz": 0.0422934181988,
            "pop": 0.221086859703,
            "raphiphop": 0.00852861441672,
            "rock": 0.268226444721
        },
        "probability": 0.290275752544,
        "value": "folkcountry"
    },
    "genre_electronic": {
        "all": {
            "ambient": 0.627455770969,
            "dnb": 0.313313961029,
            "house": 0.0200747270137,
            "techno": 0.00962196849287,
            "trance": 0.0295335538685
        },
        "probability": 0.627455770969,
        "value": "ambient"
    },
    "genre_rosamerica": {
        "all": {
            "cla": 0.108803935349,
            "dan": 0.0199916362762,
            "hip": 0.0276757031679,
            "jaz": 0.0153415156528,
            "pop": 0.320051193237,
            "rhy": 0.100522525609,
            "roc": 0.400532096624,
            "spe": 0.00708139035851
        },
        "probability": 0.400532096624,
        "value": "roc"
    },
    "genre_tzanetakis": {
        "all": {
            "blu": 0.010070707649,
            "cla": 0.0347932055593,
            "cou": 0.238674789667,
            "dis": 0.123359762132,
            "hip": 0.0201464127749,
            "jaz": 0.0342605337501,
            "met": 0.0606928020716,
            "pop": 0.299637228251,
            "reg": 0.0920599326491,
            "roc": 0.0863046273589
        },
        "probability": 0.299637228251,
        "value": "pop"
    },
    "mirex_ballroom": {
        "all": {
            "ChaChaCha": 0.0995942130685,
            "Jive": 0.873486280441,
            "Quickstep": 0.00386495189741,
            "Rumba-American": 0.000283723289613,
            "Rumba-International": 0.0012673123274,
            "Rumba-Misc": 0.000997724477202,
            "Samba": 0.00101369735785,
            "Tango": 0.000957389187533,
            "VienneseWaltz": 0.0179793741554,
            "Waltz": 0.000555340549909
        },
        "probability": 0.873486280441,
        "value": "Jive"
    },
    "mood_acoustic": {
        "all": {
            "acoustic": 0.0142266582698,
            "not_acoustic": 0.985773324966
        },
        "probability": 0.985773324966,
        "value": "not_acoustic"
    },
    "mood_aggressive": {
        "all": {
            "aggressive": 0.112841427326,
            "not_aggressive": 0.887158572674
        },
        "probability": 0.887158572674,
        "value": "not_aggressive"
    },
    "mood_electronic": {
        "all": {
            "electronic": 0.163136720657,
            "not_electronic": 0.836863279343
        },
        "probability": 0.836863279343,
        "value": "not_electronic"
    },
    "mood_happy": {
        "all": {
            "happy": 0.818681836128,
            "not_happy": 0.181318148971
        },
        "probability": 0.818681836128,
        "value": "happy"
    },
    "mood_party": {
        "all": {
            "not_party": 0.16075541079,
            "party": 0.839244604111
        },
        "probability": 0.839244604111,
        "value": "party"
    },
    "mood_relaxed": {
        "all": {
            "not_relaxed": 0.814315021038,
            "relaxed": 0.185684978962
        },
        "probability": 0.814315021038,
        "value": "not_relaxed"
    },
    "mood_sad": {
        "all": {
            "not_sad": 0.572303533554,
            "sad": 0.427696436644
        },
        "probability": 0.572303533554,
        "value": "not_sad"
    },
    "moods_mirex": {
        "all": {
            "Cluster1": 0.258829772472,
            "Cluster2": 0.485192865133,
            "Cluster3": 0.0589318796992,
            "Cluster4": 0.115967042744,
            "Cluster5": 0.0810784548521
        },
        "probability": 0.485192865133,
        "value": "Cluster2"
    },
    "timbre": {
        "all": {
            "bright": 0.9889960289,
            "dark": 0.0110039561987
        },
        "probability": 0.9889960289,
        "value": "bright"
    },
    "tonal_atonal": {
        "all": {
            "atonal": 0.00126570428256,
            "tonal": 0.998734295368
        },
        "probability": 0.998734295368,
        "value": "tonal"
    },
    "voice_instrumental": {
        "all": {
            "instrumental": 0.0185629334301,
            "voice": 0.981437087059
        },
        "probability": 0.981437087059,
        "value": "voice"
    }
},
"lowlevel": {
    "average_loudness": 0.887165784836,
    "barkbands_kurtosis": {
        "dmean": 0.651295483112,
        "dmean2": 1.07475805283,
        "dvar": 1.33240365982,
        "dvar2": 3.68349075317,
        "max": 8.72981452942,
        "mean": -0.3475446105,
        "median": -0.662915706635,
        "min": -1.67743647099,
        "var": 1.54390561581
    },
    "barkbands_skewness": {
        "dmean": 0.327662885189,
        "dmean2": 0.533882379532,
        "dvar": 0.129517316818,
        "dvar2": 0.327833890915,
        "max": 3.05343818665,
        "mean": 0.622672021389,
        "median": 0.592163085938,
        "min": -2.10285305977,
        "var": 0.313721448183
    },
    "barkbands_spread": {
        "dmean": 5.1033039093,
        "dmean2": 7.93351459503,
        "dvar": 29.0818538666,
        "dvar2": 72.0898284912,
        "max": 77.316368103,
        "mean": 37.586151123,
        "median": 36.6428108215,
        "min": 7.53362941742,
        "var": 126.774459839
    },
    "dissonance": {
        "dmean": 0.010423861444,
        "dmean2": 0.0175509862602,
        "dvar": 0.000208673416637,
        "dvar2": 0.000589037954342,
        "max": 0.499294042587,
        "mean": 0.477943360806,
        "median": 0.480569124222,
        "min": 0.301269680262,
        "var": 0.000208052733797
    },
    "dynamic_complexity": 4.34722471237,
    "erbbands_kurtosis": {
        "dmean": 0.465397506952,
        "dmean2": 0.781079649925,
        "dvar": 0.266110986471,
        "dvar2": 0.76445877552,
        "max": 3.67245721817,
        "mean": -0.367765218019,
        "median": -0.528833150864,
        "min": -1.52942442894,
        "var": 0.571194529533
    },
    "erbbands_skewness": {
        "dmean": 0.244845211506,
        "dmean2": 0.390250056982,
        "dvar": 0.0565852597356,
        "dvar2": 0.147622808814,
        "max": 1.36679923534,
        "mean": -0.189412429929,
        "median": -0.186454117298,
        "min": -1.61515235901,
        "var": 0.173177167773
    },
    "erbbands_spread": {
        "dmean": 6.33073043823,
        "dmean2": 10.42228508,
        "dvar": 40.8426246643,
        "dvar2": 104.729972839,
        "max": 97.9567565918,
        "mean": 40.2761154175,
        "median": 38.1090316772,
        "min": 16.8799724579,
        "var": 146.455535889
    },
    "hfc": {
        "dmean": 6.58249616623,
        "dmean2": 9.0201921463,
        "dvar": 158.081390381,
        "dvar2": 332.156280518,
        "max": 151.75730896,
        "mean": 24.9888381958,
        "median": 16.7546577454,
        "min": 1.17730446063e-16,
        "var": 663.980957031
    },
    "melbands_kurtosis": {
        "dmean": 2.45022439957,
        "dmean2": 4.04308652878,
        "dvar": 16.0371627808,
        "dvar2": 41.6882667542,
        "max": 53.1335601807,
        "mean": 3.78999710083,
        "median": 2.58103895187,
        "min": -1.28206622601,
        "var": 22.1627426147
    },
    "melbands_skewness": {
        "dmean": 0.449751585722,
        "dmean2": 0.734916806221,
        "dvar": 0.270203441381,
        "dvar2": 0.681921601295,
        "max": 6.5165810585,
        "mean": 1.74426794052,
        "median": 1.63440012932,
        "min": -0.352077007294,
        "var": 0.640549302101
    },
    "melbands_spread": {
        "dmean": 8.70455741882,
        "dmean2": 13.8763914108,
        "dvar": 90.4123306274,
        "dvar2": 206.621887207,
        "max": 137.368103027,
        "mean": 43.8981170654,
        "median": 41.3047180176,
        "min": 8.68186378479,
        "var": 318.455749512
    },
    "pitch_salience": {
        "dmean": 0.0553243681788,
        "dmean2": 0.0900176614523,
        "dvar": 0.00235518976115,
        "dvar2": 0.00595978740603,
        "max": 0.932416200638,
        "mean": 0.582429766655,
        "median": 0.587252736092,
        "min": 0.349092006683,
        "var": 0.00727271614596
    },
    "silence_rate_20dB": {
        "dmean": 0,
        "dmean2": 0,
        "dvar": 0,
        "dvar2": 0,
        "max": 1,
        "mean": 1,
        "median": 1,
        "min": 1,
        "var": 0
    },
    "silence_rate_30dB": {
        "dmean": 0,
        "dmean2": 0,
        "dvar": 0,
        "dvar2": 0,
        "max": 1,
        "mean": 1,
        "median": 1,
        "min": 1,
        "var": 0
    },
    "silence_rate_60dB": {
        "dmean": 0.0267857145518,
        "dmean2": 0.0536512658,
        "dvar": 0.0260679870844,
        "dvar2": 0.068657822907,
        "max": 1,
        "mean": 0.161961361766,
        "median": 0,
        "min": 0,
        "var": 0.135728523135
    },
    "spectral_centroid": {
        "dmean": 235.762664795,
        "dmean2": 357.677520752,
        "dvar": 209411.828125,
        "dvar2": 250315.390625,
        "max": 11535.2148438,
        "mean": 2063.24951172,
        "median": 2014.23632812,
        "min": 586.402648926,
        "var": 459993.96875
    },
    "spectral_complexity": {
        "dmean": 3.42857146263,
        "dmean2": 5.35022354126,
        "dvar": 13.6198949814,
        "dvar2": 28.8445644379,
        "max": 56,
        "mean": 22.3268947601,
        "median": 22,
        "min": 0,
        "var": 146.214126587
    },
    "spectral_crest": {
        "dmean": 1.83569395542,
        "dmean2": 3.07761669159,
        "dvar": 3.32594227791,
        "dvar2": 8.92831802368,
        "max": 16.7634506226,
        "mean": 6.8226480484,
        "median": 6.38107395172,
        "min": 2.51073694229,
        "var": 5.83091449738
    },
    "spectral_decrease": {
        "dmean": 1.13324616358e-09,
        "dmean2": 1.71408154337e-09,
        "dvar": 4.74024907651e-18,
        "dvar2": 1.14470985527e-17,
        "max": 6.73401946723e-29,
        "mean": -4.0187373429e-09,
        "median": -3.25657834033e-09,
        "min": -2.39554669434e-08,
        "var": 1.3509838019e-17
    },
    "spectral_energy": {
        "dmean": 0.00475807627663,
        "dmean2": 0.00707212742418,
        "dvar": 7.87753233453e-05,
        "dvar2": 0.000186692515854,
        "max": 0.0965607017279,
        "mean": 0.0174342114478,
        "median": 0.0139700789005,
        "min": 1.07661078704e-20,
        "var": 0.00024921723525
    },
    "spectral_energyband_high": {
        "dmean": 0.000502608076204,
        "dmean2": 0.000690576736815,
        "dvar": 1.29420652684e-06,
        "dvar2": 2.78254992736e-06,
        "max": 0.0152354519814,
        "mean": 0.00149419403169,
        "median": 0.000562779547181,
        "min": 7.83061916763e-21,
        "var": 4.69179667562e-06
    },
    "spectral_energyband_low": {
        "dmean": 0.00241704843938,
        "dmean2": 0.00393439596519,
        "dvar": 3.5448349081e-05,
        "dvar2": 8.99321530596e-05,
        "max": 0.071824118495,
        "mean": 0.00439006602392,
        "median": 0.00263663358055,
        "min": 9.79594661002e-23,
        "var": 4.21711556555e-05
    },
    "spectral_energyband_middle_high": {
        "dmean": 0.00161893630866,
        "dmean2": 0.00238048122264,
        "dvar": 5.19546802025e-06,
        "dvar2": 1.11856716103e-05,
        "max": 0.0265337917954,
        "mean": 0.0055954833515,
        "median": 0.00375664047897,
        "min": 1.53751449149e-21,
        "var": 3.0022341889e-05
    },
    "spectral_energyband_middle_low": {
        "dmean": 0.00228681880981,
        "dmean2": 0.00366852968,
        "dvar": 2.25949061132e-05,
        "dvar2": 5.710962796e-05,
        "max": 0.0571251250803,
        "mean": 0.00662396755069,
        "median": 0.00519429286942,
        "min": 1.71200070399e-22,
        "var": 4.82476025354e-05
    },
    "spectral_flatness_db": {
        "dmean": 0.0136336088181,
        "dmean2": 0.0212852749974,
        "dvar": 0.000167514488567,
        "dvar2": 0.000388025830034,
        "max": 0.168889507651,
        "mean": 0.0804619789124,
        "median": 0.077096156776,
        "min": 0.0304486509413,
        "var": 0.000650025787763
    },
    "spectral_flux": {
        "dmean": 0.0144579866901,
        "dmean2": 0.0205026026815,
        "dvar": 0.000436907139374,
        "dvar2": 0.00083505717339,
        "max": 0.244699329138,
        "mean": 0.0629514679313,
        "median": 0.0551454164088,
        "min": 1.03759854875e-10,
        "var": 0.00167166267056
    },
    "spectral_kurtosis": {
        "dmean": 0.866030991077,
        "dmean2": 1.44150781631,
        "dvar": 0.805448412895,
        "dvar2": 2.15764498711,
        "max": 10.5327987671,
        "mean": 3.47681903839,
        "median": 3.14864349365,
        "min": -1.21706342697,
        "var": 3.52896785736
    },
    "spectral_rms": {
        "dmean": 0.000472624466056,
        "dmean2": 0.000685367267579,
        "dvar": 4.62833071424e-07,
        "dvar2": 1.03687568753e-06,
        "max": 0.00970595516264,
        "mean": 0.00367254414596,
        "median": 0.00369179435074,
        "min": 3.24091339703e-12,
        "var": 3.52139022652e-06
    },
    "spectral_rolloff": {
        "dmean": 571.783447266,
        "dmean2": 926.055725098,
        "dvar": 954157.875,
        "dvar2": 1805987.125,
        "max": 19164.5507812,
        "mean": 2924.93212891,
        "median": 2497.8515625,
        "min": 301.46484375,
        "var": 3423710.5
    },
    "spectral_skewness": {
        "dmean": 0.136287838221,
        "dmean2": 0.223081037402,
        "dvar": 0.0195692051202,
        "dvar2": 0.0416366308928,
        "max": 2.23280620575,
        "mean": 1.34491419792,
        "median": 1.37645161152,
        "min": -0.0126120150089,
        "var": 0.101319603622
    },
    "spectral_spread": {
        "dmean": 525254.6875,
        "dmean2": 722151.125,
        "dvar": 3.33387215667e+12,
        "dvar2": 3.46886609306e+12,
        "max": 41295224,
        "mean": 5052771,
        "median": 5115761,
        "min": 2187801,
        "var": 5.37865591194e+12
    },
    "spectral_strongpeak": {
        "dmean": 0.433925539255,
        "dmean2": 0.775072515011,
        "dvar": 0.91983050108,
        "dvar2": 2.58060979843,
        "max": 8.03451633453,
        "mean": 0.692290365696,
        "median": 0.291911810637,
        "min": 0,
        "var": 1.05538034439
    },
    "zerocrossingrate": {
        "dmean": 0.0107320146635,
        "dmean2": 0.013884360902,
        "dvar": 0.000552300421987,
        "dvar2": 0.00110454298556,
        "max": 0.517578125,
        "mean": 0.0998778194189,
        "median": 0.0927734375,
        "min": 0.03857421875,
        "var": 0.002155137714
    },
    "barkbands": {
        "dmean": [0.000124453392345, 0.00143507076427, 0.000748572754674, 0.00100565236062, 0.000749106402509, 0.000426287442679, 0.00041218881961, 0.000488952617161, 0.000576038786676, 0.000387926527765, 0.000201394606847, 9.65539366007e-05, 9.53311973717e-05, 0.000278387829894, 0.000704945879988, 0.000313098309562, 0.000450035819085, 0.000212055078009, 0.000242674330366, 0.00018209470727, 0.000145148704178, 0.000119643817015, 8.57775448821e-05, 8.98593425518e-05, 8.51536751725e-05, 6.1344151618e-05, 5.71750797462e-06],
        "dmean2": [0.000194302643649, 0.00239729322493, 0.00127555266954, 0.00169130484574, 0.00126783957239, 0.000683397985995, 0.000607736699749, 0.00077697931556, 0.000876606034581, 0.000542069901712, 0.000294679775834, 0.000161960793776, 0.000160249168403, 0.000461530318717, 0.00114955147728, 0.000518660293892, 0.000738724309485, 0.000350203394191, 0.000389098975575, 0.000295767560601, 0.000226605072385, 0.000185764190974, 0.000123415375128, 0.000135305002914, 0.000124987156596, 9.73567512119e-05, 1.02577523649e-05],
        "dvar": [2.72471339713e-07, 1.58108960022e-05, 4.2281280912e-06, 9.62905687629e-06, 2.79785513158e-06, 5.41221083949e-07, 4.30497834714e-07, 1.52927236741e-06, 1.74952742782e-06, 7.39054542009e-07, 2.41909589249e-07, 4.64761491514e-08, 1.74969922995e-08, 1.74626876515e-07, 2.09923587136e-06, 2.32744042705e-07, 6.25113443675e-07, 1.06425410706e-07, 1.33988322659e-07, 1.19681004662e-07, 8.0462051244e-08, 7.73394575049e-08, 2.76273368627e-08, 5.56799193419e-08, 5.97650924306e-08, 7.22743891401e-08, 8.33511204501e-10],
        "dvar2": [5.67926008443e-07, 4.11142682424e-05, 1.11919744086e-05, 2.55619033851e-05, 7.91637921793e-06, 1.4567534663e-06, 1.09415225324e-06, 3.65994196727e-06, 3.92352194467e-06, 1.309208983e-06, 5.94894856931e-07, 1.14947930285e-07, 4.61114240125e-08, 4.82992447814e-07, 5.72215958528e-06, 5.82041195685e-07, 1.68978920101e-06, 2.85498686026e-07, 3.24755319525e-07, 3.27717316395e-07, 1.84865385222e-07, 1.98897254222e-07, 5.76552423581e-08, 1.40052748066e-07, 1.4581620178e-07, 1.88027513559e-07, 2.3864277221e-09],
        "max": [0.00555527955294, 0.0455754473805, 0.0215622857213, 0.0391835235059, 0.0208297818899, 0.0115911932662, 0.00707542477176, 0.0149109326303, 0.0176747143269, 0.0124647803605, 0.00805312395096, 0.00366165000014, 0.00134234549478, 0.00525765866041, 0.0160804055631, 0.00568687543273, 0.00888859573752, 0.00311984191649, 0.00439402274787, 0.00515916245058, 0.00391930993646, 0.00436287978664, 0.00280131446198, 0.00471339561045, 0.00335034774616, 0.00400144746527, 0.00035903218668],
        "mean": [0.000117542433145, 0.00260248570703, 0.00104220816866, 0.00108950654976, 0.00128724228125, 0.000951723544858, 0.000866702117492, 0.00105396506842, 0.00120846601203, 0.000686104642227, 0.000388829445001, 0.000154827066581, 0.000191702245502, 0.000528686214238, 0.00116955547128, 0.00059673236683, 0.000825139752124, 0.000411315326346, 0.000572269840632, 0.000381582474802, 0.000334486743668, 0.000271134806098, 0.000231500322116, 0.000215255335206, 0.000161952892086, 8.84810215211e-05, 4.8150341172e-06],
        "median": [8.03653620096e-06, 0.00156643718947, 0.000463783886516, 0.000155509216711, 0.000772261235397, 0.000565720081795, 0.000521703797858, 0.000280526146526, 0.000484701769892, 0.00020174709789, 0.000108888074465, 7.53972999519e-05, 0.000133545225253, 0.000294342578854, 0.000421346892836, 0.000332957919454, 0.000453632063, 0.000252781697782, 0.000300948362565, 0.000203525589313, 0.000139846408274, 8.65657784743e-05, 8.44288078952e-05, 6.94172413205e-05, 4.72534738947e-05, 1.91447252291e-05, 2.13994653109e-07],
        "min": [5.57205707845e-24, 2.8019190772e-23, 1.25109316377e-23, 1.48708307294e-24, 2.7596796778e-23, 2.23737392582e-23, 3.86404802642e-23, 3.36998254821e-23, 4.16362079508e-23, 6.6878655668e-23, 3.76406905747e-23, 3.62318354851e-23, 5.78569268115e-23, 1.11175328576e-22, 1.316659969e-22, 1.2063910984e-22, 1.95808946058e-22, 1.73022175007e-22, 2.34633612721e-22, 1.60684074905e-22, 3.1862569065e-22, 3.57247361314e-22, 5.69167207328e-22, 7.15745389019e-22, 1.13599443864e-21, 1.71129734298e-21, 2.32174633568e-21],
        "var": [2.92702338811e-07, 1.68290043803e-05, 4.21801587436e-06, 9.87884050119e-06, 3.30691341333e-06, 1.35935204071e-06, 1.17863396554e-06, 4.56785573988e-06, 4.52720905741e-06, 2.2065066787e-06, 8.3719766053e-07, 8.2127385781e-08, 3.8225547172e-08, 4.15215737348e-07, 3.8729026528e-06, 5.98498672844e-07, 1.30992862069e-06, 2.23533717758e-07, 4.35032177393e-07, 2.67107793661e-07, 2.43303361458e-07, 2.17503242084e-07, 1.36539398454e-07, 1.52778099505e-07, 9.09820343509e-08, 6.33027283925e-08, 5.27244969906e-10]
    },
    "erbbands": {
        "dmean": [0.0337257385254, 0.349592447281, 0.839952647686, 2.22388505936, 2.85401105881, 2.680331707, 2.92898988724, 3.69977974892, 3.94803190231, 8.41453361511, 10.9755916595, 10.3532781601, 15.995259285, 10.1887407303, 6.4349155426, 3.44942951202, 3.8559217453, 11.370018959, 23.7557201385, 30.3329296112, 17.0274143219, 26.0052890778, 12.3617267609, 11.5398855209, 11.6410369873, 7.79463768005, 7.23722314835, 5.26924514771, 4.56893587112, 3.19699907303, 2.44225978851, 1.97777867317, 1.71044433117, 0.985578000546, 0.583670556545, 0.323122739792, 0.101049184799, 0.0175684355199, 0.000467340869363, 1.7326176021e-05],
        "dmean2": [0.056595724076, 0.583102524281, 1.44745993614, 3.75923871994, 5.03207540512, 4.41325569153, 4.87474727631, 5.81303119659, 6.21114110947, 12.2277126312, 17.6951217651, 15.6541004181, 20.269317627, 14.3314723969, 9.79245090485, 5.79176855087, 6.31099081039, 19.0169811249, 37.6068496704, 50.1976776123, 28.0536136627, 43.7287445068, 20.0409126282, 18.4679298401, 19.2107315063, 12.570725441, 11.853518486, 8.00921916962, 6.93124914169, 4.68213367462, 3.49812507629, 2.94505000114, 2.55185174942, 1.46076416969, 0.863761246204, 0.518739879131, 0.159815177321, 0.0285788904876, 0.000774097861722, 2.59206644841e-05],
        "dvar": [0.0157367028296, 0.808845639229, 5.26362323761, 42.7094421387, 95.5531158447, 20.1703834534, 21.7921161652, 47.4344863892, 37.8771514893, 197.783721924, 903.278808594, 602.997070312, 1867.36303711, 433.398864746, 260.066986084, 59.0918960571, 28.054731369, 257.783843994, 1990.54406738, 2575.04101562, 848.13293457, 2189.65966797, 374.189056396, 306.020965576, 424.823303223, 239.396255493, 216.882049561, 112.791244507, 118.45161438, 36.7094917297, 23.8066749573, 33.7402267456, 19.0900306702, 7.96819067001, 3.60730028152, 2.09203982353, 0.151641815901, 0.005375652574, 4.6342852329e-06, 3.37715744259e-09],
        "dvar2": [0.0403972119093, 2.15225481987, 14.4750738144, 109.005714417, 270.974578857, 52.3235855103, 61.5178794861, 108.565437317, 96.1337051392, 424.026977539, 2233.56542969, 1395.98962402, 3173.82592773, 992.365234375, 676.035644531, 157.625717163, 72.6871948242, 730.293029785, 4864.92138672, 6977.51416016, 2149.80883789, 6003.13134766, 968.639221191, 754.923522949, 1098.10571289, 641.740722656, 558.775268555, 267.955718994, 303.172515869, 71.7890090942, 52.391456604, 94.8629760742, 47.0750007629, 19.4975700378, 8.82661247253, 5.47198486328, 0.391920208931, 0.0145241077989, 1.27599896587e-05, 8.74802452699e-09],
        "max": [1.69668924809, 10.277132988, 25.5208759308, 83.2195281982, 108.710746765, 46.0158233643, 43.1394615173, 127.756027222, 74.4670257568, 209.579223633, 381.029205322, 428.180114746, 828.913146973, 301.786651611, 245.267410278, 116.143791199, 56.0515861511, 167.021942139, 634.029418945, 506.519317627, 386.177154541, 493.2293396, 190.670761108, 202.181549072, 230.058685303, 251.870147705, 180.318969727, 165.591583252, 184.139266968, 93.998046875, 71.6855316162, 130.228881836, 67.3090209961, 39.3972625732, 30.2756786346, 22.8220977783, 5.44652271271, 0.89418309927, 0.0298465006053, 0.000846421520691],
        "mean": [0.0456523671746, 0.665274441242, 1.44402968884, 2.68086457253, 3.15810036659, 4.98085403442, 5.88794136047, 8.52466869354, 8.69622993469, 20.081533432, 23.6595115662, 23.7567634583, 27.4113349915, 20.8215847015, 12.58776474, 6.3250079155, 8.98416233063, 22.146030426, 42.984172821, 54.2230987549, 36.336643219, 48.547039032, 26.0786247253, 26.8769035339, 26.9120330811, 16.933599472, 14.8180427551, 12.1209630966, 10.0868120193, 8.62465858459, 6.19959974289, 4.62227535248, 3.52762079239, 2.01163196564, 1.02926838398, 0.453248977661, 0.151855260134, 0.0217325054109, 0.00054846907733, 4.11915134464e-05],
        "median": [0.0170427933335, 0.396595954895, 0.793525516987, 0.483001708984, 0.969471335411, 2.44024944305, 4.08145332336, 4.58981800079, 5.45173978806, 9.79476547241, 6.84182977676, 11.2584924698, 9.27912044525, 8.03952312469, 4.19198656082, 3.43433403969, 6.92761611938, 12.7234230042, 18.0264797211, 29.4099941254, 19.7556324005, 26.8077964783, 16.1294174194, 16.0783367157, 15.4386339188, 9.24522686005, 6.41054677963, 4.03715848923, 3.04870629311, 3.22406482697, 2.23085951805, 1.60476720333, 1.10201144218, 0.616208791733, 0.288709461689, 0.106849811971, 0.0319487936795, 0.00301067018881, 8.16629253677e-05, 2.46440722549e-05],
        "min": [2.17606379511e-21, 2.84373769188e-21, 1.14710951656e-20, 1.01302450862e-20, 4.26412187382e-20, 1.3522088202e-19, 9.2973433565e-20, 1.7253829525e-19, 5.15304001612e-19, 6.86413911041e-19, 6.8981910343e-19, 8.14923140043e-19, 2.05762232028e-18, 2.48463011648e-18, 1.42540952227e-18, 1.42773059107e-18, 2.61182588606e-18, 5.08730428304e-18, 6.37198360314e-18, 4.1837897892e-18, 7.93825795123e-18, 1.06554503105e-17, 8.9462850611e-18, 1.26988800726e-17, 1.09371532856e-17, 8.87323674121e-18, 1.03604504071e-17, 1.2626776393e-17, 1.24694342328e-17, 1.58859259091e-17, 1.6930271211e-17, 1.50877644468e-17, 1.08401481608e-17, 1.19713358464e-17, 8.3928201676e-18, 6.90610818674e-18, 3.00947083847e-18, 1.01459823266e-18, 2.88407170517e-19, 3.56846976413e-20],
        "var": [0.0134680978954, 0.923112928867, 5.32605981827, 49.6347618103, 71.578163147, 42.329246521, 40.6340293884, 123.689888, 99.913444519, 902.879943848, 2147.8581543, 1414.45300293, 4603.00488281, 1318.83044434, 840.734130859, 104.809631348, 73.1325759888, 674.800109863, 4515.52880859, 5386.61572266, 2321.49731445, 4517.41992188, 863.159667969, 1030.25244141, 1099.64819336, 511.677520752, 465.06463623, 398.161499023, 301.254577637, 192.885848999, 102.099609375, 78.0893783569, 42.360824585, 12.6022443771, 4.9787774086, 1.77443814278, 0.149609565735, 0.00444030109793, 3.47947707269e-06, 3.9001646357e-09]
    },
    "gfcc": {
        "mean": [-3.82675671577, 60.2885055542, -124.00440979, 37.913269043, -58.0651130676, 11.8491649628, -45.6144294739, 21.0880031586, -18.7045822144, 9.81092071533, -21.867231369, 0.922425687313, -9.93716335297],
        "cov": [[20012.0292969, 29.6329631805, -863.8984375, 710.36541748, -457.552825928, 226.489395142, -371.045166016, 268.347595215, -109.247161865, 32.2777442932, -549.852355957, -114.49344635, -250.282577515], [29.6329631805, 760.801452637, -293.676422119, 63.1229553223, 76.990562439, -173.094741821, -31.0566692352, -28.4258995056, 39.9544258118, 7.47019815445, 140.082687378, -32.4923934937, -19.9503440857], [-863.8984375, -293.676422119, 442.216796875, 24.3896541595, 8.2102766037, 102.364349365, 12.7372550964, -46.74609375, -16.6390953064, 6.07592535019, -36.049282074, 33.9260673523, 20.2346572876], [710.36541748, 63.1229553223, 24.3896541595, 287.292449951, -70.4812850952, 53.5731391907, 26.4129066467, -13.0629415512, 25.2949123383, -38.0069465637, 11.1126995087, -30.3095207214, 25.486700058], [-457.552825928, 76.990562439, 8.2102766037, -70.4812850952, 208.89163208, -36.8399848938, 26.7475261688, 21.7925701141, -0.00215112604201, 29.6788654327, 19.733505249, 3.84771609306, -35.7656860352], [226.489395142, -173.094741821, 102.364349365, 53.5731391907, -36.8399848938, 149.077224731, 38.1448783875, 19.1637096405, 0.210253834724, -24.9409675598, -53.2941017151, 8.72895050049, 30.4317188263], [-371.045166016, -31.0566692352, 12.7372550964, 26.4129066467, 26.7475261688, 38.1448783875, 104.449745178, 41.4992637634, 32.2936820984, -20.0787162781, -5.83526611328, -17.6764564514, 16.345413208], [268.347595215, -28.4258995056, -46.74609375, -13.0629415512, 21.7925701141, 19.1637096405, 41.4992637634, 88.1875915527, 36.3640022278, 13.6824569702, -13.9069957733, -9.91286563873, -9.9879322052], [-109.247161865, 39.9544258118, -16.6390953064, 25.2949123383, -0.00215112604201, 0.210253834724, 32.2936820984, 36.3640022278, 85.3054580688, 21.2256507874, 20.7271404266, -20.5709381104, -0.609826683998], [32.2777442932, 7.47019815445, 6.07592535019, -38.0069465637, 29.6788654327, -24.9409675598, -20.0787162781, 13.6824569702, 21.2256507874, 84.5462799072, 36.3162651062, 13.1690196991, -19.8076210022], [-549.852355957, 140.082687378, -36.049282074, 11.1126995087, 19.733505249, -53.2941017151, -5.83526611328, -13.9069957733, 20.7271404266, 36.3162651062, 105.761611938, 21.1208019257, 6.4733581543], [-114.49344635, -32.4923934937, 33.9260673523, -30.3095207214, 3.84771609306, 8.72895050049, -17.6764564514, -9.91286563873, -20.5709381104, 13.1690196991, 21.1208019257, 61.1104507446, 25.9655380249], [-250.282577515, -19.9503440857, 20.2346572876, 25.486700058, -35.7656860352, 30.4317188263, 16.345413208, -9.9879322052, -0.609826683998, -19.8076210022, 6.4733581543, 25.9655380249, 68.0902404785]],
        "icov": [[0.000149510175106, -0.000102892212453, 0.00037724620779, -0.000654588220641, 0.000180764662218, -0.000117736126413, 0.000449873012258, -0.000404096092097, 0.000179591370397, -0.000631573144346, 0.00128268636763, -0.000745897821616, 0.000613001990132], [-0.000102892212453, 0.00328604830429, 0.00136427360121, -0.000509977573529, -0.00182774791028, 0.0014004210243, 0.00101498886943, 0.00145907700062, -0.00138119142503, 0.00190838775598, -0.00376629945822, 0.00186326960102, -0.00105520675424], [0.00037724620779, 0.00136427360121, 0.00535563239828, -0.00241599185392, -0.000982815632597, -0.00193618796766, 0.000309920113068, 0.00359083595686, -0.00116112455726, -0.00266239489429, 0.00368757196702, -0.00375368655659, 0.00219654943794], [-0.000654588220641, -0.000509977573529, -0.00241599185392, 0.00831613410264, 0.000722815690096, -0.00236643105745, -0.00194921984803, 0.00193253019825, -0.00109176407568, 0.00434326846153, -0.00806014891714, 0.00693090772256, -0.00338470586576], [0.000180764662218, -0.00182774791028, -0.000982815632597, 0.000722815690096, 0.00809192471206, 0.000789983256254, -0.00407045194879, -0.00183116388507, 0.00232804147527, -0.00257317209616, 0.00216812011786, -0.00341434613802, 0.00512453401461], [-0.000117736126413, 0.0014004210243, -0.00193618796766, -0.00236643105745, 0.000789983256254, 0.0146890496835, -0.00348378741182, -0.00223949109204, -0.000419689313276, 0.000504370487761, 0.00471827993169, -0.00364981242456, -0.00311733107083], [0.000449873012258, 0.00101498886943, 0.000309920113068, -0.00194921984803, -0.00407045194879, -0.00348378741182, 0.0217179022729, -0.00952545460314, -0.00258582085371, 0.00508734257892, -0.00200787326321, 0.00682305684313, -0.005557553377], [-0.000404096092097, 0.00145907700062, 0.00359083595686, 0.00193253019825, -0.00183116388507, -0.00223949109204, -0.00952545460314, 0.0251093227416, -0.00886983890086, -0.00307816872373, 0.00233076815493, -0.00384961743839, 0.00343211274594], [0.000179591370397, -0.00138119142503, -0.00116112455726, -0.00109176407568, 0.00232804147527, -0.000419689313276, -0.00258582085371, -0.00886983890086, 0.0218980200589, -0.00672764889896, -0.00297961360775, 0.00855825934559, -0.00300207245164], [-0.000631573144346, 0.00190838775598, -0.00266239489429, 0.00434326846153, -0.00257317209616, 0.000504370487761, 0.00508734257892, -0.00307816872373, -0.00672764889896, 0.0250223428011, -0.0141307963058, 0.000714800728019, 0.0024429759942], [0.00128268636763, -0.00376629945822, 0.00368757196702, -0.00806014891714, 0.00216812011786, 0.00471827993169, -0.00200787326321, 0.00233076815493, -0.00297961360775, -0.0141307963058, 0.0342254303396, -0.0186072662473, 0.00509093003348], [-0.000745897821616, 0.00186326960102, -0.00375368655659, 0.00693090772256, -0.00341434613802, -0.00364981242456, 0.00682305684313, -0.00384961743839, 0.00855825934559, 0.000714800728019, -0.0186072662473, 0.0410698987544, -0.0196474324912], [0.000613001990132, -0.00105520675424, 0.00219654943794, -0.00338470586576, 0.00512453401461, -0.00311733107083, -0.005557553377, 0.00343211274594, -0.00300207245164, 0.0024429759942, 0.00509093003348, -0.0196474324912, 0.0308593194932]]
    },
    "melbands": {
        "dmean": [0.000353506795364, 0.000442659627879, 0.000408345571486, 0.000178750007763, 0.000106729021354, 8.11715290183e-05, 6.55506592011e-05, 9.57555166679e-05, 8.95972771104e-05, 7.08317093085e-05, 8.20447821752e-05, 4.49063663837e-05, 2.79884861811e-05, 1.06905854409e-05, 8.14078430267e-06, 1.44166033351e-05, 2.18350160139e-05, 3.17665108014e-05, 6.43509920337e-05, 2.26455122174e-05, 2.20346646529e-05, 3.26603039866e-05, 1.52222510224e-05, 9.53070593823e-06, 1.05250346678e-05, 1.02639423858e-05, 7.40525956644e-06, 5.5603572946e-06, 5.17634543939e-06, 3.82912594432e-06, 3.19948640026e-06, 2.70391842605e-06, 2.63164793068e-06, 1.80726351573e-06, 1.63560775945e-06, 1.27639395942e-06, 1.3299567172e-06, 1.23849508782e-06, 1.3307358131e-06, 8.1036193933e-07],
        "dmean2": [0.000589816714637, 0.000753894390073, 0.000680167635437, 0.00030960701406, 0.00017503669369, 0.000127593404613, 0.000101689489384, 0.000141162541695, 0.000142802149639, 0.000106309547846, 0.000104533224658, 6.36622789898e-05, 4.17335686507e-05, 1.80978349817e-05, 1.34606816573e-05, 2.4801114705e-05, 3.64918123523e-05, 4.89911690238e-05, 0.000107175161247, 3.75224008167e-05, 3.59868063242e-05, 5.49229771423e-05, 2.46798281296e-05, 1.58890015882e-05, 1.67453308677e-05, 1.69029353856e-05, 1.22524370454e-05, 9.10179369384e-06, 8.59041119838e-06, 6.12566736891e-06, 4.89461172037e-06, 4.2363940338e-06, 4.13520092479e-06, 2.63131846623e-06, 2.37867720898e-06, 2.02135697691e-06, 2.03502395379e-06, 1.85554506515e-06, 2.10218149732e-06, 1.21905191008e-06],
        "dvar": [1.18985178688e-06, 1.33932076096e-06, 1.48816980072e-06, 2.03862995818e-07, 2.45394744525e-08, 2.15565219008e-08, 1.07097628543e-08, 2.6629333405e-08, 5.66882079056e-08, 2.50766643006e-08, 4.52020429975e-08, 8.92232865368e-09, 5.48382672605e-09, 6.51997122958e-10, 2.47390302688e-10, 3.68164831954e-10, 9.5675345424e-10, 3.13363690552e-09, 2.0722772831e-08, 1.46741119256e-09, 1.56844037758e-09, 3.74341135867e-09, 5.78008196861e-10, 2.10822623248e-10, 2.67400712683e-10, 3.12026321447e-10, 1.97695110282e-10, 1.36900518699e-10, 1.11955514304e-10, 5.58724351507e-11, 5.46939091239e-11, 3.73722233715e-11, 3.96722030227e-11, 1.05132317782e-11, 1.04325619324e-11, 8.28792416641e-12, 1.94130961306e-11, 8.71064852193e-12, 2.04492672795e-11, 5.56930890294e-12],
        "dvar2": [3.00161582345e-06, 3.65018763659e-06, 3.94446760765e-06, 5.77619573505e-07, 6.75454359111e-08, 5.17867633221e-08, 2.80948668774e-08, 5.83160684187e-08, 1.40047916375e-07, 5.60569688446e-08, 7.61543930139e-08, 2.12047588377e-08, 1.41510092533e-08, 1.52887003058e-09, 6.618483539e-10, 1.04276987045e-09, 2.65657651433e-09, 6.87718637593e-09, 5.87760311532e-08, 3.92823640283e-09, 3.97649424499e-09, 1.05268451733e-08, 1.48472922845e-09, 5.4260823612e-10, 6.66875443756e-10, 7.85175091611e-10, 5.58087187574e-10, 3.62538554732e-10, 2.92472657204e-10, 1.40950168204e-10, 1.41944234144e-10, 9.585732208e-11, 9.37968105963e-11, 2.05498135869e-11, 2.36791020819e-11, 2.17026258076e-11, 5.57154253289e-11, 2.1141349088e-11, 5.48157144675e-11, 1.34153105291e-11],
        "max": [0.013763894327, 0.0138352736831, 0.0152654740959, 0.00553376181051, 0.0014873475302, 0.00261466857046, 0.00121595466044, 0.00272304192185, 0.00323141994886, 0.00238201557659, 0.00405565649271, 0.00133273960091, 0.00115994270891, 0.000491739716381, 0.000200524693355, 0.000153739601956, 0.000360448844731, 0.000923326006159, 0.00159446930047, 0.000458117341623, 0.0004683562438, 0.000648522516713, 0.000261825276539, 0.000128459199914, 0.000184697564691, 0.000191006285604, 0.000268921081442, 0.000196712338948, 0.000128316343762, 0.000102784499177, 0.000126556216856, 8.4538696683e-05, 0.000112165951577, 6.27322442597e-05, 4.42715318059e-05, 4.17464434577e-05, 0.000100037039374, 4.26087062806e-05, 7.51966508687e-05, 4.02204714192e-05],
        "mean": [0.000582702865358, 0.000848355586641, 0.000473873573355, 0.000278171966784, 0.000223570139497, 0.000188650155906, 0.000144820805872, 0.000228296281421, 0.000189403828699, 0.0001545346895, 0.000136350194225, 8.64895991981e-05, 5.28041455254e-05, 1.70189341588e-05, 1.50271025632e-05, 2.68049752776e-05, 4.10005413869e-05, 5.79346524319e-05, 0.000101923047623, 4.32054293924e-05, 4.10088541685e-05, 5.50709337404e-05, 3.0318964491e-05, 1.82362036867e-05, 2.2018170057e-05, 2.16392163566e-05, 1.5440318748e-05, 1.02649037217e-05, 9.8326445368e-06, 7.43021382732e-06, 6.66681944494e-06, 5.33164256922e-06, 5.71471764488e-06, 4.57075293525e-06, 3.70979273612e-06, 2.897517561e-06, 2.84388625005e-06, 2.49920753959e-06, 2.16991861635e-06, 1.57987494731e-06],
        "median": [0.000302281696349, 0.000499617308378, 9.84761718428e-05, 0.000138270828757, 0.000144800767885, 0.000102650068584, 9.13307885639e-05, 9.91019769572e-05, 5.04835807078e-05, 6.70961890137e-05, 4.42270320491e-05, 3.37538222084e-05, 1.55550114869e-05, 7.82637471275e-06, 9.07652065507e-06, 1.83107131306e-05, 2.23752776947e-05, 2.48317464866e-05, 3.72297181457e-05, 2.19287649088e-05, 1.97564531845e-05, 2.71393910225e-05, 1.67251564562e-05, 1.15573857329e-05, 1.19367714433e-05, 1.12983261715e-05, 8.98504094948e-06, 5.14150906383e-06, 3.91312005377e-06, 3.30581246999e-06, 1.95062352759e-06, 1.558407007e-06, 1.98536895368e-06, 1.69631800873e-06, 1.35141488045e-06, 9.4623055702e-07, 9.39559697599e-07, 7.80061611749e-07, 6.3047770027e-07, 4.77403943933e-07],
        "min": [1.95810517469e-23, 4.88928337105e-24, 2.65060222383e-24, 6.230930667e-24, 3.2849406605e-24, 3.87503662217e-24, 8.57955180871e-24, 7.99898962551e-24, 5.65234576366e-24, 5.09768306727e-24, 1.04590381589e-23, 9.87895639204e-24, 4.07543963539e-24, 4.36982043712e-24, 4.11201674899e-24, 6.78651120305e-24, 9.40879765911e-24, 1.00667518303e-23, 7.23374011605e-24, 5.69054083097e-24, 1.02306739709e-23, 1.04129458051e-23, 7.45048596064e-24, 7.07855382105e-24, 1.1398912285e-23, 6.98164068112e-24, 9.79564400298e-24, 4.87417944573e-24, 7.23489658613e-24, 4.96475369385e-24, 8.00094047853e-24, 7.31394912631e-24, 7.02987005914e-24, 7.76583231864e-24, 1.00932851668e-23, 9.53438194864e-24, 8.69849467828e-24, 7.30265106042e-24, 8.73745809611e-24, 1.03209859228e-23],
        "var": [1.18074547117e-06, 1.46876777762e-06, 1.51721610564e-06, 2.19387530365e-07, 5.38936326677e-08, 5.72041365388e-08, 2.83094614417e-08, 1.25375208881e-07, 1.3692455525e-07, 6.60298837829e-08, 1.12938742802e-07, 2.43405615663e-08, 1.73193654973e-08, 1.16030318686e-09, 3.97231053606e-10, 7.60593310556e-10, 2.58129428943e-09, 8.37331892711e-09, 3.40897550188e-08, 3.21476978371e-09, 3.72417008343e-09, 7.04921987449e-09, 1.37411182433e-09, 4.43240277814e-10, 8.13266842759e-10, 7.60282836687e-10, 4.57451215796e-10, 2.30417837588e-10, 2.19435886128e-10, 1.2719117426e-10, 1.46160403225e-10, 8.74577354981e-11, 1.0474429657e-10, 5.60018073581e-11, 3.66120328499e-11, 2.6242818682e-11, 3.61158984663e-11, 2.1968900657e-11, 2.23720261067e-11, 8.42343122337e-12]
    },
    "mfcc": {
