{
"metadata": {
    "version": {
        "essentia": "2.0.1",
        "extractor": "archive-music 1.0"
    },
    "audio_properties": {
        "analysis_sample_rate": 44100,
        "bitrate": 128,
        "channels": 2,
        "equal_loudness": 0,
        "length": 15.8040819168,
        "replay_gain": -8.0645942688,
        "downmix": "mix"
    },
    "tags": {
        "track": 1,
        "year": 0,
        "album": "Beaute Parisienne",
        "artist": "Negative Q",
        "comment": "",
        "genre": "Other",
        "title": "Negative Q - Beaute Parisienne"
    }
},
"highlevel": {
    "culture": {
        "all": {
            "non_western": 4.16509101342e-06,
            "western": 0.999995827675
        },
        "probability": 0.999995827675,
        "value": "western"
    },
    "danceability": {
        "all": {
            "danceable": 0.5,
            "not_danceable": 0.5
        },
        "probability": 0.5,
        "value": "danceable"
    },
    "gender": {
        "all": {
            "female": 0.781156420708,
            "male": 0.218843564391
        },
        "probability": 0.781156420708,
        "value": "female"
    },
    "genre_dortmund": {
        "all": {
            "alternative": 0.0150769082829,
            "blues": 0.0358668752015,
            "electronic": 0.00510531244799,
            "folkcountry": 0.0448182150722,
            "funksoulrnb": 0.241835981607,
            "jazz": 0.304220855236,
            "pop": 0.0998444855213,
            "raphiphop": 0.19695276022,
            "rock": 0.0562786273658
        },
        "probability": 0.304220855236,
        "value": "jazz"
    },
    "genre_electronic": {
        "all": {
            "ambient": 0.693341970444,
            "dnb": 0.054028365761,
            "house": 0.201944217086,
            "techno": 0.0231208056211,
            "trance": 0.0275646112859
        },
        "probability": 0.693341970444,
        "value": "ambient"
    },
    "genre_rosamerica": {
        "all": {
            "cla": 0.00337501452304,
            "dan": 0.0123171973974,
            "hip": 0.0362220145762,
            "jaz": 0.0369422957301,
            "pop": 0.66603654623,
            "rhy": 0.224553018808,
            "roc": 0.00652192812413,
            "spe": 0.0140319978818
        },
        "probability": 0.66603654623,
        "value": "pop"
    },
    "genre_tzanetakis": {
        "all": {
            "blu": 0.00227780034766,
            "cla": 0.001668104087,
            "cou": 0.0243525579572,
            "dis": 0.00708008185029,
            "hip": 0.209190919995,
            "jaz": 0.0305989943445,
            "met": 0.00180012942292,
            "pop": 0.564334332943,
            "reg": 0.147868156433,
            "roc": 0.0108289476484
        },
        "probability": 0.564334332943,
        "value": "pop"
    },
    "mirex_ballroom": {
        "all": {
            "ChaChaCha": 0.108750216663,
            "Jive": 0.0485618598759,
            "Quickstep": 0.24938903749,
            "Rumba-American": 0.0176163483411,
            "Rumba-International": 0.141530975699,
            "Rumba-Misc": 0.0437307730317,
            "Samba": 0.324493706226,
            "Tango": 0.00601467490196,
            "VienneseWaltz": 0.0258074849844,
            "Waltz": 0.0341049171984
        },
        "probability": 0.324493706226,
        "value": "Samba"
    },
    "mood_acoustic": {
        "all": {
            "acoustic": 0.483463644981,
            "not_acoustic": 0.516536355019
        },
        "probability": 0.516536355019,
        "value": "not_acoustic"
    },
    "mood_aggressive": {
        "all": {
            "aggressive": 0.00378151121549,
            "not_aggressive": 0.996218502522
        },
        "probability": 0.996218502522,
        "value": "not_aggressive"
    },
    "mood_electronic": {
        "all": {
            "electronic": 0.199561074376,
            "not_electronic": 0.800438940525
        },
        "probability": 0.800438940525,
        "value": "not_electronic"
    },
    "mood_happy": {
        "all": {
            "happy": 0.221116021276,
            "not_happy": 0.778883993626
        },
        "probability": 0.778883993626,
        "value": "not_happy"
    },
    "mood_party": {
        "all": {
            "not_party": 0.839542925358,
            "party": 0.160457089543
        },
        "probability": 0.839542925358,
        "value": "not_party"
    },
    "mood_relaxed": {
        "all": {
            "not_relaxed": 0.106006503105,
            "relaxed": 0.893993496895
        },
        "probability": 0.893993496895,
        "value": "relaxed"
    },
    "mood_sad": {
        "all": {
            "not_sad": 0.539678931236,
            "sad": 0.460321068764
        },
        "probability": 0.539678931236,
        "value": "not_sad"
    },
    "moods_mirex": {
        "all": {
            "Cluster1": 0.126877203584,
            "Cluster2": 0.316770344973,
            "Cluster3": 0.388440817595,
            "Cluster4": 0.117595806718,
            "Cluster5": 0.050315823406
        },
        "probability": 0.388440817595,
        "value": "Cluster3"
    },
    "timbre": {
        "all": {
            "bright": 0.454718708992,
            "dark": 0.545281291008
        },
        "probability": 0.545281291008,
        "value": "dark"
    },
    "tonal_atonal": {
        "all": {
            "atonal": 0.510796368122,
            "tonal": 0.489203602076
        },
        "probability": 0.510796368122,
        "value": "atonal"
    },
    "voice_instrumental": {
        "all": {
            "instrumental": 0.00297624082305,
            "voice": 0.997023761272
        },
        "probability": 0.997023761272,
        "value": "voice"
    }
},
"lowlevel": {
    "average_loudness": 0.937227725983,
    "barkbands_kurtosis": {
        "dmean": 5.59447479248,
        "dmean2": 8.63789653778,
        "dvar": 116.09538269,
        "dvar2": 271.883972168,
        "max": 127.411437988,
        "mean": 9.4584197998,
        "median": 5.18687009811,
        "min": -1.90829515457,
        "var": 226.693313599
    },
    "barkbands_skewness": {
        "dmean": 0.729470610619,
        "dmean2": 1.06367874146,
        "dvar": 0.789428710938,
        "dvar2": 1.60294210911,
        "max": 10.1948690414,
        "mean": 2.25293922424,
        "median": 2.04910564423,
        "min": -2.12176322937,
        "var": 2.84483289719
    },
    "barkbands_spread": {
        "dmean": 6.79488945007,
        "dmean2": 10.4299192429,
        "dvar": 101.888343811,
        "dvar2": 204.704116821,
        "max": 103.403663635,
        "mean": 19.7468757629,
        "median": 15.2325525284,
        "min": 1.03230929375,
        "var": 309.77947998
    },
    "dissonance": {
        "dmean": 0.024065297097,
        "dmean2": 0.0394696220756,
        "dvar": 0.000943776452914,
        "dvar2": 0.002493402455,
        "max": 0.49807420373,
        "mean": 0.438175320625,
        "median": 0.455122172832,
        "min": 0.186957478523,
        "var": 0.00317786959931
    },
    "dynamic_complexity": 5.08881855011,
    "erbbands_kurtosis": {
        "dmean": 1.19484496117,
        "dmean2": 1.86224257946,
        "dvar": 4.18950462341,
        "dvar2": 10.1446866989,
        "max": 31.5634841919,
        "mean": 1.15932309628,
        "median": -0.376689553261,
        "min": -1.80634260178,
        "var": 14.6826944351
    },
    "erbbands_skewness": {
        "dmean": 0.421358793974,
        "dmean2": 0.618483424187,
        "dvar": 0.226976275444,
        "dvar2": 0.469017207623,
        "max": 4.82401943207,
        "mean": 0.507661759853,
        "median": 0.548137664795,
        "min": -3.36349439621,
        "var": 1.11223578453
    },
    "erbbands_spread": {
        "dmean": 10.3560218811,
        "dmean2": 15.7584037781,
        "dvar": 158.959609985,
        "dvar2": 334.968139648,
        "max": 165.736175537,
        "mean": 47.9758453369,
        "median": 46.7291030884,
        "min": 4.18010425568,
        "var": 734.208496094
    },
    "hfc": {
        "dmean": 6.02215242386,
        "dmean2": 8.6563129425,
        "dvar": 88.8187789917,
        "dvar2": 181.60635376,
        "max": 100.966186523,
        "mean": 18.8498325348,
        "median": 15.0125904083,
        "min": 1.187738186e-16,
        "var": 313.693939209
    },
    "melbands_kurtosis": {
        "dmean": 15.7990550995,
        "dmean2": 23.9437408447,
        "dvar": 977.807434082,
        "dvar2": 2069.43676758,
        "max": 400.240386963,
        "mean": 31.3439846039,
        "median": 16.6768875122,
        "min": -1.8741055727,
        "var": 2471.89794922
    },
    "melbands_skewness": {
        "dmean": 1.02658057213,
        "dmean2": 1.48145377636,
        "dvar": 1.69922757149,
        "dvar2": 3.16587734222,
        "max": 18.0543384552,
        "mean": 3.91604709625,
        "median": 3.40254402161,
        "min": -0.286214202642,
        "var": 7.33246564865
    },
    "melbands_spread": {
        "dmean": 7.15752363205,
        "dmean2": 10.5742273331,
        "dvar": 248.306518555,
        "dvar2": 452.751373291,
        "max": 204.743896484,
        "mean": 19.3581619263,
        "median": 12.4911670685,
        "min": 0.772412717342,
        "var": 730.435913086
    },
    "pitch_salience": {
        "dmean": 0.0668933540583,
        "dmean2": 0.100383743644,
        "dvar": 0.00470869103447,
        "dvar2": 0.0103478366509,
        "max": 0.94463956356,
        "mean": 0.466292619705,
        "median": 0.466799974442,
        "min": 0.105695620179,
        "var": 0.0193759780377
    },
    "silence_rate_20dB": {
        "dmean": 0,
        "dmean2": 0,
        "dvar": 0,
        "dvar2": 0,
        "max": 1,
        "mean": 1,
        "median": 1,
        "min": 1,
        "var": 0
    },
    "silence_rate_30dB": {
        "dmean": 0.0381791479886,
        "dmean2": 0.0764705911279,
        "dvar": 0.0367212295532,
        "dvar2": 0.076505318284,
        "max": 1,
        "mean": 0.947214066982,
        "median": 1,
        "min": 0,
        "var": 0.0499994456768
    },
    "silence_rate_60dB": {
        "dmean": 0.0117474300787,
        "dmean2": 0.0235294122249,
        "dvar": 0.0116093670949,
        "dvar2": 0.0259171072394,
        "max": 1,
        "mean": 0.143695011735,
        "median": 0,
        "min": 0,
        "var": 0.123045891523
    },
    "spectral_centroid": {
        "dmean": 286.695983887,
        "dmean2": 416.747619629,
        "dvar": 291478,
        "dvar2": 369872.6875,
        "max": 11068.1904297,
        "mean": 1265.171875,
        "median": 1084.62133789,
        "min": 195.980072021,
        "var": 919451.1875
    },
    "spectral_complexity": {
        "dmean": 2.370043993,
        "dmean2": 3.61176466942,
        "dvar": 8.2859582901,
        "dvar2": 18.2345352173,
        "max": 34,
        "mean": 11.9985332489,
        "median": 12,
        "min": 0,
        "var": 43.4707450867
    },
    "spectral_crest": {
        "dmean": 2.45096588135,
        "dmean2": 3.78317832947,
        "dvar": 6.57591438293,
        "dvar2": 14.7756118774,
        "max": 25.5061187744,
        "mean": 13.0013599396,
        "median": 12.021030426,
        "min": 2.82003164291,
        "var": 27.4550952911
    },
    "spectral_decrease": {
        "dmean": 3.1338105444e-09,
        "dmean2": 4.49041959172e-09,
        "dvar": 4.21062989756e-17,
        "dvar2": 8.94354361912e-17,
        "max": 4.96863745042e-29,
        "mean": -8.41679792529e-09,
        "median": -5.73436764739e-09,
        "min": -7.28395761485e-08,
        "var": 1.01706025304e-16
    },
    "spectral_energy": {
        "dmean": 0.0121574988589,
        "dmean2": 0.0173683967441,
        "dvar": 0.000607413821854,
        "dvar2": 0.00128714728635,
        "max": 0.278170704842,
        "mean": 0.0334766805172,
        "median": 0.0230101644993,
        "min": 1.08428555294e-20,
        "var": 0.00150777609088
    },
    "spectral_energyband_high": {
        "dmean": 0.000457602698589,
        "dmean2": 0.000668508582748,
        "dvar": 7.94736138232e-07,
        "dvar2": 1.52782445184e-06,
        "max": 0.0109968762845,
        "mean": 0.00085026898887,
        "median": 0.000448171049356,
        "min": 7.68532860888e-21,
        "var": 1.81191330739e-06
    },
    "spectral_energyband_low": {
        "dmean": 0.00907314475626,
        "dmean2": 0.0133633613586,
        "dvar": 0.000606542918831,
        "dvar2": 0.00131431955379,
        "max": 0.250166445971,
        "mean": 0.0156777873635,
        "median": 0.00320526352152,
        "min": 5.96335109898e-23,
        "var": 0.00115228164941
    },
    "spectral_energyband_middle_high": {
        "dmean": 0.00134778115898,
        "dmean2": 0.00192738999613,
        "dvar": 1.09575157694e-05,
        "dvar2": 2.61113709712e-05,
        "max": 0.041149597615,
        "mean": 0.00348339043558,
        "median": 0.00141965178773,
        "min": 1.32295563438e-21,
        "var": 3.6504232412e-05
    },
    "spectral_energyband_middle_low": {
        "dmean": 0.00391097459942,
        "dmean2": 0.0057976054959,
        "dvar": 3.27456255036e-05,
        "dvar2": 6.05003151577e-05,
        "max": 0.0550961904228,
        "mean": 0.0140275787562,
        "median": 0.00905090011656,
        "min": 2.65212612955e-22,
        "var": 0.000187578683835
    },
    "spectral_flatness_db": {
        "dmean": 0.0256801154464,
        "dmean2": 0.0374123007059,
        "dvar": 0.000698714342434,
        "dvar2": 0.00145145156421,
        "max": 0.453783541918,
        "mean": 0.191960558295,
        "median": 0.174673110247,
        "min": 0.0284345541149,
        "var": 0.00710165547207
    },
    "spectral_flux": {
        "dmean": 0.0317248106003,
        "dmean2": 0.0521632097661,
        "dvar": 0.00163715041708,
        "dvar2": 0.00423435168341,
        "max": 0.361902624369,
        "mean": 0.0752405896783,
        "median": 0.0614305213094,
        "min": 1.04129031786e-10,
        "var": 0.00404419563711
    },
    "spectral_kurtosis": {
        "dmean": 2.33496141434,
        "dmean2": 3.79900121689,
        "dvar": 17.7916164398,
        "dvar2": 47.6113700867,
        "max": 71.6236724854,
        "mean": 6.89759206772,
        "median": 3.40538430214,
        "min": -1.23247611523,
        "var": 151.761642456
    },
    "spectral_rms": {
        "dmean": 0.000852274300996,
        "dmean2": 0.00116949703079,
        "dvar": 1.59606258876e-06,
        "dvar2": 2.80995823232e-06,
        "max": 0.0164737999439,
        "mean": 0.00490427855402,
        "median": 0.00473801419139,
        "min": 3.25244453765e-12,
        "var": 8.60825457494e-06
    },
    "spectral_rolloff": {
        "dmean": 618.80255127,
        "dmean2": 1007.40606689,
        "dvar": 2469696.25,
        "dvar2": 4298686.5,
        "max": 18949.21875,
        "mean": 1487.11633301,
        "median": 538.330078125,
        "min": 64.599609375,
        "var": 6820602
    },
    "spectral_skewness": {
        "dmean": 0.299646764994,
        "dmean2": 0.470678836107,
        "dvar": 0.123347602785,
        "dvar2": 0.2920576334,
        "max": 7.0399684906,
        "mean": 1.70453631878,
        "median": 1.41204237938,
        "min": -0.0462642721832,
        "var": 1.48821437359
    },
    "spectral_spread": {
        "dmean": 865710.625,
        "dmean2": 1127742.25,
        "dvar": 3.3849475072e+12,
        "dvar2": 3.43058651546e+12,
        "max": 41822552,
        "mean": 5152543.5,
        "median": 4557126,
        "min": 1215314.875,
        "var": 8.57091289907e+12
    },
    "spectral_strongpeak": {
        "dmean": 0.413374572992,
        "dmean2": 0.675177097321,
        "dvar": 0.487211257219,
        "dvar2": 1.0113966465,
        "max": 9.73808670044,
        "mean": 1.07668471336,
        "median": 0.55321341753,
        "min": 0,
        "var": 1.52100992203
    },
    "zerocrossingrate": {
        "dmean": 0.014710817486,
        "dmean2": 0.0169447958469,
        "dvar": 0.000970458670054,
        "dvar2": 0.00140723527875,
        "max": 0.51025390625,
        "mean": 0.0595724619925,
        "median": 0.04296875,
        "min": 0.0029296875,
        "var": 0.00429369974881
    },
    "barkbands": {
        "dmean": [0.00206437660381, 0.0066197803244, 0.00180412689224, 0.000565924157854, 0.000889938208275, 0.00263177626766, 0.000191318569705, 0.000467975187348, 0.000873622659128, 0.000218829474761, 0.000532409583684, 0.000232462101849, 0.000191438724869, 0.000181530660484, 0.000195995147806, 0.000204634605325, 9.20322709135e-05, 0.000140927615575, 9.40759782679e-05, 0.000129354011733, 9.09700465854e-05, 6.21757644694e-05, 6.84885017108e-05, 0.000114274589578, 7.26369544282e-05, 6.41854858259e-05, 7.02063152858e-06],
        "dmean2": [0.00335813965648, 0.00943164341152, 0.00300995563157, 0.000998941366561, 0.0014635816915, 0.00398370530456, 0.000280848733382, 0.000689174921717, 0.00117155932821, 0.000309958675643, 0.000707035243977, 0.000378961558454, 0.000334364478476, 0.000250477052759, 0.000296532263746, 0.000315861951094, 0.000145374477142, 0.000214486237383, 0.000152917855303, 0.000208034034586, 0.000152118460392, 9.48967281147e-05, 0.000105099337816, 0.00017011082673, 0.000102306286863, 9.19345620787e-05, 1.17057034004e-05],
        "dvar": [4.62647076347e-05, 0.000349305104464, 3.1100029446e-05, 2.85121768684e-06, 2.51946357821e-06, 2.57525953202e-05, 2.52824321478e-07, 2.07222069548e-06, 6.95882226864e-06, 1.75028264948e-06, 3.16725231642e-06, 2.49688378062e-06, 3.77574542654e-06, 6.46672788207e-07, 4.08407601071e-07, 2.54744321637e-07, 4.20438261983e-08, 4.27032418315e-08, 2.1074420431e-08, 6.12093913333e-08, 3.15529149475e-08, 3.15370307646e-08, 1.93248013147e-08, 1.27779770764e-07, 4.254921393e-08, 2.42840023645e-08, 4.6355758121e-10],
        "dvar2": [0.000116654817248, 0.00066973263165, 8.57168342918e-05, 8.24352719064e-06, 5.9577423599e-06, 5.19501882081e-05, 5.03522244344e-07, 4.02911791753e-06, 1.09824868559e-05, 3.7680188143e-06, 4.4735497795e-06, 6.51809386909e-06, 1.0714950804e-05, 8.68211202487e-07, 6.72468672747e-07, 5.79441234549e-07, 8.67480665079e-08, 8.52750829949e-08, 5.31074171306e-08, 1.53269454017e-07, 8.49071852826e-08, 6.18194206936e-08, 4.08001881169e-08, 2.74979640835e-07, 6.77953266859e-08, 4.796356734e-08, 1.18181675557e-09],
        "max": [0.0554006285965, 0.204873099923, 0.0805622041225, 0.0176631640643, 0.0179465860128, 0.0532858707011, 0.00998576171696, 0.0198364518583, 0.0333626791835, 0.0250554624945, 0.0348602831364, 0.0242983922362, 0.0383260585368, 0.0216351579875, 0.0118010630831, 0.00696580484509, 0.00314164743759, 0.00281067332253, 0.00137044291478, 0.00431200163439, 0.00180908478796, 0.00367520935833, 0.0015963393962, 0.00428959960118, 0.00366186257452, 0.00171516789123, 0.000239802175201],
        "mean": [0.00181181915104, 0.00936630368233, 0.0040396284312, 0.00100321823265, 0.00201598997228, 0.00719555933028, 0.000377736141672, 0.000797547458205, 0.00247823842801, 0.000270366086625, 0.00107630470302, 0.000216538610402, 0.000168959726579, 0.000282975845039, 0.000307146197883, 0.000413974456023, 0.000176670480869, 0.00033550846274, 0.000178611866431, 0.000261619366938, 0.000135821843287, 9.91806009552e-05, 0.0001095054904, 0.000156313806656, 0.00010785649647, 8.68742645252e-05, 6.43901012154e-06],
        "median": [3.83886253985e-06, 0.00113289034925, 0.00111680629198, 0.000686143292114, 0.00140256760642, 0.00123006105423, 9.75600414677e-05, 0.000205010117497, 8.67437556735e-05, 3.07327645714e-05, 3.20960025419e-05, 1.3836506696e-05, 1.14119093269e-05, 2.6256637284e-05, 5.41470726603e-05, 0.000102847865492, 7.98938272055e-05, 0.000198832683964, 0.000114297261462, 0.000139630021295, 8.09465564089e-05, 3.67933243979e-05, 3.84135855711e-05, 3.11651747325e-05, 2.00296453841e-05, 9.59845510806e-06, 2.01432015956e-07],
        "min": [2.94087187694e-23, 4.29283589581e-23, 1.98649651532e-24, 3.86166542983e-24, 2.63884685528e-23, 1.67274341969e-23, 1.29766609167e-23, 5.19141599335e-23, 5.63112453756e-23, 8.65367538817e-23, 6.12452295499e-23, 1.20069627997e-22, 7.0713548342e-23, 7.49645367445e-23, 6.6126442085e-23, 1.02316161864e-22, 1.28441196628e-22, 1.2942336001e-22, 1.63973990911e-22, 2.78875027501e-22, 4.93484927067e-22, 4.06291891399e-22, 5.90513303796e-22, 9.03638475613e-22, 1.14659642629e-21, 1.67046963857e-21, 2.49731663238e-21],
        "var": [4.47416350653e-05, 0.00065689109033, 5.719100227e-05, 2.22305288844e-06, 6.52951894153e-06, 0.000129749474581, 7.10068320586e-07, 3.58299212166e-06, 3.81485224352e-05, 2.5151043701e-06, 1.35032059916e-05, 1.93150026462e-06, 2.35464153775e-06, 2.22420703722e-06, 1.17728086479e-06, 7.14857435469e-07, 8.94740637136e-08, 1.77396401568e-07, 4.13406304745e-08, 1.38122899784e-07, 3.27780718123e-08, 6.17677571313e-08, 3.72542281468e-08, 2.144896456e-07, 9.62241983871e-08, 4.67690881578e-08, 4.53433540715e-10]
    },
    "erbbands": {
        "dmean": [0.376303344965, 0.899335026741, 2.05851483345, 2.00576233864, 1.33152186871, 3.21619915962, 14.918510437, 22.1375961304, 5.20338106155, 5.07622861862, 12.6079053879, 22.9413223267, 9.49450016022, 6.7444434166, 21.9277973175, 10.1574020386, 9.5284204483, 5.92376184464, 10.2169981003, 12.0044145584, 7.25236845016, 5.10215425491, 6.20906877518, 6.89899158478, 4.46512556076, 6.32261896133, 4.27740383148, 3.21095085144, 2.18680953979, 1.94155883789, 1.94776320457, 2.84397125244, 1.4595836401, 0.954843103886, 0.494220882654, 0.298071920872, 0.105421997607, 0.023446559906, 0.000727506412659, 2.67152299784e-05],
        "dmean2": [0.548523545265, 1.43667209148, 3.49497795105, 3.36450958252, 2.2660048008, 5.13420772552, 23.2482376099, 32.1765518188, 6.75359678268, 8.16854000092, 16.7556152344, 31.5281219482, 13.5107936859, 9.2844247818, 29.4952945709, 16.3972320557, 16.5604915619, 8.46071815491, 14.4504308701, 18.481842041, 10.9128093719, 7.75146579742, 9.16129112244, 11.1986303329, 7.24770641327, 10.3345508575, 7.1587100029, 5.28567886353, 3.43449640274, 2.89268374443, 3.05250644684, 4.22002363205, 2.20923519135, 1.31704604626, 0.742885410786, 0.413151144981, 0.157311394811, 0.0371793396771, 0.00119969586376, 3.95470124204e-05],
        "dvar": [1.42728161812, 6.9001531601, 46.7541046143, 35.5174446106, 6.21437358856, 35.2278327942, 672.46081543, 2921.20727539, 213.297409058, 277.679046631, 1432.46081543, 5517.32763672, 2539.5246582, 317.200286865, 5698.24072266, 4699.90820312, 7763.52929688, 490.43838501, 1033.04699707, 1355.1895752, 193.93170166, 95.1919937134, 74.5484771729, 115.573913574, 62.9784545898, 150.103485107, 58.0022659302, 71.9679870605, 41.8719787598, 16.8817520142, 17.2356567383, 80.7604751587, 19.8827114105, 7.26620054245, 2.21981596947, 0.531850755215, 0.0750382989645, 0.00444368692115, 5.05863499711e-06, 2.78183232005e-09],
        "dvar2": [2.86943769455, 15.9771165848, 129.381195068, 100.133857727, 17.0035114288, 73.0158920288, 1324.04394531, 5835.37548828, 305.169555664, 546.148742676, 2250.94458008, 8912.52929688, 5936.67041016, 565.504333496, 8121.14550781, 12412.3808594, 21880.7675781, 780.009399414, 1673.28369141, 2669.18041992, 402.228485107, 195.745559692, 153.973098755, 279.30368042, 151.619018555, 389.864013672, 158.572982788, 189.835983276, 78.7102813721, 34.2636222839, 36.780456543, 182.131668091, 38.7204551697, 12.0449380875, 4.2134771347, 0.892923533916, 0.16159760952, 0.0109206316993, 1.26005352286e-05, 6.12019990243e-09],
        "max": [12.6589593887, 30.816947937, 108.044708252, 58.8689308167, 25.1458568573, 93.7673339844, 268.958404541, 680.939025879, 364.209289551, 281.974456787, 611.372131348, 1070.05578613, 887.066650391, 304.836273193, 1469.5534668, 1006.83435059, 1705.26147461, 479.942565918, 660.163757324, 660.027954102, 198.320159912, 129.542098999, 107.276329041, 135.683181763, 118.415885925, 204.611404419, 65.5843887329, 158.828872681, 131.615310669, 66.6236419678, 48.1946296692, 116.011985779, 63.8465156555, 37.9426803589, 28.0374565125, 11.4590129852, 3.49672842026, 0.60813254118, 0.0249481275678, 0.00050721236039],
        "mean": [0.440669804811, 1.46363162994, 4.52052545547, 4.00271892548, 3.08897709846, 7.35895776749, 34.269443512, 64.6263885498, 12.4886550903, 9.29215812683, 27.878610611, 64.6676177979, 14.5327043533, 12.6659193039, 43.4735412598, 10.7743587494, 8.84365844727, 9.16937446594, 16.3426895142, 23.1778106689, 17.066160202, 11.5145292282, 15.0845861435, 14.9375457764, 9.14048290253, 12.1731319427, 7.70147705078, 4.59726715088, 3.51056456566, 2.84115815163, 3.05182337761, 3.8538506031, 2.16010046005, 1.38186466694, 0.66844856739, 0.429286569357, 0.138604715466, 0.0257973074913, 0.000762664654758, 5.83416767768e-05],
        "median": [0.0219395458698, 0.28840008378, 0.973595142365, 2.73901987076, 2.23699998856, 4.79224824905, 10.1421279907, 7.22068881989, 3.11872959137, 5.65742063522, 2.8810338974, 2.47319602966, 1.74577689171, 1.08673560619, 1.23612546921, 0.76162725687, 0.736417770386, 1.37669336796, 2.11924433708, 4.53925037384, 6.72319316864, 5.59969329834, 8.24960803986, 10.5249900818, 5.95153045654, 5.74496746063, 5.09656858444, 2.35626125336, 1.30807435513, 0.871135652065, 1.16288971901, 0.826159119606, 0.469684869051, 0.29148131609, 0.0752236098051, 0.0521450415254, 0.0145254060626, 0.00154849281535, 5.88042094023e-05, 3.66129170288e-05],
        "min": [9.38859486822e-22, 1.10136667103e-20, 5.44048684611e-21, 9.24877428362e-21, 6.24210071149e-20, 1.25755570593e-19, 1.09945758018e-19, 1.52174077921e-19, 1.23771965634e-19, 4.74377069457e-19, 1.14444811464e-18, 1.28447934919e-18, 2.46824470252e-18, 2.34510046357e-18, 3.05876646028e-18, 5.11883847594e-18, 2.74855987529e-18, 4.04519278243e-18, 4.1308713231e-18, 3.42921205978e-18, 5.83008104025e-18, 7.74529656665e-18, 8.04576661544e-18, 6.51481287951e-18, 1.16131252821e-17, 1.23215831429e-17, 1.86384057933e-17, 1.92382722105e-17, 1.30556546514e-17, 2.12955779274e-17, 1.8146064584e-17, 1.35510001807e-17, 1.67416343266e-17, 1.03498103829e-17, 9.39110639859e-18, 5.88273729009e-18, 2.92225849815e-18, 1.24202895714e-18, 3.30426342972e-19, 3.78001280474e-20],
        "var": [2.13354158401, 11.2214612961, 82.1275558472, 31.3347949982, 10.0864477158, 106.912231445, 2051.76196289, 16333.9042969, 1029.32080078, 438.646270752, 4994.8515625, 30286.1289062, 3384.15795898, 1142.26818848, 23608.2871094, 3552.98266602, 4983.93017578, 1353.21520996, 3032.04663086, 4594.328125, 766.446716309, 283.503173828, 342.106994629, 255.854064941, 154.558822632, 300.276611328, 75.2446365356, 69.5585098267, 83.0685806274, 34.2538299561, 30.7089061737, 123.414741516, 37.5568351746, 15.5871801376, 4.13580942154, 1.21760892868, 0.127546399832, 0.00525147980079, 5.30228544449e-06, 5.37183897364e-09]
    },
    "gfcc": {
        "mean": [-56.7715759277, 83.0713577271, -92.3216094971, 43.8870887756, -61.1787261963, -8.80327415466, -48.8382987976, 9.26156997681, -24.6591281891, 0.57215243578, -18.318523407, 0.243254333735, -7.19255256653],
        "cov": [[27178.2675781, -2560.68530273, -2230.97558594, 1087.77905273, -291.939575195, 1481.11132812, -32.5617790222, 1374.73388672, -135.471969604, 600.386413574, 91.3724975586, 728.608886719, 97.3599395752], [-2560.68530273, 2384.85668945, 66.9168930054, -20.8401756287, 289.473937988, -298.67755127, 311.175994873, -223.012573242, 159.410232544, -169.549255371, -8.05578327179, -379.643218994, 98.9250869751], [-2230.97558594, 66.9168930054, 1385.15136719, 151.864456177, 190.800125122, 62.3447647095, -29.5054931641, -63.3611373901, 84.2255554199, 29.7821769714, -44.0679779053, 4.44996643066, -105.189941406], [1087.77905273, -20.8401756287, 151.864456177, 792.897399902, 207.318878174, 18.5386734009, 72.5602035522, 153.397949219, 87.0214157104, 102.449806213, 32.307258606, -5.50704717636, 80.7340545654], [-291.939575195, 289.473937988, 190.800125122, 207.318878174, 393.545898438, 160.447113037, 197.754104614, 75.7639541626, 96.0107727051, 75.4355163574, 17.7826118469, -55.2784385681, 24.9269504547], [1481.11132812, -298.67755127, 62.3447647095, 18.5386734009, 160.447113037, 591.714172363, 254.989395142, 126.482513428, -9.57258415222, 118.436721802, 5.33413934708, 13.5365476608, -31.4252109528], [-32.5617790222, 311.175994873, -29.5054931641, 72.5602035522, 197.754104614, 254.989395142, 458.099609375, 68.6984863281, 43.8190383911, 64.3985137939, 14.571349144, -41.1522789001, 56.4320030212], [1374.73388672, -223.012573242, -63.3611373901, 153.397949219, 75.7639541626, 126.482513428, 68.6984863281, 212.407653809, 41.306427002, 55.4564170837, 24.1889476776, 68.5038528442, 32.8971328735], [-135.471969604, 159.410232544, 84.2255554199, 87.0214157104, 96.0107727051, -9.57258415222, 43.8190383911, 41.306427002, 125.82598877, 24.6276302338, 11.6859970093, -26.4411907196, 31.9564971924], [600.386413574, -169.549255371, 29.7821769714, 102.449806213, 75.4355163574, 118.436721802, 64.3985137939, 55.4564170837, 24.6276302338, 153.666015625, 27.4001789093, 24.2570495605, 26.3235454559], [91.3724975586, -8.05578327179, -44.0679779053, 32.307258606, 17.7826118469, 5.33413934708, 14.571349144, 24.1889476776, 11.6859970093, 27.4001789093, 102.982032776, 52.6544876099, 36.8317642212], [728.608886719, -379.643218994, 4.44996643066, -5.50704717636, -55.2784385681, 13.5365476608, -41.1522789001, 68.5038528442, -26.4411907196, 24.2570495605, 52.6544876099, 184.644836426, 30.4929332733], [97.3599395752, 98.9250869751, -105.189941406, 80.7340545654, 24.9269504547, -31.4252109528, 56.4320030212, 32.8971328735, 31.9564971924, 26.3235454559, 36.8317642212, 30.4929332733, 134.269226074]],
        "icov": [[0.000123948630062, -0.000201560003916, 0.000245702947723, -0.00022314384114, 0.000294298690278, -0.000437774579041, 0.000334713957272, -0.000515320454724, -8.56102269609e-06, -0.00039284027298, 0.000417348666815, -0.000652678776532, 0.000326569890603], [-0.000201560003916, 0.00161085987929, -0.000548293115571, 0.0006090956158, -0.00115520798136, 0.00147382600699, -0.00145499943756, 0.00133838271722, -0.000380845071049, 0.00193512300029, -0.00170590681955, 0.00330000859685, -0.00156367768068], [0.000245702947723, -0.000548293115571, 0.00157229090109, -0.000784295552876, 0.000108169180749, -0.00116044329479, 0.000922772218473, 5.71443561057e-05, -0.00105082220398, -0.000928216206376, 0.00162372761406, -0.00264901970513, 0.00182391575072], [-0.00022314384114, 0.0006090956158, -0.000784295552876, 0.00238221161999, -0.00126709020697, 0.00145228940528, -0.000613798678387, -0.000596997851972, 0.000394858652726, 0.000135206835694, -0.00120813259855, 0.00248712208122, -0.00170831405558], [0.000294298690278, -0.00115520798136, 0.000108169180749, -0.00126709020697, 0.00595996249467, -0.00196274695918, 2.02651099244e-05, -0.00215165293775, -0.00164182041772, -0.00212549557909, 0.000533725658897, -0.00117962423246, 0.00136611738708], [-0.000437774579041, 0.00147382600699, -0.00116044329479, 0.00145228940528, -0.00196274695918, 0.00535977585241, -0.00323118292727, 0.000233435421251, 0.00141819519922, 0.000286591064651, -0.00207372102886, 0.00385322119109, -0.000331085029757], [0.000334713957272, -0.00145499943756, 0.000922772218473, -0.000613798678387, 2.02651099244e-05, -0.00323118292727, 0.00538921169937, -0.00174198974855, 0.00017669594672, -0.00173870136496, 0.00180523807649, -0.0024721364025, -0.000311906798743], [-0.000515320454724, 0.00133838271722, 5.71443561057e-05, -0.000596997851972, -0.00215165293775, 0.000233435421251, -0.00174198974855, 0.0118591226637, -0.00389248714782, 0.00229786499403, -0.000596686208155, -0.00120473047718, -0.00101483543403], [-8.56102269609e-06, -0.000380845071049, -0.00105082220398, 0.000394858652726, -0.00164182041772, 0.00141819519922, 0.00017669594672, -0.00389248714782, 0.0130504071712, -0.00132034695707, -0.00128304073587, 0.00298546394333, -0.00243094260804], [-0.00039284027298, 0.00193512300029, -0.000928216206376, 0.000135206835694, -0.00212549557909, 0.000286591064651, -0.00173870136496, 0.00229786499403, -0.00132034695707, 0.0118225328624, -0.00351019087248, 0.0034354000818, -0.00314080016688], [0.000417348666815, -0.00170590681955, 0.00162372761406, -0.00120813259855, 0.000533725658897, -0.00207372102886, 0.00180523807649, -0.000596686208155, -0.00128304073587, -0.00351019087248, 0.0154450256377, -0.00849387887865, 0.000441529817181], [-0.000652678776532, 0.00330000859685, -0.00264901970513, 0.00248712208122, -0.00117962423246, 0.00385322119109, -0.0024721364025, -0.00120473047718, 0.00298546394333, 0.0034354000818, -0.00849387887865, 0.0175839699805, -0.00612129224464], [0.000326569890603, -0.00156367768068, 0.00182391575072, -0.00170831405558, 0.00136611738708, -0.000331085029757, -0.000311906798743, -0.00101483543403, -0.00243094260804, -0.00314080016688, 0.000441529817181, -0.00612129224464, 0.0133310761303]]
    },
    "melbands": {
        "dmean": [0.00247381604277, 0.00104584952351, 0.000321652885759, 0.00013047788525, 0.000435063062469, 0.000480187503854, 7.10925014573e-05, 6.37661141809e-05, 0.000128203624627, 0.000133487090352, 4.3534575525e-05, 2.33302507695e-05, 8.09128250694e-05, 2.9600229027e-05, 3.18178936141e-05, 1.21411940199e-05, 1.28609981402e-05, 1.87162004295e-05, 1.76869762072e-05, 1.78114205482e-05, 7.21544893167e-06, 6.01341298534e-06, 6.6198776949e-06, 5.73084662392e-06, 6.03365879215e-06, 3.63414233107e-06, 4.04718457503e-06, 4.62060552309e-06, 2.93173570753e-06, 2.33246055359e-06, 1.87761111192e-06, 1.42077055898e-06, 1.06684910861e-06, 1.17295019209e-06, 1.06186962512e-06, 1.84892098787e-06, 1.75101683908e-06, 1.20465563214e-06, 8.17001193809e-07, 8.36739559418e-07],
        "dmean2": [0.00354007910937, 0.0017544478178, 0.000543056405149, 0.000206380354939, 0.000687252788339, 0.000705069978721, 9.20647435123e-05, 0.00010154904885, 0.000168087572092, 0.000183895259397, 6.28674752079e-05, 3.46354900103e-05, 0.000105329942016, 4.57749520137e-05, 5.62778513995e-05, 2.02053797693e-05, 1.84063665074e-05, 2.60414417426e-05, 2.57682295342e-05, 2.72121560556e-05, 1.08121739686e-05, 9.26519442146e-06, 9.72212819761e-06, 8.68501138029e-06, 9.83393601928e-06, 6.02168802288e-06, 6.49803814667e-06, 7.5582579484e-06, 4.85953387397e-06, 4.04046159019e-06, 3.09983283842e-06, 2.25653820962e-06, 1.57242675414e-06, 1.79903440767e-06, 1.69733004896e-06, 2.8856550216e-06, 2.58387831309e-06, 1.82874725851e-06, 1.21771677186e-06, 1.14041370125e-06],
        "dvar": [5.49728356418e-05, 1.1659933989e-05, 8.60221689436e-07, 4.88493867579e-08, 5.079704124e-07, 1.16213254842e-06, 4.21024530795e-08, 4.58646454149e-08, 1.39764836149e-07, 1.94247675722e-07, 6.46469615617e-08, 4.77579886748e-09, 7.91812055922e-08, 2.36393322695e-08, 7.93565888557e-08, 9.80502612435e-09, 3.01396463342e-09, 4.55121451637e-09, 3.50229845125e-09, 2.18124363016e-09, 2.39005343294e-10, 1.7634689542e-10, 1.24654911393e-10, 6.37008293336e-11, 9.14091927151e-11, 3.4865169779e-11, 1.07764033808e-10, 7.08313963038e-11, 2.57564022194e-11, 2.4624628725e-11, 4.40733595453e-11, 2.05892542599e-11, 7.29106098413e-12, 5.80128523345e-12, 4.73313228888e-12, 2.52092235975e-11, 3.26176377574e-11, 1.50314760639e-11, 5.92593031937e-12, 5.20253935418e-12],
        "dvar2": [0.000107922052848, 3.20285071211e-05, 2.42190412791e-06, 1.01469261438e-07, 1.03656270767e-06, 2.33809737438e-06, 5.91451687626e-08, 9.18345151035e-08, 2.06429703553e-07, 3.04793445594e-07, 1.49339712152e-07, 9.02344599041e-09, 1.10248265628e-07, 5.96095190986e-08, 2.23641137609e-07, 2.73442335441e-08, 4.61663995921e-09, 6.71444277955e-09, 6.05741679038e-09, 4.90895235572e-09, 4.98703189855e-10, 3.47924355992e-10, 2.53463999789e-10, 1.38015765483e-10, 2.23242771491e-10, 9.04911701127e-11, 2.56934279408e-10, 1.89519192006e-10, 6.95779614479e-11, 6.86530901572e-11, 1.18758003431e-10, 4.11350120633e-11, 1.28540199318e-11, 1.28226318452e-11, 1.14235782292e-11, 5.51913376112e-11, 7.46323836065e-11, 3.11777340056e-11, 1.17038939304e-11, 8.59957244304e-12],
        "max": [0.0804750174284, 0.0517759956419, 0.00882399547845, 0.00308034615591, 0.00717996200547, 0.01315802522, 0.00509713264182, 0.00344936922193, 0.00661969278008, 0.00661455839872, 0.00454806583002, 0.00111848360393, 0.00579859176651, 0.00271362462081, 0.00410924851894, 0.00195303082, 0.00126502115745, 0.00165476393886, 0.00113590504043, 0.00068411877146, 0.000197822548216, 0.000199726113351, 0.000158998504048, 9.98734176392e-05, 0.00011919013923, 5.84053450439e-05, 0.000165732970345, 0.000118668212963, 4.51036466984e-05, 5.40785840712e-05, 0.00013510316785, 8.94418117241e-05, 4.6910434321e-05, 3.83839360438e-05, 2.68592029897e-05, 6.78760334267e-05, 7.04369085724e-05, 6.5306063334e-05, 3.36557859555e-05, 3.36097400577e-05],
        "mean": [0.00317003997043, 0.00216432893649, 0.000678520998918, 0.000312987889629, 0.00105101347435, 0.00138534302823, 0.000150794032379, 0.000104672224552, 0.000289426388917, 0.0003787324531, 5.37519081263e-05, 3.71981695935e-05, 0.000161358184414, 3.68927067029e-05, 2.61401291937e-05, 1.21324674183e-05, 1.92990428332e-05, 2.79752639472e-05, 2.62503617705e-05, 3.56658565579e-05, 1.53517830768e-05, 1.16277096822e-05, 1.38224741022e-05, 1.28438641696e-05, 1.22026158351e-05, 6.39497784505e-06, 7.21360265743e-06, 8.53217352415e-06, 5.25057839695e-06, 3.28393184645e-06, 2.47593175118e-06, 2.13318207898e-06, 1.5969820879e-06, 1.58650084359e-06, 1.51676704263e-06, 2.53735811384e-06, 2.25838903134e-06, 1.66787629041e-06, 1.16950570828e-06, 1.1494237242e-06],
        "median": [0.000299463747069, 0.000557627063245, 0.000474868924357, 0.000214364059502, 0.000397768395487, 0.000185393466381, 3.48585745087e-05, 5.36804654985e-05, 1.91378640011e-05, 1.19433962027e-05, 6.35933702142e-06, 3.20845265378e-06, 4.2829992708e-06, 2.48945798376e-06, 1.46000638779e-06, 1.2755208445e-06, 2.33148512052e-06, 2.68828989647e-06, 4.46562444267e-06, 8.37987590785e-06, 5.72162753087e-06, 4.64867480332e-06, 6.69168912282e-06, 7.57375846661e-06, 8.5187566583e-06, 4.25510643254e-06, 3.19524383485e-06, 3.73358534489e-06, 3.14079557029e-06, 1.72376405772e-06, 1.07275388928e-06, 7.8577795648e-07, 3.78077572805e-07, 5.06566493641e-07, 6.30110378097e-07, 6.8395792141e-07, 4.09203835261e-07, 2.94126493827e-07, 2.66260087756e-07, 2.11572597664e-07],
        "min": [1.2962384112e-23, 8.41918269757e-24, 2.67458122876e-24, 6.55695149634e-24, 4.07935987966e-24, 3.23778295002e-24, 1.6667059122e-24, 7.44840415671e-24, 8.34355775803e-24, 8.6047243602e-24, 1.31927535845e-23, 9.84199825863e-24, 8.97592285915e-24, 1.46333098384e-23, 8.29233149742e-24, 6.7904791734e-24, 7.66789523726e-24, 6.95741476272e-24, 4.71210560617e-24, 5.40388849953e-24, 7.09523270717e-24, 6.6150380858e-24, 7.55931011138e-24, 6.36386122371e-24, 4.63888629796e-24, 8.12859316135e-24, 9.36906273532e-24, 7.45834853728e-24, 1.05902596485e-23, 8.18641035482e-24, 1.19227750906e-23, 6.96981960046e-24, 8.12034719831e-24, 1.06964852914e-23, 1.03378462469e-23, 7.95247444224e-24, 8.45381211358e-24, 1.22596226414e-23, 9.96197690257e-24, 8.09945342837e-24],
        "var": [9.1619345767e-05, 1.74602955667e-05, 8.12313601273e-07, 1.39505758057e-07, 1.61676950938e-06, 6.52305016047e-06, 1.93295889517e-07, 7.19827042417e-08, 5.82392715387e-07, 1.08533413368e-06, 8.27396959835e-08, 1.32030253397e-08, 3.30761338319e-07, 2.29563053011e-08, 4.95642780152e-08, 6.61787158407e-09, 8.4907769704e-09, 1.45411096497e-08, 8.88090667672e-09, 6.97393343074e-09, 7.44465322722e-10, 4.10561057373e-10, 4.56071208577e-10, 2.14018136546e-10, 1.88520546396e-10, 6.20232962212e-11, 2.04723474284e-10, 1.45624498571e-10, 3.75141410991e-11, 2.25872098802e-11, 3.640620444e-11, 3.40440037272e-11, 1.97586183526e-11, 1.00223405963e-11, 6.99500483578e-12, 3.7781805462e-11, 5.04447213168e-11, 2.60459362411e-11, 1.07488367165e-11, 1.10600903436e-11]
    },
    "mfcc": {
