{
"metadata": {
    "version": {
        "essentia": "2.0.1",
        "extractor": "archive-music 1.0"
    },
    "audio_properties": {
        "analysis_sample_rate": 44100,
        "bitrate": 128,
        "channels": 2,
        "equal_loudness": 0,
        "length": 15.8824491501,
        "replay_gain": -10.2214660645,
        "downmix": "mix"
    },
    "tags": {
        "track": 1,
        "year": 0,
        "album": "Triumph of Death",
        "artist": "Phantom",
        "comment": "",
        "genre": "Other",
        "title": "Forest of impaled"
    }
},
"highlevel": {
    "culture": {
        "all": {
            "non_western": 0.0183649733663,
            "western": 0.981635034084
        },
        "probability": 0.981635034084,
        "value": "western"
    },
    "danceability": {
        "all": {
            "danceable": 0.0203771162778,
            "not_danceable": 0.979622900486
        },
        "probability": 0.979622900486,
        "value": "not_danceable"
    },
    "gender": {
        "all": {
            "female": 0.107584401965,
            "male": 0.892415583134
        },
        "probability": 0.892415583134,
        "value": "male"
    },
    "genre_dortmund": {
        "all": {
            "alternative": 0.0820997282863,
            "blues": 0.00289177126251,
            "electronic": 0.0434475615621,
            "folkcountry": 0.0129469521344,
            "funksoulrnb": 0.0262291915715,
            "jazz": 0.00677213212475,
            "pop": 0.0359230339527,
            "raphiphop": 0.0140583338216,
            "rock": 0.775631308556
        },
        "probability": 0.775631308556,
        "value": "rock"
    },
    "genre_electronic": {
        "all": {
            "ambient": 0.191369190812,
            "dnb": 0.112203337252,
            "house": 0.0406490899622,
            "techno": 0.0278114695102,
            "trance": 0.627966940403
        },
        "probability": 0.627966940403,
        "value": "trance"
    },
    "genre_rosamerica": {
        "all": {
            "cla": 0.00129362579901,
            "dan": 0.0205033607781,
            "hip": 0.00119549839292,
            "jaz": 9.40169338719e-05,
            "pop": 0.00365935103036,
            "rhy": 0.000637330755126,
            "roc": 0.972274005413,
            "spe": 0.000342837476637
        },
        "probability": 0.972274005413,
        "value": "roc"
    },
    "genre_tzanetakis": {
        "all": {
            "blu": 0.0138583518565,
            "cla": 0.0130658866838,
            "cou": 0.0261326096952,
            "dis": 0.0529324375093,
            "hip": 0.247522458434,
            "jaz": 0.0145799471065,
            "met": 0.140853062272,
            "pop": 0.233907058835,
            "reg": 0.0274047572166,
            "roc": 0.229743421078
        },
        "probability": 0.247522458434,
        "value": "hip"
    },
    "mirex_ballroom": {
        "all": {
            "ChaChaCha": 0.0114538380876,
            "Jive": 0.981779038906,
            "Quickstep": 0.000676528841723,
            "Rumba-American": 2.90408042929e-05,
            "Rumba-International": 0.000116155795695,
            "Rumba-Misc": 7.32888584025e-05,
            "Samba": 0.00246178661473,
            "Tango": 2.38915217778e-05,
            "VienneseWaltz": 0.0033550770022,
            "Waltz": 3.13611053571e-05
        },
        "probability": 0.981779038906,
        "value": "Jive"
    },
    "mood_acoustic": {
        "all": {
            "acoustic": 3.58538123635e-08,
            "not_acoustic": 0.999999940395
        },
        "probability": 0.999999940395,
        "value": "not_acoustic"
    },
    "mood_aggressive": {
        "all": {
            "aggressive": 0.996536970139,
            "not_aggressive": 0.00346305570565
        },
        "probability": 0.996536970139,
        "value": "aggressive"
    },
    "mood_electronic": {
        "all": {
            "electronic": 0.877015173435,
            "not_electronic": 0.122984848917
        },
        "probability": 0.877015173435,
        "value": "electronic"
    },
    "mood_happy": {
        "all": {
            "happy": 0.512486100197,
            "not_happy": 0.487513870001
        },
        "probability": 0.512486100197,
        "value": "happy"
    },
    "mood_party": {
        "all": {
            "not_party": 0.119386486709,
            "party": 0.88061350584
        },
        "probability": 0.88061350584,
        "value": "party"
    },
    "mood_relaxed": {
        "all": {
            "not_relaxed": 0.993741333485,
            "relaxed": 0.0062586911954
        },
        "probability": 0.993741333485,
        "value": "not_relaxed"
    },
    "mood_sad": {
        "all": {
            "not_sad": 0.996430933475,
            "sad": 0.00356905255467
        },
        "probability": 0.996430933475,
        "value": "not_sad"
    },
    "moods_mirex": {
        "all": {
            "Cluster1": 0.100773945451,
            "Cluster2": 0.0307261329144,
            "Cluster3": 0.00336814741604,
            "Cluster4": 0.019095543772,
            "Cluster5": 0.84603625536
        },
        "probability": 0.84603625536,
        "value": "Cluster5"
    },
    "timbre": {
        "all": {
            "bright": 0.0254482552409,
            "dark": 0.974551737309
        },
        "probability": 0.974551737309,
        "value": "dark"
    },
    "tonal_atonal": {
        "all": {
            "atonal": 0.896788954735,
            "tonal": 0.103211037815
        },
        "probability": 0.896788954735,
        "value": "atonal"
    },
    "voice_instrumental": {
        "all": {
            "instrumental": 0.136345759034,
            "voice": 0.863654255867
        },
        "probability": 0.863654255867,
        "value": "voice"
    }
},
"lowlevel": {
    "average_loudness": 0.98423653841,
    "barkbands_kurtosis": {
        "dmean": 1.19828093052,
        "dmean2": 2.16517305374,
        "dvar": 3.04222774506,
        "dvar2": 8.72697162628,
        "max": 9.77275657654,
        "mean": 0.0240482352674,
        "median": -0.342448949814,
        "min": -1.67716050148,
        "var": 2.68062829971
    },
    "barkbands_skewness": {
        "dmean": 0.473531186581,
        "dmean2": 0.817608833313,
        "dvar": 0.255759984255,
        "dvar2": 0.739722013474,
        "max": 3.18638849258,
        "mean": 0.797044098377,
        "median": 0.775254607201,
        "min": -1.9662835598,
        "var": 0.354944467545
    },
    "barkbands_spread": {
        "dmean": 7.71958589554,
        "dmean2": 12.9975624084,
        "dvar": 56.1036071777,
        "dvar2": 149.841079712,
        "max": 70.9794845581,
        "mean": 33.8719367981,
        "median": 33.2276611328,
        "min": 12.2767190933,
        "var": 145.117248535
    },
    "dissonance": {
        "dmean": 0.0108200134709,
        "dmean2": 0.0189679507166,
        "dvar": 8.30142453196e-05,
        "dvar2": 0.000253789650742,
        "max": 0.499972492456,
        "mean": 0.484455764294,
        "median": 0.485916227102,
        "min": 0.431960165501,
        "var": 0.000109290551336
    },
    "dynamic_complexity": 1.7609616518,
    "erbbands_kurtosis": {
        "dmean": 0.311703920364,
        "dmean2": 0.520486056805,
        "dvar": 0.067244797945,
        "dvar2": 0.184535890818,
        "max": 0.757538080215,
        "mean": -0.775391697884,
        "median": -0.826914310455,
        "min": -1.4734184742,
        "var": 0.126877784729
    },
    "erbbands_skewness": {
        "dmean": 0.29521921277,
        "dmean2": 0.482954472303,
        "dvar": 0.0535038784146,
        "dvar2": 0.144189193845,
        "max": 1.00838959217,
        "mean": 0.0456045418978,
        "median": 0.0855399742723,
        "min": -1.17882061005,
        "var": 0.175880685449
    },
    "erbbands_spread": {
        "dmean": 7.67262220383,
        "dmean2": 12.4257516861,
        "dvar": 49.3672599792,
        "dvar2": 101.51789093,
        "max": 81.8023681641,
        "mean": 45.6596450806,
        "median": 45.827167511,
        "min": 21.9636135101,
        "var": 142.670410156
    },
    "hfc": {
        "dmean": 12.4456825256,
        "dmean2": 20.4354343414,
        "dvar": 174.064712524,
        "dvar2": 459.533843994,
        "max": 139.397445679,
        "mean": 39.0475082397,
        "median": 34.1270065308,
        "min": 1.1612386279e-16,
        "var": 567.772094727
    },
    "melbands_kurtosis": {
        "dmean": 4.36189413071,
        "dmean2": 7.94572496414,
        "dvar": 52.2731742859,
        "dvar2": 148.602661133,
        "max": 45.5143814087,
        "mean": 5.04451560974,
        "median": 3.43484735489,
        "min": -1.25631165504,
        "var": 36.8168144226
    },
    "melbands_skewness": {
        "dmean": 0.702999293804,
        "dmean2": 1.2218272686,
        "dvar": 0.753185153008,
        "dvar2": 2.09819078445,
        "max": 6.03042078018,
        "mean": 1.92764294147,
        "median": 1.73859715462,
        "min": -0.205470219254,
        "var": 0.731675744057
    },
    "melbands_spread": {
        "dmean": 12.2646694183,
        "dmean2": 20.6557731628,
        "dvar": 121.507652283,
        "dvar2": 321.113708496,
        "max": 136.369735718,
        "mean": 40.7254257202,
        "median": 36.8659820557,
        "min": 9.21547985077,
        "var": 367.87387085
    },
    "pitch_salience": {
        "dmean": 0.088366754353,
        "dmean2": 0.153566226363,
        "dvar": 0.00950920768082,
        "dvar2": 0.0265504904091,
        "max": 0.856565892696,
        "mean": 0.685365259647,
        "median": 0.708785355091,
        "min": 0.248078763485,
        "var": 0.0101709570736
    },
    "silence_rate_20dB": {
        "dmean": 0,
        "dmean2": 0,
        "dvar": 0,
        "dvar2": 0,
        "max": 1,
        "mean": 1,
        "median": 1,
        "min": 1,
        "var": 0
    },
    "silence_rate_30dB": {
        "dmean": 0,
        "dmean2": 0,
        "dvar": 0,
        "dvar2": 0,
        "max": 1,
        "mean": 1,
        "median": 1,
        "min": 1,
        "var": 0
    },
    "silence_rate_60dB": {
        "dmean": 0.00292397662997,
        "dmean2": 0.00585651537403,
        "dvar": 0.00291540287435,
        "dvar2": 0.00582224922255,
        "max": 1,
        "mean": 0.0525547452271,
        "median": 0,
        "min": 0,
        "var": 0.0497925691307
    },
    "spectral_centroid": {
        "dmean": 358.317077637,
        "dmean2": 587.439025879,
        "dvar": 240764.09375,
        "dvar2": 350851.84375,
        "max": 11627.4443359,
        "mean": 2048.27709961,
        "median": 1987.72241211,
        "min": 763.017272949,
        "var": 554322.5625
    },
    "spectral_complexity": {
        "dmean": 5.60818719864,
        "dmean2": 9.27379226685,
        "dvar": 20.9663600922,
        "dvar2": 55.4696464539,
        "max": 59,
        "mean": 37.9956207275,
        "median": 40,
        "min": 0,
        "var": 144.088928223
    },
    "spectral_crest": {
        "dmean": 3.1813955307,
        "dmean2": 5.62977218628,
        "dvar": 13.2316961288,
        "dvar2": 36.9103889465,
        "max": 19.7237815857,
        "mean": 6.61028385162,
        "median": 5.69132757187,
        "min": 2.41495084763,
        "var": 11.5960607529
    },
    "spectral_decrease": {
        "dmean": 2.39960473714e-09,
        "dmean2": 4.27381063872e-09,
        "dvar": 1.24950983385e-17,
        "dvar2": 3.57681565721e-17,
        "max": -7.08827562305e-29,
        "mean": -6.69879218762e-09,
        "median": -6.37324815145e-09,
        "min": -2.52183092186e-08,
        "var": 1.24002232038e-17
    },
    "spectral_energy": {
        "dmean": 0.00963104330003,
        "dmean2": 0.0170711837709,
        "dvar": 0.00018305121921,
        "dvar2": 0.00052155990852,
        "max": 0.0981406122446,
        "mean": 0.0288245454431,
        "median": 0.0274556614459,
        "min": 1.08084895677e-20,
        "var": 0.000201241666218
    },
    "spectral_energyband_high": {
        "dmean": 0.00145528372377,
        "dmean2": 0.00238987198099,
        "dvar": 3.03647311739e-06,
        "dvar2": 7.54830398364e-06,
        "max": 0.0147782862186,
        "mean": 0.00303491926752,
        "median": 0.0020347093232,
        "min": 7.68597403594e-21,
        "var": 8.08060940471e-06
    },
    "spectral_energyband_low": {
        "dmean": 0.00678200414404,
        "dmean2": 0.0123941143975,
        "dvar": 0.000228235134273,
        "dvar2": 0.000645002641249,
        "max": 0.0794568881392,
        "mean": 0.00599585473537,
        "median": 0.00221928255633,
        "min": 7.75139521744e-23,
        "var": 0.000149904488353
    },
    "spectral_energyband_middle_high": {
        "dmean": 0.00204438064247,
        "dmean2": 0.00335182971321,
        "dvar": 3.50237132807e-06,
        "dvar2": 8.53978144733e-06,
        "max": 0.0250735823065,
        "mean": 0.00706807523966,
        "median": 0.00702265277505,
        "min": 1.65256812534e-21,
        "var": 1.1035177522e-05
    },
    "spectral_energyband_middle_low": {
        "dmean": 0.00432256702334,
        "dmean2": 0.00719013763592,
        "dvar": 1.41002383316e-05,
        "dvar2": 3.74992268917e-05,
        "max": 0.0350702181458,
        "mean": 0.013480598107,
        "median": 0.0136740645394,
        "min": 3.284121602e-22,
        "var": 3.65708838217e-05
    },
    "spectral_flatness_db": {
        "dmean": 0.0201358031482,
        "dmean2": 0.0344013683498,
        "dvar": 0.00041828470421,
        "dvar2": 0.00116334285121,
        "max": 0.179391235113,
        "mean": 0.0845774114132,
        "median": 0.0782552063465,
        "min": 0.0288277361542,
        "var": 0.00107957154978
    },
    "spectral_flux": {
        "dmean": 0.024157660082,
        "dmean2": 0.0407522581518,
        "dvar": 0.000893551798072,
        "dvar2": 0.00181207037531,
        "max": 0.272542268038,
        "mean": 0.109258957207,
        "median": 0.105811156332,
        "min": 1.0474479617e-10,
        "var": 0.00183840666432
    },
    "spectral_kurtosis": {
        "dmean": 0.923261582851,
        "dmean2": 1.50839447975,
        "dvar": 0.968048453331,
        "dvar2": 2.5526239872,
        "max": 10.5060071945,
        "mean": 2.27177262306,
        "median": 1.83815717697,
        "min": -1.2056504488,
        "var": 2.12304019928
    },
    "spectral_rms": {
        "dmean": 0.000806942058261,
        "dmean2": 0.00140052044298,
        "dvar": 9.33496096422e-07,
        "dvar2": 2.66834786089e-06,
        "max": 0.00978503655642,
        "mean": 0.00508903432637,
        "median": 0.00517552020028,
        "min": 3.24728612056e-12,
        "var": 2.22326343646e-06
    },
    "spectral_rolloff": {
        "dmean": 1077.25927734,
        "dmean2": 1781.42346191,
        "dvar": 1176918.25,
        "dvar2": 2508252.75,
        "max": 18884.6191406,
        "mean": 3116.65478516,
        "median": 2670.1171875,
        "min": 193.798828125,
        "var": 4281923.5
    },
    "spectral_skewness": {
        "dmean": 0.169944435358,
        "dmean2": 0.273687422276,
        "dvar": 0.0241370424628,
        "dvar2": 0.0572417266667,
        "max": 1.88616359234,
        "mean": 1.06044793129,
        "median": 1.03559839725,
        "min": -0.0792407616973,
        "var": 0.05576787889
    },
    "spectral_spread": {
        "dmean": 596111,
        "dmean2": 833517.375,
        "dvar": 3.08035898573e+12,
        "dvar2": 2.94491547238e+12,
        "max": 41144180,
        "mean": 4723204,
        "median": 4900381,
        "min": 2307531.75,
        "var": 4.92920373248e+12
    },
    "spectral_strongpeak": {
        "dmean": 0.481536060572,
        "dmean2": 0.829692959785,
        "dvar": 0.443013191223,
        "dvar2": 1.17736172676,
        "max": 8.67061424255,
        "mean": 0.636846542358,
        "median": 0.427497327328,
        "min": 0,
        "var": 0.427070647478
    },
    "zerocrossingrate": {
        "dmean": 0.0145042371005,
        "dmean2": 0.0164056774229,
        "dvar": 0.000364245322999,
        "dvar2": 0.000588728871662,
        "max": 0.49951171875,
        "mean": 0.0989942103624,
        "median": 0.0908203125,
        "min": 0.0390625,
        "var": 0.00236691930331
    },
    "barkbands": {
        "dmean": [0.000288986193482, 0.00549777783453, 0.000934846117161, 0.00119557091966, 0.00201894226484, 0.00127000082284, 0.00157401047181, 0.000775427557528, 0.00197185110301, 0.000755744113121, 0.000450382882264, 0.000417148025008, 0.000292525044642, 0.000191076222109, 0.000301210646285, 0.000450198538601, 0.000356446544174, 0.000291423610179, 0.000376997428248, 0.000351874157786, 0.000461083836854, 0.000449178478448, 0.000268867821433, 0.000194689419004, 0.000120477969176, 2.03261024581e-05, 1.64901757671e-06],
        "dmean2": [0.000513089413289, 0.0101301344112, 0.00170008349232, 0.00208079093136, 0.00331832445227, 0.00210161088035, 0.00264188973233, 0.00132386875339, 0.00335696572438, 0.00123180414084, 0.000773481209762, 0.000697676790878, 0.00049736170331, 0.000328172347508, 0.000516808358952, 0.000782411836553, 0.000620776321739, 0.00049543287605, 0.000644041982014, 0.000606344139669, 0.000817396270577, 0.000730727100745, 0.000432514178101, 0.000311892508762, 0.000203498551855, 3.28477617586e-05, 2.89060744763e-06],
        "dvar": [2.89878016702e-07, 0.000174746717676, 3.43836813954e-06, 2.86789145321e-06, 6.84268979967e-06, 1.5731396843e-06, 2.28003295888e-06, 6.0049876538e-07, 4.05019181926e-06, 7.38680398626e-07, 2.48429330441e-07, 2.87882357952e-07, 9.40989153264e-08, 4.00212307738e-08, 7.39517957982e-08, 2.14038081481e-07, 1.31012356519e-07, 1.5554797983e-07, 2.60618492121e-07, 1.69207282852e-07, 3.979490657e-07, 3.26998161881e-07, 1.17104747233e-07, 6.20390849804e-08, 3.07060723514e-08, 2.48372367118e-09, 7.04418259834e-11],
        "dvar2": [8.34310355913e-07, 0.000495098589454, 9.87778003037e-06, 8.24582821224e-06, 1.76129469764e-05, 4.03449757869e-06, 6.40343432678e-06, 1.68491078512e-06, 1.10660466817e-05, 1.98588941203e-06, 6.54228983876e-07, 8.32664227346e-07, 2.46508022883e-07, 1.11612784792e-07, 2.05099397022e-07, 6.04329216003e-07, 3.70410020878e-07, 4.15478240257e-07, 6.90999570452e-07, 4.80578194129e-07, 1.12998577606e-06, 8.22109939236e-07, 2.71646797501e-07, 1.44430785554e-07, 8.11986780036e-08, 5.41667954934e-09, 2.01556049628e-10],
        "max": [0.00339533458464, 0.0670768916607, 0.0184581521899, 0.0198320932686, 0.0210087839514, 0.00844204612076, 0.0121241370216, 0.00674621202052, 0.0143536934629, 0.0101632885635, 0.00465270038694, 0.00716506224126, 0.00250417087227, 0.00175783794839, 0.00193224428222, 0.00366919627413, 0.00322151812725, 0.00614065537229, 0.00553745822981, 0.00480523705482, 0.00453607365489, 0.00432058470324, 0.00291192741133, 0.0022630377207, 0.00127923255786, 0.000983594916761, 0.000156520065502],
        "mean": [0.000277788873063, 0.00393068091944, 0.00125098857097, 0.00132045324426, 0.00256950547919, 0.0021911773365, 0.00261834752746, 0.00123316142708, 0.0030897022225, 0.00117713410873, 0.000709626649041, 0.000712643435691, 0.000514753395692, 0.000368078966858, 0.000596733647399, 0.000846881826874, 0.000691231631208, 0.000592417549342, 0.000772506406065, 0.000717500632163, 0.000777385430411, 0.000716639216989, 0.000524251896422, 0.000394652102841, 0.000192322826479, 3.63981271221e-05, 1.58974762599e-06],
        "median": [4.28014936915e-05, 0.000353132840246, 0.000269625568762, 0.000763283343986, 0.00157769361977, 0.0018237894401, 0.00219385651872, 0.00102100137156, 0.00245750346221, 0.000926478358451, 0.000545906368643, 0.000598064681981, 0.000424390978878, 0.00032338895835, 0.000522388378158, 0.000758951879106, 0.00063102634158, 0.000469447782962, 0.000581889762543, 0.00057972187642, 0.000489582074806, 0.000403215322876, 0.000310750503559, 0.000249713310041, 0.000100057099189, 1.23818308566e-05, 5.74622838201e-08],
        "min": [6.57349351509e-24, 6.22577167445e-23, 3.55115478917e-24, 1.07940689631e-23, 3.52373059201e-23, 2.79331607571e-23, 4.9759963817e-23, 2.56794608815e-23, 9.5147909036e-23, 3.42831250127e-23, 5.09594993986e-23, 9.34965265497e-23, 8.32179403228e-23, 1.26087488123e-22, 1.25760407459e-22, 1.05954344183e-22, 1.87918355387e-22, 1.47233415869e-22, 3.34576129987e-22, 2.69357098824e-22, 3.0531570129e-22, 4.22164530119e-22, 7.10828501038e-22, 8.46433059557e-22, 1.2777267677e-21, 1.46786127949e-21, 2.2651307099e-21],
        "var": [2.80011022369e-07, 0.00011357045878, 3.95758479499e-06, 3.02974262922e-06, 8.33653848531e-06, 2.89732179226e-06, 3.74923138224e-06, 9.17023953662e-07, 6.44444435238e-06, 1.14767340165e-06, 3.55053714429e-07, 3.73100732531e-07, 1.49170972463e-07, 6.11728978583e-08, 1.27460381805e-07, 2.86687480866e-07, 1.80762654622e-07, 2.62110290805e-07, 5.75388071411e-07, 3.14544905677e-07, 6.18407852926e-07, 6.06813102877e-07, 3.15658155614e-07, 1.82591108455e-07, 4.90880509574e-08, 6.07433392474e-09, 5.44879176501e-11]
    },
    "erbbands": {
        "dmean": [0.188010618091, 1.10929608345, 1.21385884285, 2.41011118889, 7.01346635818, 6.59740161896, 5.00190353394, 11.6877098083, 21.8092212677, 23.2215232849, 14.8082609177, 51.8306884766, 28.3731517792, 18.1892948151, 17.6351203918, 17.2666625977, 13.5600347519, 9.09844493866, 13.641954422, 16.7305583954, 25.8437919617, 18.2433605194, 15.3671331406, 14.940246582, 20.5346031189, 17.0915050507, 15.7886352539, 19.8130302429, 16.8672065735, 12.0116472244, 6.94881248474, 4.65812969208, 3.37806415558, 1.92678177357, 0.54104834795, 0.124966815114, 0.031988825649, 0.00646238587797, 0.000157114685862, 1.59476858244e-05],
        "dmean2": [0.343609035015, 2.05802679062, 2.23188209534, 4.22851371765, 11.91771698, 10.8452243805, 8.42922592163, 19.2538986206, 36.6389350891, 39.3729858398, 24.7191104889, 88.113319397, 47.2160720825, 30.794801712, 30.016576767, 29.1713371277, 22.8973350525, 15.3430423737, 23.5525093079, 28.1936016083, 45.0497016907, 31.4033069611, 26.1989154816, 25.171169281, 35.6802101135, 29.3009757996, 27.1001415253, 35.7548904419, 28.2168331146, 19.8043441772, 10.6243314743, 7.44809484482, 5.59712600708, 3.30339884758, 0.891116559505, 0.200056821108, 0.0520481877029, 0.0100128985941, 0.000249978358625, 2.67131326837e-05],
        "dvar": [0.184546396136, 7.52481031418, 6.90066957474, 15.7254371643, 89.6217422485, 76.4645385742, 29.4233627319, 141.568023682, 537.981445312, 556.127502441, 202.16595459, 3086.56835938, 1070.01428223, 338.350402832, 423.719787598, 699.036071777, 207.393569946, 93.3321990967, 175.921920776, 262.909088135, 719.605834961, 329.625762939, 476.937286377, 296.8515625, 954.718994141, 397.596710205, 395.343261719, 939.913757324, 460.6121521, 244.941177368, 74.7334518433, 34.8260307312, 21.0486011505, 8.62979030609, 0.561880350113, 0.0587267838418, 0.00666674971581, 0.000805067131296, 4.21131204575e-07, 5.10792796948e-10],
        "dvar2": [0.523627519608, 21.2913722992, 19.6852817535, 47.1017951965, 233.025024414, 192.921920776, 74.2090988159, 371.26953125, 1517.55419922, 1441.5369873, 534.09564209, 8432.80273438, 2743.37060547, 940.409240723, 1175.29882812, 2006.04223633, 534.78717041, 256.646209717, 493.609771729, 740.718322754, 2037.68151855, 923.36505127, 1253.25183105, 720.214477539, 2574.88671875, 1099.71875, 1090.49914551, 2637.86376953, 1161.78857422, 612.334472656, 167.890640259, 82.1590194702, 52.5271949768, 23.2183761597, 1.39050531387, 0.139306858182, 0.0139126675203, 0.00185608374886, 1.01281511888e-06, 1.26649024601e-09],
        "max": [2.35352373123, 14.5218992233, 15.0118150711, 63.6325721741, 76.3409118652, 77.9174957275, 51.7674789429, 87.7533035278, 191.094726562, 170.684143066, 105.583129883, 441.103942871, 350.99206543, 151.671417236, 261.313903809, 361.783355713, 140.138275146, 85.7496490479, 115.777236938, 130.175170898, 216.079544067, 162.550643921, 348.501220703, 228.452194214, 348.933654785, 213.528808594, 187.210342407, 235.63269043, 148.126983643, 121.97769928, 76.5062637329, 56.0954742432, 38.6657562256, 18.9335079193, 7.07317972183, 3.81711530685, 1.56428217888, 0.657315015793, 0.0146464928985, 0.000388428743463],
        "mean": [0.141735747457, 0.767649829388, 1.3310880661, 3.18180060387, 7.69080400467, 8.69141197205, 9.13035774231, 20.3972949982, 34.5053634644, 37.7180366516, 28.8575019836, 76.6434860229, 49.2759590149, 31.1158409119, 29.5027580261, 30.5670413971, 25.0464363098, 18.8638248444, 27.8524150848, 34.0003547668, 49.8059310913, 38.5604515076, 31.7095012665, 35.056930542, 40.5899200439, 35.0911598206, 33.0190391541, 28.3027420044, 26.4851589203, 21.3437862396, 13.740778923, 9.37934780121, 5.96440267563, 2.98994064331, 0.906954705715, 0.228062421083, 0.0566849261522, 0.00936216581613, 0.000240084526013, 4.88715195388e-05],
        "median": [0.00967358890921, 0.107342816889, 0.351656407118, 2.30474996567, 3.99302530289, 5.08381795883, 7.17350673676, 16.9454593658, 27.4910373688, 29.8608131409, 25.0646934509, 58.7724647522, 39.6659851074, 26.265712738, 23.0613193512, 25.1283683777, 20.8426914215, 16.593170166, 25.5073738098, 30.0800170898, 44.6067733765, 36.1639900208, 26.1191062927, 27.5955123901, 29.4749259949, 26.2369651794, 25.2560558319, 16.1543560028, 15.5040931702, 12.5703306198, 8.13727092743, 5.88793468475, 3.46256303787, 1.61083948612, 0.482575058937, 0.0951938554645, 0.0164095144719, 0.00142616895027, 6.73499162076e-05, 4.28895873483e-05],
        "min": [2.73170661961e-21, 9.95085756101e-21, 8.09056067512e-21, 2.53340816233e-20, 9.49344849269e-20, 1.03916315748e-19, 1.34993187632e-19, 2.71454414055e-19, 5.18970272882e-19, 9.03001124873e-19, 6.23564314509e-19, 2.41866680532e-18, 1.90277659115e-18, 2.01036073559e-18, 2.08725068905e-18, 3.83873635975e-18, 4.1182932147e-18, 5.48423475819e-18, 5.42353500407e-18, 7.77702969649e-18, 5.18888661175e-18, 1.09496552933e-17, 9.00611668917e-18, 1.45135654441e-17, 1.60039430758e-17, 1.32570632043e-17, 1.08353745015e-17, 1.42193439176e-17, 1.37929430652e-17, 2.0483392445e-17, 1.78168946767e-17, 1.5068420001e-17, 1.59374278284e-17, 1.28102210646e-17, 1.02675497525e-17, 4.97515637636e-18, 2.85913572522e-18, 1.28744727323e-18, 2.58590385512e-19, 3.63841984027e-20],
        "var": [0.129697188735, 4.66267585754, 5.2074007988, 14.6450614929, 98.1450424194, 101.152496338, 51.3950576782, 243.043380737, 806.901184082, 892.175109863, 353.754211426, 4532.75537109, 1676.07299805, 501.15737915, 565.988464355, 829.267456055, 343.900695801, 153.643585205, 273.577728271, 426.815612793, 962.913391113, 501.582763672, 725.479125977, 889.217041016, 1787.43798828, 805.211303711, 810.405395508, 1159.71313477, 818.352661133, 524.159057617, 220.52130127, 108.336280823, 43.0252380371, 11.8912630081, 1.20639741421, 0.146459102631, 0.0169985704124, 0.00111081358045, 5.40991834441e-07, 9.65659219254e-10]
    },
    "gfcc": {
        "mean": [38.2038803101, 72.7106552124, -142.294891357, 37.6959266663, -80.9859619141, 9.21703243256, -40.3096809387, 11.946436882, -21.2220516205, 1.03196334839, -17.4234695435, -2.90810847282, -7.43344259262],
        "cov": [[15151.6728516, 341.681365967, -657.482666016, 490.487304688, -795.163269043, 326.862426758, -470.812957764, 131.573226929, -261.832977295, 47.3148574829, -212.170806885, 50.7235069275, -70.1611633301], [341.681365967, 1515.62536621, -501.233612061, -29.7172107697, 346.235595703, -269.196533203, 308.754394531, -62.8867912292, 166.926757812, -85.8798294067, 73.6231155396, -135.90234375, 116.490486145], [-657.482666016, -501.233612061, 498.871582031, 92.2218933105, 39.8591537476, 163.593688965, -37.7779655457, 76.628578186, -22.1277675629, 53.9169769287, -7.58433294296, 59.7318115234, -28.7255935669], [490.487304688, -29.7172107697, 92.2218933105, 207.433120728, 0.710123002529, 134.84286499, 8.43255710602, 37.5618782043, 23.3021526337, 23.5082817078, 43.3671264648, 14.0315856934, 25.0530776978], [-795.163269043, 346.235595703, 39.8591537476, 0.710123002529, 267.686309814, -54.6375083923, 180.408584595, 33.9141769409, 77.5101394653, 5.07502746582, 32.6483650208, -20.7588367462, 25.507932663], [326.862426758, -269.196533203, 163.593688965, 134.84286499, -54.6375083923, 236.358963013, -40.525302887, 86.5773239136, 5.8781785965, 45.4524841309, 46.4267730713, 42.1557884216, 19.1901359558], [-470.812957764, 308.754394531, -37.7779655457, 8.43255710602, 180.408584595, -40.525302887, 187.680038452, 42.4434661865, 78.7541427612, 8.44263839722, 36.9390258789, -15.2773447037, 25.9273796082], [131.573226929, -62.8867912292, 76.628578186, 37.5618782043, 33.9141769409, 86.5773239136, 42.4434661865, 111.352874756, 41.7602119446, 47.4354057312, 29.638130188, 29.2372112274, 12.0913887024], [-261.832977295, 166.926757812, -22.1277675629, 23.3021526337, 77.5101394653, 5.8781785965, 78.7541427612, 41.7602119446, 84.9018096924, 23.7667865753, 48.2897834778, -0.515134632587, 36.6021232605], [47.3148574829, -85.8798294067, 53.9169769287, 23.5082817078, 5.07502746582, 45.4524841309, 8.44263839722, 47.4354057312, 23.7667865753, 55.0402679443, 27.5767230988, 31.8659343719, 5.58558893204], [-212.170806885, 73.6231155396, -7.58433294296, 43.3671264648, 32.6483650208, 46.4267730713, 36.9390258789, 29.638130188, 48.2897834778, 27.5767230988, 81.7606201172, 20.8278617859, 41.4535713196], [50.7235069275, -135.90234375, 59.7318115234, 14.0315856934, -20.7588367462, 42.1557884216, -15.2773447037, 29.2372112274, -0.515134632587, 31.8659343719, 20.8278617859, 52.9405326843, 9.43933677673], [-70.1611633301, 116.490486145, -28.7255935669, 25.0530776978, 25.507932663, 19.1901359558, 25.9273796082, 12.0913887024, 36.6021232605, 5.58558893204, 41.4535713196, 9.43933677673, 58.6638221741]],
        "icov": [[0.000210998769035, -0.000592913129367, 0.000265451380983, -0.00068184605334, 0.000645683845505, -0.000216215499677, 0.000410372012993, -0.000840119086206, 0.000861249107402, -0.000793902145233, 0.00120645365678, -0.000906423607375, 0.000464218348498], [-0.000592913129367, 0.00500249955803, 0.00179423962254, 0.000450748280855, -0.00517459679395, 0.00235200976022, -0.00117058586329, 0.00194634578656, -0.00332312332466, 0.00382738164626, -0.00399606162682, 0.00604316452518, -0.00479952199385], [0.000265451380983, 0.00179423962254, 0.00685391156003, -0.00265604234301, -0.00626160902902, -0.0020528526511, 0.00384585838765, -0.0012597880559, 0.000364669540431, -0.000739976065233, 0.00389397214167, -0.0029109318275, 0.000758828304242], [-0.00068184605334, 0.000450748280855, -0.00265604234301, 0.0117348432541, -2.66452866526e-06, -0.00605573831126, -0.00348213128746, 0.00636820029467, -0.00365038518794, 0.000872700416949, -0.00440303655341, 0.00335445906967, -0.00104803498834], [0.000645683845505, -0.00517459679395, -0.00626160902902, -2.66452866526e-06, 0.020611513406, 0.00139267777558, -0.0119059178978, -0.00220528640784, 0.00313768349588, -0.00375999300741, 0.00170953397173, -0.000744314398617, 0.00159345939755], [-0.000216215499677, 0.00235200976022, -0.0020528526511, -0.00605573831126, 0.00139267777558, 0.0167790204287, 0.00130227371119, -0.0102313477546, 0.00364213599823, 0.00285509764217, -0.00853328499943, 0.00601289654151, -0.00539106596261], [0.000410372012993, -0.00117058586329, 0.00384585838765, -0.00348213128746, -0.0119059178978, 0.00130227371119, 0.0234646517783, -0.00766273122281, -0.00525762327015, 0.00202417490073, 0.00159326707944, -0.00426786392927, 0.00479376874864], [-0.000840119086206, 0.00194634578656, -0.0012597880559, 0.00636820029467, -0.00220528640784, -0.0102313477546, -0.00766273122281, 0.0291155222803, -0.0124329989776, -0.00767155177891, 0.00225211330689, -0.00198793108575, 0.00070138508454], [0.000861249107402, -0.00332312332466, 0.000364669540431, -0.00365038518794, 0.00313768349588, 0.00364213599823, -0.00525762327015, -0.0124329989776, 0.042366553098, -0.0161188170314, -0.00579700246453, 0.00916093960404, -0.0105798169971], [-0.000793902145233, 0.00382738164626, -0.000739976065233, 0.000872700416949, -0.00375999300741, 0.00285509764217, 0.00202417490073, -0.00767155177891, -0.0161188170314, 0.0502894371748, -0.0121974786744, -0.0148603282869, 0.00838184077293], [0.00120645365678, -0.00399606162682, 0.00389397214167, -0.00440303655341, 0.00170953397173, -0.00853328499943, 0.00159326707944, 0.00225211330689, -0.00579700246453, -0.0121974786744, 0.0387103222311, -0.0148070296273, -0.00614819163457], [-0.000906423607375, 0.00604316452518, -0.0029109318275, 0.00335445906967, -0.000744314398617, 0.00601289654151, -0.00426786392927, -0.00198793108575, 0.00916093960404, -0.0148603282869, -0.0148070296273, 0.0503846816719, -0.0172343961895], [0.000464218348498, -0.00479952199385, 0.000758828304242, -0.00104803498834, 0.00159345939755, -0.00539106596261, 0.00479376874864, 0.00070138508454, -0.0105798169971, 0.00838184077293, -0.00614819163457, -0.0172343961895, 0.0396792069077]]
    },
    "melbands": {
        "dmean": [0.00162261165679, 0.000930722511839, 0.000520212284755, 0.000513832143042, 0.000178778223926, 0.000270356656983, 0.000312110496452, 0.000232399135712, 0.000144647565321, 0.000320097082295, 0.000140477044624, 7.76339002186e-05, 6.25626780675e-05, 4.37052513007e-05, 4.36890368292e-05, 2.51675683103e-05, 1.81408922799e-05, 2.20466481551e-05, 2.29904107982e-05, 2.73591467703e-05, 3.35375734721e-05, 2.27308901231e-05, 1.37189463203e-05, 1.67062844412e-05, 1.29602021843e-05, 1.54513581947e-05, 1.43542583828e-05, 1.23037734738e-05, 1.06259476524e-05, 1.00855640994e-05, 1.25063097585e-05, 1.03175098047e-05, 9.04960779735e-06, 6.33250328974e-06, 4.27180975748e-06, 4.00288308811e-06, 2.61379545918e-06, 2.72467991635e-06, 2.02222645385e-06, 1.57565682457e-06],
        "dmean2": [0.00298061198555, 0.00171313714236, 0.000907034846023, 0.000847616174724, 0.000290880649118, 0.000447947328212, 0.000529021664988, 0.000391910172766, 0.000243139918894, 0.000548618554603, 0.000233318001847, 0.000132354005473, 0.000107576568553, 7.29034654796e-05, 7.32689295546e-05, 4.31767584814e-05, 3.07631926262e-05, 3.79955345124e-05, 3.96177711082e-05, 4.67205391033e-05, 5.84244480706e-05, 3.9298345655e-05, 2.290136581e-05, 2.83646550088e-05, 2.20178935706e-05, 2.68431522272e-05, 2.51888723142e-05, 2.09109985008e-05, 1.83447464224e-05, 1.75478526216e-05, 2.28719836741e-05, 1.7313825083e-05, 1.48250146594e-05, 1.04438986455e-05, 6.5626209107e-06, 6.5149170041e-06, 4.23861956733e-06, 4.51214418717e-06, 3.39544567396e-06, 2.71196336143e-06],
        "dvar": [1.46122838487e-05, 4.70337590741e-06, 4.78187473618e-07, 4.65057553356e-07, 3.52110660629e-08, 7.29644540343e-08, 1.02768389354e-07, 5.2998270661e-08, 1.96755767234e-08, 1.15342160711e-07, 2.72595244155e-08, 6.35243768699e-09, 5.06467623396e-09, 3.14715742356e-09, 2.54618393036e-09, 7.07433722713e-10, 3.95380922447e-10, 4.90874729753e-10, 4.69466687747e-10, 7.80574993531e-10, 1.17556964163e-09, 5.18107778902e-10, 1.75068279318e-10, 6.96128932276e-10, 2.4606292004e-10, 3.99950822461e-10, 3.90252663518e-10, 2.08490585907e-10, 1.83804541032e-10, 1.71536604365e-10, 4.33822894275e-10, 1.8711686367e-10, 1.43489081728e-10, 7.03958905057e-11, 3.024674608e-11, 2.69896362204e-11, 1.22175264697e-11, 1.32417089446e-11, 9.05794796807e-12, 5.6262000267e-12],
        "dvar2": [4.14845635532e-05, 1.32745426527e-05, 1.35303309889e-06, 1.19677804378e-06, 8.56237960534e-08, 1.87416247854e-07, 2.90998002583e-07, 1.42569490436e-07, 5.20914902324e-08, 3.1385212651e-07, 6.98304560842e-08, 1.7699406385e-08, 1.3681171751e-08, 8.94095908421e-09, 6.94340229757e-09, 1.9805526108e-09, 1.10450393276e-09, 1.41286571331e-09, 1.29857835596e-09, 2.20252305283e-09, 3.32368710332e-09, 1.48556322799e-09, 4.7469617126e-10, 1.82478987476e-09, 6.04817529393e-10, 1.08545850086e-09, 1.04059083572e-09, 5.98757543546e-10, 5.05817554508e-10, 4.63098143166e-10, 1.22689602922e-09, 4.8653153728e-10, 3.78823888925e-10, 1.79499845543e-10, 7.00224669914e-11, 6.57816232041e-11, 2.99109521873e-11, 3.39184583198e-11, 2.32325738508e-11, 1.55467808766e-11],
        "max": [0.0197002049536, 0.0121658593416, 0.00917947292328, 0.00548672024161, 0.00167974433862, 0.00198388984427, 0.00265503837727, 0.00181031797547, 0.00116045295727, 0.0026098235976, 0.001755988691, 0.000748859543819, 0.000774805666879, 0.000741160241887, 0.000591964228079, 0.000241959205596, 0.000173837455804, 0.000185344179044, 0.000152131528012, 0.000249906879617, 0.000270552845905, 0.000204383570235, 0.000128534971736, 0.000420174270403, 0.000204556330573, 0.000205135191209, 0.000235387880821, 0.000138465809869, 0.000142036384204, 0.000131668697577, 0.000141845928738, 9.60757606663e-05, 0.000103824320831, 7.25045028958e-05, 4.94094820169e-05, 4.01150791731e-05, 3.5769524402e-05, 2.99918519886e-05, 2.60967444774e-05, 1.51681351781e-05],
        "mean": [0.00118340458721, 0.000820645189378, 0.000694905989803, 0.000623723317403, 0.000333209492965, 0.000479481008369, 0.000515366613399, 0.000381147605367, 0.000257208826952, 0.000481807801407, 0.000233544356888, 0.000124680256704, 9.91806082311e-05, 7.76070955908e-05, 7.47148005757e-05, 4.45563200628e-05, 3.33913158101e-05, 4.22247176175e-05, 4.45961704827e-05, 5.03157498315e-05, 6.01783358434e-05, 4.29769570474e-05, 2.63733400061e-05, 3.08637572743e-05, 2.75886541203e-05, 2.87307793769e-05, 2.71181252174e-05, 2.25439289352e-05, 2.05689466384e-05, 1.80945662578e-05, 1.55097659444e-05, 1.48487206388e-05, 1.42211329148e-05, 1.08864160211e-05, 8.00194538897e-06, 7.14869929652e-06, 5.0584562814e-06, 4.38697907157e-06, 3.37369192493e-06, 2.22953826778e-06],
        "median": [9.93508438114e-05, 0.000203228511964, 0.000567168695852, 0.000356010103133, 0.000262582441792, 0.000411286222516, 0.000425331672886, 0.000307533278828, 0.000216834974708, 0.000371465692297, 0.000187085548532, 0.000102554025943, 7.50012113713e-05, 6.39551799395e-05, 6.03026019235e-05, 3.65173582395e-05, 2.89665822493e-05, 3.70616180589e-05, 3.95144270442e-05, 4.40679505118e-05, 5.3555228078e-05, 3.93889931729e-05, 2.33671107708e-05, 2.19923476834e-05, 2.14750743908e-05, 2.18422646867e-05, 1.96092332772e-05, 1.63811764651e-05, 1.56281421368e-05, 1.1825850379e-05, 7.92292303231e-06, 8.49975731398e-06, 8.29179407447e-06, 6.21391291133e-06, 4.28875046055e-06, 4.20282185587e-06, 3.18479237649e-06, 2.41759903474e-06, 1.81722236903e-06, 1.14182023481e-06],
        "min": [2.02772136071e-23, 7.11839287448e-24, 8.92926489205e-24, 6.37715707983e-24, 5.12489719078e-24, 6.38601559337e-24, 8.63314070772e-24, 8.79424188179e-24, 6.11545286896e-24, 1.53082939388e-23, 9.03519786757e-24, 8.12713061323e-24, 6.97946736933e-24, 7.10661833661e-24, 1.54218031345e-23, 7.92015323323e-24, 1.03381262926e-23, 7.72914239794e-24, 1.28408482567e-23, 6.40236867993e-24, 4.97297914651e-24, 1.27439911259e-23, 6.74117221138e-24, 7.05340730197e-24, 1.26708873858e-23, 9.78854662142e-24, 1.27010668374e-23, 7.65127946001e-24, 6.42426075334e-24, 6.87561146457e-24, 8.10336223416e-24, 6.71953848992e-24, 1.02857364621e-23, 1.19493415593e-23, 9.57868753252e-24, 1.07869487046e-23, 8.34318147137e-24, 9.82444610349e-24, 1.39588716298e-23, 8.95311610152e-24],
        "var": [9.76772116701e-06, 2.96795201393e-06, 5.25638824911e-07, 5.45873774627e-07, 6.7098930856e-08, 1.29453241016e-07, 1.56786640559e-07, 8.60211741838e-08, 3.33495364657e-08, 1.72859046188e-07, 4.13140135436e-08, 8.99078056449e-09, 6.98498325846e-09, 4.30392432804e-09, 3.69242836307e-09, 1.10291431543e-09, 5.6936877435e-10, 7.06024572139e-10, 7.42660655195e-10, 1.08481978955e-09, 1.55471147067e-09, 7.31582683322e-10, 2.76807549104e-10, 1.14135856322e-09, 6.05961281153e-10, 6.84014067609e-10, 8.00893407149e-10, 3.49706652525e-10, 3.23827464843e-10, 3.52049084329e-10, 4.35966290846e-10, 2.82241341409e-10, 2.54331306015e-10, 1.42326483932e-10, 7.91026827374e-11, 6.59831841943e-11, 3.41936479131e-11, 2.50065974872e-11, 1.47860473865e-11, 7.09108639863e-12]
    },
    "mfcc": {
