{
"metadata": {
    "version": {
        "essentia": "2.0.1",
        "extractor": "archive-music 1.0"
    },
    "audio_properties": {
        "analysis_sample_rate": 44100,
        "bitrate": 128,
        "channels": 2,
        "equal_loudness": 0,
        "length": 15.9608163834,
        "replay_gain": -7.47646713257,
        "downmix": "mix"
    },
    "tags": {
        "track": 1,
        "year": 0,
        "album": "Butterfly and her friends",
        "artist": "Sergey Kovchik",
        "comment": "",
        "genre": "Other",
        "title": "Butterflies"
    }
},
"highlevel": {
    "culture": {
        "all": {
            "non_western": 0.162417605519,
            "western": 0.837582409382
        },
        "probability": 0.837582409382,
        "value": "western"
    },
    "danceability": {
        "all": {
            "danceable": 0.765070140362,
            "not_danceable": 0.234929874539
        },
        "probability": 0.765070140362,
        "value": "danceable"
    },
    "gender": {
        "all": {
            "female": 0.770753443241,
            "male": 0.229246556759
        },
        "probability": 0.770753443241,
        "value": "female"
    },
    "genre_dortmund": {
        "all": {
            "alternative": 0.0215681456029,
            "blues": 0.00215431652032,
            "electronic": 0.059407632798,
            "folkcountry": 0.0168912876397,
            "funksoulrnb": 0.00452324189246,
            "jazz": 0.875069022179,
            "pop": 0.00600727694109,
            "raphiphop": 0.00295168347657,
            "rock": 0.0114274118096
        },
        "probability": 0.875069022179,
        "value": "jazz"
    },
    "genre_electronic": {
        "all": {
            "ambient": 0.79845225811,
            "dnb": 0.010686933063,
            "house": 0.136815875769,
            "techno": 0.0467997379601,
            "trance": 0.0072451881133
        },
        "probability": 0.79845225811,
        "value": "ambient"
    },
    "genre_rosamerica": {
        "all": {
            "cla": 0.0346930660307,
            "dan": 0.00963315553963,
            "hip": 0.0167390704155,
            "jaz": 0.728656172752,
            "pop": 0.0110560739413,
            "rhy": 0.139600843191,
            "roc": 0.0192765183747,
            "spe": 0.0403451286256
        },
        "probability": 0.728656172752,
        "value": "jaz"
    },
    "genre_tzanetakis": {
        "all": {
            "blu": 0.135264605284,
            "cla": 0.0810540243983,
            "cou": 0.0366855897009,
            "dis": 0.0135441431776,
            "hip": 0.0775466263294,
            "jaz": 0.149624794722,
            "met": 0.00736088538542,
            "pop": 0.0239193420857,
            "reg": 0.449127435684,
            "roc": 0.0258725453168
        },
        "probability": 0.449127435684,
        "value": "reg"
    },
    "mirex_ballroom": {
        "all": {
            "ChaChaCha": 0.00119409698527,
            "Jive": 0.000358474004315,
            "Quickstep": 0.00244354945607,
            "Rumba-American": 0.00451552961022,
            "Rumba-International": 0.166602298617,
            "Rumba-Misc": 0.0381244681776,
            "Samba": 0.000729206367396,
            "Tango": 0.0174463484436,
            "VienneseWaltz": 0.0980346500874,
            "Waltz": 0.670551419258
        },
        "probability": 0.670551419258,
        "value": "Waltz"
    },
    "mood_acoustic": {
        "all": {
            "acoustic": 0.211756408215,
            "not_acoustic": 0.788243591785
        },
        "probability": 0.788243591785,
        "value": "not_acoustic"
    },
    "mood_aggressive": {
        "all": {
            "aggressive": 0.0292942095548,
            "not_aggressive": 0.970705807209
        },
        "probability": 0.970705807209,
        "value": "not_aggressive"
    },
    "mood_electronic": {
        "all": {
            "electronic": 0.848141431808,
            "not_electronic": 0.151858538389
        },
        "probability": 0.848141431808,
        "value": "electronic"
    },
    "mood_happy": {
        "all": {
            "happy": 0.166793465614,
            "not_happy": 0.833206534386
        },
        "probability": 0.833206534386,
        "value": "not_happy"
    },
    "mood_party": {
        "all": {
            "not_party": 0.992750704288,
            "party": 0.00724929990247
        },
        "probability": 0.992750704288,
        "value": "not_party"
    },
    "mood_relaxed": {
        "all": {
            "not_relaxed": 1.67762336787e-05,
            "relaxed": 0.999983251095
        },
        "probability": 0.999983251095,
        "value": "relaxed"
    },
    "mood_sad": {
        "all": {
            "not_sad": 0.206560432911,
            "sad": 0.793439567089
        },
        "probability": 0.793439567089,
        "value": "sad"
    },
    "moods_mirex": {
        "all": {
            "Cluster1": 0.0749085769057,
            "Cluster2": 0.201802790165,
            "Cluster3": 0.591313242912,
            "Cluster4": 0.0769870877266,
            "Cluster5": 0.0549883134663
        },
        "probability": 0.591313242912,
        "value": "Cluster3"
    },
    "timbre": {
        "all": {
            "bright": 0.0263595934957,
            "dark": 0.97364038229
        },
        "probability": 0.97364038229,
        "value": "dark"
    },
    "tonal_atonal": {
        "all": {
            "atonal": 0.0981233865023,
            "tonal": 0.901876628399
        },
        "probability": 0.901876628399,
        "value": "tonal"
    },
    "voice_instrumental": {
        "all": {
            "instrumental": 0.999998629093,
            "voice": 1.34662388973e-06
        },
        "probability": 0.999998629093,
        "value": "instrumental"
    }
},
"lowlevel": {
    "average_loudness": 0.960980474949,
    "barkbands_kurtosis": {
        "dmean": 5.57286596298,
        "dmean2": 9.03485870361,
        "dvar": 55.6860694885,
        "dvar2": 128.180038452,
        "max": 95.1312866211,
        "mean": 9.25927639008,
        "median": 5.83326530457,
        "min": -1.29261291027,
        "var": 126.575286865
    },
    "barkbands_skewness": {
        "dmean": 0.747590601444,
        "dmean2": 1.21209812164,
        "dvar": 0.559009611607,
        "dvar2": 1.36496186256,
        "max": 7.75099802017,
        "mean": 2.14429664612,
        "median": 2.01665234566,
        "min": -2.06282973289,
        "var": 1.80749905109
    },
    "barkbands_spread": {
        "dmean": 1.22037875652,
        "dmean2": 1.98844921589,
        "dvar": 8.2004404068,
        "dvar2": 21.2922801971,
        "max": 55.3961906433,
        "mean": 3.08499145508,
        "median": 2.48724269867,
        "min": 0.40061762929,
        "var": 13.0339193344
    },
    "dissonance": {
        "dmean": 0.0565597638488,
        "dmean2": 0.0921338796616,
        "dvar": 0.00262657855637,
        "dvar2": 0.00647898297757,
        "max": 0.498960107565,
        "mean": 0.339725196362,
        "median": 0.352719843388,
        "min": 0.0775180757046,
        "var": 0.00792420003563
    },
    "dynamic_complexity": 3.51944088936,
    "erbbands_kurtosis": {
        "dmean": 1.57594001293,
        "dmean2": 2.61381316185,
        "dvar": 2.84663152695,
        "dvar2": 7.70334100723,
        "max": 18.9086723328,
        "mean": 1.65193712711,
        "median": 1.12110424042,
        "min": -1.58235085011,
        "var": 5.60289144516
    },
    "erbbands_skewness": {
        "dmean": 0.441701501608,
        "dmean2": 0.708685040474,
        "dvar": 0.145408347249,
        "dvar2": 0.359660863876,
        "max": 2.77469015121,
        "mean": 0.693720936775,
        "median": 0.705518245697,
        "min": -1.25081348419,
        "var": 0.425274640322
    },
    "erbbands_spread": {
        "dmean": 4.29207420349,
        "dmean2": 6.77308702469,
        "dvar": 25.9186325073,
        "dvar2": 64.6024093628,
        "max": 47.1921653748,
        "mean": 13.0104532242,
        "median": 11.5106134415,
        "min": 2.04055404663,
        "var": 55.2647628784
    },
    "hfc": {
        "dmean": 4.2028427124,
        "dmean2": 6.06654214859,
        "dvar": 21.5371131897,
        "dvar2": 48.7855987549,
        "max": 35.4062461853,
        "mean": 10.4591808319,
        "median": 9.25250339508,
        "min": 1.17418565885e-16,
        "var": 62.2284011841
    },
    "melbands_kurtosis": {
        "dmean": 8.20544528961,
        "dmean2": 13.4555768967,
        "dvar": 111.292686462,
        "dvar2": 278.614044189,
        "max": 107.17615509,
        "mean": 14.9155426025,
        "median": 10.2895755768,
        "min": -1.42278313637,
        "var": 244.280609131
    },
    "melbands_skewness": {
        "dmean": 0.80481159687,
        "dmean2": 1.31040477753,
        "dvar": 0.64622759819,
        "dvar2": 1.59305012226,
        "max": 7.1952586174,
        "mean": 2.66867399216,
        "median": 2.53230786324,
        "min": -0.433313220739,
        "var": 2.10844945908
    },
    "melbands_spread": {
        "dmean": 1.65039396286,
        "dmean2": 2.75282287598,
        "dvar": 58.60338974,
        "dvar2": 118.087028503,
        "max": 149.075775146,
        "mean": 4.3149728775,
        "median": 2.50993084908,
        "min": 0.501582562923,
        "var": 158.140594482
    },
    "pitch_salience": {
        "dmean": 0.0903459265828,
        "dmean2": 0.156061068177,
        "dvar": 0.00714908353984,
        "dvar2": 0.0191101226956,
        "max": 0.834464609623,
        "mean": 0.407708406448,
        "median": 0.403256595135,
        "min": 0.139898270369,
        "var": 0.0167298670858
    },
    "silence_rate_20dB": {
        "dmean": 0,
        "dmean2": 0,
        "dvar": 0,
        "dvar2": 0,
        "max": 1,
        "mean": 1,
        "median": 1,
        "min": 1,
        "var": 0
    },
    "silence_rate_30dB": {
        "dmean": 0.136627912521,
        "dmean2": 0.273653566837,
        "dvar": 0.11796066165,
        "dvar2": 0.23079021275,
        "max": 1,
        "mean": 0.732946276665,
        "median": 1,
        "min": 0,
        "var": 0.195736661553
    },
    "silence_rate_60dB": {
        "dmean": 0.0232558138669,
        "dmean2": 0.0465793311596,
        "dvar": 0.0227148868144,
        "dvar2": 0.047321729362,
        "max": 1,
        "mean": 0.0972423776984,
        "median": 0,
        "min": 0,
        "var": 0.0877868235111
    },
    "spectral_centroid": {
        "dmean": 86.0312957764,
        "dmean2": 124.418815613,
        "dvar": 245935.90625,
        "dvar2": 353476.375,
        "max": 11383.7792969,
        "mean": 319.158355713,
        "median": 257.53225708,
        "min": 138.651397705,
        "var": 399457.4375
    },
    "spectral_complexity": {
        "dmean": 1.53779065609,
        "dmean2": 2.34643387794,
        "dvar": 2.57995843887,
        "dvar2": 5.1463971138,
        "max": 19,
        "mean": 7.00145149231,
        "median": 7,
        "min": 0,
        "var": 8.51813983917
    },
    "spectral_crest": {
        "dmean": 2.8780901432,
        "dmean2": 4.73804330826,
        "dvar": 7.16852283478,
        "dvar2": 18.0786476135,
        "max": 23.682352066,
        "mean": 15.4336490631,
        "median": 15.9520740509,
        "min": 5.22990751266,
        "var": 21.5060501099
    },
    "spectral_decrease": {
        "dmean": 6.86962442487e-09,
        "dmean2": 1.04730863981e-08,
        "dvar": 5.66047964976e-17,
        "dvar2": 1.28888530191e-16,
        "max": 1.52776571547e-28,
        "mean": -1.76427104037e-08,
        "median": -1.55494017662e-08,
        "min": -5.97916667289e-08,
        "var": 1.96830988419e-16
    },
    "spectral_energy": {
        "dmean": 0.0262815449387,
        "dmean2": 0.0400365628302,
        "dvar": 0.000826164206956,
        "dvar2": 0.00188009883277,
        "max": 0.227917864919,
        "mean": 0.0675362795591,
        "median": 0.0595376342535,
        "min": 1.06264258224e-20,
        "var": 0.00287252245471
    },
    "spectral_energyband_high": {
        "dmean": 2.30084606301e-06,
        "dmean2": 3.55246584149e-06,
        "dvar": 2.32873546835e-11,
        "dvar2": 5.85880441384e-11,
        "max": 6.23555242782e-05,
        "mean": 2.79397977465e-06,
        "median": 5.54901760097e-07,
        "min": 7.78244720605e-21,
        "var": 3.04251936145e-11
    },
    "spectral_energyband_low": {
        "dmean": 0.0225882045925,
        "dmean2": 0.0346975699067,
        "dvar": 0.000680645054672,
        "dvar2": 0.0015975991264,
        "max": 0.20990434289,
        "mean": 0.0532276667655,
        "median": 0.0426654964685,
        "min": 8.07135846278e-23,
        "var": 0.00226530944929
    },
    "spectral_energyband_middle_high": {
        "dmean": 0.000369449087884,
        "dmean2": 0.000574461708311,
        "dvar": 4.0355698161e-07,
        "dvar2": 9.75998091235e-07,
        "max": 0.00738574145362,
        "mean": 0.000485720374854,
        "median": 0.000153575019795,
        "min": 1.39078192026e-21,
        "var": 5.84291683481e-07
    },
    "spectral_energyband_middle_low": {
        "dmean": 0.00829097256064,
        "dmean2": 0.0130804590881,
        "dvar": 0.000111137494969,
        "dvar2": 0.000244184222538,
        "max": 0.0927082970738,
        "mean": 0.016701079905,
        "median": 0.0134493513033,
        "min": 1.68236603968e-22,
        "var": 0.000240376815782
    },
    "spectral_flatness_db": {
        "dmean": 0.0459381379187,
        "dmean2": 0.0669388324022,
        "dvar": 0.0020013328176,
        "dvar2": 0.00376352621242,
        "max": 0.703114807606,
        "mean": 0.417873561382,
        "median": 0.408992826939,
        "min": 0.054431438446,
        "var": 0.0112420730293
    },
    "spectral_flux": {
        "dmean": 0.0419386774302,
        "dmean2": 0.0658934563398,
        "dvar": 0.00176387734246,
        "dvar2": 0.0040542636998,
        "max": 0.326291501522,
        "mean": 0.0933331400156,
        "median": 0.0830663666129,
        "min": 6.51692450004e-11,
        "var": 0.0037489188835
    },
    "spectral_kurtosis": {
        "dmean": 55.3451652527,
        "dmean2": 89.3242950439,
        "dvar": 6793.63378906,
        "dvar2": 18745.9179688,
        "max": 814.859130859,
        "mean": 116.139709473,
        "median": 62.5261611938,
        "min": -1.1880261898,
        "var": 17535.3574219
    },
    "spectral_rms": {
        "dmean": 0.00156851508655,
        "dmean2": 0.00225006672554,
        "dvar": 2.39305518335e-06,
        "dvar2": 5.05527532368e-06,
        "max": 0.0149117037654,
        "mean": 0.00720718735829,
        "median": 0.00762138422579,
        "min": 3.21982067744e-12,
        "var": 1.39454541568e-05
    },
    "spectral_rolloff": {
        "dmean": 125.850265503,
        "dmean2": 233.072616577,
        "dvar": 978990.4375,
        "dvar2": 1913937.25,
        "max": 19121.484375,
        "mean": 432.352050781,
        "median": 193.798828125,
        "min": 107.666015625,
        "var": 2946819
    },
    "spectral_skewness": {
        "dmean": 2.00538659096,
        "dmean2": 3.17148256302,
        "dvar": 4.46417284012,
        "dvar2": 10.6049013138,
        "max": 24.3738079071,
        "mean": 7.45327472687,
        "median": 5.82254552841,
        "min": -0.036979932338,
        "var": 21.4576053619
    },
    "spectral_spread": {
        "dmean": 550352.375,
        "dmean2": 897718.5,
        "dvar": 4.06818573517e+12,
        "dvar2": 7.79785391309e+12,
        "max": 51520520,
        "mean": 1463309,
        "median": 1197584.25,
        "min": 117438.929688,
        "var": 8.66828890931e+12
    },
    "spectral_strongpeak": {
        "dmean": 0.273524940014,
        "dmean2": 0.42904073,
        "dvar": 0.0855824425817,
        "dvar2": 0.199504047632,
        "max": 3.06816458702,
        "mean": 0.788989782333,
        "median": 0.691923975945,
        "min": 0,
        "var": 0.267432898283
    },
    "zerocrossingrate": {
        "dmean": 0.00318163493648,
        "dmean2": 0.00471934117377,
        "dvar": 0.000555923674256,
        "dvar2": 0.000991674256511,
        "max": 0.5126953125,
        "mean": 0.0139064481482,
        "median": 0.0078125,
        "min": 0.0029296875,
        "var": 0.0020698311273
    },
    "barkbands": {
        "dmean": [3.02529952023e-05, 0.0104739516973, 0.0135029461235, 0.00358757376671, 0.00280485651456, 0.00202574487776, 0.0013077610638, 0.00121892883908, 0.000355170632247, 0.000157490823767, 0.000110282780952, 7.11486500222e-05, 4.49002764071e-05, 2.432407382e-05, 2.44817711064e-05, 2.01716447918e-05, 1.24830621644e-05, 6.03133048571e-06, 4.83570283905e-06, 1.92156608136e-06, 8.66301320457e-07, 4.51805107105e-07, 1.48626128293e-07, 6.40825916776e-08, 3.56237954691e-08, 1.88098780995e-08, 2.32826735669e-09],
        "dmean2": [5.08784141857e-05, 0.0175438653678, 0.0185260158032, 0.00578558258712, 0.00473644584417, 0.00335977762006, 0.00197307416238, 0.00196632742882, 0.000535361876246, 0.000259216292761, 0.000180189497769, 0.000115393420856, 7.84382064012e-05, 4.04970924137e-05, 4.12706176576e-05, 3.45307562384e-05, 2.06629738386e-05, 9.57410156843e-06, 7.87587487139e-06, 3.04231934933e-06, 1.35411482916e-06, 7.32928356229e-07, 2.22082036316e-07, 1.00314878182e-07, 5.89876165691e-08, 3.30221325839e-08, 4.18995993456e-09],
        "dvar": [8.3412787788e-09, 0.000336586439516, 0.000262916117208, 3.31417759298e-05, 1.30487487695e-05, 1.37697516038e-05, 8.8241931735e-06, 5.24354300069e-06, 7.52919390834e-07, 1.71198919929e-07, 1.20157451988e-07, 2.61729855566e-08, 2.11838706576e-08, 4.49901671473e-09, 4.1837435738e-09, 3.04795921835e-09, 9.46135836344e-10, 2.41411918234e-10, 1.32179253653e-10, 1.66647754624e-11, 3.96220903309e-12, 2.40385727816e-12, 1.25785354897e-13, 1.96029631194e-14, 5.88579435773e-15, 2.90847100703e-15, 1.11221803537e-17],
        "dvar2": [2.1241030268e-08, 0.000917599187233, 0.00045153152314, 7.91789425421e-05, 3.72555150534e-05, 3.1394079997e-05, 1.65334313351e-05, 1.22892770378e-05, 1.57863985351e-06, 4.3062630084e-07, 3.18946092648e-07, 7.03380891309e-08, 6.06274852544e-08, 1.16706138087e-08, 1.0445333487e-08, 8.65529070637e-09, 2.54553511603e-09, 6.14044148861e-10, 3.55135421071e-10, 4.22479724815e-11, 1.03787117789e-11, 6.41721701819e-12, 2.87994129412e-13, 4.76615952651e-14, 1.45820872331e-14, 8.21748336152e-15, 3.47577256753e-17],
        "max": [0.000967970700003, 0.161688998342, 0.144119516015, 0.0614088475704, 0.0369391553104, 0.0356452539563, 0.0338782593608, 0.019344098866, 0.00660779606551, 0.00367772695608, 0.0055519901216, 0.00206867069937, 0.00162227556575, 0.000767548277508, 0.000644898682367, 0.000515661376994, 0.000371401576558, 0.000181595256436, 0.000142949138535, 4.18132112827e-05, 2.72859269899e-05, 2.51679448411e-05, 4.96130405736e-06, 2.05941023523e-06, 1.13964517823e-06, 7.91576383108e-07, 2.75628195823e-08],
        "mean": [2.78745574178e-05, 0.0216052364558, 0.0287566184998, 0.00472305808216, 0.00505323475227, 0.00306279980578, 0.00185767328367, 0.00150613707956, 0.000416164373746, 0.000192231877008, 0.000126909973915, 7.58585665608e-05, 3.81553727493e-05, 2.37068870774e-05, 2.43418708123e-05, 1.88018220797e-05, 1.26922122945e-05, 6.13990141574e-06, 4.89669719173e-06, 2.04554635275e-06, 9.62560079643e-07, 5.0990007594e-07, 1.81628436735e-07, 7.44121848584e-08, 3.93422006084e-08, 1.90478868234e-08, 2.29100582949e-09],
        "median": [3.76141520064e-06, 0.00809869728982, 0.00987233035266, 0.00250132963993, 0.0029882825911, 0.00103775924072, 0.000601265404839, 0.000495105865411, 9.0437293693e-05, 2.92631502816e-05, 2.50656230492e-05, 1.94486874534e-05, 5.9942453845e-06, 3.58800161848e-06, 4.19795060225e-06, 3.18291222356e-06, 1.58446118803e-06, 9.67302526078e-07, 6.64983190291e-07, 3.14743914487e-07, 1.76540623897e-07, 9.27367693748e-08, 3.05971354919e-08, 1.69745337786e-08, 1.07180468945e-08, 6.39756114751e-09, 9.7632890661e-10],
        "min": [1.13115459397e-23, 2.61310017082e-23, 3.71736462646e-24, 7.27006716073e-24, 2.10083930029e-23, 1.20260275168e-23, 1.3595907261e-23, 4.62237023273e-23, 3.95371248126e-23, 2.78072995774e-23, 3.03492176733e-23, 5.99369195158e-23, 7.92681074595e-23, 8.04757020441e-23, 6.08362966784e-23, 1.17313057694e-22, 1.12573026017e-22, 2.45575908649e-22, 1.84252651289e-22, 2.55089167269e-22, 3.21857849416e-22, 5.4735784125e-22, 5.43236427984e-22, 8.32600200568e-22, 1.18716159778e-21, 1.58872466564e-21, 2.22787809787e-21],
        "var": [7.32916971558e-09, 0.000724316283595, 0.00138177361805, 4.63541655336e-05, 3.08832786686e-05, 2.55545564869e-05, 1.58647253556e-05, 6.69842756906e-06, 1.02493720533e-06, 2.20541522822e-07, 1.36976481713e-07, 2.80506426975e-08, 1.4478940713e-08, 4.18097112487e-09, 3.80342557449e-09, 2.29184493605e-09, 9.22347420662e-10, 2.3842214314e-10, 1.38910438707e-10, 1.81660970988e-11, 4.29039659702e-12, 2.07089358682e-12, 1.68641603503e-13, 2.54468721214e-14, 6.91032898831e-15, 2.09982559295e-15, 1.19910665856e-17]
    },
    "erbbands": {
        "dmean": [0.154393613338, 2.91298699379, 13.8673830032, 13.3156032562, 11.3415136337, 8.45284938812, 6.84199905396, 20.7559967041, 18.786157608, 23.5351772308, 20.7450695038, 8.88731956482, 6.70424365997, 3.97929739952, 4.6592040062, 2.88890099525, 2.03384542465, 1.60384833813, 1.28725600243, 1.11799681187, 0.972183465958, 0.62542283535, 0.369439959526, 0.322375953197, 0.180971086025, 0.0919088572264, 0.0506857819855, 0.0279232021421, 0.0161355771124, 0.007303644903, 0.00339742633514, 0.0017247768119, 0.000905362307094, 0.000462776079075, 0.000229025084991, 0.000111765228212, 3.6183402699e-05, 4.10254733652e-06, 1.1743786672e-05, 2.85733967758e-05],
        "dmean2": [0.262072920799, 4.80363893509, 19.6812019348, 19.8592090607, 19.5219497681, 13.2437896729, 11.7972021103, 33.8144035339, 28.1630535126, 36.275894165, 33.50233078, 13.4071359634, 10.2568464279, 6.56787252426, 7.53177309036, 4.70945501328, 3.44500589371, 2.68203926086, 2.12712574005, 1.88118171692, 1.6558214426, 1.03851091862, 0.573551595211, 0.53501445055, 0.292933702469, 0.145102515817, 0.0799161717296, 0.0461650267243, 0.0255225040019, 0.0110731208697, 0.00517844315618, 0.00266826176085, 0.00145431642886, 0.000765719159972, 0.000384679646231, 0.000186533172382, 6.24679669272e-05, 6.77524349157e-06, 1.7756014131e-05, 4.34783250967e-05],
        "dvar": [0.118721328676, 22.8684101105, 261.183654785, 315.679229736, 215.493301392, 123.267082214, 170.472869873, 1399.00073242, 1892.25866699, 2482.23339844, 2089.72509766, 417.376953125, 268.839141846, 133.213790894, 177.069030762, 49.4420890808, 39.5542602539, 13.9893102646, 11.8908700943, 7.88827323914, 6.47984361649, 2.66473150253, 0.689126312733, 0.653414726257, 0.164883852005, 0.0401705652475, 0.0142320599407, 0.00573202874511, 0.00172450847458, 0.000230682533584, 5.45017173863e-05, 1.40765414471e-05, 5.53769859835e-06, 9.54320739766e-07, 2.98357576867e-07, 6.76817109024e-08, 2.66226436452e-08, 1.24994736783e-10, 1.64074309694e-10, 9.73587765962e-10],
        "dvar2": [0.299968272448, 63.2439956665, 453.878967285, 783.125732422, 598.106506348, 299.986907959, 443.890106201, 3153.18164062, 3436.54321289, 5533.05371094, 5143.34912109, 848.475830078, 619.148254395, 326.763336182, 453.909667969, 133.75592041, 112.73815155, 37.2200393677, 29.679901123, 21.423576355, 18.329164505, 7.29836606979, 1.71745383739, 1.75202488899, 0.42563945055, 0.102889083326, 0.0368491522968, 0.015887780115, 0.00444987975061, 0.000524631992448, 0.000112534165964, 3.10138348141e-05, 1.4897706933e-05, 2.35517654801e-06, 7.23958748949e-07, 1.84318906804e-07, 7.79109825544e-08, 3.39163308549e-10, 3.73552078159e-10, 2.21443596793e-09],
        "max": [2.99630308151, 42.3675842285, 146.268600464, 160.538208008, 154.881607056, 90.7826919556, 143.094818115, 336.908233643, 499.106079102, 760.389160156, 380.443725586, 179.725067139, 138.000793457, 117.324890137, 195.903167725, 91.1022949219, 83.3388900757, 45.231967926, 37.5401115417, 36.1247940063, 23.8083324432, 22.9623966217, 10.2572317123, 10.2395267487, 3.21558141708, 2.5715918541, 1.5644659996, 1.15449965, 0.605538189411, 0.207116827369, 0.0970817282796, 0.0462265983224, 0.0400487631559, 0.0116417398676, 0.00959554128349, 0.00289522879757, 0.00297613115981, 0.000171562976902, 0.000101982128399, 0.000246875337325],
        "mean": [0.315592139959, 6.30075216293, 30.858455658, 23.9580173492, 18.9348087311, 15.8456506729, 10.3921232224, 31.3859481812, 26.979221344, 32.7093811035, 25.4967365265, 11.1099891663, 7.66441965103, 5.05542039871, 5.5871257782, 3.23152709007, 1.88129448891, 1.50436902046, 1.28957629204, 1.12098622322, 0.933248460293, 0.654111802578, 0.387039572001, 0.31766217947, 0.191165447235, 0.100531801581, 0.0547275692225, 0.0310111027211, 0.0186084788293, 0.00926343072206, 0.00439290329814, 0.0020717123989, 0.00104840006679, 0.00054562051082, 0.000275875587249, 0.000132931934786, 4.8763518862e-05, 6.09195240031e-06, 3.04473214783e-05, 7.34966452001e-05],
        "median": [0.0732975006104, 3.83597040176, 13.6330194473, 16.3231105804, 12.4126834869, 7.90358877182, 5.44490623474, 10.4441013336, 9.84299373627, 11.5326347351, 7.63731908798, 3.04393625259, 1.36204457283, 1.14548540115, 1.30859553814, 0.828233599663, 0.424053817987, 0.349863886833, 0.260553151369, 0.215670108795, 0.152350798249, 0.0962827503681, 0.0652174577117, 0.0439301356673, 0.0269703771919, 0.0165447052568, 0.00968840904534, 0.00611967360601, 0.00354302139021, 0.00177140219603, 0.000871551863384, 0.000459049741039, 0.000282609456917, 0.000174842367414, 0.000102889782283, 5.91223797528e-05, 2.857387517e-05, 3.71313308278e-06, 2.69567171927e-05, 6.4969957748e-05],
        "min": [1.06975263985e-21, 5.33360242861e-21, 6.35719683527e-21, 2.87457412077e-20, 6.98692127689e-20, 4.33262244518e-20, 7.90596934376e-20, 1.52282361033e-19, 2.00663470053e-19, 5.77405723473e-19, 9.97496790485e-19, 8.52999607808e-19, 9.47413072346e-19, 1.06579461212e-18, 9.5601988662e-19, 3.25092610004e-18, 3.94426433999e-18, 4.5741942229e-18, 3.11096776078e-18, 4.87951775393e-18, 7.34332566644e-18, 7.38907702612e-18, 1.1482951042e-17, 1.17903760253e-17, 7.68103786795e-18, 1.23554685967e-17, 1.32521605049e-17, 1.46456231745e-17, 1.95275653948e-17, 1.73245203801e-17, 1.47812377816e-17, 1.4196212639e-17, 1.55635355741e-17, 1.24685962988e-17, 9.60970707343e-18, 4.33462534672e-18, 3.08483050779e-18, 1.25626597626e-18, 3.32384331181e-19, 3.24542406942e-20],
        "var": [0.255651682615, 50.0738372803, 1364.4317627, 618.783081055, 443.493347168, 342.162841797, 223.474151611, 2690.22924805, 3335.94091797, 3540.67456055, 2291.76171875, 595.544555664, 327.449920654, 180.037139893, 222.206420898, 54.4184837341, 28.0083122253, 12.7198495865, 10.5256309509, 6.8271150589, 5.17958021164, 2.55863165855, 0.749342501163, 0.62935167551, 0.170034572482, 0.0436910502613, 0.015198815614, 0.00495345843956, 0.0017814518651, 0.000352957373252, 8.70317962836e-05, 2.0625151592e-05, 5.25653558725e-06, 1.15208183615e-06, 3.12983161166e-07, 5.8158729388e-08, 1.61297659673e-08, 1.19281307054e-10, 5.76028669208e-10, 3.38594507987e-09]
    },
    "gfcc": {
        "mean": [-191.864822388, 231.04486084, -51.9702568054, 1.54508697987, -30.8682308197, -12.5972967148, -14.5214223862, -8.5247631073, -5.10250520706, -10.209692955, -5.64948940277, -15.9365205765, -7.67035913467],
        "cov": [[20800.7714844, 1160.03527832, -3618.97338867, 1554.84411621, 320.491912842, -418.962402344, 22.2906627655, -14.9931402206, 39.0425071716, -184.945663452, -73.2305603027, -71.8586273193, 34.0054855347], [1160.03527832, 1215.78137207, 782.554931641, -492.565673828, -16.9590301514, 3.53134536743, 65.7305297852, -89.0643997192, 11.8962306976, -50.3678627014, 31.4602451324, -34.3000526428, 53.9390678406], [-3618.97338867, 782.554931641, 2283.17016602, -640.695495605, 37.1356086731, 215.400283813, 179.913909912, -58.3518676758, 13.8263692856, -10.4981861115, 100.377204895, 63.1997070312, 77.1363830566], [1554.84411621, -492.565673828, -640.695495605, 628.415710449, 149.030380249, -24.6781253815, 12.8783798218, 44.2377967834, 25.1810436249, 19.9000530243, 24.5383052826, 53.1152458191, 19.9197635651], [320.491912842, -16.9590301514, 37.1356086731, 149.030380249, 260.8046875, 56.566570282, 82.8114242554, 24.1767292023, 25.1705570221, 2.7373175621, 23.8597354889, 31.4228401184, 41.2107963562], [-418.962402344, 3.53134536743, 215.400283813, -24.6781253815, 56.566570282, 139.523971558, 73.0043640137, 17.7996807098, 1.93718612194, 1.4422069788, 13.2234706879, 7.87891530991, 14.8335161209], [22.2906627655, 65.7305297852, 179.913909912, 12.8783798218, 82.8114242554, 73.0043640137, 127.654830933, 22.6166553497, 8.32532501221, -18.0132026672, 13.9600982666, 20.4533157349, 23.7136116028], [-14.9931402206, -89.0643997192, -58.3518676758, 44.2377967834, 24.1767292023, 17.7996807098, 22.6166553497, 61.4418907166, 8.5581817627, -1.74624860287, -7.39813089371, 8.33581638336, 5.9382982254], [39.0425071716, 11.8962306976, 13.8263692856, 25.1810436249, 25.1705570221, 1.93718612194, 8.32532501221, 8.5581817627, 49.3645401001, 19.205450058, 10.2900257111, 6.63955116272, 10.7998008728], [-184.945663452, -50.3678627014, -10.4981861115, 19.9000530243, 2.7373175621, 1.4422069788, -18.0132026672, -1.74624860287, 19.205450058, 50.4826698303, 20.5086421967, 14.3281574249, 9.63298034668], [-73.2305603027, 31.4602451324, 100.377204895, 24.5383052826, 23.8597354889, 13.2234706879, 13.9600982666, -7.39813089371, 10.2900257111, 20.5086421967, 64.587600708, 42.7734947205, 34.1156463623], [-71.8586273193, -34.3000526428, 63.1997070312, 53.1152458191, 31.4228401184, 7.87891530991, 20.4533157349, 8.33581638336, 6.63955116272, 14.3281574249, 42.7734947205, 76.8778457642, 49.1717376709], [34.0054855347, 53.9390678406, 77.1363830566, 19.9197635651, 41.2107963562, 14.8335161209, 23.7136116028, 5.9382982254, 10.7998008728, 9.63298034668, 34.1156463623, 49.1717376709, 91.2085189819]],
        "icov": [[0.000223140988965, -0.000820775923785, 0.00041258658166, -0.000795750704128, 8.70071016834e-05, -9.26973298192e-05, -0.000112129375339, -9.80399054242e-05, 0.00014701524924, 0.0002175236732, 0.00029287658981, -0.000313453288982, 0.000257414649241], [-0.000820775923785, 0.00491390377283, -0.00168546650093, 0.00421873107553, -0.00070817861706, 0.00146476482041, -0.000630817085039, 0.0021817968227, -0.00193937146105, 0.00118645757902, -0.00270406133495, 0.00301918224432, -0.00250412989408], [0.00041258658166, -0.00168546650093, 0.00173693837132, -0.000518512446433, -1.02277790575e-05, -0.00109511858318, -0.000798025343101, 0.000445620564278, -0.000183121097507, 0.000651164795272, -0.00029266558704, -0.00158925016876, 0.000767573714256], [-0.000795750704128, 0.00421873107553, -0.000518512446433, 0.00705156009644, -0.00217748596333, 0.0010636721272, -0.000629984133411, 0.00113624427468, -0.00221930770203, 0.000688607164193, -0.0033827489242, 0.000102569159935, -0.000999008421786], [8.70071016834e-05, -0.00070817861706, -1.02277790575e-05, -0.00217748596333, 0.00626866705716, -0.0011301797349, -0.00262981746346, -0.000313665746944, -0.00116108939983, -0.000397362280637, 0.000546704162844, 0.000211364225834, -0.00121282972395], [-9.26973298192e-05, 0.00146476482041, -0.00109511858318, 0.0010636721272, -0.0011301797349, 0.0128563698381, -0.00641919439659, -0.00168223469518, 0.00231672287919, -0.00319728604518, -0.00187236722559, 0.00408632587641, -0.0013788578799], [-0.000112129375339, -0.000630817085039, -0.000798025343101, -0.000629984133411, -0.00262981746346, -0.00641919439659, 0.0169547814876, -0.00379221327603, -0.00219155382365, 0.00699933758005, -0.000384433049476, -0.00289915921167, 0.000525352894329], [-9.80399054242e-05, 0.0021817968227, 0.000445620564278, 0.00113624427468, -0.000313665746944, -0.00168223469518, -0.00379221327603, 0.0229269955307, -0.00533325364813, 0.00229329732247, 0.00451171491295, -0.00279697705992, -0.00176056940109], [0.00014701524924, -0.00193937146105, -0.000183121097507, -0.00221930770203, -0.00116108939983, 0.00231672287919, -0.00219155382365, -0.00533325364813, 0.02841184102, -0.0130774518475, 0.000331563322106, 0.00261387345381, -0.000719683477655], [0.0002175236732, 0.00118645757902, 0.000651164795272, 0.000688607164193, -0.000397362280637, -0.00319728604518, 0.00699933758005, 0.00229329732247, -0.0130774518475, 0.0336616113782, -0.00942474044859, -0.00154127157293, -0.000403950019972], [0.00029287658981, -0.00270406133495, -0.00029266558704, -0.0033827489242, 0.000546704162844, -0.00187236722559, -0.000384433049476, 0.00451171491295, 0.000331563322106, -0.00942474044859, 0.0328618735075, -0.0146153271198, -0.00111627287697], [-0.000313453288982, 0.00301918224432, -0.00158925016876, 0.000102569159935, 0.000211364225834, 0.00408632587641, -0.00289915921167, -0.00279697705992, 0.00261387345381, -0.00154127157293, -0.0146153271198, 0.0316963084042, -0.0119390897453], [0.000257414649241, -0.00250412989408, 0.000767573714256, -0.000999008421786, -0.00121282972395, -0.0013788578799, 0.000525352894329, -0.00176056940109, -0.000719683477655, -0.000403950019972, -0.00111627287697, -0.0119390897453, 0.0196500588208]]
    },
    "melbands": {
        "dmean": [0.00217792089097, 0.00595385534689, 0.00220924289897, 0.000763005635235, 0.00023288281227, 0.000438282237155, 0.000283675384708, 0.00026894005714, 0.000146629856317, 5.25205286976e-05, 3.30160473823e-05, 1.62009182532e-05, 1.54683875735e-05, 9.67185496847e-06, 4.68224607175e-06, 4.73450154459e-06, 2.80164545075e-06, 2.06607774089e-06, 1.56311193678e-06, 1.67448399679e-06, 9.96745711745e-07, 7.04924445927e-07, 4.67314720254e-07, 3.14007280622e-07, 2.72365440424e-07, 1.31921680691e-07, 1.02225790499e-07, 5.71226799195e-08, 3.56922136291e-08, 2.33560069063e-08, 1.54021027043e-08, 1.0618349755e-08, 5.85632120575e-09, 3.88080856339e-09, 2.13043782615e-09, 1.38525524385e-09, 9.5101349018e-10, 7.24578952394e-10, 4.66392813259e-10, 3.82274017996e-10],
        "dmean2": [0.00369781209156, 0.00884916074574, 0.00333379558288, 0.00128747918643, 0.000388141546864, 0.000718033697922, 0.000421431090217, 0.000416317925556, 0.000237389991526, 7.96531530796e-05, 5.08293524035e-05, 2.69381835096e-05, 2.55456361629e-05, 1.54929584824e-05, 7.75908119977e-06, 8.28350857773e-06, 4.67196923637e-06, 3.44650129591e-06, 2.60923229689e-06, 2.86415956907e-06, 1.70659791365e-06, 1.17594129279e-06, 7.36459696782e-07, 5.04173954141e-07, 4.57507098872e-07, 2.15588599417e-07, 1.66027675164e-07, 9.2850896749e-08, 5.73272807003e-08, 3.71641633024e-08, 2.63265782507e-08, 1.74234937589e-08, 9.02371422029e-09, 6.01892935492e-09, 3.34176220029e-09, 2.13729567378e-09, 1.5284027377e-09, 1.19454546255e-09, 7.59012463991e-10, 6.47473075155e-10],
        "dvar": [1.78699174285e-05, 4.71201201435e-05, 7.63883690524e-06, 9.28703798309e-07, 1.40721013508e-07, 6.4105012143e-07, 4.26493954819e-07, 2.75951521189e-07, 1.11430466632e-07, 1.5807835041e-08, 6.76179423564e-09, 2.50729548235e-09, 2.64788191373e-09, 4.42877373663e-10, 1.28074911787e-10, 2.51466653056e-10, 4.82286051373e-11, 3.19442146346e-11, 1.63021818267e-11, 2.14786105568e-11, 7.06082718335e-12, 4.361890623e-12, 1.88357077331e-12, 8.96938773254e-13, 5.55734820142e-13, 1.06331095187e-13, 5.377814215e-14, 1.86805645686e-14, 6.74319922342e-15, 3.11838313554e-15, 2.93878822204e-15, 1.16006657253e-15, 1.52113061874e-16, 9.86735083862e-17, 2.15461838745e-17, 9.15271377323e-18, 4.78376291264e-18, 5.79523026668e-18, 1.08409763754e-18, 7.37389588374e-19],
        "dvar2": [4.75333472423e-05, 0.000100036137155, 1.91470389836e-05, 2.66905294666e-06, 3.60549677225e-07, 1.43679096709e-06, 7.66700111399e-07, 6.28116538337e-07, 2.74325941518e-07, 3.15968655684e-08, 1.56243391558e-08, 6.16837425582e-09, 7.13524217488e-09, 1.14167220122e-09, 3.38324201987e-10, 7.17130299588e-10, 1.24092583431e-10, 8.23509663239e-11, 4.14157909356e-11, 6.05682171084e-11, 1.99634007242e-11, 1.21903138625e-11, 4.74790953081e-12, 2.30274111411e-12, 1.5196474721e-12, 2.86298708265e-13, 1.37205608745e-13, 5.07115576203e-14, 1.77773970539e-14, 8.26447505537e-15, 8.3622590799e-15, 3.20126996811e-15, 3.58744737653e-16, 2.46529362815e-16, 4.89567341848e-17, 1.75761139809e-17, 1.18040129249e-17, 1.67663852249e-17, 2.87038993104e-18, 1.86352542352e-18],
        "max": [0.035858053714, 0.0629081577063, 0.0241428557783, 0.00901793409139, 0.00406660325825, 0.00770808802918, 0.00771856168285, 0.00695465505123, 0.00282119424082, 0.00112033553887, 0.000691363180522, 0.000518119777553, 0.000861019070726, 0.000228575445362, 0.000141803291626, 0.00014499136887, 8.06157768238e-05, 5.48457355762e-05, 3.7873724068e-05, 4.47565616923e-05, 2.87546845357e-05, 2.99758066831e-05, 2.32761613006e-05, 1.11429671961e-05, 1.03959728222e-05, 3.73935858988e-06, 2.03677313948e-06, 1.50747075622e-06, 1.08167068902e-06, 7.55784640205e-07, 8.9364817768e-07, 5.02394755131e-07, 1.71171890884e-07, 1.38440199748e-07, 6.14032913404e-08, 5.13349185383e-08, 2.65163091484e-08, 4.28241868633e-08, 1.25879129342e-08, 8.83751294367e-09],
        "mean": [0.0045177442953, 0.0137155195698, 0.00421750172973, 0.00136071338784, 0.000386611936847, 0.000663549813908, 0.000407365208957, 0.000362435646821, 0.00017600938736, 6.39182471787e-05, 3.67871616618e-05, 1.99706882995e-05, 1.78913614945e-05, 1.09628626888e-05, 5.09884239364e-06, 3.93101345253e-06, 2.6417137633e-06, 1.98624434233e-06, 1.56286535002e-06, 1.58159400598e-06, 9.49074376422e-07, 7.10978724783e-07, 4.83630230974e-07, 2.98400436805e-07, 2.60087034576e-07, 1.38221807333e-07, 1.01765778027e-07, 6.05405574561e-08, 3.67132493295e-08, 2.5251335245e-08, 1.58322954746e-08, 1.15230456288e-08, 7.03594160711e-09, 4.47475922982e-09, 2.62548649488e-09, 1.64350943965e-09, 1.06162811875e-09, 7.55508211547e-10, 5.07757447199e-10, 4.07699929372e-10],
        "median": [0.00127807306126, 0.00932104326785, 0.00322355260141, 0.000873705197591, 0.000253064528806, 0.000221974143642, 0.000147787723108, 0.000133193956572, 4.5369786676e-05, 1.38985251397e-05, 5.33431875738e-06, 3.68139740203e-06, 3.60165381608e-06, 2.86221734314e-06, 9.09130108084e-07, 6.08935806667e-07, 4.29744659414e-07, 4.03663705129e-07, 2.75613615486e-07, 2.93380992389e-07, 1.24573020344e-07, 8.17283236643e-08, 7.26767481751e-08, 4.0874709839e-08, 2.99703764028e-08, 1.90049203042e-08, 1.41010758625e-08, 9.53370093981e-09, 6.11965722541e-09, 4.01656929938e-09, 3.23745941166e-09, 2.13750750433e-09, 1.30775168472e-09, 7.46952555364e-10, 5.03504959948e-10, 3.27420923707e-10, 2.30185981387e-10, 1.78194015099e-10, 1.25393431749e-10, 1.01126003405e-10],
        "min": [8.07653544136e-24, 4.16872046528e-24, 6.60709386206e-24, 4.11843137144e-24, 2.6338468182e-24, 3.08123409502e-24, 2.88941171908e-24, 7.86148959201e-24, 8.40439234445e-24, 5.05127793009e-24, 4.56727547714e-24, 3.8298530361e-24, 3.30954365441e-24, 5.14349498105e-24, 8.28879187854e-24, 8.46719119454e-24, 7.35431434996e-24, 4.94469059445e-24, 5.56306130311e-24, 7.22264320969e-24, 8.00488083875e-24, 7.23764497753e-24, 8.74854711385e-24, 1.10459640831e-23, 9.2321945794e-24, 6.30453336161e-24, 6.06979517748e-24, 7.63249668186e-24, 9.29461004308e-24, 6.34755467993e-24, 8.93910198753e-24, 1.07128273339e-23, 9.88873511182e-24, 9.70387581388e-24, 8.05294534485e-24, 8.01769982846e-24, 8.48756747172e-24, 1.12567398283e-23, 1.03335682543e-23, 1.01414506471e-23],
