{
"metadata": {
    "version": {
        "essentia": "2.0.1",
        "extractor": "archive-music 1.0"
    },
    "audio_properties": {
        "analysis_sample_rate": 44100,
        "bitrate": 128,
        "channels": 2,
        "equal_loudness": 0,
        "length": 15.5689792633,
        "replay_gain": -7.12664222717,
        "downmix": "mix"
    },
    "tags": {
        "track": 0,
        "year": 0,
        "album": "Démo",
        "artist": "YAM",
        "comment": "",
        "genre": "Other",
        "title": "Subsistance"
    }
},
"highlevel": {
    "culture": {
        "all": {
            "non_western": 6.78545916344e-07,
            "western": 0.999999344349
        },
        "probability": 0.999999344349,
        "value": "western"
    },
    "danceability": {
        "all": {
            "danceable": 0.84102845192,
            "not_danceable": 0.158971562982
        },
        "probability": 0.84102845192,
        "value": "danceable"
    },
    "gender": {
        "all": {
            "female": 0.850866675377,
            "male": 0.149133309722
        },
        "probability": 0.850866675377,
        "value": "female"
    },
    "genre_dortmund": {
        "all": {
            "alternative": 0.0151902223006,
            "blues": 0.0381972491741,
            "electronic": 0.0194461606443,
            "folkcountry": 0.0536123923957,
            "funksoulrnb": 0.101379841566,
            "jazz": 0.361924558878,
            "pop": 0.144936993718,
            "raphiphop": 0.222665801644,
            "rock": 0.0426467843354
        },
        "probability": 0.361924558878,
        "value": "jazz"
    },
    "genre_electronic": {
        "all": {
            "ambient": 0.796767890453,
            "dnb": 0.0421688817441,
            "house": 0.0963696241379,
            "techno": 0.00943156145513,
            "trance": 0.0552620589733
        },
        "probability": 0.796767890453,
        "value": "ambient"
    },
    "genre_rosamerica": {
        "all": {
            "cla": 0.00223037879914,
            "dan": 0.00278472085483,
            "hip": 0.00648082140833,
            "jaz": 0.00726931495592,
            "pop": 0.925458133221,
            "rhy": 0.0347968451679,
            "roc": 0.0140065513551,
            "spe": 0.00697324750945
        },
        "probability": 0.925458133221,
        "value": "pop"
    },
    "genre_tzanetakis": {
        "all": {
            "blu": 0.00230823690072,
            "cla": 0.00335479504429,
            "cou": 0.0137181673199,
            "dis": 0.00544344494119,
            "hip": 0.0921201407909,
            "jaz": 0.0201681368053,
            "met": 0.00178021856118,
            "pop": 0.766447842121,
            "reg": 0.0529405400157,
            "roc": 0.0417184941471
        },
        "probability": 0.766447842121,
        "value": "pop"
    },
    "mirex_ballroom": {
        "all": {
            "ChaChaCha": 0.304989218712,
            "Jive": 0.145506799221,
            "Quickstep": 0.225408107042,
            "Rumba-American": 0.0153432320803,
            "Rumba-International": 0.133759588003,
            "Rumba-Misc": 0.0465034246445,
            "Samba": 0.0985650867224,
            "Tango": 0.0067698690109,
            "VienneseWaltz": 0.0133345527574,
            "Waltz": 0.00982010457665
        },
        "probability": 0.304989218712,
        "value": "ChaChaCha"
    },
    "mood_acoustic": {
        "all": {
            "acoustic": 0.327367931604,
            "not_acoustic": 0.672632098198
        },
        "probability": 0.672632098198,
        "value": "not_acoustic"
    },
    "mood_aggressive": {
        "all": {
            "aggressive": 0.00282308319584,
            "not_aggressive": 0.99717694521
        },
        "probability": 0.99717694521,
        "value": "not_aggressive"
    },
    "mood_electronic": {
        "all": {
            "electronic": 0.653016328812,
            "not_electronic": 0.346983641386
        },
        "probability": 0.653016328812,
        "value": "electronic"
    },
    "mood_happy": {
        "all": {
            "happy": 0.524380624294,
            "not_happy": 0.475619375706
        },
        "probability": 0.524380624294,
        "value": "happy"
    },
    "mood_party": {
        "all": {
            "not_party": 0.517857015133,
            "party": 0.482142984867
        },
        "probability": 0.517857015133,
        "value": "not_party"
    },
    "mood_relaxed": {
        "all": {
            "not_relaxed": 0.120552204549,
            "relaxed": 0.879447817802
        },
        "probability": 0.879447817802,
        "value": "relaxed"
    },
    "mood_sad": {
        "all": {
            "not_sad": 0.637632787228,
            "sad": 0.362367242575
        },
        "probability": 0.637632787228,
        "value": "not_sad"
    },
    "moods_mirex": {
        "all": {
            "Cluster1": 0.230179518461,
            "Cluster2": 0.323740720749,
            "Cluster3": 0.0699129849672,
            "Cluster4": 0.302564501762,
            "Cluster5": 0.0736022889614
        },
        "probability": 0.323740720749,
        "value": "Cluster2"
    },
    "timbre": {
        "all": {
            "bright": 0.913657188416,
            "dark": 0.0863427966833
        },
        "probability": 0.913657188416,
        "value": "bright"
    },
    "tonal_atonal": {
        "all": {
            "atonal": 0.201138108969,
            "tonal": 0.798861861229
        },
        "probability": 0.798861861229,
        "value": "tonal"
    },
    "voice_instrumental": {
        "all": {
            "instrumental": 0.547358334064,
            "voice": 0.452641665936
        },
        "probability": 0.547358334064,
        "value": "instrumental"
    }
},
"lowlevel": {
    "average_loudness": 0.976914465427,
    "barkbands_kurtosis": {
        "dmean": 4.72983217239,
        "dmean2": 7.51129150391,
        "dvar": 73.109954834,
        "dvar2": 191.648620605,
        "max": 84.4893188477,
        "mean": 6.91613483429,
        "median": 3.41996884346,
        "min": -1.71293580532,
        "var": 102.791107178
    },
    "barkbands_skewness": {
        "dmean": 0.67812114954,
        "dmean2": 1.02682626247,
        "dvar": 0.630470514297,
        "dvar2": 1.47015547752,
        "max": 8.45225143433,
        "mean": 1.84869551659,
        "median": 1.6298687458,
        "min": -3.73947954178,
        "var": 1.82495188713
    },
    "barkbands_spread": {
        "dmean": 5.87746238708,
        "dmean2": 8.48165130615,
        "dvar": 55.2353401184,
        "dvar2": 118.010131836,
        "max": 101.773216248,
        "mean": 18.6092147827,
        "median": 14.9653186798,
        "min": 0.842787146568,
        "var": 166.214080811
    },
    "dissonance": {
        "dmean": 0.0293709170073,
        "dmean2": 0.0496950745583,
        "dvar": 0.000688935688231,
        "dvar2": 0.00197640596889,
        "max": 0.499898314476,
        "mean": 0.43665549159,
        "median": 0.444999158382,
        "min": 0.264459937811,
        "var": 0.00182701414451
    },
    "dynamic_complexity": 3.50199842453,
    "erbbands_kurtosis": {
        "dmean": 1.30648183823,
        "dmean2": 1.9980134964,
        "dvar": 4.8028254509,
        "dvar2": 13.1899738312,
        "max": 49.5947303772,
        "mean": 1.57361114025,
        "median": 0.644785284996,
        "min": -1.70448660851,
        "var": 17.9128093719
    },
    "erbbands_skewness": {
        "dmean": 0.402296215296,
        "dmean2": 0.610281348228,
        "dvar": 0.173003450036,
        "dvar2": 0.364930361509,
        "max": 4.86875152588,
        "mean": 0.770316243172,
        "median": 0.793774962425,
        "min": -1.61242580414,
        "var": 0.45381078124
    },
    "erbbands_spread": {
        "dmean": 10.050661087,
        "dmean2": 14.155257225,
        "dvar": 140.893249512,
        "dvar2": 255.734588623,
        "max": 141.258911133,
        "mean": 39.9787063599,
        "median": 36.8608703613,
        "min": 0.925886452198,
        "var": 578.430541992
    },
    "hfc": {
        "dmean": 8.35247802734,
        "dmean2": 10.5778417587,
        "dvar": 165.675735474,
        "dvar2": 302.276947021,
        "max": 120.498085022,
        "mean": 19.803030014,
        "median": 12.3097419739,
        "min": 1.14202395019e-16,
        "var": 438.435089111
    },
    "melbands_kurtosis": {
        "dmean": 11.5516471863,
        "dmean2": 18.2153968811,
        "dvar": 472.147460938,
        "dvar2": 1160.49414062,
        "max": 276.588684082,
        "mean": 18.184885025,
        "median": 8.99998283386,
        "min": -1.66985023022,
        "var": 696.246826172
    },
    "melbands_skewness": {
        "dmean": 0.944299995899,
        "dmean2": 1.39286649227,
        "dvar": 1.39665842056,
        "dvar2": 3.08875489235,
        "max": 14.6484699249,
        "mean": 2.80238842964,
        "median": 2.39270853996,
        "min": -3.24710083008,
        "var": 3.96970939636
    },
    "melbands_spread": {
        "dmean": 5.79539823532,
        "dmean2": 8.33530807495,
        "dvar": 82.277305603,
        "dvar2": 171.832748413,
        "max": 149.069366455,
        "mean": 17.4621448517,
        "median": 14.4454183578,
        "min": 1.05319035053,
        "var": 255.629425049
    },
    "pitch_salience": {
        "dmean": 0.07016158849,
        "dmean2": 0.108039811254,
        "dvar": 0.00418916670606,
        "dvar2": 0.0103483945131,
        "max": 0.995311617851,
        "mean": 0.549566924572,
        "median": 0.553772985935,
        "min": 0.147075310349,
        "var": 0.0112276989967
    },
    "silence_rate_20dB": {
        "dmean": 0,
        "dmean2": 0,
        "dvar": 0,
        "dvar2": 0,
        "max": 1,
        "mean": 1,
        "median": 1,
        "min": 1,
        "var": 0
    },
    "silence_rate_30dB": {
        "dmean": 0.0357675105333,
        "dmean2": 0.0716417878866,
        "dvar": 0.034488234669,
        "dvar2": 0.0665088370442,
        "max": 1,
        "mean": 0.946428596973,
        "median": 1,
        "min": 0,
        "var": 0.0507016815245
    },
    "silence_rate_60dB": {
        "dmean": 0.0178837552667,
        "dmean2": 0.0358208939433,
        "dvar": 0.0175638832152,
        "dvar2": 0.0464783273637,
        "max": 1,
        "mean": 0.0758928582072,
        "median": 0,
        "min": 0,
        "var": 0.0701335370541
    },
    "spectral_centroid": {
        "dmean": 258.921325684,
        "dmean2": 350.106536865,
        "dvar": 220464.40625,
        "dvar2": 296183.15625,
        "max": 10878.8671875,
        "mean": 1093.59509277,
        "median": 982.741943359,
        "min": 228.423522949,
        "var": 594956.125
    },
    "spectral_complexity": {
        "dmean": 3.785394907,
        "dmean2": 5.34328365326,
        "dvar": 27.3220939636,
        "dvar2": 57.5476608276,
        "max": 58,
        "mean": 13.8869047165,
        "median": 12,
        "min": 0,
        "var": 72.1152496338
    },
    "spectral_crest": {
        "dmean": 2.41241526604,
        "dmean2": 3.83834648132,
        "dvar": 5.4085278511,
        "dvar2": 13.0095758438,
        "max": 24.6188488007,
        "mean": 9.70157909393,
        "median": 8.66033744812,
        "min": 2.8371899128,
        "var": 16.3534145355
    },
    "spectral_decrease": {
        "dmean": 4.99765206996e-09,
        "dmean2": 7.30033677954e-09,
        "dvar": 1.57018838476e-16,
        "dvar2": 3.48331976344e-16,
        "max": 6.33093316322e-29,
        "mean": -9.53812495652e-09,
        "median": -6.481776893e-09,
        "min": -1.0995160693e-07,
        "var": 1.93452557804e-16
    },
    "spectral_energy": {
        "dmean": 0.0194373186678,
        "dmean2": 0.0281541477889,
        "dvar": 0.00229186587967,
        "dvar2": 0.00508161541075,
        "max": 0.419693946838,
        "mean": 0.0377952605486,
        "median": 0.0255288854241,
        "min": 1.01195595929e-20,
        "var": 0.00285412464291
    },
    "spectral_energyband_high": {
        "dmean": 0.00050817563897,
        "dmean2": 0.000664026127197,
        "dvar": 7.46100567994e-07,
        "dvar2": 1.33519256451e-06,
        "max": 0.0110280085355,
        "mean": 0.000943919527344,
        "median": 0.000302672211546,
        "min": 7.3353649707e-21,
        "var": 2.08968890547e-06
    },
    "spectral_energyband_low": {
        "dmean": 0.0139581887051,
        "dmean2": 0.0210525691509,
        "dvar": 0.00198421347886,
        "dvar2": 0.00453581195325,
        "max": 0.379594177008,
        "mean": 0.0187921375036,
        "median": 0.00843419972807,
        "min": 7.07970413802e-23,
        "var": 0.00211792578921
    },
    "spectral_energyband_middle_high": {
        "dmean": 0.00210429076105,
        "dmean2": 0.00292392494157,
        "dvar": 1.24263779071e-05,
        "dvar2": 2.57635383605e-05,
        "max": 0.0368794389069,
        "mean": 0.00393428327516,
        "median": 0.00188732822426,
        "min": 1.44174147645e-21,
        "var": 2.62725661742e-05
    },
    "spectral_energyband_middle_low": {
        "dmean": 0.00549530470744,
        "dmean2": 0.00793746020645,
        "dvar": 6.30022623227e-05,
        "dvar2": 0.000148370716488,
        "max": 0.0917359516025,
        "mean": 0.0148653769866,
        "median": 0.012541461736,
        "min": 2.0373112903e-22,
        "var": 0.000143021723488
    },
    "spectral_flatness_db": {
        "dmean": 0.0262414477766,
        "dmean2": 0.0364658311009,
        "dvar": 0.00071502145147,
        "dvar2": 0.00136647897307,
        "max": 0.327127784491,
        "mean": 0.153007417917,
        "median": 0.148772567511,
        "min": 0.0329728387296,
        "var": 0.00355468085036
    },
    "spectral_flux": {
        "dmean": 0.0392772816122,
        "dmean2": 0.0603738874197,
        "dvar": 0.00344414496794,
        "dvar2": 0.00798914954066,
        "max": 0.566412746906,
        "mean": 0.0944089144468,
        "median": 0.0764876157045,
        "min": 1.04118484667e-10,
        "var": 0.00634408649057
    },
    "spectral_kurtosis": {
        "dmean": 1.7941608429,
        "dmean2": 2.79058384895,
        "dvar": 5.95396566391,
        "dvar2": 13.9438247681,
        "max": 40.6614341736,
        "mean": 5.19949054718,
        "median": 4.29832649231,
        "min": -1.17562758923,
        "var": 19.1938285828
    },
    "spectral_rms": {
        "dmean": 0.00122411432676,
        "dmean2": 0.0017113906797,
        "dvar": 4.0667932808e-06,
        "dvar2": 8.19635624794e-06,
        "max": 0.0202350560576,
        "mean": 0.00524412747473,
        "median": 0.00499061401933,
        "min": 3.14209183845e-12,
        "var": 9.37254844757e-06
    },
    "spectral_rolloff": {
        "dmean": 500.076843262,
        "dmean2": 802.352172852,
        "dvar": 1584490.875,
        "dvar2": 3345200.5,
        "max": 19035.3515625,
        "mean": 1213.83850098,
        "median": 775.1953125,
        "min": 43.06640625,
        "var": 3853694.5
    },
    "spectral_skewness": {
        "dmean": 0.267128050327,
        "dmean2": 0.396977812052,
        "dvar": 0.0817356333137,
        "dvar2": 0.161495864391,
        "max": 4.94737434387,
        "mean": 1.77460801601,
        "median": 1.7097016573,
        "min": 0.013361110352,
        "var": 0.413915574551
    },
    "spectral_spread": {
        "dmean": 824474.0625,
        "dmean2": 1077113,
        "dvar": 3.12767807488e+12,
        "dvar2": 3.33650015027e+12,
        "max": 40062484,
        "mean": 5456049,
        "median": 4883299,
        "min": 1578239.5,
        "var": 7.54082276966e+12
    },
    "spectral_strongpeak": {
        "dmean": 0.42293715477,
        "dmean2": 0.734095215797,
        "dvar": 0.516399502754,
        "dvar2": 1.35075759888,
        "max": 6.45547533035,
        "mean": 0.741664111614,
        "median": 0.425081372261,
        "min": 0,
        "var": 0.695432186127
    },
    "zerocrossingrate": {
        "dmean": 0.0133444136009,
        "dmean2": 0.0161577370018,
        "dvar": 0.000575260666665,
        "dvar2": 0.000920186575968,
        "max": 0.50830078125,
        "mean": 0.0613163523376,
        "median": 0.0478515625,
        "min": 0.00830078125,
        "var": 0.00297493860126
    },
    "barkbands": {
        "dmean": [0.0043480549939, 0.00982600823045, 0.00144794734661, 0.000978864030913, 0.00196883012541, 0.00104214716703, 0.000992560409941, 0.0014456800418, 0.00113081349991, 0.00110340910032, 0.00042116935947, 0.00050668878248, 0.000165367673617, 0.000119705488032, 0.000194578140508, 0.000383013975807, 0.00015908635396, 7.21620526747e-05, 8.71905358508e-05, 0.000103789010609, 0.000131449938635, 0.000106416155177, 7.84434305388e-05, 5.74101977691e-05, 7.01233802829e-05, 7.3619223258e-05, 1.94095864572e-05],
        "dmean2": [0.00712007284164, 0.0156201608479, 0.00246058031917, 0.00147281831596, 0.00324296276085, 0.00155407027341, 0.00140010484029, 0.00231687654741, 0.00168561504688, 0.00153500540182, 0.000724741199519, 0.000789473298937, 0.000263034860836, 0.00019091986178, 0.000289853429422, 0.00056273303926, 0.000232277496252, 0.000110205583042, 0.000138776624226, 0.000165946548805, 0.000197173343622, 0.000153243920067, 0.000112027584692, 8.40360880829e-05, 9.9645658338e-05, 0.000103443184344, 2.98806226056e-05],
        "dvar": [0.000271041615633, 0.00106012669858, 1.62631331477e-05, 2.84652378468e-06, 1.75189252332e-05, 2.02471801458e-06, 4.70802433483e-06, 8.12307462184e-06, 3.69500912711e-06, 3.62813807442e-06, 1.04761033981e-06, 1.29357783862e-06, 2.03949554134e-07, 9.20770730772e-08, 1.41324136393e-07, 1.14243243843e-06, 1.49252102233e-07, 1.59486166496e-08, 3.38013563805e-08, 3.31541230025e-08, 9.00359964362e-08, 4.35529798892e-08, 2.75536073957e-08, 1.23319088274e-08, 2.20325606648e-08, 2.59003627434e-08, 2.58253285423e-09],
        "dvar2": [0.000654873205349, 0.00263283867389, 4.63673895865e-05, 6.03442458669e-06, 4.57973073935e-05, 4.44960642199e-06, 7.62440413382e-06, 2.09259906114e-05, 6.89549233357e-06, 6.98723033565e-06, 2.77297135653e-06, 3.147346888e-06, 5.12712745149e-07, 2.01710108172e-07, 2.8796429774e-07, 2.29572196986e-06, 2.80888542648e-07, 3.56064902007e-08, 7.97286219267e-08, 8.25191577292e-08, 2.20843290322e-07, 8.36134077531e-08, 5.0957353892e-08, 2.47023645983e-08, 4.42598349082e-08, 5.20060687847e-08, 5.89100768167e-09],
        "max": [0.152314722538, 0.283021718264, 0.0498030781746, 0.0150091722608, 0.0646261572838, 0.0174552146345, 0.0242140833288, 0.029394287616, 0.0285514052957, 0.0220605581999, 0.0111847836524, 0.0141587117687, 0.00601304601878, 0.00449304655194, 0.00412194058299, 0.00997579377145, 0.00594677682966, 0.00175294466317, 0.00194665882736, 0.00173101667315, 0.00464234361425, 0.00299172918312, 0.00253147841431, 0.000935734133236, 0.00219249166548, 0.0013105107937, 0.000437282200437],
        "mean": [0.00386678148061, 0.0121719017625, 0.00254748575389, 0.00205578980967, 0.00380016118288, 0.00210353429429, 0.00163142988458, 0.0019358494319, 0.00200028251857, 0.00194636394735, 0.000473336083815, 0.00071528396802, 0.000209452467971, 0.000192168605281, 0.00024593481794, 0.000422587676439, 0.000211435588426, 0.000117150055303, 0.000135106558446, 0.000193200379726, 0.00018743853434, 0.000168347090948, 0.000124032769236, 9.08973015612e-05, 0.000118896707136, 0.000110974680865, 1.94665717572e-05],
        "median": [8.85010013008e-05, 0.00460075866431, 0.00126212753821, 0.000710379797965, 0.00299255666323, 0.00134134688415, 0.000486355973408, 0.000749185681343, 0.000629028188996, 0.000461637158878, 8.23868103907e-05, 0.000154791079694, 3.10496834572e-05, 3.01675863739e-05, 5.37885935046e-05, 5.3546827985e-05, 4.64973127237e-05, 3.72220856661e-05, 4.63767864858e-05, 0.00010455368465, 4.23482524639e-05, 1.5126701328e-05, 2.84478555841e-05, 1.58012044267e-05, 3.20329745591e-05, 1.44044315675e-05, 3.71266025923e-07],
        "min": [6.77564543294e-24, 7.53152721916e-24, 3.90925796044e-23, 8.2640240127e-24, 3.3440280778e-23, 1.00405979358e-23, 2.25111667165e-23, 3.35090883816e-23, 3.28301946865e-23, 7.87131343464e-23, 5.35561707522e-23, 6.98974370257e-23, 3.19908151289e-23, 7.09863490648e-23, 6.49709060093e-23, 1.24708142742e-22, 1.32094846932e-22, 2.23430020819e-22, 2.6162752413e-22, 3.69995277812e-22, 3.71821042735e-22, 4.80190311029e-22, 6.5270280616e-22, 7.3360333189e-22, 8.7167893093e-22, 1.59778346465e-21, 2.41563032546e-21],
        "var": [0.000272526871413, 0.00096985156415, 1.57118411153e-05, 7.79680703999e-06, 1.9016510123e-05, 5.53587415197e-06, 1.08199556053e-05, 9.57768315857e-06, 9.83255631581e-06, 1.02580952444e-05, 1.41493717365e-06, 2.35056040765e-06, 2.76641316077e-07, 2.28151378678e-07, 2.15405876247e-07, 1.51724691477e-06, 2.39559796e-07, 3.44569563993e-08, 5.32699289124e-08, 6.39485193688e-08, 1.6584621676e-07, 1.09191375941e-07, 5.4375213665e-08, 2.73683475882e-08, 5.17534139988e-08, 5.56207346847e-08, 3.13154724374e-09]
    },
    "erbbands": {
        "dmean": [0.494646012783, 1.58360779285, 1.97673368454, 2.40772080421, 4.49647521973, 6.75327110291, 11.9514160156, 7.40759849548, 14.1924438477, 16.0193729401, 31.6994743347, 22.4304637909, 41.4595756531, 17.7563686371, 18.8543434143, 20.9311828613, 7.8938574791, 7.03617525101, 10.22960186, 13.4166879654, 15.533288002, 6.45781421661, 4.11016654968, 3.80750179291, 4.59535741806, 4.7202911377, 6.25631332397, 3.88853502274, 3.49450564384, 3.34553647041, 2.04986166954, 1.58478188515, 0.746482729912, 0.676567792892, 0.609273731709, 0.361042946577, 0.123133614659, 0.0399950258434, 0.00221002241597, 5.45760376554e-05],
        "dmean2": [0.768110573292, 2.79183483124, 3.36879873276, 3.64347195625, 7.2974858284, 11.3580999374, 19.6865787506, 11.1034727097, 19.6915149689, 24.8220939636, 49.0459136963, 32.7814750671, 61.5743980408, 27.4439125061, 30.8522529602, 32.6926345825, 12.2641706467, 10.5831689835, 15.4146776199, 20.0285549164, 22.0110301971, 9.4032869339, 6.06975841522, 5.71025419235, 7.26504182816, 7.47453737259, 9.77155685425, 5.45620059967, 5.219373703, 4.74815034866, 2.86863565445, 2.31051015854, 1.0532463789, 0.971867084503, 0.915066301823, 0.528854846954, 0.17743550241, 0.0608773343265, 0.0034330226481, 7.89736877778e-05],
        "dvar": [3.29378604889, 23.6279468536, 29.1480121613, 18.906080246, 81.7041244507, 274.914215088, 387.410430908, 105.68598938, 975.29119873, 1507.03796387, 3262.14501953, 2161.7980957, 5046.58349609, 1369.3894043, 1949.52416992, 2034.11730957, 432.566772461, 255.023590088, 418.740447998, 1029.57885742, 1644.65576172, 177.755767822, 60.7506065369, 51.2421951294, 111.35446167, 68.1206359863, 224.293991089, 58.5150947571, 49.8613243103, 52.6891174316, 16.9678325653, 9.36420726776, 2.01158380508, 1.9479136467, 1.82673311234, 0.599326550961, 0.0844125300646, 0.00960082001984, 3.78865515813e-05, 1.13711955407e-08],
        "dvar2": [7.7393488884, 66.3468551636, 83.4980316162, 43.3792457581, 203.8228302, 732.217834473, 1001.35772705, 239.724761963, 1543.47668457, 3946.96411133, 7339.171875, 4798.87744141, 10576.6728516, 3434.34936523, 5122.97509766, 4697.17822266, 1096.79443359, 542.206481934, 854.39831543, 1931.67504883, 3183.36303711, 358.694366455, 138.052688599, 118.91217041, 268.018310547, 162.381637573, 565.763061523, 123.461341858, 98.3515777588, 94.6460037231, 31.3864707947, 19.1517601013, 3.98680210114, 3.6439704895, 4.0599822998, 1.2582461834, 0.167816802859, 0.0204903967679, 8.9412475063e-05, 2.479743344e-08],
        "max": [15.2946577072, 40.231552124, 58.1428565979, 41.1975021362, 117.536949158, 276.194763184, 177.432449341, 107.420372009, 383.637939453, 489.869628906, 576.346374512, 825.978637695, 749.030517578, 384.835540771, 525.055358887, 562.3359375, 259.201538086, 221.806640625, 252.891220093, 306.730926514, 430.024017334, 172.123016357, 123.955596924, 94.0273742676, 118.469497681, 85.4220123291, 269.687011719, 128.040618896, 104.806358337, 119.879417419, 65.9512786865, 26.5647335052, 16.0756893158, 22.33436203, 18.8786773682, 8.10230922699, 2.54097676277, 0.812736690044, 0.0628044605255, 0.000998170347884],
        "mean": [0.475217550993, 2.21398925781, 3.76640272141, 4.67173528671, 10.069861412, 11.12728405, 19.3111019135, 15.1026220322, 24.6010742188, 22.9283752441, 46.1539421082, 45.2014656067, 83.7910079956, 27.2999477386, 23.5830688477, 30.8835220337, 10.6810932159, 11.7505083084, 13.7066984177, 16.9888267517, 19.1437244415, 9.26805877686, 6.51595211029, 6.12001276016, 7.37668800354, 9.2265663147, 9.75804615021, 5.72072982788, 5.53409481049, 5.14603948593, 3.2695646286, 2.46157050133, 1.18049323559, 1.0886657238, 0.98775935173, 0.555168151855, 0.181819483638, 0.0483686737716, 0.00225773872808, 8.45156246214e-05],
        "median": [0.0438905470073, 1.31696403027, 2.60977363586, 2.17714715004, 6.22897005081, 8.01648712158, 10.3586540222, 10.3800621033, 8.26468276978, 8.69591712952, 16.269285202, 15.9763259888, 23.4890880585, 8.15534305573, 6.25638771057, 7.6670422554, 2.69349336624, 2.22153544426, 2.86581230164, 3.07823896408, 3.31380987167, 2.5026550293, 2.17530059814, 2.33046221733, 3.14695882797, 4.86543512344, 3.4566411972, 0.865788817406, 0.526377081871, 0.578252792358, 0.80633187294, 0.466438114643, 0.210295140743, 0.253420978785, 0.262550145388, 0.099771656096, 0.0168064013124, 0.00197945022956, 7.13248300599e-05, 3.8312151446e-05],
        "min": [3.67861642566e-22, 1.95493959578e-21, 2.9045170896e-20, 4.49799911409e-20, 3.13935495797e-20, 1.40432210352e-19, 1.5953826012e-19, 1.33468732537e-19, 1.34338306156e-19, 5.46119581357e-19, 8.4741541489e-19, 9.67566914381e-19, 1.01774441412e-18, 2.2272946415e-18, 1.78533038585e-18, 3.21254884873e-18, 1.72805319491e-18, 3.22042071303e-18, 4.04242834482e-18, 4.47348456973e-18, 5.98506325418e-18, 9.09262985508e-18, 1.17702110164e-17, 1.49984157058e-17, 1.60379600513e-17, 1.58798494403e-17, 1.42564611661e-17, 1.58855884194e-17, 1.47544851062e-17, 1.88633112388e-17, 1.56093646887e-17, 1.66386139444e-17, 1.22250892157e-17, 9.87860032951e-18, 6.74559337528e-18, 5.92100431959e-18, 2.97430118677e-18, 1.35918585602e-18, 3.24962840876e-19, 3.16258516225e-20],
        "var": [3.13235807419, 17.51471138, 27.8418197632, 36.3483428955, 129.586654663, 249.495422363, 556.016906738, 274.279907227, 2289.30004883, 1672.15942383, 5292.19433594, 5618.85644531, 16581.9257812, 2007.94250488, 2842.02075195, 4014.49438477, 547.249023438, 628.513183594, 705.076904297, 1573.99816895, 2407.92822266, 285.769592285, 112.902305603, 84.9834594727, 163.265106201, 153.50201416, 427.884246826, 115.346153259, 115.557395935, 118.125312805, 35.4571685791, 18.9810848236, 4.81283855438, 4.54729175568, 3.68154764175, 1.29014456272, 0.169782906771, 0.0149353798479, 4.27439917985e-05, 1.68525762234e-08]
    },
    "gfcc": {
        "mean": [-21.1110057831, 89.6814651489, -89.8375320435, 20.8726425171, -65.4198303223, 11.0495357513, -32.2607002258, 17.2397270203, -27.1440753937, 8.23993396759, -22.0446987152, 1.69327449799, -6.25139808655],
        "cov": [[19404.1855469, 426.726257324, -153.906341553, 410.969085693, -436.582977295, 391.79574585, -260.058654785, 125.120643616, -273.674407959, 164.539627075, -405.087738037, 13.7290210724, -215.974136353], [426.726257324, 1724.28466797, 219.601593018, 122.5157547, 227.189483643, -1.17439973354, 246.627044678, 81.0874786377, -195.706680298, -151.742202759, 172.768188477, -167.968536377, 123.275115967], [-153.906341553, 219.601593018, 1033.13342285, 314.747497559, 357.403045654, 167.269699097, 57.9775886536, -1.45497620106, 34.9509468079, -78.3843612671, -95.7941818237, -25.8271389008, -21.9218235016], [410.969085693, 122.5157547, 314.747497559, 721.198486328, 257.708190918, -23.0927524567, -56.7611236572, 72.8457489014, 39.2383346558, -109.055397034, -38.3353805542, -21.6070232391, 13.1693134308], [-436.582977295, 227.189483643, 357.403045654, 257.708190918, 427.953704834, 63.3533744812, 10.1564397812, 20.272102356, 85.7199783325, -29.2706432343, -20.5692710876, -12.1273384094, 22.4050102234], [391.79574585, -1.17439973354, 167.269699097, -23.0927524567, 63.3533744812, 362.087799072, 155.210510254, -131.583847046, -9.58171272278, 2.7738711834, -26.9974060059, -13.857872963, -76.3774719238], [-260.058654785, 246.627044678, 57.9775886536, -56.7611236572, 10.1564397812, 155.210510254, 287.7578125, -33.216545105, -77.3706283569, -27.0436725616, 53.6336288452, -42.1906738281, -8.85517215729], [125.120643616, 81.0874786377, -1.45497620106, 72.8457489014, 20.272102356, -131.583847046, -33.216545105, 200.381637573, -17.4842643738, 1.76714587212, 19.2021465302, -21.7722892761, 57.1192932129], [-273.674407959, -195.706680298, 34.9509468079, 39.2383346558, 85.7199783325, -9.58171272278, -77.3706283569, -17.4842643738, 215.402664185, 39.8461036682, -39.3716773987, 53.9503593445, -26.0079517365], [164.539627075, -151.742202759, -78.3843612671, -109.055397034, -29.2706432343, 2.7738711834, -27.0436725616, 1.76714587212, 39.8461036682, 114.339233398, 14.7867765427, 14.7659788132, -21.4269485474], [-405.087738037, 172.768188477, -95.7941818237, -38.3353805542, -20.5692710876, -26.9974060059, 53.6336288452, 19.2021465302, -39.3716773987, 14.7867765427, 129.916717529, 6.92617416382, 28.1526050568], [13.7290210724, -167.968536377, -25.8271389008, -21.6070232391, -12.1273384094, -13.857872963, -42.1906738281, -21.7722892761, 53.9503593445, 14.7659788132, 6.92617416382, 106.719596863, 9.06594276428], [-215.974136353, 123.275115967, -21.9218235016, 13.1693134308, 22.4050102234, -76.3774719238, -8.85517215729, 57.1192932129, -26.0079517365, -21.4269485474, 28.1526050568, 9.06594276428, 93.5111999512]],
        "icov": [[9.73567803157e-05, -0.000200113281608, 7.40764880902e-05, -0.000174448650796, 0.000212653743802, -0.000245559873292, 0.000154313733219, -0.000227503609494, 0.000252643862041, -0.000484264543047, 0.000627977366094, -0.000460510520497, 0.000247548596235], [-0.000200113281608, 0.00163490162231, -0.000309733091854, 0.000553410500288, -0.00102512503508, 0.000633194693364, -0.000643695821054, 0.000583842105698, -0.000338998972438, 0.00222867587581, -0.00291117141023, 0.0026360549964, -0.00138553534634], [7.40764880902e-05, -0.000309733091854, 0.00171445740853, -0.000355599651812, -0.000951531808823, -0.000634953787085, -5.29052194906e-05, -0.000546803348698, 0.00052203645464, -4.45669720648e-05, 0.0016622095136, -0.000910107220989, 0.000792558479588], [-0.000174448650796, 0.000553410500288, -0.000355599651812, 0.0026767924428, -0.00156376638915, 0.000412514113123, 0.00041204795707, -0.000518624961842, -0.000575787504204, 0.00335420435295, -0.0017329811817, 0.00118012330495, 0.000490363687277], [0.000212653743802, -0.00102512503508, -0.000951531808823, -0.00156376638915, 0.00542714865878, -0.00152597110718, 0.000490536214784, -0.000445778103312, -0.00177750375587, -0.00208838866092, 0.00136543158442, -0.000420138560003, -0.00173148047179], [-0.000245559873292, 0.000633194693364, -0.000634953787085, 0.000412514113123, -0.00152597110718, 0.00674922531471, -0.00349717703648, 0.00330275949091, 0.000249033153523, -5.62555687793e-05, -0.000220616129809, 0.000680483935867, 0.00197760621086], [0.000154313733219, -0.000643695821054, -5.29052194906e-05, 0.00041204795707, 0.000490536214784, -0.00349717703648, 0.00680094351992, -0.0010092301527, 0.000927763350774, 0.00103089376353, -0.00184522813652, 0.000595065415837, 0.000413197529269], [-0.000227503609494, 0.000583842105698, -0.000546803348698, -0.000518624961842, -0.000445778103312, 0.00330275949091, -0.0010092301527, 0.00882913172245, -0.000268520700047, -0.00126941583585, -0.00150133366697, 0.0032624329906, -0.00426436215639], [0.000252643862041, -0.000338998972438, 0.00052203645464, -0.000575787504204, -0.00177750375587, 0.000249033153523, 0.000927763350774, -0.000268520700047, 0.00853913743049, -0.0034661826212, 0.00343955308199, -0.00473943958059, 0.00311974389479], [-0.000484264543047, 0.00222867587581, -4.45669720648e-05, 0.00335420435295, -0.00208838866092, -5.62555687793e-05, 0.00103089376353, -0.00126941583585, -0.0034661826212, 0.0173328444362, -0.00770294573158, 0.0038483729586, 0.00174163794145], [0.000627977366094, -0.00291117141023, 0.0016622095136, -0.0017329811817, 0.00136543158442, -0.000220616129809, -0.00184522813652, -0.00150133366697, 0.00343955308199, -0.00770294573158, 0.0175382550806, -0.00739861885086, 0.000785663898569], [-0.000460510520497, 0.0026360549964, -0.000910107220989, 0.00118012330495, -0.000420138560003, 0.000680483935867, 0.000595065415837, 0.0032624329906, -0.00473943958059, 0.0038483729586, -0.00739861885086, 0.0174000281841, -0.00609407294542], [0.000247548596235, -0.00138553534634, 0.000792558479588, 0.000490363687277, -0.00173148047179, 0.00197760621086, 0.000413197529269, -0.00426436215639, 0.00311974389479, 0.00174163794145, 0.000785663898569, -0.00609407294542, 0.01950401254]]
    },
    "melbands": {
        "dmean": [0.00359759526327, 0.00137519440614, 0.000462259165943, 0.000383359700209, 0.000396833434934, 0.000171645588125, 0.000218446584768, 0.000206094744499, 0.00024067654158, 0.000158633381943, 0.000205384101719, 7.23073826521e-05, 5.89745613979e-05, 6.94840782671e-05, 2.96432372124e-05, 1.78011778189e-05, 1.31715323732e-05, 1.59017727128e-05, 1.07034729808e-05, 3.34927572112e-05, 1.5349345631e-05, 8.32815385365e-06, 3.99279315388e-06, 3.45953617398e-06, 3.19041828334e-06, 3.72011345462e-06, 3.09101892526e-06, 3.38884615303e-06, 3.81984318665e-06, 4.07567176808e-06, 1.96992550627e-06, 2.26494353228e-06, 2.04433399631e-06, 1.86166471394e-06, 1.20618619803e-06, 1.21925006624e-06, 9.43934992392e-07, 5.20423895978e-07, 5.56385828077e-07, 6.13375561898e-07],
        "dmean2": [0.00554826762527, 0.00240337359719, 0.000716530135833, 0.000634626951069, 0.000661075406242, 0.000256717932643, 0.00030312789022, 0.000326146313455, 0.000369321613107, 0.000229038545513, 0.000303885171888, 0.000112404726679, 0.00010033496801, 0.000108292857476, 4.35420552094e-05, 2.83140634565e-05, 2.05542291951e-05, 2.39915589191e-05, 1.59102219186e-05, 4.9820759159e-05, 2.15020154428e-05, 1.22641076814e-05, 6.13163183516e-06, 5.30617535333e-06, 4.86282351631e-06, 5.9837657318e-06, 4.96952270623e-06, 5.39342954653e-06, 6.20792798145e-06, 6.28926045465e-06, 2.84102929982e-06, 3.53448172064e-06, 2.9745883694e-06, 2.70459190688e-06, 1.73850162355e-06, 1.81132304533e-06, 1.4211011603e-06, 7.88869215285e-07, 8.30062788282e-07, 8.9355489763e-07],
        "dvar": [0.000154229215696, 1.54274075612e-05, 6.01172700954e-07, 9.01883822735e-07, 4.74145736007e-07, 5.55778960631e-08, 2.2608557515e-07, 2.54729286553e-07, 1.82331248766e-07, 9.17794906741e-08, 1.26683971757e-07, 2.41331310491e-08, 2.07853432244e-08, 2.53352077095e-08, 5.26430987691e-09, 2.37332931086e-09, 1.0036791398e-09, 9.87282922082e-10, 4.23340307254e-10, 8.84236595056e-09, 1.34896693815e-09, 3.56176532712e-10, 6.8301045375e-11, 4.56240774327e-11, 3.48118582572e-11, 7.63181323693e-11, 4.40574729477e-11, 3.16332203487e-11, 7.12330611163e-11, 8.18395698432e-11, 1.49261939614e-11, 2.30744139074e-11, 1.84956876204e-11, 1.71382803782e-11, 6.27159262023e-12, 5.04817585303e-12, 3.45485792752e-12, 1.10763199827e-12, 1.33063406214e-12, 1.69065987338e-12],
        "dvar2": [0.000355844967999, 4.45126497652e-05, 1.44932027979e-06, 2.3158586373e-06, 1.25247538563e-06, 1.26196809447e-07, 3.56390302159e-07, 6.88159389028e-07, 3.95411689169e-07, 1.78691479391e-07, 2.68535927717e-07, 6.00644725068e-08, 5.46629266296e-08, 6.56766871998e-08, 1.16894058877e-08, 5.87275250652e-09, 2.09447592603e-09, 1.97662153312e-09, 8.39408209607e-10, 1.77073289365e-08, 2.64362243207e-09, 6.92340351716e-10, 1.51793591585e-10, 1.0620165164e-10, 8.08861241874e-11, 1.86729465224e-10, 1.05149784713e-10, 7.6863078402e-11, 1.78469516943e-10, 1.99092339837e-10, 3.00909852591e-11, 5.32409498433e-11, 3.47004751322e-11, 3.22369839156e-11, 1.11503245873e-11, 1.0932118058e-11, 7.38679603596e-12, 2.38781021865e-12, 2.90805097017e-12, 3.1321833148e-12],
        "max": [0.106285922229, 0.0345379039645, 0.00660102907568, 0.0163556784391, 0.0064351670444, 0.00237476848997, 0.00571829779074, 0.00607747817412, 0.00402207765728, 0.00507263513282, 0.00382509920746, 0.0017006075941, 0.0016579068033, 0.00201658974402, 0.00093337893486, 0.000548953947145, 0.000399911543354, 0.000373753107851, 0.000247183808824, 0.000742612988688, 0.00038407286047, 0.000283977919025, 0.00015436099784, 8.69331051945e-05, 7.33588021831e-05, 9.61608457146e-05, 7.6954063843e-05, 6.51270020171e-05, 0.000130297179567, 0.000143866564031, 6.96777133271e-05, 6.89386943122e-05, 7.25559075363e-05, 6.34488969808e-05, 3.85700586776e-05, 2.67074756266e-05, 1.58981601999e-05, 1.08323147288e-05, 1.15263792395e-05, 2.29253728321e-05],
        "mean": [0.00400046911091, 0.00234848167747, 0.000993059715256, 0.000759498681873, 0.000640537764411, 0.000351734372089, 0.000377950491384, 0.000271170196356, 0.000350981164956, 0.000308844086248, 0.000409147178289, 0.00010286126053, 6.87218489475e-05, 9.24201158341e-05, 3.84537452192e-05, 2.30099576584e-05, 2.11630849662e-05, 2.11787737499e-05, 1.41610644278e-05, 3.71904534404e-05, 1.91304097825e-05, 1.12770994747e-05, 6.0068973653e-06, 5.4154247664e-06, 4.72318288303e-06, 5.52503706786e-06, 5.01869135405e-06, 6.50518495604e-06, 6.02003046879e-06, 5.44728618479e-06, 2.729525022e-06, 3.23246922562e-06, 3.13108466798e-06, 2.70734835794e-06, 1.88506464838e-06, 1.74538320152e-06, 1.40012650718e-06, 8.0913258671e-07, 7.73582826241e-07, 9.58450641519e-07],
        "median": [0.0008390469593, 0.00196248339489, 0.000668777734973, 0.000596723111812, 0.000393811962567, 0.000241998990532, 0.000128041123389, 0.00010468527762, 0.000130204032757, 9.45139327087e-05, 0.000101785903098, 2.59727767116e-05, 1.37081951834e-05, 2.12030190596e-05, 1.01117875602e-05, 3.70514590031e-06, 3.13114128403e-06, 4.19115667682e-06, 3.11411986331e-06, 4.47774164059e-06, 3.41546001437e-06, 2.58200338976e-06, 1.80203164746e-06, 1.61564571499e-06, 1.74603565029e-06, 1.66488371178e-06, 2.32016418522e-06, 3.41399663739e-06, 2.4607099931e-06, 7.63463276598e-07, 3.57041159305e-07, 2.95248270277e-07, 2.82424878151e-07, 3.46090132552e-07, 4.99451971336e-07, 3.97095675453e-07, 2.30866731954e-07, 1.42868941566e-07, 1.40488879197e-07, 2.32230249253e-07],
        "min": [3.5722193475e-24, 1.11937737397e-23, 8.37857056044e-24, 4.94408790472e-24, 7.91388494447e-24, 2.48494951955e-24, 2.77786087063e-24, 5.77301268873e-24, 6.83490939731e-24, 5.84490710505e-24, 4.45204853686e-24, 9.40003578104e-24, 6.16593641702e-24, 5.14234758286e-24, 5.27908321015e-24, 4.08484325181e-24, 5.92184904788e-24, 6.88548326994e-24, 3.98882310243e-24, 7.82830931348e-24, 5.85848182351e-24, 9.63314417853e-24, 6.18034141158e-24, 1.3407685049e-23, 1.19500302349e-23, 9.94353649005e-24, 1.24850735661e-23, 1.03901674465e-23, 9.21202813922e-24, 9.19606396108e-24, 8.70902597136e-24, 7.08890525385e-24, 1.16315079229e-23, 1.01190517306e-23, 7.41546526962e-24, 1.21516607157e-23, 8.83940574633e-24, 7.70471532001e-24, 8.26911453212e-24, 8.11918441734e-24],
        "var": [0.000155083107529, 1.18830957945e-05, 1.17011848033e-06, 8.99983547242e-07, 5.71656357806e-07, 1.47342220203e-07, 5.33909201295e-07, 2.44045224917e-07, 3.11004043851e-07, 2.59742222397e-07, 4.07780532896e-07, 3.47191821959e-08, 3.03660314671e-08, 3.84525691288e-08, 7.46626493964e-09, 3.01747093978e-09, 2.47400788744e-09, 1.82602633014e-09, 6.91070756176e-10, 1.16825091823e-08, 2.04934891279e-09, 5.68732727579e-10, 1.09114439706e-10, 8.85115869487e-11, 5.43698419619e-11, 1.1308291803e-10, 6.67315785963e-11, 7.54551005011e-11, 1.24729282458e-10, 1.49127862836e-10, 2.86162170349e-11, 4.15598770676e-11, 4.38059762076e-11, 3.33306646172e-11, 1.28200739954e-11, 9.40639406644e-12, 6.71050064474e-12, 2.34046918131e-12, 2.52182172714e-12, 3.80679602424e-12]
    },
    "mfcc": {
