{
"metadata": {
    "version": {
        "essentia": "2.0.1",
        "extractor": "archive-music 1.0"
    },
    "audio_properties": {
        "analysis_sample_rate": 44100,
        "bitrate": 128,
        "channels": 2,
        "equal_loudness": 0,
        "length": 15.3338775635,
        "replay_gain": -12.6335525513,
        "downmix": "mix"
    },
    "tags": {
        "track": 0,
        "year": 0,
        "album": " Very Best of  Boot Cut",
        "artist": "David Certano",
        "comment": "",
        "genre": "Other",
        "title": "Honky tonk truth"
    }
},
"highlevel": {
    "culture": {
        "all": {
            "non_western": 0.0972475633025,
            "western": 0.902752459049
        },
        "probability": 0.902752459049,
        "value": "western"
    },
    "danceability": {
        "all": {
            "danceable": 0.345816075802,
            "not_danceable": 0.654183924198
        },
        "probability": 0.654183924198,
        "value": "not_danceable"
    },
    "gender": {
        "all": {
            "female": 0.0354619584978,
            "male": 0.964538037777
        },
        "probability": 0.964538037777,
        "value": "male"
    },
    "genre_dortmund": {
        "all": {
            "alternative": 0.0661939159036,
            "blues": 0.139158263803,
            "electronic": 0.00519647682086,
            "folkcountry": 0.276923686266,
            "funksoulrnb": 0.0198991764337,
            "jazz": 0.00869282335043,
            "pop": 0.0790585130453,
            "raphiphop": 0.00293900002725,
            "rock": 0.401938140392
        },
        "probability": 0.401938140392,
        "value": "rock"
    },
    "genre_electronic": {
        "all": {
            "ambient": 0.547248005867,
            "dnb": 0.298731446266,
            "house": 0.0911413431168,
            "techno": 0.00708749098703,
            "trance": 0.0557917095721
        },
        "probability": 0.547248005867,
        "value": "ambient"
    },
    "genre_rosamerica": {
        "all": {
            "cla": 0.0163587313145,
            "dan": 0.00514699053019,
            "hip": 0.00597115373239,
            "jaz": 0.0166836436838,
            "pop": 0.174335405231,
            "rhy": 0.0335756056011,
            "roc": 0.74415910244,
            "spe": 0.00376936257817
        },
        "probability": 0.74415910244,
        "value": "roc"
    },
    "genre_tzanetakis": {
        "all": {
            "blu": 0.00310957129113,
            "cla": 0.0172693431377,
            "cou": 0.0220422130078,
            "dis": 0.0430582165718,
            "hip": 0.00392737239599,
            "jaz": 0.0132457064465,
            "met": 0.00319403014146,
            "pop": 0.140702068806,
            "reg": 0.613530635834,
            "roc": 0.139920845628
        },
        "probability": 0.613530635834,
        "value": "reg"
    },
    "mirex_ballroom": {
        "all": {
            "ChaChaCha": 0.109979301691,
            "Jive": 0.179302245378,
            "Quickstep": 0.0961887463927,
            "Rumba-American": 0.0485946759582,
            "Rumba-International": 0.0803099423647,
            "Rumba-Misc": 0.0197718217969,
            "Samba": 0.0524367690086,
            "Tango": 0.0549794659019,
            "VienneseWaltz": 0.320903211832,
            "Waltz": 0.0375338122249
        },
        "probability": 0.320903211832,
        "value": "VienneseWaltz"
    },
    "mood_acoustic": {
        "all": {
            "acoustic": 0.599977791309,
            "not_acoustic": 0.400022238493
        },
        "probability": 0.599977791309,
        "value": "acoustic"
    },
    "mood_aggressive": {
        "all": {
            "aggressive": 0.0695440918207,
            "not_aggressive": 0.93045592308
        },
        "probability": 0.93045592308,
        "value": "not_aggressive"
    },
    "mood_electronic": {
        "all": {
            "electronic": 0.160272166133,
            "not_electronic": 0.839727818966
        },
        "probability": 0.839727818966,
        "value": "not_electronic"
    },
    "mood_happy": {
        "all": {
            "happy": 0.433393865824,
            "not_happy": 0.566606104374
        },
        "probability": 0.566606104374,
        "value": "not_happy"
    },
    "mood_party": {
        "all": {
            "not_party": 0.714932441711,
            "party": 0.285067558289
        },
        "probability": 0.714932441711,
        "value": "not_party"
    },
    "mood_relaxed": {
        "all": {
            "not_relaxed": 0.975096046925,
            "relaxed": 0.0249039791524
        },
        "probability": 0.975096046925,
        "value": "not_relaxed"
    },
    "mood_sad": {
        "all": {
            "not_sad": 0.805825531483,
            "sad": 0.194174453616
        },
        "probability": 0.805825531483,
        "value": "not_sad"
    },
    "moods_mirex": {
        "all": {
            "Cluster1": 0.166712597013,
            "Cluster2": 0.276384443045,
            "Cluster3": 0.30638679862,
            "Cluster4": 0.22221262753,
            "Cluster5": 0.0283035170287
        },
        "probability": 0.30638679862,
        "value": "Cluster3"
    },
    "timbre": {
        "all": {
            "bright": 0.999983251095,
            "dark": 1.67420348589e-05
        },
        "probability": 0.999983251095,
        "value": "bright"
    },
    "tonal_atonal": {
        "all": {
            "atonal": 0.00108602759428,
            "tonal": 0.998913943768
        },
        "probability": 0.998913943768,
        "value": "tonal"
    },
    "voice_instrumental": {
        "all": {
            "instrumental": 0.00196409109049,
            "voice": 0.998035907745
        },
        "probability": 0.998035907745,
        "value": "voice"
    }
},
"lowlevel": {
    "average_loudness": 0.978290081024,
    "barkbands_kurtosis": {
        "dmean": 2.8336622715,
        "dmean2": 4.40295314789,
        "dvar": 15.4421358109,
        "dvar2": 31.9365463257,
        "max": 37.3915176392,
        "mean": 3.57206392288,
        "median": 1.6868519783,
        "min": -1.85347723961,
        "var": 32.5386581421
    },
    "barkbands_skewness": {
        "dmean": 0.598494768143,
        "dmean2": 0.913640797138,
        "dvar": 0.363016158342,
        "dvar2": 0.765770196915,
        "max": 4.98616981506,
        "mean": 1.36060643196,
        "median": 1.24832320213,
        "min": -2.05628108978,
        "var": 1.27944934368
    },
    "barkbands_spread": {
        "dmean": 6.26165246964,
        "dmean2": 9.45624446869,
        "dvar": 58.9059486389,
        "dvar2": 124.993438721,
        "max": 100.443939209,
        "mean": 19.6799736023,
        "median": 17.2901115417,
        "min": 1.92767810822,
        "var": 144.859115601
    },
    "dissonance": {
        "dmean": 0.0234490297735,
        "dmean2": 0.0380841530859,
        "dvar": 0.000559633714147,
        "dvar2": 0.00158017408103,
        "max": 0.499018698931,
        "mean": 0.457097530365,
        "median": 0.465136528015,
        "min": 0.257098197937,
        "var": 0.00109947589226
    },
    "dynamic_complexity": 2.65980744362,
    "erbbands_kurtosis": {
        "dmean": 1.12663674355,
        "dmean2": 1.69810056686,
        "dvar": 2.65761208534,
        "dvar2": 5.30233955383,
        "max": 24.8399848938,
        "mean": 0.869673252106,
        "median": -0.0850269794464,
        "min": -1.72975945473,
        "var": 7.8531908989
    },
    "erbbands_skewness": {
        "dmean": 0.454871743917,
        "dmean2": 0.700350701809,
        "dvar": 0.19775301218,
        "dvar2": 0.381214618683,
        "max": 4.16313886642,
        "mean": 0.23496799171,
        "median": 0.241097345948,
        "min": -2.6078312397,
        "var": 0.780808389187
    },
    "erbbands_spread": {
        "dmean": 8.21327209473,
        "dmean2": 12.1882371902,
        "dvar": 91.9570159912,
        "dvar2": 188.040283203,
        "max": 119.919937134,
        "mean": 34.506980896,
        "median": 32.3852882385,
        "min": 6.22996807098,
        "var": 325.201202393
    },
    "hfc": {
        "dmean": 7.89922571182,
        "dmean2": 10.8031673431,
        "dvar": 181.302703857,
        "dvar2": 329.229797363,
        "max": 256.765106201,
        "mean": 24.5023860931,
        "median": 21.6303386688,
        "min": 1.19034135648e-16,
        "var": 447.581207275
    },
    "melbands_kurtosis": {
        "dmean": 5.9325261116,
        "dmean2": 9.35716629028,
        "dvar": 75.1543731689,
        "dvar2": 170.812896729,
        "max": 80.951751709,
        "mean": 10.2214231491,
        "median": 5.74762058258,
        "min": -1.75253772736,
        "var": 163.905822754
    },
    "melbands_skewness": {
        "dmean": 0.745823204517,
        "dmean2": 1.12826752663,
        "dvar": 0.627696216106,
        "dvar2": 1.41821062565,
        "max": 7.71698856354,
        "mean": 2.26773333549,
        "median": 2.16654586792,
        "min": -0.430540710688,
        "var": 2.32698774338
    },
    "melbands_spread": {
        "dmean": 7.87202548981,
        "dmean2": 12.0660228729,
        "dvar": 108.882957458,
        "dvar2": 226.238113403,
        "max": 141.13848877,
        "mean": 22.7678279877,
        "median": 19.3909912109,
        "min": 1.77138733864,
        "var": 293.543792725
    },
    "pitch_salience": {
        "dmean": 0.0694476291537,
        "dmean2": 0.113149516284,
        "dvar": 0.00353185203858,
        "dvar2": 0.00901007931679,
        "max": 0.853576004505,
        "mean": 0.582041680813,
        "median": 0.584698557854,
        "min": 0.219025209546,
        "var": 0.00910755898803
    },
    "silence_rate_20dB": {
        "dmean": 0,
        "dmean2": 0,
        "dvar": 0,
        "dvar2": 0,
        "max": 1,
        "mean": 1,
        "median": 1,
        "min": 1,
        "var": 0
    },
    "silence_rate_30dB": {
        "dmean": 0,
        "dmean2": 0,
        "dvar": 0,
        "dvar2": 0,
        "max": 1,
        "mean": 1,
        "median": 1,
        "min": 1,
        "var": 0
    },
    "silence_rate_60dB": {
        "dmean": 0.00605143699795,
        "dmean2": 0.0121212117374,
        "dvar": 0.00601483089849,
        "dvar2": 0.0150045352057,
        "max": 1,
        "mean": 0.055891238153,
        "median": 0,
        "min": 0,
        "var": 0.0527678132057
    },
    "spectral_centroid": {
        "dmean": 304.81036377,
        "dmean2": 456.16519165,
        "dvar": 304069.53125,
        "dvar2": 406894.65625,
        "max": 11263.8193359,
        "mean": 1173.53942871,
        "median": 1050.01721191,
        "min": 227.188537598,
        "var": 571622.6875
    },
    "spectral_complexity": {
        "dmean": 4.35703468323,
        "dmean2": 6.19696950912,
        "dvar": 21.282491684,
        "dvar2": 39.2460670471,
        "max": 48,
        "mean": 20.4803619385,
        "median": 21,
        "min": 0,
        "var": 84.8025512695
    },
    "spectral_crest": {
        "dmean": 2.59506487846,
        "dmean2": 4.1036233902,
        "dvar": 4.62750434875,
        "dvar2": 11.4707040787,
        "max": 24.1320018768,
        "mean": 9.07560825348,
        "median": 8.47761249542,
        "min": 2.93194842339,
        "var": 12.7417726517
    },
    "spectral_decrease": {
        "dmean": 2.51636689264e-09,
        "dmean2": 4.14251166703e-09,
        "dvar": 1.06094946372e-17,
        "dvar2": 2.7674573127e-17,
        "max": 7.93285669083e-29,
        "mean": -7.72456143494e-09,
        "median": -7.20196391413e-09,
        "min": -2.32011974077e-08,
        "var": 1.925018692e-17
    },
    "spectral_energy": {
        "dmean": 0.0099794222042,
        "dmean2": 0.0162915941328,
        "dvar": 0.000163234013598,
        "dvar2": 0.000419878109824,
        "max": 0.089989759028,
        "mean": 0.0313767082989,
        "median": 0.028975725174,
        "min": 1.04983210718e-20,
        "var": 0.000314754754072
    },
    "spectral_energyband_high": {
        "dmean": 0.000449764571385,
        "dmean2": 0.000571368378587,
        "dvar": 1.80509880465e-06,
        "dvar2": 3.12174165629e-06,
        "max": 0.0277565103024,
        "mean": 0.000735340872779,
        "median": 0.000258868909441,
        "min": 7.46829790346e-21,
        "var": 3.1465401662e-06
    },
    "spectral_energyband_low": {
        "dmean": 0.00437505403534,
        "dmean2": 0.00734408898279,
        "dvar": 6.55325420666e-05,
        "dvar2": 0.000181829644134,
        "max": 0.0690696164966,
        "mean": 0.0080233309418,
        "median": 0.00578882731497,
        "min": 6.0628169928e-23,
        "var": 6.92683315719e-05
    },
    "spectral_energyband_middle_high": {
        "dmean": 0.00295230047777,
        "dmean2": 0.00404741894454,
        "dvar": 1.74454944499e-05,
        "dvar2": 3.10254181386e-05,
        "max": 0.056866183877,
        "mean": 0.0081316260621,
        "median": 0.00569037999958,
        "min": 1.18178502478e-21,
        "var": 7.04972990206e-05
    },
    "spectral_energyband_middle_low": {
        "dmean": 0.00711458781734,
        "dmean2": 0.0117034753785,
        "dvar": 8.15249659354e-05,
        "dvar2": 0.000214035491808,
        "max": 0.0675296932459,
        "mean": 0.0166006330401,
        "median": 0.0142256962135,
        "min": 1.99846462388e-22,
        "var": 0.000145180849358
    },
    "spectral_flatness_db": {
        "dmean": 0.0264860745519,
        "dmean2": 0.0341982915998,
        "dvar": 0.000501921516843,
        "dvar2": 0.000837385188788,
        "max": 0.322898387909,
        "mean": 0.14511243999,
        "median": 0.146619677544,
        "min": 0.0301453117281,
        "var": 0.00241809245199
    },
    "spectral_flux": {
        "dmean": 0.0297477077693,
        "dmean2": 0.044890653342,
        "dvar": 0.000950799847487,
        "dvar2": 0.0021613612771,
        "max": 0.251206845045,
        "mean": 0.0948376581073,
        "median": 0.0876838639379,
        "min": 6.75933198302e-11,
        "var": 0.00250873714685
    },
    "spectral_kurtosis": {
        "dmean": 2.41805529594,
        "dmean2": 4.05747795105,
        "dvar": 10.1235952377,
        "dvar2": 29.4390773773,
        "max": 37.5784797668,
        "mean": 6.14415025711,
        "median": 5.45330810547,
        "min": -1.21499562263,
        "var": 15.2138566971
    },
    "spectral_rms": {
        "dmean": 0.000838904292323,
        "dmean2": 0.00133851799183,
        "dvar": 9.00581198948e-07,
        "dvar2": 2.24794234782e-06,
        "max": 0.00936989206821,
        "mean": 0.00523312529549,
        "median": 0.00531685911119,
        "min": 3.20035382743e-12,
        "var": 3.22583650814e-06
    },
    "spectral_rolloff": {
        "dmean": 533.83404541,
        "dmean2": 885.601623535,
        "dvar": 1353550.875,
        "dvar2": 2527896.75,
        "max": 19573.6816406,
        "mean": 1483.48046875,
        "median": 1195.09277344,
        "min": 193.798828125,
        "var": 3703220.25
    },
    "spectral_skewness": {
        "dmean": 0.312980443239,
        "dmean2": 0.496481746435,
        "dvar": 0.112579099834,
        "dvar2": 0.294702261686,
        "max": 4.51108169556,
        "mean": 1.71629738808,
        "median": 1.67412114143,
        "min": -0.0487190261483,
        "var": 0.262261211872
    },
    "spectral_spread": {
        "dmean": 747934.5625,
        "dmean2": 937626.375,
        "dvar": 4.63364895539e+12,
        "dvar2": 8.05540882022e+12,
        "max": 51757756,
        "mean": 4133427,
        "median": 3503343.25,
        "min": 1697286.625,
        "var": 9.87434477158e+12
    },
    "spectral_strongpeak": {
        "dmean": 0.628059029579,
        "dmean2": 1.03876757622,
        "dvar": 1.04529082775,
        "dvar2": 2.09717512131,
        "max": 11.4153404236,
        "mean": 1.21282064915,
        "median": 0.578594565392,
        "min": 0,
        "var": 2.2051255703
    },
    "zerocrossingrate": {
        "dmean": 0.0126310456544,
        "dmean2": 0.0144294509664,
        "dvar": 0.000541717221495,
        "dvar2": 0.000736464746296,
        "max": 0.515625,
        "mean": 0.0588666573167,
        "median": 0.05078125,
        "min": 0.0087890625,
        "var": 0.00245167524554
    },
    "barkbands": {
        "dmean": [8.51728327689e-06, 0.000985241727903, 0.00290242093615, 0.00192689313553, 0.00287731993012, 0.00163430185057, 0.000888870912604, 0.00196969858371, 0.00120264664292, 0.000879812287167, 0.000564217043575, 0.000753648637328, 0.000575586454943, 0.000584958121181, 0.000569868891034, 0.000285297777737, 0.000280308304355, 0.000269239448244, 0.000151662505232, 0.000138153904118, 9.12831819733e-05, 9.3782087788e-05, 6.12541407463e-05, 6.47997512715e-05, 8.89678340172e-05, 3.43712126778e-05, 5.16035015607e-06],
        "dmean2": [1.47868613567e-05, 0.00170438794885, 0.00489502260461, 0.0033194499556, 0.0048156301491, 0.00267869187519, 0.00141659879591, 0.00323866168037, 0.00184394372627, 0.00123164081015, 0.000872645410709, 0.00111890607513, 0.000875957251992, 0.000881484418642, 0.00091606285423, 0.000445516401669, 0.000414904963691, 0.000416432361817, 0.000241598580033, 0.000213051520404, 0.000141761294799, 0.000133935274789, 8.06474345154e-05, 8.31678771647e-05, 0.000130120693939, 4.21306758653e-05, 7.45560691939e-06],
        "dvar": [4.56336218813e-10, 3.22336768477e-06, 3.37972633133e-05, 6.3287334342e-06, 1.27273615362e-05, 1.00949409898e-05, 3.51476569449e-06, 1.91995422938e-05, 1.14450867841e-05, 4.3515087782e-06, 3.67771394849e-06, 5.36798461326e-06, 1.87420448583e-06, 1.88403384982e-06, 9.04508851818e-07, 2.30343019325e-07, 1.8656341183e-07, 3.92651088532e-07, 7.58247651333e-08, 8.31807227542e-08, 2.61838657423e-08, 9.10433683998e-08, 4.67063578924e-08, 1.01342266134e-07, 3.11915897555e-07, 5.02754415876e-09, 1.31225863509e-10],
        "dvar2": [1.19302034918e-09, 9.02290048543e-06, 9.40411773627e-05, 1.76968769665e-05, 3.0877199606e-05, 2.6052188332e-05, 7.66650555306e-06, 4.45575060439e-05, 2.44410111918e-05, 7.82282768341e-06, 8.40326811158e-06, 1.04330920294e-05, 3.67360848941e-06, 3.43066290043e-06, 2.21134155254e-06, 4.94744710977e-07, 4.02568446134e-07, 7.98026064786e-07, 1.87978415056e-07, 1.74195335489e-07, 6.2816347679e-08, 1.83459860637e-07, 8.44218064344e-08, 1.76764928028e-07, 6.43652413146e-07, 8.62325855167e-09, 2.80771239591e-10],
        "max": [0.000221095047891, 0.0159116890281, 0.0471345335245, 0.0169243253767, 0.0388004556298, 0.03358406201, 0.02678142488, 0.0498338416219, 0.0475901402533, 0.0423436909914, 0.0334582142532, 0.0333401151001, 0.0187169518322, 0.0278020463884, 0.0107423430309, 0.00638152658939, 0.00535364542156, 0.0128430658951, 0.00235959514976, 0.00361333740875, 0.00161558261607, 0.00400541350245, 0.00331473140977, 0.0073181646876, 0.0117269167677, 0.000944549625274, 0.000109372507723],
        "mean": [8.36850813357e-06, 0.00162591191474, 0.00456696655601, 0.00282671814784, 0.00541828386486, 0.00231402437203, 0.00128919666167, 0.00251494208351, 0.00159218697809, 0.00174625974614, 0.000932758848649, 0.00114501081407, 0.000918857636862, 0.000914807838853, 0.00101400597487, 0.000544046866708, 0.000478339148685, 0.000466823898023, 0.00024099451548, 0.000207762393984, 0.000141808137414, 0.000137946582981, 8.83057364263e-05, 8.58016428538e-05, 0.000101906181953, 4.86869685119e-05, 6.02153568252e-06],
        "median": [3.14268800139e-06, 0.000739239505492, 0.00310234585777, 0.00191820564214, 0.00367682008073, 0.0011263792403, 0.000474610133097, 0.000581071595661, 0.000396481598727, 0.00050044618547, 0.00034794898238, 0.000366207677871, 0.00027678522747, 0.000269447278697, 0.000398138246965, 0.000235581188463, 0.00023428176064, 0.000178109679837, 0.000119956443086, 8.85485933395e-05, 6.73120084684e-05, 4.06962972193e-05, 1.0194731658e-05, 6.93485526426e-06, 1.02001904452e-05, 4.60720684714e-06, 1.38497512125e-07],
        "min": [9.28530463984e-24, 3.86854674239e-23, 1.05739917589e-23, 1.09041955232e-23, 3.24540689624e-23, 2.11735221008e-23, 2.02483223653e-23, 2.30195291942e-23, 5.08954249605e-23, 3.57647477876e-23, 9.55041554654e-24, 5.66259503897e-23, 3.20037871577e-23, 1.25228185094e-22, 1.12365082282e-22, 6.57030699035e-23, 1.29600077474e-22, 1.46355167557e-22, 1.28061634626e-22, 2.69208439564e-22, 5.0904383896e-22, 5.09347215931e-22, 5.75533529404e-22, 7.67965305128e-22, 1.07438190283e-21, 1.48640488764e-21, 2.09984039413e-21],
        "var": [3.84583032087e-10, 4.58292879557e-06, 3.0996681744e-05, 7.90008198237e-06, 3.0407207305e-05, 1.12971838462e-05, 7.58612031859e-06, 3.05193680106e-05, 1.73622629518e-05, 1.5094158698e-05, 5.83540804655e-06, 1.09404891191e-05, 3.91970115743e-06, 3.96513996748e-06, 2.11339124689e-06, 6.36693812339e-07, 4.32084817703e-07, 8.49506761824e-07, 1.30406533572e-07, 1.21377425444e-07, 3.69947663614e-08, 1.24328778384e-07, 7.97484602799e-08, 1.69063952171e-07, 3.66302913335e-07, 1.07389794834e-08, 2.08221828668e-10]
    },
    "erbbands": {
        "dmean": [0.0124332010746, 0.302719861269, 2.49744129181, 5.50902986526, 7.99720335007, 9.44695186615, 15.8611135483, 10.0279369354, 10.3289260864, 27.4156970978, 40.8625831604, 27.5818920135, 24.2064228058, 23.6813869476, 22.0167121887, 30.7255516052, 26.0503063202, 27.806055069, 31.07787323, 22.2257728577, 12.6812343597, 14.4510746002, 15.4430656433, 9.07910633087, 6.4307141304, 6.4911813736, 5.37752151489, 2.80662584305, 3.41572856903, 2.52045822144, 1.66179060936, 0.980067253113, 1.37944257259, 1.18517434597, 0.557373344898, 0.199241772294, 0.0485322363675, 0.0129766073078, 0.000480452203192, 1.74535634869e-05],
        "dmean2": [0.0205649454147, 0.52653837204, 4.24342393875, 9.41065788269, 13.5445222855, 15.5785169601, 26.6423377991, 16.534286499, 16.512670517, 46.9548072815, 62.5628662109, 41.8875694275, 34.7608299255, 34.7418365479, 31.7115383148, 45.1172828674, 38.7291374207, 42.8607940674, 47.1908187866, 35.160697937, 18.7890701294, 21.4859447479, 23.6906166077, 14.8576660156, 10.2986831665, 9.86161708832, 8.31167507172, 4.17175722122, 4.86110639572, 3.44722986221, 2.20358252525, 1.26567959785, 1.76815760136, 1.69566702843, 0.832369327545, 0.25837340951, 0.0621846169233, 0.0169391203672, 0.000691728200763, 2.42957139562e-05],
        "dvar": [0.000541169487406, 0.340551644564, 25.7020111084, 60.1467704773, 124.629005432, 204.019424438, 690.041442871, 541.539916992, 516.218566895, 5446.57373047, 8983.11035156, 5980.83544922, 2690.46044922, 3993.23413086, 2435.51977539, 10261.0078125, 3777.78051758, 3153.98950195, 4421.89404297, 1151.1739502, 366.411590576, 489.014129639, 1464.91333008, 338.157287598, 155.30027771, 186.649963379, 128.229736328, 22.48960495, 105.913894653, 86.2254257202, 35.631023407, 9.43468284607, 76.0679931641, 67.6111984253, 9.37318611145, 0.26442399621, 0.00915352161974, 0.000714495778084, 1.19266064758e-06, 6.18278095388e-10],
        "dvar2": [0.00127227895427, 0.972327947617, 73.0981750488, 163.54737854, 312.468811035, 470.541748047, 1688.70739746, 1399.74499512, 1118.11804199, 13884.9199219, 19460.1933594, 11902.5839844, 4827.18505859, 8526.42382812, 4571.41552734, 20778.6289062, 7703.68652344, 7910.25292969, 8265.17285156, 2724.92114258, 723.841369629, 1057.41174316, 3118.87231445, 750.607788086, 381.294036865, 397.783905029, 309.111755371, 49.8052024841, 218.615982056, 157.638015747, 61.2679443359, 17.6058330536, 135.223587036, 134.821914673, 19.6011962891, 0.488546580076, 0.0147728417069, 0.00130010710564, 2.5711347007e-06, 1.07252640102e-09],
        "max": [0.168443009257, 5.13447380066, 43.5583381653, 58.7250823975, 112.876037598, 221.273193359, 275.046936035, 348.609039307, 468.946807861, 880.652832031, 1343.69592285, 1036.62890625, 941.203979492, 930.501159668, 728.799438477, 1660.47351074, 978.999145508, 651.129333496, 1387.87561035, 328.034393311, 302.816223145, 317.307067871, 793.670410156, 246.556259155, 129.370010376, 179.720901489, 146.183364868, 51.7956428528, 144.421813965, 139.286376953, 88.1238708496, 55.112575531, 211.664733887, 190.162765503, 48.4278373718, 8.00349712372, 0.908548355103, 0.240677654743, 0.0118085686117, 0.00032070450834],
        "mean": [0.019670477137, 0.508830189705, 4.0545706749, 9.22947406769, 12.6751928329, 17.4454498291, 24.9600143433, 14.3799362183, 18.1370658875, 31.5233440399, 55.2454490662, 38.730594635, 50.6412620544, 44.098777771, 42.0650291443, 50.3807106018, 43.5927009583, 45.9209251404, 54.4368743896, 42.1997108459, 27.7389011383, 26.3291397095, 27.6580142975, 16.3162994385, 9.96004676819, 9.76233673096, 7.80622911453, 4.91539335251, 5.10383701324, 3.52654719353, 2.43286943436, 1.47430837154, 1.68035137653, 1.31494891644, 0.632810354233, 0.264139324427, 0.0735139995813, 0.017934853211, 0.000605004897807, 5.1268885727e-05],
        "median": [0.0110666360706, 0.246425658464, 2.76269197464, 7.12898635864, 9.26978683472, 9.82838535309, 13.5997772217, 7.53566932678, 8.29609680176, 9.77246189117, 13.0535955429, 11.6085128784, 15.8374271393, 14.491361618, 17.0136470795, 18.5347499847, 15.5290718079, 15.0761070251, 24.4232883453, 18.6811447144, 13.5340156555, 14.0121355057, 11.1670160294, 7.09169578552, 5.51419353485, 4.18318462372, 3.56730890274, 2.43268299103, 1.57329344749, 0.676553189754, 0.250515639782, 0.14135864377, 0.114130169153, 0.121177442372, 0.0642866492271, 0.0266923289746, 0.00820095092058, 0.00105789024383, 4.53106113127e-05, 4.21444128733e-05],
        "min": [1.05721326031e-21, 5.10047805195e-21, 1.3221964296e-20, 2.99624560341e-20, 6.52259442603e-20, 9.44321665753e-20, 9.41834437048e-20, 1.78260006945e-19, 1.8894754235e-19, 5.15339260186e-19, 3.69629534128e-19, 1.28902481006e-18, 1.2255105739e-18, 1.11089529085e-18, 8.15412158882e-19, 2.18103435895e-18, 1.63316616948e-18, 6.83321041372e-18, 5.47548029217e-18, 7.50224691445e-18, 3.35702442131e-18, 8.46409170354e-18, 8.81908701677e-18, 7.59222431276e-18, 9.76283061252e-18, 1.11875772529e-17, 1.90222556479e-17, 2.10828320369e-17, 1.55477678572e-17, 1.67776398443e-17, 1.67642130486e-17, 1.27598556915e-17, 1.56232232727e-17, 1.16906312784e-17, 8.80385862169e-18, 4.87451910149e-18, 2.76202761644e-18, 1.20969229565e-18, 3.24096420883e-19, 2.80075762151e-20],
        "var": [0.000749926315621, 0.434730321169, 23.4907207489, 75.3427505493, 151.017883301, 616.118041992, 1050.97387695, 531.502807617, 1474.76647949, 6073.49804688, 16580.2675781, 10165.8515625, 12204.3095703, 9676.65039062, 6733.38964844, 17528.7832031, 8238.0546875, 5789.16357422, 11332.6513672, 3124.23681641, 1364.51086426, 1228.24291992, 2789.1262207, 809.074707031, 200.118530273, 278.562408447, 158.145111084, 40.9618301392, 146.759933472, 131.720489502, 63.1289520264, 20.7693519592, 114.952514648, 83.509262085, 10.4191713333, 0.448115408421, 0.0213703885674, 0.0014806544641, 1.86225179277e-06, 1.62574065321e-09]
    },
    "gfcc": {
        "mean": [-7.67030525208, 109.099273682, -123.410873413, 23.4858455658, -49.0978813171, 3.61209702492, -38.0899658203, 0.403289884329, -30.1012077332, -1.06238782406, -26.7162895203, -3.61202549934, -12.958325386],
        "cov": [[18196.0390625, -53.7098274231, -732.015686035, 160.437728882, -370.250274658, 314.767425537, -545.368591309, 211.736129761, -464.586883545, 231.889816284, -443.152374268, 52.8300323486, -355.391937256], [-53.7098274231, 1620.60632324, -647.558105469, 35.4427375793, 311.08996582, -241.919372559, 214.226638794, -144.684280396, 143.977203369, -144.051559448, 102.225265503, -158.870193481, 150.068313599], [-732.015686035, -647.558105469, 1083.27612305, 26.2123432159, -101.458610535, 67.7144775391, -98.5412826538, 149.725646973, -35.7471008301, 39.1509628296, -65.5154266357, 98.9116210938, -93.5801315308], [160.437728882, 35.4427375793, 26.2123432159, 404.993225098, 97.5985488892, -96.7443161011, -46.2248153687, -54.3008766174, 17.953163147, -51.1144943237, 7.79197454453, -0.902223646641, 17.0937614441], [-370.250274658, 311.08996582, -101.458610535, 97.5985488892, 382.853820801, -67.9578170776, 64.945350647, -25.1428699493, 51.7020263672, -28.0452270508, 38.0971374512, -15.2973546982, 24.8734817505], [314.767425537, -241.919372559, 67.7144775391, -96.7443161011, -67.9578170776, 246.116897583, 42.3301200867, 19.4203643799, -63.7834968567, 26.846326828, 4.12004327774, 9.75024604797, -32.4215965271], [-545.368591309, 214.226638794, -98.5412826538, -46.2248153687, 64.945350647, 42.3301200867, 214.637741089, -12.1599578857, 12.609995842, -35.0632400513, 37.2921447754, -17.5054092407, 18.8706665039], [211.736129761, -144.684280396, 149.725646973, -54.3008766174, -25.1428699493, 19.4203643799, -12.1599578857, 151.864517212, 2.44873905182, 27.620513916, -37.810382843, 10.8722324371, -31.3013305664], [-464.586883545, 143.977203369, -35.7471008301, 17.953163147, 51.7020263672, -63.7834968567, 12.609995842, 2.44873905182, 118.488723755, -4.50167751312, 14.8866910934, -29.5446166992, 13.1941585541], [231.889816284, -144.051559448, 39.1509628296, -51.1144943237, -28.0452270508, 26.846326828, -35.0632400513, 27.620513916, -4.50167751312, 101.481895447, -8.91889381409, 4.82687711716, -12.8277626038], [-443.152374268, 102.225265503, -65.5154266357, 7.79197454453, 38.0971374512, 4.12004327774, 37.2921447754, -37.810382843, 14.8866910934, -8.91889381409, 90.5895843506, -7.37854719162, 4.80893802643], [52.8300323486, -158.870193481, 98.9116210938, -0.902223646641, -15.2973546982, 9.75024604797, -17.5054092407, 10.8722324371, -29.5446166992, 4.82687711716, -7.37854719162, 90.8572616577, -2.93400621414], [-355.391937256, 150.068313599, -93.5801315308, 17.0937614441, 24.8734817505, -32.4215965271, 18.8706665039, -31.3013305664, 13.1941585541, -12.8277626038, 4.80893802643, -2.93400621414, 96.2792205811]],
        "icov": [[0.000132926288643, -0.000273056706646, 0.000195368716959, -0.000254805199802, 0.000114370290248, -0.000364989566151, 0.000373098533601, -0.000230802485021, 0.000396442541387, -0.000392171845306, 0.000667908869218, -0.000385475548683, 0.000699097756296], [-0.000273056706646, 0.00222472310998, -3.57312273991e-05, 0.00098984548822, -0.000892805692274, 0.00198927987367, -0.00161009619478, 0.000782949326094, -0.00104606442619, 0.00207762257196, -0.00195250369143, 0.00263626500964, -0.00261733820662], [0.000195368716959, -3.57312273991e-05, 0.00169090763666, -0.000610929448158, 0.000189529542695, -0.000601565930992, 0.000650641683023, -0.00127606699243, 0.000286001653876, -0.000297011371003, 0.00114608602598, -0.00139631342608, 0.00155633385293], [-0.000254805199802, 0.00098984548822, -0.000610929448158, 0.00390984257683, -0.00118230294902, 0.00184485584032, -7.69977032178e-06, 0.00157644378487, -0.000652001006529, 0.00248878449202, -0.00150005810428, 0.00147186510731, -0.00178993341979], [0.000114370290248, -0.000892805692274, 0.000189529542695, -0.00118230294902, 0.00365371117368, -0.000231149635511, -0.00040353872464, -0.000541645393241, -0.000354733521817, -0.000949145236518, 3.12157972076e-05, -0.00124968588352, 0.000971639470663], [-0.000364989566151, 0.00198927987367, -0.000601565930992, 0.00184485584032, -0.000231149635511, 0.00788912642747, -0.00329437525943, 0.000883295666426, 0.00169521383941, 0.000754852255341, -0.00303972628899, 0.0029504657723, -0.00160095538013], [0.000373098533601, -0.00161009619478, 0.000650641683023, -7.69977032178e-06, -0.00040353872464, -0.00329437525943, 0.00798862241209, -0.00136699108407, 0.00064550928073, 0.000815069128294, 0.000347183115082, -0.001510361908, 0.0014620621223], [-0.000230802485021, 0.000782949326094, -0.00127606699243, 0.00157644378487, -0.000541645393241, 0.000883295666426, -0.00136699108407, 0.00983407627791, -0.00194222654682, -0.000495018844958, 0.00210155593231, 0.000861284555867, 0.00043145212112], [0.000396442541387, -0.00104606442619, 0.000286001653876, -0.000652001006529, -0.000354733521817, 0.00169521383941, 0.00064550928073, -0.00194222654682, 0.0127417743206, -0.00195863773115, 0.000182006464456, 0.00204627797939, 0.00143830594607], [-0.000392171845306, 0.00207762257196, -0.000297011371003, 0.00248878449202, -0.000949145236518, 0.000754852255341, 0.000815069128294, -0.000495018844958, -0.00195863773115, 0.0142099186778, -0.00279490463436, 0.00247323140502, -0.00286115356721], [0.000667908869218, -0.00195250369143, 0.00114608602598, -0.00150005810428, 3.12157972076e-05, -0.00303972628899, 0.000347183115082, 0.00210155593231, 0.000182006464456, -0.00279490463436, 0.0174959991127, -0.00312474672683, 0.00510611291975], [-0.000385475548683, 0.00263626500964, -0.00139631342608, 0.00147186510731, -0.00124968588352, 0.0029504657723, -0.001510361908, 0.000861284555867, 0.00204627797939, 0.00247323140502, -0.00312474672683, 0.0165871214122, -0.00454737152904], [0.000699097756296, -0.00261733820662, 0.00155633385293, -0.00178993341979, 0.000971639470663, -0.00160095538013, 0.0014620621223, 0.00043145212112, 0.00143830594607, -0.00286115356721, 0.00510611291975, -0.00454737152904, 0.016968736425]]
    },
    "melbands": {
        "dmean": [0.000187197467312, 0.000991052016616, 0.000958350719884, 0.000603019609116, 0.000520104193129, 0.000248221535003, 0.000158398775966, 0.000334491807735, 0.000323449261487, 0.000162585070939, 0.000123900274048, 0.000104514503619, 7.59219765314e-05, 9.2594375019e-05, 6.34540556348e-05, 5.28747914359e-05, 5.60235857847e-05, 5.26171606907e-05, 3.89331034967e-05, 2.55246050074e-05, 1.593333036e-05, 1.4967046809e-05, 1.83820047823e-05, 1.206289744e-05, 7.81423932494e-06, 5.17538001077e-06, 4.36687696492e-06, 4.57804344478e-06, 4.01771285397e-06, 2.40674557972e-06, 1.59196667937e-06, 2.02523483495e-06, 1.92756942852e-06, 1.27237899505e-06, 1.06831362245e-06, 7.00797613717e-07, 5.52382346086e-07, 9.25626125081e-07, 1.12550765152e-06, 9.94186621028e-07],
        "dmean2": [0.000320612045471, 0.00167576759122, 0.0016374142142, 0.00101435068063, 0.000857070612255, 0.000406331731938, 0.000253764912486, 0.000572459655814, 0.000499358226079, 0.000250314886216, 0.000177286565304, 0.000153462649905, 0.000116023220471, 0.00013604646665, 0.000100225392089, 7.98134715296e-05, 8.86775524123e-05, 7.96392923803e-05, 6.15534881945e-05, 4.1051855078e-05, 2.38600950979e-05, 2.18750174099e-05, 2.97639089695e-05, 1.91748658835e-05, 1.26005761558e-05, 8.26287032396e-06, 6.99346128386e-06, 7.19764466339e-06, 6.27103281658e-06, 3.8677790144e-06, 2.44375564762e-06, 2.97249880532e-06, 2.84141447082e-06, 1.69286875007e-06, 1.45929413975e-06, 9.98957489173e-07, 7.71378608988e-07, 1.21297841815e-06, 1.52074687776e-06, 1.43359272897e-06],
        "dvar": [1.10969999412e-07, 4.14293799622e-06, 1.70966325186e-06, 6.15077510702e-07, 6.02552688633e-07, 2.83242911792e-07, 1.11375122458e-07, 7.53002723286e-07, 6.2559769276e-07, 2.10827465708e-07, 7.58479643537e-08, 8.06379532037e-08, 5.34977182554e-08, 8.54962749486e-08, 2.69818549725e-08, 2.11059010269e-08, 1.29757165013e-08, 1.72403851195e-08, 4.41373826376e-09, 2.04990691088e-09, 6.43158526437e-10, 4.51583936911e-10, 1.58406199269e-09, 1.02954544889e-09, 2.51686088637e-10, 8.67805341476e-11, 1.0267667272e-10, 9.60619361834e-11, 9.18305778641e-11, 2.03794880277e-11, 8.10381189237e-12, 3.04306892185e-11, 5.62252779057e-11, 2.08249875677e-11, 1.48199924555e-11, 5.54380196263e-12, 3.43457510696e-12, 3.84119056007e-11, 5.04210354024e-11, 4.64484804785e-11],
        "dvar2": [2.98008131949e-07, 1.17476483865e-05, 4.50801280749e-06, 1.54535587171e-06, 1.49537743255e-06, 7.36414563107e-07, 2.41638133502e-07, 1.91387221093e-06, 1.33031073801e-06, 4.10041536725e-07, 1.37409486456e-07, 1.6812769843e-07, 1.15229283892e-07, 1.50040591507e-07, 6.31626235759e-08, 3.85043641415e-08, 3.22105186967e-08, 2.86941244099e-08, 9.8043164698e-09, 4.58017446192e-09, 1.36335687184e-09, 8.64700699932e-10, 3.64918828488e-09, 2.19443641036e-09, 6.12280559587e-10, 2.10531383993e-10, 2.55339333011e-10, 2.01523964183e-10, 2.26811014414e-10, 5.02228571231e-11, 1.8061507151e-11, 6.55016735296e-11, 1.14458172107e-10, 3.86283262321e-11, 2.58513835338e-11, 1.12053534854e-11, 6.73294232867e-12, 6.58442675383e-11, 1.00132201142e-10, 9.55313952944e-11],
        "max": [0.00282203755341, 0.0178283527493, 0.00894183386117, 0.00800128560513, 0.00750023359433, 0.00766417896375, 0.00632739206776, 0.00956041086465, 0.010029730387, 0.00570393539965, 0.00454421807081, 0.00447861291468, 0.0033567759674, 0.00500704813749, 0.00253050518222, 0.0024304415565, 0.00146099715494, 0.00302686565556, 0.000760688621085, 0.000479355832795, 0.000335709366482, 0.000284809095319, 0.000630771974102, 0.000714244146366, 0.000206584081752, 8.86771595106e-05, 0.000145376034197, 0.000106312691059, 0.000127770064864, 4.69639890071e-05, 3.87518557545e-05, 7.51092957216e-05, 9.96982271317e-05, 7.09845116944e-05, 5.67710267205e-05, 2.9611037462e-05, 3.30840521201e-05, 0.000154847701197, 0.000160256182426, 0.00015309418086],
        "mean": [0.000302174739772, 0.00168614485301, 0.00167099351529, 0.00104888365604, 0.000893472111784, 0.000357097684173, 0.000267834897386, 0.000388945831219, 0.000435711699538, 0.000227063559578, 0.000253122096183, 0.000182881922228, 0.000134174042614, 0.000148067847476, 0.000103834958281, 8.29523341963e-05, 8.67044363986e-05, 8.58162748045e-05, 7.00832315488e-05, 4.64020304207e-05, 2.99594394164e-05, 2.54111582763e-05, 3.06850124616e-05, 2.07538541872e-05, 1.23468053062e-05, 7.70839233155e-06, 6.0902543737e-06, 6.64297340336e-06, 5.45635839444e-06, 3.3532926409e-06, 2.72754664365e-06, 2.9975644793e-06, 2.46214426625e-06, 1.76821629339e-06, 1.49333368427e-06, 1.04822038338e-06, 8.19729052637e-07, 1.13835915272e-06, 1.24605912788e-06, 1.04301250303e-06],
        "median": [0.000161455842317, 0.00118462368846, 0.00130350363906, 0.000713189365342, 0.000525267038029, 0.000184129428817, 0.000116154929856, 0.000108221982373, 0.000104427359474, 6.17843616055e-05, 7.21855249139e-05, 5.41088520549e-05, 5.46819210285e-05, 4.44332472398e-05, 4.286836338e-05, 2.55175109487e-05, 2.28524841077e-05, 3.47302484442e-05, 2.81756601908e-05, 2.02060764423e-05, 1.41881191666e-05, 1.34651199915e-05, 1.1779156921e-05, 7.95201140136e-06, 4.97164410262e-06, 3.93154823541e-06, 2.88181945507e-06, 2.51212418334e-06, 2.22570224651e-06, 1.55457439632e-06, 1.2643122318e-06, 9.25470260427e-07, 4.89403589654e-07, 2.8558238796e-07, 1.44995567553e-07, 1.00683720916e-07, 7.60448557457e-08, 6.60385168771e-08, 9.6668472338e-08, 1.02144866787e-07],
        "min": [1.07472090476e-23, 7.05846863354e-24, 7.69314194167e-24, 5.36869307582e-24, 3.1254761756e-24, 4.31964888354e-24, 3.3608318406e-24, 5.44451601944e-24, 2.69583649421e-24, 8.53903275717e-24, 5.40346961439e-24, 4.65138343242e-24, 1.82170406387e-24, 6.2407018926e-24, 3.72825958442e-24, 4.88970462278e-24, 1.31604552524e-23, 6.81363460755e-24, 1.00813560122e-23, 7.09077722077e-24, 3.51930650228e-24, 8.12911380955e-24, 8.60986142241e-24, 7.37197300133e-24, 6.06830896354e-24, 4.90422281888e-24, 7.4212042327e-24, 7.07915966622e-24, 1.42213430079e-23, 8.95905227983e-24, 1.28529391278e-23, 6.81934517165e-24, 9.27033442645e-24, 9.43456974489e-24, 9.17243915469e-24, 5.88711274121e-24, 8.02483113105e-24, 1.17175276826e-23, 8.23133519451e-24, 9.2265668457e-24],
        "var": [1.51175299834e-07, 3.93842447011e-06, 2.10596817851e-06, 1.16089188396e-06, 1.21295624922e-06, 2.91435981126e-07, 3.01987398643e-07, 8.36563117446e-07, 1.07170137653e-06, 3.57856862365e-07, 3.20749194316e-07, 1.95485966969e-07, 1.0378262516e-07, 2.02839274266e-07, 3.81883182854e-08, 4.38267768743e-08, 2.29301839738e-08, 4.16848280338e-08, 1.03162909326e-08, 5.16903497783e-09, 1.89860482891e-09, 1.19482335137e-09, 2.81595569085e-09, 1.99929561795e-09, 5.11094888633e-10, 1.2595859078e-10, 1.03877004221e-10, 1.49878026656e-10, 1.0303236736e-10, 2.48499155281e-11, 1.45444047431e-11, 4.21439098897e-11, 7.23849730155e-11, 3.28491366053e-11, 2.5667624276e-11, 9.57382610689e-12, 7.29101674868e-12, 5.9235089056e-11, 6.76615846684e-11, 5.38672474681e-11]
    },
    "mfcc": {
