{
"metadata": {
    "version": {
        "essentia": "2.0.1",
        "extractor": "archive-music 1.0"
    },
    "audio_properties": {
        "analysis_sample_rate": 44100,
        "bitrate": 128,
        "channels": 2,
        "equal_loudness": 0,
        "length": 15.7779588699,
        "replay_gain": -13.0218849182,
        "downmix": "mix"
    },
    "tags": {
        "track": 0,
        "year": 0,
        "album": " Very Best of  Boot Cut",
        "artist": "David Certano",
        "comment": "",
        "genre": "Other",
        "title": "I'm from the country"
    }
},
"highlevel": {
    "culture": {
        "all": {
            "non_western": 0.0374139994383,
            "western": 0.962585985661
        },
        "probability": 0.962585985661,
        "value": "western"
    },
    "danceability": {
        "all": {
            "danceable": 0.0772942230105,
            "not_danceable": 0.922705769539
        },
        "probability": 0.922705769539,
        "value": "not_danceable"
    },
    "gender": {
        "all": {
            "female": 0.354356974363,
            "male": 0.645642995834
        },
        "probability": 0.645642995834,
        "value": "male"
    },
    "genre_dortmund": {
        "all": {
            "alternative": 0.158742114902,
            "blues": 0.0551630742848,
            "electronic": 0.00332218850963,
            "folkcountry": 0.123306304216,
            "funksoulrnb": 0.0428443625569,
            "jazz": 0.00994877330959,
            "pop": 0.0834804922342,
            "raphiphop": 0.00270146434195,
            "rock": 0.520491242409
        },
        "probability": 0.520491242409,
        "value": "rock"
    },
    "genre_electronic": {
        "all": {
            "ambient": 0.603312194347,
            "dnb": 0.238081261516,
            "house": 0.0520432069898,
            "techno": 0.012232337147,
            "trance": 0.0943309739232
        },
        "probability": 0.603312194347,
        "value": "ambient"
    },
    "genre_rosamerica": {
        "all": {
            "cla": 0.115861788392,
            "dan": 0.0105398800224,
            "hip": 0.00697019975632,
            "jaz": 0.00743567803875,
            "pop": 0.143150910735,
            "rhy": 0.116072922945,
            "roc": 0.592511177063,
            "spe": 0.00745744723827
        },
        "probability": 0.592511177063,
        "value": "roc"
    },
    "genre_tzanetakis": {
        "all": {
            "blu": 0.00594390602782,
            "cla": 0.0178446285427,
            "cou": 0.0572825931013,
            "dis": 0.0421364679933,
            "hip": 0.00854872725904,
            "jaz": 0.00882009230554,
            "met": 0.00836522411555,
            "pop": 0.216176390648,
            "reg": 0.0568024031818,
            "roc": 0.578079581261
        },
        "probability": 0.578079581261,
        "value": "roc"
    },
    "mirex_ballroom": {
        "all": {
            "ChaChaCha": 0.0136851267889,
            "Jive": 0.0842741206288,
            "Quickstep": 0.0281840134412,
            "Rumba-American": 0.00468611344695,
            "Rumba-International": 0.0235227849334,
            "Rumba-Misc": 0.0111877350137,
            "Samba": 0.00710950931534,
            "Tango": 0.00994186196476,
            "VienneseWaltz": 0.774224579334,
            "Waltz": 0.0431841313839
        },
        "probability": 0.774224579334,
        "value": "VienneseWaltz"
    },
    "mood_acoustic": {
        "all": {
            "acoustic": 0.210008487105,
            "not_acoustic": 0.789991497993
        },
        "probability": 0.789991497993,
        "value": "not_acoustic"
    },
    "mood_aggressive": {
        "all": {
            "aggressive": 0.211189925671,
            "not_aggressive": 0.788810074329
        },
        "probability": 0.788810074329,
        "value": "not_aggressive"
    },
    "mood_electronic": {
        "all": {
            "electronic": 0.0499104559422,
            "not_electronic": 0.950089514256
        },
        "probability": 0.950089514256,
        "value": "not_electronic"
    },
    "mood_happy": {
        "all": {
            "happy": 0.907222986221,
            "not_happy": 0.0927769914269
        },
        "probability": 0.907222986221,
        "value": "happy"
    },
    "mood_party": {
        "all": {
            "not_party": 0.886054575443,
            "party": 0.113945409656
        },
        "probability": 0.886054575443,
        "value": "not_party"
    },
    "mood_relaxed": {
        "all": {
            "not_relaxed": 0.892427802086,
            "relaxed": 0.107572197914
        },
        "probability": 0.892427802086,
        "value": "not_relaxed"
    },
    "mood_sad": {
        "all": {
            "not_sad": 0.800890564919,
            "sad": 0.19910942018
        },
        "probability": 0.800890564919,
        "value": "not_sad"
    },
    "moods_mirex": {
        "all": {
            "Cluster1": 0.15919791162,
            "Cluster2": 0.536020815372,
            "Cluster3": 0.097326003015,
            "Cluster4": 0.147083386779,
            "Cluster5": 0.0603718943894
        },
        "probability": 0.536020815372,
        "value": "Cluster2"
    },
    "timbre": {
        "all": {
            "bright": 0.971449792385,
            "dark": 0.0285502169281
        },
        "probability": 0.971449792385,
        "value": "bright"
    },
    "tonal_atonal": {
        "all": {
            "atonal": 0.00944649241865,
            "tonal": 0.990553498268
        },
        "probability": 0.990553498268,
        "value": "tonal"
    },
    "voice_instrumental": {
        "all": {
            "instrumental": 0.00566444173455,
            "voice": 0.994335532188
        },
        "probability": 0.994335532188,
        "value": "voice"
    }
},
"lowlevel": {
    "average_loudness": 0.983172237873,
    "barkbands_kurtosis": {
        "dmean": 1.5290517807,
        "dmean2": 2.46897721291,
        "dvar": 5.17543554306,
        "dvar2": 11.7235870361,
        "max": 35.2708587646,
        "mean": 2.02398896217,
        "median": 1.03999185562,
        "min": -1.8506333828,
        "var": 11.8198337555
    },
    "barkbands_skewness": {
        "dmean": 0.396611958742,
        "dmean2": 0.629588246346,
        "dvar": 0.187739908695,
        "dvar2": 0.40737169981,
        "max": 4.73765850067,
        "mean": 1.22425699234,
        "median": 1.18775212765,
        "min": -2.10239934921,
        "var": 0.585972428322
    },
    "barkbands_spread": {
        "dmean": 3.95080137253,
        "dmean2": 6.0638461113,
        "dvar": 30.8762836456,
        "dvar2": 70.4902648926,
        "max": 76.1282272339,
        "mean": 17.9792442322,
        "median": 16.7084636688,
        "min": 3.01879739761,
        "var": 82.9736480713
    },
    "dissonance": {
        "dmean": 0.0209206622094,
        "dmean2": 0.0350449308753,
        "dvar": 0.00045108795166,
        "dvar2": 0.00117219332606,
        "max": 0.5,
        "mean": 0.459302961826,
        "median": 0.467129617929,
        "min": 0.283405840397,
        "var": 0.000940072117373
    },
    "dynamic_complexity": 2.1373231411,
    "erbbands_kurtosis": {
        "dmean": 0.596181809902,
        "dmean2": 0.92969673872,
        "dvar": 0.667584121227,
        "dvar2": 1.59839010239,
        "max": 9.79552268982,
        "mean": 0.0465219579637,
        "median": -0.255015850067,
        "min": -1.58375442028,
        "var": 1.63706707954
    },
    "erbbands_skewness": {
        "dmean": 0.293132215738,
        "dmean2": 0.457207471132,
        "dvar": 0.0846872553229,
        "dvar2": 0.192383125424,
        "max": 2.16311693192,
        "mean": 0.234884515405,
        "median": 0.223898634315,
        "min": -1.46080386639,
        "var": 0.344280660152
    },
    "erbbands_spread": {
        "dmean": 5.62337112427,
        "dmean2": 8.63204288483,
        "dvar": 34.8729248047,
        "dvar2": 76.6025238037,
        "max": 94.2221221924,
        "mean": 31.5357303619,
        "median": 30.0534496307,
        "min": 6.60151815414,
        "var": 134.722167969
    },
    "hfc": {
        "dmean": 6.08283042908,
        "dmean2": 8.52817249298,
        "dvar": 87.860786438,
        "dvar2": 167.201049805,
        "max": 183.233505249,
        "mean": 27.7246894836,
        "median": 23.7606220245,
        "min": 1.16476202026e-16,
        "var": 354.762512207
    },
    "melbands_kurtosis": {
        "dmean": 3.12386155128,
        "dmean2": 5.10086870193,
        "dvar": 25.2051010132,
        "dvar2": 59.340549469,
        "max": 77.6535110474,
        "mean": 6.02742242813,
        "median": 4.45570993423,
        "min": -1.21908974648,
        "var": 49.2387809753
    },
    "melbands_skewness": {
        "dmean": 0.495385527611,
        "dmean2": 0.792651236057,
        "dvar": 0.289965689182,
        "dvar2": 0.672597229481,
        "max": 6.19460868835,
        "mean": 1.92923617363,
        "median": 1.88799250126,
        "min": -0.395356237888,
        "var": 0.857002437115
    },
    "melbands_spread": {
        "dmean": 5.4679274559,
        "dmean2": 8.50862121582,
        "dvar": 59.0532569885,
        "dvar2": 110.3957901,
        "max": 140.389953613,
        "mean": 22.1383914948,
        "median": 19.9127902985,
        "min": 2.57618379593,
        "var": 192.550613403
    },
    "pitch_salience": {
        "dmean": 0.062065243721,
        "dmean2": 0.102578513324,
        "dvar": 0.00292697409168,
        "dvar2": 0.00784785673022,
        "max": 0.832958400249,
        "mean": 0.636634349823,
        "median": 0.640516400337,
        "min": 0.240496516228,
        "var": 0.00721922004595
    },
    "silence_rate_20dB": {
        "dmean": 0,
        "dmean2": 0,
        "dvar": 0,
        "dvar2": 0,
        "max": 1,
        "mean": 1,
        "median": 1,
        "min": 1,
        "var": 0
    },
    "silence_rate_30dB": {
        "dmean": 0,
        "dmean2": 0,
        "dvar": 0,
        "dvar2": 0,
        "max": 1,
        "mean": 1,
        "median": 1,
        "min": 1,
        "var": 0
    },
    "silence_rate_60dB": {
        "dmean": 0.00294117652811,
        "dmean2": 0.00589101621881,
        "dvar": 0.00293251988478,
        "dvar2": 0.00585630116984,
        "max": 1,
        "mean": 0.0558002926409,
        "median": 0,
        "min": 0,
        "var": 0.0526858083904
    },
    "spectral_centroid": {
        "dmean": 217.149261475,
        "dmean2": 309.827423096,
        "dvar": 194709.5,
        "dvar2": 189076.890625,
        "max": 11254.0947266,
        "mean": 1128.8293457,
        "median": 1021.74621582,
        "min": 306.502532959,
        "var": 519065.1875
    },
    "spectral_complexity": {
        "dmean": 3.31764698029,
        "dmean2": 4.96907234192,
        "dvar": 12.0785388947,
        "dvar2": 22.3274974823,
        "max": 51,
        "mean": 23.2716598511,
        "median": 24,
        "min": 0,
        "var": 80.9526824951
    },
    "spectral_crest": {
        "dmean": 2.23336315155,
        "dmean2": 3.71799707413,
        "dvar": 4.54456520081,
        "dvar2": 12.1632843018,
        "max": 21.3637886047,
        "mean": 8.21655750275,
        "median": 7.77558231354,
        "min": 2.68462944031,
        "var": 7.95637178421
    },
    "spectral_decrease": {
        "dmean": 2.03988914649e-09,
        "dmean2": 3.45523942791e-09,
        "dvar": 5.62759715246e-18,
        "dvar2": 1.58402771198e-17,
        "max": 9.30372158818e-29,
        "mean": -8.50630499372e-09,
        "median": -8.62197158114e-09,
        "min": -2.22278355722e-08,
        "var": 1.28677200434e-17
    },
    "spectral_energy": {
        "dmean": 0.00805037654936,
        "dmean2": 0.0135690392926,
        "dvar": 8.51324439282e-05,
        "dvar2": 0.00023741464247,
        "max": 0.0914584100246,
        "mean": 0.0346194654703,
        "median": 0.0349354967475,
        "min": 1.07472095399e-20,
        "var": 0.000213408507989
    },
    "spectral_energyband_high": {
        "dmean": 0.000375709321816,
        "dmean2": 0.000499268062413,
        "dvar": 1.21715902424e-06,
        "dvar2": 2.38744360104e-06,
        "max": 0.0243697371334,
        "mean": 0.000766224286053,
        "median": 0.000206762138987,
        "min": 7.59595190525e-21,
        "var": 2.89866329695e-06
    },
    "spectral_energyband_low": {
        "dmean": 0.0033144117333,
        "dmean2": 0.00584727199748,
        "dvar": 4.50373663625e-05,
        "dvar2": 0.000130759362946,
        "max": 0.0527655854821,
        "mean": 0.00531643768772,
        "median": 0.00372836086899,
        "min": 3.87636277624e-23,
        "var": 4.32773522334e-05
    },
    "spectral_energyband_middle_high": {
        "dmean": 0.00249348091893,
        "dmean2": 0.00359338172711,
        "dvar": 1.2071137462e-05,
        "dvar2": 2.32030070038e-05,
        "max": 0.0464583523571,
        "mean": 0.00920782610774,
        "median": 0.00760715082288,
        "min": 1.28180127845e-21,
        "var": 5.40400942555e-05
    },
    "spectral_energyband_middle_low": {
        "dmean": 0.00594773422927,
        "dmean2": 0.00964227505028,
        "dvar": 4.19829848397e-05,
        "dvar2": 0.000114746610052,
        "max": 0.0624907910824,
        "mean": 0.0208266023546,
        "median": 0.020854961127,
        "min": 2.08078825469e-22,
        "var": 0.000100766017567
    },
    "spectral_flatness_db": {
        "dmean": 0.0209325868636,
        "dmean2": 0.0279169175774,
        "dvar": 0.000416550523369,
        "dvar2": 0.000669320928864,
        "max": 0.335024476051,
        "mean": 0.14831918478,
        "median": 0.148750975728,
        "min": 0.0171029940248,
        "var": 0.00259375246242
    },
    "spectral_flux": {
        "dmean": 0.0237154196948,
        "dmean2": 0.0354596786201,
        "dvar": 0.000568336923607,
        "dvar2": 0.00111834111158,
        "max": 0.257228374481,
        "mean": 0.0942513793707,
        "median": 0.0894338041544,
        "min": 6.88278392613e-11,
        "var": 0.00198680371977
    },
    "spectral_kurtosis": {
        "dmean": 2.73100972176,
        "dmean2": 4.57731580734,
        "dvar": 10.6913118362,
        "dvar2": 31.6365337372,
        "max": 38.1841011047,
        "mean": 6.71591758728,
        "median": 5.80549240112,
        "min": -1.24914038181,
        "var": 19.1437683105
    },
    "spectral_rms": {
        "dmean": 0.000652177957818,
        "dmean2": 0.00108600966632,
        "dvar": 4.71612509045e-07,
        "dvar2": 1.31336844333e-06,
        "max": 0.00944604258984,
        "mean": 0.0055881277658,
        "median": 0.00583809986711,
        "min": 3.2380678e-12,
        "var": 2.54788960774e-06
    },
    "spectral_rolloff": {
        "dmean": 393.392456055,
        "dmean2": 661.978759766,
        "dvar": 1013991.125,
        "dvar2": 1867356.5,
        "max": 18970.7519531,
        "mean": 1470.92919922,
        "median": 1248.92578125,
        "min": 193.798828125,
        "var": 2971546.5
    },
    "spectral_skewness": {
        "dmean": 0.289943754673,
        "dmean2": 0.462164908648,
        "dvar": 0.0865398272872,
        "dvar2": 0.242493018508,
        "max": 4.04825782776,
        "mean": 1.78380489349,
        "median": 1.74621260166,
        "min": -0.0423494651914,
        "var": 0.220604047179
    },
    "spectral_spread": {
        "dmean": 549837.6875,
        "dmean2": 693526.4375,
        "dvar": 2.565996544e+12,
        "dvar2": 2.54526829363e+12,
        "max": 42545376,
        "mean": 3766533,
        "median": 3214673.75,
        "min": 1331764.5,
        "var": 7.43152654746e+12
    },
    "spectral_strongpeak": {
        "dmean": 0.687882661819,
        "dmean2": 1.18733274937,
        "dvar": 1.01606297493,
        "dvar2": 2.78207683563,
        "max": 8.1121969223,
        "mean": 1.27115285397,
        "median": 0.836494743824,
        "min": 0,
        "var": 1.77466571331
    },
    "zerocrossingrate": {
        "dmean": 0.00946044921875,
        "dmean2": 0.0115310605615,
        "dvar": 0.00054778449703,
        "dvar2": 0.00100219517481,
        "max": 0.50927734375,
        "mean": 0.0567610822618,
        "median": 0.048828125,
        "min": 0.01025390625,
        "var": 0.00192150252406
    },
    "barkbands": {
        "dmean": [6.51393293083e-06, 0.000901131308638, 0.0020715368446, 0.00161961908452, 0.00298273097724, 0.00223237951286, 0.00128212128766, 0.00139537372161, 0.00133621913847, 0.000646256201435, 0.000942824757658, 0.000760370923672, 0.000732486660127, 0.000583822606131, 0.000545639253687, 0.000284841662506, 0.000246664712904, 0.000235541956499, 0.000127839492052, 0.000109054490167, 7.76677625254e-05, 0.000117751427752, 8.60266882228e-05, 4.03100602853e-05, 3.71430869563e-05, 2.32555248658e-05, 2.71376870842e-06],
        "dmean2": [1.10315868369e-05, 0.00156209478155, 0.00367710622959, 0.0027657521423, 0.00476306863129, 0.00376712740399, 0.00209660758264, 0.00233194418252, 0.00214789947495, 0.00100233301055, 0.00140382454265, 0.00114904902875, 0.00116554647684, 0.000888951937668, 0.000847962626722, 0.00045009990572, 0.000398025673348, 0.000372447422706, 0.000199589907425, 0.000167845471879, 0.000114635178761, 0.00017027380818, 0.000134968810016, 5.54223006475e-05, 5.27994016011e-05, 3.20726030623e-05, 4.15702697865e-06],
        "dvar": [1.44880663022e-10, 3.06138781525e-06, 2.12125323742e-05, 5.21802439835e-06, 1.09869770313e-05, 9.8296914075e-06, 4.76298237118e-06, 1.01928972072e-05, 7.18843875802e-06, 1.98153315978e-06, 3.19864352605e-06, 3.65959203918e-06, 4.00103226639e-06, 1.9652525225e-06, 5.38324286481e-07, 2.58793164676e-07, 2.95098431025e-07, 1.03749343339e-07, 3.69533523781e-08, 6.63799397671e-08, 1.95017495486e-08, 2.7887546139e-07, 1.58311877385e-07, 7.89691689818e-09, 1.99361753772e-08, 3.43291683969e-09, 6.38883598802e-11],
        "dvar2": [3.68698710451e-10, 8.62542583491e-06, 6.14035234321e-05, 1.388954297e-05, 2.83820700133e-05, 2.78621155303e-05, 1.22759256556e-05, 2.54354490608e-05, 1.73394073499e-05, 4.13792668041e-06, 6.47594242764e-06, 7.30851752451e-06, 8.63397053763e-06, 4.27705845141e-06, 1.35535594836e-06, 5.30114505182e-07, 8.15578118818e-07, 2.57744005694e-07, 8.24287695878e-08, 1.52722677171e-07, 4.37287255295e-08, 4.75381284559e-07, 4.28182971746e-07, 1.54443320355e-08, 4.36152447492e-08, 7.0253194373e-09, 1.40336228749e-10],
        "max": [0.000103540034615, 0.0135796638206, 0.038133315742, 0.0214039292186, 0.0319390408695, 0.0273010898381, 0.0267546791583, 0.0343552604318, 0.0313731990755, 0.0170390512794, 0.019332299009, 0.0311103183776, 0.0232308804989, 0.019067408517, 0.00768000213429, 0.00696403346956, 0.00951484777033, 0.00444003287703, 0.00208361074328, 0.00443081278354, 0.00162082607858, 0.0144621934742, 0.00626143859699, 0.00145833415445, 0.00318495673127, 0.000974659924395, 8.88547801878e-05],
        "mean": [6.6861985033e-06, 0.00123729649931, 0.00274078012444, 0.00263181142509, 0.00682833837345, 0.00433344999328, 0.00227466155775, 0.00175168283749, 0.00255254446529, 0.00108896102756, 0.00165366753936, 0.00128556264099, 0.0012387719471, 0.00100023706909, 0.00128240021877, 0.00058175023878, 0.000505282951053, 0.000500809343066, 0.000278411374893, 0.000181553754373, 0.000156592883286, 0.000199141810299, 0.000127429433633, 8.6117281171e-05, 5.59840846108e-05, 3.60024350812e-05, 3.56802297574e-06],
        "median": [2.58727254732e-06, 0.000491825863719, 0.00163303862792, 0.00151901715435, 0.00571009004489, 0.00334373326041, 0.00150934210978, 0.000710962165613, 0.00127596966922, 0.000418286741478, 0.000609735085163, 0.000572032993659, 0.000537871674169, 0.000459209783003, 0.000898106372915, 0.00034423332545, 0.000331862043822, 0.000357897893991, 0.000174754357431, 7.59151589591e-05, 6.53920069453e-05, 3.37640412909e-05, 1.36720136652e-05, 9.46400723478e-06, 8.13497899799e-06, 2.21487016461e-06, 1.96161664689e-08],
        "min": [6.60970656937e-24, 1.02554797021e-23, 1.25176369554e-23, 5.64726037183e-24, 2.078145192e-23, 1.57910294811e-23, 2.23157516708e-23, 3.98480306726e-23, 3.40869447719e-23, 3.64144694064e-23, 4.04242840975e-23, 2.9273242953e-23, 1.09191122518e-22, 4.15489978e-23, 9.43840897314e-23, 1.24670214309e-22, 1.93705767154e-22, 1.99290826632e-22, 2.49642341465e-22, 2.71582267178e-22, 2.76117220263e-22, 5.71716199929e-22, 4.38461260461e-22, 9.48816047406e-22, 1.14479706611e-21, 1.32991124186e-21, 2.43317196666e-21],
        "var": [1.54571161426e-10, 3.99957662012e-06, 1.67710077221e-05, 1.03311431303e-05, 2.84230263787e-05, 1.49969355334e-05, 8.92162825039e-06, 1.35374066303e-05, 1.36342723636e-05, 4.12841836805e-06, 8.54312202136e-06, 6.12180429016e-06, 5.76834418098e-06, 3.06087395074e-06, 1.67335792867e-06, 5.26211579199e-07, 3.91895270013e-07, 2.60138051544e-07, 9.28763483898e-08, 1.13262075274e-07, 5.26736663176e-08, 7.13652013928e-07, 1.47766726855e-07, 3.52103768364e-08, 2.67523176944e-08, 6.9052403795e-09, 1.1736646377e-10]
    },
    "erbbands": {
        "dmean": [0.0106119643897, 0.273201912642, 1.89024138451, 4.06994915009, 6.27147197723, 14.3320941925, 15.6816072464, 18.2174396515, 15.616558075, 26.827955246, 28.0387954712, 29.1779346466, 20.9887485504, 23.6846504211, 33.7162055969, 28.6494522095, 35.4221191406, 22.935092926, 25.2271938324, 29.8195800781, 13.2916059494, 12.1727294922, 11.9760074615, 8.34391307831, 5.22102642059, 5.28146600723, 3.75919508934, 3.24377846718, 4.60419416428, 3.31683349609, 2.21216583252, 1.05829441547, 0.680876493454, 0.411123752594, 0.270593225956, 0.124007448554, 0.0394776947796, 0.00788298808038, 0.000240293928073, 1.25710457723e-05],
        "dmean2": [0.0183373615146, 0.480378627777, 3.38507223129, 7.08622455597, 10.3110723495, 22.9115924835, 25.92710495, 30.3836956024, 26.3795871735, 43.0912857056, 47.7114257812, 46.361946106, 32.7666015625, 34.2743301392, 49.7913513184, 43.9560432434, 55.0776519775, 35.4390258789, 37.9244918823, 45.3121452332, 21.2368755341, 19.0285701752, 18.6755008698, 13.3210248947, 7.97083616257, 8.04127311707, 5.65411663055, 4.76265907288, 6.51016902924, 5.10512304306, 3.40482497215, 1.50577151775, 0.96133095026, 0.587642371655, 0.391903012991, 0.174760937691, 0.0549163818359, 0.0109274201095, 0.000338043959346, 1.93592240976e-05],
        "dvar": [0.000413021043641, 0.29286813736, 17.0210533142, 44.210105896, 64.4978179932, 321.173431396, 511.051330566, 635.792236328, 698.196960449, 2958.62475586, 3306.36206055, 4290.5, 1534.21240234, 2037.80957031, 5456.21826172, 4836.95556641, 9562.08886719, 4195.96875, 1427.38427734, 1913.94104004, 610.39050293, 572.747497559, 253.077667236, 115.577461243, 96.73021698, 155.251739502, 61.4323577881, 58.1822547913, 437.39352417, 203.467895508, 101.067749023, 8.07509040833, 2.81481218338, 2.04871535301, 1.18397164345, 0.090840369463, 0.0108386492357, 0.000466307916213, 4.31992361882e-07, 2.85639900621e-10],
        "dvar2": [0.00110246730037, 0.837583184242, 49.9077415466, 124.195648193, 168.938201904, 829.757080078, 1443.00488281, 1734.3392334, 1979.05297852, 7274.86914062, 7620.27832031, 10124.390625, 3254.93115234, 3892.0637207, 11465.1767578, 10991.3378906, 20750.2363281, 10091.7646484, 2721.73193359, 3933.30517578, 1290.26586914, 1553.15185547, 607.395996094, 279.594116211, 222.858428955, 355.300140381, 147.800872803, 99.9093933105, 772.38482666, 518.324707031, 268.856964111, 19.5686721802, 5.6718006134, 4.48729991913, 2.59356951714, 0.192199170589, 0.0217314101756, 0.000902757397853, 8.53900019138e-07, 5.64417124149e-10],
        "max": [0.178503826261, 4.20521974564, 28.8864879608, 62.4319763184, 66.9197235107, 181.072433472, 219.524780273, 210.045639038, 364.734863281, 632.215637207, 566.717773438, 878.861083984, 700.686462402, 645.702819824, 1344.00366211, 987.838256836, 1281.47131348, 1101.69091797, 586.995117188, 682.83404541, 297.963989258, 416.359619141, 186.654403687, 107.041137695, 160.752151489, 201.625244141, 107.148719788, 171.554718018, 589.08996582, 239.615493774, 168.280303955, 39.1962928772, 23.9336109161, 31.8924198151, 24.5101585388, 3.82810640335, 1.7253023386, 0.29857558012, 0.00751246931031, 0.000257433246588],
        "mean": [0.0160499513149, 0.377414345741, 2.56155204773, 6.73107767105, 11.3847827911, 30.0993061066, 30.3193321228, 35.7766342163, 30.1577033997, 40.4741516113, 41.0585594177, 56.4227027893, 46.1369857788, 45.1417236328, 61.6083183289, 50.6082000732, 62.6505012512, 41.7324447632, 60.9730796814, 65.3045730591, 30.9756736755, 26.991727829, 27.3263549805, 19.8876590729, 10.5728464127, 8.93694782257, 6.80249118805, 6.77982950211, 7.64929771423, 4.92774677277, 3.42922282219, 2.07322692871, 1.27632427216, 0.654102981091, 0.396513909101, 0.191278830171, 0.0596055984497, 0.0117806270719, 0.000352141185431, 5.02489710925e-05],
        "median": [0.0084127439186, 0.167500764132, 1.57109928131, 4.80677986145, 8.98105430603, 23.1310043335, 22.835062027, 26.2037563324, 23.2649612427, 19.0689659119, 18.6859092712, 27.2554759979, 20.7484951019, 21.0956687927, 28.1743278503, 25.2830295563, 30.2306728363, 21.4641971588, 41.3868026733, 44.1739463806, 17.9107608795, 20.8467025757, 20.385602951, 12.9569559097, 6.47020292282, 3.70945477486, 2.9331612587, 2.41944622993, 1.40484452248, 0.646492660046, 0.344183951616, 0.18576477468, 0.14777238667, 0.0986331477761, 0.0427803397179, 0.0148776033893, 0.00322380219586, 0.000267346622422, 2.96675661957e-05, 4.42156342615e-05],
        "min": [1.68777926632e-22, 2.46015206985e-21, 1.64873478135e-20, 3.64559143156e-20, 3.06922361296e-20, 5.93275261073e-20, 5.45843173786e-20, 1.36663161891e-19, 2.47168468819e-19, 5.12349726055e-19, 6.81796795657e-19, 8.10991809086e-19, 5.14973698054e-19, 1.23282429808e-18, 1.59056078446e-18, 1.54127943152e-18, 3.682449682e-18, 3.74415983724e-18, 4.21508823562e-18, 7.22830702945e-18, 7.47496732503e-18, 1.05516366621e-17, 1.2827809406e-17, 8.06061037153e-18, 1.37391647449e-17, 1.38950924262e-17, 1.209670334e-17, 1.40227181229e-17, 2.07906453748e-17, 1.36243644835e-17, 1.4058683936e-17, 1.86336660484e-17, 1.47914749688e-17, 1.10885389182e-17, 7.32863576594e-18, 4.49665638023e-18, 2.85779072954e-18, 1.18177298542e-18, 2.84657431553e-19, 3.55160303446e-20],
        "var": [0.00052261428209, 0.356964766979, 14.1910419464, 56.6240005493, 104.014595032, 786.659851074, 828.900878906, 1042.83068848, 894.042236328, 5024.97119141, 4818.89404297, 7528.43603516, 6223.19726562, 5702.98193359, 12481.1630859, 7041.80615234, 13454.8886719, 5182.93017578, 4444.87353516, 6393.31494141, 1295.49450684, 820.025878906, 655.105102539, 387.927947998, 182.235229492, 269.26159668, 115.087287903, 186.72227478, 1121.21276855, 260.519500732, 100.813117981, 21.3801612854, 8.27366447449, 2.95403552055, 1.57293176651, 0.173585489392, 0.021804722026, 0.00100222683977, 9.08785636966e-07, 1.00651209589e-09]
    },
    "gfcc": {
        "mean": [0.0558551438153, 116.711616516, -137.313079834, 17.4523239136, -57.6994552612, 0.167786717415, -46.6710128784, -2.83698296547, -27.3635654449, -3.54257321358, -18.9828128815, -3.81096887589, -9.5329580307],
        "cov": [[18092.9375, -653.019775391, -860.870239258, 331.346435547, -746.68963623, 333.560119629, -608.228881836, 200.660339355, -471.555145264, 139.144729614, -459.729675293, 307.015014648, -356.490966797], [-653.019775391, 1888.45239258, -443.737457275, -2.91496157646, 259.137298584, -323.256439209, 139.684616089, -125.313499451, 138.409606934, -242.565917969, 193.539932251, -243.96711731, 198.5519104], [-860.870239258, -443.737457275, 957.920776367, 196.961608887, -8.69754123688, 238.511459351, -47.3686447144, 109.16885376, 38.8605918884, 87.7703704834, -51.435459137, 39.1608047485, -147.290649414], [331.346435547, -2.91496157646, 196.961608887, 343.599884033, 13.3670063019, 101.824310303, -46.9369392395, 32.0845489502, 52.7917060852, 4.6231880188, 5.89801359177, -36.4316482544, -20.6890087128], [-746.68963623, 259.137298584, -8.69754123688, 13.3670063019, 296.920928955, -56.1972541809, 56.3894691467, 5.81100273132, 53.0069465637, -15.4895553589, 24.9682331085, -16.6897602081, 14.9228887558], [333.560119629, -323.256439209, 238.511459351, 101.824310303, -56.1972541809, 294.234008789, -13.0488061905, 41.1622200012, 0.641686499119, 41.2438468933, -28.6787376404, 17.7793121338, -80.7801895142], [-608.228881836, 139.684616089, -47.3686447144, -46.9369392395, 56.3894691467, -13.0488061905, 182.790222168, 18.8311595917, 30.2228279114, -31.7552566528, 11.507601738, 9.54033946991, 25.7166042328], [200.660339355, -125.313499451, 109.16885376, 32.0845489502, 5.81100273132, 41.1622200012, 18.8311595917, 136.052612305, 17.6629066467, 15.0844192505, -23.4617023468, 30.9501724243, -31.2490959167], [-471.555145264, 138.409606934, 38.8605918884, 52.7917060852, 53.0069465637, 0.641686499119, 30.2228279114, 17.6629066467, 112.222541809, -2.2681517601, 24.5980129242, -34.412651062, 7.62594938278], [139.144729614, -242.565917969, 87.7703704834, 4.6231880188, -15.4895553589, 41.2438468933, -31.7552566528, 15.0844192505, -2.2681517601, 108.76839447, -31.0088005066, 21.9855918884, -40.3064041138], [-459.729675293, 193.539932251, -51.435459137, 5.89801359177, 24.9682331085, -28.6787376404, 11.507601738, -23.4617023468, 24.5980129242, -31.0088005066, 100.163215637, -23.0275840759, 28.5157375336], [307.015014648, -243.96711731, 39.1608047485, -36.4316482544, -16.6897602081, 17.7793121338, 9.54033946991, 30.9501724243, -34.412651062, 21.9855918884, -23.0275840759, 125.079147339, -13.4335517883], [-356.490966797, 198.5519104, -147.290649414, -20.6890087128, 14.9228887558, -80.7801895142, 25.7166042328, -31.2490959167, 7.62594938278, -40.3064041138, 28.5157375336, -13.4335517883, 124.226669312]],
        "icov": [[0.000159302813699, -0.000288244453259, 0.000360225734767, -0.000314335396979, 0.000333352887537, -0.000249733886449, 0.00048044056166, -0.000338467943948, 0.000406518171076, -0.000234637336689, 0.000710988009814, -0.000685599516146, 0.000567140581552], [-0.000288244453259, 0.00206333398819, -0.000548497890122, 0.000463557807961, -0.00126680033281, 0.0012971406104, -0.0013655127259, 0.000956321193371, -0.00133457512129, 0.00230167480186, -0.00236048060469, 0.00318936654367, -0.00146377913188], [0.000360225734767, -0.000548497890122, 0.00246559595689, -0.00128364737611, 0.000598722486757, -0.00119247555267, 0.00123449391685, -0.00127972604241, 0.000437057577074, -0.000831589626614, 0.00168376904912, -0.00180272408761, 0.00231706886552], [-0.000314335396979, 0.000463557807961, -0.00128364737611, 0.00477403355762, -0.000903036561795, -0.000817678985186, 0.000503178220242, 3.12913543894e-05, -0.00228188419715, 0.00101167394314, -0.00144211982843, 0.00214709527791, -0.00185782264452], [0.000333352887537, -0.00126680033281, 0.000598722486757, -0.000903036561795, 0.00501189241186, 8.95165940165e-05, 0.000134944799356, -0.000820775923785, -0.000272151344689, -0.00132241984829, 0.00154624867719, -0.00226049637422, 0.00175084115472], [-0.000249733886449, 0.0012971406104, -0.00119247555267, -0.000817678985186, 8.95165940165e-05, 0.00610491586849, -0.00190265639685, 0.000654272851534, -0.000643788138404, 0.000800114241429, -0.00157150335144, 0.00191069080029, 0.00104405754246], [0.00048044056166, -0.0013655127259, 0.00123449391685, 0.000503178220242, 0.000134944799356, -0.00190265639685, 0.00878466665745, -0.00222764140926, -0.000783236988354, 0.000705039186869, 0.00269380677491, -0.00367732415907, 0.000737187685445], [-0.000338467943948, 0.000956321193371, -0.00127972604241, 3.12913543894e-05, -0.000820775923785, 0.000654272851534, -0.00222764140926, 0.010261005722, -0.00292266975157, 0.00121290888637, -5.16259860888e-05, -0.000483223673655, 8.699875616e-05], [0.000406518171076, -0.00133457512129, 0.000437057577074, -0.00228188419715, -0.000272151344689, -0.000643788138404, -0.000783236988354, -0.00292266975157, 0.0142340706661, -0.00306855281815, -0.000370118767023, 0.000908270769287, 0.000792577920947], [-0.000234637336689, 0.00230167480186, -0.000831589626614, 0.00101167394314, -0.00132241984829, 0.000800114241429, 0.000705039186869, 0.00121290888637, -0.00306855281815, 0.014752776362, 0.000235287152464, 0.0016648939345, 0.000769753707573], [0.000710988009814, -0.00236048060469, 0.00168376904912, -0.00144211982843, 0.00154624867719, -0.00157150335144, 0.00269380677491, -5.16259860888e-05, -0.000370118767023, 0.000235287152464, 0.0163584090769, -0.00400827685371, 0.00170160760172], [-0.000685599516146, 0.00318936654367, -0.00180272408761, 0.00214709527791, -0.00226049637422, 0.00191069080029, -0.00367732415907, -0.000483223673655, 0.000908270769287, 0.0016648939345, -0.00400827685371, 0.0157497171313, -0.00358351250179], [0.000567140581552, -0.00146377913188, 0.00231706886552, -0.00185782264452, 0.00175084115472, 0.00104405754246, 0.000737187685445, 8.699875616e-05, 0.000792577920947, 0.000769753707573, 0.00170160760172, -0.00358351250179, 0.0142155857757]]
    },
    "melbands": {
        "dmean": [0.000170229453943, 0.000771333696321, 0.000739417097066, 0.00065206293948, 0.000560038606636, 0.000406754319556, 0.000239501983742, 0.00029577978421, 0.000238177919528, 0.000181248848094, 0.000107544394268, 9.47601874941e-05, 0.000130143089336, 8.59675055835e-05, 8.21214780444e-05, 6.9080699177e-05, 4.61063136754e-05, 4.77800022054e-05, 4.12361587223e-05, 3.01462168864e-05, 1.67918478837e-05, 1.413947939e-05, 1.34778865686e-05, 1.27280318338e-05, 6.83564257997e-06, 4.67856216346e-06, 3.68956762031e-06, 3.73203351955e-06, 2.9548382372e-06, 1.60362310453e-06, 2.27021087085e-06, 2.88701744466e-06, 2.14672354559e-06, 1.96445944312e-06, 1.47135847328e-06, 9.84316557151e-07, 5.82605593991e-07, 4.95943709211e-07, 4.33694594903e-07, 3.41730043374e-07],
        "dmean2": [0.000295661418932, 0.00137175002601, 0.00127856642939, 0.00103251426481, 0.000905590131879, 0.000679354707245, 0.000400490331231, 0.000489731493872, 0.00039996166015, 0.000285874441033, 0.000167818667251, 0.000139116629725, 0.000192534353118, 0.000129451276734, 0.000128448620671, 0.00011103284487, 7.20872194506e-05, 7.21628312021e-05, 6.47988563287e-05, 4.68038670078e-05, 2.73925670626e-05, 2.25434359891e-05, 2.18038039748e-05, 2.03143172257e-05, 1.09402844828e-05, 7.24640904082e-06, 5.65637674299e-06, 5.75126250624e-06, 4.60242063127e-06, 2.45465435e-06, 3.47505601894e-06, 4.07142078984e-06, 3.23534663949e-06, 3.19877449328e-06, 2.33703576669e-06, 1.52826453359e-06, 8.40110715217e-07, 7.08170659891e-07, 6.56640281704e-07, 4.98380870795e-07],
        "dvar": [1.07551770157e-07, 2.77050162367e-06, 1.19994626857e-06, 5.65840082345e-07, 4.70653702678e-07, 3.10143462912e-07, 1.67216214209e-07, 4.15651527419e-07, 2.34700408441e-07, 1.44484175735e-07, 4.05475866216e-08, 3.53720395196e-08, 6.51735874158e-08, 5.82500234714e-08, 3.22001731945e-08, 4.40645919753e-08, 1.7744726577e-08, 6.52507958776e-09, 3.54710461004e-09, 2.88844814733e-09, 1.03478081659e-09, 1.16729181876e-09, 4.02440247793e-10, 3.92532534255e-10, 8.16545789317e-11, 5.36949686103e-11, 7.48820797036e-11, 8.52311415889e-11, 5.0428848597e-11, 7.99563453641e-12, 3.3357459156e-11, 1.63662708386e-10, 8.74789476968e-11, 7.22966547739e-11, 4.29127948454e-11, 1.64880505082e-11, 1.69063190097e-12, 1.65820753396e-12, 1.3770174237e-12, 1.58362266443e-12],
        "dvar2": [2.99736740317e-07, 8.11727750261e-06, 3.31771366291e-06, 1.52089353378e-06, 1.26701070258e-06, 8.53590734096e-07, 4.65793874582e-07, 1.04472701423e-06, 5.39282211776e-07, 3.37476734558e-07, 8.77810819588e-08, 6.8284826682e-08, 1.35114888167e-07, 1.23061738577e-07, 7.37142897833e-08, 9.08732715743e-08, 4.22560582081e-08, 1.18470682153e-08, 9.15006914681e-09, 6.31970298315e-09, 2.28283858483e-09, 3.30516902736e-09, 9.52305123647e-10, 9.9170494039e-10, 2.00545691165e-10, 1.23397625451e-10, 1.78235634585e-10, 1.96512681128e-10, 1.28348415229e-10, 1.84234034278e-11, 6.23807672184e-11, 2.7226268462e-10, 1.60940719085e-10, 2.03187203174e-10, 1.13041027927e-10, 4.63351093605e-11, 3.48438639053e-12, 3.27341712764e-12, 3.12816504471e-12, 3.40481722677e-12],
        "max": [0.00271940976381, 0.0118981534615, 0.0101550715044, 0.00717075541615, 0.0067440494895, 0.00465276278555, 0.00558135239407, 0.00793896708637, 0.00488670170307, 0.00498482212424, 0.00339454086497, 0.00255565508269, 0.00327493995428, 0.00414630025625, 0.00254936353303, 0.00307677080855, 0.00202711485326, 0.00141419738065, 0.000609458365943, 0.000652034184895, 0.000370305817341, 0.000632741779555, 0.000185294367839, 0.000318958424032, 8.03223229013e-05, 8.7548753072e-05, 0.000173881213414, 0.000141000535223, 9.58924938459e-05, 3.66681451851e-05, 0.000131014094222, 0.000366659456631, 0.000236173567828, 0.000107670741272, 0.000110479108116, 7.04979393049e-05, 1.90879509319e-05, 1.71370811586e-05, 2.14858755498e-05, 2.84760099021e-05],
        "mean": [0.000242509675445, 0.00107552786358, 0.00128744263202, 0.00143702421337, 0.00120567472186, 0.00080835033441, 0.000467137433589, 0.000430554937338, 0.000349288864527, 0.000355917727575, 0.000220939720748, 0.000170048457221, 0.000232240505284, 0.000141330587212, 0.000137781666126, 0.000122209123219, 7.28126178728e-05, 0.000103296413727, 9.18456062209e-05, 5.91340431129e-05, 3.42741477652e-05, 2.66489660135e-05, 2.83791650872e-05, 2.49554868788e-05, 1.53171149577e-05, 9.33137198444e-06, 5.89142882745e-06, 5.93461254539e-06, 4.70118493467e-06, 3.19140895044e-06, 4.24124482379e-06, 4.73337740914e-06, 3.20764593198e-06, 2.53497842095e-06, 2.08538858715e-06, 1.56961255016e-06, 1.12903182981e-06, 8.96164635833e-07, 7.35292417176e-07, 4.9552869541e-07],
        "median": [0.000112156070827, 0.0006559897447, 0.000971329282038, 0.00121994537767, 0.000982789089903, 0.000604473054409, 0.000355985073838, 0.00020746482187, 0.000149138373672, 0.000172238156665, 9.07517533051e-05, 7.49799364712e-05, 9.5203598903e-05, 5.11903635925e-05, 6.9712747063e-05, 5.00227470184e-05, 3.37130950356e-05, 6.11588839092e-05, 6.63574683131e-05, 3.36357334163e-05, 1.83171341632e-05, 1.86135621334e-05, 1.86948109331e-05, 1.54844128701e-05, 9.74450358626e-06, 5.78784010941e-06, 2.61116861111e-06, 2.2141680347e-06, 1.77705010174e-06, 1.43202032632e-06, 1.29487932554e-06, 7.99601934887e-07, 4.464463359e-07, 3.11316711077e-07, 1.98748196567e-07, 1.40405077786e-07, 9.8475148036e-08, 9.73906253421e-08, 9.76901759486e-08, 7.17116108717e-08],
        "min": [3.07115639696e-24, 7.20175732837e-24, 5.92782348594e-24, 2.47947620538e-24, 2.58240953731e-24, 2.99015793415e-24, 3.94497584674e-24, 5.50355752503e-24, 5.04196976584e-24, 5.51287278903e-24, 2.00818624591e-24, 5.16703025173e-24, 5.22448417475e-24, 3.49884305597e-24, 2.95744623899e-24, 1.21503220187e-23, 5.79989549066e-24, 6.412505937e-24, 6.97867377526e-24, 1.08414361162e-23, 8.26623203437e-24, 1.00806002835e-23, 1.44457486919e-23, 8.01661514472e-24, 5.83251962226e-24, 8.1755004085e-24, 8.30794857676e-24, 1.03732227142e-23, 8.15608338618e-24, 6.00641769793e-24, 7.78249463868e-24, 9.79608734281e-24, 8.53494961313e-24, 6.54712110617e-24, 7.43564275385e-24, 6.12660696773e-24, 1.00993002312e-23, 9.57571747121e-24, 8.42818438935e-24, 9.86768514743e-24],
        "var": [1.35586361694e-07, 2.42412374973e-06, 1.73355897459e-06, 1.35936193146e-06, 9.54319943958e-07, 5.09289350248e-07, 2.38572653188e-07, 6.39174459138e-07, 3.34470655616e-07, 2.87703642243e-07, 1.53688546334e-07, 8.95992045002e-08, 1.58700899533e-07, 9.99516132083e-08, 5.68653391042e-08, 6.77012010897e-08, 2.08586747874e-08, 1.76613461633e-08, 9.4326857436e-09, 7.07357106222e-09, 1.90773574715e-09, 1.19515630725e-09, 9.32155908018e-10, 9.0212043391e-10, 2.47499104544e-10, 1.19934548404e-10, 1.15844382698e-10, 1.42508949086e-10, 7.33881358461e-11, 1.96139354758e-11, 9.48761139097e-11, 4.56564674955e-10, 1.79377401821e-10, 6.61217747222e-11, 4.21846411969e-11, 1.74605729181e-11, 6.30242949842e-12, 4.51646272465e-12, 2.65793615416e-12, 2.14578528557e-12]
    },
    "mfcc": {
