{
"metadata": {
    "version": {
        "essentia": "2.0.1",
        "extractor": "archive-music 1.0"
    },
    "audio_properties": {
        "analysis_sample_rate": 44100,
        "bitrate": 128,
        "channels": 2,
        "equal_loudness": 0,
        "length": 16.0391845703,
        "replay_gain": -14.0783634186,
        "downmix": "mix"
    },
    "tags": {
        "track": 1,
        "year": 0,
        "album": "NY(Hands Up) - No Intro",
        "artist": "Tanya T6",
        "comment": "",
        "genre": "Other",
        "title": "NY (Hands Up) Tanya T6"
    }
},
"highlevel": {
    "culture": {
        "all": {
            "non_western": 1.79976112236e-07,
            "western": 0.999999821186
        },
        "probability": 0.999999821186,
        "value": "western"
    },
    "danceability": {
        "all": {
            "danceable": 0.468031674623,
            "not_danceable": 0.531968355179
        },
        "probability": 0.531968355179,
        "value": "not_danceable"
    },
    "gender": {
        "all": {
            "female": 0.638942360878,
            "male": 0.361057639122
        },
        "probability": 0.638942360878,
        "value": "female"
    },
    "genre_dortmund": {
        "all": {
            "alternative": 0.0148555384949,
            "blues": 0.123191356659,
            "electronic": 0.0138831418008,
            "folkcountry": 0.0589050799608,
            "funksoulrnb": 0.145409703255,
            "jazz": 0.0525770373642,
            "pop": 0.160672396421,
            "raphiphop": 0.258094131947,
            "rock": 0.172411620617
        },
        "probability": 0.258094131947,
        "value": "raphiphop"
    },
    "genre_electronic": {
        "all": {
            "ambient": 0.507539629936,
            "dnb": 0.272688239813,
            "house": 0.169663250446,
            "techno": 0.0241718944162,
            "trance": 0.0259369462729
        },
        "probability": 0.507539629936,
        "value": "ambient"
    },
    "genre_rosamerica": {
        "all": {
            "cla": 0.00989892240614,
            "dan": 0.00680742831901,
            "hip": 0.09248829633,
            "jaz": 0.0170791279525,
            "pop": 0.489213764668,
            "rhy": 0.3623457551,
            "roc": 0.0149033218622,
            "spe": 0.00726338010281
        },
        "probability": 0.489213764668,
        "value": "pop"
    },
    "genre_tzanetakis": {
        "all": {
            "blu": 0.00284400209785,
            "cla": 0.00240222923458,
            "cou": 0.00746507383883,
            "dis": 0.00832792092115,
            "hip": 0.164434954524,
            "jaz": 0.0134319700301,
            "met": 0.00310514401644,
            "pop": 0.635380446911,
            "reg": 0.119682304561,
            "roc": 0.042925927788
        },
        "probability": 0.635380446911,
        "value": "pop"
    },
    "mirex_ballroom": {
        "all": {
            "ChaChaCha": 0.36538490653,
            "Jive": 0.201958760619,
            "Quickstep": 0.174582615495,
            "Rumba-American": 0.0129653885961,
            "Rumba-International": 0.0533009916544,
            "Rumba-Misc": 0.0186750981957,
            "Samba": 0.156796425581,
            "Tango": 0.00323328888044,
            "VienneseWaltz": 0.00658634025604,
            "Waltz": 0.00651619723067
        },
        "probability": 0.36538490653,
        "value": "ChaChaCha"
    },
    "mood_acoustic": {
        "all": {
            "acoustic": 0.343128114939,
            "not_acoustic": 0.656871855259
        },
        "probability": 0.656871855259,
        "value": "not_acoustic"
    },
    "mood_aggressive": {
        "all": {
            "aggressive": 0.0310184508562,
            "not_aggressive": 0.968981564045
        },
        "probability": 0.968981564045,
        "value": "not_aggressive"
    },
    "mood_electronic": {
        "all": {
            "electronic": 0.305776685476,
            "not_electronic": 0.694223344326
        },
        "probability": 0.694223344326,
        "value": "not_electronic"
    },
    "mood_happy": {
        "all": {
            "happy": 0.348840802908,
            "not_happy": 0.65115916729
        },
        "probability": 0.65115916729,
        "value": "not_happy"
    },
    "mood_party": {
        "all": {
            "not_party": 0.650212943554,
            "party": 0.349787056446
        },
        "probability": 0.650212943554,
        "value": "not_party"
    },
    "mood_relaxed": {
        "all": {
            "not_relaxed": 0.700694620609,
            "relaxed": 0.299305409193
        },
        "probability": 0.700694620609,
        "value": "not_relaxed"
    },
    "mood_sad": {
        "all": {
            "not_sad": 0.530640721321,
            "sad": 0.469359278679
        },
        "probability": 0.530640721321,
        "value": "not_sad"
    },
    "moods_mirex": {
        "all": {
            "Cluster1": 0.25797522068,
            "Cluster2": 0.291557371616,
            "Cluster3": 0.0965538546443,
            "Cluster4": 0.241412177682,
            "Cluster5": 0.112501390278
        },
        "probability": 0.291557371616,
        "value": "Cluster2"
    },
    "timbre": {
        "all": {
            "bright": 0.946643352509,
            "dark": 0.0533566698432
        },
        "probability": 0.946643352509,
        "value": "bright"
    },
    "tonal_atonal": {
        "all": {
            "atonal": 0.114974424243,
            "tonal": 0.885025560856
        },
        "probability": 0.885025560856,
        "value": "tonal"
    },
    "voice_instrumental": {
        "all": {
            "instrumental": 0.000128829458845,
            "voice": 0.999871194363
        },
        "probability": 0.999871194363,
        "value": "voice"
    }
},
"lowlevel": {
    "average_loudness": 0.94799888134,
    "barkbands_kurtosis": {
        "dmean": 4.57112312317,
        "dmean2": 7.08911180496,
        "dvar": 77.2304229736,
        "dvar2": 188.131866455,
        "max": 111.300056458,
        "mean": 4.4521484375,
        "median": 1.49234414101,
        "min": -1.9104603529,
        "var": 96.7384033203
    },
    "barkbands_skewness": {
        "dmean": 0.893279969692,
        "dmean2": 1.25274336338,
        "dvar": 0.937298953533,
        "dvar2": 1.87509727478,
        "max": 9.16032218933,
        "mean": 1.45811498165,
        "median": 1.41613912582,
        "min": -4.22210359573,
        "var": 2.55014467239
    },
    "barkbands_spread": {
        "dmean": 11.7398824692,
        "dmean2": 18.401052475,
        "dvar": 210.281661987,
        "dvar2": 467.213439941,
        "max": 119.209838867,
        "mean": 29.9907245636,
        "median": 23.9335021973,
        "min": 1.96007144451,
        "var": 484.208465576
    },
    "dissonance": {
        "dmean": 0.0184090360999,
        "dmean2": 0.0303931664675,
        "dvar": 0.00036273576552,
        "dvar2": 0.000966511608567,
        "max": 0.500000059605,
        "mean": 0.466040581465,
        "median": 0.47469329834,
        "min": 0.336031466722,
        "var": 0.000735894602258
    },
    "dynamic_complexity": 3.98465657234,
    "erbbands_kurtosis": {
        "dmean": 1.61409056187,
        "dmean2": 2.50178551674,
        "dvar": 5.78348731995,
        "dvar2": 12.2988109589,
        "max": 19.8661785126,
        "mean": 0.520815968513,
        "median": -0.484016776085,
        "min": -1.90686225891,
        "var": 9.27823066711
    },
    "erbbands_skewness": {
        "dmean": 0.6622838974,
        "dmean2": 0.970310270786,
        "dvar": 0.40133190155,
        "dvar2": 0.809545993805,
        "max": 3.70526432991,
        "mean": -0.0958611816168,
        "median": -0.0750120729208,
        "min": -3.96340155602,
        "var": 1.26386654377
    },
    "erbbands_spread": {
        "dmean": 13.3032045364,
        "dmean2": 20.8167114258,
        "dvar": 218.787261963,
        "dvar2": 536.973449707,
        "max": 166.891204834,
        "mean": 47.6818885803,
        "median": 46.1773071289,
        "min": 5.74072408676,
        "var": 422.565856934
    },
    "hfc": {
        "dmean": 16.5957679749,
        "dmean2": 23.5161380768,
        "dvar": 1149.01989746,
        "dvar2": 2145.90405273,
        "max": 307.234924316,
        "mean": 28.4072322845,
        "median": 15.4112949371,
        "min": 1.16265409936e-16,
        "var": 1923.57385254
    },
    "melbands_kurtosis": {
        "dmean": 13.7921133041,
        "dmean2": 21.3100566864,
        "dvar": 1026.83483887,
        "dvar2": 2693.57568359,
        "max": 414.859344482,
        "mean": 18.1867294312,
        "median": 8.95352363586,
        "min": -1.87498426437,
        "var": 1026.57897949
    },
    "melbands_skewness": {
        "dmean": 1.18749368191,
        "dmean2": 1.69028484821,
        "dvar": 2.22638750076,
        "dvar2": 5.12423324585,
        "max": 18.3740901947,
        "mean": 3.12191390991,
        "median": 2.71751284599,
        "min": -1.38686418533,
        "var": 4.80610179901
    },
    "melbands_spread": {
        "dmean": 18.8910427094,
        "dmean2": 26.9718971252,
        "dvar": 941.355651855,
        "dvar2": 1681.98754883,
        "max": 247.552307129,
        "mean": 36.3958778381,
        "median": 22.4370269775,
        "min": 1.1478689909,
        "var": 1892.35400391
    },
    "pitch_salience": {
        "dmean": 0.0909250453115,
        "dmean2": 0.141656577587,
        "dvar": 0.00770968897268,
        "dvar2": 0.0204880610108,
        "max": 0.964588999748,
        "mean": 0.520959198475,
        "median": 0.526031732559,
        "min": 0.0753664448857,
        "var": 0.0166355799884
    },
    "silence_rate_20dB": {
        "dmean": 0,
        "dmean2": 0,
        "dvar": 0,
        "dvar2": 0,
        "max": 1,
        "mean": 1,
        "median": 1,
        "min": 1,
        "var": 0
    },
    "silence_rate_30dB": {
        "dmean": 0.00289435591549,
        "dmean2": 0.00579710165039,
        "dvar": 0.00288597121835,
        "dvar2": 0.0086619919166,
        "max": 1,
        "mean": 0.998554885387,
        "median": 1,
        "min": 0,
        "var": 0.00144299783278
    },
    "silence_rate_60dB": {
        "dmean": 0.0463096946478,
        "dmean2": 0.0927536264062,
        "dvar": 0.0441647358239,
        "dvar2": 0.104439735413,
        "max": 1,
        "mean": 0.115606933832,
        "median": 0,
        "min": 0,
        "var": 0.102243356407
    },
    "spectral_centroid": {
        "dmean": 529.353088379,
        "dmean2": 748.221618652,
        "dvar": 433383.40625,
        "dvar2": 645001.125,
        "max": 11202.890625,
        "mean": 1797.0592041,
        "median": 1597.04785156,
        "min": 276.937408447,
        "var": 1076808
    },
    "spectral_complexity": {
        "dmean": 4.0810418129,
        "dmean2": 5.37681150436,
        "dvar": 18.5000343323,
        "dvar2": 27.5391693115,
        "max": 49,
        "mean": 13.4754333496,
        "median": 12,
        "min": 0,
        "var": 79.2725143433
    },
    "spectral_crest": {
        "dmean": 3.38238739967,
        "dmean2": 5.2810459137,
        "dvar": 9.11003875732,
        "dvar2": 22.192276001,
        "max": 26.0429325104,
        "mean": 11.4992713928,
        "median": 10.4639110565,
        "min": 2.79826283455,
        "var": 24.5178070068
    },
    "spectral_decrease": {
        "dmean": 2.22512053227e-09,
        "dmean2": 3.213412203e-09,
        "dvar": 1.2676293906e-17,
        "dvar2": 2.7330062328e-17,
        "max": 6.03899949855e-29,
        "mean": -5.24962251447e-09,
        "median": -3.93220389583e-09,
        "min": -3.83661102887e-08,
        "var": 2.61307579733e-17
    },
    "spectral_energy": {
        "dmean": 0.00923666730523,
        "dmean2": 0.013494219631,
        "dvar": 0.000182971998584,
        "dvar2": 0.000397618219722,
        "max": 0.145729407668,
        "mean": 0.0223899129778,
        "median": 0.0187371559441,
        "min": 1.03176863133e-20,
        "var": 0.000397529423935
    },
    "spectral_energyband_high": {
        "dmean": 0.00144797249231,
        "dmean2": 0.00209012674168,
        "dvar": 1.35501568366e-05,
        "dvar2": 2.52659319813e-05,
        "max": 0.0324290320277,
        "mean": 0.00176115217619,
        "median": 0.000263676716713,
        "min": 7.64049283474e-21,
        "var": 2.09607642319e-05
    },
    "spectral_energyband_low": {
        "dmean": 0.00343828788027,
        "dmean2": 0.00532632693648,
        "dvar": 0.00013851429685,
        "dvar2": 0.000304362591123,
        "max": 0.130220711231,
        "mean": 0.00601576361805,
        "median": 0.00233594421297,
        "min": 5.47942532331e-23,
        "var": 0.000168448779732
    },
    "spectral_energyband_middle_high": {
        "dmean": 0.002048995113,
        "dmean2": 0.00261668954045,
        "dvar": 1.06937159217e-05,
        "dvar2": 1.82669609785e-05,
        "max": 0.04225955531,
        "mean": 0.0042644161731,
        "median": 0.00183666404337,
        "min": 1.43261068284e-21,
        "var": 4.02187579311e-05
    },
    "spectral_energyband_middle_low": {
        "dmean": 0.00583117688075,
        "dmean2": 0.0084975855425,
        "dvar": 6.00677631155e-05,
        "dvar2": 0.000132584900712,
        "max": 0.0902539938688,
        "mean": 0.0117720486596,
        "median": 0.00804819073528,
        "min": 2.92891482821e-22,
        "var": 0.000162461466971
    },
    "spectral_flatness_db": {
        "dmean": 0.029743636027,
        "dmean2": 0.0440164506435,
        "dvar": 0.000688760075718,
        "dvar2": 0.00136047066189,
        "max": 0.302902430296,
        "mean": 0.141537457705,
        "median": 0.137233540416,
        "min": 0.0342748425901,
        "var": 0.00243085203692
    },
    "spectral_flux": {
        "dmean": 0.0268235653639,
        "dmean2": 0.0412420481443,
        "dvar": 0.000988900661469,
        "dvar2": 0.00203575240448,
        "max": 0.373234599829,
        "mean": 0.0813590064645,
        "median": 0.0753548592329,
        "min": 1.01576011491e-10,
        "var": 0.0025887270458
    },
    "spectral_kurtosis": {
        "dmean": 1.54551279545,
        "dmean2": 2.39300704002,
        "dvar": 2.32607674599,
        "dvar2": 6.19766187668,
        "max": 15.8735294342,
        "mean": 4.00568628311,
        "median": 4.17736434937,
        "min": -1.35900008678,
        "var": 5.97486686707
    },
    "spectral_rms": {
        "dmean": 0.000904057174921,
        "dmean2": 0.0012658276828,
        "dvar": 1.00737247521e-06,
        "dvar2": 2.048720944e-06,
        "max": 0.0119237173349,
        "mean": 0.0041964915581,
        "median": 0.00427552592009,
        "min": 3.17270168471e-12,
        "var": 4.23325946031e-06
    },
    "spectral_rolloff": {
        "dmean": 1244.40893555,
        "dmean2": 1986.86035156,
        "dvar": 4631179,
        "dvar2": 7624713,
        "max": 18863.0859375,
        "mean": 2631.75073242,
        "median": 1378.125,
        "min": 64.599609375,
        "var": 11399329
    },
    "spectral_skewness": {
        "dmean": 0.26623699069,
        "dmean2": 0.404678702354,
        "dvar": 0.0728901550174,
        "dvar2": 0.144275262952,
        "max": 3.06764602661,
        "mean": 1.34294760227,
        "median": 1.41283392906,
        "min": -0.150056362152,
        "var": 0.201882705092
    },
    "spectral_spread": {
        "dmean": 1073524.25,
        "dmean2": 1320215.5,
        "dvar": 4.4869615616e+12,
        "dvar2": 5.08981202125e+12,
        "max": 41243180,
        "mean": 5322470.5,
        "median": 4204235,
        "min": 2135505,
        "var": 1.19363285811e+13
    },
    "spectral_strongpeak": {
        "dmean": 0.603375196457,
        "dmean2": 0.987543880939,
        "dvar": 1.32878291607,
        "dvar2": 3.58242177963,
        "max": 10.4976596832,
        "mean": 0.956353604794,
        "median": 0.432920277119,
        "min": 0,
        "var": 1.89519453049
    },
    "zerocrossingrate": {
        "dmean": 0.0288856159896,
        "dmean2": 0.0317184664309,
        "dvar": 0.00182744686026,
        "dvar2": 0.00217509292997,
        "max": 0.5146484375,
        "mean": 0.0915118083358,
        "median": 0.06103515625,
        "min": 0.01025390625,
        "var": 0.00769794452935
    },
    "barkbands": {
        "dmean": [0.000467526551802, 0.00264405552298, 0.000875399797224, 0.000921708648093, 0.00290877907537, 0.000722804688849, 0.000828958116472, 0.000874166318681, 0.000857762934174, 0.00120071473066, 0.000312633637805, 0.00016531739675, 0.000163216885994, 0.000158819719218, 0.000182561925612, 0.000339156133123, 0.000201513365027, 0.00028324208688, 0.000368143810192, 0.000167632722878, 5.88940129091e-05, 0.00011710380204, 0.00029542556149, 0.000414300797274, 0.000395365932491, 0.000203032715945, 1.00855868368e-05],
        "dmean2": [0.000797778542619, 0.00420219358057, 0.00160403316841, 0.00149463862181, 0.00412641139701, 0.00118390587159, 0.00129915506113, 0.00136600155383, 0.00127530377358, 0.001754431054, 0.000487036508275, 0.000253818696365, 0.000250891549513, 0.000258261221461, 0.000285415764665, 0.000538921391126, 0.000298636965454, 0.000434378685895, 0.000552674289793, 0.000245263159741, 8.47740302561e-05, 0.000181032475666, 0.000467924954137, 0.000590113690123, 0.000568886753172, 0.000290133029921, 1.647199133e-05],
        "dvar": [3.87506497646e-06, 0.000108650288894, 1.2981110558e-05, 4.09625499742e-06, 2.16329426621e-05, 6.87986857884e-06, 4.18222134613e-06, 5.48736716155e-06, 5.74216619498e-06, 1.68752412719e-05, 6.7555890837e-07, 1.96429780885e-07, 3.02922785522e-07, 2.31491213754e-07, 2.27600466474e-07, 8.90866886039e-07, 1.44213402109e-07, 1.36256588235e-07, 3.43940683933e-07, 1.04242694476e-07, 4.1530853423e-08, 1.6944251513e-07, 8.18969738248e-07, 1.4385917666e-06, 1.75449520157e-06, 4.10104263437e-07, 9.92742221761e-10],
        "dvar2": [1.04446316982e-05, 0.000258323299931, 3.85182138416e-05, 1.16304436233e-05, 4.15494105255e-05, 1.32090654006e-05, 8.4787097876e-06, 1.27559651446e-05, 1.2753322153e-05, 3.69787485397e-05, 1.57504985054e-06, 4.42656812538e-07, 7.1565170856e-07, 6.16191755398e-07, 5.52045776203e-07, 2.16703551814e-06, 3.2499431768e-07, 3.00591040059e-07, 7.77081311298e-07, 2.24771525836e-07, 8.06811470966e-08, 3.78156357783e-07, 1.86508361821e-06, 2.6620718927e-06, 3.46116348737e-06, 8.30072622193e-07, 2.34188024528e-09],
        "max": [0.034159258008, 0.105749674141, 0.0300639532506, 0.0219198893756, 0.0524206310511, 0.0453476645052, 0.0301707480103, 0.0396771319211, 0.0331786349416, 0.068878442049, 0.0117091340944, 0.00685467151925, 0.00663425447419, 0.00746875628829, 0.00732635613531, 0.00879404507577, 0.00485007325187, 0.00356731680222, 0.00767116248608, 0.0051576718688, 0.00413302332163, 0.00525954738259, 0.00888656079769, 0.0147659992799, 0.0150166163221, 0.00677888980135, 0.000415961549152],
        "mean": [0.000473783322377, 0.00381423393264, 0.00104234740138, 0.00156063912436, 0.00478590885177, 0.000808568263892, 0.00113141722977, 0.00102927430999, 0.000947246560827, 0.00184766494203, 0.000385761231882, 0.000206305820029, 0.000186469667824, 0.000201927075977, 0.000240255409153, 0.000364682666259, 0.000319839222357, 0.000484739866806, 0.000620223174337, 0.000264426256763, 7.78420217102e-05, 0.000126562226797, 0.000309526716592, 0.000478373258375, 0.000451667408925, 0.000221086855163, 9.14528663998e-06],
        "median": [8.64915782586e-05, 0.000213950901525, 0.000456924899481, 0.000689767999575, 0.00151853193529, 0.000144955629366, 0.000181674404303, 0.000108164567791, 8.94621334737e-05, 7.27814767743e-05, 5.77832834097e-05, 5.32404555997e-05, 3.40217557095e-05, 3.68222608813e-05, 3.19997379847e-05, 5.12156184413e-05, 0.000142808392411, 0.000307193899062, 0.000298496132018, 8.79070721567e-05, 1.83739321074e-05, 2.00035738089e-05, 4.8641981266e-05, 4.75104425277e-05, 1.54511817527e-05, 8.80454535945e-06, 2.82418795905e-07],
        "min": [6.18697178748e-24, 1.2599318769e-23, 1.58545091182e-23, 2.9772866824e-24, 2.90774886971e-23, 3.45977290526e-23, 8.74445876333e-23, 3.6556426504e-23, 3.6068273065e-23, 4.75732950303e-23, 6.25165577847e-23, 6.09472168325e-23, 7.89183139124e-23, 7.64086381394e-23, 9.32381209607e-23, 1.59999141691e-22, 2.13103061641e-22, 2.01470771168e-22, 2.86614649127e-22, 2.2746462152e-22, 4.45484975038e-22, 4.66755492321e-22, 5.24693072271e-22, 5.5736317237e-22, 1.19907503828e-21, 1.53515189726e-21, 2.49839806602e-21],
        "var": [2.95342670142e-06, 0.000113688634883, 7.24606707081e-06, 4.85935606775e-06, 6.22772204224e-05, 1.0617955013e-05, 1.03613738247e-05, 7.26838743503e-06, 7.52564847062e-06, 5.02704024257e-05, 1.20324773434e-06, 3.01661032154e-07, 3.58379480758e-07, 3.23501552657e-07, 4.48360310656e-07, 9.25573885979e-07, 3.00879321458e-07, 3.00790844676e-07, 7.1701856541e-07, 1.94574170109e-07, 8.52318109423e-08, 2.27998711466e-07, 8.73943179158e-07, 2.18358695747e-06, 2.47704952017e-06, 5.87801082474e-07, 9.67019464504e-10]
    },
    "erbbands": {
        "dmean": [0.10785190016, 0.50331479311, 0.914366066456, 2.2026758194, 3.54159426689, 12.4998435974, 13.6949520111, 3.27884149551, 5.97292327881, 22.5596866608, 12.9048366547, 21.9226226807, 47.837688446, 15.0173473358, 8.48086357117, 7.411860466, 7.19379806519, 6.85079813004, 7.72280311584, 14.6524429321, 13.8153448105, 9.55620574951, 13.7988128662, 18.6204814911, 16.0224742889, 7.7471113205, 3.05444574356, 2.14527249336, 3.8489818573, 5.49618577957, 8.97483444214, 8.61496067047, 7.00408697128, 4.29394865036, 3.13622236252, 1.19102239609, 0.318023562431, 0.0457411967218, 0.00108572584577, 4.72138126497e-05],
        "dmean2": [0.170896559954, 0.826055049896, 1.68895018101, 3.66027617455, 5.69645929337, 17.9941654205, 20.4196071625, 5.43005371094, 8.90644264221, 35.6986732483, 20.1875839233, 32.3269577026, 71.55443573, 21.9599666595, 13.1958475113, 11.3882675171, 10.9737596512, 10.0273227692, 12.0086507797, 22.9699516296, 20.8168582916, 14.0645551682, 21.0223026276, 28.1842021942, 23.0964946747, 11.4436273575, 4.59033823013, 2.9886868, 5.95910167694, 8.63122272491, 14.1330499649, 12.3621416092, 10.4170942307, 6.36815643311, 4.50771999359, 1.75692331791, 0.447556197643, 0.0667324587703, 0.00157102255616, 6.61420999677e-05],
        "dvar": [0.193774446845, 4.08681774139, 15.9541187286, 32.5388298035, 52.9419021606, 443.804626465, 1838.72497559, 73.4465484619, 181.147979736, 2614.7890625, 1171.36535645, 3817.02783203, 25312.4335938, 1649.33215332, 525.25579834, 393.835235596, 533.183837891, 282.492004395, 442.776763916, 2821.1875, 998.926940918, 304.737426758, 412.436096191, 675.003173828, 722.304748535, 190.662261963, 91.0986938477, 57.6032409668, 185.056503296, 456.839813232, 693.654052734, 605.050170898, 466.930725098, 219.097686768, 101.465438843, 16.1035671234, 0.983615219593, 0.0185717921704, 8.72293912835e-06, 1.27724488763e-08],
        "dvar2": [0.458660900593, 10.3227424622, 46.5171279907, 95.0125808716, 134.498168945, 848.641479492, 3367.77636719, 176.688461304, 352.622955322, 5969.48242188, 2829.66601562, 8206.83007812, 54807.4765625, 3304.22387695, 1402.36816406, 863.051513672, 1221.70617676, 643.869506836, 1157.81188965, 7563.12744141, 2187.78417969, 713.012573242, 898.743225098, 1463.39697266, 1625.60583496, 396.987457275, 197.545089722, 111.947120667, 427.648773193, 1075.25598145, 1576.49072266, 1162.13110352, 886.983154297, 460.745056152, 193.688766479, 33.3648529053, 1.9630972147, 0.0393648520112, 1.77939818968e-05, 2.4530695697e-08],
        "max": [5.48501968384, 16.0983753204, 34.2886238098, 55.5717811584, 69.3095626831, 274.87399292, 780.154602051, 100.590805054, 229.404602051, 485.566558838, 500.137756348, 825.633178711, 2758.5859375, 521.832336426, 338.820068359, 308.743988037, 285.312469482, 249.64666748, 277.659576416, 952.025512695, 368.838043213, 282.984375, 202.107437134, 346.557434082, 406.918029785, 177.195343018, 176.132843018, 129.242477417, 201.614929199, 362.329772949, 266.909881592, 349.025115967, 219.24269104, 179.748214722, 98.7155151367, 44.7305183411, 11.0587539673, 1.63111579418, 0.0359117165208, 0.00128004665021],
        "mean": [0.14124161005, 0.731219947338, 1.09891748428, 3.76021146774, 5.72300481796, 20.9383106232, 19.1749267578, 3.9849550724, 8.55509567261, 29.1855983734, 14.6326828003, 25.7369976044, 72.7634658813, 21.2354183197, 10.9202165604, 9.55271911621, 8.89434719086, 9.42247867584, 10.7261772156, 16.8349113464, 17.8137569427, 16.88048172, 24.044927597, 31.3482494354, 27.7033500671, 13.136475563, 4.4430141449, 2.69269275665, 4.07774877548, 5.89109230042, 9.49991703033, 9.64135932922, 8.12805843353, 4.71524953842, 3.47387862206, 1.30962860584, 0.340926021338, 0.0476193614304, 0.00116693030577, 7.11508400855e-05],
        "median": [0.00458663795143, 0.0643607601523, 0.545230507851, 2.30062961578, 3.28173732758, 5.87076473236, 3.41584086418, 1.41455626488, 1.97419881821, 5.49938011169, 3.03434967995, 2.50877022743, 3.92153406143, 2.25499248505, 2.22535610199, 2.50218844414, 1.94962930679, 2.08197689056, 1.66373407841, 2.4803571701, 3.47463226318, 9.00763130188, 13.5937385559, 19.6184043884, 12.7987604141, 4.30535984039, 1.39823865891, 0.51718211174, 0.642958641052, 1.14940559864, 1.36951363087, 1.06469857693, 0.717124342918, 0.236368268728, 0.0656054764986, 0.0423459149897, 0.0141798723489, 0.00195671920665, 6.205344107e-05, 3.14445751428e-05],
        "min": [6.29949533299e-22, 1.06608757946e-21, 1.29131011945e-20, 1.23454242653e-20, 1.86158224701e-20, 8.40755809628e-20, 1.93990965943e-19, 2.7761900342e-19, 8.9217436463e-19, 1.17386276062e-18, 5.42378398543e-19, 7.33860680784e-19, 1.08929502012e-18, 1.92346251711e-18, 3.06190106121e-18, 2.72216144002e-18, 3.34429452527e-18, 3.31696820015e-18, 4.25717353083e-18, 6.06801706191e-18, 1.18152402474e-17, 1.14805298843e-17, 1.03182021573e-17, 1.48587826553e-17, 1.1405972787e-17, 1.17973607384e-17, 1.83042794198e-17, 1.73545553082e-17, 1.67278617694e-17, 1.28057096216e-17, 1.71476294605e-17, 1.0767727671e-17, 1.09034729726e-17, 1.07076346538e-17, 1.02649383433e-17, 5.67441516154e-18, 2.86896449205e-18, 1.42413752529e-18, 3.39769477238e-19, 3.39061817762e-20],
        "var": [0.196825325489, 3.9859046936, 9.43737125397, 29.626083374, 72.608039856, 1404.61633301, 3223.28979492, 91.5507125854, 515.129089355, 3845.72192383, 1362.69165039, 5423.68945312, 75715.5703125, 3237.28979492, 782.496582031, 636.422119141, 685.550964355, 518.001647949, 793.385925293, 2461.7487793, 1410.0345459, 619.694580078, 923.612792969, 1372.42724609, 1568.55053711, 432.982971191, 164.692901611, 106.844406128, 237.707321167, 503.233337402, 757.735290527, 854.159118652, 680.679260254, 277.527252197, 150.904281616, 22.4404258728, 1.40067362785, 0.0240875668824, 1.21394032249e-05, 2.02887164846e-08]
    },
    "gfcc": {
        "mean": [-35.8292121887, 67.5264205933, -105.768417358, 40.0136756897, -55.6572875977, 3.25287008286, -45.4050788879, 20.6474456787, -32.4696006775, -13.9885578156, -12.6201534271, -1.25379180908, -20.8116359711],
        "cov": [[19514.9960938, -904.811523438, -553.845336914, -291.815979004, -834.247924805, 407.111968994, -704.679931641, 663.542724609, -167.070907593, 411.77130127, -310.483795166, 18.04139328, -139.200546265], [-904.811523438, 2096.69213867, -789.299926758, 101.111091614, 161.192855835, -362.434661865, 275.573669434, -129.302352905, 87.8533325195, -231.618774414, 144.580184937, -204.984802246, 22.5786075592], [-553.845336914, -789.299926758, 1260.3203125, 217.026687622, 170.032409668, 252.43510437, -78.0653457642, 43.445350647, -8.49403095245, 194.778717041, 27.5678272247, 221.085494995, -75.0863647461], [-291.815979004, 101.111091614, 217.026687622, 477.440063477, 89.1418914795, -39.4908790588, 4.71249771118, -103.383544922, -16.7041816711, 6.62341356277, 60.4574546814, 86.4144287109, -41.2816505432], [-834.247924805, 161.192855835, 170.032409668, 89.1418914795, 326.389892578, 131.023498535, 102.00037384, -1.68740916252, 29.5426445007, 43.2215232849, 27.4132995605, 46.7969017029, 27.6616382599], [407.111968994, -362.434661865, 252.43510437, -39.4908790588, 131.023498535, 444.484802246, 89.3148269653, 112.154701233, 35.9873313904, 99.9320373535, -53.6266784668, 36.9253730774, 21.2886562347], [-704.679931641, 275.573669434, -78.0653457642, 4.71249771118, 102.00037384, 89.3148269653, 312.856109619, 35.3921737671, 45.7828712463, 4.23430967331, 26.1102371216, -10.4158449173, 35.9521141052], [663.542724609, -129.302352905, 43.445350647, -103.383544922, -1.68740916252, 112.154701233, 35.3921737671, 217.683517456, 75.1848754883, 57.7905960083, -22.5675525665, -15.1506223679, 28.7441291809], [-167.070907593, 87.8533325195, -8.49403095245, -16.7041816711, 29.5426445007, 35.9873313904, 45.7828712463, 75.1848754883, 183.210739136, 55.0696678162, -0.554953575134, -17.4322814941, 18.3764057159], [411.77130127, -231.618774414, 194.778717041, 6.62341356277, 43.2215232849, 99.9320373535, 4.23430967331, 57.7905960083, 55.0696678162, 170.503646851, 11.906835556, 59.4970817566, 1.38341116905], [-310.483795166, 144.580184937, 27.5678272247, 60.4574546814, 27.4132995605, -53.6266784668, 26.1102371216, -22.5675525665, -0.554953575134, 11.906835556, 133.562713623, 41.6764602661, -8.82960987091], [18.04139328, -204.984802246, 221.085494995, 86.4144287109, 46.7969017029, 36.9253730774, -10.4158449173, -15.1506223679, -17.4322814941, 59.4970817566, 41.6764602661, 163.154510498, -3.57515048981], [-139.200546265, 22.5786075592, -75.0863647461, -41.2816505432, 27.6616382599, 21.2886562347, 35.9521141052, 28.7441291809, 18.3764057159, 1.38341116905, -8.82960987091, -3.57515048981, 119.123283386]],
        "icov": [[0.00011078469106, -0.000141554584843, 0.000133180830744, -0.000100530320196, 0.000331198913045, -0.000235759245697, 0.000326029839925, -0.00043297195225, 0.000361495738616, -0.000470576662337, 0.000253572798101, -0.000229866753216, 0.000138293558848], [-0.000141554584843, 0.00150408456102, 0.000345763226505, -0.000138054398121, -0.00150664395187, 0.00110337894876, -0.00116316613276, 0.000733168795705, -0.00117155758198, 0.00150671647862, -0.0014221360907, 0.0013780380832, 0.000145593236084], [0.000133180830744, 0.000345763226505, 0.00181704328861, -0.000637424818706, -0.000453539018054, -0.000488665653393, 0.000627269444522, -0.000820708635729, 0.000422189303208, -0.00101478793658, -1.93614541786e-05, -0.00105554319452, 0.00112943199929], [-0.000100530320196, -0.000138054398121, -0.000637424818706, 0.00306046195328, -0.000626882596407, 0.000382479920518, -0.000342661398463, 0.00154198729433, -0.000604001630563, 0.000610674789641, -0.000491018116008, -0.00085802533431, 0.0003999901528], [0.000331198913045, -0.00150664395187, -0.000453539018054, -0.000626882596407, 0.00630177650601, -0.0024673845619, 0.000535909843165, -0.000582886801567, 0.00110651005525, -0.00212017656304, 0.000923327577766, -0.00161833781749, -0.0010002143681], [-0.000235759245697, 0.00110337894876, -0.000488665653393, 0.000382479920518, -0.0024673845619, 0.00487429369241, -0.00211292458698, -0.000250643002801, -0.000668787863106, 0.000358803634299, 0.000686326297, 0.000938906741794, -8.20131099317e-05], [0.000326029839925, -0.00116316613276, 0.000627269444522, -0.000342661398463, 0.000535909843165, -0.00211292458698, 0.00562225468457, -0.00172881176695, 0.000841139291879, -0.0014257930452, 0.000140498508699, -0.00107535265852, -0.000283490109723], [-0.00043297195225, 0.000733168795705, -0.000820708635729, 0.00154198729433, -0.000582886801567, -0.000250643002801, -0.00172881176695, 0.00887381192297, -0.00366842839867, 0.000920402875636, -0.00121875305194, 0.00175176467746, -0.00154971599113], [0.000361495738616, -0.00117155758198, 0.000422189303208, -0.000604001630563, 0.00110651005525, -0.000668787863106, 0.000841139291879, -0.00366842839867, 0.00895608682185, -0.00459927227348, 0.00144577701576, 4.72157116747e-05, -2.44265975198e-05], [-0.000470576662337, 0.00150671647862, -0.00101478793658, 0.000610674789641, -0.00212017656304, 0.000358803634299, -0.0014257930452, 0.000920402875636, -0.00459927227348, 0.012164445594, -0.00267169089057, -0.000732955231797, -0.000278859952232], [0.000253572798101, -0.0014221360907, -1.93614541786e-05, -0.000491018116008, 0.000923327577766, 0.000686326297, 0.000140498508699, -0.00121875305194, 0.00144577701576, -0.00267169089057, 0.0111661683768, -0.00375841883942, 0.000820968183689], [-0.000229866753216, 0.0013780380832, -0.00105554319452, -0.00085802533431, -0.00161833781749, 0.000938906741794, -0.00107535265852, 0.00175176467746, 4.72157116747e-05, -0.000732955231797, -0.00375841883942, 0.0113198691979, -0.00132024660707], [0.000138293558848, 0.000145593236084, 0.00112943199929, 0.0003999901528, -0.0010002143681, -8.20131099317e-05, -0.000283490109723, -0.00154971599113, -2.44265975198e-05, -0.000278859952232, 0.000820968183689, -0.00132024660707, 0.010113847442]]
    },
    "melbands": {
        "dmean": [0.000842725043185, 0.000496506458148, 0.000399937591283, 0.000528072530869, 0.000526064890437, 8.41026412672e-05, 0.000117746225442, 0.000248263706453, 8.99405276868e-05, 0.000153745291755, 0.000237362532062, 5.71191230847e-05, 3.24414868373e-05, 1.94305921468e-05, 1.87654804904e-05, 1.4558066141e-05, 1.46770953506e-05, 1.30411608552e-05, 1.63920813065e-05, 3.02364132949e-05, 1.46553029481e-05, 1.05564504338e-05, 1.26556033138e-05, 1.30331800392e-05, 1.63896147569e-05, 1.56573660206e-05, 8.59679312271e-06, 4.66383471576e-06, 2.09949985219e-06, 1.34443564548e-06, 1.33938056024e-06, 1.95987468032e-06, 2.88632895717e-06, 3.25536962009e-06, 4.8278052418e-06, 6.28858924756e-06, 5.07506138092e-06, 5.38518452231e-06, 3.78055779038e-06, 3.90180412069e-06],
        "dmean2": [0.00134750269353, 0.000855264952406, 0.000659304496367, 0.000782767252531, 0.000770941958763, 0.000138330302434, 0.000178531801794, 0.000389946886571, 0.00014096943778, 0.000228032251471, 0.000354792078724, 8.57665509102e-05, 5.13244085596e-05, 2.96135822282e-05, 2.93973589578e-05, 2.19762914639e-05, 2.24200030061e-05, 2.12603699765e-05, 2.49231852649e-05, 4.91911087011e-05, 2.17008546315e-05, 1.5442379663e-05, 1.89731581486e-05, 2.02987921512e-05, 2.51213223237e-05, 2.42093610723e-05, 1.23922900457e-05, 7.29187468096e-06, 3.25138785229e-06, 1.90887249119e-06, 1.94891003957e-06, 3.00434749079e-06, 4.62851903649e-06, 5.17099169883e-06, 7.76739398134e-06, 9.69034863374e-06, 7.36724950912e-06, 8.09272569313e-06, 5.34764058102e-06, 6.01615101914e-06],
        "dvar": [1.14526310426e-05, 4.09838912674e-06, 1.00275701698e-06, 9.05376168703e-07, 1.64659411439e-06, 5.78162477893e-08, 8.12325211541e-08, 3.19926101611e-07, 6.56137046917e-08, 1.84390458458e-07, 6.2826040903e-07, 2.78341065751e-08, 6.98620938877e-09, 2.58525134633e-09, 4.57681181842e-09, 1.88116655586e-09, 1.46076928331e-09, 1.64961333482e-09, 1.88822180114e-09, 9.0881204784e-09, 1.00426744698e-09, 4.83795059569e-10, 3.61721125275e-10, 4.16784051716e-10, 5.32603405823e-10, 7.13980652378e-10, 2.20328241762e-10, 8.04929942144e-11, 4.05244310331e-11, 1.95493551902e-11, 2.70968889687e-11, 5.25665518059e-11, 1.19681223265e-10, 1.68991584615e-10, 2.07822689613e-10, 3.8640296518e-10, 2.20228210668e-10, 2.85034384984e-10, 1.6184147078e-10, 1.93746865773e-10],
        "dvar2": [2.73710866168e-05, 1.10137989395e-05, 2.92620597975e-06, 1.8870285885e-06, 2.949809641e-06, 1.26472912143e-07, 1.5422983779e-07, 7.31783529773e-07, 1.59525754384e-07, 3.99196579792e-07, 1.36968617426e-06, 5.63229285433e-08, 1.83377686369e-08, 5.76093972526e-09, 1.0689380936e-08, 4.29131530311e-09, 3.69755803753e-09, 4.66965532908e-09, 4.37008829124e-09, 2.33167334329e-08, 2.257740217e-09, 1.11056697172e-09, 8.36078484223e-10, 1.03571595744e-09, 1.1796444932e-09, 1.6921509749e-09, 4.61301774557e-10, 1.78207643087e-10, 9.21258208608e-11, 3.70583945475e-11, 5.93499693835e-11, 1.26703633696e-10, 2.76291378665e-10, 4.0762798692e-10, 5.01020558374e-10, 8.16723300101e-10, 4.14570877627e-10, 5.46175216165e-10, 3.36887490127e-10, 4.31195051886e-10],
        "max": [0.0397242233157, 0.0182606037706, 0.00998515821993, 0.0139541970566, 0.0221820473671, 0.00337191438302, 0.00483921356499, 0.00687711406499, 0.00326013262384, 0.00591093953699, 0.0136095341295, 0.00194152072072, 0.00104780914262, 0.000955027295277, 0.000850960495882, 0.000567340641282, 0.000600496889092, 0.000510354118887, 0.000687503779773, 0.0011182843009, 0.000351780938217, 0.000380568730179, 0.000222653325181, 0.000219125926378, 0.000314933393383, 0.000347579858499, 0.000222595583182, 9.94263245957e-05, 0.000112283159979, 9.39066521823e-05, 8.20156856207e-05, 0.000113451023935, 0.00015619842452, 0.000222790476982, 0.000152523716679, 0.000229842335102, 0.000235749175772, 0.000177219058969, 0.00015003005683, 0.000164187455084],
        "mean": [0.00117572920863, 0.000717626942787, 0.000675575924106, 0.000895282952115, 0.000805186457001, 9.45867213886e-05, 0.000167471676832, 0.000318504375173, 9.58525488386e-05, 0.000178451198735, 0.000357322191121, 7.61837291066e-05, 3.9999235014e-05, 2.50482808042e-05, 2.35046645685e-05, 1.67698763107e-05, 1.88716712728e-05, 1.58386756084e-05, 2.18967252295e-05, 2.99476032524e-05, 1.85968310689e-05, 1.70912207977e-05, 2.0951807528e-05, 2.09732115763e-05, 2.58210366155e-05, 2.41263824137e-05, 1.44030727824e-05, 7.16292151992e-06, 2.91696210297e-06, 1.74087335836e-06, 1.48570632064e-06, 2.0337533897e-06, 3.0165554108e-06, 3.36482935381e-06, 5.02350212628e-06, 6.51838718113e-06, 5.71720829612e-06, 6.17006708126e-06, 4.13818770539e-06, 4.03685589845e-06],
        "median": [6.42716622679e-05, 0.000308376678731, 0.000419626594521, 0.000329801056068, 0.000164346478414, 2.49707336479e-05, 2.59924199781e-05, 6.38841665932e-05, 1.58582188305e-05, 1.4043785086e-05, 1.79547278094e-05, 8.02688373369e-06, 7.27472070139e-06, 6.23253754384e-06, 5.82917709835e-06, 3.32486297339e-06, 3.76261846213e-06, 2.3995439733e-06, 2.66498773271e-06, 3.41700501849e-06, 3.8763964767e-06, 8.23836489872e-06, 1.07862415462e-05, 1.19318847283e-05, 1.54047229444e-05, 1.02846424852e-05, 5.42272437087e-06, 2.08358869713e-06, 8.37641323415e-07, 3.8263794977e-07, 2.30916583632e-07, 3.33648586093e-07, 4.33367119967e-07, 7.03233411059e-07, 8.05051058705e-07, 7.11205871085e-07, 6.41341216578e-07, 5.49984179088e-07, 2.63754543539e-07, 1.66069867191e-07],
        "min": [7.956587563e-24, 4.96612788955e-24, 1.97688168139e-24, 5.91354470913e-24, 5.65983047593e-24, 7.07724352308e-24, 1.56929172726e-23, 1.19131273217e-23, 3.95063750145e-24, 5.09485302877e-24, 6.01820051884e-24, 7.66109525626e-24, 9.20356602829e-24, 8.69210253836e-24, 6.95937665979e-24, 6.81541033345e-24, 6.03225013156e-24, 6.67416084407e-24, 6.80022002786e-24, 1.15027003477e-23, 1.40535223166e-23, 1.37284737584e-23, 5.67922580457e-24, 1.01719109332e-23, 1.26242633397e-23, 7.48717903679e-24, 7.4361965342e-24, 7.963387544e-24, 1.17345221131e-23, 9.45159020778e-24, 9.61670826157e-24, 8.57900039494e-24, 8.66149079093e-24, 6.18273047683e-24, 1.03184189694e-23, 7.26841134169e-24, 5.65572011618e-24, 7.40124210749e-24, 7.53814576215e-24, 9.54573523479e-24],
        "var": [1.16537903523e-05, 3.31556429956e-06, 8.66549555667e-07, 2.47993557423e-06, 3.44647014572e-06, 8.12837654962e-08, 2.3315429587e-07, 4.5212641453e-07, 7.1165487725e-08, 2.62437140464e-07, 1.86341753761e-06, 4.78060862008e-08, 1.06382058718e-08, 4.53344739526e-09, 5.33624966437e-09, 2.55020471407e-09, 2.27214558279e-09, 2.13792672454e-09, 3.70507402536e-09, 8.16143064242e-09, 1.47252265936e-09, 8.67484806211e-10, 7.86270715203e-10, 7.21845694329e-10, 1.0057823463e-09, 1.26099597431e-09, 5.29041643826e-10, 1.48624959562e-10, 6.57776749735e-11, 4.41340748669e-11, 3.94255877945e-11, 6.45914155495e-11, 1.38522554538e-10, 1.75126399493e-10, 2.11727774202e-10, 4.40222941434e-10, 3.21444204587e-10, 4.03927086223e-10, 2.09679093532e-10, 2.25810231624e-10]
    },
    "mfcc": {
