{
"metadata": {
    "version": {
        "essentia": "2.0.1",
        "extractor": "archive-music 1.0"
    },
    "audio_properties": {
        "analysis_sample_rate": 44100,
        "bitrate": 128,
        "channels": 2,
        "equal_loudness": 0,
        "length": 15.43836689,
        "replay_gain": -10.008731842,
        "downmix": "mix"
    },
    "tags": {
        "track": 6,
        "year": 0,
        "album": "Wreath of Doubts",
        "artist": "Exitland",
        "comment": "",
        "genre": "Other",
        "title": "Handful"
    }
},
"highlevel": {
    "culture": {
        "all": {
            "non_western": 9.1524610113e-09,
            "western": 1
        },
        "probability": 1,
        "value": "western"
    },
    "danceability": {
        "all": {
            "danceable": 0.966591238976,
            "not_danceable": 0.0334087722003
        },
        "probability": 0.966591238976,
        "value": "danceable"
    },
    "gender": {
        "all": {
            "female": 0.646247386932,
            "male": 0.353752583265
        },
        "probability": 0.646247386932,
        "value": "female"
    },
    "genre_dortmund": {
        "all": {
            "alternative": 0.0355078540742,
            "blues": 0.365080535412,
            "electronic": 0.0309536680579,
            "folkcountry": 0.0472232922912,
            "funksoulrnb": 0.0101449014619,
            "jazz": 0.210234731436,
            "pop": 0.0388138853014,
            "raphiphop": 0.132438361645,
            "rock": 0.129602760077
        },
        "probability": 0.365080535412,
        "value": "blues"
    },
    "genre_electronic": {
        "all": {
            "ambient": 0.566395521164,
            "dnb": 0.114136196673,
            "house": 0.234954699874,
            "techno": 0.0461113601923,
            "trance": 0.0384021922946
        },
        "probability": 0.566395521164,
        "value": "ambient"
    },
    "genre_rosamerica": {
        "all": {
            "cla": 0.02852258645,
            "dan": 0.0931366980076,
            "hip": 0.501787483692,
            "jaz": 0.0733979120851,
            "pop": 0.131973996758,
            "rhy": 0.078180000186,
            "roc": 0.0702133253217,
            "spe": 0.0227879714221
        },
        "probability": 0.501787483692,
        "value": "hip"
    },
    "genre_tzanetakis": {
        "all": {
            "blu": 0.00416057603434,
            "cla": 0.00754881417379,
            "cou": 0.00535701634362,
            "dis": 0.0201626494527,
            "hip": 0.14104655385,
            "jaz": 0.0665568709373,
            "met": 0.0173735022545,
            "pop": 0.306702017784,
            "reg": 0.387210309505,
            "roc": 0.0438816659153
        },
        "probability": 0.387210309505,
        "value": "reg"
    },
    "mirex_ballroom": {
        "all": {
            "ChaChaCha": 0.113205619156,
            "Jive": 0.322862327099,
            "Quickstep": 0.251641094685,
            "Rumba-American": 0.00429358379915,
            "Rumba-International": 0.0255202949047,
            "Rumba-Misc": 0.0081199798733,
            "Samba": 0.254993081093,
            "Tango": 0.00592103600502,
            "VienneseWaltz": 0.00901487655938,
            "Waltz": 0.00442810449749
        },
        "probability": 0.322862327099,
        "value": "Jive"
    },
    "mood_acoustic": {
        "all": {
            "acoustic": 0.0998890548944,
            "not_acoustic": 0.900110960007
        },
        "probability": 0.900110960007,
        "value": "not_acoustic"
    },
    "mood_aggressive": {
        "all": {
            "aggressive": 0.40727263689,
            "not_aggressive": 0.59272736311
        },
        "probability": 0.59272736311,
        "value": "not_aggressive"
    },
    "mood_electronic": {
        "all": {
            "electronic": 0.825185656548,
            "not_electronic": 0.174814373255
        },
        "probability": 0.825185656548,
        "value": "electronic"
    },
    "mood_happy": {
        "all": {
            "happy": 0.197600737214,
            "not_happy": 0.802399277687
        },
        "probability": 0.802399277687,
        "value": "not_happy"
    },
    "mood_party": {
        "all": {
            "not_party": 0.257218956947,
            "party": 0.742781043053
        },
        "probability": 0.742781043053,
        "value": "party"
    },
    "mood_relaxed": {
        "all": {
            "not_relaxed": 0.0587324500084,
            "relaxed": 0.941267549992
        },
        "probability": 0.941267549992,
        "value": "relaxed"
    },
    "mood_sad": {
        "all": {
            "not_sad": 0.436890155077,
            "sad": 0.563109874725
        },
        "probability": 0.563109874725,
        "value": "sad"
    },
    "moods_mirex": {
        "all": {
            "Cluster1": 0.410806924105,
            "Cluster2": 0.148848205805,
            "Cluster3": 0.0829135626554,
            "Cluster4": 0.0830611214042,
            "Cluster5": 0.274370193481
        },
        "probability": 0.410806924105,
        "value": "Cluster1"
    },
    "timbre": {
        "all": {
            "bright": 0.397142112255,
            "dark": 0.602857887745
        },
        "probability": 0.602857887745,
        "value": "dark"
    },
    "tonal_atonal": {
        "all": {
            "atonal": 0.988953709602,
            "tonal": 0.0110463090241
        },
        "probability": 0.988953709602,
        "value": "atonal"
    },
    "voice_instrumental": {
        "all": {
            "instrumental": 0.645334839821,
            "voice": 0.354665160179
        },
        "probability": 0.645334839821,
        "value": "instrumental"
    }
},
"lowlevel": {
    "average_loudness": 0.933030843735,
    "barkbands_kurtosis": {
        "dmean": 11.4446544647,
        "dmean2": 19.6357326508,
        "dvar": 465.11706543,
        "dvar2": 1278.14880371,
        "max": 299.368469238,
        "mean": 14.3141937256,
        "median": 6.41698122025,
        "min": -1.86102235317,
        "var": 556.36126709
    },
    "barkbands_skewness": {
        "dmean": 1.1326444149,
        "dmean2": 1.86826741695,
        "dvar": 1.59793817997,
        "dvar2": 4.23281764984,
        "max": 15.4522180557,
        "mean": 2.87416863441,
        "median": 2.498036623,
        "min": -2.08755707741,
        "var": 4.53546762466
    },
    "barkbands_spread": {
        "dmean": 6.57030582428,
        "dmean2": 10.7723922729,
        "dvar": 63.8019447327,
        "dvar2": 146.696212769,
        "max": 96.4858627319,
        "mean": 20.8689174652,
        "median": 13.9418849945,
        "min": 0.690856933594,
        "var": 325.626342773
    },
    "dissonance": {
        "dmean": 0.0117374975234,
        "dmean2": 0.019150916487,
        "dvar": 0.000181679293746,
        "dvar2": 0.000482638104586,
        "max": 0.499999970198,
        "mean": 0.474770665169,
        "median": 0.484634697437,
        "min": 0.352420240641,
        "var": 0.000657943543047
    },
    "dynamic_complexity": 3.43035411835,
    "erbbands_kurtosis": {
        "dmean": 0.812458872795,
        "dmean2": 1.31065046787,
        "dvar": 1.80511832237,
        "dvar2": 3.79572892189,
        "max": 22.082616806,
        "mean": -0.0488696843386,
        "median": -0.598377346992,
        "min": -1.63788795471,
        "var": 4.50684785843
    },
    "erbbands_skewness": {
        "dmean": 0.374705404043,
        "dmean2": 0.590879142284,
        "dvar": 0.12149323523,
        "dvar2": 0.257255852222,
        "max": 1.73717105389,
        "mean": -0.213808700442,
        "median": -0.226246416569,
        "min": -3.73649024963,
        "var": 0.593947052956
    },
    "erbbands_spread": {
        "dmean": 10.5909318924,
        "dmean2": 16.8567943573,
        "dvar": 107.766014099,
        "dvar2": 290.377624512,
        "max": 118.960388184,
        "mean": 50.4525375366,
        "median": 49.9200515747,
        "min": 7.65133428574,
        "var": 353.698913574
    },
    "hfc": {
        "dmean": 3.38961315155,
        "dmean2": 5.10330057144,
        "dvar": 34.4717445374,
        "dvar2": 89.3095855713,
        "max": 102.781776428,
        "mean": 13.908867836,
        "median": 6.95485496521,
        "min": 1.14559763513e-16,
        "var": 358.664398193
    },
    "melbands_kurtosis": {
        "dmean": 30.7309646606,
        "dmean2": 51.9092979431,
        "dvar": 2252.75854492,
        "dvar2": 6053.40722656,
        "max": 579.665527344,
        "mean": 45.6909561157,
        "median": 25.3182029724,
        "min": -1.20217216015,
        "var": 3481.47216797
    },
    "melbands_skewness": {
        "dmean": 1.64374685287,
        "dmean2": 2.66855311394,
        "dvar": 2.8522195816,
        "dvar2": 7.40868997574,
        "max": 18.6049976349,
        "mean": 5.06238698959,
        "median": 4.47531700134,
        "min": -0.195802330971,
        "var": 9.40484523773
    },
    "melbands_spread": {
        "dmean": 7.29758214951,
        "dmean2": 11.6367263794,
        "dvar": 124.352104187,
        "dvar2": 253.588378906,
        "max": 149.67388916,
        "mean": 18.4112758636,
        "median": 9.75084877014,
        "min": 0.462677538395,
        "var": 481.67956543
    },
    "pitch_salience": {
        "dmean": 0.111154906452,
        "dmean2": 0.18652112782,
        "dvar": 0.00875819474459,
        "dvar2": 0.0252421535552,
        "max": 0.83030050993,
        "mean": 0.465158671141,
        "median": 0.462309390306,
        "min": 0.106941029429,
        "var": 0.0146734965965
    },
    "silence_rate_20dB": {
        "dmean": 0,
        "dmean2": 0,
        "dvar": 0,
        "dvar2": 0,
        "max": 1,
        "mean": 1,
        "median": 1,
        "min": 1,
        "var": 0
    },
    "silence_rate_30dB": {
        "dmean": 0.0210526324809,
        "dmean2": 0.0421686731279,
        "dvar": 0.0206093955785,
        "dvar2": 0.0614744722843,
        "max": 1,
        "mean": 0.989489495754,
        "median": 1,
        "min": 0,
        "var": 0.0104000475258
    },
    "silence_rate_60dB": {
        "dmean": 0.00300751882605,
        "dmean2": 0.00602409616113,
        "dvar": 0.00299848802388,
        "dvar2": 0.00598775735125,
        "max": 1,
        "mean": 0.0540540553629,
        "median": 0,
        "min": 0,
        "var": 0.05113241449
    },
    "spectral_centroid": {
        "dmean": 304.136199951,
        "dmean2": 470.595214844,
        "dvar": 259157.625,
        "dvar2": 330082.15625,
        "max": 11413.5595703,
        "mean": 1398.0144043,
        "median": 1093.61645508,
        "min": 265.465118408,
        "var": 965065.6875
    },
    "spectral_complexity": {
        "dmean": 2.98947358131,
        "dmean2": 4.78012037277,
        "dvar": 13.3577747345,
        "dvar2": 33.0058288574,
        "max": 58,
        "mean": 14.4714717865,
        "median": 9,
        "min": 0,
        "var": 191.294265747
    },
    "spectral_crest": {
        "dmean": 2.99579882622,
        "dmean2": 4.85517978668,
        "dvar": 7.59664869308,
        "dvar2": 17.3857307434,
        "max": 24.5119724274,
        "mean": 11.6632585526,
        "median": 11.6015090942,
        "min": 2.93223595619,
        "var": 18.8201065063
    },
    "spectral_decrease": {
        "dmean": 3.49749407214e-09,
        "dmean2": 5.52854695357e-09,
        "dvar": 3.11739292755e-17,
        "dvar2": 6.7500624667e-17,
        "max": 4.24899085628e-29,
        "mean": -6.84381840088e-09,
        "median": -5.14703657473e-09,
        "min": -3.73096824546e-08,
        "var": 4.31576091382e-17
    },
    "spectral_energy": {
        "dmean": 0.0133671369404,
        "dmean2": 0.0210821088403,
        "dvar": 0.000447946076747,
        "dvar2": 0.00096999888774,
        "max": 0.142336025834,
        "mean": 0.0270917601883,
        "median": 0.0202167425305,
        "min": 1.0583324381e-20,
        "var": 0.000647619192023
    },
    "spectral_energyband_high": {
        "dmean": 0.000223440554691,
        "dmean2": 0.00035496201599,
        "dvar": 1.82753993272e-07,
        "dvar2": 4.28734892921e-07,
        "max": 0.00818228442222,
        "mean": 0.000774604035541,
        "median": 8.4416984464e-05,
        "min": 7.53987649142e-21,
        "var": 2.18194281842e-06
    },
    "spectral_energyband_low": {
        "dmean": 0.0124116269872,
        "dmean2": 0.0197439901531,
        "dvar": 0.000428254541475,
        "dvar2": 0.000928029068746,
        "max": 0.139248847961,
        "mean": 0.0188513379544,
        "median": 0.0128983389586,
        "min": 1.39089354723e-22,
        "var": 0.000535537896212
    },
    "spectral_energyband_middle_high": {
        "dmean": 0.00107961986214,
        "dmean2": 0.00177152524702,
        "dvar": 6.34012621958e-06,
        "dvar2": 1.72665677383e-05,
        "max": 0.0255087409168,
        "mean": 0.00310246716253,
        "median": 0.00114969536662,
        "min": 1.62744059572e-21,
        "var": 2.32694783335e-05
    },
    "spectral_energyband_middle_low": {
        "dmean": 0.00223141303286,
        "dmean2": 0.00353288836777,
        "dvar": 5.54184443899e-05,
        "dvar2": 0.000143041863339,
        "max": 0.106750324368,
        "mean": 0.00493089715019,
        "median": 0.00259218551219,
        "min": 1.29426528075e-22,
        "var": 6.3640618464e-05
    },
    "spectral_flatness_db": {
        "dmean": 0.0339574702084,
        "dmean2": 0.0560778416693,
        "dvar": 0.000991721404716,
        "dvar2": 0.00262037222274,
        "max": 0.368948727846,
        "mean": 0.171781390905,
        "median": 0.177717700601,
        "min": 0.0317720137537,
        "var": 0.00448310468346
    },
    "spectral_flux": {
        "dmean": 0.0318266116083,
        "dmean2": 0.0515096262097,
        "dvar": 0.0016569327563,
        "dvar2": 0.00409151753411,
        "max": 0.310020536184,
        "mean": 0.085284717381,
        "median": 0.0712892413139,
        "min": 1.0287528468e-10,
        "var": 0.00301438593306
    },
    "spectral_kurtosis": {
        "dmean": 1.43971931934,
        "dmean2": 2.42669463158,
        "dvar": 2.12809920311,
        "dvar2": 6.05819892883,
        "max": 13.8798160553,
        "mean": 3.9369468689,
        "median": 3.40252399445,
        "min": -1.26487755775,
        "var": 4.5458946228
    },
    "spectral_rms": {
        "dmean": 0.00113001768477,
        "dmean2": 0.00177463062573,
        "dvar": 1.81942652944e-06,
        "dvar2": 3.77275932806e-06,
        "max": 0.011784074828,
        "mean": 0.00468459352851,
        "median": 0.00444113183767,
        "min": 3.21328402254e-12,
        "var": 4.48555056209e-06
    },
    "spectral_rolloff": {
        "dmean": 466.152618408,
        "dmean2": 804.867004395,
        "dvar": 1415204.75,
        "dvar2": 3129253.5,
        "max": 18733.8867188,
        "mean": 1085.13012695,
        "median": 333.764648438,
        "min": 64.599609375,
        "var": 3836634.75
    },
    "spectral_skewness": {
        "dmean": 0.200592979789,
        "dmean2": 0.325119286776,
        "dvar": 0.0391038656235,
        "dvar2": 0.0959179922938,
        "max": 2.54523015022,
        "mean": 1.32557606697,
        "median": 1.30207431316,
        "min": -0.00725874025375,
        "var": 0.150155618787
    },
    "spectral_spread": {
        "dmean": 494384.0625,
        "dmean2": 691366.75,
        "dvar": 3.34402315878e+12,
        "dvar2": 3.28130782822e+12,
        "max": 42110984,
        "mean": 4256583,
        "median": 3936175.75,
        "min": 2402377.75,
        "var": 5.3150440489e+12
    },
    "spectral_strongpeak": {
        "dmean": 0.225395560265,
        "dmean2": 0.397186458111,
        "dvar": 0.14765663445,
        "dvar2": 0.374912500381,
        "max": 3.67886805534,
        "mean": 0.33058565855,
        "median": 0.231660753489,
        "min": 0,
        "var": 0.139161899686
    },
    "zerocrossingrate": {
        "dmean": 0.0102098509669,
        "dmean2": 0.0139505779371,
        "dvar": 0.000537935295142,
        "dvar2": 0.000936309457757,
        "max": 0.49658203125,
        "mean": 0.0485165342689,
        "median": 0.03271484375,
        "min": 0.00390625,
        "var": 0.00260024284944
    },
    "barkbands": {
        "dmean": [0.00103273312561, 0.00982429645956, 0.00334948836826, 0.000896013167221, 0.0012445327593, 0.000468805228593, 0.000346569169778, 0.000174884393346, 6.4042127633e-05, 0.00012249770225, 0.000113508584036, 0.000301261083223, 0.000251070334343, 9.94496804196e-05, 0.00010420325998, 0.000250255223364, 0.000180366405402, 0.000160642288392, 0.000133604567964, 0.000108813037514, 9.26535067265e-05, 6.67291678838e-05, 4.17077935708e-05, 2.97028036584e-05, 1.89828533621e-05, 8.78971422935e-06, 1.06617517304e-06],
        "dmean2": [0.00151892111171, 0.0158481877297, 0.00576774869114, 0.00150352541823, 0.00198098062538, 0.000706409395207, 0.000510256330017, 0.000238996202825, 0.000101983670902, 0.000199851754587, 0.000184876975254, 0.000518690678291, 0.000445338024292, 0.000161800155183, 0.000169839535374, 0.000391764915548, 0.000291802891297, 0.000276093080174, 0.000222216549446, 0.000182257601409, 0.000147761500557, 0.000111286404717, 7.01101816958e-05, 4.47105776402e-05, 2.99610419461e-05, 1.40579268191e-05, 1.77701360826e-06],
        "dvar": [4.35242645835e-06, 0.000352200964699, 1.71583251358e-05, 2.63601532424e-06, 3.69590015907e-05, 1.06990489712e-06, 6.25260156539e-07, 2.3684651751e-07, 1.59748090311e-08, 1.11451178952e-07, 7.23954229898e-08, 7.98904977728e-07, 6.74579666793e-07, 2.84888841406e-08, 5.19067953064e-08, 2.80849036471e-07, 1.68098551967e-07, 1.22666392599e-07, 1.06020912938e-07, 5.26422034852e-08, 3.63188163988e-08, 2.01307592818e-08, 8.11547362645e-09, 4.51542048197e-09, 2.19050133587e-09, 7.12091330346e-10, 2.79616121923e-11],
        "dvar2": [7.91912407294e-06, 0.000793889979832, 4.8732435971e-05, 7.00628015693e-06, 9.57743104664e-05, 1.94841527446e-06, 1.20954132399e-06, 4.3672602601e-07, 4.22142818479e-08, 3.10929806346e-07, 1.90755955032e-07, 2.24607538257e-06, 1.96284895537e-06, 7.45006261127e-08, 1.33847265715e-07, 5.91228115354e-07, 4.21644756443e-07, 3.64584479939e-07, 2.9238509569e-07, 1.33459337803e-07, 8.7619575595e-08, 5.46884315611e-08, 2.25860272707e-08, 9.69207558654e-09, 5.27069676792e-09, 1.82220760703e-09, 7.42812131249e-11],
        "max": [0.0133616626263, 0.117996916175, 0.0324956402183, 0.0201811119914, 0.0880941674113, 0.0136394426227, 0.00945831742138, 0.00701661454514, 0.00157775299158, 0.00458049355075, 0.00335353170522, 0.0081801796332, 0.00941205490381, 0.00180849386379, 0.00300646596588, 0.00777173833922, 0.00709168380126, 0.0048900921829, 0.00539233582094, 0.00458841351792, 0.00380207807757, 0.0018616032321, 0.00123172288295, 0.00124211772345, 0.000729131803382, 0.000552821496967, 0.00010234992078],
        "mean": [0.00130946096033, 0.0116560216993, 0.00536538660526, 0.00112621998414, 0.00162165600341, 0.00105667707976, 0.000649372464977, 0.000297278980725, 0.000113495152618, 0.000222786969971, 0.000160605413839, 0.000433573819464, 0.00029799141339, 0.000191054205061, 0.000218018278247, 0.000518081244081, 0.000325964967487, 0.000348648958607, 0.000291100004688, 0.000251075980486, 0.000237334999838, 0.000154059380293, 9.59564276855e-05, 7.96024469309e-05, 4.73893451272e-05, 2.14765641431e-05, 1.46515742472e-06],
        "median": [0.000300422107102, 0.00628878641874, 0.00456179585308, 0.000720294425264, 0.000505290227011, 0.000228213146329, 8.61934167915e-05, 3.42369967257e-05, 2.95529243886e-05, 2.25094463531e-05, 3.23286039929e-05, 8.63559762365e-05, 9.00652376004e-05, 7.47353769839e-05, 4.25188882218e-05, 0.000121346420201, 8.77948914422e-05, 0.000110198991024, 6.99003940099e-05, 3.42396306223e-05, 2.83833360299e-05, 1.38818068081e-05, 9.23118386709e-06, 7.1271433626e-06, 5.10143945576e-06, 1.59873502525e-06, 4.77760302431e-08],
        "min": [4.87971937921e-23, 4.18902400949e-23, 6.51315196673e-24, 5.64776445395e-24, 3.10635564665e-23, 1.51708207266e-23, 3.67787495952e-23, 1.39477881341e-23, 2.23604548406e-23, 2.37976268812e-23, 5.35106313899e-23, 5.6344188207e-23, 1.07203521203e-22, 1.02232422701e-22, 1.12474614041e-22, 1.44875516934e-22, 2.55694785252e-22, 1.27772406664e-22, 1.99062738545e-22, 2.42782836173e-22, 4.76446187846e-22, 4.29567503776e-22, 5.50839128601e-22, 7.41156858073e-22, 1.00475928601e-21, 1.53166717678e-21, 2.43802115145e-21],
        "var": [6.76772197039e-06, 0.000373123097233, 1.8714745238e-05, 2.86971703645e-06, 3.45652551914e-05, 4.40964004156e-06, 2.04613070309e-06, 6.00435271281e-07, 3.86642327044e-08, 3.13338915703e-07, 1.31185771579e-07, 9.85719452729e-07, 4.735573782e-07, 8.60058051444e-08, 2.04785763458e-07, 1.08491701667e-06, 4.13385180309e-07, 3.8654832224e-07, 2.74301498848e-07, 2.6469345471e-07, 2.19792099188e-07, 9.19977836134e-08, 4.13193816939e-08, 3.15739150381e-08, 1.26459296368e-08, 3.03967917503e-09, 3.41463558817e-11]
    },
    "erbbands": {
        "dmean": [0.386799246073, 2.03469586372, 4.20678853989, 2.70522904396, 4.41689491272, 3.16136550903, 3.52541637421, 4.4315366745, 4.52540016174, 6.0477976799, 2.15971469879, 1.61524617672, 3.14595580101, 3.27179503441, 6.66137313843, 11.7228307724, 11.4185552597, 5.62458372116, 4.71419286728, 6.64273166656, 14.3443565369, 8.74516677856, 8.26064395905, 8.04600048065, 5.76514577866, 4.97183799744, 4.63932466507, 3.13303637505, 2.50557303429, 1.67401885986, 1.19065368176, 0.815062940121, 0.481945753098, 0.275251150131, 0.116978295147, 0.0509456545115, 0.0126197487116, 0.00343227433041, 9.5402050647e-05, 1.54983608809e-05],
        "dmean2": [0.624004900455, 3.36080574989, 7.19247674942, 4.61324882507, 7.26485347748, 5.29960584641, 5.38227367401, 6.44699478149, 6.75835371017, 8.48722362518, 2.74211645126, 2.58851981163, 5.03587627411, 5.52285194397, 10.8147821426, 20.1647701263, 20.1343326569, 9.10697460175, 8.0270242691, 10.8564109802, 22.4117069244, 14.1039609909, 13.8774003983, 13.6774606705, 9.52426528931, 8.18237113953, 7.70578050613, 5.16703176498, 4.23137044907, 2.77684593201, 2.02916479111, 1.25725650787, 0.760786831379, 0.455844819546, 0.184745520353, 0.0810146778822, 0.0201880354434, 0.00556564098224, 0.000157738337293, 2.42199803324e-05],
        "dvar": [0.797116458416, 12.3507957458, 27.4089317322, 19.3623714447, 545.057922363, 169.201217651, 42.4308586121, 147.151748657, 86.4705047607, 308.83026123, 24.0449562073, 9.41598510742, 70.9398803711, 61.6980209351, 243.716964722, 1471.91809082, 1554.09289551, 95.9821243286, 79.6188354492, 173.987670898, 922.058654785, 381.878204346, 316.948699951, 514.343444824, 130.26222229, 130.09173584, 107.161125183, 42.1944503784, 30.9281787872, 13.4433679581, 6.41080188751, 3.43627810478, 1.48101496696, 0.560277342796, 0.0865580290556, 0.0180008597672, 0.00160358706489, 0.000255243096035, 2.17677438741e-07, 5.82265680116e-10],
        "dvar2": [1.78288292885, 31.8067150116, 78.5788345337, 54.9393539429, 1389.41931152, 449.878753662, 90.9587402344, 262.969726562, 184.034805298, 596.53729248, 34.0853157043, 26.3199424744, 184.356643677, 176.075424194, 648.091918945, 4205.48388672, 4539.5625, 236.201202393, 227.77130127, 406.665100098, 1864.12109375, 886.760253906, 809.81854248, 1425.79614258, 381.388824463, 322.476409912, 290.513153076, 108.875198364, 84.4839248657, 35.1867752075, 18.2075958252, 7.67552804947, 3.74958491325, 1.46373188496, 0.220060378313, 0.0447704643011, 0.00430018920451, 0.000703631609213, 5.92998731008e-07, 1.24307231175e-09],
        "max": [5.26050615311, 26.8518409729, 42.637134552, 40.6173973083, 340.832580566, 165.270065308, 93.9352493286, 167.50340271, 160.872879028, 188.107116699, 82.4869613647, 36.6628608704, 111.138183594, 99.357635498, 219.839920044, 349.162109375, 443.662780762, 103.748558044, 121.241996765, 189.54397583, 466.250579834, 345.319335938, 328.750976562, 419.638702393, 178.943984985, 252.501525879, 197.60005188, 116.565551758, 76.0252609253, 48.9644165039, 32.4762878418, 34.4245147705, 20.7567214966, 11.9312868118, 4.03863477707, 2.07106256485, 0.874890506268, 0.338387489319, 0.00957936234772, 0.000303705164697],
        "mean": [0.385515332222, 2.41416573524, 6.37648916245, 4.81225824356, 4.98210477829, 4.1673374176, 7.75309181213, 9.05959510803, 8.4532289505, 10.4845161438, 4.70789909363, 2.95907282829, 6.04075717926, 5.44669866562, 12.0081653595, 15.4181604385, 13.964758873, 10.9974555969, 9.81172561646, 15.6474819183, 30.3651542664, 17.9197673798, 18.2505054474, 16.8225879669, 13.17689991, 12.0443277359, 11.5292825699, 7.80738973618, 5.63571405411, 3.94040775299, 2.63379669189, 1.95411407948, 1.13228201866, 0.663656830788, 0.268631279469, 0.115256093442, 0.0319457091391, 0.00686106737703, 0.000178801434231, 3.660413131e-05],
        "median": [0.103347964585, 1.63365507126, 5.54440498352, 3.77630519867, 1.67973554134, 1.5609266758, 1.89959311485, 1.50557208061, 1.49462032318, 1.02275371552, 0.662640929222, 0.730258107185, 0.694246947765, 0.811891674995, 2.41778039932, 3.77919149399, 4.02613830566, 4.62735080719, 2.85006427765, 2.78805446625, 8.66379642487, 5.36500740051, 5.11141681671, 5.16230297089, 2.68649363518, 1.72034668922, 1.37421584129, 0.884859323502, 0.542572975159, 0.35249760747, 0.249404579401, 0.154546573758, 0.109945625067, 0.0684150233865, 0.0282858163118, 0.0100881615654, 0.00229040393606, 0.000256939965766, 2.00950125873e-05, 2.46161507675e-05],
        "min": [9.05710264164e-22, 1.05803549319e-20, 1.31646327632e-20, 1.28332079873e-20, 2.7508531043e-20, 1.82087992024e-19, 6.25438046617e-20, 1.84871390162e-19, 6.47379051139e-19, 1.99968276446e-19, 4.64707173e-19, 5.747550232e-19, 4.36465675924e-19, 1.16056438471e-18, 3.06125813508e-18, 2.85887909243e-18, 5.20153254896e-18, 4.65228793094e-18, 6.16698508629e-18, 7.88752779144e-18, 7.58289702417e-18, 1.57836102848e-17, 9.96837175985e-18, 8.89219323931e-18, 1.03489302627e-17, 1.08451989256e-17, 1.83950492571e-17, 1.75611767534e-17, 1.71776131034e-17, 1.61988086302e-17, 1.48360418059e-17, 1.41828933768e-17, 1.33228323349e-17, 1.2702183832e-17, 6.5134993167e-18, 4.96892770635e-18, 3.11403267175e-18, 1.36854416388e-18, 3.63814325175e-19, 3.16585640308e-20],
        "var": [0.799690961838, 11.1914653778, 27.9404773712, 19.6782608032, 494.910766602, 158.141845703, 228.632324219, 540.381286621, 270.544281006, 849.346923828, 118.21308136, 23.425989151, 225.127822876, 122.680389404, 676.326416016, 1258.71972656, 1086.85253906, 253.233978271, 281.475189209, 1037.21801758, 3342.56542969, 1141.19445801, 1198.45690918, 964.745239258, 566.919616699, 643.813842773, 535.465454102, 227.261291504, 125.450744629, 67.2187271118, 31.2291145325, 19.5526866913, 6.53392076492, 2.54290795326, 0.42016774416, 0.0787006095052, 0.00711114425212, 0.000489640166052, 3.35202514634e-07, 1.34538413743e-09]
    },
    "gfcc": {
        "mean": [-49.0852203369, 97.6480712891, -106.488830566, 63.1840553284, -29.6432170868, 22.2844314575, -32.1511116028, 7.41469812393, -21.4976768494, 3.53294110298, -7.7306842804, 1.70664536953, -11.2145233154],
        "cov": [[16436.1621094, -577.447265625, -1138.80749512, 551.071166992, -738.110168457, 250.659957886, -398.813171387, 271.280395508, -377.820495605, 148.085281372, -428.31338501, 246.912506104, -31.0852680206], [-577.447265625, 1573.29223633, -131.044830322, -203.881347656, 126.894546509, -253.319412231, 51.3869590759, -100.103492737, 186.120941162, -102.544242859, 298.336853027, -114.161422729, 43.432258606], [-1138.80749512, -131.044830322, 466.721435547, -7.23091077805, 83.4699020386, 35.0919761658, -5.42312479019, 2.86796975136, 3.94496440887, 29.4341983795, 11.6456632614, -3.56438994408, 1.79102301598], [551.071166992, -203.881347656, -7.23091077805, 359.494934082, 103.456436157, 79.8152160645, 0.302172660828, -57.3550872803, -46.6033172607, -21.0221252441, -41.7538757324, -14.6198072433, 26.5551548004], [-738.110168457, 126.894546509, 83.4699020386, 103.456436157, 303.340759277, 31.1999320984, 55.8352394104, -48.3625831604, 17.6208114624, -35.8236045837, 18.4755821228, -27.7206707001, 12.8262405396], [250.659957886, -253.319412231, 35.0919761658, 79.8152160645, 31.1999320984, 222.661941528, 34.4678993225, 5.69166326523, -40.003276825, -19.9739646912, -44.8281555176, -14.4100255966, 7.11437225342], [-398.813171387, 51.3869590759, -5.42312479019, 0.302172660828, 55.8352394104, 34.4678993225, 163.210159302, 35.8900604248, 28.6012954712, -63.0523033142, 17.565158844, -20.4729614258, 8.4709444046], [271.280395508, -100.103492737, 2.86796975136, -57.3550872803, -48.3625831604, 5.69166326523, 35.8900604248, 128.625473022, 19.0592727661, 11.792263031, -20.4811229706, 19.4862556458, -17.7273273468], [-377.820495605, 186.120941162, 3.94496440887, -46.6033172607, 17.6208114624, -40.003276825, 28.6012954712, 19.0592727661, 100.92502594, 9.12885093689, 56.8750457764, -18.7790603638, 0.745442688465], [148.085281372, -102.544242859, 29.4341983795, -21.0221252441, -35.8236045837, -19.9739646912, -63.0523033142, 11.792263031, 9.12885093689, 114.20388031, 3.08567905426, 21.6078109741, -28.1186084747], [-428.31338501, 298.336853027, 11.6456632614, -41.7538757324, 18.4755821228, -44.8281555176, 17.565158844, -20.4811229706, 56.8750457764, 3.08567905426, 127.062026978, -22.4611530304, 3.10953211784], [246.912506104, -114.161422729, -3.56438994408, -14.6198072433, -27.7206707001, -14.4100255966, -20.4729614258, 19.4862556458, -18.7790603638, 21.6078109741, -22.4611530304, 78.7511672974, 10.7268266678], [-31.0852680206, 43.432258606, 1.79102301598, 26.5551548004, 12.8262405396, 7.11437225342, 8.4709444046, -17.7273273468, 0.745442688465, -28.1186084747, 3.10953211784, 10.7268266678, 82.270980835]],
        "icov": [[0.000149838524521, -0.000311916548526, 0.000242570851697, -0.000440716394223, 0.000346171989804, -0.000355648546247, 0.000239841378061, -0.000553348450921, 0.000418114184868, -0.000323223823216, 0.00051663100021, -0.000416212162236, 0.000111591987661], [-0.000311916548526, 0.00289429305121, 0.0002016848739, 0.00194016925525, -0.0017060599057, 0.00221036700532, 0.000353255163645, 0.00168633693829, -0.00197948026471, 0.00269633973949, -0.00466487649828, 0.00262916716747, -0.00110160023905], [0.000242570851697, 0.0002016848739, 0.0030335499905, -4.5532520744e-05, -0.000667460495606, -0.000570661970414, 0.000905399210751, -0.00113878212869, 0.000692998582963, -0.000806177326012, -0.000618393998593, 0.000120116477774, -0.000525461742654], [-0.000440716394223, 0.00194016925525, -4.5532520744e-05, 0.00558878947049, -0.00268555316143, 0.00084312283434, -0.000291318341624, 0.00293261720799, -0.000673408445437, 0.0013540124055, -0.00220634718426, 0.0027196155861, -0.0017883592518], [0.000346171989804, -0.0017060599057, -0.000667460495606, -0.00268555316143, 0.00593286985531, -0.00154666940216, -0.00141627329867, 0.000432522385381, 2.31099802477e-05, -0.000991799635813, 0.00287296622992, -0.00181671034079, 0.00114973844029], [-0.000355648546247, 0.00221036700532, -0.000570661970414, 0.00084312283434, -0.00154666940216, 0.00769391702488, -0.00157159450464, 0.00101258244831, 0.000440460222308, 0.00155548471957, -0.00224912841804, 0.00389544502832, -0.00150043563917], [0.000239841378061, 0.000353255163645, 0.000905399210751, -0.000291318341624, -0.00141627329867, -0.00157159450464, 0.0113626169041, -0.00461578322574, -0.00195583351888, 0.00596633553505, -0.00208162679337, 0.000323866668623, 0.000263979891315], [-0.000553348450921, 0.00168633693829, -0.00113878212869, 0.00293261720799, 0.000432522385381, 0.00101258244831, -0.00461578322574, 0.0142934704199, -0.00550406845286, 0.000419692194555, 0.000680863042362, -0.00119210628327, 0.00170204718597], [0.000418114184868, -0.00197948026471, 0.000692998582963, -0.000673408445437, 2.31099802477e-05, 0.000440460222308, -0.00195583351888, -0.00550406845286, 0.0189141109586, -0.00533951353282, -0.00260579865426, 0.00214517302811, -0.00179856922477], [-0.000323223823216, 0.00269633973949, -0.000806177326012, 0.0013540124055, -0.000991799635813, 0.00155548471957, 0.00596633553505, 0.000419692194555, -0.00533951353282, 0.017051089555, -0.00534335849807, -0.00147379678674, 0.00380139192566], [0.00051663100021, -0.00466487649828, -0.000618393998593, -0.00220634718426, 0.00287296622992, -0.00224912841804, -0.00208162679337, 0.000680863042362, -0.00260579865426, -0.00534335849807, 0.0198905114084, -0.00258538592607, 0.00127378641628], [-0.000416212162236, 0.00262916716747, 0.000120116477774, 0.0027196155861, -0.00181671034079, 0.00389544502832, 0.000323866668623, -0.00119210628327, 0.00214517302811, -0.00147379678674, -0.00258538592607, 0.0197416879237, -0.00576896732673], [0.000111591987661, -0.00110160023905, -0.000525461742654, -0.0017883592518, 0.00114973844029, -0.00150043563917, 0.000263979891315, 0.00170204718597, -0.00179856922477, 0.00380139192566, 0.00127378641628, -0.00576896732673, 0.015676997602]]
    },
    "melbands": {
        "dmean": [0.00291724177077, 0.00230011250824, 0.000501262664329, 0.000293323420919, 0.000117697927635, 9.43468912737e-05, 6.90470697009e-05, 6.03373846388e-05, 1.53726487042e-05, 9.82557048701e-06, 1.68118967849e-05, 1.3949113054e-05, 1.75797486008e-05, 3.35077784257e-05, 3.12531301461e-05, 2.00847080123e-05, 1.00539082268e-05, 7.67308119975e-06, 8.86165162228e-06, 1.42276703627e-05, 1.784046799e-05, 1.02440317278e-05, 9.92409331957e-06, 7.09129653842e-06, 7.23934954294e-06, 5.36936931894e-06, 3.62320793101e-06, 3.64534889741e-06, 3.38092263519e-06, 2.54949191003e-06, 1.94949961951e-06, 1.72765305706e-06, 1.27336681999e-06, 8.9148824145e-07, 7.59590989219e-07, 6.43394685085e-07, 5.44522208656e-07, 4.00697388159e-07, 2.73289288089e-07, 2.42455485022e-07],
        "dmean2": [0.00469238869846, 0.00386319146492, 0.000846625189297, 0.000468895654194, 0.000178610309376, 0.000141047028592, 0.000103012411273, 8.37296538521e-05, 2.01304101211e-05, 1.59177470778e-05, 2.72153865808e-05, 2.34575982176e-05, 2.87429211312e-05, 5.67045608477e-05, 5.49087635591e-05, 3.48501307599e-05, 1.62250071298e-05, 1.32246568683e-05, 1.41124910442e-05, 2.32061120187e-05, 2.77593735518e-05, 1.6670781406e-05, 1.53550790856e-05, 1.17413410408e-05, 1.24222397062e-05, 8.65752099344e-06, 6.01451756665e-06, 6.02396221439e-06, 5.6213307289e-06, 4.19174875788e-06, 3.24216148329e-06, 2.94909546028e-06, 2.10155212699e-06, 1.47586945332e-06, 1.29820045913e-06, 1.08036431357e-06, 8.96618701063e-07, 6.62223044401e-07, 4.21704072551e-07, 4.11350157492e-07],
        "dvar": [3.84622217098e-05, 1.00086026578e-05, 1.24948746816e-06, 2.47890579885e-06, 4.40589289497e-08, 5.77637138122e-08, 1.86507147504e-08, 2.89112414009e-08, 1.23101906446e-09, 3.77597397794e-10, 2.07664951901e-09, 1.18213372424e-09, 1.58869251088e-09, 8.46395309395e-09, 1.42074956244e-08, 3.65417318626e-09, 2.83845086324e-10, 1.89167931319e-10, 4.19762224979e-10, 9.66780766554e-10, 1.4296211992e-09, 4.43050734988e-10, 5.8534660452e-10, 2.36786867891e-10, 4.80780859569e-10, 1.11227561883e-10, 7.78836994897e-11, 6.73177208421e-11, 5.83472020699e-11, 2.97583208075e-11, 1.88983256127e-11, 1.52685104143e-11, 7.61539269145e-12, 4.26978894949e-12, 2.57026149496e-12, 2.8927871383e-12, 1.67121492426e-12, 1.07891126588e-12, 4.48268104494e-13, 4.48519178612e-13],
        "dvar2": [8.46163020469e-05, 2.75901475106e-05, 3.30420652972e-06, 6.41433689452e-06, 1.04638758103e-07, 1.03231826643e-07, 3.87451066786e-08, 5.60468542687e-08, 1.73512826329e-09, 1.06653708087e-09, 5.47458300915e-09, 3.44882544745e-09, 4.20946788537e-09, 2.36657307084e-08, 4.13703595825e-08, 1.05332542688e-08, 6.91388890584e-10, 5.55738011165e-10, 1.027783747e-09, 2.26969976147e-09, 2.88158497064e-09, 1.08553455114e-09, 9.72368852104e-10, 6.31462437894e-10, 1.34392919016e-09, 3.04562514097e-10, 2.22052293219e-10, 1.65555597009e-10, 1.61530483433e-10, 7.57507945259e-11, 5.0654581224e-11, 4.26828017375e-11, 2.1477222778e-11, 1.10023188477e-11, 7.32187747932e-12, 8.1700523083e-12, 3.97413916012e-12, 2.91322109665e-12, 1.08559081863e-12, 1.18850426462e-12],
        "max": [0.0390454903245, 0.0262526813895, 0.0141334310174, 0.0226336400956, 0.00301159964874, 0.00330719025806, 0.00204504327849, 0.00189896614756, 0.000627722707577, 0.000227988435654, 0.000613683194388, 0.000368117936887, 0.000596053781919, 0.000922386476304, 0.00125631922856, 0.000669391418342, 0.000179587048478, 0.000164447163115, 0.000295763718896, 0.000594819895923, 0.000533775135409, 0.000277281011222, 0.000593382981606, 0.000177932277438, 0.00039926826139, 0.000127160921693, 0.00017361533537, 0.000144859950524, 0.000119712436572, 8.7424821686e-05, 7.18007649994e-05, 5.09012679686e-05, 3.31617848133e-05, 3.22772430081e-05, 2.20966849156e-05, 2.71546869044e-05, 2.25968815357e-05, 1.43062170537e-05, 9.64248647506e-06, 9.55754057941e-06],
        "mean": [0.00334832654335, 0.00334728695452, 0.000874171208125, 0.000333421165124, 0.000250419194344, 0.000200534821488, 0.000129468244268, 0.000105440340121, 3.22860578308e-05, 1.71612718987e-05, 3.14315766445e-05, 2.28360113397e-05, 2.99871153402e-05, 5.24651186424e-05, 3.34798714903e-05, 2.73592759186e-05, 1.92289007828e-05, 1.42758772199e-05, 1.79903163371e-05, 2.8682190532e-05, 3.65286905435e-05, 1.87277546502e-05, 1.66904592334e-05, 1.59990340762e-05, 1.333293676e-05, 1.09823131424e-05, 7.85872998676e-06, 7.95913456386e-06, 7.61256205806e-06, 5.69473559153e-06, 4.20990545535e-06, 3.30864691023e-06, 2.62240905613e-06, 1.99393957701e-06, 1.54299050337e-06, 1.27904081637e-06, 1.15930890843e-06, 8.10921790162e-07, 6.50127788049e-07, 5.27648353454e-07],
        "median": [0.00144397211261, 0.0028270361945, 0.000653852941468, 0.000111503672088, 6.45516847726e-05, 3.58858924301e-05, 2.16966836888e-05, 9.74698014033e-06, 4.86196222482e-06, 4.44036550107e-06, 3.27029852087e-06, 2.94087749353e-06, 6.17548039372e-06, 1.05212748167e-05, 8.15341991256e-06, 8.67188464326e-06, 7.91236561781e-06, 4.34986395703e-06, 2.88718501906e-06, 5.73934721615e-06, 1.06051247712e-05, 5.29921089765e-06, 4.34153571405e-06, 4.35492938777e-06, 3.88732951251e-06, 2.30430350712e-06, 1.194111519e-06, 1.04008222479e-06, 8.70693440902e-07, 6.47908564133e-07, 4.67550307803e-07, 3.42467046721e-07, 1.90044744386e-07, 1.86156142945e-07, 1.57975179604e-07, 9.95469946474e-08, 9.18605564948e-08, 7.92786352122e-08, 5.06929360711e-08, 5.47378213867e-08],
        "min": [1.37419348808e-23, 1.05025919584e-23, 2.38086740893e-24, 7.1241050163e-24, 3.82951777022e-24, 4.01431198714e-24, 9.10206250675e-24, 1.83685413755e-24, 4.00309004633e-24, 3.42604302733e-24, 1.99974010941e-24, 4.14714906383e-24, 8.32440342639e-24, 8.45301773065e-24, 9.56331578892e-24, 9.06614803632e-24, 8.87856085736e-24, 9.36467114666e-24, 9.81555800767e-24, 1.16158648111e-23, 8.0132317203e-24, 1.62735078548e-23, 1.55578201095e-23, 7.00119023207e-24, 6.9327352493e-24, 8.31939968166e-24, 6.11172510675e-24, 7.18994650289e-24, 1.24310444827e-23, 9.42465376331e-24, 9.80872647223e-24, 1.01735557082e-23, 7.6609390618e-24, 9.28696440319e-24, 7.5494446169e-24, 9.30792443744e-24, 8.3248128452e-24, 7.98803944729e-24, 1.05533709349e-23, 1.04649072841e-23],
        "var": [4.08549640269e-05, 9.68765743892e-06, 1.23150277886e-06, 2.25295889322e-06, 2.07934149898e-07, 2.17580762296e-07, 6.07620762594e-08, 8.20531127488e-08, 6.18492457249e-09, 8.19658174667e-10, 6.3331015987e-09, 2.48033793504e-09, 4.07044131734e-09, 1.41337865855e-08, 9.0778353723e-09, 3.05497827036e-09, 8.31733570905e-10, 5.61030166768e-10, 1.65203717373e-09, 4.07624023424e-09, 4.86547646616e-09, 1.2351126788e-09, 1.71059910681e-09, 8.53713710836e-10, 6.84928724848e-10, 3.93338112081e-10, 2.62808441676e-10, 2.9165420079e-10, 2.38359332272e-10, 1.29733654375e-10, 7.14930475931e-11, 4.47667423964e-11, 2.98804314625e-11, 1.84460988151e-11, 1.09817285474e-11, 8.5693396823e-12, 7.387815186e-12, 3.48605519451e-12, 2.27101020281e-12, 1.70432038708e-12]
    },
    "mfcc": {
