{
"metadata": {
    "version": {
        "essentia": "2.0.1",
        "extractor": "archive-music 1.0"
    },
    "audio_properties": {
        "analysis_sample_rate": 44100,
        "bitrate": 128,
        "channels": 2,
        "equal_loudness": 0,
        "length": 15.15102005,
        "replay_gain": -11.4037246704,
        "downmix": "mix"
    },
    "tags": {
        "track": 0,
        "year": 0,
        "album": "Sunny Side of the Street",
        "artist": "Josh Woodward",
        "comment": "",
        "genre": "Other",
        "title": "A Song"
    }
},
"highlevel": {
    "culture": {
        "all": {
            "non_western": 2.92574372907e-06,
            "western": 0.999997079372
        },
        "probability": 0.999997079372,
        "value": "western"
    },
    "danceability": {
        "all": {
            "danceable": 0.037000823766,
            "not_danceable": 0.962999165058
        },
        "probability": 0.962999165058,
        "value": "not_danceable"
    },
    "gender": {
        "all": {
            "female": 0.0748466476798,
            "male": 0.925153374672
        },
        "probability": 0.925153374672,
        "value": "male"
    },
    "genre_dortmund": {
        "all": {
            "alternative": 0.13494130969,
            "blues": 0.0167353451252,
            "electronic": 0.00337308854796,
            "folkcountry": 0.452805638313,
            "funksoulrnb": 0.0184516441077,
            "jazz": 0.198807179928,
            "pop": 0.0975569486618,
            "raphiphop": 0.00223169801757,
            "rock": 0.0750971511006
        },
        "probability": 0.452805638313,
        "value": "folkcountry"
    },
    "genre_electronic": {
        "all": {
            "ambient": 0.846899926662,
            "dnb": 0.0407726056874,
            "house": 0.0887559652328,
            "techno": 0.00829607434571,
            "trance": 0.0152754252777
        },
        "probability": 0.846899926662,
        "value": "ambient"
    },
    "genre_rosamerica": {
        "all": {
            "cla": 0.0450348630548,
            "dan": 0.018602963537,
            "hip": 0.018255084753,
            "jaz": 0.3038803339,
            "pop": 0.081288009882,
            "rhy": 0.456301867962,
            "roc": 0.0483199097216,
            "spe": 0.0283169541508
        },
        "probability": 0.456301867962,
        "value": "rhy"
    },
    "genre_tzanetakis": {
        "all": {
            "blu": 0.00284066353925,
            "cla": 0.0036220238544,
            "cou": 0.0581912957132,
            "dis": 0.0110106198117,
            "hip": 0.0104441922158,
            "jaz": 0.0556300356984,
            "met": 0.00101069873199,
            "pop": 0.0633459016681,
            "reg": 0.141277849674,
            "roc": 0.652626693249
        },
        "probability": 0.652626693249,
        "value": "roc"
    },
    "mirex_ballroom": {
        "all": {
            "ChaChaCha": 0.00608027353883,
            "Jive": 0.00561668956652,
            "Quickstep": 0.0272478610277,
            "Rumba-American": 0.0361554063857,
            "Rumba-International": 0.703402400017,
            "Rumba-Misc": 0.0668958574533,
            "Samba": 0.014509158209,
            "Tango": 0.00670809997246,
            "VienneseWaltz": 0.0298177413642,
            "Waltz": 0.103566497564
        },
        "probability": 0.703402400017,
        "value": "Rumba-International"
    },
    "mood_acoustic": {
        "all": {
            "acoustic": 0.977221548557,
            "not_acoustic": 0.0227784439921
        },
        "probability": 0.977221548557,
        "value": "acoustic"
    },
    "mood_aggressive": {
        "all": {
            "aggressive": 3.09433539769e-06,
            "not_aggressive": 0.999996900558
        },
        "probability": 0.999996900558,
        "value": "not_aggressive"
    },
    "mood_electronic": {
        "all": {
            "electronic": 0.028675371781,
            "not_electronic": 0.971324622631
        },
        "probability": 0.971324622631,
        "value": "not_electronic"
    },
    "mood_happy": {
        "all": {
            "happy": 0.542351484299,
            "not_happy": 0.457648515701
        },
        "probability": 0.542351484299,
        "value": "happy"
    },
    "mood_party": {
        "all": {
            "not_party": 0.982255995274,
            "party": 0.0177439898252
        },
        "probability": 0.982255995274,
        "value": "not_party"
    },
    "mood_relaxed": {
        "all": {
            "not_relaxed": 0.0567599982023,
            "relaxed": 0.943239986897
        },
        "probability": 0.943239986897,
        "value": "relaxed"
    },
    "mood_sad": {
        "all": {
            "not_sad": 0.0562278591096,
            "sad": 0.943772137165
        },
        "probability": 0.943772137165,
        "value": "sad"
    },
    "moods_mirex": {
        "all": {
            "Cluster1": 0.0837843194604,
            "Cluster2": 0.313264012337,
            "Cluster3": 0.498244076967,
            "Cluster4": 0.0956618413329,
            "Cluster5": 0.00904572755098
        },
        "probability": 0.498244076967,
        "value": "Cluster3"
    },
    "timbre": {
        "all": {
            "bright": 0.999997437,
            "dark": 2.56327257375e-06
        },
        "probability": 0.999997437,
        "value": "bright"
    },
    "tonal_atonal": {
        "all": {
            "atonal": 0.005577463191,
            "tonal": 0.99442255497
        },
        "probability": 0.99442255497,
        "value": "tonal"
    },
    "voice_instrumental": {
        "all": {
            "instrumental": 0.0334356725216,
            "voice": 0.966564357281
        },
        "probability": 0.966564357281,
        "value": "voice"
    }
},
"lowlevel": {
    "average_loudness": 0.969000220299,
    "barkbands_kurtosis": {
        "dmean": 6.98487281799,
        "dmean2": 11.1693611145,
        "dvar": 216.09211731,
        "dvar2": 556.82019043,
        "max": 209.987945557,
        "mean": 13.0102062225,
        "median": 7.17415618896,
        "min": -1.61240506172,
        "var": 329.926818848
    },
    "barkbands_skewness": {
        "dmean": 0.654122114182,
        "dmean2": 0.981797039509,
        "dvar": 0.859542489052,
        "dvar2": 2.1706328392,
        "max": 11.8590717316,
        "mean": 2.33431506157,
        "median": 2.14984321594,
        "min": -2.05488395691,
        "var": 2.52975797653
    },
    "barkbands_spread": {
        "dmean": 3.12931632996,
        "dmean2": 4.66310882568,
        "dvar": 43.0350151062,
        "dvar2": 77.343460083,
        "max": 84.9814224243,
        "mean": 9.07865333557,
        "median": 7.58222818375,
        "min": 0.471374630928,
        "var": 80.8727798462
    },
    "dissonance": {
        "dmean": 0.0407104901969,
        "dmean2": 0.0680238753557,
        "dvar": 0.00177130440716,
        "dvar2": 0.00467211427167,
        "max": 0.499941796064,
        "mean": 0.388791769743,
        "median": 0.39536985755,
        "min": 0.0333756320179,
        "var": 0.00333602237515
    },
    "dynamic_complexity": 3.14892196655,
    "erbbands_kurtosis": {
        "dmean": 1.9357085228,
        "dmean2": 3.02564430237,
        "dvar": 9.20377063751,
        "dvar2": 18.7896461487,
        "max": 40.7824058533,
        "mean": 2.96663498878,
        "median": 2.08046746254,
        "min": -1.86033904552,
        "var": 16.3474159241
    },
    "erbbands_skewness": {
        "dmean": 0.455931782722,
        "dmean2": 0.66992866993,
        "dvar": 0.224855601788,
        "dvar2": 0.455985426903,
        "max": 5.28243970871,
        "mean": 0.899653434753,
        "median": 0.859585642815,
        "min": -1.60140621662,
        "var": 0.991332173347
    },
    "erbbands_spread": {
        "dmean": 8.68395233154,
        "dmean2": 12.8201885223,
        "dvar": 284.601837158,
        "dvar2": 513.429138184,
        "max": 186.237136841,
        "mean": 28.383731842,
        "median": 19.7290172577,
        "min": 3.65153098106,
        "var": 706.722351074
    },
    "hfc": {
        "dmean": 4.10466527939,
        "dmean2": 5.81394910812,
        "dvar": 28.0012989044,
        "dvar2": 51.2394790649,
        "max": 64.1157608032,
        "mean": 16.0961055756,
        "median": 14.9093322754,
        "min": 1.17030717439e-16,
        "var": 130.925430298
    },
    "melbands_kurtosis": {
        "dmean": 11.9810533524,
        "dmean2": 18.7004642487,
        "dvar": 686.280578613,
        "dvar2": 1828.08300781,
        "max": 373.783050537,
        "mean": 24.0250511169,
        "median": 12.0433940887,
        "min": -1.62752211094,
        "var": 1170.48022461
    },
    "melbands_skewness": {
        "dmean": 0.783419907093,
        "dmean2": 1.13595247269,
        "dvar": 1.27764093876,
        "dvar2": 2.75283336639,
        "max": 12.6001672745,
        "mean": 3.10040593147,
        "median": 2.68350124359,
        "min": -0.171229973435,
        "var": 4.33822727203
    },
    "melbands_spread": {
        "dmean": 2.82982993126,
        "dmean2": 4.10549736023,
        "dvar": 51.5157966614,
        "dvar2": 83.3802566528,
        "max": 137.883026123,
        "mean": 9.59526824951,
        "median": 7.1474199295,
        "min": 0.506246745586,
        "var": 155.210525513
    },
    "pitch_salience": {
        "dmean": 0.0578969456255,
        "dmean2": 0.0918967798352,
        "dvar": 0.00312603008933,
        "dvar2": 0.00745515245944,
        "max": 0.969066441059,
        "mean": 0.487003535032,
        "median": 0.479192078114,
        "min": 0.198346599936,
        "var": 0.0100031746551
    },
    "silence_rate_20dB": {
        "dmean": 0,
        "dmean2": 0,
        "dvar": 0,
        "dvar2": 0,
        "max": 1,
        "mean": 1,
        "median": 1,
        "min": 1,
        "var": 0
    },
    "silence_rate_30dB": {
        "dmean": 0.0245022978634,
        "dmean2": 0.0490797534585,
        "dvar": 0.0239021778107,
        "dvar2": 0.0528057441115,
        "max": 1,
        "mean": 0.961773693562,
        "median": 1,
        "min": 0,
        "var": 0.0367649123073
    },
    "silence_rate_60dB": {
        "dmean": 0.00612557446584,
        "dmean2": 0.0122699383646,
        "dvar": 0.00608796486631,
        "dvar2": 0.0151869961992,
        "max": 1,
        "mean": 0.0718654468656,
        "median": 0,
        "min": 0,
        "var": 0.0667012408376
    },
    "spectral_centroid": {
        "dmean": 120.719841003,
        "dmean2": 161.330886841,
        "dvar": 209403.59375,
        "dvar2": 182097.09375,
        "max": 11429.5449219,
        "mean": 522.389343262,
        "median": 439.372497559,
        "min": 170.633987427,
        "var": 440675.4375
    },
    "spectral_complexity": {
        "dmean": 1.57733535767,
        "dmean2": 2.45398783684,
        "dvar": 2.56867742538,
        "dvar2": 5.72025632858,
        "max": 22,
        "mean": 9.85168170929,
        "median": 10,
        "min": 0,
        "var": 14.704334259
    },
    "spectral_crest": {
        "dmean": 1.92427027225,
        "dmean2": 3.02900600433,
        "dvar": 3.90551447868,
        "dvar2": 8.14921474457,
        "max": 22.4954814911,
        "mean": 11.862780571,
        "median": 11.3934230804,
        "min": 2.65871977806,
        "var": 13.0175304413
    },
    "spectral_decrease": {
        "dmean": 2.79231437972e-09,
        "dmean2": 3.97774302385e-09,
        "dvar": 1.49467648939e-17,
        "dvar2": 2.70992789371e-17,
        "max": 6.78349540379e-29,
        "mean": -1.16578284803e-08,
        "median": -1.09469535658e-08,
        "min": -5.94782640917e-08,
        "var": 6.24866396055e-17
    },
    "spectral_energy": {
        "dmean": 0.0108095761389,
        "dmean2": 0.0153938233852,
        "dvar": 0.000221099282498,
        "dvar2": 0.000401276425691,
        "max": 0.228077426553,
        "mean": 0.045459292829,
        "median": 0.0433772094548,
        "min": 1.05869101767e-20,
        "var": 0.000938106852118
    },
    "spectral_energyband_high": {
        "dmean": 0.000148586274008,
        "dmean2": 0.00021176408336,
        "dvar": 1.86338553476e-07,
        "dvar2": 3.16595219374e-07,
        "max": 0.00507825985551,
        "mean": 0.000268096278887,
        "median": 9.01852035895e-05,
        "min": 7.76901359904e-21,
        "var": 3.79374739623e-07
    },
    "spectral_energyband_low": {
        "dmean": 0.00527450302616,
        "dmean2": 0.00785397365689,
        "dvar": 6.73738177284e-05,
        "dvar2": 0.000143021112308,
        "max": 0.0902442485094,
        "mean": 0.020110744983,
        "median": 0.0190439410508,
        "min": 3.32084598015e-23,
        "var": 0.000247051764745
    },
    "spectral_energyband_middle_high": {
        "dmean": 0.00137056375388,
        "dmean2": 0.0018092073733,
        "dvar": 5.20198909726e-06,
        "dvar2": 8.0208574218e-06,
        "max": 0.0313677899539,
        "mean": 0.00386129785329,
        "median": 0.0017679638695,
        "min": 1.26033113518e-21,
        "var": 2.99761031783e-05
    },
    "spectral_energyband_middle_low": {
        "dmean": 0.00783551298082,
        "dmean2": 0.0115251168609,
        "dvar": 0.000151546788402,
        "dvar2": 0.000269324606052,
        "max": 0.21664442122,
        "mean": 0.0237225145102,
        "median": 0.0205801874399,
        "min": 2.96316578032e-22,
        "var": 0.000457380345324
    },
    "spectral_flatness_db": {
        "dmean": 0.0245769377798,
        "dmean2": 0.0340713895857,
        "dvar": 0.000702645920683,
        "dvar2": 0.00132006895728,
        "max": 0.443194687366,
        "mean": 0.242072820663,
        "median": 0.23568585515,
        "min": 0.053649045527,
        "var": 0.00336519768462
    },
    "spectral_flux": {
        "dmean": 0.0290981251746,
        "dmean2": 0.0455572232604,
        "dvar": 0.00103795004543,
        "dvar2": 0.00247961701825,
        "max": 0.352797448635,
        "mean": 0.0742508098483,
        "median": 0.0658241435885,
        "min": 1.030421512e-10,
        "var": 0.00229578977451
    },
    "spectral_kurtosis": {
        "dmean": 5.46059083939,
        "dmean2": 8.8180475235,
        "dvar": 62.9933242798,
        "dvar2": 145.671600342,
        "max": 106.013549805,
        "mean": 13.5456447601,
        "median": 10.5687160492,
        "min": -1.21613872051,
        "var": 185.912109375
    },
    "spectral_rms": {
        "dmean": 0.000783626281191,
        "dmean2": 0.00108208635356,
        "dvar": 8.92870843927e-07,
        "dvar2": 1.56837563736e-06,
        "max": 0.0149169219658,
        "mean": 0.00617294805124,
        "median": 0.00650532077998,
        "min": 3.21382850887e-12,
        "var": 6.24524773229e-06
    },
    "spectral_rolloff": {
        "dmean": 247.285385132,
        "dmean2": 412.102752686,
        "dvar": 1359162,
        "dvar2": 2557489.75,
        "max": 18992.2851562,
        "mean": 719.585266113,
        "median": 452.197265625,
        "min": 129.19921875,
        "var": 2842578.5
    },
    "spectral_skewness": {
        "dmean": 0.522643208504,
        "dmean2": 0.798493087292,
        "dvar": 0.347471654415,
        "dvar2": 0.710689783096,
        "max": 8.6764125824,
        "mean": 2.84855508804,
        "median": 2.84855699539,
        "min": -0.042579986155,
        "var": 1.37992048264
    },
    "spectral_spread": {
        "dmean": 962490.125,
        "dmean2": 1289655.125,
        "dvar": 4.64037347328e+12,
        "dvar2": 5.80701703373e+12,
        "max": 40509820,
        "mean": 4246501,
        "median": 3564415,
        "min": 951606.8125,
        "var": 1.00012151276e+13
    },
    "spectral_strongpeak": {
        "dmean": 0.309206962585,
        "dmean2": 0.46950212121,
        "dvar": 0.353644877672,
        "dvar2": 0.674332439899,
        "max": 7.9074587822,
        "mean": 0.902781248093,
        "median": 0.729928016663,
        "min": 0,
        "var": 0.707149922848
    },
    "zerocrossingrate": {
        "dmean": 0.00799869000912,
        "dmean2": 0.0104591045529,
        "dvar": 0.000661314465106,
        "dvar2": 0.00113694265019,
        "max": 0.50390625,
        "mean": 0.0304003600031,
        "median": 0.0224609375,
        "min": 0.005859375,
        "var": 0.00207421905361
    },
    "barkbands": {
        "dmean": [3.3779808291e-05, 0.00115334859584, 0.00364941335283, 0.00253049330786, 0.00445523392409, 0.00104510225356, 0.00097320828354, 0.0012415626552, 0.00104288815055, 0.000654254690744, 0.000613708456513, 0.000461708987132, 0.000204510652111, 0.000208385798032, 6.68131397106e-05, 5.91560237808e-05, 2.85649693978e-05, 2.7672816941e-05, 1.23393156173e-05, 2.20524889301e-05, 1.18605712487e-05, 3.61669735867e-05, 3.18962338497e-05, 4.66187120765e-05, 3.44502186636e-05, 9.85048609436e-06, 2.57759040778e-07],
        "dmean2": [5.18066917721e-05, 0.00163352652453, 0.00559212872759, 0.00372044136748, 0.00699090817943, 0.00153893011156, 0.00145999819506, 0.00160252058413, 0.0015146083897, 0.000865899317432, 0.000942430226132, 0.000628244248219, 0.000307363079628, 0.000314980978146, 9.98130635708e-05, 8.58619605424e-05, 4.15815629822e-05, 4.2046787712e-05, 1.93172836589e-05, 3.15102151944e-05, 1.74486631295e-05, 5.06899559696e-05, 4.42097698397e-05, 6.63513565087e-05, 5.29684002686e-05, 1.5071940652e-05, 4.2666505351e-07],
        "dvar": [2.69530850971e-08, 5.0068906603e-06, 3.52945971827e-05, 8.13808801468e-05, 3.00961328321e-05, 4.93024936077e-06, 5.51857601749e-06, 8.29406326375e-06, 6.3919742388e-06, 2.0551151465e-06, 2.70255782198e-06, 1.85302405953e-06, 2.98366018114e-07, 3.16098237363e-07, 3.90403869233e-08, 3.49375959274e-08, 9.62814894478e-09, 3.37488215152e-09, 1.74100578398e-09, 5.37261302114e-09, 4.0442621474e-10, 5.08786701658e-09, 8.29682633707e-09, 3.30274474436e-08, 2.13270361371e-08, 2.09576800358e-09, 9.14355071692e-13],
        "dvar2": [5.29160431029e-08, 7.81235121394e-06, 8.0392070231e-05, 0.000114702954306, 7.88853431004e-05, 1.20348586279e-05, 1.32773320729e-05, 1.18202378872e-05, 1.49595343828e-05, 3.8453513298e-06, 5.05511661686e-06, 2.90814250548e-06, 6.16786167029e-07, 6.73106399063e-07, 8.19965180199e-08, 7.27322415628e-08, 1.92749336492e-08, 6.27898621985e-09, 3.91717369652e-09, 1.06855413406e-08, 8.50884251946e-10, 1.01377040096e-08, 1.48810919143e-08, 6.00476894874e-08, 4.67014089622e-08, 4.67839988971e-09, 2.26556599002e-12],
        "max": [0.00255418103188, 0.0390099026263, 0.0529526025057, 0.177325382829, 0.0498344562948, 0.0310759805143, 0.0314945019782, 0.0477681420743, 0.0328788645566, 0.0262382496148, 0.0213047359139, 0.0252560842782, 0.00782971363515, 0.0083540212363, 0.00251451297663, 0.00288468319923, 0.00239365012385, 0.00118468061555, 0.00082647765521, 0.00166896660812, 0.000272099627182, 0.000864205241669, 0.00122447567992, 0.00224909558892, 0.00191439199261, 0.000669441185892, 1.30451935547e-05],
        "mean": [3.78179211111e-05, 0.00299195689149, 0.0147029254586, 0.00498201930895, 0.00948754977435, 0.00288945389912, 0.0017717218725, 0.00234349141829, 0.00191192456987, 0.00128287181724, 0.00101118534803, 0.000775572378188, 0.000345345586538, 0.000372099631932, 8.02894719527e-05, 8.26024188427e-05, 4.28238054155e-05, 4.77051617054e-05, 2.00248250621e-05, 3.38505924447e-05, 2.10257512663e-05, 5.74431178393e-05, 4.83581170556e-05, 6.44394458504e-05, 4.29613537563e-05, 1.16334394988e-05, 2.43310495307e-07],
        "median": [4.28292332799e-06, 0.00128505646717, 0.0147556820884, 0.000792120175902, 0.00666447728872, 0.00152914971113, 0.000532149686478, 0.000519051915035, 0.000600167142693, 0.000291253963951, 0.000143001248944, 0.000112907226139, 4.07968036598e-05, 3.75160379917e-05, 1.12820525828e-05, 1.20557433547e-05, 9.01377279661e-06, 1.43904389915e-05, 7.90184822108e-06, 6.11559471508e-06, 8.28376687423e-06, 1.51628846652e-05, 9.18243677006e-06, 9.19632020668e-06, 7.55679366193e-06, 2.20443780563e-06, 2.3405835492e-08],
        "min": [7.19978044294e-24, 1.34620706975e-23, 6.25461029922e-24, 3.46539772017e-24, 3.36522256151e-23, 3.72268762319e-23, 4.58454340569e-23, 7.50816857444e-23, 7.58699218718e-23, 3.02262121701e-23, 6.21136202561e-23, 8.41528919568e-23, 6.96951099807e-23, 8.87656835249e-23, 7.39912717141e-23, 1.0794238726e-22, 1.11183015237e-22, 1.2665123968e-22, 1.96590095059e-22, 2.72550912639e-22, 2.66572836347e-22, 4.08553991066e-22, 7.45273020681e-22, 7.98882240751e-22, 1.09934928737e-21, 1.84751375464e-21, 2.33086955622e-21],
        "var": [3.67317447569e-08, 2.8548813134e-05, 0.000138756950037, 0.000224979958148, 8.17183754407e-05, 1.35889958983e-05, 1.1185213225e-05, 2.38762604567e-05, 1.02415588117e-05, 6.80654466123e-06, 6.56770589558e-06, 6.01059082328e-06, 8.37259733544e-07, 1.00598811059e-06, 5.05982775678e-08, 6.86045567022e-08, 2.38068391667e-08, 1.06513411424e-08, 2.24565743778e-09, 1.07782929248e-08, 9.27033949605e-10, 1.1813350298e-08, 1.65229554483e-08, 5.46501865983e-08, 2.55860683751e-08, 2.33497887692e-09, 9.86172948858e-13]
    },
    "erbbands": {
        "dmean": [0.00587460026145, 0.410326451063, 3.84380459785, 5.14994382858, 12.1986999512, 19.4299316406, 8.1382226944, 8.19870281219, 10.239607811, 18.7723865509, 29.0203380585, 23.3419532776, 12.7358198166, 27.5626068115, 18.1147594452, 19.3513755798, 10.5924921036, 11.952583313, 4.61712646484, 2.60550999641, 2.34596681595, 1.68282544613, 1.53796637058, 0.775892138481, 0.520707786083, 1.10370850563, 0.56598085165, 0.6087500453, 1.38956975937, 1.03180301189, 0.939287126064, 0.913327634335, 0.807235479355, 0.430623203516, 0.22416613996, 0.0648415312171, 0.0146031472832, 0.0019598484505, 4.57090063719e-05, 1.26688264572e-05],
        "dmean2": [0.00874915067106, 0.590922117233, 5.79894256592, 7.78227806091, 18.6483764648, 30.7804946899, 12.0384502411, 12.3001947403, 15.3941583633, 25.7705459595, 40.2407608032, 33.1239128113, 17.3209762573, 35.5111923218, 27.1870594025, 25.5192623138, 15.1529970169, 18.087600708, 6.73717594147, 3.72244954109, 3.40088605881, 2.35475444794, 2.30794978142, 1.17369329929, 0.770718336105, 1.61072766781, 0.824355959892, 0.896923303604, 1.99823057652, 1.43491065502, 1.35785067081, 1.3662430048, 1.15365493298, 0.659385442734, 0.358605146408, 0.100894458592, 0.0222365148365, 0.00305652292445, 6.82647660142e-05, 1.85144690477e-05],
        "dvar": [0.000122756318888, 0.568580389023, 39.614276886, 182.332138062, 813.754394531, 688.448791504, 266.567504883, 325.979003906, 663.064697266, 2071.59008789, 6031.11914062, 2437.55688477, 1028.72692871, 4518.93701172, 3020.23730469, 3672.29296875, 691.200927734, 945.820800781, 113.225578308, 63.583240509, 45.7928924561, 28.8996601105, 10.3981962204, 6.73663854599, 2.462870121, 13.5269832611, 1.15973961353, 1.24532556534, 7.82878828049, 5.47830677032, 9.18612289429, 11.8307313919, 11.1249847412, 3.05528998375, 1.2261095047, 0.110596179962, 0.00438301870599, 0.000112715220894, 4.11705016745e-08, 3.01421998472e-10],
        "dvar2": [0.000206814380363, 0.971450269222, 89.3171310425, 280.180847168, 1639.85620117, 1759.71972656, 585.616638184, 795.163757324, 1607.56140137, 3517.86474609, 9863.83691406, 5441.43457031, 1680.75244141, 7356.14501953, 5683.92919922, 5091.67626953, 1436.41589355, 2061.12866211, 235.424850464, 122.197395325, 103.319770813, 58.6483612061, 21.065328598, 15.5951652527, 5.36220979691, 28.1118545532, 2.50172996521, 2.4220020771, 15.9137163162, 10.8623847961, 16.768901825, 23.1428508759, 19.1582698822, 6.01792621613, 3.10848426819, 0.266009926796, 0.00947016477585, 0.000271032709861, 9.29721721832e-08, 6.0182880901e-10],
        "max": [0.184912994504, 12.3435678482, 67.6701965332, 250.63621521, 472.080596924, 278.165863037, 265.980407715, 355.555419922, 339.285003662, 705.844116211, 1171.84204102, 514.135986328, 422.227722168, 875.483398438, 787.854980469, 1271.6262207, 426.853302002, 407.106292725, 122.785369873, 153.808822632, 96.1782226562, 133.412780762, 57.7229499817, 53.6087188721, 25.0801811218, 74.4496841431, 19.4176692963, 13.2151756287, 36.309173584, 38.8299293518, 38.2569961548, 48.6953811646, 46.1314964294, 24.1846733093, 18.3823013306, 5.79708147049, 1.06690943241, 0.209206357598, 0.00384181109257, 0.000248552270932],
        "mean": [0.0162840224802, 1.17463886738, 14.1228141785, 17.2953109741, 22.7783298492, 40.2112808228, 21.1485424042, 25.4225502014, 19.8330402374, 38.239364624, 56.7877235413, 48.7866630554, 29.452671051, 54.9919471741, 34.4252433777, 35.5469932556, 19.1996917725, 21.5745582581, 7.07898283005, 3.87206053734, 3.46306157112, 2.79964613914, 2.5766055584, 1.38198399544, 0.843398809433, 1.75975501537, 0.985423445702, 1.0539547205, 2.20003724098, 1.59258770943, 1.36439907551, 1.26011800766, 1.08934295177, 0.563219666481, 0.253210276365, 0.0758678242564, 0.0172734763473, 0.0020743731875, 7.04922131263e-05, 5.31867735845e-05],
        "median": [0.00973714888096, 0.687961578369, 14.0732297897, 10.2410001755, 12.1131076813, 24.7976226807, 12.9610157013, 13.3970890045, 8.03033256531, 9.58506202698, 16.3307723999, 16.6088142395, 7.61012649536, 11.1876564026, 6.78375387192, 6.35315322876, 3.8283495903, 2.62667942047, 1.39328420162, 0.659674346447, 0.577312529087, 0.724746882915, 0.824170768261, 0.585258603096, 0.417855501175, 0.315977483988, 0.3427272439, 0.389852941036, 0.543119966984, 0.346160531044, 0.251313358545, 0.202029511333, 0.135571449995, 0.0864053070545, 0.0438027493656, 0.0152954626828, 0.00261195795611, 0.000239507338847, 3.34649303113e-05, 5.07119257236e-05],
        "min": [5.85725460838e-22, 2.61417608875e-21, 7.87328197707e-21, 1.24492265465e-20, 5.54020241882e-20, 1.47721261286e-19, 1.39068874531e-19, 3.57375370341e-19, 6.44639997637e-19, 7.55893980568e-19, 1.74123607573e-18, 1.66445768827e-18, 1.18173421133e-18, 7.93016709086e-19, 4.03077916026e-18, 2.93998166995e-18, 3.24779460104e-18, 3.34537316879e-18, 4.64834600174e-18, 4.41227072286e-18, 6.35439732973e-18, 6.51625258737e-18, 7.0957720158e-18, 1.09395289483e-17, 1.14441835682e-17, 1.29202269871e-17, 1.0240631641e-17, 1.33642219712e-17, 1.52577070493e-17, 1.68761338942e-17, 2.5598540041e-17, 1.74343550762e-17, 1.12255820662e-17, 1.14318900099e-17, 8.96900357663e-18, 6.07335775353e-18, 3.67370100625e-18, 1.18424046519e-18, 3.12527524534e-19, 3.57901243953e-20],
        "var": [0.000548635725863, 2.92970323563, 142.482345581, 588.027099609, 1808.22473145, 1894.67871094, 850.300842285, 1009.50714111, 1264.65856934, 7502.59228516, 15025.5732422, 6032.00634766, 3683.74047852, 13179.2431641, 8264.06152344, 13315.4804688, 1677.73547363, 2599.50170898, 250.884338379, 127.788887024, 99.7219085693, 76.6443557739, 29.0221557617, 9.27627944946, 3.2829413414, 27.5191497803, 2.89261460304, 2.71193432808, 17.5698471069, 12.6092557907, 15.9662370682, 19.3708209991, 18.4372367859, 4.37893247604, 1.07164824009, 0.103879399598, 0.00538216810673, 0.000109287073428, 4.68550851451e-08, 1.24377685928e-09]
    },
    "gfcc": {
        "mean": [-61.8505477905, 137.668212891, -76.4699707031, 15.6878700256, -69.6159744263, 15.5768957138, -36.6120109558, -3.95973539352, -30.1874370575, -10.1228284836, -19.029466629, -9.40371704102, -16.846950531],
        "cov": [[20823.2460938, -149.656387329, -1060.17297363, 266.480377197, -1417.10522461, 970.571777344, -556.898254395, 356.608764648, -160.566421509, 109.438407898, -492.000091553, 19.3110542297, -202.854370117], [-149.656387329, 1555.63818359, -331.609466553, -294.417053223, 283.745330811, -276.006408691, 328.234649658, -54.1043128967, 8.75463867188, -137.964202881, 231.672180176, -92.6546325684, 39.8173942566], [-1060.17297363, -331.609466553, 779.852783203, 175.620819092, -35.4077987671, -31.2741966248, -34.5308570862, -3.72094392776, -73.5820999146, 26.7196540833, -51.4482078552, 46.255947113, 43.7364311218], [266.480377197, -294.417053223, 175.620819092, 512.265380859, -16.7628993988, -132.455703735, -128.723587036, -106.622451782, 74.3697967529, 23.1525611877, -137.315734863, -37.7379455566, 66.8958206177], [-1417.10522461, 283.745330811, -35.4077987671, -16.7628993988, 335.076538086, -120.56161499, 58.0396308899, -31.8326263428, 61.8195343018, -6.36543798447, 53.9186820984, -20.2477989197, 8.43501758575], [970.571777344, -276.006408691, -31.2741966248, -132.455703735, -120.56161499, 400.771209717, -21.340883255, 96.2148590088, -5.1848783493, 19.34233284, 17.2561988831, 28.7196540833, -65.2524108887], [-556.898254395, 328.234649658, -34.5308570862, -128.723587036, 58.0396308899, -21.340883255, 298.007080078, 24.3083343506, -48.7245178223, -30.868396759, 90.875, 10.7362289429, 14.5427904129], [356.608764648, -54.1043128967, -3.72094392776, -106.622451782, -31.8326263428, 96.2148590088, 24.3083343506, 165.455795288, -22.6882038116, -19.9099292755, 20.9234218597, 42.899307251, -5.66674184799], [-160.566421509, 8.75463867188, -73.5820999146, 74.3697967529, 61.8195343018, -5.1848783493, -48.7245178223, -22.6882038116, 171.163925171, 1.03740441799, -9.97047996521, -27.0239639282, 1.45428657532], [109.438407898, -137.964202881, 26.7196540833, 23.1525611877, -6.36543798447, 19.34233284, -30.868396759, -19.9099292755, 1.03740441799, 126.041130066, -27.4097251892, -17.3531398773, 4.69629240036], [-492.000091553, 231.672180176, -51.4482078552, -137.315734863, 53.9186820984, 17.2561988831, 90.875, 20.9234218597, -9.97047996521, -27.4097251892, 165.372817993, 5.69445085526, -34.415512085], [19.3110542297, -92.6546325684, 46.255947113, -37.7379455566, -20.2477989197, 28.7196540833, 10.7362289429, 42.899307251, -27.0239639282, -17.3531398773, 5.69445085526, 121.747787476, -7.83086013794], [-202.854370117, 39.8173942566, 43.7364311218, 66.8958206177, 8.43501758575, -65.2524108887, 14.5427904129, -5.66674184799, 1.45428657532, 4.69629240036, -34.415512085, -7.83086013794, 110.366851807]],
        "icov": [[0.00017231554375, -0.000483550014906, 0.000237122832914, -0.000507875927724, 0.000684746482875, -0.000452137406683, 0.000338014651788, -0.00051275867736, 0.000266431394266, -0.000458442431409, 0.000598244077992, -0.00027361875982, 0.00049764936557], [-0.000483550014906, 0.00307667348534, -0.000298001337796, 0.00225215917453, -0.00243495590985, 0.00217771297321, -0.00187469751108, 0.00199752254412, -0.000895706820302, 0.00258674379438, -0.00278787128627, 0.00192762061488, -0.00225335569121], [0.000237122832914, -0.000298001337796, 0.00199791113846, -0.00127495639026, 0.000710246036761, -0.000518253305927, 0.000368638720829, -0.000755266810302, 0.00129047804512, -0.00066325213993, 0.000430351938121, -0.000762111565564, 0.000167681966559], [-0.000507875927724, 0.00225215917453, -0.00127495639026, 0.00561073934659, -0.00184793770313, 0.00245749508031, -0.000828593038023, 0.00321441050619, -0.00239209854044, 0.00224565668032, -0.000433113775216, 0.00169742002618, -0.0028517965693], [0.000684746482875, -0.00243495590985, 0.000710246036761, -0.00184793770313, 0.00696841627359, -0.000737694266718, 0.00103229342494, -0.00203593610786, -0.000752377498429, -0.00256806984544, 0.00168676115572, -0.00130785629153, 0.00231874128804], [-0.000452137406683, 0.00217771297321, -0.000518253305927, 0.00245749508031, -0.000737694266718, 0.00552498921752, -0.00126864132471, -8.56063852552e-05, -0.00169558275957, 0.000949160836171, -0.00213494873606, 0.00126189750154, -9.40475911193e-06], [0.000338014651788, -0.00187469751108, 0.000368638720829, -0.000828593038023, 0.00103229342494, -0.00126864132471, 0.00587484706193, -0.00133063958492, 0.00181987136602, -0.00102589011658, -0.000258737476543, -0.00119616894517, -0.000163517805049], [-0.00051275867736, 0.00199752254412, -0.000755266810302, 0.00321441050619, -0.00203593610786, -8.56063852552e-05, -0.00133063958492, 0.0103118997067, -0.000820467132144, 0.00299565657042, -0.00200223480351, -0.000823604059406, -0.00330179720186], [0.000266431394266, -0.000895706820302, 0.00129047804512, -0.00239209854044, -0.000752377498429, -0.00169558275957, 0.00181987136602, -0.000820467132144, 0.00843374058604, -0.000444729608716, 0.000543326546904, 0.000270917953458, 0.000620892271399], [-0.000458442431409, 0.00258674379438, -0.00066325213993, 0.00224565668032, -0.00256806984544, 0.000949160836171, -0.00102589011658, 0.00299565657042, -0.000444729608716, 0.0110486997291, -0.00121158035472, 0.00274689029902, -0.00247490382753], [0.000598244077992, -0.00278787128627, 0.000430351938121, -0.000433113775216, 0.00168676115572, -0.00213494873606, -0.000258737476543, -0.00200223480351, 0.000543326546904, -0.00121158035472, 0.0124006737024, -0.00134105863981, 0.0045535909012], [-0.00027361875982, 0.00192762061488, -0.000762111565564, 0.00169742002618, -0.00130785629153, 0.00126189750154, -0.00119616894517, -0.000823604059406, 0.000270917953458, 0.00274689029902, -0.00134105863981, 0.0108877308667, -0.000729936931748], [0.00049764936557, -0.00225335569121, 0.000167681966559, -0.0028517965693, 0.00231874128804, -9.40475911193e-06, -0.000163517805049, -0.00330179720186, 0.000620892271399, -0.00247490382753, 0.0045535909012, -0.000729936931748, 0.0135849295184]]
    },
    "melbands": {
        "dmean": [0.000165506644407, 0.00149229960516, 0.00111384154297, 0.00114916241728, 0.000381847203244, 0.000184359567356, 0.000174350876478, 0.000208208788536, 0.00025736540556, 0.000131908906042, 6.10089409747e-05, 0.000110715707706, 7.234756049e-05, 5.24206589034e-05, 4.06389081036e-05, 1.87076675502e-05, 2.39098990278e-05, 8.09933771961e-06, 4.9472723731e-06, 4.31555918112e-06, 2.52836889558e-06, 1.98378597815e-06, 1.76858839041e-06, 1.01183093193e-06, 6.7090468292e-07, 4.10232928516e-07, 5.49266928829e-07, 8.14025156615e-07, 4.2234700004e-07, 2.42976398113e-07, 4.49734670838e-07, 7.88088925674e-07, 8.07283470294e-07, 5.5429893564e-07, 5.8821018456e-07, 5.30236320628e-07, 6.17997784502e-07, 6.12311112036e-07, 4.80055803109e-07, 3.47596369465e-07],
        "dmean2": [0.000235087136389, 0.00222845259123, 0.00166790199, 0.00179249851499, 0.000581648375373, 0.000273350480711, 0.000264918315224, 0.000277270650258, 0.000358971796231, 0.000191179846297, 8.2519982243e-05, 0.000140597854625, 0.000110513865366, 7.57808811613e-05, 5.00690657645e-05, 2.87477942038e-05, 3.71031783288e-05, 1.2424849956e-05, 7.24279425413e-06, 6.0289380599e-06, 3.7194477045e-06, 2.86003705696e-06, 2.63657261712e-06, 1.57811666668e-06, 1.02645367406e-06, 6.37812377136e-07, 7.75064734171e-07, 1.23376173633e-06, 6.29404496522e-07, 3.69493022845e-07, 6.70210681619e-07, 1.16308979159e-06, 1.1837026932e-06, 7.93656454334e-07, 8.27300993933e-07, 7.74775458012e-07, 9.48445631366e-07, 9.1376432465e-07, 7.08520815351e-07, 5.3336094652e-07],
        "dvar": [1.037203603e-07, 6.04235037827e-06, 1.00109928098e-05, 2.2521826395e-06, 3.53540769993e-07, 1.57068996032e-07, 1.87630590176e-07, 2.56062151038e-07, 5.07173865572e-07, 7.55171996047e-08, 2.81617111852e-08, 7.45826582715e-08, 4.6681186916e-08, 2.22675620165e-08, 1.31209860754e-08, 3.42677930476e-09, 4.37763647554e-09, 4.55768756069e-10, 2.46731052256e-10, 2.16272083575e-10, 5.65901145388e-11, 5.43572062361e-11, 1.98617858271e-11, 3.17897856476e-12, 6.59449274701e-12, 8.47639992051e-13, 4.92162647442e-12, 6.71266818172e-12, 8.55014952068e-13, 2.05909684377e-13, 7.49172642325e-13, 2.48902482826e-12, 3.50524990977e-12, 1.82547791987e-12, 3.30759421588e-12, 3.5250166501e-12, 5.77127885412e-12, 6.12897840119e-12, 4.95817970014e-12, 1.79712191309e-12],
        "dvar2": [1.58022800179e-07, 1.30749558593e-05, 1.56403966685e-05, 5.45424745724e-06, 8.49446280426e-07, 3.93400142684e-07, 4.50235177141e-07, 3.9033315602e-07, 8.81533310348e-07, 1.67383049643e-07, 4.66240983599e-08, 1.21776466244e-07, 8.60281872406e-08, 4.53778206122e-08, 1.58082968937e-08, 7.558639048e-09, 9.58892698577e-09, 9.57284806979e-10, 5.17951348478e-10, 4.31504137977e-10, 1.30662022868e-10, 1.06502813513e-10, 3.74687329774e-11, 7.14214364733e-12, 1.53255342444e-11, 1.85682090363e-12, 9.48102707454e-12, 1.45439693275e-11, 1.98299406409e-12, 4.74845314978e-13, 1.51051567088e-12, 5.4659913748e-12, 7.29864259308e-12, 3.83909484064e-12, 6.35313329722e-12, 6.6638964312e-12, 1.24198351256e-11, 1.08870802998e-11, 8.90495056166e-12, 3.95811378465e-12],
        "max": [0.00564968539402, 0.0291172545403, 0.0602606758475, 0.0159976929426, 0.0082751410082, 0.00724857393652, 0.00609863130376, 0.00872989092022, 0.0116012617946, 0.00266921240836, 0.00221627485007, 0.00348011730239, 0.00313340406865, 0.00227436190471, 0.00241038925014, 0.000949662004132, 0.000927291286644, 0.000307279202389, 0.000206923839869, 0.000250100973062, 9.10417584237e-05, 0.000186664547073, 9.48383603827e-05, 1.90234077309e-05, 5.352777589e-05, 1.19910819194e-05, 4.60897790617e-05, 4.9825230235e-05, 1.66119607456e-05, 6.88640920998e-06, 1.03795673567e-05, 1.97355748242e-05, 2.3378566766e-05, 2.13917228393e-05, 2.4460199711e-05, 2.68610983767e-05, 3.3201831684e-05, 2.97225815302e-05, 3.55235133611e-05, 1.71517458512e-05],
        "mean": [0.000426590704592, 0.00539626227692, 0.00322739570402, 0.0024228526745, 0.0009433462983, 0.000543051573914, 0.000326612527715, 0.000409959786339, 0.000481713563204, 0.000278409192106, 0.000128057188704, 0.000213954466744, 0.000127206934849, 8.64128451212e-05, 7.20264288248e-05, 3.21797997458e-05, 4.18844138039e-05, 1.16445171443e-05, 5.95448045715e-06, 5.88438888371e-06, 3.52875485987e-06, 2.98222244055e-06, 2.77405865745e-06, 1.74781337137e-06, 1.06738752947e-06, 6.82680251884e-07, 7.02516786077e-07, 1.28060537463e-06, 6.71698671795e-07, 3.86159143773e-07, 7.10832125606e-07, 1.22378878586e-06, 1.15817454116e-06, 8.25442839414e-07, 8.24070355065e-07, 6.98402175203e-07, 8.06158652722e-07, 8.19207969016e-07, 6.25687789579e-07, 4.25181326591e-07],
        "median": [0.000182771982509, 0.00519726146013, 0.00197491329163, 0.00155063765123, 0.000649835681543, 0.000287749106064, 0.000115900475066, 9.53801572905e-05, 0.000131582171889, 7.67603632994e-05, 1.73903936229e-05, 3.67012216884e-05, 2.13578878174e-05, 1.23667514345e-05, 1.21228531498e-05, 5.12442693434e-06, 3.75941044695e-06, 1.75654690793e-06, 8.61933301621e-07, 7.85208158049e-07, 5.38229755875e-07, 6.3310119458e-07, 6.47366391604e-07, 4.93835727866e-07, 3.869360512e-07, 3.02957118947e-07, 1.48256560806e-07, 2.03826175493e-07, 2.18478334091e-07, 1.44504724631e-07, 2.17288416593e-07, 2.88490070943e-07, 2.55521911185e-07, 1.4428076156e-07, 1.36173866849e-07, 1.12079376891e-07, 1.14356680569e-07, 8.92678997388e-08, 7.59189902055e-08, 6.38232364736e-08],
        "min": [5.91142188443e-24, 4.04960010201e-24, 3.65414610238e-24, 7.01328425861e-24, 5.72590191548e-24, 7.99856364062e-24, 9.77280411319e-24, 9.64453296342e-24, 1.42460911522e-23, 1.11924137435e-23, 5.48995795746e-24, 2.82663219609e-24, 1.14760991691e-23, 1.03976624139e-23, 4.43317030654e-24, 7.26395033327e-24, 6.40224285662e-24, 8.03444340118e-24, 5.94245803902e-24, 6.97450148993e-24, 7.23307037314e-24, 6.73740618942e-24, 5.28276521842e-24, 6.3368013225e-24, 8.68696705387e-24, 7.97838221209e-24, 6.8686150572e-24, 9.25053480659e-24, 6.99857200273e-24, 4.52627443159e-24, 9.23264975214e-24, 9.0025106271e-24, 7.79388973446e-24, 1.0156730094e-23, 1.4150427568e-23, 9.19367371254e-24, 1.02825944291e-23, 6.84465892923e-24, 1.05337630082e-23, 8.30868221741e-24],
