{
"metadata": {
    "version": {
        "essentia": "2.0.1",
        "extractor": "archive-music 1.0"
    },
    "audio_properties": {
        "analysis_sample_rate": 44100,
        "bitrate": 128,
        "channels": 2,
        "equal_loudness": 0,
        "length": 15.8824491501,
        "replay_gain": -13.1565704346,
        "downmix": "mix"
    },
    "tags": {
        "track": 0,
        "year": 0,
        "album": "Getting Back From Where I've Been",
        "artist": "Kelly Allyn",
        "comment": "",
        "genre": "Other",
        "title": "My Boyfriends Out of Town"
    }
},
"highlevel": {
    "culture": {
        "all": {
            "non_western": 0.0083125885576,
            "western": 0.99168741703
        },
        "probability": 0.99168741703,
        "value": "western"
    },
    "danceability": {
        "all": {
            "danceable": 0.893658697605,
            "not_danceable": 0.106341302395
        },
        "probability": 0.893658697605,
        "value": "danceable"
    },
    "gender": {
        "all": {
            "female": 0.564281761646,
            "male": 0.435718268156
        },
        "probability": 0.564281761646,
        "value": "female"
    },
    "genre_dortmund": {
        "all": {
            "alternative": 0.0410541109741,
            "blues": 0.103004813194,
            "electronic": 0.0110176401213,
            "folkcountry": 0.431659698486,
            "funksoulrnb": 0.041563488543,
            "jazz": 0.0734380036592,
            "pop": 0.177650764585,
            "raphiphop": 0.00698358844966,
            "rock": 0.113627903163
        },
        "probability": 0.431659698486,
        "value": "folkcountry"
    },
    "genre_electronic": {
        "all": {
            "ambient": 0.843801379204,
            "dnb": 0.0483102798462,
            "house": 0.0634996369481,
            "techno": 0.00573502480984,
            "trance": 0.0386536978185
        },
        "probability": 0.843801379204,
        "value": "ambient"
    },
    "genre_rosamerica": {
        "all": {
            "cla": 0.0478536970913,
            "dan": 0.0103516448289,
            "hip": 0.00926263537258,
            "jaz": 0.0397088527679,
            "pop": 0.544174790382,
            "rhy": 0.0592669844627,
            "roc": 0.285008907318,
            "spe": 0.00437249010429
        },
        "probability": 0.544174790382,
        "value": "pop"
    },
    "genre_tzanetakis": {
        "all": {
            "blu": 0.0140728410333,
            "cla": 0.0277289506048,
            "cou": 0.101706378162,
            "dis": 0.0860741734505,
            "hip": 0.0171196013689,
            "jaz": 0.0828545764089,
            "met": 0.0122359329835,
            "pop": 0.209630429745,
            "reg": 0.241777896881,
            "roc": 0.206799209118
        },
        "probability": 0.241777896881,
        "value": "reg"
    },
    "mirex_ballroom": {
        "all": {
            "ChaChaCha": 0.058753516525,
            "Jive": 0.228645309806,
            "Quickstep": 0.466504633427,
            "Rumba-American": 0.00617563119158,
            "Rumba-International": 0.0156727191061,
            "Rumba-Misc": 0.00388071895577,
            "Samba": 0.0435097850859,
            "Tango": 0.12518312037,
            "VienneseWaltz": 0.0406822524965,
            "Waltz": 0.0109923174605
        },
        "probability": 0.466504633427,
        "value": "Quickstep"
    },
    "mood_acoustic": {
        "all": {
            "acoustic": 0.0921908393502,
            "not_acoustic": 0.907809138298
        },
        "probability": 0.907809138298,
        "value": "not_acoustic"
    },
    "mood_aggressive": {
        "all": {
            "aggressive": 0.00693161552772,
            "not_aggressive": 0.993068397045
        },
        "probability": 0.993068397045,
        "value": "not_aggressive"
    },
    "mood_electronic": {
        "all": {
            "electronic": 0.112951539457,
            "not_electronic": 0.887048482895
        },
        "probability": 0.887048482895,
        "value": "not_electronic"
    },
    "mood_happy": {
        "all": {
            "happy": 0.85512137413,
            "not_happy": 0.144878596067
        },
        "probability": 0.85512137413,
        "value": "happy"
    },
    "mood_party": {
        "all": {
            "not_party": 0.233195111156,
            "party": 0.766804873943
        },
        "probability": 0.766804873943,
        "value": "party"
    },
    "mood_relaxed": {
        "all": {
            "not_relaxed": 0.933223366737,
            "relaxed": 0.0667766332626
        },
        "probability": 0.933223366737,
        "value": "not_relaxed"
    },
    "mood_sad": {
        "all": {
            "not_sad": 0.462805986404,
            "sad": 0.537194013596
        },
        "probability": 0.537194013596,
        "value": "sad"
    },
    "moods_mirex": {
        "all": {
            "Cluster1": 0.13727286458,
            "Cluster2": 0.499012261629,
            "Cluster3": 0.0358010865748,
            "Cluster4": 0.320417314768,
            "Cluster5": 0.00749647663906
        },
        "probability": 0.499012261629,
        "value": "Cluster2"
    },
    "timbre": {
        "all": {
            "bright": 0.999999344349,
            "dark": 6.78409492139e-07
        },
        "probability": 0.999999344349,
        "value": "bright"
    },
    "tonal_atonal": {
        "all": {
            "atonal": 0.0100045865402,
            "tonal": 0.989995419979
        },
        "probability": 0.989995419979,
        "value": "tonal"
    },
    "voice_instrumental": {
        "all": {
            "instrumental": 0.0105973947793,
            "voice": 0.989402592182
        },
        "probability": 0.989402592182,
        "value": "voice"
    }
},
"lowlevel": {
    "average_loudness": 0.972285985947,
    "barkbands_kurtosis": {
        "dmean": 1.2720271349,
        "dmean2": 2.07998609543,
        "dvar": 6.07784938812,
        "dvar2": 14.9955558777,
        "max": 25.2994384766,
        "mean": 1.09588575363,
        "median": -0.0184335708618,
        "min": -1.69721603394,
        "var": 9.09325122833
    },
    "barkbands_skewness": {
        "dmean": 0.415094554424,
        "dmean2": 0.623179197311,
        "dvar": 0.279930770397,
        "dvar2": 0.575033605099,
        "max": 4.71620464325,
        "mean": 0.837823808193,
        "median": 0.715177476406,
        "min": -1.90283715725,
        "var": 0.956684112549
    },
    "barkbands_spread": {
        "dmean": 5.41292047501,
        "dmean2": 7.85818099976,
        "dvar": 34.4219932556,
        "dvar2": 68.7404708862,
        "max": 75.455947876,
        "mean": 27.2676887512,
        "median": 25.4212379456,
        "min": 6.55584573746,
        "var": 124.059501648
    },
    "dissonance": {
        "dmean": 0.0157475322485,
        "dmean2": 0.0262696202844,
        "dvar": 0.000230912744883,
        "dvar2": 0.000605398032349,
        "max": 0.499588906765,
        "mean": 0.469073802233,
        "median": 0.473449975252,
        "min": 0.383472651243,
        "var": 0.00044059404172
    },
    "dynamic_complexity": 3.81165480614,
    "erbbands_kurtosis": {
        "dmean": 0.640249848366,
        "dmean2": 1.00059843063,
        "dvar": 0.798688054085,
        "dvar2": 1.83982610703,
        "max": 7.90991306305,
        "mean": 0.0421894043684,
        "median": -0.425719499588,
        "min": -1.5666077137,
        "var": 1.79254484177
    },
    "erbbands_skewness": {
        "dmean": 0.277623802423,
        "dmean2": 0.407550156116,
        "dvar": 0.0833974555135,
        "dvar2": 0.172287583351,
        "max": 1.59327876568,
        "mean": 0.0271116234362,
        "median": 0.0364473126829,
        "min": -2.31554794312,
        "var": 0.316112041473
    },
    "erbbands_spread": {
        "dmean": 7.02773427963,
        "dmean2": 9.97390270233,
        "dvar": 60.8776092529,
        "dvar2": 116.151855469,
        "max": 82.5780029297,
        "mean": 36.3534011841,
        "median": 34.3950653076,
        "min": 8.62983512878,
        "var": 265.316101074
    },
    "hfc": {
        "dmean": 6.13149404526,
        "dmean2": 7.96803569794,
        "dvar": 68.6674423218,
        "dvar2": 100.585960388,
        "max": 100.26512146,
        "mean": 21.2627182007,
        "median": 13.5568408966,
        "min": 1.19095677885e-16,
        "var": 411.91885376
    },
    "melbands_kurtosis": {
        "dmean": 3.88570642471,
        "dmean2": 6.31528902054,
        "dvar": 63.4638633728,
        "dvar2": 151.792251587,
        "max": 66.009979248,
        "mean": 6.59377861023,
        "median": 2.52461004257,
        "min": -1.67820608616,
        "var": 102.360527039
    },
    "melbands_skewness": {
        "dmean": 0.587002038956,
        "dmean2": 0.888312160969,
        "dvar": 0.639480650425,
        "dvar2": 1.34956228733,
        "max": 7.29290246964,
        "mean": 1.86084628105,
        "median": 1.58052146435,
        "min": -0.758059978485,
        "var": 2.03785157204
    },
    "melbands_spread": {
        "dmean": 7.99933624268,
        "dmean2": 12.1337804794,
        "dvar": 105.938903809,
        "dvar2": 207.061813354,
        "max": 135.88861084,
        "mean": 34.4515342712,
        "median": 32.6726379395,
        "min": 3.99267029762,
        "var": 346.311004639
    },
    "pitch_salience": {
        "dmean": 0.0608972199261,
        "dmean2": 0.0959681347013,
        "dvar": 0.00316676450893,
        "dvar2": 0.00791255570948,
        "max": 0.879893600941,
        "mean": 0.569395840168,
        "median": 0.56446403265,
        "min": 0.311282992363,
        "var": 0.00811890047044
    },
    "silence_rate_20dB": {
        "dmean": 0,
        "dmean2": 0,
        "dvar": 0,
        "dvar2": 0,
        "max": 1,
        "mean": 1,
        "median": 1,
        "min": 1,
        "var": 0
    },
    "silence_rate_30dB": {
        "dmean": 0,
        "dmean2": 0,
        "dvar": 0,
        "dvar2": 0,
        "max": 1,
        "mean": 1,
        "median": 1,
        "min": 1,
        "var": 0
    },
    "silence_rate_60dB": {
        "dmean": 0.0380116961896,
        "dmean2": 0.0761346966028,
        "dvar": 0.0365670584142,
        "dvar2": 0.0791235268116,
        "max": 1,
        "mean": 0.127007305622,
        "median": 0,
        "min": 0,
        "var": 0.110876776278
    },
    "spectral_centroid": {
        "dmean": 263.992919922,
        "dmean2": 363.452667236,
        "dvar": 200039.34375,
        "dvar2": 201938.953125,
        "max": 11173.8486328,
        "mean": 1877.03723145,
        "median": 1794.68225098,
        "min": 447.353424072,
        "var": 559789.625
    },
    "spectral_complexity": {
        "dmean": 3.02631568909,
        "dmean2": 4.46852111816,
        "dvar": 9.98176002502,
        "dvar2": 20.6179656982,
        "max": 46,
        "mean": 17.7270069122,
        "median": 18,
        "min": 0,
        "var": 59.3459243774
    },
    "spectral_crest": {
        "dmean": 2.22176027298,
        "dmean2": 3.74023866653,
        "dvar": 5.6765537262,
        "dvar2": 15.2022752762,
        "max": 20.5443668365,
        "mean": 7.92269563675,
        "median": 7.44667482376,
        "min": 2.21287465096,
        "var": 8.97765922546
    },
    "spectral_decrease": {
        "dmean": 1.15567000414e-09,
        "dmean2": 1.69978719988e-09,
        "dvar": 2.33878080369e-18,
        "dvar2": 4.96993273079e-18,
        "max": 4.55542105583e-29,
        "mean": -4.18849444017e-09,
        "median": -3.89407661672e-09,
        "min": -1.54449182332e-08,
        "var": 9.02528163678e-18
    },
    "spectral_energy": {
        "dmean": 0.00481352675706,
        "dmean2": 0.00698759453371,
        "dvar": 3.82883372367e-05,
        "dvar2": 7.8133547504e-05,
        "max": 0.0605854541063,
        "mean": 0.0177369304001,
        "median": 0.0162000730634,
        "min": 1.06303840108e-20,
        "var": 0.000164570417837
    },
    "spectral_energyband_high": {
        "dmean": 0.00043992724386,
        "dmean2": 0.000593838340137,
        "dvar": 4.7799596814e-07,
        "dvar2": 9.22990125218e-07,
        "max": 0.0101392986253,
        "mean": 0.00104603439104,
        "median": 0.000467553822091,
        "min": 7.60851067184e-21,
        "var": 1.88705860182e-06
    },
    "spectral_energyband_low": {
        "dmean": 0.00237602787092,
        "dmean2": 0.00382744264789,
        "dvar": 2.50300508924e-05,
        "dvar2": 6.25141256023e-05,
        "max": 0.0450836531818,
        "mean": 0.00481993565336,
        "median": 0.00264422222972,
        "min": 2.50138389824e-23,
        "var": 3.59777695849e-05
    },
    "spectral_energyband_middle_high": {
        "dmean": 0.00249035656452,
        "dmean2": 0.00334861129522,
        "dvar": 1.44619980347e-05,
        "dvar2": 2.68679395958e-05,
        "max": 0.0431006103754,
        "mean": 0.00741543713957,
        "median": 0.00306741357781,
        "min": 1.43862793712e-21,
        "var": 7.04496196704e-05
    },
    "spectral_energyband_middle_low": {
        "dmean": 0.00156702334061,
        "dmean2": 0.00245974399149,
        "dvar": 5.10669133291e-06,
        "dvar2": 1.16642695502e-05,
        "max": 0.023237388581,
        "mean": 0.00533272884786,
        "median": 0.00457725860178,
        "min": 2.98860976307e-22,
        "var": 1.53532073455e-05
    },
    "spectral_flatness_db": {
        "dmean": 0.0167973972857,
        "dmean2": 0.0251924898475,
        "dvar": 0.000302671774989,
        "dvar2": 0.000644593907055,
        "max": 0.206517085433,
        "mean": 0.102387689054,
        "median": 0.102555163205,
        "min": 0.022132800892,
        "var": 0.00113322737161
    },
    "spectral_flux": {
        "dmean": 0.0218721069396,
        "dmean2": 0.0339715704322,
        "dvar": 0.000581160304137,
        "dvar2": 0.00133561284747,
        "max": 0.188417226076,
        "mean": 0.0696765854955,
        "median": 0.0656251683831,
        "min": 1.05609326839e-10,
        "var": 0.00201354827732
    },
    "spectral_kurtosis": {
        "dmean": 1.20073390007,
        "dmean2": 2.02538704872,
        "dvar": 1.71118927002,
        "dvar2": 4.60725069046,
        "max": 13.2033176422,
        "mean": 3.85809016228,
        "median": 3.60108232498,
        "min": -1.25409114361,
        "var": 3.50042438507
    },
    "spectral_rms": {
        "dmean": 0.000551809440367,
        "dmean2": 0.000780764210504,
        "dvar": 4.46288169087e-07,
        "dvar2": 8.32160992559e-07,
        "max": 0.00768815726042,
        "mean": 0.00380354002118,
        "median": 0.00397554412484,
        "min": 3.22042024124e-12,
        "var": 2.83741997009e-06
    },
    "spectral_rolloff": {
        "dmean": 570.723632812,
        "dmean2": 945.663452148,
        "dvar": 1258508.75,
        "dvar2": 2322067,
        "max": 20521.1425781,
        "mean": 2150.77197266,
        "median": 1959.52148438,
        "min": 107.666015625,
        "var": 3473049.25
    },
    "spectral_skewness": {
        "dmean": 0.178078830242,
        "dmean2": 0.290340363979,
        "dvar": 0.034571185708,
        "dvar2": 0.0787127539515,
        "max": 2.6509437561,
        "mean": 1.33437943459,
        "median": 1.32784569263,
        "min": -0.0227093026042,
        "var": 0.104379594326
    },
    "spectral_spread": {
        "dmean": 575688.4375,
        "dmean2": 744636.75,
        "dvar": 3.47716609638e+12,
        "dvar2": 3.34654367334e+12,
        "max": 41878968,
        "mean": 4426501,
        "median": 4140450.75,
        "min": 2430292,
        "var": 5.37226641408e+12
    },
    "spectral_strongpeak": {
        "dmean": 0.859915018082,
        "dmean2": 1.43411016464,
        "dvar": 2.42257070541,
        "dvar2": 5.8101477623,
        "max": 12.9662876129,
        "mean": 1.53879070282,
        "median": 0.446933597326,
        "min": 0,
        "var": 4.80538654327
    },
    "zerocrossingrate": {
        "dmean": 0.0103959646076,
        "dmean2": 0.0123993409798,
        "dvar": 0.00049460993614,
        "dvar2": 0.00083250773605,
        "max": 0.5009765625,
        "mean": 0.0789903625846,
        "median": 0.0732421875,
        "min": 0.01708984375,
        "var": 0.00189657730516
    },
    "barkbands": {
        "dmean": [0.000215434556594, 0.00167041807435, 0.000610825838521, 0.000388444430428, 0.000461253075628, 0.000343680148944, 0.000357151322532, 0.000457782007288, 0.000288072391413, 0.000564792368095, 0.000812442915048, 0.000578275299631, 0.000250357028563, 0.000413561938331, 0.000385482009733, 0.000531174533535, 0.00053607171867, 0.000148527600686, 0.000261920940829, 0.000211605438381, 0.00023706445063, 7.56331282901e-05, 4.4505832193e-05, 2.95565896522e-05, 2.94684559776e-05, 2.00035992748e-05, 2.65702055913e-06],
        "dmean2": [0.000322146952385, 0.00284648407251, 0.0010002333438, 0.000614071963355, 0.000751046289224, 0.000574049481656, 0.000549631251488, 0.000726872531231, 0.000466045574285, 0.000864018627908, 0.00118326442316, 0.000857738952618, 0.000376362091629, 0.000645924825221, 0.000559573876671, 0.000825809198432, 0.00075273955008, 0.000218744753511, 0.000375017552869, 0.00029447406996, 0.000325699860696, 0.000124777638121, 6.68650463922e-05, 4.08355990658e-05, 4.12314693676e-05, 2.79630712612e-05, 4.27349186793e-06],
        "dvar": [2.27496030902e-07, 1.6037522073e-05, 1.48584990711e-06, 5.63015760235e-07, 8.07294384231e-07, 2.77682318028e-07, 5.41667191101e-07, 1.30293017264e-06, 6.68002428483e-07, 1.54966335231e-06, 4.2876936277e-06, 2.72212628261e-06, 7.77639854732e-07, 9.04746343622e-07, 8.41254120587e-07, 2.29918578043e-06, 2.51481151281e-06, 1.92496202089e-07, 2.81466697061e-07, 1.63537606568e-07, 2.29951126585e-07, 3.16621360241e-08, 1.07377742253e-08, 2.60078758529e-09, 1.90013360601e-09, 1.30160937584e-09, 5.0912621341e-11],
        "dvar2": [4.76088388268e-07, 4.27991471952e-05, 3.84962368116e-06, 1.30511841689e-06, 2.06097638511e-06, 7.56278268454e-07, 1.08656774955e-06, 2.83988606498e-06, 1.52566178713e-06, 3.62572768609e-06, 9.55297127803e-06, 4.56968200524e-06, 1.72054262748e-06, 2.10634152609e-06, 1.63078209425e-06, 5.10587597091e-06, 4.5771216719e-06, 3.30317533326e-07, 6.40667906282e-07, 2.75599006727e-07, 3.85437743944e-07, 8.04764752615e-08, 2.50048426409e-08, 5.22271825787e-09, 3.41265171677e-09, 2.48922438217e-09, 1.29365282375e-10],
        "max": [0.00400925660506, 0.0351333580911, 0.0137318894267, 0.00663646683097, 0.0100265508518, 0.00596354575828, 0.0105430940166, 0.0159677490592, 0.0136225158349, 0.0165181085467, 0.0275381412357, 0.0388859845698, 0.0177158974111, 0.0100467968732, 0.0104471519589, 0.0174386613071, 0.0195530746132, 0.00941438879818, 0.00817711278796, 0.00819496531039, 0.00892494618893, 0.00183790619485, 0.000940954661928, 0.000531018478796, 0.000432667991845, 0.000381954596378, 8.27760595712e-05],
        "mean": [0.000228516815696, 0.00278561934829, 0.00122081546579, 0.000868940900546, 0.00106638809666, 0.000861846609041, 0.000743848737329, 0.000647609704174, 0.00054173002718, 0.00117076130118, 0.00125339045189, 0.00104016601108, 0.000400037009967, 0.000673986622132, 0.000745290308259, 0.000628201814834, 0.000824470247608, 0.000270401797025, 0.000486613280373, 0.000429211882874, 0.000491387501825, 0.000132878354634, 8.34929160192e-05, 5.28620475961e-05, 5.64111178392e-05, 2.94216843031e-05, 2.63850188276e-06],
        "median": [1.94294661924e-05, 0.00111607077997, 0.000655009760521, 0.00029521912802, 0.000725905061699, 0.000616951030679, 0.000322496984154, 0.000214713421883, 0.000160545445397, 0.000370898633264, 0.000241793648456, 0.0002999624121, 5.81766435062e-05, 0.000153116488946, 0.000143683995702, 9.52854315983e-05, 0.000209340330912, 0.000120397278806, 0.000214474435779, 0.000160011230037, 0.00011243460176, 4.44758006779e-05, 2.79819487332e-05, 2.19508183363e-05, 2.82118562609e-05, 8.28890915727e-06, 3.16035283277e-07],
        "min": [1.26858986199e-23, 1.93129321247e-24, 6.37079136676e-24, 1.55243645185e-23, 3.3587056238e-23, 2.0040530092e-23, 4.22768229592e-23, 2.56858175227e-23, 4.54452733187e-23, 3.62409200072e-23, 7.14696872969e-23, 9.07157287499e-23, 3.9105081472e-23, 1.03310139226e-22, 9.10171745899e-23, 1.01209042915e-22, 9.12084260278e-23, 1.86298009844e-22, 2.76745330249e-22, 2.3802760788e-22, 4.86729298979e-22, 5.6308381495e-22, 5.31671853331e-22, 7.89091378823e-22, 1.27854465868e-21, 1.57124684013e-21, 2.28452724708e-21],
        "var": [2.88643349222e-07, 1.67576636159e-05, 2.23634810936e-06, 1.63296317623e-06, 1.35230266096e-06, 6.48430955152e-07, 1.66878658092e-06, 1.72861928149e-06, 1.92845300262e-06, 4.39843961431e-06, 8.99175120139e-06, 5.97282451054e-06, 1.60771458013e-06, 2.05567766898e-06, 2.58746217696e-06, 3.18798470289e-06, 5.01414388054e-06, 4.5720346975e-07, 5.45518332729e-07, 6.00233477144e-07, 8.64657636157e-07, 4.96517920112e-08, 2.00974330511e-08, 5.90264592759e-09, 5.40143352268e-09, 2.50726284179e-09, 4.8832941163e-11]
    },
    "erbbands": {
        "dmean": [0.0474987961352, 0.379786521196, 0.698660254478, 1.1393635273, 1.36021137238, 1.52536916733, 1.85677027702, 3.16924095154, 4.45732927322, 8.7335062027, 8.12650585175, 5.63675451279, 15.9629259109, 16.5180912018, 34.2387199402, 25.0046882629, 10.6203193665, 21.0041828156, 13.6274271011, 31.0719776154, 20.4748878479, 30.0095539093, 7.51411581039, 8.16760158539, 15.8319253922, 10.0841817856, 11.1445808411, 7.03040122986, 2.6561191082, 2.07923531532, 1.1666059494, 0.609410405159, 0.535033583641, 0.367089509964, 0.20889210701, 0.0972897410393, 0.0353223867714, 0.00905413739383, 0.000242070731474, 1.05397148218e-05],
        "dmean2": [0.079971767962, 0.645185709, 1.15347075462, 1.81491315365, 2.21850204468, 2.53021383286, 2.85603094101, 5.45374965668, 7.27904224396, 13.6917867661, 12.99751091, 8.8921251297, 25.0209388733, 22.949224472, 51.2411422729, 36.8057670593, 15.8069353104, 30.8198032379, 19.7476005554, 45.8727989197, 29.2043914795, 42.8070220947, 10.5404186249, 11.5752792358, 22.9513912201, 13.9309988022, 14.9761219025, 10.1189060211, 4.23715686798, 3.40648627281, 1.74259126186, 0.877689182758, 0.737620055676, 0.533172547817, 0.297936081886, 0.137254521251, 0.0507908724248, 0.0139367198572, 0.000376791984309, 1.42156577567e-05],
        "dvar": [0.0155159886926, 0.757917523384, 1.77783930302, 5.8609380722, 7.32533931732, 8.99674701691, 6.74432277679, 29.3888969421, 43.8625831604, 547.490722656, 369.33190918, 179.662887573, 1184.67822266, 1430.75415039, 8351.69921875, 5205.68945312, 1787.40893555, 2568.40063477, 980.788574219, 7344.24853516, 3133.93383789, 9431.41894531, 281.000946045, 301.192169189, 1216.62402344, 397.643310547, 547.900817871, 205.696456909, 35.3978996277, 27.714838028, 6.67185878754, 1.46334969997, 0.815261125565, 0.330565690994, 0.0954119712114, 0.0261647570878, 0.00528468983248, 0.000463040109025, 3.54544226866e-07, 2.29203614421e-10],
        "dvar2": [0.0405614636838, 2.05564403534, 4.58495473862, 13.8410835266, 17.8261299133, 24.429069519, 16.3677825928, 82.4302978516, 109.503807068, 1171.9486084, 883.044677734, 427.19631958, 2769.10424805, 2518.13696289, 19420.2988281, 9727.42871094, 4362.91015625, 5315.09130859, 1998.00964355, 17088.6347656, 5702.67675781, 19199.6582031, 467.700439453, 542.783508301, 2888.70361328, 651.698364258, 877.990600586, 355.175598145, 86.6026763916, 69.8071670532, 15.4715156555, 3.15500545502, 1.66441464424, 0.629151403904, 0.184967413545, 0.0554561130702, 0.0110971061513, 0.00106782605872, 8.1827147369e-07, 4.49692033611e-10],
        "max": [1.07115066051, 7.49961137772, 11.2439050674, 28.674407959, 30.0715446472, 24.9748477936, 48.7155036926, 54.4737815857, 60.4656181335, 333.898864746, 209.833892822, 287.534545898, 382.648620605, 625.363464355, 1017.99359131, 1677.47998047, 936.842224121, 740.207397461, 542.684204102, 988.959411621, 1128.20153809, 1141.99584961, 365.519256592, 291.100280762, 499.236724854, 366.992370605, 503.442749023, 242.505508423, 65.6485443115, 51.9390525818, 25.6858100891, 13.5611085892, 10.5993146896, 5.64352655411, 2.94095253944, 1.61407351494, 0.771961867809, 0.251808732748, 0.00692459521815, 0.00018833084323],
        "mean": [0.0656044408679, 0.669836044312, 1.4568926096, 2.66996979713, 2.8937561512, 2.92840385437, 6.73722839355, 5.65456151962, 9.08026790619, 15.0608901978, 12.6637172699, 11.8473701477, 36.5246734619, 31.0376758575, 54.8294143677, 47.7940826416, 19.9497032166, 37.7196731567, 25.8890628815, 54.5423469543, 33.2318305969, 44.7382774353, 15.4201374054, 16.3549461365, 28.4658241272, 22.8932571411, 23.8907718658, 12.7332544327, 4.86265230179, 3.63806176186, 2.27535605431, 1.1254748106, 0.926417469978, 0.655772030354, 0.38253313303, 0.159148529172, 0.0460591502488, 0.0101217823103, 0.000280632753856, 2.99737184832e-05],
        "median": [0.0129176974297, 0.287083566189, 0.770869970322, 1.09883010387, 1.84470665455, 2.12070393562, 4.37485647202, 4.36729812622, 5.88260984421, 3.64716482162, 5.31272172928, 4.54140901566, 10.225941658, 11.0526208878, 10.874209404, 16.0845184326, 4.48660373688, 8.15955066681, 6.6483297348, 8.13940906525, 9.3611497879, 9.26192569733, 7.13935756683, 8.82465839386, 12.1029510498, 8.06894302368, 6.57755470276, 3.33599257469, 1.71029937267, 1.01075780392, 0.858757019043, 0.491527110338, 0.367191374302, 0.280046194792, 0.189143851399, 0.058955013752, 0.0109965754673, 0.00176234263927, 6.06078538112e-05, 2.51036690315e-05],
        "min": [5.98776097975e-23, 8.40544092992e-22, 1.12359925025e-20, 3.94582374347e-20, 9.0982694174e-20, 1.3870004245e-19, 1.06781423821e-19, 2.43664919485e-19, 5.11733062908e-19, 6.62604861277e-19, 6.41529333245e-19, 8.90957478552e-19, 1.20183862932e-18, 2.57175849796e-18, 3.12715589217e-18, 3.75279436206e-18, 2.04136036303e-18, 5.78372294359e-18, 4.68833852999e-18, 6.77729589944e-18, 5.8323913557e-18, 5.71409087962e-18, 7.69561858061e-18, 1.20953765423e-17, 1.23620066323e-17, 9.59298809889e-18, 1.96090095979e-17, 1.81084940406e-17, 1.68179235402e-17, 2.2512830447e-17, 1.72216141489e-17, 1.03294675301e-17, 1.70131795237e-17, 1.36548245824e-17, 8.45089072815e-18, 5.68483846444e-18, 3.11352561003e-18, 1.07884628142e-18, 2.87728572222e-19, 3.38136054022e-20],
        "var": [0.0143526019529, 0.855774462223, 3.16299176216, 14.0630331039, 13.9884910583, 11.1439638138, 56.4641838074, 32.1010131836, 96.9905929565, 1220.00427246, 488.264038086, 579.337524414, 4493.75390625, 3915.33911133, 14650.3447266, 10674.328125, 3000.69042969, 7189.03564453, 2587.02026367, 17231.1210938, 7248.06591797, 16675.4296875, 843.78503418, 618.470153809, 2128.33862305, 1816.30456543, 2291.6809082, 568.081115723, 61.465763092, 44.1278762817, 13.2927894592, 2.90215539932, 1.81450426579, 0.839749991894, 0.253900438547, 0.05547811836, 0.00802634097636, 0.000549690797925, 4.19989902412e-07, 6.42525643801e-10]
    },
    "gfcc": {
        "mean": [-16.8874855042, 77.9070510864, -130.981002808, 32.1362495422, -56.2966995239, 11.1339588165, -31.9216156006, 11.4921703339, -32.9604187012, 5.25876140594, -17.7687358856, 3.57748675346, -7.0716676712],
        "cov": [[16948.1621094, -282.431152344, -718.830749512, 448.3800354, -470.597595215, 461.247070312, -346.437591553, 249.317276001, -320.495483398, 422.840057373, -327.044555664, 22.7047691345, -69.2600708008], [-282.431152344, 877.027587891, -89.0060195923, 69.0775299072, 116.018882751, -16.1275215149, 137.303466797, -22.4679508209, 39.5427055359, -76.1465301514, 106.651153564, -85.2487411499, 15.2101840973], [-718.830749512, -89.0060195923, 913.561889648, 216.664245605, 179.549209595, 127.715713501, 36.6632843018, 71.8512802124, 82.3497161865, -53.2613143921, 22.2064838409, 115.516975403, -122.437690735], [448.3800354, 69.0775299072, 216.664245605, 361.512573242, 54.4403686523, 39.792350769, 11.2954654694, 52.3280105591, 68.9054412842, -42.1641349792, 3.84193706512, 22.7770233154, -19.8946056366], [-470.597595215, 116.018882751, 179.549209595, 54.4403686523, 296.153106689, 78.6808319092, 104.28313446, 51.2399253845, 36.9157371521, 13.228509903, 10.0802021027, 1.70682239532, 10.3830471039], [461.247070312, -16.1275215149, 127.715713501, 39.792350769, 78.6808319092, 229.357086182, 71.9492874146, 11.1951217651, 6.12596464157, 27.1664123535, -2.78296160698, -20.9913539886, -19.6677837372], [-346.437591553, 137.303466797, 36.6632843018, 11.2954654694, 104.28313446, 71.9492874146, 174.052139282, 16.2087688446, 11.6404647827, 9.17442798615, 23.789894104, -37.8905296326, 2.05595946312], [249.317276001, -22.4679508209, 71.8512802124, 52.3280105591, 51.2399253845, 11.1951217651, 16.2087688446, 156.224411011, 35.1123962402, 17.7789344788, 2.68625354767, 2.8940987587, 2.85124921799], [-320.495483398, 39.5427055359, 82.3497161865, 68.9054412842, 36.9157371521, 6.12596464157, 11.6404647827, 35.1123962402, 99.9046936035, -4.87518787384, 11.602599144, -3.77605962753, -18.2534542084], [422.840057373, -76.1465301514, -53.2613143921, -42.1641349792, 13.228509903, 27.1664123535, 9.17442798615, 17.7789344788, -4.87518787384, 131.434799194, 16.5759449005, -36.3654441833, 27.2666492462], [-327.044555664, 106.651153564, 22.2064838409, 3.84193706512, 10.0802021027, -2.78296160698, 23.789894104, 2.68625354767, 11.602599144, 16.5759449005, 77.3341827393, -11.0728902817, 7.91779947281], [22.7047691345, -85.2487411499, 115.516975403, 22.7770233154, 1.70682239532, -20.9913539886, -37.8905296326, 2.8940987587, -3.77605962753, -36.3654441833, -11.0728902817, 103.017364502, -13.6069040298], [-69.2600708008, 15.2101840973, -122.437690735, -19.8946056366, 10.3830471039, -19.6677837372, 2.05595946312, 2.85124921799, -18.2534542084, 27.2666492462, 7.91779947281, -13.6069040298, 85.9956283569]],
        "icov": [[0.000177903246367, -0.000319875427522, 0.000256604631431, -0.000454254943179, 0.00032720156014, -0.000540383334737, 0.000387916748878, -0.000468950922368, 0.000759136222769, -0.00107496825512, 0.000941527425312, -0.00061936856946, 0.000620578124654], [-0.000319875427522, 0.00277895806357, 2.89114395855e-05, 0.000386872416129, -0.0015713411849, 0.00137230369728, -0.0014653110411, 0.00125755870249, -0.00149910035543, 0.00405699713156, -0.00471583241597, 0.00274049467407, -0.000858297862578], [0.000256604631431, 2.89114395855e-05, 0.00281183631159, -0.00148951739538, -0.000829946598969, -0.00151065480895, 0.000611637893599, -0.000929198518861, 0.000749529106542, -0.00114429346286, -0.000445996411145, -0.00282884365879, 0.0037466341164], [-0.000454254943179, 0.000386872416129, -0.00148951739538, 0.00501847872511, -0.000496036198456, 0.000807585252915, -0.000643146689981, 0.000466130964924, -0.0038661302533, 0.00360523024574, -0.00170123251155, 0.00149282463826, -0.00272038928233], [0.00032720156014, -0.0015713411849, -0.000829946598969, -0.000496036198456, 0.00655573559925, -0.00172627426218, -0.00183509394992, -0.00171520211734, 0.000212343249586, -0.00322733493522, 0.00400332733989, -0.00231958646327, -0.00150781241246], [-0.000540383334737, 0.00137230369728, -0.00151065480895, 0.000807585252915, -0.00172627426218, 0.00776837114245, -0.00321646523662, 0.00189508113544, -0.001410568133, 0.00206097797491, -0.00199798401445, 0.00349295977503, -0.000858996761963], [0.000387916748878, -0.0014653110411, 0.000611637893599, -0.000643146689981, -0.00183509394992, -0.00321646523662, 0.0102379182354, -0.00147226348054, 0.00216623581946, -0.00177128904033, 0.000576163234655, 0.00108393142, 0.00172351498622], [-0.000468950922368, 0.00125755870249, -0.000929198518861, 0.000466130964924, -0.00171520211734, 0.00189508113544, -0.00147226348054, 0.00893789622933, -0.00402554962784, 0.00177199707832, -0.00234019407071, 0.00161680637393, -0.00238089519553], [0.000759136222769, -0.00149910035543, 0.000749529106542, -0.0038661302533, 0.000212343249586, -0.001410568133, 0.00216623581946, -0.00402554962784, 0.0167091954499, -0.0046280794777, 0.00246120616794, -0.000812572368886, 0.00544167589396], [-0.00107496825512, 0.00405699713156, -0.00114429346286, 0.00360523024574, -0.00322733493522, 0.00206097797491, -0.00177128904033, 0.00177199707832, -0.0046280794777, 0.0186184048653, -0.0104904631153, 0.00831677950919, -0.00613774545491], [0.000941527425312, -0.00471583241597, -0.000445996411145, -0.00170123251155, 0.00400332733989, -0.00199798401445, 0.000576163234655, -0.00234019407071, 0.00246120616794, -0.0104904631153, 0.0241293292493, -0.0043665333651, 0.000623417494353], [-0.00061936856946, 0.00274049467407, -0.00282884365879, 0.00149282463826, -0.00231958646327, 0.00349295977503, 0.00108393142, 0.00161680637393, -0.000812572368886, 0.00831677950919, -0.0043665333651, 0.0180689673871, -0.00321482727304], [0.000620578124654, -0.000858297862578, 0.0037466341164, -0.00272038928233, -0.00150781241246, -0.000858996761963, 0.00172351498622, -0.00238089519553, 0.00544167589396, -0.00613774545491, 0.000623417494353, -0.00321482727304, 0.0195435006171]]
    },
    "melbands": {
        "dmean": [0.000445529003628, 0.000418479990913, 0.000185252021765, 0.000107503110485, 6.18584672338e-05, 7.39017195883e-05, 6.92024987075e-05, 9.72185080172e-05, 6.12100193393e-05, 3.90575260099e-05, 8.16117099021e-05, 6.63675018586e-05, 0.000123627251014, 8.12671860331e-05, 3.76469324692e-05, 2.62192497757e-05, 4.25994003308e-05, 2.39141791099e-05, 2.84500747512e-05, 4.42376767751e-05, 2.32598740695e-05, 3.8910558942e-05, 1.12561729111e-05, 8.51498498378e-06, 6.61242165734e-06, 1.42700810102e-05, 8.3411741798e-06, 6.56095380691e-06, 8.36104118207e-06, 6.2526974034e-06, 3.55001407115e-06, 1.51189681219e-06, 1.55646091571e-06, 1.10070106984e-06, 7.75118849106e-07, 5.05425816755e-07, 3.46805450135e-07, 4.0009985014e-07, 4.06386561735e-07, 2.97747618561e-07],
        "dmean2": [0.000744591699913, 0.000691258872394, 0.000290924450383, 0.000178387301276, 9.55969080678e-05, 0.00012608859106, 0.000110975430289, 0.000153470507939, 9.91673441604e-05, 6.06900830462e-05, 0.00012883405725, 9.2516085715e-05, 0.000180863789865, 0.000121421842778, 5.62915847695e-05, 3.68301589333e-05, 6.45606851322e-05, 3.61759593943e-05, 4.10892389482e-05, 6.61833037157e-05, 3.31191331497e-05, 5.43649184692e-05, 1.83908032341e-05, 1.23942809296e-05, 9.74824979494e-06, 2.0347917598e-05, 1.23800627989e-05, 9.48510660237e-06, 1.15062339319e-05, 8.82537460711e-06, 5.43533360542e-06, 2.47289517574e-06, 2.57989267993e-06, 1.79161872893e-06, 1.18252921766e-06, 7.59956265028e-07, 5.06795345245e-07, 5.68647351429e-07, 6.0891989051e-07, 4.43488175961e-07],
        "dvar": [1.20919287383e-06, 6.91961759003e-07, 1.29475651534e-07, 4.86658002785e-08, 7.31546201393e-09, 1.46050878058e-08, 1.14470877222e-08, 7.05126055323e-08, 2.41979947191e-08, 9.14851039369e-09, 3.22328865821e-08, 2.59382471057e-08, 1.00480292531e-07, 5.70797382693e-08, 9.33358190736e-09, 6.67108501773e-09, 1.06006456946e-08, 3.47884054896e-09, 4.45451053821e-09, 1.65745674963e-08, 5.34273159047e-09, 1.61372497587e-08, 9.72810498823e-10, 8.08753397585e-10, 1.99680480484e-10, 1.04703845594e-09, 3.61822127815e-10, 1.63423746757e-10, 4.52612863855e-10, 1.83810688892e-10, 6.22825332974e-11, 1.19317836861e-11, 1.56614027302e-11, 7.64608341919e-12, 3.0549805307e-12, 1.15490570666e-12, 4.13947982879e-13, 4.80786471833e-13, 5.01714717948e-13, 2.0934487054e-13],
        "dvar2": [3.15263127959e-06, 1.83271060905e-06, 3.07753481366e-07, 1.26256608723e-07, 1.85044655154e-08, 4.05682492044e-08, 2.64148773965e-08, 1.52075969595e-07, 6.15820709982e-08, 1.98234175741e-08, 7.66505863226e-08, 4.52689725705e-08, 2.28343836284e-07, 1.00225584276e-07, 2.18621867276e-08, 1.39163498503e-08, 2.36744739368e-08, 7.48405160067e-09, 9.36054078693e-09, 3.88656751227e-08, 9.41857436487e-09, 3.15758228453e-08, 2.33670549576e-09, 1.40679368155e-09, 3.76914277567e-10, 2.34540142863e-09, 7.5624462248e-10, 3.00285130095e-10, 7.68074770452e-10, 3.73223618677e-10, 1.10398322428e-10, 2.80451842305e-11, 4.23935574145e-11, 1.90692860808e-11, 7.48669355677e-12, 2.67213746789e-12, 8.72700403696e-13, 1.02493924806e-12, 1.10950951118e-12, 4.08881777178e-13],
        "max": [0.00927000585943, 0.00739698996767, 0.0041202311404, 0.0023489119485, 0.00132178957574, 0.00125345331617, 0.00112950860057, 0.00403551850468, 0.0021994698327, 0.00221019564196, 0.00203194096684, 0.00256402720697, 0.00441264081746, 0.00557460868731, 0.00141219573561, 0.00136203155853, 0.00134897732642, 0.00102766673081, 0.000762028153986, 0.00130712671671, 0.00133255356923, 0.00157510337885, 0.000399781216402, 0.000650898844469, 0.000213173305383, 0.000551825156435, 0.000373725051759, 0.000192495906958, 0.00050688686315, 0.00019592299941, 0.000134623725899, 4.5315551688e-05, 4.59621587652e-05, 2.75987349596e-05, 1.99383230211e-05, 1.35531472552e-05, 7.10875565346e-06, 7.8484235928e-06, 9.79251308308e-06, 5.1263405112e-06],
        "mean": [0.000713866145816, 0.000841812929139, 0.00044896118925, 0.000203150746529, 0.000208614277653, 0.000142714881804, 0.00014342382201, 0.00016010197578, 9.24310443224e-05, 8.17961990833e-05, 0.000182321033208, 0.000116030110803, 0.000188812613487, 0.00013923397637, 6.38882484054e-05, 4.55767039966e-05, 7.30019964976e-05, 3.83488986699e-05, 5.47855015611e-05, 6.49180146866e-05, 3.51218041033e-05, 5.58490137337e-05, 1.51301519509e-05, 1.50447767737e-05, 1.12002971946e-05, 2.39378787228e-05, 1.57492140715e-05, 1.37766091939e-05, 1.69391314557e-05, 1.07320711322e-05, 5.73274792259e-06, 2.54436963587e-06, 2.51995879808e-06, 1.80179745257e-06, 1.43095485328e-06, 8.6216471118e-07, 6.09566939147e-07, 6.3052243604e-07, 6.65020706947e-07, 5.05684056407e-07],
        "median": [0.000274897844065, 0.000466436642455, 0.000249683129368, 0.000127806051751, 0.000148523133248, 0.000108687614556, 8.73477765708e-05, 3.85744388041e-05, 3.96771392843e-05, 2.58847503574e-05, 5.05763273395e-05, 3.53886498488e-05, 3.60070589522e-05, 3.52202769136e-05, 2.05201504286e-05, 8.05362378742e-06, 1.46967777255e-05, 8.76474405231e-06, 1.01689247458e-05, 8.44947226142e-06, 1.19091146189e-05, 1.05406315924e-05, 6.95690732755e-06, 5.64402307646e-06, 6.09016069575e-06, 8.5310475697e-06, 6.6413094828e-06, 4.94376536153e-06, 4.56887937617e-06, 2.24521249947e-06, 1.54648591888e-06, 8.64126945999e-07, 7.09529103915e-07, 4.71585565265e-07, 5.11753626142e-07, 3.62306224133e-07, 2.51756688385e-07, 2.46407410032e-07, 2.2473882666e-07, 2.29194242252e-07],
        "min": [8.8898608954e-25, 4.32631160275e-24, 7.47316492281e-24, 7.61046458564e-24, 4.88179865878e-24, 4.57114602317e-24, 8.66245872327e-24, 7.4053946713e-24, 5.03793237573e-24, 5.15233929509e-24, 5.81677119758e-24, 9.65637928763e-24, 1.03184670899e-23, 8.25130915263e-24, 4.48737570035e-24, 5.32343060366e-24, 1.15981635613e-23, 7.51036050335e-24, 7.98396498071e-24, 8.23861874725e-24, 7.4388620952e-24, 5.06197764498e-24, 6.12090665882e-24, 7.54913065026e-24, 9.75089586813e-24, 7.35195171155e-24, 1.14032754746e-23, 4.94856745137e-24, 1.28447578513e-23, 6.87484074747e-24, 9.14538674767e-24, 9.24115603928e-24, 1.22418614382e-23, 8.9985757889e-24, 1.00799715613e-23, 7.94278880804e-24, 5.10586394929e-24, 1.19995801661e-23, 1.01829423641e-23, 1.1556207994e-23],
        "var": [1.25264432427e-06, 1.00695865513e-06, 2.93165783205e-07, 6.85447218984e-08, 4.44232313157e-08, 1.9061584311e-08, 2.95840454356e-08, 1.3412666533e-07, 2.7309919659e-08, 3.65533452396e-08, 1.13042190719e-07, 6.86970906827e-08, 1.99203284978e-07, 1.13315202555e-07, 1.67621365676e-08, 1.61254174458e-08, 2.73805600415e-08, 7.02726321578e-09, 1.43577212341e-08, 2.70494879828e-08, 1.19415259903e-08, 2.90602404363e-08, 1.24921761824e-09, 2.03729921822e-09, 3.11774522865e-10, 1.89808901929e-09, 7.71827768364e-10, 6.38272379394e-10, 1.7236295724e-09, 4.30235791438e-10, 1.44799644497e-10, 1.96175437006e-11, 2.21763631764e-11, 1.17436971606e-11, 5.56436971152e-12, 1.92612115493e-12, 8.40507405429e-13, 9.22116116103e-13, 1.03908093067e-12, 5.12410914481e-13]
    },
    "mfcc": {
