{
"metadata": {
    "version": {
        "essentia": "2.0.1",
        "extractor": "archive-music 1.0"
    },
    "audio_properties": {
        "analysis_sample_rate": 44100,
        "bitrate": 128,
        "channels": 2,
        "equal_loudness": 0,
        "length": 15.7518367767,
        "replay_gain": -8.93353652954,
        "downmix": "mix"
    },
    "tags": {
        "track": 2,
        "year": 0,
        "album": "A Million Ways To Waste A Summer",
        "artist": "Michael Ellis",
        "comment": "",
        "genre": "Other",
        "title": "Seven Hours"
    }
},
"highlevel": {
    "culture": {
        "all": {
            "non_western": 2.91993046631e-07,
            "western": 0.999999701977
        },
        "probability": 0.999999701977,
        "value": "western"
    },
    "danceability": {
        "all": {
            "danceable": 0.411485612392,
            "not_danceable": 0.588514387608
        },
        "probability": 0.588514387608,
        "value": "not_danceable"
    },
    "gender": {
        "all": {
            "female": 0.237279757857,
            "male": 0.762720227242
        },
        "probability": 0.762720227242,
        "value": "male"
    },
    "genre_dortmund": {
        "all": {
            "alternative": 0.135754838586,
            "blues": 0.063253864646,
            "electronic": 0.0206225775182,
            "folkcountry": 0.108096092939,
            "funksoulrnb": 0.0427996888757,
            "jazz": 0.0649697482586,
            "pop": 0.119477912784,
            "raphiphop": 0.0103822406381,
            "rock": 0.434643030167
        },
        "probability": 0.434643030167,
        "value": "rock"
    },
    "genre_electronic": {
        "all": {
            "ambient": 0.546694099903,
            "dnb": 0.254931420088,
            "house": 0.0880733653903,
            "techno": 0.00908525846899,
            "trance": 0.101215854287
        },
        "probability": 0.546694099903,
        "value": "ambient"
    },
    "genre_rosamerica": {
        "all": {
            "cla": 0.00496786553413,
            "dan": 0.094437122345,
            "hip": 0.0173053685576,
            "jaz": 0.0467527024448,
            "pop": 0.48236656189,
            "rhy": 0.0244468357414,
            "roc": 0.323853433132,
            "spe": 0.00587008800358
        },
        "probability": 0.48236656189,
        "value": "pop"
    },
    "genre_tzanetakis": {
        "all": {
            "blu": 0.00235916255042,
            "cla": 0.0022177095525,
            "cou": 0.0218758024275,
            "dis": 0.0614144541323,
            "hip": 0.0199578795582,
            "jaz": 0.110109947622,
            "met": 0.00367894000374,
            "pop": 0.424168646336,
            "reg": 0.0740179568529,
            "roc": 0.280199497938
        },
        "probability": 0.424168646336,
        "value": "pop"
    },
    "mirex_ballroom": {
        "all": {
            "ChaChaCha": 0.291068255901,
            "Jive": 0.233806848526,
            "Quickstep": 0.15255831182,
            "Rumba-American": 0.0328010618687,
            "Rumba-International": 0.0265283957124,
            "Rumba-Misc": 0.0109449708834,
            "Samba": 0.173565194011,
            "Tango": 0.02636545524,
            "VienneseWaltz": 0.0419528335333,
            "Waltz": 0.0104086827487
        },
        "probability": 0.291068255901,
        "value": "ChaChaCha"
    },
    "mood_acoustic": {
        "all": {
            "acoustic": 0.407678633928,
            "not_acoustic": 0.592321336269
        },
        "probability": 0.592321336269,
        "value": "not_acoustic"
    },
    "mood_aggressive": {
        "all": {
            "aggressive": 0.228333935142,
            "not_aggressive": 0.771666049957
        },
        "probability": 0.771666049957,
        "value": "not_aggressive"
    },
    "mood_electronic": {
        "all": {
            "electronic": 0.369108170271,
            "not_electronic": 0.630891799927
        },
        "probability": 0.630891799927,
        "value": "not_electronic"
    },
    "mood_happy": {
        "all": {
            "happy": 0.660335600376,
            "not_happy": 0.339664429426
        },
        "probability": 0.660335600376,
        "value": "happy"
    },
    "mood_party": {
        "all": {
            "not_party": 0.702565491199,
            "party": 0.297434478998
        },
        "probability": 0.702565491199,
        "value": "not_party"
    },
    "mood_relaxed": {
        "all": {
            "not_relaxed": 0.5,
            "relaxed": 0.5
        },
        "probability": 0.5,
        "value": "not_relaxed"
    },
    "mood_sad": {
        "all": {
            "not_sad": 0.652056336403,
            "sad": 0.347943633795
        },
        "probability": 0.652056336403,
        "value": "not_sad"
    },
    "moods_mirex": {
        "all": {
            "Cluster1": 0.378466725349,
            "Cluster2": 0.168440371752,
            "Cluster3": 0.182906225324,
            "Cluster4": 0.128151729703,
            "Cluster5": 0.142034932971
        },
        "probability": 0.378466725349,
        "value": "Cluster1"
    },
    "timbre": {
        "all": {
            "bright": 0.971666097641,
            "dark": 0.0283338874578
        },
        "probability": 0.971666097641,
        "value": "bright"
    },
    "tonal_atonal": {
        "all": {
            "atonal": 0.0629097670317,
            "tonal": 0.937090218067
        },
        "probability": 0.937090218067,
        "value": "tonal"
    },
    "voice_instrumental": {
        "all": {
            "instrumental": 0.00729918340221,
            "voice": 0.992700815201
        },
        "probability": 0.992700815201,
        "value": "voice"
    }
},
"lowlevel": {
    "average_loudness": 0.984358370304,
    "barkbands_kurtosis": {
        "dmean": 2.48837661743,
        "dmean2": 4.05768156052,
        "dvar": 16.4831905365,
        "dvar2": 45.2225761414,
        "max": 54.0996170044,
        "mean": 4.62273168564,
        "median": 2.96289229393,
        "min": -1.45413601398,
        "var": 27.8713607788
    },
    "barkbands_skewness": {
        "dmean": 0.457095980644,
        "dmean2": 0.72152030468,
        "dvar": 0.271738618612,
        "dvar2": 0.659590065479,
        "max": 6.86245059967,
        "mean": 1.79531919956,
        "median": 1.74163579941,
        "min": -2.03953647614,
        "var": 1.06149995327
    },
    "barkbands_spread": {
        "dmean": 4.83003807068,
        "dmean2": 7.33535718918,
        "dvar": 36.2845993042,
        "dvar2": 81.5359649658,
        "max": 83.191116333,
        "mean": 20.156578064,
        "median": 18.282283783,
        "min": 4.3413772583,
        "var": 105.01360321
    },
    "dissonance": {
        "dmean": 0.0180251412094,
        "dmean2": 0.030249197036,
        "dvar": 0.000279481871985,
        "dvar2": 0.00071725336602,
        "max": 0.499892055988,
        "mean": 0.463339149952,
        "median": 0.468593388796,
        "min": 0.318949699402,
        "var": 0.000689772423357
    },
    "dynamic_complexity": 2.46551966667,
    "erbbands_kurtosis": {
        "dmean": 0.672502160072,
        "dmean2": 1.02744281292,
        "dvar": 0.957603931427,
        "dvar2": 1.99398851395,
        "max": 16.7629871368,
        "mean": 0.289258241653,
        "median": -0.327448964119,
        "min": -1.59914529324,
        "var": 3.46047544479
    },
    "erbbands_skewness": {
        "dmean": 0.28481066227,
        "dmean2": 0.436964154243,
        "dvar": 0.0736399069428,
        "dvar2": 0.162032857537,
        "max": 2.20743179321,
        "mean": 0.37123504281,
        "median": 0.333849400282,
        "min": -2.05848193169,
        "var": 0.24258685112
    },
    "erbbands_spread": {
        "dmean": 6.90450906754,
        "dmean2": 10.1087255478,
        "dvar": 54.3730964661,
        "dvar2": 98.2863082886,
        "max": 142.91835022,
        "mean": 43.2909011841,
        "median": 42.0156860352,
        "min": 5.51685667038,
        "var": 349.837860107
    },
    "hfc": {
        "dmean": 5.11277008057,
        "dmean2": 6.82741928101,
        "dvar": 42.4388656616,
        "dvar2": 68.3423233032,
        "max": 72.0651016235,
        "mean": 22.4120426178,
        "median": 19.6540546417,
        "min": 1.17643439897e-16,
        "var": 226.879486084
    },
    "melbands_kurtosis": {
        "dmean": 6.65531492233,
        "dmean2": 10.9511804581,
        "dvar": 162.641723633,
        "dvar2": 412.661590576,
        "max": 184.870162964,
        "mean": 15.8329076767,
        "median": 11.3946743011,
        "min": -1.32981717587,
        "var": 284.618103027
    },
    "melbands_skewness": {
        "dmean": 0.655416309834,
        "dmean2": 1.04072368145,
        "dvar": 0.602921068668,
        "dvar2": 1.39572656155,
        "max": 11.0971860886,
        "mean": 3.00224351883,
        "median": 2.87450265884,
        "min": -0.0491706617177,
        "var": 2.4610645771
    },
    "melbands_spread": {
        "dmean": 5.18555784225,
        "dmean2": 7.96290636063,
        "dvar": 83.7746200562,
        "dvar2": 137.256988525,
        "max": 178.26914978,
        "mean": 18.8889808655,
        "median": 16.7180786133,
        "min": 2.22290182114,
        "var": 249.162643433
    },
    "pitch_salience": {
        "dmean": 0.0689829364419,
        "dmean2": 0.113975837827,
        "dvar": 0.00485027767718,
        "dvar2": 0.0138349235058,
        "max": 0.857391297817,
        "mean": 0.554991066456,
        "median": 0.562325894833,
        "min": 0.197459638119,
        "var": 0.011338670738
    },
    "silence_rate_20dB": {
        "dmean": 0,
        "dmean2": 0,
        "dvar": 0,
        "dvar2": 0,
        "max": 1,
        "mean": 1,
        "median": 1,
        "min": 1,
        "var": 0
    },
    "silence_rate_30dB": {
        "dmean": 0.0206185560673,
        "dmean2": 0.0412979349494,
        "dvar": 0.0201935302466,
        "dvar2": 0.0454919785261,
        "max": 1,
        "mean": 0.982352912426,
        "median": 1,
        "min": 0,
        "var": 0.0173357408494
    },
    "silence_rate_60dB": {
        "dmean": 0.00294550810941,
        "dmean2": 0.00589970499277,
        "dvar": 0.00293685798533,
        "dvar2": 0.0058649010025,
        "max": 1,
        "mean": 0.0514705888927,
        "median": 0,
        "min": 0,
        "var": 0.0488214418292
    },
    "spectral_centroid": {
        "dmean": 221.201263428,
        "dmean2": 330.26083374,
        "dvar": 230883.859375,
        "dvar2": 282023.5,
        "max": 11058.3525391,
        "mean": 1090.41650391,
        "median": 1009.79541016,
        "min": 316.670593262,
        "var": 479008.28125
    },
    "spectral_complexity": {
        "dmean": 3.54344630241,
        "dmean2": 5.11799430847,
        "dvar": 16.457195282,
        "dvar2": 29.5790290833,
        "max": 50,
        "mean": 20.8191184998,
        "median": 19,
        "min": 0,
        "var": 89.865814209
    },
    "spectral_crest": {
        "dmean": 2.36486172676,
        "dmean2": 3.86597037315,
        "dvar": 5.50498580933,
        "dvar2": 14.4825487137,
        "max": 22.6681804657,
        "mean": 9.4569311142,
        "median": 9.0595035553,
        "min": 3.48893690109,
        "var": 11.2178649902
    },
    "spectral_decrease": {
        "dmean": 2.71319144929e-09,
        "dmean2": 4.39252634266e-09,
        "dvar": 2.5875314674e-17,
        "dvar2": 6.90879247054e-17,
        "max": 9.72853238196e-29,
        "mean": -9.67721991429e-09,
        "median": -9.09807962302e-09,
        "min": -5.4621192902e-08,
        "var": 3.33417413592e-17
    },
    "spectral_energy": {
        "dmean": 0.0105473827571,
        "dmean2": 0.0169360060245,
        "dvar": 0.000374738126993,
        "dvar2": 0.000994409550913,
        "max": 0.209014192224,
        "mean": 0.0385569036007,
        "median": 0.0360462963581,
        "min": 1.06746220177e-20,
        "var": 0.000513070903253
    },
    "spectral_energyband_high": {
        "dmean": 0.000349707377609,
        "dmean2": 0.000481051101815,
        "dvar": 3.11719219326e-07,
        "dvar2": 5.53569122985e-07,
        "max": 0.00604457501322,
        "mean": 0.000944474770222,
        "median": 0.000508837052621,
        "min": 7.38735375687e-21,
        "var": 1.12673239983e-06
    },
    "spectral_energyband_low": {
        "dmean": 0.00792117323726,
        "dmean2": 0.0134841473773,
        "dvar": 0.000370453752112,
        "dvar2": 0.00103906425647,
        "max": 0.196333855391,
        "mean": 0.0174603704363,
        "median": 0.016334515065,
        "min": 3.19171576085e-23,
        "var": 0.000314759090543
    },
    "spectral_energyband_middle_high": {
        "dmean": 0.00173568318132,
        "dmean2": 0.00245494162664,
        "dvar": 7.33143087928e-06,
        "dvar2": 1.2165721273e-05,
        "max": 0.0467715151608,
        "mean": 0.00596606638283,
        "median": 0.00403014058247,
        "min": 1.25623905492e-21,
        "var": 4.16953189415e-05
    },
    "spectral_energyband_middle_low": {
        "dmean": 0.00503643509001,
        "dmean2": 0.00768710672855,
        "dvar": 5.29127610207e-05,
        "dvar2": 0.000130375978188,
        "max": 0.0769124254584,
        "mean": 0.0162372272462,
        "median": 0.0138837508857,
        "min": 2.78249416627e-22,
        "var": 0.000132552377181
    },
    "spectral_flatness_db": {
        "dmean": 0.020529538393,
        "dmean2": 0.0308319367468,
        "dvar": 0.000438042421592,
        "dvar2": 0.00104183296207,
        "max": 0.270061373711,
        "mean": 0.130303099751,
        "median": 0.129458218813,
        "min": 0.0159639846534,
        "var": 0.00163527869154
    },
    "spectral_flux": {
        "dmean": 0.024136768654,
        "dmean2": 0.0370025187731,
        "dvar": 0.000956526841037,
        "dvar2": 0.00191178463865,
        "max": 0.398645013571,
        "mean": 0.0874505937099,
        "median": 0.0783909335732,
        "min": 6.96602844852e-11,
        "var": 0.00286219641566
    },
    "spectral_kurtosis": {
        "dmean": 1.18087148666,
        "dmean2": 1.94221949577,
        "dvar": 1.7130689621,
        "dvar2": 4.31759929657,
        "max": 14.6559009552,
        "mean": 3.69633173943,
        "median": 3.19475293159,
        "min": -1.34225213528,
        "var": 5.68647003174
    },
    "spectral_rms": {
        "dmean": 0.000755241664592,
        "dmean2": 0.00118065741844,
        "dvar": 1.09799123038e-06,
        "dvar2": 2.73139062301e-06,
        "max": 0.0142799261957,
        "mean": 0.00583210820332,
        "median": 0.00593018718064,
        "min": 3.22711410546e-12,
        "var": 3.60299736712e-06
    },
    "spectral_rolloff": {
        "dmean": 359.118804932,
        "dmean2": 594.798706055,
        "dvar": 1117846.375,
        "dvar2": 2057043.5,
        "max": 19186.0839844,
        "mean": 1091.00610352,
        "median": 764.428710938,
        "min": 107.666015625,
        "var": 3413038.75
    },
    "spectral_skewness": {
        "dmean": 0.185675889254,
        "dmean2": 0.287658751011,
        "dvar": 0.0405222028494,
        "dvar2": 0.0807223543525,
        "max": 2.81103086472,
        "mean": 1.55744731426,
        "median": 1.50991296768,
        "min": -0.0270166508853,
        "var": 0.192772269249
    },
    "spectral_spread": {
        "dmean": 540082.6875,
        "dmean2": 760191.8125,
        "dvar": 3.93383614874e+12,
        "dvar2": 6.52352841318e+12,
        "max": 52096964,
        "mean": 5179327.5,
        "median": 4818889,
        "min": 2304180,
        "var": 8.49030624051e+12
    },
    "spectral_strongpeak": {
        "dmean": 0.514219939709,
        "dmean2": 0.863037765026,
        "dvar": 0.89206880331,
        "dvar2": 2.09836697578,
        "max": 8.42661190033,
        "mean": 0.871808111668,
        "median": 0.413532733917,
        "min": 0,
        "var": 1.58767974377
    },
    "zerocrossingrate": {
        "dmean": 0.00982315465808,
        "dmean2": 0.0125087862834,
        "dvar": 0.000599775055889,
        "dvar2": 0.0010296824621,
        "max": 0.5234375,
        "mean": 0.0545604042709,
        "median": 0.04736328125,
        "min": 0.01171875,
        "var": 0.0021658395417
    },
    "barkbands": {
        "dmean": [0.000189215235878, 0.0056575704366, 0.00300721568055, 0.00156504381448, 0.00251547968946, 0.00102363247424, 0.000709833577275, 0.00166134838946, 0.000770886370447, 0.000745152588934, 0.000447607744718, 0.000428362778621, 0.000359546742402, 0.000467446661787, 0.000330487877363, 0.000156871465151, 0.00014599772112, 0.000127753592096, 9.58138116403e-05, 9.20197198866e-05, 8.79794970388e-05, 9.90261687548e-05, 0.000107433297671, 6.63255923428e-05, 3.10541145154e-05, 1.71397023223e-05, 1.45583226185e-06],
        "dmean2": [0.000338521844242, 0.00975990761071, 0.00531503884122, 0.00264904135838, 0.0041105072014, 0.00162910867948, 0.00114206178114, 0.00254494836554, 0.00117900001351, 0.00105714797974, 0.000648467044812, 0.000656731601339, 0.000543744128663, 0.00074142270023, 0.000529510667548, 0.00024387895246, 0.000243095404585, 0.00020673617837, 0.000153789602336, 0.000148419276229, 0.000130171669298, 0.000140483723953, 0.00015807634918, 9.95132068056e-05, 4.73995714856e-05, 2.60136548604e-05, 2.51329811363e-06],
        "dvar": [4.82351538267e-07, 0.000221218651859, 4.20977921749e-05, 5.76164757149e-06, 1.51532576638e-05, 2.61875948127e-06, 1.84145312687e-06, 1.81303603313e-05, 8.12641610537e-06, 3.69572126147e-06, 1.73391754288e-06, 2.03320928449e-06, 5.40996097698e-07, 6.54057032534e-07, 6.92090623033e-07, 7.86801237496e-08, 1.10999877734e-07, 3.37754961777e-08, 2.86794517024e-08, 2.45776625718e-08, 2.38986359591e-08, 3.17648165549e-08, 2.94522752853e-08, 1.36088766922e-08, 3.74822661797e-09, 1.34171085353e-09, 1.53990067225e-11],
        "dvar2": [1.38325617627e-06, 0.00062663841527, 0.000127462975797, 1.68170481629e-05, 3.86814172089e-05, 7.60588682169e-06, 4.17695855504e-06, 3.75472918677e-05, 1.87415407709e-05, 5.30850002178e-06, 2.84382599602e-06, 3.77612627744e-06, 1.14110730465e-06, 1.63116806107e-06, 1.5721999489e-06, 1.73395790171e-07, 2.5958598826e-07, 8.43133491912e-08, 7.29227025431e-08, 5.72596512427e-08, 5.10693922706e-08, 6.68799842174e-08, 6.25210745397e-08, 3.34119114598e-08, 7.32796090475e-09, 2.90665158609e-09, 4.00475520801e-11],
        "max": [0.0116133186966, 0.142643511295, 0.0756283700466, 0.0313338674605, 0.0374071411788, 0.0224114265293, 0.0188547428697, 0.0565052479506, 0.0515998229384, 0.0374118201435, 0.0271680466831, 0.0340237691998, 0.0106247691438, 0.0113625871018, 0.0115890568122, 0.00387066090479, 0.00717768678442, 0.0021190282423, 0.00182807177771, 0.00151614355855, 0.00163038645405, 0.00170230807271, 0.00223985221237, 0.00143315631431, 0.000957727897912, 0.000532380247023, 3.87374166166e-05],
        "mean": [0.000209312886, 0.01031635236, 0.00532760471106, 0.00303129269741, 0.00490738963708, 0.00215691467747, 0.00140683632344, 0.00281748664565, 0.00121284544002, 0.00137982959859, 0.00088199111633, 0.00075762195047, 0.000634010357317, 0.000922418781556, 0.000551392149646, 0.00027671008138, 0.000288902228931, 0.000256868137512, 0.00018808193272, 0.000175478853635, 0.000176634537638, 0.000201318034669, 0.00023205850448, 0.000147073995322, 7.18579103705e-05, 2.73123550869e-05, 1.33371349875e-06],
        "median": [7.03103723936e-05, 0.00844537094235, 0.00378254568204, 0.00221438379958, 0.00364490458742, 0.00133156508673, 0.000909455586225, 0.00106939929537, 0.000402273552027, 0.000502977985889, 0.000286496360786, 0.000306831323542, 0.000288343871944, 0.000477329303976, 0.000290360301733, 0.000129548774567, 0.000130505737616, 0.000149036364746, 0.000110522465548, 8.47984774737e-05, 7.8548437159e-05, 9.41012403928e-05, 0.000123856196296, 6.41843071207e-05, 3.5617602407e-05, 9.78279786068e-06, 1.17894671803e-07],
        "min": [1.79552630637e-23, 6.63772414771e-24, 3.20694933546e-24, 4.04066980213e-24, 3.49120869678e-23, 4.57401937013e-23, 2.77424425892e-23, 3.44059979873e-23, 6.40614503597e-23, 6.64807920927e-23, 7.55263066832e-23, 6.75824205697e-23, 2.37120228512e-23, 1.21940856552e-22, 1.38408801265e-22, 7.7975606198e-23, 2.67889590348e-22, 7.0862927043e-23, 2.22139368647e-22, 2.24746875794e-22, 3.68168629365e-22, 4.08346766772e-22, 4.30183042474e-22, 6.99363284994e-22, 1.16138823721e-21, 1.46065697257e-21, 2.29451197947e-21],
        "var": [3.00802724951e-07, 0.000168562270119, 3.53453760908e-05, 8.48977560963e-06, 2.18009481614e-05, 6.28148654869e-06, 4.17191176894e-06, 3.3154617995e-05, 1.35639165819e-05, 1.21221191876e-05, 6.57024111206e-06, 5.60010403206e-06, 1.13516455258e-06, 1.94745598492e-06, 9.95354071165e-07, 2.11674645811e-07, 3.44708467992e-07, 9.78801111273e-08, 4.87211124778e-08, 5.10868538584e-08, 5.63098403461e-08, 7.16375438969e-08, 8.93097720223e-08, 4.60563391869e-08, 1.15087663843e-08, 2.62522070749e-09, 1.47747109686e-11]
    },
    "erbbands": {
        "dmean": [0.102630369365, 1.48526418209, 3.51285099983, 4.18844652176, 7.88862085342, 8.0499048233, 5.62794399261, 10.6322717667, 8.27899742126, 26.4464550018, 27.3014144897, 18.0980205536, 26.6263980865, 15.1789855957, 21.4439411163, 15.1820459366, 16.1924133301, 22.3936328888, 17.9903678894, 12.2918586731, 7.19933891296, 6.40897703171, 6.54547643661, 5.31620264053, 4.97700405121, 4.47037220001, 3.8160545826, 3.70685100555, 3.5457201004, 3.48460912704, 3.1140089035, 1.83929562569, 0.866987407207, 0.415744662285, 0.210390537977, 0.0958562269807, 0.0257399622351, 0.00538381468505, 0.000143984638271, 1.39560961543e-05],
        "dmean2": [0.174407541752, 2.55246472359, 6.27878332138, 7.10808944702, 12.8066043854, 13.4502944946, 8.91129589081, 16.8151950836, 12.7152442932, 40.8545303345, 41.3033638, 28.1680717468, 38.3090820312, 20.90051651, 30.8547725677, 22.8314552307, 24.054775238, 36.0854721069, 28.111366272, 19.3191680908, 11.2240285873, 10.0912094116, 10.2973146439, 8.63183784485, 7.92954349518, 7.31275987625, 5.72746896744, 5.3680062294, 5.17829751968, 5.04558467865, 4.65857744217, 2.80135345459, 1.29405581951, 0.621857523918, 0.323859125376, 0.145759612322, 0.040913078934, 0.00839019939303, 0.00022953680309, 2.16243934119e-05],
        "dvar": [0.0597786977887, 15.4226531982, 71.0749053955, 47.0012702942, 190.90725708, 135.504043579, 48.1870803833, 350.86819458, 137.059066772, 4466.51416016, 6081.50244141, 4274.88525391, 3485.43823242, 3300.34277344, 4313.81494141, 1468.2611084, 1227.97741699, 1535.54772949, 1432.25891113, 1251.79138184, 158.88269043, 164.255233765, 90.3980255127, 68.778175354, 96.2099609375, 59.8504333496, 44.7700233459, 43.9548072815, 42.9035110474, 32.9745521545, 27.2510929108, 10.3506717682, 2.53448987007, 0.699957847595, 0.174562618136, 0.052773937583, 0.00323485420085, 0.000157126763952, 1.46633610143e-07, 4.70615435511e-10],
        "dvar2": [0.162597298622, 44.0534553528, 210.829559326, 143.86164856, 503.849151611, 345.493011475, 130.200393677, 1011.67553711, 326.942871094, 10969.5019531, 12560.4765625, 9836.30175781, 6473.10791016, 5481.69775391, 7621.42626953, 2691.02148438, 2611.36010742, 3872.51586914, 3445.86352539, 2535.82910156, 327.730010986, 361.531433105, 225.888946533, 160.415359497, 261.846160889, 145.165786743, 105.125701904, 89.0309143066, 88.6134338379, 69.5938339233, 59.4440841675, 26.0506572723, 5.70023822784, 1.34170114994, 0.353058993816, 0.111521787941, 0.00792935770005, 0.000386572355637, 3.82110357577e-07, 1.20506316037e-09],
        "max": [2.54139900208, 37.0064468384, 81.9658813477, 77.9748382568, 122.801437378, 111.559295654, 71.8955307007, 264.687042236, 157.613937378, 969.009765625, 1012.1885376, 1192.27746582, 1008.69433594, 1556.42578125, 1686.78820801, 735.967773438, 568.948913574, 513.08190918, 636.818237305, 714.92590332, 190.980926514, 253.488311768, 115.100654602, 87.8118286133, 99.7393112183, 64.589881897, 66.6143035889, 73.9461746216, 63.1081733704, 86.6596832275, 56.1437797546, 36.6699104309, 22.7357063293, 15.4193277359, 7.21837949753, 3.51544880867, 0.650771439075, 0.147135347128, 0.00461402907968, 0.000236991720158],
        "mean": [0.189079672098, 2.65238761902, 6.56464290619, 8.78056430817, 14.5268697739, 15.2355155945, 12.7038240433, 20.961523056, 18.8374233246, 45.241519928, 46.4206733704, 31.24559021, 47.2789421082, 28.4155483246, 47.1072807312, 29.4426498413, 31.5764884949, 46.719745636, 33.4035301208, 23.0120334625, 15.8664321899, 13.7203054428, 14.2480554581, 11.3587646484, 9.35664272308, 8.23052787781, 7.58063602448, 6.97750091553, 7.10336112976, 7.40620994568, 6.5240650177, 3.85281252861, 1.91280341148, 0.941835999489, 0.443715453148, 0.164871051908, 0.0385146252811, 0.00659262062982, 0.000187896366697, 5.10506433784e-05],
        "median": [0.143824100494, 2.11650276184, 5.02490091324, 6.66893863678, 10.8074111938, 10.0652751923, 9.75747203827, 11.6065883636, 14.6119222641, 19.7151012421, 18.2984352112, 11.6200904846, 18.2380943298, 11.4800462723, 13.3882408142, 14.4910869598, 15.5566902161, 26.545879364, 18.7778778076, 11.9228038788, 7.20705032349, 6.34781074524, 8.5005645752, 7.40136480331, 4.69912528992, 3.99589920044, 3.63289451599, 2.98193359375, 3.15814828873, 3.92943334579, 3.38452148438, 1.75628304482, 0.826846599579, 0.454276025295, 0.197380274534, 0.0655107051134, 0.0125998612493, 0.0014308517566, 5.80627020099e-05, 4.73544532724e-05],
        "min": [2.68243403931e-22, 8.8704114509e-22, 3.61018091198e-21, 1.03544150712e-20, 8.20769575065e-20, 7.81705389026e-20, 2.20131863703e-19, 3.08467024154e-19, 3.12179772635e-19, 6.98250607113e-19, 6.9371491732e-19, 1.62412891109e-18, 1.5952012677e-18, 2.30051108586e-18, 2.2475096949e-18, 2.91799231414e-18, 1.2839372357e-18, 4.16067546775e-18, 5.26273771043e-18, 5.03471999791e-18, 5.84587688122e-18, 1.25853528423e-17, 7.04161236519e-18, 7.82459919916e-18, 1.07800104759e-17, 1.0157997125e-17, 1.32846637398e-17, 1.5376612608e-17, 1.3809456899e-17, 1.27872585308e-17, 1.37256544039e-17, 1.4068352023e-17, 1.10195504007e-17, 1.15500602051e-17, 9.37470588858e-18, 5.13769529877e-18, 2.84153807807e-18, 1.17578099246e-18, 3.14462429234e-19, 3.55419669804e-20],
        "var": [0.0544071942568, 11.58335495, 55.0618438721, 62.2456932068, 226.887756348, 234.378234863, 123.137893677, 835.852600098, 331.012268066, 7596.39501953, 10011.8720703, 7308.46826172, 9840.125, 8204.17480469, 20733.0488281, 4234.07177734, 2641.88818359, 4386.01074219, 2374.41992188, 1928.09411621, 641.346618652, 550.81427002, 286.189453125, 142.322311401, 144.268676758, 116.524520874, 101.43057251, 95.8075027466, 93.8234863281, 90.3129272461, 73.1997909546, 29.091463089, 8.23090457916, 2.2297680378, 0.473537683487, 0.102832041681, 0.00485042389482, 0.000205859760172, 1.52197060288e-07, 8.6488238793e-10]
    },
    "gfcc": {
        "mean": [16.0188922882, 102.268173218, -104.934020996, 37.8456726074, -59.72473526, 27.0842895508, -39.1580810547, 7.3455581665, -18.7205677032, 3.5557551384, -14.9129667282, -2.92449998856, -15.6120605469],
        "cov": [[16921.125, 436.970275879, -819.138977051, 485.483856201, -772.905761719, 283.895446777, -329.578460693, 24.5129184723, -392.633178711, 185.25881958, -138.904083252, 12.0755271912, -335.397125244], [436.970275879, 821.207946777, -199.290893555, -47.8948402405, 65.2605361938, -18.4601173401, 9.47338104248, -95.8793563843, 35.4120864868, -68.2052383423, 95.5062484741, -62.3430137634, 43.0048675537], [-819.138977051, -199.290893555, 359.27041626, 55.9425163269, 82.0285110474, 23.2656612396, 18.8722553253, 42.9294128418, -11.3159799576, 59.5398292542, 28.9510746002, 13.9562215805, 18.3689975739], [485.483856201, -47.8948402405, 55.9425163269, 230.463058472, -10.095041275, 32.1650390625, -22.6640377045, -2.45872092247, 7.80267906189, 37.1234931946, 32.2562179565, -23.2151069641, 15.739733696], [-772.905761719, 65.2605361938, 82.0285110474, -10.095041275, 173.141403198, -7.55606555939, 16.1657161713, 0.245305553079, 26.8215427399, -7.4563035965, 15.3330307007, 3.34331965446, 20.9538726807], [283.895446777, -18.4601173401, 23.2656612396, 32.1650390625, -7.55606555939, 123.486747742, 21.3088779449, -0.452071130276, -19.7127838135, -0.314238727093, 11.2097549438, -11.1504392624, 2.67388653755], [-329.578460693, 9.47338104248, 18.8722553253, -22.6640377045, 16.1657161713, 21.3088779449, 118.199485779, -3.66653060913, -17.4080657959, 1.38482630253, 17.3049716949, 0.0147725082934, 13.3501787186], [24.5129184723, -95.8793563843, 42.9294128418, -2.45872092247, 0.245305553079, -0.452071130276, -3.66653060913, 111.770217896, 24.1166343689, 4.46246147156, -30.1082935333, 11.7901964188, -4.74612045288], [-392.633178711, 35.4120864868, -11.3159799576, 7.80267906189, 26.8215427399, -19.7127838135, -17.4080657959, 24.1166343689, 91.2402648926, -2.52106165886, -1.61313295364, -8.6930809021, -0.0727513879538], [185.25881958, -68.2052383423, 59.5398292542, 37.1234931946, -7.4563035965, -0.314238727093, 1.38482630253, 4.46246147156, -2.52106165886, 82.2827224731, 25.7248687744, -3.92203688622, -7.6787776947], [-138.904083252, 95.5062484741, 28.9510746002, 32.2562179565, 15.3330307007, 11.2097549438, 17.3049716949, -30.1082935333, -1.61313295364, 25.7248687744, 95.8062896729, -4.70014715195, 16.4347267151], [12.0755271912, -62.3430137634, 13.9562215805, -23.2151069641, 3.34331965446, -11.1504392624, 0.0147725082934, 11.7901964188, -8.6930809021, -3.92203688622, -4.70014715195, 67.9709396362, -3.19414114952], [-335.397125244, 43.0048675537, 18.3689975739, 15.739733696, 20.9538726807, 2.67388653755, 13.3501787186, -4.74612045288, -0.0727513879538, -7.6787776947, 16.4347267151, -3.19414114952, 56.2688064575]],
        "icov": [[0.000197675180971, -0.000435058609582, 0.000363922095858, -0.000588978058659, 0.000428540864959, -0.000441022915766, 0.000382937141694, -0.00048100182903, 0.0010300509166, -0.000846924900543, 0.000624650740065, -0.000548996031284, 0.000958814285696], [-0.000435058609582, 0.00335162272677, 0.000519828055985, 0.00184166047256, -0.00200465926901, 0.00122507300694, -0.000576554506551, 0.00163583829999, -0.00264097959734, 0.00341007905081, -0.00424643978477, 0.0031141245272, -0.00299756973982], [0.000363922095858, 0.000519828055985, 0.00570385996252, -0.00143698579632, -0.00209936313331, -0.00124617049005, 0.000791068654507, -0.0024765545968, 0.00316335889511, -0.00359977735206, -0.000764109776355, -0.00075643270975, 0.000449340848718], [-0.000588978058659, 0.00184166047256, -0.00143698579632, 0.00750077981502, -0.00077223055996, -6.91690438543e-05, 0.000527986150701, 0.00172308634501, -0.00391964102164, 0.00103350263089, -0.00354145211168, 0.00346296746284, -0.00486940983683], [0.000428540864959, -0.00200465926901, -0.00209936313331, -0.00077223055996, 0.0092087937519, -0.000607575813774, -7.36252841307e-05, -9.13048716029e-05, -0.000592194497585, -0.00059418566525, 0.00199851999059, -0.00221824413165, 0.000805729418062], [-0.000441022915766, 0.00122507300694, -0.00124617049005, -6.91690438543e-05, -0.000607575813774, 0.0104423072189, -0.00248370808549, 0.000414571055444, -0.000324671971612, 0.00378649262711, -0.00265300786123, 0.00303721171804, -0.00132102461066], [0.000382937141694, -0.000576554506551, 0.000791068654507, 0.000527986150701, -7.36252841307e-05, -0.00248370808549, 0.0106708202511, -0.00141719845124, 0.00371030764654, -0.00196899147704, -0.000743088137824, -0.000441975338617, -0.000260522589087], [-0.00048100182903, 0.00163583829999, -0.0024765545968, 0.00172308634501, -9.13048716029e-05, 0.000414571055444, -0.00141719845124, 0.0132943037897, -0.00677630770952, 0.00159648177214, 0.00215526809916, -0.000305392721202, -0.00275666965172], [0.0010300509166, -0.00264097959734, 0.00316335889511, -0.00391964102164, -0.000592194497585, -0.000324671971612, 0.00371030764654, -0.00677630770952, 0.0195993706584, -0.00440690526739, 0.0023194742389, -0.000762042531278, 0.0057092406787], [-0.000846924900543, 0.00341007905081, -0.00359977735206, 0.00103350263089, -0.00059418566525, 0.00378649262711, -0.00196899147704, 0.00159648177214, -0.00440690526739, 0.0218292493373, -0.00903678592294, 0.0048040067777, -0.000239857137785], [0.000624650740065, -0.00424643978477, -0.000764109776355, -0.00354145211168, 0.00199851999059, -0.00265300786123, -0.000743088137824, 0.00215526809916, 0.0023194742389, -0.00903678592294, 0.0199250932783, -0.00478319451213, 0.000627404835541], [-0.000548996031284, 0.0031141245272, -0.00075643270975, 0.00346296746284, -0.00221824413165, 0.00303721171804, -0.000441975338617, -0.000305392721202, -0.000762042531278, 0.0048040067777, -0.00478319451213, 0.0193978361785, -0.00246053631417], [0.000958814285696, -0.00299756973982, 0.000449340848718, -0.00486940983683, 0.000805729418062, -0.00132102461066, -0.000260522589087, -0.00275666965172, 0.0057092406787, -0.000239857137785, 0.000627404835541, -0.00246053631417, 0.0262370873243]]
    },
    "melbands": {
        "dmean": [0.0012706493726, 0.00184269959573, 0.000741763913538, 0.000619516184088, 0.000217281878577, 0.000223343100515, 0.000130223750602, 0.000323981628753, 0.000197789500817, 0.000121333585412, 0.000136561488034, 6.38308265479e-05, 6.35809701635e-05, 5.99556442467e-05, 2.92522145173e-05, 3.67703505617e-05, 4.89184603794e-05, 3.16727891914e-05, 2.2187072318e-05, 1.49351753862e-05, 8.74666329764e-06, 7.81974631536e-06, 6.37093899059e-06, 7.3580854405e-06, 4.55637473351e-06, 3.69144368051e-06, 3.54770531885e-06, 3.02087710224e-06, 2.54812198364e-06, 2.22897938329e-06, 2.33010155171e-06, 2.1482107968e-06, 2.06946901926e-06, 2.15975705942e-06, 2.10292614611e-06, 1.36516223392e-06, 1.11554516025e-06, 6.84989061028e-07, 5.13545160175e-07, 3.50084803813e-07],
        "dmean2": [0.00219542579725, 0.00322604738176, 0.00123406655621, 0.00101475475822, 0.000342683837516, 0.000351242197212, 0.000201720686164, 0.000496281194501, 0.000300336891087, 0.0001862761128, 0.000195539658307, 8.93403339433e-05, 9.23426414374e-05, 8.83358879946e-05, 4.41530464741e-05, 5.73062170588e-05, 7.8843695519e-05, 4.89517988171e-05, 3.56094788003e-05, 2.35475235968e-05, 1.39431040225e-05, 1.27287066789e-05, 1.00827819551e-05, 1.18965253932e-05, 7.38920061849e-06, 5.94561879552e-06, 5.71754844714e-06, 5.00747773913e-06, 3.89321394323e-06, 3.51203743776e-06, 3.50185291609e-06, 3.29806289301e-06, 3.08273001792e-06, 3.22093887917e-06, 3.21850393448e-06, 2.1004602786e-06, 1.73887622168e-06, 1.05981575871e-06, 7.83458744991e-07, 5.22146535786e-07],
        "dvar": [1.09795428216e-05, 2.17249471461e-05, 1.40475424359e-06, 1.06247819076e-06, 7.43366683764e-08, 1.39956256362e-07, 3.80281797163e-08, 6.91806462783e-07, 3.2907178138e-07, 2.23222968998e-07, 9.4746340551e-08, 6.02447087772e-08, 3.40902204243e-08, 3.72708335306e-08, 2.96605517924e-09, 6.6427374712e-09, 8.0982802686e-09, 4.48874271086e-09, 3.86400245134e-09, 8.7403773108e-10, 3.24159921128e-10, 3.15111881033e-10, 9.84406028914e-11, 1.29552479855e-10, 4.96530629113e-11, 4.65076900602e-11, 3.96059816887e-11, 2.72255638173e-11, 1.98293152731e-11, 1.63257931479e-11, 1.76962576537e-11, 1.65746322917e-11, 1.36886101412e-11, 1.26715591145e-11, 1.26304687195e-11, 6.30606677987e-12, 3.71069494576e-12, 1.63056081224e-12, 1.09464553307e-12, 4.7152234374e-13],
        "dvar2": [3.06776964862e-05, 6.28301277175e-05, 4.21986078436e-06, 2.75562570096e-06, 1.96776639427e-07, 4.02144451073e-07, 8.71628742516e-08, 1.64490074894e-06, 7.16590193406e-07, 5.15467206696e-07, 1.72368956441e-07, 9.35273405389e-08, 5.91358393365e-08, 7.84739242476e-08, 5.76066305769e-09, 1.4208549004e-08, 2.03927363884e-08, 1.07997868426e-08, 8.09847833239e-09, 1.94994265179e-09, 7.43707095907e-10, 6.96072588457e-10, 2.24303464691e-10, 3.33396199537e-10, 1.17016007994e-10, 1.25229132619e-10, 1.02818656367e-10, 6.61247792633e-11, 4.62060112394e-11, 3.78481551655e-11, 3.61026382401e-11, 3.57386863159e-11, 3.08666460447e-11, 2.7273750966e-11, 2.77339973903e-11, 1.54438944272e-11, 9.48048584082e-12, 3.81334720745e-12, 2.5178713281e-12, 9.72461586084e-13],
        "max": [0.0326734110713, 0.0434194803238, 0.0139906927943, 0.00974404253066, 0.00313485739753, 0.00528535526246, 0.00239919428714, 0.0107870977372, 0.00707711931318, 0.00781325716525, 0.00519471056759, 0.00651068612933, 0.00420301174745, 0.00433978624642, 0.000800900917966, 0.00141636526678, 0.0011877049692, 0.00112450739834, 0.00100884865969, 0.000411653687479, 0.000321673986036, 0.000397348601837, 0.000162238575285, 0.00015136897855, 7.23041448509e-05, 6.98318690411e-05, 6.54308023513e-05, 4.11513101426e-05, 4.66575147584e-05, 4.41464289906e-05, 4.17281262344e-05, 3.93561276724e-05, 3.7084777432e-05, 6.08952432231e-05, 3.64550287486e-05, 3.2409094274e-05, 2.30554051086e-05, 1.67416565091e-05, 1.5145929865e-05, 1.31070028146e-05],
        "mean": [0.00233388878405, 0.00365179032087, 0.00169801223092, 0.00111394328997, 0.000507217540871, 0.000451591826277, 0.00028943142388, 0.000548128387891, 0.000331225979608, 0.000195605418412, 0.000236049803789, 0.000111569628643, 0.000134367655846, 0.000110251639853, 6.04190572631e-05, 6.20027130935e-05, 9.57189040491e-05, 5.51112607354e-05, 3.8885496906e-05, 2.47541374847e-05, 1.79670805665e-05, 1.54498848133e-05, 1.15334396469e-05, 1.42319295264e-05, 8.53341407492e-06, 6.54606037642e-06, 6.28339694231e-06, 5.1725510275e-06, 4.80564995087e-06, 4.20761762143e-06, 3.9800797822e-06, 4.0218947106e-06, 3.87665886592e-06, 4.28611656389e-06, 4.15338035964e-06, 2.65515814135e-06, 2.24324321607e-06, 1.37729534799e-06, 1.04378852939e-06, 7.03616535702e-07],
        "median": [0.00196427013725, 0.00312703149393, 0.00139536731876, 0.000791590777226, 0.000377524702344, 0.000263546186034, 0.000215969368583, 0.000230880075833, 0.000123728474136, 5.92777359998e-05, 8.49784773891e-05, 4.0440565499e-05, 4.28398161603e-05, 4.22886078013e-05, 3.21058214467e-05, 3.1567273254e-05, 5.07638396812e-05, 2.95219324471e-05, 1.80531969818e-05, 1.17412300824e-05, 7.95945015852e-06, 6.39150266579e-06, 6.65360357743e-06, 7.68763311498e-06, 5.0842836572e-06, 3.45251919498e-06, 2.87965963253e-06, 2.32648631027e-06, 2.2653398446e-06, 1.9564631657e-06, 1.62689980243e-06, 1.71741430677e-06, 1.795586968e-06, 2.32562933888e-06, 2.06203867492e-06, 1.26906888909e-06, 9.68756239672e-07, 5.77933178647e-07, 4.20528465384e-07, 3.47693628555e-07],
        "min": [3.28008956037e-24, 1.6421497569e-24, 5.82798012218e-24, 6.34115110154e-24, 7.21405330329e-24, 7.84356824997e-24, 4.81820937007e-24, 7.5650948284e-24, 6.53025052685e-24, 9.11334952858e-24, 7.99170133961e-24, 9.442321881e-24, 8.1646646151e-24, 8.87994609711e-24, 4.78743314515e-24, 2.04798980061e-24, 7.05870055865e-24, 7.27510877078e-24, 8.41007924272e-24, 4.01632161029e-24, 7.05089951316e-24, 1.21108624074e-23, 1.37356681698e-23, 3.51007682969e-24, 6.08435676093e-24, 9.84380711669e-24, 4.94604980179e-24, 5.92343268614e-24, 7.43267821457e-24, 5.80325603812e-24, 8.57910925774e-24, 6.66551808399e-24, 6.32166505389e-24, 7.46583482728e-24, 7.25565546085e-24, 7.80283068396e-24, 8.1639767284e-24, 7.73206039443e-24, 8.09021428945e-24, 9.13001579293e-24],
        "var": [8.69375071488e-06, 1.66329318745e-05, 1.80126141913e-06, 1.33442290462e-06, 2.0753014951e-07, 3.42157193245e-07, 9.53710781459e-08, 1.19998480841e-06, 5.23095422977e-07, 3.71758375195e-07, 2.63623775254e-07, 1.61502654805e-07, 1.52661257857e-07, 1.04440431414e-07, 7.90083021229e-09, 1.16229239566e-08, 2.22006679707e-08, 7.5331012539e-09, 6.26594109931e-09, 1.69339220424e-09, 1.04593156358e-09, 1.03689945519e-09, 2.07310890676e-10, 3.7955996679e-10, 9.17066075856e-11, 6.9909737721e-11, 6.83701567583e-11, 5.02589150853e-11, 4.31295797687e-11, 3.34984123773e-11, 3.48174024334e-11, 3.30409484495e-11, 2.74036383863e-11, 3.39369053692e-11, 3.19161572171e-11, 1.29131505835e-11, 1.13459259349e-11, 4.45533193671e-12, 2.93689508477e-12, 1.34512258103e-12]
    },
    "mfcc": {
