{
"metadata": {
    "version": {
        "essentia": "2.0.1",
        "extractor": "archive-music 1.0"
    },
    "audio_properties": {
        "analysis_sample_rate": 44100,
        "bitrate": 128,
        "channels": 2,
        "equal_loudness": 0,
        "length": 15.3338775635,
        "replay_gain": -9.98342514038,
        "downmix": "mix"
    },
    "tags": {
        "track": 0,
        "year": 0,
        "album": "Country Gold",
        "artist": "Racecar",
        "comment": "",
        "genre": "Other",
        "title": "Nashville"
    }
},
"highlevel": {
    "culture": {
        "all": {
            "non_western": 1.29163794327e-07,
            "western": 0.999999880791
        },
        "probability": 0.999999880791,
        "value": "western"
    },
    "danceability": {
        "all": {
            "danceable": 0.160366356373,
            "not_danceable": 0.839633643627
        },
        "probability": 0.839633643627,
        "value": "not_danceable"
    },
    "gender": {
        "all": {
            "female": 0.951668858528,
            "male": 0.048331130296
        },
        "probability": 0.951668858528,
        "value": "female"
    },
    "genre_dortmund": {
        "all": {
            "alternative": 0.0365684553981,
            "blues": 0.0859702304006,
            "electronic": 0.00115203403402,
            "folkcountry": 0.497977823019,
            "funksoulrnb": 0.02233472839,
            "jazz": 0.0205471571535,
            "pop": 0.232144668698,
            "raphiphop": 0.00915312301368,
            "rock": 0.0941517651081
        },
        "probability": 0.497977823019,
        "value": "folkcountry"
    },
    "genre_electronic": {
        "all": {
            "ambient": 0.891038715839,
            "dnb": 0.0477797202766,
            "house": 0.043232511729,
            "techno": 0.0109185911715,
            "trance": 0.00703048566356
        },
        "probability": 0.891038715839,
        "value": "ambient"
    },
    "genre_rosamerica": {
        "all": {
            "cla": 0.0628687292337,
            "dan": 0.00344176893122,
            "hip": 0.00656793965027,
            "jaz": 0.107830479741,
            "pop": 0.219530135393,
            "rhy": 0.542272865772,
            "roc": 0.0119828097522,
            "spe": 0.0455053001642
        },
        "probability": 0.542272865772,
        "value": "rhy"
    },
    "genre_tzanetakis": {
        "all": {
            "blu": 0.00218240870163,
            "cla": 0.00371767394245,
            "cou": 0.0812736898661,
            "dis": 0.0144473109394,
            "hip": 0.0133107677102,
            "jaz": 0.0152149274945,
            "met": 0.00125212874264,
            "pop": 0.200303986669,
            "reg": 0.63235360384,
            "roc": 0.0359435230494
        },
        "probability": 0.63235360384,
        "value": "reg"
    },
    "mirex_ballroom": {
        "all": {
            "ChaChaCha": 0.0453798025846,
            "Jive": 0.0516775511205,
            "Quickstep": 0.275783926249,
            "Rumba-American": 0.0333890467882,
            "Rumba-International": 0.0630558878183,
            "Rumba-Misc": 0.109245546162,
            "Samba": 0.0339596346021,
            "Tango": 0.0126325348392,
            "VienneseWaltz": 0.272830933332,
            "Waltz": 0.10204513371
        },
        "probability": 0.275783926249,
        "value": "Quickstep"
    },
    "mood_acoustic": {
        "all": {
            "acoustic": 0.967053472996,
            "not_acoustic": 0.0329465344548
        },
        "probability": 0.967053472996,
        "value": "acoustic"
    },
    "mood_aggressive": {
        "all": {
            "aggressive": 0.0489693805575,
            "not_aggressive": 0.951030611992
        },
        "probability": 0.951030611992,
        "value": "not_aggressive"
    },
    "mood_electronic": {
        "all": {
            "electronic": 0.00286039640196,
            "not_electronic": 0.997139632702
        },
        "probability": 0.997139632702,
        "value": "not_electronic"
    },
    "mood_happy": {
        "all": {
            "happy": 0.381939351559,
            "not_happy": 0.618060648441
        },
        "probability": 0.618060648441,
        "value": "not_happy"
    },
    "mood_party": {
        "all": {
            "not_party": 0.939760506153,
            "party": 0.060239482671
        },
        "probability": 0.939760506153,
        "value": "not_party"
    },
    "mood_relaxed": {
        "all": {
            "not_relaxed": 0.193458259106,
            "relaxed": 0.806541740894
        },
        "probability": 0.806541740894,
        "value": "relaxed"
    },
    "mood_sad": {
        "all": {
            "not_sad": 0.107101403177,
            "sad": 0.892898619175
        },
        "probability": 0.892898619175,
        "value": "sad"
    },
    "moods_mirex": {
        "all": {
            "Cluster1": 0.0634218230844,
            "Cluster2": 0.577644348145,
            "Cluster3": 0.149740412831,
            "Cluster4": 0.183156728745,
            "Cluster5": 0.0260366685688
        },
        "probability": 0.577644348145,
        "value": "Cluster2"
    },
    "timbre": {
        "all": {
            "bright": 0.992669045925,
            "dark": 0.00733093591407
        },
        "probability": 0.992669045925,
        "value": "bright"
    },
    "tonal_atonal": {
        "all": {
            "atonal": 0.0602883435786,
            "tonal": 0.939711630344
        },
        "probability": 0.939711630344,
        "value": "tonal"
    },
    "voice_instrumental": {
        "all": {
            "instrumental": 0.00436529470608,
            "voice": 0.995634734631
        },
        "probability": 0.995634734631,
        "value": "voice"
    }
},
"lowlevel": {
    "average_loudness": 0.941197037697,
    "barkbands_kurtosis": {
        "dmean": 3.49660944939,
        "dmean2": 5.56974029541,
        "dvar": 19.6283397675,
        "dvar2": 46.0765609741,
        "max": 48.1527023315,
        "mean": 6.70583343506,
        "median": 5.14671373367,
        "min": -1.87940692902,
        "var": 42.9666481018
    },
    "barkbands_skewness": {
        "dmean": 0.568228065968,
        "dmean2": 0.849711835384,
        "dvar": 0.374015033245,
        "dvar2": 0.882352173328,
        "max": 5.52426671982,
        "mean": 1.65624451637,
        "median": 1.75681555271,
        "min": -2.13598656654,
        "var": 1.61318850517
    },
    "barkbands_spread": {
        "dmean": 5.70165777206,
        "dmean2": 8.78401947021,
        "dvar": 111.893836975,
        "dvar2": 243.562850952,
        "max": 95.2354431152,
        "mean": 15.3828125,
        "median": 10.9520263672,
        "min": 2.26165986061,
        "var": 247.306381226
    },
    "dissonance": {
        "dmean": 0.0292822886258,
        "dmean2": 0.0475362949073,
        "dvar": 0.000823860871606,
        "dvar2": 0.00213241204619,
        "max": 0.499999970198,
        "mean": 0.415145605803,
        "median": 0.430703818798,
        "min": 0.174357056618,
        "var": 0.00294559076428
    },
    "dynamic_complexity": 4.9676823616,
    "erbbands_kurtosis": {
        "dmean": 1.64642655849,
        "dmean2": 2.49506402016,
        "dvar": 5.13496875763,
        "dvar2": 12.0903682709,
        "max": 22.6887207031,
        "mean": 2.42481160164,
        "median": 0.885167002678,
        "min": -1.75494468212,
        "var": 16.0758686066
    },
    "erbbands_skewness": {
        "dmean": 0.461901694536,
        "dmean2": 0.695740699768,
        "dvar": 0.262563019991,
        "dvar2": 0.541186273098,
        "max": 4.09931945801,
        "mean": 0.857120037079,
        "median": 0.899464845657,
        "min": -3.22564148903,
        "var": 0.910261452198
    },
    "erbbands_spread": {
        "dmean": 10.1611976624,
        "dmean2": 15.3627223969,
        "dvar": 244.567108154,
        "dvar2": 556.24420166,
        "max": 139.957077026,
        "mean": 34.0350570679,
        "median": 30.8028316498,
        "min": 2.98699069023,
        "var": 571.626647949
    },
    "hfc": {
        "dmean": 4.88528108597,
        "dmean2": 6.27531671524,
        "dvar": 61.7814102173,
        "dvar2": 105.549537659,
        "max": 117.253990173,
        "mean": 16.0787601471,
        "median": 9.18699264526,
        "min": 1.18633131722e-16,
        "var": 340.599853516
    },
    "melbands_kurtosis": {
        "dmean": 7.14100170135,
        "dmean2": 11.4041595459,
        "dvar": 102.229537964,
        "dvar2": 264.906188965,
        "max": 107.649482727,
        "mean": 14.4731521606,
        "median": 11.1210603714,
        "min": -1.32886862755,
        "var": 193.363006592
    },
    "melbands_skewness": {
        "dmean": 0.725443065166,
        "dmean2": 1.07831692696,
        "dvar": 0.62652027607,
        "dvar2": 1.49929726124,
        "max": 8.02790260315,
        "mean": 2.40048837662,
        "median": 2.50798845291,
        "min": -1.66658842564,
        "var": 2.92640566826
    },
    "melbands_spread": {
        "dmean": 6.27707099915,
        "dmean2": 9.64453125,
        "dvar": 285.715362549,
        "dvar2": 460.255645752,
        "max": 232.425491333,
        "mean": 18.1479454041,
        "median": 11.1543045044,
        "min": 2.20701932907,
        "var": 776.177734375
    },
    "pitch_salience": {
        "dmean": 0.0694389343262,
        "dmean2": 0.111221775413,
        "dvar": 0.00406212359667,
        "dvar2": 0.0100106680766,
        "max": 0.977186262608,
        "mean": 0.611635744572,
        "median": 0.617341041565,
        "min": 0.274012506008,
        "var": 0.011111070402
    },
    "silence_rate_20dB": {
        "dmean": 0,
        "dmean2": 0,
        "dvar": 0,
        "dvar2": 0,
        "max": 1,
        "mean": 1,
        "median": 1,
        "min": 1,
        "var": 0
    },
    "silence_rate_30dB": {
        "dmean": 0,
        "dmean2": 0,
        "dvar": 0,
        "dvar2": 0,
        "max": 1,
        "mean": 1,
        "median": 1,
        "min": 1,
        "var": 0
    },
    "silence_rate_60dB": {
        "dmean": 0.0605143718421,
        "dmean2": 0.121212124825,
        "dvar": 0.0568524710834,
        "dvar2": 0.121672160923,
        "max": 1,
        "mean": 0.148036256433,
        "median": 0,
        "min": 0,
        "var": 0.126122176647
    },
    "spectral_centroid": {
        "dmean": 214.203475952,
        "dmean2": 298.452850342,
        "dvar": 321846.4375,
        "dvar2": 445963.78125,
        "max": 11467.4326172,
        "mean": 945.854309082,
        "median": 801.906616211,
        "min": 243.629196167,
        "var": 665067.3125
    },
    "spectral_complexity": {
        "dmean": 1.95763993263,
        "dmean2": 2.89090919495,
        "dvar": 4.4399523735,
        "dvar2": 7.91839694977,
        "max": 33,
        "mean": 10.6163139343,
        "median": 10,
        "min": 0,
        "var": 30.9675884247
    },
    "spectral_crest": {
        "dmean": 2.52088403702,
        "dmean2": 3.94537973404,
        "dvar": 5.59471416473,
        "dvar2": 13.2356014252,
        "max": 23.6657848358,
        "mean": 11.3648204803,
        "median": 10.6812458038,
        "min": 3.9869556427,
        "var": 15.8411407471
    },
    "spectral_decrease": {
        "dmean": 1.32251787299e-09,
        "dmean2": 1.79116266263e-09,
        "dvar": 3.9523194248e-18,
        "dvar2": 7.36574970567e-18,
        "max": 8.64679230083e-29,
        "mean": -4.66084548734e-09,
        "median": -3.66284202968e-09,
        "min": -2.44018778517e-08,
        "var": 1.9484199624e-17
    },
    "spectral_energy": {
        "dmean": 0.00536158820614,
        "dmean2": 0.00722807180136,
        "dvar": 6.48932909826e-05,
        "dvar2": 0.000120222153782,
        "max": 0.0986583456397,
        "mean": 0.0190494973212,
        "median": 0.0149412434548,
        "min": 1.08101471601e-20,
        "var": 0.000327719404595
    },
    "spectral_energyband_high": {
        "dmean": 0.000211998543818,
        "dmean2": 0.000299071718473,
        "dvar": 3.81640859359e-07,
        "dvar2": 6.64981712362e-07,
        "max": 0.0150401787832,
        "mean": 0.000418687966885,
        "median": 0.000148648381582,
        "min": 7.97094018035e-21,
        "var": 1.20663878533e-06
    },
    "spectral_energyband_low": {
        "dmean": 0.000901204301044,
        "dmean2": 0.00136850436684,
        "dvar": 2.38142274611e-06,
        "dvar2": 5.82947313887e-06,
        "max": 0.0199648980051,
        "mean": 0.0017522618873,
        "median": 0.00107671250589,
        "min": 8.11960898228e-23,
        "var": 4.73011186841e-06
    },
    "spectral_energyband_middle_high": {
        "dmean": 0.00155199959408,
        "dmean2": 0.00191489001736,
        "dvar": 1.28517121993e-05,
        "dvar2": 2.21186273848e-05,
        "max": 0.0655894950032,
        "mean": 0.00511810556054,
        "median": 0.00104687223211,
        "min": 1.2916237453e-21,
        "var": 8.87458299985e-05
    },
    "spectral_energyband_middle_low": {
        "dmean": 0.00434421701357,
        "dmean2": 0.00608972553164,
        "dvar": 4.8765396059e-05,
        "dvar2": 0.000102810787212,
        "max": 0.0894721671939,
        "mean": 0.0121701005846,
        "median": 0.00987481325865,
        "min": 2.91079753312e-22,
        "var": 0.000157660237164
    },
    "spectral_flatness_db": {
        "dmean": 0.0206886529922,
        "dmean2": 0.030010169372,
        "dvar": 0.000390956323827,
        "dvar2": 0.000833584170323,
        "max": 0.287626594305,
        "mean": 0.165626704693,
        "median": 0.162660568953,
        "min": 0.0455043427646,
        "var": 0.0017960065743
    },
    "spectral_flux": {
        "dmean": 0.022551285103,
        "dmean2": 0.0332329012454,
        "dvar": 0.000598404731136,
        "dvar2": 0.00124473322649,
        "max": 0.234228044748,
        "mean": 0.0604644678533,
        "median": 0.0503493770957,
        "min": 6.89363427453e-11,
        "var": 0.0018103729235
    },
    "spectral_kurtosis": {
        "dmean": 2.40103960037,
        "dmean2": 3.79531621933,
        "dvar": 7.77128410339,
        "dvar2": 18.7818527222,
        "max": 37.6482772827,
        "mean": 6.23254346848,
        "median": 5.24573135376,
        "min": -1.31848120689,
        "var": 23.5076980591
    },
    "spectral_rms": {
        "dmean": 0.000600924191531,
        "dmean2": 0.000784999865573,
        "dvar": 5.37324183369e-07,
        "dvar2": 8.19768558813e-07,
        "max": 0.00981081277132,
        "mean": 0.00379195646383,
        "median": 0.0038179573603,
        "min": 3.24753527021e-12,
        "var": 4.20594733441e-06
    },
    "spectral_rolloff": {
        "dmean": 531.325500488,
        "dmean2": 920.902526855,
        "dvar": 2495706.75,
        "dvar2": 5435447,
        "max": 18733.8867188,
        "mean": 1437.390625,
        "median": 710.595703125,
        "min": 172.265625,
        "var": 5633110
    },
    "spectral_skewness": {
        "dmean": 0.319684714079,
        "dmean2": 0.468870073557,
        "dvar": 0.106350012124,
        "dvar2": 0.215669229627,
        "max": 4.58791255951,
        "mean": 1.95591175556,
        "median": 1.93169641495,
        "min": -0.236141264439,
        "var": 0.502142012119
    },
    "spectral_spread": {
        "dmean": 1084537.5,
        "dmean2": 1561432.25,
        "dvar": 5.7528853463e+12,
        "dvar2": 1.09532801925e+13,
        "max": 52359400,
        "mean": 5017735.5,
        "median": 4215119,
        "min": 1619386.875,
        "var": 1.20194418606e+13
    },
    "spectral_strongpeak": {
        "dmean": 0.568853855133,
        "dmean2": 0.814545333385,
        "dvar": 0.78575026989,
        "dvar2": 1.5641951561,
        "max": 10.9236288071,
        "mean": 1.52780485153,
        "median": 0.833709955215,
        "min": 0,
        "var": 3.61532759666
    },
    "zerocrossingrate": {
        "dmean": 0.0124781345949,
        "dmean2": 0.015116003342,
        "dvar": 0.000813013757579,
        "dvar2": 0.00120022823103,
        "max": 0.51171875,
        "mean": 0.055271666497,
        "median": 0.041015625,
        "min": 0.01416015625,
        "var": 0.00376506545581
    },
    "barkbands": {
        "dmean": [4.13295420003e-05, 0.000217058943235, 0.00061487138737, 0.00042748064152, 0.000768544792663, 0.00119238358457, 0.00088691955898, 0.00086539570475, 0.00201205001213, 0.000578022911213, 0.00012376421364, 0.000772306579165, 0.000424213823862, 0.000214327257709, 0.000218815621338, 0.00012989944662, 8.73998724273e-05, 4.24947538704e-05, 1.28569463413e-05, 5.83304135944e-05, 2.99364837701e-05, 2.38042302954e-05, 5.91657153564e-05, 7.58179448894e-05, 3.20615799865e-05, 9.41837606661e-06, 9.36023582199e-07],
        "dmean2": [5.47224590264e-05, 0.000331125687808, 0.000942371087149, 0.000733135442715, 0.0011888530571, 0.00180248927791, 0.00131226459052, 0.00132436153945, 0.00291568785906, 0.000681709498167, 0.000179894137545, 0.000969683518633, 0.000529323297087, 0.000331732851919, 0.00032643522718, 0.000193742074771, 0.000126808372443, 6.29255082458e-05, 1.91125182027e-05, 8.12711878098e-05, 4.2678668251e-05, 3.82207435905e-05, 8.95491466508e-05, 0.000104014994577, 5.15128667757e-05, 1.40503725561e-05, 1.64414962001e-06],
        "dvar": [5.59150636903e-09, 1.75303469518e-07, 1.19901210383e-06, 5.81688880175e-07, 2.00497311198e-06, 4.91456012242e-06, 1.17119670904e-05, 1.00190054582e-05, 3.59949517588e-05, 5.502782642e-06, 1.84473378795e-07, 9.90411263047e-06, 1.41213558891e-06, 4.85642317472e-07, 3.98405688884e-07, 1.63990691249e-07, 5.90251723054e-08, 1.23247687611e-08, 5.58107615678e-10, 1.1505001396e-08, 3.77241038407e-09, 4.90300866574e-09, 5.29703072516e-08, 9.25406240526e-08, 6.97351820733e-09, 7.12596648356e-10, 8.66328710158e-12],
        "dvar2": [8.86609985429e-09, 3.3384472431e-07, 3.13383907269e-06, 1.59664000421e-06, 4.38529468738e-06, 9.94986294245e-06, 2.73882615147e-05, 2.38268221437e-05, 7.53366985009e-05, 5.98853830525e-06, 3.66019406783e-07, 1.95616885321e-05, 2.08886172004e-06, 1.10000985387e-06, 8.09241896604e-07, 3.89423718161e-07, 1.3788906017e-07, 2.63941650758e-08, 1.35301370108e-09, 2.12871444916e-08, 8.63510063454e-09, 1.17399148181e-08, 1.16196169131e-07, 1.62258785963e-07, 1.57930557521e-08, 1.29704724738e-09, 2.26078097215e-11],
        "max": [0.00218737265095, 0.00586983701214, 0.013929521665, 0.00816607195884, 0.0260180365294, 0.0320372581482, 0.0773988887668, 0.0491614378989, 0.0864751636982, 0.0533199161291, 0.00727004278451, 0.060292840004, 0.0183665882796, 0.00825194083154, 0.0122969355434, 0.00704533560202, 0.00410763313994, 0.00210349075496, 0.000326817826135, 0.00184729998, 0.000751482497435, 0.00120901840273, 0.00512531260028, 0.00795785244554, 0.00119223119691, 0.00053734407993, 3.00809424516e-05],
        "mean": [0.000107718311483, 0.000291442964226, 0.00104250723962, 0.000664198072627, 0.0015034689568, 0.00278481724672, 0.00159934966359, 0.00119025446475, 0.0039851013571, 0.00121234916151, 0.000243383503403, 0.00172769767232, 0.000923807616346, 0.0003193160519, 0.000438356539235, 0.000256498431554, 0.000164511060575, 8.4322746261e-05, 2.20566435019e-05, 0.000125358521473, 5.45718685316e-05, 3.64860788977e-05, 9.27813962335e-05, 0.000127022256493, 4.00343851652e-05, 1.13843170766e-05, 7.09166613433e-07],
        "median": [3.54735602741e-05, 0.000122502038721, 0.000624835840426, 0.000360392499715, 0.000943899503909, 0.000804814393632, 0.0005238931044, 0.000111558125354, 0.00028195703635, 7.8975543147e-05, 3.26373228745e-05, 6.29823771305e-05, 3.13150849252e-05, 4.89673147968e-05, 5.57018865948e-05, 2.45349037868e-05, 2.08350211324e-05, 2.60057058767e-05, 9.46757063502e-06, 3.62742794096e-05, 1.66706195159e-05, 8.86350971996e-06, 1.610687832e-05, 2.12989598367e-05, 9.05394881556e-06, 1.07370283331e-06, 2.82306000798e-08],
        "min": [3.61293285324e-24, 1.40357003711e-23, 1.30380784713e-23, 4.45239153358e-23, 1.51342349355e-23, 1.6229718186e-23, 3.62740490098e-23, 6.38797094289e-23, 5.49310985121e-23, 2.91224600796e-23, 2.95110624278e-23, 3.26358319813e-23, 4.32187260355e-23, 9.00888872529e-23, 8.13435941903e-23, 1.27832069792e-22, 9.94653384594e-23, 1.19888101637e-22, 2.71306683354e-22, 2.25310639973e-22, 2.96129018463e-22, 3.94459406961e-22, 6.27364947294e-22, 8.41320584559e-22, 1.21085872694e-21, 1.57190448507e-21, 2.51314655902e-21],
        "var": [4.92945346764e-08, 3.43391860724e-07, 1.90429705071e-06, 7.5398457966e-07, 4.6934474085e-06, 1.8653108782e-05, 1.82804142241e-05, 1.3829719137e-05, 9.04890621314e-05, 1.9701092242e-05, 4.8310010925e-07, 3.46488122887e-05, 6.25744223726e-06, 8.14298118712e-07, 1.97720373762e-06, 4.45273485639e-07, 1.43611856629e-07, 3.41817276706e-08, 1.3919668751e-09, 4.2710631476e-08, 9.94367876928e-09, 1.0618449231e-08, 1.34185455636e-07, 2.45844034907e-07, 1.20677086102e-08, 2.14431672418e-09, 6.38053759133e-12]
    },
    "erbbands": {
        "dmean": [0.00130136450753, 0.0738623961806, 0.631231784821, 1.05280685425, 2.38878417015, 2.36889648438, 5.56235980988, 10.9234237671, 12.0067214966, 17.9143829346, 16.2164402008, 42.5088119507, 28.1289215088, 11.2634859085, 10.466460228, 29.1107463837, 20.3309822083, 10.3429164886, 11.0246868134, 8.17259693146, 7.26462125778, 4.0144739151, 2.63249921799, 0.798819720745, 1.14285075665, 2.99243021011, 1.33176398277, 1.11226511002, 0.533767879009, 1.73890125751, 1.5547375679, 1.7976244688, 1.06942164898, 0.452452778816, 0.195704981685, 0.046281889081, 0.0167916603386, 0.00387279060669, 0.000107685453258, 8.37158495415e-06],
        "dmean2": [0.00210671266541, 0.112199239433, 0.967552900314, 1.79556846619, 3.86625909805, 3.73197197914, 8.51301765442, 15.6378288269, 17.8227310181, 26.2838363647, 24.7804946899, 59.108631134, 36.343421936, 13.5527162552, 14.0714473724, 38.0317573547, 25.2619018555, 14.4734554291, 16.1001682281, 11.0543193817, 10.6391134262, 5.63788366318, 3.84645247459, 1.15643084049, 1.5875633955, 4.19321155548, 1.85427725315, 1.5582524538, 0.747896015644, 2.66424155235, 2.20264840126, 2.407122612, 1.48657035828, 0.716689944267, 0.31578451395, 0.0711770802736, 0.0250529143959, 0.0064343335107, 0.000181045092177, 1.18702791951e-05],
        "dvar": [6.63954597258e-06, 0.0196825619787, 1.36393892765, 3.3931350708, 25.2063598633, 19.1342868805, 144.454559326, 430.585998535, 1896.92810059, 3136.2902832, 2491.34399414, 20357.0019531, 9677.22949219, 1302.8614502, 1751.03503418, 14629.1982422, 2798.97753906, 1269.79797363, 972.143920898, 524.434265137, 554.693237305, 99.3871765137, 49.8195343018, 2.9921040535, 3.61333823204, 34.3861999512, 6.31435346603, 8.53183460236, 2.16342544556, 68.174987793, 30.2960777283, 64.7908935547, 12.3986797333, 1.49487042427, 0.231553375721, 0.0169084630907, 0.00251793931238, 0.000114227208542, 1.04810652601e-07, 1.41298930889e-10],
        "dvar2": [1.51714621097e-05, 0.0389508120716, 3.34167146683, 10.4280042648, 57.3699569702, 40.3950271606, 310.761383057, 810.801818848, 4363.35205078, 7660.80761719, 6008.67382812, 44292.046875, 12995.6503906, 1299.82543945, 3701.90258789, 28755.9550781, 4189.78955078, 2912.40478516, 2044.6315918, 855.145080566, 1443.51416016, 211.058288574, 102.10749054, 5.47326850891, 7.17197179794, 58.7323684692, 13.2133769989, 17.3564758301, 3.13594889641, 201.333312988, 48.5352706909, 114.185272217, 20.3070526123, 3.32671833038, 0.542606174946, 0.0325799323618, 0.00452594598755, 0.00027371707256, 2.70182056283e-07, 2.91355828352e-10],
        "max": [0.0290510877967, 1.96421933174, 15.2457199097, 19.155424118, 66.869178772, 88.2636032104, 191.256134033, 272.259643555, 990.203186035, 845.171569824, 665.384887695, 2385.81054688, 2409.76000977, 1084.16589355, 849.281799316, 1883.97192383, 696.914367676, 494.678619385, 351.10269165, 609.961975098, 396.197235107, 166.545028687, 133.230819702, 27.387802124, 29.9555549622, 110.40814209, 37.7211837769, 45.3541526794, 32.4958992004, 155.279418945, 140.157867432, 219.912490845, 79.5619430542, 18.8532733917, 6.36558008194, 2.57350516319, 1.22366678715, 0.131840005517, 0.00371035723947, 0.000119862655993],
        "mean": [0.00218607624993, 0.105569280684, 1.06863176823, 1.8842767477, 3.76270413399, 5.22112321854, 11.5181016922, 25.6939048767, 23.6946201324, 26.3341255188, 27.7313747406, 82.0807800293, 65.0864486694, 31.3618450165, 28.168844223, 66.1408462524, 48.5741004944, 18.1276550293, 19.3988246918, 19.7843990326, 14.5413789749, 8.49505329132, 5.8422832489, 1.67127215862, 2.42679071426, 6.45022535324, 2.72556495667, 1.96346962452, 1.007417202, 2.48255252838, 2.56746768951, 2.83688688278, 1.83834290504, 0.613850831985, 0.199614852667, 0.0556655786932, 0.0195175260305, 0.00365421641618, 0.000105411170807, 2.60911911028e-05],
        "median": [0.00134808325674, 0.0503935292363, 0.662355899811, 1.16061878204, 2.16758775711, 3.33075904846, 4.10417079926, 7.32549667358, 8.2692937851, 7.06495714188, 6.09913825989, 6.2968916893, 3.24449062347, 3.01030111313, 2.21904706955, 2.36680531502, 1.64663672447, 2.28606891632, 3.66202902794, 2.15750360489, 1.42326641083, 1.10782456398, 1.61789929867, 0.723143577576, 0.853625893593, 1.71886444092, 0.939128518105, 0.428444862366, 0.316899001598, 0.35647597909, 0.5065792799, 0.427199721336, 0.363520264626, 0.153629004955, 0.0312821045518, 0.00672949990258, 0.00182475487236, 0.000278299092315, 2.03855779546e-05, 1.96224027604e-05],
        "min": [5.93103544356e-22, 2.58555434708e-21, 1.44059933713e-20, 8.56986514963e-20, 1.10219658198e-19, 6.17829794439e-20, 7.43613140206e-20, 1.69056459407e-19, 4.40070890925e-19, 7.14169956495e-19, 1.58273038259e-18, 1.45177218199e-18, 9.43276238705e-19, 1.04702040395e-18, 1.20482754307e-18, 1.54127002234e-18, 2.04358299733e-18, 4.16558188955e-18, 3.52015436427e-18, 4.63553669636e-18, 9.5731225293e-18, 5.65162137258e-18, 6.00091947934e-18, 1.16916999957e-17, 1.28488735603e-17, 1.12088242141e-17, 1.1713277002e-17, 1.51396253625e-17, 1.2852792742e-17, 1.57116521889e-17, 1.8315226328e-17, 1.80748046286e-17, 1.31438461667e-17, 1.03958355394e-17, 9.48315671151e-18, 6.7058237722e-18, 2.79490639143e-18, 1.26537023627e-18, 3.07386260985e-19, 3.42680959124e-20],
        "var": [1.03869442682e-05, 0.0377196520567, 2.20696401596, 5.02957773209, 36.9527778625, 56.7509269714, 365.496002197, 1828.3404541, 3503.5456543, 4280.78369141, 4058.78125, 39316.9726562, 48699.0039062, 10658.8759766, 7252.83984375, 55740.640625, 14102.46875, 2468.66674805, 2122.140625, 4073.02416992, 1438.74182129, 331.269927979, 190.247970581, 9.72968292236, 13.2666254044, 132.679138184, 17.5325107574, 23.447675705, 7.64077186584, 85.4232177734, 100.414276123, 163.26071167, 37.2063179016, 2.88508939743, 0.317218691111, 0.0430433340371, 0.00684078596532, 0.000153138520545, 9.99697036264e-08, 5.6375221158e-10]
    },
    "gfcc": {
        "mean": [-72.5456085205, 101.478141785, -109.083976746, 16.3916568756, -75.0296478271, 10.0858983994, -50.072101593, 1.52545809746, -25.5000915527, -3.83983969688, -15.1091814041, -13.7572002411, -9.92261123657],
        "cov": [[20112.6953125, 241.663391113, -2032.26269531, -21.6895809174, -1126.23864746, 205.402633667, -414.441741943, 229.546615601, -28.8500919342, 79.0263748169, -179.751861572, -292.163421631, -81.5558013916], [241.663391113, 1241.42687988, -413.524597168, -211.975296021, 84.6566390991, -195.267990112, 186.450424194, -43.1965103149, -42.8161087036, -49.6196937561, 87.8216094971, -132.64175415, 20.5040092468], [-2032.26269531, -413.524597168, 1046.96240234, 272.427246094, 224.173599243, 20.7115859985, -264.400177002, -39.4129257202, -5.99106407166, 41.380443573, -110.860229492, 221.707519531, -10.1491422653], [-21.6895809174, -211.975296021, 272.427246094, 614.863220215, 73.9441299438, -163.395736694, -425.621643066, 6.96516799927, 188.345153809, 2.93364357948, -79.4294815063, 54.9927597046, 161.151199341], [-1126.23864746, 84.6566390991, 224.173599243, 73.9441299438, 360.326263428, -68.928527832, -22.5820026398, 38.8488540649, -23.3120918274, 16.8893032074, -75.4774398804, 39.1003494263, 43.2670097351], [205.402633667, -195.267990112, 20.7115859985, -163.395736694, -68.928527832, 289.366851807, 168.262710571, -27.1853523254, -102.948051453, -23.7319984436, 4.90624237061, 7.13734722137, -107.604988098], [-414.441741943, 186.450424194, -264.400177002, -425.621643066, -22.5820026398, 168.262710571, 538.45715332, -14.417974472, -176.721908569, -47.537273407, 64.3549041748, -53.7872772217, -126.298484802], [229.546615601, -43.1965103149, -39.4129257202, 6.96516799927, 38.8488540649, -27.1853523254, -14.417974472, 127.614929199, 27.5463523865, 6.28272867203, -21.2669658661, -8.64768218994, 28.7798309326], [-28.8500919342, -42.8161087036, -5.99106407166, 188.345153809, -23.3120918274, -102.948051453, -176.721908569, 27.5463523865, 227.064727783, 13.2260055542, -9.25603866577, -21.5594425201, 59.064907074], [79.0263748169, -49.6196937561, 41.380443573, 2.93364357948, 16.8893032074, -23.7319984436, -47.537273407, 6.28272867203, 13.2260055542, 91.0314483643, 7.53043174744, -0.384887516499, -1.8345348835], [-179.751861572, 87.8216094971, -110.860229492, -79.4294815063, -75.4774398804, 4.90624237061, 64.3549041748, -21.2669658661, -9.25603866577, 7.53043174744, 124.710357666, -24.6471042633, -14.0804338455], [-292.163421631, -132.64175415, 221.707519531, 54.9927597046, 39.1003494263, 7.13734722137, -53.7872772217, -8.64768218994, -21.5594425201, -0.384887516499, -24.6471042633, 118.60697937, 3.46885299683], [-81.5558013916, 20.5040092468, -10.1491422653, 161.151199341, 43.2670097351, -107.604988098, -126.298484802, 28.7798309326, 59.064907074, -1.8345348835, -14.0804338455, 3.46885299683, 125.435905457]],
        "icov": [[0.000125012578792, -0.000128875894006, 0.000356438249582, -0.000163551216247, 0.000381462072255, -0.000218765431782, 0.000315306533594, -0.000327688816469, 0.000290433614282, -0.000356641830876, 0.000533093581907, -0.000267649680609, 0.000339986407198], [-0.000128875894006, 0.00166077294853, -6.4272840973e-05, 0.000740116462111, -0.00118735979777, 0.00167890777811, -0.000308603746817, 0.00128318660427, -3.78025506507e-05, 0.00153758865781, -0.0012059120927, 0.0013141403906, -0.000198065506993], [0.000356438249582, -6.4272840973e-05, 0.00347568257712, -0.0010003001662, -0.000311610201607, -0.000887789588887, 0.00172441045288, -0.000182095594937, 0.000946529733483, -0.00138645654079, 0.00163644133136, -0.00387518596835, 0.00275741820224], [-0.000163551216247, 0.000740116462111, -0.0010003001662, 0.00558056216687, -0.00104135053698, 0.000493285246193, 0.00205548270606, 0.00188022793736, -0.00204197177663, 0.00230922712944, -7.0299138315e-05, 0.000831440615002, -0.00409277854487], [0.000381462072255, -0.00118735979777, -0.000311610201607, -0.00104135053698, 0.00608874019235, -8.30960561871e-05, -0.000419599149609, -0.00250514200889, 0.00166951259598, -0.00259108259343, 0.00402516918257, -0.000548379379325, -0.000621485349257], [-0.000218765431782, 0.00167890777811, -0.000887789588887, 0.000493285246193, -8.30960561871e-05, 0.00789010711014, -0.00163661828265, 0.00108840630855, 0.00118053774349, 0.00259125977755, -0.000692506320775, 0.0016466176603, 0.00313607696444], [0.000315306533594, -0.000308603746817, 0.00172441045288, 0.00205548270606, -0.000419599149609, -0.00163661828265, 0.00638046395034, -0.000741226831451, 0.00189351139124, 0.00149939313997, 0.000138380171848, -0.00035643595038, 0.00224511325359], [-0.000327688816469, 0.00128318660427, -0.000182095594937, 0.00188022793736, -0.00250514200889, 0.00108840630855, -0.000741226831451, 0.010832390748, -0.00211336044595, 0.000868836999871, -5.22604896105e-05, 0.00101515755523, -0.00331312371418], [0.000290433614282, -3.78025506507e-05, 0.000946529733483, -0.00204197177663, 0.00166951259598, 0.00118053774349, 0.00189351139124, -0.00211336044595, 0.00833545718342, -0.00073744362453, 0.000790483842138, 0.00155720743351, 0.00183315761387], [-0.000356641830876, 0.00153758865781, -0.00138645654079, 0.00230922712944, -0.00259108259343, 0.00259125977755, 0.00149939313997, 0.000868836999871, -0.00073744362453, 0.0150321451947, -0.00394643144682, 0.00287158950232, 0.000909575435799], [0.000533093581907, -0.0012059120927, 0.00163644133136, -7.0299138315e-05, 0.00402516918257, -0.000692506320775, 0.000138380171848, -5.22604896105e-05, 0.000790483842138, -0.00394643144682, 0.0134632308036, -0.00136110093445, 5.42678608326e-05], [-0.000267649680609, 0.0013141403906, -0.00387518596835, 0.000831440615002, -0.000548379379325, 0.0016466176603, -0.00035643595038, 0.00101515755523, 0.00155720743351, 0.00287158950232, -0.00136110093445, 0.0161633919924, -0.00205168500543], [0.000339986407198, -0.000198065506993, 0.00275741820224, -0.00409277854487, -0.000621485349257, 0.00313607696444, 0.00224511325359, -0.00331312371418, 0.00183315761387, 0.000909575435799, 5.42678608326e-05, -0.00205168500543, 0.0188451465219]]
    },
    "melbands": {
        "dmean": [3.2312287658e-05, 0.000247405172559, 0.000207181030419, 0.000186576813576, 0.000160774186952, 0.000233287690207, 0.000189378333744, 0.000207427408895, 0.000156244539539, 0.000280344480416, 0.000141671625897, 4.89553422085e-05, 2.40520203079e-05, 7.95870146248e-05, 8.08600525488e-05, 2.91916003334e-05, 2.01376769837e-05, 1.89746569959e-05, 1.63430904649e-05, 9.3424168881e-06, 8.73290991876e-06, 4.99967973155e-06, 2.81443612948e-06, 2.08289498005e-06, 5.53084078092e-07, 4.55881121297e-07, 1.74948331733e-06, 2.06920822166e-06, 9.02791725821e-07, 7.26250618754e-07, 6.56184056425e-07, 2.88752517008e-07, 5.27053032329e-07, 1.18395610116e-06, 8.62734225393e-07, 1.01248338069e-06, 1.32597108404e-06, 9.00105931123e-07, 5.27426891495e-07, 3.54456773266e-07],
        "dmean2": [4.99332600157e-05, 0.000378865312086, 0.000344793399563, 0.000291693868348, 0.000244562834268, 0.000345393869793, 0.000282135064481, 0.000304759101709, 0.000234035804169, 0.00039375317283, 0.000178310932824, 5.87963077123e-05, 3.17334015563e-05, 0.00010846866644, 9.02230021893e-05, 3.51359631168e-05, 2.92674412776e-05, 2.93428493023e-05, 2.38944685407e-05, 1.34977835842e-05, 1.29672107505e-05, 7.30527108317e-06, 3.90901732317e-06, 3.07229561258e-06, 8.31209206353e-07, 6.78475487348e-07, 2.50544258051e-06, 2.96183088722e-06, 1.27632699787e-06, 1.05625417746e-06, 9.08129663912e-07, 4.61227841697e-07, 8.20097852738e-07, 1.8435854372e-06, 1.24604582652e-06, 1.57472925366e-06, 1.86862621376e-06, 1.22310052575e-06, 7.73500516971e-07, 5.96260292696e-07],
        "dvar": [3.89215992769e-09, 2.05415403798e-07, 1.32327954816e-07, 1.26769123199e-07, 1.03830295473e-07, 1.98409793484e-07, 5.12977351264e-07, 4.53565235148e-07, 2.34063861626e-07, 7.59347017265e-07, 2.32264568467e-07, 2.69920352736e-08, 6.09128791851e-09, 1.65006625252e-07, 7.21255233316e-08, 6.47280717914e-09, 5.84512971358e-09, 3.20154169842e-09, 2.79636536149e-09, 7.55625173543e-10, 7.80843167902e-10, 1.83708423473e-10, 3.76640940658e-11, 3.61306297381e-11, 1.38650549375e-12, 7.7018567305e-13, 1.01708849676e-11, 1.7997757798e-11, 3.52560949185e-12, 2.22079819812e-12, 3.56072311393e-12, 8.79050901081e-13, 3.32477708559e-12, 3.47512331411e-11, 8.80432705908e-12, 1.67061451478e-11, 3.59764926183e-11, 8.50769107941e-12, 2.45287644363e-12, 9.90033142273e-13],
        "dvar2": [7.58614238094e-09, 4.83036842525e-07, 3.50452438624e-07, 2.82989361722e-07, 2.19819270342e-07, 3.87345124864e-07, 1.19317508052e-06, 1.0918145108e-06, 5.46537648916e-07, 1.59991554938e-06, 3.09733025006e-07, 2.62055372957e-08, 1.06825917001e-08, 3.89794792e-07, 9.44939060332e-08, 9.42267686099e-09, 1.3623331796e-08, 6.84748346913e-09, 6.07030870015e-09, 1.6670398395e-09, 1.93743865395e-09, 4.1779590898e-10, 6.4228858343e-11, 7.69007288404e-11, 2.7532197442e-12, 1.59692582508e-12, 2.1793686647e-11, 3.13149679798e-11, 7.36681115415e-12, 4.84673802828e-12, 6.91291815458e-12, 1.7558839582e-12, 8.2842179297e-12, 1.05472477974e-10, 1.32436093342e-11, 3.14373041488e-11, 6.97834984242e-11, 1.30235969578e-11, 5.6770668895e-12, 2.34967904508e-12],
        "max": [0.000810826255474, 0.00582998339087, 0.00454308604822, 0.00604294799268, 0.00513477856293, 0.00566734652966, 0.0164130739868, 0.00959289539605, 0.00689506717026, 0.0129855144769, 0.0116690294817, 0.00506298709661, 0.00130812614225, 0.00916391052306, 0.00575909856707, 0.00109721068293, 0.00106375385076, 0.000588350521866, 0.00123784621246, 0.00039392025792, 0.000399644661229, 0.000227907963563, 0.000160793890245, 0.000123923397041, 1.89992933883e-05, 1.51869271576e-05, 4.81431416119e-05, 7.15007263352e-05, 2.39367473114e-05, 1.81293944479e-05, 2.93522771244e-05, 1.57572630997e-05, 3.58927136404e-05, 0.000104117265437, 7.42246411392e-05, 0.000100602810562, 0.000154799578013, 6.87556894263e-05, 2.54611786659e-05, 1.21209977806e-05],
        "mean": [4.8986323236e-05, 0.000409042899264, 0.000359365367331, 0.000361051497748, 0.000354454299668, 0.000550789467525, 0.000358380493708, 0.000289839808829, 0.000258423038758, 0.000562279543374, 0.00032035287586, 0.000128269166453, 6.32436349406e-05, 0.00016407352814, 0.00017911028408, 6.27271292615e-05, 2.99158873531e-05, 2.83258505078e-05, 3.45809821738e-05, 1.89723159565e-05, 1.60325234901e-05, 9.21577156987e-06, 6.51348727843e-06, 3.90721424992e-06, 1.0254116205e-06, 8.16787121494e-07, 3.6228539102e-06, 4.30573436461e-06, 1.74610568138e-06, 1.21444952583e-06, 1.11061069674e-06, 4.77902347029e-07, 8.13661756638e-07, 1.5897319372e-06, 1.41551345223e-06, 1.47270179696e-06, 1.97131998902e-06, 1.50531639065e-06, 7.80164157277e-07, 4.14640879853e-07],
        "median": [2.61216428044e-05, 0.000243901042268, 0.000222440983634, 0.000225098599913, 0.000135590307764, 0.000154837325681, 0.000119299977086, 6.87138381181e-05, 3.9909795305e-05, 4.00896024075e-05, 1.40822830872e-05, 1.19439755508e-05, 6.51671507512e-06, 7.68590325606e-06, 4.56773295809e-06, 2.69476186077e-06, 4.15213617089e-06, 5.37084952157e-06, 3.41375084645e-06, 1.99484247787e-06, 1.65856636158e-06, 1.14507110993e-06, 9.73261876425e-07, 1.36858125188e-06, 4.14444372154e-07, 3.29494071138e-07, 8.37683046484e-07, 1.09821121441e-06, 5.90570721215e-07, 2.86676765882e-07, 1.41166083267e-07, 1.02400306901e-07, 1.54996442348e-07, 1.92754328054e-07, 2.83727501937e-07, 1.93413882243e-07, 2.34664128129e-07, 2.48566294658e-07, 2.00707091835e-07, 8.53758876929e-08],
        "min": [4.92367376222e-24, 5.6378500501e-24, 1.76733999069e-23, 5.49383520881e-24, 3.28576363964e-24, 3.48753512932e-24, 8.08090494191e-24, 9.46404868805e-24, 1.21663201179e-23, 8.11192926359e-24, 4.38038170692e-24, 4.10308684354e-24, 4.38541069519e-24, 3.37074742775e-24, 5.39705499194e-24, 3.83346444133e-24, 8.40711154799e-24, 4.34531171208e-24, 6.61742360118e-24, 4.28545058001e-24, 1.00403210456e-23, 4.58714530562e-24, 5.43396145496e-24, 5.74847714243e-24, 8.80094641062e-24, 8.09237734606e-24, 8.07010306954e-24, 6.89557280092e-24, 7.31793050729e-24, 7.57520960292e-24, 8.37489367976e-24, 7.51595826033e-24, 6.82886751163e-24, 9.53235299839e-24, 9.24342322552e-24, 1.13213341258e-23, 1.12742241414e-23, 8.24393172544e-24, 8.75857984685e-24, 8.15540654352e-24],
        "var": [7.52018891603e-09, 3.50285887407e-07, 2.0257066069e-07, 2.80740550807e-07, 2.99072809185e-07, 7.98710459549e-07, 8.59117108121e-07, 6.03149828748e-07, 3.82616264005e-07, 1.83485985872e-06, 1.19355297556e-06, 2.21882658025e-07, 2.89583876878e-08, 3.2699148278e-07, 3.35119665351e-07, 2.60735895097e-08, 9.34779720296e-09, 4.92675189534e-09, 1.7557084675e-08, 2.3061654808e-09, 1.91505300506e-09, 4.3185460763e-10, 2.72069256013e-10, 8.1211787295e-11, 3.9787301058e-12, 2.30765515204e-12, 3.41837530504e-11, 6.57831220052e-11, 8.51867014429e-12, 5.25340491594e-12, 1.03164100526e-11, 2.11666122997e-12, 6.49545001119e-12, 4.06352035354e-11, 2.82834883986e-11, 4.66790460452e-11, 7.70447733389e-11, 2.59321713408e-11, 5.00920875959e-12, 1.45806348766e-12]
    },
    "mfcc": {
