{
"metadata": {
    "version": {
        "essentia": "2.0.1",
        "extractor": "archive-music 1.0"
    },
    "audio_properties": {
        "analysis_sample_rate": 44100,
        "bitrate": 128,
        "channels": 2,
        "equal_loudness": 0,
        "length": 15.3077554703,
        "replay_gain": -9.4327507019,
        "downmix": "mix"
    },
    "tags": {
        "track": 0,
        "year": 0,
        "album": "Country Gold",
        "artist": "Racecar",
        "comment": "",
        "genre": "Other",
        "title": "She Dont Call Me Baby Till She Cries"
    }
},
"highlevel": {
    "culture": {
        "all": {
            "non_western": 1.35533355206e-07,
            "western": 0.999999880791
        },
        "probability": 0.999999880791,
        "value": "western"
    },
    "danceability": {
        "all": {
            "danceable": 0.102829068899,
            "not_danceable": 0.897170960903
        },
        "probability": 0.897170960903,
        "value": "not_danceable"
    },
    "gender": {
        "all": {
            "female": 0.407091587782,
            "male": 0.59290844202
        },
        "probability": 0.59290844202,
        "value": "male"
    },
    "genre_dortmund": {
        "all": {
            "alternative": 0.0600948929787,
            "blues": 0.0416462831199,
            "electronic": 0.00140612444375,
            "folkcountry": 0.599212050438,
            "funksoulrnb": 0.0192164853215,
            "jazz": 0.0417812652886,
            "pop": 0.126512631774,
            "raphiphop": 0.00351674272679,
            "rock": 0.106613516808
        },
        "probability": 0.599212050438,
        "value": "folkcountry"
    },
    "genre_electronic": {
        "all": {
            "ambient": 0.841405451298,
            "dnb": 0.0718218013644,
            "house": 0.0455958172679,
            "techno": 0.00662562204525,
            "trance": 0.0345513038337
        },
        "probability": 0.841405451298,
        "value": "ambient"
    },
    "genre_rosamerica": {
        "all": {
            "cla": 0.0409854352474,
            "dan": 0.0064954040572,
            "hip": 0.0115054231137,
            "jaz": 0.0266908556223,
            "pop": 0.334338307381,
            "rhy": 0.336715787649,
            "roc": 0.229592695832,
            "spe": 0.013676087372
        },
        "probability": 0.336715787649,
        "value": "rhy"
    },
    "genre_tzanetakis": {
        "all": {
            "blu": 0.00367974187247,
            "cla": 0.00439449492842,
            "cou": 0.0284671746194,
            "dis": 0.00789873488247,
            "hip": 0.0172206349671,
            "jaz": 0.017998656258,
            "met": 0.00204701861367,
            "pop": 0.0963458195329,
            "reg": 0.518826127052,
            "roc": 0.303121626377
        },
        "probability": 0.518826127052,
        "value": "reg"
    },
    "mirex_ballroom": {
        "all": {
            "ChaChaCha": 0.0554999485612,
            "Jive": 0.0747406929731,
            "Quickstep": 0.578005611897,
            "Rumba-American": 0.0284121893346,
            "Rumba-International": 0.078921303153,
            "Rumba-Misc": 0.0417933948338,
            "Samba": 0.0459812581539,
            "Tango": 0.0146564282477,
            "VienneseWaltz": 0.0414593145251,
            "Waltz": 0.040529884398
        },
        "probability": 0.578005611897,
        "value": "Quickstep"
    },
    "mood_acoustic": {
        "all": {
            "acoustic": 0.908335268497,
            "not_acoustic": 0.0916647091508
        },
        "probability": 0.908335268497,
        "value": "acoustic"
    },
    "mood_aggressive": {
        "all": {
            "aggressive": 1.06113623133e-06,
            "not_aggressive": 0.999998927116
        },
        "probability": 0.999998927116,
        "value": "not_aggressive"
    },
    "mood_electronic": {
        "all": {
            "electronic": 8.51007280289e-06,
            "not_electronic": 0.999991476536
        },
        "probability": 0.999991476536,
        "value": "not_electronic"
    },
    "mood_happy": {
        "all": {
            "happy": 0.364452302456,
            "not_happy": 0.635547697544
        },
        "probability": 0.635547697544,
        "value": "not_happy"
    },
    "mood_party": {
        "all": {
            "not_party": 0.919315695763,
            "party": 0.0806842893362
        },
        "probability": 0.919315695763,
        "value": "not_party"
    },
    "mood_relaxed": {
        "all": {
            "not_relaxed": 0.869759917259,
            "relaxed": 0.130240097642
        },
        "probability": 0.869759917259,
        "value": "not_relaxed"
    },
    "mood_sad": {
        "all": {
            "not_sad": 0.275500178337,
            "sad": 0.724499821663
        },
        "probability": 0.724499821663,
        "value": "sad"
    },
    "moods_mirex": {
        "all": {
            "Cluster1": 0.160884723067,
            "Cluster2": 0.403786122799,
            "Cluster3": 0.176671549678,
            "Cluster4": 0.246103093028,
            "Cluster5": 0.0125544900075
        },
        "probability": 0.403786122799,
        "value": "Cluster2"
    },
    "timbre": {
        "all": {
            "bright": 0.999990999699,
            "dark": 9.01431030798e-06
        },
        "probability": 0.999990999699,
        "value": "bright"
    },
    "tonal_atonal": {
        "all": {
            "atonal": 0.0127522507682,
            "tonal": 0.987247765064
        },
        "probability": 0.987247765064,
        "value": "tonal"
    },
    "voice_instrumental": {
        "all": {
            "instrumental": 0.00104890204966,
            "voice": 0.998951077461
        },
        "probability": 0.998951077461,
        "value": "voice"
    }
},
"lowlevel": {
    "average_loudness": 0.971062839031,
    "barkbands_kurtosis": {
        "dmean": 4.03893089294,
        "dmean2": 6.38032388687,
        "dvar": 28.3448009491,
        "dvar2": 66.9217987061,
        "max": 51.7444534302,
        "mean": 7.00261116028,
        "median": 4.15515804291,
        "min": -1.9295488596,
        "var": 72.7617492676
    },
    "barkbands_skewness": {
        "dmean": 0.624496757984,
        "dmean2": 0.92896926403,
        "dvar": 0.377914428711,
        "dvar2": 0.807400345802,
        "max": 6.1162481308,
        "mean": 1.8808259964,
        "median": 1.90291273594,
        "min": -2.16913628578,
        "var": 2.09238743782
    },
    "barkbands_spread": {
        "dmean": 6.96910667419,
        "dmean2": 11.1102437973,
        "dvar": 117.335998535,
        "dvar2": 271.60635376,
        "max": 106.237243652,
        "mean": 18.2288684845,
        "median": 13.8067216873,
        "min": 2.74277710915,
        "var": 229.965560913
    },
    "dissonance": {
        "dmean": 0.0266532693058,
        "dmean2": 0.0447149127722,
        "dvar": 0.000702824792825,
        "dvar2": 0.00197979342192,
        "max": 0.499452501535,
        "mean": 0.439156532288,
        "median": 0.445639133453,
        "min": 0.255524277687,
        "var": 0.00133605278097
    },
    "dynamic_complexity": 3.51093125343,
    "erbbands_kurtosis": {
        "dmean": 0.914823770523,
        "dmean2": 1.41142940521,
        "dvar": 1.36897671223,
        "dvar2": 3.23743653297,
        "max": 13.2630672455,
        "mean": 0.760581493378,
        "median": 0.189349412918,
        "min": -1.7529515028,
        "var": 3.77841663361
    },
    "erbbands_skewness": {
        "dmean": 0.371355295181,
        "dmean2": 0.568987309933,
        "dvar": 0.131710737944,
        "dvar2": 0.28471827507,
        "max": 3.30156874657,
        "mean": 0.68499225378,
        "median": 0.708865761757,
        "min": -1.77401518822,
        "var": 0.477586895227
    },
    "erbbands_spread": {
        "dmean": 10.210934639,
        "dmean2": 15.9163579941,
        "dvar": 228.324172974,
        "dvar2": 557.532836914,
        "max": 159.648483276,
        "mean": 40.0194625854,
        "median": 35.9711151123,
        "min": 6.76216459274,
        "var": 528.80090332
    },
    "hfc": {
        "dmean": 6.71795320511,
        "dmean2": 8.7609500885,
        "dvar": 89.4678421021,
        "dvar2": 153.670043945,
        "max": 97.3916549683,
        "mean": 21.2107772827,
        "median": 12.6810588837,
        "min": 1.19539390801e-16,
        "var": 411.463928223
    },
    "melbands_kurtosis": {
        "dmean": 8.30592250824,
        "dmean2": 13.2234640121,
        "dvar": 123.324607849,
        "dvar2": 297.415283203,
        "max": 120.50352478,
        "mean": 17.9301376343,
        "median": 11.6730585098,
        "min": -1.39224398136,
        "var": 396.534973145
    },
    "melbands_skewness": {
        "dmean": 0.758533298969,
        "dmean2": 1.16546094418,
        "dvar": 0.623854458332,
        "dvar2": 1.34734487534,
        "max": 9.55895709991,
        "mean": 2.87161302567,
        "median": 2.83335518837,
        "min": -0.618469715118,
        "var": 3.96810626984
    },
    "melbands_spread": {
        "dmean": 6.69288825989,
        "dmean2": 10.2788505554,
        "dvar": 146.031539917,
        "dvar2": 301.569580078,
        "max": 174.141311646,
        "mean": 20.4823169708,
        "median": 14.1701135635,
        "min": 1.98800289631,
        "var": 421.346588135
    },
    "pitch_salience": {
        "dmean": 0.0771635770798,
        "dmean2": 0.127138420939,
        "dvar": 0.00419073132798,
        "dvar2": 0.0113441180438,
        "max": 0.829953789711,
        "mean": 0.542856395245,
        "median": 0.5479991436,
        "min": 0.282341271639,
        "var": 0.00912191160023
    },
    "silence_rate_20dB": {
        "dmean": 0,
        "dmean2": 0,
        "dvar": 0,
        "dvar2": 0,
        "max": 1,
        "mean": 1,
        "median": 1,
        "min": 1,
        "var": 0
    },
    "silence_rate_30dB": {
        "dmean": 0,
        "dmean2": 0,
        "dvar": 0,
        "dvar2": 0,
        "max": 1,
        "mean": 1,
        "median": 1,
        "min": 1,
        "var": 0
    },
    "silence_rate_60dB": {
        "dmean": 0.00303030293435,
        "dmean2": 0.00606980267912,
        "dvar": 0.00302111683413,
        "dvar2": 0.00603295769542,
        "max": 1,
        "mean": 0.0544629357755,
        "median": 0,
        "min": 0,
        "var": 0.0514964684844
    },
    "spectral_centroid": {
        "dmean": 232.122650146,
        "dmean2": 329.88684082,
        "dvar": 217149.8125,
        "dvar2": 278230.25,
        "max": 11135.8701172,
        "mean": 1078.72253418,
        "median": 860.838562012,
        "min": 247.346633911,
        "var": 784497.875
    },
    "spectral_complexity": {
        "dmean": 2.29696965218,
        "dmean2": 3.49317145348,
        "dvar": 6.45725679398,
        "dvar2": 11.5761709213,
        "max": 40,
        "mean": 13.4962177277,
        "median": 13,
        "min": 0,
        "var": 37.5964164734
    },
    "spectral_crest": {
        "dmean": 2.66397738457,
        "dmean2": 4.24383926392,
        "dvar": 5.80488586426,
        "dvar2": 14.9531202316,
        "max": 21.0426769257,
        "mean": 11.0116977692,
        "median": 10.3061904907,
        "min": 3.65425872803,
        "var": 15.8740282059
    },
    "spectral_decrease": {
        "dmean": 1.83143278321e-09,
        "dmean2": 2.61100141508e-09,
        "dvar": 5.40484940762e-18,
        "dvar2": 9.479270617e-18,
        "max": 9.49260837118e-29,
        "mean": -5.75539571557e-09,
        "median": -5.00489116817e-09,
        "min": -2.62265480444e-08,
        "var": 1.76411700817e-17
    },
    "spectral_energy": {
        "dmean": 0.00732125015929,
        "dmean2": 0.0103180622682,
        "dvar": 8.49434291013e-05,
        "dvar2": 0.00014570482017,
        "max": 0.106537982821,
        "mean": 0.0236460957676,
        "median": 0.0204547457397,
        "min": 1.08938749633e-20,
        "var": 0.00029528196319
    },
    "spectral_energyband_high": {
        "dmean": 0.000411436049035,
        "dmean2": 0.000574960897211,
        "dvar": 4.62441477111e-07,
        "dvar2": 9.42063536513e-07,
        "max": 0.00854893866926,
        "mean": 0.000814159400761,
        "median": 0.000357602344593,
        "min": 7.99882925325e-21,
        "var": 1.32389277496e-06
    },
    "spectral_energyband_low": {
        "dmean": 0.00216328701936,
        "dmean2": 0.00398354558274,
        "dvar": 9.17904617381e-06,
        "dvar2": 3.17319463647e-05,
        "max": 0.0357574597001,
        "mean": 0.00360611197539,
        "median": 0.00241962377913,
        "min": 2.36899757667e-23,
        "var": 1.48345034177e-05
    },
    "spectral_energyband_middle_high": {
        "dmean": 0.00220619468018,
        "dmean2": 0.00274908915162,
        "dvar": 1.38666464409e-05,
        "dvar2": 1.97951558221e-05,
        "max": 0.0534054227173,
        "mean": 0.00657149916515,
        "median": 0.0018748876173,
        "min": 1.24381801714e-21,
        "var": 8.73170502018e-05
    },
    "spectral_energyband_middle_low": {
        "dmean": 0.00576383061707,
        "dmean2": 0.00827598758042,
        "dvar": 7.00946475263e-05,
        "dvar2": 0.000130767017254,
        "max": 0.0938647091389,
        "mean": 0.0140994172543,
        "median": 0.0102088814601,
        "min": 2.24528317147e-22,
        "var": 0.000163501652423
    },
    "spectral_flatness_db": {
        "dmean": 0.0256481841207,
        "dmean2": 0.03837396577,
        "dvar": 0.000542824389413,
        "dvar2": 0.00111217214726,
        "max": 0.26973631978,
        "mean": 0.14569298923,
        "median": 0.143403708935,
        "min": 0.0401619151235,
        "var": 0.00160337320995
    },
    "spectral_flux": {
        "dmean": 0.0255532301962,
        "dmean2": 0.038738027215,
        "dvar": 0.000700810924172,
        "dvar2": 0.00160837138537,
        "max": 0.223105892539,
        "mean": 0.0726447701454,
        "median": 0.0644981041551,
        "min": 6.97851429421e-11,
        "var": 0.00186976219993
    },
    "spectral_kurtosis": {
        "dmean": 1.89622652531,
        "dmean2": 2.99812984467,
        "dvar": 4.59660720825,
        "dvar2": 11.7902011871,
        "max": 23.9840316772,
        "mean": 4.57679367065,
        "median": 4.18149757385,
        "min": -1.4003149271,
        "var": 8.92406463623
    },
    "spectral_rms": {
        "dmean": 0.000724200857803,
        "dmean2": 0.00100650568493,
        "dvar": 6.1991693201e-07,
        "dvar2": 1.00317197393e-06,
        "max": 0.010195071809,
        "mean": 0.00443732272834,
        "median": 0.00446719676256,
        "min": 3.26008751245e-12,
        "var": 3.37952224072e-06
    },
    "spectral_rolloff": {
        "dmean": 576.143310547,
        "dmean2": 1009.67565918,
        "dvar": 2662197.25,
        "dvar2": 5888367.5,
        "max": 18841.5527344,
        "mean": 1499.96276855,
        "median": 882.861328125,
        "min": 172.265625,
        "var": 5516091.5
    },
    "spectral_skewness": {
        "dmean": 0.26479434967,
        "dmean2": 0.402612656355,
        "dvar": 0.0724740475416,
        "dvar2": 0.160060882568,
        "max": 3.65368294716,
        "mean": 1.69781887531,
        "median": 1.69830954075,
        "min": -0.0241827107966,
        "var": 0.246412873268
    },
    "spectral_spread": {
        "dmean": 1268407.625,
        "dmean2": 1926112.75,
        "dvar": 5.6999894057e+12,
        "dvar2": 1.04525505495e+13,
        "max": 42485912,
        "mean": 5395647,
        "median": 4510422,
        "min": 2315049,
        "var": 1.14123824169e+13
    },
    "spectral_strongpeak": {
        "dmean": 0.690821766853,
        "dmean2": 1.0830681324,
        "dvar": 1.17819643021,
        "dvar2": 2.66514658928,
        "max": 9.86805343628,
        "mean": 1.57603979111,
        "median": 0.677517414093,
        "min": 0,
        "var": 3.52491903305
    },
    "zerocrossingrate": {
        "dmean": 0.0142481951043,
        "dmean2": 0.017596649006,
        "dvar": 0.000728069921024,
        "dvar2": 0.00113788631279,
        "max": 0.50830078125,
        "mean": 0.0611230619252,
        "median": 0.05224609375,
        "min": 0.0107421875,
        "var": 0.00317556224763
    },
    "barkbands": {
        "dmean": [3.80314450013e-05, 0.000172996064066, 0.00141644699033, 0.00132120901253, 0.0026771731209, 0.000285053509288, 0.000988262472674, 0.000320842053043, 0.00193904596381, 0.00074135302566, 0.00068027456291, 0.000254293874605, 0.000466758967377, 0.000543333473615, 0.000553133257199, 0.000226926029427, 9.25466592889e-05, 0.000119507349154, 4.79300324514e-05, 0.000136602742714, 6.98527510394e-05, 0.000116221039207, 4.02402147301e-05, 8.08732802398e-05, 0.000103862381366, 5.0486814871e-05, 6.15459430264e-06],
        "dmean2": [5.21919500898e-05, 0.000246261595748, 0.00265910709277, 0.0022049609106, 0.00372235081159, 0.000469395075925, 0.00150012189988, 0.000525133393239, 0.00297992723063, 0.000984833575785, 0.000933276838623, 0.000379975914257, 0.000658934819512, 0.000798925932031, 0.0008165827021, 0.00030448884354, 0.000128666870296, 0.000173783686478, 7.30944375391e-05, 0.000182080708328, 9.70842302195e-05, 0.000155946981977, 5.76840793656e-05, 0.000118235759146, 0.000162876865943, 8.69041468832e-05, 1.11433810162e-05],
        "dvar": [3.96415966719e-09, 1.04105566834e-07, 4.13298857893e-06, 4.84164775116e-06, 2.10738326132e-05, 6.21638832854e-07, 6.40902453597e-06, 1.48651201926e-06, 3.01035834127e-05, 6.90131173542e-06, 3.05991966343e-06, 6.19208719854e-07, 2.78217703453e-06, 2.20412425733e-06, 2.025118647e-06, 4.44744841843e-07, 3.89275172097e-08, 5.14492164427e-08, 8.82976092242e-09, 6.00449681087e-08, 1.96260376839e-08, 6.15955642047e-08, 9.70296909486e-09, 4.51497434995e-08, 7.24052071632e-08, 1.74759886562e-08, 4.01990662979e-10],
        "dvar2": [6.94552593217e-09, 1.64816455595e-07, 1.45576150317e-05, 1.18228572319e-05, 3.62447026419e-05, 1.58642865244e-06, 1.35962718559e-05, 3.37479673362e-06, 6.44274769002e-05, 1.12037905637e-05, 6.18924059381e-06, 1.37353606533e-06, 5.4210113376e-06, 4.38485267296e-06, 4.69602036901e-06, 8.51308413985e-07, 6.11208861301e-08, 9.87910198091e-08, 1.94115710173e-08, 9.04149501935e-08, 3.56694549453e-08, 1.25479203916e-07, 1.937404015e-08, 7.81811451134e-08, 1.57627795261e-07, 4.52346036184e-08, 1.1093248542e-09],
        "max": [0.000904015963897, 0.00969579536468, 0.0227411277592, 0.0247901268303, 0.0630268901587, 0.0133644128218, 0.0376180112362, 0.0170985907316, 0.0737868025899, 0.0459842011333, 0.0292251612991, 0.0114091187716, 0.0295556876808, 0.0233217161149, 0.0180477388203, 0.0093318047002, 0.00434706592932, 0.00314027094282, 0.00162798701786, 0.00318791577592, 0.00247629196383, 0.00250667519867, 0.00203302875161, 0.00310984253883, 0.00424905726686, 0.00102999596857, 0.000178226051503],
        "mean": [8.71917363838e-05, 0.000407625426305, 0.0018395219231, 0.00239437026903, 0.00529540749267, 0.000632575247437, 0.0017975437222, 0.000402691832278, 0.00304253562354, 0.00132060260512, 0.00154429266695, 0.00051638163859, 0.000707310275175, 0.000913170923013, 0.000879279978108, 0.00034880937892, 0.000174676737515, 0.000251323333941, 8.26668256195e-05, 0.000292557058856, 0.000140634627314, 0.00021896623366, 6.28862471785e-05, 0.000127915875055, 0.000119147494843, 4.19921270804e-05, 4.02530486099e-06],
        "median": [3.54346411768e-05, 8.940303087e-05, 0.0011178785935, 0.00143417611253, 0.00303452275693, 0.000322073436109, 0.000635698903352, 0.00013516288891, 0.00033374139457, 0.00010969939467, 0.000286382914055, 0.000104885883047, 7.43154523661e-05, 8.27806215966e-05, 0.000168143014889, 6.54043615214e-05, 4.52100503026e-05, 6.75360279274e-05, 3.28987043758e-05, 8.31065262901e-05, 4.72838619316e-05, 2.53211765084e-05, 2.22486469283e-05, 4.32171946159e-05, 2.93396933557e-05, 5.70611200601e-06, 6.2760697972e-08],
        "min": [3.69822646647e-24, 7.28808868811e-24, 2.67952068132e-24, 5.53822914511e-24, 4.77127372394e-23, 2.49880495416e-23, 2.8135210123e-23, 3.2057499119e-23, 1.03934333306e-23, 4.68209710068e-23, 3.72113766928e-23, 8.03978256955e-23, 8.27425790522e-23, 3.95586891143e-23, 7.18413038921e-23, 1.39495094286e-22, 1.12450922971e-22, 1.25922483665e-22, 1.30208648953e-22, 2.73314807675e-22, 3.45487956951e-22, 5.80791053834e-22, 7.09610398826e-22, 7.80636254045e-22, 1.12071845645e-21, 1.63064208357e-21, 2.20849226395e-21],
        "var": [1.81681105715e-08, 7.61897354096e-07, 4.91773744216e-06, 8.8161077656e-06, 4.84076954308e-05, 1.14047668376e-06, 1.55547022587e-05, 1.84203827303e-06, 6.09698545304e-05, 1.94559816009e-05, 1.60311956279e-05, 1.50250127717e-06, 5.27527527083e-06, 4.50046536571e-06, 3.87250611311e-06, 1.02557112314e-06, 1.63699596101e-07, 2.02226445367e-07, 2.10599946371e-08, 2.36216152416e-07, 5.79831755942e-08, 1.77070205609e-07, 1.8478289121e-08, 1.03746110369e-07, 1.21451336099e-07, 1.51007402138e-08, 2.57956961347e-10]
    },
    "erbbands": {
        "dmean": [0.00102125620469, 0.0662958025932, 1.08757245541, 3.5201561451, 10.5549688339, 6.90623521805, 2.44194316864, 2.43748903275, 9.02592754364, 17.3841743469, 6.13436365128, 37.9764518738, 39.8739891052, 23.3363990784, 20.0432186127, 11.1384525299, 14.6934499741, 24.2070274353, 22.4648761749, 27.6544742584, 8.60934066772, 4.85307264328, 6.97121810913, 2.66111683846, 4.00669574738, 6.5315489769, 2.29111289978, 3.92889022827, 4.73570871353, 1.25927698612, 1.30815720558, 1.65147387981, 1.42632436752, 1.37849938869, 0.629713058472, 0.208502545953, 0.0930719673634, 0.0234558619559, 0.000689929293003, 2.00440354092e-05],
        "dmean2": [0.0015423304867, 0.105248063803, 2.0066640377, 6.20838117599, 14.3733901978, 10.1538438797, 3.70921730995, 3.85941910744, 13.0166034698, 27.6776504517, 10.1142578125, 58.0700454712, 56.7329864502, 31.4583415985, 25.6222705841, 16.6684207916, 19.2206325531, 31.0167636871, 31.2135066986, 38.2973480225, 11.5371294022, 6.46190500259, 9.74517440796, 3.69688153267, 5.51995515823, 8.46303081512, 3.21429204941, 4.97647619247, 6.25382423401, 1.90223681927, 1.87689101696, 2.44752812386, 2.12388205528, 2.17315816879, 0.992686271667, 0.34516248107, 0.163635224104, 0.0419127643108, 0.001245670137, 3.2802716305e-05],
        "dvar": [2.6290410915e-06, 0.0139121254906, 2.57607316971, 26.3858280182, 438.365020752, 114.232887268, 11.913526535, 62.0848960876, 627.068725586, 2805.97924805, 470.182067871, 12792.7753906, 14918.6669922, 6598.26513672, 2206.86743164, 1071.86071777, 3025.97924805, 4348.96875, 2424.98144531, 8133.72802734, 592.436584473, 93.4615020752, 183.166229248, 20.4746837616, 57.8205375671, 146.285308838, 20.4286785126, 61.4999389648, 115.731117249, 8.4422750473, 9.8936958313, 27.7246952057, 11.1211385727, 15.4763002396, 2.61596822739, 0.279003530741, 0.066418081522, 0.00478563038632, 5.10857080371e-06, 1.85681892084e-09],
        "dvar2": [4.91470109409e-06, 0.0282254945487, 8.49361038208, 85.4292755127, 746.0625, 248.986312866, 25.3499507904, 161.623275757, 1073.04101562, 7164.12207031, 975.625488281, 29315.6445312, 30170.4667969, 10991.7910156, 3414.80419922, 2347.07836914, 4888.5625, 6728.92626953, 4617.26367188, 18502.5371094, 954.119018555, 164.960784912, 344.93637085, 38.2068824768, 107.699211121, 225.829498291, 38.4387931824, 91.8652114868, 239.498504639, 21.259344101, 20.2705192566, 46.1198120117, 22.5027942657, 36.1523170471, 5.53710126877, 0.64343726635, 0.177881106734, 0.0131104672328, 1.42980979945e-05, 4.95826579794e-09],
        "max": [0.047066397965, 3.25668478012, 24.4011383057, 61.3789405823, 298.988586426, 126.556358337, 40.4941062927, 135.059158325, 486.139587402, 823.083862305, 388.636505127, 1134.77636719, 1839.83813477, 1849.48828125, 1004.41650391, 501.472747803, 1306.33361816, 1295.3425293, 543.380615234, 1276.79626465, 570.471191406, 158.324020386, 201.448730469, 60.0389251709, 141.210754395, 142.843002319, 89.8791732788, 131.680419922, 110.617897034, 40.9874229431, 59.1848449707, 76.5918579102, 55.7971076965, 70.0442047119, 26.049779892, 6.18695688248, 2.13691997528, 0.614645838737, 0.0209320299327, 0.00040790863568],
        "mean": [0.00260994792916, 0.146152719855, 1.62468385696, 6.19003582001, 16.2122650146, 16.2145328522, 7.58735227585, 5.09902381897, 19.0808048248, 25.5964660645, 9.5435295105, 56.1341285706, 70.997215271, 45.7529640198, 47.9902153015, 25.1678676605, 28.1358242035, 49.0842285156, 43.8155059814, 41.4790039062, 16.5875072479, 10.0241537094, 15.3615026474, 5.76147699356, 8.32560348511, 13.6662845612, 4.75054836273, 8.53089141846, 8.91908740997, 2.10072875023, 2.00189733505, 2.73074388504, 2.03669691086, 1.56013333797, 0.701010525227, 0.208965912461, 0.0732129737735, 0.0164417810738, 0.000476014683954, 4.10293214372e-05],
        "median": [0.0012622079812, 0.0481682009995, 0.955921828747, 3.90058398247, 6.02807760239, 10.773607254, 5.86413192749, 1.97710895538, 4.39135742188, 11.5941228867, 3.88206720352, 6.87402391434, 9.03456020355, 6.55891132355, 10.5492687225, 5.20184183121, 4.35575294495, 4.33932685852, 4.68365907669, 9.99464321136, 4.15966367722, 3.14602732658, 3.78225159645, 2.33832526207, 2.57112145424, 3.78784561157, 1.89449560642, 2.09625148773, 1.05242586136, 0.575235903263, 0.740632414818, 0.899929642677, 0.677941203117, 0.413562268019, 0.133034005761, 0.0403694622219, 0.00732653262094, 0.000965364568401, 4.20353208028e-05, 3.17277117574e-05],
        "min": [3.80079646484e-22, 2.44815976851e-21, 3.91998711246e-21, 8.07899226345e-21, 3.33884927285e-20, 2.02637342714e-19, 2.26413809316e-19, 2.52137342759e-19, 3.77432277148e-19, 4.56702494514e-19, 6.2407370267e-19, 3.4447029296e-19, 6.93804769814e-19, 2.02550930774e-18, 2.02039505681e-18, 3.6759389434e-18, 3.53864557328e-18, 2.79797316355e-18, 4.03632085677e-18, 5.05342255156e-18, 7.38588741768e-18, 5.77111960618e-18, 6.8049278678e-18, 5.23025556855e-18, 1.36945284246e-17, 1.50724698773e-17, 1.32228874102e-17, 1.60256003186e-17, 1.80982767057e-17, 1.97932888948e-17, 1.8747821936e-17, 1.67496000759e-17, 1.27632752561e-17, 1.15565858329e-17, 8.31207741365e-18, 6.04608519514e-18, 3.07128873398e-18, 1.27764663054e-18, 2.96000249101e-19, 3.49352300011e-20],
        "var": [1.62276555784e-05, 0.0780484080315, 4.17060995102, 46.7570457458, 860.87298584, 316.429168701, 43.5932807922, 111.492210388, 2532.890625, 2965.6706543, 747.087585449, 22074.5488281, 31117.3613281, 17815.6308594, 15165.5976562, 3089.3828125, 7410.94482422, 13058.7333984, 7660.28222656, 12220.4306641, 2087.7512207, 377.921813965, 843.488647461, 76.9743728638, 220.012649536, 546.829406738, 52.8230018616, 231.477584839, 323.497833252, 14.6149110794, 18.4420433044, 59.953704834, 22.3292217255, 21.3036632538, 4.67364406586, 0.377744555473, 0.0504619367421, 0.00317403883673, 3.17009448736e-06, 1.87026016896e-09]
    },
    "gfcc": {
        "mean": [-28.7439079285, 85.4895629883, -114.24659729, 21.094959259, -67.0012741089, 13.0537023544, -47.1753387451, -0.654002606869, -38.3568191528, -7.73459005356, -29.0116424561, -13.2703733444, -11.3763914108],
        "cov": [[18498.7050781, -18.5447673798, -1806.50268555, 235.425491333, -746.440124512, 450.123809814, -288.467285156, 199.225189209, -330.24029541, -9.51372528076, -499.759796143, -259.111328125, -143.066085815], [-18.5447673798, 1097.96350098, -251.472351074, 69.6634597778, 13.5564661026, -176.398666382, 72.0036010742, -134.9375, 4.4011516571, -90.0995941162, 93.2071990967, -97.979927063, 24.2500228882], [-1806.50268555, -251.472351074, 1209.26733398, -45.7234077454, 164.992202759, -127.797172546, -270.547821045, 29.8862724304, -22.2617816925, -6.54384040833, 55.7465667725, 151.639099121, -41.0945549011], [235.425491333, 69.6634597778, -45.7234077454, 252.216049194, 9.23733901978, -27.9633960724, -43.0087852478, 4.07066679001, 58.2890930176, -41.1425628662, 3.26641726494, -8.127409935, 56.5391349792], [-746.440124512, 13.5564661026, 164.992202759, 9.23733901978, 195.289993286, -3.18629550934, 40.7131347656, -17.5848255157, -23.2480831146, 1.57732927799, 4.45884180069, 24.0857810974, 34.725769043], [450.123809814, -176.398666382, -127.797172546, -27.9633960724, -3.18629550934, 277.480987549, 141.036071777, 9.19575595856, -46.5118179321, 29.9456939697, -32.5788459778, 2.76990890503, 16.0262451172], [-288.467285156, 72.0036010742, -270.547821045, -43.0087852478, 40.7131347656, 141.036071777, 302.72076416, 1.16015040874, -16.7029018402, 7.26728820801, 13.4369926453, -19.2264461517, 19.7650146484], [199.225189209, -134.9375, 29.8862724304, 4.07066679001, -17.5848255157, 9.19575595856, 1.16015040874, 113.49597168, 42.7596740723, 8.26407241821, -6.86953878403, 21.4830379486, -12.5827102661], [-330.24029541, 4.4011516571, -22.2617816925, 58.2890930176, -23.2480831146, -46.5118179321, -16.7029018402, 42.7596740723, 142.740661621, 9.80061531067, 21.7247924805, -3.98626971245, -1.76296269894], [-9.51372528076, -90.0995941162, -6.54384040833, -41.1425628662, 1.57732927799, 29.9456939697, 7.26728820801, 8.26407241821, 9.80061531067, 90.0935897827, 15.8824872971, 8.67196941376, -13.5861682892], [-499.759796143, 93.2071990967, 55.7465667725, 3.26641726494, 4.45884180069, -32.5788459778, 13.4369926453, -6.86953878403, 21.7247924805, 15.8824872971, 107.85370636, 15.7321138382, -18.0098361969], [-259.111328125, -97.979927063, 151.639099121, -8.127409935, 24.0857810974, 2.76990890503, -19.2264461517, 21.4830379486, -3.98626971245, 8.67196941376, 15.7321138382, 82.0724411011, -2.63856577873], [-143.066085815, 24.2500228882, -41.0945549011, 56.5391349792, 34.725769043, 16.0262451172, 19.7650146484, -12.5827102661, -1.76296269894, -13.5861682892, -18.0098361969, -2.63856577873, 80.1772232056]],
        "icov": [[0.000124910002341, -0.00012568681268, 0.000195303742657, -0.000262870016741, 0.000187914192793, -0.000255389430095, 0.000367438944522, -0.000470771250548, 0.000514898099937, -0.000190284525161, 0.000429863954196, -3.34966694027e-06, 0.000427098362707], [-0.00012568681268, 0.00185141339898, 4.33242057625e-05, 0.000143682133057, -0.000323886633851, 0.00139312574174, -0.000970600463916, 0.00189272058196, -0.00046066896175, 0.00153635116294, -0.00195034558419, 0.0012423209846, -0.000612243253272], [0.000195303742657, 4.33242057625e-05, 0.00224123848602, 0.000258643820416, -0.00168987223879, -0.000602136307862, 0.00256593874656, -0.00101752765477, 0.000818568281829, 0.000863499124534, -0.000578891544137, -0.00196105381474, 0.00133152015042], [-0.000262870016741, 0.000143682133057, 0.000258643820416, 0.00703503098339, -0.00134454772342, -0.000437325128587, 0.00147303484846, 0.000585586822126, -0.00373007939197, 0.00344081735238, -0.00249290210195, -6.61957237753e-05, -0.00500347604975], [0.000187914192793, -0.000323886633851, -0.00168987223879, -0.00134454772342, 0.0087085608393, 0.00107840646524, -0.00290486775339, 0.00043796285172, 0.00183924578596, -0.00226945010945, 0.00199901801534, -0.000328953028657, -0.00259315455332], [-0.000255389430095, 0.00139312574174, -0.000602136307862, -0.000437325128587, 0.00107840646524, 0.00738124735653, -0.00459321308881, 0.00147780263796, 0.00105437776074, -0.00155941711273, 0.000549020362087, -4.22460543632e-05, -0.00157467788085], [0.000367438944522, -0.000970600463916, 0.00256593874656, 0.00147303484846, -0.00290486775339, -0.00459321308881, 0.00894236657768, -0.00304404529743, 0.000809694698546, 0.00139325053897, -0.00160388031509, -0.000475769018522, 0.000597675214522], [-0.000470771250548, 0.00189272058196, -0.00101752765477, 0.000585586822126, 0.00043796285172, 0.00147780263796, -0.00304404529743, 0.0146968662739, -0.00588048575446, 0.00137275143061, -0.000196718829102, -0.00241359975189, 0.000204527997994], [0.000514898099937, -0.00046066896175, 0.000818568281829, -0.00373007939197, 0.00183924578596, 0.00105437776074, 0.000809694698546, -0.00588048575446, 0.0125977145508, -0.00323238899, 0.000292518816423, 0.00130316289142, 0.00181606493425], [-0.000190284525161, 0.00153635116294, 0.000863499124534, 0.00344081735238, -0.00226945010945, -0.00155941711273, 0.00139325053897, 0.00137275143061, -0.00323238899, 0.0157858747989, -0.00488393893465, -0.000228318065638, -0.000122112120152], [0.000429863954196, -0.00195034558419, -0.000578891544137, -0.00249290210195, 0.00199901801534, 0.000549020362087, -0.00160388031509, -0.000196718829102, 0.000292518816423, -0.00488393893465, 0.0155426412821, -0.00337376329117, 0.00476621184498], [-3.34966694027e-06, 0.0012423209846, -0.00196105381474, -6.61957237753e-05, -0.000328953028657, -4.22460543632e-05, -0.000475769018522, -0.00241359975189, 0.00130316289142, -0.000228318065638, -0.00337376329117, 0.0185743626207, -0.00160735368263], [0.000427098362707, -0.000612243253272, 0.00133152015042, -0.00500347604975, -0.00259315455332, -0.00157467788085, 0.000597675214522, 0.000204527997994, 0.00181606493425, -0.000122112120152, 0.00476621184498, -0.00160735368263, 0.0199900511652]]
    },
    "melbands": {
        "dmean": [2.53987309407e-05, 0.000413315778133, 0.000741685566027, 0.000658118049614, 0.000121529308672, 5.46760929865e-05, 0.000159840506967, 0.000167356192833, 5.56447121198e-05, 0.000282823806629, 0.00020125991432, 9.3184018624e-05, 9.23003244679e-05, 2.56854273175e-05, 3.6872603232e-05, 4.18738491135e-05, 4.70526902063e-05, 4.09122731071e-05, 3.90647364839e-05, 2.58449181274e-05, 9.08281981538e-06, 4.62983189209e-06, 6.96346160112e-06, 6.42311715637e-06, 1.89784293525e-06, 1.70441603586e-06, 5.59236195841e-06, 4.1472335397e-06, 1.52882034854e-06, 1.59203773364e-06, 2.80850827039e-06, 3.43285228155e-06, 1.28921976739e-06, 5.40416749573e-07, 6.92686910497e-07, 1.02654405509e-06, 1.11240967726e-06, 9.891919035e-07, 1.10209475679e-06, 1.22073379316e-06],
        "dmean2": [3.55514312105e-05, 0.000759361253586, 0.00119176565204, 0.000925739703234, 0.000180630755494, 8.77826241776e-05, 0.000232891630731, 0.000265606679022, 9.01841340237e-05, 0.000433282344602, 0.000286399648758, 0.000127232327941, 0.000121914978081, 3.97401781811e-05, 5.26443109266e-05, 5.33376369276e-05, 6.15132958046e-05, 5.79207699047e-05, 5.64246656722e-05, 3.68533619621e-05, 1.220581089e-05, 6.51518485029e-06, 9.43222312344e-06, 9.45979991229e-06, 2.76036621472e-06, 2.53820553553e-06, 7.65826644056e-06, 5.68486348129e-06, 2.24590894504e-06, 2.30598129747e-06, 3.63761455446e-06, 4.51902678833e-06, 2.02574210562e-06, 8.49870787079e-07, 1.04748369267e-06, 1.48063418237e-06, 1.67915356997e-06, 1.5094911987e-06, 1.69213592471e-06, 1.95019583771e-06],
        "dvar": [2.12381112696e-09, 3.71762183704e-07, 1.37813435686e-06, 1.31897570554e-06, 3.03273530733e-08, 3.08992760267e-08, 1.78365951342e-07, 2.6751263249e-07, 6.78244873598e-08, 6.82693155341e-07, 3.68854699673e-07, 1.18343827182e-07, 5.19979330704e-08, 7.8218249655e-09, 2.33943033834e-08, 1.74076326687e-08, 1.49799603832e-08, 9.23902376826e-09, 1.06250475085e-08, 6.96560720215e-09, 7.70352615032e-10, 1.11533213221e-10, 1.67641803217e-10, 1.81007236977e-10, 1.15457409258e-11, 1.03586679165e-11, 1.27063179423e-10, 6.20483178726e-11, 1.00195875902e-11, 9.11539333598e-12, 3.35177059718e-11, 6.0309909844e-11, 1.50557569883e-11, 1.3833567538e-12, 2.5645412443e-12, 8.85934381412e-12, 1.27232530067e-11, 4.79648959439e-12, 1.20749070465e-11, 1.121117435e-11],
        "dvar2": [3.26685967167e-09, 1.20472475373e-06, 3.01856130136e-06, 2.30334785556e-06, 6.3430476871e-08, 8.06706594858e-08, 3.09943544607e-07, 6.68716154451e-07, 1.31526732616e-07, 1.53417556703e-06, 7.39654012705e-07, 1.90996630067e-07, 8.91393767688e-08, 1.99805807455e-08, 4.08142746267e-08, 3.41095258705e-08, 2.47759821548e-08, 1.85827087051e-08, 2.39438993077e-08, 1.39337235083e-08, 1.28701771462e-09, 2.14816220367e-10, 2.56278692712e-10, 3.82845644076e-10, 2.25716546148e-11, 2.11444212833e-11, 2.29637101001e-10, 1.00752566012e-10, 1.88928699074e-11, 1.69488416357e-11, 5.11418199456e-11, 1.22201693209e-10, 3.71223607409e-11, 3.49791246315e-12, 5.89042746871e-12, 1.54421666426e-11, 2.21235911535e-11, 9.65492182731e-12, 2.99225436096e-11, 2.59968210153e-11],
        "max": [0.00140611105599, 0.0100072994828, 0.0158167220652, 0.0155349271372, 0.00272220233455, 0.00310680433176, 0.00805456284434, 0.00808577053249, 0.00529600586742, 0.00992998015136, 0.00887031108141, 0.00801492296159, 0.0045663099736, 0.00136717327405, 0.00319289811887, 0.00231024622917, 0.00223597697914, 0.0011991179781, 0.00117669941392, 0.00109806959517, 0.000602911401074, 0.000203322822927, 0.00033003804856, 0.000192294697626, 4.80689886899e-05, 5.1511447964e-05, 0.000162265350809, 8.71383454069e-05, 6.09297821939e-05, 5.14424245921e-05, 8.5225336079e-05, 7.76811357355e-05, 5.17202570336e-05, 1.63209933817e-05, 2.74627891486e-05, 5.33894017281e-05, 5.57068815397e-05, 3.40195219906e-05, 6.56885458739e-05, 5.41489062016e-05],
        "mean": [6.38969650026e-05, 0.000631047412753, 0.00133381702472, 0.001237821416, 0.000358089542715, 0.000110215187306, 0.000323012267472, 0.000239765853621, 8.14102168079e-05, 0.000428601721069, 0.000357278157026, 0.000175312990905, 0.000216569649638, 4.49732760899e-05, 7.58931273594e-05, 7.19807867426e-05, 9.01354142115e-05, 7.03482219251e-05, 5.88391303609e-05, 3.90826025978e-05, 1.54488316184e-05, 8.54511745274e-06, 1.43545084939e-05, 1.28695728563e-05, 3.45275407199e-06, 3.168976491e-06, 1.10840683192e-05, 8.26940868137e-06, 2.70327427643e-06, 2.92084223474e-06, 5.92420065004e-06, 6.31914053884e-06, 2.00024305741e-06, 7.97602695002e-07, 9.9313785995e-07, 1.52385928232e-06, 1.73195530806e-06, 1.44504133459e-06, 1.33076537168e-06, 1.30583589453e-06],
        "median": [1.85377812159e-05, 0.000359422818292, 0.00073433102807, 0.000695356051438, 0.000254078564467, 4.45575824415e-05, 8.65193942445e-05, 0.000104676539195, 1.69654576894e-05, 4.92117760587e-05, 4.10870234191e-05, 2.11472397496e-05, 4.30450818385e-05, 1.35870477607e-05, 1.08450285552e-05, 7.27625592845e-06, 8.42720874061e-06, 6.05925060881e-06, 1.17826521091e-05, 9.26559459913e-06, 3.89964952774e-06, 2.55512736658e-06, 3.48536855199e-06, 3.0417158996e-06, 1.4847928469e-06, 1.25692133679e-06, 2.58013960774e-06, 2.22769199354e-06, 9.59860699368e-07, 1.01492412341e-06, 1.16300225272e-06, 5.77651064759e-07, 2.46110857915e-07, 2.33760744095e-07, 3.4447484154e-07, 4.07355940979e-07, 5.27894940205e-07, 4.51906572607e-07, 3.84948236842e-07, 3.10499302714e-07],
        "min": [3.22632652031e-24, 2.37640521722e-24, 1.82743927986e-24, 5.7493717107e-24, 1.0167426259e-23, 5.80249044861e-24, 6.3572308478e-24, 4.80786937576e-24, 4.86638392226e-24, 1.88099366621e-24, 3.50313051499e-24, 8.52275697898e-24, 6.81960549574e-24, 8.22026984259e-24, 8.08068169427e-24, 8.52064519833e-24, 4.63779806434e-24, 6.6380775574e-24, 4.37939799737e-24, 8.45937042752e-24, 8.13952756236e-24, 5.60351645692e-24, 7.2846626652e-24, 5.21999358404e-24, 3.65673672159e-24, 6.69174770909e-24, 1.0536503511e-23, 9.74294651679e-24, 8.04066041397e-24, 7.28077358094e-24, 1.04618551812e-23, 8.02082213993e-24, 1.05013786903e-23, 1.12512438344e-23, 1.03202940918e-23, 1.11592531865e-23, 9.27328082193e-24, 7.70840245588e-24, 6.82307806145e-24, 1.03246833139e-23],
        "var": [1.59737609806e-08, 6.81002973124e-07, 2.96754069495e-06, 2.82207815872e-06, 1.23965861576e-07, 5.24558778636e-08, 6.61198953367e-07, 2.918352493e-07, 1.30723151415e-07, 1.25201256651e-06, 7.84146777733e-07, 3.34381184075e-07, 3.39366494018e-07, 9.58384660521e-09, 6.31710790344e-08, 3.77107021166e-08, 4.30790336736e-08, 2.34998100979e-08, 2.01868939342e-08, 1.19771259577e-08, 2.24073759547e-09, 3.10841852258e-10, 9.37009692059e-10, 6.27434881828e-10, 3.13718460931e-11, 3.7355188387e-11, 4.05584121843e-10, 2.19942453139e-10, 2.22193097255e-11, 2.33084437168e-11, 1.26019791824e-10, 1.69785532855e-10, 2.51281495611e-11, 2.3120197163e-12, 3.98655804548e-12, 1.90752136309e-11, 2.51099488424e-11, 1.0410278542e-11, 1.40243936256e-11, 1.57932278366e-11]
    },
    "mfcc": {
