{
"metadata": {
    "version": {
        "essentia": "2.0.1",
        "extractor": "archive-music 1.0"
    },
    "audio_properties": {
        "analysis_sample_rate": 44100,
        "bitrate": 128,
        "channels": 2,
        "equal_loudness": 0,
        "length": 16.0914287567,
        "replay_gain": -11.370475769,
        "downmix": "mix"
    },
    "tags": {
        "track": 0,
        "year": 0,
        "album": "БУДЕМ ВМЕСТЕ",
        "artist": "ReconQuistA",
        "comment": "",
        "genre": "Other",
        "title": "Власть Огня"
    }
},
"highlevel": {
    "culture": {
        "all": {
            "non_western": 3.00000096379e-14,
            "western": 1
        },
        "probability": 1,
        "value": "western"
    },
    "danceability": {
        "all": {
            "danceable": 0.156758353114,
            "not_danceable": 0.843241631985
        },
        "probability": 0.843241631985,
        "value": "not_danceable"
    },
    "gender": {
        "all": {
            "female": 0.0930411443114,
            "male": 0.90695887804
        },
        "probability": 0.90695887804,
        "value": "male"
    },
    "genre_dortmund": {
        "all": {
            "alternative": 0.0520766377449,
            "blues": 0.111408293247,
            "electronic": 0.0376280471683,
            "folkcountry": 0.0118304351345,
            "funksoulrnb": 0.0828735008836,
            "jazz": 0.0556008927524,
            "pop": 0.0739013180137,
            "raphiphop": 0.0165270790458,
            "rock": 0.558153808117
        },
        "probability": 0.558153808117,
        "value": "rock"
    },
    "genre_electronic": {
        "all": {
            "ambient": 0.0816961526871,
            "dnb": 0.235615551472,
            "house": 0.10986328125,
            "techno": 0.0173929128796,
            "trance": 0.555432081223
        },
        "probability": 0.555432081223,
        "value": "trance"
    },
    "genre_rosamerica": {
        "all": {
            "cla": 0.000501397589687,
            "dan": 0.182264342904,
            "hip": 0.0105594974011,
            "jaz": 0.000878236896824,
            "pop": 0.0235187150538,
            "rhy": 0.00355265219696,
            "roc": 0.777351737022,
            "spe": 0.00137340871152
        },
        "probability": 0.777351737022,
        "value": "roc"
    },
    "genre_tzanetakis": {
        "all": {
            "blu": 0.00279774121009,
            "cla": 0.00268502556719,
            "cou": 0.00779977021739,
            "dis": 0.0456096045673,
            "hip": 0.609572350979,
            "jaz": 0.0154666285962,
            "met": 0.0628959983587,
            "pop": 0.104971393943,
            "reg": 0.0402068421245,
            "roc": 0.107994675636
        },
        "probability": 0.609572350979,
        "value": "hip"
    },
    "mirex_ballroom": {
        "all": {
            "ChaChaCha": 0.414948165417,
            "Jive": 0.281219780445,
            "Quickstep": 0.0140345841646,
            "Rumba-American": 0.00159537524451,
            "Rumba-International": 0.00135020737071,
            "Rumba-Misc": 0.000948003376834,
            "Samba": 0.283048778772,
            "Tango": 0.000953327456955,
            "VienneseWaltz": 0.00135630811565,
            "Waltz": 0.000545494025573
        },
        "probability": 0.414948165417,
        "value": "ChaChaCha"
    },
    "mood_acoustic": {
        "all": {
            "acoustic": 8.04008308819e-08,
            "not_acoustic": 0.999999940395
        },
        "probability": 0.999999940395,
        "value": "not_acoustic"
    },
    "mood_aggressive": {
        "all": {
            "aggressive": 0.997475385666,
            "not_aggressive": 0.00252460455522
        },
        "probability": 0.997475385666,
        "value": "aggressive"
    },
    "mood_electronic": {
        "all": {
            "electronic": 0.761908471584,
            "not_electronic": 0.238091513515
        },
        "probability": 0.761908471584,
        "value": "electronic"
    },
    "mood_happy": {
        "all": {
            "happy": 0.27659997344,
            "not_happy": 0.723400056362
        },
        "probability": 0.723400056362,
        "value": "not_happy"
    },
    "mood_party": {
        "all": {
            "not_party": 0.13575476408,
            "party": 0.86424523592
        },
        "probability": 0.86424523592,
        "value": "party"
    },
    "mood_relaxed": {
        "all": {
            "not_relaxed": 0.983925759792,
            "relaxed": 0.0160742457956
        },
        "probability": 0.983925759792,
        "value": "not_relaxed"
    },
    "mood_sad": {
        "all": {
            "not_sad": 0.992210686207,
            "sad": 0.00778933381662
        },
        "probability": 0.992210686207,
        "value": "not_sad"
    },
    "moods_mirex": {
        "all": {
            "Cluster1": 0.656936883926,
            "Cluster2": 0.035803809762,
            "Cluster3": 0.0129586756229,
            "Cluster4": 0.0514306686819,
            "Cluster5": 0.242869988084
        },
        "probability": 0.656936883926,
        "value": "Cluster1"
    },
    "timbre": {
        "all": {
            "bright": 0.169100031257,
            "dark": 0.830899953842
        },
        "probability": 0.830899953842,
        "value": "dark"
    },
    "tonal_atonal": {
        "all": {
            "atonal": 0.951601147652,
            "tonal": 0.0483988262713
        },
        "probability": 0.951601147652,
        "value": "atonal"
    },
    "voice_instrumental": {
        "all": {
            "instrumental": 0.00145802460611,
            "voice": 0.99854195118
        },
        "probability": 0.99854195118,
        "value": "voice"
    }
},
"lowlevel": {
    "average_loudness": 0.964829981327,
    "barkbands_kurtosis": {
        "dmean": 2.09335517883,
        "dmean2": 3.30913567543,
        "dvar": 10.5337057114,
        "dvar2": 22.7504291534,
        "max": 41.9986457825,
        "mean": 1.50227057934,
        "median": -0.02508020401,
        "min": -1.84245479107,
        "var": 19.3464622498
    },
    "barkbands_skewness": {
        "dmean": 0.572813749313,
        "dmean2": 0.88051122427,
        "dvar": 0.29148760438,
        "dvar2": 0.618309438229,
        "max": 6.30621623993,
        "mean": 1.34758484364,
        "median": 1.13989245892,
        "min": -2.030616045,
        "var": 0.954934775829
    },
    "barkbands_spread": {
        "dmean": 8.68548202515,
        "dmean2": 13.3674573898,
        "dvar": 68.0651473999,
        "dvar2": 144.737472534,
        "max": 94.662322998,
        "mean": 40.4955101013,
        "median": 39.7558517456,
        "min": 4.50744152069,
        "var": 241.795440674
    },
    "dissonance": {
        "dmean": 0.00934517476708,
        "dmean2": 0.0159360058606,
        "dvar": 9.31383765419e-05,
        "dvar2": 0.000264774134848,
        "max": 0.499982625246,
        "mean": 0.486142545938,
        "median": 0.488967835903,
        "min": 0.424176424742,
        "var": 0.000113527370559
    },
    "dynamic_complexity": 1.94049954414,
    "erbbands_kurtosis": {
        "dmean": 0.868624687195,
        "dmean2": 1.37746953964,
        "dvar": 0.853903055191,
        "dvar2": 1.93868207932,
        "max": 11.2643289566,
        "mean": 0.560028910637,
        "median": 0.256726264954,
        "min": -1.6132837534,
        "var": 2.27126455307
    },
    "erbbands_skewness": {
        "dmean": 0.312505930662,
        "dmean2": 0.47963270545,
        "dvar": 0.0855178758502,
        "dvar2": 0.180523887277,
        "max": 1.46420514584,
        "mean": -0.63489818573,
        "median": -0.690200805664,
        "min": -2.52824473381,
        "var": 0.336602151394
    },
    "erbbands_spread": {
        "dmean": 10.0330448151,
        "dmean2": 15.6923503876,
        "dvar": 93.1353683472,
        "dvar2": 214.924072266,
        "max": 121.022506714,
        "mean": 44.1562805176,
        "median": 40.7616500854,
        "min": 8.36188697815,
        "var": 288.799926758
    },
    "hfc": {
        "dmean": 11.1622829437,
        "dmean2": 17.0406665802,
        "dvar": 160.896377563,
        "dvar2": 377.649749756,
        "max": 128.170700073,
        "mean": 39.9449653625,
        "median": 36.2478027344,
        "min": 1.1639828823e-16,
        "var": 562.601135254
    },
    "melbands_kurtosis": {
        "dmean": 9.23432445526,
        "dmean2": 14.2399492264,
        "dvar": 160.551300049,
        "dvar2": 331.364013672,
        "max": 155.582260132,
        "mean": 15.6590051651,
        "median": 9.30623817444,
        "min": -1.37904727459,
        "var": 353.765869141
    },
    "melbands_skewness": {
        "dmean": 0.973718166351,
        "dmean2": 1.47355759144,
        "dvar": 0.8733689785,
        "dvar2": 1.896484375,
        "max": 11.0726099014,
        "mean": 3.38871097565,
        "median": 3.02784490585,
        "min": -0.116763502359,
        "var": 2.95973324776
    },
    "melbands_spread": {
        "dmean": 11.254737854,
        "dmean2": 17.7373905182,
        "dvar": 124.625984192,
        "dvar2": 286.496612549,
        "max": 157.552810669,
        "mean": 33.238319397,
        "median": 31.4446640015,
        "min": 2.87978410721,
        "var": 357.573150635
    },
    "pitch_salience": {
        "dmean": 0.097599633038,
        "dmean2": 0.151367977262,
        "dvar": 0.00727608427405,
        "dvar2": 0.0166392549872,
        "max": 0.837617635727,
        "mean": 0.498165696859,
        "median": 0.505957126617,
        "min": 0.110779240727,
        "var": 0.0172395929694
    },
    "silence_rate_20dB": {
        "dmean": 0,
        "dmean2": 0,
        "dvar": 0,
        "dvar2": 0,
        "max": 1,
        "mean": 1,
        "median": 1,
        "min": 1,
        "var": 0
    },
    "silence_rate_30dB": {
        "dmean": 0.0432900451124,
        "dmean2": 0.0867052003741,
        "dvar": 0.0414164885879,
        "dvar2": 0.110978372395,
        "max": 1,
        "mean": 0.971181571484,
        "median": 1,
        "min": 0,
        "var": 0.0279876552522
    },
    "silence_rate_60dB": {
        "dmean": 0.00288600288332,
        "dmean2": 0.00578034669161,
        "dvar": 0.00287768919952,
        "dvar2": 0.00574690150097,
        "max": 1,
        "mean": 0.048991356045,
        "median": 0,
        "min": 0,
        "var": 0.0465913936496
    },
    "spectral_centroid": {
        "dmean": 322.009368896,
        "dmean2": 484.871398926,
        "dvar": 217993.953125,
        "dvar2": 275121.5625,
        "max": 10749.8671875,
        "mean": 2324.20629883,
        "median": 2303.17382812,
        "min": 365.097106934,
        "var": 486768
    },
    "spectral_complexity": {
        "dmean": 5.67099571228,
        "dmean2": 8.55491352081,
        "dvar": 27.8831424713,
        "dvar2": 53.1401062012,
        "max": 59,
        "mean": 32.4438056946,
        "median": 35,
        "min": 0,
        "var": 147.581268311
    },
    "spectral_crest": {
        "dmean": 3.54641246796,
        "dmean2": 5.48737955093,
        "dvar": 10.0031337738,
        "dvar2": 20.7702007294,
        "max": 24.7518615723,
        "mean": 12.2415571213,
        "median": 11.6433496475,
        "min": 2.82753705978,
        "var": 26.2390289307
    },
    "spectral_decrease": {
        "dmean": 4.26867474701e-09,
        "dmean2": 6.84389656058e-09,
        "dvar": 2.54851038005e-17,
        "dvar2": 5.98524730186e-17,
        "max": -2.24059530001e-29,
        "mean": -1.14246541116e-08,
        "median": -1.01985344614e-08,
        "min": -3.82909739471e-08,
        "var": 5.17111430542e-17
    },
    "spectral_energy": {
        "dmean": 0.0166508238763,
        "dmean2": 0.0265878066421,
        "dvar": 0.000381917372579,
        "dvar2": 0.000909767404664,
        "max": 0.151078477502,
        "mean": 0.0467424243689,
        "median": 0.0427143797278,
        "min": 1.09069507177e-20,
        "var": 0.000788011471741
    },
    "spectral_energyband_high": {
        "dmean": 0.00110638618935,
        "dmean2": 0.00169889826793,
        "dvar": 2.20819833885e-06,
        "dvar2": 5.22492064192e-06,
        "max": 0.0154947843403,
        "mean": 0.00291471253149,
        "median": 0.00217162631452,
        "min": 7.60072111847e-21,
        "var": 7.01891531207e-06
    },
    "spectral_energyband_low": {
        "dmean": 0.0140725243837,
        "dmean2": 0.022065738216,
        "dvar": 0.000327826011926,
        "dvar2": 0.000711607164703,
        "max": 0.125106662512,
        "mean": 0.0279374774545,
        "median": 0.0209680888802,
        "min": 6.27989321235e-23,
        "var": 0.00062861648621
    },
    "spectral_energyband_middle_high": {
        "dmean": 0.00233614398167,
        "dmean2": 0.00357868801802,
        "dvar": 5.94005678067e-06,
        "dvar2": 1.15877419375e-05,
        "max": 0.0271878894418,
        "mean": 0.00808842107654,
        "median": 0.00720881018788,
        "min": 1.89537410984e-21,
        "var": 2.94290075544e-05
    },
    "spectral_energyband_middle_low": {
        "dmean": 0.00542862107977,
        "dmean2": 0.0094043277204,
        "dvar": 8.65788315423e-05,
        "dvar2": 0.000242827445618,
        "max": 0.0791587457061,
        "mean": 0.00892493873835,
        "median": 0.00678782723844,
        "min": 1.98028863754e-22,
        "var": 7.14697234798e-05
    },
    "spectral_flatness_db": {
        "dmean": 0.0226146876812,
        "dmean2": 0.0339991860092,
        "dvar": 0.000392369722249,
        "dvar2": 0.000886758964043,
        "max": 0.229154825211,
        "mean": 0.107056096196,
        "median": 0.101140581071,
        "min": 0.0303198825568,
        "var": 0.00136158196256
    },
    "spectral_flux": {
        "dmean": 0.0320754125714,
        "dmean2": 0.0532619766891,
        "dvar": 0.00109600857832,
        "dvar2": 0.00250759162009,
        "max": 0.283048987389,
        "mean": 0.114175029099,
        "median": 0.107490450144,
        "min": 1.0581427401e-10,
        "var": 0.00250725867227
    },
    "spectral_kurtosis": {
        "dmean": 0.803231835365,
        "dmean2": 1.34583079815,
        "dvar": 0.686674058437,
        "dvar2": 1.79569816589,
        "max": 9.43504524231,
        "mean": 2.46378302574,
        "median": 2.28644061089,
        "min": -1.25781798363,
        "var": 1.52102196217
    },
    "spectral_rms": {
        "dmean": 0.0011295445729,
        "dmean2": 0.00177655962761,
        "dvar": 1.4503877992e-06,
        "dvar2": 3.41076110999e-06,
        "max": 0.0121405785903,
        "mean": 0.00637238146737,
        "median": 0.00645542889833,
        "min": 3.26204341317e-12,
        "var": 4.99510815644e-06
    },
    "spectral_rolloff": {
        "dmean": 868.847839355,
        "dmean2": 1418.32849121,
        "dvar": 1654133.125,
        "dvar2": 3359158.5,
        "max": 18884.6191406,
        "mean": 2278.94995117,
        "median": 2067.1875,
        "min": 64.599609375,
        "var": 4383339.5
    },
    "spectral_skewness": {
        "dmean": 0.154778644443,
        "dmean2": 0.242773681879,
        "dvar": 0.0244042370468,
        "dvar2": 0.0589877292514,
        "max": 1.93549597263,
        "mean": 1.02866411209,
        "median": 1.022149086,
        "min": 0.00860536750406,
        "var": 0.0669106394053
    },
    "spectral_spread": {
        "dmean": 591764.9375,
        "dmean2": 776132.0625,
        "dvar": 3.27195400602e+12,
        "dvar2": 3.05854074061e+12,
        "max": 42600764,
        "mean": 4869736.5,
        "median": 4579755.5,
        "min": 2743615.5,
        "var": 5.2368417751e+12
    },
    "spectral_strongpeak": {
        "dmean": 0.21869930625,
        "dmean2": 0.36915537715,
        "dvar": 0.24675360322,
        "dvar2": 0.600002527237,
        "max": 5.37607812881,
        "mean": 0.427438288927,
        "median": 0.340748012066,
        "min": 0,
        "var": 0.265549361706
    },
    "zerocrossingrate": {
        "dmean": 0.0143151665106,
        "dmean2": 0.0165719278157,
        "dvar": 0.000443311437266,
        "dvar2": 0.000707006198354,
        "max": 0.50146484375,
        "mean": 0.0803525224328,
        "median": 0.07421875,
        "min": 0.01220703125,
        "var": 0.002255235333
    },
    "barkbands": {
        "dmean": [0.000400668883231, 0.0129060605541, 0.00282908300869, 0.00186081440188, 0.00300031132065, 0.000775380991399, 0.000595433055423, 0.000443749391707, 0.000471048406325, 0.00044928205898, 0.000492480001412, 0.000376196956495, 0.000401054363465, 0.000557558552828, 0.000341417966411, 0.000381864170777, 0.000510965648573, 0.000467520934762, 0.000487550307298, 0.00037310589687, 0.000379098666599, 0.000310603005346, 0.000227377662668, 0.000156144509674, 0.000141346739838, 4.55365661765e-05, 3.98761267206e-06],
        "dmean2": [0.000609387177974, 0.0197445675731, 0.00513856997713, 0.00321935652755, 0.00521300733089, 0.00137703365181, 0.000954256393015, 0.000792107079178, 0.000767183373682, 0.000736974761821, 0.000782783259638, 0.000573191966396, 0.000649626308586, 0.000887114962097, 0.000533686485142, 0.000615956960246, 0.000815469073132, 0.000756119261496, 0.000790909165516, 0.000624719716143, 0.000625455111731, 0.000520108791534, 0.000355793104973, 0.000241723493673, 0.000195969449123, 6.62836173433e-05, 6.74154716762e-06],
        "dvar": [2.90508410217e-07, 0.000293575314572, 2.96951257042e-05, 6.72609712637e-06, 2.10839571082e-05, 4.2689748625e-06, 1.46587069594e-06, 1.49134643834e-06, 7.75233672812e-07, 6.28746704479e-07, 1.11542249215e-06, 7.02505644767e-07, 9.87066869129e-07, 1.43476654557e-06, 3.06594813537e-07, 3.28943343675e-07, 4.23460051024e-07, 4.37639073425e-07, 4.64760887553e-07, 2.37896998101e-07, 2.89082947802e-07, 2.21644356202e-07, 1.31375045953e-07, 7.47948050162e-08, 1.20679274573e-07, 7.08219394241e-09, 1.11823557358e-10],
        "dvar2": [6.87547696998e-07, 0.000583077373449, 8.28683405416e-05, 1.91523977264e-05, 5.98048209213e-05, 1.21565226436e-05, 3.79780453841e-06, 4.32615843238e-06, 2.04200864573e-06, 1.55467694185e-06, 2.64328718913e-06, 1.75075433617e-06, 2.12979102798e-06, 3.02070884572e-06, 6.85843815518e-07, 7.69298765135e-07, 9.8771397461e-07, 9.91666297523e-07, 1.09932454961e-06, 6.38035714928e-07, 7.38845244541e-07, 6.10051301919e-07, 2.94141386803e-07, 1.63637679407e-07, 2.48099524924e-07, 1.2551303108e-08, 2.91056762025e-10],
        "max": [0.00445244926959, 0.119204133749, 0.0463661886752, 0.0177869647741, 0.0378682203591, 0.0255746133626, 0.0134386960417, 0.0172826759517, 0.00854713842273, 0.0104440562427, 0.0168031193316, 0.00967674423009, 0.0144305713475, 0.018079387024, 0.00618792884052, 0.00818970892578, 0.00821151770651, 0.00775727024302, 0.00777208292857, 0.00519604980946, 0.00579105364159, 0.00374435214326, 0.00543185789138, 0.00378232868388, 0.00490561174229, 0.00130504439585, 0.000134367481223],
        "mean": [0.000594438111875, 0.0236094146967, 0.00275481678545, 0.00219547748566, 0.00384163879789, 0.000829831522424, 0.000769506208599, 0.00042854694766, 0.000622544728685, 0.000635680335108, 0.000860309985001, 0.000618415768258, 0.000671198708005, 0.000861573615111, 0.000629317772109, 0.000697667710483, 0.000954744173214, 0.000911335635465, 0.000975028669927, 0.000764658383559, 0.000749928702135, 0.000648267101496, 0.000453121261671, 0.000318601931212, 0.000257376610534, 8.47293849802e-05, 4.27570876127e-06],
        "median": [0.000429330044426, 0.0173902865499, 0.00120838894509, 0.00144809158519, 0.00253696134314, 0.000413565285271, 0.000304662447888, 0.000172042535269, 0.000353160721716, 0.000296808109852, 0.00024359577219, 0.000207398392376, 0.0001926831319, 0.000326128501911, 0.000290278054308, 0.000446088815806, 0.00065834634006, 0.000618274323642, 0.000729608698748, 0.00059010979021, 0.000557219842449, 0.000482859992189, 0.000313968164846, 0.000181581068318, 9.17555444175e-05, 3.23856802424e-05, 9.75360308075e-07],
        "min": [1.72808007948e-24, 1.52215823481e-23, 1.06214803966e-23, 1.91183154062e-23, 3.40724265758e-23, 3.65844689315e-23, 1.63336285221e-23, 1.21433847759e-23, 2.973808713e-23, 2.01751050293e-23, 3.61554579722e-23, 4.97096408022e-23, 3.42671458462e-23, 7.13807037868e-23, 1.98480836876e-22, 2.35590974316e-22, 1.23869110283e-22, 1.81188387367e-22, 2.73402983391e-22, 3.83258642336e-22, 4.26442099978e-22, 4.30519034111e-22, 6.22092428196e-22, 8.52190507231e-22, 9.39053862149e-22, 1.88421868263e-21, 2.27856916368e-21],
        "var": [4.35007564192e-07, 0.000554325408302, 2.15451527765e-05, 6.59701481709e-06, 1.88394442375e-05, 2.80918516182e-06, 1.79388348442e-06, 9.998304904e-07, 7.84595840742e-07, 1.10208873139e-06, 3.27686689161e-06, 1.38591599352e-06, 2.1451135126e-06, 2.63993365479e-06, 7.86027840149e-07, 6.7985916985e-07, 8.78251171343e-07, 9.05029992282e-07, 1.01187117707e-06, 4.56356701761e-07, 5.28724058313e-07, 3.81408227668e-07, 3.24568674159e-07, 2.01731864991e-07, 3.07627374241e-07, 2.15825810557e-08, 1.09728538755e-10]
    },
    "erbbands": {
        "dmean": [0.494011729956, 2.58769512177, 3.18153786659, 4.62372732162, 9.01166152954, 10.8833436966, 6.72700023651, 6.93589830399, 8.61255931854, 8.14762592316, 9.30563545227, 10.2050333023, 15.8220529556, 12.5342292786, 18.870885849, 13.6895122528, 15.7872152328, 24.8901882172, 18.4584083557, 18.5905761719, 18.8379096985, 27.8054008484, 27.2055206299, 21.2879600525, 24.2676239014, 17.2656135559, 13.2682590485, 16.0704441071, 10.2592878342, 10.850484848, 6.37312507629, 3.48972082138, 2.88723993301, 1.94340205193, 0.822576880455, 0.273381799459, 0.0815178900957, 0.0135192498565, 0.000335883552907, 2.53907401202e-05],
        "dmean2": [0.707055151463, 4.08945798874, 5.64582586288, 8.17196559906, 15.6414718628, 18.846529007, 11.7350597382, 12.2313251495, 14.4319267273, 13.9350357056, 16.6274871826, 16.7849597931, 26.565946579, 19.4651069641, 29.0112438202, 21.3058185577, 25.2643260956, 37.7434196472, 28.7787246704, 29.0400810242, 30.3968601227, 44.7336196899, 43.6305809021, 34.301448822, 39.3170509338, 29.0959072113, 21.8200569153, 27.0349216461, 16.8255786896, 17.7118415833, 9.98632526398, 5.4955663681, 4.36160898209, 2.66230726242, 1.21408891678, 0.416405528784, 0.112625561655, 0.0196816846728, 0.000510060111992, 3.76534335373e-05],
        "dvar": [0.42960858345, 11.7764263153, 38.8287696838, 44.2781677246, 166.606567383, 314.114776611, 145.510101318, 361.805969238, 373.159942627, 270.187072754, 786.504577637, 262.314483643, 1085.4588623, 513.785705566, 1736.97509766, 1045.3737793, 1064.67077637, 2924.84350586, 789.619384766, 877.576660156, 640.655517578, 1261.08288574, 1639.29345703, 591.145446777, 1308.89587402, 528.492675781, 386.667572021, 540.975769043, 220.345687866, 306.481719971, 106.681312561, 27.7847976685, 31.2105884552, 24.2695198059, 4.06456041336, 0.269886732101, 0.0245134476572, 0.000998037168756, 6.31473028534e-07, 8.70239713624e-10],
        "dvar2": [0.817883431911, 26.2187919617, 111.812271118, 122.432678223, 480.812225342, 879.563476562, 401.937896729, 1028.34008789, 968.874267578, 738.319885254, 2271.75830078, 672.405639648, 2829.33374023, 1290.9831543, 3790.19946289, 2780.52880859, 2203.484375, 6158.91601562, 1656.59411621, 1877.36669922, 1491.39233398, 2814.66259766, 3745.86425781, 1347.3079834, 3117.77319336, 1449.8067627, 1007.16699219, 1379.89172363, 604.482543945, 791.998718262, 244.978546143, 65.194519043, 68.1995010376, 51.5889167786, 8.36528301239, 0.534589469433, 0.0439527444541, 0.00206230231561, 1.41605983117e-06, 1.81667114685e-09],
        "max": [4.87091207504, 25.0987262726, 52.9120674133, 44.9041481018, 112.026535034, 180.308654785, 101.719284058, 224.123413086, 194.703063965, 190.516235352, 402.692443848, 170.004989624, 314.057739258, 387.487335205, 649.530273438, 474.994018555, 410.854675293, 1046.06286621, 299.594451904, 438.443206787, 301.136657715, 500.794372559, 531.495910645, 300.236633301, 404.577056885, 281.507171631, 301.095672607, 222.003982544, 168.534515381, 198.427368164, 141.9243927, 80.1611022949, 77.3435897827, 69.9443969727, 27.865945816, 6.71077203751, 2.85081195831, 0.507938086987, 0.0112625006586, 0.000377134274459],
        "mean": [0.863181352615, 4.56107997894, 3.96061110497, 5.36900091171, 11.0205554962, 13.2628221512, 7.73954296112, 7.38548612595, 10.8316297531, 9.72024917603, 9.53651046753, 14.5241985321, 20.0178546906, 22.7157096863, 37.3626403809, 25.2061061859, 30.078004837, 45.0908737183, 35.2792282104, 36.8903160095, 38.8757514954, 54.3395690918, 53.8943634033, 45.703956604, 47.1939239502, 35.3939819336, 29.1253795624, 30.6826782227, 22.2134342194, 19.5410766602, 12.1975431442, 7.09359502792, 5.27412700653, 3.3218562603, 1.55594861507, 0.483723193407, 0.146335810423, 0.0212702453136, 0.000525168376043, 7.69269827288e-05],
        "median": [0.713609695435, 2.9383225441, 2.484375, 3.55404520035, 7.23974657059, 7.9641828537, 4.13777065277, 3.5584154129, 4.31805276871, 4.66704940796, 4.44253349304, 8.62551879883, 9.56872558594, 9.23970794678, 11.6707630157, 9.64840126038, 9.94910812378, 13.8889751434, 20.8259658813, 18.8674354553, 27.8661403656, 38.2733840942, 36.1956100464, 34.9936408997, 33.3737792969, 27.0136642456, 22.6435852051, 22.972328186, 17.51927948, 12.7557182312, 8.43256664276, 4.7566242218, 2.5338511467, 1.14209794998, 0.545169651508, 0.193015724421, 0.0486411750317, 0.00593364192173, 0.000170741259353, 6.60740915919e-05],
        "min": [3.5704632169e-22, 4.29067146343e-21, 1.25522791952e-20, 5.30573484302e-20, 4.17978628673e-20, 8.63484794156e-20, 8.38434017046e-20, 3.5461708489e-19, 2.91363307231e-19, 2.67482111808e-19, 4.42058450841e-19, 6.1745667136e-19, 7.02538711408e-19, 1.69837178319e-18, 2.26273002497e-18, 2.67580065502e-18, 2.0645547142e-18, 4.37421214288e-18, 1.18012658581e-17, 8.87938434752e-18, 1.17176809116e-17, 7.80722675193e-18, 1.06778131384e-17, 1.48536905314e-17, 1.27231702313e-17, 1.46843054487e-17, 1.43096654231e-17, 2.17262015368e-17, 1.53822192382e-17, 1.22222983084e-17, 1.81814629511e-17, 1.61081364001e-17, 1.61749659762e-17, 1.19841761711e-17, 7.03319497528e-18, 6.14312878384e-18, 3.25256557202e-18, 1.31204907221e-18, 3.00780241517e-19, 3.31172614981e-20],
        "var": [0.804963469505, 21.3982543945, 29.4010829926, 39.2153549194, 151.559814453, 276.525848389, 136.429046631, 239.690826416, 407.107177734, 234.462356567, 498.988189697, 337.129760742, 1092.91674805, 1457.03771973, 6411.70751953, 2030.03894043, 2829.78393555, 8748.01660156, 1696.40185547, 2487.32519531, 1491.4173584, 2684.8449707, 3224.77026367, 1510.47155762, 2512.70092773, 966.114379883, 689.907714844, 918.887939453, 426.211395264, 512.648925781, 252.325714111, 70.4041366577, 79.6293029785, 57.8543930054, 9.98282337189, 0.687934815884, 0.0711030960083, 0.00200800318271, 1.08953224753e-06, 2.76271139299e-09]
    },
    "gfcc": {
        "mean": [43.0434875488, 63.9006004333, -113.066482544, 65.6460266113, -47.758605957, 26.3863983154, -30.7193660736, 16.0336513519, -22.2778892517, 4.47465419769, -17.1389942169, 5.63385105133, -8.43680477142],
        "cov": [[15418.5166016, 114.748466492, -432.761962891, 431.118408203, -398.387542725, 212.765289307, -347.280944824, 199.284988403, -316.967926025, 161.27722168, -164.139694214, 233.402618408, -129.250335693], [114.748466492, 708.023010254, -374.892303467, -1.34217524529, 53.6385269165, -26.7710227966, 52.1695289612, -67.325050354, 55.9331893921, -85.1247177124, 60.1370391846, -57.3771133423, 30.2629833221], [-432.761962891, -374.892303467, 563.847106934, 61.7681617737, 27.4326019287, -49.6220855713, -69.7504425049, 17.8605194092, -27.8622894287, 70.3503646851, -42.3812828064, 33.2479438782, -12.7662525177], [431.118408203, -1.34217524529, 61.7681617737, 278.72052002, -37.0182113647, -40.1956558228, -31.5378456116, 12.2429170609, 35.344127655, -22.542181015, -9.28339862823, -31.2309894562, 15.5520124435], [-398.387542725, 53.6385269165, 27.4326019287, -37.0182113647, 194.491455078, 57.379776001, 38.0443382263, -5.77351140976, 15.5210189819, 14.6994924545, 15.6976079941, 11.1044845581, 13.532409668], [212.765289307, -26.7710227966, -49.6220855713, -40.1956558228, 57.379776001, 178.721878052, 85.4499816895, -8.88803958893, -26.186296463, 16.8368721008, 26.504032135, 4.00327682495, -5.41427516937], [-347.280944824, 52.1695289612, -69.7504425049, -31.5378456116, 38.0443382263, 85.4499816895, 157.387695312, 11.5232820511, 5.26156711578, -11.170539856, 36.2713928223, 4.49374437332, 10.0251092911], [199.284988403, -67.325050354, 17.8605194092, 12.2429170609, -5.77351140976, -8.88803958893, 11.5232820511, 89.0032958984, 34.7468223572, 10.0728254318, -10.7399635315, 16.0573654175, 11.5315971375], [-316.967926025, 55.9331893921, -27.8622894287, 35.344127655, 15.5210189819, -26.186296463, 5.26156711578, 34.7468223572, 99.020904541, 10.7157869339, 12.5135326385, -19.0103797913, 17.9480514526], [161.27722168, -85.1247177124, 70.3503646851, -22.542181015, 14.6994924545, 16.8368721008, -11.170539856, 10.0728254318, 10.7157869339, 84.712677002, 10.5203952789, 14.0159072876, -12.7544393539], [-164.139694214, 60.1370391846, -42.3812828064, -9.28339862823, 15.6976079941, 26.504032135, 36.2713928223, -10.7399635315, 12.5135326385, 10.5203952789, 80.4868011475, 12.5941781998, 2.95460987091], [233.402618408, -57.3771133423, 33.2479438782, -31.2309894562, 11.1044845581, 4.00327682495, 4.49374437332, 16.0573654175, -19.0103797913, 14.0159072876, 12.5941781998, 64.318649292, 8.34575080872], [-129.250335693, 30.2629833221, -12.7662525177, 15.5520124435, 13.532409668, -5.41427516937, 10.0251092911, 11.5315971375, 17.9480514526, -12.7544393539, 2.95460987091, 8.34575080872, 53.9817771912]],
        "icov": [[0.000187441444723, -0.000423756078817, 0.000213227394852, -0.000570724718273, 0.000380585814128, -0.00068647286389, 0.000656533520669, -0.000878469378222, 0.000861516513396, -0.00079192040721, 0.000600316794589, -0.00104485126212, 0.000457815389382], [-0.000423756078817, 0.00431810785085, 0.00144950521644, 0.00113482796587, -0.00237629842013, 0.0033622237388, -0.00208803429268, 0.00417825765908, -0.00280767329969, 0.00302849081345, -0.00282878731377, 0.00378954852931, -0.00177340232767], [0.000213227394852, 0.00144950521644, 0.00393624044955, -0.00172185292467, -0.00131573376711, 0.0012578763999, 0.000548996322323, -0.000125661608763, 0.00199996796437, -0.00273208576255, 0.00103665573988, -0.00126958836336, 0.000334826880135], [-0.000570724718273, 0.00113482796587, -0.00172185292467, 0.00637052487582, -0.000144720208482, 0.00166836800054, -0.00110269687138, 0.00210723816417, -0.004098769743, 0.00422823196277, -0.00256768567488, 0.00524565158412, -0.00259565748274], [0.000380585814128, -0.00237629842013, -0.00131573376711, -0.000144720208482, 0.00811255350709, -0.00458343699574, 0.00114097970072, -0.000896654848475, -0.000820379063953, -0.00180779560469, 0.00214860588312, -0.00410860264674, -0.000176553716301], [-0.00068647286389, 0.0033622237388, 0.0012578763999, 0.00166836800054, -0.00458343699574, 0.0133937019855, -0.00742206675932, 0.0038068969734, 0.00108349265065, -0.000240717854467, -0.00381247303449, 0.00653849216178, -0.00187354674563], [0.000656533520669, -0.00208803429268, 0.000548996322323, -0.00110269687138, 0.00114097970072, -0.00742206675932, 0.0129682123661, -0.00596846500412, 0.00243352446705, 0.000134867514134, -0.0012546852231, -0.00338904932141, 0.000841624336317], [-0.000878469378222, 0.00417825765908, -0.000125661608763, 0.00210723816417, -0.000896654848475, 0.0038068969734, -0.00596846500412, 0.0228058937937, -0.0130210286006, 0.00376317836344, 0.00187031459063, -0.00202560331672, -0.00281011406332], [0.000861516513396, -0.00280767329969, 0.00199996796437, -0.004098769743, -0.000820379063953, 0.00108349265065, 0.00243352446705, -0.0130210286006, 0.0238709915429, -0.00935868918896, -0.00165130069945, 0.00427937693894, -0.00278459303081], [-0.00079192040721, 0.00302849081345, -0.00273208576255, 0.00422823196277, -0.00180779560469, -0.000240717854467, 0.000134867514134, 0.00376317836344, -0.00935868918896, 0.0216475389898, -0.00569029571488, 0.00173690577503, 0.00241116760299], [0.000600316794589, -0.00282878731377, 0.00103665573988, -0.00256768567488, 0.00214860588312, -0.00381247303449, -0.0012546852231, 0.00187031459063, -0.00165130069945, -0.00569029571488, 0.0202170666307, -0.0105480691418, 0.00264937058091], [-0.00104485126212, 0.00378954852931, -0.00126958836336, 0.00524565158412, -0.00410860264674, 0.00653849216178, -0.00338904932141, -0.00202560331672, 0.00427937693894, 0.00173690577503, -0.0105480691418, 0.031078459695, -0.00892977416515], [0.000457815389382, -0.00177340232767, 0.000334826880135, -0.00259565748274, -0.000176553716301, -0.00187354674563, 0.000841624336317, -0.00281011406332, -0.00278459303081, 0.00241116760299, 0.00264937058091, -0.00892977416515, 0.0244735442102]]
    },
    "melbands": {
        "dmean": [0.00397275481373, 0.00207288167439, 0.000885366520379, 0.000735191220883, 0.000283717439743, 0.000153513188707, 0.00013006250083, 9.1138514108e-05, 7.31005275156e-05, 6.74560214975e-05, 8.0391386291e-05, 5.0280639698e-05, 6.44179744995e-05, 4.19212992711e-05, 3.88075350202e-05, 3.83168189728e-05, 5.21501133335e-05, 3.33474563377e-05, 2.53553098446e-05, 2.71783628705e-05, 2.39279961534e-05, 3.02627940982e-05, 3.20079889207e-05, 2.126509753e-05, 1.853878166e-05, 2.12878694583e-05, 1.57568338182e-05, 1.21286620924e-05, 8.77007823874e-06, 1.04813789221e-05, 9.6518351711e-06, 5.99886152486e-06, 7.04956619302e-06, 5.7548827499e-06, 3.99765076509e-06, 2.84984616883e-06, 2.17655269807e-06, 2.29710553867e-06, 1.78221137048e-06, 1.73823377736e-06],
        "dmean2": [0.00589861813933, 0.00344056775793, 0.00154241570272, 0.00127304543275, 0.00049508200027, 0.000270558579359, 0.000214742234675, 0.000158236332936, 0.000129352367367, 0.000109954977233, 0.000133963229018, 7.94879815658e-05, 0.000102307203633, 6.30043432466e-05, 6.33203453617e-05, 5.96765894443e-05, 8.04135197541e-05, 5.28347045474e-05, 3.97550502385e-05, 4.37930248154e-05, 3.95306415157e-05, 4.89593585371e-05, 5.27345000592e-05, 3.40983060596e-05, 3.02963671857e-05, 3.51364760718e-05, 2.61504374066e-05, 2.05337091757e-05, 1.46927859532e-05, 1.74985652848e-05, 1.638685535e-05, 9.91734850686e-06, 1.20962586152e-05, 9.31709200813e-06, 6.40465668766e-06, 4.63447395305e-06, 3.48809567186e-06, 3.67860275219e-06, 2.5490421649e-06, 2.46565036832e-06],
        "dvar": [2.82663531834e-05, 9.47085027292e-06, 1.53207588482e-06, 1.24626001252e-06, 2.42267333306e-07, 1.78808889473e-07, 7.80058186933e-08, 3.55303768629e-08, 4.37410108134e-08, 1.23457146728e-08, 2.74512412801e-08, 8.22457923988e-09, 2.29177672395e-08, 6.87911194674e-09, 6.2504339482e-09, 9.10964903511e-09, 1.30913582197e-08, 2.86130896754e-09, 1.97749350228e-09, 2.04169792184e-09, 1.06514941312e-09, 1.59811075484e-09, 1.93767379919e-09, 9.05562236309e-10, 4.46391451581e-10, 1.12507392291e-09, 4.82460349449e-10, 2.59081950338e-10, 1.7141750519e-10, 2.35834157758e-10, 1.78168882425e-10, 7.23814827519e-11, 1.27989771559e-10, 8.25118307013e-11, 4.13491081652e-11, 2.04931367015e-11, 1.06843197484e-11, 1.84250895791e-11, 2.39170072636e-11, 1.95593315849e-11],
        "dvar2": [5.46026894881e-05, 2.71732587862e-05, 4.25329108111e-06, 3.54083454113e-06, 6.78441722357e-07, 5.07828133323e-07, 2.01968674673e-07, 9.87169954669e-08, 1.25599740386e-07, 3.19068966803e-08, 7.11294774192e-08, 2.09690700359e-08, 5.36762492231e-08, 1.52653321095e-08, 1.56905848314e-08, 1.73363101652e-08, 2.76492322371e-08, 5.99504357268e-09, 4.51252768485e-09, 4.82948925296e-09, 2.41534192646e-09, 3.62778052043e-09, 4.74349315382e-09, 2.18487938852e-09, 1.05518738192e-09, 2.77423639616e-09, 1.21710719281e-09, 7.34586114159e-10, 4.49391218682e-10, 6.0038607419e-10, 4.66650496023e-10, 1.98041277821e-10, 3.47046447136e-10, 2.05302247425e-10, 9.28770532704e-11, 4.85166386233e-11, 2.57186199421e-11, 4.45386297288e-11, 5.15828040004e-11, 4.38480501908e-11],
        "max": [0.0379212126136, 0.0237432792783, 0.00830903556198, 0.00822226703167, 0.00483496347442, 0.00521161546931, 0.00294039654545, 0.00188320607413, 0.00290495436639, 0.00109293730929, 0.0015455490211, 0.00143218319863, 0.0027119514998, 0.00127689621877, 0.00103620334994, 0.00172299367841, 0.00178956647869, 0.000574687961489, 0.000591309857555, 0.000691286812071, 0.000391562207369, 0.000495525135193, 0.000496908207424, 0.000341504055541, 0.000244417984504, 0.000382623111364, 0.00020942093397, 0.000203084971872, 0.000205540913157, 0.000174278116901, 0.000109840126242, 0.000116720766528, 9.30958631216e-05, 0.000122537399875, 9.26797001739e-05, 5.87629183428e-05, 4.16544680775e-05, 6.15619064774e-05, 8.63889799803e-05, 6.0165006289e-05],
        "mean": [0.00716471392661, 0.00340097444132, 0.00110239430796, 0.000939605990425, 0.000331909541273, 0.000162944546901, 0.000165993595147, 0.00010449335241, 7.75829321356e-05, 9.26337525016e-05, 9.88636020338e-05, 8.63486566232e-05, 0.000121311546536, 7.81957060099e-05, 6.15757016931e-05, 7.04777776264e-05, 8.66155896802e-05, 5.77933751629e-05, 4.80257403979e-05, 4.9057740398e-05, 4.50826810265e-05, 5.5409676861e-05, 5.70791125938e-05, 3.99037635361e-05, 3.61968704965e-05, 3.82119760616e-05, 2.88402952719e-05, 2.24168052227e-05, 1.71971823875e-05, 1.94780059246e-05, 1.71185565705e-05, 1.2554118257e-05, 1.22090496006e-05, 1.00357974588e-05, 7.41143958294e-06, 5.06576907355e-06, 4.02848309022e-06, 3.9457559069e-06, 2.99426051242e-06, 2.75012166639e-06],
        "median": [0.00560338143259, 0.0022860695608, 0.000767499266658, 0.000644250889309, 0.000185659373528, 7.84538933658e-05, 6.64279359626e-05, 4.82991017634e-05, 3.71234636987e-05, 5.32939156983e-05, 4.39715004177e-05, 3.31271003233e-05, 3.64679908671e-05, 2.55293234659e-05, 2.31125522987e-05, 1.96840846911e-05, 2.50150987995e-05, 3.42878920492e-05, 2.07626580959e-05, 2.6728523153e-05, 3.17207959597e-05, 3.7650923332e-05, 3.85711318813e-05, 2.59516127699e-05, 2.74829289992e-05, 2.51563396887e-05, 2.0189814677e-05, 1.70049679582e-05, 1.2965832866e-05, 1.40239953907e-05, 1.25613923956e-05, 9.5457489806e-06, 8.20789136924e-06, 6.41125143375e-06, 4.98990311826e-06, 3.28516580339e-06, 2.64162054009e-06, 1.97519875655e-06, 1.09318148134e-06, 9.04750777408e-07],
        "min": [3.31595275484e-24, 8.46780413946e-24, 9.65823389962e-24, 3.99698347406e-24, 3.03175535854e-24, 8.09712471098e-24, 4.29584500573e-24, 2.85021045969e-24, 3.4372282861e-24, 4.14258234805e-24, 3.32432769664e-24, 5.92501159124e-24, 5.10619448201e-24, 7.49835877354e-24, 1.15456688123e-23, 3.94561719065e-24, 7.38818251521e-24, 1.3302236434e-23, 1.08513323762e-23, 1.67473608234e-23, 1.24820372405e-23, 6.16539525844e-24, 9.39175037495e-24, 8.18825234503e-24, 1.25514159794e-23, 9.96009468045e-24, 8.66573486261e-24, 1.05186957649e-23, 8.58136224449e-24, 9.7676323411e-24, 1.32316483714e-23, 8.21402679739e-24, 6.82003069177e-24, 7.12771326608e-24, 9.40107549971e-24, 1.22759638951e-23, 8.59135868988e-24, 1.06632458483e-23, 1.12605405602e-23, 9.35145220447e-24],
        "var": [5.3281946748e-05, 1.13097667054e-05, 1.43326701618e-06, 1.0971878055e-06, 2.22388067073e-07, 1.1848062087e-07, 8.87907205538e-08, 2.89853367974e-08, 2.85096426467e-08, 1.44988607786e-08, 2.85020913537e-08, 2.34173285207e-08, 7.22408586284e-08, 1.99628100717e-08, 1.13378106903e-08, 3.09309804436e-08, 3.32077938481e-08, 5.29137134109e-09, 5.20247311897e-09, 4.31622115826e-09, 2.3429103102e-09, 3.31735416914e-09, 3.25702531612e-09, 1.8441187466e-09, 1.03199737644e-09, 2.09986161792e-09, 8.87012296946e-10, 4.06654293572e-10, 2.65166860691e-10, 3.73136133103e-10, 2.99369723455e-10, 1.35663119627e-10, 1.84518345048e-10, 1.50358822615e-10, 9.81396422461e-11, 4.48708292744e-11, 2.34654223136e-11, 4.00530372757e-11, 5.1076160662e-11, 4.20920173716e-11]
    },
    "mfcc": {
