{
"metadata": {
    "version": {
        "essentia": "2.0.1",
        "extractor": "archive-music 1.0"
    },
    "audio_properties": {
        "analysis_sample_rate": 44100,
        "bitrate": 128,
        "channels": 2,
        "equal_loudness": 0,
        "length": 15.3599996567,
        "replay_gain": -11.7737064362,
        "downmix": "mix"
    },
    "tags": {
        "track": 0,
        "year": 0,
        "album": "Manic Heart",
        "artist": "Richie Reinholdt",
        "comment": "",
        "genre": "Other",
        "title": "Tabloid Queen"
    }
},
"highlevel": {
    "culture": {
        "all": {
            "non_western": 0.0151889147237,
            "western": 0.984811067581
        },
        "probability": 0.984811067581,
        "value": "western"
    },
    "danceability": {
        "all": {
            "danceable": 0.365739166737,
            "not_danceable": 0.634260833263
        },
        "probability": 0.634260833263,
        "value": "not_danceable"
    },
    "gender": {
        "all": {
            "female": 0.0868645533919,
            "male": 0.91313546896
        },
        "probability": 0.91313546896,
        "value": "male"
    },
    "genre_dortmund": {
        "all": {
            "alternative": 0.159285724163,
            "blues": 0.0471066199243,
            "electronic": 0.0162985511124,
            "folkcountry": 0.286676734686,
            "funksoulrnb": 0.0247551873326,
            "jazz": 0.030946912244,
            "pop": 0.278893887997,
            "raphiphop": 0.00868774391711,
            "rock": 0.147348612547
        },
        "probability": 0.286676734686,
        "value": "folkcountry"
    },
    "genre_electronic": {
        "all": {
            "ambient": 0.698340773582,
            "dnb": 0.136043220758,
            "house": 0.0750040784478,
            "techno": 0.0170560609549,
            "trance": 0.073555842042
        },
        "probability": 0.698340773582,
        "value": "ambient"
    },
    "genre_rosamerica": {
        "all": {
            "cla": 0.0578304864466,
            "dan": 0.0531753860414,
            "hip": 0.0115693341941,
            "jaz": 0.015585959889,
            "pop": 0.589643537998,
            "rhy": 0.126414954662,
            "roc": 0.135530561209,
            "spe": 0.0102497637272
        },
        "probability": 0.589643537998,
        "value": "pop"
    },
    "genre_tzanetakis": {
        "all": {
            "blu": 0.00164670369122,
            "cla": 0.00299332779832,
            "cou": 0.0224347375333,
            "dis": 0.0249074473977,
            "hip": 0.00662437733263,
            "jaz": 0.018281519413,
            "met": 0.00393733056262,
            "pop": 0.120483182371,
            "reg": 0.0817836225033,
            "roc": 0.716907739639
        },
        "probability": 0.716907739639,
        "value": "roc"
    },
    "mirex_ballroom": {
        "all": {
            "ChaChaCha": 0.053265158087,
            "Jive": 0.334546416998,
            "Quickstep": 0.0377527810633,
            "Rumba-American": 0.00583215290681,
            "Rumba-International": 0.206668913364,
            "Rumba-Misc": 0.0197145510465,
            "Samba": 0.0432738251984,
            "Tango": 0.00514208385721,
            "VienneseWaltz": 0.273630768061,
            "Waltz": 0.0201733354479
        },
        "probability": 0.334546416998,
        "value": "Jive"
    },
    "mood_acoustic": {
        "all": {
            "acoustic": 0.574086666107,
            "not_acoustic": 0.425913333893
        },
        "probability": 0.574086666107,
        "value": "acoustic"
    },
    "mood_aggressive": {
        "all": {
            "aggressive": 6.64502431391e-06,
            "not_aggressive": 0.999993383884
        },
        "probability": 0.999993383884,
        "value": "not_aggressive"
    },
    "mood_electronic": {
        "all": {
            "electronic": 0.399950861931,
            "not_electronic": 0.600049138069
        },
        "probability": 0.600049138069,
        "value": "not_electronic"
    },
    "mood_happy": {
        "all": {
            "happy": 0.735000014305,
            "not_happy": 0.265000015497
        },
        "probability": 0.735000014305,
        "value": "happy"
    },
    "mood_party": {
        "all": {
            "not_party": 0.63152551651,
            "party": 0.368474513292
        },
        "probability": 0.63152551651,
        "value": "not_party"
    },
    "mood_relaxed": {
        "all": {
            "not_relaxed": 0.694629848003,
            "relaxed": 0.305370122194
        },
        "probability": 0.694629848003,
        "value": "not_relaxed"
    },
    "mood_sad": {
        "all": {
            "not_sad": 0.534160137177,
            "sad": 0.465839833021
        },
        "probability": 0.534160137177,
        "value": "not_sad"
    },
    "moods_mirex": {
        "all": {
            "Cluster1": 0.0973071083426,
            "Cluster2": 0.55587297678,
            "Cluster3": 0.160272285342,
            "Cluster4": 0.165631905198,
            "Cluster5": 0.0209157504141
        },
        "probability": 0.55587297678,
        "value": "Cluster2"
    },
    "timbre": {
        "all": {
            "bright": 0.997451126575,
            "dark": 0.00254885014147
        },
        "probability": 0.997451126575,
        "value": "bright"
    },
    "tonal_atonal": {
        "all": {
            "atonal": 0.688776552677,
            "tonal": 0.311223447323
        },
        "probability": 0.688776552677,
        "value": "atonal"
    },
    "voice_instrumental": {
        "all": {
            "instrumental": 0.0198188666254,
            "voice": 0.980181157589
        },
        "probability": 0.980181157589,
        "value": "voice"
    }
},
"lowlevel": {
    "average_loudness": 0.979653477669,
    "barkbands_kurtosis": {
        "dmean": 2.49510788918,
        "dmean2": 3.79238343239,
        "dvar": 9.4538526535,
        "dvar2": 22.38829422,
        "max": 31.0118370056,
        "mean": 4.09615039825,
        "median": 2.91126871109,
        "min": -1.91051971912,
        "var": 22.7289390564
    },
    "barkbands_skewness": {
        "dmean": 0.499198704958,
        "dmean2": 0.742316424847,
        "dvar": 0.244146987796,
        "dvar2": 0.511234641075,
        "max": 4.7236661911,
        "mean": 1.72528100014,
        "median": 1.7049870491,
        "min": -2.05174183846,
        "var": 0.872816741467
    },
    "barkbands_spread": {
        "dmean": 5.36054611206,
        "dmean2": 7.68441820145,
        "dvar": 58.9860992432,
        "dvar2": 112.283805847,
        "max": 84.6981506348,
        "mean": 22.8068981171,
        "median": 19.1950874329,
        "min": 3.03013730049,
        "var": 183.684265137
    },
    "dissonance": {
        "dmean": 0.0175551567227,
        "dmean2": 0.0287006162107,
        "dvar": 0.000279556290479,
        "dvar2": 0.000715331814718,
        "max": 0.499894201756,
        "mean": 0.460723102093,
        "median": 0.465567916632,
        "min": 0.3400849998,
        "var": 0.000606622896157
    },
    "dynamic_complexity": 2.36057925224,
    "erbbands_kurtosis": {
        "dmean": 0.603828907013,
        "dmean2": 0.957229435444,
        "dvar": 0.605496287346,
        "dvar2": 1.49715816975,
        "max": 9.72643280029,
        "mean": -0.0479023605585,
        "median": -0.401336669922,
        "min": -1.63053917885,
        "var": 1.47798395157
    },
    "erbbands_skewness": {
        "dmean": 0.31590616703,
        "dmean2": 0.468717068434,
        "dvar": 0.0990429669619,
        "dvar2": 0.192619532347,
        "max": 2.53702759743,
        "mean": 0.333578497171,
        "median": 0.395646840334,
        "min": -2.72825813293,
        "var": 0.488503485918
    },
    "erbbands_spread": {
        "dmean": 7.73162031174,
        "dmean2": 11.5815343857,
        "dvar": 73.2834777832,
        "dvar2": 176.360427856,
        "max": 105.34753418,
        "mean": 43.7734832764,
        "median": 42.5716667175,
        "min": 14.6233434677,
        "var": 190.378509521
    },
    "hfc": {
        "dmean": 6.60136985779,
        "dmean2": 8.51170063019,
        "dvar": 109.027778625,
        "dvar2": 181.14440918,
        "max": 123.287208557,
        "mean": 21.8569850922,
        "median": 16.0965747833,
        "min": 1.18711191102e-16,
        "var": 370.499389648
    },
    "melbands_kurtosis": {
        "dmean": 5.6399307251,
        "dmean2": 8.63598632812,
        "dvar": 47.1566352844,
        "dvar2": 108.195404053,
        "max": 61.308807373,
        "mean": 11.8499088287,
        "median": 9.16599464417,
        "min": -1.33448588848,
        "var": 97.3680038452
    },
    "melbands_skewness": {
        "dmean": 0.634913086891,
        "dmean2": 0.950354218483,
        "dvar": 0.378020256758,
        "dvar2": 0.83843845129,
        "max": 6.85837936401,
        "mean": 2.72923326492,
        "median": 2.56957745552,
        "min": -0.0632088780403,
        "var": 1.0821993351
    },
    "melbands_spread": {
        "dmean": 6.89267015457,
        "dmean2": 9.8165063858,
        "dvar": 114.616470337,
        "dvar2": 194.551712036,
        "max": 145.018966675,
        "mean": 23.0083503723,
        "median": 17.4417247772,
        "min": 2.84598302841,
        "var": 391.54776001
    },
    "pitch_salience": {
        "dmean": 0.0661843493581,
        "dmean2": 0.105147391558,
        "dvar": 0.00336754973978,
        "dvar2": 0.00796948838979,
        "max": 0.994718313217,
        "mean": 0.571330726147,
        "median": 0.570973813534,
        "min": 0.220167309046,
        "var": 0.00987805332989
    },
    "silence_rate_20dB": {
        "dmean": 0,
        "dmean2": 0,
        "dvar": 0,
        "dvar2": 0,
        "max": 1,
        "mean": 1,
        "median": 1,
        "min": 1,
        "var": 0
    },
    "silence_rate_30dB": {
        "dmean": 0,
        "dmean2": 0,
        "dvar": 0,
        "dvar2": 0,
        "max": 1,
        "mean": 1,
        "median": 1,
        "min": 1,
        "var": 0
    },
    "silence_rate_60dB": {
        "dmean": 0.00906344410032,
        "dmean2": 0.0181543119252,
        "dvar": 0.00898135732859,
        "dvar2": 0.0238761361688,
        "max": 1,
        "mean": 0.0588235296309,
        "median": 0,
        "min": 0,
        "var": 0.0553630590439
    },
    "spectral_centroid": {
        "dmean": 252.855361938,
        "dmean2": 347.986938477,
        "dvar": 246260.59375,
        "dvar2": 248828.34375,
        "max": 11228.0654297,
        "mean": 1194.15454102,
        "median": 979.952392578,
        "min": 286.714050293,
        "var": 695479.1875
    },
    "spectral_complexity": {
        "dmean": 3.55287003517,
        "dmean2": 4.98638439178,
        "dvar": 17.5644645691,
        "dvar2": 25.8772506714,
        "max": 53,
        "mean": 19.5595779419,
        "median": 18,
        "min": 0,
        "var": 99.0428543091
    },
    "spectral_crest": {
        "dmean": 2.53609228134,
        "dmean2": 3.9844148159,
        "dvar": 4.99041986465,
        "dvar2": 11.7432775497,
        "max": 23.8104972839,
        "mean": 10.0433855057,
        "median": 9.14040660858,
        "min": 3.52445173264,
        "var": 15.8472766876
    },
    "spectral_decrease": {
        "dmean": 2.14066608883e-09,
        "dmean2": 3.21837179129e-09,
        "dvar": 8.49606471576e-18,
        "dvar2": 1.89323907461e-17,
        "max": 2.20219842592e-29,
        "mean": -6.5151839479e-09,
        "median": -5.9982818712e-09,
        "min": -2.20367883941e-08,
        "var": 1.66359669665e-17
    },
    "spectral_energy": {
        "dmean": 0.00843726098537,
        "dmean2": 0.0126721216366,
        "dvar": 0.000131645327201,
        "dvar2": 0.00028809934156,
        "max": 0.0888174921274,
        "mean": 0.0265723131597,
        "median": 0.0249245837331,
        "min": 1.07855660018e-20,
        "var": 0.000267060153419
    },
    "spectral_energyband_high": {
        "dmean": 0.000577762257308,
        "dmean2": 0.000735156179871,
        "dvar": 1.5812431684e-06,
        "dvar2": 2.76866558124e-06,
        "max": 0.0167525652796,
        "mean": 0.00118879950605,
        "median": 0.00042018253589,
        "min": 7.74269326124e-21,
        "var": 4.30800309914e-06
    },
    "spectral_energyband_low": {
        "dmean": 0.00352297513746,
        "dmean2": 0.00539117585868,
        "dvar": 5.93662553001e-05,
        "dvar2": 0.000131939726998,
        "max": 0.0608794987202,
        "mean": 0.00490085314959,
        "median": 0.00251054996625,
        "min": 3.29644872116e-23,
        "var": 6.92520407028e-05
    },
    "spectral_energyband_middle_high": {
        "dmean": 0.00131047493778,
        "dmean2": 0.0018223086372,
        "dvar": 2.5842764444e-06,
        "dvar2": 4.66250412501e-06,
        "max": 0.0237031150609,
        "mean": 0.00439978949726,
        "median": 0.00337204290554,
        "min": 1.26708348161e-21,
        "var": 1.18056932479e-05
    },
    "spectral_energyband_middle_low": {
        "dmean": 0.00573546811938,
        "dmean2": 0.00899005867541,
        "dvar": 5.5494303524e-05,
        "dvar2": 0.000134940171847,
        "max": 0.0722538530827,
        "mean": 0.0167245045304,
        "median": 0.0163782723248,
        "min": 3.97276511295e-22,
        "var": 0.000118457777717
    },
    "spectral_flatness_db": {
        "dmean": 0.0188832376152,
        "dmean2": 0.0274401195347,
        "dvar": 0.000347022461938,
        "dvar2": 0.000691948924214,
        "max": 0.258388698101,
        "mean": 0.113861903548,
        "median": 0.109673179686,
        "min": 0.0313088744879,
        "var": 0.00152604572941
    },
    "spectral_flux": {
        "dmean": 0.025328842923,
        "dmean2": 0.0418949015439,
        "dvar": 0.000901941442862,
        "dvar2": 0.00212725996971,
        "max": 0.247961625457,
        "mean": 0.0791280195117,
        "median": 0.071157798171,
        "min": 1.03853578515e-10,
        "var": 0.00187569169793
    },
    "spectral_kurtosis": {
        "dmean": 1.20281374454,
        "dmean2": 1.88038146496,
        "dvar": 2.85985159874,
        "dvar2": 6.7412071228,
        "max": 24.8342761993,
        "mean": 4.36156749725,
        "median": 3.87196445465,
        "min": -1.20807802677,
        "var": 6.33749389648
    },
    "spectral_rms": {
        "dmean": 0.000740465067793,
        "dmean2": 0.00109121785499,
        "dvar": 7.8576448459e-07,
        "dvar2": 1.64558275628e-06,
        "max": 0.00930866319686,
        "mean": 0.00479132635519,
        "median": 0.00493119331077,
        "min": 3.24384095973e-12,
        "var": 2.96741836792e-06
    },
    "spectral_rolloff": {
        "dmean": 516.633666992,
        "dmean2": 804.02532959,
        "dvar": 1245505.375,
        "dvar2": 2018519.75,
        "max": 18949.21875,
        "mean": 1605.47436523,
        "median": 1012.06054688,
        "min": 172.265625,
        "var": 4152601.5
    },
    "spectral_skewness": {
        "dmean": 0.201571643353,
        "dmean2": 0.282283186913,
        "dvar": 0.0579532086849,
        "dvar2": 0.102488026023,
        "max": 3.69546365738,
        "mean": 1.6644949913,
        "median": 1.67958819866,
        "min": -0.0578339584172,
        "var": 0.225541681051
    },
    "spectral_spread": {
        "dmean": 623399.8125,
        "dmean2": 848006.75,
        "dvar": 2.97274782515e+12,
        "dvar2": 3.09341742694e+12,
        "max": 41401384,
        "mean": 5503875,
        "median": 5434738,
        "min": 2486337.5,
        "var": 5.0575006761e+12
    },
    "spectral_strongpeak": {
        "dmean": 0.438301116228,
        "dmean2": 0.756128132343,
        "dvar": 0.403697639704,
        "dvar2": 1.01821935177,
        "max": 7.35667037964,
        "mean": 0.906613826752,
        "median": 0.780293703079,
        "min": 0,
        "var": 0.607876896858
    },
    "zerocrossingrate": {
        "dmean": 0.0124570727348,
        "dmean2": 0.0146964527667,
        "dvar": 0.00054798432393,
        "dvar2": 0.000976681476459,
        "max": 0.5,
        "mean": 0.0691996887326,
        "median": 0.05859375,
        "min": 0.0126953125,
        "var": 0.0024119541049
    },
    "barkbands": {
        "dmean": [0.000371951202396, 0.00248193065636, 0.000765576842241, 0.00146473024506, 0.00362914591096, 0.00120380264707, 0.00133255706169, 0.000449992978247, 0.000244277471211, 0.00013429725368, 0.000481015333207, 0.000192009654711, 0.000259030755842, 0.000296432408504, 0.000233879662119, 0.000153730274178, 0.000172318395926, 0.00013168080477, 0.000161078758538, 0.000139150390169, 0.000128417086671, 0.000168500118889, 0.000143379118526, 7.78502580943e-05, 6.23575469945e-05, 3.98585907533e-05, 5.7557317632e-06],
        "dmean2": [0.000595600169618, 0.00412471964955, 0.00126732478384, 0.00246730865911, 0.00563237117603, 0.00191920856014, 0.00198055338115, 0.000664426595904, 0.00037753599463, 0.000222359361942, 0.000702289165929, 0.000300148705719, 0.000407918909332, 0.000464528449811, 0.000342058890965, 0.000241115572862, 0.000277124607237, 0.000211368096643, 0.00023021386005, 0.000204952419153, 0.000193033614778, 0.000233836035477, 0.000202889568754, 0.000115964001452, 8.43883026391e-05, 5.60537228012e-05, 9.74364775175e-06],
        "dvar": [1.05387198346e-06, 3.34457436111e-05, 2.31155809161e-06, 6.6124625846e-06, 1.78788486664e-05, 4.68042117063e-06, 3.67356005881e-06, 6.47950685106e-07, 1.1746575268e-07, 4.49722961093e-08, 6.84765893766e-07, 1.33971951755e-07, 1.9828320319e-07, 2.75184333987e-07, 1.8802120394e-07, 5.21605656445e-08, 1.74572448941e-07, 6.43719388904e-08, 1.14164393494e-07, 8.51648280786e-08, 9.08887898277e-08, 1.89476637047e-07, 2.1607597489e-07, 3.79636908576e-08, 1.40991245345e-08, 6.57638299373e-09, 1.41091555106e-10],
        "dvar2": [2.56302746493e-06, 8.34965248941e-05, 5.53747895538e-06, 1.62380601978e-05, 4.31178414146e-05, 1.16574346976e-05, 8.65051970322e-06, 1.21805487652e-06, 2.86621002488e-07, 1.23846263023e-07, 1.27031137254e-06, 2.96451702297e-07, 4.59732774516e-07, 5.88475586483e-07, 3.4418303585e-07, 1.22288511761e-07, 3.8671592506e-07, 1.69399257288e-07, 2.20074696244e-07, 1.71400031945e-07, 1.7432003574e-07, 3.48653031779e-07, 4.03879795385e-07, 8.61679438913e-08, 2.46744900068e-08, 1.27373258607e-08, 3.40721395542e-10],
        "max": [0.00770648010075, 0.0453151538968, 0.0114773167297, 0.0197986923158, 0.0423926189542, 0.0227463338524, 0.0194305554032, 0.00922547560185, 0.00454145669937, 0.00209166924469, 0.0125859398395, 0.0062459288165, 0.00551613140851, 0.00785601139069, 0.00598878506571, 0.00298513984308, 0.00691173272207, 0.00352559564635, 0.00425937213004, 0.00348714506254, 0.00435651792213, 0.00552212679759, 0.00983307790011, 0.00298387743533, 0.00120906799566, 0.00112898286898, 0.000135618378408],
        "mean": [0.000334149721311, 0.00278431852348, 0.001168468385, 0.00156753114425, 0.00819224771112, 0.00253321835771, 0.00298897270113, 0.000832748890389, 0.000578036531806, 0.000215348161873, 0.00102434749715, 0.00035144618596, 0.000443971133791, 0.000502276234329, 0.000464550103061, 0.00035250702058, 0.000348908215528, 0.000266342191026, 0.00027166469954, 0.000267646973953, 0.000230494959396, 0.000274475896731, 0.000225012205192, 0.000137392184115, 0.000125351638417, 8.35717219161e-05, 7.33312162993e-06],
        "median": [1.04190130514e-05, 0.00105413550045, 0.000540886074305, 0.000628467299975, 0.00635849777609, 0.00136056577321, 0.00142708525527, 0.00025264165015, 0.000258889136603, 0.000133238703711, 0.000494315696415, 0.00021153932903, 0.000247308169492, 0.000272586621577, 0.000212101600482, 0.000274493446341, 0.000142534918268, 0.000167326827068, 9.91015767795e-05, 8.21150388219e-05, 7.7461154433e-05, 6.65312327328e-05, 4.76423265354e-05, 4.78539877804e-05, 5.76916099817e-05, 3.57178178092e-05, 2.29488546211e-06],
        "min": [9.20200171711e-24, 1.23869447915e-23, 1.34226132555e-24, 4.60628662105e-24, 3.0229042603e-23, 8.51058359303e-23, 4.49874626255e-23, 7.60322883787e-23, 6.04594041814e-23, 4.16233053418e-23, 1.35797482342e-22, 3.94780864625e-23, 5.0547606721e-23, 1.04635709537e-22, 1.06754249141e-22, 5.95160590674e-23, 1.47760955555e-22, 1.46272785235e-22, 1.85934351278e-22, 1.5742240643e-22, 5.30048945568e-22, 4.23890381074e-22, 5.56781258079e-22, 8.67465984556e-22, 1.14969380974e-21, 1.61360915037e-21, 2.45278983928e-21],
        "var": [1.07011021555e-06, 3.08304661303e-05, 2.86582917397e-06, 6.9477746365e-06, 4.54656219517e-05, 1.04171404018e-05, 1.16584151328e-05, 1.83491408734e-06, 4.95315475746e-07, 6.56678835753e-08, 2.14262286136e-06, 2.76879518424e-07, 3.43569126926e-07, 5.59702243663e-07, 5.63162132039e-07, 1.14587500377e-07, 4.73691500247e-07, 9.6347498868e-08, 2.45820274358e-07, 2.30660944567e-07, 2.00802872996e-07, 4.28929979535e-07, 4.87088755108e-07, 5.88409214686e-08, 3.31792904262e-08, 1.4819392824e-08, 1.85707990652e-10]
    },
    "erbbands": {
        "dmean": [0.0763501897454, 0.542311251163, 0.87378269434, 2.78733849525, 10.1019496918, 12.9084196091, 14.5198259354, 8.95282745361, 15.3824052811, 19.2061042786, 6.60906600952, 4.95142316818, 4.64232301712, 7.00084161758, 16.0205154419, 7.2561545372, 10.1607685089, 13.0705499649, 13.8855075836, 9.50639438629, 7.40555906296, 8.73944854736, 7.98307085037, 6.49093151093, 8.8532333374, 6.77691316605, 4.21002054214, 5.78505325317, 6.13604402542, 5.54323911667, 3.75868034363, 1.91715908051, 1.24952912331, 0.783339202404, 0.429520994425, 0.230762839317, 0.0581638664007, 0.0149769857526, 0.000438812276116, 1.7718763047e-05],
        "dmean2": [0.125437870622, 0.901827871799, 1.42366635799, 4.58050489426, 16.3072853088, 19.7757606506, 23.933883667, 14.4246644974, 23.6500759125, 27.8169384003, 9.81219959259, 7.55392503738, 7.47818994522, 10.5022659302, 23.1308574677, 11.4808340073, 15.8008842468, 20.4803962708, 19.5699748993, 15.2350873947, 11.5578451157, 14.1387557983, 12.4605369568, 9.57731151581, 12.3144550323, 9.95466995239, 6.07840013504, 8.70026493073, 8.63582324982, 7.57060718536, 5.47323465347, 2.84686326981, 1.82513689995, 1.08333289623, 0.598527848721, 0.33365303278, 0.0826902836561, 0.0226837750524, 0.000703711237293, 2.51780111284e-05],
        "dvar": [0.0327248424292, 1.70570969582, 3.3247859478, 24.2866649628, 227.494613647, 242.730804443, 554.030639648, 270.485351562, 727.38067627, 1064.67565918, 159.071014404, 51.7090797424, 36.6258392334, 157.809463501, 661.266784668, 198.400512695, 297.674407959, 759.764282227, 588.12689209, 201.827011108, 135.860092163, 335.663116455, 235.625228882, 146.683959961, 387.631530762, 198.819885254, 80.3863143921, 203.653793335, 221.085189819, 301.046081543, 149.826690674, 22.3066997528, 8.27177047729, 2.24040818214, 0.654797852039, 0.227768033743, 0.0131694469601, 0.000908818037715, 1.02247349787e-06, 8.82140471781e-10],
        "dvar2": [0.0855970755219, 4.29891872406, 7.48996400833, 56.4519538879, 551.460083008, 587.900268555, 1424.57080078, 732.265075684, 1762.63012695, 2267.18701172, 346.71395874, 128.580505371, 84.7716674805, 322.158599854, 1244.68322754, 414.961151123, 684.966125488, 1555.60229492, 971.673156738, 501.981140137, 314.194854736, 772.674804688, 537.019165039, 331.63470459, 767.794799805, 400.738647461, 150.705886841, 378.763946533, 421.908050537, 619.70513916, 267.543731689, 49.5365409851, 17.4777450562, 4.28682279587, 1.17156922817, 0.49730527401, 0.0240254271775, 0.00180940364953, 2.20221249947e-06, 1.64940938685e-09],
        "max": [1.3680678606, 10.8602523804, 15.6921234131, 37.004196167, 124.662796021, 156.099700928, 218.887207031, 142.315826416, 347.422424316, 320.370178223, 166.159500122, 99.0554580688, 65.0325088501, 154.786300659, 433.891601562, 255.683151245, 215.427597046, 497.273284912, 362.8046875, 186.701385498, 120.888687134, 234.773727417, 190.600921631, 136.438995361, 237.676040649, 172.511566162, 113.839660645, 203.796356201, 173.572357178, 285.436584473, 282.519714355, 72.1938247681, 36.9772338867, 17.9770011902, 7.5484085083, 5.97223901749, 1.58856785297, 0.369208842516, 0.0134733449668, 0.000321227300446],
        "mean": [0.0756467431784, 0.631089448929, 1.38537693024, 3.64296293259, 15.6427211761, 28.2249164581, 29.0956001282, 19.7107067108, 32.1227302551, 45.7333526611, 13.8311548233, 12.1901721954, 10.3102502823, 15.1818466187, 36.7167892456, 15.3567247391, 20.0850524902, 23.4353866577, 29.1943874359, 22.5822410583, 17.8703269958, 18.8328056335, 17.4023475647, 12.8692808151, 14.7223396301, 13.0697793961, 7.91595363617, 10.3002643585, 9.93235301971, 8.7219543457, 5.94643831253, 3.12690019608, 2.21798610687, 1.4671459198, 0.859096884727, 0.466160923243, 0.117882296443, 0.0272280108184, 0.000728444661945, 5.15849278599e-05],
        "median": [0.0212203077972, 0.27175194025, 0.722785651684, 1.97498357296, 8.27918434143, 22.5209579468, 15.3322534561, 11.6648578644, 14.8259449005, 12.8033323288, 6.48275232315, 6.06809902191, 6.45514154434, 8.88024044037, 20.7952041626, 9.39725494385, 12.2694635391, 11.1786899567, 13.5533809662, 14.6205654144, 12.3332595825, 8.73890972137, 10.3747234344, 5.539914608, 4.14744615555, 4.18580293655, 2.99456810951, 3.05723071098, 2.54219555855, 2.01576328278, 1.15161955357, 0.89273494482, 0.831946611404, 0.68235206604, 0.38125115633, 0.199858382344, 0.0488082356751, 0.00936925504357, 0.000259484630078, 3.93094705942e-05],
        "min": [6.28737540026e-22, 1.82885513688e-21, 2.14552152424e-21, 1.08811199028e-20, 4.56394059543e-20, 9.06109475744e-20, 3.43113561659e-19, 7.64830581412e-19, 5.05776535317e-19, 1.64987490766e-18, 1.55181471399e-18, 1.36774872633e-18, 1.30417048707e-18, 2.86955613299e-18, 4.69692135603e-18, 1.70316374387e-18, 2.13989018849e-18, 3.51655447425e-18, 4.45671885949e-18, 5.478465587e-18, 6.20246244918e-18, 8.56470250863e-18, 8.18849663014e-18, 7.05639077402e-18, 9.23759904769e-18, 7.35384244075e-18, 1.76904981704e-17, 2.09853256406e-17, 1.16763988087e-17, 1.85874961353e-17, 1.69402304655e-17, 1.65164889988e-17, 1.60334171754e-17, 1.34971341792e-17, 8.17710139002e-18, 5.84352892906e-18, 3.15814187112e-18, 1.10155445718e-18, 3.25298805451e-19, 3.36128363891e-20],
        "var": [0.0297260284424, 1.50084841251, 4.05673217773, 28.2852172852, 337.501586914, 618.469055176, 1260.69665527, 552.775024414, 1951.18457031, 4486.87451172, 437.510925293, 227.572921753, 111.718894958, 361.426361084, 2240.59155273, 445.780792236, 607.360534668, 1729.90368652, 2256.37548828, 578.178833008, 332.59765625, 860.528747559, 540.423706055, 329.389526367, 816.797607422, 532.822937012, 183.67237854, 467.166442871, 489.916473389, 536.466918945, 374.363861084, 37.4468078613, 14.8359832764, 4.82114839554, 1.52918064594, 0.453896820545, 0.0311097167432, 0.00186037493404, 1.6008680177e-06, 1.98217109393e-09]
    },
    "gfcc": {
        "mean": [8.52967262268, 74.8392486572, -102.38104248, 23.9997501373, -57.0946578979, 9.13699531555, -52.6124725342, 1.20541143417, -34.2196807861, 5.84844970703, -20.421792984, 9.44309043884, -11.3531370163],
        "cov": [[18076.6367188, 325.767242432, -1060.59765625, 417.174743652, -808.290893555, 59.2555351257, -343.17578125, 120.01309967, -281.279602051, 136.347961426, -166.851745605, 25.1801719666, -309.036865234], [325.767242432, 816.905212402, -9.18610477448, -38.0205726624, 190.348068237, -26.8736629486, -41.6293296814, 21.5874824524, 94.0974807739, 38.4912452698, 54.3961830139, -23.8758487701, 11.5294208527], [-1060.59765625, -9.18610477448, 361.476898193, 37.1745529175, 92.6156997681, 68.410446167, 74.9578475952, 17.0531177521, 27.4621734619, 16.1904792786, 7.49114894867, 19.4925003052, 24.2592506409], [417.174743652, -38.0205726624, 37.1745529175, 323.388244629, 50.0089454651, 81.1893234253, 75.4867858887, 7.1531419754, 27.7090549469, -7.54763698578, 11.9658517838, 10.0891094208, -16.4972667694], [-808.290893555, 190.348068237, 92.6156997681, 50.0089454651, 287.440673828, 27.8318271637, 16.7700595856, 57.0761260986, 53.2056045532, -1.91348934174, 14.1856107712, 8.13312530518, 10.0110692978], [59.2555351257, -26.8736629486, 68.410446167, 81.1893234253, 27.8318271637, 118.45388031, 61.658657074, 17.9533081055, 6.00230407715, 8.13883972168, 5.09083890915, 5.78928422928, -10.8098773956], [-343.17578125, -41.6293296814, 74.9578475952, 75.4867858887, 16.7700595856, 61.658657074, 148.462814331, 47.4994163513, 20.403585434, 5.46986818314, 23.7075862885, -1.32537293434, -12.4529037476], [120.01309967, 21.5874824524, 17.0531177521, 7.1531419754, 57.0761260986, 17.9533081055, 47.4994163513, 110.771217346, 29.6798725128, 10.3095998764, -0.884006738663, 0.738406062126, -10.5989637375], [-281.279602051, 94.0974807739, 27.4621734619, 27.7090549469, 53.2056045532, 6.00230407715, 20.403585434, 29.6798725128, 91.8696212769, 35.3652915955, 23.2356014252, -15.7241449356, -4.32704591751], [136.347961426, 38.4912452698, 16.1904792786, -7.54763698578, -1.91348934174, 8.13883972168, 5.46986818314, 10.3095998764, 35.3652915955, 82.7249603271, 33.0737915039, -15.1415090561, -15.4181718826], [-166.851745605, 54.3961830139, 7.49114894867, 11.9658517838, 14.1856107712, 5.09083890915, 23.7075862885, -0.884006738663, 23.2356014252, 33.0737915039, 60.0533599854, 0.986171782017, -6.85281515121], [25.1801719666, -23.8758487701, 19.4925003052, 10.0891094208, 8.13312530518, 5.78928422928, -1.32537293434, 0.738406062126, -15.7241449356, -15.1415090561, 0.986171782017, 52.7609176636, 22.0766124725], [-309.036865234, 11.5294208527, 24.2592506409, -16.4972667694, 10.0110692978, -10.8098773956, -12.4529037476, -10.5989637375, -4.32704591751, -15.4181718826, -6.85281515121, 22.0766124725, 51.5517196655]],
        "icov": [[0.000168168815435, -0.000315203244099, 0.00028293475043, -0.000467566365842, 0.000625219254289, -0.000224936928134, 0.000521869573276, -0.000668250140734, 0.000656965305097, -0.000657392374706, 0.000680565834045, -0.000644756539259, 0.000841044005938], [-0.000315203244099, 0.00236495421268, -0.000264378584689, 0.00117047305685, -0.00225736852735, 0.000373861344997, -0.000317510508467, 0.00133242469747, -0.00233837892301, 0.00139362597838, -0.0027227520477, 0.00206178147346, -0.0022298200056], [0.00028293475043, -0.000264378584689, 0.00448945118114, -0.000272583478363, -0.000370480032871, -0.00178402860183, -0.00126759556588, 0.000216268759686, 0.000430218002293, -0.00272180186585, 0.00256822258234, -0.00211914605461, -0.0005375565961], [-0.000467566365842, 0.00117047305685, -0.000272583478363, 0.00570653984323, -0.00252398871817, -0.00161327829119, -0.00305572221987, 0.0034970974084, -0.00383537984453, 0.00287029193714, -0.00165908376221, 0.000232937265537, -0.000761307950597], [0.000625219254289, -0.00225736852735, -0.000370480032871, -0.00252398871817, 0.00804973486811, -0.00156700226944, 0.00366914807819, -0.00543565442786, 0.000958445423748, -0.000167107049492, 0.00111194327474, -0.00254007917829, 0.00276249437593], [-0.000224936928134, 0.000373861344997, -0.00178402860183, -0.00161327829119, -0.00156700226944, 0.0136094745249, -0.00475965533406, 0.00128982204478, 0.000769686361309, -0.0016772467643, 0.00149102776777, -0.000989864580333, 0.00134980282746], [0.000521869573276, -0.000317510508467, -0.00126759556588, -0.00305572221987, 0.00366914807819, -0.00475965533406, 0.0149982916191, -0.0080901812762, 0.00162447697949, 0.00201367866248, -0.0054629794322, 0.00119648850523, 0.00256721000187], [-0.000668250140734, 0.00133242469747, 0.000216268759686, 0.0034970974084, -0.00543565442786, 0.00128982204478, -0.0080901812762, 0.0170252807438, -0.00627385731786, 3.26411391143e-05, 0.00328714819625, -0.0015677975025, 0.000177055189852], [0.000656965305097, -0.00233837892301, 0.000430218002293, -0.00383537984453, 0.000958445423748, 0.000769686361309, 0.00162447697949, -0.00627385731786, 0.0210691653192, -0.00824087578803, -1.65350684256e-05, 0.00295234681107, 0.000146488091559], [-0.000657392374706, 0.00139362597838, -0.00272180186585, 0.00287029193714, -0.000167107049492, -0.0016772467643, 0.00201367866248, 3.26411391143e-05, -0.00824087578803, 0.0235161967576, -0.0138036767021, 0.00622853124514, -3.99974305765e-05], [0.000680565834045, -0.0027227520477, 0.00256822258234, -0.00165908376221, 0.00111194327474, 0.00149102776777, -0.0054629794322, 0.00328714819625, -1.65350684256e-05, -0.0138036767021, 0.031381495297, -0.010090325959, 0.00676500191912], [-0.000644756539259, 0.00206178147346, -0.00211914605461, 0.000232937265537, -0.00254007917829, -0.000989864580333, 0.00119648850523, -0.0015677975025, 0.00295234681107, 0.00622853124514, -0.010090325959, 0.0307925548404, -0.0154193993658], [0.000841044005938, -0.0022298200056, -0.0005375565961, -0.000761307950597, 0.00276249437593, 0.00134980282746, 0.00256721000187, 0.000177055189852, 0.000146488091559, -3.99974305765e-05, 0.00676500191912, -0.0154193993658, 0.0328537896276]]
    },
    "melbands": {
        "dmean": [0.000700156961102, 0.000539091590326, 0.000656171236187, 0.000842139241286, 0.000526894174982, 0.000208004392334, 0.000238591848756, 0.000183437718078, 4.32398664998e-05, 3.54173826054e-05, 2.45976079896e-05, 2.6197743864e-05, 7.14162233635e-05, 1.88281719602e-05, 2.53054968198e-05, 2.57353094639e-05, 2.51019991993e-05, 2.62665380433e-05, 1.37462056955e-05, 1.10537675937e-05, 9.12292398425e-06, 8.65857600729e-06, 1.1830297808e-05, 5.84001963944e-06, 5.45179091205e-06, 7.17325701771e-06, 6.11578207099e-06, 4.27319082519e-06, 2.42191867983e-06, 3.64616903425e-06, 3.35125878337e-06, 3.50974255525e-06, 3.66830590792e-06, 3.21861398334e-06, 2.62555363406e-06, 1.36350502089e-06, 1.143192776e-06, 9.73716169028e-07, 7.85880558851e-07, 6.85230361341e-07],
        "dmean2": [0.00115088454913, 0.000873530574609, 0.00109053042252, 0.00130126916338, 0.000856778875459, 0.000328869675286, 0.000360839156201, 0.000265375594608, 6.45839099889e-05, 5.38760832569e-05, 3.96937575715e-05, 4.06195467804e-05, 0.000103658538137, 3.05404428218e-05, 3.86102765333e-05, 3.96949981223e-05, 3.98858683184e-05, 3.81461104553e-05, 2.0828050765e-05, 1.74323868123e-05, 1.4552410903e-05, 1.409930519e-05, 1.93778796529e-05, 9.14678548725e-06, 8.28370502859e-06, 1.02447229438e-05, 9.44667317526e-06, 6.37529774394e-06, 3.62914352081e-06, 5.47849504073e-06, 5.02086959386e-06, 4.8938004511e-06, 5.43415626453e-06, 4.54475275546e-06, 3.82968619306e-06, 1.94044218915e-06, 1.81465952664e-06, 1.46700358528e-06, 1.1689337498e-06, 9.80865252131e-07],
        "dvar": [2.63785091192e-06, 1.39528390264e-06, 1.09582674668e-06, 1.06008155853e-06, 5.84941346915e-07, 1.28827295498e-07, 1.46376237353e-07, 9.46312681549e-08, 7.88580578615e-09, 2.61266031032e-09, 1.01250940965e-09, 2.13219863987e-09, 1.45899381465e-08, 1.05371111836e-09, 2.26594631947e-09, 2.49835530042e-09, 2.6755715421e-09, 1.82629200651e-09, 4.64334598549e-10, 2.63541688472e-10, 2.13128195647e-10, 2.77290024275e-10, 1.01796959751e-09, 9.34046173739e-11, 1.06398827249e-10, 2.73152694907e-10, 1.85030948896e-10, 7.73131489384e-11, 2.31887148372e-11, 7.54036624806e-11, 6.83695669523e-11, 6.67915514563e-11, 1.09536067716e-10, 1.13242491773e-10, 8.68227226225e-11, 1.26978531856e-11, 8.00698916892e-12, 5.13516226069e-12, 2.87227837001e-12, 1.6037902343e-12],
        "dvar2": [6.65035031489e-06, 3.16374439535e-06, 2.56880412053e-06, 2.59529383584e-06, 1.48443268699e-06, 3.40748329108e-07, 3.60933682941e-07, 1.97215371145e-07, 1.74164238587e-08, 6.45422071344e-09, 2.40226172288e-09, 4.53341231221e-09, 2.6834632294e-08, 2.52124499056e-09, 4.67087923894e-09, 5.40315969744e-09, 5.64809399251e-09, 3.1006379686e-09, 1.04865804929e-09, 6.48257281188e-10, 5.04120134526e-10, 6.60122567719e-10, 2.22310836406e-09, 2.43809333833e-10, 2.51612980451e-10, 5.5554438827e-10, 3.91641080677e-10, 1.56779825233e-10, 4.51311175931e-11, 1.61355429018e-10, 1.21181842339e-10, 1.31936156444e-10, 2.39996161833e-10, 2.4329807613e-10, 1.66788916012e-10, 2.3484478251e-11, 1.91515518722e-11, 1.13689916856e-11, 6.05434062259e-12, 3.16297140389e-12],
        "max": [0.0113123729825, 0.00912042148411, 0.00762700056657, 0.0108568649739, 0.00753390276805, 0.00303333788179, 0.00461912062019, 0.00300684990361, 0.00109470949974, 0.000728076207452, 0.000348344678059, 0.000570354866795, 0.00195245444775, 0.000307792419335, 0.000798229826614, 0.000724487705156, 0.00084108178271, 0.000604271830525, 0.000259238557192, 0.000221784823225, 0.000169074570294, 0.000226876247325, 0.000523148977663, 0.000103763901279, 0.000111141256639, 0.00023321104527, 0.000146925827721, 0.00010445760563, 4.96691427543e-05, 0.000124756625155, 0.000113898553536, 0.000102019905171, 0.000133779132739, 0.000179727197974, 0.000222673188546, 6.07019101153e-05, 4.35357142123e-05, 3.07850932586e-05, 2.03627587325e-05, 1.31664310175e-05],
        "mean": [0.000754197884817, 0.000791411031969, 0.00090284034377, 0.00167334172875, 0.00110972661059, 0.000470150291221, 0.000500810332596, 0.000432867644122, 8.55616672197e-05, 8.23285372462e-05, 5.21306901646e-05, 5.29774843017e-05, 0.000155415182235, 3.5436161852e-05, 4.65598423034e-05, 4.59204202343e-05, 4.1235358367e-05, 5.09620658704e-05, 2.88295559585e-05, 2.66416245722e-05, 1.89597940334e-05, 1.69115683093e-05, 2.38270968111e-05, 1.10935707198e-05, 1.00596853372e-05, 1.09403827082e-05, 1.09121665446e-05, 7.83732048149e-06, 4.31322223449e-06, 5.91397292737e-06, 5.79241077503e-06, 5.52030587642e-06, 5.35608660357e-06, 4.79011123389e-06, 3.88221405956e-06, 2.11659016713e-06, 1.791498903e-06, 1.58690920671e-06, 1.36096707593e-06, 1.19876654026e-06],
        "median": [0.000264118716586, 0.000430630985647, 0.000486944278236, 0.00126589473803, 0.000704731268343, 0.000269109819783, 0.000267260271357, 0.000104060403828, 3.47323839378e-05, 3.52463357558e-05, 3.37296478392e-05, 3.24336688209e-05, 7.49131577322e-05, 2.21929349209e-05, 2.41059660766e-05, 2.35211737163e-05, 1.96880009753e-05, 2.12812628888e-05, 1.55347879627e-05, 1.64894481713e-05, 1.04695764094e-05, 7.05467255102e-06, 1.22499495774e-05, 6.15702992945e-06, 4.49221988674e-06, 3.36064340445e-06, 2.95282461593e-06, 2.47104640039e-06, 1.79433834546e-06, 1.91915637515e-06, 1.52915856688e-06, 1.42668272929e-06, 1.27141515804e-06, 1.15348291274e-06, 6.92105800226e-07, 4.46022056622e-07, 5.59401655664e-07, 5.70621409679e-07, 5.5487953432e-07, 5.22495270161e-07],
        "min": [5.28117763585e-24, 2.23963192183e-24, 2.62898664616e-24, 4.29046773537e-24, 1.05645135951e-23, 1.71888547176e-23, 8.08136563668e-24, 1.76443272271e-23, 1.24443533551e-23, 8.11748836639e-24, 5.98936962491e-24, 9.50193609961e-24, 1.45301142102e-23, 7.38026392944e-24, 4.08768630652e-24, 5.05291876077e-24, 5.99684723743e-24, 6.95415992263e-24, 8.40628955493e-24, 4.81402012424e-24, 7.04606221808e-24, 8.29033804592e-24, 7.07132548857e-24, 6.47194700063e-24, 5.51987669058e-24, 6.95153301581e-24, 4.85624587634e-24, 4.853599248e-24, 7.52596890522e-24, 1.47359437976e-23, 9.03242975465e-24, 5.64924711802e-24, 9.19709421342e-24, 1.03273930511e-23, 1.0229788869e-23, 7.97067109674e-24, 8.82689204579e-24, 1.09226769565e-23, 1.13963808303e-23, 1.11656398044e-23],
        "var": [2.48122410085e-06, 1.53168252837e-06, 1.29410807403e-06, 2.23232427743e-06, 1.43012141507e-06, 2.95834780673e-07, 3.76834805138e-07, 3.94116653979e-07, 2.04194297027e-08, 1.12438884869e-08, 2.95555735441e-09, 4.24505142149e-09, 4.81166928523e-08, 1.70856617743e-09, 5.13660536328e-09, 4.96470375921e-09, 5.46161604831e-09, 6.86535450711e-09, 1.25023680297e-09, 7.70382146964e-10, 5.15558540304e-10, 7.19744708277e-10, 2.53438647846e-09, 1.90687660107e-10, 2.19388118783e-10, 5.09369879609e-10, 4.39285052778e-10, 1.89976770426e-10, 4.90255475105e-11, 1.43729028679e-10, 1.62253155356e-10, 1.44522227519e-10, 1.95297167327e-10, 1.79440698411e-10, 1.95334817765e-10, 2.912601757e-11, 1.11877798692e-11, 8.28126543034e-12, 5.17935260652e-12, 3.29168203111e-12]
    },
    "mfcc": {
