{
"metadata": {
    "version": {
        "essentia": "2.0.1",
        "extractor": "archive-music 1.0"
    },
    "audio_properties": {
        "analysis_sample_rate": 44100,
        "bitrate": 128,
        "channels": 2,
        "equal_loudness": 0,
        "length": 16.0130615234,
        "replay_gain": -7.28699684143,
        "downmix": "mix"
    },
    "tags": {
        "track": 2,
        "year": 0,
        "album": "Lovers EP (Free Bonus-Tracks)",
        "artist": "Sound System",
        "comment": "",
        "genre": "Other",
        "title": "Can´t Back Down"
    }
},
"highlevel": {
    "culture": {
        "all": {
            "non_western": 0.0382559858263,
            "western": 0.961744010448
        },
        "probability": 0.961744010448,
        "value": "western"
    },
    "danceability": {
        "all": {
            "danceable": 0.536730289459,
            "not_danceable": 0.463269740343
        },
        "probability": 0.536730289459,
        "value": "danceable"
    },
    "gender": {
        "all": {
            "female": 0.924302220345,
            "male": 0.0756978020072
        },
        "probability": 0.924302220345,
        "value": "female"
    },
    "genre_dortmund": {
        "all": {
            "alternative": 0.0362673997879,
            "blues": 0.0257588662207,
            "electronic": 0.060985557735,
            "folkcountry": 0.144401758909,
            "funksoulrnb": 0.036729183048,
            "jazz": 0.0496446304023,
            "pop": 0.221774712205,
            "raphiphop": 0.224041864276,
            "rock": 0.200396046042
        },
        "probability": 0.224041864276,
        "value": "raphiphop"
    },
    "genre_electronic": {
        "all": {
            "ambient": 0.770196735859,
            "dnb": 0.0724743381143,
            "house": 0.094050437212,
            "techno": 0.0173208732158,
            "trance": 0.045957621187
        },
        "probability": 0.770196735859,
        "value": "ambient"
    },
    "genre_rosamerica": {
        "all": {
            "cla": 0.00848949886858,
            "dan": 0.00488435290754,
            "hip": 0.00452332291752,
            "jaz": 0.00451035005972,
            "pop": 0.330706179142,
            "rhy": 0.624123454094,
            "roc": 0.0130832595751,
            "spe": 0.00967959314585
        },
        "probability": 0.624123454094,
        "value": "rhy"
    },
    "genre_tzanetakis": {
        "all": {
            "blu": 0.0005299555487,
            "cla": 0.00104456488043,
            "cou": 0.0185432806611,
            "dis": 0.00867088511586,
            "hip": 0.018562015146,
            "jaz": 0.00615413859487,
            "met": 0.000578299630433,
            "pop": 0.579454362392,
            "reg": 0.0343129448593,
            "roc": 0.33214956522
        },
        "probability": 0.579454362392,
        "value": "pop"
    },
    "mirex_ballroom": {
        "all": {
            "ChaChaCha": 0.00553900236264,
            "Jive": 0.0282263699919,
            "Quickstep": 0.0589793808758,
            "Rumba-American": 0.00616395100951,
            "Rumba-International": 0.758065342903,
            "Rumba-Misc": 0.0583846494555,
            "Samba": 0.0221634693444,
            "Tango": 0.00216957135126,
            "VienneseWaltz": 0.0231608580798,
            "Waltz": 0.0371474139392
        },
        "probability": 0.758065342903,
        "value": "Rumba-International"
    },
    "mood_acoustic": {
        "all": {
            "acoustic": 0.655095398426,
            "not_acoustic": 0.344904601574
        },
        "probability": 0.655095398426,
        "value": "acoustic"
    },
    "mood_aggressive": {
        "all": {
            "aggressive": 0.00454564578831,
            "not_aggressive": 0.995454370975
        },
        "probability": 0.995454370975,
        "value": "not_aggressive"
    },
    "mood_electronic": {
        "all": {
            "electronic": 0.54842710495,
            "not_electronic": 0.45157289505
        },
        "probability": 0.54842710495,
        "value": "electronic"
    },
    "mood_happy": {
        "all": {
            "happy": 0.348101049662,
            "not_happy": 0.651898980141
        },
        "probability": 0.651898980141,
        "value": "not_happy"
    },
    "mood_party": {
        "all": {
            "not_party": 0.778270304203,
            "party": 0.221729695797
        },
        "probability": 0.778270304203,
        "value": "not_party"
    },
    "mood_relaxed": {
        "all": {
            "not_relaxed": 0.64216452837,
            "relaxed": 0.357835501432
        },
        "probability": 0.64216452837,
        "value": "not_relaxed"
    },
    "mood_sad": {
        "all": {
            "not_sad": 0.391156435013,
            "sad": 0.608843564987
        },
        "probability": 0.608843564987,
        "value": "sad"
    },
    "moods_mirex": {
        "all": {
            "Cluster1": 0.256964683533,
            "Cluster2": 0.375117838383,
            "Cluster3": 0.201645940542,
            "Cluster4": 0.125656962395,
            "Cluster5": 0.0406145825982
        },
        "probability": 0.375117838383,
        "value": "Cluster2"
    },
    "timbre": {
        "all": {
            "bright": 0.577563941479,
            "dark": 0.422436058521
        },
        "probability": 0.577563941479,
        "value": "bright"
    },
    "tonal_atonal": {
        "all": {
            "atonal": 0.877801001072,
            "tonal": 0.122198998928
        },
        "probability": 0.877801001072,
        "value": "atonal"
    },
    "voice_instrumental": {
        "all": {
            "instrumental": 0.0978327766061,
            "voice": 0.902167201042
        },
        "probability": 0.902167201042,
        "value": "voice"
    }
},
"lowlevel": {
    "average_loudness": 0.965632379055,
    "barkbands_kurtosis": {
        "dmean": 5.34429931641,
        "dmean2": 8.2219209671,
        "dvar": 109.608528137,
        "dvar2": 267.500671387,
        "max": 140.015701294,
        "mean": 10.7490549088,
        "median": 6.24952507019,
        "min": -1.89343822002,
        "var": 200.527877808
    },
    "barkbands_skewness": {
        "dmean": 0.619823992252,
        "dmean2": 0.935747623444,
        "dvar": 0.594502568245,
        "dvar2": 1.31945180893,
        "max": 10.601017952,
        "mean": 2.05990195274,
        "median": 1.91856431961,
        "min": -2.0600965023,
        "var": 2.05684876442
    },
    "barkbands_spread": {
        "dmean": 4.79840612411,
        "dmean2": 6.87219715118,
        "dvar": 73.0094680786,
        "dvar2": 129.967269897,
        "max": 91.3371734619,
        "mean": 15.5245380402,
        "median": 9.82115650177,
        "min": 1.00020992756,
        "var": 234.243118286
    },
    "dissonance": {
        "dmean": 0.0270035378635,
        "dmean2": 0.0450002551079,
        "dvar": 0.00064593879506,
        "dvar2": 0.00182182830758,
        "max": 0.500000059605,
        "mean": 0.443432062864,
        "median": 0.448493748903,
        "min": 0.288036972284,
        "var": 0.00126325665042
    },
    "dynamic_complexity": 3.44909596443,
    "erbbands_kurtosis": {
        "dmean": 1.79384982586,
        "dmean2": 2.69040393829,
        "dvar": 5.07049512863,
        "dvar2": 12.2559146881,
        "max": 21.2396907806,
        "mean": 2.50736904144,
        "median": 1.38169765472,
        "min": -1.80610847473,
        "var": 14.9739551544
    },
    "erbbands_skewness": {
        "dmean": 0.453316032887,
        "dmean2": 0.64159822464,
        "dvar": 0.217405945063,
        "dvar2": 0.405885308981,
        "max": 4.0626039505,
        "mean": 1.03250420094,
        "median": 1.03883886337,
        "min": -2.65275382996,
        "var": 1.19532597065
    },
    "erbbands_spread": {
        "dmean": 8.7262840271,
        "dmean2": 12.5088119507,
        "dvar": 152.637878418,
        "dvar2": 305.66519165,
        "max": 155.227798462,
        "mean": 33.7574577332,
        "median": 27.2595443726,
        "min": 6.5552444458,
        "var": 465.699401855
    },
    "hfc": {
        "dmean": 5.26627159119,
        "dmean2": 6.72004890442,
        "dvar": 88.6708755493,
        "dvar2": 130.522201538,
        "max": 125.553771973,
        "mean": 16.4257965088,
        "median": 9.61958122253,
        "min": 1.12244928347e-16,
        "var": 354.974395752
    },
    "melbands_kurtosis": {
        "dmean": 8.97877693176,
        "dmean2": 14.2313632965,
        "dvar": 306.433776855,
        "dvar2": 756.900512695,
        "max": 264.643737793,
        "mean": 18.6772327423,
        "median": 12.2370967865,
        "min": -1.46052289009,
        "var": 477.891601562
    },
    "melbands_skewness": {
        "dmean": 0.720315098763,
        "dmean2": 1.09194028378,
        "dvar": 0.831860184669,
        "dvar2": 1.7884542942,
        "max": 11.7543678284,
        "mean": 2.69157004356,
        "median": 2.50650763512,
        "min": -0.0863759815693,
        "var": 2.40612101555
    },
    "melbands_spread": {
        "dmean": 5.69646501541,
        "dmean2": 8.26739788055,
        "dvar": 189.442123413,
        "dvar2": 368.045410156,
        "max": 208.503173828,
        "mean": 16.7381591797,
        "median": 9.40790367126,
        "min": 0.805498421192,
        "var": 505.229797363
    },
    "pitch_salience": {
        "dmean": 0.0688850805163,
        "dmean2": 0.110824495554,
        "dvar": 0.00520338211209,
        "dvar2": 0.0131006157026,
        "max": 0.903099954128,
        "mean": 0.56205111742,
        "median": 0.569708168507,
        "min": 0.179399773479,
        "var": 0.0104314247146
    },
    "silence_rate_20dB": {
        "dmean": 0,
        "dmean2": 0,
        "dvar": 0,
        "dvar2": 0,
        "max": 1,
        "mean": 1,
        "median": 1,
        "min": 1,
        "var": 0
    },
    "silence_rate_30dB": {
        "dmean": 0.0405797101557,
        "dmean2": 0.0812772139907,
        "dvar": 0.0389328077435,
        "dvar2": 0.0920881778002,
        "max": 1,
        "mean": 0.962373375893,
        "median": 1,
        "min": 0,
        "var": 0.0362108759582
    },
    "silence_rate_60dB": {
        "dmean": 0.00579710165039,
        "dmean2": 0.0116110304371,
        "dvar": 0.00576350511983,
        "dvar2": 0.011476168409,
        "max": 1,
        "mean": 0.0535455867648,
        "median": 0,
        "min": 0,
        "var": 0.0506781041622
    },
    "spectral_centroid": {
        "dmean": 216.120498657,
        "dmean2": 295.412994385,
        "dvar": 251156.6875,
        "dvar2": 275826.78125,
        "max": 10978.6855469,
        "mean": 859.817382812,
        "median": 587.705200195,
        "min": 167.198516846,
        "var": 691555.8125
    },
    "spectral_complexity": {
        "dmean": 2.79420280457,
        "dmean2": 4.14804077148,
        "dvar": 20.3402137756,
        "dvar2": 28.4686698914,
        "max": 51,
        "mean": 12.9305353165,
        "median": 10,
        "min": 0,
        "var": 78.3338012695
    },
    "spectral_crest": {
        "dmean": 2.46790599823,
        "dmean2": 3.99342036247,
        "dvar": 6.80151367188,
        "dvar2": 15.9757633209,
        "max": 24.6168346405,
        "mean": 10.3042125702,
        "median": 9.61670970917,
        "min": 3.52865695953,
        "var": 15.2634277344
    },
    "spectral_decrease": {
        "dmean": 3.19838044938e-09,
        "dmean2": 4.8215236248e-09,
        "dvar": 3.78232040859e-17,
        "dvar2": 8.44407806862e-17,
        "max": 1.16767958915e-29,
        "mean": -8.26969603906e-09,
        "median": -6.61428023463e-09,
        "min": -5.49422125573e-08,
        "var": 6.62771186619e-17
    },
    "spectral_energy": {
        "dmean": 0.0123666198924,
        "dmean2": 0.0185642391443,
        "dvar": 0.000552264566068,
        "dvar2": 0.00123176106717,
        "max": 0.2091191113,
        "mean": 0.0327016226947,
        "median": 0.0263311062008,
        "min": 1.02114630748e-20,
        "var": 0.000995388953015
    },
    "spectral_energyband_high": {
        "dmean": 0.0003787468886,
        "dmean2": 0.000465364049887,
        "dvar": 9.79796254796e-07,
        "dvar2": 1.41887369409e-06,
        "max": 0.0147736724466,
        "mean": 0.000662106962409,
        "median": 0.000101516103314,
        "min": 7.20016617699e-21,
        "var": 2.85773126052e-06
    },
    "spectral_energyband_low": {
        "dmean": 0.00768634630367,
        "dmean2": 0.011616146192,
        "dvar": 0.00049461144954,
        "dvar2": 0.00112438970245,
        "max": 0.198777168989,
        "mean": 0.0127981957048,
        "median": 0.00596251292154,
        "min": 1.3207499288e-22,
        "var": 0.000588712166063
    },
    "spectral_energyband_middle_high": {
        "dmean": 0.00103073031642,
        "dmean2": 0.00135918683372,
        "dvar": 4.10845950682e-06,
        "dvar2": 7.73617375671e-06,
        "max": 0.0367961935699,
        "mean": 0.00328751234338,
        "median": 0.000778603833169,
        "min": 1.55363067997e-21,
        "var": 2.65150993073e-05
    },
    "spectral_energyband_middle_low": {
        "dmean": 0.00711669307202,
        "dmean2": 0.0110083417967,
        "dvar": 0.000122278506751,
        "dvar2": 0.000295726553304,
        "max": 0.151099652052,
        "mean": 0.0181421618909,
        "median": 0.0136480117217,
        "min": 2.51485322488e-22,
        "var": 0.000313160737278
    },
    "spectral_flatness_db": {
        "dmean": 0.024414755404,
        "dmean2": 0.0346064902842,
        "dvar": 0.000615411787294,
        "dvar2": 0.00111855845898,
        "max": 0.374288082123,
        "mean": 0.183295845985,
        "median": 0.176395386457,
        "min": 0.0496527813375,
        "var": 0.00391438882798
    },
    "spectral_flux": {
        "dmean": 0.0290844459087,
        "dmean2": 0.043111089617,
        "dvar": 0.00181379006244,
        "dvar2": 0.00351572548971,
        "max": 0.381357401609,
        "mean": 0.0778750181198,
        "median": 0.0603788718581,
        "min": 1.01051784995e-10,
        "var": 0.00415009446442
    },
    "spectral_kurtosis": {
        "dmean": 2.76615548134,
        "dmean2": 4.32609987259,
        "dvar": 12.6051521301,
        "dvar2": 32.3416519165,
        "max": 36.0455513,
        "mean": 7.62590503693,
        "median": 6.42832374573,
        "min": -1.28306519985,
        "var": 36.7006759644
    },
    "spectral_rms": {
        "dmean": 0.000888539128937,
        "dmean2": 0.00127031700686,
        "dvar": 1.54535212005e-06,
        "dvar2": 3.17279864248e-06,
        "max": 0.014283509925,
        "mean": 0.00509898364544,
        "median": 0.00506842043251,
        "min": 3.15632741298e-12,
        "var": 5.9043463807e-06
    },
    "spectral_rolloff": {
        "dmean": 414.997497559,
        "dmean2": 703.781555176,
        "dvar": 1820486.125,
        "dvar2": 3541464.25,
        "max": 19401.4160156,
        "mean": 1108.10388184,
        "median": 473.73046875,
        "min": 86.1328125,
        "var": 4341358.5
    },
    "spectral_skewness": {
        "dmean": 0.336878687143,
        "dmean2": 0.477446883917,
        "dvar": 0.127980783582,
        "dvar2": 0.236141249537,
        "max": 4.83466720581,
        "mean": 2.13849687576,
        "median": 2.09632182121,
        "min": -0.0730952620506,
        "var": 0.707868278027
    },
    "spectral_spread": {
        "dmean": 751946.9375,
        "dmean2": 993912.375,
        "dvar": 3.35298927002e+12,
        "dvar2": 3.71793225318e+12,
        "max": 40909960,
        "mean": 4811995.5,
        "median": 4293472.5,
        "min": 1424217.75,
        "var": 7.50733701939e+12
    },
    "spectral_strongpeak": {
        "dmean": 0.498024702072,
        "dmean2": 0.86926472187,
        "dvar": 0.871569275856,
        "dvar2": 1.98031282425,
        "max": 11.0575742722,
        "mean": 0.939475476742,
        "median": 0.600443065166,
        "min": 0,
        "var": 1.41935002804
    },
    "zerocrossingrate": {
        "dmean": 0.0114279044792,
        "dmean2": 0.0134039930999,
        "dvar": 0.000708167150151,
        "dvar2": 0.0011133372318,
        "max": 0.50439453125,
        "mean": 0.0464708060026,
        "median": 0.0341796875,
        "min": 0.0048828125,
        "var": 0.00289926864207
    },
    "barkbands": {
        "dmean": [0.000498102162965, 0.00606105849147, 0.00192259822506, 0.00273098610342, 0.00243926909752, 0.00240890285932, 0.000947181135416, 0.000585729081649, 0.000576575926971, 0.000316080724588, 0.000183352283784, 0.000233195707551, 0.000190895487322, 0.00018716379418, 0.000149637024151, 0.000181842478923, 0.000154970563017, 8.83579268702e-05, 9.23886982491e-05, 6.97533105267e-05, 8.09212069726e-05, 9.27441797103e-05, 7.02728575561e-05, 9.24660562305e-05, 5.07363365614e-05, 1.76980865945e-05, 4.56598058918e-07],
        "dmean2": [0.000768429366872, 0.00971151143312, 0.0034089111723, 0.00440577417612, 0.00407071318477, 0.00354696763679, 0.00143351347651, 0.000908748130314, 0.000910516071599, 0.000448652630439, 0.00028228352312, 0.000358384160791, 0.00027507377672, 0.000284557318082, 0.000233040453168, 0.000235884726862, 0.000199581758352, 0.00012927390344, 0.00014381314395, 9.55467185122e-05, 0.000107409978227, 0.000121020653751, 9.76119190454e-05, 0.000121108103485, 6.54628165648e-05, 2.20479596464e-05, 7.90910235082e-07],
        "dvar": [5.60323826448e-07, 0.00043104426004, 4.07495681429e-05, 3.85366329283e-05, 3.28702808474e-05, 1.66287882166e-05, 4.16962075178e-06, 3.4355250591e-06, 1.67065388723e-06, 1.3528076579e-06, 2.10790474853e-07, 3.12739899755e-07, 3.11988316071e-07, 2.55476663824e-07, 2.0575944859e-07, 2.95302726272e-07, 2.01267368993e-07, 5.91252167226e-08, 4.94068359558e-08, 3.61643159863e-08, 5.26819086133e-08, 6.72667113122e-08, 4.63163054576e-08, 1.4048012531e-07, 2.38260380314e-08, 1.96083393966e-09, 5.367539746e-12],
        "dvar2": [1.34368281124e-06, 0.00105896731839, 0.000116941730084, 9.14514675969e-05, 8.76283738762e-05, 3.66423191736e-05, 9.60779107118e-06, 8.42685403768e-06, 3.15768693326e-06, 2.28932321988e-06, 4.22912393105e-07, 6.75314879572e-07, 6.53385484384e-07, 5.29308294972e-07, 5.08519860887e-07, 4.24265152787e-07, 2.77276086535e-07, 1.27671043515e-07, 1.05120250282e-07, 6.07234866834e-08, 1.03552672215e-07, 1.25491723679e-07, 9.66016244774e-08, 3.02509704397e-07, 5.1352962771e-08, 3.19158743878e-09, 1.43554690704e-11],
        "max": [0.00802351720631, 0.160764843225, 0.0674652606249, 0.0865562409163, 0.0629747211933, 0.0607553012669, 0.0263628289104, 0.0358416102827, 0.0223481841385, 0.0298031810671, 0.00906463433057, 0.011142202653, 0.00890449620783, 0.0125844841823, 0.00559566263109, 0.0135705182329, 0.00991356838495, 0.00352264312096, 0.00289064296521, 0.00188963487744, 0.00376354344189, 0.0029539836105, 0.00313405971974, 0.00881853327155, 0.00255162152462, 0.000516908010468, 2.76658774965e-05],
        "mean": [0.00110813311767, 0.00748878903687, 0.00204156315885, 0.00520469108596, 0.00388956908137, 0.00489099277183, 0.00195945892483, 0.000982209574431, 0.00115696678404, 0.000566638656892, 0.00036564891343, 0.000528933887836, 0.000280854874291, 0.000379998935387, 0.000236938576563, 0.00031496930751, 0.000296580663417, 0.000134561851155, 0.000158425609698, 0.000111808061774, 0.000124650396174, 0.000127520324895, 0.000113521207822, 0.000135547787067, 7.68714526203e-05, 2.54469305219e-05, 3.22489995597e-07],
        "median": [0.000686121813487, 0.00225600996055, 0.000688715022989, 0.00128732842859, 0.0020026632119, 0.0028059266042, 0.000543928472325, 0.000352300266968, 0.00033472085488, 9.92056011455e-05, 9.57412557909e-05, 0.000114732130896, 7.0851710916e-05, 5.87587855989e-05, 3.34525175276e-05, 2.62751782429e-05, 1.96275414055e-05, 1.94784934138e-05, 2.19711691898e-05, 1.63041422638e-05, 1.39577405207e-05, 1.18369835036e-05, 1.3489923731e-05, 1.80882216227e-05, 1.16188011816e-05, 4.36647360402e-06, 7.19817871975e-10],
        "min": [3.63586874741e-23, 2.96787206137e-23, 3.46970971276e-23, 1.33916553954e-23, 4.58381228941e-23, 2.51559428081e-23, 4.10216032641e-23, 4.68413393953e-23, 3.86345290975e-23, 4.5838741361e-23, 2.14002880566e-23, 1.17092088288e-22, 6.9332252897e-23, 5.16138437423e-23, 8.53042123599e-23, 1.73500956778e-22, 8.84045934896e-23, 1.95130336353e-22, 2.71263592616e-22, 3.12859634925e-22, 4.23725490213e-22, 4.46976010502e-22, 5.75675499123e-22, 7.9015403126e-22, 8.72906171307e-22, 1.73837195802e-21, 2.2984006977e-21],
        "var": [1.64153061633e-06, 0.000404298101785, 2.80956064671e-05, 8.73991084518e-05, 3.69045701518e-05, 4.22696321039e-05, 1.14459426186e-05, 4.11657674704e-06, 5.61703609492e-06, 3.51285302713e-06, 6.47301362733e-07, 1.72726913661e-06, 5.80134212669e-07, 1.4216358295e-06, 4.67922916414e-07, 1.00718989415e-06, 8.32512341731e-07, 1.03239088389e-07, 1.16160464358e-07, 7.31093763306e-08, 1.17808923505e-07, 1.24181099181e-07, 1.08709826918e-07, 3.11674597242e-07, 4.88039653135e-08, 4.10795353289e-09, 3.69940753378e-12]
    },
    "erbbands": {
        "dmean": [0.187085926533, 1.37660777569, 2.21529150009, 5.22289323807, 11.7447605133, 5.57901477814, 9.10839939117, 26.0158004761, 15.4918422699, 11.1972665787, 12.1392850876, 10.4001932144, 11.4558582306, 9.37863445282, 6.09976625443, 7.03965616226, 7.82664585114, 8.77560138702, 9.20007038116, 7.42238807678, 9.00695800781, 6.92643022537, 4.85831975937, 4.66978931427, 3.88576555252, 3.16579413414, 3.16839027405, 3.33496260643, 3.57178401947, 2.49224209785, 1.97684323788, 2.38161587715, 1.23193514347, 0.731363594532, 0.280948728323, 0.0977298095822, 0.0311902146786, 0.00345468963496, 7.39532188163e-05, 1.57939757628e-05],
        "dmean2": [0.287219405174, 2.2067553997, 3.95704126358, 8.64443302155, 18.8930358887, 9.7978219986, 13.564455986, 39.2102813721, 22.485250473, 17.6673641205, 18.2054290771, 16.0351467133, 16.3149852753, 13.6038427353, 9.88943862915, 10.8531885147, 11.2017993927, 13.6733465195, 13.9225225449, 10.770822525, 11.5890054703, 9.10850429535, 7.03200769424, 7.51312208176, 5.72410535812, 4.3918056488, 4.44901514053, 4.59927368164, 4.81665897369, 3.44737267494, 2.65128231049, 3.24221658707, 1.61154687405, 0.996647059917, 0.348080515862, 0.130707889795, 0.0408697985113, 0.00473653851077, 0.000100228615338, 2.30668756558e-05],
        "dvar": [0.283333480358, 26.4315891266, 66.0001831055, 130.771392822, 905.596923828, 161.830093384, 228.422470093, 2496.23193359, 1321.25170898, 537.113769531, 1193.68969727, 415.687316895, 999.783996582, 590.01763916, 295.84552002, 230.763061523, 510.609741211, 648.180603027, 828.139648438, 343.431671143, 946.79119873, 318.504882812, 179.520706177, 135.62322998, 93.0792007446, 77.1812133789, 82.8821868896, 92.7035293579, 109.935913086, 57.1870536804, 31.3058414459, 125.198326111, 15.8944664001, 7.19959878922, 0.541530907154, 0.060555152595, 0.00727567123249, 0.000103682476038, 4.15795788911e-08, 8.08540068231e-10],
        "dvar2": [0.725824475288, 66.16065979, 182.491699219, 333.147033691, 2324.07739258, 457.367706299, 520.620361328, 5775.97216797, 3104.59350586, 1320.44848633, 2470.43310547, 804.859924316, 1727.4888916, 1278.79638672, 607.854431152, 455.283843994, 1012.06268311, 1674.16906738, 1891.42285156, 729.888549805, 1269.25756836, 490.476837158, 364.26940918, 310.111694336, 176.087860107, 151.322250366, 154.687698364, 205.502944946, 222.421554565, 109.998016357, 61.6952095032, 286.847320557, 28.5594959259, 17.7075653076, 0.876206994057, 0.101941488683, 0.0129668619484, 0.000187939367606, 7.43777093248e-08, 1.68221192531e-09],
        "max": [4.89302873611, 39.5707855225, 71.845741272, 112.163009644, 428.210479736, 116.844459534, 187.547607422, 745.369506836, 574.022583008, 253.946304321, 692.714233398, 290.322845459, 593.527038574, 675.552062988, 334.053741455, 291.743804932, 361.882507324, 329.979064941, 445.252044678, 223.798538208, 880.417724609, 336.296020508, 206.934967041, 173.029876709, 90.8581771851, 80.0601348877, 101.300918579, 144.990631104, 130.460281372, 127.540222168, 83.1216964722, 281.353424072, 78.8220596313, 48.4456443787, 10.0899505615, 2.79704904556, 1.31108081341, 0.109600678086, 0.0022300707642, 0.000298554456094],
        "mean": [0.297812104225, 1.33600485325, 2.39635872841, 10.2920255661, 18.8247318268, 8.66670703888, 20.5731468201, 47.983039856, 32.7467041016, 21.567150116, 24.2966823578, 20.5561447144, 23.1071357727, 21.0266208649, 12.7070484161, 16.8800773621, 14.3268375397, 15.4211483002, 17.3604469299, 13.4103813171, 20.2475757599, 13.5866937637, 8.14568996429, 8.48669815063, 6.54685306549, 4.92279291153, 4.86349344254, 4.9026761055, 4.73496866226, 3.8249475956, 3.13612771034, 3.32862782478, 1.89612293243, 1.06542062759, 0.435389727354, 0.143433302641, 0.0442200303078, 0.00416917866096, 0.000104004146124, 4.23982201028e-05],
        "median": [0.119855515659, 0.254089206457, 0.828417897224, 3.00733327866, 6.19399309158, 5.2801656723, 10.0288362503, 24.3759937286, 14.6254386902, 8.85086536407, 8.7933511734, 7.57232522964, 5.6504073143, 4.77240276337, 4.44203472137, 3.88900494576, 3.31501579285, 3.84085583687, 2.18943500519, 1.7646459341, 1.49991297722, 1.20400357246, 1.08600735664, 1.13489639759, 1.03163194656, 0.743150830269, 0.57657879591, 0.527401268482, 0.458061128855, 0.287196785212, 0.391997873783, 0.398816376925, 0.241661638021, 0.139893651009, 0.064993083477, 0.0241587813944, 0.00729359593242, 0.00047503830865, 2.66118240688e-05, 3.24632237607e-05],
        "min": [8.04790139977e-22, 3.10071560672e-21, 2.69961071938e-20, 8.08526332647e-20, 6.19459210999e-20, 1.84425475188e-19, 1.28486946825e-19, 2.80790026148e-19, 3.56301741605e-19, 8.28781362135e-19, 1.20697366317e-18, 1.134210307e-18, 1.46882616467e-18, 1.41903506168e-18, 1.05507766011e-18, 4.49557277363e-18, 3.22776132058e-18, 3.73370220634e-18, 2.6454447809e-18, 6.25875167627e-18, 7.59313917452e-18, 6.12289305092e-18, 9.87186873369e-18, 1.62522494608e-17, 1.39431086064e-17, 1.42942914442e-17, 1.75343579036e-17, 1.41434302441e-17, 1.4840558212e-17, 1.34084083051e-17, 1.82197994638e-17, 1.53741194856e-17, 1.33286085371e-17, 1.03149116329e-17, 6.04004677667e-18, 4.91167688179e-18, 3.6212201187e-18, 1.11888337403e-18, 2.87457567174e-19, 3.63212066603e-20],
        "var": [0.313207447529, 22.4150695801, 46.3145484924, 268.925201416, 1335.06420898, 143.1693573, 726.502197266, 5655.96875, 2796.20800781, 1200.609375, 2278.28515625, 1225.03833008, 2906.21459961, 2370.70874023, 795.859741211, 1540.46350098, 1223.31018066, 1209.27807617, 2503.43725586, 886.49420166, 4654.24560547, 1333.68249512, 351.197814941, 340.442626953, 179.188079834, 148.399032593, 169.471939087, 184.854293823, 181.517196655, 124.158096313, 75.2803421021, 243.942626953, 42.0910720825, 12.1286916733, 1.28544342518, 0.125149294734, 0.013808994554, 0.000165609322721, 7.04825353637e-08, 1.70157099522e-09]
    },
    "gfcc": {
        "mean": [-40.6262283325, 115.404441833, -87.8664627075, 25.7993202209, -64.1356811523, 15.6489744186, -45.4970932007, 8.73886299133, -22.8885059357, 4.52584314346, -10.8880357742, 0.72456240654, -7.36698246002],
        "cov": [[17035.4414062, -312.824462891, -1423.25109863, 447.034545898, -717.547302246, 96.1024932861, -334.126098633, 421.442718506, -384.822540283, 340.343536377, -154.347900391, 152.526824951, -120.878555298], [-312.824462891, 1619.52661133, -118.411842346, -313.391723633, 362.799987793, -142.740264893, 85.1623153687, -9.63914203644, 110.142562866, -189.872924805, 190.110443115, -159.053573608, 24.0121974945], [-1423.25109863, -118.411842346, 935.882995605, 111.811126709, -137.940460205, 140.456161499, -30.5325946808, -201.173568726, 21.2037277222, -43.4354896545, -52.6421928406, -31.7929115295, -94.0677947998], [447.034545898, -313.391723633, 111.811126709, 274.518920898, -53.4238510132, 40.5663566589, -13.5893325806, -7.96297931671, -4.6381726265, 16.3219871521, -49.9966888428, 30.7686767578, -5.43686294556], [-717.547302246, 362.799987793, -137.940460205, -53.4238510132, 402.314086914, -68.6964950562, 73.3868637085, 111.899185181, 62.8645248413, -32.1150856018, 43.1802215576, -3.14721179008, 48.2613220215], [96.1024932861, -142.740264893, 140.456161499, 40.5663566589, -68.6964950562, 185.152359009, 33.4726524353, -51.5113563538, -3.06403231621, 14.1783189774, -16.4890079498, -7.16084957123, -17.1102981567], [-334.126098633, 85.1623153687, -30.5325946808, -13.5893325806, 73.3868637085, 33.4726524353, 145.562835693, 31.8848133087, 25.772518158, 7.86776018143, 31.6579113007, -6.49129676819, 20.8982200623], [421.442718506, -9.63914203644, -201.173568726, -7.96297931671, 111.899185181, -51.5113563538, 31.8848133087, 219.684127808, 61.2948875427, 48.9067993164, 16.5037879944, 54.0226783752, 57.8661079407], [-384.822540283, 110.142562866, 21.2037277222, -4.6381726265, 62.8645248413, -3.06403231621, 25.772518158, 61.2948875427, 142.102203369, -0.546557724476, 40.3245697021, 6.87665462494, 24.4252548218], [340.343536377, -189.872924805, -43.4354896545, 16.3219871521, -32.1150856018, 14.1783189774, 7.86776018143, 48.9067993164, -0.546557724476, 132.642791748, -3.76768779755, 51.8564186096, 9.55919837952], [-154.347900391, 190.110443115, -52.6421928406, -49.9966888428, 43.1802215576, -16.4890079498, 31.6579113007, 16.5037879944, 40.3245697021, -3.76768779755, 105.515296936, -13.8682813644, 4.61247014999], [152.526824951, -159.053573608, -31.7929115295, 30.7686767578, -3.14721179008, -7.16084957123, -6.49129676819, 54.0226783752, 6.87665462494, 51.8564186096, -13.8682813644, 104.395301819, 34.0529136658], [-120.878555298, 24.0121974945, -94.0677947998, -5.43686294556, 48.2613220215, -17.1102981567, 20.8982200623, 57.8661079407, 24.4252548218, 9.55919837952, 4.61247014999, 34.0529136658, 97.3838653564]],
        "icov": [[0.000161998294061, -0.000337362347636, 0.000311341602355, -0.000517731532454, 0.000472670479212, -0.000443861325039, 0.000390996981878, -0.00062650651671, 0.000472487765364, -0.000323210726492, 0.000236479521845, -0.000171301857335, 0.000494157196954], [-0.000337362347636, 0.00224534468725, -0.000733653316274, 0.00212355866097, -0.00187304685824, 0.00155646970961, -0.000973169167992, 0.00176839868072, -0.00145225820597, 0.00179922091775, -0.00198600883596, 0.00155512802303, -0.00146484444849], [0.000311341602355, -0.000733653316274, 0.00230962969363, -0.00143188482616, 0.000976445735432, -0.00159835116938, 0.000807838165201, 0.000218626009882, -0.000346447195625, -0.000415330374381, 0.00124219956342, -0.00085446704179, 0.00201800861396], [-0.000517731532454, 0.00212355866097, -0.00143188482616, 0.00670870672911, -0.00183811376337, 0.0013265121961, -0.00138637726195, 0.00203044363298, -0.00208801473491, 0.00183790922165, -9.33548435569e-05, 0.000235522558796, -0.00167447037529], [0.000472670479212, -0.00187304685824, 0.000976445735432, -0.00183811376337, 0.0055485740304, -0.000645156367682, -0.000351527734892, -0.00351868616417, 0.00108711957, -0.000303030625219, 0.00136742158793, -0.000915586890187, 0.00120475434233], [-0.000443861325039, 0.00155646970961, -0.00159835116938, 0.0013265121961, -0.000645156367682, 0.00890431459993, -0.00385587313212, 0.0030663528014, -0.00200376845896, 0.00022189070296, -0.000268292293185, 0.00138415757101, -0.00150548515376], [0.000390996981878, -0.000973169167992, 0.000807838165201, -0.00138637726195, -0.000351527734892, -0.00385587313212, 0.0102159008384, -0.00230157678016, 0.00129385478795, -0.00172600056976, -0.00153082946781, 0.000806873256806, -0.000264466158114], [-0.00062650651671, 0.00176839868072, 0.000218626009882, 0.00203044363298, -0.00351868616417, 0.0030663528014, -0.00230157678016, 0.0118164233863, -0.00539681082591, -0.000708107312676, -0.000269557291176, -0.00135235767812, -0.00322533794679], [0.000472487765364, -0.00145225820597, -0.000346447195625, -0.00208801473491, 0.00108711957, -0.00200376845896, 0.00129385478795, -0.00539681082591, 0.0118074938655, -0.000610025657807, -0.00274415919557, -0.000435190071585, -8.7763844931e-05], [-0.000323210726492, 0.00179922091775, -0.000415330374381, 0.00183790922165, -0.000303030625219, 0.00022189070296, -0.00172600056976, -0.000708107312676, -0.000610025657807, 0.0121445292607, -0.00206112186424, -0.00349393137731, 0.000117178147775], [0.000236479521845, -0.00198600883596, 0.00124219956342, -9.33548435569e-05, 0.00136742158793, -0.000268292293185, -0.00153082946781, -0.000269557291176, -0.00274415919557, -0.00206112186424, 0.0147058805451, -0.000419533258537, 0.00208256486803], [-0.000171301857335, 0.00155512802303, -0.00085446704179, 0.000235522558796, -0.000915586890187, 0.00138415757101, 0.000806873256806, -0.00135235767812, -0.000435190071585, -0.00349393137731, -0.000419533258537, 0.0161040816456, -0.00524017866701], [0.000494157196954, -0.00146484444849, 0.00201800861396, -0.00167447037529, 0.00120475434233, -0.00150548515376, -0.000264466158114, -0.00322533794679, -8.7763844931e-05, 0.000117178147775, 0.00208256486803, -0.00524017866701, 0.0159549657255]]
    },
    "melbands": {
        "dmean": [0.00169394607656, 0.00133521447424, 0.00116334389895, 0.000612313044257, 0.000283762085019, 0.000527218275238, 0.000224423056352, 0.000125791542814, 9.46618092712e-05, 7.3607552622e-05, 6.08646769251e-05, 4.12123008573e-05, 2.03955005418e-05, 2.6271738534e-05, 1.57658942044e-05, 2.13451476156e-05, 1.67193429661e-05, 1.5899335267e-05, 1.12389343485e-05, 1.2624660485e-05, 1.18585448945e-05, 9.11832466954e-06, 3.72021872863e-06, 5.24408505953e-06, 4.03376361646e-06, 3.40014980793e-06, 2.56640305452e-06, 2.15821910388e-06, 1.92614584194e-06, 2.20738479584e-06, 1.83980262136e-06, 2.1770413241e-06, 1.67177279309e-06, 1.32811567255e-06, 1.10027701794e-06, 1.41948726196e-06, 1.49752452216e-06, 9.12605173653e-07, 6.72363910326e-07, 6.19600427854e-07],
        "dmean2": [0.00263923802413, 0.00220532855019, 0.00190846878104, 0.00101993512362, 0.000435146619566, 0.000789297919255, 0.000326415261952, 0.000201829956495, 0.000144017394632, 0.000114955539175, 8.62345987116e-05, 5.93198783463e-05, 3.07593072648e-05, 4.0715225623e-05, 2.24534123845e-05, 3.12526681228e-05, 2.60788456217e-05, 2.39222536038e-05, 1.70156763488e-05, 1.88495214388e-05, 1.55916150106e-05, 1.22998180814e-05, 5.40795144843e-06, 7.8375578596e-06, 6.51078153169e-06, 5.3113294598e-06, 3.65175628758e-06, 3.005962526e-06, 2.72131524071e-06, 3.12813722303e-06, 2.66888855549e-06, 2.99012640426e-06, 2.26452243623e-06, 1.89527418115e-06, 1.56865121426e-06, 1.84053465091e-06, 2.15606974052e-06, 1.23651170725e-06, 9.32251282393e-07, 8.90155206434e-07],
        "dvar": [2.88803257718e-05, 2.35841598624e-05, 6.73384147376e-06, 2.17261754187e-06, 2.21596479832e-07, 9.57859356276e-07, 2.48261585512e-07, 9.12255160301e-08, 7.17146306783e-08, 2.09354009684e-08, 3.09206278359e-08, 1.2676525607e-08, 3.31482619131e-09, 4.76946260264e-09, 1.58222590585e-09, 5.24134158297e-09, 2.4064956694e-09, 2.88922419323e-09, 1.0271744566e-09, 1.81277337585e-09, 2.42647835158e-09, 6.42713937626e-10, 8.85202397494e-11, 2.5973279083e-10, 1.13588360939e-10, 7.04083874536e-11, 5.29875414379e-11, 3.60437929503e-11, 3.10971907946e-11, 4.33611549444e-11, 2.65380217801e-11, 4.11647001208e-11, 2.35249528191e-11, 1.97711881589e-11, 8.53587599908e-12, 2.29936208962e-11, 6.68090721634e-11, 8.10648076444e-12, 5.17643870476e-12, 5.6772867657e-12],
        "dvar2": [7.13895497029e-05, 5.99009435973e-05, 1.69545619428e-05, 5.68978975934e-06, 5.2928680816e-07, 2.15776117329e-06, 5.80725497912e-07, 2.34534482502e-07, 1.34504887228e-07, 3.88292740183e-08, 5.22445340323e-08, 2.53672958195e-08, 7.17671833073e-09, 1.03505390925e-08, 2.96296942537e-09, 1.06817621415e-08, 5.95648996793e-09, 6.17023987459e-09, 2.31010610641e-09, 3.6759602029e-09, 3.12227066424e-09, 1.03939334917e-09, 1.81992268478e-10, 5.53657009128e-10, 2.69688216203e-10, 1.47784173787e-10, 1.00291712435e-10, 7.49964118585e-11, 5.58630156022e-11, 1.02072447716e-10, 5.70159544577e-11, 8.04335001381e-11, 4.77608577687e-11, 3.92359929269e-11, 1.82807883414e-11, 3.67120917e-11, 1.74789321905e-10, 1.38331429644e-11, 1.03994339182e-11, 1.51280706712e-11],
        "max": [0.0445496626198, 0.0392827875912, 0.0312428250909, 0.0173779502511, 0.00490097235888, 0.0146638732404, 0.00791303068399, 0.00440297601745, 0.00530165340751, 0.00259029213339, 0.00348605308682, 0.00283187278546, 0.0013816311257, 0.0015826561721, 0.00136381504126, 0.00123453990091, 0.000691753346473, 0.00107276323251, 0.000584529538173, 0.000530352641363, 0.0013317943085, 0.000422991317464, 0.000122089186334, 0.000267278403044, 0.0001639938273, 0.000100551740616, 7.02710749465e-05, 6.72288806527e-05, 5.64795263926e-05, 9.66985171544e-05, 8.07359901955e-05, 7.48925231164e-05, 5.31187542947e-05, 8.92920579645e-05, 3.06200781779e-05, 0.000115418937639, 0.000192210107343, 5.43939822819e-05, 4.1756509745e-05, 4.02941914217e-05],
        "mean": [0.00236740312539, 0.00142984837294, 0.00217628432438, 0.000944617495406, 0.000632980838418, 0.00102292303927, 0.000489961938001, 0.000235250801779, 0.000191846687812, 0.00014150403149, 0.000118584866868, 8.88045833563e-05, 4.09098975069e-05, 5.15358660778e-05, 4.18975760113e-05, 3.08063827106e-05, 2.91253545583e-05, 3.04680597765e-05, 2.06283402804e-05, 1.95810334844e-05, 2.5886009098e-05, 1.6865613361e-05, 5.97329926677e-06, 7.4381127888e-06, 6.88962063577e-06, 5.61529714105e-06, 3.98489373765e-06, 3.15249963023e-06, 2.82944165519e-06, 3.1891584058e-06, 2.6433738185e-06, 2.73529940387e-06, 2.38669827013e-06, 2.02626461032e-06, 1.64169421168e-06, 2.1518160338e-06, 1.96221617443e-06, 1.40154338624e-06, 1.01707553313e-06, 8.50295919008e-07],
        "median": [0.000890002120286, 0.000423762161518, 0.000731672160327, 0.000409055384807, 0.000329962174874, 0.000577322032768, 0.000209673657082, 8.55598264025e-05, 5.76695456402e-05, 4.55843255622e-05, 2.31496014749e-05, 1.78542250069e-05, 1.42586413858e-05, 1.31635961225e-05, 5.23578046341e-06, 7.97613029135e-06, 6.67921767672e-06, 3.12049633067e-06, 2.54533756561e-06, 1.63613947279e-06, 1.61458126513e-06, 1.28666931687e-06, 8.64098524289e-07, 9.81122298072e-07, 8.03155671747e-07, 8.26567543299e-07, 5.67635197513e-07, 3.77046120548e-07, 3.16775583542e-07, 3.2302176578e-07, 2.89737869252e-07, 2.50648042766e-07, 1.81917187092e-07, 1.52949979793e-07, 1.86417139503e-07, 2.35904451529e-07, 2.44937893967e-07, 1.62044202057e-07, 1.16852625354e-07, 1.18336210164e-07],
        "min": [1.17488738595e-23, 1.01170401353e-23, 1.21915723443e-23, 5.89357824518e-24, 5.35861143345e-24, 5.65456127951e-24, 6.59821365485e-24, 8.48060971853e-24, 9.11509527777e-24, 6.80095919053e-24, 6.93886469853e-24, 5.61219077143e-24, 2.54340569035e-24, 1.11003063442e-23, 6.86921064719e-24, 6.68112806358e-24, 6.10526788581e-24, 3.25725736197e-24, 7.35702250945e-24, 1.00087823867e-23, 8.46319166975e-24, 5.47143629226e-24, 8.24279971005e-24, 1.02432847014e-23, 1.33886545685e-23, 9.71212177692e-24, 8.01371371431e-24, 8.47567066041e-24, 1.25766650504e-23, 8.11216671072e-24, 8.68877591192e-24, 7.38996534085e-24, 7.7640897249e-24, 7.64296644379e-24, 1.11869067056e-23, 7.19416059785e-24, 8.81724506578e-24, 9.55475112607e-24, 8.30932750563e-24, 8.12267670456e-24],
