{
"metadata": {
    "version": {
        "essentia": "2.0.1",
        "extractor": "archive-music 1.0"
    },
    "audio_properties": {
        "analysis_sample_rate": 44100,
        "bitrate": 128,
        "channels": 2,
        "equal_loudness": 0,
        "length": 15.2032651901,
        "replay_gain": -8.74369430542,
        "downmix": "mix"
    },
    "tags": {
        "track": 0,
        "year": 0,
        "album": "Friday Night",
        "artist": "Kazumi Toyoshima",
        "comment": "",
        "genre": "Other",
        "title": "FridayNight-Instrumental-"
    }
},
"highlevel": {
    "culture": {
        "all": {
            "non_western": 0.0099881105125,
            "western": 0.990011870861
        },
        "probability": 0.990011870861,
        "value": "western"
    },
    "danceability": {
        "all": {
            "danceable": 0.490698307753,
            "not_danceable": 0.509301662445
        },
        "probability": 0.509301662445,
        "value": "not_danceable"
    },
    "gender": {
        "all": {
            "female": 0.994448840618,
            "male": 0.00555113097653
        },
        "probability": 0.994448840618,
        "value": "female"
    },
    "genre_dortmund": {
        "all": {
            "alternative": 0.0549318604171,
            "blues": 0.0169343110174,
            "electronic": 0.15586951375,
            "folkcountry": 0.022115919739,
            "funksoulrnb": 0.0589636638761,
            "jazz": 0.296674698591,
            "pop": 0.0604769326746,
            "raphiphop": 0.00651830807328,
            "rock": 0.327514797449
        },
        "probability": 0.327514797449,
        "value": "rock"
    },
    "genre_electronic": {
        "all": {
            "ambient": 0.205752372742,
            "dnb": 0.497819185257,
            "house": 0.115195140243,
            "techno": 0.0127674462274,
            "trance": 0.168465867639
        },
        "probability": 0.497819185257,
        "value": "dnb"
    },
    "genre_rosamerica": {
        "all": {
            "cla": 0.000863353197929,
            "dan": 0.470624566078,
            "hip": 0.00673903850839,
            "jaz": 0.00731677096337,
            "pop": 0.0603458844125,
            "rhy": 0.00168109778315,
            "roc": 0.451798051596,
            "spe": 0.000631237053312
        },
        "probability": 0.470624566078,
        "value": "dan"
    },
    "genre_tzanetakis": {
        "all": {
            "blu": 0.00238665007055,
            "cla": 0.0022684999276,
            "cou": 0.00374334282242,
            "dis": 0.0153732681647,
            "hip": 0.0271390415728,
            "jaz": 0.0379109233618,
            "met": 0.0166506972164,
            "pop": 0.475515335798,
            "reg": 0.0465942956507,
            "roc": 0.372417926788
        },
        "probability": 0.475515335798,
        "value": "pop"
    },
    "mirex_ballroom": {
        "all": {
            "ChaChaCha": 0.335075646639,
            "Jive": 0.0551018118858,
            "Quickstep": 0.0257735792547,
            "Rumba-American": 0.00458893086761,
            "Rumba-International": 0.00422832742333,
            "Rumba-Misc": 0.00182583846617,
            "Samba": 0.567559242249,
            "Tango": 0.0012237643823,
            "VienneseWaltz": 0.00403496203944,
            "Waltz": 0.000587862858083
        },
        "probability": 0.567559242249,
        "value": "Samba"
    },
    "mood_acoustic": {
        "all": {
            "acoustic": 3.71335727323e-06,
            "not_acoustic": 0.999996304512
        },
        "probability": 0.999996304512,
        "value": "not_acoustic"
    },
    "mood_aggressive": {
        "all": {
            "aggressive": 0.466573059559,
            "not_aggressive": 0.533426940441
        },
        "probability": 0.533426940441,
        "value": "not_aggressive"
    },
    "mood_electronic": {
        "all": {
            "electronic": 0.830115616322,
            "not_electronic": 0.169884368777
        },
        "probability": 0.830115616322,
        "value": "electronic"
    },
    "mood_happy": {
        "all": {
            "happy": 0.172165989876,
            "not_happy": 0.827834010124
        },
        "probability": 0.827834010124,
        "value": "not_happy"
    },
    "mood_party": {
        "all": {
            "not_party": 0.221096038818,
            "party": 0.778903961182
        },
        "probability": 0.778903961182,
        "value": "party"
    },
    "mood_relaxed": {
        "all": {
            "not_relaxed": 0.900294244289,
            "relaxed": 0.0997057780623
        },
        "probability": 0.900294244289,
        "value": "not_relaxed"
    },
    "mood_sad": {
        "all": {
            "not_sad": 0.913224816322,
            "sad": 0.0867751538754
        },
        "probability": 0.913224816322,
        "value": "not_sad"
    },
    "moods_mirex": {
        "all": {
            "Cluster1": 0.419654458761,
            "Cluster2": 0.220413729548,
            "Cluster3": 0.118729069829,
            "Cluster4": 0.0621175318956,
            "Cluster5": 0.179085209966
        },
        "probability": 0.419654458761,
        "value": "Cluster1"
    },
    "timbre": {
        "all": {
            "bright": 0.272091925144,
            "dark": 0.727908074856
        },
        "probability": 0.727908074856,
        "value": "dark"
    },
    "tonal_atonal": {
        "all": {
            "atonal": 0.0223558899015,
            "tonal": 0.977644085884
        },
        "probability": 0.977644085884,
        "value": "tonal"
    },
    "voice_instrumental": {
        "all": {
            "instrumental": 0.87042337656,
            "voice": 0.129576653242
        },
        "probability": 0.87042337656,
        "value": "instrumental"
    }
},
"lowlevel": {
    "average_loudness": 0.967720746994,
    "barkbands_kurtosis": {
        "dmean": 2.92310094833,
        "dmean2": 5.10152816772,
        "dvar": 22.5974979401,
        "dvar2": 63.5864219666,
        "max": 51.9563903809,
        "mean": 3.49128675461,
        "median": 1.66824269295,
        "min": -1.60179126263,
        "var": 27.6233272552
    },
    "barkbands_skewness": {
        "dmean": 0.617560207844,
        "dmean2": 1.04776060581,
        "dvar": 0.438669979572,
        "dvar2": 1.17541015148,
        "max": 6.85367822647,
        "mean": 1.75572907925,
        "median": 1.56971263885,
        "min": -2.0807697773,
        "var": 1.00295817852
    },
    "barkbands_spread": {
        "dmean": 7.40722799301,
        "dmean2": 11.8955087662,
        "dvar": 56.5872077942,
        "dvar2": 136.593109131,
        "max": 74.0741043091,
        "mean": 30.3642787933,
        "median": 29.217792511,
        "min": 5.1129322052,
        "var": 180.205337524
    },
    "dissonance": {
        "dmean": 0.0126919811592,
        "dmean2": 0.0219599604607,
        "dvar": 0.000154927794938,
        "dvar2": 0.000391394714825,
        "max": 0.499082565308,
        "mean": 0.477330088615,
        "median": 0.480843126774,
        "min": 0.409579634666,
        "var": 0.000206587501452
    },
    "dynamic_complexity": 2.79759907722,
    "erbbands_kurtosis": {
        "dmean": 0.454531937838,
        "dmean2": 0.745609104633,
        "dvar": 0.192289501429,
        "dvar2": 0.507881164551,
        "max": 3.0694694519,
        "mean": -0.478446215391,
        "median": -0.607114672661,
        "min": -1.58294939995,
        "var": 0.425817638636
    },
    "erbbands_skewness": {
        "dmean": 0.235335111618,
        "dmean2": 0.373215138912,
        "dvar": 0.0405927933753,
        "dvar2": 0.0945603847504,
        "max": 1.45223283768,
        "mean": 0.149552002549,
        "median": 0.116725355387,
        "min": -1.10523319244,
        "var": 0.165146276355
    },
    "erbbands_spread": {
        "dmean": 11.2336568832,
        "dmean2": 18.3533535004,
        "dvar": 96.3516311646,
        "dvar2": 236.511322021,
        "max": 123.061500549,
        "mean": 54.4973983765,
        "median": 51.1899108887,
        "min": 23.8057079315,
        "var": 321.903686523
    },
    "hfc": {
        "dmean": 11.1332445145,
        "dmean2": 15.940703392,
        "dvar": 285.946350098,
        "dvar2": 612.471740723,
        "max": 181.500854492,
        "mean": 37.2621040344,
        "median": 28.6949481964,
        "min": 1.20714701955e-16,
        "var": 895.938232422
    },
    "melbands_kurtosis": {
        "dmean": 11.9838953018,
        "dmean2": 20.7643890381,
        "dvar": 337.140533447,
        "dvar2": 939.066894531,
        "max": 198.610900879,
        "mean": 18.7155857086,
        "median": 12.4921064377,
        "min": -1.37032532692,
        "var": 435.060272217
    },
    "melbands_skewness": {
        "dmean": 1.10033345222,
        "dmean2": 1.86032259464,
        "dvar": 1.30107045174,
        "dvar2": 3.57970404625,
        "max": 11.6849784851,
        "mean": 3.4582452774,
        "median": 3.1662671566,
        "min": -0.231470838189,
        "var": 2.83410167694
    },
    "melbands_spread": {
        "dmean": 7.98414707184,
        "dmean2": 13.3098783493,
        "dvar": 97.1420669556,
        "dvar2": 232.713226318,
        "max": 160.756637573,
        "mean": 23.7874546051,
        "median": 21.0825996399,
        "min": 2.33139848709,
        "var": 258.012420654
    },
    "pitch_salience": {
        "dmean": 0.0821113437414,
        "dmean2": 0.139591977,
        "dvar": 0.00501591060311,
        "dvar2": 0.0154114728794,
        "max": 0.900196075439,
        "mean": 0.490810990334,
        "median": 0.492060899734,
        "min": 0.180068582296,
        "var": 0.0126749295741
    },
    "silence_rate_20dB": {
        "dmean": 0,
        "dmean2": 0,
        "dvar": 0,
        "dvar2": 0,
        "max": 1,
        "mean": 1,
        "median": 1,
        "min": 1,
        "var": 0
    },
    "silence_rate_30dB": {
        "dmean": 0.0305343512446,
        "dmean2": 0.0611620806158,
        "dvar": 0.0296021737158,
        "dvar2": 0.0757705122232,
        "max": 1,
        "mean": 0.977134168148,
        "median": 1,
        "min": 0,
        "var": 0.0223428830504
    },
    "silence_rate_60dB": {
        "dmean": 0.00305343512446,
        "dmean2": 0.00611620815471,
        "dvar": 0.00304408743978,
        "dvar2": 0.00607882253826,
        "max": 1,
        "mean": 0.0609756112099,
        "median": 0,
        "min": 0,
        "var": 0.0572570376098
    },
    "spectral_centroid": {
        "dmean": 270.528808594,
        "dmean2": 415.931488037,
        "dvar": 211146.875,
        "dvar2": 231839.234375,
        "max": 11347.6269531,
        "mean": 1665.80224609,
        "median": 1621.95593262,
        "min": 565.830932617,
        "var": 526811.6875
    },
    "spectral_complexity": {
        "dmean": 3.85648846626,
        "dmean2": 6.44954109192,
        "dvar": 15.3411979675,
        "dvar2": 41.2137298584,
        "max": 53,
        "mean": 24.2393283844,
        "median": 24,
        "min": 0,
        "var": 152.752197266
    },
    "spectral_crest": {
        "dmean": 3.14327502251,
        "dmean2": 5.36265611649,
        "dvar": 7.66934347153,
        "dvar2": 23.1694736481,
        "max": 22.2355899811,
        "mean": 9.67154788971,
        "median": 8.94556045532,
        "min": 3.21489143372,
        "var": 15.6627168655
    },
    "spectral_decrease": {
        "dmean": 4.8603223668e-09,
        "dmean2": 8.49067660624e-09,
        "dvar": 4.11059861521e-17,
        "dvar2": 1.16145845942e-16,
        "max": 1.44515138569e-28,
        "mean": -1.09584963326e-08,
        "median": -9.61056478843e-09,
        "min": -4.43462617739e-08,
        "var": 5.51755243521e-17
    },
    "spectral_energy": {
        "dmean": 0.0189328286797,
        "dmean2": 0.0328708551824,
        "dvar": 0.000607007357758,
        "dvar2": 0.00170910486486,
        "max": 0.179299026728,
        "mean": 0.0447396449745,
        "median": 0.0398135967553,
        "min": 1.04037437931e-20,
        "var": 0.000864011410158
    },
    "spectral_energyband_high": {
        "dmean": 0.000990654691122,
        "dmean2": 0.00149073440116,
        "dvar": 2.30122736866e-06,
        "dvar2": 4.94252981298e-06,
        "max": 0.0162579659373,
        "mean": 0.00275154248811,
        "median": 0.00174527859781,
        "min": 7.37455184443e-21,
        "var": 7.29051089365e-06
    },
    "spectral_energyband_low": {
        "dmean": 0.0172202587128,
        "dmean2": 0.0303270351142,
        "dvar": 0.000567154085729,
        "dvar2": 0.00164150795899,
        "max": 0.15122243762,
        "mean": 0.0253698918968,
        "median": 0.0193395167589,
        "min": 2.2282770974e-23,
        "var": 0.000633146730252
    },
    "spectral_energyband_middle_high": {
        "dmean": 0.00215408648364,
        "dmean2": 0.00341887492687,
        "dvar": 4.8558126764e-06,
        "dvar2": 1.1759490917e-05,
        "max": 0.0325806960464,
        "mean": 0.00658915378153,
        "median": 0.00628075562418,
        "min": 1.39018071989e-21,
        "var": 2.08776746149e-05
    },
    "spectral_energyband_middle_low": {
        "dmean": 0.00362527673133,
        "dmean2": 0.00568018760532,
        "dvar": 2.7272682928e-05,
        "dvar2": 6.92709581926e-05,
        "max": 0.0557797811925,
        "mean": 0.0124992318451,
        "median": 0.0108848270029,
        "min": 3.04283644035e-22,
        "var": 6.94270056556e-05
    },
    "spectral_flatness_db": {
        "dmean": 0.0246845949441,
        "dmean2": 0.0420538373291,
        "dvar": 0.00059277942637,
        "dvar2": 0.00158866122365,
        "max": 0.275629520416,
        "mean": 0.115812696517,
        "median": 0.107108473778,
        "min": 0.0283823590726,
        "var": 0.00254426687025
    },
    "spectral_flux": {
        "dmean": 0.0341356508434,
        "dmean2": 0.0583437420428,
        "dvar": 0.00159334496129,
        "dvar2": 0.00385576067492,
        "max": 0.312174588442,
        "mean": 0.105490811169,
        "median": 0.0989746302366,
        "min": 1.03402418572e-10,
        "var": 0.00332846865058
    },
    "spectral_kurtosis": {
        "dmean": 0.69893938303,
        "dmean2": 1.20143711567,
        "dvar": 0.446966797113,
        "dvar2": 1.21084749699,
        "max": 7.64667797089,
        "mean": 2.08265566826,
        "median": 2.0127415657,
        "min": -1.21813416481,
        "var": 0.748794257641
    },
    "spectral_rms": {
        "dmean": 0.00124277872965,
        "dmean2": 0.00210017617792,
        "dvar": 1.94521794583e-06,
        "dvar2": 5.35827894055e-06,
        "max": 0.0132259549573,
        "mean": 0.00618139700964,
        "median": 0.00623237714171,
        "min": 3.18590553244e-12,
        "var": 5.43880105397e-06
    },
    "spectral_rolloff": {
        "dmean": 757.902954102,
        "dmean2": 1301.87036133,
        "dvar": 1848891.75,
        "dvar2": 4141418.5,
        "max": 19466.015625,
        "mean": 1625.26672363,
        "median": 1055.12695312,
        "min": 107.666015625,
        "var": 4079820.5
    },
    "spectral_skewness": {
        "dmean": 0.130360633135,
        "dmean2": 0.204880535603,
        "dvar": 0.0157101452351,
        "dvar2": 0.0306184608489,
        "max": 1.85114037991,
        "mean": 1.07786905766,
        "median": 1.08371090889,
        "min": -0.0355594009161,
        "var": 0.0451646521688
    },
    "spectral_spread": {
        "dmean": 663377.375,
        "dmean2": 912209.625,
        "dvar": 3.48878300774e+12,
        "dvar2": 3.82838505472e+12,
        "max": 40802096,
        "mean": 5587357,
        "median": 5316469.5,
        "min": 3099632.75,
        "var": 5.59524138189e+12
    },
    "spectral_strongpeak": {
        "dmean": 0.3924292624,
        "dmean2": 0.679895758629,
        "dvar": 0.544188439846,
        "dvar2": 1.26169240475,
        "max": 6.84974956512,
        "mean": 0.622155845165,
        "median": 0.381933867931,
        "min": 0,
        "var": 0.626394569874
    },
    "zerocrossingrate": {
        "dmean": 0.0140982829034,
        "dmean2": 0.0178498905152,
        "dvar": 0.000657500000671,
        "dvar2": 0.00120945938397,
        "max": 0.51416015625,
        "mean": 0.0788842141628,
        "median": 0.06689453125,
        "min": 0.01806640625,
        "var": 0.00252187345177
    },
    "barkbands": {
        "dmean": [0.000449596846011, 0.0123581094667, 0.00619934825227, 0.00191300956067, 0.00165057438426, 0.000536105770152, 0.000226966643822, 0.000357230426744, 0.000635493604932, 0.00052822282305, 0.0011695252033, 0.000172276733792, 0.000566583999898, 0.000438420189312, 8.15159437479e-05, 0.000556590035558, 0.000120198659715, 0.000109844455437, 0.000151188127347, 0.000320590013871, 0.00020659546135, 0.000222969378228, 0.00013520779612, 0.000136641014251, 0.000169608014403, 0.000260034896201, 2.80306576315e-05],
        "dmean2": [0.000784049159847, 0.0221666600555, 0.0101459445432, 0.00334608764388, 0.00274657807313, 0.000842847221065, 0.000379409902962, 0.000475418579299, 0.000762451789342, 0.000694305635989, 0.00182707351632, 0.000278803927358, 0.000941392383538, 0.000706475868355, 0.000139983501867, 0.000963697209954, 0.000208934579859, 0.000191137427464, 0.000248797965469, 0.000533612386789, 0.000347495282767, 0.000367940461729, 0.000229707089602, 0.000210202153539, 0.000240091452724, 0.00037308971514, 4.42047603428e-05],
        "dvar": [5.32909609774e-07, 0.000350535963662, 6.35068427073e-05, 1.09703005364e-05, 6.83953703629e-06, 5.21651543295e-07, 8.64866080974e-08, 2.79218937749e-07, 1.0878594594e-06, 7.2392367656e-07, 2.47207253778e-06, 5.39596243243e-08, 1.05337858258e-06, 6.16667989561e-07, 1.13783009681e-08, 8.19814999886e-07, 2.57551633354e-08, 2.11406590012e-08, 3.24240012617e-08, 1.26554809299e-07, 1.39336265192e-07, 7.28694402596e-08, 5.44779332756e-08, 3.63822607596e-08, 1.06686897539e-07, 4.15368305084e-07, 7.38432959224e-09],
        "dvar2": [1.39039366331e-06, 0.0010312392842, 0.000175026420038, 3.10707437166e-05, 1.83551001101e-05, 1.36840003506e-06, 2.43440695158e-07, 5.28284658685e-07, 1.59047863235e-06, 1.19717412872e-06, 5.46287537873e-06, 1.44119184142e-07, 2.939766091e-06, 1.62594733411e-06, 3.26103126724e-08, 2.44903117164e-06, 7.22986683854e-08, 5.747275722e-08, 8.13295812918e-08, 3.25348622709e-07, 3.86646831885e-07, 1.74804625885e-07, 1.35751676567e-07, 6.96267505873e-08, 2.01392992949e-07, 8.86615453055e-07, 1.69106293413e-08],
        "max": [0.00624233111739, 0.116528362036, 0.0619658380747, 0.0258030034602, 0.0219860244542, 0.010813748464, 0.00275193387643, 0.00900574214756, 0.0129978042096, 0.00797196105123, 0.0246406309307, 0.00305083324201, 0.00777042470872, 0.00720803532749, 0.00117254047655, 0.00742146046832, 0.00160206155851, 0.00134423025884, 0.00246739177965, 0.00509807653725, 0.00562326330692, 0.00444268900901, 0.00277128303424, 0.00401887344196, 0.00400127004832, 0.00666766241193, 0.00100328680128],
        "mean": [0.000426753889769, 0.0137217920274, 0.0092054111883, 0.0029305506032, 0.00390902347863, 0.00194190384354, 0.000515871564858, 0.000901327061001, 0.00150988891255, 0.000966202816926, 0.00189505249728, 0.000303266191622, 0.000835352460854, 0.000677762611303, 0.000164319819305, 0.000901223509572, 0.000228515797062, 0.000242798676481, 0.000415828078985, 0.000811538950074, 0.000495819724165, 0.000551133940462, 0.000252652127529, 0.000302196334815, 0.000282451714156, 0.000323512940668, 2.75331058219e-05],
        "median": [0.000130613727379, 0.00734741194174, 0.00697873253375, 0.00151033047587, 0.00304355751723, 0.00132120493799, 0.000450998952147, 0.000494494684972, 0.000348441069946, 0.000369926099665, 0.0011070612818, 0.00022942488431, 0.000180819857633, 0.000141645112308, 0.000124020822113, 0.00046569108963, 0.000163836346474, 0.00017902062973, 0.000322677660733, 0.000664818100631, 0.000347779714502, 0.000434236659203, 0.000101044664916, 0.000212812185055, 8.16451283754e-05, 4.02951118303e-05, 7.56190956963e-07],
        "min": [4.72866892417e-23, 2.68526753302e-24, 2.34932520007e-24, 3.35408352998e-24, 5.9704136129e-23, 2.4391167404e-23, 3.51480762854e-23, 3.05113664546e-23, 3.82104500966e-23, 4.87921040615e-23, 3.15995085655e-23, 5.148294963e-23, 7.1752042703e-23, 5.13459276462e-23, 9.61970687964e-23, 1.25333980808e-22, 1.27967905329e-22, 2.3968727025e-22, 2.68672645237e-22, 2.59250743021e-22, 3.60217391068e-22, 3.9956996345e-22, 5.90817387587e-22, 8.30722282473e-22, 8.57587678974e-22, 1.36202547902e-21, 2.53214384423e-21],
        "var": [5.76719401124e-07, 0.000333876319928, 8.07035321486e-05, 1.51099957293e-05, 1.1230691598e-05, 3.83073256671e-06, 1.55204162411e-07, 1.54560893861e-06, 6.22819925411e-06, 1.9202252588e-06, 5.14257317263e-06, 9.49938510075e-08, 2.01271291189e-06, 1.22542587633e-06, 2.42499904601e-08, 1.38502559821e-06, 4.84684150592e-08, 5.24109147193e-08, 1.28786851405e-07, 4.72443957733e-07, 3.12426607252e-07, 2.68243070423e-07, 1.22385273471e-07, 1.34381195949e-07, 2.23392106591e-07, 5.91243804138e-07, 8.4543572143e-09]
    },
    "erbbands": {
        "dmean": [0.246661514044, 3.17166113853, 7.3987865448, 6.45316839218, 5.33714008331, 5.92735815048, 4.44354295731, 5.34722232819, 3.63842821121, 6.76552534103, 4.16517400742, 17.7274551392, 21.6480331421, 5.698782444, 57.6207771301, 7.64900493622, 24.0751476288, 27.2726478577, 6.11460351944, 16.4058074951, 17.8762264252, 5.86803197861, 5.92119121552, 9.18583202362, 7.00834083557, 15.5892028809, 9.09008407593, 8.58635616302, 6.66026496887, 8.59459209442, 3.60286450386, 3.38814854622, 1.83907461166, 1.32053983212, 1.6362953186, 1.25942623615, 0.429431796074, 0.0856583938003, 0.00344596081413, 8.60243017087e-05],
        "dmean2": [0.437830746174, 5.75623226166, 12.6359586716, 10.9926223755, 9.41492271423, 9.70177078247, 6.70726060867, 8.26613330841, 5.95499277115, 9.18363857269, 6.18050575256, 20.9602127075, 27.9969177246, 8.9942150116, 89.9806900024, 11.9837064743, 40.8399543762, 43.4920883179, 10.1783294678, 28.7279758453, 30.4076423645, 10.1871728897, 10.290471077, 15.340959549, 11.3362503052, 26.3660621643, 14.8415699005, 14.5789556503, 11.1893672943, 14.822479248, 6.07361650467, 5.48783540726, 2.79953074455, 2.02302742004, 2.42625832558, 1.87625598907, 0.616407930851, 0.124984778464, 0.0054196016863, 0.000128940693685],
        "dvar": [0.145482033491, 22.9864616394, 93.5387268066, 90.6260147095, 85.7248840332, 114.205078125, 29.3798389435, 52.1360969543, 23.6503543854, 100.001571655, 29.3046703339, 850.518249512, 1200.50366211, 39.1554985046, 6347.53515625, 90.9637069702, 1895.65551758, 1815.75378418, 65.3839797974, 631.229614258, 701.930358887, 67.8300476074, 66.7835159302, 150.194320679, 69.2819824219, 308.88192749, 106.978462219, 311.774536133, 120.622634888, 89.8635101318, 36.6959114075, 19.8391437531, 11.798409462, 5.44718027115, 12.8171291351, 10.1411895752, 1.05091524124, 0.059701461345, 0.000102363628685, 3.60625804774e-08],
        "dvar2": [0.398731350899, 68.4786529541, 272.968780518, 238.275802612, 238.94203186, 308.427612305, 69.1176223755, 128.936782837, 66.5509033203, 198.790557861, 71.4969711304, 1177.4486084, 1955.47741699, 90.7692718506, 14229.6816406, 218.970993042, 5400.61621094, 4863.11376953, 182.076766968, 1936.53710938, 2024.64025879, 188.083526611, 181.200302124, 417.122619629, 174.745010376, 823.054382324, 272.190765381, 871.089477539, 301.035400391, 229.142852783, 89.0940856934, 43.8771247864, 21.5480480194, 11.4413394928, 24.3378601074, 22.9910564423, 2.10280036926, 0.125107988715, 0.000240851572016, 7.88026284226e-08],
        "max": [2.46302485466, 28.8379077911, 61.1990394592, 84.4820327759, 71.8476867676, 113.111183167, 66.0226898193, 131.676940918, 54.3270111084, 161.918899536, 75.633934021, 371.85848999, 358.462402344, 86.9000701904, 1238.66101074, 149.399932861, 321.661529541, 387.130493164, 72.8832473755, 207.458328247, 237.144836426, 88.6308059692, 70.5074157715, 166.01940918, 126.864196777, 233.355255127, 156.001724243, 283.335571289, 165.488372803, 139.082809448, 80.7877044678, 70.3944015503, 80.1590499878, 34.6405715942, 38.1856765747, 32.7299499512, 10.681593895, 2.81800913811, 0.118141144514, 0.00220459350385],
        "mean": [0.273466914892, 3.50814819336, 10.7738199234, 11.1020116806, 7.41300535202, 14.4521665573, 15.0870037079, 20.8420219421, 10.5211486816, 15.7202444077, 12.0981054306, 43.1506958008, 43.396232605, 14.763299942, 91.7878570557, 15.2996397018, 36.2407722473, 44.1232795715, 13.2845411301, 28.2821750641, 33.8983802795, 12.8752336502, 13.0793323517, 20.5751724243, 20.9564723969, 37.9841651917, 24.2530040741, 19.5027999878, 16.0232486725, 18.5582351685, 6.92964410782, 7.33818292618, 3.77781271935, 2.44717025757, 2.39001536369, 1.53340792656, 0.563978016376, 0.103352546692, 0.00339204119518, 0.000133867943077],
        "median": [0.0961018130183, 2.10069942474, 8.09794044495, 7.81171131134, 4.17446994781, 10.6009998322, 12.8800106049, 11.6232585907, 9.05890274048, 8.25720787048, 9.67164230347, 10.4999408722, 17.6112995148, 12.7910442352, 51.5123519897, 11.5712032318, 9.90168762207, 15.1389141083, 10.0628843307, 17.9146118164, 20.8001403809, 10.1774682999, 9.80919265747, 14.7678575516, 16.2283363342, 31.2889060974, 18.8471107483, 13.4000043869, 11.039937973, 13.7739372253, 3.32384300232, 5.49827003479, 1.9969316721, 1.04460573196, 0.402927905321, 0.204786419868, 0.077294446528, 0.010916155763, 0.000259818392806, 6.64453109493e-05],
        "min": [2.08634095193e-22, 6.85328124204e-22, 3.05650445896e-21, 6.33820197344e-21, 1.04496266293e-19, 2.51795665467e-19, 2.27973587608e-19, 1.53251041229e-19, 2.90455398961e-19, 1.16975663606e-18, 4.79956092496e-19, 9.45756332977e-19, 1.17309720497e-18, 1.39046806903e-18, 1.80778585794e-18, 1.66905588189e-18, 3.33377754417e-18, 2.5134840374e-18, 5.0752613605e-18, 6.35952336799e-18, 6.98120005634e-18, 6.51003632506e-18, 1.30440311094e-17, 1.08759857608e-17, 1.38074667024e-17, 1.35649447914e-17, 1.24192715189e-17, 1.52236090101e-17, 1.39539397094e-17, 1.3532554053e-17, 1.54048608259e-17, 1.88247067196e-17, 1.30165687131e-17, 8.58256299242e-18, 6.29995933285e-18, 4.79280813263e-18, 2.56345132987e-18, 1.03781584829e-18, 3.21563852341e-19, 3.99373301057e-20],
        "var": [0.155272290111, 21.0265541077, 112.581542969, 130.740158081, 95.9533538818, 203.455429077, 118.836235046, 582.061096191, 65.213432312, 490.348571777, 121.434738159, 5000.53808594, 3633.25219727, 127.36971283, 12904.7744141, 208.066650391, 3409.80981445, 3706.91113281, 166.832077026, 1055.57531738, 1430.9855957, 133.608856201, 151.90574646, 378.249359131, 359.14642334, 959.54498291, 440.484741211, 589.243469238, 379.284667969, 273.908538818, 80.503364563, 64.0677185059, 35.4443435669, 13.9397878647, 21.688709259, 12.8253917694, 1.67798185349, 0.0848751217127, 0.000109393251478, 4.98228693857e-08]
    },
    "gfcc": {
        "mean": [35.0206489563, 71.3678359985, -101.092727661, 45.8587875366, -59.5032272339, 19.425737381, -27.8253078461, 6.66823816299, -30.019153595, 4.80951499939, -21.217092514, 4.45197486877, -9.14176845551],
        "cov": [[20909.0742188, -970.8203125, 211.071563721, 231.834640503, -226.255203247, 1020.43920898, -492.661590576, 658.738708496, -307.374328613, 410.745513916, -511.059631348, 163.868774414, -390.908447266], [-970.8203125, 1108.93066406, -553.207519531, 251.293487549, -110.171325684, -217.962738037, 139.311782837, -237.214675903, 70.9294204712, -117.919677734, 165.106658936, -106.705200195, 135.107452393], [211.071563721, -553.207519531, 706.893005371, 29.7702236176, 148.105163574, 203.533782959, -19.2057723999, 191.786315918, 10.0060720444, 57.2173843384, -39.5940361023, 90.6868896484, -61.4062690735], [231.834640503, 251.293487549, 29.7702236176, 297.563323975, -13.5057058334, 93.4451370239, 57.2398490906, 38.4090576172, 56.496761322, -12.9285888672, 99.1748733521, 18.43176651, 56.6149253845], [-226.255203247, -110.171325684, 148.105163574, -13.5057058334, 150.462020874, 70.8393325806, 25.7781581879, 20.0130195618, 15.0228738785, 13.3192453384, -15.0173826218, 10.1548566818, -5.30643558502], [1020.43920898, -217.962738037, 203.533782959, 93.4451370239, 70.8393325806, 277.540557861, 12.1341266632, 133.204879761, 12.6924629211, 36.6068878174, 3.69237542152, 49.8224105835, -9.31599330902], [-492.661590576, 139.311782837, -19.2057723999, 57.2398490906, 25.7781581879, 12.1341266632, 90.2008285522, -10.8791046143, 30.3710823059, -16.0942821503, 51.0742530823, -3.23532056808, 28.1944618225], [658.738708496, -237.214675903, 191.786315918, 38.4090576172, 20.0130195618, 133.204879761, -10.8791046143, 146.071044922, 21.7931976318, 48.6184043884, -8.71139144897, 42.9608535767, -25.758644104], [-307.374328613, 70.9294204712, 10.0060720444, 56.496761322, 15.0228738785, 12.6924629211, 30.3710823059, 21.7931976318, 76.4092102051, 15.6694345474, 40.0264320374, -4.15883207321, 20.5317974091], [410.745513916, -117.919677734, 57.2173843384, -12.9285888672, 13.3192453384, 36.6068878174, -16.0942821503, 48.6184043884, 15.6694345474, 72.4556503296, 4.29739284515, 19.2049427032, -24.4836483002], [-511.059631348, 165.106658936, -39.5940361023, 99.1748733521, -15.0173826218, 3.69237542152, 51.0742530823, -8.71139144897, 40.0264320374, 4.29739284515, 110.358673096, 21.7580223083, 47.3607406616], [163.868774414, -106.705200195, 90.6868896484, 18.43176651, 10.1548566818, 49.8224105835, -3.23532056808, 42.9608535767, -4.15883207321, 19.2049427032, 21.7580223083, 79.0622940063, 21.2939014435], [-390.908447266, 135.107452393, -61.4062690735, 56.6149253845, -5.30643558502, -9.31599330902, 28.1944618225, -25.758644104, 20.5317974091, -24.4836483002, 47.3607406616, 21.2939014435, 76.694694519]],
        "icov": [[0.000142903300002, -0.000345785956597, 0.000113530346425, -0.000193592888536, 0.000249940785579, -0.000570191186853, 0.00038105098065, -0.000313963973895, 0.000536874867976, -0.000903382431716, 0.00103530148044, -0.00046075580758, 0.000330312439473], [-0.000345785956597, 0.00610595336184, 0.0017051959876, -0.00386236514896, -0.000134182642796, 0.00294702523388, -0.00395173579454, 0.00496023241431, -0.00288046966307, 0.00346381799318, -0.00361582497135, 0.00367766735144, -0.00174641096964], [0.000113530346425, 0.0017051959876, 0.00429707672447, -0.00244534015656, -0.00292798760347, 0.000752991996706, 0.000128833620693, -0.00226738420315, -0.000294058700092, 0.00175606401172, 0.000264788366621, -0.00249529420398, 0.00306895305403], [-0.000193592888536, -0.00386236514896, -0.00244534015656, 0.0106614995748, 0.00110243656673, -0.00309729203582, 0.00190555118024, -0.0037638603244, -0.00129113916773, 0.00273603154346, -0.0054781655781, 0.000720898038708, -0.00187350111082], [0.000249940785579, -0.000134182642796, -0.00292798760347, 0.00110243656673, 0.0135518694296, -0.00506645161659, -0.00505435885862, 0.00680407881737, -0.00279269763269, -0.00510347774252, 0.00626008538529, -0.000172817381099, -0.00188163272105], [-0.000570191186853, 0.00294702523388, 0.000752991996706, -0.00309729203582, -0.00506645161659, 0.0117087932304, -0.00290951807983, -0.00568079948425, 0.00108560139779, 0.00386855937541, -0.00429413560778, 0.0020840219222, -0.00195770757273], [0.00038105098065, -0.00395173579454, 0.000128833620693, 0.00190555118024, -0.00505435885862, -0.00290951807983, 0.0231858752668, -0.00473423954099, -0.000648190733045, 0.00382268871181, -0.00649742688984, -0.000513978477102, 0.00233231810853], [-0.000313963973895, 0.00496023241431, -0.00226738420315, -0.0037638603244, 0.00680407881737, -0.00568079948425, -0.00473423954099, 0.0288266856223, -0.0113340755925, -0.00359552470036, 0.00301833008416, -0.00365308159962, 0.0028643142432], [0.000536874867976, -0.00288046966307, -0.000294058700092, -0.00129113916773, -0.00279269763269, 0.00108560139779, -0.000648190733045, -0.0113340755925, 0.0281683262438, -0.0110041722655, -0.00126607099082, 0.00799276120961, -0.00759246712551], [-0.000903382431716, 0.00346381799318, 0.00175606401172, 0.00273603154346, -0.00510347774252, 0.00386855937541, 0.00382268871181, -0.00359552470036, -0.0110041722655, 0.0332947596908, -0.0150230536237, -0.00296431500465, 0.00985865760595], [0.00103530148044, -0.00361582497135, 0.000264788366621, -0.0054781655781, 0.00626008538529, -0.00429413560778, -0.00649742688984, 0.00301833008416, -0.00126607099082, -0.0150230536237, 0.0327607579529, -0.0108256144449, -0.00246543693356], [-0.00046075580758, 0.00367766735144, -0.00249529420398, 0.000720898038708, -0.000172817381099, 0.0020840219222, -0.000513978477102, -0.00365308159962, 0.00799276120961, -0.00296431500465, -0.0108256144449, 0.0306494943798, -0.0170646030456], [0.000330312439473, -0.00174641096964, 0.00306895305403, -0.00187350111082, -0.00188163272105, -0.00195770757273, 0.00233231810853, 0.0028643142432, -0.00759246712551, 0.00985865760595, -0.00246543693356, -0.0170646030456, 0.0328157730401]]
    },
    "melbands": {
        "dmean": [0.00282386248, 0.00401128316298, 0.00106385350227, 0.000397229014197, 0.00018230889691, 0.000112951529445, 5.19501336385e-05, 8.17238396849e-05, 2.8300928534e-05, 0.000121698656585, 0.00010599680536, 1.66082863871e-05, 0.000158747614478, 7.10431922926e-05, 7.63051320973e-06, 7.71514023654e-05, 5.38004678674e-05, 1.08348831418e-05, 6.27580175205e-06, 5.24695533386e-05, 1.30097387228e-05, 6.82848121869e-06, 5.78608751312e-06, 5.81521408094e-06, 8.67005564942e-06, 5.37198729944e-06, 7.66016273701e-06, 1.26883596749e-05, 7.31666068532e-06, 5.34132277608e-06, 5.60683292861e-06, 3.89351544072e-06, 5.3709468375e-06, 4.50459810963e-06, 2.12160671254e-06, 1.98567295229e-06, 2.53434814113e-06, 1.53687369675e-06, 1.19276353416e-06, 1.16205694667e-06],
        "dmean2": [0.00501375226304, 0.00711972266436, 0.00181966309901, 0.000680808967445, 0.000278680876363, 0.000176435321919, 8.49722637213e-05, 0.000109020118543, 4.34018038504e-05, 0.000143531680806, 0.000138079674798, 2.73965233646e-05, 0.000249141041422, 0.000109228189103, 1.30126636577e-05, 0.000128440660774, 8.67051785463e-05, 1.79482158273e-05, 1.07934411062e-05, 9.14522679523e-05, 2.13728653762e-05, 1.17484578368e-05, 1.02931362562e-05, 9.84452071862e-06, 1.45986605276e-05, 8.73646786204e-06, 1.31290325953e-05, 2.11412025237e-05, 1.19413925859e-05, 8.84115706867e-06, 9.66547031567e-06, 6.53060533296e-06, 9.20836191654e-06, 7.80399113864e-06, 3.58386137123e-06, 3.34185142492e-06, 4.14730266129e-06, 2.4080957246e-06, 2.01745910999e-06, 1.82004680482e-06],
        "dvar": [1.86735178431e-05, 3.05221692543e-05, 2.51209075941e-06, 4.8587372703e-07, 4.9476678754e-08, 2.22989751109e-08, 4.82394479917e-09, 1.5247159979e-08, 1.38653000192e-09, 4.09113916078e-08, 2.89023613931e-08, 3.97930216556e-10, 4.57324524916e-08, 9.28273546918e-09, 1.11614245624e-10, 2.01418259849e-08, 9.26056564765e-09, 2.18875695346e-10, 7.07711389492e-11, 7.61639817881e-09, 2.59060273233e-10, 8.64335825135e-11, 6.68487418198e-11, 6.69028790701e-11, 1.40899722445e-10, 4.71927011358e-11, 1.10887937721e-10, 1.87029947085e-10, 6.20352519354e-11, 7.94264654047e-11, 1.54290608068e-10, 4.25332442877e-11, 4.76957084938e-11, 2.74520354365e-11, 1.35387777378e-11, 1.35335961188e-11, 9.23964377231e-12, 1.00323924515e-11, 5.14977557126e-12, 4.19481073141e-12],
        "dvar2": [5.29701173946e-05, 9.09337468329e-05, 6.65072684569e-06, 1.31153547045e-06, 1.22635270827e-07, 5.67742084456e-08, 1.3547471589e-08, 2.94544175716e-08, 3.62285978994e-09, 5.70717766379e-08, 4.7351040422e-08, 1.0517638982e-09, 1.02107627242e-07, 2.17620463872e-08, 3.17778164893e-10, 5.60597577248e-08, 2.44284379392e-08, 5.93645854696e-10, 2.08245518052e-10, 2.31748380486e-08, 7.15365711113e-10, 2.38562614108e-10, 1.86810483749e-10, 1.75860756513e-10, 3.89744903018e-10, 1.21712404044e-10, 3.06230402147e-10, 5.02061059393e-10, 1.57989746286e-10, 2.13996681486e-10, 4.46940817689e-10, 9.83157374956e-11, 1.30767827122e-10, 7.34081684328e-11, 3.37908936943e-11, 3.28054076959e-11, 2.10087225394e-11, 2.08240959199e-11, 1.37646456733e-11, 8.6639757868e-12],
        "max": [0.0281415395439, 0.0334665216506, 0.014164048247, 0.00532518187538, 0.00271313544363, 0.00256404327229, 0.000721124990378, 0.00203117495403, 0.000449126964668, 0.00254738633521, 0.00170548213646, 0.000181710289326, 0.003299072152, 0.00154302362353, 0.000107483487227, 0.00107281515375, 0.000873526732903, 0.000131145556225, 7.98787950771e-05, 0.000704920850694, 0.000157279282575, 0.000101919991721, 5.62222339795e-05, 8.85068584466e-05, 0.000151485364768, 7.06324499333e-05, 0.000163551958394, 0.000173707958311, 0.000112403686217, 0.000117176867207, 0.000201338873012, 9.86028389889e-05, 8.71231459314e-05, 6.66420746711e-05, 4.40360236098e-05, 4.41259217041e-05, 5.00003698107e-05, 7.43983764551e-05, 4.00148237532e-05, 2.81094744423e-05],
        "mean": [0.00317889195867, 0.00550143513829, 0.00181796436664, 0.000708891602699, 0.000651453447063, 0.000427062914241, 0.000142932112794, 0.000189056547242, 7.84598523751e-05, 0.000292447977699, 0.000207178294659, 3.9727834519e-05, 0.000260489294305, 0.000114534530439, 1.44635732795e-05, 0.000111064371595, 8.1612408394e-05, 2.21154787141e-05, 1.24164780573e-05, 7.93491053628e-05, 2.79537034658e-05, 1.34733927553e-05, 1.07738624138e-05, 1.22504297906e-05, 1.73714634002e-05, 1.38541699926e-05, 1.80491806532e-05, 2.81299362541e-05, 1.73804655788e-05, 1.17637609947e-05, 1.11310855573e-05, 8.35656737763e-06, 1.16329947559e-05, 8.68290499056e-06, 3.65159235116e-06, 3.37509709425e-06, 5.37506275577e-06, 2.92350932796e-06, 1.91568324226e-06, 2.0759932795e-06],
        "median": [0.00144906714559, 0.00406532036141, 0.00128830317408, 0.000495202722959, 0.000535694125574, 0.000252112571616, 0.000120936179883, 8.90972441994e-05, 6.27881672699e-05, 6.58645731164e-05, 8.18303160486e-05, 3.33128264174e-05, 0.000156787398737, 6.93216134096e-05, 9.12325413083e-06, 1.79965936695e-05, 2.11873484659e-05, 1.36642229336e-05, 9.30473470362e-06, 3.7740865082e-05, 1.92851839529e-05, 9.41863072512e-06, 7.64763808547e-06, 8.61380704009e-06, 1.23225090647e-05, 1.05222652564e-05, 1.27601488202e-05, 2.37398890022e-05, 1.37367787829e-05, 7.97825305199e-06, 7.30490046408e-06, 5.46391675016e-06, 9.37800723477e-06, 6.10061806583e-06, 1.56134842655e-06, 1.42579608564e-06, 4.2126957851e-06, 1.65986830325e-06, 7.2204090884e-07, 9.42794031289e-07],
        "min": [3.79922669475e-24, 1.33365554333e-24, 2.75116936747e-24, 1.48363799904e-23, 7.89641246428e-24, 3.86160232095e-24, 4.90120858136e-24, 1.14121880252e-23, 4.57090226515e-24, 5.75963439664e-24, 6.3846883349e-24, 6.05427749462e-24, 4.88499906748e-24, 6.21477006249e-24, 4.82652514731e-24, 6.29880780916e-24, 4.27014549516e-24, 7.01627246372e-24, 6.39953193612e-24, 1.09416159291e-23, 7.67017188983e-24, 5.79150398278e-24, 1.00795550428e-23, 1.27830728728e-23, 7.95385968199e-24, 1.06026053217e-23, 8.77251113043e-24, 8.93935363416e-24, 6.81321098925e-24, 9.51674459652e-24, 8.25648250245e-24, 7.02130776288e-24, 7.62389809799e-24, 6.94836573928e-24, 8.35417424809e-24, 1.05873897725e-23, 1.0725684189e-23, 9.57791129339e-24, 7.80123718493e-24, 6.90480720667e-24],
        "var": [1.913444612e-05, 3.23797903548e-05, 3.43486112797e-06, 5.17271189437e-07, 2.57409283222e-07, 2.19550528868e-07, 1.21854641932e-08, 7.81081013201e-08, 4.84811479851e-09, 2.36983240143e-07, 8.42759959596e-08, 1.19393450682e-09, 9.35749824293e-08, 1.94191276393e-08, 2.25442511881e-10, 3.80961893143e-08, 1.75495937782e-08, 5.77962566695e-10, 1.43286327248e-10, 1.18888374701e-08, 6.9533639957e-10, 1.73414602123e-10, 1.04501060583e-10, 1.59587773552e-10, 2.95487329049e-10, 1.59558824486e-10, 3.88710508226e-10, 4.96199970001e-10, 2.22128468397e-10, 1.77952250158e-10, 2.36745817395e-10, 1.32818422927e-10, 1.19897258788e-10, 7.01199237563e-11, 2.50627834458e-11, 2.9284224351e-11, 3.07545447442e-11, 2.38282102383e-11, 1.02217878259e-11, 9.92504342601e-12]
    },
    "mfcc": {
