{
"metadata": {
    "version": {
        "essentia": "2.0.1",
        "extractor": "archive-music 1.0"
    },
    "audio_properties": {
        "analysis_sample_rate": 44100,
        "bitrate": 128,
        "channels": 2,
        "equal_loudness": 0,
        "length": 15.6995916367,
        "replay_gain": -14.9300670624,
        "downmix": "mix"
    },
    "tags": {
        "track": 0,
        "year": 0,
        "album": "Imasugu",
        "artist": "Nagisa.f",
        "comment": "",
        "genre": "Other",
        "title": "Imasugu"
    }
},
"highlevel": {
    "culture": {
        "all": {
            "non_western": 1.90620741414e-10,
            "western": 1
        },
        "probability": 1,
        "value": "western"
    },
    "danceability": {
        "all": {
            "danceable": 0.0127455368638,
            "not_danceable": 0.987254440784
        },
        "probability": 0.987254440784,
        "value": "not_danceable"
    },
    "gender": {
        "all": {
            "female": 0.809322595596,
            "male": 0.190677389503
        },
        "probability": 0.809322595596,
        "value": "female"
    },
    "genre_dortmund": {
        "all": {
            "alternative": 0.0357570536435,
            "blues": 0.126942411065,
            "electronic": 0.0103877941146,
            "folkcountry": 0.0818957313895,
            "funksoulrnb": 0.112831756473,
            "jazz": 0.423070967197,
            "pop": 0.115800976753,
            "raphiphop": 0.00626909872517,
            "rock": 0.0870442166924
        },
        "probability": 0.423070967197,
        "value": "jazz"
    },
    "genre_electronic": {
        "all": {
            "ambient": 0.713017463684,
            "dnb": 0.157619297504,
            "house": 0.0755031332374,
            "techno": 0.0139416959137,
            "trance": 0.0399184189737
        },
        "probability": 0.713017463684,
        "value": "ambient"
    },
    "genre_rosamerica": {
        "all": {
            "cla": 0.0293267704546,
            "dan": 0.0164696183056,
            "hip": 0.00490679498762,
            "jaz": 0.0356279425323,
            "pop": 0.355074375868,
            "rhy": 0.486374378204,
            "roc": 0.0666033625603,
            "spe": 0.0056167668663
        },
        "probability": 0.486374378204,
        "value": "rhy"
    },
    "genre_tzanetakis": {
        "all": {
            "blu": 0.00990518275648,
            "cla": 0.0100264549255,
            "cou": 0.116376757622,
            "dis": 0.101935811341,
            "hip": 0.0239559859037,
            "jaz": 0.138085201383,
            "met": 0.0174732599407,
            "pop": 0.390561431646,
            "reg": 0.0257048308849,
            "roc": 0.16597507894
        },
        "probability": 0.390561431646,
        "value": "pop"
    },
    "mirex_ballroom": {
        "all": {
            "ChaChaCha": 0.17211394012,
            "Jive": 0.272904127836,
            "Quickstep": 0.26383754611,
            "Rumba-American": 0.0057406919077,
            "Rumba-International": 0.0127286324278,
            "Rumba-Misc": 0.0108858086169,
            "Samba": 0.0232692677528,
            "Tango": 0.0100232698023,
            "VienneseWaltz": 0.218911975622,
            "Waltz": 0.00958476122469
        },
        "probability": 0.272904127836,
        "value": "Jive"
    },
    "mood_acoustic": {
        "all": {
            "acoustic": 0.0531393662095,
            "not_acoustic": 0.946860611439
        },
        "probability": 0.946860611439,
        "value": "not_acoustic"
    },
    "mood_aggressive": {
        "all": {
            "aggressive": 0.0120865534991,
            "not_aggressive": 0.987913429737
        },
        "probability": 0.987913429737,
        "value": "not_aggressive"
    },
    "mood_electronic": {
        "all": {
            "electronic": 0.167883336544,
            "not_electronic": 0.832116663456
        },
        "probability": 0.832116663456,
        "value": "not_electronic"
    },
    "mood_happy": {
        "all": {
            "happy": 0.865566492081,
            "not_happy": 0.134433507919
        },
        "probability": 0.865566492081,
        "value": "happy"
    },
    "mood_party": {
        "all": {
            "not_party": 0.0678928345442,
            "party": 0.932107150555
        },
        "probability": 0.932107150555,
        "value": "party"
    },
    "mood_relaxed": {
        "all": {
            "not_relaxed": 0.69523447752,
            "relaxed": 0.30476552248
        },
        "probability": 0.69523447752,
        "value": "not_relaxed"
    },
    "mood_sad": {
        "all": {
            "not_sad": 0.477009505033,
            "sad": 0.522990465164
        },
        "probability": 0.522990465164,
        "value": "sad"
    },
    "moods_mirex": {
        "all": {
            "Cluster1": 0.140767514706,
            "Cluster2": 0.636359095573,
            "Cluster3": 0.0232111886144,
            "Cluster4": 0.148530468345,
            "Cluster5": 0.0511317402124
        },
        "probability": 0.636359095573,
        "value": "Cluster2"
    },
    "timbre": {
        "all": {
            "bright": 0.983198523521,
            "dark": 0.0168014727533
        },
        "probability": 0.983198523521,
        "value": "bright"
    },
    "tonal_atonal": {
        "all": {
            "atonal": 0.249190583825,
            "tonal": 0.750809431076
        },
        "probability": 0.750809431076,
        "value": "tonal"
    },
    "voice_instrumental": {
        "all": {
            "instrumental": 0.783137500286,
            "voice": 0.216862484813
        },
        "probability": 0.783137500286,
        "value": "instrumental"
    }
},
"lowlevel": {
    "average_loudness": 0.984803676605,
    "barkbands_kurtosis": {
        "dmean": 1.08686041832,
        "dmean2": 1.51264178753,
        "dvar": 2.40403366089,
        "dvar2": 4.75483798981,
        "max": 14.758890152,
        "mean": 0.491088539362,
        "median": -0.298092722893,
        "min": -1.82250726223,
        "var": 5.58434009552
    },
    "barkbands_skewness": {
        "dmean": 0.380644977093,
        "dmean2": 0.543359041214,
        "dvar": 0.140367731452,
        "dvar2": 0.250911235809,
        "max": 3.24039077759,
        "mean": 0.795096158981,
        "median": 0.705303907394,
        "min": -2.37433123589,
        "var": 0.642262637615
    },
    "barkbands_spread": {
        "dmean": 5.65393066406,
        "dmean2": 8.29246997833,
        "dvar": 35.3312454224,
        "dvar2": 66.4424438477,
        "max": 73.4225387573,
        "mean": 33.750038147,
        "median": 31.2447280884,
        "min": 9.07064151764,
        "var": 155.43762207
    },
    "dissonance": {
        "dmean": 0.0144888553768,
        "dmean2": 0.0242994725704,
        "dvar": 0.000184777134564,
        "dvar2": 0.000464725599159,
        "max": 0.499858796597,
        "mean": 0.472118675709,
        "median": 0.476375728846,
        "min": 0.386582285166,
        "var": 0.000358862336725
    },
    "dynamic_complexity": 2.16109132767,
    "erbbands_kurtosis": {
        "dmean": 0.750533401966,
        "dmean2": 1.17347228527,
        "dvar": 0.684661149979,
        "dvar2": 1.74500250816,
        "max": 8.71934986115,
        "mean": 0.400244474411,
        "median": 0.114785075188,
        "min": -1.65868186951,
        "var": 2.00613546371
    },
    "erbbands_skewness": {
        "dmean": 0.333950012922,
        "dmean2": 0.476790219545,
        "dvar": 0.116187393665,
        "dvar2": 0.230776965618,
        "max": 1.65216469765,
        "mean": -0.2052449435,
        "median": -0.082726418972,
        "min": -2.84659290314,
        "var": 0.609494566917
    },
    "erbbands_spread": {
        "dmean": 7.53132581711,
        "dmean2": 11.7854909897,
        "dvar": 54.1705818176,
        "dvar2": 113.998603821,
        "max": 104.572662354,
        "mean": 39.9842910767,
        "median": 38.4016036987,
        "min": 10.2449941635,
        "var": 262.129211426
    },
    "hfc": {
        "dmean": 6.04018354416,
        "dmean2": 8.46388053894,
        "dvar": 46.1328544617,
        "dvar2": 90.2694625854,
        "max": 74.5621871948,
        "mean": 24.4723396301,
        "median": 24.9812984467,
        "min": 1.18438234734e-16,
        "var": 179.529342651
    },
    "melbands_kurtosis": {
        "dmean": 2.93795681,
        "dmean2": 4.29712295532,
        "dvar": 14.2295713425,
        "dvar2": 26.2078857422,
        "max": 44.0429725647,
        "mean": 5.64955615997,
        "median": 3.18367004395,
        "min": -1.52439856529,
        "var": 48.6908340454
    },
    "melbands_skewness": {
        "dmean": 0.476200312376,
        "dmean2": 0.709852993488,
        "dvar": 0.19820317626,
        "dvar2": 0.382240623236,
        "max": 5.58425378799,
        "mean": 1.92820179462,
        "median": 1.8106071949,
        "min": -0.514127194881,
        "var": 1.07199513912
    },
    "melbands_spread": {
        "dmean": 8.94683265686,
        "dmean2": 13.1819944382,
        "dvar": 101.062988281,
        "dvar2": 202.29095459,
        "max": 141.277450562,
        "mean": 39.5177764893,
        "median": 37.2278022766,
        "min": 6.36200666428,
        "var": 395.984008789
    },
    "pitch_salience": {
        "dmean": 0.0604945123196,
        "dmean2": 0.0958388745785,
        "dvar": 0.00254831719212,
        "dvar2": 0.00625014817342,
        "max": 0.864405930042,
        "mean": 0.554933011532,
        "median": 0.554915428162,
        "min": 0.327759057283,
        "var": 0.00762123567984
    },
    "silence_rate_20dB": {
        "dmean": 0,
        "dmean2": 0,
        "dvar": 0,
        "dvar2": 0,
        "max": 1,
        "mean": 1,
        "median": 1,
        "min": 1,
        "var": 0
    },
    "silence_rate_30dB": {
        "dmean": 0,
        "dmean2": 0,
        "dvar": 0,
        "dvar2": 0,
        "max": 1,
        "mean": 1,
        "median": 1,
        "min": 1,
        "var": 0
    },
    "silence_rate_60dB": {
        "dmean": 0.0059084193781,
        "dmean2": 0.0118343196809,
        "dvar": 0.00587352458388,
        "dvar2": 0.0146528147161,
        "max": 1,
        "mean": 0.0589970499277,
        "median": 0,
        "min": 0,
        "var": 0.0555166453123
    },
    "spectral_centroid": {
        "dmean": 307.962310791,
        "dmean2": 430.775665283,
        "dvar": 252486.078125,
        "dvar2": 393451.65625,
        "max": 11374.1064453,
        "mean": 1985.39709473,
        "median": 1838.20263672,
        "min": 570.135986328,
        "var": 892676.125
    },
    "spectral_complexity": {
        "dmean": 3.59231901169,
        "dmean2": 5.49704122543,
        "dvar": 12.9445867538,
        "dvar2": 25.3920059204,
        "max": 48,
        "mean": 19.0766963959,
        "median": 19,
        "min": 0,
        "var": 61.1534309387
    },
    "spectral_crest": {
        "dmean": 1.85148572922,
        "dmean2": 2.91205763817,
        "dvar": 2.84705471992,
        "dvar2": 6.77117109299,
        "max": 17.9238796234,
        "mean": 7.71133852005,
        "median": 7.18378734589,
        "min": 3.04763960838,
        "var": 7.13243675232
    },
    "spectral_decrease": {
        "dmean": 9.96262072839e-10,
        "dmean2": 1.51897827649e-09,
        "dvar": 1.0966341801e-18,
        "dvar2": 2.40310402248e-18,
        "max": 2.28089298382e-21,
        "mean": -4.80728434837e-09,
        "median": -4.93380047928e-09,
        "min": -1.15176126414e-08,
        "var": 4.02606629872e-18
    },
    "spectral_energy": {
        "dmean": 0.00408499408513,
        "dmean2": 0.00617982493713,
        "dvar": 1.85844983207e-05,
        "dvar2": 3.94315866288e-05,
        "max": 0.0471432991326,
        "mean": 0.0203635301441,
        "median": 0.0212659239769,
        "min": 1.05746737197e-20,
        "var": 7.10139138391e-05
    },
    "spectral_energyband_high": {
        "dmean": 0.000471113889944,
        "dmean2": 0.000712164153811,
        "dvar": 2.84073422563e-07,
        "dvar2": 6.15357180322e-07,
        "max": 0.00622599711642,
        "mean": 0.00127326243091,
        "median": 0.00104917562567,
        "min": 7.56515073655e-21,
        "var": 9.44860857999e-07
    },
    "spectral_energyband_low": {
        "dmean": 0.00197677430697,
        "dmean2": 0.00300649530254,
        "dvar": 5.72603312321e-06,
        "dvar2": 1.43335091707e-05,
        "max": 0.0224465187639,
        "mean": 0.00487951049581,
        "median": 0.00403761304915,
        "min": 4.26196019552e-23,
        "var": 1.27046259877e-05
    },
    "spectral_energyband_middle_high": {
        "dmean": 0.00180712412111,
        "dmean2": 0.00250287586823,
        "dvar": 5.93819959249e-06,
        "dvar2": 1.11080189527e-05,
        "max": 0.029582194984,
        "mean": 0.00672382675111,
        "median": 0.00597405154258,
        "min": 1.46546031506e-21,
        "var": 2.30029472732e-05
    },
    "spectral_energyband_middle_low": {
        "dmean": 0.00235866871662,
        "dmean2": 0.00372557993978,
        "dvar": 8.45807790029e-06,
        "dvar2": 2.04690677492e-05,
        "max": 0.0290058348328,
        "mean": 0.00801825337112,
        "median": 0.00747941387817,
        "min": 1.83503713056e-22,
        "var": 2.05411633942e-05
    },
    "spectral_flatness_db": {
        "dmean": 0.0158796571195,
        "dmean2": 0.0240614712238,
        "dvar": 0.00017499695241,
        "dvar2": 0.000400085904403,
        "max": 0.173820763826,
        "mean": 0.0997996255755,
        "median": 0.0990350097418,
        "min": 0.0390517748892,
        "var": 0.000527339812834
    },
    "spectral_flux": {
        "dmean": 0.0188418794423,
        "dmean2": 0.0290756560862,
        "dvar": 0.000328383437591,
        "dvar2": 0.000688581960276,
        "max": 0.212403148413,
        "mean": 0.0700036287308,
        "median": 0.0666360706091,
        "min": 7.02782970707e-11,
        "var": 0.000970900757238
    },
    "spectral_kurtosis": {
        "dmean": 0.913121938705,
        "dmean2": 1.48495161533,
        "dvar": 0.69284003973,
        "dvar2": 1.80815041065,
        "max": 8.16032028198,
        "mean": 2.96512126923,
        "median": 2.85123634338,
        "min": -1.21814191341,
        "var": 1.46331763268
    },
    "spectral_rms": {
        "dmean": 0.000436405651271,
        "dmean2": 0.000654262839817,
        "dvar": 1.86930805057e-07,
        "dvar2": 3.79568149356e-07,
        "max": 0.00678184814751,
        "mean": 0.004287912976,
        "median": 0.00455491431057,
        "min": 3.21197040319e-12,
        "var": 1.48065339545e-06
    },
    "spectral_rolloff": {
        "dmean": 490.810333252,
        "dmean2": 785.133300781,
        "dvar": 1098441.375,
        "dvar2": 1900767,
        "max": 19595.2148438,
        "mean": 2368.30224609,
        "median": 1873.38867188,
        "min": 258.3984375,
        "var": 3742561.5
    },
    "spectral_skewness": {
        "dmean": 0.157086476684,
        "dmean2": 0.25308650732,
        "dvar": 0.0247655138373,
        "dvar2": 0.0590380430222,
        "max": 2.10251617432,
        "mean": 1.28308045864,
        "median": 1.29111564159,
        "min": -0.035059582442,
        "var": 0.0774952620268
    },
    "spectral_spread": {
        "dmean": 683930.875,
        "dmean2": 1000225.3125,
        "dvar": 3.32503475814e+12,
        "dvar2": 4.53043499827e+12,
        "max": 41801248,
        "mean": 5373877.5,
        "median": 5090823,
        "min": 2631775.75,
        "var": 6.80698052608e+12
    },
    "spectral_strongpeak": {
        "dmean": 0.928636491299,
        "dmean2": 1.62921106815,
        "dvar": 2.51178145409,
        "dvar2": 6.11760139465,
        "max": 11.0656433105,
        "mean": 1.64182198048,
        "median": 0.596365332603,
        "min": 0,
        "var": 4.81533575058
    },
    "zerocrossingrate": {
        "dmean": 0.0123505583033,
        "dmean2": 0.0147307803854,
        "dvar": 0.000372054433683,
        "dvar2": 0.000526464078575,
        "max": 0.521484375,
        "mean": 0.0866115838289,
        "median": 0.08203125,
        "min": 0.02734375,
        "var": 0.00191295414697
    },
    "barkbands": {
        "dmean": [4.39597824879e-05, 0.00122211570852, 0.00110559130553, 0.000520234985743, 0.00073455896927, 0.00122787745204, 0.000496500812005, 0.000309085327899, 0.000563793175388, 0.000381710735383, 0.000336262281053, 0.000224183240789, 0.000331999792252, 0.00035570494947, 0.000593728211243, 0.000254097249126, 0.000104702347016, 0.000153628468979, 0.000394109578338, 0.000406711071264, 0.000175804278115, 5.90715753788e-05, 7.37022637622e-05, 5.48386233277e-05, 6.86006678734e-05, 1.47805194501e-05, 7.61034755214e-07],
        "dmean2": [6.80797020323e-05, 0.00184782792348, 0.00178628414869, 0.000858329469338, 0.00117399496958, 0.00195841980167, 0.000741497555282, 0.000499754329212, 0.000866326910909, 0.000596857338678, 0.000506857468281, 0.000340249331202, 0.00053149019368, 0.000516925298143, 0.000869018724188, 0.00038267284981, 0.000167192294612, 0.000232779289945, 0.000587689806707, 0.000604978529736, 0.000260941160377, 9.59571552812e-05, 0.000121716875583, 8.4385399532e-05, 9.98420146061e-05, 2.31153189816e-05, 1.29284410377e-06],
        "dvar": [3.26544324913e-09, 2.54958490586e-06, 3.18428101309e-06, 4.70231839245e-07, 6.88184968567e-07, 3.35646655003e-06, 1.98685620489e-06, 1.1165509477e-06, 1.01547993836e-06, 1.83176950941e-06, 1.38641735248e-06, 1.57329765216e-07, 2.15607286691e-07, 4.10592804201e-07, 1.92206471183e-06, 3.1071039075e-07, 4.02379569664e-08, 1.07975708374e-07, 5.98723545409e-07, 5.03816920627e-07, 5.79347307905e-08, 4.99190466741e-09, 7.86443177248e-09, 3.49747364403e-09, 1.18097229773e-08, 5.42531908287e-10, 1.83661462774e-12],
        "dvar2": [6.96268376288e-09, 6.11086534263e-06, 7.98785004008e-06, 1.12449674816e-06, 1.778808155e-06, 8.67600101628e-06, 4.30791851613e-06, 2.79657751889e-06, 2.14385295294e-06, 4.27807481174e-06, 3.17814419759e-06, 3.15010424856e-07, 5.28616169504e-07, 7.03896432697e-07, 4.37556991528e-06, 6.44707427e-07, 9.52073264671e-08, 2.26764996114e-07, 1.30006958443e-06, 1.14519718863e-06, 1.36060748446e-07, 1.18069172217e-08, 1.8923593359e-08, 7.64859020563e-09, 2.67359521189e-08, 1.28614419115e-09, 4.74188353514e-12],
        "max": [0.000474304892123, 0.0131286950782, 0.0187715440989, 0.00584937399253, 0.00791107304394, 0.0201374422759, 0.0226476434618, 0.0245235282928, 0.0112371258438, 0.0181894563138, 0.0213149841875, 0.00514657376334, 0.00402701459825, 0.0118061397225, 0.0154003556818, 0.0073039457202, 0.00246212561615, 0.00428911624476, 0.00852571241558, 0.00683607207611, 0.00281278253533, 0.000628048786893, 0.000547582574654, 0.000624710344709, 0.00215335609391, 0.000329695409164, 1.4702352928e-05],
        "mean": [6.45311083645e-05, 0.0021725136321, 0.00216882559471, 0.000871002790518, 0.00166823936161, 0.0027878053952, 0.000910598435439, 0.000500608468428, 0.00119683786761, 0.00074132514419, 0.000491015554871, 0.00047113277833, 0.000635725271422, 0.000771828345023, 0.0013543429086, 0.000439458410256, 0.000166180587257, 0.000289728923235, 0.000889249320608, 0.000876154692378, 0.00040689232992, 0.000113662143121, 0.000103096070234, 0.000107601154014, 0.000140742500662, 2.36403902818e-05, 7.93699655333e-07],
        "median": [3.58439428965e-05, 0.00118524162099, 0.00160459103063, 0.000649174500722, 0.0014517896343, 0.00165120954625, 0.000239727203734, 0.00028155191103, 0.000635627307929, 0.000107630548882, 0.00016824825434, 0.000147574042785, 0.000425438076491, 0.000293977675028, 0.000178060421604, 0.000131766137201, 8.88567446964e-05, 7.27595179342e-05, 0.00016980667715, 0.00043315126095, 0.000295544567052, 8.16363899503e-05, 6.5920430643e-05, 8.82559106685e-05, 0.000106168270577, 1.45704325405e-05, 3.37681399287e-07],
        "min": [1.41206535908e-24, 1.88823734203e-23, 1.60905568114e-23, 8.90561641983e-24, 1.30078374885e-23, 2.69795856949e-23, 2.27579224076e-23, 1.87210687201e-23, 1.82799645232e-23, 3.92486478459e-23, 5.87071042972e-23, 8.86229375664e-23, 5.53445878441e-23, 5.37779731952e-23, 7.4823078207e-23, 9.88469787948e-23, 1.60134510222e-22, 2.14296879559e-22, 2.22202856173e-22, 3.07336876526e-22, 3.26520307666e-22, 4.54972157072e-22, 5.34174296828e-22, 6.11865357742e-22, 1.02667098944e-21, 1.79215869072e-21, 2.4025095365e-21],
        "var": [6.60055698987e-09, 5.59902491659e-06, 4.70100803796e-06, 6.22929690053e-07, 1.46213130847e-06, 9.97916231427e-06, 4.42936971012e-06, 1.34999436341e-06, 2.42711189458e-06, 4.64165350422e-06, 1.88283547686e-06, 6.53237293591e-07, 4.40618549646e-07, 1.36871824452e-06, 6.64139861328e-06, 6.4793744059e-07, 6.12725798987e-08, 2.8222268611e-07, 2.63956212621e-06, 1.2689426967e-06, 1.4702527551e-07, 1.24830492609e-08, 1.03991197875e-08, 8.08244937645e-09, 2.27825101007e-08, 8.81643202888e-10, 1.80112034228e-12]
    },
    "erbbands": {
        "dmean": [0.0364485606551, 0.292060941458, 1.09248268604, 1.43507730961, 2.13457965851, 2.52803778648, 6.78726148605, 10.4803638458, 6.55183124542, 7.26921319962, 6.97039651871, 12.0608720779, 10.1151762009, 14.4710035324, 11.9042301178, 7.69552230835, 13.8149194717, 15.3540248871, 22.4371109009, 25.9437999725, 10.6530313492, 5.58531904221, 6.98063325882, 10.7109918594, 25.4802780151, 19.161523819, 10.5870475769, 3.89346456528, 2.54067254066, 2.05649018288, 2.07118439674, 1.27425515652, 0.979000210762, 0.935121536255, 0.419810950756, 0.100704275072, 0.0227586049587, 0.00275642820634, 6.754725473e-05, 6.91206832926e-06],
        "dmean2": [0.0520787872374, 0.45861017704, 1.8146212101, 2.26950383186, 3.51329088211, 3.99211454391, 10.8879852295, 16.5784912109, 9.91249752045, 11.1215267181, 11.4681310654, 18.5957298279, 14.8881378174, 21.8613433838, 17.9026489258, 12.1919670105, 21.6398143768, 22.0325698853, 32.9880371094, 36.8796157837, 15.3268289566, 8.73069667816, 10.6180677414, 15.1289901733, 38.050403595, 28.6918315887, 15.9994134903, 5.99887943268, 4.16277456284, 3.51446795464, 3.38793945312, 2.01775193214, 1.51865541935, 1.43010377884, 0.614496290684, 0.155676528811, 0.035281624645, 0.00442818878219, 0.000106974126538, 1.03949796539e-05],
        "dvar": [0.00272600213066, 0.141264691949, 2.98485541344, 3.89794516563, 8.9911403656, 9.57546043396, 155.286621094, 216.970336914, 351.966583252, 520.407287598, 477.695709229, 609.590820312, 409.560882568, 2555.3359375, 1157.66943359, 158.561157227, 438.905548096, 705.334655762, 2884.21582031, 4605.88183594, 440.892944336, 130.285888672, 223.423049927, 484.982635498, 2126.31396484, 938.240112305, 239.353469849, 24.4141426086, 8.83359050751, 6.43042612076, 6.97883892059, 2.01403212547, 1.22903513908, 1.31467556953, 1.1058883667, 0.0340164788067, 0.0010935771279, 1.9430224711e-05, 1.15834293268e-08, 5.27431848196e-11],
        "dvar2": [0.00500777782872, 0.368783026934, 7.92818498611, 9.2884016037, 23.506986618, 22.5636634827, 380.01751709, 539.821533203, 734.990661621, 1374.8572998, 1217.31860352, 1310.96411133, 742.689147949, 5728.22802734, 2515.52807617, 364.008575439, 1072.75488281, 1232.86206055, 6168.31298828, 9479.47363281, 963.554260254, 327.17755127, 475.566375732, 976.387268066, 4600.43994141, 2183.88989258, 544.133605957, 51.9722633362, 20.6157455444, 16.8274497986, 16.4085025787, 4.45950508118, 2.66493821144, 3.04114532471, 2.7521071434, 0.0806674212217, 0.00252320012078, 4.61977251689e-05, 2.80115539653e-08, 1.11847080209e-10],
        "max": [0.504532217979, 2.59281635284, 18.3623580933, 21.5804958344, 29.4697036743, 39.8639564514, 187.443145752, 144.105834961, 328.228057861, 368.218414307, 485.056518555, 273.237518311, 340.785064697, 758.765808105, 711.883544922, 137.024215698, 202.07321167, 362.634521484, 792.314819336, 933.708190918, 266.185699463, 147.306686401, 192.335342407, 265.173828125, 489.251403809, 399.233337402, 167.160858154, 54.6632041931, 28.9411907196, 19.3910121918, 17.5903148651, 12.5063724518, 12.4195432663, 12.9885377884, 22.8855686188, 3.67237687111, 0.336701244116, 0.0447933487594, 0.00115166581236, 7.88336692494e-05],
        "mean": [0.0621233060956, 0.510217726231, 2.15524291992, 2.98778009415, 3.5661418438, 5.6669459343, 15.3894510269, 23.5866928101, 13.7174100876, 12.6268987656, 12.7877779007, 24.8911628723, 21.5987014771, 28.7514381409, 23.0953121185, 16.4654903412, 28.2669334412, 35.922203064, 53.4032897949, 58.5723686218, 21.7568035126, 10.0926923752, 13.7904167175, 26.9394416809, 57.0475730896, 42.9362754822, 24.1890449524, 9.18201541901, 4.88714504242, 3.06252622604, 3.01280498505, 2.32086825371, 1.861130476, 1.8303232193, 0.794724106789, 0.169374421239, 0.0370949693024, 0.00440906826407, 0.000120754732052, 3.16425794153e-05],
        "median": [0.0252472069114, 0.30088788271, 1.74160337448, 2.3673927784, 2.43956947327, 4.60736513138, 9.56365585327, 15.5599451065, 4.68522930145, 5.45917415619, 8.06953430176, 13.3750696182, 9.78056907654, 6.72494745255, 10.6673049927, 8.74326515198, 18.9476356506, 16.8875541687, 12.2661838531, 9.98502731323, 8.69876670837, 5.72152709961, 4.64299583435, 5.44040822983, 14.1625652313, 23.7453117371, 16.6610946655, 7.04800224304, 3.64562368393, 1.97895812988, 2.02872514725, 1.79827582836, 1.47450947762, 1.33560407162, 0.556606292725, 0.106487259269, 0.024887137115, 0.00277321622707, 7.94560255599e-05, 3.25296641677e-05],
        "min": [5.10310408786e-22, 4.64258511528e-21, 1.44678978235e-20, 3.16305497499e-20, 3.62346919693e-20, 3.62849399604e-20, 6.54625308402e-20, 1.61873571935e-19, 2.20475143657e-19, 2.4471512867e-19, 6.91062872879e-19, 5.67566203292e-19, 1.44544383671e-18, 2.01502789541e-18, 2.45286720813e-18, 3.30740743983e-18, 1.99696165044e-18, 3.83893529669e-18, 3.37281199048e-18, 5.23632666065e-18, 4.82270574869e-18, 9.04806301803e-18, 9.95905439743e-18, 8.91978715736e-18, 1.2429892518e-17, 1.47380788059e-17, 1.33888587185e-17, 1.1504247634e-17, 1.6912501717e-17, 1.57547797317e-17, 1.42009937429e-17, 1.4117187112e-17, 1.04847210593e-17, 9.48088692791e-18, 8.61392554534e-18, 6.58921239894e-18, 3.56660055567e-18, 1.13966235781e-18, 3.09979213712e-19, 3.688953144e-20],
        "var": [0.00655926764011, 0.270858734846, 3.88777637482, 6.11923551559, 12.7046861649, 22.8506336212, 395.030609131, 602.413696289, 877.799133301, 618.789489746, 555.310302734, 1305.03356934, 992.984313965, 6049.26660156, 1953.4979248, 431.435791016, 888.957763672, 2660.39526367, 8275.60546875, 15314.5957031, 1069.05627441, 191.594299316, 533.960083008, 2270.55371094, 8630.19140625, 2681.1953125, 588.27935791, 73.1490020752, 22.1607341766, 9.19139480591, 9.27912425995, 4.05901479721, 2.7470676899, 3.1118247509, 1.36471760273, 0.0574699342251, 0.00172399019357, 2.47161860898e-05, 1.45871155155e-08, 1.7777118666e-10]
    },
    "gfcc": {
        "mean": [10.3137893677, 73.4287719727, -114.927696228, 40.8470153809, -62.7128677368, 18.2654819489, -40.7277603149, 11.0166416168, -35.7642364502, 15.1667013168, -14.9947280884, -7.77280855179, -5.06630420685],
        "cov": [[17206.3300781, 663.869018555, -1247.0411377, 230.464782715, -617.87890625, 363.905639648, -480.627960205, 73.6817245483, -266.780822754, 199.267974854, -283.750549316, -75.4461746216, -103.333389282], [663.869018555, 359.78527832, -83.044303894, -65.9533462524, 30.3153305054, 59.2727088928, -0.929585814476, -18.3663635254, 10.8430681229, 29.6982955933, 9.59455966949, -26.2941207886, 66.770149231], [-1247.0411377, -83.044303894, 365.26159668, 43.7316513062, -2.82488226891, -13.1797943115, 19.7859764099, 5.55257844925, 39.906337738, -62.2979698181, 62.8639678955, 63.0615539551, -73.145904541], [230.464782715, -65.9533462524, 43.7316513062, 314.947387695, -29.4015293121, -161.68788147, 16.282245636, 88.2088546753, -101.957252502, -49.3021659851, 105.935005188, -3.14593076706, -58.384475708], [-617.87890625, 30.3153305054, -2.82488226891, -29.4015293121, 169.876815796, 28.6447792053, 38.2881584167, -8.85653877258, 45.5590820312, 17.7294178009, -24.5932044983, -9.64262676239, 47.0272636414], [363.905639648, 59.2727088928, -13.1797943115, -161.68788147, 28.6447792053, 227.100509644, -26.9707202911, -81.0419387817, 85.4004592896, 45.8169937134, -90.2093505859, -0.345541238785, 28.8698673248], [-480.627960205, -0.929585814476, 19.7859764099, 16.282245636, 38.2881584167, -26.9707202911, 104.247528076, 30.6698608398, -3.47533631325, -8.75207996368, 25.5782222748, 2.85961866379, 3.98092532158], [73.6817245483, -18.3663635254, 5.55257844925, 88.2088546753, -8.85653877258, -81.0419387817, 30.6698608398, 98.304397583, -22.6904277802, -22.5848464966, 32.7784614563, 7.15181446075, -5.02376890182], [-266.780822754, 10.8430681229, 39.906337738, -101.957252502, 45.5590820312, 85.4004592896, -3.47533631325, -22.6904277802, 137.527633667, 19.4200973511, -76.9604415894, 20.9140300751, 13.6015844345], [199.267974854, 29.6982955933, -62.2979698181, -49.3021659851, 17.7294178009, 45.8169937134, -8.75207996368, -22.5848464966, 19.4200973511, 74.9975280762, -17.5107326508, -20.1743545532, 36.5312805176], [-283.750549316, 9.59455966949, 62.8639678955, 105.935005188, -24.5932044983, -90.2093505859, 25.5782222748, 32.7784614563, -76.9604415894, -17.5107326508, 155.011520386, 5.96003389359, -21.5815219879], [-75.4461746216, -26.2941207886, 63.0615539551, -3.14593076706, -9.64262676239, -0.345541238785, 2.85961866379, 7.15181446075, 20.9140300751, -20.1743545532, 5.96003389359, 74.338684082, -12.8764038086], [-103.333389282, 66.770149231, -73.145904541, -58.384475708, 47.0272636414, 28.8698673248, 3.98092532158, -5.02376890182, 13.6015844345, 36.5312805176, -21.5815219879, -12.8764038086, 115.656333923]],
        "icov": [[0.000185761367902, -0.000374507508241, 0.000594245560933, -0.000418106559664, 0.000449299433967, -0.000654965580907, 0.000526413146872, -0.00059117161436, 0.000363386905519, -0.00037101804628, 0.000373841030523, -0.000507751654368, 0.000571625132579], [-0.000374507508241, 0.00434029055759, -0.000336554890964, 0.00122177554294, -0.00104471365921, 0.000166228739545, -0.000862533575855, 0.00102440919727, -0.00151736894622, 0.00170455500484, -0.00279983412474, 0.00194809620734, -0.00264443736523], [0.000594245560933, -0.000336554890964, 0.00700358906761, -0.00169034977444, 0.00109040155075, -0.00296549452469, 0.00147090631071, -0.000972919340711, -0.00223807734437, 0.00221742992289, -0.0024466176983, -0.00337591348216, 0.00323568028398], [-0.000418106559664, 0.00122177554294, -0.00169034977444, 0.00801042001694, -0.00231142272241, 0.00326016265899, 0.000315246987157, -0.00273267691955, 0.00189983006567, 0.00120387633797, -0.00242164498195, 0.0019150810549, 0.00104994093999], [0.000449299433967, -0.00104471365921, 0.00109040155075, -0.00231142272241, 0.00959345512092, -0.00147517723963, -0.00227613397874, 0.000515364692546, -0.0021963880863, -0.000889188202564, 0.00146705924999, 0.000240506473347, -0.00206481805071], [-0.000654965580907, 0.000166228739545, -0.00296549452469, 0.00326016265899, -0.00147517723963, 0.0120976809412, -0.00177043769509, 0.00638627680019, -0.00293385144323, -0.00166899408214, 0.00158385548275, 0.00132113636937, -0.00167768192478], [0.000526413146872, -0.000862533575855, 0.00147090631071, 0.000315246987157, -0.00227613397874, -0.00177043769509, 0.0141259515658, -0.00612563220784, 0.00145034212619, -0.000281879794784, -0.00117442198098, -0.00126671127509, 0.00223111314699], [-0.00059117161436, 0.00102440919727, -0.000972919340711, -0.00273267691955, 0.000515364692546, 0.00638627680019, -0.00612563220784, 0.0202584639192, -0.00441820453852, 0.00308642326854, -0.000826316478197, 0.000238179374719, -0.00441021239385], [0.000363386905519, -0.00151736894622, -0.00223807734437, 0.00189983006567, -0.0021963880863, -0.00293385144323, 0.00145034212619, -0.00441820453852, 0.0174259636551, -0.00504110520706, 0.00762489950284, -0.0045520644635, 0.00258679874241], [-0.00037101804628, 0.00170455500484, 0.00221742992289, 0.00120387633797, -0.000889188202564, -0.00166899408214, -0.000281879794784, 0.00308642326854, -0.00504110520706, 0.0224247705191, -0.0051208185032, 0.00498809153214, -0.00527395168319], [0.000373841030523, -0.00279983412474, -0.0024466176983, -0.00242164498195, 0.00146705924999, 0.00158385548275, -0.00117442198098, -0.000826316478197, 0.00762489950284, -0.0051208185032, 0.0149887641892, -0.00281000137329, 0.00139804370701], [-0.000507751654368, 0.00194809620734, -0.00337591348216, 0.0019150810549, 0.000240506473347, 0.00132113636937, -0.00126671127509, 0.000238179374719, -0.0045520644635, 0.00498809153214, -0.00281000137329, 0.0190491843969, -0.00256400112994], [0.000571625132579, -0.00264443736523, 0.00323568028398, 0.00104994093999, -0.00206481805071, -0.00167768192478, 0.00223111314699, -0.00441021239385, 0.00258679874241, -0.00527395168319, 0.00139804370701, -0.00256400112994, 0.0155871296301]]
    },
    "melbands": {
        "dmean": [0.000319396378472, 0.000471542211017, 0.000252348312642, 0.000149050611071, 0.000206289623748, 0.000230275836657, 0.000102130798041, 7.6906682807e-05, 6.03499393037e-05, 7.98663750174e-05, 5.26878866367e-05, 6.14312593825e-05, 4.78876863781e-05, 2.76539994957e-05, 2.99427792925e-05, 3.01009695249e-05, 2.92338299914e-05, 3.61604579666e-05, 4.49954168289e-05, 2.52177833318e-05, 1.17724011943e-05, 5.92563492319e-06, 5.89723276789e-06, 8.7008893388e-06, 9.05981596588e-06, 1.67599791894e-05, 1.92927582248e-05, 1.28166275317e-05, 7.93853450887e-06, 4.26463429903e-06, 2.03586841963e-06, 1.49730760768e-06, 1.1114972267e-06, 1.28885369577e-06, 1.30408523091e-06, 9.612821259e-07, 7.80147331625e-07, 6.87694125645e-07, 8.24443759484e-07, 8.3490220959e-07],
        "dmean2": [0.000462331925519, 0.000758091802709, 0.000393296650145, 0.000237695014221, 0.000329257047269, 0.000364141422324, 0.000152040665853, 0.00011929145694, 9.92782734102e-05, 0.000121332319395, 7.77492241468e-05, 9.3364942586e-05, 7.2344810178e-05, 4.04200472985e-05, 4.92946164741e-05, 4.52048407169e-05, 4.23865858465e-05, 5.33947604708e-05, 6.44550964353e-05, 3.59161895176e-05, 1.76581033884e-05, 9.46461932472e-06, 9.6024305094e-06, 1.25473443404e-05, 1.28485362438e-05, 2.58148156718e-05, 2.8185744668e-05, 1.97107474378e-05, 1.21391558423e-05, 6.45159252599e-06, 3.19882155964e-06, 2.48398782787e-06, 1.8488663045e-06, 2.22599715016e-06, 2.14455621972e-06, 1.54949793796e-06, 1.25061785639e-06, 1.07852656583e-06, 1.29835996177e-06, 1.28519104692e-06],
        "dvar": [1.94296333689e-07, 4.22907532993e-07, 9.85727410807e-08, 3.09089571715e-08, 1.150210025e-07, 1.01744994652e-07, 7.92771004399e-08, 5.59147146362e-08, 2.52816931834e-08, 2.35317259012e-08, 1.10847890866e-08, 4.83234714466e-08, 2.56911967256e-08, 2.59141663683e-09, 2.81911383126e-09, 1.83011727994e-09, 2.35636754553e-09, 7.79546205365e-09, 1.34390241158e-08, 3.72228203815e-09, 6.29689023146e-10, 1.63031407818e-10, 1.60544438854e-10, 3.93367671769e-10, 3.29941129973e-10, 1.48089951413e-09, 1.17836596036e-09, 4.10124850747e-10, 1.54669346775e-10, 4.06065979452e-11, 6.63866921505e-12, 3.26273816992e-12, 1.85908688617e-12, 2.73520876087e-12, 3.13343079782e-12, 1.22386161535e-12, 7.07651873297e-13, 5.58789071872e-13, 1.08717191066e-12, 1.10422988028e-12],
        "dvar2": [4.13880457018e-07, 1.12410714337e-06, 2.19579206373e-07, 7.88230138937e-08, 2.85467450567e-07, 2.58348705984e-07, 1.60536842486e-07, 1.46985513538e-07, 6.39805648461e-08, 4.98278680539e-08, 1.95725249341e-08, 1.08892962203e-07, 5.68471421047e-08, 5.0742476887e-09, 7.37136796047e-09, 3.77509090654e-09, 4.27573532136e-09, 1.57755621899e-08, 3.12638661626e-08, 6.88929846504e-09, 1.37011091361e-09, 3.96336991004e-10, 3.8178549211e-10, 7.16511627807e-10, 6.64849231224e-10, 3.65435370853e-09, 2.52798937339e-09, 9.52408263366e-10, 3.56990492723e-10, 8.98621316248e-11, 1.48987298193e-11, 7.62483392397e-12, 4.71221759529e-12, 7.22540647105e-12, 7.50011424494e-12, 2.76794472759e-12, 1.63112340475e-12, 1.23583662835e-12, 2.56274060133e-12, 2.5905538565e-12],
        "max": [0.00390423019417, 0.00681850453839, 0.00330030103214, 0.00171774881892, 0.00494835339487, 0.00327215972356, 0.0051204925403, 0.00345118530095, 0.00319898640737, 0.00170603569131, 0.00164965284057, 0.00326244952157, 0.00329170026816, 0.000755370885599, 0.00049712555483, 0.000558054889552, 0.000610738701653, 0.00167402054649, 0.00152350147255, 0.000816342595499, 0.000321973871905, 0.000162008931511, 0.000155425586854, 0.000311233394314, 0.000223119583097, 0.000527366239112, 0.000368853565305, 0.000290628493531, 0.000125992068206, 6.84629558236e-05, 2.86399354081e-05, 1.73008338606e-05, 1.32422283059e-05, 1.0741036931e-05, 1.19865462693e-05, 8.42972531245e-06, 7.880319572e-06, 7.54789243729e-06, 1.21529392345e-05, 1.31460910779e-05],
        "mean": [0.000575193553232, 0.000986070372164, 0.00054854323389, 0.000304589921143, 0.000499484653119, 0.000520427245647, 0.000208196273888, 0.000132573622977, 0.000109952117782, 0.00016478454927, 0.000108460088086, 0.000119629214169, 7.96712483861e-05, 6.14188829786e-05, 4.80860690004e-05, 6.69328583172e-05, 6.36847471469e-05, 7.77458990342e-05, 0.000104552556877, 4.72029059893e-05, 2.07978155231e-05, 9.31840804697e-06, 9.21636546991e-06, 1.67291273101e-05, 2.12782852032e-05, 3.47862951458e-05, 4.26469596277e-05, 2.57028441411e-05, 1.62591222761e-05, 9.14815063879e-06, 4.00950330004e-06, 2.72239867627e-06, 2.00030399355e-06, 1.63266395248e-06, 1.81096118013e-06, 1.50269409005e-06, 1.3736589608e-06, 1.23548920783e-06, 1.46340391893e-06, 1.57660122113e-06],
        "median": [0.000272456847597, 0.000818248721771, 0.000439519062638, 0.000236011997913, 0.000338886136888, 0.000337340316037, 6.48434870527e-05, 6.36754266452e-05, 6.36134718661e-05, 8.56038968777e-05, 4.19120697188e-05, 2.09280951822e-05, 3.44993750332e-05, 1.71568626683e-05, 2.13426392293e-05, 4.14414607803e-05, 2.39602231886e-05, 1.75259210664e-05, 1.38293526106e-05, 9.00461691344e-06, 8.07748438092e-06, 4.75152091894e-06, 4.61810350316e-06, 3.75158379029e-06, 4.00866338168e-06, 7.26479447621e-06, 1.36298967846e-05, 1.38988471008e-05, 1.0626794392e-05, 6.35343803879e-06, 2.63689162239e-06, 1.96166274691e-06, 1.45552598951e-06, 9.639942391e-07, 1.23011363939e-06, 1.03554884845e-06, 1.0285702956e-06, 9.01492228422e-07, 1.04159937564e-06, 1.14265844786e-06],
        "min": [5.37798782943e-24, 7.22507132356e-24, 5.22658727792e-24, 3.12242781985e-24, 1.85033892587e-24, 4.66322896777e-24, 3.87032475598e-24, 2.14347924382e-24, 6.12783522416e-24, 3.17840637576e-24, 7.39637878001e-24, 7.45948607471e-24, 9.49728497571e-24, 6.40588266084e-24, 6.05159576197e-24, 5.193715444e-24, 7.25166382467e-24, 5.06378650304e-24, 6.32471360685e-24, 8.18354363429e-24, 4.29206715085e-24, 9.11747053795e-24, 8.63018011275e-24, 9.22084681528e-24, 6.22477005776e-24, 9.20907306627e-24, 1.10575776933e-23, 8.6461924114e-24, 7.94881097219e-24, 7.48593105884e-24, 6.3852310712e-24, 7.07294502001e-24, 9.67371213944e-24, 8.34275785307e-24, 6.32119292063e-24, 8.85304988455e-24, 7.62310450392e-24, 7.19325104122e-24, 8.58387713305e-24, 6.92499573496e-24],
        "var": [4.61284372477e-07, 6.59527927382e-07, 1.84466372843e-07, 6.54397993571e-08, 3.11537007747e-07, 3.01706307937e-07, 2.05254423236e-07, 6.58565681988e-08, 3.31108047646e-08, 5.21065501857e-08, 2.77785243696e-08, 1.18274186889e-07, 3.79713007703e-08, 1.25272059393e-08, 4.28227275862e-09, 6.26158591643e-09, 8.39920488716e-09, 2.00213658985e-08, 4.89097828904e-08, 1.28596768789e-08, 1.26343968621e-09, 2.45340442406e-10, 2.35160085849e-10, 1.19638299267e-09, 1.54954171716e-09, 3.81997722343e-09, 3.96310895212e-09, 1.10404130282e-09, 3.21300819284e-10, 9.23375195749e-11, 1.8561898546e-11, 7.94256761055e-12, 3.84020723207e-12, 3.12938433847e-12, 3.83731674908e-12, 2.03886755569e-12, 1.44322824091e-12, 1.21714107976e-12, 2.30323160717e-12, 2.5023895716e-12]
    },
    "mfcc": {
