{
"metadata": {
    "version": {
        "essentia": "2.0.1",
        "extractor": "archive-music 1.0"
    },
    "audio_properties": {
        "analysis_sample_rate": 44100,
        "bitrate": 128,
        "channels": 2,
        "equal_loudness": 0,
        "length": 15.49061203,
        "replay_gain": -13.9366397858,
        "downmix": "mix"
    },
    "tags": {
        "track": 0,
        "year": 0,
        "album": "Skydiving",
        "artist": "Jonay",
        "comment": "",
        "genre": "R&B",
        "title": "Jonay Ft Jasmine Kara - Skydiving"
    }
},
"highlevel": {
    "culture": {
        "all": {
            "non_western": 1.1959147006e-09,
            "western": 1
        },
        "probability": 1,
        "value": "western"
    },
    "danceability": {
        "all": {
            "danceable": 0.945912480354,
            "not_danceable": 0.0540874898434
        },
        "probability": 0.945912480354,
        "value": "danceable"
    },
    "gender": {
        "all": {
            "female": 0.995903670788,
            "male": 0.00409632688388
        },
        "probability": 0.995903670788,
        "value": "female"
    },
    "genre_dortmund": {
        "all": {
            "alternative": 0.00791359320283,
            "blues": 0.0285709835589,
            "electronic": 0.0254960414022,
            "folkcountry": 0.0115091810003,
            "funksoulrnb": 0.0554036237299,
            "jazz": 0.0314315073192,
            "pop": 0.0170660857111,
            "raphiphop": 0.7793186903,
            "rock": 0.0432902909815
        },
        "probability": 0.7793186903,
        "value": "raphiphop"
    },
    "genre_electronic": {
        "all": {
            "ambient": 0.403721511364,
            "dnb": 0.0822503939271,
            "house": 0.35554844141,
            "techno": 0.0380032509565,
            "trance": 0.120476394892
        },
        "probability": 0.403721511364,
        "value": "ambient"
    },
    "genre_rosamerica": {
        "all": {
            "cla": 0.0112451799214,
            "dan": 0.302621930838,
            "hip": 0.133555695415,
            "jaz": 0.0197220090777,
            "pop": 0.117170281708,
            "rhy": 0.376764565706,
            "roc": 0.030788064003,
            "spe": 0.00813226401806
        },
        "probability": 0.376764565706,
        "value": "rhy"
    },
    "genre_tzanetakis": {
        "all": {
            "blu": 0.00173318199813,
            "cla": 0.00220411038026,
            "cou": 0.00619008811191,
            "dis": 0.0909230336547,
            "hip": 0.145733743906,
            "jaz": 0.00485476013273,
            "met": 0.0042681330815,
            "pop": 0.622100114822,
            "reg": 0.109244808555,
            "roc": 0.0127480309457
        },
        "probability": 0.622100114822,
        "value": "pop"
    },
    "mirex_ballroom": {
        "all": {
            "ChaChaCha": 0.667307674885,
            "Jive": 0.0901633426547,
            "Quickstep": 0.0266470815986,
            "Rumba-American": 0.00221158680506,
            "Rumba-International": 0.0024445510935,
            "Rumba-Misc": 0.00309340562671,
            "Samba": 0.180349782109,
            "Tango": 0.00966603122652,
            "VienneseWaltz": 0.0171605031937,
            "Waltz": 0.000956059200689
        },
        "probability": 0.667307674885,
        "value": "ChaChaCha"
    },
    "mood_acoustic": {
        "all": {
            "acoustic": 0.0117726940662,
            "not_acoustic": 0.988227307796
        },
        "probability": 0.988227307796,
        "value": "not_acoustic"
    },
    "mood_aggressive": {
        "all": {
            "aggressive": 0.827154874802,
            "not_aggressive": 0.172845110297
        },
        "probability": 0.827154874802,
        "value": "aggressive"
    },
    "mood_electronic": {
        "all": {
            "electronic": 0.885357558727,
            "not_electronic": 0.114642441273
        },
        "probability": 0.885357558727,
        "value": "electronic"
    },
    "mood_happy": {
        "all": {
            "happy": 0.62970238924,
            "not_happy": 0.370297580957
        },
        "probability": 0.62970238924,
        "value": "happy"
    },
    "mood_party": {
        "all": {
            "not_party": 0.0455938763916,
            "party": 0.954406142235
        },
        "probability": 0.954406142235,
        "value": "party"
    },
    "mood_relaxed": {
        "all": {
            "not_relaxed": 0.951906740665,
            "relaxed": 0.048093251884
        },
        "probability": 0.951906740665,
        "value": "not_relaxed"
    },
    "mood_sad": {
        "all": {
            "not_sad": 0.697826564312,
            "sad": 0.302173435688
        },
        "probability": 0.697826564312,
        "value": "not_sad"
    },
    "moods_mirex": {
        "all": {
            "Cluster1": 0.144147619605,
            "Cluster2": 0.160082578659,
            "Cluster3": 0.0195336043835,
            "Cluster4": 0.227780342102,
            "Cluster5": 0.448455870152
        },
        "probability": 0.448455870152,
        "value": "Cluster5"
    },
    "timbre": {
        "all": {
            "bright": 0.98922419548,
            "dark": 0.0107757924125
        },
        "probability": 0.98922419548,
        "value": "bright"
    },
    "tonal_atonal": {
        "all": {
            "atonal": 0.902532994747,
            "tonal": 0.0974670276046
        },
        "probability": 0.902532994747,
        "value": "atonal"
    },
    "voice_instrumental": {
        "all": {
            "instrumental": 0.967131733894,
            "voice": 0.0328682810068
        },
        "probability": 0.967131733894,
        "value": "instrumental"
    }
},
"lowlevel": {
    "average_loudness": 0.982337892056,
    "barkbands_kurtosis": {
        "dmean": 3.35342597961,
        "dmean2": 4.98536252975,
        "dvar": 51.7153129578,
        "dvar2": 102.350341797,
        "max": 107.894584656,
        "mean": 3.8977894783,
        "median": 0.301176309586,
        "min": -1.82919955254,
        "var": 134.009628296
    },
    "barkbands_skewness": {
        "dmean": 0.676718711853,
        "dmean2": 0.957170546055,
        "dvar": 0.500506639481,
        "dvar2": 0.88336956501,
        "max": 9.5464630127,
        "mean": 1.3198993206,
        "median": 1.10027194023,
        "min": -2.50019598007,
        "var": 2.67159247398
    },
    "barkbands_spread": {
        "dmean": 8.62658596039,
        "dmean2": 12.1293172836,
        "dvar": 79.2682113647,
        "dvar2": 141.156784058,
        "max": 91.1118087769,
        "mean": 31.0176773071,
        "median": 28.5312519073,
        "min": 1.48390364647,
        "var": 305.789794922
    },
    "dissonance": {
        "dmean": 0.0179880280048,
        "dmean2": 0.0296001806855,
        "dvar": 0.000282243156107,
        "dvar2": 0.000680436147377,
        "max": 0.499568045139,
        "mean": 0.466792345047,
        "median": 0.473145782948,
        "min": 0.361894965172,
        "var": 0.000582756940275
    },
    "dynamic_complexity": 3.33264327049,
    "erbbands_kurtosis": {
        "dmean": 1.10030913353,
        "dmean2": 1.62410891056,
        "dvar": 1.46130216122,
        "dvar2": 3.06610250473,
        "max": 9.70788669586,
        "mean": 0.64453202486,
        "median": 0.0824828147888,
        "min": -1.86509680748,
        "var": 3.57373547554
    },
    "erbbands_skewness": {
        "dmean": 0.403202176094,
        "dmean2": 0.59352427721,
        "dvar": 0.125269964337,
        "dvar2": 0.248645097017,
        "max": 1.74903178215,
        "mean": -0.261276751757,
        "median": -0.301922768354,
        "min": -2.73610067368,
        "var": 0.588359951973
    },
    "erbbands_spread": {
        "dmean": 10.3704252243,
        "dmean2": 15.517203331,
        "dvar": 109.960998535,
        "dvar2": 206.31678772,
        "max": 114.01335144,
        "mean": 39.2751274109,
        "median": 35.1033477783,
        "min": 7.3736166954,
        "var": 400.076965332
    },
    "hfc": {
        "dmean": 11.7999172211,
        "dmean2": 16.4000911713,
        "dvar": 232.296035767,
        "dvar2": 440.771606445,
        "max": 105.690544128,
        "mean": 25.747013092,
        "median": 20.867893219,
        "min": 1.12781272257e-16,
        "var": 511.39630127
    },
    "melbands_kurtosis": {
        "dmean": 8.5751914978,
        "dmean2": 12.7570800781,
        "dvar": 246.249954224,
        "dvar2": 514.75213623,
        "max": 297.403717041,
        "mean": 14.3896408081,
        "median": 6.36939239502,
        "min": -1.68992686272,
        "var": 691.670776367
    },
    "melbands_skewness": {
        "dmean": 0.904013812542,
        "dmean2": 1.30466651917,
        "dvar": 0.818148374557,
        "dvar2": 1.54042828083,
        "max": 15.3057394028,
        "mean": 2.77992582321,
        "median": 2.36684370041,
        "min": -0.951568841934,
        "var": 4.28429555893
    },
    "melbands_spread": {
        "dmean": 12.7858781815,
        "dmean2": 18.1337985992,
        "dvar": 249.866088867,
        "dvar2": 445.328186035,
        "max": 206.974105835,
        "mean": 37.1660652161,
        "median": 27.5514564514,
        "min": 1.11324179173,
        "var": 919.597412109
    },
    "pitch_salience": {
        "dmean": 0.0867612659931,
        "dmean2": 0.128448262811,
        "dvar": 0.0062989811413,
        "dvar2": 0.0116970231757,
        "max": 0.839804768562,
        "mean": 0.49094799161,
        "median": 0.523009955883,
        "min": 0.0636044815183,
        "var": 0.031654689461
    },
    "silence_rate_20dB": {
        "dmean": 0,
        "dmean2": 0,
        "dvar": 0,
        "dvar2": 0,
        "max": 1,
        "mean": 1,
        "median": 1,
        "min": 1,
        "var": 0
    },
    "silence_rate_30dB": {
        "dmean": 0.0149700595066,
        "dmean2": 0.0299850068986,
        "dvar": 0.0147459637374,
        "dvar2": 0.0410797856748,
        "max": 1,
        "mean": 0.99103140831,
        "median": 1,
        "min": 0,
        "var": 0.00888820365071
    },
    "silence_rate_60dB": {
        "dmean": 0.0449101813138,
        "dmean2": 0.0899550244212,
        "dvar": 0.0428930222988,
        "dvar2": 0.108849063516,
        "max": 1,
        "mean": 0.0866965651512,
        "median": 0,
        "min": 0,
        "var": 0.0791801214218
    },
    "spectral_centroid": {
        "dmean": 362.791412354,
        "dmean2": 537.486572266,
        "dvar": 264134.53125,
        "dvar2": 396470.3125,
        "max": 11339.8417969,
        "mean": 1961.94213867,
        "median": 2006.42785645,
        "min": 418.921234131,
        "var": 857975.1875
    },
    "spectral_complexity": {
        "dmean": 5.25149679184,
        "dmean2": 7.47826099396,
        "dvar": 36.6463508606,
        "dvar2": 65.6858901978,
        "max": 60,
        "mean": 18.4902839661,
        "median": 17,
        "min": 0,
        "var": 116.536911011
    },
    "spectral_crest": {
        "dmean": 2.80996799469,
        "dmean2": 4.17850017548,
        "dvar": 7.59782361984,
        "dvar2": 12.2602920532,
        "max": 25.8110313416,
        "mean": 11.687081337,
        "median": 9.13126087189,
        "min": 2.68723678589,
        "var": 42.3160629272
    },
    "spectral_decrease": {
        "dmean": 2.64129251804e-09,
        "dmean2": 3.97319777079e-09,
        "dvar": 1.52393585289e-17,
        "dvar2": 2.92101495617e-17,
        "max": 1.07685483945e-28,
        "mean": -8.27472579346e-09,
        "median": -4.22320400872e-09,
        "min": -3.25517177657e-08,
        "var": 7.03162812976e-17
    },
    "spectral_energy": {
        "dmean": 0.0107006281614,
        "dmean2": 0.0160772930831,
        "dvar": 0.000228762030019,
        "dvar2": 0.000440541101852,
        "max": 0.123820900917,
        "mean": 0.0335660502315,
        "median": 0.0196548160166,
        "min": 1.02777796955e-20,
        "var": 0.00103880884126
    },
    "spectral_energyband_high": {
        "dmean": 0.000902595522348,
        "dmean2": 0.00126634654589,
        "dvar": 2.14380293073e-06,
        "dvar2": 4.19230855186e-06,
        "max": 0.00991108082235,
        "mean": 0.0011931268964,
        "median": 0.000308268907247,
        "min": 7.23499177324e-21,
        "var": 3.52760480382e-06
    },
    "spectral_energyband_low": {
        "dmean": 0.00755474250764,
        "dmean2": 0.00996945519,
        "dvar": 0.000146190097439,
        "dvar2": 0.000231125522987,
        "max": 0.120349481702,
        "mean": 0.0202645808458,
        "median": 0.00235544890165,
        "min": 6.35989065011e-23,
        "var": 0.000850424985401
    },
    "spectral_energyband_middle_high": {
        "dmean": 0.00269326684065,
        "dmean2": 0.0038839681074,
        "dvar": 1.245772728e-05,
        "dvar2": 2.53273155977e-05,
        "max": 0.0324539393187,
        "mean": 0.00662130536512,
        "median": 0.00382713810541,
        "min": 1.34764867203e-21,
        "var": 4.42544260295e-05
    },
    "spectral_energyband_middle_low": {
        "dmean": 0.00430084345862,
        "dmean2": 0.00691241165623,
        "dvar": 7.59876857046e-05,
        "dvar2": 0.000202866373002,
        "max": 0.0667383000255,
        "mean": 0.00626533152536,
        "median": 0.00412679975852,
        "min": 2.32951332131e-22,
        "var": 6.48380228085e-05
    },
    "spectral_flatness_db": {
        "dmean": 0.0297796968371,
        "dmean2": 0.0439133606851,
        "dvar": 0.000861173553858,
        "dvar2": 0.00159113155678,
        "max": 0.350916415453,
        "mean": 0.14053760469,
        "median": 0.124805361032,
        "min": 0.0391561314464,
        "var": 0.00434680981562
    },
    "spectral_flux": {
        "dmean": 0.0315241776407,
        "dmean2": 0.0506262928247,
        "dvar": 0.0017065218417,
        "dvar2": 0.00354789942503,
        "max": 0.307970881462,
        "mean": 0.0881124958396,
        "median": 0.0774002969265,
        "min": 6.80739492553e-11,
        "var": 0.0030574107077
    },
    "spectral_kurtosis": {
        "dmean": 1.74268102646,
        "dmean2": 2.73303174973,
        "dvar": 4.00610971451,
        "dvar2": 10.3978967667,
        "max": 18.9416656494,
        "mean": 4.51340579987,
        "median": 3.77915334702,
        "min": -1.21814656258,
        "var": 10.8083744049
    },
    "spectral_rms": {
        "dmean": 0.000934953102842,
        "dmean2": 0.00134207622614,
        "dvar": 1.40424049277e-06,
        "dvar2": 2.43619410867e-06,
        "max": 0.0109909456223,
        "mean": 0.0049783331342,
        "median": 0.0043789758347,
        "min": 3.16655989624e-12,
        "var": 7.96352378529e-06
    },
    "spectral_rolloff": {
        "dmean": 981.920593262,
        "dmean2": 1518.97924805,
        "dvar": 2462126.25,
        "dvar2": 4219471,
        "max": 18949.21875,
        "mean": 2667.05761719,
        "median": 1916.45507812,
        "min": 64.599609375,
        "var": 8032188.5
    },
    "spectral_skewness": {
        "dmean": 0.241578400135,
        "dmean2": 0.374694824219,
        "dvar": 0.0556649491191,
        "dvar2": 0.134397953749,
        "max": 2.75593209267,
        "mean": 1.42004942894,
        "median": 1.45246911049,
        "min": -0.0422321371734,
        "var": 0.146610796452
    },
    "spectral_spread": {
        "dmean": 846975.8125,
        "dmean2": 1168670.25,
        "dvar": 3.53277444096e+12,
        "dvar2": 4.86838265446e+12,
        "max": 40813956,
        "mean": 4984996,
        "median": 4390193.5,
        "min": 1709269.625,
        "var": 1.00205812777e+13
    },
    "spectral_strongpeak": {
        "dmean": 0.466488718987,
        "dmean2": 0.73609662056,
        "dvar": 0.844953358173,
        "dvar2": 1.77904760838,
        "max": 8.7749671936,
        "mean": 0.780442476273,
        "median": 0.469197332859,
        "min": 0,
        "var": 1.29161727428
    },
    "zerocrossingrate": {
        "dmean": 0.0211269352585,
        "dmean2": 0.0210305005312,
        "dvar": 0.000738857605029,
        "dvar2": 0.000988975050859,
        "max": 0.5078125,
        "mean": 0.087343223393,
        "median": 0.07568359375,
        "min": 0.00439453125,
        "var": 0.00515845278278
    },
    "barkbands": {
        "dmean": [0.000237774394918, 0.00724470894784, 0.00186576100532, 0.00136208580807, 0.0018736171769, 0.00102742062882, 0.000324952387018, 0.000230535399169, 0.000411607732531, 0.000459276081529, 0.000451762549346, 0.000293368037092, 0.000289106828859, 0.000451156403869, 0.000947775435634, 0.000493478379212, 0.000333325151587, 0.000342908751918, 0.000469152349979, 0.000247690302785, 0.000131924607558, 0.000136135218781, 0.000203233052162, 0.000215846448555, 0.000122570476378, 5.49558353669e-05, 1.63880031323e-06],
        "dmean2": [0.000329417787725, 0.00932199321687, 0.00331442384049, 0.00212416378781, 0.00340366014279, 0.00162581040058, 0.000503308838233, 0.000346195563907, 0.000664563791361, 0.000745252531487, 0.000714814930689, 0.000463263335405, 0.000475025124615, 0.000715783738997, 0.00143571465742, 0.000783603929449, 0.000521620910149, 0.000530785415322, 0.000714295427315, 0.000351566559402, 0.000187935162103, 0.00020608844352, 0.000292737269774, 0.000306177069433, 0.00017342013598, 8.04135052022e-05, 2.81013490167e-06],
        "dvar": [1.56269450713e-07, 0.000137822135002, 2.86359500024e-05, 1.06805546238e-05, 3.13847303914e-05, 2.3132804472e-06, 2.21652115329e-07, 1.52038111878e-07, 3.92587310216e-07, 6.17014677573e-07, 5.94481718963e-07, 3.06106670678e-07, 3.22951365206e-07, 8.360279935e-07, 3.71073724637e-06, 1.07399910121e-06, 3.99711268528e-07, 4.04871741466e-07, 5.47777858628e-07, 1.33260840585e-07, 7.1170475735e-08, 6.23250926424e-08, 1.56161476639e-07, 1.70914418618e-07, 4.7193903896e-08, 1.25401307116e-08, 3.66887978331e-11],
        "dvar2": [3.46777795812e-07, 0.00021397229284, 8.39423155412e-05, 2.50964985753e-05, 8.96662386367e-05, 5.40626069778e-06, 4.95200765727e-07, 3.39586790687e-07, 1.02269029867e-06, 1.40028134865e-06, 1.52353482008e-06, 7.26109874449e-07, 8.09968128124e-07, 1.87263526641e-06, 7.49575201553e-06, 2.37211725107e-06, 1.01284319953e-06, 9.10157041289e-07, 1.2424960687e-06, 2.62084370206e-07, 1.25864858092e-07, 1.30537301857e-07, 3.47335458173e-07, 3.55628401394e-07, 8.55922195342e-08, 2.65582329462e-08, 8.07034994388e-11],
        "max": [0.00376106170006, 0.116718649864, 0.0406073257327, 0.022937361151, 0.0381796807051, 0.0129419118166, 0.00611049402505, 0.00792473182082, 0.00766867119819, 0.00981071963906, 0.0102449003607, 0.00665645534173, 0.00964596495032, 0.0126164201647, 0.0210990197957, 0.0112248854712, 0.00717865349725, 0.00714976759627, 0.00846521090716, 0.00448052491993, 0.00284489896148, 0.00217529851943, 0.0026764862705, 0.00449144467711, 0.00214348966256, 0.00160426367074, 9.32343828026e-05],
        "mean": [0.000476253597299, 0.0177096351981, 0.00150170840789, 0.00135960534681, 0.00141853222158, 0.00151200999971, 0.000550021009985, 0.000346730696037, 0.000654784671497, 0.000645737629384, 0.000691771449056, 0.000460789218778, 0.000390432513086, 0.000587641028687, 0.00130740692839, 0.000611505238339, 0.000492837338243, 0.000526248011738, 0.000873741460964, 0.000405687867897, 0.000148633465869, 0.000162896496477, 0.000219332287088, 0.000272915291134, 0.00017166462203, 6.5959407948e-05, 1.58576199283e-06],
        "median": [1.87877922144e-05, 0.00145268649794, 0.000135867157951, 0.000262345944066, 0.000339732796419, 0.000791605678387, 0.000258237938397, 0.0001423220383, 0.000319359096466, 0.000330055918312, 0.000191141996766, 0.000151154847117, 0.000152491134941, 0.00015786701988, 0.00020289166423, 0.000150749168824, 0.000132066590595, 0.000156935377163, 0.000280645093881, 0.000193879197468, 3.57529606845e-05, 3.02771877614e-05, 3.13331947837e-05, 3.10206523864e-05, 2.79643481917e-05, 8.39538643049e-06, 7.21225106304e-08],
        "min": [3.38139428895e-24, 5.87335145714e-24, 5.57708488343e-24, 6.68229478886e-24, 1.91893696856e-23, 5.49314771653e-23, 2.0734328525e-23, 1.12020733453e-23, 3.72896569382e-23, 1.92663672432e-23, 7.13362183426e-23, 7.49048420621e-23, 6.56273581893e-23, 9.58938243536e-23, 7.8616609326e-23, 9.15684242796e-23, 1.1161522266e-22, 1.81114461634e-22, 2.24836919533e-22, 2.33064170795e-22, 3.36129895669e-22, 4.79217475139e-22, 5.30235394421e-22, 6.27199904971e-22, 1.08691582977e-21, 1.69204449208e-21, 2.19279764274e-21],
        "var": [4.91770151712e-07, 0.000752456078772, 2.02592145797e-05, 1.04849241325e-05, 1.85593471542e-05, 4.10063876188e-06, 6.60878811232e-07, 3.82859411729e-07, 8.57607858507e-07, 9.94973788693e-07, 1.59280830303e-06, 6.12890062257e-07, 5.71583711917e-07, 1.34831338983e-06, 7.09888308847e-06, 1.47615389778e-06, 8.31491377085e-07, 6.95285791608e-07, 1.5835821614e-06, 2.81965384374e-07, 1.04258994327e-07, 8.54892263646e-08, 1.89976020692e-07, 3.13928069318e-07, 9.21179719171e-08, 1.80433836761e-08, 3.89638182829e-11]
    },
    "erbbands": {
        "dmean": [0.293392777443, 1.47096014023, 1.9461401701, 3.07141041756, 6.50638151169, 5.69491100311, 6.92070388794, 8.3864812851, 5.06401491165, 6.45757961273, 4.13295984268, 9.47139930725, 17.0794849396, 9.19192504883, 15.7704992294, 13.6890850067, 12.8218975067, 16.8341312408, 31.9131259918, 52.0201644897, 25.2084732056, 15.3225288391, 14.9039402008, 26.916519165, 20.3399295807, 13.072514534, 6.84127950668, 4.20041942596, 4.71602201462, 5.25613641739, 5.84232759476, 5.3384013176, 3.2074971199, 1.69012069702, 0.700954258442, 0.345741122961, 0.0779914259911, 0.00853088125587, 0.0001935531036, 2.05431406357e-05],
        "dmean2": [0.2916444242, 2.1396279335, 3.37881326675, 4.63189601898, 11.468173027, 10.3386592865, 11.5586977005, 12.9655103683, 7.833507061, 9.84992980957, 6.24422502518, 14.8441467285, 28.4476337433, 14.7313547134, 24.467212677, 22.374797821, 20.9105892181, 26.9058837891, 48.0906982422, 79.1842651367, 38.8241004944, 23.6769447327, 22.4501857758, 41.4747962952, 31.8095684052, 18.5593185425, 10.1292953491, 5.77980470657, 7.1553812027, 8.12114524841, 8.60508918762, 7.74251031876, 4.61257076263, 2.34837555885, 1.0361571312, 0.523098945618, 0.110174208879, 0.012384516187, 0.000280363077763, 2.987418884e-05],
        "dvar": [0.191390365362, 5.99568891525, 27.7828788757, 53.2587966919, 371.032012939, 271.688201904, 144.33442688, 152.08102417, 50.881893158, 104.51474762, 36.1249923706, 200.387954712, 1004.19836426, 173.337509155, 671.488586426, 684.551574707, 680.757751465, 997.661376953, 5865.1171875, 9425.54394531, 2738.89282227, 704.901733398, 722.230651855, 2091.74243164, 1212.28466797, 357.523040771, 212.93170166, 54.4341621399, 70.9032592773, 112.415382385, 131.260147095, 100.405090332, 43.1769866943, 9.89708328247, 1.60222053528, 0.466889470816, 0.026280734688, 0.000553213991225, 2.55069892319e-07, 7.04951208519e-10],
        "dvar2": [0.256514042616, 11.375620842, 78.5507736206, 124.834732056, 1022.96008301, 778.269592285, 385.356811523, 361.941375732, 107.73789978, 210.170166016, 75.3754425049, 488.40737915, 2511.81225586, 467.108123779, 1497.76757812, 1717.92016602, 1642.63305664, 2383.01586914, 11489.5244141, 19332.421875, 5821.90673828, 1717.30041504, 1592.23669434, 4970.51025391, 2766.8972168, 675.190002441, 387.385925293, 97.5047683716, 139.766967773, 252.062896729, 299.257232666, 221.959899902, 86.0030822754, 18.2699947357, 2.99846506119, 0.977335751057, 0.0508178062737, 0.00114996533375, 5.31971579676e-07, 1.4048211483e-09],
        "max": [4.88811969757, 20.412776947, 43.0720481873, 54.5359840393, 127.55078125, 115.21572876, 96.0419387817, 107.247299194, 85.9062957764, 138.84223938, 100.0965271, 227.463775635, 346.051544189, 155.253753662, 437.435241699, 318.335662842, 487.399780273, 408.86920166, 1072.47912598, 1288.29577637, 757.809326172, 310.883361816, 335.678405762, 509.963867188, 548.200866699, 212.292739868, 151.399459839, 68.1211013794, 76.731086731, 93.6703033447, 75.4912261963, 83.9255752563, 97.5289154053, 30.5446491241, 12.8326711655, 7.17362070084, 2.65515255928, 0.502948105335, 0.0103439744562, 0.000370485184249],
        "mean": [0.69373524189, 3.24812507629, 2.24782586098, 3.15119171143, 4.877202034, 4.53546237946, 7.75274848938, 12.4093341827, 8.51578140259, 10.5379552841, 7.52414560318, 15.9740343094, 23.9864177704, 15.597571373, 26.138841629, 22.640007019, 18.8711433411, 23.8786354065, 45.8082275391, 69.7591171265, 36.605304718, 23.6982498169, 23.8050041199, 44.7907791138, 37.575466156, 21.7483463287, 8.40134906769, 5.05842494965, 5.88545274734, 5.66920042038, 6.13886880875, 6.22371435165, 4.39159536362, 2.36069440842, 0.959644556046, 0.396662592888, 0.0990333631635, 0.0111146811396, 0.00027248414699, 5.23026137671e-05],
        "median": [0.0210395809263, 0.328584343195, 0.334523886442, 0.598300933838, 0.756594538689, 1.20074617863, 3.03159880638, 6.67858505249, 4.57422685623, 3.96196627617, 3.970287323, 8.32278060913, 10.9995727539, 8.99145507812, 9.54752254486, 8.38268947601, 8.84551620483, 8.62907505035, 9.45653438568, 14.7007398605, 10.823141098, 7.17112493515, 8.98408222198, 11.8217363358, 16.1896305084, 11.3728580475, 3.0048968792, 1.2346521616, 1.08685350418, 0.884316623211, 0.934515833855, 0.823541820049, 0.399120658636, 0.346508592367, 0.179175749421, 0.0545386001468, 0.0131528116763, 0.0012895379914, 5.76043894398e-05, 3.97242838517e-05],
        "min": [1.1046150412e-22, 2.63593219094e-21, 1.25974364712e-20, 1.88901879396e-20, 2.77130579118e-20, 4.97213871809e-20, 1.99208963418e-19, 2.23416416969e-19, 2.2542550943e-19, 2.65775767451e-19, 4.19882203907e-19, 6.66334825454e-19, 7.44788718953e-19, 1.11598296861e-18, 2.26927012848e-18, 3.34421284119e-18, 3.2911957338e-18, 4.72347261292e-18, 5.84231917741e-18, 3.2104678691e-18, 5.89078286232e-18, 7.56487193144e-18, 1.107011347e-17, 1.02539194704e-17, 1.04513302595e-17, 1.132037531e-17, 1.52631515521e-17, 1.23817729402e-17, 1.33529061404e-17, 2.06294659237e-17, 1.48105282471e-17, 9.39142403594e-18, 1.29639864959e-17, 9.52819752305e-18, 8.14672235484e-18, 5.11995310181e-18, 3.04064893012e-18, 1.34135566773e-18, 3.11222388624e-19, 3.07987937946e-20],
        "var": [1.23014366627, 25.4581222534, 25.1639785767, 56.5337677002, 243.237487793, 162.170562744, 143.42376709, 281.078491211, 118.92539978, 323.97467041, 125.575973511, 517.634033203, 1526.20117188, 392.846466064, 1822.21020508, 1318.21630859, 1353.65222168, 1551.36450195, 10534.4589844, 17782.0878906, 4558.29785156, 1514.63232422, 1220.53039551, 4742.85986328, 3308.35351562, 780.313537598, 307.937530518, 86.9427871704, 105.489875793, 129.538589478, 150.394180298, 140.935668945, 91.9354553223, 19.4843540192, 2.94988465309, 0.606045007706, 0.04560809955, 0.000954083632678, 4.29437363891e-07, 1.85547843756e-09]
    },
    "gfcc": {
        "mean": [-17.8866691589, 68.8354568481, -125.213142395, 31.2411422729, -52.2534866333, 16.4010906219, -39.7024459839, 22.097278595, -24.6954021454, 7.68899345398, -6.98106002808, 1.68930530548, -4.72722816467],
        "cov": [[19959.7070312, 329.854034424, -623.654968262, 807.966674805, -314.732513428, 683.553222656, -339.024688721, 333.802001953, -476.72076416, 85.902130127, -245.739761353, 102.744552612, -198.538665771], [329.854034424, 1725.7545166, -274.907012939, 129.829055786, 791.429382324, 145.563644409, 591.03692627, 264.833068848, 208.959976196, 86.9303894043, 386.692352295, -170.844421387, 172.452377319], [-623.654968262, -274.907012939, 1038.0871582, 231.555664062, -74.6688079834, 172.446365356, 42.8738670349, -55.5026779175, 37.9395141602, -24.3247280121, -163.400466919, 35.0577354431, -107.298568726], [807.966674805, 129.829055786, 231.555664062, 510.414825439, 269.350341797, 118.734268188, 121.163581848, 109.862815857, 70.2689437866, -16.4540615082, -25.0976219177, -28.3643341064, -3.14433050156], [-314.732513428, 791.429382324, -74.6688079834, 269.350341797, 879.723510742, 175.516555786, 458.591186523, 267.842041016, 173.507110596, 55.672794342, 258.797668457, -81.2210693359, 132.901138306], [683.553222656, 145.563644409, 172.446365356, 118.734268188, 175.516555786, 335.106689453, 181.571640015, 63.9024848938, 50.9330863953, 40.8446884155, 46.0785102844, -16.6092033386, -12.1129693985], [-339.024688721, 591.03692627, 42.8738670349, 121.163581848, 458.591186523, 181.571640015, 458.632873535, 223.330230713, 173.801712036, 89.5227050781, 240.843444824, -26.4586715698, 94.1368179321], [333.802001953, 264.833068848, -55.5026779175, 109.862815857, 267.842041016, 63.9024848938, 223.330230713, 346.315795898, 159.007354736, 82.6985244751, 186.028945923, 19.5463581085, 89.6738739014], [-476.72076416, 208.959976196, 37.9395141602, 70.2689437866, 173.507110596, 50.9330863953, 173.801712036, 159.007354736, 209.179122925, 91.3353271484, 114.180213928, 10.5608072281, 56.2544898987], [85.902130127, 86.9303894043, -24.3247280121, -16.4540615082, 55.672794342, 40.8446884155, 89.5227050781, 82.6985244751, 91.3353271484, 112.841201782, 99.4571456909, 27.097776413, 36.7847328186], [-245.739761353, 386.692352295, -163.400466919, -25.0976219177, 258.797668457, 46.0785102844, 240.843444824, 186.028945923, 114.180213928, 99.4571456909, 302.837219238, 13.3593034744, 122.603401184], [102.744552612, -170.844421387, 35.0577354431, -28.3643341064, -81.2210693359, -16.6092033386, -26.4586715698, 19.5463581085, 10.5608072281, 27.097776413, 13.3593034744, 106.007171631, 17.4156913757], [-198.538665771, 172.452377319, -107.298568726, -3.14433050156, 132.901138306, -12.1129693985, 94.1368179321, 89.6738739014, 56.2544898987, 36.7847328186, 122.603401184, 17.4156913757, 124.721755981]],
        "icov": [[0.000123754405649, -0.000220334011829, 0.00015831971541, -0.000311505136779, 0.000172893051058, -0.00037824298488, 0.000278329709545, -0.00040942474152, 0.000681951583829, -0.00054320669733, 0.000262202549493, -0.000377869582735, 0.000140971955261], [-0.000220334011829, 0.00196318863891, -5.07183394802e-05, 0.000551575853024, -0.000706342980266, 0.000935041171033, -0.00185894710012, 0.0010829414241, -0.00141162017826, 0.0010966147529, -0.00109085696749, 0.00258013606071, -0.000601708306931], [0.00015831971541, -5.07183394802e-05, 0.00175910827238, -0.000972299021669, 0.000549435964786, -0.000941220438108, -0.000674425042234, -7.42329575587e-05, 0.000180296643521, -0.000237697342527, 0.0010473805014, -0.00118229154032, 0.000820820278022], [-0.000311505136779, 0.000551575853024, -0.000972299021669, 0.00400328310207, -0.00159515603445, 0.000473536754726, -0.000238535314566, -9.74117847363e-06, -0.00222189468332, 0.00216605653986, 0.000587838701904, 0.00104059628211, -0.000421117787482], [0.000172893051058, -0.000706342980266, 0.000549435964786, -0.00159515603445, 0.00367076159455, -0.000770546146668, -0.00169314804953, -0.000902353436686, 0.000891860399861, 0.000183584386832, 5.71871278225e-05, 0.000536264735274, -0.000962762569543], [-0.00037824298488, 0.000935041171033, -0.000941220438108, 0.000473536754726, -0.000770546146668, 0.00587793625891, -0.00313705811277, 0.00130953732878, -0.000864050001837, -0.000331365881721, -0.000510281708557, 0.00170884479303, 0.000875837402418], [0.000278329709545, -0.00185894710012, -0.000674425042234, -0.000238535314566, -0.00169314804953, -0.00313705811277, 0.0102697014809, -0.00183592212852, -0.00058895762777, -0.000877238635439, -0.00266840029508, -0.00151466263924, 0.000854365702253], [-0.00040942474152, 0.0010829414241, -7.42329575587e-05, -9.74117847363e-06, -0.000902353436686, 0.00130953732878, -0.00183592212852, 0.00761294877157, -0.00495028821751, 0.00206939829513, -0.00291824317537, 0.000272621167824, -0.000759405666031], [0.000681951583829, -0.00141162017826, 0.000180296643521, -0.00222189468332, 0.000891860399861, -0.000864050001837, -0.00058895762777, -0.00495028821751, 0.0151883307844, -0.0102048870176, 0.0030515473336, -0.00147872825619, -0.000528022472281], [-0.00054320669733, 0.0010966147529, -0.000237697342527, 0.00216605653986, 0.000183584386832, -0.000331365881721, -0.000877238635439, 0.00206939829513, -0.0102048870176, 0.0214645713568, -0.00587722240016, -0.00139776442666, 0.000660307123326], [0.000262202549493, -0.00109085696749, 0.0010473805014, 0.000587838701904, 5.71871278225e-05, -0.000510281708557, -0.00266840029508, -0.00291824317537, 0.0030515473336, -0.00587722240016, 0.0121346442029, -0.0019645288121, -0.0044538625516], [-0.000377869582735, 0.00258013606071, -0.00118229154032, 0.00104059628211, 0.000536264735274, 0.00170884479303, -0.00151466263924, 0.000272621167824, -0.00147872825619, -0.00139776442666, -0.0019645288121, 0.0162670351565, -0.00387930101715], [0.000140971955261, -0.000601708306931, 0.000820820278022, -0.000421117787482, -0.000962762569543, 0.000875837402418, 0.000854365702253, -0.000759405666031, -0.000528022472281, 0.000660307123326, -0.0044538625516, -0.00387930101715, 0.0157452058047]]
    },
    "melbands": {
        "dmean": [0.00227708602324, 0.00107611925341, 0.000657736381982, 0.000454088294646, 0.000236383639276, 0.000188964753761, 7.4494855653e-05, 6.65315674269e-05, 4.03944068239e-05, 5.87744616496e-05, 8.52006996865e-05, 3.60697958968e-05, 6.57936761854e-05, 3.56685595762e-05, 3.35914155585e-05, 2.0865634724e-05, 3.67171232938e-05, 5.25045652466e-05, 6.95931375958e-05, 5.15210922458e-05, 3.11827207042e-05, 1.82318362931e-05, 1.4107043171e-05, 1.64077464433e-05, 2.39109685936e-05, 1.79959079105e-05, 1.0813987501e-05, 8.28525298857e-06, 4.44863189841e-06, 3.18640195474e-06, 2.32031629821e-06, 2.71519206763e-06, 2.86037266051e-06, 3.03725482809e-06, 3.29716885972e-06, 4.03649119107e-06, 2.93276161756e-06, 2.63271249423e-06, 1.57520389621e-06, 1.41244822771e-06],
        "dmean2": [0.00259946938604, 0.00179480470251, 0.00103915482759, 0.000824548595119, 0.000396626564907, 0.000291829986963, 0.000115732036647, 0.00010165340791, 6.19677375653e-05, 9.44395578699e-05, 0.000141309777973, 5.82724824199e-05, 0.000102539212094, 5.50917866349e-05, 5.55404294573e-05, 3.44572727045e-05, 5.86010828556e-05, 8.07406249805e-05, 0.000105668645119, 7.85218726378e-05, 4.9047263019e-05, 2.87551702058e-05, 2.23055812967e-05, 2.45466417255e-05, 3.75828531105e-05, 2.89232120849e-05, 1.61222833412e-05, 1.2014074855e-05, 6.82702329868e-06, 4.66896517537e-06, 3.28295527652e-06, 4.2234164539e-06, 4.33143350165e-06, 4.76551394968e-06, 5.02900957144e-06, 5.91758680457e-06, 4.19244224759e-06, 3.95391271013e-06, 2.34261938203e-06, 1.97964368454e-06],
        "dvar": [1.26839386212e-05, 5.17002854394e-06, 2.77969206763e-06, 1.92383618014e-06, 1.97135946678e-07, 7.48037649601e-08, 1.06534603361e-08, 1.12896527682e-08, 3.27112470444e-09, 7.54714335471e-09, 2.4738060489e-08, 2.87971269053e-09, 1.26085062391e-08, 4.40158842707e-09, 4.22885548801e-09, 1.59159219137e-09, 5.09396835824e-09, 1.42763454392e-08, 2.12335766747e-08, 8.98526053561e-09, 4.4227133067e-09, 1.25362342729e-09, 7.13556602694e-10, 8.73768724041e-10, 1.7723943424e-09, 1.09803799386e-09, 2.12864517679e-10, 1.63250676866e-10, 8.83737735768e-11, 3.85341966669e-11, 1.80874083072e-11, 2.36648894925e-11, 2.94275437351e-11, 4.01080592349e-11, 4.81742180869e-11, 5.69713581866e-11, 3.26657867422e-11, 3.2226461083e-11, 9.18012627721e-12, 6.70856729543e-12],
        "dvar2": [1.82437561307e-05, 1.23448808154e-05, 7.07292019797e-06, 5.44015347259e-06, 5.41501378848e-07, 1.73699746142e-07, 2.31862156141e-08, 2.32588934779e-08, 7.39113126258e-09, 1.90100610808e-08, 6.15664035308e-08, 7.6479329536e-09, 3.02075271463e-08, 1.00719024232e-08, 1.09314690633e-08, 4.16696943617e-09, 1.18537863969e-08, 2.90740960196e-08, 4.51302533122e-08, 1.75066912078e-08, 9.87365389449e-09, 3.27974380987e-09, 1.56224033709e-09, 1.9490695724e-09, 4.25691570882e-09, 2.53270693307e-09, 4.44380116038e-10, 3.19313825381e-10, 1.63778379747e-10, 6.87830972734e-11, 3.37243080684e-11, 4.65034399877e-11, 6.57543047788e-11, 8.97758811735e-11, 1.12021322773e-10, 1.33447877748e-10, 6.88908027846e-11, 6.72365912946e-11, 1.75055855228e-11, 1.23414932787e-11],
        "max": [0.0377500765026, 0.0192297082394, 0.0119813680649, 0.00922623556107, 0.00360452290624, 0.00229094852693, 0.00116633845028, 0.00167261308525, 0.000765150412917, 0.00125051790383, 0.0017656844575, 0.000620628939942, 0.00170220946893, 0.000865092675667, 0.000943456427194, 0.000624977925327, 0.000938822573517, 0.00147719017696, 0.00184099317994, 0.000892926997039, 0.000857874052599, 0.000424624304287, 0.000242027948843, 0.00035808692337, 0.000460722803837, 0.000538012827747, 0.000172996689798, 0.000141188167618, 9.75580624072e-05, 6.21423314442e-05, 4.32489941886e-05, 4.70342420158e-05, 5.18791130162e-05, 4.56639754702e-05, 4.71108760394e-05, 6.81682868162e-05, 6.78823853377e-05, 8.34646489238e-05, 3.21202860505e-05, 2.64520058408e-05],
        "mean": [0.00553390616551, 0.00218661967665, 0.000626675144304, 0.000332472176524, 0.000259931490291, 0.000286715658149, 0.000127067658468, 0.000106766929093, 7.03179903212e-05, 9.76194423856e-05, 0.000116528826766, 5.64082438359e-05, 0.000102986021375, 5.70090960537e-05, 5.05240859638e-05, 2.97510596283e-05, 4.87899706059e-05, 6.93133115419e-05, 9.47023218032e-05, 6.58535209368e-05, 4.26200313086e-05, 2.61874993157e-05, 2.03867257369e-05, 2.5126753826e-05, 3.73155635316e-05, 3.10524519591e-05, 1.91156632354e-05, 1.29190002554e-05, 5.3564076552e-06, 3.48017283613e-06, 2.75463958133e-06, 3.42387170349e-06, 3.08855373987e-06, 3.21281186189e-06, 3.3452797652e-06, 4.24135760113e-06, 3.53543873644e-06, 3.42901580552e-06, 2.24163522944e-06, 1.89468198641e-06],
        "median": [0.000315984943882, 0.000309684546664, 0.000108951098809, 6.47765482427e-05, 0.000105989427539, 0.000159242234076, 6.77862772136e-05, 4.12298213632e-05, 3.7367506593e-05, 4.9219437642e-05, 4.84553311253e-05, 3.07679765683e-05, 2.99226303468e-05, 1.91572125914e-05, 2.16843436647e-05, 1.24143634821e-05, 1.6496203898e-05, 1.3035619304e-05, 1.50041678353e-05, 1.37052138598e-05, 1.04285882117e-05, 6.6254401645e-06, 6.78620199324e-06, 7.92183254816e-06, 8.78977698449e-06, 9.95486516331e-06, 1.09484944915e-05, 5.89674255025e-06, 1.75538491476e-06, 7.51530819798e-07, 6.12857547821e-07, 6.30118961453e-07, 5.37153539426e-07, 4.59433579181e-07, 5.04400986756e-07, 5.30329145931e-07, 5.3369313946e-07, 2.78667215525e-07, 2.37381129864e-07, 3.03952901959e-07],
        "min": [1.81199831372e-24, 8.84288225634e-24, 3.74102138172e-24, 2.19579156867e-24, 5.92815599081e-24, 6.44568779325e-24, 3.3941852741e-24, 2.91808562969e-24, 4.16431388827e-24, 4.25044527177e-24, 3.33996410307e-24, 3.8351155272e-24, 9.37170384163e-24, 6.92982671914e-24, 7.4806512128e-24, 6.29972683211e-24, 8.66690316561e-24, 1.01167151246e-23, 5.08780495102e-24, 4.59537115271e-24, 6.49097945326e-24, 6.31852380976e-24, 1.1633356224e-23, 9.09560962455e-24, 7.71330838185e-24, 9.54898534172e-24, 5.07592628351e-24, 8.00997530248e-24, 9.17466216472e-24, 7.24488514291e-24, 5.24681998242e-24, 6.01428027457e-24, 1.11476798082e-23, 9.97481798038e-24, 7.95479684874e-24, 7.88383644373e-24, 4.63783947954e-24, 8.20651053068e-24, 8.93375193288e-24, 7.58767676067e-24],
        "var": [7.5824202213e-05, 1.14527983897e-05, 2.49765321314e-06, 1.15835678116e-06, 1.67550794572e-07, 1.443776938e-07, 2.62435335685e-08, 3.29235056995e-08, 1.00028927363e-08, 1.78389942818e-08, 3.79059876821e-08, 5.46411538238e-09, 3.44263604291e-08, 8.89279672123e-09, 7.53174500545e-09, 2.82078915781e-09, 7.81830511443e-09, 2.41138611301e-08, 3.72854884745e-08, 1.53467620834e-08, 7.3811539103e-09, 2.36259167785e-09, 1.14668508022e-09, 1.4920900071e-09, 3.73976050128e-09, 2.79647704993e-09, 5.48901701869e-10, 3.18219339768e-10, 1.27957922036e-10, 5.72552318057e-11, 2.74516138987e-11, 3.55774090743e-11, 3.54814129466e-11, 4.46612469229e-11, 5.0511480415e-11, 6.69457406177e-11, 5.20093135226e-11, 6.15977199803e-11, 1.93965486034e-11, 1.27913755976e-11]
    },
    "mfcc": {
