{
"metadata": {
    "version": {
        "essentia": "2.0.1",
        "extractor": "archive-music 1.0"
    },
    "audio_properties": {
        "analysis_sample_rate": 44100,
        "bitrate": 128,
        "channels": 2,
        "equal_loudness": 0,
        "length": 16.0391845703,
        "replay_gain": -9.66406059265,
        "downmix": "mix"
    },
    "tags": {
        "track": 0,
        "year": 0,
        "album": "AVANEYA - EARTH IS A WRITE OFF",
        "artist": "SHAWAN RISING",
        "comment": "",
        "genre": "Other",
        "title": "Avaneya - Write off"
    }
},
"highlevel": {
    "culture": {
        "all": {
            "non_western": 6.54968190794e-10,
            "western": 1
        },
        "probability": 1,
        "value": "western"
    },
    "danceability": {
        "all": {
            "danceable": 0.982691645622,
            "not_danceable": 0.0173083469272
        },
        "probability": 0.982691645622,
        "value": "danceable"
    },
    "gender": {
        "all": {
            "female": 0.937585115433,
            "male": 0.0624148696661
        },
        "probability": 0.937585115433,
        "value": "female"
    },
    "genre_dortmund": {
        "all": {
            "alternative": 0.0431737862527,
            "blues": 0.0293228682131,
            "electronic": 0.119900316,
            "folkcountry": 0.015873843804,
            "funksoulrnb": 0.0367854684591,
            "jazz": 0.0539158470929,
            "pop": 0.0875849798322,
            "raphiphop": 0.305133968592,
            "rock": 0.308308929205
        },
        "probability": 0.308308929205,
        "value": "rock"
    },
    "genre_electronic": {
        "all": {
            "ambient": 0.138414025307,
            "dnb": 0.740149021149,
            "house": 0.0391022451222,
            "techno": 0.0105347791687,
            "trance": 0.0717999115586
        },
        "probability": 0.740149021149,
        "value": "dnb"
    },
    "genre_rosamerica": {
        "all": {
            "cla": 0.00106048712041,
            "dan": 0.186529874802,
            "hip": 0.0205318406224,
            "jaz": 0.0012654151069,
            "pop": 0.644238650799,
            "rhy": 0.00327237439342,
            "roc": 0.14135043323,
            "spe": 0.00175091146957
        },
        "probability": 0.644238650799,
        "value": "pop"
    },
    "genre_tzanetakis": {
        "all": {
            "blu": 0.00163034047,
            "cla": 0.00186756555922,
            "cou": 0.00458452058956,
            "dis": 0.0117653049529,
            "hip": 0.214518129826,
            "jaz": 0.00719387782738,
            "met": 0.0127250161022,
            "pop": 0.677190601826,
            "reg": 0.033250965178,
            "roc": 0.0352736972272
        },
        "probability": 0.677190601826,
        "value": "pop"
    },
    "mirex_ballroom": {
        "all": {
            "ChaChaCha": 0.16076593101,
            "Jive": 0.166821673512,
            "Quickstep": 0.0391046367586,
            "Rumba-American": 0.00919369142503,
            "Rumba-International": 0.0251010861248,
            "Rumba-Misc": 0.0159773733467,
            "Samba": 0.570124030113,
            "Tango": 0.00355877634138,
            "VienneseWaltz": 0.00649014813825,
            "Waltz": 0.00286268303171
        },
        "probability": 0.570124030113,
        "value": "Samba"
    },
    "mood_acoustic": {
        "all": {
            "acoustic": 0.008155612275,
            "not_acoustic": 0.991844415665
        },
        "probability": 0.991844415665,
        "value": "not_acoustic"
    },
    "mood_aggressive": {
        "all": {
            "aggressive": 0.638593256474,
            "not_aggressive": 0.361406713724
        },
        "probability": 0.638593256474,
        "value": "aggressive"
    },
    "mood_electronic": {
        "all": {
            "electronic": 0.915378093719,
            "not_electronic": 0.0846219286323
        },
        "probability": 0.915378093719,
        "value": "electronic"
    },
    "mood_happy": {
        "all": {
            "happy": 0.238726809621,
            "not_happy": 0.76127320528
        },
        "probability": 0.76127320528,
        "value": "not_happy"
    },
    "mood_party": {
        "all": {
            "not_party": 0.403194218874,
            "party": 0.596805810928
        },
        "probability": 0.596805810928,
        "value": "party"
    },
    "mood_relaxed": {
        "all": {
            "not_relaxed": 0.332137823105,
            "relaxed": 0.667862176895
        },
        "probability": 0.667862176895,
        "value": "relaxed"
    },
    "mood_sad": {
        "all": {
            "not_sad": 0.903667628765,
            "sad": 0.0963323712349
        },
        "probability": 0.903667628765,
        "value": "not_sad"
    },
    "moods_mirex": {
        "all": {
            "Cluster1": 0.249930009246,
            "Cluster2": 0.0568149164319,
            "Cluster3": 0.0646338909864,
            "Cluster4": 0.0904813483357,
            "Cluster5": 0.538139820099
        },
        "probability": 0.538139820099,
        "value": "Cluster5"
    },
    "timbre": {
        "all": {
            "bright": 0.041380122304,
            "dark": 0.958619892597
        },
        "probability": 0.958619892597,
        "value": "dark"
    },
    "tonal_atonal": {
        "all": {
            "atonal": 0.883665323257,
            "tonal": 0.116334684193
        },
        "probability": 0.883665323257,
        "value": "atonal"
    },
    "voice_instrumental": {
        "all": {
            "instrumental": 0.0993826016784,
            "voice": 0.900617420673
        },
        "probability": 0.900617420673,
        "value": "voice"
    }
},
"lowlevel": {
    "average_loudness": 0.959349274635,
    "barkbands_kurtosis": {
        "dmean": 4.26956129074,
        "dmean2": 6.48499774933,
        "dvar": 24.6616001129,
        "dvar2": 55.7320480347,
        "max": 48.0996932983,
        "mean": 7.6702914238,
        "median": 5.47388982773,
        "min": -1.78647792339,
        "var": 66.4910964966
    },
    "barkbands_skewness": {
        "dmean": 0.636735677719,
        "dmean2": 0.96731364727,
        "dvar": 0.370849132538,
        "dvar2": 0.759095728397,
        "max": 6.18365430832,
        "mean": 2.35682678223,
        "median": 2.23778390884,
        "min": -1.85365796089,
        "var": 1.52823281288
    },
    "barkbands_spread": {
        "dmean": 9.53125095367,
        "dmean2": 14.1088199615,
        "dvar": 142.45300293,
        "dvar2": 311.042572021,
        "max": 94.9566116333,
        "mean": 21.7763137817,
        "median": 16.6258773804,
        "min": 2.09932899475,
        "var": 248.348236084
    },
    "dissonance": {
        "dmean": 0.014384707436,
        "dmean2": 0.0241457987577,
        "dvar": 0.000175162611413,
        "dvar2": 0.000462078925921,
        "max": 0.499767005444,
        "mean": 0.47550714016,
        "median": 0.479952186346,
        "min": 0.399904847145,
        "var": 0.000312618009048
    },
    "dynamic_complexity": 2.46734309196,
    "erbbands_kurtosis": {
        "dmean": 0.668733417988,
        "dmean2": 1.06468141079,
        "dvar": 0.533541619778,
        "dvar2": 1.29100000858,
        "max": 8.44354534149,
        "mean": -0.328474581242,
        "median": -0.595347046852,
        "min": -1.66891038418,
        "var": 1.14463102818
    },
    "erbbands_skewness": {
        "dmean": 0.389160245657,
        "dmean2": 0.590890169144,
        "dvar": 0.102534480393,
        "dvar2": 0.236836135387,
        "max": 2.20921492577,
        "mean": 0.212189078331,
        "median": 0.186901211739,
        "min": -1.22671818733,
        "var": 0.317476093769
    },
    "erbbands_spread": {
        "dmean": 14.1365919113,
        "dmean2": 21.2231407166,
        "dvar": 204.788253784,
        "dvar2": 461.387268066,
        "max": 133.15184021,
        "mean": 51.8792114258,
        "median": 47.7078170776,
        "min": 11.5881233215,
        "var": 430.766174316
    },
    "hfc": {
        "dmean": 19.2607078552,
        "dmean2": 29.1526298523,
        "dvar": 1024.22363281,
        "dvar2": 2544.26269531,
        "max": 211.958969116,
        "mean": 31.0154247284,
        "median": 20.9981689453,
        "min": 1.08030707824e-16,
        "var": 1130.9128418
    },
    "melbands_kurtosis": {
        "dmean": 11.8479166031,
        "dmean2": 18.6878643036,
        "dvar": 230.005111694,
        "dvar2": 530.654418945,
        "max": 155.409637451,
        "mean": 25.9701366425,
        "median": 18.1259880066,
        "min": -1.26367294788,
        "var": 558.924194336
    },
    "melbands_skewness": {
        "dmean": 0.951907038689,
        "dmean2": 1.48830127716,
        "dvar": 0.903666853905,
        "dvar2": 1.91205012798,
        "max": 11.0021905899,
        "mean": 3.9874651432,
        "median": 3.74356508255,
        "min": -0.0657905489206,
        "var": 3.30018568039
    },
    "melbands_spread": {
        "dmean": 6.57498311996,
        "dmean2": 9.95065402985,
        "dvar": 87.8073501587,
        "dvar2": 173.370834351,
        "max": 147.864608765,
        "mean": 16.9850444794,
        "median": 11.9668912888,
        "min": 1.69802486897,
        "var": 272.360534668
    },
    "pitch_salience": {
        "dmean": 0.08354139328,
        "dmean2": 0.134190499783,
        "dvar": 0.00616462389007,
        "dvar2": 0.0139459790662,
        "max": 0.915417671204,
        "mean": 0.546471834183,
        "median": 0.555585324764,
        "min": 0.178134873509,
        "var": 0.0150449816138
    },
    "silence_rate_20dB": {
        "dmean": 0,
        "dmean2": 0,
        "dvar": 0,
        "dvar2": 0,
        "max": 1,
        "mean": 1,
        "median": 1,
        "min": 1,
        "var": 0
    },
    "silence_rate_30dB": {
        "dmean": 0.0752532556653,
        "dmean2": 0.150724634528,
        "dvar": 0.0695906355977,
        "dvar2": 0.156992822886,
        "max": 1,
        "mean": 0.923410415649,
        "median": 1,
        "min": 0,
        "var": 0.070723734796
    },
    "silence_rate_60dB": {
        "dmean": 0.00289435591549,
        "dmean2": 0.00579710165039,
        "dvar": 0.00288600404747,
        "dvar2": 0.00576350558549,
        "max": 1,
        "mean": 0.0433526001871,
        "median": 0,
        "min": 0,
        "var": 0.0414733923972
    },
    "spectral_centroid": {
        "dmean": 336.098297119,
        "dmean2": 470.058929443,
        "dvar": 234647.53125,
        "dvar2": 298168.1875,
        "max": 11029.2421875,
        "mean": 1244.6159668,
        "median": 1076.72937012,
        "min": 282.672729492,
        "var": 581319.625
    },
    "spectral_complexity": {
        "dmean": 5.16353130341,
        "dmean2": 7.41449260712,
        "dvar": 27.3958587646,
        "dvar2": 50.9499664307,
        "max": 59,
        "mean": 24.0592479706,
        "median": 23,
        "min": 0,
        "var": 118.723403931
    },
    "spectral_crest": {
        "dmean": 2.84166026115,
        "dmean2": 4.45815706253,
        "dvar": 7.24784898758,
        "dvar2": 15.8487501144,
        "max": 23.3187141418,
        "mean": 11.2360277176,
        "median": 10.6912546158,
        "min": 2.71447634697,
        "var": 20.2658863068
    },
    "spectral_decrease": {
        "dmean": 4.3867256494e-09,
        "dmean2": 6.73552325026e-09,
        "dvar": 3.21779710292e-17,
        "dvar2": 7.31272395424e-17,
        "max": -2.22381969788e-29,
        "mean": -1.46188723349e-08,
        "median": -1.30376935914e-08,
        "min": -6.17765252287e-08,
        "var": 8.62872926589e-17
    },
    "spectral_energy": {
        "dmean": 0.0174337439239,
        "dmean2": 0.0267310682684,
        "dvar": 0.000483712472487,
        "dvar2": 0.00110597757157,
        "max": 0.243079870939,
        "mean": 0.0579881519079,
        "median": 0.0521538034081,
        "min": 1.05055185124e-20,
        "var": 0.00129386351909
    },
    "spectral_energyband_high": {
        "dmean": 0.00179180630948,
        "dmean2": 0.00279881269671,
        "dvar": 1.07343812488e-05,
        "dvar2": 2.66528386419e-05,
        "max": 0.0206091925502,
        "mean": 0.00184472976252,
        "median": 0.000613864511251,
        "min": 7.7963291385e-21,
        "var": 1.03335396489e-05
    },
    "spectral_energyband_low": {
        "dmean": 0.0145368669182,
        "dmean2": 0.0218950770795,
        "dvar": 0.000403915590141,
        "dvar2": 0.000861872627866,
        "max": 0.189093634486,
        "mean": 0.0386332906783,
        "median": 0.0317123234272,
        "min": 7.64845202476e-23,
        "var": 0.00106513453647
    },
    "spectral_energyband_middle_high": {
        "dmean": 0.00189463002607,
        "dmean2": 0.00287119927816,
        "dvar": 6.27825511401e-06,
        "dvar2": 1.37850611281e-05,
        "max": 0.0262225251645,
        "mean": 0.00462789088488,
        "median": 0.00368926813826,
        "min": 1.44566109279e-21,
        "var": 1.45961985254e-05
    },
    "spectral_energyband_middle_low": {
        "dmean": 0.00735435122624,
        "dmean2": 0.0120022967458,
        "dvar": 0.000127674007672,
        "dvar2": 0.000340019498253,
        "max": 0.104887366295,
        "mean": 0.0158599466085,
        "median": 0.013209214434,
        "min": 3.14320832514e-22,
        "var": 0.000145551210153
    },
    "spectral_flatness_db": {
        "dmean": 0.0277541168034,
        "dmean2": 0.0379135087132,
        "dvar": 0.000619642378297,
        "dvar2": 0.00113290420268,
        "max": 0.308378964663,
        "mean": 0.138145700097,
        "median": 0.138499498367,
        "min": 0.0284140519798,
        "var": 0.00251525989734
    },
    "spectral_flux": {
        "dmean": 0.0357885994017,
        "dmean2": 0.0571660809219,
        "dvar": 0.00176987284794,
        "dvar2": 0.00415480136871,
        "max": 0.34018728137,
        "mean": 0.113452039659,
        "median": 0.0953153222799,
        "min": 1.04374113519e-10,
        "var": 0.00395194720477
    },
    "spectral_kurtosis": {
        "dmean": 1.8254878521,
        "dmean2": 2.79262042046,
        "dvar": 3.2021086216,
        "dvar2": 8.11647510529,
        "max": 19.0420627594,
        "mean": 3.76751184464,
        "median": 3.32938289642,
        "min": -1.21644163132,
        "var": 6.75087833405
    },
    "spectral_rms": {
        "dmean": 0.00104873185046,
        "dmean2": 0.00156971055549,
        "dvar": 1.31492572564e-06,
        "dvar2": 2.80278368336e-06,
        "max": 0.0153997112066,
        "mean": 0.00708662904799,
        "median": 0.00713314302266,
        "min": 3.20145060635e-12,
        "var": 6.35354535916e-06
    },
    "spectral_rolloff": {
        "dmean": 735.524536133,
        "dmean2": 1258.97460938,
        "dvar": 2793220.75,
        "dvar2": 6419836.5,
        "max": 19121.484375,
        "mean": 1146.70471191,
        "median": 516.796875,
        "min": 64.599609375,
        "var": 4442396
    },
    "spectral_skewness": {
        "dmean": 0.296168059111,
        "dmean2": 0.44550421834,
        "dvar": 0.0702701732516,
        "dvar2": 0.159185618162,
        "max": 3.52323412895,
        "mean": 1.45817816257,
        "median": 1.42856812477,
        "min": 0.0221603475511,
        "var": 0.195089131594
    },
    "spectral_spread": {
        "dmean": 1327757.625,
        "dmean2": 1792507.5,
        "dvar": 4.81416183808e+12,
        "dvar2": 7.15682951987e+12,
        "max": 41200144,
        "mean": 5140318.5,
        "median": 4369893,
        "min": 2259140.75,
        "var": 8.18917985485e+12
    },
    "spectral_strongpeak": {
        "dmean": 0.231597110629,
        "dmean2": 0.395413964987,
        "dvar": 0.115976601839,
        "dvar2": 0.296945214272,
        "max": 3.33939909935,
        "mean": 0.397971451283,
        "median": 0.283560961485,
        "min": 0,
        "var": 0.129573836923
    },
    "zerocrossingrate": {
        "dmean": 0.0183087810874,
        "dmean2": 0.0217992812395,
        "dvar": 0.000608748698141,
        "dvar2": 0.000993688940071,
        "max": 0.4931640625,
        "mean": 0.0550487712026,
        "median": 0.0439453125,
        "min": 0.0048828125,
        "var": 0.00241623376496
    },
    "barkbands": {
        "dmean": [0.00155077571981, 0.011886222288, 0.00476228818297, 0.00332867493853, 0.00253261672333, 0.00166072905995, 0.00100449996535, 0.00123235001229, 0.000750542385504, 0.000523972907104, 0.000333108269842, 0.000421211356297, 0.000174154527485, 0.000171192514244, 0.0003097182489, 0.000297384161968, 0.000372077338398, 0.000301767606288, 0.000206159224035, 0.000192653620616, 0.000190097794984, 0.000179887749255, 0.000419767864514, 0.000363651895896, 0.00033461896237, 0.00028006354114, 1.22859310068e-05],
        "dmean2": [0.00241859653033, 0.0181018337607, 0.00757729262114, 0.00565744750202, 0.00435041962191, 0.00280675268732, 0.0015819305554, 0.00204368610866, 0.00127817492466, 0.000882512482349, 0.00050971203018, 0.000674841809087, 0.000273311394267, 0.000288862589514, 0.000494581880048, 0.000482324190671, 0.000595018093009, 0.00047617679229, 0.000327088288032, 0.000290049909381, 0.000281973683741, 0.000269171374384, 0.000690074346494, 0.00060646008933, 0.000546746887267, 0.000474484666483, 2.20667698159e-05],
        "dvar": [9.37991717365e-06, 0.000339083577273, 6.86665589456e-05, 3.11667427013e-05, 3.48876237695e-05, 7.87998942542e-06, 1.69177610587e-06, 3.69450299331e-06, 1.44653529333e-06, 6.30608951724e-07, 2.73541076012e-07, 3.54519812618e-07, 7.59336487022e-08, 1.02516622746e-07, 3.26180185084e-07, 2.44178096409e-07, 2.59904567201e-07, 1.96306260136e-07, 9.20016418604e-08, 1.03332013168e-07, 9.73696216988e-08, 1.21132771369e-07, 7.54182508445e-07, 9.05551587493e-07, 4.20734124873e-07, 4.32916266391e-07, 1.23590460088e-09],
        "dvar2": [2.24009600061e-05, 0.000730042462237, 0.000174303553649, 8.4402221546e-05, 9.56410804065e-05, 2.16402440856e-05, 4.01948818762e-06, 9.56721942202e-06, 3.92445554098e-06, 1.68139479229e-06, 6.74163175063e-07, 8.67208029831e-07, 1.63839118272e-07, 2.74381363852e-07, 8.08055517609e-07, 6.14308703462e-07, 6.27100860129e-07, 4.62334838858e-07, 1.92329181914e-07, 2.45532305598e-07, 2.14009432398e-07, 2.62285851704e-07, 1.83710722013e-06, 2.37360359279e-06, 1.04797254608e-06, 1.12354473458e-06, 3.44088402215e-09],
        "max": [0.0417765527964, 0.156904935837, 0.0899124741554, 0.036705493927, 0.0674461871386, 0.0318572297692, 0.0128454240039, 0.0201604366302, 0.0128566799685, 0.00931924208999, 0.00613465253264, 0.00587695697322, 0.0041027944535, 0.00371448067017, 0.00621096929535, 0.00437081325799, 0.00566980801523, 0.00426082499325, 0.00260529131629, 0.00284019531682, 0.00217981869355, 0.00385633576661, 0.00585610233247, 0.00805292092264, 0.00426556542516, 0.00511394627392, 0.00038484155084],
        "mean": [0.00256885937415, 0.0243088956922, 0.00894607324153, 0.00496873352677, 0.00358109711669, 0.00243944395334, 0.00174230232369, 0.00170653907117, 0.00107175996527, 0.000756176072173, 0.000472854066174, 0.000625639222562, 0.000292678450933, 0.000253768201219, 0.000425224308856, 0.00046343964641, 0.000606869871262, 0.000465413555503, 0.000321297644405, 0.000268467731075, 0.000250521319686, 0.000211541540921, 0.000425559905125, 0.000313022290356, 0.000281776417978, 0.000211957478314, 8.28890733828e-06],
        "median": [0.00125139439479, 0.0171536542475, 0.00571132497862, 0.00257600611076, 0.00239075650461, 0.00181978067849, 0.00116106262431, 0.00104673672467, 0.000790083257016, 0.000511467340402, 0.000244328897679, 0.000322934938595, 0.000163955366588, 0.000140248128446, 0.000187695608474, 0.000243957387283, 0.000381326593924, 0.000268753821729, 0.000190902326722, 0.000138809482451, 0.000114862603368, 7.20744064893e-05, 6.63067112328e-05, 4.60525261587e-05, 2.39864748437e-05, 8.47569481266e-06, 2.86396243609e-07],
        "min": [2.34294623413e-23, 2.10216395553e-23, 3.03503914983e-23, 1.61225214553e-23, 3.85643173215e-23, 1.54616658537e-23, 4.12073894736e-23, 4.76202133215e-23, 1.03065712253e-22, 1.07781939263e-22, 1.0150312395e-22, 1.25329916596e-22, 6.10040274395e-23, 6.99979000397e-23, 1.49946642999e-22, 1.09398826439e-22, 5.23843147221e-23, 2.10390061703e-22, 2.0456021553e-22, 3.67353388951e-22, 3.90211170106e-22, 4.62292079454e-22, 6.75916824278e-22, 9.44480316409e-22, 1.12734145493e-21, 1.38926498491e-21, 2.27940240274e-21],
        "var": [1.36794396894e-05, 0.000652762420941, 9.88855899777e-05, 3.74196024495e-05, 2.79391060758e-05, 7.41716348784e-06, 3.21008519677e-06, 5.29021053808e-06, 1.36749770263e-06, 7.32619184873e-07, 4.85402097183e-07, 6.51933987683e-07, 1.76312397571e-07, 1.18074346744e-07, 4.29748411079e-07, 3.8077928366e-07, 4.69119839863e-07, 3.23501126331e-07, 1.51149905037e-07, 1.39266248311e-07, 1.38274884875e-07, 1.52605153403e-07, 7.17106445336e-07, 6.87805481903e-07, 3.80645843734e-07, 3.30894323497e-07, 7.96167798356e-10]
    },
    "erbbands": {
        "dmean": [0.500364899635, 2.4326043129, 5.14796686172, 8.8252954483, 8.77295780182, 9.13405895233, 11.4524850845, 13.9834423065, 14.2587089539, 16.1180801392, 28.3020954132, 19.0355854034, 19.022310257, 11.0624675751, 14.2784996033, 19.29646492, 7.37199735641, 8.6691198349, 13.1760625839, 15.7912893295, 16.9369621277, 19.2277545929, 16.6600093842, 12.6065340042, 9.25255680084, 9.31810474396, 8.5542755127, 6.62346363068, 6.41426944733, 9.45562458038, 12.610956192, 9.19242477417, 4.6839132309, 3.90574216843, 2.34228014946, 1.47888934612, 0.462311506271, 0.058788780123, 0.0015378248645, 6.59830693621e-05],
        "dmean2": [0.761922180653, 3.84199357033, 8.22441482544, 14.605009079, 15.2640199661, 15.7209320068, 19.541765213, 23.6207580566, 21.5169887543, 27.1630325317, 46.7873573303, 32.2726364136, 32.9739875793, 18.1404380798, 21.8789653778, 30.3877544403, 11.5077323914, 14.2217531204, 21.262834549, 25.0851192474, 27.1103572845, 30.229183197, 25.8982505798, 19.5964374542, 14.9886636734, 14.1652603149, 12.8448953629, 9.81880664825, 9.61146068573, 15.4337272644, 20.2686786652, 15.2514886856, 7.72562980652, 6.36900424957, 3.89826655388, 2.51209354401, 0.776360094547, 0.100701726973, 0.00266681378707, 0.000108064894448],
        "dvar": [0.660216152668, 15.3885574341, 75.602394104, 207.846710205, 308.700195312, 556.281982422, 268.434814453, 734.653320312, 405.873687744, 498.973754883, 2241.79663086, 885.92565918, 1195.92724609, 216.842285156, 601.139099121, 736.385803223, 137.888168335, 275.995513916, 561.055358887, 874.978393555, 630.216186523, 757.851806641, 558.490112305, 395.558074951, 187.375366211, 245.413711548, 203.09487915, 120.29309082, 150.762771606, 397.945739746, 655.416870117, 530.91595459, 134.375274658, 55.309589386, 24.3069114685, 11.6328649521, 1.19445860386, 0.0211968645453, 1.49555380631e-05, 1.57594115535e-08],
        "dvar2": [1.37320518494, 36.1632003784, 182.948883057, 552.988647461, 845.21105957, 1499.37585449, 759.216796875, 2012.67260742, 936.163879395, 1283.21020508, 5719.20166016, 2401.69848633, 3261.04345703, 537.848937988, 1530.50720215, 1785.27807617, 318.905029297, 735.505004883, 1496.20800781, 2039.42285156, 1468.45385742, 1797.43640137, 1244.60205078, 897.339111328, 407.760406494, 578.148071289, 460.549316406, 261.19744873, 325.26272583, 1002.23724365, 1546.20837402, 1388.32897949, 343.330627441, 136.264205933, 61.6670455933, 29.9591903687, 3.10622477531, 0.0563586317003, 4.03140948038e-05, 4.120114383e-08],
        "max": [6.64584636688, 36.0353355408, 98.9029922485, 112.208854675, 147.731765747, 266.32913208, 167.340515137, 315.147857666, 210.371994019, 193.89074707, 547.198181152, 317.244903564, 448.252746582, 162.505569458, 320.378662109, 298.800231934, 143.401504517, 230.75163269, 324.634368896, 312.911834717, 248.446243286, 331.568054199, 211.774337769, 174.323226929, 114.828926086, 159.763366699, 105.659370422, 101.997718811, 128.28678894, 172.422088623, 177.561599731, 188.517105103, 100.548698425, 48.0332527161, 33.6087226868, 24.6082878113, 8.9204826355, 1.17250967026, 0.0324477255344, 0.000921308412217],
        "mean": [0.90709322691, 4.56277418137, 10.6429128647, 14.5917758942, 12.3643083572, 11.8585395813, 17.1699352264, 19.39909935, 25.3147163391, 25.7012119293, 40.2030563354, 28.0696697235, 26.4394550323, 17.7885608673, 22.1961860657, 28.6344490051, 13.7226905823, 13.8268222809, 18.8423519135, 23.8951034546, 28.3582515717, 31.7605705261, 26.9039039612, 19.5630512238, 14.5854663849, 13.0735416412, 11.4563789368, 8.52402305603, 7.63463449478, 9.26688194275, 13.3381614685, 8.05589103699, 4.10645437241, 3.49285244942, 1.8384693861, 1.10371994972, 0.353608161211, 0.0445704869926, 0.00114993320312, 0.00010517310875],
        "median": [0.579181790352, 3.03572201729, 6.87049865723, 8.776679039, 6.94708108902, 6.64575576782, 12.0731678009, 13.5669612885, 16.714466095, 18.9108982086, 23.90076828, 20.853717804, 17.0492286682, 12.7392635345, 11.4333200455, 14.1669769287, 8.2452583313, 8.51106071472, 9.77039146423, 10.8513469696, 16.6881446838, 19.5968399048, 16.4805793762, 11.3561258316, 9.15784645081, 6.7957649231, 5.51858234406, 3.84092092514, 2.64664936066, 2.02349758148, 1.99577343464, 1.19648015499, 0.650922656059, 0.378551125526, 0.122134655714, 0.0479199588299, 0.0145743470639, 0.00220048613846, 8.20300847408e-05, 7.10453387001e-05],
        "min": [7.10180852546e-22, 3.51853188505e-21, 2.4021111731e-20, 3.53897819036e-20, 4.98391020906e-20, 1.39736047394e-19, 6.78844898243e-20, 1.75461370589e-19, 2.53586149602e-19, 1.09871443595e-18, 9.23659133491e-19, 1.89406617251e-18, 3.68693176015e-18, 2.90494953704e-18, 4.67576993417e-18, 4.98189210809e-18, 3.07763713839e-18, 3.03853093416e-18, 7.42489725537e-18, 6.33241086905e-18, 6.2638872271e-18, 3.6168807292e-18, 1.02560378799e-17, 9.46076327797e-18, 1.07114074246e-17, 1.65372975543e-17, 1.56523119061e-17, 1.49353547646e-17, 1.73705281658e-17, 1.61677331089e-17, 2.1159591089e-17, 1.93051547261e-17, 1.60777705999e-17, 1.36675797075e-17, 7.7665038232e-18, 4.79674054927e-18, 2.81290542796e-18, 1.11807480498e-18, 2.91047479333e-19, 3.38089525113e-20],
        "var": [1.10299623013, 25.5655956268, 124.881561279, 274.981750488, 269.797027588, 443.560211182, 287.071289062, 629.18963623, 755.521606445, 617.129577637, 3444.79907227, 876.839233398, 1100.32861328, 314.900085449, 1090.31555176, 1403.95397949, 293.018066406, 317.49710083, 721.385864258, 1298.78564453, 1163.78234863, 1369.51831055, 1006.94207764, 598.001586914, 302.226165771, 332.225646973, 276.082061768, 173.331848145, 191.008422852, 355.986480713, 705.139892578, 409.288757324, 108.753952026, 53.5502281189, 20.0018844604, 8.94346904755, 0.917683839798, 0.0156742930412, 1.06119859993e-05, 1.41781892893e-08]
    },
    "gfcc": {
        "mean": [25.4971580505, 99.657333374, -96.4027709961, 41.5741691589, -51.3408470154, 17.3285865784, -31.4863986969, 19.5668048859, -15.3180484772, 3.3639998436, -13.5799980164, 3.28027176857, -11.524723053],
        "cov": [[16902.4550781, -486.135681152, -409.746276855, 305.267059326, -576.805969238, 357.641357422, -670.481750488, 175.862533569, -461.853027344, 144.347381592, -319.870147705, 243.062255859, -256.339385986], [-486.135681152, 1474.63769531, -494.677856445, 61.8007545471, 209.863555908, -219.730422974, 261.597473145, -104.850982666, 180.515655518, -100.152793884, 147.32244873, -189.384521484, 137.099273682], [-409.746276855, -494.677856445, 721.588500977, -143.548217773, -55.4218254089, 213.808181763, -73.3732223511, 36.7971801758, -115.486953735, 13.0013656616, -54.696849823, 86.808013916, -107.436309814], [305.267059326, 61.8007545471, -143.548217773, 310.002349854, 31.6502399445, -16.7582511902, 50.841594696, -16.2273712158, 44.8393783569, -38.1694259644, -4.08069849014, -57.395149231, 22.778711319], [-576.805969238, 209.863555908, -55.4218254089, 31.6502399445, 226.420150757, -59.2796440125, 94.3324127197, 5.54310321808, 30.3938694, -7.82107496262, 15.3083791733, -32.1846122742, 26.7241096497], [357.641357422, -219.730422974, 213.808181763, -16.7582511902, -59.2796440125, 226.289978027, -15.6967897415, 1.80926203728, -27.3821983337, 13.3420553207, -25.2191181183, 36.4127082825, -48.2681922913], [-670.481750488, 261.597473145, -73.3732223511, 50.841594696, 94.3324127197, -15.6967897415, 180.966674805, -32.044883728, 54.8287124634, -20.5355987549, 44.4889564514, -38.460559845, 31.0866699219], [175.862533569, -104.850982666, 36.7971801758, -16.2273712158, 5.54310321808, 1.80926203728, -32.044883728, 104.383285522, -2.99452543259, 23.2315979004, -8.92309188843, 19.8375720978, -1.00205600262], [-461.853027344, 180.515655518, -115.486953735, 44.8393783569, 30.3938694, -27.3821983337, 54.8287124634, -2.99452543259, 133.210174561, 5.34352111816, 35.3157577515, -40.8679885864, 38.6014480591], [144.347381592, -100.152793884, 13.0013656616, -38.1694259644, -7.82107496262, 13.3420553207, -20.5355987549, 23.2315979004, 5.34352111816, 77.9712295532, 2.44842100143, 31.7811565399, 3.09110307693], [-319.870147705, 147.32244873, -54.696849823, -4.08069849014, 15.3083791733, -25.2191181183, 44.4889564514, -8.92309188843, 35.3157577515, 2.44842100143, 80.2776412964, 8.55724811554, 33.8131484985], [243.062255859, -189.384521484, 86.808013916, -57.395149231, -32.1846122742, 36.4127082825, -38.460559845, 19.8375720978, -40.8679885864, 31.7811565399, 8.55724811554, 103.891517639, -7.70528793335], [-256.339385986, 137.099273682, -107.436309814, 22.778711319, 26.7241096497, -48.2681922913, 31.0866699219, -1.00205600262, 38.6014480591, 3.09110307693, 33.8131484985, -7.70528793335, 74.0408859253]],
        "icov": [[0.000135644237162, -0.000267439667368, 0.000246113893809, -0.000324975699186, 0.000215698106331, -0.000334624928655, 0.000407814455684, -0.000278459832771, 0.000474233733257, -0.000387231761124, 0.000438508985098, -0.000498219102155, 0.000467751116958], [-0.000267439667368, 0.00237897946499, 0.000103107180621, 0.00145063805394, -0.00109676772263, 0.000846656330395, -0.00162664579693, 0.00119261268992, -0.00127527688164, 0.00216794689186, -0.00287603680044, 0.00315233692527, -0.00176490866579], [0.000246113893809, 0.000103107180621, 0.00325083383359, 0.000449380313512, -0.000238894615904, -0.00247035967186, 0.000567226205021, -0.000960558129009, 0.00158015324268, 0.000390193570638, 0.000269270210993, -0.00101288396399, 0.00239612231962], [-0.000324975699186, 0.00145063805394, 0.000449380313512, 0.00526512833312, -0.000933233648539, 7.97700995463e-05, -0.00186457228847, 0.000724864657968, -0.00185187556781, 0.00316243688576, -0.0007875598385, 0.00300605548546, -0.0020915013738], [0.000215698106331, -0.00109676772263, -0.000238894615904, -0.000933233648539, 0.00699564488605, 0.00113673938904, -0.00273330113851, -0.00196218024939, 0.0010714889504, -0.00162952148821, 0.00253150751814, -0.000953931070399, 0.000309238850605], [-0.000334624928655, 0.000846656330395, -0.00247035967186, 7.97700995463e-05, 0.00113673938904, 0.00814136303961, -0.00265147699974, 0.00125309382565, -0.00221216538921, -3.97818148485e-05, 1.7147998733e-05, -8.55448961374e-05, 0.000830239208881], [0.000407814455684, -0.00162664579693, 0.000567226205021, -0.00186457228847, -0.00273330113851, -0.00265147699974, 0.0115951318294, 0.00105210475158, 0.000103571066575, -0.000601728097536, -0.002120714169, -0.000769306498114, 0.00108412664849], [-0.000278459832771, 0.00119261268992, -0.000960558129009, 0.000724864657968, -0.00196218024939, 0.00125309382565, 0.00105210475158, 0.0121400197968, -0.00219511822797, -0.00111240311526, -0.000564301444683, 0.000424237136031, -0.00204877695069], [0.000474233733257, -0.00127527688164, 0.00158015324268, -0.00185187556781, 0.0010714889504, -0.00221216538921, 0.000103571066575, -0.00219511822797, 0.0138421924785, -0.00446343701333, -0.00182486581616, 0.00267719035037, -0.000954558665399], [-0.000387231761124, 0.00216794689186, 0.000390193570638, 0.00316243688576, -0.00162952148821, -3.97818148485e-05, -0.000601728097536, -0.00111240311526, -0.00446343701333, 0.0190601348877, -0.00183136912528, -0.0018646059325, -0.00278830132447], [0.000438508985098, -0.00287603680044, 0.000269270210993, -0.0007875598385, 0.00253150751814, 1.7147998733e-05, -0.002120714169, -0.000564301444683, -0.00182486581616, -0.00183136912528, 0.0234285704792, -0.0091501083225, -0.00316689861938], [-0.000498219102155, 0.00315233692527, -0.00101288396399, 0.00300605548546, -0.000953931070399, -8.55448961374e-05, -0.000769306498114, 0.000424237136031, 0.00267719035037, -0.0018646059325, -0.0091501083225, 0.0204678438604, -0.00434843357652], [0.000467751116958, -0.00176490866579, 0.00239612231962, -0.0020915013738, 0.000309238850605, 0.000830239208881, 0.00108412664849, -0.00204877695069, -0.000954558665399, -0.00278830132447, -0.00316689861938, -0.00434843357652, 0.0240683406591]]
    },
    "melbands": {
        "dmean": [0.00367830158211, 0.00265992293134, 0.00149490463082, 0.000613832846284, 0.000389301043469, 0.000311437179334, 0.000215155305341, 0.00018420474953, 0.000217612745473, 0.000116676208563, 9.44056955632e-05, 4.67129393655e-05, 4.60436713183e-05, 5.09532219439e-05, 3.08666167257e-05, 1.75077584572e-05, 1.64890425367e-05, 2.12717332033e-05, 2.18527929974e-05, 2.23739316425e-05, 2.12136437767e-05, 2.16585540329e-05, 1.67791949934e-05, 1.58834427566e-05, 1.03678075902e-05, 7.78675803303e-06, 6.37669973003e-06, 6.31723332845e-06, 5.73960778638e-06, 4.683019597e-06, 3.58340344064e-06, 3.47920627064e-06, 3.82870757676e-06, 6.46193029752e-06, 7.54525262892e-06, 6.71559246257e-06, 5.49434616914e-06, 3.20585490954e-06, 2.92130857815e-06, 3.60664193977e-06],
        "dmean2": [0.00552828097716, 0.00418293802068, 0.00246603228152, 0.00105658627581, 0.000653895898722, 0.00052102364134, 0.000327828543959, 0.000311688316287, 0.000358967634384, 0.000199885704205, 0.000163246877491, 7.66300145187e-05, 7.13532208465e-05, 8.07893447927e-05, 4.91238861287e-05, 2.80822805507e-05, 2.72973193205e-05, 3.49975780409e-05, 3.43305982824e-05, 3.6177218135e-05, 3.34693759214e-05, 3.49070032826e-05, 2.68352578132e-05, 2.51448509516e-05, 1.62128017109e-05, 1.2491113921e-05, 9.95378104562e-06, 9.86870782071e-06, 8.85975168785e-06, 7.05113643562e-06, 5.33391994395e-06, 5.25379437022e-06, 5.97470216235e-06, 1.0878014109e-05, 1.20727954709e-05, 1.12185243779e-05, 9.20735237742e-06, 5.29806311533e-06, 4.90807269671e-06, 5.88677448832e-06],
        "dvar": [3.36467128363e-05, 1.70941038959e-05, 6.0850529735e-06, 2.35945003624e-06, 3.44491439819e-07, 3.30777112367e-07, 8.77111361319e-08, 6.89148293986e-08, 1.29859884623e-07, 3.54787808021e-08, 2.91330586322e-08, 3.98836341731e-09, 5.48005374412e-09, 5.31922816904e-09, 1.86384907508e-09, 8.18217826826e-10, 9.99557103754e-10, 1.54905011041e-09, 1.68447944482e-09, 1.50246648456e-09, 8.45305325736e-10, 9.62312673991e-10, 6.07578709566e-10, 6.14938489019e-10, 2.69829797395e-10, 1.24332460993e-10, 1.07266244498e-10, 1.24309076921e-10, 9.67270777363e-11, 5.69002588102e-11, 3.87766138643e-11, 4.69974961725e-11, 5.71618932743e-11, 2.32723479376e-10, 2.19958301573e-10, 3.17213616485e-10, 1.80869652588e-10, 6.59199500541e-11, 5.19501247576e-11, 4.62170267335e-11],
        "dvar2": [7.06964783603e-05, 3.92129550164e-05, 1.59962328325e-05, 6.40864573143e-06, 9.82731762633e-07, 8.99194219528e-07, 2.02292241624e-07, 1.8180060124e-07, 3.30234570356e-07, 9.61684065715e-08, 7.96112757939e-08, 1.00842161288e-08, 1.35321567285e-08, 1.29885382449e-08, 4.67393235226e-09, 1.87194415524e-09, 2.66777022695e-09, 4.2030379177e-09, 4.00797395272e-09, 3.78545728097e-09, 2.00121497151e-09, 2.26343943588e-09, 1.43341971626e-09, 1.4050381969e-09, 6.28142260428e-10, 2.75944267436e-10, 2.49068016211e-10, 2.99707814122e-10, 2.24941454352e-10, 1.28604071836e-10, 8.50186518409e-11, 1.03059012713e-10, 1.26759006069e-10, 6.12125627963e-10, 5.04306596483e-10, 8.10729261502e-10, 4.79604300718e-10, 1.68745170614e-10, 1.35463543161e-10, 1.09628271738e-10],
        "max": [0.0487329885364, 0.0472734831274, 0.0181077942252, 0.0176556743681, 0.0065432805568, 0.00662944419309, 0.00290546100587, 0.00248299445957, 0.0041257282719, 0.00211705034599, 0.00216319342144, 0.000720745360013, 0.000928221736103, 0.000643228413537, 0.000444198638434, 0.000339459977113, 0.000429920270108, 0.000559644016903, 0.000447834288934, 0.000354628427885, 0.000248065975029, 0.000346214015735, 0.000258701678831, 0.000232685430092, 0.000136909613502, 9.37502627494e-05, 9.0042463853e-05, 0.000120457902085, 7.03176119714e-05, 5.87988288316e-05, 5.61403030588e-05, 7.03152472852e-05, 8.19736960693e-05, 0.000143645098433, 9.9393822893e-05, 0.00014391708828, 0.000109412656457, 6.87146311975e-05, 6.49065041216e-05, 4.78105139337e-05],
        "mean": [0.00725554814562, 0.00581669388339, 0.00249368068762, 0.000833133992273, 0.000583329005167, 0.000444204226369, 0.000385396473575, 0.000286212394712, 0.000311966869049, 0.000164045501151, 0.000128314408357, 7.0601097832e-05, 6.80032826494e-05, 7.65150907682e-05, 4.8274800065e-05, 2.77535928035e-05, 2.46186373261e-05, 2.84991256194e-05, 3.11622643494e-05, 3.26430417772e-05, 3.42447165167e-05, 3.45821172232e-05, 2.71299522865e-05, 2.25240928557e-05, 1.50306177602e-05, 1.1829270079e-05, 8.92300795385e-06, 8.58448220242e-06, 7.45905936128e-06, 5.95373103351e-06, 4.50707057098e-06, 4.1275525291e-06, 4.23536721428e-06, 5.69346502743e-06, 8.17099953565e-06, 5.9847779994e-06, 4.77944649901e-06, 2.86406793748e-06, 2.33814512285e-06, 3.34802803081e-06],
        "median": [0.0049785184674, 0.00444070342928, 0.00147061725147, 0.000497426372021, 0.000430335610872, 0.000315276411129, 0.000264546863036, 0.000208819925319, 0.000183070602361, 0.000118353513244, 8.00158813945e-05, 4.81932220282e-05, 3.51628950739e-05, 3.90925561078e-05, 2.66340975941e-05, 1.60501858772e-05, 1.49139523273e-05, 1.38208106364e-05, 1.35298396344e-05, 1.52480315592e-05, 2.01078619284e-05, 2.09756472032e-05, 1.47473001562e-05, 1.24276393763e-05, 8.21443063614e-06, 7.02910301698e-06, 4.76189507026e-06, 4.28941621067e-06, 3.46437582266e-06, 2.837971806e-06, 1.90840523828e-06, 1.47593902966e-06, 1.17967738333e-06, 8.8019191935e-07, 1.19154992717e-06, 8.37794857489e-07, 7.28619966139e-07, 5.02176078498e-07, 2.53241694281e-07, 2.96064172289e-07],
        "min": [8.2180420994e-24, 1.0321019055e-23, 7.12982899103e-24, 9.2675387034e-24, 3.41046894091e-24, 3.56365034591e-24, 5.49719693956e-24, 1.16924395392e-23, 7.86275808035e-24, 1.31580705259e-23, 1.95036061163e-23, 1.25754738704e-23, 1.50868480609e-23, 1.54166802717e-23, 1.10398117569e-23, 4.92409895824e-24, 5.45850567874e-24, 9.74430809071e-24, 9.30539061621e-24, 5.9979970022e-24, 7.16789547401e-24, 3.28921175066e-24, 5.09609469584e-24, 1.16570449281e-23, 6.64252594404e-24, 8.94634767495e-24, 7.9146390955e-24, 1.01099624752e-23, 9.88345447692e-24, 1.02928291105e-23, 7.95207133431e-24, 9.60960535798e-24, 9.66624951528e-24, 7.94748095271e-24, 1.08479173974e-23, 1.07461472408e-23, 1.00863865782e-23, 1.12837062495e-23, 1.30175767653e-23, 1.0860033512e-23],
        "var": [6.24880194664e-05, 3.28106252709e-05, 7.73789997766e-06, 1.88162880477e-06, 3.48026844676e-07, 3.02011500253e-07, 1.68092668673e-07, 7.88311922406e-08, 2.04602827125e-07, 3.33242233808e-08, 2.68488200561e-08, 5.54809043152e-09, 9.92496040908e-09, 9.80463976674e-09, 3.7454928048e-09, 1.48603140904e-09, 1.07813213912e-09, 1.84960435856e-09, 2.40847852773e-09, 2.2714043979e-09, 1.64753433118e-09, 1.67522085093e-09, 1.13112508249e-09, 8.72346528347e-10, 3.90195542543e-10, 2.03140324007e-10, 1.45794709638e-10, 1.56600926671e-10, 1.23598284385e-10, 7.86753925897e-11, 5.42245554014e-11, 5.83976617063e-11, 6.69174091139e-11, 1.80376380499e-10, 2.599982174e-10, 2.48644910217e-10, 1.36898423153e-10, 5.32758837046e-11, 4.00692916347e-11, 5.03270584928e-11]
    },
    "mfcc": {
