{
"metadata": {
    "version": {
        "essentia": "2.0.1",
        "extractor": "archive-music 1.0"
    },
    "audio_properties": {
        "analysis_sample_rate": 44100,
        "bitrate": 128,
        "channels": 2,
        "equal_loudness": 0,
        "length": 15.1248979568,
        "replay_gain": -2.7576007843,
        "downmix": "mix"
    },
    "tags": {
        "track": 0,
        "year": 0,
        "album": "Nao Senlleira",
        "artist": "Diego Fernández",
        "comment": "",
        "genre": "Classical",
        "title": "Estudio 2"
    }
},
"highlevel": {
    "culture": {
        "all": {
            "non_western": 0.0146813821048,
            "western": 0.985318601131
        },
        "probability": 0.985318601131,
        "value": "western"
    },
    "danceability": {
        "all": {
            "danceable": 3.00000096379e-14,
            "not_danceable": 1
        },
        "probability": 1,
        "value": "not_danceable"
    },
    "gender": {
        "all": {
            "female": 0.832889199257,
            "male": 0.167110785842
        },
        "probability": 0.832889199257,
        "value": "female"
    },
    "genre_dortmund": {
        "all": {
            "alternative": 0.0880828276277,
            "blues": 0.0332451723516,
            "electronic": 0.0263624209911,
            "folkcountry": 0.429270267487,
            "funksoulrnb": 0.0153874428943,
            "jazz": 0.306619942188,
            "pop": 0.050004851073,
            "raphiphop": 0.00101263262331,
            "rock": 0.0500144436955
        },
        "probability": 0.429270267487,
        "value": "folkcountry"
    },
    "genre_electronic": {
        "all": {
            "ambient": 0.621225178242,
            "dnb": 0.00987472292036,
            "house": 0.345673769712,
            "techno": 0.0151380300522,
            "trance": 0.00808827765286
        },
        "probability": 0.621225178242,
        "value": "ambient"
    },
    "genre_rosamerica": {
        "all": {
            "cla": 0.881383121014,
            "dan": 0.00185071257874,
            "hip": 0.00194922485389,
            "jaz": 0.0218203198165,
            "pop": 0.00799186900258,
            "rhy": 0.0496249273419,
            "roc": 0.0196139197797,
            "spe": 0.0157659295946
        },
        "probability": 0.881383121014,
        "value": "cla"
    },
    "genre_tzanetakis": {
        "all": {
            "blu": 0.0377559028566,
            "cla": 0.580328822136,
            "cou": 0.116966769099,
            "dis": 0.0162443276495,
            "hip": 0.00371346971951,
            "jaz": 0.0649023205042,
            "met": 0.0024544748012,
            "pop": 0.00604160223156,
            "reg": 0.00840056594461,
            "roc": 0.163191720843
        },
        "probability": 0.580328822136,
        "value": "cla"
    },
    "mirex_ballroom": {
        "all": {
            "ChaChaCha": 0.000114886621304,
            "Jive": 1.53964429046e-05,
            "Quickstep": 0.000493427622132,
            "Rumba-American": 0.000356895034201,
            "Rumba-International": 0.000977558200248,
            "Rumba-Misc": 0.00268244557083,
            "Samba": 1.99210280698e-05,
            "Tango": 0.0195689536631,
            "VienneseWaltz": 0.262389630079,
            "Waltz": 0.713380873203
        },
        "probability": 0.713380873203,
        "value": "Waltz"
    },
    "mood_acoustic": {
        "all": {
            "acoustic": 0.977300345898,
            "not_acoustic": 0.022699655965
        },
        "probability": 0.977300345898,
        "value": "acoustic"
    },
    "mood_aggressive": {
        "all": {
            "aggressive": 5.82814552175e-09,
            "not_aggressive": 1
        },
        "probability": 1,
        "value": "not_aggressive"
    },
    "mood_electronic": {
        "all": {
            "electronic": 0.454619497061,
            "not_electronic": 0.545380473137
        },
        "probability": 0.545380473137,
        "value": "not_electronic"
    },
    "mood_happy": {
        "all": {
            "happy": 0.254094719887,
            "not_happy": 0.745905280113
        },
        "probability": 0.745905280113,
        "value": "not_happy"
    },
    "mood_party": {
        "all": {
            "not_party": 0.999967336655,
            "party": 3.26907502313e-05
        },
        "probability": 0.999967336655,
        "value": "not_party"
    },
    "mood_relaxed": {
        "all": {
            "not_relaxed": 0.0848220065236,
            "relaxed": 0.915178000927
        },
        "probability": 0.915178000927,
        "value": "relaxed"
    },
    "mood_sad": {
        "all": {
            "not_sad": 0.369163602591,
            "sad": 0.630836427212
        },
        "probability": 0.630836427212,
        "value": "sad"
    },
    "moods_mirex": {
        "all": {
            "Cluster1": 0.0850263461471,
            "Cluster2": 0.188522949815,
            "Cluster3": 0.599474310875,
            "Cluster4": 0.0810947269201,
            "Cluster5": 0.045881640166
        },
        "probability": 0.599474310875,
        "value": "Cluster3"
    },
    "timbre": {
        "all": {
            "bright": 0.999999582767,
            "dark": 4.21637309955e-07
        },
        "probability": 0.999999582767,
        "value": "bright"
    },
    "tonal_atonal": {
        "all": {
            "atonal": 0.0103953285143,
            "tonal": 0.989604651928
        },
        "probability": 0.989604651928,
        "value": "tonal"
    },
    "voice_instrumental": {
        "all": {
            "instrumental": 0.999999880791,
            "voice": 1.22843601957e-07
        },
        "probability": 0.999999880791,
        "value": "instrumental"
    }
},
"lowlevel": {
    "average_loudness": 0.941687405109,
    "barkbands_kurtosis": {
        "dmean": 1.26155555248,
        "dmean2": 1.82027578354,
        "dvar": 2.19171500206,
        "dvar2": 4.42795562744,
        "max": 19.403181076,
        "mean": 4.48025465012,
        "median": 3.56913805008,
        "min": -0.743187665939,
        "var": 12.8192777634
    },
    "barkbands_skewness": {
        "dmean": 0.292091786861,
        "dmean2": 0.429629504681,
        "dvar": 0.128594994545,
        "dvar2": 0.243453085423,
        "max": 3.59594416618,
        "mean": 1.42300319672,
        "median": 1.51586616039,
        "min": -2.06096887589,
        "var": 0.752757608891
    },
    "barkbands_spread": {
        "dmean": 1.13663268089,
        "dmean2": 1.7537624836,
        "dvar": 6.29143285751,
        "dvar2": 15.2853479385,
        "max": 52.4364929199,
        "mean": 7.13863134384,
        "median": 6.84635543823,
        "min": 1.61561441422,
        "var": 14.7632474899
    },
    "dissonance": {
        "dmean": 0.0260670017451,
        "dmean2": 0.0432553626597,
        "dvar": 0.000605169741903,
        "dvar2": 0.0017108914908,
        "max": 0.499310255051,
        "mean": 0.407288819551,
        "median": 0.411480158567,
        "min": 0.259170562029,
        "var": 0.00144560879562
    },
    "dynamic_complexity": 3.57639813423,
    "erbbands_kurtosis": {
        "dmean": 0.780380785465,
        "dmean2": 1.17901945114,
        "dvar": 2.4853618145,
        "dvar2": 6.00804185867,
        "max": 30.3207473755,
        "mean": 1.16155338287,
        "median": 0.482137203217,
        "min": -1.33897805214,
        "var": 6.62672185898
    },
    "erbbands_skewness": {
        "dmean": 0.216732874513,
        "dmean2": 0.316882550716,
        "dvar": 0.051015086472,
        "dvar2": 0.101240895689,
        "max": 3.12353229523,
        "mean": 0.833829879761,
        "median": 0.802256703377,
        "min": -1.17047178745,
        "var": 0.395775735378
    },
    "erbbands_spread": {
        "dmean": 2.44864869118,
        "dmean2": 3.75728034973,
        "dvar": 7.48989963531,
        "dvar2": 15.430232048,
        "max": 43.3593177795,
        "mean": 18.3897628784,
        "median": 18.3965587616,
        "min": 1.65936338902,
        "var": 48.3596954346
    },
    "hfc": {
        "dmean": 4.44726419449,
        "dmean2": 5.43963193893,
        "dvar": 193.936477661,
        "dvar2": 313.083679199,
        "max": 232.826065063,
        "mean": 15.1287870407,
        "median": 9.52864837646,
        "min": 1.19615306129e-16,
        "var": 556.362487793
    },
    "melbands_kurtosis": {
        "dmean": 1.76308941841,
        "dmean2": 2.54298067093,
        "dvar": 3.97355270386,
        "dvar2": 7.63547801971,
        "max": 28.6969051361,
        "mean": 6.65140390396,
        "median": 6.00971698761,
        "min": -1.35855042934,
        "var": 24.4007339478
    },
    "melbands_skewness": {
        "dmean": 0.30746075511,
        "dmean2": 0.460756450891,
        "dvar": 0.118940599263,
        "dvar2": 0.230063140392,
        "max": 4.5141043663,
        "mean": 1.72791194916,
        "median": 1.77314198017,
        "min": -1.89806294441,
        "var": 0.752796053886
    },
    "melbands_spread": {
        "dmean": 1.66635894775,
        "dmean2": 2.57051920891,
        "dvar": 44.0602912903,
        "dvar2": 78.5593109131,
        "max": 148.470031738,
        "mean": 10.1385717392,
        "median": 8.44417190552,
        "min": 2.78959560394,
        "var": 162.861175537
    },
    "pitch_salience": {
        "dmean": 0.0416473858058,
        "dmean2": 0.0643557533622,
        "dvar": 0.00219612428918,
        "dvar2": 0.00482168467715,
        "max": 0.84943574667,
        "mean": 0.590200901031,
        "median": 0.593825101852,
        "min": 0.233502015471,
        "var": 0.00839038752019
    },
    "silence_rate_20dB": {
        "dmean": 0,
        "dmean2": 0,
        "dvar": 0,
        "dvar2": 0,
        "max": 1,
        "mean": 1,
        "median": 1,
        "min": 1,
        "var": 0
    },
    "silence_rate_30dB": {
        "dmean": 0.0184049084783,
        "dmean2": 0.0368663594127,
        "dvar": 0.0180660784245,
        "dvar2": 0.0416517965496,
        "max": 1,
        "mean": 0.972434937954,
        "median": 1,
        "min": 0,
        "var": 0.0268052443862
    },
    "silence_rate_60dB": {
        "dmean": 0.00306748459116,
        "dmean2": 0.00614439323545,
        "dvar": 0.00305808288977,
        "dvar2": 0.00610667094588,
        "max": 1,
        "mean": 0.0643185302615,
        "median": 0,
        "min": 0,
        "var": 0.0601818077266
    },
    "spectral_centroid": {
        "dmean": 86.4265670776,
        "dmean2": 122.410453796,
        "dvar": 290390.3125,
        "dvar2": 420084.25,
        "max": 11453.1474609,
        "mean": 579.49206543,
        "median": 508.100311279,
        "min": 313.516662598,
        "var": 419042.09375
    },
    "spectral_complexity": {
        "dmean": 1.6134968996,
        "dmean2": 2.51305675507,
        "dvar": 2.49478960037,
        "dvar2": 5.05779361725,
        "max": 24,
        "mean": 13.143951416,
        "median": 14,
        "min": 0,
        "var": 20.9930496216
    },
    "spectral_crest": {
        "dmean": 1.30863273144,
        "dmean2": 2.02060484886,
        "dvar": 2.47600674629,
        "dvar2": 5.61665534973,
        "max": 23.9643192291,
        "mean": 10.6040649414,
        "median": 10.1221446991,
        "min": 4.70485782623,
        "var": 11.209649086
    },
    "spectral_decrease": {
        "dmean": 1.79188097693e-09,
        "dmean2": 2.28088192777e-09,
        "dvar": 1.79295037366e-17,
        "dvar2": 2.88145223097e-17,
        "max": 1.45571547254e-28,
        "mean": -7.87316167816e-09,
        "median": -6.30080920772e-09,
        "min": -7.74446604623e-08,
        "var": 5.72529553733e-17
    },
    "spectral_energy": {
        "dmean": 0.00714725162834,
        "dmean2": 0.00906398985535,
        "dvar": 0.000296220707241,
        "dvar2": 0.000475387525512,
        "max": 0.31341201067,
        "mean": 0.0310873519629,
        "median": 0.0245184767991,
        "min": 1.03000416784e-20,
        "var": 0.000937608710956
    },
    "spectral_energyband_high": {
        "dmean": 8.93435117177e-06,
        "dmean2": 1.4272093722e-05,
        "dvar": 1.5003450704e-09,
        "dvar2": 3.69950980961e-09,
        "max": 0.000516315747518,
        "mean": 1.1838980754e-05,
        "median": 3.17317289955e-06,
        "min": 7.30268002739e-21,
        "var": 1.36150990482e-09
    },
    "spectral_energyband_low": {
        "dmean": 0.00214296439663,
        "dmean2": 0.00352074205875,
        "dvar": 1.10137361844e-05,
        "dvar2": 2.83881690848e-05,
        "max": 0.0392370708287,
        "mean": 0.00527985719964,
        "median": 0.00335690844804,
        "min": 5.37199887633e-23,
        "var": 3.76220632461e-05
    },
    "spectral_energyband_middle_high": {
        "dmean": 0.00346331065521,
        "dmean2": 0.00423622922972,
        "dvar": 0.000207748744288,
        "dvar2": 0.000342797196936,
        "max": 0.233912989497,
        "mean": 0.00761292269453,
        "median": 0.0018951818347,
        "min": 1.3431694567e-21,
        "var": 0.000551896577235
    },
    "spectral_energyband_middle_low": {
        "dmean": 0.00327370897867,
        "dmean2": 0.004268060904,
        "dvar": 2.41582129092e-05,
        "dvar2": 4.12812805735e-05,
        "max": 0.0877646505833,
        "mean": 0.0191653370857,
        "median": 0.018360234797,
        "min": 2.094792997e-22,
        "var": 0.000126716200612
    },
    "spectral_flatness_db": {
        "dmean": 0.015332268551,
        "dmean2": 0.0245382338762,
        "dvar": 0.000285819463897,
        "dvar2": 0.000584735127632,
        "max": 0.40741327405,
        "mean": 0.300936281681,
        "median": 0.304714888334,
        "min": 0.0547217875719,
        "var": 0.00171131652314
    },
    "spectral_flux": {
        "dmean": 0.0192665867507,
        "dmean2": 0.0303764492273,
        "dvar": 0.00131316541228,
        "dvar2": 0.00317956111394,
        "max": 0.419207930565,
        "mean": 0.0459059625864,
        "median": 0.0350867956877,
        "min": 6.97804036776e-11,
        "var": 0.00169973715674
    },
    "spectral_kurtosis": {
        "dmean": 16.0970458984,
        "dmean2": 27.3898239136,
        "dvar": 196.301605225,
        "dvar2": 582.069580078,
        "max": 126.277389526,
        "mean": 30.0486545563,
        "median": 25.951379776,
        "min": -1.19117712975,
        "var": 467.864471436
    },
    "spectral_rms": {
        "dmean": 0.000524045259226,
        "dmean2": 0.000678166456055,
        "dvar": 8.09679647773e-07,
        "dvar2": 1.28858334847e-06,
        "max": 0.017486218363,
        "mean": 0.00504278065637,
        "median": 0.00489085540175,
        "min": 3.16998749299e-12,
        "var": 4.8995002544e-06
    },
    "spectral_rolloff": {
        "dmean": 124.476371765,
        "dmean2": 223.071716309,
        "dvar": 970613.625,
        "dvar2": 1835948,
        "max": 19401.4160156,
        "mean": 769.687927246,
        "median": 516.796875,
        "min": 301.46484375,
        "var": 3016232.5
    },
    "spectral_skewness": {
        "dmean": 1.03024506569,
        "dmean2": 1.74167013168,
        "dvar": 0.714407265186,
        "dvar2": 2.16096925735,
        "max": 9.37483692169,
        "mean": 3.2805082798,
        "median": 3.0410964489,
        "min": -0.0461168587208,
        "var": 1.88944518566
    },
    "spectral_spread": {
        "dmean": 324373.3125,
        "dmean2": 500313.5625,
        "dvar": 3.36094009754e+12,
        "dvar2": 5.0255930327e+12,
        "max": 46602820,
        "mean": 1579304.75,
        "median": 1339160.125,
        "min": 617022.1875,
        "var": 8.1401783255e+12
    },
    "spectral_strongpeak": {
        "dmean": 0.39883300662,
        "dmean2": 0.601663172245,
        "dvar": 0.643884122372,
        "dvar2": 1.17150437832,
        "max": 11.9680900574,
        "mean": 1.37653696537,
        "median": 1.01491594315,
        "min": 0,
        "var": 2.41427588463
    },
    "zerocrossingrate": {
        "dmean": 0.0039077475667,
        "dmean2": 0.00550610246137,
        "dvar": 0.000504032534081,
        "dvar2": 0.000842719862703,
        "max": 0.51708984375,
        "mean": 0.0287360623479,
        "median": 0.0234375,
        "min": 0.0078125,
        "var": 0.00203996244818
    },
    "barkbands": {
        "dmean": [4.54741857538e-05, 0.00105436902959, 0.00124918762594, 0.000516874308232, 0.00133458094206, 0.00108956254553, 0.00104989588726, 0.000490246107802, 0.000116167946544, 0.00304950098507, 0.000251240766374, 7.44058052078e-05, 0.000132091066916, 0.000176273155375, 0.000170825311216, 3.72334252461e-05, 6.41226142761e-05, 2.96039470413e-05, 2.97208280244e-05, 1.12902780529e-05, 2.01928219212e-06, 2.68758185484e-07, 1.37584592608e-07, 3.45994033424e-09, 1.90481808104e-09, 8.89130824522e-10, 8.50085557502e-10],
        "dmean2": [7.47707672417e-05, 0.00180217018351, 0.00206160405651, 0.000804540584795, 0.00186150451191, 0.00155490229372, 0.00149476074148, 0.000806584313978, 0.000154078530613, 0.00363231846131, 0.00040627954877, 0.000111630492029, 0.000178929753019, 0.000239045300987, 0.000258900807239, 5.5419113778e-05, 9.09572045202e-05, 4.39918439952e-05, 4.94509040436e-05, 1.87850873772e-05, 3.14000817525e-06, 3.98505932253e-07, 1.95475294618e-07, 5.85943160658e-09, 3.23483551057e-09, 1.59190527427e-09, 1.55505730515e-09],
        "dvar": [4.3744772249e-09, 4.32270508099e-06, 3.29441218128e-06, 5.73963291117e-07, 3.81689778806e-06, 3.44190084434e-06, 4.74549460705e-06, 9.71430267782e-07, 1.73800415837e-07, 0.000194459440536, 9.3202311291e-07, 2.64634412162e-08, 8.71165468652e-08, 3.34757288556e-07, 1.27842810116e-07, 3.79594666811e-09, 4.11433376257e-08, 2.46691445049e-09, 5.41180789071e-09, 3.49300477431e-09, 6.03605637695e-11, 1.09895122516e-12, 4.79038900561e-13, 1.22867912646e-16, 5.62205280897e-17, 1.96075843657e-18, 1.61274390733e-18],
        "dvar2": [1.03290114239e-08, 1.1660873497e-05, 8.77448292158e-06, 1.19730077586e-06, 6.5373178586e-06, 6.15454382569e-06, 9.99716212391e-06, 2.49963045462e-06, 2.48070904263e-07, 0.000324803346302, 2.21708864956e-06, 5.45390541618e-08, 1.63887335702e-07, 5.33947286385e-07, 2.77877973076e-07, 8.01408273077e-09, 8.74683792063e-08, 5.77683412217e-09, 1.40600926457e-08, 8.9343705767e-09, 1.44448092376e-10, 2.04569651149e-12, 9.73931330549e-13, 3.29380672941e-16, 1.46277573968e-16, 5.87128580169e-18, 5.07588464109e-18],
        "max": [0.000858239305671, 0.0249707959592, 0.0262258090079, 0.0104009378701, 0.0282322298735, 0.0202165078372, 0.025208491832, 0.0106536680833, 0.0116347055882, 0.223455190659, 0.0114636225626, 0.00236257724464, 0.00507821561769, 0.0088806040585, 0.00577129609883, 0.000751657178625, 0.0033647257369, 0.00059057760518, 0.000815975945443, 0.000763536023442, 0.000109431195597, 1.69184186234e-05, 1.15963703138e-05, 1.28050430703e-07, 1.27076475565e-07, 1.61870374882e-08, 8.31577029459e-09],
        "mean": [5.72648314119e-05, 0.00200476497412, 0.00266992999241, 0.00156980508473, 0.00601910986006, 0.00505958916619, 0.00416597072035, 0.00108007306699, 0.000379513483495, 0.00619815709069, 0.000296629325021, 0.000233915096032, 0.000308672169922, 0.000382372876629, 0.000343184365192, 7.58161841077e-05, 0.000110454115202, 6.94509508321e-05, 4.62640091428e-05, 1.27121011246e-05, 3.10103541779e-06, 4.51519269973e-07, 1.53211459519e-07, 4.49457049356e-09, 2.60972643495e-09, 8.89536500015e-10, 7.95166932299e-10],
        "median": [3.25491855619e-05, 0.000547153118532, 0.00157172512263, 0.000916647724807, 0.0048954738304, 0.00374916661531, 0.00241369800642, 0.000644374871626, 0.00019890612748, 0.000648585148156, 8.46617112984e-05, 0.000116008683108, 0.000117942523502, 0.000110520675662, 0.000193021071027, 3.9706897951e-05, 5.01279064338e-05, 4.13214511354e-05, 1.7380760255e-05, 2.60744241132e-06, 7.61372575653e-07, 6.94962878356e-08, 1.31064359365e-08, 1.98746819002e-09, 1.3366415752e-09, 4.80618544962e-10, 3.83759524158e-10],
        "min": [8.81405333456e-24, 3.45751076772e-23, 1.11140206911e-23, 2.28428815438e-24, 1.58941257129e-23, 1.76655759844e-23, 4.26691518864e-23, 3.45278391318e-23, 2.84818198276e-23, 4.26134046639e-23, 4.16512436396e-23, 5.43399577041e-23, 9.04638423075e-23, 5.43142534604e-23, 4.25585851419e-23, 8.0404742428e-23, 1.39120909159e-22, 1.26204542459e-22, 2.09738576191e-22, 2.44843542806e-22, 4.21729987667e-22, 2.79549913782e-22, 5.08773985421e-22, 7.24162446525e-22, 1.29337766708e-21, 1.55921485593e-21, 2.38251220285e-21],
        "var": [6.6096390583e-09, 1.32358227347e-05, 1.1124689081e-05, 3.26523877447e-06, 2.58833460975e-05, 1.80606693903e-05, 2.04023999686e-05, 1.67244672866e-06, 8.11370739484e-07, 0.000509531178977, 9.55948621595e-07, 1.03781943039e-07, 2.84878979073e-07, 1.07376399683e-06, 2.5848598284e-07, 1.03105621818e-08, 5.58994841526e-08, 7.43230588185e-09, 7.23702742178e-09, 2.70024580473e-09, 7.27546009549e-11, 1.83092863787e-12, 5.99333028952e-13, 1.04469834254e-16, 5.05817569679e-17, 1.76578948465e-18, 1.32565019623e-18]
    },
    "erbbands": {
        "dmean": [0.0112116346136, 0.303165882826, 1.31797635555, 1.28922224045, 2.77342128754, 5.39968347549, 6.48858833313, 10.5664825439, 11.5891494751, 21.764005661, 4.25824928284, 3.52563548088, 29.9538593292, 105.93888855, 11.4626646042, 3.43876385689, 6.25552034378, 9.72747707367, 7.82005882263, 7.06256866455, 2.46684765816, 2.60296583176, 1.66146123409, 1.88833940029, 0.972403943539, 0.777979969978, 0.148946270347, 0.0370318889618, 0.0126067921519, 0.00577280949801, 0.00243749376386, 0.000842931156512, 6.70283625368e-05, 3.00203173538e-05, 1.27992716443e-05, 6.34836305835e-06, 3.09311303681e-06, 9.0794173957e-07, 3.54786789103e-06, 8.16149440652e-06],
        "dmean2": [0.0190789382905, 0.517640471458, 2.18105792999, 2.08313274384, 4.09037351608, 7.58551692963, 9.22701931, 14.7548666, 14.7242879868, 34.7641716003, 6.72324371338, 4.27924871445, 35.4991760254, 126.289840698, 16.1621570587, 4.90773677826, 8.46388435364, 13.4536094666, 10.7495288849, 11.3742513657, 3.47824907303, 3.80440616608, 2.56885147095, 2.95507097244, 1.58817338943, 1.29515051842, 0.233172953129, 0.0548452101648, 0.0181719996035, 0.00805398263037, 0.00351212127134, 0.00127962767147, 0.000104706668935, 4.81002862216e-05, 1.99101923499e-05, 9.77650688583e-06, 4.37548533228e-06, 1.35116215461e-06, 4.46275271315e-06, 1.03167440102e-05],
        "dvar": [0.000404695922043, 0.354644060135, 4.50771522522, 3.26567173004, 15.6353034973, 70.716758728, 172.684509277, 326.501220703, 499.872039795, 3246.22973633, 68.6985855103, 150.272964478, 12932.9189453, 268205.25, 1416.67749023, 49.7308998108, 214.799072266, 874.06439209, 407.707977295, 132.16116333, 34.1375312805, 48.4983024597, 11.0640010834, 24.1303024292, 5.15908050537, 16.5372180939, 0.331946641207, 0.0170912630856, 0.00207370449789, 0.000599055259954, 0.000176571367774, 2.74494213954e-05, 5.7377388174e-08, 1.54609001157e-08, 1.3168832691e-09, 2.07127953677e-10, 3.9143768088e-11, 3.64743305004e-12, 7.77861039469e-11, 4.017891575e-10],
        "dvar2": [0.00110925443005, 0.947959244251, 11.4036865234, 7.57948875427, 29.9047775269, 122.537994385, 290.482757568, 558.499816895, 762.191711426, 7973.60595703, 160.078216553, 212.754730225, 19262.2949219, 448188.46875, 2924.41503906, 85.2756118774, 398.806396484, 1401.45617676, 832.33416748, 353.615081787, 67.2538757324, 104.243942261, 26.6748657227, 62.3440513611, 13.3668394089, 42.2372245789, 0.828660368919, 0.0386917255819, 0.00372633477673, 0.00123127026018, 0.000378874188755, 6.30632275715e-05, 1.35946322644e-07, 3.90504730774e-08, 2.91512858297e-09, 3.92696264395e-10, 6.36816294142e-11, 6.23508362996e-12, 1.24079843622e-10, 6.43457009897e-10],
        "max": [0.214466527104, 6.99862670898, 26.8537445068, 24.5698165894, 76.2880783081, 134.110824585, 281.135375977, 257.313690186, 369.564880371, 745.144287109, 100.264038086, 321.974273682, 2159.62524414, 8503.59570312, 431.815032959, 116.102828979, 265.86605835, 457.833648682, 321.766845703, 104.471687317, 91.2457046509, 109.747207642, 49.6671257019, 57.689414978, 31.1995677948, 52.648727417, 6.81104755402, 1.74729323387, 0.775226593018, 0.400964140892, 0.220152258873, 0.082301184535, 0.00328157981858, 0.00207360927016, 0.000610796385445, 0.000234913066379, 0.000111767833005, 3.15428842441e-05, 0.000159318966325, 0.000363166764146],
        "mean": [0.0189436264336, 0.596375107765, 2.86201691628, 4.08791923523, 9.37370491028, 22.7681541443, 30.5962677002, 48.7256546021, 53.2716064453, 62.5552787781, 14.4205980301, 11.6237401962, 66.1997146606, 203.886886597, 19.5275669098, 10.8841333389, 15.7493686676, 21.8317508698, 16.7411518097, 12.835855484, 5.13297748566, 4.84412622452, 3.86279416084, 3.28842496872, 1.69451582432, 0.933394730091, 0.209653005004, 0.0603896081448, 0.0220717359334, 0.00838501192629, 0.00271371426061, 0.000862551038153, 0.000107272375317, 5.99184422754e-05, 3.32238560077e-05, 2.05656942853e-05, 1.11720291898e-05, 2.54977067016e-06, 1.50886880874e-05, 3.50876289303e-05],
        "median": [0.0082604829222, 0.175635740161, 1.46348202229, 3.02623271942, 6.26113796234, 16.9338855743, 19.232881546, 32.1558952332, 30.4174346924, 28.9834594727, 9.98816680908, 6.04710912704, 12.0178194046, 15.2541036606, 5.55348873138, 5.35928869247, 6.42214584351, 8.30512046814, 6.42971611023, 7.29730987549, 2.55650091171, 2.44820427895, 2.32063770294, 1.38673567772, 0.637144446373, 0.230915784836, 0.0583350211382, 0.0166588947177, 0.00387290515937, 0.00124800007325, 0.00029324539355, 8.947581955e-05, 4.98876906931e-05, 3.61690545105e-05, 2.37315671257e-05, 1.55333509611e-05, 8.66460231919e-06, 1.68661824773e-06, 1.16287401397e-05, 2.73342229775e-05],
        "min": [3.67075003093e-22, 7.71468140372e-21, 9.32046919386e-21, 1.70613352261e-20, 4.49947640696e-20, 7.00481293505e-20, 7.43535075036e-20, 2.4128095911e-19, 5.39346368008e-19, 7.16887555e-19, 7.57940683897e-19, 7.27167497159e-19, 1.32999568618e-18, 1.55644888997e-18, 2.77139130097e-18, 1.97446068342e-18, 3.49812819892e-18, 3.69729467886e-18, 3.30016526678e-18, 2.66259637091e-18, 5.88964342102e-18, 7.28061793138e-18, 6.93276449557e-18, 1.19856328361e-17, 1.05870639806e-17, 1.14875832534e-17, 1.69799483698e-17, 1.34891121816e-17, 9.76599540554e-18, 1.10154120161e-17, 1.46147246699e-17, 1.51569200547e-17, 1.0329874503e-17, 1.43767994016e-17, 8.15554919916e-18, 5.52518722954e-18, 3.03432534113e-18, 1.28598719605e-18, 3.57146861697e-19, 3.22329892674e-20],
        "var": [0.000865665613674, 1.09018957615, 14.993637085, 15.6892137527, 83.2687759399, 451.324188232, 1367.30688477, 2077.8684082, 3710.64208984, 7626.95703125, 195.428253174, 694.479309082, 41664.4609375, 698090.6875, 2537.83105469, 240.674285889, 723.453125, 2794.36206055, 901.384887695, 231.63961792, 64.6481170654, 69.720123291, 22.6022663116, 34.2505264282, 8.73467540741, 12.8823709488, 0.334987819195, 0.0243974663317, 0.00371061498299, 0.000846217444632, 0.000203053510631, 2.78791321762e-05, 6.61996395479e-08, 1.63001487863e-08, 2.09748218793e-09, 5.38622757507e-10, 1.34183525402e-10, 1.14596604775e-11, 2.44321812781e-10, 1.26115284882e-09]
    },
    "gfcc": {
        "mean": [-141.855239868, 240.655944824, -149.31137085, -5.64841747284, -13.9760122299, -47.4782485962, -17.201997757, -18.5863170624, -14.5278959274, -9.13196563721, -1.79495549202, -10.8420724869, 0.559456110001],
        "cov": [[15060.8554688, 2451.34326172, -2389.72363281, 276.702545166, -55.9368057251, -597.064758301, 328.594421387, -529.991760254, -49.4582099915, -350.746063232, -62.6268081665, -110.366142273, -41.1967811584], [2451.34326172, 966.817871094, -168.608322144, -127.308128357, 127.488761902, -195.259552002, -28.6679420471, 2.15330529213, -31.3697853088, -25.6944561005, 17.8153896332, -66.9533920288, 22.1018924713], [-2389.72363281, -168.608322144, 600.151855469, -115.099189758, 86.3451309204, 102.374389648, -69.059135437, 151.076889038, 1.76061820984, 65.381111145, 36.8949356079, 7.76410865784, 38.9083366394], [276.702545166, -127.308128357, -115.099189758, 223.914810181, -4.23127746582, -12.9787855148, 23.1290283203, -26.1033153534, 51.504535675, 9.54650402069, 6.02344655991, -18.3704452515, -65.6960449219], [-55.9368057251, 127.488761902, 86.3451309204, -4.23127746582, 133.116867065, -22.9334564209, -16.8398208618, 49.5675697327, 12.1266946793, 28.5572662354, 14.0555353165, -29.2745075226, -19.5594596863], [-597.064758301, -195.259552002, 102.374389648, -12.9787855148, -22.9334564209, 155.477813721, 54.5244026184, 14.6064004898, 5.27510595322, -10.8930225372, -25.410982132, 25.8786373138, 25.2557010651], [328.594421387, -28.6679420471, -69.059135437, 23.1290283203, -16.8398208618, 54.5244026184, 126.609558105, 22.2144641876, 4.11801958084, -21.8639068604, -9.3263502121, 14.4094285965, 8.27352905273], [-529.991760254, 2.15330529213, 151.076889038, -26.1033153534, 49.5675697327, 14.6064004898, 22.2144641876, 147.759277344, 34.5777587891, 24.7004642487, 40.6597442627, -5.51228284836, -3.20021820068], [-49.4582099915, -31.3697853088, 1.76061820984, 51.504535675, 12.1266946793, 5.27510595322, 4.11801958084, 34.5777587891, 67.1086807251, 20.0577030182, 15.7865552902, 2.52563381195, -19.7799053192], [-350.746063232, -25.6944561005, 65.381111145, 9.54650402069, 28.5572662354, -10.8930225372, -21.8639068604, 24.7004642487, 20.0577030182, 60.0824508667, 28.9361286163, -5.81953430176, -19.7200202942], [-62.6268081665, 17.8153896332, 36.8949356079, 6.02344655991, 14.0555353165, -25.410982132, -9.3263502121, 40.6597442627, 15.7865552902, 28.9361286163, 59.9452934265, 3.16241908073, -18.5625305176], [-110.366142273, -66.9533920288, 7.76410865784, -18.3704452515, -29.2745075226, 25.8786373138, 14.4094285965, -5.51228284836, 2.52563381195, -5.81953430176, 3.16241908073, 45.6912307739, 23.3416633606], [-41.1967811584, 22.1018924713, 38.9083366394, -65.6960449219, -19.5594596863, 25.2557010651, 8.27352905273, -3.20021820068, -19.7799053192, -19.7200202942, -18.5625305176, 23.3416633606, 74.0650253296]],
        "icov": [[0.000706043152604, -0.00155248027295, 0.00213824003004, -0.000769262609538, -0.000335106509738, -0.000654410687275, -0.000591966498177, 0.000750671257265, -0.000145518701174, 0.00136930367444, -0.00169884774368, -0.000109419961518, -0.000781973300036], [-0.00155248027295, 0.00597577961162, -0.00400457857177, 0.00383324665017, -0.00182466977276, 0.00387383485213, 0.000278899329714, -0.00057906092843, -0.00121632858645, -0.0010134393815, 0.00169764633756, 0.00370026309974, -0.000337281409884], [0.00213824003004, -0.00400457857177, 0.0118721667677, -0.00198986707255, -0.00338504533283, -0.00622782343999, 0.00316623901017, -0.00282442639582, 0.0028444675263, 0.00116623635404, -0.00600410765037, -0.000462421245174, -0.00515233585611], [-0.000769262609538, 0.00383324665017, -0.00198986707255, 0.0112234195694, -0.00110596988816, 0.00317652104422, -0.00303889485076, 0.0039490563795, -0.00824716687202, 0.00102402945049, -0.000572621647734, 0.00577692780644, 0.00466967513785], [-0.000335106509738, -0.00182466977276, -0.00338504533283, -0.00110596988816, 0.0140844024718, 0.000342986051692, 2.25360472541e-05, -0.00303350947797, 0.000308482296532, -0.00519779277965, 0.00480105681345, 0.00212203944102, 0.00385725381784], [-0.000654410687275, 0.00387383485213, -0.00622782343999, 0.00317652104422, 0.000342986051692, 0.0170636978, -0.00839727371931, 0.00328555004671, -0.00528441229835, 0.00162727397401, 0.0060695791617, -0.000151349595399, 0.000512079161126], [-0.000591966498177, 0.000278899329714, 0.00316623901017, -0.00303889485076, 2.25360472541e-05, -0.00839727371931, 0.0174721647054, -0.00987691152841, 0.00644577573985, -0.00154652842321, 0.00260268524289, -0.00507888989523, -0.000717899587471], [0.000750671257265, -0.00057906092843, -0.00282442639582, 0.0039490563795, -0.00303350947797, 0.00328555004671, -0.00987691152841, 0.0204997956753, -0.0122293615714, 0.00674052350223, -0.0118777481839, 0.00782039854676, -0.00126823375467], [-0.000145518701174, -0.00121632858645, 0.0028444675263, -0.00824716687202, 0.000308482296532, -0.00528441229835, 0.00644577573985, -0.0122293615714, 0.0294153820723, -0.00902489479631, 0.00396965211257, -0.0102056842297, 0.00177147961222], [0.00136930367444, -0.0010134393815, 0.00116623635404, 0.00102402945049, -0.00519779277965, 0.00162727397401, -0.00154652842321, 0.00674052350223, -0.00902489479631, 0.0335699804127, -0.0157095175236, 0.00438193092123, 0.00110591715202], [-0.00169884774368, 0.00169764633756, -0.00600410765037, -0.000572621647734, 0.00480105681345, 0.0060695791617, 0.00260268524289, -0.0118777481839, 0.00396965211257, -0.0157095175236, 0.0385532490909, -0.013660072349, 0.0104337288067], [-0.000109419961518, 0.00370026309974, -0.000462421245174, 0.00577692780644, 0.00212203944102, -0.000151349595399, -0.00507888989523, 0.00782039854676, -0.0102056842297, 0.00438193092123, -0.013660072349, 0.041867390275, -0.012457665056], [-0.000781973300036, -0.000337281409884, -0.00515233585611, 0.00466967513785, 0.00385725381784, 0.000512079161126, -0.000717899587471, -0.00126823375467, 0.00177147961222, 0.00110591715202, 0.0104337288067, -0.012457665056, 0.0281939953566]]
    },
    "melbands": {
        "dmean": [0.000192552775843, 0.000586969195865, 0.00025105298846, 0.000271678873105, 0.000241882851697, 0.00022824894404, 0.000183969183126, 0.000215385880438, 2.53576690739e-05, 2.0716292056e-05, 0.000159362782142, 0.000466080819024, 3.83948645322e-05, 8.65066976985e-06, 1.07621672214e-05, 1.26918394017e-05, 2.04377720365e-05, 1.22036981338e-05, 9.5408058769e-06, 6.22068500888e-06, 3.39288681062e-06, 3.14715612149e-06, 2.49093159255e-06, 1.28606689032e-06, 1.7583367935e-06, 6.05620925853e-07, 5.15884494234e-07, 5.16098509706e-07, 8.71973711014e-08, 4.1252178562e-08, 1.34354243286e-08, 7.22974791145e-09, 3.99064425949e-09, 3.48773254721e-09, 8.91232365685e-10, 1.97972926941e-09, 5.30707318369e-11, 3.82673719102e-11, 2.36355119504e-11, 2.26364985784e-11],
        "dmean2": [0.00032995006768, 0.000978252734058, 0.000383039849112, 0.00039115754771, 0.000334754120559, 0.000316527497489, 0.000238097374677, 0.000346177606843, 3.88122607546e-05, 2.4897253752e-05, 0.000192149425857, 0.000558249710593, 5.8500590967e-05, 1.34186748255e-05, 1.45966214404e-05, 1.71817846422e-05, 2.83089739241e-05, 1.66300123965e-05, 1.47188175106e-05, 9.98401264951e-06, 4.6139771257e-06, 4.46704598289e-06, 3.9936307985e-06, 1.77422782599e-06, 2.80039967038e-06, 9.67659957496e-07, 8.78656862824e-07, 8.55577695802e-07, 1.40453281006e-07, 6.30229664011e-08, 2.08955270864e-08, 1.06913073949e-08, 5.68125191336e-09, 5.09367481527e-09, 1.27086929869e-09, 2.99728908359e-09, 9.09091621426e-11, 6.54931664457e-11, 4.02183807091e-11, 3.82257489551e-11],
        "dvar": [1.42341193055e-07, 9.652345625e-07, 1.11377779888e-07, 1.71484884959e-07, 1.77240849553e-07, 1.49941399741e-07, 1.16042777165e-07, 3.00017404697e-07, 2.6847764012e-09, 5.20297138706e-09, 3.71407026023e-07, 5.25867380929e-06, 1.95889295895e-08, 4.13198503191e-10, 6.37192909547e-10, 6.78122169528e-10, 4.56826221296e-09, 8.97974250513e-10, 3.22081472603e-10, 1.12037323863e-10, 1.04802777567e-10, 1.11886416798e-10, 4.91253010493e-11, 5.33295933455e-12, 2.51401729295e-11, 2.08622789183e-12, 2.3564464182e-12, 7.55678419145e-12, 1.19183796946e-13, 2.24588820848e-14, 2.31527731693e-15, 6.37234903499e-16, 2.98950590794e-16, 2.33146586355e-16, 1.93165780903e-17, 1.68684149756e-16, 3.34277805764e-20, 1.57508210262e-20, 9.27403802742e-21, 9.83028225424e-21],
        "dvar2": [3.88540655649e-07, 2.46159902417e-06, 2.45269006882e-07, 3.16721127547e-07, 2.8074194347e-07, 2.55600809851e-07, 1.86290264992e-07, 7.42609529425e-07, 5.18042853059e-09, 7.00421409761e-09, 5.79009167723e-07, 8.78546961758e-06, 4.53813413515e-08, 9.12519171337e-10, 1.2243048797e-09, 1.33880218023e-09, 7.28900229063e-09, 1.80175907527e-09, 7.39055927568e-10, 3.01697111738e-10, 2.14385495467e-10, 2.39083586262e-10, 1.17164181135e-10, 9.63851307795e-12, 6.58361004602e-11, 5.11754093963e-12, 6.10869731535e-12, 1.93162551926e-11, 3.12236293678e-13, 4.90309595496e-14, 5.64229398473e-15, 1.1913585107e-15, 5.51007055348e-16, 4.88381039118e-16, 3.88742363158e-17, 3.88696299124e-16, 9.07682928366e-20, 4.13410394493e-20, 2.46434682068e-20, 2.56989845957e-20],
        "max": [0.00454087462276, 0.0116320047528, 0.00418317923322, 0.00563821289688, 0.00810933392495, 0.00494929915294, 0.00553253106773, 0.0070985564962, 0.00096337555442, 0.00173625256866, 0.0107175447047, 0.0375150255859, 0.00167153123766, 0.000306093570543, 0.000463082338683, 0.000350825604983, 0.00105128635187, 0.000452636799309, 0.000283953966573, 9.98734758468e-05, 0.000168713624589, 0.000177004752913, 0.000126223007101, 3.60708545486e-05, 5.85091511311e-05, 1.88150879694e-05, 1.61247444339e-05, 3.56649616151e-05, 4.26763654104e-06, 2.34844628721e-06, 6.37698292394e-07, 3.87666773349e-07, 3.40702769108e-07, 2.10024978742e-07, 7.47372297383e-08, 2.05305951795e-07, 2.33266272964e-09, 1.62205360255e-09, 1.72825187494e-09, 1.56597856904e-09],
        "mean": [0.000359755504178, 0.00131231127307, 0.000879820319824, 0.00111850711983, 0.00117663666606, 0.00104039628059, 0.000830493518151, 0.000585887406487, 9.28113004193e-05, 6.52946982882e-05, 0.000347194640199, 0.000892804004252, 5.38603562745e-05, 2.5501842174e-05, 3.03540764435e-05, 2.99942748825e-05, 4.3803913286e-05, 2.52902773354e-05, 1.97494082386e-05, 1.07591986307e-05, 5.98871065449e-06, 5.32093645234e-06, 4.78224183098e-06, 3.20442632074e-06, 2.77737512988e-06, 1.07774064873e-06, 7.67806739077e-07, 5.91466744027e-07, 1.10241600737e-07, 7.20636279539e-08, 1.86155446613e-08, 1.23637446947e-08, 6.25488194572e-09, 4.46258630049e-09, 1.02042263528e-09, 1.86460114016e-09, 6.50157427895e-11, 5.13228938515e-11, 3.43472299213e-11, 3.00052829805e-11],
        "median": [0.000112888119475, 0.000668576161843, 0.00072594312951, 0.000890574941877, 0.000792596081737, 0.000744081742596, 0.000518103595823, 0.000280592328636, 6.20379360043e-05, 3.16891819239e-05, 5.92815667915e-05, 6.0971633502e-05, 1.51256153913e-05, 1.1672466826e-05, 1.22236051538e-05, 1.29025847855e-05, 1.27317316583e-05, 8.59874216985e-06, 1.19915557661e-05, 5.64525407754e-06, 2.14455440073e-06, 1.92023162526e-06, 1.89870411305e-06, 1.40385657232e-06, 9.98285145215e-07, 3.53932989583e-07, 2.37716278662e-07, 1.1139502476e-07, 2.79318665974e-08, 1.78949388641e-08, 5.01441066447e-09, 1.93351445965e-09, 7.72812591698e-10, 4.94806529083e-10, 1.21779558659e-10, 6.44674799655e-11, 2.67490040534e-11, 2.22357028623e-11, 1.76985110595e-11, 1.48436228586e-11],
        "min": [7.88794562019e-24, 6.78155952315e-24, 4.32443450823e-24, 3.6410024964e-24, 3.06459583524e-24, 5.48145364247e-24, 7.81339747578e-24, 8.12728128567e-24, 5.61428756372e-24, 3.19892346461e-24, 6.36877306613e-24, 5.91329503465e-24, 7.19873046907e-24, 6.70569161445e-24, 5.9660023816e-24, 9.34400772411e-24, 6.41598165814e-24, 6.07079308653e-24, 3.02694350423e-24, 4.44452122611e-24, 6.56897413096e-24, 6.68463612803e-24, 8.12038664136e-24, 6.20650161692e-24, 9.43580273448e-24, 5.46901370042e-24, 9.29168652457e-24, 6.56685682829e-24, 8.62749877453e-24, 9.64644516225e-24, 6.91225168704e-24, 4.76263806361e-24, 6.3745920986e-24, 5.88666821809e-24, 7.64639798873e-24, 1.04351198963e-23, 9.38750157012e-24, 6.21090464406e-24, 9.89169018477e-24, 1.27007883695e-23],
