{
"metadata": {
    "version": {
        "essentia": "2.0.1",
        "extractor": "archive-music 1.0"
    },
    "audio_properties": {
        "analysis_sample_rate": 44100,
        "bitrate": 128,
        "channels": 2,
        "equal_loudness": 0,
        "length": 15.8563261032,
        "replay_gain": -10.300617218,
        "downmix": "mix"
    },
    "tags": {
        "track": 0,
        "year": 0,
        "album": "Tunguska Chillout Grooves Vol. 7",
        "artist": "Tunguska Electronic Music Society",
        "comment": "",
        "genre": "Other",
        "title": "Aquascape - Sunrise"
    }
},
"highlevel": {
    "culture": {
        "all": {
            "non_western": 0.158618196845,
            "western": 0.841381788254
        },
        "probability": 0.841381788254,
        "value": "western"
    },
    "danceability": {
        "all": {
            "danceable": 0.967099785805,
            "not_danceable": 0.0329001918435
        },
        "probability": 0.967099785805,
        "value": "danceable"
    },
    "gender": {
        "all": {
            "female": 0.995277166367,
            "male": 0.00472282851115
        },
        "probability": 0.995277166367,
        "value": "female"
    },
    "genre_dortmund": {
        "all": {
            "alternative": 0.0506519377232,
            "blues": 0.024006864056,
            "electronic": 0.278708457947,
            "folkcountry": 0.0348556041718,
            "funksoulrnb": 0.0565299876034,
            "jazz": 0.210223793983,
            "pop": 0.102683268487,
            "raphiphop": 0.104825481772,
            "rock": 0.137514606118
        },
        "probability": 0.278708457947,
        "value": "electronic"
    },
    "genre_electronic": {
        "all": {
            "ambient": 0.597596645355,
            "dnb": 0.27704051137,
            "house": 0.0705736204982,
            "techno": 0.0211405232549,
            "trance": 0.0336487069726
        },
        "probability": 0.597596645355,
        "value": "ambient"
    },
    "genre_rosamerica": {
        "all": {
            "cla": 0.00743220979348,
            "dan": 0.638594508171,
            "hip": 0.0165309477597,
            "jaz": 0.0204837471247,
            "pop": 0.228289350867,
            "rhy": 0.0330014936626,
            "roc": 0.0497274436057,
            "spe": 0.00594031764194
        },
        "probability": 0.638594508171,
        "value": "dan"
    },
    "genre_tzanetakis": {
        "all": {
            "blu": 0.00345581560396,
            "cla": 0.00563023146242,
            "cou": 0.00803327467293,
            "dis": 0.0176608972251,
            "hip": 0.131020754576,
            "jaz": 0.0524845831096,
            "met": 0.00359542085789,
            "pop": 0.61758351326,
            "reg": 0.116474702954,
            "roc": 0.0440607890487
        },
        "probability": 0.61758351326,
        "value": "pop"
    },
    "mirex_ballroom": {
        "all": {
            "ChaChaCha": 0.061829958111,
            "Jive": 0.0327383466065,
            "Quickstep": 0.156861305237,
            "Rumba-American": 0.0153064057231,
            "Rumba-International": 0.25769674778,
            "Rumba-Misc": 0.0314745493233,
            "Samba": 0.368714302778,
            "Tango": 0.0159070771188,
            "VienneseWaltz": 0.0317704938352,
            "Waltz": 0.0277008153498
        },
        "probability": 0.368714302778,
        "value": "Samba"
    },
    "mood_acoustic": {
        "all": {
            "acoustic": 0.156100228429,
            "not_acoustic": 0.843899786472
        },
        "probability": 0.843899786472,
        "value": "not_acoustic"
    },
    "mood_aggressive": {
        "all": {
            "aggressive": 0.26973053813,
            "not_aggressive": 0.730269432068
        },
        "probability": 0.730269432068,
        "value": "not_aggressive"
    },
    "mood_electronic": {
        "all": {
            "electronic": 0.955737709999,
            "not_electronic": 0.0442622639239
        },
        "probability": 0.955737709999,
        "value": "electronic"
    },
    "mood_happy": {
        "all": {
            "happy": 0.320849180222,
            "not_happy": 0.679150819778
        },
        "probability": 0.679150819778,
        "value": "not_happy"
    },
    "mood_party": {
        "all": {
            "not_party": 0.589389264584,
            "party": 0.410610735416
        },
        "probability": 0.589389264584,
        "value": "not_party"
    },
    "mood_relaxed": {
        "all": {
            "not_relaxed": 0.183219894767,
            "relaxed": 0.816780090332
        },
        "probability": 0.816780090332,
        "value": "relaxed"
    },
    "mood_sad": {
        "all": {
            "not_sad": 0.615726411343,
            "sad": 0.384273588657
        },
        "probability": 0.615726411343,
        "value": "not_sad"
    },
    "moods_mirex": {
        "all": {
            "Cluster1": 0.296977341175,
            "Cluster2": 0.289214909077,
            "Cluster3": 0.161414325237,
            "Cluster4": 0.0999660268426,
            "Cluster5": 0.152427405119
        },
        "probability": 0.296977341175,
        "value": "Cluster1"
    },
    "timbre": {
        "all": {
            "bright": 0.287158787251,
            "dark": 0.712841212749
        },
        "probability": 0.712841212749,
        "value": "dark"
    },
    "tonal_atonal": {
        "all": {
            "atonal": 0.231693118811,
            "tonal": 0.768306910992
        },
        "probability": 0.768306910992,
        "value": "tonal"
    },
    "voice_instrumental": {
        "all": {
            "instrumental": 0.758686482906,
            "voice": 0.241313546896
        },
        "probability": 0.758686482906,
        "value": "instrumental"
    }
},
"lowlevel": {
    "average_loudness": 0.980141222477,
    "barkbands_kurtosis": {
        "dmean": 5.79091501236,
        "dmean2": 8.98361301422,
        "dvar": 57.2826385498,
        "dvar2": 142.337432861,
        "max": 89.4914398193,
        "mean": 10.8399591446,
        "median": 8.56415939331,
        "min": -0.906935691833,
        "var": 95.9309997559
    },
    "barkbands_skewness": {
        "dmean": 0.727963805199,
        "dmean2": 1.09707832336,
        "dvar": 0.56660503149,
        "dvar2": 1.33410668373,
        "max": 8.70264053345,
        "mean": 2.81503844261,
        "median": 2.78072547913,
        "min": -1.97144663334,
        "var": 1.49039387703
    },
    "barkbands_spread": {
        "dmean": 5.54734373093,
        "dmean2": 8.24046993256,
        "dvar": 40.025177002,
        "dvar2": 88.3117141724,
        "max": 66.3024673462,
        "mean": 14.5596055984,
        "median": 12.177406311,
        "min": 2.53222846985,
        "var": 96.0769271851
    },
    "dissonance": {
        "dmean": 0.0203661248088,
        "dmean2": 0.0339754261076,
        "dvar": 0.000321073137457,
        "dvar2": 0.000841741857585,
        "max": 0.499878674746,
        "mean": 0.460853546858,
        "median": 0.465272247791,
        "min": 0.350734591484,
        "var": 0.000610132119618
    },
    "dynamic_complexity": 2.72443628311,
    "erbbands_kurtosis": {
        "dmean": 0.621092498302,
        "dmean2": 0.98422896862,
        "dvar": 0.427988022566,
        "dvar2": 0.91589820385,
        "max": 6.37112140656,
        "mean": -0.0749972909689,
        "median": -0.277666807175,
        "min": -1.53535032272,
        "var": 0.995296180248
    },
    "erbbands_skewness": {
        "dmean": 0.302691608667,
        "dmean2": 0.470891237259,
        "dvar": 0.0655511021614,
        "dvar2": 0.147571012378,
        "max": 1.80573070049,
        "mean": 0.368242353201,
        "median": 0.360002726316,
        "min": -1.6094404459,
        "var": 0.217692777514
    },
    "erbbands_spread": {
        "dmean": 9.45940303802,
        "dmean2": 14.7198371887,
        "dvar": 90.501159668,
        "dvar2": 188.787887573,
        "max": 123.393112183,
        "mean": 44.1663627625,
        "median": 40.6375961304,
        "min": 11.7018470764,
        "var": 272.540740967
    },
    "hfc": {
        "dmean": 7.81259870529,
        "dmean2": 10.7496995926,
        "dvar": 126.228805542,
        "dvar2": 259.436706543,
        "max": 106.978721619,
        "mean": 19.6027374268,
        "median": 14.427110672,
        "min": 1.1661625363e-16,
        "var": 297.31854248
    },
    "melbands_kurtosis": {
        "dmean": 12.3499078751,
        "dmean2": 19.4211902618,
        "dvar": 275.548950195,
        "dvar2": 623.3359375,
        "max": 161.965026855,
        "mean": 27.2060604095,
        "median": 21.2130851746,
        "min": -1.22050309181,
        "var": 524.199768066
    },
    "melbands_skewness": {
        "dmean": 0.9462454319,
        "dmean2": 1.45309412479,
        "dvar": 0.97532337904,
        "dvar2": 2.1853787899,
        "max": 11.2796373367,
        "mean": 4.10609579086,
        "median": 3.87574148178,
        "min": 0.0789956226945,
        "var": 2.70399332047
    },
    "melbands_spread": {
        "dmean": 4.13664245605,
        "dmean2": 6.28652095795,
        "dvar": 55.0526161194,
        "dvar2": 104.035217285,
        "max": 141.315795898,
        "mean": 11.3258495331,
        "median": 8.3535823822,
        "min": 1.43619048595,
        "var": 160.176269531
    },
    "pitch_salience": {
        "dmean": 0.0830460563302,
        "dmean2": 0.125220015645,
        "dvar": 0.00666164467111,
        "dvar2": 0.0137762892991,
        "max": 0.855159640312,
        "mean": 0.410006791353,
        "median": 0.403468430042,
        "min": 0.10260605067,
        "var": 0.0164288505912
    },
    "silence_rate_20dB": {
        "dmean": 0,
        "dmean2": 0,
        "dvar": 0,
        "dvar2": 0,
        "max": 1,
        "mean": 1,
        "median": 1,
        "min": 1,
        "var": 0
    },
    "silence_rate_30dB": {
        "dmean": 0.0204978045076,
        "dmean2": 0.0410557202995,
        "dvar": 0.0200777743012,
        "dvar2": 0.0569657534361,
        "max": 1,
        "mean": 0.988304078579,
        "median": 1,
        "min": 0,
        "var": 0.0115591576323
    },
    "silence_rate_60dB": {
        "dmean": 0.00292825768702,
        "dmean2": 0.00586510263383,
        "dvar": 0.00291969114915,
        "dvar2": 0.00583075126633,
        "max": 1,
        "mean": 0.0453216359019,
        "median": 0,
        "min": 0,
        "var": 0.0432677492499
    },
    "spectral_centroid": {
        "dmean": 257.907470703,
        "dmean2": 375.483062744,
        "dvar": 211825.421875,
        "dvar2": 217566.6875,
        "max": 11564.8691406,
        "mean": 996.460266113,
        "median": 891.595092773,
        "min": 299.136901855,
        "var": 497698.9375
    },
    "spectral_complexity": {
        "dmean": 3.9502196312,
        "dmean2": 6.04105567932,
        "dvar": 23.0224666595,
        "dvar2": 47.2359046936,
        "max": 55,
        "mean": 18.0453224182,
        "median": 17,
        "min": 0,
        "var": 67.8064880371
    },
    "spectral_crest": {
        "dmean": 2.80977249146,
        "dmean2": 4.21535873413,
        "dvar": 9.23953437805,
        "dvar2": 19.7729530334,
        "max": 25.6011276245,
        "mean": 15.6399707794,
        "median": 15.5559282303,
        "min": 3.92618346214,
        "var": 24.6111450195
    },
    "spectral_decrease": {
        "dmean": 3.30281180183e-09,
        "dmean2": 5.29295096641e-09,
        "dvar": 1.62683844458e-17,
        "dvar2": 4.19329285366e-17,
        "max": 1.49982408309e-28,
        "mean": -1.31760184985e-08,
        "median": -1.2897301005e-08,
        "min": -3.21563611294e-08,
        "var": 4.03321619978e-17
    },
    "spectral_energy": {
        "dmean": 0.0129365725443,
        "dmean2": 0.0206454079598,
        "dvar": 0.000244665279752,
        "dvar2": 0.000627097324468,
        "max": 0.126152664423,
        "mean": 0.0515073575079,
        "median": 0.0501705482602,
        "min": 1.06613039252e-20,
        "var": 0.000615008408204
    },
    "spectral_energyband_high": {
        "dmean": 0.000499781279359,
        "dmean2": 0.000708670238964,
        "dvar": 1.05490369151e-06,
        "dvar2": 2.06176082429e-06,
        "max": 0.00951510574669,
        "mean": 0.000703737605363,
        "median": 0.000167709105881,
        "min": 7.87809481114e-21,
        "var": 1.95630695998e-06
    },
    "spectral_energyband_low": {
        "dmean": 0.00920811854303,
        "dmean2": 0.0150401713327,
        "dvar": 0.000186768447747,
        "dvar2": 0.000485172146,
        "max": 0.102674797177,
        "mean": 0.0347753055394,
        "median": 0.0343915708363,
        "min": 3.38086283336e-23,
        "var": 0.000376534473617
    },
    "spectral_energyband_middle_high": {
        "dmean": 0.00169042276684,
        "dmean2": 0.00239374209195,
        "dvar": 4.59654165752e-06,
        "dvar2": 8.88133035915e-06,
        "max": 0.037764493376,
        "mean": 0.00406668614596,
        "median": 0.00272247660905,
        "min": 1.42132853302e-21,
        "var": 1.58152834047e-05
    },
    "spectral_energyband_middle_low": {
        "dmean": 0.00685439025983,
        "dmean2": 0.0108323376626,
        "dvar": 0.000137771552545,
        "dvar2": 0.000337197241606,
        "max": 0.0883714333177,
        "mean": 0.0144658405334,
        "median": 0.0107594039291,
        "min": 3.10359942976e-22,
        "var": 0.000172155079781
    },
    "spectral_flatness_db": {
        "dmean": 0.0315913930535,
        "dmean2": 0.0440539196134,
        "dvar": 0.000803186092526,
        "dvar2": 0.0017868517898,
        "max": 0.312267780304,
        "mean": 0.174854144454,
        "median": 0.175030872226,
        "min": 0.0315277464688,
        "var": 0.0023523690179
    },
    "spectral_flux": {
        "dmean": 0.0323191173375,
        "dmean2": 0.0496737509966,
        "dvar": 0.00129820534494,
        "dvar2": 0.00269603426568,
        "max": 0.309869557619,
        "mean": 0.091690428555,
        "median": 0.0732486397028,
        "min": 1.03253593176e-10,
        "var": 0.00304507068358
    },
    "spectral_kurtosis": {
        "dmean": 1.97277903557,
        "dmean2": 3.18719673157,
        "dvar": 3.50770354271,
        "dvar2": 8.72031879425,
        "max": 18.5192298889,
        "mean": 5.72299766541,
        "median": 5.49293708801,
        "min": -1.21082282066,
        "var": 10.018740654
    },
    "spectral_rms": {
        "dmean": 0.000880951411091,
        "dmean2": 0.00138310564216,
        "dvar": 1.0555196468e-06,
        "dvar2": 2.73890577773e-06,
        "max": 0.011093952693,
        "mean": 0.00677700480446,
        "median": 0.00699620367959,
        "min": 3.22510030834e-12,
        "var": 4.32337128586e-06
    },
    "spectral_rolloff": {
        "dmean": 281.539245605,
        "dmean2": 455.76473999,
        "dvar": 977684.875,
        "dvar2": 1807274.75,
        "max": 19035.3515625,
        "mean": 652.196838379,
        "median": 387.59765625,
        "min": 64.599609375,
        "var": 2581811.5
    },
    "spectral_skewness": {
        "dmean": 0.276117920876,
        "dmean2": 0.433539509773,
        "dvar": 0.0647080093622,
        "dvar2": 0.142168849707,
        "max": 3.42116308212,
        "mean": 1.81866705418,
        "median": 1.82846736908,
        "min": -0.044167123735,
        "var": 0.23999966681
    },
    "spectral_spread": {
        "dmean": 947580,
        "dmean2": 1249510.625,
        "dvar": 3.57978996736e+12,
        "dvar2": 4.13065255322e+12,
        "max": 41902312,
        "mean": 4735088,
        "median": 4137645,
        "min": 2139317.75,
        "var": 6.89942875341e+12
    },
    "spectral_strongpeak": {
        "dmean": 0.193392723799,
        "dmean2": 0.338081777096,
        "dvar": 0.186719655991,
        "dvar2": 0.387924015522,
        "max": 7.1404914856,
        "mean": 0.599073648453,
        "median": 0.483864367008,
        "min": 0,
        "var": 0.272049635649
    },
    "zerocrossingrate": {
        "dmean": 0.0115543212742,
        "dmean2": 0.0143727948889,
        "dvar": 0.000517294974998,
        "dvar2": 0.000866856891662,
        "max": 0.50830078125,
        "mean": 0.0378460809588,
        "median": 0.029296875,
        "min": 0.00390625,
        "var": 0.00198422721587
    },
    "barkbands": {
        "dmean": [7.66606244724e-05, 0.00767639605328, 0.00329710450023, 0.00177908677142, 0.00366754177958, 0.00171329686418, 0.00090826273663, 0.000637227727566, 0.000505937205162, 0.000470984028652, 0.000604984816164, 0.000217264998355, 0.0001357049332, 0.000276879844023, 0.000288738199743, 0.000211544102058, 0.00013455489534, 0.000141818964039, 0.000208891826333, 0.000119146097859, 9.95681548375e-05, 7.99286499387e-05, 7.28513696231e-05, 0.000104794780782, 6.37833436485e-05, 8.56263068272e-05, 8.40729535412e-06],
        "dmean2": [0.000114267684694, 0.0115026626736, 0.00525309052318, 0.00297412951477, 0.00655670370907, 0.00265662907623, 0.00138014857657, 0.000921757367905, 0.000721549615264, 0.000735376263037, 0.000940181664191, 0.000348331057467, 0.000218106782995, 0.000427973660408, 0.000443283410277, 0.00034301111009, 0.000226660165936, 0.000229424258578, 0.000311752140988, 0.000193778701941, 0.000165614110301, 0.000125296093756, 9.95939190034e-05, 0.00015268655261, 9.30770911509e-05, 0.000129251013277, 1.37983697641e-05],
        "dvar": [1.80237282876e-08, 0.000164834229508, 4.63929318357e-05, 1.57031900017e-05, 8.84349356056e-05, 5.86743453823e-06, 2.85097507913e-06, 1.13927387702e-06, 8.95505365861e-07, 5.09016786054e-07, 1.74125784724e-06, 1.17879579875e-07, 3.75609943148e-08, 2.39355387066e-07, 2.66001819682e-07, 3.17592537158e-07, 4.36897238387e-08, 6.71251925155e-08, 1.30719882918e-07, 4.40438974181e-08, 6.97292321661e-08, 4.24219770423e-08, 2.98517299768e-08, 6.58229808437e-08, 1.55813744129e-08, 3.23075255437e-08, 6.41509179111e-10],
        "dvar2": [3.10809049608e-08, 0.000426480313763, 0.00010409776587, 3.77325559384e-05, 0.000251734658377, 1.37313718369e-05, 5.64856281926e-06, 2.18850232159e-06, 1.43847717027e-06, 1.09274139959e-06, 3.03117053591e-06, 2.60173379729e-07, 8.65866880417e-08, 5.32259548436e-07, 5.16958550634e-07, 7.74932743752e-07, 1.18784498682e-07, 1.3263461085e-07, 2.8746549674e-07, 1.05819502494e-07, 1.80445667297e-07, 9.29092607294e-08, 4.72722767597e-08, 1.35311523763e-07, 3.13764800808e-08, 7.76712951733e-08, 1.63861291202e-09],
        "max": [0.00205429480411, 0.101372733712, 0.0757344961166, 0.0266769770533, 0.0608866475523, 0.0358961336315, 0.0339527018368, 0.0188415981829, 0.0149972541258, 0.00972900539637, 0.029832072556, 0.00539171276614, 0.0016725382302, 0.00777275813743, 0.00728346081451, 0.00898086465895, 0.00218752771616, 0.00455009797588, 0.00460361689329, 0.0020385789685, 0.00259577599354, 0.00187733059283, 0.00212026201189, 0.00225591403432, 0.000981613644399, 0.00184637133498, 0.000287970586214],
        "mean": [0.000170032915776, 0.0227898042649, 0.00954573322088, 0.00303580611944, 0.00402954639867, 0.00322879571468, 0.00173621915746, 0.00111744273454, 0.0008998310077, 0.000773447274696, 0.00101665069815, 0.000316292134812, 0.000191476210603, 0.000381609977921, 0.000416084425524, 0.000299112580251, 0.000192645544303, 0.000210032478208, 0.000350944697857, 0.000170399347553, 0.000121689670777, 0.000104725797428, 0.000100978308183, 0.000137932685902, 7.72239000071e-05, 8.56401820784e-05, 7.27952647139e-06],
        "median": [5.39852044312e-05, 0.0207944642752, 0.00310599268414, 0.000880654086359, 0.00199664966203, 0.00207637692802, 0.000828481104691, 0.000570227857679, 0.000384303682949, 0.000381182006095, 0.000477406429127, 0.000181138937478, 0.000112690715468, 0.000165741876117, 0.000170250976225, 0.000113879010314, 9.99487529043e-05, 9.55402792897e-05, 0.000134476635139, 6.13100273767e-05, 2.37614458456e-05, 1.74961569428e-05, 1.85543340194e-05, 2.17441793211e-05, 9.6452095022e-06, 1.33664343593e-05, 2.84214024759e-07],
        "min": [4.54722144963e-24, 2.95379310303e-23, 9.16952096099e-25, 2.61349322077e-24, 3.09076081319e-23, 8.68397332673e-23, 2.34637714798e-23, 1.84924994283e-23, 3.91892276871e-23, 7.06604043605e-23, 5.26085437012e-23, 5.55789173983e-23, 9.7888733676e-23, 1.38006090928e-22, 8.72335894292e-23, 1.26407967599e-22, 1.0670523879e-22, 1.76921583881e-22, 2.35553790568e-22, 2.07854410318e-22, 2.63387327659e-22, 4.96326441913e-22, 5.60429001392e-22, 7.3391943161e-22, 1.1681767324e-21, 1.63204784633e-21, 2.50112093619e-21],
        "var": [9.54487688887e-08, 0.000467088713776, 0.000135101930937, 1.9261986381e-05, 5.50167387701e-05, 1.30578846438e-05, 9.84581311059e-06, 3.10851169161e-06, 3.16722071148e-06, 1.28286080781e-06, 4.36687241745e-06, 1.70447776782e-07, 5.07086426182e-08, 3.74290266336e-07, 5.06503397446e-07, 4.88048613079e-07, 6.69200161951e-08, 1.21345394177e-07, 3.39242376413e-07, 7.48106572246e-08, 8.77312444914e-08, 6.81346818965e-08, 6.09361237025e-08, 1.08000669741e-07, 2.46228744061e-08, 3.2438205011e-08, 5.46818035296e-10]
    },
    "erbbands": {
        "dmean": [0.212281301618, 1.7732334137, 2.99553799629, 5.40668916702, 10.1423921585, 12.3089036942, 10.8195800781, 15.1173229218, 13.3456344604, 15.2228107452, 9.18480014801, 12.5678319931, 15.0231199265, 17.9877700806, 22.1845226288, 8.37857723236, 5.69653511047, 14.4809389114, 14.6229066849, 11.2392492294, 10.0654945374, 6.85575628281, 7.94592142105, 11.4173851013, 8.33628463745, 5.35502672195, 4.07902526855, 3.53546333313, 2.81686425209, 2.50519514084, 2.11765694618, 2.26307153702, 1.72070527077, 0.796620965004, 0.433733016253, 0.331382185221, 0.163042858243, 0.0338360741735, 0.000885058892891, 3.18715829053e-05],
        "dmean2": [0.305283278227, 2.72960615158, 4.78785705566, 8.46129798889, 18.4954357147, 21.8204536438, 17.7242069244, 23.1172351837, 20.5701084137, 22.6538734436, 13.6931419373, 17.8151988983, 22.7363376617, 27.3185367584, 34.3941917419, 13.2408704758, 9.16686725616, 22.0565910339, 22.5720424652, 17.5723819733, 16.0055675507, 11.3315095901, 12.70038414, 17.4750366211, 12.3133974075, 8.53111457825, 6.83893823624, 5.87848997116, 4.37241220474, 3.61682343483, 2.89563155174, 3.29714846611, 2.62812685966, 1.17996430397, 0.650174081326, 0.510743379593, 0.24599917233, 0.0507229603827, 0.00136269477662, 4.8090601922e-05],
        "dvar": [0.125412091613, 9.23826408386, 28.3764591217, 117.654602051, 935.201965332, 797.045776367, 194.304443359, 610.797424316, 577.254638672, 807.865478516, 141.265014648, 633.523498535, 609.857727051, 768.172119141, 3950.64892578, 149.442489624, 63.448059082, 617.672607422, 756.846923828, 427.649810791, 755.488708496, 137.770751953, 275.585021973, 458.191070557, 207.013748169, 92.5388183594, 110.971221924, 82.2757568359, 50.707195282, 43.348033905, 25.747959137, 30.5559425354, 19.6066474915, 2.94315648079, 0.626765727997, 0.472606241703, 0.114467613399, 0.00664081191644, 5.15717238159e-06, 2.88296742035e-09],
        "dvar2": [0.283011078835, 24.6143722534, 65.7400283813, 243.595306396, 2621.64038086, 2225.02392578, 491.810668945, 1317.28747559, 1314.79614258, 1653.32373047, 286.597137451, 1021.74511719, 1225.24951172, 1565.89880371, 6745.44726562, 300.561431885, 143.929763794, 1417.73596191, 1554.23986816, 917.424377441, 1900.39990234, 384.289001465, 532.60723877, 1052.11657715, 400.363769531, 216.369293213, 290.034698486, 200.800857544, 104.871841431, 91.1482391357, 42.9962882996, 59.1477546692, 42.6271858215, 5.77518892288, 1.37321436405, 1.16726708412, 0.270974904299, 0.0154087832198, 1.2471206901e-05, 6.74825662017e-09],
        "max": [3.5876185894, 22.9102859497, 63.8451652527, 91.1613769531, 209.018676758, 206.454284668, 137.20664978, 367.343963623, 325.031280518, 504.330932617, 164.605026245, 421.432922363, 339.14050293, 445.954345703, 1489.34313965, 162.724578857, 73.1356887817, 382.718963623, 462.688751221, 293.916473389, 436.970428467, 149.793960571, 315.676818848, 283.906341553, 267.896759033, 93.6313705444, 107.901107788, 82.8140487671, 66.2436981201, 75.8179779053, 64.3088912964, 51.3756217957, 37.9346885681, 14.4895496368, 5.45480442047, 7.57814121246, 3.19424319267, 0.930850088596, 0.0233804192394, 0.000579344807193],
        "mean": [0.636183619499, 5.25233793259, 9.2261724472, 14.1074314117, 9.42774391174, 14.3876991272, 18.6116657257, 28.2921981812, 25.1684741974, 31.0214729309, 16.7281150818, 23.0153331757, 26.7927494049, 28.5282745361, 36.1672477722, 13.7444000244, 9.13905715942, 20.9574260712, 21.8713512421, 17.0730857849, 15.0688886642, 10.164305687, 12.3010215759, 17.4113197327, 14.310251236, 8.05379009247, 5.11308479309, 4.51945400238, 3.76923894882, 3.26313638687, 2.89048051834, 2.99423241615, 2.16750645638, 0.957373201847, 0.522918045521, 0.341220140457, 0.162532925606, 0.0321325585246, 0.000827181909699, 7.92345381342e-05],
        "median": [0.466779828072, 4.08290243149, 6.17102527618, 4.83086204529, 4.08027458191, 7.27123165131, 12.4421014786, 14.7937011719, 11.9210033417, 15.8779029846, 11.1172971725, 9.80412483215, 11.8766508102, 16.4333686829, 15.7500171661, 8.14622306824, 6.08559703827, 10.5236816406, 10.1982717514, 7.82434558868, 6.66975784302, 5.25071144104, 5.47978401184, 6.53854227066, 5.59975624084, 2.97601175308, 1.34703147411, 0.83317810297, 0.705794095993, 0.49274200201, 0.530791521072, 0.529845476151, 0.300543159246, 0.130314767361, 0.0695627182722, 0.0569855421782, 0.0232107490301, 0.00354243582115, 0.000108155072667, 6.30394351901e-05],
        "min": [1.71122363182e-21, 3.12291437979e-21, 1.42914120947e-21, 6.76358808528e-21, 5.12686834466e-20, 9.44467973324e-20, 3.91649883366e-19, 5.11269117982e-19, 3.42645299885e-19, 3.17740132411e-19, 1.24487497544e-18, 1.15617412361e-18, 1.00717314929e-18, 2.54057792477e-18, 2.37681849736e-18, 2.8613935147e-18, 4.25511715983e-18, 6.92286852031e-18, 7.43999495591e-18, 5.04763600958e-18, 7.49266981732e-18, 6.02287781588e-18, 1.16399308971e-17, 1.20528180998e-17, 1.0952296481e-17, 9.67091016695e-18, 1.17418883522e-17, 1.21230531785e-17, 1.75284121293e-17, 1.19669542707e-17, 1.3690417337e-17, 1.40221622576e-17, 1.41921859238e-17, 1.10959413575e-17, 9.45675806944e-18, 5.94972857995e-18, 3.19252735559e-18, 1.42345903039e-18, 3.26894824594e-19, 3.55129445731e-20],
        "var": [0.431847602129, 23.0399856567, 69.6290054321, 336.8855896, 567.117675781, 550.690124512, 347.103057861, 1479.8494873, 1255.39013672, 2562.75878906, 336.708007812, 2281.33178711, 1649.75, 1662.68444824, 9338.22460938, 283.496154785, 89.6103591919, 960.569641113, 1461.89587402, 730.276306152, 1033.00769043, 203.529129028, 512.039489746, 925.762695312, 557.011352539, 168.891998291, 131.758331299, 121.504295349, 84.9649658203, 73.8324432373, 50.3395347595, 52.4949111938, 28.4607486725, 4.68345499039, 0.92295730114, 0.464096277952, 0.118014864624, 0.00682961335406, 4.88966998091e-06, 3.95281052334e-09]
    },
    "gfcc": {
        "mean": [2.77445483208, 108.271141052, -92.0339889526, 28.1285552979, -42.7206764221, 13.408624649, -31.5137233734, 15.9949131012, -22.9005241394, 5.15041971207, -11.2310590744, 3.2431511879, -12.6135654449],
        "cov": [[16126.8095703, 139.329071045, -775.621643066, 350.57699585, -652.737243652, 145.694381714, -521.062561035, 82.084564209, -317.08972168, 96.5010070801, -257.888763428, 73.9490966797, -204.486480713], [139.329071045, 1096.71643066, -366.413330078, -11.4835367203, 140.390563965, -216.593139648, 140.622009277, -50.6198921204, 141.70350647, -137.484436035, 164.659408569, -76.0838699341, 51.3470573425], [-775.621643066, -366.413330078, 497.815460205, -123.225914001, 74.3896484375, 116.785301208, -28.4573249817, 37.3664398193, -60.2054252625, 102.87399292, -59.157283783, 77.1856384277, -18.4885578156], [350.57699585, -11.4835367203, -123.225914001, 282.092071533, -49.8957939148, 54.2005386353, 14.4616851807, -32.3942871094, 76.0022277832, -26.2899837494, 37.5767364502, 19.2052211761, 60.0182266235], [-652.737243652, 140.390563965, 74.3896484375, -49.8957939148, 264.537384033, -36.3306617737, 108.307395935, 51.5973014832, 59.0187416077, 52.9105148315, 53.6304206848, 53.6993370056, 38.8786811829], [145.694381714, -216.593139648, 116.785301208, 54.2005386353, -36.3306617737, 230.11038208, 15.2307386398, 38.9169006348, 27.9070224762, 65.7743377686, 7.58357620239, 48.3293151855, 39.8398742676], [-521.062561035, 140.622009277, -28.4573249817, 14.4616851807, 108.307395935, 15.2307386398, 184.374801636, 33.9362182617, 73.8196334839, 29.9997291565, 61.4842605591, 36.9147567749, 48.3066482544], [82.084564209, -50.6198921204, 37.3664398193, -32.3942871094, 51.5973014832, 38.9169006348, 33.9362182617, 128.230270386, 33.2908096313, 58.3867759705, 42.6628875732, 49.8034629822, 28.0202655792], [-317.08972168, 141.70350647, -60.2054252625, 76.0022277832, 59.0187416077, 27.9070224762, 73.8196334839, 33.2908096313, 165.942001343, 12.4056692123, 90.5215301514, 35.2754173279, 62.0236358643], [96.5010070801, -137.484436035, 102.87399292, -26.2899837494, 52.9105148315, 65.7743377686, 29.9997291565, 58.3867759705, 12.4056692123, 138.45539856, 11.7083120346, 56.2733688354, 17.087179184], [-257.888763428, 164.659408569, -59.157283783, 37.5767364502, 53.6304206848, 7.58357620239, 61.4842605591, 42.6628875732, 90.5215301514, 11.7083120346, 131.999237061, 29.0117664337, 54.5978660583], [73.9490966797, -76.0838699341, 77.1856384277, 19.2052211761, 53.6993370056, 48.3293151855, 36.9147567749, 49.8034629822, 35.2754173279, 56.2733688354, 29.0117664337, 114.816665649, 42.1444015503], [-204.486480713, 51.3470573425, -18.4885578156, 60.0182266235, 38.8786811829, 39.8398742676, 48.3066482544, 28.0202655792, 62.0236358643, 17.087179184, 54.5978660583, 42.1444015503, 83.7926940918]],
        "icov": [[0.000142073971801, -0.000320678169373, 0.000324412976624, -0.000322819134453, 0.000165687699337, -0.000325175526086, 0.000461783201899, -0.000424476020271, 0.00036891020136, -0.00045028803288, 0.000447323342087, -0.000611585215665, 0.000634375202935], [-0.000320678169373, 0.0031226365827, 0.000351083639544, 0.00191040732898, -0.00131116283592, 0.00159525906201, -0.00171820248943, 0.00233845901676, -0.00166595343035, 0.00236652162857, -0.00301304017194, 0.00215750816278, -0.00229987921193], [0.000324412976624, 0.000351083639544, 0.00521511118859, 0.00130210525822, -0.00177942868322, -0.00278156297281, 0.00204842560925, 0.00050445535453, 0.00113895791583, -0.00125305494294, 0.00120602792595, -0.00330579048023, 0.00188244425226], [-0.000322819134453, 0.00191040732898, 0.00130210525822, 0.0074827214703, -4.78704532725e-05, -0.000449842220405, -0.000786324671935, 0.00421082507819, -0.00308990618214, 0.00219385651872, -0.0015629316913, 6.05123641435e-05, -0.00492178509012], [0.000165687699337, -0.00131116283592, -0.00177942868322, -4.78704532725e-05, 0.0079308282584, 0.00246252585202, -0.002472612774, -0.00165509968065, -0.00061711698072, -0.00234598037787, 0.000818211061414, -0.00156594614964, -0.00083255849313], [-0.000325175526086, 0.00159525906201, -0.00278156297281, -0.000449842220405, 0.00246252585202, 0.00902983453125, -0.0025883584749, -2.36678806687e-05, -0.00208340235986, -0.000893944932614, -0.00109429482836, 0.00216259527951, -0.00464865425602], [0.000461783201899, -0.00171820248943, 0.00204842560925, -0.000786324671935, -0.002472612774, -0.0025883584749, 0.0105831287801, -0.0012412762735, 7.688075857e-05, -0.00237821461633, 0.00119554635603, -0.00280788121745, 0.000948140455876], [-0.000424476020271, 0.00233845901676, 0.00050445535453, 0.00421082507819, -0.00165509968065, -2.36678806687e-05, -0.0012412762735, 0.0145737938583, -0.00205540494062, -0.000836340768728, -0.00515246065333, -0.000805003859568, -0.00329821999185], [0.00036891020136, -0.00166595343035, 0.00113895791583, -0.00308990618214, -0.00061711698072, -0.00208340235986, 7.688075857e-05, -0.00205540494062, 0.0133211491629, -0.00129845214542, -0.00334846531041, -0.00216019665822, -2.17004799197e-05], [-0.00045028803288, 0.00236652162857, -0.00125305494294, 0.00219385651872, -0.00234598037787, -0.000893944932614, -0.00237821461633, -0.000836340768728, -0.00129845214542, 0.0141030941159, -0.00231118616648, -0.000480978720589, -0.00139964395203], [0.000447323342087, -0.00301304017194, 0.00120602792595, -0.0015629316913, 0.000818211061414, -0.00109429482836, 0.00119554635603, -0.00515246065333, -0.00334846531041, -0.00231118616648, 0.0178917087615, -0.00255901133642, -0.00192301999778], [-0.000611585215665, 0.00215750816278, -0.00330579048023, 6.05123641435e-05, -0.00156594614964, 0.00216259527951, -0.00280788121745, -0.000805003859568, -0.00216019665822, -0.000480978720589, -0.00255901133642, 0.0182305835187, -0.00780583918095], [0.000634375202935, -0.00229987921193, 0.00188244425226, -0.00492178509012, -0.00083255849313, -0.00464865425602, 0.000948140455876, -0.00329821999185, -2.17004799197e-05, -0.00139964395203, -0.00192301999778, -0.00780583918095, 0.0274657215923]]
    },
    "melbands": {
        "dmean": [0.00210311030969, 0.00160741794389, 0.000936886412092, 0.000865233479999, 0.000379681761842, 0.00033602284384, 0.000202930445084, 0.000167808771948, 6.94063492119e-05, 8.50837895996e-05, 7.56030131015e-05, 7.08347943146e-05, 6.79916702211e-05, 3.67787833966e-05, 1.50820487761e-05, 1.49745283125e-05, 3.08170383505e-05, 2.38903794525e-05, 1.9185079509e-05, 1.75271634362e-05, 1.08718559204e-05, 8.26715859148e-06, 6.675221357e-06, 6.63914897814e-06, 1.03223073893e-05, 7.38007884138e-06, 5.18315800946e-06, 3.23146628034e-06, 2.72163219961e-06, 2.55554573414e-06, 1.89444256193e-06, 1.6220778889e-06, 1.6391711597e-06, 1.34158926812e-06, 1.11245219614e-06, 1.47000389461e-06, 1.45576223076e-06, 1.30147645905e-06, 8.4797790123e-07, 6.42366558168e-07],
        "dmean2": [0.00312705338001, 0.00265332916752, 0.0014802000951, 0.0015614106087, 0.000625017215498, 0.000512854952831, 0.000308911025058, 0.000246435403824, 0.000104888596979, 0.000119384341815, 0.000114936337923, 0.000107519910671, 0.000105670165794, 5.81741878705e-05, 2.38240590988e-05, 2.38610937231e-05, 4.71475686936e-05, 3.76354291802e-05, 2.92935474135e-05, 2.83439512714e-05, 1.75272525667e-05, 1.39810772453e-05, 1.08947861008e-05, 1.07021160147e-05, 1.60645067808e-05, 1.11450226541e-05, 8.35730406834e-06, 5.26738222106e-06, 4.6468594519e-06, 4.44323768534e-06, 3.08449261865e-06, 2.53597681876e-06, 2.55982945419e-06, 1.93690971173e-06, 1.61730554282e-06, 2.09272275242e-06, 2.12406507671e-06, 2.06240656553e-06, 1.26571399051e-06, 9.77016838988e-07],
        "dvar": [1.26425911731e-05, 6.31748434898e-06, 3.39562529916e-06, 5.89993987887e-06, 2.71183807854e-07, 2.69254314844e-07, 1.2333528332e-07, 9.21305627344e-08, 7.24087101389e-09, 2.98245481645e-08, 1.5729396452e-08, 1.13882236974e-08, 2.83375971577e-08, 7.40255323706e-09, 5.04367103638e-10, 4.95517737953e-10, 3.02741298697e-09, 2.16498352579e-09, 1.17122622711e-09, 1.76817815944e-09, 8.33824120861e-10, 2.0947503454e-10, 1.39221342788e-10, 2.03446648417e-10, 4.36722713548e-10, 1.99594910044e-10, 7.99059637902e-11, 3.8052925394e-11, 4.59121282659e-11, 5.60605485644e-11, 2.24501927465e-11, 1.64362100319e-11, 1.74702821654e-11, 1.25548443169e-11, 7.8013680585e-12, 1.21261429717e-11, 1.44840649891e-11, 1.17706669064e-11, 4.30914375363e-12, 1.86296204158e-12],
        "dvar2": [3.13855998684e-05, 1.54341905727e-05, 6.66246205583e-06, 1.67104117281e-05, 6.63952278046e-07, 5.93289826156e-07, 2.68629179345e-07, 1.89072395074e-07, 1.51349421884e-08, 4.76610040323e-08, 3.2048564691e-08, 2.36653274754e-08, 5.0669250129e-08, 1.24275487678e-08, 1.16068044065e-09, 1.16353382484e-09, 6.81814560366e-09, 4.5578723018e-09, 2.31791763561e-09, 4.35626912321e-09, 2.18395213025e-09, 6.00922422933e-10, 3.26744353796e-10, 3.92747528943e-10, 1.00853991825e-09, 3.619557154e-10, 1.98404695451e-10, 9.10926958864e-11, 1.21001236808e-10, 1.54933774144e-10, 4.96256785665e-11, 3.51666334941e-11, 3.91602514305e-11, 2.57874225446e-11, 1.3248030277e-11, 2.43548532036e-11, 3.06369166148e-11, 2.71920246736e-11, 8.44666957905e-12, 3.76872057867e-12],
        "max": [0.0310205761343, 0.0243897251785, 0.0134217552841, 0.0155214648694, 0.00513738114387, 0.00756987929344, 0.0054447366856, 0.00473907589912, 0.000998795614578, 0.0028951514978, 0.00172308040783, 0.00164775818121, 0.00405834522098, 0.00170458178036, 0.000254090031376, 0.00016507662076, 0.000869726180099, 0.000750429520849, 0.000434157700511, 0.000600959581789, 0.000422143901233, 0.000195514920051, 0.000128259620396, 0.000275654310826, 0.000260235683527, 0.000304855464492, 0.000115056740469, 5.47687341168e-05, 6.18952180957e-05, 8.79409417394e-05, 4.80662711198e-05, 3.4365169995e-05, 3.78220320272e-05, 3.99726814067e-05, 3.26816370944e-05, 3.81936915801e-05, 3.90470777347e-05, 2.68513213086e-05, 1.97397730517e-05, 1.22075862237e-05],
        "mean": [0.00630861753598, 0.00579119939357, 0.0022672440391, 0.000840226886794, 0.000672070484143, 0.000636714394204, 0.000391456764191, 0.000332161958795, 0.000119341741083, 0.000151093874592, 0.000128680039779, 0.000105676190287, 0.000116220704513, 5.77605023864e-05, 2.22048493015e-05, 2.09136560443e-05, 4.20796422986e-05, 3.34044889314e-05, 2.71675944532e-05, 2.51234141615e-05, 1.50407386172e-05, 1.14315434985e-05, 9.51403399085e-06, 1.00090237538e-05, 1.48530280057e-05, 1.18162915896e-05, 7.82980350778e-06, 4.59999000668e-06, 3.2872023894e-06, 2.87731768367e-06, 2.45841351898e-06, 2.08610481423e-06, 2.05392370844e-06, 1.70903103935e-06, 1.51563597228e-06, 1.85543353837e-06, 1.87087562153e-06, 1.6112095409e-06, 1.06127777144e-06, 7.28537202122e-07],
        "median": [0.00550841912627, 0.00565237086266, 0.000876068021171, 0.000357639568392, 0.000451316445833, 0.000355558528099, 0.000185296405107, 0.000163454358699, 7.85273514339e-05, 5.8991885453e-05, 5.47262825421e-05, 5.87962131249e-05, 5.40585278941e-05, 2.91263277177e-05, 1.40662141348e-05, 1.18769185065e-05, 1.86334891623e-05, 1.3261616914e-05, 1.16238434202e-05, 1.01110017567e-05, 6.69125802233e-06, 6.00717930865e-06, 4.38101596956e-06, 4.36466234532e-06, 5.09605843035e-06, 4.66386609332e-06, 2.92097661259e-06, 1.63183835866e-06, 8.72446207723e-07, 5.18416072737e-07, 4.33503231534e-07, 3.92245851799e-07, 3.29425972723e-07, 2.35881884691e-07, 2.59134651515e-07, 3.56794430445e-07, 2.90355217203e-07, 2.29725003464e-07, 1.36823842922e-07, 9.28687171609e-08],
        "min": [1.05921876246e-23, 1.52782566793e-24, 1.54518267861e-24, 7.64595701549e-24, 1.22198821956e-23, 1.34985886465e-23, 4.86861679306e-24, 3.04547838285e-24, 8.70769358529e-24, 7.17825558428e-24, 4.1332106805e-24, 9.79643996363e-24, 7.26397321024e-24, 5.92076436413e-24, 7.59557404719e-24, 1.10336586418e-23, 1.34338657647e-23, 1.09404042388e-23, 5.35894157174e-24, 7.82539052813e-24, 9.32165298377e-24, 5.79971957468e-24, 8.56962162763e-24, 8.66251788783e-24, 9.86073764944e-24, 8.16170796443e-24, 6.60395813996e-24, 6.10476972015e-24, 7.70163008501e-24, 5.47805128539e-24, 7.89044315381e-24, 9.34503639873e-24, 6.46432226556e-24, 7.21601993353e-24, 7.67069174917e-24, 9.10800420709e-24, 8.36871611001e-24, 1.03180497825e-23, 9.54388377824e-24, 8.69798112983e-24],
        "var": [3.81590434699e-05, 1.13070582302e-05, 7.73824194766e-06, 3.55348743142e-06, 4.58768710132e-07, 6.40031998955e-07, 3.34011701852e-07, 2.81422558146e-07, 1.59959210322e-08, 1.07641078273e-07, 4.14505194613e-08, 2.33203270028e-08, 7.09635799012e-08, 1.50978003433e-08, 7.0976879929e-10, 6.69738819958e-10, 4.75529482458e-09, 3.96253962975e-09, 2.09262673856e-09, 2.84027357189e-09, 9.66479452025e-10, 2.82451395606e-10, 2.17656032087e-10, 3.49719503356e-10, 7.97204413594e-10, 5.16625187075e-10, 1.45678372143e-10, 6.35598865206e-11, 5.40549549566e-11, 5.69447024257e-11, 3.67122755807e-11, 2.69765060984e-11, 2.60202640684e-11, 2.17322566193e-11, 1.5106528875e-11, 1.96551108722e-11, 2.25080648564e-11, 1.56120793376e-11, 7.1041510348e-12, 2.72226338693e-12]
    },
    "mfcc": {
