{
"metadata": {
    "version": {
        "essentia": "2.0.1",
        "extractor": "archive-music 1.0"
    },
    "audio_properties": {
        "analysis_sample_rate": 44100,
        "bitrate": 128,
        "channels": 2,
        "equal_loudness": 0,
        "length": 15.9346942902,
        "replay_gain": -3.53020858765,
        "downmix": "mix"
    },
    "tags": {
        "track": 0,
        "year": 0,
        "album": "Экспедиция (Expedition)",
        "artist": "Staraya Derevnya",
        "comment": "",
        "genre": "Other",
        "title": "Экспедиция (Expedition)"
    }
},
"highlevel": {
    "culture": {
        "all": {
            "non_western": 0.00267780898139,
            "western": 0.997322201729
        },
        "probability": 0.997322201729,
        "value": "western"
    },
    "danceability": {
        "all": {
            "danceable": 0.203967452049,
            "not_danceable": 0.796032547951
        },
        "probability": 0.796032547951,
        "value": "not_danceable"
    },
    "gender": {
        "all": {
            "female": 0.00517404032871,
            "male": 0.994825959206
        },
        "probability": 0.994825959206,
        "value": "male"
    },
    "genre_dortmund": {
        "all": {
            "alternative": 0.0287504252046,
            "blues": 0.0505802407861,
            "electronic": 0.011614035815,
            "folkcountry": 0.125037565827,
            "funksoulrnb": 0.047010935843,
            "jazz": 0.554481744766,
            "pop": 0.0595776699483,
            "raphiphop": 0.0344427451491,
            "rock": 0.0885046198964
        },
        "probability": 0.554481744766,
        "value": "jazz"
    },
    "genre_electronic": {
        "all": {
            "ambient": 0.867985725403,
            "dnb": 0.0317763611674,
            "house": 0.0764060094953,
            "techno": 0.0159433782101,
            "trance": 0.00788855645806
        },
        "probability": 0.867985725403,
        "value": "ambient"
    },
    "genre_rosamerica": {
        "all": {
            "cla": 0.117934398353,
            "dan": 0.0182305891067,
            "hip": 0.0454042106867,
            "jaz": 0.300092875957,
            "pop": 0.0782058611512,
            "rhy": 0.336285501719,
            "roc": 0.0267125722021,
            "spe": 0.0771339908242
        },
        "probability": 0.336285501719,
        "value": "rhy"
    },
    "genre_tzanetakis": {
        "all": {
            "blu": 0.0057242969051,
            "cla": 0.00826847553253,
            "cou": 0.0217694304883,
            "dis": 0.00913427490741,
            "hip": 0.266196221113,
            "jaz": 0.227137759328,
            "met": 0.00384063925594,
            "pop": 0.066478304565,
            "reg": 0.138593658805,
            "roc": 0.252856940031
        },
        "probability": 0.266196221113,
        "value": "hip"
    },
    "mirex_ballroom": {
        "all": {
            "ChaChaCha": 0.0445267036557,
            "Jive": 0.0361353494227,
            "Quickstep": 0.157777190208,
            "Rumba-American": 0.0115862963721,
            "Rumba-International": 0.428525865078,
            "Rumba-Misc": 0.176055565476,
            "Samba": 0.0593456886709,
            "Tango": 0.00261572003365,
            "VienneseWaltz": 0.0347997955978,
            "Waltz": 0.0486318357289
        },
        "probability": 0.428525865078,
        "value": "Rumba-International"
    },
    "mood_acoustic": {
        "all": {
            "acoustic": 0.957927882671,
            "not_acoustic": 0.0420720912516
        },
        "probability": 0.957927882671,
        "value": "acoustic"
    },
    "mood_aggressive": {
        "all": {
            "aggressive": 0.102782480419,
            "not_aggressive": 0.897217512131
        },
        "probability": 0.897217512131,
        "value": "not_aggressive"
    },
    "mood_electronic": {
        "all": {
            "electronic": 0.157557860017,
            "not_electronic": 0.842442154884
        },
        "probability": 0.842442154884,
        "value": "not_electronic"
    },
    "mood_happy": {
        "all": {
            "happy": 0.156140461564,
            "not_happy": 0.843859553337
        },
        "probability": 0.843859553337,
        "value": "not_happy"
    },
    "mood_party": {
        "all": {
            "not_party": 0.803426206112,
            "party": 0.196573793888
        },
        "probability": 0.803426206112,
        "value": "not_party"
    },
    "mood_relaxed": {
        "all": {
            "not_relaxed": 0.0357683487236,
            "relaxed": 0.964231669903
        },
        "probability": 0.964231669903,
        "value": "relaxed"
    },
    "mood_sad": {
        "all": {
            "not_sad": 0.165490686893,
            "sad": 0.834509313107
        },
        "probability": 0.834509313107,
        "value": "sad"
    },
    "moods_mirex": {
        "all": {
            "Cluster1": 0.193412810564,
            "Cluster2": 0.376688241959,
            "Cluster3": 0.195124134421,
            "Cluster4": 0.214563593268,
            "Cluster5": 0.0202112086117
        },
        "probability": 0.376688241959,
        "value": "Cluster2"
    },
    "timbre": {
        "all": {
            "bright": 0.455782026052,
            "dark": 0.54421800375
        },
        "probability": 0.54421800375,
        "value": "dark"
    },
    "tonal_atonal": {
        "all": {
            "atonal": 0.559712350368,
            "tonal": 0.440287679434
        },
        "probability": 0.559712350368,
        "value": "atonal"
    },
    "voice_instrumental": {
        "all": {
            "instrumental": 0.028340253979,
            "voice": 0.971659719944
        },
        "probability": 0.971659719944,
        "value": "voice"
    }
},
"lowlevel": {
    "average_loudness": 0.741475582123,
    "barkbands_kurtosis": {
        "dmean": 6.80248641968,
        "dmean2": 10.9496612549,
        "dvar": 78.1350708008,
        "dvar2": 200.327423096,
        "max": 115.755958557,
        "mean": 14.2219362259,
        "median": 11.2002182007,
        "min": -1.82829189301,
        "var": 196.464553833
    },
    "barkbands_skewness": {
        "dmean": 0.757482886314,
        "dmean2": 1.15437161922,
        "dvar": 0.495105594397,
        "dvar2": 1.17451786995,
        "max": 8.22139453888,
        "mean": 2.77674555779,
        "median": 2.80892968178,
        "min": -1.99249339104,
        "var": 2.17948055267
    },
    "barkbands_spread": {
        "dmean": 5.04938554764,
        "dmean2": 7.47611141205,
        "dvar": 62.0723762512,
        "dvar2": 128.571777344,
        "max": 95.3355331421,
        "mean": 13.3204107285,
        "median": 8.28091716766,
        "min": 1.07646942139,
        "var": 185.96383667
    },
    "dissonance": {
        "dmean": 0.0333031080663,
        "dmean2": 0.0537622757256,
        "dvar": 0.000911291223019,
        "dvar2": 0.00248821405694,
        "max": 0.500000059605,
        "mean": 0.434460699558,
        "median": 0.446369111538,
        "min": 0.229775220156,
        "var": 0.00223095878027
    },
    "dynamic_complexity": 5.05451154709,
    "erbbands_kurtosis": {
        "dmean": 2.31231951714,
        "dmean2": 3.64702033997,
        "dvar": 9.29440116882,
        "dvar2": 21.1391277313,
        "max": 50.2977333069,
        "mean": 2.66271805763,
        "median": 1.18382143974,
        "min": -1.79994487762,
        "var": 25.9808883667
    },
    "erbbands_skewness": {
        "dmean": 0.550356805325,
        "dmean2": 0.848171830177,
        "dvar": 0.298123031855,
        "dvar2": 0.663857460022,
        "max": 5.53325986862,
        "mean": 1.18133366108,
        "median": 1.18521344662,
        "min": -2.68304085732,
        "var": 1.26956450939
    },
    "erbbands_spread": {
        "dmean": 11.8921136856,
        "dmean2": 17.2291946411,
        "dvar": 180.333953857,
        "dvar2": 330.0390625,
        "max": 141.65032959,
        "mean": 43.9895057678,
        "median": 37.0590438843,
        "min": 2.98094677925,
        "var": 850.843688965
    },
    "hfc": {
        "dmean": 4.64632892609,
        "dmean2": 6.89814996719,
        "dvar": 92.0089111328,
        "dvar2": 218.846389771,
        "max": 170.511062622,
        "mean": 11.3998603821,
        "median": 6.55313682556,
        "min": 1.0975429414e-16,
        "var": 224.366592407
    },
    "melbands_kurtosis": {
        "dmean": 13.9895601273,
        "dmean2": 21.8808403015,
        "dvar": 292.460662842,
        "dvar2": 727.411987305,
        "max": 187.834686279,
        "mean": 32.1591186523,
        "median": 23.9824142456,
        "min": -1.46993041039,
        "var": 811.254516602
    },
    "melbands_skewness": {
        "dmean": 0.994696140289,
        "dmean2": 1.47224116325,
        "dvar": 0.925198912621,
        "dvar2": 2.07263445854,
        "max": 10.9334926605,
        "mean": 3.80328464508,
        "median": 3.68130588531,
        "min": -0.262115061283,
        "var": 4.06186008453
    },
    "melbands_spread": {
        "dmean": 4.9721865654,
        "dmean2": 7.49425935745,
        "dvar": 160.530029297,
        "dvar2": 321.864044189,
        "max": 213.595016479,
        "mean": 12.3426713943,
        "median": 6.97974014282,
        "min": 1.05367803574,
        "var": 387.734924316
    },
    "pitch_salience": {
        "dmean": 0.0719443112612,
        "dmean2": 0.116421304643,
        "dvar": 0.00358627224341,
        "dvar2": 0.00846440996975,
        "max": 0.988030791283,
        "mean": 0.553085923195,
        "median": 0.555742621422,
        "min": 0.163633480668,
        "var": 0.0119885383174
    },
    "silence_rate_20dB": {
        "dmean": 0,
        "dmean2": 0,
        "dvar": 0,
        "dvar2": 0,
        "max": 1,
        "mean": 1,
        "median": 1,
        "min": 1,
        "var": 0
    },
    "silence_rate_30dB": {
        "dmean": 0.0116448327899,
        "dmean2": 0.0233236160129,
        "dvar": 0.0115092014894,
        "dvar2": 0.0256950110197,
        "max": 1,
        "mean": 0.986918628216,
        "median": 1,
        "min": 0,
        "var": 0.0129101993516
    },
    "silence_rate_60dB": {
        "dmean": 0.0553129538894,
        "dmean2": 0.110787175596,
        "dvar": 0.0522532910109,
        "dvar2": 0.110176600516,
        "max": 1,
        "mean": 0.171511635184,
        "median": 0,
        "min": 0,
        "var": 0.142097041011
    },
    "spectral_centroid": {
        "dmean": 217.811203003,
        "dmean2": 308.771789551,
        "dvar": 237830.015625,
        "dvar2": 309834.09375,
        "max": 11849.40625,
        "mean": 816.676025391,
        "median": 571.879150391,
        "min": 208.992919922,
        "var": 824163.1875
    },
    "spectral_complexity": {
        "dmean": 2.07569146156,
        "dmean2": 3.19241976738,
        "dvar": 6.51829576492,
        "dvar2": 12.6189527512,
        "max": 43,
        "mean": 8.96511650085,
        "median": 8,
        "min": 0,
        "var": 42.7109947205
    },
    "spectral_crest": {
        "dmean": 2.86862540245,
        "dmean2": 4.56322336197,
        "dvar": 5.91674184799,
        "dvar2": 14.1387004852,
        "max": 25.7252674103,
        "mean": 12.055516243,
        "median": 11.1760911942,
        "min": 4.16337585449,
        "var": 20.0053157806
    },
    "spectral_decrease": {
        "dmean": 2.15468531906e-09,
        "dmean2": 3.30017635441e-09,
        "dvar": 1.16662608831e-17,
        "dvar2": 2.90735357205e-17,
        "max": 2.40298818422e-27,
        "mean": -6.54545173617e-09,
        "median": -4.21701962239e-09,
        "min": -5.03851005362e-08,
        "var": 4.86767931044e-17
    },
    "spectral_energy": {
        "dmean": 0.008395771496,
        "dmean2": 0.0128286490217,
        "dvar": 0.000174747721758,
        "dvar2": 0.000434801360825,
        "max": 0.19721236825,
        "mean": 0.0257380343974,
        "median": 0.0168560408056,
        "min": 1.01674294397e-20,
        "var": 0.000744878023397
    },
    "spectral_energyband_high": {
        "dmean": 0.000291032250971,
        "dmean2": 0.000416837312514,
        "dvar": 1.07674179617e-06,
        "dvar2": 2.50652101386e-06,
        "max": 0.0175718124956,
        "mean": 0.000476685469039,
        "median": 9.98484028969e-05,
        "min": 7.18564608762e-21,
        "var": 1.61572745583e-06
    },
    "spectral_energyband_low": {
        "dmean": 0.00338200852275,
        "dmean2": 0.00508417049423,
        "dvar": 4.66158599011e-05,
        "dvar2": 9.79274627753e-05,
        "max": 0.082530066371,
        "mean": 0.00933818798512,
        "median": 0.00252774124965,
        "min": 3.33204717391e-23,
        "var": 0.000171830819454
    },
    "spectral_energyband_middle_high": {
        "dmean": 0.000674555194564,
        "dmean2": 0.000966505904216,
        "dvar": 2.97972451335e-06,
        "dvar2": 7.05992897565e-06,
        "max": 0.0286935679615,
        "mean": 0.0013892352581,
        "median": 0.000476080516819,
        "min": 1.28595919389e-21,
        "var": 7.42404336052e-06
    },
    "spectral_energyband_middle_low": {
        "dmean": 0.00687035173178,
        "dmean2": 0.0106904823333,
        "dvar": 0.000133964349516,
        "dvar2": 0.000351130147465,
        "max": 0.167756333947,
        "mean": 0.0170331057161,
        "median": 0.0119606833905,
        "min": 3.2789782289e-22,
        "var": 0.000380984536605
    },
    "spectral_flatness_db": {
        "dmean": 0.0260548871011,
        "dmean2": 0.0389297157526,
        "dvar": 0.000537053798325,
        "dvar2": 0.00104157382157,
        "max": 0.38221642375,
        "mean": 0.201148226857,
        "median": 0.19782538712,
        "min": 0.0520061776042,
        "var": 0.00346657866612
    },
    "spectral_flux": {
        "dmean": 0.0229242630303,
        "dmean2": 0.0366651341319,
        "dvar": 0.000667123065796,
        "dvar2": 0.00171248195693,
        "max": 0.303727775812,
        "mean": 0.0672708526254,
        "median": 0.0582624301314,
        "min": 7.00140848076e-11,
        "var": 0.00217944942415
    },
    "spectral_kurtosis": {
        "dmean": 2.62883448601,
        "dmean2": 4.22933483124,
        "dvar": 15.4013671875,
        "dvar2": 37.0502586365,
        "max": 49.6075286865,
        "mean": 6.22099971771,
        "median": 4.19972896576,
        "min": -1.24692940712,
        "var": 46.2394752502
    },
    "spectral_rms": {
        "dmean": 0.000753495958634,
        "dmean2": 0.00111856823787,
        "dvar": 6.81814924519e-07,
        "dvar2": 1.62635888046e-06,
        "max": 0.0138709163293,
        "mean": 0.00429001776502,
        "median": 0.00405523087829,
        "min": 3.1495147202e-12,
        "var": 6.70604504194e-06
    },
    "spectral_rolloff": {
        "dmean": 416.778015137,
        "dmean2": 702.308044434,
        "dvar": 1795159,
        "dvar2": 3510592.5,
        "max": 19595.2148438,
        "mean": 955.348022461,
        "median": 452.197265625,
        "min": 150.732421875,
        "var": 4343600.5
    },
    "spectral_skewness": {
        "dmean": 0.331336021423,
        "dmean2": 0.496249288321,
        "dvar": 0.126058846712,
        "dvar2": 0.25973162055,
        "max": 5.53580617905,
        "mean": 1.84258413315,
        "median": 1.71766626835,
        "min": -0.0722572058439,
        "var": 0.672678649426
    },
    "spectral_spread": {
        "dmean": 798460.1875,
        "dmean2": 1132741.5,
        "dvar": 3.88685155533e+12,
        "dvar2": 6.10558227251e+12,
        "max": 43914348,
        "mean": 5012687,
        "median": 4537757,
        "min": 1284223.5,
        "var": 1.09373166715e+13
    },
    "spectral_strongpeak": {
        "dmean": 0.367384433746,
        "dmean2": 0.5984634161,
        "dvar": 0.293304860592,
        "dvar2": 0.756175518036,
        "max": 5.51369190216,
        "mean": 0.717869222164,
        "median": 0.529018640518,
        "min": 0,
        "var": 0.558486938477
    },
    "zerocrossingrate": {
        "dmean": 0.0117791630328,
        "dmean2": 0.0147438161075,
        "dvar": 0.000682347745169,
        "dvar2": 0.00120241346303,
        "max": 0.5068359375,
        "mean": 0.0471163019538,
        "median": 0.03173828125,
        "min": 0.00732421875,
        "var": 0.00288659869693
    },
    "barkbands": {
        "dmean": [1.95245247596e-05, 0.00258240010589, 0.000868026341777, 0.00140148436185, 0.00360390427522, 0.000996448798105, 0.002490978688, 0.000848887022585, 0.000420997501351, 0.000272624776699, 0.000231536629144, 9.80968834483e-05, 8.9959554316e-05, 4.64449840365e-05, 5.74724872422e-05, 3.81998761441e-05, 4.70011000289e-05, 5.64093606954e-05, 4.25768594141e-05, 4.13184970967e-05, 4.95771564601e-05, 7.11560132913e-05, 4.8603174946e-05, 6.0703849158e-05, 5.70104930375e-05, 1.90649952856e-05, 3.14450016958e-06],
        "dmean2": [3.44740401488e-05, 0.00392497330904, 0.00129717867821, 0.00222001574002, 0.00594694633037, 0.00166985404212, 0.00390496756881, 0.00144680601079, 0.000642508908641, 0.000448713486549, 0.000346971442923, 0.000154879089678, 0.000131285138195, 7.15806454537e-05, 9.26629872993e-05, 6.02485451964e-05, 7.04759077053e-05, 8.55356120155e-05, 6.33838571957e-05, 6.14902164671e-05, 7.67689489294e-05, 0.00011051313777, 7.30384272174e-05, 9.29676389205e-05, 9.62226404226e-05, 3.08166781906e-05, 5.5239215726e-06],
        "dvar": [5.01493779836e-09, 3.47261920979e-05, 4.93230754728e-06, 5.26086569153e-06, 6.52966846246e-05, 1.42589115057e-05, 2.87084185402e-05, 4.10789607486e-06, 1.24032487747e-06, 1.32530408337e-06, 9.21778450902e-07, 8.2592627848e-08, 1.63355011296e-07, 1.35235440624e-08, 2.39324275952e-08, 1.54376067485e-08, 1.30544748345e-08, 2.50913920752e-08, 1.3185544212e-08, 1.84329227437e-08, 2.19983995464e-08, 5.22051237795e-08, 2.37201245312e-08, 1.25717377841e-07, 1.52722961388e-07, 9.31700849804e-09, 8.98715990516e-10],
        "dvar2": [1.43000908892e-08, 7.1808201028e-05, 1.04023993117e-05, 1.21344664876e-05, 0.000187487195944, 3.8846010284e-05, 6.48176428513e-05, 1.09554293886e-05, 2.15996760744e-06, 3.5090693018e-06, 1.82806195426e-06, 2.12740729921e-07, 3.45604831864e-07, 2.91984072476e-08, 5.35205693097e-08, 3.86128284902e-08, 3.21198072584e-08, 5.82060373233e-08, 2.44466313859e-08, 4.77766732843e-08, 5.42053442132e-08, 1.28595942783e-07, 5.51880283695e-08, 2.38985137457e-07, 4.28491034654e-07, 2.41252227084e-08, 2.48535392267e-09],
        "max": [0.000863949360792, 0.0614289566875, 0.035996094346, 0.0241624582559, 0.0796600654721, 0.0684899911284, 0.0762332826853, 0.0243595093489, 0.0244218073785, 0.0222817510366, 0.0237761251628, 0.00424166442826, 0.00882505532354, 0.00203495775349, 0.00196401728317, 0.00239367969334, 0.00176861998625, 0.00211123307236, 0.00213509425521, 0.00217951694503, 0.00189384142868, 0.00337529601529, 0.00186544144526, 0.00797884259373, 0.00832418259233, 0.00176633719821, 0.00060383597156],
        "mean": [2.8435684726e-05, 0.00457781553268, 0.00227745505981, 0.00416962010786, 0.00620021717623, 0.00135095126461, 0.00349964969791, 0.00112058245577, 0.000572892138734, 0.000341155217029, 0.000348719302565, 0.000144236473716, 0.000113522626634, 8.5442487034e-05, 0.000111417619337, 5.56357808819e-05, 7.37939117244e-05, 8.63700042828e-05, 6.74809562042e-05, 6.58828721498e-05, 9.08841393539e-05, 0.000103012185718, 7.09728410584e-05, 8.98694852367e-05, 6.98090661899e-05, 1.9866929506e-05, 2.36153528022e-06],
        "median": [1.40233692036e-06, 0.000958424003329, 0.000368797394913, 0.00168428302277, 0.00310196960345, 0.000420956494054, 0.000737774884328, 0.000300743966363, 8.69901414262e-05, 4.66063575004e-05, 1.83035081136e-05, 2.27931777772e-05, 1.1619245015e-05, 1.05510553112e-05, 1.92195293494e-05, 1.87198093045e-05, 2.34010876738e-05, 2.5075776648e-05, 1.7339576516e-05, 1.86989745998e-05, 2.28958397201e-05, 2.5618559448e-05, 1.29764612211e-05, 9.53150811256e-06, 5.73761644773e-06, 1.27680164042e-06, 5.76822989373e-09],
        "min": [7.84078435983e-24, 8.26425672667e-24, 1.13199914846e-23, 3.22325923189e-24, 4.60218391326e-23, 1.79191679442e-23, 1.33495381116e-23, 3.00413852154e-23, 6.94284118859e-23, 2.02762890621e-23, 5.67786549283e-23, 7.68733592541e-23, 6.52958031062e-23, 4.89317355972e-23, 1.12659384198e-22, 7.92024237451e-23, 1.04651259563e-22, 1.30436345765e-22, 1.70950361212e-22, 3.53602016139e-22, 3.99650111718e-22, 3.611755857e-22, 5.79919242627e-22, 7.23624405522e-22, 1.11496837989e-21, 1.43831703757e-21, 2.15890222078e-21],
        "var": [5.87555781806e-09, 7.27308288333e-05, 1.58935818035e-05, 2.71134704235e-05, 9.59049357334e-05, 1.34131296363e-05, 5.94950506638e-05, 4.83114808958e-06, 2.77459184872e-06, 1.63588572377e-06, 2.37374069911e-06, 1.36115573923e-07, 2.6067800718e-07, 4.86740532324e-08, 5.60896324941e-08, 2.11929300775e-08, 2.22688321116e-08, 3.68327306433e-08, 3.05191711902e-08, 2.39143069791e-08, 3.80152727075e-08, 6.22767828418e-08, 3.40492611883e-08, 2.24212669764e-07, 1.58533296712e-07, 8.55546478107e-09, 6.26755813915e-10]
    },
    "erbbands": {
        "dmean": [0.0383596532047, 0.684006512165, 0.942801356316, 3.18999361992, 9.12835407257, 13.149597168, 5.41003131866, 9.98928928375, 29.6995792389, 35.1605758667, 14.4153251648, 8.23351097107, 10.1724128723, 7.29566478729, 9.29424285889, 4.34302997589, 3.67231988907, 2.26271629333, 3.46104955673, 2.17039465904, 2.08044791222, 2.58120036125, 2.97626686096, 2.52705335617, 2.06616210938, 2.09777379036, 2.0176680088, 2.04958748817, 2.61016058922, 1.90801692009, 1.3526288271, 1.35303640366, 1.00713813305, 0.83536952734, 0.282048463821, 0.0896790102124, 0.0320507436991, 0.00929824542254, 0.000407829560572, 1.57668873726e-05],
        "dmean2": [0.0601900964975, 1.03601551056, 1.38129281998, 4.91411733627, 15.2991571426, 21.6670227051, 8.69744300842, 16.2021541595, 47.1032066345, 55.3756942749, 24.0751018524, 12.6902446747, 14.9193983078, 11.2511110306, 13.8964071274, 6.72990369797, 5.33029222488, 3.2471101284, 5.5811085701, 3.28307437897, 3.12854814529, 3.99899792671, 4.67513895035, 3.61435961723, 3.15459108353, 3.07976126671, 3.11412906647, 3.16394066811, 4.13775539398, 2.8901848793, 2.08461070061, 2.16504001617, 1.46156895161, 1.43259263039, 0.446172297001, 0.142875865102, 0.0508861392736, 0.0158174391836, 0.000716611684766, 2.53204216278e-05],
        "dvar": [0.00665413495153, 2.48194861412, 4.76061058044, 30.2862415314, 345.465667725, 1074.43945312, 277.252593994, 1235.32263184, 7155.94824219, 6693.5234375, 813.980163574, 378.033782959, 836.284484863, 1922.88244629, 1554.90686035, 196.095108032, 199.845794678, 29.5603485107, 84.0755233765, 29.5304660797, 55.6901054382, 51.1438369751, 73.9953918457, 65.2889709473, 26.8612937927, 41.3097610474, 42.5683174133, 32.1147842407, 76.0699234009, 32.4332733154, 19.4099197388, 41.9208717346, 42.9447059631, 33.3040046692, 2.74969339371, 0.133949145675, 0.0239616911858, 0.00678030913696, 1.64979464898e-05, 4.12766798519e-09],
        "dvar2": [0.0150299752131, 5.09712362289, 10.2497825623, 63.6318664551, 1064.59069824, 2876.08447266, 626.309692383, 3193.81567383, 18428.4726562, 13650.0654297, 2128.6484375, 788.40814209, 1459.96923828, 4995.83300781, 3184.5324707, 516.955200195, 408.964324951, 59.8042678833, 199.899551392, 64.1665115356, 135.280014038, 131.261428833, 185.573318481, 124.11743927, 59.8840179443, 105.382461548, 107.280303955, 75.4773178101, 192.413864136, 75.7051467896, 45.5913848877, 83.7553710938, 92.8155822754, 94.263458252, 7.24772930145, 0.337962955236, 0.0577724277973, 0.019046517089, 4.7351437388e-05, 1.16066090072e-08],
        "max": [0.71890604496, 16.7855834961, 29.8050842285, 59.6728210449, 187.793563843, 431.947540283, 270.906341553, 641.722595215, 1542.49194336, 1588.6270752, 355.461883545, 313.024505615, 487.213439941, 1019.19506836, 951.565002441, 210.535614014, 309.235046387, 90.0864562988, 150.06086731, 84.3237304688, 149.770690918, 112.935676575, 138.473846436, 161.18296814, 82.0329360962, 102.820541382, 84.4684524536, 74.4567184448, 122.057121277, 77.597366333, 52.0188713074, 138.773452759, 155.103042603, 122.800575256, 35.0582580566, 4.76556491852, 2.42820167542, 1.64900803566, 0.0795676782727, 0.00129610509612],
        "mean": [0.0808304324746, 1.18493151665, 2.50913190842, 10.1132078171, 17.4545001984, 22.2850112915, 9.51072120667, 13.4019021988, 41.6454200745, 47.5519523621, 20.8490104675, 11.2243566513, 13.6584358215, 9.98816204071, 14.2275161743, 6.61452198029, 5.07446622849, 3.9797604084, 6.99565458298, 3.49567580223, 3.33510994911, 4.00714588165, 4.71245622635, 3.85518908501, 3.37848186493, 3.40267372131, 3.39467000961, 3.55778598785, 3.68008780479, 2.90391373634, 1.93514621258, 1.92027759552, 1.43124306202, 1.04006910324, 0.32811447978, 0.0955746248364, 0.0343606323004, 0.00804540421814, 0.000324610358803, 3.64337465726e-05],
        "median": [0.0171402618289, 0.253620564938, 0.457685649395, 3.83896827698, 9.28665161133, 10.0004730225, 3.48801851273, 4.4815568924, 8.73393058777, 10.1032295227, 6.83240699768, 2.49575948715, 1.71084547043, 1.38898849487, 1.22842359543, 1.07924246788, 0.623271346092, 0.678450286388, 1.27766442299, 1.05732262135, 1.19330203533, 1.25695157051, 1.49529790878, 1.12905609608, 0.958848357201, 0.976426243782, 0.817769289017, 0.924588680267, 0.926521539688, 0.596157371998, 0.340454608202, 0.220974460244, 0.143139138818, 0.0854481607676, 0.0259315930307, 0.00810617394745, 0.00204490497708, 0.000184653472388, 1.84773416549e-05, 2.05001269933e-05],
        "min": [2.23662185739e-22, 2.29891869532e-21, 1.01489253125e-20, 1.99125363246e-20, 2.37135281746e-20, 7.20692547044e-20, 7.34650250528e-20, 1.90283180546e-19, 3.14081305767e-19, 6.37125268567e-19, 9.10622250049e-19, 1.61236898772e-18, 7.21838334364e-19, 1.11843266399e-18, 2.64951988619e-18, 3.9063000586e-18, 3.35268399784e-18, 3.63943049988e-18, 6.69702132971e-18, 3.92593443121e-18, 5.307222243e-18, 5.50842772315e-18, 6.71254709622e-18, 8.53768927137e-18, 1.21918034679e-17, 1.19542024544e-17, 1.98492890223e-17, 1.11536736012e-17, 1.34131315064e-17, 1.54082059443e-17, 1.59742687985e-17, 1.35956133398e-17, 1.38597908392e-17, 1.28723894779e-17, 7.40045654981e-18, 5.19021423664e-18, 2.48220771805e-18, 9.35444182473e-19, 2.83591324991e-19, 3.09452306124e-20],
        "var": [0.0159668140113, 5.24424409866, 15.7696123123, 158.989105225, 591.536315918, 1553.21240234, 362.294799805, 1289.46606445, 11020.0410156, 16837.3535156, 1154.24633789, 708.469543457, 1889.76269531, 2114.04223633, 3753.76025391, 312.822631836, 376.115447998, 97.3960876465, 211.840499878, 55.6147079468, 77.6747055054, 71.9744110107, 95.9261245728, 117.544998169, 62.5212402344, 56.1362686157, 61.2996063232, 58.1659088135, 87.1035461426, 47.8530731201, 26.8312454224, 67.2190246582, 70.2457122803, 37.7114944458, 2.85924768448, 0.132791519165, 0.025451246649, 0.004651281517, 1.04770333564e-05, 4.08193523427e-09]
    },
    "gfcc": {
        "mean": [-78.3240509033, 107.462127686, -88.9481201172, 40.2875137329, -73.8274078369, 1.23668158054, -44.0634384155, 2.82189559937, -20.8008289337, -2.48190641403, -18.3102893829, -5.08093309402, -13.3732872009],
        "cov": [[19868.2578125, 768.025939941, 18.6739673615, 1056.68481445, -323.904846191, 799.055847168, 151.940353394, 365.737976074, -83.0714645386, 417.261413574, -234.330429077, -79.8671340942, -360.640838623], [768.025939941, 1672.28259277, -336.615600586, -346.235900879, 184.928543091, -216.387985229, 121.389183044, -154.713043213, 115.507354736, -267.855499268, 145.06010437, -88.4310836792, 47.5314445496], [18.6739673615, -336.615600586, 895.780944824, 313.577697754, 188.068222046, 317.399414062, 127.536125183, 101.804855347, 0.416912585497, 143.913986206, -32.7379341125, 52.7269706726, -2.82561731339], [1056.68481445, -346.235900879, 313.577697754, 834.847595215, 166.192840576, 178.434158325, 16.5787200928, 112.715126038, 49.4884681702, 128.898391724, -18.2766876221, -0.713600635529, 31.1104774475], [-323.904846191, 184.928543091, 188.068222046, 166.192840576, 467.938262939, 76.8294296265, 32.3071708679, 8.15838050842, 58.2832069397, 13.2557487488, -2.64346575737, -12.0833778381, 16.4232883453], [799.055847168, -216.387985229, 317.399414062, 178.434158325, 76.8294296265, 415.811035156, 174.694488525, 79.0963592529, -32.2135620117, 134.362030029, -13.2783117294, 1.21123349667, -42.1894226074], [151.940353394, 121.389183044, 127.536125183, 16.5787200928, 32.3071708679, 174.694488525, 329.822479248, 61.9920730591, -2.80721735954, 16.3730335236, 41.6812057495, 11.5316114426, -40.427734375], [365.737976074, -154.713043213, 101.804855347, 112.715126038, 8.15838050842, 79.0963592529, 61.9920730591, 173.213470459, 28.4862346649, 76.2745132446, -10.6558675766, 1.54585778713, -12.8066396713], [-83.0714645386, 115.507354736, 0.416912585497, 49.4884681702, 58.2832069397, -32.2135620117, -2.80721735954, 28.4862346649, 142.262420654, 32.4639396667, 25.0907249451, -14.5470104218, 16.7662162781], [417.261413574, -267.855499268, 143.913986206, 128.898391724, 13.2557487488, 134.362030029, 16.3730335236, 76.2745132446, 32.4639396667, 181.815353394, -12.0730047226, -8.21393299103, -24.4462680817], [-234.330429077, 145.06010437, -32.7379341125, -18.2766876221, -2.64346575737, -13.2783117294, 41.6812057495, -10.6558675766, 25.0907249451, -12.0730047226, 94.6947174072, 1.76119434834, 13.4955148697], [-79.8671340942, -88.4310836792, 52.7269706726, -0.713600635529, -12.0833778381, 1.21123349667, 11.5316114426, 1.54585778713, -14.5470104218, -8.21393299103, 1.76119434834, 79.2725143433, -0.351321816444], [-360.640838623, 47.5314445496, -2.82561731339, 31.1104774475, 16.4232883453, -42.1894226074, -40.427734375, -12.8066396713, 16.7662162781, -24.4462680817, 13.4955148697, -0.351321816444, 68.3551025391]],
        "icov": [[0.000114996968477, -0.000324215390719, 7.85262163845e-05, -0.000256319181062, 0.000253184698522, -0.000251778255915, 0.000244011651375, -0.000212641418329, 0.000207661447348, -0.000330492242938, 0.000424100871896, -0.000292223587167, 0.000585956498981], [-0.000324215390719, 0.00232542818412, -9.15869240998e-05, 0.00108395214193, -0.00129500788171, 0.000780291389674, -0.00136692437809, 0.00111958675552, -0.00174293632153, 0.00266499421559, -0.00237526954152, 0.00230703968555, -0.00176921545062], [7.85262163845e-05, -9.15869240998e-05, 0.00197012210265, -0.00038783979835, -0.000374907627702, -0.00115050014574, -0.000114691472845, -0.000254125829088, 0.000123011646792, -0.000699817202985, 0.000757900299504, -0.0014235842973, -0.000436923815869], [-0.000256319181062, 0.00108395214193, -0.00038783979835, 0.00232352898456, -0.00107398151886, 0.000192593244719, -0.000464177195681, -3.90858804167e-05, -0.000913398631383, 0.000651549489703, -0.00113608513493, 0.00104597199243, -0.00239782733843], [0.000253184698522, -0.00129500788171, -0.000374907627702, -0.00107398151886, 0.00348684820347, -0.000988381681964, 0.000760112248827, -0.000219471330638, -0.00039754062891, -0.00061350769829, 0.00174147577491, -0.000679427408613, 0.00120101787616], [-0.000251778255915, 0.000780291389674, -0.00115050014574, 0.000192593244719, -0.000988381681964, 0.00620329985395, -0.00299993879162, 0.00075242749881, 0.00166527542751, -0.00241701956838, -0.000608909758739, 0.00162552215625, -0.000717573566362], [0.000244011651375, -0.00136692437809, -0.000114691472845, -0.000464177195681, 0.000760112248827, -0.00299993879162, 0.0061497669667, -0.00241452688351, 0.000451669562608, 0.000759137328714, -0.00137377693318, -0.00168283679523, 0.00401832489297], [-0.000212641418329, 0.00111958675552, -0.000254125829088, -3.90858804167e-05, -0.000219471330638, 0.00075242749881, -0.00241452688351, 0.00880497694016, -0.00209391815588, -0.00137811282184, 0.000351458933437, 0.000797795539256, -0.00119893124793], [0.000207661447348, -0.00174293632153, 0.000123011646792, -0.000913398631383, -0.00039754062891, 0.00166527542751, 0.000451669562608, -0.00209391815588, 0.0111446613446, -0.00499894982204, -0.000649549649097, -0.000397426018026, -0.000668624590617], [-0.000330492242938, 0.00266499421559, -0.000699817202985, 0.000651549489703, -0.00061350769829, -0.00241701956838, 0.000759137328714, -0.00137811282184, -0.00499894982204, 0.0136900190264, -0.00309662078507, 0.00354851037264, 0.00167591625359], [0.000424100871896, -0.00237526954152, 0.000757900299504, -0.00113608513493, 0.00174147577491, -0.000608909758739, -0.00137377693318, 0.000351458933437, -0.000649549649097, -0.00309662078507, 0.015904981643, -0.00306776957586, -0.00120734551456], [-0.000292223587167, 0.00230703968555, -0.0014235842973, 0.00104597199243, -0.000679427408613, 0.00162552215625, -0.00168283679523, 0.000797795539256, -0.000397426018026, 0.00354851037264, -0.00306776957586, 0.016308138147, -0.00130413239822], [0.000585956498981, -0.00176921545062, -0.000436923815869, -0.00239782733843, 0.00120101787616, -0.000717573566362, 0.00401832489297, -0.00119893124793, -0.000668624590617, 0.00167591625359, -0.00120734551456, -0.00130413239822, 0.0224400330335]]
    },
    "melbands": {
        "dmean": [0.000569870462641, 0.000656536081806, 0.000592207768932, 0.000927479239181, 0.000247143820161, 0.000240608525928, 0.000464872980956, 0.000339524471201, 0.00010374141857, 5.35503422725e-05, 5.07617914991e-05, 3.02833086607e-05, 3.46852357325e-05, 1.24314974528e-05, 1.38075538416e-05, 5.79897141506e-06, 4.19328625867e-06, 5.98932274443e-06, 3.83114229408e-06, 2.72169154414e-06, 2.38625534621e-06, 2.83885583485e-06, 3.03419869851e-06, 2.79123742075e-06, 2.06281242754e-06, 1.72288503109e-06, 1.43323597968e-06, 1.37111499043e-06, 1.30941009502e-06, 1.53123812652e-06, 1.29751845179e-06, 1.50239145569e-06, 1.46536308421e-06, 9.76562432697e-07, 8.69933330705e-07, 7.66743653458e-07, 9.48902027176e-07, 7.30308897801e-07, 8.32359887681e-07, 6.6258996867e-07],
        "dmean2": [0.000877913669683, 0.000961855286732, 0.000930232985411, 0.00152229238302, 0.000402131641749, 0.000389746244764, 0.000731842184905, 0.000542422989383, 0.000177060719579, 8.04372466519e-05, 7.40468167351e-05, 4.7947618441e-05, 5.07513796038e-05, 1.94355707208e-05, 2.09563077078e-05, 8.64351841301e-06, 6.17189380137e-06, 9.63213460636e-06, 5.91430853092e-06, 4.10591110267e-06, 3.74996943719e-06, 4.47698130301e-06, 4.77406183563e-06, 4.33248760601e-06, 2.97824294648e-06, 2.74355761576e-06, 2.27316331802e-06, 2.09676795748e-06, 1.96430005417e-06, 2.51219944403e-06, 1.97728240892e-06, 2.37812650994e-06, 2.34621143136e-06, 1.46916124777e-06, 1.37842084769e-06, 1.20197626075e-06, 1.49280788264e-06, 1.11694350835e-06, 1.42954354487e-06, 1.12872999125e-06],
        "dvar": [1.61406262578e-06, 2.14648571273e-06, 9.74657496045e-07, 4.0631198317e-06, 6.82195434365e-07, 8.7642803237e-07, 1.36100902637e-06, 6.18781086814e-07, 4.30118589634e-08, 1.86197830487e-08, 2.07224264415e-08, 3.48088384783e-08, 2.36266632925e-08, 1.34021072018e-09, 3.5519809316e-09, 2.92512319922e-10, 1.06648335996e-10, 2.56342058691e-10, 1.21865767477e-10, 6.642309619e-11, 7.04649186223e-11, 7.79932368689e-11, 5.68218284924e-11, 6.74377706456e-11, 5.05936577355e-11, 1.69883985351e-11, 2.14618583322e-11, 1.81500647845e-11, 1.34043973837e-11, 2.50634565185e-11, 1.0349157295e-11, 2.4923075756e-11, 2.10240245352e-11, 7.77235914518e-12, 8.66957113738e-12, 6.94587139541e-12, 2.78275163329e-11, 2.04124026709e-11, 4.14911820179e-11, 1.93720126745e-11],
        "dvar2": [3.45800299328e-06, 4.37890093963e-06, 2.16571129386e-06, 1.22004139484e-05, 1.62139508575e-06, 2.35647462432e-06, 3.43714259543e-06, 1.31814783799e-06, 1.12039650446e-07, 3.41466908083e-08, 3.54600970809e-08, 9.26616721131e-08, 4.56897772949e-08, 3.66004737629e-09, 8.31056112816e-09, 5.9444693612e-10, 2.25786528363e-10, 6.19202744634e-10, 2.85395457267e-10, 1.46883116781e-10, 1.66587077466e-10, 2.04444683405e-10, 1.48896783791e-10, 1.56055182665e-10, 9.86603715392e-11, 3.61908142343e-11, 5.39632921681e-11, 4.61902703586e-11, 3.17994484911e-11, 6.87498183383e-11, 2.36059019554e-11, 6.25044530023e-11, 5.31002047888e-11, 1.75034865074e-11, 2.10702132825e-11, 1.67220438885e-11, 5.73637942702e-11, 3.53268317377e-11, 1.21447629731e-10, 5.47372286386e-11],
        "max": [0.0119391018525, 0.0167177673429, 0.0112429056317, 0.0198334418237, 0.0127174519002, 0.0181252881885, 0.0200359132141, 0.0138988308609, 0.00230139587075, 0.00279266666621, 0.00244895345531, 0.00430216873065, 0.0039545763284, 0.000458791095298, 0.00125750398729, 0.000245079834713, 0.000166806741618, 0.000284889159957, 0.000171928550117, 0.000146762016811, 0.000156135050929, 0.000154368550284, 0.000106159030111, 0.000103755832242, 0.00014524544531, 6.23853848083e-05, 6.72841124469e-05, 6.62042366457e-05, 5.37052874279e-05, 7.11530665285e-05, 4.34864195995e-05, 6.79661970935e-05, 6.7985340138e-05, 3.4508855606e-05, 3.7985133531e-05, 3.82613652619e-05, 0.000125188860693, 0.000106106424937, 0.000134468820761, 9.34791460168e-05],
        "mean": [0.00104830914643, 0.0014866895508, 0.00184699846432, 0.00161224813201, 0.000425360980444, 0.000313248252496, 0.00065120565705, 0.000456761132227, 0.000144808916957, 7.09523301339e-05, 6.78163414705e-05, 3.83602491638e-05, 5.37278465345e-05, 1.80307379196e-05, 1.70606544998e-05, 8.14612303657e-06, 6.95355493008e-06, 1.12535562948e-05, 6.62783213556e-06, 3.91979847336e-06, 3.78743243346e-06, 4.04193724535e-06, 4.38618189946e-06, 4.24088693762e-06, 2.912107675e-06, 2.68147027782e-06, 2.17386286749e-06, 2.17984938899e-06, 2.03570129997e-06, 2.2849301331e-06, 2.02065552912e-06, 2.05885362448e-06, 1.9650192371e-06, 1.45039837207e-06, 1.16206922485e-06, 9.79084575192e-07, 1.26475117668e-06, 1.07007724637e-06, 9.49201137246e-07, 8.2819593672e-07],
        "median": [0.000235582454479, 0.000333098054398, 0.000864157453179, 0.000830637349281, 0.000163860531757, 9.66579536907e-05, 0.000149078216054, 9.45678839344e-05, 4.15369358961e-05, 1.1767216165e-05, 8.10286837805e-06, 5.17699209013e-06, 3.19890750689e-06, 2.69940983344e-06, 1.87861280665e-06, 1.13067392249e-06, 9.54903725869e-07, 1.945639724e-06, 1.23481322589e-06, 1.21287382626e-06, 1.17919535114e-06, 1.12302518573e-06, 1.37304823511e-06, 1.25577321342e-06, 7.11509983375e-07, 6.54030600344e-07, 6.7764835876e-07, 5.8729739294e-07, 4.1867372147e-07, 5.18142428518e-07, 4.94425137276e-07, 4.83669055029e-07, 4.21743266088e-07, 2.78071127013e-07, 2.03847648095e-07, 1.36753385505e-07, 1.16985603427e-07, 1.03875336777e-07, 7.36783576372e-08, 6.39854320639e-08],
        "min": [3.73064391651e-24, 4.94597959317e-24, 3.26079461427e-24, 9.9638386143e-24, 2.2403801564e-24, 4.36740652275e-24, 4.04535800249e-24, 6.83892469931e-24, 8.53707953757e-24, 1.03372995663e-23, 3.40393875033e-24, 3.85616588603e-24, 9.47955138256e-24, 8.34493905347e-24, 1.24335562159e-23, 5.27772873597e-24, 5.81597720908e-24, 8.35731233677e-24, 6.74705948032e-24, 4.68747579099e-24, 6.15096975349e-24, 5.48463630179e-24, 6.19206033475e-24, 6.93355566464e-24, 6.75186285437e-24, 7.29551975784e-24, 8.25696055215e-24, 6.43472617654e-24, 1.30317202524e-23, 8.53878978802e-24, 5.52665892221e-24, 7.35621471589e-24, 7.25591657381e-24, 8.6600810965e-24, 9.36854524256e-24, 9.44532113016e-24, 7.17643804875e-24, 1.07209683785e-23, 8.51922682643e-24, 1.17581398197e-23],
