{
"metadata": {
    "version": {
        "essentia": "2.0.1",
        "extractor": "archive-music 1.0"
    },
    "audio_properties": {
        "analysis_sample_rate": 44100,
        "bitrate": 128,
        "channels": 2,
        "equal_loudness": 0,
        "length": 15.8563261032,
        "replay_gain": -7.29265213013,
        "downmix": "mix"
    },
    "tags": {
        "track": 0,
        "year": 0,
        "album": "Na jug",
        "artist": "SUR",
        "comment": "",
        "genre": "Other",
        "title": "Lahko te čutim"
    }
},
"highlevel": {
    "culture": {
        "all": {
            "non_western": 0.011088588275,
            "western": 0.988911390305
        },
        "probability": 0.988911390305,
        "value": "western"
    },
    "danceability": {
        "all": {
            "danceable": 0.998335957527,
            "not_danceable": 0.00166405818891
        },
        "probability": 0.998335957527,
        "value": "danceable"
    },
    "gender": {
        "all": {
            "female": 0.994537234306,
            "male": 0.0054627796635
        },
        "probability": 0.994537234306,
        "value": "female"
    },
    "genre_dortmund": {
        "all": {
            "alternative": 0.0249345004559,
            "blues": 0.00821525417268,
            "electronic": 0.0977335199714,
            "folkcountry": 0.0129867140204,
            "funksoulrnb": 0.0517956130207,
            "jazz": 0.0957538112998,
            "pop": 0.07966555655,
            "raphiphop": 0.575574994087,
            "rock": 0.0533400475979
        },
        "probability": 0.575574994087,
        "value": "raphiphop"
    },
    "genre_electronic": {
        "all": {
            "ambient": 0.641283512115,
            "dnb": 0.149813190103,
            "house": 0.0888668894768,
            "techno": 0.028087079525,
            "trance": 0.0919493213296
        },
        "probability": 0.641283512115,
        "value": "ambient"
    },
    "genre_rosamerica": {
        "all": {
            "cla": 0.000227141164942,
            "dan": 0.013981975615,
            "hip": 0.00396534102038,
            "jaz": 0.000911978830118,
            "pop": 0.952567577362,
            "rhy": 0.0220875479281,
            "roc": 0.00498736510053,
            "spe": 0.00127109163441
        },
        "probability": 0.952567577362,
        "value": "pop"
    },
    "genre_tzanetakis": {
        "all": {
            "blu": 3.7342444557e-05,
            "cla": 0.000225119874813,
            "cou": 0.00134231161792,
            "dis": 0.00137570023071,
            "hip": 0.0186249744147,
            "jaz": 0.00229366612621,
            "met": 9.01936218725e-05,
            "pop": 0.961317777634,
            "reg": 0.0123561592773,
            "roc": 0.00233673956245
        },
        "probability": 0.961317777634,
        "value": "pop"
    },
    "mirex_ballroom": {
        "all": {
            "ChaChaCha": 0.249420300126,
            "Jive": 0.0309347547591,
            "Quickstep": 0.0797377005219,
            "Rumba-American": 0.018559794873,
            "Rumba-International": 0.2070209831,
            "Rumba-Misc": 0.0629114359617,
            "Samba": 0.277881622314,
            "Tango": 0.0163201279938,
            "VienneseWaltz": 0.0473505370319,
            "Waltz": 0.00986274890602
        },
        "probability": 0.277881622314,
        "value": "Samba"
    },
    "mood_acoustic": {
        "all": {
            "acoustic": 0.074990324676,
            "not_acoustic": 0.925009667873
        },
        "probability": 0.925009667873,
        "value": "not_acoustic"
    },
    "mood_aggressive": {
        "all": {
            "aggressive": 0.137249425054,
            "not_aggressive": 0.862750589848
        },
        "probability": 0.862750589848,
        "value": "not_aggressive"
    },
    "mood_electronic": {
        "all": {
            "electronic": 0.798862636089,
            "not_electronic": 0.201137363911
        },
        "probability": 0.798862636089,
        "value": "electronic"
    },
    "mood_happy": {
        "all": {
            "happy": 0.810878515244,
            "not_happy": 0.189121499658
        },
        "probability": 0.810878515244,
        "value": "happy"
    },
    "mood_party": {
        "all": {
            "not_party": 0.887627899647,
            "party": 0.112372115254
        },
        "probability": 0.887627899647,
        "value": "not_party"
    },
    "mood_relaxed": {
        "all": {
            "not_relaxed": 0.273245632648,
            "relaxed": 0.726754367352
        },
        "probability": 0.726754367352,
        "value": "relaxed"
    },
    "mood_sad": {
        "all": {
            "not_sad": 0.616197168827,
            "sad": 0.383802831173
        },
        "probability": 0.616197168827,
        "value": "not_sad"
    },
    "moods_mirex": {
        "all": {
            "Cluster1": 0.283706516027,
            "Cluster2": 0.156336784363,
            "Cluster3": 0.0880939885974,
            "Cluster4": 0.113680042326,
            "Cluster5": 0.358182668686
        },
        "probability": 0.358182668686,
        "value": "Cluster5"
    },
    "timbre": {
        "all": {
            "bright": 0.608603715897,
            "dark": 0.391396284103
        },
        "probability": 0.608603715897,
        "value": "bright"
    },
    "tonal_atonal": {
        "all": {
            "atonal": 0.83311444521,
            "tonal": 0.166885584593
        },
        "probability": 0.83311444521,
        "value": "atonal"
    },
    "voice_instrumental": {
        "all": {
            "instrumental": 0.972100377083,
            "voice": 0.0278996210545
        },
        "probability": 0.972100377083,
        "value": "instrumental"
    }
},
"lowlevel": {
    "average_loudness": 0.977785468102,
    "barkbands_kurtosis": {
        "dmean": 3.77080368996,
        "dmean2": 6.02694368362,
        "dvar": 35.802406311,
        "dvar2": 89.0207672119,
        "max": 83.8954925537,
        "mean": 5.87166595459,
        "median": 3.63610577583,
        "min": -1.08081483841,
        "var": 52.4843635559
    },
    "barkbands_skewness": {
        "dmean": 0.609503149986,
        "dmean2": 0.939607083797,
        "dvar": 0.450046420097,
        "dvar2": 1.01645123959,
        "max": 7.03935909271,
        "mean": 1.88392400742,
        "median": 1.74053192139,
        "min": -2.10473680496,
        "var": 1.21756434441
    },
    "barkbands_spread": {
        "dmean": 5.18009567261,
        "dmean2": 7.99761724472,
        "dvar": 42.4411087036,
        "dvar2": 89.5352706909,
        "max": 83.9022064209,
        "mean": 19.3419971466,
        "median": 15.9060087204,
        "min": 1.82210099697,
        "var": 160.687927246
    },
    "dissonance": {
        "dmean": 0.0277811270207,
        "dmean2": 0.0479437299073,
        "dvar": 0.000615411496256,
        "dvar2": 0.00176622299477,
        "max": 0.499241799116,
        "mean": 0.44650965929,
        "median": 0.452925235033,
        "min": 0.301447570324,
        "var": 0.00125643797219
    },
    "dynamic_complexity": 2.80189847946,
    "erbbands_kurtosis": {
        "dmean": 1.34236288071,
        "dmean2": 2.18842434883,
        "dvar": 3.36508250237,
        "dvar2": 9.35682106018,
        "max": 28.0140914917,
        "mean": 1.86583542824,
        "median": 1.08346056938,
        "min": -1.73015022278,
        "var": 11.3656988144
    },
    "erbbands_skewness": {
        "dmean": 0.372233390808,
        "dmean2": 0.599171996117,
        "dvar": 0.115099728107,
        "dvar2": 0.29188477993,
        "max": 3.3112988472,
        "mean": 0.922134816647,
        "median": 0.909967422485,
        "min": -1.55864346027,
        "var": 0.49181240797
    },
    "erbbands_spread": {
        "dmean": 7.96990013123,
        "dmean2": 12.0954370499,
        "dvar": 98.072555542,
        "dvar2": 211.898345947,
        "max": 123.85861969,
        "mean": 36.792339325,
        "median": 31.9627494812,
        "min": 3.74394130707,
        "var": 519.185241699
    },
    "hfc": {
        "dmean": 8.25858688354,
        "dmean2": 13.2774524689,
        "dvar": 280.672241211,
        "dvar2": 761.974914551,
        "max": 179.257232666,
        "mean": 26.4205951691,
        "median": 22.8382854462,
        "min": 1.20970241207e-16,
        "var": 427.914093018
    },
    "melbands_kurtosis": {
        "dmean": 8.76556491852,
        "dmean2": 14.4821281433,
        "dvar": 227.458496094,
        "dvar2": 591.993164062,
        "max": 149.112014771,
        "mean": 14.5454931259,
        "median": 8.88906669617,
        "min": -1.24892234802,
        "var": 346.5105896
    },
    "melbands_skewness": {
        "dmean": 0.844436407089,
        "dmean2": 1.3401466608,
        "dvar": 0.888496279716,
        "dvar2": 2.11397743225,
        "max": 9.61225891113,
        "mean": 2.66470193863,
        "median": 2.44505739212,
        "min": -0.449231505394,
        "var": 2.67595338821
    },
    "melbands_spread": {
        "dmean": 4.4795923233,
        "dmean2": 7.17544174194,
        "dvar": 62.3242912292,
        "dvar2": 135.890182495,
        "max": 151.836334229,
        "mean": 15.8665065765,
        "median": 14.68313694,
        "min": 1.15604460239,
        "var": 166.1665802
    },
    "pitch_salience": {
        "dmean": 0.0813589468598,
        "dmean2": 0.132713019848,
        "dvar": 0.00586240645498,
        "dvar2": 0.0154148871079,
        "max": 0.938957095146,
        "mean": 0.463038563728,
        "median": 0.466999053955,
        "min": 0.208864852786,
        "var": 0.011250294745
    },
    "silence_rate_20dB": {
        "dmean": 0,
        "dmean2": 0,
        "dvar": 0,
        "dvar2": 0,
        "max": 1,
        "mean": 1,
        "median": 1,
        "min": 1,
        "var": 0
    },
    "silence_rate_30dB": {
        "dmean": 0.0673499256372,
        "dmean2": 0.134897366166,
        "dvar": 0.0628136917949,
        "dvar2": 0.14016006887,
        "max": 1,
        "mean": 0.916666686535,
        "median": 1,
        "min": 0,
        "var": 0.0763884559274
    },
    "silence_rate_60dB": {
        "dmean": 0.00292825768702,
        "dmean2": 0.00586510263383,
        "dvar": 0.00291969091631,
        "dvar2": 0.00583075126633,
        "max": 1,
        "mean": 0.0511695891619,
        "median": 0,
        "min": 0,
        "var": 0.0485517196357
    },
    "spectral_centroid": {
        "dmean": 203.313690186,
        "dmean2": 293.843231201,
        "dvar": 198248.359375,
        "dvar2": 201797.046875,
        "max": 11370.2265625,
        "mean": 1035.61315918,
        "median": 926.948120117,
        "min": 225.239807129,
        "var": 518196.71875
    },
    "spectral_complexity": {
        "dmean": 3.30307459831,
        "dmean2": 5.15835762024,
        "dvar": 15.4176397324,
        "dvar2": 31.5731296539,
        "max": 52,
        "mean": 16.9517536163,
        "median": 16,
        "min": 0,
        "var": 66.5722122192
    },
    "spectral_crest": {
        "dmean": 3.05966567993,
        "dmean2": 5.1018872261,
        "dvar": 8.85125827789,
        "dvar2": 23.5903644562,
        "max": 23.5621261597,
        "mean": 12.7086992264,
        "median": 12.2714653015,
        "min": 3.36557865143,
        "var": 17.6174716949
    },
    "spectral_decrease": {
        "dmean": 5.32975663603e-09,
        "dmean2": 8.48118109076e-09,
        "dvar": 5.72892322062e-17,
        "dvar2": 1.33450464356e-16,
        "max": 1.13254695566e-28,
        "mean": -1.41142093568e-08,
        "median": -1.21932330899e-08,
        "min": -6.66505073355e-08,
        "var": 1.02985594302e-16
    },
    "spectral_energy": {
        "dmean": 0.02064095065,
        "dmean2": 0.032790325582,
        "dvar": 0.000844096357469,
        "dvar2": 0.00197064620443,
        "max": 0.257937073708,
        "mean": 0.0556667409837,
        "median": 0.0481795072556,
        "min": 1.05449105657e-20,
        "var": 0.00153277930804
    },
    "spectral_energyband_high": {
        "dmean": 0.000465814169729,
        "dmean2": 0.000745547760744,
        "dvar": 9.64471951193e-07,
        "dvar2": 2.43386398324e-06,
        "max": 0.00997051037848,
        "mean": 0.00099772575777,
        "median": 0.000354748684913,
        "min": 7.9335385304e-21,
        "var": 2.03002423405e-06
    },
    "spectral_energyband_low": {
        "dmean": 0.0176518000662,
        "dmean2": 0.0287712104619,
        "dvar": 0.000820176501293,
        "dvar2": 0.00193407491315,
        "max": 0.23018668592,
        "mean": 0.0328316651285,
        "median": 0.0228948630393,
        "min": 5.80088866654e-23,
        "var": 0.00117810512893
    },
    "spectral_energyband_middle_high": {
        "dmean": 0.00198118342087,
        "dmean2": 0.00326772662811,
        "dvar": 2.35665593209e-05,
        "dvar2": 6.47456909064e-05,
        "max": 0.0585910603404,
        "mean": 0.00488822208717,
        "median": 0.00373960868455,
        "min": 1.25499384114e-21,
        "var": 3.05272478727e-05
    },
    "spectral_energyband_middle_low": {
        "dmean": 0.00646239798516,
        "dmean2": 0.0107649145648,
        "dvar": 8.0985671957e-05,
        "dvar2": 0.000200605136342,
        "max": 0.0903266370296,
        "mean": 0.0181332100183,
        "median": 0.0165494643152,
        "min": 2.60987701138e-22,
        "var": 0.000149924468133
    },
    "spectral_flatness_db": {
        "dmean": 0.0249680541456,
        "dmean2": 0.0380574017763,
        "dvar": 0.00057628727518,
        "dvar2": 0.00122906372417,
        "max": 0.296064466238,
        "mean": 0.1586047858,
        "median": 0.159115538001,
        "min": 0.0417175814509,
        "var": 0.00257908995263
    },
    "spectral_flux": {
        "dmean": 0.0390865243971,
        "dmean2": 0.0603477433324,
        "dvar": 0.00225155428052,
        "dvar2": 0.00434097461402,
        "max": 0.447439134121,
        "mean": 0.109150715172,
        "median": 0.0905749350786,
        "min": 1.02688413328e-10,
        "var": 0.00535572879016
    },
    "spectral_kurtosis": {
        "dmean": 1.74464154243,
        "dmean2": 2.68817591667,
        "dvar": 4.43629026413,
        "dvar2": 10.4319877625,
        "max": 27.5382118225,
        "mean": 6.30832672119,
        "median": 5.86984920502,
        "min": -1.18445694447,
        "var": 16.3023681641
    },
    "spectral_rms": {
        "dmean": 0.00121578783728,
        "dmean2": 0.00187590136193,
        "dvar": 1.95698203243e-06,
        "dvar2": 4.40860503659e-06,
        "max": 0.0158633515239,
        "mean": 0.0068950089626,
        "median": 0.00685597490519,
        "min": 3.20744711173e-12,
        "var": 6.76790295984e-06
    },
    "spectral_rolloff": {
        "dmean": 367.829406738,
        "dmean2": 639.996704102,
        "dvar": 1608244.625,
        "dvar2": 3471935.75,
        "max": 19056.8847656,
        "mean": 903.858764648,
        "median": 667.529296875,
        "min": 64.599609375,
        "var": 3182781.75
    },
    "spectral_skewness": {
        "dmean": 0.224145263433,
        "dmean2": 0.339010834694,
        "dvar": 0.0571565292776,
        "dvar2": 0.124344088137,
        "max": 3.94196891785,
        "mean": 2.00369143486,
        "median": 2.00291633606,
        "min": -0.0404616519809,
        "var": 0.303148418665
    },
    "spectral_spread": {
        "dmean": 970179.25,
        "dmean2": 1362249.625,
        "dvar": 4.01993026765e+12,
        "dvar2": 4.92002187674e+12,
        "max": 40966240,
        "mean": 5617105.5,
        "median": 4755992,
        "min": 1734246,
        "var": 9.71613247898e+12
    },
    "spectral_strongpeak": {
        "dmean": 0.421917885542,
        "dmean2": 0.759351909161,
        "dvar": 0.621821045876,
        "dvar2": 1.53077197075,
        "max": 5.56490135193,
        "mean": 0.716440200806,
        "median": 0.407076328993,
        "min": 0,
        "var": 0.841143131256
    },
    "zerocrossingrate": {
        "dmean": 0.0114070503041,
        "dmean2": 0.0149426953867,
        "dvar": 0.000585463421885,
        "dvar2": 0.0010923066875,
        "max": 0.5126953125,
        "mean": 0.0522061176598,
        "median": 0.03857421875,
        "min": 0.00537109375,
        "var": 0.00265654549003
    },
    "barkbands": {
        "dmean": [0.00119836360682, 0.0141316056252, 0.00522544793785, 0.00179536489304, 0.00187126873061, 0.00273620872758, 0.00115158420522, 0.00120503397193, 0.0015520688612, 0.000710052379873, 0.000535283819772, 0.000272853591014, 0.000299660343444, 0.000221259222599, 0.00030979339499, 0.000318450853229, 0.000160256342497, 0.000124218262499, 0.000114637499792, 0.000110454304377, 5.74744481128e-05, 4.59599214082e-05, 5.52384299226e-05, 9.28110894165e-05, 0.000130300264573, 0.000132885179482, 2.15025902435e-05],
        "dmean2": [0.00180201884359, 0.0234278757125, 0.00967042706907, 0.00320496666245, 0.00304816639982, 0.0044253570959, 0.00189694575965, 0.00206976220943, 0.00244233640842, 0.00121287954971, 0.00086903036572, 0.000446189573267, 0.000479083071696, 0.000364151172107, 0.000562112196349, 0.000549838063307, 0.000253128499025, 0.000212010374526, 0.000196227294509, 0.00017178132839, 9.47614462348e-05, 7.65147124184e-05, 9.41893886193e-05, 0.000151913191075, 0.00021235748136, 0.000218640765524, 3.78119475499e-05],
        "dvar": [4.08261666962e-06, 0.000478674948681, 0.000324462918798, 2.94611363643e-05, 1.13380219773e-05, 2.04618099815e-05, 3.35192748935e-06, 6.51070376989e-06, 6.74633974995e-06, 2.27775467465e-06, 8.59828503508e-07, 3.66877060287e-07, 3.11920501872e-07, 3.02419209675e-07, 1.29834370455e-06, 1.3011866713e-06, 1.40106067192e-07, 1.07633653101e-07, 6.77407925309e-08, 9.80230865366e-08, 2.24075442645e-08, 2.18644640171e-08, 2.38319461943e-08, 5.42041114215e-08, 6.99526054859e-08, 7.6198105603e-08, 2.69371414063e-09],
        "dvar2": [1.01935656858e-05, 0.00129467854276, 0.000923279556446, 8.02520808065e-05, 2.80051044683e-05, 5.17600856256e-05, 8.74568195286e-06, 1.96924011107e-05, 1.67959424289e-05, 6.26523024039e-06, 2.23774259211e-06, 9.8008445093e-07, 8.05845104423e-07, 7.15324574685e-07, 3.86006104236e-06, 3.64908100892e-06, 3.45910962096e-07, 3.05967176928e-07, 1.91366240188e-07, 2.20597001999e-07, 5.89405146911e-08, 5.7890254368e-08, 6.76946569911e-08, 1.27016505758e-07, 1.68854896287e-07, 2.0095740183e-07, 7.03494906773e-09],
        "max": [0.0268508438021, 0.162485301495, 0.155786812305, 0.0480437800288, 0.0337806977332, 0.0595205463469, 0.0174759235233, 0.0290755927563, 0.0365044549108, 0.0161431692541, 0.0103742396459, 0.00665200734511, 0.00678274175152, 0.00858545303345, 0.0106160556898, 0.0121225723997, 0.00469334935769, 0.00341251562349, 0.00293615669943, 0.0062749828212, 0.00161772861611, 0.00155685597565, 0.00192146748304, 0.00380392582156, 0.00308082997799, 0.00281482958235, 0.000557002553251],
        "mean": [0.00226308009587, 0.0254944022745, 0.0041783945635, 0.00157464598306, 0.00320903607644, 0.00479311356321, 0.00196908018552, 0.00175878079608, 0.00440511107445, 0.00119291758165, 0.00104479282163, 0.000369593879441, 0.000521202688105, 0.000295278499834, 0.000329844420776, 0.000396277726395, 0.000360508041922, 0.000229394165217, 0.000201554546948, 0.000216461499804, 9.44884814089e-05, 6.99939701008e-05, 8.66299742484e-05, 0.000153429398779, 0.000221198613872, 0.000214574494748, 2.29810630117e-05],
        "median": [0.00128116179258, 0.0182901844382, 0.000986616825685, 0.000585308182053, 0.00191415380687, 0.00257830228657, 0.00101960753091, 0.000473601307021, 0.00105985649861, 0.000333127449267, 0.00037250953028, 0.000147269543959, 0.000200766429771, 0.000131055174279, 0.000115757764434, 0.000140071293572, 8.83576431079e-05, 9.27257933654e-05, 0.000107384512376, 0.000103848273284, 4.10149077652e-05, 1.2574530956e-05, 1.92248771782e-05, 4.00618046115e-05, 4.21252989327e-05, 4.51841624454e-05, 1.17475519801e-06],
        "min": [9.95673097755e-24, 3.42055334429e-24, 3.31575593404e-23, 1.6593192159e-23, 1.80397216677e-23, 1.93353483961e-23, 3.81853958743e-23, 3.84962733353e-23, 8.10770160023e-23, 5.70862349507e-23, 5.65013103667e-23, 1.02569234753e-22, 5.98550988627e-23, 7.0005271156e-23, 1.09473067717e-22, 7.00421393592e-23, 1.88993149971e-22, 1.85804044078e-22, 1.92323480899e-22, 2.3265656321e-22, 3.4542742292e-22, 3.40303790273e-22, 4.34402653145e-22, 8.98565632987e-22, 1.26953856821e-21, 1.6148674908e-21, 2.12882463316e-21],
        "var": [7.92534228822e-06, 0.000635303906165, 0.000197786139324, 2.01747770916e-05, 1.77399542736e-05, 4.44410361524e-05, 7.2125862971e-06, 1.05090002762e-05, 4.67719764856e-05, 4.73499130749e-06, 2.82599694401e-06, 4.55031539559e-07, 7.8877337728e-07, 3.58486147434e-07, 8.04423223144e-07, 9.89277964436e-07, 4.68579315793e-07, 1.64043655104e-07, 8.9728686703e-08, 1.97284009573e-07, 3.06575920206e-08, 2.53147849349e-08, 2.8491758286e-08, 9.84378374369e-08, 1.69862985899e-07, 1.61724670988e-07, 3.76491771092e-09]
    },
    "erbbands": {
        "dmean": [0.505573630333, 2.98144197464, 5.63061714172, 6.68969488144, 3.93556332588, 7.15418672562, 11.1625795364, 30.5627117157, 18.1805229187, 18.4476680756, 23.6296596527, 38.7622566223, 28.448266983, 17.4057598114, 18.791223526, 10.564157486, 12.9290542603, 10.8238182068, 12.1547346115, 22.5310516357, 12.0094251633, 8.81399154663, 6.81429719925, 5.53934860229, 5.63717985153, 4.91857051849, 3.50414586067, 1.80161309242, 1.64231204987, 1.74250757694, 1.47997617722, 1.42466902733, 1.87639820576, 1.36444568634, 1.04053044319, 0.474462717772, 0.30278134346, 0.0631322488189, 0.002317777602, 5.88710900047e-05],
        "dmean2": [0.79526078701, 4.96462917328, 9.77653503418, 12.1578111649, 6.706802845, 11.6854467392, 17.8598690033, 50.1562919617, 28.9666252136, 31.0349292755, 38.9454956055, 61.0817680359, 44.7813949585, 28.1816730499, 29.8333034515, 17.5899028778, 20.5559597015, 17.4349975586, 21.3621768951, 41.2768936157, 20.0581569672, 14.0237169266, 11.3509731293, 9.36876678467, 9.48140621185, 7.59089326859, 5.71011066437, 3.01040077209, 2.6968934536, 2.98392176628, 2.45024943352, 2.37069272995, 3.0144841671, 2.2224624157, 1.74008452892, 0.78786355257, 0.495330870152, 0.106467418373, 0.00397949572653, 9.52582704485e-05],
        "dvar": [0.502992391586, 30.9968223572, 290.194519043, 504.886535645, 101.582321167, 142.589279175, 323.522094727, 3162.25390625, 894.791564941, 1358.2701416, 2346.57006836, 5109.71484375, 2416.54003906, 854.782409668, 1301.78405762, 706.966186523, 493.329376221, 980.978759766, 1303.6842041, 10111.4472656, 928.774536133, 517.708435059, 329.71081543, 230.307907104, 207.198074341, 133.593826294, 94.2786178589, 38.3366394043, 27.091709137, 37.6339302063, 13.1450777054, 8.05212593079, 28.7170562744, 8.96300601959, 4.43699979782, 0.731379985809, 0.579805850983, 0.0188764706254, 2.76579794445e-05, 1.01342880754e-08],
        "dvar2": [1.30278384686, 84.1452331543, 777.274536133, 1420.02478027, 267.783905029, 341.612640381, 800.231384277, 8390.18261719, 2056.54394531, 3937.34814453, 6658.96972656, 12802.90625, 6167.60791016, 2249.57250977, 3447.82470703, 1892.30639648, 1151.88500977, 2373.30834961, 3786.62768555, 29727.8613281, 2445.24243164, 1306.68273926, 936.237060547, 676.490661621, 597.993103027, 275.786834717, 212.44883728, 104.267730713, 70.7390823364, 108.846084595, 35.3741455078, 20.2514591217, 65.6249389648, 19.7480430603, 11.392375946, 1.90734302998, 1.56655073166, 0.0471893772483, 6.89512962708e-05, 2.41674804613e-08],
        "max": [5.57818603516, 42.04479599, 142.412704468, 197.397033691, 114.053405762, 132.993850708, 219.39050293, 743.030334473, 320.31539917, 324.24810791, 597.718078613, 1124.58605957, 493.519805908, 356.131896973, 415.088409424, 296.544799805, 296.277740479, 664.676635742, 321.922424316, 949.76385498, 324.309844971, 298.856658936, 198.481796265, 205.801483154, 246.274429321, 218.326629639, 217.552139282, 60.8698005676, 60.3166847229, 69.6042556763, 42.1890182495, 31.0484428406, 96.1208648682, 33.5146179199, 22.4493675232, 8.32949447632, 9.39634609222, 1.13881647587, 0.0719660148025, 0.00121585826855],
        "mean": [1.00896275043, 4.5426068306, 5.5259809494, 5.59588623047, 4.89828205109, 11.8281164169, 19.9843292236, 50.6715278625, 35.6605606079, 30.4118862152, 44.8864631653, 107.908462524, 61.6191902161, 32.4724349976, 37.4735946655, 15.4281816483, 23.6826457977, 16.8931941986, 16.0072441101, 22.1248054504, 19.6733131409, 21.0367641449, 14.5368833542, 10.3125991821, 10.2109661102, 10.1328659058, 6.41160392761, 2.64135217667, 2.50642848015, 2.49379324913, 2.45692801476, 2.57793664932, 2.82523322105, 2.3204267025, 1.63735926151, 0.800489723682, 0.470518141985, 0.0795374661684, 0.00301236263476, 0.000127194565721],
        "median": [0.7714189291, 2.67986750603, 1.51445007324, 1.76055407524, 2.56250905991, 7.34125423431, 12.311753273, 21.888469696, 19.7590370178, 16.9933547974, 15.9486198425, 24.8836975098, 27.8575515747, 17.1168613434, 14.5168437958, 7.72508430481, 9.41164016724, 8.32335281372, 7.28590202332, 6.49604415894, 8.22853660583, 5.2901763916, 4.99627542496, 6.51372337341, 5.59571361542, 4.96068286896, 3.27272295952, 0.732370734215, 0.487903177738, 0.411299526691, 0.633830666542, 0.892837941647, 0.578839302063, 0.37752237916, 0.350131094456, 0.187757864594, 0.0867749154568, 0.00997352600098, 0.000251097138971, 7.56415101932e-05],
        "min": [2.39427867541e-22, 8.13214770548e-22, 2.49973076385e-20, 7.26760756942e-20, 5.56846743884e-20, 8.00201341393e-20, 7.45130499642e-20, 2.23383795034e-19, 5.48134334836e-19, 7.44252240627e-19, 5.56129914335e-19, 1.58608046407e-18, 1.65636103763e-18, 1.58119286063e-18, 3.29224997549e-18, 3.36150505189e-18, 3.37000143756e-18, 4.15825596446e-18, 6.18999476939e-18, 5.89518056804e-18, 4.50353728216e-18, 8.86601214574e-18, 1.14082731763e-17, 9.16964450601e-18, 9.8930007168e-18, 1.29408072408e-17, 1.38278004562e-17, 1.24652329825e-17, 1.20401291492e-17, 1.25651390297e-17, 1.25224383121e-17, 1.29088077588e-17, 1.79379691029e-17, 1.23868460389e-17, 8.4383746583e-18, 5.81747770284e-18, 2.83717800906e-18, 1.45967175683e-18, 3.09889231971e-19, 2.8558087531e-20],
        "var": [0.889254212379, 34.7937812805, 214.465042114, 319.026397705, 82.1540222168, 248.27696228, 577.150695801, 6227.26611328, 2312.64135742, 1560.03857422, 6054.58740234, 34312.5078125, 7033.68212891, 1642.31799316, 4082.11743164, 783.941711426, 1477.58325195, 1256.09594727, 1030.07080078, 6055.58642578, 1186.19970703, 1663.37194824, 589.702453613, 213.904495239, 292.695007324, 352.831634521, 172.095001221, 40.8755264282, 32.9244537354, 34.0327758789, 20.3737888336, 19.400592804, 45.4704704285, 21.5247173309, 8.93728637695, 1.85743761063, 1.01613366604, 0.0271945353597, 5.90020536038e-05, 2.26851781804e-08]
    },
    "gfcc": {
        "mean": [12.2875747681, 95.0157318115, -81.2225341797, 15.3868341446, -47.2823143005, 13.5678157806, -31.0131607056, 27.6260795593, -23.3618469238, 14.4000911713, -9.00090503693, 8.88862133026, -4.35508489609],
        "cov": [[17715.6621094, -162.81867981, -954.924621582, 185.842880249, -293.748504639, 262.308654785, -473.324859619, 561.867858887, -35.8417892456, 227.090820312, -254.4324646, -30.1061897278, -165.332580566], [-162.81867981, 1331.0411377, -389.859161377, -41.5047950745, 134.034164429, -175.152938843, 129.474624634, -54.2920951843, 50.8395195007, -42.9424133301, 153.081161499, -86.584777832, 40.5504570007], [-954.924621582, -389.859161377, 609.230163574, -1.05508708954, 0.0768467485905, 51.5891647339, -84.0787734985, -76.6735305786, -57.8090438843, 17.8370780945, -55.8845062256, 50.8614807129, -37.747756958], [185.842880249, -41.5047950745, -1.05508708954, 203.439666748, 33.4613227844, -28.7842159271, -59.6979141235, 18.5998630524, 32.4262046814, -0.699070453644, 7.34945344925, 33.524936676, 25.2255191803], [-293.748504639, 134.034164429, 0.0768467485905, 33.4613227844, 266.490142822, -102.92288208, -40.6504974365, 29.1190643311, 32.753036499, 4.17332839966, 39.3371772766, 33.2762107849, 19.5457401276], [262.308654785, -175.152938843, 51.5891647339, -28.7842159271, -102.92288208, 208.370727539, 38.7507209778, -13.0746421814, 0.624671399593, 9.97849750519, -34.530960083, -40.3537254333, -35.4562416077], [-473.324859619, 129.474624634, -84.0787734985, -59.6979141235, -40.6504974365, 38.7507209778, 217.47428894, -19.0723876953, -5.98418855667, -0.0823712795973, 23.1440830231, -76.5845413208, -21.5360851288], [561.867858887, -54.2920951843, -76.6735305786, 18.5998630524, 29.1190643311, -13.0746421814, -19.0723876953, 131.609481812, 8.40503787994, 2.72026729584, 11.6748380661, 10.431927681, 15.8277845383], [-35.8417892456, 50.8395195007, -57.8090438843, 32.4262046814, 32.753036499, 0.624671399593, -5.98418855667, 8.40503787994, 109.039459229, 25.372838974, 11.7348222733, 5.60601806641, 18.2696590424], [227.090820312, -42.9424133301, 17.8370780945, -0.699070453644, 4.17332839966, 9.97849750519, -0.0823712795973, 2.72026729584, 25.372838974, 77.0520248413, 12.5376310349, 9.86628627777, -7.04155540466], [-254.4324646, 153.081161499, -55.8845062256, 7.34945344925, 39.3371772766, -34.530960083, 23.1440830231, 11.6748380661, 11.7348222733, 12.5376310349, 93.6273651123, 13.4853725433, 18.1892986298], [-30.1061897278, -86.584777832, 50.8614807129, 33.524936676, 33.2762107849, -40.3537254333, -76.5845413208, 10.431927681, 5.60601806641, 9.86628627777, 13.4853725433, 118.116706848, 40.2853851318], [-165.332580566, 40.5504570007, -37.747756958, 25.2255191803, 19.5457401276, -35.4562416077, -21.5360851288, 15.8277845383, 18.2696590424, -7.04155540466, 18.1892986298, 40.2853851318, 73.9068756104]],
        "icov": [[0.000117083865916, -0.00011702998745, 0.000236957770539, -0.000127102946863, 0.000113791269541, -0.000211880120332, 0.000355074735126, -0.000474289990962, 0.000299824750982, -0.000558072468266, 0.000485927710542, -0.000104943363112, 0.000374161900254], [-0.00011702998745, 0.00166816962883, 0.000457513437141, 0.000481173192384, -0.000560923886951, 0.00108670617919, -0.00041590994806, 0.00177545158658, -0.000707647181116, 0.0013698078692, -0.00243518408388, 0.00143871526234, -0.000818825676106], [0.000236957770539, 0.000457513437141, 0.00316571095027, -0.000217508975766, -0.000533578393515, -0.000836583378259, 0.00132392870728, 0.000989046064205, 0.00182258395944, -0.00160844996572, 0.00109036930371, -0.000849792559166, 0.00147498899605], [-0.000127102946863, 0.000481173192384, -0.000217508975766, 0.0060065984726, -0.000267765921308, 0.000710095569957, 0.000855550635606, 0.000377266405849, -0.00206681387499, 0.0014332649298, -0.00132950313855, 8.92265234143e-05, -0.00120354921091], [0.000113791269541, -0.000560923886951, -0.000533578393515, -0.000267765921308, 0.00552231958136, 0.00197779783048, 0.000760608818382, -0.00186511781067, -0.00145405496005, -0.000252881465713, -0.000566603324842, -0.000581066589803, 0.0012821535347], [-0.000211880120332, 0.00108670617919, -0.000836583378259, 0.000710095569957, 0.00197779783048, 0.00790153909475, -0.00142885104287, 0.000866728136316, -0.0023922547698, 0.00102178077213, -0.000842530280352, 0.00189613271505, 0.000788309902418], [0.000355074735126, -0.00041590994806, 0.00132392870728, 0.000855550635606, 0.000760608818382, -0.00142885104287, 0.00820211600512, -0.000489333586302, 0.00129557482433, -0.00205780239776, -0.001001968747, 0.00358692207374, 0.000790011894424], [-0.000474289990962, 0.00177545158658, 0.000989046064205, 0.000377266405849, -0.00186511781067, 0.000866728136316, -0.000489333586302, 0.0118744987994, -0.000629381218459, 0.00210125185549, -0.00372214638628, 0.00137621210888, -0.00291361380368], [0.000299824750982, -0.000707647181116, 0.00182258395944, -0.00206681387499, -0.00145405496005, -0.0023922547698, 0.00129557482433, -0.000629381218459, 0.0133107835427, -0.00627642869949, 0.00226186821237, 0.000201520291739, -0.00211042282172], [-0.000558072468266, 0.0013698078692, -0.00160844996572, 0.0014332649298, -0.000252881465713, 0.00102178077213, -0.00205780239776, 0.00210125185549, -0.00627642869949, 0.0189103931189, -0.00600209459662, -0.00110375881195, 0.00162877934054], [0.000485927710542, -0.00243518408388, 0.00109036930371, -0.00132950313855, -0.000566603324842, -0.000842530280352, -0.001001968747, -0.00372214638628, 0.00226186821237, -0.00600209459662, 0.0184341613203, -0.00397593481466, 0.000184021293535], [-0.000104943363112, 0.00143871526234, -0.000849792559166, 8.92265234143e-05, -0.000581066589803, 0.00189613271505, 0.00358692207374, 0.00137621210888, 0.000201520291739, -0.00110375881195, -0.00397593481466, 0.015962716192, -0.00755227776244], [0.000374161900254, -0.000818825676106, 0.00147498899605, -0.00120354921091, 0.0012821535347, 0.000788309902418, 0.000790011894424, -0.00291361380368, -0.00211042282172, 0.00162877934054, 0.000184021293535, -0.00755227776244, 0.0216224435717]]
    },
    "melbands": {
        "dmean": [0.00405735103413, 0.00305143604055, 0.00105733319651, 0.000363633211236, 0.000391708366806, 0.000621425744612, 0.000269259064225, 0.000230361983995, 0.000181355469977, 0.000255888007814, 0.000142223318107, 7.51772895455e-05, 6.80847879266e-05, 3.37277488143e-05, 2.72902216238e-05, 3.21598345181e-05, 1.95854427147e-05, 2.01128877961e-05, 2.59728840319e-05, 2.98663526337e-05, 1.1963684301e-05, 9.70206747297e-06, 7.91473848949e-06, 5.98934957452e-06, 4.66199162474e-06, 4.49320668849e-06, 3.87048612538e-06, 3.67415236724e-06, 3.0093622172e-06, 1.02363082988e-06, 1.09284269456e-06, 9.86827785709e-07, 1.02424723991e-06, 1.07075959477e-06, 9.25684844333e-07, 8.63391335315e-07, 9.1887926601e-07, 1.31405204229e-06, 1.3868041151e-06, 1.2532693745e-06],
        "dmean2": [0.00660786684602, 0.00502480566502, 0.00189665122889, 0.000594310637098, 0.000621730461717, 0.00101054471452, 0.000428208411904, 0.000392998073949, 0.000296014361084, 0.000403887272114, 0.000225302690524, 0.000122983445181, 0.000107341387775, 5.55236838409e-05, 4.55823828815e-05, 5.10969293828e-05, 3.13887358061e-05, 3.45745211234e-05, 4.77568137285e-05, 5.29506032763e-05, 1.96484743356e-05, 1.55026937136e-05, 1.24544985738e-05, 1.01182258732e-05, 7.90268404671e-06, 7.43080363463e-06, 6.61120702716e-06, 5.74973000766e-06, 4.87987699671e-06, 1.71654289716e-06, 1.84543273463e-06, 1.67046789556e-06, 1.71875706201e-06, 1.86875433883e-06, 1.51833535256e-06, 1.48835056279e-06, 1.51718302277e-06, 2.15486170418e-06, 2.16582043322e-06, 2.0679813133e-06],
        "dvar": [3.23535787174e-05, 5.41585468454e-05, 1.20159656944e-05, 4.34918604242e-07, 4.30566245768e-07, 1.20238109957e-06, 1.68878955265e-07, 2.09768089121e-07, 1.22331272223e-07, 2.23694470947e-07, 6.57101608681e-08, 1.65672009445e-08, 1.63103894835e-08, 4.45367254187e-09, 4.81239359473e-09, 4.02796240806e-09, 2.95421287433e-09, 3.15585513277e-09, 9.8550092531e-09, 1.67798930306e-08, 5.50103740338e-10, 6.65954014156e-10, 3.74584779861e-10, 1.95919225288e-10, 1.69195837896e-10, 8.41839445376e-11, 1.65769897809e-10, 9.47569800402e-11, 9.0769898542e-11, 8.10201732093e-12, 1.38679805486e-11, 1.08934345919e-11, 1.20051538155e-11, 1.45726260919e-11, 5.35434977605e-12, 2.98141134177e-12, 3.53301025588e-12, 1.25235976103e-11, 1.65496227833e-11, 7.00355355307e-12],
        "dvar2": [8.4666411567e-05, 0.000133591616759, 3.34034521074e-05, 1.11670999559e-06, 1.05595256628e-06, 3.12108204525e-06, 3.95374115669e-07, 6.248528166e-07, 3.3138584854e-07, 5.49869355382e-07, 1.69009780393e-07, 4.38202008013e-08, 4.3339650091e-08, 1.2016105444e-08, 1.27290729068e-08, 9.73830971418e-09, 7.09755543227e-09, 8.93188811801e-09, 2.92681843206e-08, 4.80880473219e-08, 1.29474519994e-09, 1.67165958853e-09, 9.75001301917e-10, 5.51775236612e-10, 4.99050689662e-10, 2.25122656627e-10, 4.84453088756e-10, 1.88039597782e-10, 2.07206696246e-10, 2.16209879861e-11, 3.80467497785e-11, 2.89243420881e-11, 3.35863593881e-11, 4.31194871475e-11, 1.45686206154e-11, 7.4758775559e-12, 8.60379215789e-12, 3.07712327841e-11, 3.44671513552e-11, 1.70006994593e-11],
        "max": [0.0416956990957, 0.0581542439759, 0.0302749779075, 0.00675199227408, 0.00838566944003, 0.0145663609728, 0.00439568655565, 0.00347383134067, 0.00518136983737, 0.00731587549672, 0.00255316868424, 0.00149499846157, 0.00159437593538, 0.000796684937086, 0.000654980249237, 0.0010984512046, 0.00111320836004, 0.000519035325851, 0.000945248291828, 0.00133578677196, 0.000236861087615, 0.000346249376889, 0.000226540694712, 0.000142208402394, 0.00017738302995, 0.000103432736068, 0.000264366040938, 0.000204134092201, 0.000220116839046, 2.95048685075e-05, 3.74865412596e-05, 3.79651828553e-05, 4.4774129492e-05, 4.66315250378e-05, 2.53551224887e-05, 2.14525771298e-05, 2.22862672672e-05, 5.31675214006e-05, 7.49705577618e-05, 3.16006517096e-05],
        "mean": [0.00794045440853, 0.0040285717696, 0.00094002118567, 0.000546891067643, 0.000707758124918, 0.00106546410825, 0.000532516103704, 0.000356284494046, 0.000367181783076, 0.000709280313458, 0.000289883377263, 0.000127608887851, 0.000135146838147, 5.15849569638e-05, 3.81899517379e-05, 5.82903739996e-05, 2.70178334176e-05, 2.58754989773e-05, 2.62457160716e-05, 3.03515716951e-05, 2.06832501135e-05, 2.05913165701e-05, 1.75942022906e-05, 1.11499721243e-05, 7.79345555202e-06, 7.89440855442e-06, 6.43922157906e-06, 7.14624366083e-06, 4.98115286973e-06, 1.71523106474e-06, 1.42637145473e-06, 1.39807741562e-06, 1.41757914207e-06, 1.39758060413e-06, 1.40065139931e-06, 1.49240941028e-06, 1.56725218403e-06, 1.87528485185e-06, 2.06105437428e-06, 2.00855674848e-06],
        "median": [0.00593951204792, 0.0017498510424, 0.000350049696863, 0.00032037938945, 0.000423084420618, 0.000489230500534, 0.000315414828947, 0.000175084191142, 0.000108856729639, 0.000155543617439, 0.000108516484033, 5.97439538979e-05, 4.93022525916e-05, 2.73816040135e-05, 1.02251215139e-05, 2.22195758397e-05, 1.12789130071e-05, 1.01568766695e-05, 8.65425772645e-06, 9.53836661211e-06, 8.80267180037e-06, 5.03386218043e-06, 4.9584309636e-06, 3.74565092898e-06, 4.46590820502e-06, 3.8360385588e-06, 3.25511018673e-06, 3.08153084916e-06, 2.46515264735e-06, 6.12518931575e-07, 3.10727216402e-07, 2.55024389162e-07, 2.28314419815e-07, 2.3671634608e-07, 3.31387468577e-07, 5.01670967878e-07, 5.20964647421e-07, 4.41850943389e-07, 3.78431991521e-07, 2.90750335807e-07],
        "min": [1.94584848503e-24, 9.85051637869e-24, 1.15049154691e-23, 4.20869756938e-24, 3.10499754372e-24, 4.91492608364e-24, 8.19272124206e-24, 9.05452101544e-24, 3.67168405802e-24, 1.23374335146e-23, 7.85790895236e-24, 5.68561360575e-24, 1.00171687669e-23, 1.04207452729e-23, 7.55875317558e-24, 6.51888540779e-24, 7.15397917878e-24, 9.13060191658e-24, 9.00670500053e-24, 6.67421527547e-24, 5.20739626425e-24, 8.27743701467e-24, 1.13091304476e-23, 1.03153439896e-23, 6.71531019547e-24, 8.52070988493e-24, 5.92936492015e-24, 9.11076048709e-24, 8.54084634839e-24, 6.92421791811e-24, 7.31621157938e-24, 6.67290734409e-24, 6.42058190051e-24, 7.30666399585e-24, 6.56727019141e-24, 8.75306255367e-24, 7.56418684949e-24, 9.67267163191e-24, 1.2363831167e-23, 7.97317967442e-24],
        "var": [5.1838629588e-05, 5.38250351383e-05, 7.8469138316e-06, 5.42596978903e-07, 7.8504240264e-07, 2.54229030361e-06, 4.51138049584e-07, 2.60179490397e-07, 4.95404947287e-07, 1.50363223383e-06, 1.8196986673e-07, 3.12084047493e-08, 5.49591518961e-08, 5.41146727429e-09, 6.93689505837e-09, 1.13631895005e-08, 3.64492036553e-09, 2.81143219816e-09, 5.96640870043e-09, 1.08756221806e-08, 1.11896192312e-09, 1.65220237491e-09, 1.17177678671e-09, 3.16807607925e-10, 1.48818277146e-10, 1.45470802071e-10, 2.02167477203e-10, 2.19550225222e-10, 1.41802708464e-10, 1.21592128727e-11, 1.38236193326e-11, 1.21479709972e-11, 1.13109712568e-11, 1.17752578521e-11, 7.5316341705e-12, 6.33176497344e-12, 8.13212344686e-12, 1.96044430689e-11, 2.63455385979e-11, 1.638788584e-11]
    },
    "mfcc": {
