{
"metadata": {
    "version": {
        "essentia": "2.0.1",
        "extractor": "archive-music 1.0"
    },
    "audio_properties": {
        "analysis_sample_rate": 44100,
        "bitrate": 128,
        "channels": 2,
        "equal_loudness": 0,
        "length": 15.6734695435,
        "replay_gain": -9.49485206604,
        "downmix": "mix"
    },
    "tags": {
        "track": 0,
        "year": 0,
        "album": "Tebe Poem",
        "artist": "Dr. Emiliyan Stankov",
        "comment": "",
        "genre": "Easy ListeningNew Age",
        "title": "We Hymn Thee, We Bless Thee (Bobrovin)"
    }
},
"highlevel": {
    "culture": {
        "all": {
            "non_western": 0.134839653969,
            "western": 0.865160346031
        },
        "probability": 0.865160346031,
        "value": "western"
    },
    "danceability": {
        "all": {
            "danceable": 0.0594409070909,
            "not_danceable": 0.940559089184
        },
        "probability": 0.940559089184,
        "value": "not_danceable"
    },
    "gender": {
        "all": {
            "female": 0.713324546814,
            "male": 0.286675482988
        },
        "probability": 0.713324546814,
        "value": "female"
    },
    "genre_dortmund": {
        "all": {
            "alternative": 0.0619307979941,
            "blues": 0.164172098041,
            "electronic": 0.0155070237815,
            "folkcountry": 0.320733159781,
            "funksoulrnb": 0.0622367374599,
            "jazz": 0.295898228884,
            "pop": 0.0380196534097,
            "raphiphop": 0.0321399196982,
            "rock": 0.00936238095164
        },
        "probability": 0.320733159781,
        "value": "folkcountry"
    },
    "genre_electronic": {
        "all": {
            "ambient": 0.976807832718,
            "dnb": 0.00346798659302,
            "house": 0.00826375279576,
            "techno": 0.0061559015885,
            "trance": 0.00530450325459
        },
        "probability": 0.976807832718,
        "value": "ambient"
    },
    "genre_rosamerica": {
        "all": {
            "cla": 0.983160853386,
            "dan": 0.000375541916583,
            "hip": 0.000318482896546,
            "jaz": 0.0137120978907,
            "pop": 0.0014366270043,
            "rhy": 0.000361504702596,
            "roc": 5.63320936635e-05,
            "spe": 0.000578580016736
        },
        "probability": 0.983160853386,
        "value": "cla"
    },
    "genre_tzanetakis": {
        "all": {
            "blu": 0.000689476903062,
            "cla": 0.743419349194,
            "cou": 0.000633145682514,
            "dis": 0.00495793716982,
            "hip": 0.00120862701442,
            "jaz": 0.209265261889,
            "met": 0.00013353479153,
            "pop": 0.00317608797923,
            "reg": 0.0361238047481,
            "roc": 0.000392789108446
        },
        "probability": 0.743419349194,
        "value": "cla"
    },
    "mirex_ballroom": {
        "all": {
            "ChaChaCha": 0.000195772910956,
            "Jive": 4.32581036875e-05,
            "Quickstep": 0.00139335077256,
            "Rumba-American": 0.00348766800016,
            "Rumba-International": 0.000334747950546,
            "Rumba-Misc": 0.00127292564139,
            "Samba": 0.000390996050555,
            "Tango": 0.00823698192835,
            "VienneseWaltz": 0.517982840538,
            "Waltz": 0.466661483049
        },
        "probability": 0.517982840538,
        "value": "VienneseWaltz"
    },
    "mood_acoustic": {
        "all": {
            "acoustic": 0.878192603588,
            "not_acoustic": 0.121807411313
        },
        "probability": 0.878192603588,
        "value": "acoustic"
    },
    "mood_aggressive": {
        "all": {
            "aggressive": 0.027193384245,
            "not_aggressive": 0.972806632519
        },
        "probability": 0.972806632519,
        "value": "not_aggressive"
    },
    "mood_electronic": {
        "all": {
            "electronic": 0.0865915119648,
            "not_electronic": 0.913408517838
        },
        "probability": 0.913408517838,
        "value": "not_electronic"
    },
    "mood_happy": {
        "all": {
            "happy": 0.771390914917,
            "not_happy": 0.228609055281
        },
        "probability": 0.771390914917,
        "value": "happy"
    },
    "mood_party": {
        "all": {
            "not_party": 0.920766055584,
            "party": 0.079233944416
        },
        "probability": 0.920766055584,
        "value": "not_party"
    },
    "mood_relaxed": {
        "all": {
            "not_relaxed": 0.0224291849881,
            "relaxed": 0.977570831776
        },
        "probability": 0.977570831776,
        "value": "relaxed"
    },
    "mood_sad": {
        "all": {
            "not_sad": 0.179690808058,
            "sad": 0.82030916214
        },
        "probability": 0.82030916214,
        "value": "sad"
    },
    "moods_mirex": {
        "all": {
            "Cluster1": 0.0289113279432,
            "Cluster2": 0.23300217092,
            "Cluster3": 0.59468883276,
            "Cluster4": 0.130238071084,
            "Cluster5": 0.0131595926359
        },
        "probability": 0.59468883276,
        "value": "Cluster3"
    },
    "timbre": {
        "all": {
            "bright": 0.108540996909,
            "dark": 0.89145898819
        },
        "probability": 0.89145898819,
        "value": "dark"
    },
    "tonal_atonal": {
        "all": {
            "atonal": 0.367505460978,
            "tonal": 0.632494568825
        },
        "probability": 0.632494568825,
        "value": "tonal"
    },
    "voice_instrumental": {
        "all": {
            "instrumental": 0.00407793140039,
            "voice": 0.995922088623
        },
        "probability": 0.995922088623,
        "value": "voice"
    }
},
"lowlevel": {
    "average_loudness": 0.663164496422,
    "barkbands_kurtosis": {
        "dmean": 5.68651390076,
        "dmean2": 8.42367267609,
        "dvar": 204.914672852,
        "dvar2": 427.106781006,
        "max": 223.391815186,
        "mean": 9.43193817139,
        "median": 3.81372380257,
        "min": -1.81817436218,
        "var": 395.229980469
    },
    "barkbands_skewness": {
        "dmean": 0.694807231426,
        "dmean2": 1.03834784031,
        "dvar": 0.676670074463,
        "dvar2": 1.39094543457,
        "max": 13.5999565125,
        "mean": 1.79555106163,
        "median": 1.44590616226,
        "min": -2.12571668625,
        "var": 3.17798352242
    },
    "barkbands_spread": {
        "dmean": 1.76082289219,
        "dmean2": 2.73488998413,
        "dvar": 11.8117284775,
        "dvar2": 27.6068229675,
        "max": 80.4157791138,
        "mean": 6.41697502136,
        "median": 4.88856887817,
        "min": 0.335947722197,
        "var": 49.463104248
    },
    "dissonance": {
        "dmean": 0.0451672151685,
        "dmean2": 0.077183842659,
        "dvar": 0.00136025599204,
        "dvar2": 0.00372701557353,
        "max": 0.499785363674,
        "mean": 0.391719520092,
        "median": 0.393348813057,
        "min": 0.235622733831,
        "var": 0.00287268124521
    },
    "dynamic_complexity": 8.00896167755,
    "erbbands_kurtosis": {
        "dmean": 2.60926628113,
        "dmean2": 4.04823923111,
        "dvar": 15.9784145355,
        "dvar2": 32.0343055725,
        "max": 53.0433769226,
        "mean": 4.0668387413,
        "median": 2.46245193481,
        "min": -1.7511818409,
        "var": 34.6884803772
    },
    "erbbands_skewness": {
        "dmean": 0.455433249474,
        "dmean2": 0.696357429028,
        "dvar": 0.233192160726,
        "dvar2": 0.478956580162,
        "max": 6.35360050201,
        "mean": 1.29726707935,
        "median": 1.30870342255,
        "min": -2.36450624466,
        "var": 1.23523879051
    },
    "erbbands_spread": {
        "dmean": 3.51296401024,
        "dmean2": 5.56196260452,
        "dvar": 20.4988441467,
        "dvar2": 43.3431053162,
        "max": 87.6654052734,
        "mean": 11.9265060425,
        "median": 9.68118095398,
        "min": 1.91390264034,
        "var": 81.9202423096
    },
    "hfc": {
        "dmean": 4.08026790619,
        "dmean2": 6.45446300507,
        "dvar": 41.6733322144,
        "dvar2": 112.683258057,
        "max": 102.844963074,
        "mean": 16.0741539001,
        "median": 10.3387718201,
        "min": 1.18857476339e-16,
        "var": 391.627441406
    },
    "melbands_kurtosis": {
        "dmean": 5.6962556839,
        "dmean2": 8.74020767212,
        "dvar": 116.879997253,
        "dvar2": 241.887405396,
        "max": 150.39352417,
        "mean": 10.9796276093,
        "median": 5.67392253876,
        "min": -1.77292633057,
        "var": 316.076690674
    },
    "melbands_skewness": {
        "dmean": 0.697126865387,
        "dmean2": 1.08624744415,
        "dvar": 0.409032344818,
        "dvar2": 0.953844189644,
        "max": 8.37749290466,
        "mean": 1.8138231039,
        "median": 1.534314394,
        "min": -0.99103230238,
        "var": 2.10473752022
    },
    "melbands_spread": {
        "dmean": 2.93312144279,
        "dmean2": 4.65600776672,
        "dvar": 52.9683151245,
        "dvar2": 105.299682617,
        "max": 164.286804199,
        "mean": 10.5198078156,
        "median": 7.68947982788,
        "min": 0.54034280777,
        "var": 223.023574829
    },
    "pitch_salience": {
        "dmean": 0.0720085799694,
        "dmean2": 0.112962931395,
        "dvar": 0.00364844664,
        "dvar2": 0.00920614041388,
        "max": 0.932737767696,
        "mean": 0.496581047773,
        "median": 0.510373175144,
        "min": 0.0856016054749,
        "var": 0.0124445231631
    },
    "silence_rate_20dB": {
        "dmean": 0,
        "dmean2": 0,
        "dvar": 0,
        "dvar2": 0,
        "max": 1,
        "mean": 1,
        "median": 1,
        "min": 1,
        "var": 0
    },
    "silence_rate_30dB": {
        "dmean": 0,
        "dmean2": 0,
        "dvar": 0,
        "dvar2": 0,
        "max": 1,
        "mean": 1,
        "median": 1,
        "min": 1,
        "var": 0
    },
    "silence_rate_60dB": {
        "dmean": 0.0237037036568,
        "dmean2": 0.0474777445197,
        "dvar": 0.02314173989,
        "dvar2": 0.0541259348392,
        "max": 1,
        "mean": 0.352071017027,
        "median": 0,
        "min": 0,
        "var": 0.228118285537
    },
    "spectral_centroid": {
        "dmean": 143.338500977,
        "dmean2": 208.117111206,
        "dvar": 176087.53125,
        "dvar2": 166696.125,
        "max": 11528.3740234,
        "mean": 1063.16748047,
        "median": 1013.82928467,
        "min": 421.345306396,
        "var": 482704.28125
    },
    "spectral_complexity": {
        "dmean": 1.05481481552,
        "dmean2": 1.83976256847,
        "dvar": 1.26069116592,
        "dvar2": 3.06928229332,
        "max": 17,
        "mean": 7.27218914032,
        "median": 9,
        "min": 0,
        "var": 21.3223896027
    },
    "spectral_crest": {
        "dmean": 2.91400289536,
        "dmean2": 4.82951211929,
        "dvar": 5.68990945816,
        "dvar2": 14.0163440704,
        "max": 26.6441230774,
        "mean": 13.4005670547,
        "median": 12.4804782867,
        "min": 4.59125709534,
        "var": 26.6081619263
    },
    "spectral_decrease": {
        "dmean": 1.04352049224e-09,
        "dmean2": 1.63126456787e-09,
        "dvar": 2.17577018153e-18,
        "dvar2": 5.87545106966e-18,
        "max": 5.48881909133e-29,
        "mean": -3.85684728599e-09,
        "median": -2.90238544309e-09,
        "min": -2.07685495468e-08,
        "var": 1.69759712854e-17
    },
    "spectral_energy": {
        "dmean": 0.00429428042844,
        "dmean2": 0.00671766931191,
        "dvar": 3.76118841814e-05,
        "dvar2": 0.000101628989796,
        "max": 0.0875154733658,
        "mean": 0.0160146076232,
        "median": 0.0120409503579,
        "min": 1.05735508866e-20,
        "var": 0.000299550913041
    },
    "spectral_energyband_high": {
        "dmean": 4.47274351245e-06,
        "dmean2": 6.08352911513e-06,
        "dvar": 1.41641320894e-09,
        "dvar2": 3.07590020121e-09,
        "max": 0.000912007584702,
        "mean": 8.84026849235e-06,
        "median": 2.83676627078e-06,
        "min": 7.45938309365e-21,
        "var": 2.06546646453e-09
    },
    "spectral_energyband_low": {
        "dmean": 2.05726337299e-06,
        "dmean2": 2.63847368842e-06,
        "dvar": 1.74869077552e-11,
        "dvar2": 3.70031852381e-11,
        "max": 7.07587532816e-05,
        "mean": 6.01424153501e-06,
        "median": 2.60601200353e-06,
        "min": 4.23819244753e-23,
        "var": 8.29233279265e-11
    },
    "spectral_energyband_middle_high": {
        "dmean": 0.00348549941555,
        "dmean2": 0.0056769233197,
        "dvar": 3.47796776623e-05,
        "dvar2": 9.49957538978e-05,
        "max": 0.0869669169188,
        "mean": 0.0108773317188,
        "median": 0.00580579135567,
        "min": 1.60817310356e-21,
        "var": 0.000259387656115
    },
    "spectral_energyband_middle_low": {
        "dmean": 0.00208876957186,
        "dmean2": 0.00313375424594,
        "dvar": 8.28149404697e-06,
        "dvar2": 2.01221137104e-05,
        "max": 0.0328902080655,
        "mean": 0.00565985031426,
        "median": 0.00284462235868,
        "min": 3.40180349319e-22,
        "var": 4.24410682172e-05
    },
    "spectral_flatness_db": {
        "dmean": 0.024791194126,
        "dmean2": 0.0380971245468,
        "dvar": 0.000492678314913,
        "dvar2": 0.00111476692837,
        "max": 0.499226003885,
        "mean": 0.325919300318,
        "median": 0.316274225712,
        "min": 0.0488196872175,
        "var": 0.00446325959638
    },
    "spectral_flux": {
        "dmean": 0.0158769022673,
        "dmean2": 0.0255526788533,
        "dvar": 0.000410585314967,
        "dvar2": 0.00108435680158,
        "max": 0.211590051651,
        "mean": 0.0495282448828,
        "median": 0.0466782860458,
        "min": 1.05182279553e-10,
        "var": 0.00146111659706
    },
    "spectral_kurtosis": {
        "dmean": 8.30225849152,
        "dmean2": 14.5803565979,
        "dvar": 45.3401374817,
        "dvar2": 139.200561523,
        "max": 61.3481292725,
        "mean": 17.2071857452,
        "median": 15.6163682938,
        "min": -1.17608392239,
        "var": 94.0574951172
    },
    "spectral_rms": {
        "dmean": 0.000479885202367,
        "dmean2": 0.000732928630896,
        "dvar": 2.54890551332e-07,
        "dvar2": 6.74862747019e-07,
        "max": 0.00924018118531,
        "mean": 0.00324173900299,
        "median": 0.00342742539942,
        "min": 3.21179996661e-12,
        "var": 5.11513326273e-06
    },
    "spectral_rolloff": {
        "dmean": 154.017990112,
        "dmean2": 269.771636963,
        "dvar": 800731.6875,
        "dvar2": 1459067,
        "max": 18841.5527344,
        "mean": 1237.33227539,
        "median": 1055.12695312,
        "min": 258.3984375,
        "var": 2959993
    },
    "spectral_skewness": {
        "dmean": 0.642232716084,
        "dmean2": 1.11745381355,
        "dvar": 0.253216594458,
        "dvar2": 0.752565383911,
        "max": 5.87593364716,
        "mean": 2.52187681198,
        "median": 2.44134902954,
        "min": -0.0485280714929,
        "var": 0.717408239841
    },
    "spectral_spread": {
        "dmean": 337569.625,
        "dmean2": 496519.03125,
        "dvar": 2.81604076339e+12,
        "dvar2": 2.97725198336e+12,
        "max": 39848584,
        "mean": 2117050,
        "median": 1856825,
        "min": 1125790.875,
        "var": 5.08881954406e+12
    },
    "spectral_strongpeak": {
        "dmean": 0.69310516119,
        "dmean2": 1.1405762434,
        "dvar": 0.929498672485,
        "dvar2": 2.69514036179,
        "max": 10.5662517548,
        "mean": 2.12871599197,
        "median": 1.47714710236,
        "min": 0,
        "var": 5.50162649155
    },
    "zerocrossingrate": {
        "dmean": 0.00490668416023,
        "dmean2": 0.0062100100331,
        "dvar": 0.000349773123162,
        "dvar2": 0.000553127611056,
        "max": 0.5078125,
        "mean": 0.0467197038233,
        "median": 0.0419921875,
        "min": 0.01318359375,
        "var": 0.00213893712498
    },
    "barkbands": {
        "dmean": [5.16410203488e-09, 9.31221251221e-08, 8.62243950905e-07, 1.66113920841e-06, 2.33393075177e-05, 0.000191408995306, 0.000386736530345, 0.00108991528396, 0.000947663327679, 0.0015660134377, 0.00114644586574, 0.00148593971971, 0.000784939853474, 5.34732134838e-05, 4.255730164e-05, 4.66167657578e-05, 4.63260948891e-05, 0.00016359591973, 7.39967945265e-05, 5.41675217391e-06, 5.14793669026e-07, 4.7265223202e-07, 1.11044755613e-06, 1.71665965354e-06, 1.78661252903e-07, 8.48183034918e-08, 3.02607316982e-09],
        "dmean2": [9.31862409459e-09, 1.50584099856e-07, 1.09166580842e-06, 2.22569633479e-06, 3.7693662307e-05, 0.000264332280494, 0.000584088091273, 0.00164644012693, 0.00139005423989, 0.00242178980261, 0.00194946897682, 0.00237771030515, 0.00124844897073, 8.08312397567e-05, 5.21752845088e-05, 6.44510073471e-05, 7.2259674198e-05, 0.000282025866909, 0.000119591699331, 8.60766795086e-06, 8.16630745248e-07, 7.33125148145e-07, 1.49642391989e-06, 2.46884587796e-06, 2.03294334256e-07, 1.35052445671e-07, 5.22373122536e-09],
        "dvar": [5.93429297613e-17, 1.33872961002e-13, 3.7563606739e-12, 1.34125740028e-11, 2.69903455141e-09, 1.77047354555e-07, 3.13582319222e-07, 5.13247005074e-06, 4.1446587602e-06, 1.2073292055e-05, 4.83975736643e-06, 1.48583521877e-05, 6.84043197907e-06, 3.70373989256e-08, 5.71327234411e-08, 3.8392933277e-08, 1.07156488127e-08, 7.65232215372e-08, 2.53864218536e-08, 2.03977557067e-10, 1.68615555546e-12, 1.12061835505e-11, 1.21105389606e-10, 4.86414075684e-10, 2.7811934613e-12, 7.76180064232e-14, 4.45887242421e-17],
        "dvar2": [1.71212146057e-16, 3.5411617757e-13, 6.10084205377e-12, 2.83083001484e-11, 7.33645810769e-09, 3.72343436084e-07, 7.0242089123e-07, 1.17617391879e-05, 9.96031849354e-06, 3.14935859933e-05, 1.3801572095e-05, 3.42988278135e-05, 1.84956079465e-05, 8.53851958027e-08, 5.68229090447e-08, 6.56853984538e-08, 2.3699151086e-08, 2.38001646835e-07, 6.57546408434e-08, 4.54745741063e-10, 3.47695440148e-12, 2.25251501479e-11, 2.68109756618e-10, 1.1193969085e-09, 4.34842613306e-12, 1.70096060717e-13, 1.20581545728e-16],
        "max": [9.64742383758e-08, 4.8985389185e-06, 3.2990858017e-05, 7.25673744455e-05, 0.000696443836205, 0.00982537865639, 0.00626469450071, 0.0252238009125, 0.0197368003428, 0.0449388250709, 0.0198696479201, 0.0606651902199, 0.0428559556603, 0.00329341785982, 0.00607548560947, 0.00428729597479, 0.00186872167978, 0.00258491653949, 0.00267647369765, 0.000189820100786, 2.14944066101e-05, 7.82771458034e-05, 0.000270761724096, 0.000510989571922, 4.83896037622e-05, 6.15634053247e-06, 8.86763587005e-08],
        "mean": [5.33900923472e-09, 1.41798906839e-07, 2.12019176615e-06, 5.21843776369e-06, 3.60747981176e-05, 0.000411633809563, 0.000742166244891, 0.00195120228454, 0.00181181635708, 0.00298711145297, 0.00195811712183, 0.0034075435251, 0.00171572424006, 0.00010237328388, 8.11886784504e-05, 8.7198066467e-05, 9.0432993602e-05, 0.000375882402295, 0.000231916797929, 1.01822843135e-05, 1.06089260044e-06, 9.96602352643e-07, 2.01279567591e-06, 2.05867513614e-06, 2.47597427006e-07, 1.85827175869e-07, 4.11035783188e-09],
        "median": [2.94619839636e-09, 2.18298374932e-08, 8.35075979921e-07, 1.22500387079e-06, 1.17779945867e-05, 0.000178140937351, 0.00041498549399, 3.95232709707e-05, 4.67439749627e-05, 0.000492144783493, 3.81064019166e-05, 0.000284907175228, 1.27396106109e-05, 1.81154282473e-05, 3.06741958411e-06, 4.74412263429e-06, 2.64446134679e-05, 0.000126545855892, 4.41536540166e-05, 3.0089199754e-06, 2.8266595109e-07, 1.74685709453e-07, 3.16071378847e-07, 2.42521906557e-07, 2.3366514057e-08, 1.27707338038e-08, 6.36957930844e-10],
        "min": [1.06520424457e-23, 1.31814523631e-23, 9.55956554418e-24, 1.67504531581e-23, 6.94385029946e-23, 6.54236995471e-23, 2.60469249129e-23, 1.6582875436e-23, 3.21372908218e-23, 1.75240953588e-23, 4.64334131104e-23, 4.22876745298e-23, 1.3693845289e-22, 5.87498542474e-23, 1.19275768869e-22, 9.13926976244e-23, 1.00273599032e-22, 1.98612103331e-22, 3.31346318871e-22, 3.2128507329e-22, 4.07161279226e-22, 3.54066068299e-22, 5.10120476323e-22, 8.62589738689e-22, 1.22019470012e-21, 1.87227787813e-21, 2.33236983083e-21],
        "var": [5.24496399789e-17, 2.33347575204e-13, 1.40944677804e-11, 1.02766836707e-10, 3.49714479597e-09, 5.76990828449e-07, 8.78831144746e-07, 1.37280339914e-05, 1.33347002702e-05, 4.00437893404e-05, 9.68539188761e-06, 7.01603057678e-05, 3.22982887155e-05, 7.55874225433e-08, 2.26669911285e-07, 1.29446092956e-07, 3.66925370088e-08, 2.3969928975e-07, 2.26677826731e-07, 3.95024291056e-10, 4.75192888511e-12, 2.03627462114e-11, 2.07768954819e-10, 5.2611687229e-10, 5.56010012337e-12, 2.09463319628e-13, 8.10489695978e-17]
    },
    "erbbands": {
        "dmean": [1.12551015263e-06, 3.40182596119e-05, 0.000633596733678, 0.00425387592986, 0.00330494553782, 0.0632914826274, 0.770415425301, 1.76286554337, 4.96616983414, 16.2016201019, 19.6964149475, 18.5051021576, 35.8624954224, 46.5528259277, 44.5083084106, 56.7847213745, 32.4629249573, 2.56732916832, 1.95039582253, 2.86582946777, 1.18792724609, 2.95933628082, 10.1131305695, 4.48406410217, 2.21841406822, 0.214611113071, 0.0420543514192, 0.0135843083262, 0.0174360498786, 0.0213974583894, 0.0380611680448, 0.0515107735991, 0.0153290983289, 0.00172459403984, 0.00169313955121, 0.000559151812922, 9.78239258984e-05, 1.13204041554e-05, 2.353481932e-06, 5.08605035066e-06],
        "dmean2": [1.87246064343e-06, 5.07891709276e-05, 0.000804286799394, 0.00554224522784, 0.00471417233348, 0.100203536451, 1.08664619923, 2.48541164398, 7.08740758896, 24.4370136261, 30.8217964172, 27.0233745575, 57.9717712402, 73.2470474243, 77.323677063, 89.8792190552, 49.9938049316, 3.7639901638, 3.0476026535, 3.52295637131, 1.73579835892, 4.78726100922, 17.3569107056, 7.41368341446, 3.29687309265, 0.347727835178, 0.0633651465178, 0.021712128073, 0.0269664432853, 0.0322488062084, 0.0528811886907, 0.0750260651112, 0.0213903933764, 0.00242629856803, 0.00218039634638, 0.000854440615512, 0.000150140956976, 1.78417394636e-05, 3.65758933185e-06, 7.95383220975e-06],
        "dvar": [4.7745913126e-12, 1.21510295159e-08, 1.76303308308e-06, 8.64211469889e-05, 3.74848677893e-05, 0.0284629277885, 1.3708473444, 22.8775901794, 51.7029571533, 888.01361084, 1372.91796875, 1655.58129883, 5875.64355469, 7528.55566406, 8057.36132812, 28314.3769531, 8398.72851562, 49.3876724243, 73.1017837524, 252.076416016, 16.703546524, 33.8017578125, 331.943572998, 82.3633651733, 36.7398452759, 0.153430476785, 0.0109595172107, 0.00323593989015, 0.0162006411701, 0.0172766372561, 0.164439812303, 0.469533205032, 0.0281574334949, 0.000177171037649, 0.000346327724401, 3.1550453059e-06, 1.23790030671e-07, 5.79922221355e-10, 1.13550028755e-11, 5.36889525893e-11],
        "dvar2": [1.38094214883e-11, 3.10641681267e-08, 2.8547221973e-06, 0.000187498662854, 8.31240977277e-05, 0.0793470442295, 2.92547798157, 49.4474105835, 108.672607422, 1927.64355469, 3598.75805664, 3884.515625, 16973.6015625, 16919.5273438, 21820.0683594, 61175.921875, 21958.2597656, 87.3562393188, 180.269134521, 278.791229248, 35.5281333923, 87.544303894, 1022.91851807, 223.872955322, 73.8533859253, 0.426638275385, 0.0225379746407, 0.00614921981469, 0.0304728411138, 0.0413585305214, 0.357740283012, 1.08970868587, 0.0643670558929, 0.000250110024353, 0.000695982424077, 5.59880754736e-06, 2.37387297375e-07, 1.43641176731e-09, 3.04476097113e-11, 1.45100723103e-10],
        "max": [2.72788838629e-05, 0.00148466636892, 0.0238702259958, 0.176451012492, 0.101134963334, 2.89770627022, 13.4112319946, 119.635147095, 113.438667297, 325.730773926, 363.931365967, 469.786804199, 883.986206055, 1325.18847656, 1116.88525391, 2638.17138672, 1519.55200195, 179.61680603, 159.033172607, 450.545410156, 74.2925262451, 88.5052871704, 175.418762207, 147.513442993, 140.212081909, 6.42535066605, 1.89719235897, 1.24892687798, 2.97142863274, 3.09296894073, 9.78605937958, 15.8576154709, 3.94160509109, 0.355274766684, 0.500152051449, 0.0435727462173, 0.00856112502515, 0.000338144978741, 5.11898106197e-05, 0.000106821331428],
        "mean": [2.2411397822e-06, 6.54145187582e-05, 0.00159301317763, 0.0133530683815, 0.00973693560809, 0.109673351049, 1.36414420605, 3.74792432785, 10.1799297333, 26.3600196838, 44.9712142944, 36.4476127625, 66.8433837891, 91.9522857666, 81.475479126, 147.656982422, 83.6388778687, 6.56364250183, 4.5140414238, 7.01148462296, 2.75211501122, 6.78677845001, 21.5665931702, 14.2126865387, 6.69012117386, 0.616460204124, 0.106045402586, 0.0328492037952, 0.0370686203241, 0.0437420681119, 0.0613839067519, 0.0576258599758, 0.0222634673119, 0.00342210265808, 0.0020245637279, 0.0011325343512, 0.000231933270697, 2.8457134249e-05, 9.46484033193e-06, 1.92398038052e-05],
        "median": [1.49037282426e-06, 1.6433885321e-05, 0.000626764376648, 0.00446887267753, 0.00456432439387, 0.0519211404026, 0.528067886829, 1.33529448509, 6.1219587326, 6.27368783951, 1.59472370148, 4.93466329575, 14.8606758118, 32.8108291626, 26.7590141296, 18.736328125, 3.43378639221, 1.36992752552, 0.319905400276, 0.2138492167, 0.487712860107, 3.14541268349, 7.00743675232, 4.87526607513, 1.29863548279, 0.216058254242, 0.0453805662692, 0.0112123116851, 0.00778391864151, 0.00873457361013, 0.00896705966443, 0.00593688990921, 0.00291020702571, 0.000600558298174, 0.000135000009323, 7.45459983591e-05, 2.61920395133e-05, 5.48868138139e-06, 6.7418945946e-06, 1.42856670209e-05],
        "min": [4.21079562384e-22, 3.04491847778e-21, 7.79399461509e-21, 3.49766374993e-20, 1.14595404865e-19, 2.07281354393e-19, 6.53774139551e-19, 3.15500721849e-19, 1.90262785374e-19, 2.59873549438e-19, 7.54736289602e-19, 6.42110582722e-19, 8.75089155873e-19, 9.51352933604e-19, 2.22274928404e-18, 2.31497206412e-18, 4.84277066881e-18, 5.06505271097e-18, 5.19104059007e-18, 5.87099628848e-18, 5.5557461765e-18, 6.19547235941e-18, 1.07134894382e-17, 1.40007200817e-17, 1.68816263735e-17, 1.54621894054e-17, 1.15060252452e-17, 1.96660039965e-17, 1.25009878644e-17, 1.17575725238e-17, 1.64905916282e-17, 1.61121366456e-17, 1.47649009645e-17, 1.11990055803e-17, 9.57491585686e-18, 6.53934747007e-18, 3.17982827203e-18, 1.5212442899e-18, 2.87306761808e-19, 3.23697971859e-20],
        "var": [7.70742844547e-12, 2.3705677421e-08, 6.82130985297e-06, 0.00052361813141, 0.000213143852307, 0.0307281799614, 3.75214099884, 74.594291687, 178.432998657, 2119.60791016, 5490.80078125, 5208.73046875, 15709.8417969, 24763.9121094, 18007.2890625, 137181.953125, 47452.21875, 195.380508423, 183.377365112, 1391.2833252, 61.5477752686, 119.826934814, 856.838378906, 553.884765625, 257.868133545, 0.811142623425, 0.0350657068193, 0.00791965331882, 0.0298540685326, 0.0368895679712, 0.254298657179, 0.494949430227, 0.035652782768, 0.000486639037263, 0.000500482856296, 9.57180418482e-06, 3.94414001903e-07, 2.77147549355e-09, 1.07369398095e-10, 4.43333730837e-10]
    },
    "gfcc": {
        "mean": [-222.003631592, 109.958892822, -202.963577271, -51.7098503113, -85.873916626, -38.5247764587, -30.5768909454, 4.63938188553, -28.3715553284, -24.2394428253, 20.456111908, 3.96288442612, -15.222946167],
        "cov": [[22558.7460938, -1590.68457031, -5611.84472656, -2517.58569336, -1157.64733887, -207.090133667, 507.574432373, 1055.49206543, -412.994262695, -643.26159668, 705.594787598, 303.679199219, -424.143737793], [-1590.68457031, 2222.16918945, 1420.26574707, 671.817810059, -492.906158447, -315.186462402, 85.4830932617, -299.121154785, 97.0157089233, -297.381134033, -176.194625854, -325.392120361, -226.741348267], [-5611.84472656, 1420.26574707, 2525.34155273, 1158.00183105, -319.22946167, 19.1704998016, -69.8193283081, -383.787536621, 213.194854736, 6.56022691727, -372.74911499, -260.359008789, -128.708267212], [-2517.58569336, 671.817810059, 1158.00183105, 816.776000977, -196.266433716, -64.2505569458, -209.41998291, -285.429931641, 147.396820068, -17.0112533569, -215.989334106, -152.934936523, -34.2138671875], [-1157.64733887, -492.906158447, -319.22946167, -196.266433716, 594.046325684, 90.2596817017, -113.741874695, 25.2769680023, -39.9246330261, 194.618728638, 58.5244026184, 84.1591339111, 144.121139526], [-207.090133667, -315.186462402, 19.1704998016, -64.2505569458, 90.2596817017, 267.228088379, 27.8617916107, 45.3887062073, -28.8156967163, 96.4389877319, -3.03333044052, 53.4141731262, 46.4379425049], [507.574432373, 85.4830932617, -69.8193283081, -209.41998291, -113.741874695, 27.8617916107, 473.806976318, 204.714645386, -111.482070923, -151.746047974, 53.3804512024, -20.8000774384, -126.387718201], [1055.49206543, -299.121154785, -383.787536621, -285.429931641, 25.2769680023, 45.3887062073, 204.714645386, 236.520629883, -59.422996521, -40.1743011475, 45.6246566772, 50.8006668091, -46.2059288025], [-412.994262695, 97.0157089233, 213.194854736, 147.396820068, -39.9246330261, -28.8156967163, -111.482070923, -59.422996521, 143.186721802, 51.945224762, -33.6349525452, -31.0001277924, -3.08460760117], [-643.26159668, -297.381134033, 6.56022691727, -17.0112533569, 194.618728638, 96.4389877319, -151.746047974, -40.1743011475, 51.945224762, 280.691619873, 58.0512161255, 30.7247829437, 58.7121429443], [705.594787598, -176.194625854, -372.74911499, -215.989334106, 58.5244026184, -3.03333044052, 53.3804512024, 45.6246566772, -33.6349525452, 58.0512161255, 172.326675415, 44.9611244202, 27.6453723907], [303.679199219, -325.392120361, -260.359008789, -152.934936523, 84.1591339111, 53.4141731262, -20.8000774384, 50.8006668091, -31.0001277924, 30.7247829437, 44.9611244202, 143.44203186, 93.3081970215], [-424.143737793, -226.741348267, -128.708267212, -34.2138671875, 144.121139526, 46.4379425049, -126.387718201, -46.2059288025, -3.08460760117, 58.7121429443, 27.6453723907, 93.3081970215, 172.218612671]],
        "icov": [[0.000479588808957, -0.000409096363001, 0.00140200334135, 7.62775016483e-05, 0.00137789547443, -0.000818784406874, 0.000827402982395, -0.000620394130237, 2.82313885691e-05, 5.82310458412e-05, 4.04661332141e-05, -0.000421597069362, 0.00141650869045], [-0.000409096363001, 0.00189120776486, -0.0022199372761, 0.000688998901751, -0.00101537804585, 0.00163569988217, -0.000523644441273, 0.00157692073844, 4.2525887693e-05, 0.00143685168587, -0.00101729214657, 0.00182330375537, -0.000905982684344], [0.00140200334135, -0.0022199372761, 0.00669542886317, -0.0022203780245, 0.00400319555774, -0.00332004530355, 7.01867393218e-05, -0.000540659413673, -0.000828347168863, -0.00215119635686, 0.00293308007531, -0.00244492688216, 0.00411686394364], [7.62775016483e-05, 0.000688998901751, -0.0022203780245, 0.00633118441328, 0.000865276320837, 0.000714445253834, 0.00170267245267, 0.0022541845683, -0.000649577006698, 0.00146540743299, 0.000964561244473, 0.00218060309999, -0.000216542495764], [0.00137789547443, -0.00101537804585, 0.00400319555774, 0.000865276320837, 0.00714210607111, -0.00176316872239, 0.00241028377786, -0.00243742065504, 0.00146982213482, -0.00217739888467, 0.00126845191699, 0.000190928622033, 0.00129541358911], [-0.000818784406874, 0.00163569988217, -0.00332004530355, 0.000714445253834, -0.00176316872239, 0.00795388687402, -0.00258878897876, 0.000644993211608, 0.0015882498119, -0.00267776637338, 0.0018016245449, 0.00087624869775, -0.00442093331367], [0.000827402982395, -0.000523644441273, 7.01867393218e-05, 0.00170267245267, 0.00241028377786, -0.00258878897876, 0.0101649658754, -0.00736139668152, 0.00324116973206, 0.00456170598045, -0.0056371903047, 0.00103245826904, 0.00475327298045], [-0.000620394130237, 0.00157692073844, -0.000540659413673, 0.0022541845683, -0.00243742065504, 0.000644993211608, -0.00736139668152, 0.0169110447168, -0.0032114861533, -0.000194932610611, 0.00432179169729, -0.00332254450768, 0.0027079989668], [2.82313885691e-05, 4.2525887693e-05, -0.000828347168863, -0.000649577006698, 0.00146982213482, 0.0015882498119, 0.00324116973206, -0.0032114861533, 0.0119178276509, -0.00234508048743, -0.000513389531989, 0.00157117948402, -0.000519809196703], [5.82310458412e-05, 0.00143685168587, -0.00215119635686, 0.00146540743299, -0.00217739888467, -0.00267776637338, 0.00456170598045, -0.000194932610611, -0.00234508048743, 0.0113837989047, -0.00734026543796, 0.00104077486321, 0.00324970041402], [4.04661332141e-05, -0.00101729214657, 0.00293308007531, 0.000964561244473, 0.00126845191699, 0.0018016245449, -0.0056371903047, 0.00432179169729, -0.000513389531989, -0.00734026543796, 0.0155408754945, -0.00156590819824, -0.00253388122655], [-0.000421597069362, 0.00182330375537, -0.00244492688216, 0.00218060309999, 0.000190928622033, 0.00087624869775, 0.00103245826904, -0.00332254450768, 0.00157117948402, 0.00104077486321, -0.00156590819824, 0.0182177405804, -0.0105072744191], [0.00141650869045, -0.000905982684344, 0.00411686394364, -0.000216542495764, 0.00129541358911, -0.00442093331367, 0.00475327298045, 0.0027079989668, -0.000519809196703, 0.00324970041402, -0.00253388122655, -0.0105072744191, 0.0204414222389]]
    },
    "melbands": {
        "dmean": [1.66761520148e-08, 2.37001785308e-07, 6.54327152461e-07, 9.48355364017e-07, 2.09138561331e-05, 4.43710159743e-05, 7.59867762099e-05, 0.000209088088013, 0.000190796781681, 0.000102066464024, 0.000195220418391, 0.000202241382794, 0.000149153143866, 0.000142853430589, 0.000181018200237, 2.56451403402e-05, 4.0755990085e-06, 3.73137640963e-06, 3.37357596436e-06, 3.70738507627e-06, 1.12080761028e-06, 2.65272910838e-06, 7.53095491746e-06, 8.66092432261e-06, 3.9706969801e-06, 2.88225942313e-06, 5.24280835634e-07, 8.35173921132e-08, 3.8304921901e-08, 1.09875539778e-08, 8.58253557112e-09, 1.07633733037e-08, 1.06519459919e-08, 1.3189974446e-08, 2.41419311209e-08, 2.14263806697e-08, 3.78384896749e-08, 1.32290125521e-08, 2.6029953748e-09, 1.22981924644e-09],
        "dmean2": [2.75996203669e-08, 3.06023451913e-07, 8.63898094394e-07, 1.52456516389e-06, 2.99358471239e-05, 6.14261734881e-05, 0.000110392116767, 0.000312344811391, 0.000300168787362, 0.000146447855514, 0.000314804608934, 0.000314776611049, 0.000255092687439, 0.000220121699385, 0.000296794198221, 3.36036609951e-05, 6.17944897385e-06, 6.07556376053e-06, 3.97686881115e-06, 5.09542996951e-06, 1.61479817962e-06, 4.13169937019e-06, 1.31294900712e-05, 1.44435525726e-05, 6.55835719954e-06, 4.19098842031e-06, 8.86451118731e-07, 1.3720671177e-07, 5.69890410418e-08, 1.6857581997e-08, 1.41569236334e-08, 1.68803637735e-08, 1.62208735333e-08, 2.04433039386e-08, 3.82015308276e-08, 2.9318295347e-08, 5.65831506094e-08, 1.80012769135e-08, 3.85224696586e-09, 1.61280400146e-09],
        "dvar": [3.26327002699e-15, 2.57304133512e-13, 1.82881617836e-12, 1.88364757819e-11, 1.01374331152e-09, 1.0665581307e-08, 1.15501794795e-08, 1.78605645829e-07, 1.31180414087e-07, 5.26654169164e-08, 1.7679570874e-07, 1.59543901646e-07, 8.11727005612e-08, 1.17825415202e-07, 2.36549524857e-07, 7.37927496886e-09, 1.55758142495e-10, 3.01259045488e-10, 3.28006399819e-10, 3.16955739432e-10, 1.54571772049e-11, 3.78105706467e-11, 2.05605130144e-10, 2.130626231e-10, 7.68275443264e-11, 6.24916021708e-11, 2.18919197006e-12, 3.07054220646e-14, 1.05297460882e-14, 1.00825645728e-15, 1.42797441166e-15, 5.17820082128e-15, 4.63787892775e-15, 5.59335623269e-15, 6.60277700028e-14, 5.49770834055e-14, 2.71487503702e-13, 2.19784382209e-14, 9.63373385781e-17, 1.06813541331e-16],
        "dvar2": [8.90180805587e-15, 4.16408471289e-13, 3.9231161722e-12, 5.43298912803e-11, 2.21988449844e-09, 2.25359215733e-08, 2.45632492124e-08, 3.87056104501e-07, 3.46491844994e-07, 1.19837025636e-07, 5.10082543315e-07, 3.55890023229e-07, 2.23092925467e-07, 2.37421929228e-07, 6.85999282268e-07, 1.30690160915e-08, 2.77396605686e-10, 8.1309864397e-10, 3.45221351505e-10, 4.37028052636e-10, 3.25394503009e-11, 8.4457163485e-11, 6.44112374548e-10, 6.19083506681e-10, 2.08656800171e-10, 1.26638977083e-10, 5.68544863966e-12, 8.30872236247e-14, 2.07187325158e-14, 1.77239897208e-15, 3.14181969015e-15, 1.01990076744e-14, 9.35885602278e-15, 1.35525745899e-14, 1.56427727217e-13, 1.1275850994e-13, 6.35951903118e-13, 4.87101339624e-14, 1.49443849299e-16, 1.99651039033e-16],
        "max": [7.54621112264e-07, 8.98141479411e-06, 2.60932974925e-05, 8.20670829853e-05, 0.000369923014659, 0.00237510725856, 0.00148806616198, 0.00452426914126, 0.00358646456152, 0.0025320679415, 0.00477260444313, 0.00629779882729, 0.00305981351994, 0.00440280186012, 0.00706818467006, 0.00145375833381, 0.000312965858029, 0.000329144473653, 0.000394369330024, 0.000428898754762, 7.85627562436e-05, 0.000111656569061, 0.000149098195834, 0.00011808675481, 0.000143066150486, 0.000189202910406, 3.08864619001e-05, 2.77996332443e-06, 2.05241644835e-06, 7.06665559846e-07, 7.53072754378e-07, 1.67363816672e-06, 1.52688824073e-06, 1.6889825929e-06, 6.05233390161e-06, 5.76374350203e-06, 1.18673033285e-05, 3.48275921169e-06, 2.48449254059e-07, 3.04125080675e-07],
        "mean": [2.46372913182e-08, 5.58685258056e-07, 2.03544209398e-06, 1.59871058258e-06, 3.63100225513e-05, 9.52892369241e-05, 0.000149108353071, 0.000330882670823, 0.000427316379501, 0.000196015229449, 0.000354912015609, 0.000393819849705, 0.000268738367595, 0.000271110038739, 0.000490878301207, 4.96568136441e-05, 8.08358618087e-06, 7.73012925492e-06, 6.67360427542e-06, 9.29289672058e-06, 1.90863374883e-06, 5.50806407773e-06, 1.45050180436e-05, 1.92346615222e-05, 1.08871681732e-05, 8.25358438306e-06, 1.13348755804e-06, 1.73032717043e-07, 7.37623295777e-08, 2.01401437749e-08, 1.73735354991e-08, 2.02482510758e-08, 2.04802148573e-08, 2.61470223251e-08, 3.74716577767e-08, 2.97056139686e-08, 3.94937487158e-08, 1.87692759113e-08, 5.41064482107e-09, 1.73116609936e-09],
        "median": [6.50226539278e-09, 2.07822054676e-07, 8.21309981802e-07, 5.37509777132e-07, 1.43466058944e-05, 3.71892019757e-05, 8.50199430715e-05, 5.59263935429e-05, 9.39392703003e-06, 1.05695835373e-05, 5.17422377015e-05, 0.000119594071293, 9.23026527744e-06, 2.36074520217e-05, 2.44871043833e-05, 1.33844355332e-06, 1.74441936451e-06, 2.94971243875e-07, 2.59407784142e-07, 2.9379617672e-07, 3.6493580069e-07, 1.3324390693e-06, 4.72930150863e-06, 5.97152620685e-06, 3.42746034221e-06, 1.29766965529e-06, 2.04709564855e-07, 5.33401234293e-08, 2.06455439411e-08, 4.08888389813e-09, 3.15240966664e-09, 3.31940519516e-09, 3.8232217392e-09, 4.66924010567e-09, 4.96541607831e-09, 3.20242454777e-09, 2.96461211136e-09, 2.2581458925e-09, 8.67997618226e-10, 1.65533226015e-10],
        "min": [4.92739836898e-24, 4.03781530895e-24, 8.08801336753e-24, 1.15277884911e-23, 2.10158856038e-23, 8.25580171549e-24, 3.4553070059e-24, 2.6350721164e-24, 8.53420808388e-24, 3.77005580176e-24, 4.11133083443e-24, 3.24796004456e-24, 6.72847786169e-24, 5.69098850953e-24, 7.84651858975e-24, 1.33506188511e-23, 8.9887773476e-24, 6.66201948587e-24, 9.71521174508e-24, 6.71517530025e-24, 6.83008787945e-24, 5.66528347694e-24, 8.39190388746e-24, 9.64459370571e-24, 1.07599175968e-23, 1.22027497145e-23, 1.32324380212e-23, 8.3807951482e-24, 6.79813901279e-24, 8.44599213543e-24, 1.01881180805e-23, 7.65855039098e-24, 5.80592159912e-24, 6.20813298127e-24, 9.96722756075e-24, 8.75411568298e-24, 9.79868269519e-24, 9.80399094022e-24, 1.0637459563e-23, 8.84261009933e-24],
