{
"metadata": {
    "version": {
        "essentia": "2.0.1",
        "extractor": "archive-music 1.0"
    },
    "audio_properties": {
        "analysis_sample_rate": 44100,
        "bitrate": 128,
        "channels": 2,
        "equal_loudness": 0,
        "length": 15.83020401,
        "replay_gain": -9.08135032654,
        "downmix": "mix"
    },
    "tags": {
        "track": 0,
        "year": 0,
        "album": "Dense In The 4th Dimension",
        "artist": "Circuit Flow & The Bird",
        "comment": "",
        "genre": "Other",
        "title": "I Like It"
    }
},
"highlevel": {
    "culture": {
        "all": {
            "non_western": 0.197184205055,
            "western": 0.802815794945
        },
        "probability": 0.802815794945,
        "value": "western"
    },
    "danceability": {
        "all": {
            "danceable": 0.94515478611,
            "not_danceable": 0.054845187813
        },
        "probability": 0.94515478611,
        "value": "danceable"
    },
    "gender": {
        "all": {
            "female": 0.620081543922,
            "male": 0.379918426275
        },
        "probability": 0.620081543922,
        "value": "female"
    },
    "genre_dortmund": {
        "all": {
            "alternative": 0.00706591363996,
            "blues": 0.0233786292374,
            "electronic": 0.189255133271,
            "folkcountry": 0.00496357679367,
            "funksoulrnb": 0.0420651957393,
            "jazz": 0.0304792616516,
            "pop": 0.0196040365845,
            "raphiphop": 0.647064208984,
            "rock": 0.0361240655184
        },
        "probability": 0.647064208984,
        "value": "raphiphop"
    },
    "genre_electronic": {
        "all": {
            "ambient": 0.0960253551602,
            "dnb": 0.077899813652,
            "house": 0.588950097561,
            "techno": 0.0385457091033,
            "trance": 0.19857904315
        },
        "probability": 0.588950097561,
        "value": "house"
    },
    "genre_rosamerica": {
        "all": {
            "cla": 0.0364794656634,
            "dan": 0.725649595261,
            "hip": 0.0277561880648,
            "jaz": 0.0104794083163,
            "pop": 0.0539302788675,
            "rhy": 0.0229025054723,
            "roc": 0.109000466764,
            "spe": 0.0138020720333
        },
        "probability": 0.725649595261,
        "value": "dan"
    },
    "genre_tzanetakis": {
        "all": {
            "blu": 0.0133743984625,
            "cla": 0.0284466911107,
            "cou": 0.0153613444418,
            "dis": 0.141681417823,
            "hip": 0.345252454281,
            "jaz": 0.0189403947443,
            "met": 0.0149326361716,
            "pop": 0.218402147293,
            "reg": 0.171226680279,
            "roc": 0.0323818214238
        },
        "probability": 0.345252454281,
        "value": "hip"
    },
    "mirex_ballroom": {
        "all": {
            "ChaChaCha": 0.268686622381,
            "Jive": 0.366022795439,
            "Quickstep": 0.0336669012904,
            "Rumba-American": 0.00890635512769,
            "Rumba-International": 0.0245694965124,
            "Rumba-Misc": 0.0174212101847,
            "Samba": 0.134415760636,
            "Tango": 0.0517555810511,
            "VienneseWaltz": 0.0478766411543,
            "Waltz": 0.0466786473989
        },
        "probability": 0.366022795439,
        "value": "Jive"
    },
    "mood_acoustic": {
        "all": {
            "acoustic": 0.00383658357896,
            "not_acoustic": 0.99616342783
        },
        "probability": 0.99616342783,
        "value": "not_acoustic"
    },
    "mood_aggressive": {
        "all": {
            "aggressive": 0.429846227169,
            "not_aggressive": 0.570153772831
        },
        "probability": 0.570153772831,
        "value": "not_aggressive"
    },
    "mood_electronic": {
        "all": {
            "electronic": 0.965605258942,
            "not_electronic": 0.0343947298825
        },
        "probability": 0.965605258942,
        "value": "electronic"
    },
    "mood_happy": {
        "all": {
            "happy": 0.130816787481,
            "not_happy": 0.869183182716
        },
        "probability": 0.869183182716,
        "value": "not_happy"
    },
    "mood_party": {
        "all": {
            "not_party": 0.0805694758892,
            "party": 0.919430494308
        },
        "probability": 0.919430494308,
        "value": "party"
    },
    "mood_relaxed": {
        "all": {
            "not_relaxed": 0.844610989094,
            "relaxed": 0.155389025807
        },
        "probability": 0.844610989094,
        "value": "not_relaxed"
    },
    "mood_sad": {
        "all": {
            "not_sad": 0.878682851791,
            "sad": 0.121317178011
        },
        "probability": 0.878682851791,
        "value": "not_sad"
    },
    "moods_mirex": {
        "all": {
            "Cluster1": 0.158530399203,
            "Cluster2": 0.16231572628,
            "Cluster3": 0.0514995753765,
            "Cluster4": 0.427967190742,
            "Cluster5": 0.199687108397
        },
        "probability": 0.427967190742,
        "value": "Cluster4"
    },
    "timbre": {
        "all": {
            "bright": 0.999996364117,
            "dark": 3.6492763229e-06
        },
        "probability": 0.999996364117,
        "value": "bright"
    },
    "tonal_atonal": {
        "all": {
            "atonal": 0.999999940395,
            "tonal": 3.66486823111e-08
        },
        "probability": 0.999999940395,
        "value": "atonal"
    },
    "voice_instrumental": {
        "all": {
            "instrumental": 0.743310272694,
            "voice": 0.256689727306
        },
        "probability": 0.743310272694,
        "value": "instrumental"
    }
},
"lowlevel": {
    "average_loudness": 0.976751506329,
    "barkbands_kurtosis": {
        "dmean": 10.8383483887,
        "dmean2": 16.4214191437,
        "dvar": 1777.0255127,
        "dvar2": 4182.45263672,
        "max": 720.240966797,
        "mean": 17.6180343628,
        "median": 0.799065351486,
        "min": -1.75521588326,
        "var": 3288.56225586
    },
    "barkbands_skewness": {
        "dmean": 0.940795242786,
        "dmean2": 1.22364735603,
        "dvar": 2.28687143326,
        "dvar2": 4.62789535522,
        "max": 23.0837879181,
        "mean": 2.18279576302,
        "median": 0.980051338673,
        "min": -4.45430517197,
        "var": 9.64598655701
    },
    "barkbands_spread": {
        "dmean": 3.8981757164,
        "dmean2": 5.58689308167,
        "dvar": 38.4963607788,
        "dvar2": 85.9455184937,
        "max": 83.4191436768,
        "mean": 15.3241405487,
        "median": 15.9016294479,
        "min": 0.197689384222,
        "var": 103.118148804
    },
    "dissonance": {
        "dmean": 0.0110805863515,
        "dmean2": 0.0190509967506,
        "dvar": 0.000297322170809,
        "dvar2": 0.000675308925565,
        "max": 0.500000178814,
        "mean": 0.472175389528,
        "median": 0.484271198511,
        "min": 0.370560646057,
        "var": 0.000854143348988
    },
    "dynamic_complexity": 3.23319554329,
    "erbbands_kurtosis": {
        "dmean": 1.45187401772,
        "dmean2": 2.32431030273,
        "dvar": 11.8461284637,
        "dvar2": 27.5150432587,
        "max": 43.0742073059,
        "mean": 1.1956936121,
        "median": -0.0500841140747,
        "min": -1.90238857269,
        "var": 16.1078910828
    },
    "erbbands_skewness": {
        "dmean": 0.399555057287,
        "dmean2": 0.634818077087,
        "dvar": 0.330556124449,
        "dvar2": 0.773966550827,
        "max": 3.74565696716,
        "mean": -0.362532198429,
        "median": -0.323991596699,
        "min": -5.63215780258,
        "var": 0.840735137463
    },
    "erbbands_spread": {
        "dmean": 6.33074760437,
        "dmean2": 9.03603935242,
        "dvar": 60.3063316345,
        "dvar2": 114.157691956,
        "max": 95.5139389038,
        "mean": 29.141374588,
        "median": 27.4184627533,
        "min": 0.820340156555,
        "var": 270.19833374
    },
    "hfc": {
        "dmean": 4.85291242599,
        "dmean2": 7.52853107452,
        "dvar": 39.3963546753,
        "dvar2": 86.5820770264,
        "max": 84.9258880615,
        "mean": 21.2667808533,
        "median": 20.3823013306,
        "min": 1.17980281078e-16,
        "var": 169.658325195
    },
    "melbands_kurtosis": {
        "dmean": 21.7206821442,
        "dmean2": 28.5786991119,
        "dvar": 3997.76953125,
        "dvar2": 6734.80175781,
        "max": 1085.43505859,
        "mean": 44.0137176514,
        "median": 3.71797847748,
        "min": -1.69328534603,
        "var": 14610.3808594
    },
    "melbands_skewness": {
        "dmean": 1.20245063305,
        "dmean2": 1.45204496384,
        "dvar": 2.92873597145,
        "dvar2": 4.1225271225,
        "max": 25.4619865417,
        "mean": 3.6923019886,
        "median": 1.7151736021,
        "min": -4.14399194717,
        "var": 19.835105896
    },
    "melbands_spread": {
        "dmean": 6.32856464386,
        "dmean2": 9.3882188797,
        "dvar": 113.873626709,
        "dvar2": 237.870040894,
        "max": 129.727371216,
        "mean": 21.6938819885,
        "median": 20.650220871,
        "min": 0.167399674654,
        "var": 361.801940918
    },
    "pitch_salience": {
        "dmean": 0.081088796258,
        "dmean2": 0.112455897033,
        "dvar": 0.0139869218692,
        "dvar2": 0.0233311280608,
        "max": 0.94093734026,
        "mean": 0.54057019949,
        "median": 0.651769578457,
        "min": 0.047271925956,
        "var": 0.0766643881798
    },
    "silence_rate_20dB": {
        "dmean": 0,
        "dmean2": 0,
        "dvar": 0,
        "dvar2": 0,
        "max": 1,
        "mean": 1,
        "median": 1,
        "min": 1,
        "var": 0
    },
    "silence_rate_30dB": {
        "dmean": 0.0791788846254,
        "dmean2": 0.158590301871,
        "dvar": 0.0729091316462,
        "dvar2": 0.133439943194,
        "max": 1,
        "mean": 0.742313325405,
        "median": 1,
        "min": 0,
        "var": 0.191282883286
    },
    "silence_rate_60dB": {
        "dmean": 0.0234604105353,
        "dmean2": 0.0469897203147,
        "dvar": 0.0229099094868,
        "dvar2": 0.0535926371813,
        "max": 1,
        "mean": 0.0951683744788,
        "median": 0,
        "min": 0,
        "var": 0.0861105620861
    },
    "spectral_centroid": {
        "dmean": 261.736968994,
        "dmean2": 376.311950684,
        "dvar": 235244.625,
        "dvar2": 268257.25,
        "max": 11100.0048828,
        "mean": 1576.12719727,
        "median": 1512.22119141,
        "min": 153.368728638,
        "var": 594302.5
    },
    "spectral_complexity": {
        "dmean": 3.65982413292,
        "dmean2": 5.78854608536,
        "dvar": 17.6144504547,
        "dvar2": 35.9699401855,
        "max": 54,
        "mean": 24.4992675781,
        "median": 26,
        "min": 0,
        "var": 154.542816162
    },
    "spectral_crest": {
        "dmean": 2.43154764175,
        "dmean2": 3.47220492363,
        "dvar": 9.05075359344,
        "dvar2": 17.0023708344,
        "max": 25.975019455,
        "mean": 12.2875127792,
        "median": 9.70136833191,
        "min": 3.16007018089,
        "var": 47.8432693481
    },
    "spectral_decrease": {
        "dmean": 4.45529968474e-09,
        "dmean2": 4.50427473098e-09,
        "dvar": 4.36026025292e-17,
        "dvar2": 5.07869870953e-17,
        "max": 1.08829594666e-28,
        "mean": -1.57429500547e-08,
        "median": -7.75958053367e-09,
        "min": -7.09904171003e-08,
        "var": 2.83136909185e-16
    },
    "spectral_energy": {
        "dmean": 0.0170628353953,
        "dmean2": 0.0173740535975,
        "dvar": 0.000621901534032,
        "dvar2": 0.00073103554314,
        "max": 0.270894289017,
        "mean": 0.0613464713097,
        "median": 0.0319557599723,
        "min": 1.0751712989e-20,
        "var": 0.00405915360898
    },
    "spectral_energyband_high": {
        "dmean": 0.000100283381471,
        "dmean2": 0.000159157221788,
        "dvar": 1.04318282013e-07,
        "dvar2": 2.67051888159e-07,
        "max": 0.00618584081531,
        "mean": 0.000284262438072,
        "median": 0.000146726757521,
        "min": 7.36888840373e-21,
        "var": 1.84540127179e-07
    },
    "spectral_energyband_low": {
        "dmean": 0.0155754173175,
        "dmean2": 0.0173558145761,
        "dvar": 0.00100401008967,
        "dvar2": 0.00160188227892,
        "max": 0.26214709878,
        "mean": 0.0433340296149,
        "median": 0.000235297411564,
        "min": 2.17292509427e-23,
        "var": 0.00424445793033
    },
    "spectral_energyband_middle_high": {
        "dmean": 0.0020358460024,
        "dmean2": 0.00320787657984,
        "dvar": 6.95435846865e-06,
        "dvar2": 1.38303512358e-05,
        "max": 0.0427525900304,
        "mean": 0.00777156604454,
        "median": 0.00710426829755,
        "min": 1.64911642342e-21,
        "var": 3.40745282301e-05
    },
    "spectral_energyband_middle_low": {
        "dmean": 0.00681078759953,
        "dmean2": 0.0122645236552,
        "dvar": 0.000308868096909,
        "dvar2": 0.000866463116836,
        "max": 0.139886632562,
        "mean": 0.0104529839009,
        "median": 0.00597235979512,
        "min": 2.95432725652e-22,
        "var": 0.000235555795371
    },
    "spectral_flatness_db": {
        "dmean": 0.0333560667932,
        "dmean2": 0.0454708598554,
        "dvar": 0.00199176138267,
        "dvar2": 0.00319872773252,
        "max": 0.659017860889,
        "mean": 0.240248098969,
        "median": 0.210558637977,
        "min": 0.066259354353,
        "var": 0.0160801149905
    },
    "spectral_flux": {
        "dmean": 0.0449403263628,
        "dmean2": 0.0592902526259,
        "dvar": 0.00398509716615,
        "dvar2": 0.00537031935528,
        "max": 0.531146585941,
        "mean": 0.101415902376,
        "median": 0.0733338743448,
        "min": 6.9489074217e-11,
        "var": 0.00984405633062
    },
    "spectral_kurtosis": {
        "dmean": 6.65454530716,
        "dmean2": 11.4281435013,
        "dvar": 229.390548706,
        "dvar2": 551.534423828,
        "max": 176.86541748,
        "mean": 13.6340494156,
        "median": 6.27400112152,
        "min": -1.28884899616,
        "var": 681.72833252
    },
    "spectral_rms": {
        "dmean": 0.00107293692417,
        "dmean2": 0.0011668385705,
        "dvar": 1.91299523067e-06,
        "dvar2": 2.40853091782e-06,
        "max": 0.0162569098175,
        "mean": 0.00661947624758,
        "median": 0.00558357872069,
        "min": 3.23874607688e-12,
        "var": 1.6032725398e-05
    },
    "spectral_rolloff": {
        "dmean": 411.656494141,
        "dmean2": 662.943847656,
        "dvar": 1575864.25,
        "dvar2": 3257522.25,
        "max": 19702.8808594,
        "mean": 1527.40844727,
        "median": 1679.58984375,
        "min": 64.599609375,
        "var": 3648412
    },
    "spectral_skewness": {
        "dmean": 0.502680778503,
        "dmean2": 0.871093034744,
        "dvar": 0.625339984894,
        "dvar2": 1.83261537552,
        "max": 9.79226970673,
        "mean": 1.86774981022,
        "median": 1.572275877,
        "min": 0.0104263005778,
        "var": 1.48917353153
    },
    "spectral_spread": {
        "dmean": 476354.40625,
        "dmean2": 750548.8125,
        "dvar": 4.39455920947e+12,
        "dvar2": 7.82191611085e+12,
        "max": 47579940,
        "mean": 2911788.5,
        "median": 2664326.5,
        "min": 323265.8125,
        "var": 8.81148297216e+12
    },
    "spectral_strongpeak": {
        "dmean": 0.41760879755,
        "dmean2": 0.68662917614,
        "dvar": 0.802584767342,
        "dvar2": 2.18050670624,
        "max": 12.414396286,
        "mean": 0.842752099037,
        "median": 0.787939846516,
        "min": 0,
        "var": 0.724493265152
    },
    "zerocrossingrate": {
        "dmean": 0.0110385930166,
        "dmean2": 0.0128738470376,
        "dvar": 0.000711495056748,
        "dvar2": 0.00127553963102,
        "max": 0.52490234375,
        "mean": 0.0491791442037,
        "median": 0.0419921875,
        "min": 0.001953125,
        "var": 0.00258978107013
    },
    "barkbands": {
        "dmean": [0.00172081985511, 0.0145968329161, 0.00365074910223, 0.00166758918203, 0.00377869047225, 0.00118554406799, 0.000571679964196, 0.000284496229142, 0.000312960270094, 0.000286391936243, 0.000431947875768, 0.000239414337557, 0.000278312014416, 0.00073015486123, 0.000738550559618, 0.000269166892394, 0.000266676448518, 0.000274761521723, 0.000124852042063, 5.63651665288e-05, 2.71889948635e-05, 1.4357838154e-05, 9.76622595772e-06, 3.77846627089e-05, 1.10875989776e-05, 5.84550070926e-06, 2.16707576328e-07],
        "dmean2": [0.00170135288499, 0.0168888345361, 0.00670088268816, 0.00317885237746, 0.00691752089188, 0.00218344223686, 0.000976903364062, 0.000465869903564, 0.000517429376487, 0.000473476597108, 0.000716209528036, 0.000397220836021, 0.000440563104348, 0.00120534631424, 0.00118650693912, 0.000442008516984, 0.00045813867473, 0.000456964829937, 0.000203600167879, 9.25433414523e-05, 4.26856058766e-05, 2.2778614948e-05, 1.54619920067e-05, 6.16105389781e-05, 1.77879664989e-05, 1.01735704447e-05, 3.88647265481e-07],
        "dvar": [9.14830707188e-06, 0.000938135955948, 0.000142369302921, 3.02612297673e-05, 0.000111054781883, 1.08674566945e-05, 1.32161062538e-06, 3.56379445066e-07, 3.82358905426e-07, 3.00654477314e-07, 9.55988411988e-07, 1.77611440222e-07, 5.21840149759e-07, 9.59806811807e-07, 9.70625592345e-07, 1.28094328034e-07, 1.08624938377e-07, 3.34529829615e-07, 3.98433321891e-08, 9.87012249709e-09, 2.52574205994e-09, 1.52029189238e-09, 6.08047723283e-10, 6.52529976719e-08, 1.04555664127e-09, 6.43259112643e-10, 1.19764343842e-12],
        "dvar2": [1.00626912172e-05, 0.00166334002279, 0.000402905774536, 8.83769389475e-05, 0.000318665261148, 3.14539938699e-05, 3.12245447276e-06, 6.77908872149e-07, 8.22988795335e-07, 7.09170251412e-07, 2.2957656256e-06, 3.77785511319e-07, 1.05371452719e-06, 2.47115644925e-06, 2.27987425205e-06, 3.23235724409e-07, 2.84115884597e-07, 8.96382516657e-07, 1.01694219268e-07, 2.29476544433e-08, 5.79082826135e-09, 3.38332672989e-09, 1.14773768267e-09, 1.79318362825e-07, 2.61295607373e-09, 1.80595760568e-09, 3.43570658035e-12],
        "max": [0.0289932582527, 0.235583141446, 0.0737596303225, 0.0419771149755, 0.0849021449685, 0.029912436381, 0.00948047451675, 0.00606842711568, 0.00985876191407, 0.00815794058144, 0.0154758226126, 0.00437565054744, 0.0121462792158, 0.0139780538157, 0.0139407338575, 0.00388871319592, 0.00276189786382, 0.00842800922692, 0.0027115130797, 0.00155828334391, 0.000656846910715, 0.000596451747697, 0.000355374388164, 0.00508763827384, 0.000420009688241, 0.000396795599954, 1.97612880584e-05],
        "mean": [0.00419445149601, 0.0364651419222, 0.0022655017674, 0.00116647779942, 0.00454864930362, 0.00180932565127, 0.00127073016483, 0.000766704732087, 0.000748452555854, 0.000674671144225, 0.000840835855342, 0.000518073909916, 0.000643486215267, 0.00155217177235, 0.00146010098979, 0.000602574495133, 0.000568868359551, 0.000562969245948, 0.000324757857015, 0.000146412290633, 7.0395450166e-05, 3.37613637384e-05, 2.31903140957e-05, 6.02486907155e-05, 2.27701730182e-05, 5.64188621865e-06, 1.69895372437e-07],
        "median": [2.69030751952e-05, 8.10264900792e-05, 1.05280068965e-05, 5.28448254045e-05, 0.00180693832226, 0.000891145027708, 0.000740598072298, 0.000396535499021, 0.00044844171498, 0.000404458085541, 0.000480713701108, 0.000287846487481, 0.000331658869982, 0.00104394415393, 0.00106861174572, 0.000473036139738, 0.000401900557335, 0.000322479609167, 0.000218430126552, 8.62220840645e-05, 4.11424371123e-05, 1.10576020234e-05, 4.72237661597e-06, 6.27794497632e-06, 2.8255055895e-06, 1.72875445514e-07, 2.16181006429e-09],
        "min": [3.7507949739e-24, 1.19755838062e-23, 4.56837199379e-24, 4.02521088941e-24, 1.833236382e-23, 9.69677843231e-24, 4.28402495058e-23, 4.59080727683e-23, 6.14993500464e-23, 4.40037089005e-23, 6.17498039175e-23, 5.88348745203e-23, 1.16233340617e-22, 7.12769528005e-23, 1.00497597664e-22, 1.0364738673e-22, 1.13921422807e-22, 1.28467967412e-22, 2.38141355312e-22, 1.98177232713e-22, 3.86898913558e-22, 4.74766583072e-22, 2.68973699802e-22, 7.3706846337e-22, 1.17208968444e-21, 1.61274915314e-21, 2.3250833309e-21],
        "var": [4.87726283609e-05, 0.00326562835835, 8.48032650538e-05, 1.68815004145e-05, 7.51306652091e-05, 8.76372178027e-06, 2.55125860349e-06, 1.05682227058e-06, 8.46659986564e-07, 7.0900063065e-07, 1.84599662134e-06, 4.2046156068e-07, 1.42823296301e-06, 2.89520039587e-06, 2.0241823222e-06, 3.10125386704e-07, 2.87452706971e-07, 5.60126125038e-07, 1.3015595357e-07, 3.16001553813e-08, 7.78462450057e-09, 3.54129880975e-09, 2.05730477099e-09, 5.65603421876e-08, 2.37998110109e-09, 4.76040318276e-10, 7.59828614957e-13]
    },
    "erbbands": {
        "dmean": [0.680092632771, 3.34012413025, 4.95399904251, 4.65257024765, 8.7294883728, 13.4688949585, 13.0742931366, 9.05905818939, 9.34348297119, 5.34625577927, 6.24914169312, 8.78046131134, 7.62409210205, 16.5717182159, 9.17964363098, 8.46715164185, 13.9450063705, 36.2265396118, 35.515422821, 26.1135082245, 12.1895208359, 12.8875589371, 11.9796524048, 11.8416776657, 5.15496253967, 2.47743797302, 1.60690104961, 0.760436296463, 0.53350943327, 0.331373721361, 0.314052909613, 1.2711943388, 0.274682790041, 0.146619528532, 0.0723401159048, 0.0323553346097, 0.0100410263985, 0.00117038015742, 3.14727367368e-05, 1.88947160495e-05],
        "dmean2": [0.62506878376, 4.76307868958, 8.77265357971, 8.74922466278, 16.1314640045, 24.6491165161, 24.364408493, 16.3183174133, 16.0699939728, 9.23331928253, 10.1014919281, 14.3126688004, 13.088218689, 26.2736358643, 15.4896430969, 14.0148429871, 22.5774230957, 59.6528434753, 56.1348762512, 42.5973587036, 19.7662639618, 22.187707901, 19.5467987061, 19.2421474457, 8.42234992981, 4.08319950104, 2.54844141006, 1.20237505436, 0.836362421513, 0.523540139198, 0.495856106281, 2.0930325985, 0.447260349989, 0.236292585731, 0.119300998747, 0.0539695583284, 0.0181037057191, 0.00211525149643, 5.28516829945e-05, 1.95886477741e-05],
        "dvar": [1.45873022079, 66.8433456421, 241.697631836, 230.472961426, 701.745178223, 1384.6685791, 1665.59387207, 553.194824219, 412.445709229, 103.89541626, 149.543548584, 342.67755127, 207.133209229, 1187.52587891, 257.194549561, 182.391021729, 1281.51062012, 2582.73632812, 1942.80371094, 1641.39538574, 177.969604492, 256.339569092, 386.914733887, 590.084777832, 88.5103378296, 16.5992431641, 7.40099287033, 2.81688833237, 1.69736087322, 0.655000627041, 0.908295333385, 92.1644210815, 0.962580621243, 0.167552635074, 0.0573701150715, 0.0197061337531, 0.00168899004348, 2.85534188151e-05, 1.48934962141e-08, 7.00926261477e-10],
        "dvar2": [1.51049160957, 156.727493286, 653.905456543, 668.245910645, 2013.29345703, 3969.05249023, 4660.05712891, 1570.66357422, 956.864074707, 254.997909546, 287.680969238, 709.866149902, 542.887878418, 2397.56054688, 585.168334961, 410.671905518, 2816.63720703, 6861.36474609, 4450.83300781, 3950.7253418, 423.465667725, 669.582397461, 1003.00268555, 1523.19726562, 236.304946899, 38.1635017395, 16.6403083801, 6.29177331924, 3.67361688614, 1.22852730751, 2.08170056343, 253.160079956, 2.56357574463, 0.413768202066, 0.148958265781, 0.0545982383192, 0.00480661494657, 8.12457656139e-05, 4.26778647977e-08, 8.46923531306e-10],
        "max": [10.5823535919, 57.802406311, 96.8767623901, 118.079055786, 195.921569824, 294.992797852, 423.543212891, 225.016662598, 154.127258301, 95.7399902344, 117.634529114, 290.134155273, 149.950515747, 553.085571289, 207.298721313, 127.919036865, 627.301574707, 732.665771484, 534.001525879, 534.827392578, 148.915283203, 148.476806641, 275.228027344, 346.941162109, 140.282485962, 63.9937820435, 31.8960208893, 25.2521743774, 16.6024837494, 11.5256624222, 15.8127346039, 190.495391846, 18.1931762695, 6.26910305023, 3.96357393265, 2.28333210945, 0.578459382057, 0.0915691554546, 0.00212898664176, 0.000298093917081],
        "mean": [1.83944308758, 4.92991542816, 3.53333854675, 3.20694899559, 9.46177387238, 15.4613037109, 15.7456865311, 17.7077178955, 18.212556839, 13.8033752441, 18.2095584869, 20.8776912689, 19.6897125244, 33.0465278625, 23.3284244537, 21.0930271149, 32.2275810242, 75.23802948, 79.3568267822, 57.4132957458, 31.5324478149, 29.5149040222, 27.6571483612, 25.7178459167, 14.0777215958, 6.88641119003, 4.27350330353, 1.99244594574, 1.28944909573, 0.825678050518, 0.698693037033, 1.72618508339, 0.621168315411, 0.310207933187, 0.12881654501, 0.036869995296, 0.00899193249643, 0.00103087187745, 5.49873184355e-05, 7.00611344655e-05],
        "median": [0.0019184948178, 0.0171141009778, 0.0419785678387, 0.186810240149, 1.48078405857, 6.66169643402, 4.75010347366, 8.17391872406, 9.86118507385, 8.41969871521, 9.71211147308, 11.1868953705, 12.4715909958, 18.0235919952, 15.5974235535, 13.7984790802, 17.0614318848, 47.9029998779, 60.4430656433, 41.8176422119, 25.5420875549, 21.9071121216, 18.0077476501, 14.9504137039, 8.82685565948, 4.17276954651, 2.47002434731, 0.998129367828, 0.465734899044, 0.206306278706, 0.118839375675, 0.126118183136, 0.102558404207, 0.0470542982221, 0.0107839219272, 0.00208742590621, 0.000360825040843, 3.42434177583e-05, 3.1612948078e-05, 3.94898706872e-05],
        "min": [2.54523307875e-22, 2.07515099155e-21, 6.89929296166e-21, 7.99779931645e-21, 1.57707735273e-20, 7.1270482576e-20, 1.20857898809e-19, 1.09121110646e-19, 5.60760833296e-19, 5.89651253563e-19, 7.55368927674e-19, 1.17985547736e-18, 6.61166600987e-19, 1.56417165497e-18, 2.82180527097e-18, 2.40749076807e-18, 5.36203205757e-18, 3.05309468961e-18, 4.57647227831e-18, 6.59115461902e-18, 5.72618260582e-18, 6.74571662519e-18, 8.49586371087e-18, 1.05826294653e-17, 1.1637887761e-17, 1.00607661799e-17, 1.38883691022e-17, 1.57830213322e-17, 1.58591831599e-17, 1.38519574388e-17, 8.80578347098e-18, 1.56062511809e-17, 1.21766098144e-17, 1.01359957751e-17, 8.54377980222e-18, 5.34392093806e-18, 2.77839545281e-18, 1.09261056681e-18, 2.972119653e-19, 3.46492969278e-20],
        "var": [8.51633262634, 91.1059112549, 162.187789917, 130.691177368, 537.203979492, 897.592163086, 1219.31921387, 736.50189209, 653.89666748, 269.81149292, 553.773132324, 767.765563965, 520.309204102, 2954.68017578, 706.52545166, 537.274414062, 3114.59887695, 7707.35498047, 5768.09863281, 3392.07568359, 682.981567383, 727.599609375, 868.510498047, 1120.72058105, 304.302947998, 63.148979187, 26.5256214142, 8.10211849213, 4.63209056854, 2.20910549164, 2.11104369164, 76.9200134277, 1.50828969479, 0.425405621529, 0.0939620137215, 0.0168917197734, 0.00114413048141, 1.86457073141e-05, 1.04916271226e-08, 4.67707028662e-09]
    },
    "gfcc": {
        "mean": [-69.2293014526, 102.703056335, -173.264099121, 19.1382865906, -31.0990028381, -3.98337674141, -47.2113227844, -1.33867740631, -19.25922966, -2.52472448349, -1.50157392025, -9.83426189423, 4.0344452858],
        "cov": [[24622.015625, 3256.84155273, 1840.93847656, 789.550109863, -3949.81445312, 1023.72808838, 356.973876953, 762.099365234, -565.475280762, 187.205047607, -367.864318848, 188.705001831, 262.505554199], [3256.84155273, 3282.67993164, 1178.37988281, 794.351623535, 94.3105621338, 120.300559998, 1169.97131348, 121.13344574, 522.457885742, -53.0008583069, 303.108978271, 15.8360710144, 264.651824951], [1840.93847656, 1178.37988281, 3338.38232422, 1290.79675293, 697.64276123, 1207.52954102, 716.731933594, 842.375183105, 294.270599365, 424.76461792, 95.1401672363, 147.220748901, 72.6662139893], [789.550109863, 794.351623535, 1290.79675293, 977.322570801, 817.572753906, 622.401184082, 517.836120605, 424.970275879, 323.783294678, 185.949005127, 221.995437622, -3.18916106224, 108.363693237], [-3949.81445312, 94.3105621338, 697.64276123, 817.572753906, 3404.84594727, 483.938781738, 449.65814209, 483.321838379, 330.938751221, 353.678619385, 383.037902832, -183.417480469, 49.8753509521], [1023.72808838, 120.300559998, 1207.52954102, 622.401184082, 483.938781738, 756.885070801, 275.129180908, 470.172576904, 89.5779953003, 281.239257812, 101.648216248, 0.349548101425, 80.3069763184], [356.973876953, 1169.97131348, 716.731933594, 517.836120605, 449.65814209, 275.129180908, 736.119567871, 193.061447144, 370.18170166, 101.834640503, 222.118362427, 40.0290031433, 143.063919067], [762.099365234, 121.13344574, 842.375183105, 424.970275879, 483.321838379, 470.172576904, 193.061447144, 463.575958252, 25.6865978241, 222.029510498, 74.9741363525, 12.3467216492, 89.4699325562], [-565.475280762, 522.457885742, 294.270599365, 323.783294678, 330.938751221, 89.5779953003, 370.18170166, 25.6865978241, 482.094268799, 28.3115901947, 188.906478882, 125.802864075, 36.4503059387], [187.205047607, -53.0008583069, 424.76461792, 185.949005127, 353.678619385, 281.239257812, 101.834640503, 222.029510498, 28.3115901947, 207.555496216, 47.1343841553, 33.058429718, 35.7769508362], [-367.864318848, 303.108978271, 95.1401672363, 221.995437622, 383.037902832, 101.648216248, 222.118362427, 74.9741363525, 188.906478882, 47.1343841553, 185.516937256, -9.35045814514, 81.4266433716], [188.705001831, 15.8360710144, 147.220748901, -3.18916106224, -183.417480469, 0.349548101425, 40.0290031433, 12.3467216492, 125.802864075, 33.058429718, -9.35045814514, 173.842727661, -35.5673751831], [262.505554199, 264.651824951, 72.6662139893, 108.363693237, 49.8753509521, 80.3069763184, 143.063919067, 89.4699325562, 36.4503059387, 35.7769508362, 81.4266433716, -35.5673751831, 126.322097778]],
        "icov": [[0.000132893037517, -0.000350291171344, 0.000253988284385, -0.000180189774255, 0.000183795797057, -0.000410674867453, 0.000320746272337, -0.000324841937982, 0.000148144827108, -0.000246439711191, 0.000274895894108, -0.000165916950209, 0.000324655033182], [-0.000350291171344, 0.00217039464042, -0.00118917971849, -0.000172993692104, -0.000264353264356, 0.00258310651407, -0.00262321834452, 0.00112357165199, -5.83186829317e-06, 0.000884839973878, -0.00104340049438, 0.000862036540639, -0.00168303225655], [0.000253988284385, -0.00118917971849, 0.00193908496294, -0.00095132534625, 0.000288014212856, -0.00238775089383, 0.000672189169563, -0.0013819456799, 0.000211661768844, -0.00035701302113, 0.00217895046808, -0.00122015771922, 0.00157793832477], [-0.000180189774255, -0.000172993692104, -0.00095132534625, 0.00570743344724, -0.000719698145986, -0.00246236287057, -7.21988326404e-05, -0.00106977170799, -0.00202046497725, 0.00313149089925, -0.00189286528621, 0.00129815365653, 0.000358837191015], [0.000183795797057, -0.000264353264356, 0.000288014212856, -0.000719698145986, 0.0011120471172, 0.000680883938912, 0.000123977646581, -0.00134436343797, -0.000311888376018, -0.00207787984982, -0.000836157239974, 0.00185330968816, 0.00230273068883], [-0.000410674867453, 0.00258310651407, -0.00238775089383, -0.00246236287057, 0.000680883938912, 0.0111025022343, -0.00244265282527, -0.00145143282134, -0.000804998504464, -0.00550856301561, -0.0024546708446, 0.0050884061493, 0.000202232011361], [0.000320746272337, -0.00262321834452, 0.000672189169563, -7.21988326404e-05, 0.000123977646581, -0.00244265282527, 0.00711852591485, -0.000606985180639, -0.00201994529925, -0.00155543733854, 0.000313813943649, -0.00056222762214, -0.000960812729318], [-0.000324841937982, 0.00112357165199, -0.0013819456799, -0.00106977170799, -0.00134436343797, -0.00145143282134, -0.000606985180639, 0.0109895775095, 0.00269544613548, -0.00136227975599, -0.000171245934325, -0.00377885648049, -0.00695442268625], [0.000148144827108, -5.83186829317e-06, 0.000211661768844, -0.00202046497725, -0.000311888376018, -0.000804998504464, -0.00201994529925, 0.00269544613548, 0.00931816268712, 0.00213409378193, -0.00559346517548, -0.00778841087595, 0.000448725681053], [-0.000246439711191, 0.000884839973878, -0.00035701302113, 0.00313149089925, -0.00207787984982, -0.00550856301561, -0.00155543733854, -0.00136227975599, 0.00213409378193, 0.0181692540646, -0.00131303851958, -0.00699848216027, -0.0036596050486], [0.000274895894108, -0.00104340049438, 0.00217895046808, -0.00189286528621, -0.000836157239974, -0.0024546708446, 0.000313813943649, -0.000171245934325, -0.00559346517548, -0.00131303851958, 0.0209889728576, 0.000837202940602, -0.00766619481146], [-0.000165916950209, 0.000862036540639, -0.00122015771922, 0.00129815365653, 0.00185330968816, 0.0050884061493, -0.00056222762214, -0.00377885648049, -0.00778841087595, -0.00699848216027, 0.000837202940602, 0.0175129380077, 0.00609440915287], [0.000324655033182, -0.00168303225655, 0.00157793832477, 0.000358837191015, 0.00230273068883, 0.000202232011361, -0.000960812729318, -0.00695442268625, 0.000448725681053, -0.0036596050486, -0.00766619481146, 0.00609440915287, 0.0220926757902]]
    },
    "melbands": {
        "dmean": [0.00463093165308, 0.00314434454776, 0.000914237112738, 0.000797930988483, 0.000506881740876, 0.000205993143027, 0.000132399247377, 5.77183527639e-05, 4.44535544375e-05, 5.69983603782e-05, 3.86047868233e-05, 6.45676045679e-05, 4.16001566919e-05, 2.84106099571e-05, 1.91696835827e-05, 3.57995850209e-05, 7.87352837506e-05, 5.8585908846e-05, 5.48617535969e-05, 2.62718367594e-05, 1.43165525515e-05, 1.4452240066e-05, 1.19208361866e-05, 1.23082254504e-05, 1.0042201211e-05, 4.37162543676e-06, 2.8466877211e-06, 1.64790901636e-06, 1.29505463065e-06, 6.04394301718e-07, 4.61277494423e-07, 3.4752295619e-07, 2.39751614117e-07, 1.85273108855e-07, 1.81891408602e-07, 2.66129490001e-07, 9.82351025414e-07, 1.74549597887e-07, 1.61084315664e-07, 1.2134195515e-07],
        "dmean2": [0.00465328851715, 0.0049073798582, 0.00170061993413, 0.00145978073124, 0.000938713026699, 0.000373120099539, 0.000228795979638, 9.82224810286e-05, 7.26873040549e-05, 9.33496266953e-05, 6.60270234221e-05, 0.000102527032141, 7.01013268554e-05, 4.7391782573e-05, 3.17862286465e-05, 5.66995695408e-05, 0.000130355605506, 9.46705549723e-05, 8.88983122422e-05, 4.29224746767e-05, 2.3955006327e-05, 2.49981749221e-05, 2.01481161639e-05, 2.0084762582e-05, 1.65097262652e-05, 7.0787259574e-06, 4.6758254939e-06, 2.79764867628e-06, 2.08018991543e-06, 9.43969610034e-07, 7.53054109737e-07, 5.51343191546e-07, 3.91629441765e-07, 2.90905063594e-07, 2.89708452783e-07, 4.45106365987e-07, 1.61645959906e-06, 2.79011260318e-07, 2.55037093666e-07, 2.0060193151e-07],
        "dvar": [7.45706638554e-05, 7.30924293748e-05, 8.34190723253e-06, 5.36943389307e-06, 2.30623254538e-06, 2.86679863848e-07, 7.6181329689e-08, 1.16348353174e-08, 6.97753188561e-09, 1.46683403202e-08, 5.2220627822e-09, 1.66471583185e-08, 6.63501786846e-09, 2.2569646152e-09, 1.32758481985e-09, 8.05328426168e-09, 1.22313847939e-08, 5.48934719902e-09, 8.08361821925e-09, 1.30521948805e-09, 2.85474338613e-10, 3.1953076296e-10, 2.35829245021e-10, 5.9021043608e-10, 4.1359843328e-10, 5.10226097483e-11, 2.77063875315e-11, 7.60038733338e-12, 5.26350404234e-12, 1.1721814925e-12, 1.28004085196e-12, 8.75760998009e-13, 2.61450935771e-13, 2.12009297379e-13, 2.20913768507e-13, 2.2654768686e-12, 5.66029757787e-11, 1.49119635368e-13, 1.56835116183e-13, 1.25341428317e-13],
        "dvar2": [9.5269009762e-05, 0.000183231284609, 2.39492055698e-05, 1.54788540385e-05, 6.48370360068e-06, 8.19791921458e-07, 1.82852289754e-07, 2.61039456717e-08, 1.39220279749e-08, 3.09361816164e-08, 1.37119293697e-08, 3.26683498031e-08, 1.61946314137e-08, 5.10388531438e-09, 2.98510660635e-09, 1.50323575809e-08, 3.20452322455e-08, 1.26038601778e-08, 1.8619655151e-08, 3.34667338286e-09, 7.16637693632e-10, 8.22109436083e-10, 6.21764528752e-10, 1.5269759901e-09, 1.06364517194e-09, 1.24477400609e-10, 7.17977691189e-11, 1.80365306024e-11, 1.20666488954e-11, 2.61311979e-12, 3.01669605095e-12, 1.98943465868e-12, 5.41000404197e-13, 4.19001015524e-13, 4.44581790002e-13, 6.09826512205e-12, 1.55756241238e-10, 3.67254431076e-13, 3.83135770289e-13, 3.07945644895e-13],
        "max": [0.0770449116826, 0.0603039450943, 0.0220154654235, 0.0184747483581, 0.0151418708265, 0.00513584027067, 0.00222002202645, 0.000860929081682, 0.000781636394095, 0.00194335915148, 0.00075082789408, 0.0020290077664, 0.00114272686187, 0.000638382916804, 0.000434444344137, 0.00161350774579, 0.00138433580287, 0.000936252996325, 0.00133091153111, 0.000474460830446, 0.000177312685992, 0.00015378689568, 0.000156637252076, 0.000356728385668, 0.000285552872811, 9.44556522882e-05, 8.15012244857e-05, 3.83031765523e-05, 3.07771151711e-05, 1.64243065228e-05, 1.49954612425e-05, 1.45039375639e-05, 7.78105277277e-06, 6.35507512925e-06, 6.07122774454e-06, 2.9925004128e-05, 0.000149293118739, 4.22632865593e-06, 5.74182104174e-06, 5.26781241206e-06],
        "mean": [0.0126151358709, 0.00329396454617, 0.000720462354366, 0.000930703652557, 0.000600787054282, 0.000378596480004, 0.000273356068647, 0.000154819135787, 0.000128534244141, 0.000131990513182, 9.50106768869e-05, 0.000132170011057, 8.9140565251e-05, 6.48705899948e-05, 4.73790860269e-05, 8.03425573395e-05, 0.000148924023961, 0.000126165672555, 0.000100099663541, 5.52725578018e-05, 3.35174991051e-05, 3.11426047119e-05, 2.68025833066e-05, 2.49677195825e-05, 2.08201872738e-05, 1.11732033474e-05, 7.33390152163e-06, 4.00136241296e-06, 3.07381287712e-06, 1.56359396897e-06, 1.02293176951e-06, 7.79837534992e-07, 5.4082022416e-07, 4.28149036225e-07, 3.81945170602e-07, 4.85892599045e-07, 1.26643897147e-06, 3.63174393669e-07, 3.61626774747e-07, 2.25178425239e-07],
        "median": [1.88344783965e-05, 2.37499898503e-05, 5.76610618737e-05, 0.000319934275467, 0.00020393714658, 0.000185365337529, 0.000165664940141, 9.73189016804e-05, 7.30858519091e-05, 7.37929221941e-05, 5.81084132136e-05, 7.11090979166e-05, 5.6475691963e-05, 3.97646617785e-05, 2.76590089925e-05, 3.99738091801e-05, 9.46598593146e-05, 9.42781698541e-05, 6.66118139634e-05, 4.20541546191e-05, 2.56856092165e-05, 2.24573595915e-05, 1.92690677068e-05, 1.40822403409e-05, 1.15906932479e-05, 7.2576981438e-06, 4.19661364504e-06, 2.38492020799e-06, 1.70972532487e-06, 9.07496428226e-07, 4.18032811922e-07, 2.74812379075e-07, 1.53247768253e-07, 8.92213662951e-08, 7.41006758176e-08, 5.553785698e-08, 7.70331993749e-08, 7.04347939973e-08, 5.40259428305e-08, 2.76782028408e-08],
        "min": [3.39042437974e-24, 4.27367091454e-24, 1.77282269231e-24, 2.47069815566e-24, 4.49877237385e-24, 2.10082494302e-24, 8.73521536455e-24, 6.16598808741e-24, 5.39742812315e-24, 6.26421389188e-24, 3.72401669604e-24, 6.29146824729e-24, 9.92703036447e-24, 6.94219763586e-24, 6.41237498609e-24, 1.17917729044e-23, 4.89733290773e-24, 7.43572321766e-24, 8.8960767249e-24, 6.53918792647e-24, 5.5754732406e-24, 6.36305579672e-24, 8.58483481019e-24, 5.94392808132e-24, 8.63494009945e-24, 8.34053642076e-24, 7.26337762025e-24, 6.22443715846e-24, 7.51921310043e-24, 9.02018978884e-24, 8.92236235913e-24, 8.57630959039e-24, 1.0197983575e-23, 6.11559407506e-24, 4.15271447752e-24, 7.21414717774e-24, 1.0240031439e-23, 7.67853854859e-24, 7.57854648455e-24, 8.25166335118e-24],
        "var": [0.000382462487323, 6.77396747051e-05, 5.03918590766e-06, 3.61475190402e-06, 1.65276719599e-06, 3.20369139217e-07, 1.23782513128e-07, 3.33828644727e-08, 2.56854679748e-08, 3.07740180006e-08, 1.24183019423e-08, 4.37185754265e-08, 1.38222846502e-08, 5.72715519453e-09, 3.29531379961e-09, 2.46750175847e-08, 3.25109148491e-08, 1.60013922113e-08, 1.33590321028e-08, 2.91107005168e-09, 8.91713092255e-10, 8.53278780966e-10, 6.44206132883e-10, 1.07101782998e-09, 7.78908382237e-10, 1.75196038232e-10, 9.85205389492e-11, 2.26209728033e-11, 1.56952905533e-11, 3.87923677556e-12, 2.84037355268e-12, 1.8997941241e-12, 8.46877581083e-13, 6.50937799756e-13, 6.0211156807e-13, 2.38157800772e-12, 4.65111595072e-11, 4.01668173548e-13, 4.83656354983e-13, 2.85817783286e-13]
    },
