{
"metadata": {
    "version": {
        "essentia": "2.0.1",
        "extractor": "archive-music 1.0"
    },
    "audio_properties": {
        "analysis_sample_rate": 44100,
        "bitrate": 128,
        "channels": 2,
        "equal_loudness": 0,
        "length": 15.3861227036,
        "replay_gain": -4.50516700745,
        "downmix": "mix"
    },
    "tags": {
        "track": 1,
        "year": 0,
        "album": "Cinematic Sad Sorrowful Sentimental Grand Piano Drama Sadness Theme Soundtrack",
        "artist": "RoyaltyFreeMusic",
        "comment": "",
        "genre": "Other",
        "title": "Cinematic Sad Sorrowful Sentimental Grand Piano Drama Sadness Theme Soundtrack 003"
    }
},
"highlevel": {
    "culture": {
        "all": {
            "non_western": 0.407109856606,
            "western": 0.592890143394
        },
        "probability": 0.592890143394,
        "value": "western"
    },
    "danceability": {
        "all": {
            "danceable": 0.0267561469227,
            "not_danceable": 0.973243832588
        },
        "probability": 0.973243832588,
        "value": "not_danceable"
    },
    "gender": {
        "all": {
            "female": 0.941333770752,
            "male": 0.0586662553251
        },
        "probability": 0.941333770752,
        "value": "female"
    },
    "genre_dortmund": {
        "all": {
            "alternative": 0.169646382332,
            "blues": 0.0072882915847,
            "electronic": 0.0841153264046,
            "folkcountry": 0.391402244568,
            "funksoulrnb": 0.0211721230298,
            "jazz": 0.173375368118,
            "pop": 0.112798728049,
            "raphiphop": 0.00897297635674,
            "rock": 0.031228557229
        },
        "probability": 0.391402244568,
        "value": "folkcountry"
    },
    "genre_electronic": {
        "all": {
            "ambient": 0.925304174423,
            "dnb": 0.00482331495732,
            "house": 0.0545430704951,
            "techno": 0.00903189554811,
            "trance": 0.0062975496985
        },
        "probability": 0.925304174423,
        "value": "ambient"
    },
    "genre_rosamerica": {
        "all": {
            "cla": 0.989865601063,
            "dan": 0.000298773666145,
            "hip": 0.000608144619036,
            "jaz": 0.00172542373184,
            "pop": 0.000864890113007,
            "rhy": 0.00259830080904,
            "roc": 0.000407616753364,
            "spe": 0.00363122159615
        },
        "probability": 0.989865601063,
        "value": "cla"
    },
    "genre_tzanetakis": {
        "all": {
            "blu": 0.00126088294201,
            "cla": 0.975391924381,
            "cou": 0.00630201166496,
            "dis": 0.000420422817115,
            "hip": 0.000406833190937,
            "jaz": 0.0101659325883,
            "met": 0.000117254559882,
            "pop": 0.000904949265532,
            "reg": 0.00225697900169,
            "roc": 0.00277283089235
        },
        "probability": 0.975391924381,
        "value": "cla"
    },
    "mirex_ballroom": {
        "all": {
            "ChaChaCha": 8.84351356945e-06,
            "Jive": 2.53962366514e-06,
            "Quickstep": 0.000121859076899,
            "Rumba-American": 2.40115787165e-05,
            "Rumba-International": 0.000234236620599,
            "Rumba-Misc": 0.0020388700068,
            "Samba": 6.81518349666e-06,
            "Tango": 0.000855245511048,
            "VienneseWaltz": 0.09549883008,
            "Waltz": 0.901208758354
        },
        "probability": 0.901208758354,
        "value": "Waltz"
    },
    "mood_acoustic": {
        "all": {
            "acoustic": 0.940432667732,
            "not_acoustic": 0.0595673285425
        },
        "probability": 0.940432667732,
        "value": "acoustic"
    },
    "mood_aggressive": {
        "all": {
            "aggressive": 0.073393329978,
            "not_aggressive": 0.926606655121
        },
        "probability": 0.926606655121,
        "value": "not_aggressive"
    },
    "mood_electronic": {
        "all": {
            "electronic": 0.429738044739,
            "not_electronic": 0.570261955261
        },
        "probability": 0.570261955261,
        "value": "not_electronic"
    },
    "mood_happy": {
        "all": {
            "happy": 0.132923528552,
            "not_happy": 0.867076456547
        },
        "probability": 0.867076456547,
        "value": "not_happy"
    },
    "mood_party": {
        "all": {
            "not_party": 0.992857038975,
            "party": 0.00714298244566
        },
        "probability": 0.992857038975,
        "value": "not_party"
    },
    "mood_relaxed": {
        "all": {
            "not_relaxed": 1.0356166058e-05,
            "relaxed": 0.999989628792
        },
        "probability": 0.999989628792,
        "value": "relaxed"
    },
    "mood_sad": {
        "all": {
            "not_sad": 0.0445467270911,
            "sad": 0.955453276634
        },
        "probability": 0.955453276634,
        "value": "sad"
    },
    "moods_mirex": {
        "all": {
            "Cluster1": 0.0406502075493,
            "Cluster2": 0.102568812668,
            "Cluster3": 0.775895655155,
            "Cluster4": 0.0731203630567,
            "Cluster5": 0.00776497134939
        },
        "probability": 0.775895655155,
        "value": "Cluster3"
    },
    "timbre": {
        "all": {
            "bright": 0.865942537785,
            "dark": 0.134057477117
        },
        "probability": 0.865942537785,
        "value": "bright"
    },
    "tonal_atonal": {
        "all": {
            "atonal": 0.000636109500192,
            "tonal": 0.999363899231
        },
        "probability": 0.999363899231,
        "value": "tonal"
    },
    "voice_instrumental": {
        "all": {
            "instrumental": 0.995464801788,
            "voice": 0.00453519681469
        },
        "probability": 0.995464801788,
        "value": "instrumental"
    }
},
"lowlevel": {
    "average_loudness": 0.947630822659,
    "barkbands_kurtosis": {
        "dmean": 1.89547407627,
        "dmean2": 2.65846467018,
        "dvar": 8.39087677002,
        "dvar2": 13.6496009827,
        "max": 47.5600700378,
        "mean": 4.48650836945,
        "median": 2.71042919159,
        "min": -1.19254219532,
        "var": 34.2019615173
    },
    "barkbands_skewness": {
        "dmean": 0.393823593855,
        "dmean2": 0.563201129436,
        "dvar": 0.189220234752,
        "dvar2": 0.339413523674,
        "max": 5.9789185524,
        "mean": 1.28013038635,
        "median": 1.10665631294,
        "min": -2.03010678291,
        "var": 1.17775499821
    },
    "barkbands_spread": {
        "dmean": 0.967655539513,
        "dmean2": 1.41821682453,
        "dvar": 2.93063664436,
        "dvar2": 6.24799966812,
        "max": 44.5787353516,
        "mean": 5.31849813461,
        "median": 5.00041103363,
        "min": 0.975271105766,
        "var": 8.83368301392
    },
    "dissonance": {
        "dmean": 0.0401520580053,
        "dmean2": 0.066788084805,
        "dvar": 0.00123573676683,
        "dvar2": 0.00343770883046,
        "max": 0.499884486198,
        "mean": 0.370995342731,
        "median": 0.377140581608,
        "min": 0.217619210482,
        "var": 0.00339427147992
    },
    "dynamic_complexity": 3.59381985664,
    "erbbands_kurtosis": {
        "dmean": 1.20079410076,
        "dmean2": 1.81314873695,
        "dvar": 2.29505181313,
        "dvar2": 4.60664606094,
        "max": 22.3963794708,
        "mean": 2.38293981552,
        "median": 1.79907822609,
        "min": -1.21082997322,
        "var": 8.3684053421
    },
    "erbbands_skewness": {
        "dmean": 0.30029514432,
        "dmean2": 0.439942508936,
        "dvar": 0.0966217368841,
        "dvar2": 0.191075608134,
        "max": 3.46450233459,
        "mean": 0.961405456066,
        "median": 0.856794714928,
        "min": -1.08605277538,
        "var": 0.62356197834
    },
    "erbbands_spread": {
        "dmean": 2.06150460243,
        "dmean2": 3.02756428719,
        "dvar": 4.43505239487,
        "dvar2": 8.28399658203,
        "max": 38.2313575745,
        "mean": 11.4457607269,
        "median": 10.962518692,
        "min": 2.21674346924,
        "var": 23.4722995758
    },
    "hfc": {
        "dmean": 3.13558387756,
        "dmean2": 4.24523830414,
        "dvar": 27.9310817719,
        "dvar2": 56.2134513855,
        "max": 67.266998291,
        "mean": 11.4819450378,
        "median": 9.2427854538,
        "min": 1.17578152186e-16,
        "var": 101.998504639
    },
    "melbands_kurtosis": {
        "dmean": 2.22889828682,
        "dmean2": 3.09123587608,
        "dvar": 10.3057079315,
        "dvar2": 16.315946579,
        "max": 45.7492637634,
        "mean": 5.66376924515,
        "median": 3.63890266418,
        "min": -1.22599840164,
        "var": 47.1540222168
    },
    "melbands_skewness": {
        "dmean": 0.388087660074,
        "dmean2": 0.558732628822,
        "dvar": 0.155693843961,
        "dvar2": 0.284602284431,
        "max": 5.02712488174,
        "mean": 1.34448611736,
        "median": 1.15549886227,
        "min": -0.665361046791,
        "var": 0.991990804672
    },
    "melbands_spread": {
        "dmean": 1.72868037224,
        "dmean2": 2.70924735069,
        "dvar": 41.6018600464,
        "dvar2": 88.3595581055,
        "max": 136.879379272,
        "mean": 8.46772766113,
        "median": 7.43425798416,
        "min": 1.28353130817,
        "var": 109.017951965
    },
    "pitch_salience": {
        "dmean": 0.0573867633939,
        "dmean2": 0.0882411077619,
        "dvar": 0.00308208516799,
        "dvar2": 0.00638293428347,
        "max": 0.872081756592,
        "mean": 0.545853376389,
        "median": 0.546958565712,
        "min": 0.180619835854,
        "var": 0.0129399215803
    },
    "silence_rate_20dB": {
        "dmean": 0,
        "dmean2": 0,
        "dvar": 0,
        "dvar2": 0,
        "max": 1,
        "mean": 1,
        "median": 1,
        "min": 1,
        "var": 0
    },
    "silence_rate_30dB": {
        "dmean": 0.00603318260983,
        "dmean2": 0.0120845921338,
        "dvar": 0.00599677721038,
        "dvar2": 0.0119385840371,
        "max": 1,
        "mean": 0.992469906807,
        "median": 1,
        "min": 0,
        "var": 0.00747343804687
    },
    "silence_rate_60dB": {
        "dmean": 0.0150829562917,
        "dmean2": 0.0302114803344,
        "dvar": 0.0148554323241,
        "dvar2": 0.0413834229112,
        "max": 1,
        "mean": 0.0828313231468,
        "median": 0,
        "min": 0,
        "var": 0.0759700015187
    },
    "spectral_centroid": {
        "dmean": 77.3875656128,
        "dmean2": 113.56552124,
        "dvar": 217729.828125,
        "dvar2": 318618.28125,
        "max": 11193.1035156,
        "mean": 609.566833496,
        "median": 540.988891602,
        "min": 267.969787598,
        "var": 511379.53125
    },
    "spectral_complexity": {
        "dmean": 1.44796383381,
        "dmean2": 2.3564953804,
        "dvar": 1.8008377552,
        "dvar2": 4.05115652084,
        "max": 20,
        "mean": 11.2801208496,
        "median": 12,
        "min": 0,
        "var": 14.361284256
    },
    "spectral_crest": {
        "dmean": 1.9792829752,
        "dmean2": 3.07024264336,
        "dvar": 4.29407596588,
        "dvar2": 8.84293460846,
        "max": 24.580581665,
        "mean": 12.144525528,
        "median": 11.0243806839,
        "min": 4.6201338768,
        "var": 18.5993728638
    },
    "spectral_decrease": {
        "dmean": 1.52838797174e-09,
        "dmean2": 1.97900074106e-09,
        "dvar": 5.6523716254e-18,
        "dvar2": 8.70714301011e-18,
        "max": 1.78281613652e-28,
        "mean": -5.6668616466e-09,
        "median": -4.55168480684e-09,
        "min": -4.08537026431e-08,
        "var": 2.61001622168e-17
    },
    "spectral_energy": {
        "dmean": 0.0060438644141,
        "dmean2": 0.00783679354936,
        "dvar": 8.8437271188e-05,
        "dvar2": 0.000137910072226,
        "max": 0.159817144275,
        "mean": 0.0224294885993,
        "median": 0.0180342309177,
        "min": 1.06785608192e-20,
        "var": 0.000406253675465
    },
    "spectral_energyband_high": {
        "dmean": 4.3793943405e-06,
        "dmean2": 6.75152932672e-06,
        "dvar": 3.44981820888e-10,
        "dvar2": 7.50430217966e-10,
        "max": 0.000305644556647,
        "mean": 6.21169920123e-06,
        "median": 1.22099049804e-06,
        "min": 7.78175654256e-21,
        "var": 4.20679047153e-10
    },
    "spectral_energyband_low": {
        "dmean": 0.000270726188319,
        "dmean2": 0.000424459256465,
        "dvar": 3.13291138809e-07,
        "dvar2": 6.52759865716e-07,
        "max": 0.0116470959038,
        "mean": 0.000615518831182,
        "median": 0.000203472154681,
        "min": 2.6710177074e-23,
        "var": 1.29547197503e-06
    },
    "spectral_energyband_middle_high": {
        "dmean": 0.000983397942036,
        "dmean2": 0.00153560331091,
        "dvar": 1.1542082575e-05,
        "dvar2": 3.08073140332e-05,
        "max": 0.0482179298997,
        "mean": 0.00217916909605,
        "median": 0.00131338450592,
        "min": 1.24362899344e-21,
        "var": 1.25687602122e-05
    },
    "spectral_energyband_middle_low": {
        "dmean": 0.00550963310525,
        "dmean2": 0.00708274263889,
        "dvar": 8.02866561571e-05,
        "dvar2": 0.000116860457638,
        "max": 0.157036960125,
        "mean": 0.0197598095983,
        "median": 0.0154065284878,
        "min": 1.995448146e-22,
        "var": 0.000368419481674
    },
    "spectral_flatness_db": {
        "dmean": 0.0198086779565,
        "dmean2": 0.0299999136478,
        "dvar": 0.000401582597988,
        "dvar2": 0.000757509784307,
        "max": 0.425098508596,
        "mean": 0.310644775629,
        "median": 0.311867415905,
        "min": 0.0527900904417,
        "var": 0.00223171943799
    },
    "spectral_flux": {
        "dmean": 0.018793867901,
        "dmean2": 0.0299818441272,
        "dvar": 0.000732910877559,
        "dvar2": 0.00164593185764,
        "max": 0.224969357252,
        "mean": 0.0436359010637,
        "median": 0.0359290912747,
        "min": 7.18698711655e-11,
        "var": 0.00109099410474
    },
    "spectral_kurtosis": {
        "dmean": 23.4853210449,
        "dmean2": 40.2781562805,
        "dvar": 466.333618164,
        "dvar2": 1265.43237305,
        "max": 194.423278809,
        "mean": 50.4285812378,
        "median": 45.491569519,
        "min": -1.20295929909,
        "var": 1040.55822754
    },
    "spectral_rms": {
        "dmean": 0.000555706501473,
        "dmean2": 0.000746153469663,
        "dvar": 4.97171129155e-07,
        "dvar2": 8.36647359392e-07,
        "max": 0.0124867595732,
        "mean": 0.00424626283348,
        "median": 0.00419456325471,
        "min": 3.22770933245e-12,
        "var": 3.8516859604e-06
    },
    "spectral_rolloff": {
        "dmean": 115.103385925,
        "dmean2": 210.289886475,
        "dvar": 966653.1875,
        "dvar2": 1947794.125,
        "max": 19056.8847656,
        "mean": 814.176879883,
        "median": 645.99609375,
        "min": 215.33203125,
        "var": 2442467
    },
    "spectral_skewness": {
        "dmean": 1.34778678417,
        "dmean2": 2.30309987068,
        "dvar": 1.23404443264,
        "dvar2": 3.37574982643,
        "max": 11.0542650223,
        "mean": 4.55297279358,
        "median": 4.35858249664,
        "min": -0.0344178341329,
        "var": 2.84537911415
    },
    "spectral_spread": {
        "dmean": 352532.875,
        "dmean2": 550739.3125,
        "dvar": 3.2975659991e+12,
        "dvar2": 4.70871388979e+12,
        "max": 41212508,
        "mean": 1377652.625,
        "median": 1108656,
        "min": 355986,
        "var": 7.5634400297e+12
    },
    "spectral_strongpeak": {
        "dmean": 0.519803404808,
        "dmean2": 0.819889485836,
        "dvar": 0.479908525944,
        "dvar2": 1.13366961479,
        "max": 8.15431213379,
        "mean": 1.63506269455,
        "median": 1.41709315777,
        "min": 0,
        "var": 1.39685130119
    },
    "zerocrossingrate": {
        "dmean": 0.00370372016914,
        "dmean2": 0.00546993035823,
        "dvar": 0.000623157073278,
        "dvar2": 0.00118845480029,
        "max": 0.51220703125,
        "mean": 0.0298307482153,
        "median": 0.0263671875,
        "min": 0.00927734375,
        "var": 0.00172016059514
    },
    "barkbands": {
        "dmean": [1.75948607648e-05, 8.93088654266e-05, 0.000161191113875, 0.000190328530152, 0.00129653338809, 0.00286490097642, 0.00109922175761, 0.000624977808911, 0.00158293265849, 0.000188510166481, 0.000721249438357, 6.47147389827e-05, 3.7530578993e-05, 5.39631437277e-05, 6.67238273309e-05, 1.69077138708e-05, 3.76778771169e-05, 1.14915892482e-05, 3.71118517251e-06, 3.15476927426e-06, 2.7519795367e-06, 4.82948848912e-07, 3.25340465679e-07, 2.22556792551e-07, 2.44412277084e-08, 2.24463581056e-09, 7.8832468331e-10],
        "dmean2": [3.26046829286e-05, 0.000126853919937, 0.000266821531113, 0.000309285271214, 0.00213000178337, 0.00297195953317, 0.00187303964049, 0.00104532844853, 0.00224415841512, 0.000334532174747, 0.00112193776295, 9.87396633718e-05, 5.66181843169e-05, 7.29501989554e-05, 0.000101505516795, 2.50166067417e-05, 5.51654375158e-05, 1.70157509274e-05, 5.2902491916e-06, 4.81067809233e-06, 4.24855716119e-06, 7.53964911837e-07, 5.05088337377e-07, 3.61823794037e-07, 4.57905500184e-08, 3.89262755363e-09, 1.43212641746e-09],
        "dvar": [6.12642658826e-10, 6.00037779463e-08, 9.34266211061e-08, 1.34069281899e-07, 4.86999761051e-06, 5.53509853489e-05, 5.28957252754e-06, 2.10130770029e-06, 1.81447921932e-05, 4.12432626717e-07, 7.21425021766e-06, 1.31199113795e-08, 4.88856999326e-09, 9.11876441023e-09, 1.72105352192e-08, 1.01286934395e-09, 1.45093839166e-08, 1.04363262476e-09, 1.05952607798e-10, 1.09029431317e-10, 1.3309969793e-10, 3.19106503374e-12, 1.75751470669e-12, 1.29999223192e-12, 6.57327043816e-14, 2.02148171571e-16, 1.7318937945e-18],
        "dvar2": [1.88005921942e-09, 7.93780117192e-08, 2.19172150651e-07, 3.08553467221e-07, 1.27375451484e-05, 5.74644145672e-05, 1.3410959582e-05, 5.62017476113e-06, 4.09043277614e-05, 1.13922772016e-06, 1.89925212908e-05, 2.87801071863e-08, 1.13560068016e-08, 1.51234829104e-08, 3.69211399232e-08, 1.91592164356e-09, 3.15503534409e-08, 2.19866702622e-09, 2.23863802495e-10, 2.24679275185e-10, 3.38349875895e-10, 7.90896861891e-12, 4.46571425672e-12, 3.4932573327e-12, 1.9404502961e-13, 5.58238281498e-16, 5.32225997295e-18],
        "max": [0.000284859415842, 0.00590212550014, 0.00569337559864, 0.00585468066856, 0.0246161185205, 0.145496279001, 0.0304770991206, 0.0177123844624, 0.081779114902, 0.00861114449799, 0.0370012670755, 0.00180017238017, 0.00118256593123, 0.00229414971545, 0.00174000940751, 0.000525190785993, 0.00135038455483, 0.000580945517868, 0.000130655331304, 0.000200401307666, 0.000160930489074, 2.40792160184e-05, 1.73170028575e-05, 1.88639714906e-05, 4.71471867058e-06, 2.68870735454e-07, 1.33924968893e-08],
        "mean": [1.62230426213e-05, 0.000146803373354, 0.000337288889568, 0.000398989010137, 0.00323043949902, 0.00696228863671, 0.00269199884497, 0.00149037851952, 0.00491494638845, 0.000237193744397, 0.00122576975264, 0.000211914637475, 0.000107447551272, 0.000155664441991, 0.000148775332491, 4.65820958198e-05, 7.02077450114e-05, 1.99459373107e-05, 6.65490733809e-06, 5.18576189279e-06, 3.74693559024e-06, 5.43089527127e-07, 3.05067970885e-07, 1.96757738991e-07, 1.64895368471e-08, 1.83162796041e-09, 7.04442115751e-10],
        "median": [8.11123027233e-06, 4.56564303022e-05, 7.63522402849e-05, 0.000105990780867, 0.00174658268224, 0.0027372087352, 0.000999371521175, 0.000713180925231, 0.00229198648594, 7.67063029343e-05, 0.000411246088333, 0.00011871267634, 7.73012507125e-05, 9.45138890529e-05, 7.04989070073e-05, 3.06955189444e-05, 1.944464384e-05, 6.88753061695e-06, 2.17622755372e-06, 1.46842512549e-06, 5.20501089341e-07, 9.70847153781e-08, 1.85862631952e-08, 8.81720563228e-09, 1.33359689958e-09, 4.59867505187e-10, 2.57893040256e-10],
        "min": [2.65016756147e-24, 1.86917893588e-23, 4.90289595483e-24, 1.6552496797e-24, 1.89161240453e-23, 2.54464629246e-23, 3.12769717404e-23, 8.0404923866e-24, 3.37422756652e-23, 2.21588835243e-23, 4.66843213653e-23, 4.30137736614e-23, 6.51020399352e-23, 1.08786783973e-22, 8.75357105341e-23, 6.86261403452e-23, 2.02819445637e-22, 1.43737234824e-22, 1.87964374377e-22, 2.7734645488e-22, 3.65945076598e-22, 5.14314994907e-22, 5.3668062783e-22, 6.30429413165e-22, 9.10658403658e-22, 1.57697217801e-21, 2.64982401885e-21],
        "var": [5.41753641947e-10, 1.84030398032e-07, 3.88562824583e-07, 4.85869293243e-07, 1.59232695296e-05, 0.000223196882871, 1.71702358784e-05, 5.11197958986e-06, 6.24500462436e-05, 3.23490269238e-07, 8.31392753753e-06, 6.62453061295e-08, 1.39234197505e-08, 4.27895479049e-08, 4.54302835351e-08, 3.35529470874e-09, 2.96500264341e-08, 1.74393555152e-09, 1.8473557406e-10, 1.55797000301e-10, 1.43211123516e-10, 3.05917834467e-12, 1.47795718806e-12, 9.53337235543e-13, 3.67431643921e-14, 1.31448647569e-16, 1.3843256326e-18]
    },
    "erbbands": {
        "dmean": [0.000980202807114, 0.0265829712152, 0.157542437315, 0.373880892992, 1.26033949852, 7.78357410431, 3.3104057312, 33.0677452087, 13.7221860886, 22.68019104, 26.9648532867, 24.4618701935, 9.41160297394, 28.7787017822, 9.19322776794, 2.45375823975, 1.66668283939, 3.21105790138, 2.16574597359, 2.4938044548, 1.20619356632, 2.35851097107, 0.739230215549, 0.290282726288, 0.209631040692, 0.141384840012, 0.0953200832009, 0.0871986299753, 0.0202258564532, 0.0152728380635, 0.00920839980245, 0.00708436965942, 0.00191863742657, 0.000403335609008, 0.000203500210773, 2.69098054559e-05, 3.61652723768e-06, 7.69961104652e-07, 2.92452477879e-06, 6.82454219714e-06],
        "dmean2": [0.00137172394898, 0.0388195067644, 0.260245382786, 0.603156030178, 1.93544840813, 12.8084669113, 4.70447683334, 34.8291969299, 16.1984729767, 39.0147590637, 38.2773475647, 35.9904022217, 12.2021875381, 46.4542121887, 13.8653039932, 3.62660455704, 2.44186806679, 4.35248565674, 3.2436234951, 3.76527357101, 1.6669536829, 3.55303239822, 1.09036648273, 0.421382904053, 0.296392470598, 0.206812515855, 0.142078459263, 0.140631377697, 0.0317779257894, 0.022834552452, 0.014748910442, 0.0115239461884, 0.00318542309105, 0.000715023721568, 0.000390023487853, 4.75201013614e-05, 5.66407516089e-06, 1.22825133531e-06, 3.78620325137e-06, 8.85733243194e-06],
        "dvar": [7.89754903963e-06, 0.00486924871802, 0.0965678095818, 0.485604941845, 4.32380723953, 184.282806396, 19.710100174, 7612.34472656, 840.079956055, 3206.92163086, 4623.80859375, 4681.51416016, 394.993804932, 13978.484375, 814.925537109, 19.7550849915, 8.38753890991, 35.0705108643, 36.9015350342, 23.5652866364, 5.50868463516, 62.5021400452, 5.08920431137, 0.326147377491, 0.440260857344, 0.372180968523, 0.0785011053085, 0.289796054363, 0.00712321652099, 0.00227055535652, 0.00168969854712, 0.00136547768489, 8.68096540216e-05, 9.01803559827e-06, 5.78117851546e-06, 5.75529988112e-08, 1.41621464556e-10, 1.59487071986e-12, 2.06932075641e-11, 1.12775691563e-10],
        "dvar2": [1.00981578726e-05, 0.00710548320785, 0.235644593835, 1.11063981056, 8.40836811066, 485.929992676, 40.5313339233, 8060.46923828, 950.898803711, 8043.57910156, 8643.96679688, 10884.8613281, 605.020507812, 38019.6601562, 1960.09399414, 38.7195625305, 17.7808742523, 63.1902809143, 78.7411270142, 44.4201011658, 9.35283946991, 143.639083862, 10.9779701233, 0.688053667545, 0.923718333244, 0.689765751362, 0.172374546528, 0.748494505882, 0.0179905258119, 0.00543697783723, 0.00438855774701, 0.00363472430035, 0.000238415232161, 2.54442220466e-05, 1.75387958734e-05, 1.68369098219e-07, 3.86174342504e-10, 3.88659113573e-12, 3.3090617052e-11, 1.78611847534e-10],
        "max": [0.0796213373542, 1.58795917034, 5.70465183258, 14.3507146835, 37.1568374634, 137.491027832, 67.0498046875, 1702.36657715, 557.49810791, 811.305297852, 1346.57177734, 1243.59313965, 393.86340332, 1632.4329834, 409.2706604, 85.4090042114, 46.3336219788, 142.332687378, 108.524230957, 92.4951095581, 34.8368797302, 94.7794876099, 40.8165550232, 7.0913977623, 8.01502990723, 13.9943809509, 2.89270973206, 10.029381752, 1.07809758186, 0.440631657839, 0.679226875305, 0.628465533257, 0.118916206062, 0.0496955178678, 0.0437656268477, 0.00447319680825, 0.000223708833801, 1.29802947413e-05, 7.54471329856e-05, 0.000178016751306],
        "mean": [0.00173353846185, 0.0465361736715, 0.329855680466, 0.854799091816, 3.92544674873, 17.4805660248, 10.0317525864, 77.6291503906, 37.0518455505, 55.2811431885, 80.7724227905, 70.1684494019, 32.1158103943, 43.8310546875, 17.9305992126, 8.71335029602, 6.12692260742, 9.3083820343, 6.28153467178, 5.15635681152, 3.17137598991, 4.55702066422, 1.33788049221, 0.586492359638, 0.378344118595, 0.22770743072, 0.146847501397, 0.104476630688, 0.0231294184923, 0.0164950806648, 0.00832512695342, 0.0062432512641, 0.0017421686789, 0.000321882398566, 0.000139752897667, 2.96041071124e-05, 9.01130715647e-06, 1.94788162844e-06, 1.09158527266e-05, 2.53486905422e-05],
        "median": [0.000694779679179, 0.0158137008548, 0.0894122570753, 0.250775247812, 1.75215387344, 8.45250320435, 7.28478145599, 27.0298862457, 20.1369171143, 21.8097076416, 30.9174442291, 31.666305542, 9.6954498291, 12.4823207855, 8.71096420288, 5.13678455353, 4.24538993835, 6.00379657745, 2.72277259827, 2.88044714928, 1.8814868927, 1.46318137646, 0.562872469425, 0.244699046016, 0.136107429862, 0.0690281242132, 0.0286526791751, 0.0148492306471, 0.00530102895573, 0.00212238915265, 0.000591342919506, 0.000281029730104, 0.000114254879009, 3.75281961169e-05, 2.08897945413e-05, 1.27926741698e-05, 6.48446120977e-06, 1.47526566252e-06, 8.71759948495e-06, 2.03510462597e-05],
        "min": [2.24654358187e-22, 2.03128416579e-21, 6.12661135379e-21, 6.15914079684e-21, 1.23081575169e-20, 1.00897087126e-19, 6.57846530653e-20, 2.45037212121e-19, 2.02161067627e-19, 3.97760783539e-19, 4.90092518819e-19, 7.2482554205e-19, 8.75545345981e-19, 1.16815966049e-18, 2.23574387787e-18, 2.1651477349e-18, 3.47972797979e-18, 4.89703040827e-18, 5.01842081753e-18, 2.61600356175e-18, 4.79482231743e-18, 1.00408203738e-17, 9.58080372846e-18, 5.13300766624e-18, 1.43310827835e-17, 1.12174037315e-17, 1.45895287484e-17, 1.56006892185e-17, 1.88076701077e-17, 1.48233015701e-17, 1.68178557113e-17, 1.18813865722e-17, 1.15964509754e-17, 1.04344772817e-17, 6.95290468912e-18, 5.21421736365e-18, 2.5267573911e-18, 1.23939635145e-18, 3.96089051521e-19, 3.68819963416e-20],
        "var": [2.40086210397e-05, 0.0147562297061, 0.345110625029, 2.13350462914, 30.6562232971, 529.890380859, 94.1128997803, 30420.9433594, 3366.39575195, 9123.80761719, 21243.3417969, 13753.5869141, 3745.12280273, 13379.9492188, 1239.67419434, 111.505859375, 38.066608429, 143.331237793, 114.643508911, 59.7342529297, 16.5812129974, 119.798866272, 8.02749824524, 0.712229907513, 0.731164991856, 0.52866435051, 0.124958314002, 0.248173177242, 0.00633832253516, 0.00230686343275, 0.00130976352375, 0.00101225276012, 6.19244165136e-05, 5.66664220969e-06, 3.02448574985e-06, 3.32548673043e-08, 1.40907160939e-10, 3.37199387336e-12, 9.42784392222e-11, 5.14656317563e-10]
    },
    "gfcc": {
        "mean": [-169.04385376, 220.264068604, -154.593154907, -30.3217868805, -46.4512329102, -39.3862342834, -25.2692070007, -19.7037086487, -4.75493764877, -16.1193237305, -5.56978130341, -13.0181722641, 0.506887733936],
        "cov": [[15298.5732422, 1441.59753418, -2452.87353516, 349.035766602, -917.294799805, -762.398681641, -181.636459351, -571.63482666, 164.52772522, -416.256774902, 60.7536392212, -169.640838623, 238.46572876], [1441.59753418, 1190.33776855, 66.8597717285, -318.56338501, 328.411895752, -139.288864136, -26.3816452026, -62.0214385986, -106.362335205, -27.5965099335, -61.6808204651, -40.4828948975, -36.2065963745], [-2452.87353516, 66.8597717285, 733.156738281, -85.0868911743, 297.74041748, 226.478561401, 26.5461444855, 101.175445557, -66.713722229, 55.2234764099, -57.2651176453, 4.94394254684, -43.6412391663], [349.035766602, -318.56338501, -85.0868911743, 377.679077148, -107.746299744, 130.223327637, 60.8953666687, -1.1617077589, 46.9176750183, -59.6915779114, 14.3041524887, -7.55215930939, -9.2832698822], [-917.294799805, 328.411895752, 297.74041748, -107.746299744, 322.992126465, 27.0632476807, 15.4905996323, 22.0363197327, -84.6721343994, 14.3222866058, -33.5083770752, 8.9330329895, -34.6509513855], [-762.398681641, -139.288864136, 226.478561401, 130.223327637, 27.0632476807, 249.516113281, 56.529258728, 59.6010513306, -16.1414031982, -19.0473194122, -25.0674953461, -18.6596546173, -19.1680812836], [-181.636459351, -26.3816452026, 26.5461444855, 60.8953666687, 15.4905996323, 56.529258728, 99.9792938232, 22.1001434326, -12.9217967987, -0.992404937744, -29.6641769409, -14.4403114319, -8.11799144745], [-571.63482666, -62.0214385986, 101.175445557, -1.1617077589, 22.0363197327, 59.6010513306, 22.1001434326, 115.05619812, 31.6036491394, -3.46941661835, -0.821493983269, -21.0445346832, -36.7056541443], [164.52772522, -106.362335205, -66.713722229, 46.9176750183, -84.6721343994, -16.1414031982, -12.9217967987, 31.6036491394, 131.191177368, 9.71098995209, 26.812833786, -6.31029653549, -28.8925991058], [-416.256774902, -27.5965099335, 55.2234764099, -59.6915779114, 14.3222866058, -19.0473194122, -0.992404937744, -3.46941661835, 9.71098995209, 114.000427246, 30.335018158, -5.35551071167, 8.21176528931], [60.7536392212, -61.6808204651, -57.2651176453, 14.3041524887, -33.5083770752, -25.0674953461, -29.6641769409, -0.821493983269, 26.812833786, 30.335018158, 102.520729065, 23.8096427917, -20.1019859314], [-169.640838623, -40.4828948975, 4.94394254684, -7.55215930939, 8.9330329895, -18.6596546173, -14.4403114319, -21.0445346832, -6.31029653549, -5.35551071167, 23.8096427917, 100.770278931, 26.7044181824], [238.46572876, -36.2065963745, -43.6412391663, -9.2832698822, -34.6509513855, -19.1680812836, -8.11799144745, -36.7056541443, -28.8925991058, 8.21176528931, -20.1019859314, 26.7044181824, 104.814208984]],
        "icov": [[0.000455046712887, -0.00108086306136, 0.000799908302724, -0.000783616735134, 0.00105123221874, 0.000122013159853, 0.000326222623698, 0.000573744997382, -0.000326362584019, 0.000736339949071, -0.000367620581528, 0.000684913946316, -0.000941630802117], [-0.00108086306136, 0.00455282023177, -0.00124246999621, 0.00350074982271, -0.00494637107477, -0.00050974189071, -0.00121929927263, 0.000338770303642, 9.50345856836e-05, -0.000236151769059, 0.000659720913973, -0.00021109257068, 0.00234528793953], [0.000799908302724, -0.00124246999621, 0.00654082139954, -9.40608151723e-05, -0.00226134480909, -0.00448132073507, 0.00278274994344, -0.000293580116704, -0.000763348129112, -0.00146465783473, 0.0019596926868, -0.000185917611816, -0.000660892284941], [-0.000783616735134, 0.00350074982271, -9.40608151723e-05, 0.00827278662473, -0.0035360828042, -0.00411643460393, -0.00405244203284, 0.00296109565534, -0.00263784616254, 0.00288947019726, -0.00202881474979, 0.000498880050145, 0.0010172346374], [0.00105123221874, -0.00494637107477, -0.00226134480909, -0.0035360828042, 0.0127486968413, 0.00335687422194, -5.01983522554e-05, -0.000683062709868, 0.0036378337536, 0.000515796185937, -0.000248274300247, -0.000809103134088, 0.000351267372025], [0.000122013159853, -0.00050974189071, -0.00448132073507, -0.00411643460393, 0.00335687422194, 0.011338269338, -0.00233365315944, -0.00236533675343, 0.00251431390643, 0.00180497951806, -0.000750718463678, 0.00144064892083, -0.00046930697863], [0.000326222623698, -0.00121929927263, 0.00278274994344, -0.00405244203284, -5.01983522554e-05, -0.00233365315944, 0.0165608916432, -0.00408932380378, 0.00312259886414, -0.00524344481528, 0.0068496693857, -0.00152558530681, 0.00201749079861], [0.000573744997382, 0.000338770303642, -0.000293580116704, 0.00296109565534, -0.000683062709868, -0.00236533675343, -0.00408932380378, 0.0168259572238, -0.00632813712582, 0.00582986604422, -0.00379573903047, 0.00477226218209, -0.000275970291113], [-0.000326362584019, 9.50345856836e-05, -0.000763348129112, -0.00263784616254, 0.0036378337536, 0.00251431390643, 0.00312259886414, -0.00632813712582, 0.0140790315345, -0.00467441650108, 0.00220636185259, -0.00268628867343, 0.00526683079079], [0.000736339949071, -0.000236151769059, -0.00146465783473, 0.00288947019726, 0.000515796185937, 0.00180497951806, -0.00524344481528, 0.00582986604422, -0.00467441650108, 0.0176585204899, -0.00942472554743, 0.0066925752908, -0.00615932606161], [-0.000367620581528, 0.000659720913973, 0.0019596926868, -0.00202881474979, -0.000248274300247, -0.000750718463678, 0.0068496693857, -0.00379573903047, 0.00220636185259, -0.00942472554743, 0.0188185796142, -0.0073281833902, 0.00750523339957], [0.000684913946316, -0.00021109257068, -0.000185917611816, 0.000498880050145, -0.000809103134088, 0.00144064892083, -0.00152558530681, 0.00477226218209, -0.00268628867343, 0.0066925752908, -0.0073281833902, 0.0158843882382, -0.0068326368928], [-0.000941630802117, 0.00234528793953, -0.000660892284941, 0.0010172346374, 0.000351267372025, -0.00046930697863, 0.00201749079861, -0.000275970291113, 0.00526683079079, -0.00615932606161, 0.00750523339957, -0.0068326368928, 0.0175126064569]]
    },
    "melbands": {
        "dmean": [1.68326751009e-05, 6.43203165964e-05, 7.95570376795e-05, 0.000310958275804, 0.000152453343617, 0.000669815635774, 0.000245091185207, 0.000207587159821, 0.00029468833236, 0.000144462683238, 4.37390408479e-05, 0.000107374238723, 5.66149610677e-05, 6.2512799559e-06, 6.03799117016e-06, 5.40191740583e-06, 5.75703461436e-06, 2.80780955109e-06, 5.88819511904e-06, 1.09303675799e-06, 1.53712403517e-06, 2.85998817162e-06, 6.8722084734e-07, 6.37637356249e-07, 2.11564639585e-07, 1.44114537193e-07, 1.66353061104e-07, 7.6649961045e-08, 4.01429751662e-08, 8.56523172388e-08, 3.9892345427e-08, 9.06120156685e-09, 1.0028283981e-08, 7.99073518465e-09, 6.745403347e-09, 1.94298444001e-09, 5.49632650504e-09, 1.25616816948e-09, 5.87289550324e-10, 2.43286141233e-10],
        "dmean2": [2.3097563826e-05, 0.000104078848381, 0.000124297323055, 0.000511517340783, 0.000236877574935, 0.000699964351952, 0.00031341574504, 0.000357760291081, 0.000410841894336, 0.000206296361284, 5.53093959752e-05, 0.000174577144207, 8.62358137965e-05, 1.02181429611e-05, 8.28204883874e-06, 7.72495877754e-06, 7.74356522015e-06, 4.21294407715e-06, 9.12856921786e-06, 1.66087386333e-06, 2.13284670281e-06, 4.27380018664e-06, 1.05307753984e-06, 9.4542218676e-07, 3.13922441819e-07, 2.02293321649e-07, 2.54149824741e-07, 1.10724741376e-07, 5.79594328087e-08, 1.3862094761e-07, 6.44940314487e-08, 1.43030653987e-08, 1.54213566361e-08, 1.17645644337e-08, 1.09290301253e-08, 3.12995385165e-09, 8.95045193516e-09, 2.08880268637e-09, 1.0337668499e-09, 4.40893821452e-10],
        "dvar": [2.26095075995e-09, 1.74194703106e-08, 2.2606528205e-08, 2.85455087123e-07, 4.92822778142e-08, 3.1120832773e-06, 2.1089917368e-07, 2.86131466964e-07, 6.09798860296e-07, 1.40870653809e-07, 9.39021571611e-09, 1.96183108869e-07, 3.56072753505e-08, 1.93419252836e-10, 1.13780013189e-10, 1.1590158e-10, 1.08633338436e-10, 9.31369009693e-11, 1.22038615324e-10, 1.16855648422e-11, 1.35406694537e-11, 9.4643327897e-11, 3.09268149284e-12, 2.99463383778e-12, 1.75514333969e-13, 3.011805486e-13, 1.77540680725e-13, 2.26151007101e-13, 1.39748594776e-14, 1.86171824484e-13, 1.20938496847e-13, 9.81073052421e-16, 1.91417608794e-15, 8.60006421512e-16, 1.14323676902e-15, 4.83737472152e-17, 8.67304192688e-16, 4.80699403198e-17, 1.61406909203e-17, 4.60633349842e-18],
        "dvar2": [2.72199907059e-09, 3.8912858713e-08, 4.72692534004e-08, 7.50834658447e-07, 1.27688011275e-07, 3.26583426613e-06, 2.9085745723e-07, 7.30502051738e-07, 1.18039463359e-06, 3.28104817982e-07, 1.35019364578e-08, 5.3461258176e-07, 9.01011674159e-08, 4.68603433834e-10, 1.9588496103e-10, 2.41863862271e-10, 1.91545751482e-10, 1.96783478401e-10, 2.65218264017e-10, 1.92377710984e-11, 2.12475575329e-11, 2.12988376935e-10, 7.24155804765e-12, 6.37185313193e-12, 3.77900618784e-13, 6.13464357438e-13, 4.47290316764e-13, 4.00123781764e-13, 2.40388340066e-14, 4.85796082181e-13, 3.11678010874e-13, 2.44507685752e-15, 4.73528983426e-15, 2.03596290861e-15, 2.98523548546e-15, 1.21237797739e-16, 2.30998547859e-15, 1.32865826334e-16, 4.5179456931e-17, 1.30256660454e-17],
        "max": [0.00125622516498, 0.00238433410414, 0.00249416590668, 0.00637136446312, 0.00222835759632, 0.0344323404133, 0.00831792131066, 0.00767869595438, 0.0156923588365, 0.00675593828782, 0.00198593083769, 0.00611030450091, 0.00253898790106, 0.000210482292459, 0.000240560955717, 0.000184848700883, 0.000244588241912, 0.000176979505341, 0.000101756835647, 8.42300723889e-05, 6.28984344075e-05, 0.000116343820991, 2.15503205254e-05, 3.01238997054e-05, 4.83809981233e-06, 6.95442122378e-06, 4.23449500886e-06, 1.14712020149e-05, 1.35756692998e-06, 5.82295297136e-06, 7.25814970792e-06, 4.06207846027e-07, 7.34202444619e-07, 3.65910636901e-07, 5.87382544381e-07, 7.50924016302e-08, 5.03908097471e-07, 1.30677435095e-07, 6.37210604282e-08, 3.86922032192e-08],
        "mean": [2.9055887353e-05, 0.000135512163979, 0.000209377263673, 0.000772401399445, 0.000422976503614, 0.00158408249263, 0.000663607090246, 0.000491236743983, 0.000845755799673, 0.000436107919086, 0.000148531908053, 0.000158559778356, 0.000103195714473, 1.61160041898e-05, 2.37818148889e-05, 1.44539326357e-05, 1.63060394698e-05, 8.32022669783e-06, 1.11701247079e-05, 2.82691144093e-06, 3.66706262867e-06, 5.37903861186e-06, 1.25887834201e-06, 1.09569657525e-06, 4.15153039057e-07, 2.40571722543e-07, 2.84135580841e-07, 1.12930422347e-07, 6.36828616507e-08, 1.14802141127e-07, 4.29745199426e-08, 1.04209521012e-08, 1.06507052067e-08, 8.42203995433e-09, 5.79223691233e-09, 1.79605530448e-09, 4.79532635822e-09, 1.16312126597e-09, 4.77628270268e-10, 1.71363340185e-10],
        "median": [1.05065410025e-05, 4.08757623518e-05, 6.33173258393e-05, 0.000399648677558, 0.000266934977844, 0.000567392678931, 0.00036571524106, 0.000172319327248, 0.000288098817691, 0.000211044141906, 3.16699843097e-05, 4.01453580707e-05, 4.06830586144e-05, 9.29585803533e-06, 9.38247831073e-06, 8.43480302137e-06, 1.00472370832e-05, 2.34237313634e-06, 5.62965578865e-06, 1.35798291012e-06, 1.72541808752e-06, 1.35465234052e-06, 5.5069017435e-07, 3.71391820408e-07, 1.61743429317e-07, 5.38713962328e-08, 8.5228180069e-08, 2.66624411438e-08, 1.19892815675e-08, 1.09638973456e-08, 8.206942681e-09, 2.49623433035e-09, 1.54360779714e-09, 6.66278643369e-10, 3.1444585824e-10, 1.33553529347e-10, 1.42286529781e-10, 6.60584226209e-11, 2.30599844775e-11, 1.36344911056e-11],
        "min": [4.25755488068e-24, 2.44717235131e-24, 1.01835464344e-24, 3.8244363227e-24, 3.00242196021e-24, 5.15805222577e-24, 3.80052673752e-24, 3.61814130737e-24, 4.1058348405e-24, 4.5146123064e-24, 4.28700542486e-24, 4.04675270857e-24, 6.60770680698e-24, 6.19569225036e-24, 6.65059125794e-24, 7.48072063256e-24, 1.01130366662e-23, 8.62444193852e-24, 6.1585767392e-24, 3.33519228346e-24, 5.86347925735e-24, 9.88209763617e-24, 1.25883117928e-23, 6.09551046527e-24, 2.98692321001e-24, 9.38539688922e-24, 8.40156901127e-24, 6.61088591643e-24, 1.04175085766e-23, 5.93296015373e-24, 1.00892588208e-23, 1.01583172821e-23, 9.88123225575e-24, 7.88502525712e-24, 1.03760736575e-23, 7.34088478191e-24, 6.76354036235e-24, 8.1132608608e-24, 7.59559929074e-24, 9.03633540499e-24],
