{
"metadata": {
    "version": {
        "essentia": "2.0.1",
        "extractor": "archive-music 1.0"
    },
    "audio_properties": {
        "analysis_sample_rate": 44100,
        "bitrate": 128,
        "channels": 2,
        "equal_loudness": 0,
        "length": 15.3338775635,
        "replay_gain": -11.9699726105,
        "downmix": "mix"
    },
    "tags": {
        "track": 0,
        "year": 0,
        "album": "Fuyu no riddle",
        "artist": "Nagisa.f",
        "comment": "",
        "genre": "Other",
        "title": "Fuyu no riddle"
    }
},
"highlevel": {
    "culture": {
        "all": {
            "non_western": 1.51031418483e-08,
            "western": 1
        },
        "probability": 1,
        "value": "western"
    },
    "danceability": {
        "all": {
            "danceable": 0.280495911837,
            "not_danceable": 0.719504117966
        },
        "probability": 0.719504117966,
        "value": "not_danceable"
    },
    "gender": {
        "all": {
            "female": 0.995209753513,
            "male": 0.00479023251683
        },
        "probability": 0.995209753513,
        "value": "female"
    },
    "genre_dortmund": {
        "all": {
            "alternative": 0.0650432482362,
            "blues": 0.086604014039,
            "electronic": 0.00512501690537,
            "folkcountry": 0.0718030110002,
            "funksoulrnb": 0.0753174200654,
            "jazz": 0.193736791611,
            "pop": 0.259055733681,
            "raphiphop": 0.00724457623437,
            "rock": 0.236070200801
        },
        "probability": 0.259055733681,
        "value": "pop"
    },
    "genre_electronic": {
        "all": {
            "ambient": 0.437267810106,
            "dnb": 0.318995386362,
            "house": 0.138431802392,
            "techno": 0.012692976743,
            "trance": 0.0926120281219
        },
        "probability": 0.437267810106,
        "value": "ambient"
    },
    "genre_rosamerica": {
        "all": {
            "cla": 0.0149792768061,
            "dan": 0.0423710159957,
            "hip": 0.0181373991072,
            "jaz": 0.0387577675283,
            "pop": 0.228983491659,
            "rhy": 0.131745502353,
            "roc": 0.504209041595,
            "spe": 0.0208165030926
        },
        "probability": 0.504209041595,
        "value": "roc"
    },
    "genre_tzanetakis": {
        "all": {
            "blu": 0.00146068364847,
            "cla": 0.00104604009539,
            "cou": 0.0181519314647,
            "dis": 0.00537761766464,
            "hip": 0.0110690519214,
            "jaz": 0.0190744437277,
            "met": 0.00343949091621,
            "pop": 0.848491251469,
            "reg": 0.0548475347459,
            "roc": 0.037041965872
        },
        "probability": 0.848491251469,
        "value": "pop"
    },
    "mirex_ballroom": {
        "all": {
            "ChaChaCha": 0.0667378231883,
            "Jive": 0.0554287843406,
            "Quickstep": 0.0470804162323,
            "Rumba-American": 0.00153867772315,
            "Rumba-International": 0.0170994736254,
            "Rumba-Misc": 0.0133244358003,
            "Samba": 0.0209496542811,
            "Tango": 0.00293633085676,
            "VienneseWaltz": 0.764715254307,
            "Waltz": 0.0101891728118
        },
        "probability": 0.764715254307,
        "value": "VienneseWaltz"
    },
    "mood_acoustic": {
        "all": {
            "acoustic": 0.425670027733,
            "not_acoustic": 0.574329972267
        },
        "probability": 0.574329972267,
        "value": "not_acoustic"
    },
    "mood_aggressive": {
        "all": {
            "aggressive": 0.196361452341,
            "not_aggressive": 0.803638577461
        },
        "probability": 0.803638577461,
        "value": "not_aggressive"
    },
    "mood_electronic": {
        "all": {
            "electronic": 0.370774060488,
            "not_electronic": 0.62922590971
        },
        "probability": 0.62922590971,
        "value": "not_electronic"
    },
    "mood_happy": {
        "all": {
            "happy": 0.439496994019,
            "not_happy": 0.560503005981
        },
        "probability": 0.560503005981,
        "value": "not_happy"
    },
    "mood_party": {
        "all": {
            "not_party": 0.938321232796,
            "party": 0.0616787709296
        },
        "probability": 0.938321232796,
        "value": "not_party"
    },
    "mood_relaxed": {
        "all": {
            "not_relaxed": 0.372115403414,
            "relaxed": 0.627884566784
        },
        "probability": 0.627884566784,
        "value": "relaxed"
    },
    "mood_sad": {
        "all": {
            "not_sad": 0.353365153074,
            "sad": 0.646634817123
        },
        "probability": 0.646634817123,
        "value": "sad"
    },
    "moods_mirex": {
        "all": {
            "Cluster1": 0.249646648765,
            "Cluster2": 0.515263020992,
            "Cluster3": 0.12615890801,
            "Cluster4": 0.0640192404389,
            "Cluster5": 0.0449121668935
        },
        "probability": 0.515263020992,
        "value": "Cluster2"
    },
    "timbre": {
        "all": {
            "bright": 0.952930510044,
            "dark": 0.0470695085824
        },
        "probability": 0.952930510044,
        "value": "bright"
    },
    "tonal_atonal": {
        "all": {
            "atonal": 0.0169744882733,
            "tonal": 0.983025491238
        },
        "probability": 0.983025491238,
        "value": "tonal"
    },
    "voice_instrumental": {
        "all": {
            "instrumental": 0.693423211575,
            "voice": 0.306576788425
        },
        "probability": 0.693423211575,
        "value": "instrumental"
    }
},
"lowlevel": {
    "average_loudness": 0.985551893711,
    "barkbands_kurtosis": {
        "dmean": 2.61767053604,
        "dmean2": 4.05060005188,
        "dvar": 9.54750537872,
        "dvar2": 24.0464687347,
        "max": 27.3343601227,
        "mean": 4.30040168762,
        "median": 3.31869983673,
        "min": -1.4310489893,
        "var": 19.5585784912
    },
    "barkbands_skewness": {
        "dmean": 0.521190464497,
        "dmean2": 0.790244460106,
        "dvar": 0.295439332724,
        "dvar2": 0.667042672634,
        "max": 5.20774269104,
        "mean": 1.69711923599,
        "median": 1.72175550461,
        "min": -2.16552257538,
        "var": 1.04917418957
    },
    "barkbands_spread": {
        "dmean": 6.03355646133,
        "dmean2": 9.70529174805,
        "dvar": 47.5354347229,
        "dvar2": 119.801856995,
        "max": 69.793006897,
        "mean": 19.7054977417,
        "median": 17.4355583191,
        "min": 6.46781873703,
        "var": 92.2949066162
    },
    "dissonance": {
        "dmean": 0.0233584139496,
        "dmean2": 0.0385106503963,
        "dvar": 0.000561325636227,
        "dvar2": 0.00145628792234,
        "max": 0.499831706285,
        "mean": 0.453032284975,
        "median": 0.461612164974,
        "min": 0.288993000984,
        "var": 0.00109923037235
    },
    "dynamic_complexity": 2.0409719944,
    "erbbands_kurtosis": {
        "dmean": 0.911573171616,
        "dmean2": 1.34936952591,
        "dvar": 1.22026336193,
        "dvar2": 2.31662511826,
        "max": 8.60879325867,
        "mean": 0.417479038239,
        "median": -0.260558366776,
        "min": -1.82828462124,
        "var": 3.71473765373
    },
    "erbbands_skewness": {
        "dmean": 0.342715889215,
        "dmean2": 0.498729854822,
        "dvar": 0.0947075560689,
        "dvar2": 0.192854985595,
        "max": 2.52428746223,
        "mean": 0.437816232443,
        "median": 0.388319939375,
        "min": -0.938160300255,
        "var": 0.473736524582
    },
    "erbbands_spread": {
        "dmean": 8.76613140106,
        "dmean2": 12.9151296616,
        "dvar": 87.7727584839,
        "dvar2": 174.833145142,
        "max": 114.86164856,
        "mean": 42.5345878601,
        "median": 42.2827224731,
        "min": 7.55071783066,
        "var": 378.222961426
    },
    "hfc": {
        "dmean": 8.10114479065,
        "dmean2": 13.4793395996,
        "dvar": 100.895683289,
        "dvar2": 265.328826904,
        "max": 76.2112121582,
        "mean": 24.8671588898,
        "median": 22.4188308716,
        "min": 1.20463291988e-16,
        "var": 196.970199585
    },
    "melbands_kurtosis": {
        "dmean": 7.45660257339,
        "dmean2": 11.4972686768,
        "dvar": 159.141494751,
        "dvar2": 400.703735352,
        "max": 164.544174194,
        "mean": 15.0407295227,
        "median": 10.3414936066,
        "min": -1.36153614521,
        "var": 281.378662109
    },
    "melbands_skewness": {
        "dmean": 0.752468705177,
        "dmean2": 1.0991140604,
        "dvar": 0.809159040451,
        "dvar2": 1.75968718529,
        "max": 11.6139717102,
        "mean": 2.82559895515,
        "median": 2.67229747772,
        "min": -0.276414453983,
        "var": 3.04027557373
    },
    "melbands_spread": {
        "dmean": 6.0526638031,
        "dmean2": 9.63382148743,
        "dvar": 70.3179244995,
        "dvar2": 158.046920776,
        "max": 150.035949707,
        "mean": 19.2583274841,
        "median": 16.5127811432,
        "min": 3.8397667408,
        "var": 209.675933838
    },
    "pitch_salience": {
        "dmean": 0.0707396045327,
        "dmean2": 0.113423883915,
        "dvar": 0.00428816443309,
        "dvar2": 0.010382162407,
        "max": 0.832012355328,
        "mean": 0.504375755787,
        "median": 0.495715498924,
        "min": 0.185642495751,
        "var": 0.01081818901
    },
    "silence_rate_20dB": {
        "dmean": 0,
        "dmean2": 0,
        "dvar": 0,
        "dvar2": 0,
        "max": 1,
        "mean": 1,
        "median": 1,
        "min": 1,
        "var": 0
    },
    "silence_rate_30dB": {
        "dmean": 0,
        "dmean2": 0,
        "dvar": 0,
        "dvar2": 0,
        "max": 1,
        "mean": 1,
        "median": 1,
        "min": 1,
        "var": 0
    },
    "silence_rate_60dB": {
        "dmean": 0.00302571849898,
        "dmean2": 0.0060606058687,
        "dvar": 0.00301658734679,
        "dvar2": 0.00602386100218,
        "max": 1,
        "mean": 0.0498489439487,
        "median": 0,
        "min": 0,
        "var": 0.047364346683
    },
    "spectral_centroid": {
        "dmean": 292.760864258,
        "dmean2": 455.487701416,
        "dvar": 278185.0625,
        "dvar2": 419131.71875,
        "max": 11298.9804688,
        "mean": 1237.88391113,
        "median": 1120.59460449,
        "min": 447.969573975,
        "var": 550116.0625
    },
    "spectral_complexity": {
        "dmean": 5.01664161682,
        "dmean2": 8.09090900421,
        "dvar": 32.7969474792,
        "dvar2": 78.8159942627,
        "max": 43,
        "mean": 18.5604228973,
        "median": 18,
        "min": 0,
        "var": 61.3399734497
    },
    "spectral_crest": {
        "dmean": 2.45860862732,
        "dmean2": 3.89936923981,
        "dvar": 4.55248451233,
        "dvar2": 11.329413414,
        "max": 23.3994274139,
        "mean": 10.975689888,
        "median": 10.2589445114,
        "min": 2.91390609741,
        "var": 14.2833547592
    },
    "spectral_decrease": {
        "dmean": 2.48571785377e-09,
        "dmean2": 4.03948297034e-09,
        "dvar": 4.94763855892e-18,
        "dvar2": 1.26414389965e-17,
        "max": 5.45090053999e-29,
        "mean": -1.03450972233e-08,
        "median": -1.10314495316e-08,
        "min": -1.96133917996e-08,
        "var": 1.70949579078e-17
    },
    "spectral_energy": {
        "dmean": 0.00972880795598,
        "dmean2": 0.0158086456358,
        "dvar": 7.68552927184e-05,
        "dvar2": 0.000195740707568,
        "max": 0.0758521333337,
        "mean": 0.0413003414869,
        "median": 0.0437685549259,
        "min": 1.0789008818e-20,
        "var": 0.000265780283371
    },
    "spectral_energyband_high": {
        "dmean": 0.000603130029049,
        "dmean2": 0.00103335792664,
        "dvar": 8.55221458096e-07,
        "dvar2": 2.25678763854e-06,
        "max": 0.00912034325302,
        "mean": 0.000980059732683,
        "median": 0.000680769444443,
        "min": 8.07842842354e-21,
        "var": 1.16498745228e-06
    },
    "spectral_energyband_low": {
        "dmean": 0.00683216983452,
        "dmean2": 0.0109912781045,
        "dvar": 5.90335039306e-05,
        "dvar2": 0.000142196484376,
        "max": 0.0674426853657,
        "mean": 0.0168250631541,
        "median": 0.0155259873718,
        "min": 6.60777535899e-23,
        "var": 0.000178921924089
    },
    "spectral_energyband_middle_high": {
        "dmean": 0.00269737234339,
        "dmean2": 0.004065528512,
        "dvar": 1.61338921316e-05,
        "dvar2": 2.71748776868e-05,
        "max": 0.0598619021475,
        "mean": 0.00712416833267,
        "median": 0.00402094703168,
        "min": 1.28954892752e-21,
        "var": 7.37605587346e-05
    },
    "spectral_energyband_middle_low": {
        "dmean": 0.00506785698235,
        "dmean2": 0.00788917765021,
        "dvar": 3.12278971251e-05,
        "dvar2": 7.67197852838e-05,
        "max": 0.0659456923604,
        "mean": 0.0176188182086,
        "median": 0.0157204195857,
        "min": 1.65989284399e-22,
        "var": 0.000134700952913
    },
    "spectral_flatness_db": {
        "dmean": 0.0281493775547,
        "dmean2": 0.0418895296752,
        "dvar": 0.000636959681287,
        "dvar2": 0.00144146964885,
        "max": 0.232403889298,
        "mean": 0.147805228829,
        "median": 0.152373090386,
        "min": 0.0258948113769,
        "var": 0.00144008104689
    },
    "spectral_flux": {
        "dmean": 0.0301771294326,
        "dmean2": 0.04699492082,
        "dvar": 0.000816610408947,
        "dvar2": 0.00177734799217,
        "max": 0.258076131344,
        "mean": 0.0868474394083,
        "median": 0.0787008553743,
        "min": 6.9224979915e-11,
        "var": 0.00179806607775
    },
    "spectral_kurtosis": {
        "dmean": 1.34321987629,
        "dmean2": 2.19416475296,
        "dvar": 1.72940504551,
        "dvar2": 4.22927045822,
        "max": 14.1456050873,
        "mean": 3.7546339035,
        "median": 3.21278643608,
        "min": -1.26268029213,
        "var": 5.12503814697
    },
    "spectral_rms": {
        "dmean": 0.000749654776882,
        "dmean2": 0.0012131560361,
        "dvar": 4.79959851418e-07,
        "dvar2": 1.17714910175e-06,
        "max": 0.00860244594514,
        "mean": 0.00610994081944,
        "median": 0.0065346006304,
        "min": 3.24435855785e-12,
        "var": 2.96160465041e-06
    },
    "spectral_rolloff": {
        "dmean": 482.298034668,
        "dmean2": 835.846862793,
        "dvar": 1112416.875,
        "dvar2": 2261591.5,
        "max": 18712.3535156,
        "mean": 1136.60742188,
        "median": 753.662109375,
        "min": 107.666015625,
        "var": 3340714.5
    },
    "spectral_skewness": {
        "dmean": 0.240270569921,
        "dmean2": 0.375022351742,
        "dvar": 0.0470780283213,
        "dvar2": 0.106362640858,
        "max": 3.01111292839,
        "mean": 1.48941326141,
        "median": 1.46064484119,
        "min": -0.022710269317,
        "var": 0.195617094636
    },
    "spectral_spread": {
        "dmean": 699337.5,
        "dmean2": 1031662.9375,
        "dvar": 4.43142478234e+12,
        "dvar2": 7.90101229568e+12,
        "max": 51685504,
        "mean": 5077216.5,
        "median": 4779103,
        "min": 2770724.5,
        "var": 7.99893041971e+12
    },
    "spectral_strongpeak": {
        "dmean": 0.650147795677,
        "dmean2": 1.07402098179,
        "dvar": 0.900342226028,
        "dvar2": 1.76524674892,
        "max": 7.8872179985,
        "mean": 1.48367404938,
        "median": 0.707300543785,
        "min": 0,
        "var": 2.54215240479
    },
    "zerocrossingrate": {
        "dmean": 0.00984540488571,
        "dmean2": 0.0124482121319,
        "dvar": 0.000428449187893,
        "dvar2": 0.000631805800367,
        "max": 0.50537109375,
        "mean": 0.0546056292951,
        "median": 0.04736328125,
        "min": 0.01708984375,
        "var": 0.00210605282336
    },
    "barkbands": {
        "dmean": [0.000370054563973, 0.00531799113378, 0.00249004433863, 0.000656471762341, 0.00229561096057, 0.0018989064265, 0.00140339310747, 0.000271256867563, 0.00112760404591, 0.00130028254353, 0.000217510081711, 0.000526017858647, 0.000228909309953, 0.000337800127454, 0.00029051527963, 0.000402909005061, 0.000243529342697, 0.000139519266668, 0.000245749251917, 0.000291554402793, 0.00017888059665, 0.00011769845878, 0.000115841852676, 7.25047138985e-05, 4.43747376266e-05, 3.0698342016e-05, 3.39266557603e-06],
        "dmean2": [0.000612847798038, 0.00865618046373, 0.00415891641751, 0.00107679946814, 0.00374288042076, 0.00282718474045, 0.00220875325613, 0.000466518948087, 0.00167738599703, 0.00175132788718, 0.000334940530593, 0.000778814603109, 0.000354694202542, 0.000516374886502, 0.000500134541653, 0.000676757015754, 0.000362162711099, 0.000228191798669, 0.000418166193413, 0.000484343559947, 0.000311158510158, 0.000209997568163, 0.000195446904399, 0.000122338198707, 7.10595049895e-05, 4.75096276205e-05, 5.42481711818e-06],
        "dvar": [3.56033410753e-07, 3.45631124219e-05, 1.40226065923e-05, 7.81911012382e-07, 1.26513932628e-05, 8.18892112875e-06, 9.92861805571e-06, 3.26920343241e-07, 7.79483889346e-06, 1.1847040696e-05, 6.20455693934e-07, 1.09543202598e-06, 1.39282306577e-07, 1.81507559205e-07, 2.65815970124e-07, 2.91992165558e-07, 1.27008107143e-07, 6.06456964647e-08, 2.39545130398e-07, 1.88864987649e-07, 8.12472151779e-08, 5.03474097968e-08, 5.8958235627e-08, 1.77449948069e-08, 5.4107465175e-09, 4.12644007852e-09, 8.21979706522e-11],
        "dvar2": [9.05598426471e-07, 8.85559202288e-05, 3.23546628351e-05, 1.79058849881e-06, 3.62486607628e-05, 1.3801132809e-05, 1.96861437871e-05, 8.46487182571e-07, 1.6736863472e-05, 1.7473636035e-05, 1.01284024367e-06, 1.88279648228e-06, 3.23561579307e-07, 3.73399018372e-07, 6.64148728902e-07, 7.37868617762e-07, 2.51175634958e-07, 1.53932802505e-07, 5.85157692967e-07, 4.6394896458e-07, 2.03406258947e-07, 1.27668940308e-07, 1.48306256165e-07, 4.23025170448e-08, 1.32365691741e-08, 9.3173726512e-09, 1.81896914198e-10],
        "max": [0.00382671505213, 0.0546196140349, 0.0336763262749, 0.00840153358877, 0.0322330519557, 0.0629285424948, 0.0331187471747, 0.00555305695161, 0.0365506783128, 0.0572951845825, 0.0183923039585, 0.0153018720448, 0.00616875290871, 0.00457438454032, 0.00484216120094, 0.00562578812242, 0.00552727235481, 0.00343229714781, 0.00526630273089, 0.0050071165897, 0.00302213313989, 0.00243410142139, 0.00315604428761, 0.00123924098443, 0.000705163460225, 0.000476898683701, 0.000104601298517],
        "mean": [0.000374928640667, 0.0105662466958, 0.00475613307208, 0.00153874431271, 0.00460228370503, 0.00533513398841, 0.00289137964137, 0.000347440160112, 0.00268482696265, 0.00282668392174, 0.000295957317576, 0.00100038864184, 0.000369516463252, 0.000576396414544, 0.000390362751205, 0.000639354228042, 0.000409562839195, 0.000178874906851, 0.0002985286701, 0.000441436452093, 0.000256871455349, 0.000143097830005, 0.000154666791786, 0.000118457770441, 6.88555956003e-05, 3.14014796459e-05, 2.8092526918e-06],
        "median": [7.83595824032e-05, 0.00866444036365, 0.00245217815973, 0.000869320821948, 0.00290131615475, 0.00281145586632, 0.000783753232099, 0.00012282768148, 0.000417256203946, 0.000241622357862, 6.02157233516e-05, 0.000213245832128, 0.000188101344975, 0.000344945437973, 0.000192599851289, 0.0003811729257, 0.000186065313756, 9.2282978585e-05, 0.000133615831146, 0.000231794983847, 0.000158480543178, 8.08315817267e-05, 7.91494749137e-05, 6.20499195065e-05, 3.97131407226e-05, 7.72082239564e-06, 1.43507094208e-07],
        "min": [1.53702477216e-24, 2.39133306879e-23, 2.36804778814e-23, 6.47704501423e-24, 3.10186892137e-23, 2.16117374891e-23, 4.03556153334e-23, 2.22995516232e-23, 2.78295454549e-23, 2.87741054147e-23, 3.0206067818e-23, 7.39890881471e-23, 7.89957421879e-23, 6.87658129017e-23, 8.94519483362e-23, 7.21538632045e-23, 1.39511830759e-22, 1.07371845188e-22, 2.10511571526e-22, 2.98193385411e-22, 3.1150650497e-22, 5.11784278636e-22, 4.84986686307e-22, 7.42490878662e-22, 1.25975810662e-21, 1.65076109113e-21, 2.28752214173e-21],
        "var": [4.22695450197e-07, 9.21501268749e-05, 3.26368790411e-05, 2.85537839773e-06, 2.33322480199e-05, 5.70709344174e-05, 2.80700569419e-05, 3.93762263684e-07, 3.51441958628e-05, 5.24282768311e-05, 1.30849116431e-06, 4.35240326624e-06, 2.58298172184e-07, 4.21598429057e-07, 3.59106479664e-07, 5.1759644748e-07, 3.84601264614e-07, 6.62718306899e-08, 2.85291349655e-07, 3.7838108824e-07, 1.11337847386e-07, 4.8556664467e-08, 6.71510846928e-08, 2.74720814986e-08, 7.15801062867e-09, 4.21051726818e-09, 8.05590663622e-11]
    },
    "erbbands": {
        "dmean": [0.165426030755, 1.21050906181, 2.81803655624, 2.45029163361, 2.46276021004, 12.1897611618, 9.12599754333, 18.1265029907, 25.5451908112, 8.31986522675, 5.53361797333, 17.1196365356, 47.1164779663, 23.513507843, 11.8157119751, 16.2105293274, 11.2972707748, 15.148443222, 13.3092956543, 20.1571960449, 21.4851360321, 15.9640798569, 8.23779773712, 10.690955162, 13.5708122253, 11.8835554123, 8.0022354126, 6.86937999725, 4.08625030518, 4.88907051086, 2.61195635796, 1.76741361618, 1.06847202778, 0.666020214558, 0.229871347547, 0.0959959477186, 0.0656758397818, 0.0146333305165, 0.000375272502424, 1.72333457158e-05],
        "dmean2": [0.27489554882, 1.95397543907, 4.68824720383, 3.94189786911, 4.08208227158, 19.5007724762, 13.0552930832, 26.7232265472, 39.8292884827, 14.1292362213, 9.18159580231, 25.7876682281, 65.7612380981, 30.7663345337, 19.5353851318, 23.3872413635, 16.3061313629, 22.5815505981, 22.0339050293, 35.0776138306, 35.3969841003, 23.3949756622, 13.5967712402, 17.7083148956, 22.3225097656, 19.9206237793, 13.5228357315, 12.1482095718, 7.25028181076, 8.72245311737, 4.41263961792, 2.93490338326, 1.78228521347, 1.05322813988, 0.373793274164, 0.151252388954, 0.101185329258, 0.022552151233, 0.000595753721427, 2.70488562819e-05],
        "dvar": [0.0421511828899, 2.00348591805, 15.5817060471, 12.1334152222, 9.66667556763, 432.59979248, 187.12171936, 907.17565918, 3122.67260742, 196.354598999, 117.267219543, 1965.86767578, 7628.37304688, 5115.50244141, 927.771362305, 1100.97412109, 328.385192871, 550.418823242, 291.226226807, 1317.9822998, 907.184936523, 564.119873047, 212.229049683, 483.083679199, 493.725830078, 331.15145874, 145.83921814, 149.02935791, 52.5757255554, 109.063850403, 27.1489219666, 10.3164901733, 3.74070429802, 1.32987725735, 0.123868584633, 0.0289845950902, 0.0225092787296, 0.00109157676343, 1.07881521672e-06, 5.42359546163e-10],
        "dvar2": [0.127265244722, 4.80974245071, 36.2034187317, 29.3239440918, 25.2020244598, 1287.37182617, 411.199432373, 1464.11047363, 6085.79833984, 527.743896484, 291.593688965, 4340.42431641, 13523.4091797, 6650.92041016, 1968.23413086, 1899.95581055, 605.318115234, 1052.07312012, 674.00994873, 3602.296875, 2169.48413086, 1089.03210449, 544.494995117, 1182.57092285, 1127.08959961, 870.323364258, 347.334564209, 406.473815918, 136.418365479, 277.884185791, 70.0080108643, 23.1296062469, 9.46474933624, 3.33574819565, 0.288741081953, 0.0654735863209, 0.0528594143689, 0.00235101394355, 2.38287316279e-06, 1.19803666987e-09],
        "max": [1.48381686211, 14.9133081436, 37.34790802, 31.0686283112, 31.0400943756, 190.175857544, 313.470947266, 734.648742676, 589.485900879, 153.781677246, 155.517227173, 830.965087891, 1325.25976562, 1688.19250488, 548.854797363, 556.37310791, 296.757476807, 285.732208252, 150.942611694, 271.154541016, 349.374237061, 385.628875732, 185.985351562, 245.959075928, 271.880828857, 235.850662231, 129.237319946, 134.856323242, 73.653755188, 100.951324463, 68.6424102783, 36.2673110962, 15.8995380402, 11.7389230728, 3.80747771263, 1.31822085381, 1.31543648243, 0.282837539911, 0.0105971554294, 0.000221616894123],
        "mean": [0.274699062109, 2.47790646553, 5.29951763153, 6.41017484665, 5.7087020874, 22.8568305969, 24.9471588135, 49.4235305786, 56.1903305054, 15.017619133, 7.93521928787, 37.1832351685, 106.151054382, 55.5900039673, 21.4655971527, 31.0509262085, 21.1013908386, 27.9887714386, 20.1523246765, 25.2268848419, 36.5898551941, 28.3375091553, 11.8846387863, 12.9240894318, 19.5059204102, 18.3016109467, 11.7170648575, 8.89045715332, 5.19416475296, 5.7211432457, 3.69592142105, 2.86119651794, 1.68488621712, 1.01951313019, 0.361693948507, 0.117635905743, 0.0642122849822, 0.0130105065182, 0.000356973119779, 5.73909710511e-05],
        "median": [0.217855513096, 2.01725959778, 3.50526666641, 4.81052017212, 4.54994869232, 12.53353405, 13.4049282074, 23.9678459167, 14.535399437, 8.43648719788, 3.97314715385, 8.59782028198, 28.0362472534, 9.53147315979, 5.48543214798, 8.37806892395, 10.4518823624, 15.8680381775, 12.1821289062, 13.8684158325, 20.9534111023, 14.3480873108, 6.38667869568, 6.23125648499, 9.53949546814, 9.76517772675, 6.53662204742, 5.5379447937, 2.95055627823, 2.9810423851, 1.99750328064, 1.49461436272, 0.883698225021, 0.549149036407, 0.221017241478, 0.0492052733898, 0.0125644430518, 0.00147739739623, 6.18034464424e-05, 5.63777866773e-05],
        "min": [4.43144797075e-22, 6.42926736952e-21, 2.16541053276e-20, 2.38843086593e-20, 7.11275677381e-20, 5.69087659857e-20, 1.53270337802e-19, 1.49980252765e-19, 5.16553251133e-19, 4.04000698038e-19, 6.90934970076e-19, 5.52405378531e-19, 7.75882851769e-19, 1.20072503742e-18, 1.94281709588e-18, 3.53506677636e-18, 3.59996074977e-18, 3.75428700948e-18, 4.88738300079e-18, 3.87860108861e-18, 4.22047607654e-18, 8.31529183751e-18, 6.17731160906e-18, 9.1589060473e-18, 1.220371156e-17, 1.48273249766e-17, 1.39884447214e-17, 1.44179830699e-17, 2.20428280773e-17, 1.39164303773e-17, 1.33624311251e-17, 1.34580738835e-17, 1.37142087058e-17, 1.29367102152e-17, 8.4523945425e-18, 5.72952855139e-18, 2.79167542395e-18, 1.25586686161e-18, 3.10106134237e-19, 3.01409073266e-20],
        "var": [0.0682526305318, 5.72047281265, 34.1490020752, 36.2375526428, 26.2078456879, 740.052856445, 1055.35144043, 6707.87451172, 9075.1796875, 319.329956055, 176.412155151, 6611.86083984, 29332.296875, 28182.7167969, 2297.95117188, 3790.52001953, 978.387451172, 1365.6817627, 519.294189453, 1137.56030273, 1941.95776367, 1699.85778809, 254.379501343, 526.102111816, 949.251525879, 627.262634277, 251.773361206, 146.622924805, 52.1503181458, 104.917663574, 31.7314510345, 17.3087997437, 5.30188560486, 1.70436930656, 0.183832839131, 0.0327743254602, 0.021579682827, 0.00113462773152, 1.04668333734e-06, 9.01061281144e-10]
    },
    "gfcc": {
        "mean": [13.8750276566, 92.7866821289, -108.508178711, 43.4250831604, -56.3594169617, 17.8169116974, -39.6118049622, 8.21628856659, -22.2688007355, 6.07475852966, -13.9634008408, 2.6474378109, 0.824922323227],
        "cov": [[17491.7695312, 612.689575195, -675.17376709, 470.715026855, -475.188446045, 207.807022095, -577.114013672, 68.6402435303, -270.794525146, 73.900390625, -290.424835205, 66.9476165771, -201.62461853], [612.689575195, 803.118652344, -79.9599761963, -29.3542804718, 8.78458213806, 68.9007034302, 89.6066436768, -47.5830535889, -17.7216701508, -45.6316757202, 33.6610298157, -37.1344490051, 154.819488525], [-675.17376709, -79.9599761963, 564.076660156, 122.345298767, 226.02116394, 23.469417572, -65.4735107422, -22.8306064606, 33.6429176331, 30.742269516, -41.822101593, -10.4199810028, -85.4845046997], [470.715026855, -29.3542804718, 122.345298767, 482.448150635, 101.537574768, 51.9352798462, -82.1569671631, 7.54851913452, 79.2373123169, 12.4013557434, 21.5504627228, -39.9114456177, -7.42440080643], [-475.188446045, 8.78458213806, 226.02116394, 101.537574768, 299.209320068, 94.3977127075, 66.8488616943, 0.180103391409, 11.4492101669, 18.8059062958, -28.5472354889, -10.0886173248, -39.3737754822], [207.807022095, 68.9007034302, 23.469417572, 51.9352798462, 94.3977127075, 262.103027344, 49.6041908264, -19.5720005035, 9.35307979584, -39.4183578491, -36.4013710022, -41.4941596985, 3.0450797081], [-577.114013672, 89.6066436768, -65.4735107422, -82.1569671631, 66.8488616943, 49.6041908264, 238.206359863, 62.6504249573, -3.49804759026, -22.0763435364, 0.544320464134, 0.318980127573, 46.6446151733], [68.6402435303, -47.5830535889, -22.8306064606, 7.54851913452, 0.180103391409, -19.5720005035, 62.6504249573, 126.440971375, 27.6754589081, -14.2303161621, -8.48705387115, 22.3914260864, 16.8838233948], [-270.794525146, -17.7216701508, 33.6429176331, 79.2373123169, 11.4492101669, 9.35307979584, -3.49804759026, 27.6754589081, 109.740249634, 14.2245635986, 17.975736618, -0.183281242847, 9.70859622955], [73.900390625, -45.6316757202, 30.742269516, 12.4013557434, 18.8059062958, -39.4183578491, -22.0763435364, -14.2303161621, 14.2245635986, 101.793449402, 38.1588058472, 5.16112565994, -36.7884788513], [-290.424835205, 33.6610298157, -41.822101593, 21.5504627228, -28.5472354889, -36.4013710022, 0.544320464134, -8.48705387115, 17.975736618, 38.1588058472, 103.050613403, 20.9950294495, 22.606546402], [66.9476165771, -37.1344490051, -10.4199810028, -39.9114456177, -10.0886173248, -41.4941596985, 0.318980127573, 22.3914260864, -0.183281242847, 5.16112565994, 20.9950294495, 80.8163375854, 18.9196739197], [-201.62461853, 154.819488525, -85.4845046997, -7.42440080643, -39.3737754822, 3.0450797081, 46.6446151733, 16.8838233948, 9.70859622955, -36.7884788513, 22.606546402, 18.9196739197, 124.597457886]],
        "icov": [[0.000149514467921, -0.000359762343578, 0.000239779154072, -0.000359054363798, 0.00036718865158, -0.000326667592162, 0.000348775851307, -0.000448177015642, 0.000495696323924, -0.000575608690269, 0.000797374115791, -0.000755562039558, 0.00064774393104], [-0.000359762343578, 0.00283149583265, -0.000633551622741, 0.001095653628, -0.00127378385514, 0.000643807463348, -0.00103527342435, 0.00186891877092, -0.000844487221912, 0.00144299014937, -0.00250178808346, 0.00328025221825, -0.0043061147444], [0.000239779154072, -0.000633551622741, 0.0036103206221, -0.000516195315868, -0.00215685251169, 8.67088383529e-05, 0.00191194098443, -0.000539461965673, -0.000242827169131, -0.000629596819635, 0.00193980778567, -0.0012878611451, 0.00197173911147], [-0.000359054363798, 0.001095653628, -0.000516195315868, 0.00422816816717, -0.00266177463345, 0.000469528109534, 0.00137790455483, -0.000171283114469, -0.00270346179605, 0.00190412765369, -0.00357078853995, 0.00418283138424, -0.00260430225171], [0.00036718865158, -0.00127378385514, -0.00215685251169, -0.00266177463345, 0.00875851884484, -0.00262509519234, -0.00294393347576, -0.000164493554621, 0.00208608130924, -0.00342247425579, 0.00366606400348, -0.00417894357815, 0.00329118641093], [-0.000326667592162, 0.000643807463348, 8.67088383529e-05, 0.000469528109534, -0.00262509519234, 0.00624670926481, -0.00158004323021, 0.00255900109187, -0.00222642812878, 0.00337342079729, -0.00076043716399, 0.003235505661, -0.00116240046918], [0.000348775851307, -0.00103527342435, 0.00191194098443, 0.00137790455483, -0.00294393347576, -0.00158004323021, 0.00913196895272, -0.0055023143068, 0.00140934390947, -0.000852086523082, 3.38873505825e-05, 0.000707006023731, -0.000795023224782], [-0.000448177015642, 0.00186891877092, -0.000539461965673, -0.000171283114469, -0.000164493554621, 0.00255900109187, -0.0055023143068, 0.013746926561, -0.00462669227272, 0.00294810603373, 0.0003692265891, -0.00124618248083, -0.00199207034893], [0.000495696323924, -0.000844487221912, -0.000242827169131, -0.00270346179605, 0.00208608130924, -0.00222642812878, 0.00140934390947, -0.00462669227272, 0.0137602621689, -0.00406655855477, 0.000974611495622, -0.00177024072036, 0.00015583827917], [-0.000575608690269, 0.00144299014937, -0.000629596819635, 0.00190412765369, -0.00342247425579, 0.00337342079729, -0.000852086523082, 0.00294810603373, -0.00406655855477, 0.017829367891, -0.009347721003, 0.00318424380384, 0.0025062225759], [0.000797374115791, -0.00250178808346, 0.00193980778567, -0.00357078853995, 0.00366606400348, -0.00076043716399, 3.38873505825e-05, 0.0003692265891, 0.000974611495622, -0.009347721003, 0.0197255387902, -0.00822706054896, 0.00146578089334], [-0.000755562039558, 0.00328025221825, -0.0012878611451, 0.00418283138424, -0.00417894357815, 0.003235505661, 0.000707006023731, -0.00124618248083, -0.00177024072036, 0.00318424380384, -0.00822706054896, 0.021728085354, -0.00815688911825], [0.00064774393104, -0.0043061147444, 0.00197173911147, -0.00260430225171, 0.00329118641093, -0.00116240046918, -0.000795023224782, -0.00199207034893, 0.00015583827917, 0.0025062225759, 0.00146578089334, -0.00815688911825, 0.0189587287605]]
    },
    "melbands": {
        "dmean": [0.00145433668513, 0.00142772856634, 0.000378122087568, 0.000512437836733, 0.000339132471709, 0.000402888952522, 0.000348836241756, 7.7673488704e-05, 4.26669575972e-05, 0.000142744524055, 0.000253865146078, 0.000116837567475, 3.73686561943e-05, 4.5725133532e-05, 4.91001701448e-05, 2.48937740253e-05, 2.77549461316e-05, 2.26251104323e-05, 2.63691636064e-05, 2.50722805504e-05, 2.55106224358e-05, 1.81397608685e-05, 9.42193764786e-06, 6.46347780275e-06, 9.44641669776e-06, 9.14732936508e-06, 1.27775101646e-05, 8.06971911516e-06, 5.6264552768e-06, 3.81053132514e-06, 4.27626400779e-06, 2.26911311074e-06, 2.54493284046e-06, 3.00632723338e-06, 1.63095239714e-06, 1.21311313706e-06, 1.09866323328e-06, 8.15427142697e-07, 6.8914204121e-07, 5.70958547996e-07],
        "dmean2": [0.00237625883892, 0.00234954617918, 0.000604836561251, 0.000836637278553, 0.00051225948846, 0.000596322352067, 0.000546783616301, 0.000133669178467, 7.14988273103e-05, 0.000214566738578, 0.000352860137355, 0.000151908432599, 5.91157950112e-05, 7.02569013811e-05, 6.80899465806e-05, 3.67584289052e-05, 4.1275008698e-05, 3.76896859962e-05, 4.50483530585e-05, 4.34636494901e-05, 4.18139752583e-05, 2.62836620095e-05, 1.57929425768e-05, 1.05380840978e-05, 1.59234805324e-05, 1.52721459017e-05, 2.16072839976e-05, 1.34955216708e-05, 9.51225956669e-06, 6.65583274895e-06, 7.54492521082e-06, 4.02032355851e-06, 4.58420026916e-06, 5.33649063073e-06, 2.82650080408e-06, 1.99434862225e-06, 1.83516635843e-06, 1.35431776016e-06, 1.17861043236e-06, 8.80573793438e-07],
        "dvar": [2.65660810328e-06, 3.23833955918e-06, 2.76074274552e-07, 6.7317319008e-07, 2.34139591271e-07, 3.99368389026e-07, 5.47647630356e-07, 1.83070252291e-08, 7.99512545058e-09, 1.3628510942e-07, 2.31480314028e-07, 1.22417119996e-07, 1.3984756464e-08, 1.15869092099e-08, 1.43508591677e-08, 1.5404754139e-09, 1.62177526963e-09, 9.49534451067e-10, 2.12579531755e-09, 1.76946068908e-09, 1.34115507588e-09, 8.63096982773e-10, 2.51397014317e-10, 2.20888307645e-10, 4.16205458986e-10, 3.29306193425e-10, 4.7849535445e-10, 1.89923951566e-10, 6.87732301663e-11, 4.59655091767e-11, 6.78187436765e-11, 1.79539265399e-11, 2.69636049599e-11, 4.60572240069e-11, 1.21592623123e-11, 4.08721147205e-12, 4.13924883952e-12, 2.06221346423e-12, 2.39050684629e-12, 9.02582425032e-13],
        "dvar2": [7.32378885004e-06, 7.64582000556e-06, 6.61245053379e-07, 1.97997474061e-06, 5.97648295297e-07, 6.61516367018e-07, 1.10031282929e-06, 4.83596700462e-08, 1.80130736993e-08, 3.01897074451e-07, 4.04960871947e-07, 1.64448806572e-07, 2.89758173011e-08, 2.08166408555e-08, 2.31859669242e-08, 3.02342351155e-09, 3.13937653651e-09, 2.08110240152e-09, 5.18435694374e-09, 4.88085749595e-09, 3.20951953903e-09, 1.58446367138e-09, 6.48993914165e-10, 5.47636880288e-10, 1.02593677997e-09, 7.86472553749e-10, 1.15358278485e-09, 5.31826749306e-10, 1.67316729915e-10, 1.03867872636e-10, 1.89593965527e-10, 4.68193712966e-11, 7.27287882696e-11, 1.16913700943e-10, 3.3517397191e-11, 8.59899131067e-12, 9.53014316768e-12, 5.26686203331e-12, 6.68509345103e-12, 2.0918527327e-12],
        "max": [0.013069701381, 0.0149630894884, 0.00451693870127, 0.00766578689218, 0.00865973439068, 0.0148629657924, 0.0076404325664, 0.00139744731132, 0.0014265057398, 0.00561038823798, 0.00747863063589, 0.00751228118315, 0.00264559942298, 0.00212429487146, 0.00223537255079, 0.00051667081425, 0.000477916008094, 0.000344418163877, 0.000468472746434, 0.000300751999021, 0.000411374523537, 0.000486636970891, 0.000157039263286, 0.000268615665846, 0.000229409211897, 0.000189447440789, 0.000251992692938, 0.000144905949128, 7.73861829657e-05, 9.25192580326e-05, 9.93246649159e-05, 4.01150718972e-05, 5.03918636241e-05, 7.5090174505e-05, 4.45832847618e-05, 2.40592908085e-05, 2.28400076594e-05, 1.25048936752e-05, 1.8855844246e-05, 8.70150324772e-06],
        "mean": [0.00279516703449, 0.0030629937537, 0.00100852781907, 0.00103659322485, 0.000898979837075, 0.0011287627276, 0.000764185388107, 0.000122909914353, 5.44011854799e-05, 0.000323084095726, 0.000568204792216, 0.00027058730484, 5.74230325583e-05, 8.93489486771e-05, 8.35636092233e-05, 4.46003141406e-05, 4.96187967656e-05, 3.2045361877e-05, 3.42925195582e-05, 3.35369004461e-05, 4.04641104979e-05, 3.08434027829e-05, 1.34245592562e-05, 8.48836134537e-06, 1.05654935396e-05, 1.22526626001e-05, 1.66431946127e-05, 1.1767734577e-05, 8.0532499851e-06, 5.02110242451e-06, 5.2077575674e-06, 2.69738325187e-06, 2.90832917926e-06, 3.42639123119e-06, 2.13033081309e-06, 1.87212333458e-06, 1.70948817413e-06, 1.22613289477e-06, 9.32509919949e-07, 8.65500680902e-07],
        "median": [0.00238372711465, 0.00253583677113, 0.000788308389019, 0.000677283154801, 0.000508097233251, 0.000592811498791, 0.000231250654906, 5.98246988375e-05, 1.89108031918e-05, 5.20231042174e-05, 0.000138821429573, 2.27700857067e-05, 1.22836527225e-05, 1.54606859724e-05, 2.27653617912e-05, 2.18574350583e-05, 2.7856154702e-05, 1.68794940691e-05, 1.52173115566e-05, 2.22483795369e-05, 1.95828870346e-05, 1.33465346153e-05, 6.62337515678e-06, 4.37678090748e-06, 4.65256107418e-06, 6.17291334493e-06, 7.32785701985e-06, 5.90490708419e-06, 4.20116430178e-06, 2.82929022433e-06, 3.07939717459e-06, 1.42044336826e-06, 1.55649343014e-06, 1.67985535882e-06, 1.09908955892e-06, 8.89377247404e-07, 8.87920123205e-07, 6.16093416284e-07, 4.67231984658e-07, 4.56014390693e-07],
        "min": [6.52379093933e-24, 1.4537766161e-23, 4.50771016791e-24, 6.18900073773e-24, 4.6080319758e-24, 3.84074759963e-24, 8.41290099818e-24, 3.79014690573e-24, 6.27791916682e-24, 3.43690564199e-24, 3.59129913178e-24, 4.49414531021e-24, 5.79899895024e-24, 3.67174164487e-24, 1.00267628933e-23, 4.8680448689e-24, 6.72474970506e-24, 7.48238749565e-24, 5.9129368918e-24, 4.72893989789e-24, 4.83393846766e-24, 8.34953732369e-24, 7.67599289445e-24, 4.53034179842e-24, 7.95531907466e-24, 7.5465368756e-24, 8.81828084015e-24, 9.4996058045e-24, 8.21734159091e-24, 8.81781225677e-24, 8.63694932817e-24, 1.26261637056e-23, 9.56476177096e-24, 6.97942634856e-24, 6.20483435939e-24, 8.23028048748e-24, 7.82043095962e-24, 8.71471208077e-24, 1.03530002649e-23, 9.81472497056e-24],
        "var": [6.01001875111e-06, 7.89722889749e-06, 8.10083918168e-07, 1.21919163121e-06, 1.16493845326e-06, 2.80686163023e-06, 1.53800749558e-06, 2.79007110748e-08, 1.32816779796e-08, 5.26763471953e-07, 8.71686779647e-07, 6.47878550808e-07, 2.53779308679e-08, 5.41537445997e-08, 4.71757282128e-08, 3.77553943665e-09, 3.98559141246e-09, 1.72710190594e-09, 3.07347858275e-09, 1.60589874731e-09, 2.94585067451e-09, 2.66797495208e-09, 3.9358635795e-10, 2.39721270612e-10, 4.25347201904e-10, 4.31559538105e-10, 7.62627128115e-10, 3.04861497158e-10, 1.19116688735e-10, 6.0835544935e-11, 5.92992946413e-11, 1.72854352359e-11, 2.1925520427e-11, 4.46974159074e-11, 1.15321840619e-11, 7.22890237254e-12, 6.67633309748e-12, 2.9793431177e-12, 2.07926189287e-12, 1.32579960465e-12]
    },
    "mfcc": {
