{
"metadata": {
    "version": {
        "essentia": "2.0.1",
        "extractor": "archive-music 1.0"
    },
    "audio_properties": {
        "analysis_sample_rate": 44100,
        "bitrate": 128,
        "channels": 2,
        "equal_loudness": 0,
        "length": 15.2293872833,
        "replay_gain": -8.62857246399,
        "downmix": "mix"
    },
    "tags": {
        "track": 1,
        "year": 0,
        "album": "Knivsta EP",
        "artist": "Lyonn",
        "comment": "",
        "genre": "Other",
        "title": "Silver Screen Love"
    }
},
"highlevel": {
    "culture": {
        "all": {
            "non_western": 1.24262086731e-10,
            "western": 1
        },
        "probability": 1,
        "value": "western"
    },
    "danceability": {
        "all": {
            "danceable": 0.990086913109,
            "not_danceable": 0.0099131166935
        },
        "probability": 0.990086913109,
        "value": "danceable"
    },
    "gender": {
        "all": {
            "female": 0.666901409626,
            "male": 0.333098620176
        },
        "probability": 0.666901409626,
        "value": "female"
    },
    "genre_dortmund": {
        "all": {
            "alternative": 0.091934248805,
            "blues": 0.0197867359966,
            "electronic": 0.0105999903753,
            "folkcountry": 0.189823701978,
            "funksoulrnb": 0.0560723021626,
            "jazz": 0.0715634450316,
            "pop": 0.297949790955,
            "raphiphop": 0.0230604801327,
            "rock": 0.23920930922
        },
        "probability": 0.297949790955,
        "value": "pop"
    },
    "genre_electronic": {
        "all": {
            "ambient": 0.89763957262,
            "dnb": 0.0365072675049,
            "house": 0.0321557857096,
            "techno": 0.00484631024301,
            "trance": 0.0288510732353
        },
        "probability": 0.89763957262,
        "value": "ambient"
    },
    "genre_rosamerica": {
        "all": {
            "cla": 0.0121155651286,
            "dan": 0.00735206250101,
            "hip": 0.00203153048642,
            "jaz": 0.0599116906524,
            "pop": 0.598988175392,
            "rhy": 0.282297641039,
            "roc": 0.0326122120023,
            "spe": 0.00469111232087
        },
        "probability": 0.598988175392,
        "value": "pop"
    },
    "genre_tzanetakis": {
        "all": {
            "blu": 0.00137991982047,
            "cla": 0.0105814496055,
            "cou": 0.01209317334,
            "dis": 0.0213095732033,
            "hip": 0.00339138624258,
            "jaz": 0.0775123983622,
            "met": 0.00148462445941,
            "pop": 0.812088429928,
            "reg": 0.0283003002405,
            "roc": 0.0318587236106
        },
        "probability": 0.812088429928,
        "value": "pop"
    },
    "mirex_ballroom": {
        "all": {
            "ChaChaCha": 0.0496147722006,
            "Jive": 0.046721868217,
            "Quickstep": 0.632820188999,
            "Rumba-American": 0.0175925344229,
            "Rumba-International": 0.0574728995562,
            "Rumba-Misc": 0.07286747545,
            "Samba": 0.0361045412719,
            "Tango": 0.00912215933204,
            "VienneseWaltz": 0.0601429902017,
            "Waltz": 0.0175405479968
        },
        "probability": 0.632820188999,
        "value": "Quickstep"
    },
    "mood_acoustic": {
        "all": {
            "acoustic": 0.73996078968,
            "not_acoustic": 0.26003921032
        },
        "probability": 0.73996078968,
        "value": "acoustic"
    },
    "mood_aggressive": {
        "all": {
            "aggressive": 0.0369240529835,
            "not_aggressive": 0.963075935841
        },
        "probability": 0.963075935841,
        "value": "not_aggressive"
    },
    "mood_electronic": {
        "all": {
            "electronic": 0.128869310021,
            "not_electronic": 0.87113070488
        },
        "probability": 0.87113070488,
        "value": "not_electronic"
    },
    "mood_happy": {
        "all": {
            "happy": 0.508632481098,
            "not_happy": 0.491367548704
        },
        "probability": 0.508632481098,
        "value": "happy"
    },
    "mood_party": {
        "all": {
            "not_party": 0.943420946598,
            "party": 0.0565790459514
        },
        "probability": 0.943420946598,
        "value": "not_party"
    },
    "mood_relaxed": {
        "all": {
            "not_relaxed": 0.125208899379,
            "relaxed": 0.87479108572
        },
        "probability": 0.87479108572,
        "value": "relaxed"
    },
    "mood_sad": {
        "all": {
            "not_sad": 0.115503370762,
            "sad": 0.884496629238
        },
        "probability": 0.884496629238,
        "value": "sad"
    },
    "moods_mirex": {
        "all": {
            "Cluster1": 0.137493386865,
            "Cluster2": 0.527001857758,
            "Cluster3": 0.0528825372458,
            "Cluster4": 0.263711184263,
            "Cluster5": 0.018910991028
        },
        "probability": 0.527001857758,
        "value": "Cluster2"
    },
    "timbre": {
        "all": {
            "bright": 0.968400597572,
            "dark": 0.0315994024277
        },
        "probability": 0.968400597572,
        "value": "bright"
    },
    "tonal_atonal": {
        "all": {
            "atonal": 0.322740882635,
            "tonal": 0.677259087563
        },
        "probability": 0.677259087563,
        "value": "tonal"
    },
    "voice_instrumental": {
        "all": {
            "instrumental": 1.05848566818e-05,
            "voice": 0.999989390373
        },
        "probability": 0.999989390373,
        "value": "voice"
    }
},
"lowlevel": {
    "average_loudness": 0.958832085133,
    "barkbands_kurtosis": {
        "dmean": 2.04690170288,
        "dmean2": 3.37989997864,
        "dvar": 9.82019901276,
        "dvar2": 25.2865791321,
        "max": 52.6062545776,
        "mean": 3.40646004677,
        "median": 1.63345193863,
        "min": -1.82005953789,
        "var": 38.007068634
    },
    "barkbands_skewness": {
        "dmean": 0.478933513165,
        "dmean2": 0.7469150424,
        "dvar": 0.210339218378,
        "dvar2": 0.489305377007,
        "max": 5.46143293381,
        "mean": 1.07316458225,
        "median": 1.0483250618,
        "min": -1.83573377132,
        "var": 1.19509994984
    },
    "barkbands_spread": {
        "dmean": 5.06342744827,
        "dmean2": 7.54652404785,
        "dvar": 65.0386199951,
        "dvar2": 134.950256348,
        "max": 99.3213882446,
        "mean": 20.6727409363,
        "median": 14.1891155243,
        "min": 2.21073770523,
        "var": 306.173858643
    },
    "dissonance": {
        "dmean": 0.0255522932857,
        "dmean2": 0.04366184026,
        "dvar": 0.000559143838473,
        "dvar2": 0.00162612774875,
        "max": 0.499966233969,
        "mean": 0.443429380655,
        "median": 0.448357075453,
        "min": 0.330151230097,
        "var": 0.00108637916856
    },
    "dynamic_complexity": 3.53783869743,
    "erbbands_kurtosis": {
        "dmean": 1.17743647099,
        "dmean2": 1.83620607853,
        "dvar": 2.81399226189,
        "dvar2": 7.64781665802,
        "max": 28.2926197052,
        "mean": 1.79184257984,
        "median": 1.04668903351,
        "min": -1.72913193703,
        "var": 10.1440916061
    },
    "erbbands_skewness": {
        "dmean": 0.362943172455,
        "dmean2": 0.56681150198,
        "dvar": 0.110834762454,
        "dvar2": 0.268670469522,
        "max": 4.54549407959,
        "mean": 0.637683153152,
        "median": 0.640044629574,
        "min": -2.25283288956,
        "var": 0.809877038002
    },
    "erbbands_spread": {
        "dmean": 6.26406621933,
        "dmean2": 9.08112812042,
        "dvar": 78.6542663574,
        "dvar2": 154.992416382,
        "max": 111.340957642,
        "mean": 30.1930999756,
        "median": 22.1779708862,
        "min": 5.82536840439,
        "var": 463.039825439
    },
    "hfc": {
        "dmean": 8.54947566986,
        "dmean2": 11.891992569,
        "dvar": 192.220306396,
        "dvar2": 378.562988281,
        "max": 212.367919922,
        "mean": 32.0845718384,
        "median": 25.5821342468,
        "min": 1.12996246572e-16,
        "var": 873.404174805
    },
    "melbands_kurtosis": {
        "dmean": 3.55833721161,
        "dmean2": 5.80113697052,
        "dvar": 45.0412826538,
        "dvar2": 110.870529175,
        "max": 113.081359863,
        "mean": 6.046833992,
        "median": 3.90888977051,
        "min": -1.47770488262,
        "var": 69.30443573
    },
    "melbands_skewness": {
        "dmean": 0.512642979622,
        "dmean2": 0.805335044861,
        "dvar": 0.318147718906,
        "dvar2": 0.720563173294,
        "max": 8.44364643097,
        "mean": 1.55339801311,
        "median": 1.54076015949,
        "min": -0.76443529129,
        "var": 1.08584952354
    },
    "melbands_spread": {
        "dmean": 7.87120819092,
        "dmean2": 11.5478858948,
        "dvar": 178.5572052,
        "dvar2": 356.583190918,
        "max": 208.67477417,
        "mean": 28.7942619324,
        "median": 19.7765731812,
        "min": 2.14145755768,
        "var": 1045.32885742
    },
    "pitch_salience": {
        "dmean": 0.0656536146998,
        "dmean2": 0.105350106955,
        "dvar": 0.00348417740315,
        "dvar2": 0.00882895477116,
        "max": 0.866693615913,
        "mean": 0.561879694462,
        "median": 0.566502392292,
        "min": 0.236106783152,
        "var": 0.0123754059896
    },
    "silence_rate_20dB": {
        "dmean": 0,
        "dmean2": 0,
        "dvar": 0,
        "dvar2": 0,
        "max": 1,
        "mean": 1,
        "median": 1,
        "min": 1,
        "var": 0
    },
    "silence_rate_30dB": {
        "dmean": 0.00304878037423,
        "dmean2": 0.00610687024891,
        "dvar": 0.00303948763758,
        "dvar2": 0.00606951117516,
        "max": 1,
        "mean": 0.996955871582,
        "median": 1,
        "min": 0,
        "var": 0.00303489388898
    },
    "silence_rate_60dB": {
        "dmean": 0.00609756074846,
        "dmean2": 0.0122137404978,
        "dvar": 0.00606039352715,
        "dvar2": 0.012064636685,
        "max": 1,
        "mean": 0.0700152218342,
        "median": 0,
        "min": 0,
        "var": 0.0651128739119
    },
    "spectral_centroid": {
        "dmean": 207.232559204,
        "dmean2": 293.571472168,
        "dvar": 220376.734375,
        "dvar2": 239598.53125,
        "max": 11367.1191406,
        "mean": 1220.19067383,
        "median": 1063.05554199,
        "min": 405.693450928,
        "var": 689509.625
    },
    "spectral_complexity": {
        "dmean": 2.26219511032,
        "dmean2": 3.57862591743,
        "dvar": 5.58063316345,
        "dvar2": 12.662197113,
        "max": 40,
        "mean": 16.4140033722,
        "median": 16,
        "min": 0,
        "var": 36.857585907
    },
    "spectral_crest": {
        "dmean": 2.39565992355,
        "dmean2": 3.87949991226,
        "dvar": 4.57700014114,
        "dvar2": 11.9479703903,
        "max": 23.3335437775,
        "mean": 9.83569431305,
        "median": 8.78417491913,
        "min": 3.68233084679,
        "var": 16.3410186768
    },
    "spectral_decrease": {
        "dmean": 2.02987071596e-09,
        "dmean2": 3.20348370053e-09,
        "dvar": 1.14046865211e-17,
        "dvar2": 2.98638637824e-17,
        "max": -7.62652007943e-29,
        "mean": -6.83303502669e-09,
        "median": -6.63534427403e-09,
        "min": -5.41377360719e-08,
        "var": 2.53578222109e-17
    },
    "spectral_energy": {
        "dmean": 0.00811465922743,
        "dmean2": 0.0127611132339,
        "dvar": 0.000169663544511,
        "dvar2": 0.000442555261543,
        "max": 0.212102025747,
        "mean": 0.0286996196955,
        "median": 0.0277635231614,
        "min": 1.05821094595e-20,
        "var": 0.000387713022064
    },
    "spectral_energyband_high": {
        "dmean": 0.000551805191208,
        "dmean2": 0.000711972475983,
        "dvar": 2.14832653e-06,
        "dvar2": 3.98452129957e-06,
        "max": 0.0213105380535,
        "mean": 0.00140093790833,
        "median": 0.000367937725969,
        "min": 7.36697474077e-21,
        "var": 1.00966844911e-05
    },
    "spectral_energyband_low": {
        "dmean": 0.0027441882994,
        "dmean2": 0.00451490515843,
        "dvar": 0.000110391105409,
        "dvar2": 0.000300431478536,
        "max": 0.145877927542,
        "mean": 0.00329614663497,
        "median": 0.000886407447979,
        "min": 5.00244783449e-23,
        "var": 8.5902203864e-05
    },
    "spectral_energyband_middle_high": {
        "dmean": 0.00220354413614,
        "dmean2": 0.00328289926983,
        "dvar": 9.97810548142e-06,
        "dvar2": 2.19152807404e-05,
        "max": 0.0416446402669,
        "mean": 0.00829642545432,
        "median": 0.00501920608804,
        "min": 1.74917498528e-21,
        "var": 7.05745696905e-05
    },
    "spectral_energyband_middle_low": {
        "dmean": 0.00565605703741,
        "dmean2": 0.00891059450805,
        "dvar": 4.63486721856e-05,
        "dvar2": 0.000118829550047,
        "max": 0.0671320781112,
        "mean": 0.0169345363975,
        "median": 0.0146843735129,
        "min": 2.40813283996e-22,
        "var": 0.000177944049938
    },
    "spectral_flatness_db": {
        "dmean": 0.01770433411,
        "dmean2": 0.0274429935962,
        "dvar": 0.000269477604888,
        "dvar2": 0.000653393508401,
        "max": 0.272452622652,
        "mean": 0.138070851564,
        "median": 0.136160582304,
        "min": 0.0501925460994,
        "var": 0.00171660049818
    },
    "spectral_flux": {
        "dmean": 0.0206081774086,
        "dmean2": 0.0329245589674,
        "dvar": 0.000781208567787,
        "dvar2": 0.00176821975037,
        "max": 0.395887732506,
        "mean": 0.0779770538211,
        "median": 0.0722638815641,
        "min": 1.04428930781e-10,
        "var": 0.00187968753744
    },
    "spectral_kurtosis": {
        "dmean": 1.50102889538,
        "dmean2": 2.37637114525,
        "dvar": 3.38008260727,
        "dvar2": 9.08728694916,
        "max": 20.8427200317,
        "mean": 5.75940322876,
        "median": 6.06375026703,
        "min": -1.4190376997,
        "var": 12.418390274
    },
    "spectral_rms": {
        "dmean": 0.000675983028486,
        "dmean2": 0.00102185958531,
        "dvar": 6.6499615059e-07,
        "dvar2": 1.58345528689e-06,
        "max": 0.0143850203604,
        "mean": 0.00491025904194,
        "median": 0.00520445592701,
        "min": 3.21309949133e-12,
        "var": 3.88904254578e-06
    },
    "spectral_rolloff": {
        "dmean": 590.193054199,
        "dmean2": 969.552978516,
        "dvar": 2685240.5,
        "dvar2": 5117201.5,
        "max": 18863.0859375,
        "mean": 2364.13330078,
        "median": 1399.65820312,
        "min": 107.666015625,
        "var": 9826376
    },
    "spectral_skewness": {
        "dmean": 0.215636178851,
        "dmean2": 0.325997471809,
        "dvar": 0.0546700544655,
        "dvar2": 0.119746245444,
        "max": 3.49687814713,
        "mean": 1.9278460741,
        "median": 2.06595206261,
        "min": -0.0148280207068,
        "var": 0.3878505826
    },
    "spectral_spread": {
        "dmean": 847812.75,
        "dmean2": 1101008.125,
        "dvar": 4.31296138445e+12,
        "dvar2": 5.05226146611e+12,
        "max": 41155844,
        "mean": 5613236,
        "median": 4460240,
        "min": 1901710.5,
        "var": 1.2397093847e+13
    },
    "spectral_strongpeak": {
        "dmean": 0.839231431484,
        "dmean2": 1.38391065598,
        "dvar": 1.4204608202,
        "dvar2": 3.40018558502,
        "max": 11.3301725388,
        "mean": 1.9370111227,
        "median": 1.56739127636,
        "min": 0,
        "var": 3.28912186623
    },
    "zerocrossingrate": {
        "dmean": 0.0147749735042,
        "dmean2": 0.016479305923,
        "dvar": 0.000897391000763,
        "dvar2": 0.00130184344016,
        "max": 0.517578125,
        "mean": 0.0844927206635,
        "median": 0.05810546875,
        "min": 0.0205078125,
        "var": 0.00674581155181
    },
    "barkbands": {
        "dmean": [3.34387004841e-05, 0.00196270528249, 0.000653031805996, 0.000572921300773, 0.000907652080059, 0.00241749966517, 0.00173551915213, 0.00118506711442, 0.00120745669119, 0.000860005791765, 0.000199155387236, 0.00100815691985, 0.000454591907328, 0.000561758992262, 0.000573017285205, 0.000305094639771, 0.000122653116705, 7.91944985394e-05, 4.84609154228e-05, 7.93604267528e-05, 2.77932413155e-05, 4.50371371699e-05, 0.000149462037371, 0.0001636264642, 0.000200722817681, 7.86922173575e-05, 1.8707705749e-05],
        "dmean2": [5.66239104955e-05, 0.00338670937344, 0.00106914085336, 0.000925886444747, 0.00150895561092, 0.00384948751889, 0.00274837878533, 0.00168585334904, 0.00189521384891, 0.00118975504301, 0.000308267772198, 0.00161587412003, 0.000709857500624, 0.000886168912984, 0.000896184239537, 0.000434485962614, 0.000191197323147, 0.000126209575683, 7.80475675128e-05, 0.000127707389765, 4.5845114073e-05, 6.71398593113e-05, 0.000206000389881, 0.000239204498939, 0.000270807358902, 0.000113834648801, 3.03242104565e-05],
        "dvar": [1.24643948496e-08, 6.10455026617e-05, 7.65001732361e-06, 1.27856799281e-06, 2.98747340821e-06, 1.56054720719e-05, 1.79750913958e-05, 7.84128860687e-06, 7.54453913032e-06, 2.67390919362e-06, 2.57414853877e-07, 4.06316985391e-06, 6.19519369138e-07, 2.18893001147e-06, 2.01781995202e-06, 1.0272824511e-06, 1.00870515496e-07, 1.81248882569e-08, 4.98372365598e-09, 1.97792715539e-08, 4.31232471954e-09, 1.46528513767e-08, 2.71900773896e-07, 3.07704738134e-07, 4.0575517346e-07, 5.20833722817e-08, 4.07842604133e-09],
        "dvar2": [3.35259322526e-08, 0.000168477505213, 2.06142103707e-05, 3.44758382198e-06, 7.93886920292e-06, 3.92338406527e-05, 4.10657994507e-05, 1.67560538102e-05, 2.05875076063e-05, 4.83539770357e-06, 6.28366763067e-07, 1.02858975879e-05, 1.38668394811e-06, 4.23011533712e-06, 5.08822631673e-06, 2.09386030292e-06, 1.87265058571e-07, 4.46407710797e-08, 1.30893100803e-08, 4.86006079825e-08, 1.16862501898e-08, 3.47367610232e-08, 6.16196189185e-07, 7.20138586985e-07, 8.10786161765e-07, 1.20282436455e-07, 9.78956471442e-09],
        "max": [0.000793108018115, 0.0899640768766, 0.0475778467953, 0.0128470659256, 0.0200569536537, 0.045609690249, 0.0612852089107, 0.0405422635376, 0.0381657294929, 0.0235805418342, 0.00832121167332, 0.0238032191992, 0.01226681564, 0.0267185717821, 0.0196472536772, 0.0203074999154, 0.00643177190796, 0.00226962636225, 0.000618081248831, 0.00146154803224, 0.000708273728378, 0.00241050403565, 0.0112385982648, 0.00905002653599, 0.0105165774003, 0.00310688233003, 0.000635463104118],
        "mean": [3.10208379233e-05, 0.00161670672242, 0.000849114439916, 0.00125676288735, 0.00168002210557, 0.00483576441184, 0.00373703963123, 0.00242723617703, 0.00209288601764, 0.00181158841588, 0.000312815478537, 0.00201387121342, 0.00111237040255, 0.00112220994197, 0.00125696638133, 0.000536530220415, 0.000250671611866, 0.000158423295943, 9.96702146949e-05, 0.000171242529177, 4.53386710433e-05, 9.64016580838e-05, 0.000304776389385, 0.000319507729728, 0.000417590461439, 0.000126134909806, 1.69789582287e-05],
        "median": [7.15376586413e-07, 0.000178227026481, 0.000219911089516, 0.000569260097109, 0.000816617859527, 0.00188356055878, 0.00059899588814, 0.00066392775625, 0.000513725040946, 0.000555744103622, 0.000103981263237, 0.000868245784659, 0.000273954501608, 0.000302569183987, 0.000237719490542, 0.000137426497531, 9.56729927566e-05, 9.21318351175e-05, 6.11833966104e-05, 6.66680934955e-05, 2.48085525527e-05, 2.50369539572e-05, 5.66568705835e-05, 5.16988620802e-05, 4.86618228024e-05, 2.17577126023e-05, 3.75840784272e-07],
        "min": [1.49414152422e-23, 2.21653032744e-23, 1.04884713482e-23, 9.29114694371e-24, 4.9424994544e-23, 2.88399532122e-23, 2.70284729829e-23, 2.62647846291e-23, 1.13960944738e-23, 1.44904755275e-23, 9.06720447885e-23, 7.01689313948e-23, 1.27123420263e-22, 8.24719808291e-23, 8.43505868106e-23, 1.80944774498e-22, 1.96086839666e-22, 1.83879980775e-22, 3.84948117338e-22, 2.55108554314e-22, 3.85262727689e-22, 3.57918965935e-22, 6.96847260468e-22, 9.32105928706e-22, 1.2202127745e-21, 1.45688821168e-21, 2.03965351299e-21],
        "var": [1.30275497057e-08, 4.23269630119e-05, 6.45384443487e-06, 2.74816284218e-06, 5.301038982e-06, 4.20776268584e-05, 6.52201342746e-05, 1.87505465874e-05, 1.7288582967e-05, 1.1147620171e-05, 4.71064453222e-07, 1.02718686321e-05, 4.26665292252e-06, 5.3230883168e-06, 8.11158861325e-06, 3.10740233544e-06, 3.43690601312e-07, 5.14999598522e-08, 1.14489768777e-08, 6.1565607723e-08, 4.75264583244e-09, 5.80658010563e-08, 8.88422221124e-07, 7.79102037995e-07, 1.38759389756e-06, 9.29494845536e-08, 3.89560472769e-09]
    },
    "erbbands": {
        "dmean": [0.0336062274873, 0.503990709782, 0.906128644943, 1.41845810413, 2.15486907959, 2.68846106529, 10.1719331741, 22.6860351562, 32.9597816467, 13.2823438644, 27.1929931641, 25.6116828918, 34.2054786682, 16.5069847107, 20.7643070221, 31.7132472992, 16.7377204895, 32.5324287415, 21.837064743, 24.6674633026, 14.291718483, 5.62288188934, 4.83988857269, 2.66210412979, 2.76991915703, 3.62829065323, 1.39808154106, 1.04044628143, 1.49431753159, 2.64067292213, 4.9674115181, 3.56515645981, 2.7622153759, 2.78870606422, 1.22398924828, 0.439765870571, 0.132528841496, 0.0412207767367, 0.00184668542352, 3.9540031139e-05],
        "dmean2": [0.0555274151266, 0.874887347221, 1.508852005, 2.2388689518, 3.66052079201, 4.56963920593, 16.73802948, 36.0125465393, 52.9963493347, 19.738073349, 38.8546562195, 40.5318107605, 51.8725624084, 23.9960746765, 34.0361099243, 49.9417381287, 26.5269851685, 49.9384918213, 34.2850608826, 38.5039558411, 19.6274337769, 8.21978282928, 7.57478284836, 4.31197309494, 4.43915128708, 5.75106954575, 2.30849456787, 1.70627045631, 2.20143055916, 3.94249272346, 6.98163986206, 5.21958637238, 3.8941257, 4.03113651276, 1.73235177994, 0.637387931347, 0.189817726612, 0.0608861669898, 0.00283876457252, 5.84468289162e-05],
        "dvar": [0.0159643664956, 4.17019176483, 16.372051239, 10.8704633713, 20.5115203857, 38.6466140747, 417.598419189, 1563.06774902, 5440.09619141, 573.930053711, 5220.36621094, 5360.34716797, 4572.86425781, 1114.15942383, 1618.28674316, 6018.00537109, 730.840270996, 6040.60009766, 2390.31494141, 4828.34082031, 1943.55603027, 273.371612549, 75.6882629395, 14.0503044128, 20.7805957794, 40.4602203369, 8.24575519562, 5.53996610641, 16.027097702, 45.8868370056, 365.040344238, 122.507110596, 108.163848877, 92.760925293, 12.3952960968, 1.74228870869, 0.144926205277, 0.0136488461867, 4.29146020906e-05, 1.00410852966e-08],
        "dvar2": [0.0419147647917, 11.5991983414, 44.8569488525, 28.7695789337, 57.9887046814, 110.043167114, 1033.43994141, 3962.6262207, 12696.3261719, 1167.26611328, 11214.1015625, 14476.5800781, 10340.6240234, 1726.36547852, 4518.83154297, 14044.5332031, 1748.86071777, 11112.6552734, 5663.20849609, 12531.6171875, 1841.90368652, 553.823852539, 177.031478882, 35.9652481079, 55.2380027771, 97.8329772949, 21.651725769, 14.3166971207, 35.6133499146, 88.8253173828, 876.168823242, 272.868774414, 239.3956604, 212.618057251, 22.6302146912, 3.99432039261, 0.326662927866, 0.0315254218876, 0.000102213227365, 2.30767582821e-08],
        "max": [1.02073764801, 25.0035362244, 67.1270523071, 40.5532836914, 42.9749526978, 72.1670379639, 288.849700928, 469.230621338, 1044.94104004, 400.908477783, 1069.28308105, 1166.48034668, 1012.41088867, 562.598266602, 431.672546387, 1230.31970215, 423.284851074, 1530.08496094, 689.430358887, 1142.7199707, 1376.42822266, 434.805603027, 116.093429565, 39.2282562256, 55.1084365845, 68.0852508545, 30.7001895905, 27.1312046051, 79.3147659302, 143.087463379, 402.175262451, 149.135375977, 181.821594238, 166.176010132, 55.4215660095, 17.7438755035, 4.88432693481, 0.97599029541, 0.0640561580658, 0.000939870369621],
        "mean": [0.0289606358856, 0.415861815214, 0.996866583824, 3.15769743919, 3.59565925598, 4.75672769547, 18.5100345612, 43.5736618042, 70.2653121948, 31.417137146, 56.9479179382, 46.9993667603, 69.336769104, 35.0819320679, 41.3469848633, 67.4002838135, 41.6023750305, 76.1957092285, 50.2200088501, 48.7623672485, 29.6310939789, 13.3172893524, 10.5943622589, 5.79895734787, 6.50647306442, 8.19251060486, 2.65267205238, 1.67621195316, 2.91822242737, 6.195333004, 9.23190593719, 6.713804245, 5.6381316185, 5.14508342743, 2.63792705536, 0.738661468029, 0.193878948689, 0.0497257038951, 0.00183257157914, 7.81514536357e-05],
        "median": [0.00211540958844, 0.0507144071162, 0.247210323811, 1.22139763832, 1.89273941517, 1.81908988953, 6.41581726074, 18.2735214233, 14.1061267853, 13.1226997375, 19.7530574799, 14.9483671188, 24.9816188812, 16.5907382965, 16.5845127106, 31.8242874146, 15.7922945023, 19.3408260345, 17.418138504, 8.55316448212, 8.51931095123, 5.49956846237, 5.77758312225, 3.65451383591, 3.62260842323, 3.31658005714, 1.4397302866, 0.889870882034, 0.821447134018, 1.58275306225, 1.56290698051, 1.29796278477, 0.750299692154, 0.442919880152, 0.360450983047, 0.129301086068, 0.0300973020494, 0.00318143377081, 9.602670616e-05, 4.57904388895e-05],
        "min": [7.85295657826e-22, 4.09062582944e-21, 8.80391832733e-21, 2.42652382561e-20, 1.10084801909e-19, 1.43491150107e-19, 1.77839618248e-19, 1.89464594857e-19, 3.66298090061e-19, 8.31489396364e-19, 8.00700079603e-19, 4.02050128605e-19, 3.42119652455e-19, 2.06144161996e-18, 2.50934317125e-18, 3.31135908841e-18, 5.40596858299e-18, 5.74330855322e-18, 5.93683448856e-18, 7.93950533959e-18, 1.08720492083e-17, 1.01920703488e-17, 1.0686668934e-17, 2.24826615157e-17, 1.35116462358e-17, 1.33238778911e-17, 1.57392684409e-17, 1.21198751505e-17, 1.18976059297e-17, 1.95333755114e-17, 1.86055187465e-17, 1.85497998605e-17, 1.48896960491e-17, 1.22934647924e-17, 7.7773407164e-18, 4.74646823395e-18, 2.77035463687e-18, 1.2242049727e-18, 2.598538005e-19, 3.25017066442e-20],
        "var": [0.0125294122845, 2.83148932457, 12.3781394958, 21.1349239349, 24.8668766022, 50.6276397705, 1207.92272949, 3818.57006836, 16088.015625, 3077.03930664, 10527.046875, 10754.0810547, 15131.3837891, 3659.47460938, 4465.25585938, 12568.4121094, 3624.08837891, 21601.984375, 8853.99804688, 10827.6025391, 10029.8603516, 980.23638916, 233.172225952, 35.9799575806, 56.1645545959, 137.476837158, 12.6253833771, 6.52031183243, 53.5935287476, 259.031402588, 923.690734863, 335.527740479, 279.917449951, 241.414520264, 50.1057052612, 3.71528625488, 0.226378425956, 0.0204165000468, 4.10958637076e-05, 1.38434037567e-08]
    },
    "gfcc": {
        "mean": [-4.01376676559, 76.196434021, -119.375762939, -3.60889935493, -69.9487075806, 14.1446352005, -52.7100563049, 8.75057125092, -28.9395904541, 4.40786027908, -14.8490381241, -0.607777774334, -15.9150285721],
        "cov": [[17556.8535156, -320.542938232, -429.613372803, -21.8222332001, -577.392150879, 536.080688477, -764.07989502, 209.271942139, -281.326263428, 151.731781006, -257.907714844, 99.15574646, -230.024597168], [-320.542938232, 1503.4876709, -634.145812988, 72.9261016846, 131.359680176, -302.602783203, 113.410774231, -82.8258590698, -7.32315731049, -24.0396823883, 122.338043213, -146.755523682, 1.22643685341], [-429.613372803, -634.145812988, 907.631103516, 104.428733826, 16.6643772125, 126.970153809, -2.44353199005, 118.677078247, 99.7023010254, 65.1067047119, 0.819303750992, 171.020950317, 46.494228363], [-21.8222332001, 72.9261016846, 104.428733826, 257.043426514, 46.9801330566, -26.8719902039, 27.9933872223, 38.1511688232, 84.1225280762, 10.4976186752, 19.2999420166, 38.3347969055, 60.4641418457], [-577.392150879, 131.359680176, 16.6643772125, 46.9801330566, 264.131011963, 20.4085388184, 85.0471038818, 35.0170021057, 17.2319469452, 19.8041858673, 11.084274292, -17.7278862, 35.950378418], [536.080688477, -302.602783203, 126.970153809, -26.8719902039, 20.4085388184, 301.647247314, 35.7579994202, 44.6317481995, 0.279179304838, 32.831943512, 3.59912967682, -6.2999920845, -17.2528438568], [-764.07989502, 113.410774231, -2.44353199005, 27.9933872223, 85.0471038818, 35.7579994202, 207.293914795, 12.4227571487, 22.1794109344, 5.66881036758, 45.0538139343, -14.4190893173, -3.92545342445], [209.271942139, -82.8258590698, 118.677078247, 38.1511688232, 35.0170021057, 44.6317481995, 12.4227571487, 131.257400513, 45.9587783813, 38.0902519226, 2.05271577835, 32.6586418152, 21.6568508148], [-281.326263428, -7.32315731049, 99.7023010254, 84.1225280762, 17.2319469452, 0.279179304838, 22.1794109344, 45.9587783813, 134.774719238, 27.4680480957, 21.880437851, 22.217124939, 24.3163013458], [151.731781006, -24.0396823883, 65.1067047119, 10.4976186752, 19.8041858673, 32.831943512, 5.66881036758, 38.0902519226, 27.4680480957, 77.6216278076, 21.3500804901, 12.2225961685, -4.73268699646], [-257.907714844, 122.338043213, 0.819303750992, 19.2999420166, 11.084274292, 3.59912967682, 45.0538139343, 2.05271577835, 21.880437851, 21.3500804901, 93.6384124756, 12.3416032791, -11.691608429], [99.15574646, -146.755523682, 171.020950317, 38.3347969055, -17.7278862, -6.2999920845, -14.4190893173, 32.6586418152, 22.217124939, 12.2225961685, 12.3416032791, 97.8223876953, 29.158952713], [-230.024597168, 1.22643685341, 46.494228363, 60.4641418457, 35.950378418, -17.2528438568, -3.92545342445, 21.6568508148, 24.3163013458, -4.73268699646, -11.691608429, 29.158952713, 98.8384780884]],
        "icov": [[0.000120713892102, -0.000155507965246, 0.000145341240568, -0.000217955093831, 0.000187148092664, -0.00044245182653, 0.000409871019656, -0.000241358051426, 0.000253287231317, -0.000259438646026, 0.000515156541951, -0.000597438833211, 0.000434143265011], [-0.000155507965246, 0.0019767372869, 0.000566959730349, -0.000290298747132, -0.000774379179347, 0.00214568246156, -0.000827516720165, 0.000139743700856, -7.12944747647e-05, 0.000128887375467, -0.00305928243324, 0.00277052400634, -0.00103835109621], [0.000145341240568, 0.000566959730349, 0.00253591546789, -0.000709162617568, -0.000236901993048, -0.00068594358163, 0.000329317146679, -0.000570653472096, -0.000405591592425, -0.000958133605309, 0.000552486395463, -0.00339608150534, 0.000797839893494], [-0.000217955093831, -0.000290298747132, -0.000709162617568, 0.00631176959723, -0.00064513226971, 0.000788161647506, -0.00096248841146, 0.000358839752153, -0.00328207178973, 0.00103923399001, -0.000832330959383, -0.000171204708749, -0.00296660210006], [0.000187148092664, -0.000774379179347, -0.000236901993048, -0.00064513226971, 0.00556881492957, -0.00102192768827, -0.00120786158368, -0.00129596632905, 0.00106930627953, -0.00156673172023, 0.00149590580259, 0.000689453212544, -0.00138121598866], [-0.00044245182653, 0.00214568246156, -0.00068594358163, 0.000788161647506, -0.00102192768827, 0.00713162776083, -0.00244952109642, -0.00045374626643, -3.3626180084e-05, -0.000233584840316, -0.00405218498781, 0.00569487549365, -0.00175943272188], [0.000409871019656, -0.000827516720165, 0.000329317146679, -0.00096248841146, -0.00120786158368, -0.00244952109642, 0.00800918322057, -0.00106114801019, 0.000220730697038, 0.000602796848398, -0.000917232129723, -0.00137211650144, 0.00223125400953], [-0.000241358051426, 0.000139743700856, -0.000570653472096, 0.000358839752153, -0.00129596632905, -0.00045374626643, -0.00106114801019, 0.0117132337764, -0.0028826885391, -0.00328764435835, 0.000942707236391, -0.00159726198763, -0.00159650901332], [0.000253287231317, -7.12944747647e-05, -0.000405591592425, -0.00328207178973, 0.00106930627953, -3.3626180084e-05, 0.000220730697038, -0.0028826885391, 0.011731358245, -0.00260364543647, -0.000972827197984, 0.000689678185154, -0.000294827797916], [-0.000259438646026, 0.000128887375467, -0.000958133605309, 0.00103923399001, -0.00156673172023, -0.000233584840316, 0.000602796848398, -0.00328764435835, -0.00260364543647, 0.0182505976409, -0.00468529295176, 0.00118801684584, 0.00109271483961], [0.000515156541951, -0.00305928243324, 0.000552486395463, -0.000832330959383, 0.00149590580259, -0.00405218498781, -0.000917232129723, 0.000942707236391, -0.000972827197984, -0.00468529295176, 0.0198388472199, -0.00941758602858, 0.00513179926202], [-0.000597438833211, 0.00277052400634, -0.00339608150534, -0.000171204708749, 0.000689453212544, 0.00569487549365, -0.00137211650144, -0.00159726198763, 0.000689678185154, 0.00118801684584, -0.00941758602858, 0.0248537138104, -0.00724276946858], [0.000434143265011, -0.00103835109621, 0.000797839893494, -0.00296660210006, -0.00138121598866, -0.00175943272188, 0.00223125400953, -0.00159650901332, -0.000294827797916, 0.00109271483961, 0.00513179926202, -0.00724276946858, 0.0160826072097]]
    },
    "melbands": {
        "dmean": [0.000436970469309, 0.000567939539906, 0.000260144501226, 0.000149449071614, 0.000305660854792, 0.000508978788275, 0.000468742160592, 0.000161090269103, 0.000208022203878, 0.000175134351593, 0.000172094078152, 7.10193198756e-05, 4.58819777123e-05, 0.000127889332362, 3.6081775761e-05, 5.27417687408e-05, 6.22231018497e-05, 3.12450538331e-05, 5.05183052155e-05, 2.27688851737e-05, 1.68610658875e-05, 6.01011697654e-06, 6.94596792528e-06, 3.72852332475e-06, 2.24635573431e-06, 1.84897578492e-06, 3.22933374264e-06, 2.49542449637e-06, 9.55543214332e-07, 6.7224061695e-07, 6.39807751668e-07, 8.82114022716e-07, 1.12293344046e-06, 1.89089826108e-06, 3.15952593155e-06, 2.60320553025e-06, 2.11521251003e-06, 1.92744391825e-06, 2.42538590101e-06, 2.58062937064e-06],
        "dmean2": [0.000746751669794, 0.00095396512188, 0.0004170978209, 0.00025107813417, 0.000506943615619, 0.000807872100268, 0.000751980114728, 0.000231504673138, 0.000296128418995, 0.000281041458948, 0.000258292828221, 0.000104702463432, 7.46198420529e-05, 0.000206060736673, 5.52482633793e-05, 8.24287053547e-05, 9.59128446993e-05, 4.9501300964e-05, 7.88421748439e-05, 3.32203890139e-05, 2.30243404076e-05, 9.19220201467e-06, 1.08414906208e-05, 5.98653105044e-06, 3.64846437151e-06, 3.02596504298e-06, 5.23122707818e-06, 3.95967526856e-06, 1.56280316332e-06, 1.12646773687e-06, 1.04353614461e-06, 1.40217923672e-06, 1.81240579877e-06, 2.8404740533e-06, 4.56290672446e-06, 4.03014928452e-06, 3.2175553315e-06, 2.8204674436e-06, 3.44091517945e-06, 3.86954434362e-06],
        "dvar": [2.86068461719e-06, 5.87904014537e-06, 2.95076716839e-07, 1.38031865049e-07, 3.42762461969e-07, 7.28512020487e-07, 1.065677111e-06, 7.77955335707e-08, 3.07361972318e-07, 2.04830655548e-07, 1.11785730894e-07, 2.21190852301e-08, 8.93596485696e-09, 5.91667301819e-08, 1.20646159729e-08, 8.52255155337e-09, 2.73110547511e-08, 6.58328813685e-09, 1.73237069134e-08, 6.33661478844e-09, 3.06599234889e-09, 4.49871168096e-10, 2.41422132286e-10, 3.8432781263e-11, 1.14117465477e-11, 7.94940849258e-12, 3.84266125864e-11, 1.96923519158e-11, 3.96886126394e-12, 2.31568540385e-12, 2.15166621499e-12, 6.57555043401e-12, 1.01304875946e-11, 2.4177673752e-11, 1.4977417917e-10, 8.5836032726e-11, 4.09044464966e-11, 8.03766289637e-11, 7.00468918979e-11, 8.13700010149e-11],
        "dvar2": [7.79359743319e-06, 1.61993502843e-05, 8.06729644864e-07, 3.7038711298e-07, 8.6979076741e-07, 1.83073734661e-06, 2.5235378871e-06, 1.53488144861e-07, 6.64203412271e-07, 5.77911180244e-07, 2.4959084044e-07, 3.46125119677e-08, 2.39805171276e-08, 1.51725259911e-07, 2.72114899502e-08, 1.89855313693e-08, 4.83395510287e-08, 1.50777950125e-08, 4.36140688009e-08, 1.48893963825e-08, 3.13597281476e-09, 8.65822358254e-10, 4.81951978326e-10, 8.89269838322e-11, 3.00329171254e-11, 2.1655561025e-11, 1.00462999031e-10, 4.66421172518e-11, 9.90104265935e-12, 6.57583492866e-12, 5.45218731274e-12, 1.49723566878e-11, 2.67125453701e-11, 5.26824521507e-11, 3.52170764772e-10, 2.03557060097e-10, 9.80174483245e-11, 2.05975472789e-10, 1.53622628507e-10, 2.00246000337e-10],
        "max": [0.0172806866467, 0.0366153046489, 0.00666863564402, 0.00466649001464, 0.00819777324796, 0.00971703976393, 0.014721814543, 0.0037752429489, 0.00834953505546, 0.00672797765583, 0.00486525334418, 0.00247528054751, 0.00130791997071, 0.00292536895722, 0.00206547020935, 0.00148637162056, 0.00347742321901, 0.00142106495332, 0.00171821506228, 0.00142242922448, 0.00165243668016, 0.000525910931174, 0.000331508199451, 0.000112230300147, 2.92410986731e-05, 3.00098308799e-05, 6.4432992076e-05, 5.04129420733e-05, 2.31402718782e-05, 1.88181129488e-05, 1.72571853909e-05, 3.69885638065e-05, 5.99668819632e-05, 9.3144546554e-05, 0.000255710212514, 0.000147725979332, 8.96294077393e-05, 0.000166604673723, 0.000158973532962, 0.000127672858071],
        "mean": [0.000365266343579, 0.000559490814339, 0.000545542687178, 0.000255670165643, 0.000548179028556, 0.000997971044853, 0.00103121961001, 0.000376221607439, 0.000426592392614, 0.00030577526195, 0.000343807361787, 0.000142919932841, 8.55449834489e-05, 0.000259727588855, 7.55151922931e-05, 0.000132569635753, 0.000135690614115, 6.31758302916e-05, 0.000109396365588, 3.64989282389e-05, 3.22396881529e-05, 1.13950445666e-05, 1.43459456012e-05, 7.37899335945e-06, 4.28912881034e-06, 3.78389745492e-06, 6.37368202661e-06, 5.27469182998e-06, 1.64967104865e-06, 1.01300486222e-06, 9.24247387957e-07, 1.40405450111e-06, 2.36184314417e-06, 3.90028799302e-06, 5.47418540009e-06, 5.07673848915e-06, 3.52056622432e-06, 3.62028868039e-06, 4.3698587433e-06, 4.37550534116e-06],
        "median": [3.40429105563e-05, 0.000128195664729, 0.000295502162771, 0.000143314580782, 0.000187629149877, 0.000385389430448, 0.000203414791031, 0.000129492080305, 0.000145198253449, 7.84870717325e-05, 0.000114043985377, 6.12421063124e-05, 3.14007556881e-05, 0.000114700502309, 2.99412895401e-05, 3.44211875927e-05, 3.13602395181e-05, 2.29368688451e-05, 1.49635034177e-05, 7.52433788875e-06, 9.67749292613e-06, 4.37241078544e-06, 5.38496533409e-06, 4.18647050537e-06, 2.5462099984e-06, 2.33576588471e-06, 2.50517291533e-06, 1.89378783944e-06, 7.59993554311e-07, 5.2070708989e-07, 4.34932815097e-07, 4.00941502221e-07, 4.90015111154e-07, 1.00429406302e-06, 8.96108474535e-07, 7.33317847335e-07, 6.98739370364e-07, 4.90090826588e-07, 4.18341301156e-07, 3.27911408249e-07],
        "min": [7.13699500349e-24, 5.74579107105e-24, 6.55661662488e-24, 9.45542643836e-24, 6.68125822563e-24, 4.36382864411e-24, 5.92753476285e-24, 8.88309838529e-24, 5.8492182299e-24, 1.92490028369e-24, 1.5271478392e-24, 7.64566908126e-24, 1.04978800922e-23, 6.19776222138e-24, 9.04676020185e-24, 1.44263253587e-23, 8.86380600299e-24, 9.86610348131e-24, 5.19447945579e-24, 9.05988053643e-24, 1.50592884164e-23, 9.47134644029e-24, 7.58467198948e-24, 1.13850109781e-23, 1.9997240561e-23, 1.16594738308e-23, 7.22122010462e-24, 8.35609749097e-24, 9.56931507611e-24, 8.09948734939e-24, 5.9796165431e-24, 5.89449016839e-24, 8.13568580975e-24, 1.10361743192e-23, 1.09512281992e-23, 1.15487934904e-23, 1.05553872633e-23, 1.0408749854e-23, 9.26001297036e-24, 1.04690275046e-23],
        "var": [2.06022968996e-06, 4.26141969001e-06, 4.98391159454e-07, 1.69392393445e-07, 9.54094389272e-07, 1.94765607375e-06, 3.51664925802e-06, 3.73231955564e-07, 5.82883387779e-07, 4.13044176639e-07, 3.75372962935e-07, 7.09333463078e-08, 2.13850182007e-08, 1.7241200112e-07, 2.27372431993e-08, 5.61823405576e-08, 8.10568678844e-08, 1.48511860587e-08, 7.17272001793e-08, 1.18048371078e-08, 1.33642830136e-08, 1.020102669e-09, 8.75839345493e-10, 1.14484546843e-10, 2.22370837022e-11, 1.62947814963e-11, 9.17923306809e-11, 6.73272201879e-11, 6.42077883917e-12, 2.5083867275e-12, 2.44423361759e-12, 1.33265941685e-11, 4.07900831167e-11, 1.03103039995e-10, 3.42144784726e-10, 2.58426946509e-10, 8.62594926043e-11, 1.31262237191e-10, 1.87005369523e-10, 1.78655992777e-10]
    },
    "mfcc": {
