{
"metadata": {
    "version": {
        "essentia": "2.0.1",
        "extractor": "archive-music 1.0"
    },
    "audio_properties": {
        "analysis_sample_rate": 44100,
        "bitrate": 128,
        "channels": 2,
        "equal_loudness": 0,
        "length": 15.5167350769,
        "replay_gain": -8.44143295288,
        "downmix": "mix"
    },
    "tags": {
        "track": 1,
        "year": 0,
        "album": "Summer Love ",
        "artist": "GYAKO",
        "comment": "",
        "genre": "Other",
        "title": "Summer Love GYAKO"
    }
},
"highlevel": {
    "culture": {
        "all": {
            "non_western": 7.06187847754e-06,
            "western": 0.999992966652
        },
        "probability": 0.999992966652,
        "value": "western"
    },
    "danceability": {
        "all": {
            "danceable": 0.999929487705,
            "not_danceable": 7.04841804691e-05
        },
        "probability": 0.999929487705,
        "value": "danceable"
    },
    "gender": {
        "all": {
            "female": 0.670812666416,
            "male": 0.329187333584
        },
        "probability": 0.670812666416,
        "value": "female"
    },
    "genre_dortmund": {
        "all": {
            "alternative": 0.0238387212157,
            "blues": 0.00229468150064,
            "electronic": 0.0462589897215,
            "folkcountry": 0.0116771217436,
            "funksoulrnb": 0.0459393784404,
            "jazz": 0.0539226271212,
            "pop": 0.106372252107,
            "raphiphop": 0.638090074062,
            "rock": 0.0716061666608
        },
        "probability": 0.638090074062,
        "value": "raphiphop"
    },
    "genre_electronic": {
        "all": {
            "ambient": 0.09141074121,
            "dnb": 0.0219759065658,
            "house": 0.230560868979,
            "techno": 0.0178013462573,
            "trance": 0.638251125813
        },
        "probability": 0.638251125813,
        "value": "trance"
    },
    "genre_rosamerica": {
        "all": {
            "cla": 0.000528685806785,
            "dan": 0.971623778343,
            "hip": 0.0133038684726,
            "jaz": 0.000405915197916,
            "pop": 0.0066704233177,
            "rhy": 0.00562601210549,
            "roc": 0.00154508976266,
            "spe": 0.000296229030937
        },
        "probability": 0.971623778343,
        "value": "dan"
    },
    "genre_tzanetakis": {
        "all": {
            "blu": 0.000202610783163,
            "cla": 0.000203821109608,
            "cou": 0.000338087033015,
            "dis": 0.0258259214461,
            "hip": 0.711789190769,
            "jaz": 0.00261145317927,
            "met": 0.00514161586761,
            "pop": 0.194160446525,
            "reg": 0.0573320612311,
            "roc": 0.00239480659366
        },
        "probability": 0.711789190769,
        "value": "hip"
    },
    "mirex_ballroom": {
        "all": {
            "ChaChaCha": 0.374253988266,
            "Jive": 0.1004171893,
            "Quickstep": 0.00624347943813,
            "Rumba-American": 0.00356464297511,
            "Rumba-International": 0.00407258979976,
            "Rumba-Misc": 0.00869447924197,
            "Samba": 0.494900226593,
            "Tango": 0.00232520722784,
            "VienneseWaltz": 0.0039624045603,
            "Waltz": 0.00156578433234
        },
        "probability": 0.494900226593,
        "value": "Samba"
    },
    "mood_acoustic": {
        "all": {
            "acoustic": 7.26620541514e-08,
            "not_acoustic": 0.999999940395
        },
        "probability": 0.999999940395,
        "value": "not_acoustic"
    },
    "mood_aggressive": {
        "all": {
            "aggressive": 4.76875747779e-08,
            "not_aggressive": 0.999999940395
        },
        "probability": 0.999999940395,
        "value": "not_aggressive"
    },
    "mood_electronic": {
        "all": {
            "electronic": 0.613563358784,
            "not_electronic": 0.386436671019
        },
        "probability": 0.613563358784,
        "value": "electronic"
    },
    "mood_happy": {
        "all": {
            "happy": 0.520440757275,
            "not_happy": 0.479559272528
        },
        "probability": 0.520440757275,
        "value": "happy"
    },
    "mood_party": {
        "all": {
            "not_party": 0.100353680551,
            "party": 0.899646341801
        },
        "probability": 0.899646341801,
        "value": "party"
    },
    "mood_relaxed": {
        "all": {
            "not_relaxed": 0.989634811878,
            "relaxed": 0.0103651722893
        },
        "probability": 0.989634811878,
        "value": "not_relaxed"
    },
    "mood_sad": {
        "all": {
            "not_sad": 0.89825630188,
            "sad": 0.101743675768
        },
        "probability": 0.89825630188,
        "value": "not_sad"
    },
    "moods_mirex": {
        "all": {
            "Cluster1": 0.265153437853,
            "Cluster2": 0.129259511828,
            "Cluster3": 0.0351662039757,
            "Cluster4": 0.121305800974,
            "Cluster5": 0.449115037918
        },
        "probability": 0.449115037918,
        "value": "Cluster5"
    },
    "timbre": {
        "all": {
            "bright": 0.971085727215,
            "dark": 0.0289142727852
        },
        "probability": 0.971085727215,
        "value": "bright"
    },
    "tonal_atonal": {
        "all": {
            "atonal": 0.445471942425,
            "tonal": 0.554528057575
        },
        "probability": 0.554528057575,
        "value": "tonal"
    },
    "voice_instrumental": {
        "all": {
            "instrumental": 0.112337037921,
            "voice": 0.887662947178
        },
        "probability": 0.887662947178,
        "value": "voice"
    }
},
"lowlevel": {
    "average_loudness": 0.937347352505,
    "barkbands_kurtosis": {
        "dmean": 13.8452663422,
        "dmean2": 14.0716190338,
        "dvar": 792.865722656,
        "dvar2": 978.344055176,
        "max": 325.356384277,
        "mean": 21.4197444916,
        "median": -0.0985237360001,
        "min": -1.9178173542,
        "var": 2588.33691406
    },
    "barkbands_skewness": {
        "dmean": 1.2136477232,
        "dmean2": 1.22152924538,
        "dvar": 2.0739364624,
        "dvar2": 2.05620765686,
        "max": 17.1523990631,
        "mean": 2.43808841705,
        "median": 0.891115546227,
        "min": -2.82761526108,
        "var": 13.9189319611
    },
    "barkbands_spread": {
        "dmean": 10.1429624557,
        "dmean2": 14.3166284561,
        "dvar": 148.108154297,
        "dvar2": 246.143966675,
        "max": 100.201629639,
        "mean": 33.2759399414,
        "median": 32.1781387329,
        "min": 0.954273700714,
        "var": 592.097900391
    },
    "dissonance": {
        "dmean": 0.0153914485127,
        "dmean2": 0.0264647845179,
        "dvar": 0.000325308006722,
        "dvar2": 0.000934035575483,
        "max": 0.499568730593,
        "mean": 0.468619048595,
        "median": 0.474365115166,
        "min": 0.288099497557,
        "var": 0.00050081894733
    },
    "dynamic_complexity": 3.08703327179,
    "erbbands_kurtosis": {
        "dmean": 0.621119260788,
        "dmean2": 0.982934832573,
        "dvar": 0.629675626755,
        "dvar2": 1.4223934412,
        "max": 10.6639814377,
        "mean": -0.453004807234,
        "median": -0.786512494087,
        "min": -1.78339409828,
        "var": 1.43315625191
    },
    "erbbands_skewness": {
        "dmean": 0.359936624765,
        "dmean2": 0.540285885334,
        "dvar": 0.120398417115,
        "dvar2": 0.277533739805,
        "max": 2.76816654205,
        "mean": 0.0693624392152,
        "median": 0.0150560503826,
        "min": -2.03626298904,
        "var": 0.446189731359
    },
    "erbbands_spread": {
        "dmean": 13.1666898727,
        "dmean2": 18.5169525146,
        "dvar": 223.302902222,
        "dvar2": 368.611114502,
        "max": 165.664825439,
        "mean": 62.5131607056,
        "median": 56.1655654907,
        "min": 6.22472429276,
        "var": 1123.53344727
    },
    "hfc": {
        "dmean": 30.8870048523,
        "dmean2": 49.7574081421,
        "dvar": 2947.58520508,
        "dvar2": 7464.37939453,
        "max": 319.7550354,
        "mean": 46.2232971191,
        "median": 29.2034797668,
        "min": 1.1296763274e-16,
        "var": 2880.55883789
    },
    "melbands_kurtosis": {
        "dmean": 41.7854003906,
        "dmean2": 47.0000228882,
        "dvar": 6375.85791016,
        "dvar2": 7290.50292969,
        "max": 887.455688477,
        "mean": 81.3153305054,
        "median": 5.49317026138,
        "min": -1.7472846508,
        "var": 26767.2441406
    },
    "melbands_skewness": {
        "dmean": 1.59581530094,
        "dmean2": 1.9178456068,
        "dvar": 5.59610271454,
        "dvar2": 6.38619613647,
        "max": 24.760093689,
        "mean": 5.01849365234,
        "median": 2.12137556076,
        "min": -0.382070958614,
        "var": 34.0865325928
    },
    "melbands_spread": {
        "dmean": 17.1190071106,
        "dmean2": 25.7518157959,
        "dvar": 672.248962402,
        "dvar2": 1423.08288574,
        "max": 201.200668335,
        "mean": 38.5313148499,
        "median": 32.1449890137,
        "min": 0.490525335073,
        "var": 1254.40490723
    },
    "pitch_salience": {
        "dmean": 0.0960460603237,
        "dmean2": 0.137122258544,
        "dvar": 0.0100015876815,
        "dvar2": 0.0196625739336,
        "max": 0.895326852798,
        "mean": 0.496578574181,
        "median": 0.550646424294,
        "min": 0.0294339898974,
        "var": 0.0404059663415
    },
    "silence_rate_20dB": {
        "dmean": 0.0627802684903,
        "dmean2": 0.125748500228,
        "dvar": 0.0588386431336,
        "dvar2": 0.109935894608,
        "max": 1,
        "mean": 0.929850757122,
        "median": 1,
        "min": 0,
        "var": 0.0652283802629
    },
    "silence_rate_30dB": {
        "dmean": 0.0627802684903,
        "dmean2": 0.125748500228,
        "dvar": 0.0588386431336,
        "dvar2": 0.10993591696,
        "max": 1,
        "mean": 0.791044771671,
        "median": 1,
        "min": 0,
        "var": 0.165293514729
    },
    "silence_rate_60dB": {
        "dmean": 0.0119581464678,
        "dmean2": 0.0239520967007,
        "dvar": 0.0118152005598,
        "dvar2": 0.0263727232814,
        "max": 1,
        "mean": 0.0776119381189,
        "median": 0,
        "min": 0,
        "var": 0.0715881288052
    },
    "spectral_centroid": {
        "dmean": 418.405395508,
        "dmean2": 622.618591309,
        "dvar": 442627.4375,
        "dvar2": 850874.5625,
        "max": 11426.1601562,
        "mean": 2037.05297852,
        "median": 2085.57080078,
        "min": 165.057525635,
        "var": 960077.5625
    },
    "spectral_complexity": {
        "dmean": 4.17339324951,
        "dmean2": 6.70359277725,
        "dvar": 28.4422912598,
        "dvar2": 63.0947685242,
        "max": 55,
        "mean": 18.2223873138,
        "median": 17,
        "min": 0,
        "var": 100.008758545
    },
    "spectral_crest": {
        "dmean": 2.8518102169,
        "dmean2": 4.13664054871,
        "dvar": 10.2194700241,
        "dvar2": 18.2316913605,
        "max": 26.1992015839,
        "mean": 11.3677511215,
        "median": 8.26550960541,
        "min": 2.19329738617,
        "var": 52.7984199524
    },
    "spectral_decrease": {
        "dmean": 8.09884248554e-09,
        "dmean2": 8.54910187087e-09,
        "dvar": 1.96102579789e-16,
        "dvar2": 2.26171640612e-16,
        "max": 3.08253302894e-29,
        "mean": -1.75026961813e-08,
        "median": -4.29159197068e-09,
        "min": -1.279748858e-07,
        "var": 8.82537497909e-16
    },
    "spectral_energy": {
        "dmean": 0.0320276245475,
        "dmean2": 0.0347281768918,
        "dvar": 0.00275212689303,
        "dvar2": 0.00320674595423,
        "max": 0.486216932535,
        "mean": 0.070251815021,
        "median": 0.0210279934108,
        "min": 1.0341428174e-20,
        "var": 0.0125520238653
    },
    "spectral_energyband_high": {
        "dmean": 0.00287173804827,
        "dmean2": 0.0046363864094,
        "dvar": 2.61654386122e-05,
        "dvar2": 6.62773600197e-05,
        "max": 0.0286004319787,
        "mean": 0.00373039953411,
        "median": 0.00185614207294,
        "min": 7.5447014424e-21,
        "var": 2.63938763965e-05
    },
    "spectral_energyband_low": {
        "dmean": 0.0279391855001,
        "dmean2": 0.0261129271239,
        "dvar": 0.00280673010275,
        "dvar2": 0.00277245929465,
        "max": 0.475059151649,
        "mean": 0.0545627884567,
        "median": 0.00374518358149,
        "min": 3.00830086722e-23,
        "var": 0.0128238433972
    },
    "spectral_energyband_middle_high": {
        "dmean": 0.001908248174,
        "dmean2": 0.0032437692862,
        "dvar": 1.1977669601e-05,
        "dvar2": 3.295258648e-05,
        "max": 0.0284497253597,
        "mean": 0.00486604357138,
        "median": 0.00302725005895,
        "min": 1.35633921815e-21,
        "var": 2.71376411547e-05
    },
    "spectral_energyband_middle_low": {
        "dmean": 0.00709189940244,
        "dmean2": 0.0117427771911,
        "dvar": 0.0004298206768,
        "dvar2": 0.00114399020094,
        "max": 0.186673909426,
        "mean": 0.00956672057509,
        "median": 0.00586285348982,
        "min": 1.66749481254e-22,
        "var": 0.00035050403676
    },
    "spectral_flatness_db": {
        "dmean": 0.029692651704,
        "dmean2": 0.0361638963223,
        "dvar": 0.00110940029845,
        "dvar2": 0.00135114369914,
        "max": 0.365490972996,
        "mean": 0.135330572724,
        "median": 0.110568374395,
        "min": 0.0258017666638,
        "var": 0.00698927557096
    },
    "spectral_flux": {
        "dmean": 0.0412411130965,
        "dmean2": 0.0625024437904,
        "dvar": 0.00245231972076,
        "dvar2": 0.00509223574772,
        "max": 0.421878516674,
        "mean": 0.119728453457,
        "median": 0.0872845873237,
        "min": 6.56957682699e-11,
        "var": 0.00825955439359
    },
    "spectral_kurtosis": {
        "dmean": 0.879879593849,
        "dmean2": 1.3437384367,
        "dvar": 1.07239449024,
        "dvar2": 2.55686330795,
        "max": 9.81042098999,
        "mean": 2.08148765564,
        "median": 1.81665325165,
        "min": -1.24079251289,
        "var": 3.09913897514
    },
    "spectral_rms": {
        "dmean": 0.00153450167272,
        "dmean2": 0.00177702365909,
        "dvar": 3.72485169464e-06,
        "dvar2": 4.12196641264e-06,
        "max": 0.0217797607183,
        "mean": 0.00641955342144,
        "median": 0.00452936114743,
        "min": 3.17634980818e-12,
        "var": 2.73276928056e-05
    },
    "spectral_rolloff": {
        "dmean": 1860.54785156,
        "dmean2": 2988.18505859,
        "dvar": 8252068,
        "dvar2": 14471967,
        "max": 18841.5527344,
        "mean": 4018.18994141,
        "median": 3273.046875,
        "min": 64.599609375,
        "var": 15815701
    },
    "spectral_skewness": {
        "dmean": 0.170516818762,
        "dmean2": 0.258983880281,
        "dvar": 0.0360878445208,
        "dvar2": 0.0869518816471,
        "max": 2.29471993446,
        "mean": 1.10046565533,
        "median": 1.08141922951,
        "min": -0.0534218586981,
        "var": 0.0761785358191
    },
    "spectral_spread": {
        "dmean": 1329448.375,
        "dmean2": 1716988,
        "dvar": 4.78955647795e+12,
        "dvar2": 7.1870274601e+12,
        "max": 41378356,
        "mean": 6896489.5,
        "median": 6061533,
        "min": 2774198.5,
        "var": 1.18100370391e+13
    },
    "spectral_strongpeak": {
        "dmean": 0.487913489342,
        "dmean2": 0.823654711246,
        "dvar": 0.624384284019,
        "dvar2": 1.75205695629,
        "max": 11.577507019,
        "mean": 1.16980040073,
        "median": 0.758322000504,
        "min": 0,
        "var": 1.48747515678
    },
    "zerocrossingrate": {
        "dmean": 0.0336111225188,
        "dmean2": 0.036433968693,
        "dvar": 0.00177275098395,
        "dvar2": 0.00245676422492,
        "max": 0.5068359375,
        "mean": 0.118758015335,
        "median": 0.112060546875,
        "min": 0.0029296875,
        "var": 0.00726034585387
    },
    "barkbands": {
        "dmean": [0.00217877840623, 0.0259808115661, 0.0029133213684, 0.00461002951488, 0.00181389634963, 0.000545889604837, 0.000524253526237, 0.000344400294125, 0.000741779105738, 0.000393638154492, 0.000602901389357, 0.000256871193415, 0.000239463392063, 0.00035638542613, 0.000351621303707, 0.000257738254732, 0.000207165343454, 0.000144136065501, 0.000177563968464, 0.000209969672142, 0.00020367653633, 0.000200344235054, 0.00027958402643, 0.00076879496919, 0.000912298331968, 0.000610257557128, 2.30112673307e-05],
        "dmean2": [0.00230163987726, 0.0220774970949, 0.00450857775286, 0.00818164646626, 0.00327941356227, 0.000925314088818, 0.000899658480193, 0.000627272063866, 0.0010837034788, 0.00064548838418, 0.00104155275039, 0.000445674057119, 0.000399322918383, 0.00060958636459, 0.000578598701395, 0.000471784849651, 0.000352484901669, 0.000246768555371, 0.000298988568829, 0.000350528280251, 0.00033182738116, 0.000330090784701, 0.000458706199424, 0.00131242710631, 0.0014880055096, 0.000955089752097, 3.95528986701e-05],
        "dvar": [2.69688243861e-05, 0.00271938880906, 6.805708108e-05, 0.00025185328559, 4.55331610283e-05, 1.41372345297e-06, 8.60485044996e-07, 9.77187028184e-07, 1.38461427923e-06, 4.39834138888e-07, 2.112664788e-06, 3.75361679517e-07, 1.44185591466e-07, 3.85066954323e-07, 4.80995311136e-07, 2.36101101336e-07, 1.02848979111e-07, 6.7940959525e-08, 6.64442296738e-08, 8.75344738915e-08, 7.92330894228e-08, 1.18932440785e-07, 2.21107171683e-07, 2.23236133934e-06, 2.8772517453e-06, 1.21529024e-06, 2.03309857838e-09],
        "dvar2": [2.88208666461e-05, 0.0025076107122, 0.000130047657876, 0.000695417169482, 0.000127511535538, 3.96914947487e-06, 2.22720814236e-06, 2.79421897176e-06, 3.19613172906e-06, 1.09978714136e-06, 5.89987257626e-06, 9.36925516726e-07, 3.79419873298e-07, 1.04706168713e-06, 1.18652383208e-06, 6.70693907523e-07, 2.78582746205e-07, 1.98425780695e-07, 1.69554340346e-07, 2.17868262098e-07, 1.96414148945e-07, 3.19879291055e-07, 5.61942727018e-07, 5.86568239669e-06, 7.21430842532e-06, 2.96850112136e-06, 5.38524025373e-09],
        "max": [0.0382140763104, 0.44546058774, 0.0608214586973, 0.147639960051, 0.0506436489522, 0.0117415720597, 0.00896606128663, 0.0070438683033, 0.0115843527019, 0.00517474487424, 0.0235987044871, 0.00789333600551, 0.00382098066621, 0.00588864414021, 0.00741674099118, 0.00367916445248, 0.00250950665213, 0.00335199479014, 0.00263300398365, 0.00228861044161, 0.00228950986639, 0.00277486606501, 0.00327357859351, 0.00793301872909, 0.00831180531532, 0.0055983401835, 0.0003843314189],
        "mean": [0.00322194537148, 0.0457047373056, 0.00321386358701, 0.00467531895265, 0.00173436827026, 0.000881683197804, 0.000750897626858, 0.000300781975966, 0.00115692254622, 0.000577106431592, 0.001316681155, 0.000308037619106, 0.000356960488716, 0.000442699703854, 0.000462077267002, 0.00033976114355, 0.000311902113026, 0.000226244796067, 0.000376501178835, 0.00044405576773, 0.000468272599392, 0.000383531209081, 0.000399818702135, 0.000733480148483, 0.000872682547197, 0.000569876574446, 2.15898162423e-05],
        "median": [2.73100249615e-06, 0.000762829789892, 0.000360720558092, 0.00102609430905, 0.000503516173922, 0.000497285043821, 0.000287066359306, 8.06362513686e-05, 0.000422053039074, 0.000183166746865, 6.00622042839e-05, 8.54187237564e-05, 0.000183367956197, 0.000204204727197, 0.000161350078997, 0.000187239551451, 0.000165898716659, 0.000148270104546, 0.000257424049778, 0.0003111162805, 0.000310422154143, 0.000251144374488, 0.000216699583689, 0.000186046381714, 0.000161113741342, 0.000104404127342, 6.43374278297e-06],
        "min": [3.02578940073e-25, 3.73159686048e-24, 6.22426755336e-24, 9.97943754984e-24, 4.04869417415e-23, 1.76019291088e-23, 1.53094977405e-23, 1.69750134589e-23, 3.24427914069e-23, 6.57119177674e-23, 2.31070359567e-23, 1.92405146936e-23, 5.90197708947e-23, 1.2420809328e-22, 1.04317950054e-22, 9.23798087414e-23, 1.3303288459e-22, 1.50105601627e-22, 1.57390549071e-22, 2.62720620288e-22, 3.0621164533e-22, 5.07052375382e-22, 6.39826071832e-22, 6.79302489065e-22, 1.13322734178e-21, 1.70624419032e-21, 1.90405688095e-21],
        "var": [7.32376720407e-05, 0.0110876755789, 8.12228172435e-05, 0.00017881594249, 2.89779709419e-05, 1.47265222949e-06, 1.27831685859e-06, 6.10900883657e-07, 2.73750379165e-06, 7.91288755408e-07, 1.3785002011e-05, 4.92032768307e-07, 2.54215677842e-07, 4.65409783601e-07, 8.37049299207e-07, 2.30133721857e-07, 1.53631873445e-07, 7.1722439543e-08, 1.33447869644e-07, 1.67998877032e-07, 2.12579379877e-07, 1.80935060712e-07, 2.62468915935e-07, 1.83327233572e-06, 2.65055700766e-06, 1.16372143566e-06, 1.65273950081e-09]
    },
    "erbbands": {
        "dmean": [1.27459359169, 4.01545381546, 3.91285920143, 10.0217161179, 12.4224033356, 3.71463060379, 3.97757983208, 4.58644008636, 8.12363910675, 6.80901288986, 7.40446567535, 17.0123691559, 13.1788787842, 14.900894165, 22.808511734, 9.28524112701, 10.1083526611, 12.9737405777, 17.8855266571, 16.6556129456, 13.5252838135, 12.3581533432, 7.96024179459, 7.40671253204, 8.60737037659, 10.7401866913, 9.3000125885, 8.4404964447, 7.49393606186, 6.03070402145, 8.27539825439, 13.4879426956, 13.5717153549, 8.48718452454, 7.53298187256, 3.16464781761, 1.04396378994, 0.135503962636, 0.00322673423216, 0.000139718744322],
        "dmean2": [1.25989890099, 3.67849779129, 5.41772079468, 17.4153137207, 21.9727783203, 6.47693872452, 6.71876382828, 7.78359985352, 13.9393577576, 12.3680849075, 12.2400445938, 24.9368534088, 21.2441673279, 24.6325149536, 36.9767417908, 15.9575395584, 16.9988384247, 22.6919059753, 29.7673377991, 27.7138061523, 24.7546977997, 21.3678245544, 13.6257591248, 12.1988286972, 14.6694116592, 18.0540733337, 15.6116819382, 13.9151954651, 12.5336122513, 9.89052009583, 13.5659065247, 22.683599472, 23.145816803, 13.847401619, 12.4838781357, 4.97701883316, 1.59966826439, 0.221475824714, 0.00531376618892, 0.000214434039663],
        "dvar": [8.26663780212, 65.4449920654, 100.452987671, 1001.59259033, 2045.13708496, 174.751251221, 129.53553772, 78.8013305664, 216.421615601, 313.109100342, 258.374145508, 816.584472656, 424.629119873, 637.863525391, 2972.73779297, 447.06628418, 270.553985596, 588.317016602, 1105.8392334, 1203.45629883, 776.444335938, 441.284973145, 190.525299072, 107.625930786, 163.930007935, 276.320404053, 194.200149536, 124.067100525, 167.916671753, 88.703338623, 189.167907715, 640.647521973, 719.342041016, 246.587203979, 206.671218872, 32.4733505249, 3.5745177269, 0.0646716207266, 3.86640094803e-05, 4.60782167977e-08],
        "dvar2": [7.57209014893, 69.6916275024, 207.269744873, 2743.22021484, 5675.37744141, 490.618255615, 363.174316406, 217.384384155, 535.132568359, 918.072387695, 691.439575195, 1872.48461914, 998.951599121, 1650.88684082, 6504.93261719, 1099.06140137, 692.630493164, 1595.10705566, 2899.5637207, 3125.70605469, 2270.39428711, 1197.70922852, 546.999084473, 285.891784668, 417.686004639, 699.667297363, 504.308898926, 312.806030273, 447.895690918, 221.025466919, 479.677337646, 1669.13806152, 1909.46447754, 621.835266113, 519.725036621, 78.8386993408, 8.7402639389, 0.164729773998, 0.000100122641015, 1.16745887624e-07],
        "max": [21.8103313446, 74.8856048584, 76.6213226318, 277.697723389, 373.959442139, 109.140937805, 104.070022583, 85.4966278076, 133.942428589, 127.181381226, 145.752975464, 288.225860596, 243.224441528, 274.069396973, 1044.65344238, 282.212036133, 168.474502563, 222.848815918, 384.574401855, 405.699920654, 236.871185303, 162.070343018, 150.909881592, 99.8602218628, 131.650054932, 118.727653503, 113.750495911, 91.3699111938, 99.7837753296, 80.2636871338, 89.9503250122, 135.035369873, 152.032211304, 83.3956222534, 75.6246490479, 28.3613700867, 10.6664085388, 1.46268928051, 0.047648396343, 0.00114283943549],
        "mean": [2.08765268326, 7.10078620911, 4.73116207123, 10.6629543304, 10.9445381165, 4.3783082962, 5.60597038269, 7.7423377037, 11.8173723221, 7.32771682739, 9.84021759033, 26.0661258698, 19.6154079437, 25.601398468, 45.8151893616, 13.6845502853, 16.4584064484, 17.4915599823, 25.3862609863, 23.9387760162, 18.4434299469, 18.7344760895, 13.2192440033, 16.4785747528, 18.1270656586, 21.7901973724, 19.5994567871, 18.0624370575, 14.65239048, 11.2516946793, 11.2981462479, 13.5684614182, 12.8308591843, 8.5877866745, 6.75279140472, 2.95391511917, 0.981099307537, 0.13093842566, 0.00312140630558, 0.000189553713426],
        "median": [0.0123571511358, 0.211619183421, 0.726936221123, 3.18584299088, 3.7042222023, 2.09729480743, 3.36067962646, 4.85581254959, 4.62619447708, 2.69050073624, 3.76102733612, 9.60839080811, 8.18047809601, 8.64087486267, 4.31897735596, 5.57608413696, 9.17271232605, 8.21607780457, 11.3716974258, 9.40607643127, 10.9024744034, 9.43637466431, 8.44957542419, 11.4645271301, 13.5794467926, 14.6269407272, 13.3941192627, 11.4102315903, 9.73576831818, 6.72087669373, 5.8821849823, 4.30387592316, 3.00012993813, 1.76838254929, 1.02109074593, 0.485198885202, 0.18506424129, 0.0385062582791, 0.000916118151508, 8.08085824247e-05],
        "min": [8.60372534674e-23, 1.05467153785e-21, 4.16459750585e-21, 2.61724889508e-20, 4.03713834386e-20, 1.73819778965e-19, 1.74012563746e-19, 1.49183018676e-19, 2.43639328585e-19, 2.30269453248e-19, 4.21590021679e-19, 9.77985254196e-19, 1.42870728458e-18, 1.84225468086e-18, 9.42707655432e-19, 9.95913876985e-19, 2.58707291982e-18, 7.37816568666e-18, 5.18633848188e-18, 5.40716592692e-18, 4.90041357698e-18, 9.72416157324e-18, 1.03580557192e-17, 7.71250381845e-18, 7.82863087747e-18, 1.28712843646e-17, 1.19749737867e-17, 1.55814192189e-17, 1.74194377011e-17, 1.34216274785e-17, 1.9008777567e-17, 1.38294308292e-17, 1.17353023402e-17, 1.07783321264e-17, 9.03676869395e-18, 5.89821673448e-18, 3.37350806297e-18, 1.20015355902e-18, 3.16019958629e-19, 2.61458430722e-20],
        "var": [27.1983413696, 256.856567383, 141.789169312, 754.523620605, 1355.16479492, 117.191978455, 98.1385269165, 94.0046844482, 334.329071045, 210.137893677, 260.30859375, 1428.3347168, 764.568969727, 1865.89794922, 16840.4101562, 624.450195312, 537.436462402, 680.044677734, 1673.68432617, 1881.56640625, 716.919555664, 609.327880859, 214.599182129, 228.255523682, 292.554901123, 467.540252686, 361.437225342, 331.701385498, 261.929626465, 151.512985229, 218.3697052, 550.871643066, 588.698303223, 239.056884766, 178.460861206, 31.4058856964, 3.45395755768, 0.0568208880723, 3.2761516195e-05, 5.18438270092e-08]
    },
    "gfcc": {
        "mean": [8.42426586151, 26.5711402893, -108.770614624, 27.0938262939, -64.465171814, 14.1936073303, -38.169921875, 11.9403600693, -29.04413414, 9.13279628754, -21.2957401276, 3.00102257729, -11.5185718536],
        "cov": [[21084.7324219, 192.697235107, 1149.47705078, 1368.97631836, 54.5044593811, 720.929199219, -622.329101562, 245.673675537, -278.26184082, -25.9996318817, -903.054626465, -147.298751831, -442.61151123], [192.697235107, 1165.83544922, 215.578475952, 582.454101562, 429.800415039, 94.2470397949, 337.540374756, 7.28448343277, 229.728088379, 24.2696094513, 57.1205329895, -3.22703027725, 56.7557220459], [1149.47705078, 215.578475952, 2725.14868164, 1257.70727539, 891.764953613, 669.240234375, 81.4652328491, 272.799499512, 315.401702881, 176.427078247, -268.380615234, -50.9014778137, -164.215682983], [1368.97631836, 582.454101562, 1257.70727539, 1083.19641113, 647.237731934, 401.974822998, 184.250579834, 117.582923889, 270.828979492, 101.128166199, -115.416885376, -40.6794013977, -55.0561637878], [54.5044593811, 429.800415039, 891.764953613, 647.237731934, 587.143127441, 297.051025391, 211.105026245, 82.4342498779, 208.950866699, 66.5465393066, -45.2534408569, -2.83182096481, 2.70927214622], [720.929199219, 94.2470397949, 669.240234375, 401.974822998, 297.051025391, 322.468078613, 93.8300323486, 97.3933868408, 103.556404114, 67.245880127, -52.4106407166, -16.0962047577, -33.1318855286], [-622.329101562, 337.540374756, 81.4652328491, 184.250579834, 211.105026245, 93.8300323486, 250.03024292, 47.381362915, 141.023956299, 34.0940818787, 72.6527404785, 21.5790271759, 53.9343528748], [245.673675537, 7.28448343277, 272.799499512, 117.582923889, 82.4342498779, 97.3933868408, 47.381362915, 129.151092529, 87.2848052979, 54.8947601318, -11.359205246, 0.0614082217216, 2.77365088463], [-278.26184082, 229.728088379, 315.401702881, 270.828979492, 208.950866699, 103.556404114, 141.023956299, 87.2848052979, 203.031646729, 89.8891448975, 51.7839546204, 21.014667511, 34.8935203552], [-25.9996318817, 24.2696094513, 176.427078247, 101.128166199, 66.5465393066, 67.245880127, 34.0940818787, 54.8947601318, 89.8891448975, 108.287185669, 54.4709510803, 29.9467906952, 12.2562828064], [-903.054626465, 57.1205329895, -268.380615234, -115.416885376, -45.2534408569, -52.4106407166, 72.6527404785, -11.359205246, 51.7839546204, 54.4709510803, 202.106292725, 73.0854873657, 89.9764022827], [-147.298751831, -3.22703027725, -50.9014778137, -40.6794013977, -2.83182096481, -16.0962047577, 21.5790271759, 0.0614082217216, 21.014667511, 29.9467906952, 73.0854873657, 84.1730575562, 53.9415283203], [-442.61151123, 56.7557220459, -164.215682983, -55.0561637878, 2.70927214622, -33.1318855286, 53.9343528748, 2.77365088463, 34.8935203552, 12.2562828064, 89.9764022827, 53.9415283203, 102.863143921]],
        "icov": [[0.000112047717266, -0.00016355374828, 0.000183087773621, -0.000273049867246, 0.0002048832539, -0.00044472728041, 0.000482411065605, -0.000394559145207, 0.000200788199436, -4.15987124143e-05, 0.000466215162305, -0.000574167061131, 0.000157703267178], [-0.00016355374828, 0.00258379778825, 5.00261048728e-05, -0.00120742130093, -0.000802983297035, 0.0022449940443, -0.00310621433891, 0.00109205755871, -0.000223299313802, 0.000240327455685, -0.000899430247955, 0.00135551125277, -0.000229262019275], [0.000183087773621, 5.00261048728e-05, 0.00207244302146, -0.00107098359149, -0.00164760299958, -0.00156473612878, 0.00250262953341, -0.00219001504593, -0.0003321528784, 5.72329445276e-05, 0.00106220773887, -0.00212462176569, 0.00207264628261], [-0.000273049867246, -0.00120742130093, -0.00107098359149, 0.00571039924398, -0.00242556119338, -0.00146498496179, 0.00120648520533, 0.00241734273732, -0.00383424991742, 8.25875686132e-05, 2.67169343715e-05, 0.00177610886749, 6.82430254528e-05], [0.0002048832539, -0.000802983297035, -0.00164760299958, -0.00242556119338, 0.0104738753289, -0.00295342691243, -0.00374093023129, 0.00327116041444, -0.00132496654987, 0.000487536046421, 0.00284893042408, -0.00122312596068, -0.00341702764854], [-0.00044472728041, 0.0022449940443, -0.00156473612878, -0.00146498496179, -0.00295342691243, 0.0126534197479, -0.00632587587461, -0.00192713167053, 0.00488967262208, -0.00367672438733, -0.00234895199537, 0.00375381344929, -4.66537094326e-05], [0.000482411065605, -0.00310621433891, 0.00250262953341, 0.00120648520533, -0.00374093023129, -0.00632587587461, 0.0170547701418, -0.00443850504234, -0.00614406866953, 0.00518518360332, -0.00134522118606, -0.0033523987513, 0.00207013194449], [-0.000394559145207, 0.00109205755871, -0.00219001504593, 0.00241734273732, 0.00327116041444, -0.00192713167053, -0.00443850504234, 0.0190953034908, -0.00777498399839, -0.00376508454792, 0.00320055009797, 0.00384966447018, -0.00512951612473], [0.000200788199436, -0.000223299313802, -0.0003321528784, -0.00383424991742, -0.00132496654987, 0.00488967262208, -0.00614406866953, -0.00777498399839, 0.0229300521314, -0.0106808943674, -0.0012978388695, 0.001801125356, -0.00286931404844], [-4.15987124143e-05, 0.000240327455685, 5.72329445276e-05, 8.25875686132e-05, 0.000487536046421, -0.00367672438733, 0.00518518360332, -0.00376508454792, -0.0106808943674, 0.0248891618103, -0.00792728830129, -0.00544556649402, 0.0064570819959], [0.000466215162305, -0.000899430247955, 0.00106220773887, 2.67169343715e-05, 0.00284893042408, -0.00234895199537, -0.00134522118606, 0.00320055009797, -0.0012978388695, -0.00792728830129, 0.016798492521, -0.00609955005348, -0.00611072871834], [-0.000574167061131, 0.00135551125277, -0.00212462176569, 0.00177610886749, -0.00122312596068, 0.00375381344929, -0.0033523987513, 0.00384966447018, 0.001801125356, -0.00544556649402, -0.00609955005348, 0.0258250571787, -0.010933874175], [0.000157703267178, -0.000229262019275, 0.00207264628261, 6.82430254528e-05, -0.00341702764854, -4.66537094326e-05, 0.00207013194449, -0.00512951612473, -0.00286931404844, 0.0064570819959, -0.00611072871834, -0.010933874175, 0.024282861501]]
    },
    "melbands": {
        "dmean": [0.00887590739876, 0.00250498368405, 0.00186300114729, 0.000531362427864, 0.000131406399305, 0.000106332605355, 0.000113408190373, 7.82678616815e-05, 7.17225266271e-05, 0.000104451137304, 6.81226883898e-05, 6.35892356513e-05, 9.0282970632e-05, 3.06001275021e-05, 2.98334944091e-05, 2.01075981749e-05, 2.55921040662e-05, 3.29950416926e-05, 2.3627135306e-05, 1.81666473509e-05, 1.64918637893e-05, 1.43886818478e-05, 7.95426421973e-06, 8.36645813251e-06, 6.33597483102e-06, 7.69167490944e-06, 6.46998205411e-06, 8.08831646282e-06, 7.28359873392e-06, 4.58915383206e-06, 5.26842040927e-06, 4.50964398624e-06, 4.14182022723e-06, 3.52778715751e-06, 3.99272630602e-06, 9.04413809621e-06, 6.9558004725e-06, 8.58777912072e-06, 9.44742350839e-06, 7.02744955561e-06],
        "dmean2": [0.00809093657881, 0.00302007026039, 0.00321963988245, 0.0009460982983, 0.000223452283535, 0.000180353745236, 0.000195766930119, 0.000143917975947, 0.000110440290882, 0.000155509522301, 0.000108952495793, 0.000102359634184, 0.000153652072186, 5.28261516592e-05, 4.97543187521e-05, 3.35153163178e-05, 4.46109261247e-05, 5.54505822947e-05, 3.84409722756e-05, 3.17880476359e-05, 3.0317934943e-05, 2.48637079494e-05, 1.34680512929e-05, 1.42620538099e-05, 1.05610970422e-05, 1.29989512061e-05, 1.09673010229e-05, 1.36238804771e-05, 1.21486691569e-05, 7.67182154959e-06, 8.67874132382e-06, 7.64795458963e-06, 6.97538098393e-06, 5.80402547712e-06, 6.5926701609e-06, 1.50128880705e-05, 1.17301124192e-05, 1.4921226466e-05, 1.56329442689e-05, 1.15280963655e-05],
        "dvar": [0.000351863825927, 2.66113911493e-05, 3.76827520085e-05, 3.68917585547e-06, 1.56526397177e-07, 4.20199341988e-08, 4.13518144171e-08, 4.71286654147e-08, 1.65595270829e-08, 3.00946183529e-08, 1.12860893964e-08, 1.06553255108e-08, 4.90682303678e-08, 4.89109641677e-09, 4.57396209796e-09, 1.14527665129e-09, 2.24497731516e-09, 3.79450559862e-09, 2.3312054509e-09, 1.13748910291e-09, 1.17349674422e-09, 6.64736155009e-10, 1.62204541465e-10, 2.77744133248e-10, 8.55518433873e-11, 1.30909283413e-10, 7.55502188587e-11, 1.49435963603e-10, 1.15633842779e-10, 4.63410976259e-11, 4.80994410967e-11, 6.21084156327e-11, 4.71118838385e-11, 2.81176176092e-11, 3.9547268238e-11, 2.750179251e-10, 1.61565039125e-10, 2.85326873239e-10, 3.34153482662e-10, 1.69836394948e-10],
        "dvar2": [0.000316336168908, 4.55759909528e-05, 0.000102551093732, 1.01725690911e-05, 4.40615707475e-07, 1.17231337526e-07, 1.03628870818e-07, 1.37227274877e-07, 3.95487802507e-08, 7.15582331168e-08, 2.67182880265e-08, 2.53500811453e-08, 1.23890359305e-07, 1.31720554464e-08, 9.39642230691e-09, 2.99555669159e-09, 6.10740347184e-09, 1.0038678333e-08, 5.27845411824e-09, 3.10862691144e-09, 3.44600326052e-09, 1.78471482037e-09, 4.6032888612e-10, 8.21024026543e-10, 2.27237950678e-10, 3.30311389352e-10, 2.01297103986e-10, 3.74304642836e-10, 3.15767301196e-10, 1.22147458814e-10, 1.20058366027e-10, 1.67890562563e-10, 1.24366059118e-10, 7.0356699633e-11, 1.01382978401e-10, 7.06451286359e-10, 4.22509138787e-10, 7.61759322288e-10, 8.69906646717e-10, 4.26310403645e-10],
        "max": [0.152369454503, 0.0449568368495, 0.055379152298, 0.0157011151314, 0.0036177393049, 0.00206366996281, 0.0019784423057, 0.00154905498493, 0.00120306061581, 0.00155206781346, 0.00121553451754, 0.00098737818189, 0.00375208561309, 0.000511469552293, 0.00118350528646, 0.000306969945086, 0.000485838478198, 0.000626522582024, 0.000657601805869, 0.000373501214199, 0.000273432262475, 0.000224092276767, 0.000120526623505, 0.00022846183856, 9.16442659218e-05, 0.000107631436549, 7.34115383239e-05, 9.97379611363e-05, 9.29968664423e-05, 5.23229718965e-05, 6.81233286741e-05, 5.70369738853e-05, 6.18414196651e-05, 4.44105135102e-05, 4.34778630733e-05, 9.7307987744e-05, 6.52688249829e-05, 9.74462163867e-05, 0.000110109926027, 6.61843223497e-05],
        "mean": [0.0151357492432, 0.00466047646478, 0.00191940821242, 0.00050934049068, 0.000189816200873, 0.000183160213055, 0.00016386374773, 7.44711505831e-05, 0.000106065890577, 0.00015781953698, 9.82467827271e-05, 9.80232725851e-05, 0.000196718858206, 3.18502607115e-05, 4.83315561723e-05, 2.94202072837e-05, 3.27710367856e-05, 4.37353519374e-05, 3.29773356498e-05, 2.56289149547e-05, 2.0340014089e-05, 1.99797341338e-05, 1.24907528516e-05, 1.27011962832e-05, 1.31142815007e-05, 1.50384967128e-05, 1.18746547741e-05, 1.52160137077e-05, 1.38703244374e-05, 9.14869542612e-06, 1.06550451164e-05, 7.99966164777e-06, 7.51099287299e-06, 6.02232239544e-06, 5.80343112233e-06, 9.06435980141e-06, 7.24655228623e-06, 8.1940106611e-06, 9.0526373242e-06, 6.99166093909e-06],
        "median": [0.000181458803127, 0.00043655486661, 0.000525411916897, 0.000181857089046, 0.000120109289128, 0.000117526731628, 6.73989852658e-05, 2.4455057428e-05, 3.8708865759e-05, 6.00229141128e-05, 3.69655099348e-05, 3.58137622243e-05, 1.08748336061e-05, 9.84812140814e-06, 1.63019794854e-05, 1.53285291162e-05, 1.41358987094e-05, 1.71729552676e-05, 1.2028405763e-05, 1.18959205793e-05, 1.03531601781e-05, 9.32349212235e-06, 6.94390291756e-06, 7.79437505116e-06, 8.50044489198e-06, 1.06794450403e-05, 7.82266943133e-06, 9.84981306829e-06, 9.48069464357e-06, 5.6928192862e-06, 6.42576924292e-06, 4.9616828619e-06, 4.69390352009e-06, 3.52190249941e-06, 3.21380639434e-06, 2.95635049952e-06, 2.44415559791e-06, 2.09897302739e-06, 1.81761311069e-06, 1.39235294228e-06],
        "min": [7.79779637088e-25, 2.36873748923e-24, 4.89961902663e-24, 6.47383947795e-24, 7.95311105299e-24, 3.23356293861e-24, 3.58758833008e-24, 3.1820775372e-24, 3.41359401338e-24, 5.87208572982e-24, 7.03960539158e-24, 7.11542675748e-24, 3.17972535119e-24, 2.19495103738e-24, 3.72912890914e-24, 6.38546023529e-24, 1.35357629278e-23, 6.07340027182e-24, 7.21456606288e-24, 7.45831146082e-24, 5.55588227445e-24, 9.48183355716e-24, 6.68747287184e-24, 6.87682867695e-24, 5.47996703409e-24, 6.49100627454e-24, 6.12590212051e-24, 8.72784503712e-24, 7.52252394965e-24, 7.47648760494e-24, 8.65418593895e-24, 8.72408690376e-24, 8.47736671135e-24, 6.23064983252e-24, 1.14263149462e-23, 9.03220808473e-24, 8.23479829388e-24, 8.13657643371e-24, 9.32871565546e-24, 8.7141141242e-24],
        "var": [0.00130656291731, 9.06998902792e-05, 2.79366322502e-05, 2.4750868306e-06, 1.13706221327e-07, 4.89122236047e-08, 6.19118267764e-08, 2.93475039825e-08, 2.47504505779e-08, 5.24405692204e-08, 2.0884339591e-08, 2.39250450562e-08, 3.18175267466e-07, 4.45403935956e-09, 1.08227693474e-08, 1.75413461534e-09, 2.55211429767e-09, 5.23371657124e-09, 5.04531394441e-09, 1.55727297724e-09, 1.06828068613e-09, 8.76167416397e-10, 2.82717821376e-10, 2.80804518527e-10, 1.78355857861e-10, 2.33324914944e-10, 1.44906031618e-10, 2.52119686239e-10, 2.02932129434e-10, 9.35758553977e-11, 1.22765464461e-10, 8.54008599949e-11, 7.13571562949e-11, 4.74581207666e-11, 5.0929201828e-11, 2.42467351752e-10, 1.45478074032e-10, 2.32851626869e-10, 2.93902346904e-10, 1.63330057812e-10]
    },
    "mfcc": {
