{
"metadata": {
    "version": {
        "essentia": "2.0.1",
        "extractor": "archive-music 1.0"
    },
    "audio_properties": {
        "analysis_sample_rate": 44100,
        "bitrate": 128,
        "channels": 2,
        "equal_loudness": 0,
        "length": 15.6212244034,
        "replay_gain": -12.7217216492,
        "downmix": "mix"
    },
    "tags": {
        "track": 1,
        "year": 0,
        "album": "Curses From Past Times",
        "artist": "ProleteR",
        "comment": "",
        "genre": "Other",
        "title": "April showers"
    }
},
"highlevel": {
    "culture": {
        "all": {
            "non_western": 0.0122679825872,
            "western": 0.987731993198
        },
        "probability": 0.987731993198,
        "value": "western"
    },
    "danceability": {
        "all": {
            "danceable": 0.942133665085,
            "not_danceable": 0.0578663572669
        },
        "probability": 0.942133665085,
        "value": "danceable"
    },
    "gender": {
        "all": {
            "female": 0.873262584209,
            "male": 0.126737445593
        },
        "probability": 0.873262584209,
        "value": "female"
    },
    "genre_dortmund": {
        "all": {
            "alternative": 0.0315687954426,
            "blues": 0.0527101680636,
            "electronic": 0.0327028110623,
            "folkcountry": 0.0380308590829,
            "funksoulrnb": 0.104185253382,
            "jazz": 0.155758976936,
            "pop": 0.0947933867574,
            "raphiphop": 0.424359738827,
            "rock": 0.0658900216222
        },
        "probability": 0.424359738827,
        "value": "raphiphop"
    },
    "genre_electronic": {
        "all": {
            "ambient": 0.381934374571,
            "dnb": 0.117716126144,
            "house": 0.428320974112,
            "techno": 0.0365521833301,
            "trance": 0.0354763381183
        },
        "probability": 0.428320974112,
        "value": "house"
    },
    "genre_rosamerica": {
        "all": {
            "cla": 0.00699235918,
            "dan": 0.0222387649119,
            "hip": 0.0901067778468,
            "jaz": 0.012046306394,
            "pop": 0.124865017831,
            "rhy": 0.714321255684,
            "roc": 0.0224746204913,
            "spe": 0.00695490092039
        },
        "probability": 0.714321255684,
        "value": "rhy"
    },
    "genre_tzanetakis": {
        "all": {
            "blu": 0.00525371078402,
            "cla": 0.00764138717204,
            "cou": 0.00643269717693,
            "dis": 0.0215516835451,
            "hip": 0.0756450667977,
            "jaz": 0.0111863631755,
            "met": 0.00511087663472,
            "pop": 0.111937634647,
            "reg": 0.69378554821,
            "roc": 0.0614550001919
        },
        "probability": 0.69378554821,
        "value": "reg"
    },
    "mirex_ballroom": {
        "all": {
            "ChaChaCha": 0.188147127628,
            "Jive": 0.0253540091217,
            "Quickstep": 0.347832173109,
            "Rumba-American": 0.0160833448172,
            "Rumba-International": 0.128938823938,
            "Rumba-Misc": 0.0637504160404,
            "Samba": 0.165887385607,
            "Tango": 0.0259113162756,
            "VienneseWaltz": 0.0215806104243,
            "Waltz": 0.0165147893131
        },
        "probability": 0.347832173109,
        "value": "Quickstep"
    },
    "mood_acoustic": {
        "all": {
            "acoustic": 0.169108256698,
            "not_acoustic": 0.830891728401
        },
        "probability": 0.830891728401,
        "value": "not_acoustic"
    },
    "mood_aggressive": {
        "all": {
            "aggressive": 0.203852787614,
            "not_aggressive": 0.796147227287
        },
        "probability": 0.796147227287,
        "value": "not_aggressive"
    },
    "mood_electronic": {
        "all": {
            "electronic": 0.436064273119,
            "not_electronic": 0.563935756683
        },
        "probability": 0.563935756683,
        "value": "not_electronic"
    },
    "mood_happy": {
        "all": {
            "happy": 0.277598470449,
            "not_happy": 0.722401499748
        },
        "probability": 0.722401499748,
        "value": "not_happy"
    },
    "mood_party": {
        "all": {
            "not_party": 0.284552425146,
            "party": 0.715447604656
        },
        "probability": 0.715447604656,
        "value": "party"
    },
    "mood_relaxed": {
        "all": {
            "not_relaxed": 0.260045170784,
            "relaxed": 0.739954829216
        },
        "probability": 0.739954829216,
        "value": "relaxed"
    },
    "mood_sad": {
        "all": {
            "not_sad": 0.668787956238,
            "sad": 0.331212043762
        },
        "probability": 0.668787956238,
        "value": "not_sad"
    },
    "moods_mirex": {
        "all": {
            "Cluster1": 0.224510625005,
            "Cluster2": 0.397604346275,
            "Cluster3": 0.166555061936,
            "Cluster4": 0.187855526805,
            "Cluster5": 0.0234744250774
        },
        "probability": 0.397604346275,
        "value": "Cluster2"
    },
    "timbre": {
        "all": {
            "bright": 0.962427377701,
            "dark": 0.0375726372004
        },
        "probability": 0.962427377701,
        "value": "bright"
    },
    "tonal_atonal": {
        "all": {
            "atonal": 0.40425080061,
            "tonal": 0.59574919939
        },
        "probability": 0.59574919939,
        "value": "tonal"
    },
    "voice_instrumental": {
        "all": {
            "instrumental": 0.0703743621707,
            "voice": 0.929625630379
        },
        "probability": 0.929625630379,
        "value": "voice"
    }
},
"lowlevel": {
    "average_loudness": 0.979034662247,
    "barkbands_kurtosis": {
        "dmean": 17.2397422791,
        "dmean2": 23.9562454224,
        "dvar": 2361.52832031,
        "dvar2": 4917.54541016,
        "max": 533.415771484,
        "mean": 17.9565067291,
        "median": 2.4113047123,
        "min": -1.70624053478,
        "var": 2849.08984375
    },
    "barkbands_skewness": {
        "dmean": 1.18297874928,
        "dmean2": 1.56957185268,
        "dvar": 3.05981326103,
        "dvar2": 4.74177789688,
        "max": 17.8475875854,
        "mean": 2.2203605175,
        "median": 1.45910561085,
        "min": -2.05634617805,
        "var": 7.52314853668
    },
    "barkbands_spread": {
        "dmean": 6.89969539642,
        "dmean2": 9.36485767365,
        "dvar": 118.689346313,
        "dvar2": 208.570632935,
        "max": 97.9833831787,
        "mean": 15.3875370026,
        "median": 11.1529884338,
        "min": 0.0868835374713,
        "var": 250.134567261
    },
    "dissonance": {
        "dmean": 0.0306927897036,
        "dmean2": 0.051339507103,
        "dvar": 0.000856722472236,
        "dvar2": 0.0023449473083,
        "max": 0.499999910593,
        "mean": 0.440541386604,
        "median": 0.44596862793,
        "min": 0.265483081341,
        "var": 0.0016354965046
    },
    "dynamic_complexity": 3.56619381905,
    "erbbands_kurtosis": {
        "dmean": 1.72387969494,
        "dmean2": 2.76992464066,
        "dvar": 6.42615556717,
        "dvar2": 13.797662735,
        "max": 27.3888187408,
        "mean": 1.46448266506,
        "median": 0.40211224556,
        "min": -1.62192523479,
        "var": 11.1535921097
    },
    "erbbands_skewness": {
        "dmean": 0.568882882595,
        "dmean2": 0.823003292084,
        "dvar": 0.307167857885,
        "dvar2": 0.610620617867,
        "max": 4.56891155243,
        "mean": 0.53920763731,
        "median": 0.394521772861,
        "min": -1.42328894138,
        "var": 0.908661425114
    },
    "erbbands_spread": {
        "dmean": 11.6476678848,
        "dmean2": 16.6688194275,
        "dvar": 191.080749512,
        "dvar2": 327.526763916,
        "max": 129.813873291,
        "mean": 31.7788486481,
        "median": 25.8881607056,
        "min": 4.36237812042,
        "var": 458.652679443
    },
    "hfc": {
        "dmean": 10.2966251373,
        "dmean2": 15.1102619171,
        "dvar": 302.959259033,
        "dvar2": 631.782958984,
        "max": 141.370330811,
        "mean": 18.4336700439,
        "median": 10.694196701,
        "min": 1.1616045726e-16,
        "var": 517.016906738
    },
    "melbands_kurtosis": {
        "dmean": 26.7013454437,
        "dmean2": 39.8890304565,
        "dvar": 4938.20605469,
        "dvar2": 10143.7158203,
        "max": 819.952453613,
        "mean": 30.848405838,
        "median": 8.6637430191,
        "min": -1.29779982567,
        "var": 6290.9375
    },
    "melbands_skewness": {
        "dmean": 1.23622334003,
        "dmean2": 1.73877680302,
        "dvar": 3.13086509705,
        "dvar2": 5.16202449799,
        "max": 20.7042102814,
        "mean": 2.99971842766,
        "median": 2.38899898529,
        "min": -0.96219420433,
        "var": 7.60259389877
    },
    "melbands_spread": {
        "dmean": 7.10115814209,
        "dmean2": 9.91104888916,
        "dvar": 126.267578125,
        "dvar2": 264.668151855,
        "max": 140.383575439,
        "mean": 16.4552078247,
        "median": 13.1673316956,
        "min": 0.260643482208,
        "var": 304.515014648
    },
    "pitch_salience": {
        "dmean": 0.0977218300104,
        "dmean2": 0.153379037976,
        "dvar": 0.0131125226617,
        "dvar2": 0.0265632364899,
        "max": 0.963672816753,
        "mean": 0.530347883701,
        "median": 0.561329245567,
        "min": 0.0833382830024,
        "var": 0.0227472893894
    },
    "silence_rate_20dB": {
        "dmean": 0,
        "dmean2": 0,
        "dvar": 0,
        "dvar2": 0,
        "max": 1,
        "mean": 1,
        "median": 1,
        "min": 1,
        "var": 0
    },
    "silence_rate_30dB": {
        "dmean": 0.0713224336505,
        "dmean2": 0.142857149243,
        "dvar": 0.0662350952625,
        "dvar2": 0.122449435294,
        "max": 1,
        "mean": 0.916913926601,
        "median": 1,
        "min": 0,
        "var": 0.0761830732226
    },
    "silence_rate_60dB": {
        "dmean": 0.0178306084126,
        "dmean2": 0.0357142873108,
        "dvar": 0.0175126735121,
        "dvar2": 0.037414804101,
        "max": 1,
        "mean": 0.0786350145936,
        "median": 0,
        "min": 0,
        "var": 0.0724517330527
    },
    "spectral_centroid": {
        "dmean": 291.158935547,
        "dmean2": 377.534179688,
        "dvar": 261636.28125,
        "dvar2": 282895.5625,
        "max": 11380.6025391,
        "mean": 930.730041504,
        "median": 766.59954834,
        "min": 92.5414962769,
        "var": 721360.4375
    },
    "spectral_complexity": {
        "dmean": 3.94650816917,
        "dmean2": 5.37202358246,
        "dvar": 30.9004974365,
        "dvar2": 42.0492019653,
        "max": 64,
        "mean": 14.6172103882,
        "median": 12,
        "min": 0,
        "var": 132.141952515
    },
    "spectral_crest": {
        "dmean": 3.00541138649,
        "dmean2": 4.32928657532,
        "dvar": 9.9109582901,
        "dvar2": 16.5173168182,
        "max": 26.4480705261,
        "mean": 11.3497467041,
        "median": 10.4975967407,
        "min": 2.70499539375,
        "var": 25.190279007
    },
    "spectral_decrease": {
        "dmean": 4.21352819302e-09,
        "dmean2": 6.10915584787e-09,
        "dvar": 5.62419619937e-17,
        "dvar2": 1.04315244123e-16,
        "max": 1.07592549536e-22,
        "mean": -9.19749432171e-09,
        "median": -5.60262014559e-09,
        "min": -5.56142616404e-08,
        "var": 1.04755152008e-16
    },
    "spectral_energy": {
        "dmean": 0.0165657438338,
        "dmean2": 0.0238807108253,
        "dvar": 0.000821064633783,
        "dvar2": 0.00154037063476,
        "max": 0.212342008948,
        "mean": 0.036385435611,
        "median": 0.0226564258337,
        "min": 1.09628177208e-20,
        "var": 0.00153330096509
    },
    "spectral_energyband_high": {
        "dmean": 0.000707261788193,
        "dmean2": 0.00100562383886,
        "dvar": 2.82976156996e-06,
        "dvar2": 5.64475703868e-06,
        "max": 0.0137799624354,
        "mean": 0.000807360280305,
        "median": 5.00709938933e-05,
        "min": 7.51694646323e-21,
        "var": 3.90533887185e-06
    },
    "spectral_energyband_low": {
        "dmean": 0.0118211498484,
        "dmean2": 0.0177401993424,
        "dvar": 0.000809893477708,
        "dvar2": 0.00144773267675,
        "max": 0.197170063853,
        "mean": 0.0207655318081,
        "median": 0.00971132982522,
        "min": 9.63191844646e-23,
        "var": 0.00134997523855
    },
    "spectral_energyband_middle_high": {
        "dmean": 0.00242644548416,
        "dmean2": 0.00331882573664,
        "dvar": 1.31681681523e-05,
        "dvar2": 2.5399533115e-05,
        "max": 0.0445226244628,
        "mean": 0.00492523564026,
        "median": 0.00194471725263,
        "min": 1.90505874692e-21,
        "var": 4.45716796094e-05
    },
    "spectral_energyband_middle_low": {
        "dmean": 0.008400157094,
        "dmean2": 0.0148364687338,
        "dvar": 0.000330541690346,
        "dvar2": 0.000882955966517,
        "max": 0.0971973761916,
        "mean": 0.011625518091,
        "median": 0.00677606090903,
        "min": 3.52298489757e-22,
        "var": 0.000250778568443
    },
    "spectral_flatness_db": {
        "dmean": 0.0449280738831,
        "dmean2": 0.0587443970144,
        "dvar": 0.002319148276,
        "dvar2": 0.00408170511946,
        "max": 0.567915976048,
        "mean": 0.212050959468,
        "median": 0.209593519568,
        "min": 0.0322421230376,
        "var": 0.00917512830347
    },
    "spectral_flux": {
        "dmean": 0.0438475459814,
        "dmean2": 0.0656708925962,
        "dvar": 0.00334855378605,
        "dvar2": 0.00592143600807,
        "max": 0.409434050322,
        "mean": 0.102573394775,
        "median": 0.0708181858063,
        "min": 1.04703475057e-10,
        "var": 0.00865866243839
    },
    "spectral_kurtosis": {
        "dmean": 7.03696489334,
        "dmean2": 11.1977176666,
        "dvar": 89.0352172852,
        "dvar2": 201.842803955,
        "max": 84.8480529785,
        "mean": 11.7936124802,
        "median": 6.78047180176,
        "min": -1.17571866512,
        "var": 187.3019104
    },
    "spectral_rms": {
        "dmean": 0.00116775964852,
        "dmean2": 0.00164312287234,
        "dvar": 2.81037932837e-06,
        "dvar2": 4.90354932481e-06,
        "max": 0.0143931563944,
        "mean": 0.00525381835178,
        "median": 0.00470146536827,
        "min": 3.27038721624e-12,
        "var": 7.89539717516e-06
    },
    "spectral_rolloff": {
        "dmean": 741.406921387,
        "dmean2": 1184.58374023,
        "dvar": 3377575.75,
        "dvar2": 6543678.5,
        "max": 19939.7460938,
        "mean": 1345.69702148,
        "median": 753.662109375,
        "min": 64.599609375,
        "var": 5407024
    },
    "spectral_skewness": {
        "dmean": 0.640062510967,
        "dmean2": 0.970911204815,
        "dvar": 0.479496002197,
        "dvar2": 1.03657436371,
        "max": 7.36965179443,
        "mean": 2.18647384644,
        "median": 1.95683217049,
        "min": -0.0441387295723,
        "var": 1.43852567673
    },
    "spectral_spread": {
        "dmean": 1150426.125,
        "dmean2": 1387569.375,
        "dvar": 4.14245375181e+12,
        "dvar2": 4.55918747648e+12,
        "max": 39566588,
        "mean": 3811513.25,
        "median": 2738639.75,
        "min": 1073817,
        "var": 9.66438525338e+12
    },
    "spectral_strongpeak": {
        "dmean": 0.459319114685,
        "dmean2": 0.726206123829,
        "dvar": 0.584038376808,
        "dvar2": 1.24169516563,
        "max": 7.12524318695,
        "mean": 0.807677030563,
        "median": 0.345699727535,
        "min": 0,
        "var": 1.2287209034
    },
    "zerocrossingrate": {
        "dmean": 0.016727078706,
        "dmean2": 0.0186091829091,
        "dvar": 0.00102618336678,
        "dvar2": 0.00161750777625,
        "max": 0.51611328125,
        "mean": 0.0480652749538,
        "median": 0.03173828125,
        "min": 0.00244140625,
        "var": 0.00329921185039
    },
    "barkbands": {
        "dmean": [0.000275389669696, 0.00928866304457, 0.00658763060346, 0.00339127751067, 0.00365066784434, 0.000794989755377, 0.000523362192325, 0.000520116707776, 0.00095838989364, 0.000548547541257, 0.000815753068309, 0.000649056513794, 0.000401881668949, 0.000241943489527, 0.000255005375948, 0.000139328112709, 0.000124859070638, 0.000128625135403, 0.000103242120531, 9.66449879343e-05, 0.000129271080368, 0.000147754428326, 0.000106040977698, 7.22033873899e-05, 8.75029363669e-05, 0.000124171347125, 2.59428525169e-05],
        "dmean2": [0.00047541767708, 0.0131667871028, 0.0117924837396, 0.00629757996649, 0.00673298444599, 0.00128555239644, 0.000890028604772, 0.00082799064694, 0.00137959269341, 0.000772423518356, 0.0012320218375, 0.000945661508013, 0.000650275382213, 0.000363068014849, 0.000392371439375, 0.000218851069803, 0.00020891695749, 0.00022342435841, 0.000167614067323, 0.000133032241138, 0.000170279221493, 0.000201298142201, 0.000164355937159, 0.000113391382911, 0.000132438886794, 0.000186939010746, 4.32731176261e-05],
        "dvar": [5.17403350386e-07, 0.00050948234275, 0.000407769286539, 8.72189048096e-05, 7.06514038029e-05, 1.76674279828e-06, 7.33185800073e-07, 1.13381770461e-06, 4.45347268396e-06, 2.74534772871e-06, 2.83818849312e-06, 1.86049487638e-06, 5.19854893355e-07, 2.9427999948e-07, 8.60039904182e-07, 7.33235197004e-08, 1.10937023123e-07, 1.01950568876e-07, 5.77504124522e-08, 5.66010918135e-08, 7.30411997552e-08, 1.18192126308e-07, 7.51338120608e-08, 4.71557690673e-08, 7.93187382442e-08, 1.71041250496e-07, 8.79003536625e-09],
        "dvar2": [1.44318255479e-06, 0.000864893547259, 0.0011311576236, 0.000248594355071, 0.000167715319549, 4.13434372604e-06, 2.01824377655e-06, 2.95741551781e-06, 7.14652333045e-06, 3.33972207045e-06, 6.10699862591e-06, 3.45125590684e-06, 1.26352665575e-06, 7.27605879547e-07, 2.2058468403e-06, 1.72714663904e-07, 2.59208405851e-07, 2.66278988192e-07, 1.35872681994e-07, 8.22356369667e-08, 1.03588597256e-07, 2.17607649233e-07, 1.7456561352e-07, 1.0067996925e-07, 1.66264200629e-07, 3.44841851074e-07, 2.27051160095e-08],
        "max": [0.0054077534005, 0.165862232447, 0.1358692348, 0.0612652227283, 0.0470977686346, 0.0182313099504, 0.00768570043147, 0.0184393264353, 0.0332171246409, 0.0401855930686, 0.0228567924351, 0.0212880522013, 0.0083541367203, 0.00795664731413, 0.01544818189, 0.00257855211385, 0.00267020915635, 0.00294438819401, 0.00208313786425, 0.00268374965526, 0.00284388754517, 0.00259033846669, 0.00203377008438, 0.00166341010481, 0.00226260046475, 0.00356765068136, 0.00101448933128],
        "mean": [0.000266222225036, 0.0130976680666, 0.00571631314233, 0.00326710613444, 0.00406864611432, 0.00121677352581, 0.000660115096252, 0.000692503585014, 0.00161749799736, 0.000857058970723, 0.00119568512309, 0.000969552842434, 0.000518554763403, 0.000364410196198, 0.000326224282617, 0.000197727349587, 0.000168441329151, 0.000166935613379, 0.000139325493365, 0.000162878859555, 0.000163761767908, 0.00016962835798, 0.000101052464743, 6.95828857715e-05, 8.04231967777e-05, 0.000112201705633, 1.91872641153e-05],
        "median": [3.64245643141e-05, 0.0059350123629, 0.00129612453748, 0.00128211709671, 0.00182015821338, 0.000576782622375, 0.000305705179926, 0.000235963656451, 0.000487146025989, 0.000167911653989, 0.000247683492489, 0.000239068671362, 0.000165279838257, 9.32964685489e-05, 5.82589455007e-05, 4.40807634732e-05, 2.79347259493e-05, 3.64363295375e-05, 2.77846356767e-05, 2.60847737081e-05, 1.52467509906e-05, 4.46089916295e-06, 1.67289385899e-06, 6.5559589757e-07, 3.24406187246e-07, 1.65319448797e-07, 8.64424443137e-09],
        "min": [1.02281007067e-23, 6.71228554498e-23, 1.85175236739e-23, 1.25388513973e-24, 1.10436992634e-22, 2.68000188647e-23, 1.25982009531e-23, 1.26757586019e-23, 5.98121595859e-23, 3.64411202832e-23, 6.25496836318e-23, 1.15071190732e-22, 7.3188299665e-23, 7.12912848254e-23, 9.9208409618e-23, 9.67377919262e-23, 1.72716904769e-22, 2.80267916046e-22, 4.27908346276e-22, 3.26210089693e-22, 4.06567980094e-22, 4.4632452499e-22, 7.37793054199e-22, 7.8982263395e-22, 1.04212640278e-21, 1.57025598035e-21, 2.2990592514e-21],
        "var": [4.51825883374e-07, 0.000724853074644, 0.000259437074419, 5.21468173247e-05, 6.16761608399e-05, 3.39943971994e-06, 7.94391326053e-07, 1.98101565729e-06, 1.397880078e-05, 8.97911831998e-06, 5.68714494875e-06, 4.06262734032e-06, 7.3977298598e-07, 5.23525841345e-07, 9.2720063094e-07, 1.39042839464e-07, 1.76056261125e-07, 1.42121493241e-07, 9.62550501526e-08, 1.64030694805e-07, 1.75763815946e-07, 2.02105866265e-07, 8.10578200117e-08, 5.00991887975e-08, 8.54465795896e-08, 1.87296919307e-07, 6.75712996667e-09]
    },
    "erbbands": {
        "dmean": [0.28608161211, 2.15767264366, 7.22056818008, 9.30771636963, 13.1505184174, 12.3541498184, 8.98186588287, 5.85478973389, 5.78773927689, 9.10896682739, 13.2518033981, 19.8006744385, 17.866476059, 25.1910152435, 26.9567127228, 23.4743900299, 19.3273220062, 12.3938188553, 11.6526498795, 10.5882940292, 6.82340669632, 7.65071153641, 6.85799121857, 5.07589054108, 5.43917989731, 4.40117645264, 5.74245548248, 4.91046619415, 4.64057683945, 4.92071914673, 2.81851673126, 1.7234544754, 1.21905636787, 0.92002171278, 0.638958394527, 0.488578259945, 0.226159632206, 0.079068787396, 0.00266310805455, 6.81579040247e-05],
        "dmean2": [0.45341232419, 3.200745821, 12.6097164154, 16.8924427032, 24.3782749176, 21.7754135132, 15.6906547546, 9.45695304871, 10.2051353455, 14.3888750076, 21.3836765289, 29.2110157013, 24.9300880432, 35.1029510498, 39.6940612793, 34.5997238159, 30.1964511871, 18.6655960083, 18.0088615417, 16.3293685913, 9.90716838837, 12.9567890167, 11.8424062729, 8.39121341705, 8.46345710754, 6.27869176865, 7.94206523895, 6.27950811386, 6.03070163727, 7.90508317947, 4.09795475006, 2.6370806694, 1.88761103153, 1.36481845379, 0.972599208355, 0.757064700127, 0.344759643078, 0.124373778701, 0.00424369471148, 0.000102925150713],
        "dvar": [0.607693076134, 28.732711792, 452.86505127, 710.327026367, 1170.73620605, 652.685852051, 248.780487061, 95.6403808594, 103.055686951, 182.676269531, 751.193054199, 1898.48364258, 1659.60107422, 4851.35498047, 3674.72729492, 2200.1706543, 1322.68579102, 573.865600586, 963.802124023, 980.760559082, 185.297622681, 362.357330322, 278.270050049, 147.657272339, 173.1381073, 129.741439819, 155.448303223, 114.84954071, 116.808609009, 163.098754883, 51.0531196594, 25.1994228363, 15.4352636337, 8.50746250153, 4.38275241852, 2.70771837234, 0.599544882774, 0.0737093240023, 8.62477681949e-05, 3.08175884811e-08],
        "dvar2": [1.30614840984, 49.4487876892, 1217.36889648, 2011.27270508, 2736.44287109, 1798.17407227, 670.293579102, 226.568771362, 287.634216309, 481.515991211, 1943.14733887, 3248.55273438, 2683.63916016, 6670.06103516, 8053.94189453, 4136.62353516, 3137.99145508, 1258.61108398, 2133.39819336, 2383.3894043, 360.318908691, 917.127807617, 722.448364258, 329.623626709, 377.885070801, 192.845428467, 243.789291382, 154.212600708, 181.664581299, 391.150390625, 109.561782837, 55.723274231, 36.0782546997, 18.6360282898, 9.49115180969, 5.60595464706, 1.18350064754, 0.173592880368, 0.000213479317608, 7.19197217336e-08],
        "max": [5.21622037888, 35.8929100037, 132.722015381, 180.57321167, 190.432907104, 163.227096558, 156.979873657, 101.375900269, 63.2117385864, 132.756652832, 512.473388672, 776.989624023, 589.847900391, 1646.75708008, 919.163879395, 774.646850586, 453.255737305, 275.598693848, 426.229705811, 470.887695312, 171.852249146, 152.33605957, 154.198852539, 88.8977355957, 133.148666382, 118.556632996, 120.422912598, 110.847099304, 95.928894043, 91.853729248, 51.5371665955, 45.41746521, 37.7328262329, 23.592464447, 17.564201355, 14.8105764389, 7.26148271561, 2.46259856224, 0.0925732180476, 0.00165869656485],
        "mean": [0.321162253618, 3.12589764595, 6.6648607254, 9.5110578537, 13.2866287231, 13.3044567108, 11.3987255096, 8.84899139404, 6.9243683815, 12.8820562363, 19.0631313324, 31.7619743347, 30.6086101532, 43.0972900391, 42.4799308777, 35.7549324036, 26.4650821686, 20.3299694061, 16.9468803406, 14.6237421036, 11.0767498016, 9.99834537506, 8.93224525452, 7.27601861954, 7.77766036987, 7.44541835785, 7.57570743561, 6.11745405197, 5.72172451019, 4.70368051529, 2.77362418175, 1.70463621616, 1.08039069176, 0.831747353077, 0.562540352345, 0.433717668056, 0.20709271729, 0.0646778270602, 0.00206620339304, 8.30717399367e-05],
        "median": [0.0835297107697, 1.5282804966, 2.41192650795, 4.85958909988, 4.85831928253, 5.70817661285, 5.22350406647, 4.41840362549, 3.67291712761, 6.44757556915, 6.77981472015, 10.6376094818, 8.6115322113, 11.0428924561, 9.8922290802, 10.3765392303, 9.74557590485, 6.08896827698, 4.44847297668, 3.45299506187, 2.58425569534, 1.97539079189, 2.14895105362, 1.64079093933, 1.5342618227, 1.1372320652, 0.933909535408, 0.365436851978, 0.197723731399, 0.0860880613327, 0.0409921035171, 0.0178606212139, 0.00957078579813, 0.00435261800885, 0.00180688069668, 0.000985799590126, 0.00025216647191, 3.62997379852e-05, 1.69734539668e-05, 2.86646245513e-05],
        "min": [2.24761814927e-21, 1.33840044543e-20, 2.40525332852e-20, 1.13278289376e-20, 4.68001019124e-20, 2.35428113439e-19, 4.74302209612e-19, 1.36089848178e-19, 1.30548823749e-19, 3.78680777036e-19, 5.25365309596e-19, 1.46194350499e-18, 1.79635029277e-18, 1.13611788889e-18, 4.3134979131e-18, 3.74440096039e-18, 3.40765035634e-18, 3.80268079762e-18, 4.61176435274e-18, 3.99553464872e-18, 6.60792032926e-18, 1.07163878791e-17, 1.55398401583e-17, 1.84585651476e-17, 1.70692259733e-17, 1.75096582905e-17, 1.23359562332e-17, 2.00117142073e-17, 1.25358361565e-17, 2.01201790923e-17, 2.20764728216e-17, 1.48406326583e-17, 1.4618741459e-17, 1.05779716113e-17, 7.98828418031e-18, 5.33659625374e-18, 2.77730129965e-18, 1.17306091242e-18, 3.02376079714e-19, 3.59858107713e-20],
        "var": [0.623090267181, 39.6103591919, 316.699066162, 434.236450195, 978.112365723, 516.637817383, 302.180603027, 147.960388184, 86.84034729, 280.736846924, 1283.40991211, 4788.24609375, 4836.99316406, 15100.6513672, 7254.97021484, 4610.59277344, 1964.00708008, 1289.46813965, 1556.32324219, 1200.07910156, 447.758666992, 550.701904297, 404.60848999, 249.94152832, 327.381072998, 353.226470947, 355.804901123, 277.529266357, 245.889816284, 172.239334106, 59.7060279846, 26.3598041534, 14.6447229385, 8.92014312744, 4.49978876114, 2.85583233833, 0.663716554642, 0.0667001381516, 7.21283649909e-05, 2.99092874911e-08]
    },
    "gfcc": {
        "mean": [-71.7183532715, 139.439559937, -109.977928162, 20.6579265594, -41.3137588501, 4.99317169189, -16.5881958008, -2.28423881531, -22.363237381, -3.40539121628, -12.980474472, -3.34477329254, -7.73348808289],
        "cov": [[21786.1777344, -2631.25146484, -1719.16662598, 271.544342041, -1495.66540527, 751.320556641, -564.12487793, 290.252960205, -608.920410156, 228.622467041, -688.785644531, 167.571151733, -485.7706604], [-2631.25146484, 3986.99951172, -677.748657227, -36.1048088074, 1053.23974609, -567.703735352, 649.759521484, -277.845123291, 247.937103271, -356.260650635, 397.577819824, -422.09954834, 317.147186279], [-1719.16662598, -677.748657227, 2890.54858398, 397.509857178, 251.425842285, 534.242492676, -67.7928085327, 271.288238525, 18.7452602386, 206.679718018, -165.098815918, 155.335968018, -184.925491333], [271.544342041, -36.1048088074, 397.509857178, 634.771728516, 77.9992218018, 166.170639038, 56.8882217407, 6.64455938339, 23.9404239655, -40.9628257751, -54.0043258667, -55.6388435364, -13.7299728394], [-1495.66540527, 1053.23974609, 251.425842285, 77.9992218018, 603.858215332, -63.0843887329, 245.090194702, -37.7737960815, 112.764732361, -76.1696624756, 114.117927551, -93.1310501099, 69.4573440552], [751.320556641, -567.703735352, 534.242492676, 166.170639038, -63.0843887329, 373.040802002, -37.5444946289, 107.268203735, -34.4639778137, 80.730430603, -74.3723449707, 66.9242172241, -72.959815979], [-564.12487793, 649.759521484, -67.7928085327, 56.8882217407, 245.090194702, -37.5444946289, 288.225341797, -6.49728775024, 44.761089325, -62.3102989197, 100.477478027, -68.5769271851, 69.9404754639], [290.252960205, -277.845123291, 271.288238525, 6.64455938339, -37.7737960815, 107.268203735, -6.49728775024, 159.112213135, 23.5899620056, 62.0200233459, -33.1571578979, 57.233253479, -37.2708702087], [-608.920410156, 247.937103271, 18.7452602386, 23.9404239655, 112.764732361, -34.4639778137, 44.761089325, 23.5899620056, 127.344398499, -8.76956653595, 35.3752250671, -27.3216915131, 30.3310031891], [228.622467041, -356.260650635, 206.679718018, -40.9628257751, -76.1696624756, 80.730430603, -62.3102989197, 62.0200233459, -8.76956653595, 115.843521118, -11.3776006699, 60.7649345398, -41.2460289001], [-688.785644531, 397.577819824, -165.098815918, -54.0043258667, 114.117927551, -74.3723449707, 100.477478027, -33.1571578979, 35.3752250671, -11.3776006699, 142.898345947, -11.7310705185, 51.0957183838], [167.571151733, -422.09954834, 155.335968018, -55.6388435364, -93.1310501099, 66.9242172241, -68.5769271851, 57.233253479, -27.3216915131, 60.7649345398, -11.7310705185, 126.019256592, -24.4814414978], [-485.7706604, 317.147186279, -184.925491333, -13.7299728394, 69.4573440552, -72.959815979, 69.9404754639, -37.2708702087, 30.3310031891, -41.2460289001, 51.0957183838, -24.4814414978, 104.767669678]],
        "icov": [[0.00010157176439, -0.000124156184029, 0.000178898117156, -0.000113110610982, 0.000112612600788, -0.000223331182497, -1.76191788341e-05, -0.000183051568456, 0.000307854817947, -0.000313570082653, 0.000519427761901, -0.000211952690734, 0.000348767032847], [-0.000124156184029, 0.00129462662153, -0.000323108892189, 0.000395361101255, -0.00111794157419, 0.000835498794913, -0.000310414470732, 9.31626782403e-05, -0.000374038761947, 0.0015135735739, -0.00201713782735, 0.00235926313326, -0.00121060619131], [0.000178898117156, -0.000323108892189, 0.00104420655407, -0.000525042647496, -0.000481814349769, -0.000856059254147, 0.000187443991308, -0.000699221505783, 0.00062403595075, -0.00144884455949, 0.00165535719134, -0.00111694540828, 0.00111191160977], [-0.000113110610982, 0.000395361101255, -0.000525042647496, 0.00250460160896, -5.67057650187e-05, -0.00082961237058, -0.000535333878361, 0.000844894268084, -0.00112609029748, 0.00186185387429, -0.000346439221175, 0.00166342512239, -0.000585326459259], [0.000112612600788, -0.00111794157419, -0.000481814349769, -5.67057650187e-05, 0.00484567414969, -0.000555241422262, -0.00200932868756, 0.00121929286979, -0.00186435808428, 1.4798401935e-06, 0.000538449792657, -0.00121479213703, 0.00121825467795], [-0.000223331182497, 0.000835498794913, -0.000856059254147, -0.00082961237058, -0.000555241422262, 0.00600407039747, -0.000848934811074, -0.00116141187027, 0.000603941618465, -0.000570132338908, -0.00083404983161, 0.000510278448928, -0.00035485328408], [-1.76191788341e-05, -0.000310414470732, 0.000187443991308, -0.000535333878361, -0.00200932868756, -0.000848934811074, 0.0085828229785, -0.00389769906178, 0.00231059733778, 0.0020897584036, -0.00432192860171, 0.0025477448944, -0.00239974423312], [-0.000183051568456, 9.31626782403e-05, -0.000699221505783, 0.000844894268084, 0.00121929286979, -0.00116141187027, -0.00389769906178, 0.0133284758776, -0.00591162126511, -0.00278222607449, 0.00292054191232, -0.00420784112066, 0.00168070103973], [0.000307854817947, -0.000374038761947, 0.00062403595075, -0.00112609029748, -0.00186435808428, 0.000603941618465, 0.00231059733778, -0.00591162126511, 0.0134239140898, -0.00160853378475, -0.000917184050195, 0.00253590196371, -0.00195506191812], [-0.000313570082653, 0.0015135735739, -0.00144884455949, 0.00186185387429, 1.4798401935e-06, -0.000570132338908, 0.0020897584036, -0.00278222607449, -0.00160853378475, 0.0192143563181, -0.00735152699053, 0.000623474712484, 0.000629310496151], [0.000519427761901, -0.00201713782735, 0.00165535719134, -0.000346439221175, 0.000538449792657, -0.00083404983161, -0.00432192860171, 0.00292054191232, -0.000917184050195, -0.00735152699053, 0.0184096302837, -0.00720720971003, 0.00108614284545], [-0.000211952690734, 0.00235926313326, -0.00111694540828, 0.00166342512239, -0.00121479213703, 0.000510278448928, 0.0025477448944, -0.00420784112066, 0.00253590196371, 0.000623474712484, -0.00720720971003, 0.0190768111497, -0.00443110475317], [0.000348767032847, -0.00121060619131, 0.00111191160977, -0.000585326459259, 0.00121825467795, -0.00035485328408, -0.00239974423312, 0.00168070103973, -0.00195506191812, 0.000629310496151, 0.00108614284545, -0.00443110475317, 0.0171063989401]]
    },
    "melbands": {
        "dmean": [0.00263893650845, 0.00327253877185, 0.00172359112184, 0.000881327374373, 0.000366730848327, 0.0001344208722, 9.38211960602e-05, 9.93757785182e-05, 0.000113952664833, 0.000136290866067, 9.21438841033e-05, 0.000100654622656, 0.000108659325633, 6.39788122498e-05, 6.49739813525e-05, 3.99198543164e-05, 2.15952095459e-05, 1.93638370547e-05, 2.07719731407e-05, 1.15980765258e-05, 7.12080509402e-06, 7.3495189099e-06, 8.35961873236e-06, 5.73738270759e-06, 3.97300709665e-06, 4.47993852504e-06, 3.5298662624e-06, 3.00737315229e-06, 3.52845154339e-06, 3.27031671077e-06, 2.84529733108e-06, 2.62914113591e-06, 3.08876383315e-06, 2.53996449828e-06, 1.68868086803e-06, 1.27336249989e-06, 1.05014419205e-06, 9.09420123207e-07, 6.74142995649e-07, 8.06796833785e-07],
        "dmean2": [0.00374615075998, 0.00496600102633, 0.00313115608878, 0.0016300076386, 0.000654278963339, 0.000216643617023, 0.000163984397659, 0.000157401562319, 0.000185302560567, 0.000195520391571, 0.00012942077592, 0.000138916599099, 0.000160599622177, 9.12021569093e-05, 9.99994008453e-05, 6.37186458334e-05, 3.26979788952e-05, 2.98691757052e-05, 3.28658425133e-05, 1.87414370885e-05, 9.87037401501e-06, 1.2049516954e-05, 1.48596909639e-05, 9.81199900707e-06, 6.46309126751e-06, 7.54448683438e-06, 4.829016234e-06, 4.58813019577e-06, 5.09017900185e-06, 4.67123891212e-06, 3.69012514057e-06, 3.32600620823e-06, 4.60712999484e-06, 4.27403074355e-06, 2.47206298809e-06, 1.90669641142e-06, 1.65031872257e-06, 1.44402372371e-06, 1.04568960069e-06, 1.24602047435e-06],
        "dvar": [4.27500272053e-05, 7.11697866791e-05, 2.114012932e-05, 4.35571246271e-06, 4.46204523996e-07, 5.01322823254e-08, 2.53243435111e-08, 2.2101895425e-08, 5.05124155836e-08, 9.57234504995e-08, 4.4519627096e-08, 8.3467774914e-08, 5.91682614015e-08, 1.92322850978e-08, 2.25185399216e-08, 5.99702776327e-09, 1.99456096084e-09, 2.2733677163e-09, 7.98603405627e-09, 5.3255216903e-10, 2.13919354453e-10, 3.22514404072e-10, 5.573540518e-10, 1.81998860427e-10, 8.6875798222e-11, 1.16814266593e-10, 6.88828577511e-11, 6.69599445335e-11, 6.52765549947e-11, 4.84418616331e-11, 4.29532763524e-11, 3.91675129829e-11, 5.75982837814e-11, 4.56287438388e-11, 1.77419919034e-11, 1.33141874262e-11, 9.80222240182e-12, 9.15247651972e-12, 4.23159771112e-12, 7.18807478817e-12],
        "dvar2": [8.25076567708e-05, 0.000170944767888, 5.76739075768e-05, 1.02834537756e-05, 1.25651388316e-06, 1.19480404237e-07, 7.00621498595e-08, 5.56699752963e-08, 1.2870312105e-07, 1.54918438966e-07, 7.23581621287e-08, 1.07318022913e-07, 1.26662754951e-07, 3.59660923266e-08, 4.39804708208e-08, 1.3953031619e-08, 4.55647386488e-09, 5.0957273956e-09, 2.19528448753e-08, 1.31331789888e-09, 3.66577740385e-10, 7.12180092677e-10, 1.62072855137e-09, 4.52481691005e-10, 1.87214896363e-10, 3.04004543761e-10, 1.11565381933e-10, 1.11208355025e-10, 1.04746510077e-10, 7.78951972369e-11, 6.43486514074e-11, 5.90645102272e-11, 1.29062080467e-10, 1.14622131231e-10, 3.71749679651e-11, 3.03650819766e-11, 2.21370734244e-11, 2.19079025754e-11, 8.65833446606e-12, 1.68221409025e-11],
        "max": [0.0485964529216, 0.0528359487653, 0.0297697409987, 0.0115052238107, 0.00454028509557, 0.00239837355912, 0.00114736089017, 0.00205124355853, 0.00393646536395, 0.00541166728362, 0.00300600240007, 0.00708109559491, 0.0035065242555, 0.00224874145351, 0.00289025972597, 0.000941684760619, 0.000484796648379, 0.000597835169174, 0.00157060439233, 0.000227999378694, 0.000206389711821, 0.000141489057569, 0.000229419179959, 0.00011131473002, 6.84377446305e-05, 8.88892318471e-05, 9.79850519798e-05, 8.21810317575e-05, 7.13065746822e-05, 7.22482873243e-05, 6.57369673718e-05, 6.11931900494e-05, 5.22884220118e-05, 4.8021258408e-05, 3.00029842037e-05, 3.21652514685e-05, 3.02071384795e-05, 3.07205991703e-05, 1.81257419172e-05, 2.36731102632e-05],
        "mean": [0.00335476803593, 0.00385162676685, 0.00180073780939, 0.000969496089965, 0.000436406728113, 0.000203970848816, 0.000114897462481, 0.000142271324876, 0.000159130519023, 0.00022192329925, 0.000150807580212, 0.000169436258147, 0.000165236153407, 9.56922376645e-05, 8.37656843942e-05, 5.4264186474e-05, 3.40648512065e-05, 2.71384960797e-05, 2.58050658886e-05, 1.49518391481e-05, 1.17417339425e-05, 1.04671908048e-05, 8.81173946254e-06, 7.79544370744e-06, 5.4958131841e-06, 5.60564467378e-06, 5.41317058378e-06, 4.86780254505e-06, 4.92901926918e-06, 3.97187750423e-06, 3.36952393809e-06, 3.24347979586e-06, 3.17983722198e-06, 2.29752254199e-06, 1.69944883055e-06, 1.20777258417e-06, 9.94807351162e-07, 7.70683243445e-07, 6.74417265145e-07, 6.83581845351e-07],
        "median": [0.00136201665737, 0.00173124391586, 0.000893445801921, 0.000418717972934, 0.000208831654163, 0.000102358462755, 6.2271632487e-05, 6.63552928017e-05, 5.39423563168e-05, 6.52628223179e-05, 3.61114580301e-05, 4.37155831605e-05, 3.79907723982e-05, 1.76245666808e-05, 2.36291489273e-05, 1.62001815625e-05, 8.3978229668e-06, 6.29657824902e-06, 4.05935588788e-06, 3.74096362066e-06, 2.17887600229e-06, 1.84351983989e-06, 1.44019156778e-06, 1.67758526004e-06, 1.14357135317e-06, 1.02797730506e-06, 1.04766945697e-06, 6.09487244674e-07, 6.62377146909e-07, 2.69202416803e-07, 1.72867999026e-07, 1.09967658091e-07, 5.88046589201e-08, 3.92452506048e-08, 2.37262369751e-08, 1.46389780298e-08, 9.70607771933e-09, 7.58585638749e-09, 4.74936534545e-09, 3.10998782282e-09],
        "min": [2.05856661097e-23, 1.46658030191e-23, 1.65374946347e-24, 2.00382234627e-23, 1.42080664789e-23, 3.33619650339e-24, 2.06944405622e-24, 3.98585382998e-24, 7.01070231687e-24, 7.60096906692e-24, 8.60352844706e-24, 4.10505426264e-24, 1.15694245696e-23, 1.17350743157e-23, 7.85446636337e-24, 7.56489209114e-24, 6.75909828659e-24, 6.42800429277e-24, 7.69042194927e-24, 5.21602364154e-24, 7.35175449633e-24, 8.81633077599e-24, 1.38202498361e-23, 1.57704228566e-23, 1.44454284143e-23, 1.31821718043e-23, 1.28158311108e-23, 1.15467306191e-23, 6.14607921031e-24, 9.63091801306e-24, 1.14624424091e-23, 6.64819548737e-24, 7.40642729022e-24, 1.16496264802e-23, 1.26933683439e-23, 8.38896616945e-24, 9.52191715748e-24, 1.1012395685e-23, 9.62342383446e-24, 8.11562507693e-24],
        "var": [5.34046557732e-05, 7.03230543877e-05, 1.37601582537e-05, 3.79418838747e-06, 3.93081563743e-07, 8.0060672758e-08, 2.32698891267e-08, 3.82160862955e-08, 8.57191295722e-08, 2.68472234666e-07, 1.27771315306e-07, 2.71229311011e-07, 1.19523249964e-07, 4.97813310574e-08, 3.4586538078e-08, 9.01249119778e-09, 4.09590317219e-09, 3.94808585824e-09, 6.77755807033e-09, 7.88689114017e-10, 5.68010527502e-10, 5.69704172726e-10, 6.17982776063e-10, 2.81217965581e-10, 1.47985942944e-10, 1.6465009911e-10, 1.73053932295e-10, 1.63157640176e-10, 1.4680570648e-10, 1.07535147453e-10, 9.12021430599e-11, 8.52818579644e-11, 7.36616254104e-11, 4.38546803039e-11, 2.17358648441e-11, 1.34142957159e-11, 9.79179411165e-12, 8.12874073608e-12, 5.01334130459e-12, 6.72233319357e-12]
    },
    "mfcc": {
