{
"metadata": {
    "version": {
        "essentia": "2.0.1",
        "extractor": "archive-music 1.0"
    },
    "audio_properties": {
        "analysis_sample_rate": 44100,
        "bitrate": 128,
        "channels": 2,
        "equal_loudness": 0,
        "length": 15.1771430969,
        "replay_gain": -11.1764450073,
        "downmix": "mix"
    },
    "tags": {
        "track": 1,
        "year": 0,
        "album": "Lightning",
        "artist": "Tamara Laurel",
        "comment": "",
        "genre": "Other",
        "title": "Sweet"
    }
},
"highlevel": {
    "culture": {
        "all": {
            "non_western": 0.00731822894886,
            "western": 0.992681741714
        },
        "probability": 0.992681741714,
        "value": "western"
    },
    "danceability": {
        "all": {
            "danceable": 0.11589294672,
            "not_danceable": 0.88410705328
        },
        "probability": 0.88410705328,
        "value": "not_danceable"
    },
    "gender": {
        "all": {
            "female": 0.982832491398,
            "male": 0.0171675011516
        },
        "probability": 0.982832491398,
        "value": "female"
    },
    "genre_dortmund": {
        "all": {
            "alternative": 0.040059633553,
            "blues": 0.0475954152644,
            "electronic": 0.00246676593088,
            "folkcountry": 0.525956094265,
            "funksoulrnb": 0.0170494541526,
            "jazz": 0.0469981469214,
            "pop": 0.287972450256,
            "raphiphop": 0.00331690441817,
            "rock": 0.0285851173103
        },
        "probability": 0.525956094265,
        "value": "folkcountry"
    },
    "genre_electronic": {
        "all": {
            "ambient": 0.88406252861,
            "dnb": 0.032225176692,
            "house": 0.0638724118471,
            "techno": 0.00637204060331,
            "trance": 0.0134678557515
        },
        "probability": 0.88406252861,
        "value": "ambient"
    },
    "genre_rosamerica": {
        "all": {
            "cla": 0.0674126595259,
            "dan": 0.00456773024052,
            "hip": 0.00405130628496,
            "jaz": 0.0430249385536,
            "pop": 0.39120554924,
            "rhy": 0.416467010975,
            "roc": 0.0565605834126,
            "spe": 0.0167102366686
        },
        "probability": 0.416467010975,
        "value": "rhy"
    },
    "genre_tzanetakis": {
        "all": {
            "blu": 0.0137926917523,
            "cla": 0.00777863664553,
            "cou": 0.165539622307,
            "dis": 0.0474901758134,
            "hip": 0.0133063215762,
            "jaz": 0.10556409508,
            "met": 0.00329867121764,
            "pop": 0.122870154679,
            "reg": 0.114298000932,
            "roc": 0.40606161952
        },
        "probability": 0.40606161952,
        "value": "roc"
    },
    "mirex_ballroom": {
        "all": {
            "ChaChaCha": 0.0338256172836,
            "Jive": 0.0102150449529,
            "Quickstep": 0.263219803572,
            "Rumba-American": 0.0220037344843,
            "Rumba-International": 0.256543874741,
            "Rumba-Misc": 0.0337541997433,
            "Samba": 0.0340032763779,
            "Tango": 0.0531714223325,
            "VienneseWaltz": 0.130569443107,
            "Waltz": 0.162693575025
        },
        "probability": 0.263219803572,
        "value": "Quickstep"
    },
    "mood_acoustic": {
        "all": {
            "acoustic": 0.988194525242,
            "not_acoustic": 0.0118054477498
        },
        "probability": 0.988194525242,
        "value": "acoustic"
    },
    "mood_aggressive": {
        "all": {
            "aggressive": 1.79668040801e-05,
            "not_aggressive": 0.999982059002
        },
        "probability": 0.999982059002,
        "value": "not_aggressive"
    },
    "mood_electronic": {
        "all": {
            "electronic": 0.254342913628,
            "not_electronic": 0.745657086372
        },
        "probability": 0.745657086372,
        "value": "not_electronic"
    },
    "mood_happy": {
        "all": {
            "happy": 0.445663809776,
            "not_happy": 0.554336190224
        },
        "probability": 0.554336190224,
        "value": "not_happy"
    },
    "mood_party": {
        "all": {
            "not_party": 0.939616382122,
            "party": 0.0603835992515
        },
        "probability": 0.939616382122,
        "value": "not_party"
    },
    "mood_relaxed": {
        "all": {
            "not_relaxed": 0.277794390917,
            "relaxed": 0.722205638885
        },
        "probability": 0.722205638885,
        "value": "relaxed"
    },
    "mood_sad": {
        "all": {
            "not_sad": 0.123500168324,
            "sad": 0.876499831676
        },
        "probability": 0.876499831676,
        "value": "sad"
    },
    "moods_mirex": {
        "all": {
            "Cluster1": 0.194328784943,
            "Cluster2": 0.280509352684,
            "Cluster3": 0.393698632717,
            "Cluster4": 0.119291901588,
            "Cluster5": 0.012171340175
        },
        "probability": 0.393698632717,
        "value": "Cluster3"
    },
    "timbre": {
        "all": {
            "bright": 0.999999403954,
            "dark": 6.11846928678e-07
        },
        "probability": 0.999999403954,
        "value": "bright"
    },
    "tonal_atonal": {
        "all": {
            "atonal": 0.100408703089,
            "tonal": 0.899591326714
        },
        "probability": 0.899591326714,
        "value": "tonal"
    },
    "voice_instrumental": {
        "all": {
            "instrumental": 0.0838392302394,
            "voice": 0.91616076231
        },
        "probability": 0.91616076231,
        "value": "voice"
    }
},
"lowlevel": {
    "average_loudness": 0.973928034306,
    "barkbands_kurtosis": {
        "dmean": 3.08232688904,
        "dmean2": 4.70828580856,
        "dvar": 15.8951692581,
        "dvar2": 36.189994812,
        "max": 53.9258728027,
        "mean": 6.92749738693,
        "median": 4.5238366127,
        "min": -1.73366940022,
        "var": 55.1256637573
    },
    "barkbands_skewness": {
        "dmean": 0.504022538662,
        "dmean2": 0.742809474468,
        "dvar": 0.25656208396,
        "dvar2": 0.549756109715,
        "max": 5.77845621109,
        "mean": 1.82430648804,
        "median": 1.73030483723,
        "min": -1.94686865807,
        "var": 1.16045939922
    },
    "barkbands_spread": {
        "dmean": 3.41274666786,
        "dmean2": 5.20096921921,
        "dvar": 28.9967384338,
        "dvar2": 60.5414733887,
        "max": 67.2088470459,
        "mean": 13.1640071869,
        "median": 10.0857858658,
        "min": 1.29770195484,
        "var": 110.263565063
    },
    "dissonance": {
        "dmean": 0.0254438705742,
        "dmean2": 0.041574254632,
        "dvar": 0.000957715790719,
        "dvar2": 0.00259103788994,
        "max": 0.499905407429,
        "mean": 0.423103660345,
        "median": 0.428545892239,
        "min": 0.129957795143,
        "var": 0.00238395039923
    },
    "dynamic_complexity": 3.25157356262,
    "erbbands_kurtosis": {
        "dmean": 1.24903917313,
        "dmean2": 1.83301699162,
        "dvar": 3.00619626045,
        "dvar2": 6.64982748032,
        "max": 22.0912723541,
        "mean": 2.13355970383,
        "median": 0.831545352936,
        "min": -1.66745495796,
        "var": 17.3094921112
    },
    "erbbands_skewness": {
        "dmean": 0.343698829412,
        "dmean2": 0.484501034021,
        "dvar": 0.115312770009,
        "dvar2": 0.203767850995,
        "max": 4.06789588928,
        "mean": 0.872820913792,
        "median": 0.847979903221,
        "min": -1.88163876534,
        "var": 1.00278222561
    },
    "erbbands_spread": {
        "dmean": 6.17083740234,
        "dmean2": 8.7216129303,
        "dvar": 60.1085395813,
        "dvar2": 126.873825073,
        "max": 137.970031738,
        "mean": 30.7691020966,
        "median": 26.6217651367,
        "min": 5.19516277313,
        "var": 339.025726318
    },
    "hfc": {
        "dmean": 3.55974245071,
        "dmean2": 4.88719177246,
        "dvar": 18.8391399384,
        "dvar2": 32.8180885315,
        "max": 77.2626876831,
        "mean": 17.490737915,
        "median": 17.9501457214,
        "min": 1.07529965769e-16,
        "var": 137.040130615
    },
    "melbands_kurtosis": {
        "dmean": 5.90852212906,
        "dmean2": 9.1221704483,
        "dvar": 72.4340744019,
        "dvar2": 183.225280762,
        "max": 84.9259033203,
        "mean": 13.3739013672,
        "median": 8.49465847015,
        "min": -1.17711853981,
        "var": 190.349807739
    },
    "melbands_skewness": {
        "dmean": 0.600348174572,
        "dmean2": 0.894258677959,
        "dvar": 0.454080760479,
        "dvar2": 1.03868556023,
        "max": 7.46726417542,
        "mean": 2.41670751572,
        "median": 2.13451695442,
        "min": -0.0628424063325,
        "var": 2.17208433151
    },
    "melbands_spread": {
        "dmean": 4.3579659462,
        "dmean2": 6.47606897354,
        "dvar": 82.1155319214,
        "dvar2": 168.160812378,
        "max": 142.775970459,
        "mean": 14.9544353485,
        "median": 10.9792566299,
        "min": 1.1050645113,
        "var": 230.900863647
    },
    "pitch_salience": {
        "dmean": 0.0563605129719,
        "dmean2": 0.0880294144154,
        "dvar": 0.00241363886744,
        "dvar2": 0.006040496286,
        "max": 0.947093486786,
        "mean": 0.516527056694,
        "median": 0.513945043087,
        "min": 0.254257947206,
        "var": 0.00971873942763
    },
    "silence_rate_20dB": {
        "dmean": 0,
        "dmean2": 0,
        "dvar": 0,
        "dvar2": 0,
        "max": 1,
        "mean": 1,
        "median": 1,
        "min": 1,
        "var": 0
    },
    "silence_rate_30dB": {
        "dmean": 0,
        "dmean2": 0,
        "dvar": 0,
        "dvar2": 0,
        "max": 1,
        "mean": 1,
        "median": 1,
        "min": 1,
        "var": 0
    },
    "silence_rate_60dB": {
        "dmean": 0.00611620815471,
        "dmean2": 0.0122511489317,
        "dvar": 0.00607882300392,
        "dvar2": 0.0121011678129,
        "max": 1,
        "mean": 0.0656488537788,
        "median": 0,
        "min": 0,
        "var": 0.0613398849964
    },
    "spectral_centroid": {
        "dmean": 200.507049561,
        "dmean2": 281.348144531,
        "dvar": 247563.03125,
        "dvar2": 246739.1875,
        "max": 11172.9189453,
        "mean": 911.124023438,
        "median": 687.793273926,
        "min": 206.706329346,
        "var": 637877.625
    },
    "spectral_complexity": {
        "dmean": 2.39755344391,
        "dmean2": 3.56508421898,
        "dvar": 8.70432376862,
        "dvar2": 13.654665947,
        "max": 50,
        "mean": 13.9908399582,
        "median": 13,
        "min": 0,
        "var": 63.3953590393
    },
    "spectral_crest": {
        "dmean": 2.06391358376,
        "dmean2": 3.32588815689,
        "dvar": 3.5353269577,
        "dvar2": 9.12547969818,
        "max": 24.4431934357,
        "mean": 10.1067829132,
        "median": 9.51300048828,
        "min": 3.4795999527,
        "var": 11.7904138565
    },
    "spectral_decrease": {
        "dmean": 1.87323201395e-09,
        "dmean2": 2.80171419398e-09,
        "dvar": 5.18611679747e-18,
        "dvar2": 1.14842050478e-17,
        "max": 2.9736045558e-23,
        "mean": -7.92094390079e-09,
        "median": -8.19037726529e-09,
        "min": -3.53893980787e-08,
        "var": 2.20443467809e-17
    },
    "spectral_energy": {
        "dmean": 0.00730338739231,
        "dmean2": 0.0108560249209,
        "dvar": 7.71326740505e-05,
        "dvar2": 0.000170034429175,
        "max": 0.137525618076,
        "mean": 0.0314819216728,
        "median": 0.032429985702,
        "min": 1.03689933217e-20,
        "var": 0.000341483391821
    },
    "spectral_energyband_high": {
        "dmean": 0.000138645380503,
        "dmean2": 0.000191454339074,
        "dvar": 6.35727204212e-08,
        "dvar2": 1.09649462843e-07,
        "max": 0.00366212055087,
        "mean": 0.0003208432463,
        "median": 0.000147425991599,
        "min": 7.21264820318e-21,
        "var": 2.37321913232e-07
    },
    "spectral_energyband_low": {
        "dmean": 0.002939238213,
        "dmean2": 0.00494191935286,
        "dvar": 1.55018278747e-05,
        "dvar2": 3.83604965464e-05,
        "max": 0.0406449027359,
        "mean": 0.00547996116802,
        "median": 0.00394030008465,
        "min": 4.62589959642e-23,
        "var": 2.75346756098e-05
    },
    "spectral_energyband_middle_high": {
        "dmean": 0.00129867368378,
        "dmean2": 0.0016966961557,
        "dvar": 3.80109599973e-06,
        "dvar2": 6.85080385665e-06,
        "max": 0.0331977270544,
        "mean": 0.00479346700013,
        "median": 0.00272929319181,
        "min": 1.55290316089e-21,
        "var": 3.22952473653e-05
    },
    "spectral_energyband_middle_low": {
        "dmean": 0.00584063120186,
        "dmean2": 0.00851216726005,
        "dvar": 6.34906537016e-05,
        "dvar2": 0.000136770875542,
        "max": 0.127952039242,
        "mean": 0.0226907301694,
        "median": 0.0214063860476,
        "min": 4.20629293201e-22,
        "var": 0.000261271372437
    },
    "spectral_flatness_db": {
        "dmean": 0.0201672110707,
        "dmean2": 0.0298230014741,
        "dvar": 0.000381611433113,
        "dvar2": 0.00079101533629,
        "max": 0.335605531931,
        "mean": 0.182223036885,
        "median": 0.181087985635,
        "min": 0.063423268497,
        "var": 0.00213278876618
    },
    "spectral_flux": {
        "dmean": 0.0237110853195,
        "dmean2": 0.0375019051135,
        "dvar": 0.000624558364507,
        "dvar2": 0.00141523173079,
        "max": 0.23379817605,
        "mean": 0.0715979933739,
        "median": 0.0661344379187,
        "min": 1.01828254162e-10,
        "var": 0.00166997907218
    },
    "spectral_kurtosis": {
        "dmean": 2.33507180214,
        "dmean2": 3.85732007027,
        "dvar": 6.62803554535,
        "dvar2": 17.6297245026,
        "max": 24.765789032,
        "mean": 6.94963264465,
        "median": 5.91641235352,
        "min": -1.2348524332,
        "var": 18.0626163483
    },
    "spectral_rms": {
        "dmean": 0.000628876616247,
        "dmean2": 0.000924524269067,
        "dvar": 4.27733510833e-07,
        "dvar2": 9.16623150715e-07,
        "max": 0.0115832351148,
        "mean": 0.00519517995417,
        "median": 0.00562485633418,
        "min": 3.18058036505e-12,
        "var": 3.72413614969e-06
    },
    "spectral_rolloff": {
        "dmean": 337.38583374,
        "dmean2": 587.264770508,
        "dvar": 1491793.5,
        "dvar2": 3069840.5,
        "max": 18820.0195312,
        "mean": 1073.33935547,
        "median": 645.99609375,
        "min": 129.19921875,
        "var": 3208343
    },
    "spectral_skewness": {
        "dmean": 0.281076937914,
        "dmean2": 0.43708139658,
        "dvar": 0.0869056135416,
        "dvar2": 0.186846852303,
        "max": 3.95520329475,
        "mean": 1.94356536865,
        "median": 1.90381634235,
        "min": -0.0116913728416,
        "var": 0.424795985222
    },
    "spectral_spread": {
        "dmean": 582372.9375,
        "dmean2": 793256,
        "dvar": 3.24970584474e+12,
        "dvar2": 3.47061957427e+12,
        "max": 41870176,
        "mean": 3944962.75,
        "median": 3609075,
        "min": 1956354.625,
        "var": 5.84095472026e+12
    },
    "spectral_strongpeak": {
        "dmean": 0.50035649538,
        "dmean2": 0.829963803291,
        "dvar": 0.439050972462,
        "dvar2": 1.01921832561,
        "max": 5.83294057846,
        "mean": 1.33651232719,
        "median": 1.00411391258,
        "min": 0,
        "var": 1.33427381516
    },
    "zerocrossingrate": {
        "dmean": 0.00776247726753,
        "dmean2": 0.0100437887013,
        "dvar": 0.000594503537286,
        "dvar2": 0.00107858388219,
        "max": 0.5107421875,
        "mean": 0.0433817394078,
        "median": 0.03466796875,
        "min": 0.00439453125,
        "var": 0.00211792462505
    },
    "barkbands": {
        "dmean": [4.54148675999e-06, 0.000797894143034, 0.00191252492368, 0.00206683576107, 0.00280005298555, 0.00164298922755, 0.00155827577692, 0.000770096026827, 0.000194001113414, 0.000500255613588, 0.00038017865154, 0.000269458483672, 0.000160579787917, 0.000183923431905, 0.000243804635829, 0.000100754761661, 0.000113982408948, 0.000116130220704, 0.000136115981149, 0.000107309620944, 4.10718166677e-05, 1.22573510453e-05, 1.56417936523e-05, 2.83008630504e-05, 1.77976162377e-05, 6.53984261589e-06, 7.06864227595e-07],
        "dmean2": [7.62517083785e-06, 0.00119248905685, 0.00338186905719, 0.00332981348038, 0.00446231896058, 0.00219461112283, 0.002126181731, 0.0010910697747, 0.000292601529509, 0.000623852538411, 0.000510619720444, 0.000385811697925, 0.00020744484209, 0.000270077376626, 0.000355007738108, 0.00015567522496, 0.000175162567757, 0.000159634044394, 0.000215231892071, 0.000165001838468, 5.82891734666e-05, 1.71160882019e-05, 2.30435143749e-05, 4.41288393631e-05, 2.74915637419e-05, 1.05204990177e-05, 1.23961513054e-06],
        "dvar": [4.59555005161e-10, 1.73416469806e-06, 6.6068751039e-06, 1.87006735359e-05, 1.92231127585e-05, 1.15616212497e-05, 8.8885990408e-06, 2.39547102865e-06, 1.85564204003e-07, 1.01985244783e-06, 1.05457911559e-06, 6.96803340361e-07, 2.67622539241e-07, 3.19726922271e-07, 3.34296487381e-07, 7.25321669393e-08, 1.43962168409e-07, 1.28825178081e-07, 9.74595693037e-08, 5.31935526737e-08, 7.64751195703e-09, 5.0850390565e-10, 7.24135029717e-10, 3.80863340865e-09, 4.90260188002e-09, 3.80020459545e-10, 9.27933858225e-12],
        "dvar2": [1.07372910563e-09, 3.7041700125e-06, 1.84316359082e-05, 4.26517799497e-05, 4.63590913569e-05, 2.36052637774e-05, 1.61580810527e-05, 4.0284530769e-06, 3.21436374406e-07, 1.68443534676e-06, 1.73598994024e-06, 1.16546084428e-06, 3.5491939343e-07, 5.33807224201e-07, 6.10708525528e-07, 1.63291190347e-07, 3.55005369101e-07, 2.52102182685e-07, 2.33240442071e-07, 1.07689629658e-07, 1.2585467779e-08, 9.89891835168e-10, 1.48802259403e-09, 8.54976978104e-09, 9.41039868252e-09, 8.88255746734e-10, 2.58412319321e-11],
        "max": [0.000516975414939, 0.0130885997787, 0.023990675807, 0.0582687035203, 0.0480634383857, 0.0504371747375, 0.0491523258388, 0.0249176509678, 0.00589553499594, 0.0163152869791, 0.0206661280245, 0.0127945290878, 0.00995687022805, 0.015638390556, 0.00906960573047, 0.00392274092883, 0.0070813135244, 0.00649680942297, 0.00381916039623, 0.00405532494187, 0.00149570975918, 0.000226101314183, 0.000541403307579, 0.000977956573479, 0.0015609835973, 0.000347669760231, 4.0913666453e-05],
        "mean": [4.8372726269e-06, 0.00143454631325, 0.0027469987981, 0.00322649744339, 0.00586644699797, 0.00444548390806, 0.00520254578441, 0.00233293185011, 0.000633985036984, 0.00160719035193, 0.00102918432094, 0.000484638847411, 0.000380909070373, 0.00034984148806, 0.000502855342347, 0.000161580159329, 0.000208739758818, 0.000192809748114, 0.00025234601344, 0.000199364862056, 7.64458600315e-05, 2.03872932616e-05, 3.02149855997e-05, 5.50788608962e-05, 2.6778987376e-05, 8.74746365298e-06, 5.52491428607e-07],
        "median": [1.23802817598e-06, 0.000675002404023, 0.00172844552435, 0.00145183876157, 0.00325262825936, 0.00125682947692, 0.000945054111071, 0.00100812711753, 9.02365718503e-05, 0.000278264342342, 0.000253624806646, 7.45377983549e-05, 7.12898399797e-05, 8.70161384228e-05, 0.00012807456369, 5.60493463126e-05, 4.16719485656e-05, 4.15057729697e-05, 7.26340731489e-05, 6.44485626253e-05, 2.59103289864e-05, 6.84649876348e-06, 1.6455693185e-05, 2.1844267394e-05, 3.67226107301e-06, 2.47774755735e-06, 5.86269663927e-08],
        "min": [5.2779220069e-24, 1.83894741941e-23, 6.36774833582e-24, 1.46280970456e-23, 5.94793612581e-23, 4.89637885935e-23, 3.09596729516e-23, 9.85706313534e-23, 8.76389945147e-23, 8.19569051451e-23, 6.42283922599e-23, 7.5703232407e-23, 7.51641942842e-23, 1.00646629266e-22, 1.11328872463e-22, 1.13503604206e-22, 1.77107452132e-22, 2.43759004212e-22, 2.46494294204e-22, 2.79776095981e-22, 3.67903294422e-22, 3.61383289621e-22, 6.07943620948e-22, 5.85818357098e-22, 1.22385461082e-21, 1.47979107781e-21, 2.1789144986e-21],
        "var": [5.77702996551e-10, 4.06535900765e-06, 9.4549741334e-06, 2.80988006125e-05, 4.43402896053e-05, 4.11633482145e-05, 6.78912838339e-05, 1.11972367449e-05, 1.43696286159e-06, 8.0159134086e-06, 6.24453923592e-06, 2.08313372241e-06, 1.09051302388e-06, 1.0601052054e-06, 1.53746020715e-06, 1.28814235723e-07, 2.74567980796e-07, 2.76570830238e-07, 2.52423404845e-07, 1.59794069532e-07, 2.60127404061e-08, 1.14735143608e-09, 1.9872963275e-09, 8.99648178176e-09, 1.20427028349e-08, 6.81635081712e-10, 6.11652265295e-12]
    },
    "erbbands": {
        "dmean": [0.00498114526272, 0.258671790361, 1.99348926544, 3.92014169693, 11.1767473221, 7.39432954788, 10.2109642029, 12.0422344208, 23.1012821198, 20.5997333527, 11.9261951447, 4.42698383331, 15.2621231079, 13.2621068954, 12.8796234131, 12.9605522156, 7.59555006027, 8.93326282501, 10.0369663239, 9.77857017517, 5.34077262878, 5.12334871292, 5.42781925201, 6.27958488464, 6.13036680222, 5.24756479263, 2.66085338593, 1.05688965321, 0.464753866196, 0.363314956427, 0.484333604574, 0.508898735046, 0.539980828762, 0.248687699437, 0.104480206966, 0.0307176373899, 0.0124323517084, 0.0025597398635, 7.48908059904e-05, 9.19895592233e-06],
        "dmean2": [0.00761408545077, 0.39943882823, 3.50980377197, 6.42525482178, 17.9263935089, 11.8406839371, 14.1846809387, 17.2597637177, 31.5708656311, 28.1280441284, 16.5253715515, 6.37956857681, 19.1237010956, 16.3107757568, 17.6654167175, 17.85181427, 9.9644651413, 12.8123025894, 13.6601133347, 14.2049379349, 8.41568183899, 7.61628198624, 7.62883424759, 9.4991235733, 9.57509708405, 8.2142868042, 3.76775860786, 1.56415510178, 0.681200265884, 0.532358288765, 0.711327373981, 0.788382589817, 0.832594573498, 0.37419295311, 0.164591938257, 0.0500017777085, 0.020121736452, 0.00423272047192, 0.000126120547066, 1.37412707772e-05],
        "dvar": [9.87086095847e-05, 0.172231346369, 7.74549055099, 44.6073646545, 425.856933594, 195.043823242, 692.273864746, 1028.31799316, 2621.81079102, 1749.71887207, 735.04284668, 68.6605682373, 1107.03295898, 1279.31054688, 1187.85241699, 1488.33203125, 680.417785645, 853.732116699, 810.574829102, 427.928527832, 262.756164551, 248.026809692, 341.780426025, 206.229598999, 212.234542847, 122.419914246, 33.0612564087, 6.11776447296, 0.840983271599, 0.444479107857, 0.658639073372, 0.994407832623, 1.67055296898, 0.995219171047, 0.160421162844, 0.0129516422749, 0.00118590088096, 5.77531172894e-05, 9.18991744925e-08, 1.40224498679e-10],
        "dvar2": [0.00021926262707, 0.382033288479, 20.7360420227, 102.964790344, 1048.89172363, 449.460266113, 1040.42004395, 2424.3293457, 4850.98339844, 2842.29199219, 1146.8626709, 131.942840576, 1519.79833984, 2004.6739502, 2088.49462891, 2366.11206055, 896.411010742, 1345.50561523, 1328.47143555, 762.479187012, 729.368225098, 565.308532715, 694.041625977, 468.72833252, 512.158996582, 266.243377686, 53.1254119873, 10.7623510361, 1.65139555931, 0.994348227978, 1.45709311962, 2.45296192169, 3.49147415161, 1.80931723118, 0.333731472492, 0.031570725143, 0.00283745024353, 0.000153544810019, 2.54601161487e-07, 2.86519807879e-10],
        "max": [0.161310836673, 4.08637094498, 23.0170497894, 84.8139190674, 280.456756592, 182.833999634, 500.70614624, 541.85168457, 903.010070801, 785.96673584, 450.197021484, 167.949447632, 531.243225098, 692.715393066, 628.956970215, 652.65625, 548.658996582, 898.890197754, 503.658294678, 560.245849609, 236.714538574, 310.715332031, 343.940582275, 222.855895996, 174.008361816, 154.087402344, 105.80380249, 53.5122375488, 10.8213386536, 7.64150762558, 16.1504631042, 13.1968841553, 21.713388443, 24.6431312561, 7.54561567307, 2.01943683624, 0.463602751493, 0.0748862624168, 0.0040996959433, 0.000169264632859],
        "mean": [0.00888220779598, 0.462600827217, 3.08857107162, 6.81379127502, 17.6685218811, 15.7707719803, 29.3002719879, 31.7380332947, 65.7371063232, 89.5674667358, 37.0610084534, 19.583568573, 48.0001449585, 35.7868461609, 33.8110351562, 25.8345127106, 19.3446941376, 19.1880054474, 21.4670238495, 21.1933898926, 9.27460956573, 11.0897474289, 10.3989429474, 12.7181310654, 11.0487270355, 9.62873935699, 5.2814412117, 1.96321439743, 0.787946641445, 0.599295496941, 0.946479320526, 1.0439029932, 0.950856626034, 0.405133992434, 0.146429911256, 0.0432875789702, 0.0158405005932, 0.00260328338481, 8.42500739964e-05, 3.84097729693e-05],
        "median": [0.00431227404624, 0.223243072629, 1.79070580006, 4.23651361465, 10.7290973663, 7.69779348373, 7.53293657303, 10.1977052689, 17.9671115875, 19.116897583, 19.4162349701, 6.35790157318, 8.05338287354, 9.75244045258, 11.9772434235, 6.04646921158, 4.53919458389, 5.67298841476, 5.0600028038, 7.62125301361, 3.00657725334, 1.99512243271, 2.59009766579, 3.3011713028, 3.26093649864, 3.10951733589, 1.89560627937, 0.668635129929, 0.266524046659, 0.217567577958, 0.539919316769, 0.517457783222, 0.266190856695, 0.0707256197929, 0.0187171082944, 0.00907289702445, 0.00462906342, 0.000611654890236, 3.34074320563e-05, 4.00669014198e-05],
        "min": [7.98459714229e-22, 1.80122637546e-21, 6.60561314805e-21, 2.49968617364e-20, 1.32225376679e-19, 1.70941629873e-19, 4.67732379295e-19, 3.57471452539e-19, 4.35316360162e-19, 1.17653496759e-18, 2.06835747027e-18, 1.95362855328e-18, 2.11178052332e-18, 3.33934136777e-18, 1.77871811083e-18, 3.60398208832e-18, 3.33833613653e-18, 4.08570850242e-18, 6.26738413314e-18, 6.19223353372e-18, 8.32806929643e-18, 8.92022308154e-18, 1.22099046612e-17, 1.36595130421e-17, 1.22864139048e-17, 1.54078436392e-17, 1.15874793744e-17, 1.22365845447e-17, 1.37138819694e-17, 1.31811305057e-17, 1.84764868428e-17, 1.02752359148e-17, 1.24657996012e-17, 1.10372520658e-17, 9.49911550707e-18, 6.22043294798e-18, 2.76640650381e-18, 1.02518355956e-18, 3.05091636117e-19, 3.20936190277e-20],
        "var": [0.000156636699103, 0.394963055849, 12.6426687241, 72.2141799927, 542.580383301, 486.647796631, 3938.88818359, 2518.66235352, 11811.7050781, 26930.2695312, 3567.68823242, 1003.30474854, 7485.03564453, 6371.06494141, 5256.75048828, 4804.27001953, 2677.40087891, 3301.54394531, 3411.54248047, 2525.34399414, 399.742553711, 753.227905273, 739.887634277, 629.777587891, 483.841064453, 350.975494385, 109.340408325, 20.5238380432, 1.91029560566, 0.93031090498, 1.78807663918, 2.22705793381, 3.88278198242, 2.30628538132, 0.388686478138, 0.0241454858333, 0.00169477937743, 4.98912195326e-05, 6.4934553734e-08, 5.18840581609e-10]
    },
    "gfcc": {
        "mean": [-36.2309074402, 118.452468872, -110.390228271, 22.1250572205, -63.4583244324, 0.805612325668, -42.9379348755, 2.22631907463, -30.3542938232, -4.55399656296, -12.5995397568, -14.1948518753, -13.7442941666],
        "cov": [[18367.9042969, 364.297241211, -1273.90075684, 170.455673218, -876.729858398, 53.9823074341, -572.447814941, 328.567352295, -358.78302002, -52.7005577087, -14.8666324615, -248.402145386, -230.690414429], [364.297241211, 792.141601562, -110.24066925, -226.592178345, -26.1372795105, -60.8800468445, 81.4412231445, -97.6916427612, 108.510681152, -58.3482284546, 63.153591156, -9.67145061493, 0.881689786911], [-1273.90075684, -110.24066925, 606.134765625, -23.9250583649, -6.2807507515, 61.3341712952, 28.620388031, -11.6246814728, 57.2631759644, 105.651176453, -46.8692016602, 54.7977180481, -29.2838783264], [170.455673218, -226.592178345, -23.9250583649, 558.865234375, 115.475860596, -31.8296813965, -39.5431632996, 14.3270292282, -71.840713501, -8.40291976929, -67.0251541138, 0.976710140705, 52.1887054443], [-876.729858398, -26.1372795105, -6.2807507515, 115.475860596, 269.715942383, 29.7169075012, 42.3109321594, -21.8135757446, -8.45983409882, 3.89413189888, -21.8943691254, 20.3117218018, 34.1974449158], [53.9823074341, -60.8800468445, 61.3341712952, -31.8296813965, 29.7169075012, 143.971389771, 34.0163078308, 8.15425205231, -8.37948799133, 56.0774688721, -26.0274391174, -11.9087934494, -12.9953460693], [-572.447814941, 81.4412231445, 28.620388031, -39.5431632996, 42.3109321594, 34.0163078308, 155.867858887, -22.2898597717, 24.3574943542, 33.4915542603, -3.24121546745, 8.81495857239, -16.5448741913], [328.567352295, -97.6916427612, -11.6246814728, 14.3270292282, -21.8135757446, 8.15425205231, -22.2898597717, 176.389129639, 40.774559021, -54.9353370667, 26.9537334442, -7.13933801651, 7.1685628891], [-358.78302002, 108.510681152, 57.2631759644, -71.840713501, -8.45983409882, -8.37948799133, 24.3574943542, 40.774559021, 143.772750854, -13.7672796249, 13.7539148331, -0.765308499336, 6.8490896225], [-52.7005577087, -58.3482284546, 105.651176453, -8.40291976929, 3.89413189888, 56.0774688721, 33.4915542603, -54.9353370667, -13.7672796249, 149.223510742, -42.8189353943, 5.34733819962, -24.3145122528], [-14.8666324615, 63.153591156, -46.8692016602, -67.0251541138, -21.8943691254, -26.0274391174, -3.24121546745, 26.9537334442, 13.7539148331, -42.8189353943, 108.769973755, 12.8250055313, 6.08521127701], [-248.402145386, -9.67145061493, 54.7977180481, 0.976710140705, 20.3117218018, -11.9087934494, 8.81495857239, -7.13933801651, -0.765308499336, 5.34733819962, 12.8250055313, 79.5380477905, 15.3007602692], [-230.690414429, 0.881689786911, -29.2838783264, 52.1887054443, 34.1974449158, -12.9953460693, -16.5448741913, 7.1685628891, 6.8490896225, -24.3145122528, 6.08521127701, 15.3007602692, 67.8427429199]],
        "icov": [[0.00013810089149, -0.000277879938949, 0.000313864118652, -0.000189013939234, 0.000395001930883, -0.000327002810081, 0.000533296610229, -0.000462567142677, 0.000308151560603, -0.000297009304632, 0.000164593206136, -0.000178024143679, 0.000559100764804], [-0.000277879938949, 0.00274687260389, -0.000271214754321, 0.000902430794667, -0.000659965386149, 0.00103609031066, -0.00199908344075, 0.00283380970359, -0.00234212423675, 0.00162088300567, -0.000916583172511, 0.000709448533598, -0.00130810739938], [0.000313864118652, -0.000271214754321, 0.00308914016932, -0.000507199438289, 0.00111465388909, -0.00140389869921, 0.00139375647996, -0.000751283194404, -0.000908095214982, -0.00164499995299, 0.000953672744799, -0.00239346269518, 0.00233923457563], [-0.000189013939234, 0.000902430794667, -0.000507199438289, 0.00304268207401, -0.00153663905803, 0.00179829914123, -0.000745538505726, 9.52531772782e-05, 0.000721809803508, 0.000374211493181, 0.00127957761288, 0.00084675475955, -0.00253132823855], [0.000395001930883, -0.000659965386149, 0.00111465388909, -0.00153663905803, 0.00608001695946, -0.00243943370879, 5.48017815163e-05, -0.000350934104063, 0.000495910411701, -8.27292751637e-05, 0.000809517805465, -0.00162270944566, -0.000252993544564], [-0.000327002810081, 0.00103609031066, -0.00140389869921, 0.00179829914123, -0.00243943370879, 0.0110443150625, -0.00291934492998, -0.00119635171723, 0.000982072902843, -0.00261546927504, 0.000829789263662, 0.00300653930753, -0.00214409595355], [0.000533296610229, -0.00199908344075, 0.00139375647996, -0.000745538505726, 5.48017815163e-05, -0.00291934492998, 0.0105592971668, -0.00156961497851, -0.000114016933367, -0.00252973521128, 0.00039245566586, -0.00209122686647, 0.00470993993804], [-0.000462567142677, 0.00283380970359, -0.000751283194404, 9.52531772782e-05, -0.000350934104063, -0.00119635171723, -0.00156961497851, 0.0110458601266, -0.00512364134192, 0.00492026889697, -0.00254903151654, 0.000768208061345, -0.00127345242072], [0.000308151560603, -0.00234212423675, -0.000908095214982, 0.000721809803508, 0.000495910411701, 0.000982072902843, -0.000114016933367, -0.00512364134192, 0.0116264689714, -0.00126873748377, 0.00102756626438, 0.00116855942179, -0.00140142103191], [-0.000297009304632, 0.00162088300567, -0.00164499995299, 0.000374211493181, -8.27292751637e-05, -0.00261546927504, -0.00252973521128, 0.00492026889697, -0.00126873748377, 0.0122875208035, 0.00161235244013, -0.000517586420756, 0.000878938881215], [0.000164593206136, -0.000916583172511, 0.000953672744799, 0.00127957761288, 0.000809517805465, 0.000829789263662, 0.00039245566586, -0.00254903151654, 0.00102756626438, 0.00161235244013, 0.0127833718434, -0.00279885227792, 7.35915964469e-05], [-0.000178024143679, 0.000709448533598, -0.00239346269518, 0.00084675475955, -0.00162270944566, 0.00300653930753, -0.00209122686647, 0.000768208061345, 0.00116855942179, -0.000517586420756, -0.00279885227792, 0.0164141468704, -0.00525071844459], [0.000559100764804, -0.00130810739938, 0.00233923457563, -0.00253132823855, -0.000252993544564, -0.00214409595355, 0.00470993993804, -0.00127345242072, -0.00140142103191, 0.000878938881215, 7.35915964469e-05, -0.00525071844459, 0.0222491789609]]
    },
    "melbands": {
        "dmean": [0.000121269775263, 0.000783103751019, 0.000923595041968, 0.000642722065095, 0.000340165192029, 0.000293925084407, 0.000321123632602, 0.000214594401768, 8.38850683067e-05, 2.85892310785e-05, 7.71117120166e-05, 5.64749279874e-05, 5.55215883651e-05, 3.46050983353e-05, 2.04511597985e-05, 1.5040006474e-05, 1.83979609574e-05, 1.52099146362e-05, 1.75875447894e-05, 1.01020777947e-05, 6.79875029164e-06, 5.98705491939e-06, 5.57036719329e-06, 5.7018141888e-06, 5.41429199075e-06, 5.83741712035e-06, 3.76084904019e-06, 3.63628055311e-06, 2.16285525312e-06, 1.10508017315e-06, 4.99867439885e-07, 2.71697217613e-07, 2.42178316512e-07, 2.04822228511e-07, 2.75649739478e-07, 3.40967801549e-07, 3.3835698332e-07, 4.03203273436e-07, 3.41631618994e-07, 1.9785191796e-07],
        "dmean2": [0.000181295559742, 0.00136034085881, 0.00148725195322, 0.00101517688017, 0.000497106986586, 0.000411117827753, 0.000436614442151, 0.000295177043881, 0.000117634830531, 4.01083780162e-05, 9.70113396761e-05, 6.78114083712e-05, 7.50831823098e-05, 4.70693630632e-05, 2.94039273285e-05, 1.93763426068e-05, 2.66678980552e-05, 2.25036819756e-05, 2.5869541787e-05, 1.4945678231e-05, 1.11227736852e-05, 9.06546301849e-06, 8.16295505501e-06, 8.41190012579e-06, 8.26043105917e-06, 9.43475879467e-06, 5.73031320528e-06, 5.6443500398e-06, 3.25537780554e-06, 1.66381221334e-06, 7.43097018585e-07, 4.06948515774e-07, 3.65188384421e-07, 3.04242803395e-07, 4.1099548298e-07, 5.24685844994e-07, 5.48190314476e-07, 6.25634527296e-07, 5.28649025e-07, 2.87920840947e-07],
        "dvar": [4.11254532651e-08, 1.25027531794e-06, 2.85076066575e-06, 1.09745349164e-06, 6.16543900378e-07, 4.74521726801e-07, 4.46616979843e-07, 1.81478085892e-07, 3.76962567827e-08, 3.2708113995e-09, 2.74159202007e-08, 2.21623910335e-08, 2.46278588634e-08, 1.11028155558e-08, 3.05275715817e-09, 1.96544069908e-09, 3.29512328534e-09, 1.91366122948e-09, 1.85956416932e-09, 5.46209966146e-10, 6.01656724442e-10, 3.12110642886e-10, 5.09890463185e-10, 2.40653164063e-10, 1.57629215236e-10, 2.3908905411e-10, 7.29031973679e-11, 5.43066737413e-11, 2.43834692021e-11, 6.4894968739e-12, 1.80213526393e-12, 2.86420111803e-13, 2.81456525838e-13, 1.62201537466e-13, 1.86750083713e-13, 4.89363215748e-13, 5.84426875384e-13, 7.88618844706e-13, 1.22175891366e-12, 6.94835302576e-13],
        "dvar2": [8.5328089483e-08, 3.19581272379e-06, 6.61086050968e-06, 2.72107968158e-06, 1.06533116195e-06, 1.02215915376e-06, 7.94441348262e-07, 2.97213745171e-07, 5.82749954958e-08, 5.62992896747e-09, 3.76078439501e-08, 3.26954783247e-08, 4.44417977974e-08, 1.76858740986e-08, 5.86115644907e-09, 2.98377433872e-09, 5.1893840336e-09, 3.30674754245e-09, 3.59629392932e-09, 1.01631147942e-09, 1.73852487961e-09, 7.21930459857e-10, 1.00269614833e-09, 5.44942868608e-10, 3.64584418211e-10, 6.03007532796e-10, 1.66549982139e-10, 1.19643073226e-10, 4.44635092633e-11, 1.39745272645e-11, 3.56417499681e-12, 5.35391772149e-13, 6.61925971934e-13, 3.92365014177e-13, 3.88037095945e-13, 1.18236822243e-12, 1.53194611944e-12, 1.73551982247e-12, 2.63204432208e-12, 1.32146257912e-12],
        "max": [0.00188191444613, 0.0092070940882, 0.0240330602974, 0.0115956915542, 0.0142219057307, 0.0114208729938, 0.0118439504877, 0.00710450019687, 0.00322814192623, 0.000908869318664, 0.00269064912573, 0.00295354262926, 0.00293485005386, 0.0014550514752, 0.000805839546956, 0.000830708188005, 0.00169499032199, 0.000717576942407, 0.000881094892975, 0.00044082372915, 0.000381601741537, 0.000309009221382, 0.000385483639548, 0.000230052159168, 0.000200818423764, 0.000177267662366, 0.000140779287904, 0.000112372734293, 8.31203215057e-05, 5.0410413678e-05, 2.92518725473e-05, 6.45167119728e-06, 5.62775994695e-06, 5.87069644098e-06, 7.17867033018e-06, 1.30766838993e-05, 1.15657558126e-05, 1.39821804623e-05, 2.24058621825e-05, 2.19218945858e-05],
        "mean": [0.000219873792958, 0.0012693250319, 0.00157885847148, 0.00118885142729, 0.000942519807722, 0.000813433027361, 0.00102382164914, 0.000881285348441, 0.000252607802395, 0.000104173195723, 0.000236474355916, 0.000138282703119, 0.000145738813444, 5.84752851864e-05, 5.25170798937e-05, 3.24975517287e-05, 3.6683446524e-05, 3.15829784086e-05, 3.36027842422e-05, 1.87107543752e-05, 9.9481030702e-06, 1.21906487038e-05, 9.62882677413e-06, 9.82194160315e-06, 1.02952744783e-05, 9.36403284868e-06, 6.54886071061e-06, 6.33036006548e-06, 3.97298708776e-06, 1.85564852018e-06, 8.26762686756e-07, 4.44788611276e-07, 3.41680248539e-07, 3.2216200907e-07, 5.03319256495e-07, 6.71214877457e-07, 6.17044577211e-07, 7.01849785401e-07, 5.16267050443e-07, 2.85560503244e-07],
        "median": [0.000100837823993, 0.000707655388396, 0.000966484716628, 0.000723356148228, 0.000266850343905, 0.000236059262534, 0.000256966450252, 0.000213779348996, 0.000114032620331, 2.27277487284e-05, 3.49558649759e-05, 2.88639075734e-05, 3.74426344933e-05, 1.12283660201e-05, 9.04631542653e-06, 7.58639680498e-06, 8.78715309227e-06, 7.17981902199e-06, 9.69358552538e-06, 7.30740930521e-06, 2.45209025707e-06, 1.89666400274e-06, 2.15501177081e-06, 2.28763587984e-06, 2.4247563033e-06, 2.26492943511e-06, 1.95556503968e-06, 2.10885104934e-06, 1.29558225126e-06, 5.47683043806e-07, 2.70797755775e-07, 1.36711506116e-07, 1.08154452505e-07, 1.16849967924e-07, 2.64138577677e-07, 3.52289362127e-07, 2.68651746183e-07, 1.94254909047e-07, 1.06138884348e-07, 3.31344267579e-08],
        "min": [6.39541211004e-24, 2.93892378494e-24, 8.96982338663e-24, 1.27966389138e-23, 1.61903492936e-23, 8.20128511605e-24, 5.90058964091e-24, 1.68556098945e-23, 1.42606992784e-23, 1.35361242261e-23, 1.02628397743e-23, 1.29581605507e-23, 6.009218943e-24, 7.16101502919e-24, 1.06927950001e-23, 5.0668129679e-24, 7.68893179102e-24, 1.06251706879e-23, 6.89849789715e-24, 8.16077789742e-24, 1.0545906733e-23, 9.31775916635e-24, 7.6995680026e-24, 1.054912213e-23, 1.09499573443e-23, 8.84641950864e-24, 9.12528814952e-24, 1.01038858797e-23, 7.51983156738e-24, 5.7467566368e-24, 7.94891273525e-24, 8.82584286079e-24, 5.57233278533e-24, 7.68383969388e-24, 1.01510794833e-23, 8.39328912721e-24, 5.55423552731e-24, 7.46388791856e-24, 8.80318362015e-24, 8.79035043094e-24],
        "var": [9.20690368389e-08, 2.25583949032e-06, 4.18126273871e-06, 1.89883451185e-06, 3.28648798131e-06, 1.57422732627e-06, 2.42677015194e-06, 2.31136345974e-06, 1.90679671164e-07, 3.29133058585e-08, 1.85776912076e-07, 1.1534088884e-07, 1.23801243035e-07, 2.91394250951e-08, 1.4263625836e-08, 6.96247548504e-09, 1.2691061535e-08, 7.49799866639e-09, 7.07684710832e-09, 1.68108293952e-09, 7.52707174367e-10, 1.0969704034e-09, 1.01853125933e-09, 5.22616394605e-10, 4.5841119789e-10, 4.16076506582e-10, 1.84753046195e-10, 1.53049239948e-10, 6.88803875049e-11, 1.79048598864e-11, 4.67603429935e-12, 6.56262262415e-13, 3.90001724491e-13, 3.27894639609e-13, 5.37961710768e-13, 9.83577260437e-13, 9.76230164415e-13, 1.95496852214e-12, 2.13547864288e-12, 1.62798106159e-12]
    },
    "mfcc": {
