{
"metadata": {
    "version": {
        "essentia": "2.0.1",
        "extractor": "archive-music 1.0"
    },
    "audio_properties": {
        "analysis_sample_rate": 44100,
        "bitrate": 128,
        "channels": 2,
        "equal_loudness": 0,
        "length": 15.3077554703,
        "replay_gain": -9.98044013977,
        "downmix": "mix"
    },
    "tags": {
        "track": 4,
        "year": 0,
        "album": "Love & Peace",
        "artist": "Dj Rostej",
        "comment": "",
        "genre": "Other",
        "title": "Dj Rostej - Long Way (original)"
    }
},
"highlevel": {
    "culture": {
        "all": {
            "non_western": 0.124326996505,
            "western": 0.875672996044
        },
        "probability": 0.875672996044,
        "value": "western"
    },
    "danceability": {
        "all": {
            "danceable": 0.999187469482,
            "not_danceable": 0.000812521437183
        },
        "probability": 0.999187469482,
        "value": "danceable"
    },
    "gender": {
        "all": {
            "female": 0.742804050446,
            "male": 0.257195949554
        },
        "probability": 0.742804050446,
        "value": "female"
    },
    "genre_dortmund": {
        "all": {
            "alternative": 0.0118207251653,
            "blues": 0.00905531365424,
            "electronic": 0.120350062847,
            "folkcountry": 0.0302685126662,
            "funksoulrnb": 0.0399150401354,
            "jazz": 0.0550763309002,
            "pop": 0.0482512749732,
            "raphiphop": 0.670474112034,
            "rock": 0.014788640663
        },
        "probability": 0.670474112034,
        "value": "raphiphop"
    },
    "genre_electronic": {
        "all": {
            "ambient": 0.368467569351,
            "dnb": 0.144731849432,
            "house": 0.386608600616,
            "techno": 0.0353118740022,
            "trance": 0.0648801252246
        },
        "probability": 0.386608600616,
        "value": "house"
    },
    "genre_rosamerica": {
        "all": {
            "cla": 0.00748016731814,
            "dan": 0.222511067986,
            "hip": 0.279914915562,
            "jaz": 0.0171412434429,
            "pop": 0.144337713718,
            "rhy": 0.30251416564,
            "roc": 0.0140620050952,
            "spe": 0.0120387291536
        },
        "probability": 0.30251416564,
        "value": "rhy"
    },
    "genre_tzanetakis": {
        "all": {
            "blu": 0.00214661913924,
            "cla": 0.00229738815688,
            "cou": 0.0033851263579,
            "dis": 0.0278093051165,
            "hip": 0.0683495849371,
            "jaz": 0.0119649628177,
            "met": 0.00175060960464,
            "pop": 0.478525102139,
            "reg": 0.353961825371,
            "roc": 0.0498094782233
        },
        "probability": 0.478525102139,
        "value": "pop"
    },
    "mirex_ballroom": {
        "all": {
            "ChaChaCha": 0.323595523834,
            "Jive": 0.0371308103204,
            "Quickstep": 0.0615657903254,
            "Rumba-American": 0.0186017658561,
            "Rumba-International": 0.130890935659,
            "Rumba-Misc": 0.066163264215,
            "Samba": 0.341251343489,
            "Tango": 0.00756150158122,
            "VienneseWaltz": 0.00700356625021,
            "Waltz": 0.00623549707234
        },
        "probability": 0.341251343489,
        "value": "Samba"
    },
    "mood_acoustic": {
        "all": {
            "acoustic": 0.145643278956,
            "not_acoustic": 0.854356706142
        },
        "probability": 0.854356706142,
        "value": "not_acoustic"
    },
    "mood_aggressive": {
        "all": {
            "aggressive": 0.00489949993789,
            "not_aggressive": 0.995100498199
        },
        "probability": 0.995100498199,
        "value": "not_aggressive"
    },
    "mood_electronic": {
        "all": {
            "electronic": 0.550898730755,
            "not_electronic": 0.449101239443
        },
        "probability": 0.550898730755,
        "value": "electronic"
    },
    "mood_happy": {
        "all": {
            "happy": 0.791874349117,
            "not_happy": 0.208125650883
        },
        "probability": 0.791874349117,
        "value": "happy"
    },
    "mood_party": {
        "all": {
            "not_party": 0.185601294041,
            "party": 0.814398705959
        },
        "probability": 0.814398705959,
        "value": "party"
    },
    "mood_relaxed": {
        "all": {
            "not_relaxed": 0.236943811178,
            "relaxed": 0.763056159019
        },
        "probability": 0.763056159019,
        "value": "relaxed"
    },
    "mood_sad": {
        "all": {
            "not_sad": 0.506511747837,
            "sad": 0.493488252163
        },
        "probability": 0.506511747837,
        "value": "not_sad"
    },
    "moods_mirex": {
        "all": {
            "Cluster1": 0.169097572565,
            "Cluster2": 0.491778105497,
            "Cluster3": 0.0957328230143,
            "Cluster4": 0.195869669318,
            "Cluster5": 0.0475218333304
        },
        "probability": 0.491778105497,
        "value": "Cluster2"
    },
    "timbre": {
        "all": {
            "bright": 0.985338270664,
            "dark": 0.0146617088467
        },
        "probability": 0.985338270664,
        "value": "bright"
    },
    "tonal_atonal": {
        "all": {
            "atonal": 0.492559403181,
            "tonal": 0.507440567017
        },
        "probability": 0.507440567017,
        "value": "tonal"
    },
    "voice_instrumental": {
        "all": {
            "instrumental": 0.392122417688,
            "voice": 0.607877612114
        },
        "probability": 0.607877612114,
        "value": "voice"
    }
},
"lowlevel": {
    "average_loudness": 0.979269504547,
    "barkbands_kurtosis": {
        "dmean": 9.88541316986,
        "dmean2": 15.52775383,
        "dvar": 304.106811523,
        "dvar2": 735.027587891,
        "max": 139.226760864,
        "mean": 10.1181507111,
        "median": 3.66429662704,
        "min": -1.80552136898,
        "var": 363.795928955
    },
    "barkbands_skewness": {
        "dmean": 1.14898443222,
        "dmean2": 1.6961812973,
        "dvar": 1.49139213562,
        "dvar2": 3.3417801857,
        "max": 10.8263225555,
        "mean": 2.15095901489,
        "median": 1.76803040504,
        "min": -1.99795138836,
        "var": 3.70068240166
    },
    "barkbands_spread": {
        "dmean": 10.9355897903,
        "dmean2": 16.9549598694,
        "dvar": 208.708740234,
        "dvar2": 453.929168701,
        "max": 97.3408126831,
        "mean": 19.8992004395,
        "median": 13.3020935059,
        "min": 1.65779268742,
        "var": 314.496276855
    },
    "dissonance": {
        "dmean": 0.0322214588523,
        "dmean2": 0.0505500659347,
        "dvar": 0.000848054769449,
        "dvar2": 0.00220043654554,
        "max": 0.499998688698,
        "mean": 0.44261482358,
        "median": 0.452376574278,
        "min": 0.270306169987,
        "var": 0.00184379366692
    },
    "dynamic_complexity": 2.71775460243,
    "erbbands_kurtosis": {
        "dmean": 1.56286346912,
        "dmean2": 2.41300654411,
        "dvar": 2.90264201164,
        "dvar2": 5.94235038757,
        "max": 13.6400756836,
        "mean": 1.03383207321,
        "median": 0.470880746841,
        "min": -1.6904861927,
        "var": 5.60676717758
    },
    "erbbands_skewness": {
        "dmean": 0.571474730968,
        "dmean2": 0.88581609726,
        "dvar": 0.236055850983,
        "dvar2": 0.544737160206,
        "max": 2.87515568733,
        "mean": 0.477003782988,
        "median": 0.434935420752,
        "min": -1.87834334373,
        "var": 0.553790867329
    },
    "erbbands_spread": {
        "dmean": 16.097486496,
        "dmean2": 22.9903087616,
        "dvar": 315.885131836,
        "dvar2": 509.21472168,
        "max": 127.744689941,
        "mean": 41.5631713867,
        "median": 30.6783123016,
        "min": 4.88496923447,
        "var": 884.895507812
    },
    "hfc": {
        "dmean": 19.5100860596,
        "dmean2": 29.3719539642,
        "dvar": 922.594055176,
        "dvar2": 1930.09863281,
        "max": 217.860580444,
        "mean": 25.8954029083,
        "median": 12.1295127869,
        "min": 1.17586648985e-16,
        "var": 1342.10241699
    },
    "melbands_kurtosis": {
        "dmean": 24.6278324127,
        "dmean2": 37.5830078125,
        "dvar": 2091.85620117,
        "dvar2": 4970.67382812,
        "max": 388.918304443,
        "mean": 28.9480895996,
        "median": 8.59290981293,
        "min": -1.55615854263,
        "var": 2785.80664062
    },
    "melbands_skewness": {
        "dmean": 1.50222492218,
        "dmean2": 2.12292456627,
        "dvar": 2.97032237053,
        "dvar2": 5.960252285,
        "max": 16.632352829,
        "mean": 3.38391971588,
        "median": 2.3362185955,
        "min": -0.558688342571,
        "var": 8.42843437195
    },
    "melbands_spread": {
        "dmean": 10.2727499008,
        "dmean2": 15.5789403915,
        "dvar": 224.834747314,
        "dvar2": 506.200744629,
        "max": 155.47164917,
        "mean": 19.3919963837,
        "median": 11.6459445953,
        "min": 1.06788277626,
        "var": 537.712158203
    },
    "pitch_salience": {
        "dmean": 0.0951420962811,
        "dmean2": 0.150289312005,
        "dvar": 0.00811281893402,
        "dvar2": 0.0179794635624,
        "max": 0.857657134533,
        "mean": 0.479818105698,
        "median": 0.467810869217,
        "min": 0.11457965523,
        "var": 0.020773909986
    },
    "silence_rate_20dB": {
        "dmean": 0,
        "dmean2": 0,
        "dvar": 0,
        "dvar2": 0,
        "max": 1,
        "mean": 1,
        "median": 1,
        "min": 1,
        "var": 0
    },
    "silence_rate_30dB": {
        "dmean": 0.0818181782961,
        "dmean2": 0.163884669542,
        "dvar": 0.0751243531704,
        "dvar2": 0.185583800077,
        "max": 1,
        "mean": 0.940998494625,
        "median": 1,
        "min": 0,
        "var": 0.055520541966
    },
    "silence_rate_60dB": {
        "dmean": 0.0121212117374,
        "dmean2": 0.0242792107165,
        "dvar": 0.0119742322713,
        "dvar2": 0.0297594256699,
        "max": 1,
        "mean": 0.0559757947922,
        "median": 0,
        "min": 0,
        "var": 0.0528429709375
    },
    "spectral_centroid": {
        "dmean": 415.749633789,
        "dmean2": 630.447570801,
        "dvar": 306598.25,
        "dvar2": 526144.875,
        "max": 11018.1132812,
        "mean": 1092.86645508,
        "median": 826.103210449,
        "min": 189.053543091,
        "var": 888782.25
    },
    "spectral_complexity": {
        "dmean": 5.66666650772,
        "dmean2": 8.09104728699,
        "dvar": 51.3161392212,
        "dvar2": 88.0341567993,
        "max": 63,
        "mean": 15.2647504807,
        "median": 12,
        "min": 0,
        "var": 132.028305054
    },
    "spectral_crest": {
        "dmean": 3.33114123344,
        "dmean2": 5.06536722183,
        "dvar": 9.99391746521,
        "dvar2": 19.7875862122,
        "max": 25.1306781769,
        "mean": 11.9833641052,
        "median": 11.5024442673,
        "min": 2.12427330017,
        "var": 27.9769916534
    },
    "spectral_decrease": {
        "dmean": 6.06866246144e-09,
        "dmean2": 1.06106261555e-08,
        "dvar": 9.04065131431e-17,
        "dvar2": 2.44493175019e-16,
        "max": 1.9872946059e-22,
        "mean": -9.9991614988e-09,
        "median": -6.84113743432e-09,
        "min": -5.9396093377e-08,
        "var": 1.00810777653e-16
    },
    "spectral_energy": {
        "dmean": 0.024132264778,
        "dmean2": 0.041831549257,
        "dvar": 0.00133417185862,
        "dvar2": 0.00358870904893,
        "max": 0.227319076657,
        "mean": 0.0400879494846,
        "median": 0.0273739881814,
        "min": 1.0660048614e-20,
        "var": 0.0015197310131
    },
    "spectral_energyband_high": {
        "dmean": 0.00159053853713,
        "dmean2": 0.00243519037031,
        "dvar": 8.29765394883e-06,
        "dvar2": 1.77651909326e-05,
        "max": 0.0232525169849,
        "mean": 0.00171318731736,
        "median": 0.000221276510274,
        "min": 7.65414616161e-21,
        "var": 1.19755568448e-05
    },
    "spectral_energyband_low": {
        "dmean": 0.0191451199353,
        "dmean2": 0.0335081890225,
        "dvar": 0.00120185082778,
        "dvar2": 0.00327192642726,
        "max": 0.211270958185,
        "mean": 0.0246945749968,
        "median": 0.0135881695896,
        "min": 4.20976915803e-23,
        "var": 0.00131323258393
    },
    "spectral_energyband_middle_high": {
        "dmean": 0.00268860557117,
        "dmean2": 0.00408239196986,
        "dvar": 2.22033522732e-05,
        "dvar2": 4.95301610499e-05,
        "max": 0.0492414943874,
        "mean": 0.00387122598477,
        "median": 0.00194019183982,
        "min": 1.45769277407e-21,
        "var": 3.01726049656e-05
    },
    "spectral_energyband_middle_low": {
        "dmean": 0.00738382572308,
        "dmean2": 0.0125220213085,
        "dvar": 0.000163684089785,
        "dvar2": 0.000419013551436,
        "max": 0.0928394794464,
        "mean": 0.0118624744937,
        "median": 0.00789216998965,
        "min": 3.36449251807e-22,
        "var": 0.000157230548211
    },
    "spectral_flatness_db": {
        "dmean": 0.0479430928826,
        "dmean2": 0.0649440437555,
        "dvar": 0.00161591195501,
        "dvar2": 0.00311950547621,
        "max": 0.336044967175,
        "mean": 0.168426662683,
        "median": 0.172921195626,
        "min": 0.0252904463559,
        "var": 0.00524232676253
    },
    "spectral_flux": {
        "dmean": 0.0516034923494,
        "dmean2": 0.0811000093818,
        "dvar": 0.0037221647799,
        "dvar2": 0.00775710819289,
        "max": 0.424377560616,
        "mean": 0.112593621016,
        "median": 0.088136933744,
        "min": 6.89088369699e-11,
        "var": 0.00719639379531
    },
    "spectral_kurtosis": {
        "dmean": 4.15468072891,
        "dmean2": 5.90949296951,
        "dvar": 32.8870201111,
        "dvar2": 67.447555542,
        "max": 63.3620376587,
        "mean": 7.29923152924,
        "median": 3.45979309082,
        "min": -1.2191542387,
        "var": 79.4584655762
    },
    "spectral_rms": {
        "dmean": 0.0015806381125,
        "dmean2": 0.00260992837138,
        "dvar": 3.83432325179e-06,
        "dvar2": 9.50536832534e-06,
        "max": 0.0148921022192,
        "mean": 0.00561132282019,
        "median": 0.00516781676561,
        "min": 3.22491035612e-12,
        "var": 7.6232754509e-06
    },
    "spectral_rolloff": {
        "dmean": 946.351623535,
        "dmean2": 1550.06408691,
        "dvar": 3706622.5,
        "dvar2": 8060670,
        "max": 19099.9511719,
        "mean": 1514.0670166,
        "median": 689.0625,
        "min": 64.599609375,
        "var": 6637752.5
    },
    "spectral_skewness": {
        "dmean": 0.598741829395,
        "dmean2": 0.790536403656,
        "dvar": 0.349222362041,
        "dvar2": 0.633365690708,
        "max": 6.69650936127,
        "mean": 2.01082181931,
        "median": 1.65753006935,
        "min": -0.00225743371993,
        "var": 1.234328866
    },
    "spectral_spread": {
        "dmean": 1255820.5,
        "dmean2": 1769708.75,
        "dvar": 5.06710091366e+12,
        "dvar2": 8.73868715622e+12,
        "max": 43346344,
        "mean": 5596503.5,
        "median": 5230935,
        "min": 1126793.5,
        "var": 1.14560891617e+13
    },
    "spectral_strongpeak": {
        "dmean": 0.33849683404,
        "dmean2": 0.578285217285,
        "dvar": 0.311011612415,
        "dvar2": 0.79102230072,
        "max": 4.84060716629,
        "mean": 0.634049117565,
        "median": 0.427697598934,
        "min": 0,
        "var": 0.472806334496
    },
    "zerocrossingrate": {
        "dmean": 0.0217973180115,
        "dmean2": 0.0250245984644,
        "dvar": 0.00066989834886,
        "dvar2": 0.0008761275094,
        "max": 0.51318359375,
        "mean": 0.0607138201594,
        "median": 0.04296875,
        "min": 0.0048828125,
        "var": 0.00347547559068
    },
    "barkbands": {
        "dmean": [0.000630252587143, 0.0113318348303, 0.00851780455559, 0.00337021565065, 0.00177696475293, 0.00108627171721, 0.0011270637624, 0.0012132889824, 0.000588677707128, 0.000470027414849, 0.000347318768036, 0.000230264035054, 0.000429833831731, 0.000697886745911, 0.000336661905749, 0.000179192327778, 0.00020824476087, 0.000249028962571, 0.000228496661293, 0.000200482754735, 0.00025966836256, 0.000264942384092, 0.000313028227538, 0.000204372568987, 0.00016997003695, 0.000320003251545, 5.44342474313e-05],
        "dmean2": [0.000851734075695, 0.0186260677874, 0.015441538766, 0.00590249383822, 0.0030329960864, 0.00179546768777, 0.001868948224, 0.00201636645943, 0.000953201029915, 0.000685266801156, 0.000481566734379, 0.000351324037183, 0.000752315041609, 0.00123359984718, 0.000587410817388, 0.000279558415059, 0.000328002293827, 0.000399055948947, 0.000364393228665, 0.000325826695189, 0.000378113763873, 0.000411756394897, 0.000480921793496, 0.000312631978886, 0.000257123203482, 0.0005349907442, 9.95702357613e-05],
        "dvar": [1.72090813066e-06, 0.000477007037262, 0.000393911352148, 7.41846015444e-05, 1.08023023131e-05, 2.86246404357e-06, 4.12808094552e-06, 3.93326536141e-06, 1.40359577472e-06, 7.94824302375e-07, 5.54213613668e-07, 3.4706539509e-07, 1.94135964193e-06, 2.03425156542e-06, 4.02924086984e-07, 1.84207038956e-07, 2.27438150091e-07, 5.95322774188e-07, 6.91713012202e-07, 2.55244771097e-07, 2.76212176686e-07, 3.79850177978e-07, 3.84478710203e-07, 1.98319384026e-07, 9.6169429753e-08, 4.99845612012e-07, 2.48544775872e-08],
        "dvar2": [2.79213259091e-06, 0.00119627267122, 0.00108701921999, 0.000193146814127, 2.83014287561e-05, 7.58537862566e-06, 1.10072942334e-05, 1.01203131635e-05, 3.30203624799e-06, 1.45929504924e-06, 8.97390407317e-07, 6.19178933903e-07, 5.2810141824e-06, 5.64587844565e-06, 1.07218863832e-06, 4.27958667615e-07, 4.85539089823e-07, 1.4173517684e-06, 1.75508694156e-06, 6.65200616368e-07, 5.7676123788e-07, 8.34548416151e-07, 8.6140704525e-07, 4.65655688231e-07, 2.11632638525e-07, 1.29251282033e-06, 6.81257432689e-08],
        "max": [0.0119987661019, 0.169366240501, 0.131179064512, 0.0645786523819, 0.0293761175126, 0.0164841283113, 0.0170204266906, 0.0143148452044, 0.0128963897005, 0.0161153245717, 0.0127319833264, 0.00656779762357, 0.011441225186, 0.0101954126731, 0.00351991783828, 0.00455148657784, 0.00501962890849, 0.0102874506265, 0.011429364793, 0.00570986885577, 0.00461620604619, 0.00624645641074, 0.00493043800816, 0.00531520973891, 0.00260761822574, 0.00553381023929, 0.00158687843941],
        "mean": [0.000858569226693, 0.0158510673791, 0.00621691858396, 0.00272600119933, 0.00229523773305, 0.00194307765923, 0.00183388253208, 0.00168689526618, 0.000765008211602, 0.000839836837258, 0.000743503682315, 0.000344537373167, 0.000348608213244, 0.000690277782269, 0.000264418049483, 0.000208864861634, 0.000215259395191, 0.000250312150456, 0.000210265003261, 0.000207923047128, 0.000284710957203, 0.000297855265671, 0.000327728455886, 0.000224049596, 0.000174100074219, 0.000244389317231, 3.46638807969e-05],
        "median": [0.000112836059998, 0.0098603470251, 0.000612727366388, 0.000449596729595, 0.00160068727564, 0.00107227195986, 0.00110202387441, 0.000770929909777, 0.000177609952516, 0.000362657126971, 0.00023568472534, 0.000121563891298, 6.02155851084e-05, 0.000220866000745, 5.14974963153e-05, 4.69179358333e-05, 2.70137479674e-05, 1.84926320799e-05, 1.82792864507e-05, 1.94032800209e-05, 3.25616238115e-05, 3.12380689138e-05, 3.00594911096e-05, 2.25703606702e-05, 1.62276610354e-05, 1.12660281957e-05, 4.40921326117e-07],
        "min": [1.10583878535e-23, 1.42701025004e-23, 9.04113641246e-24, 2.14892273905e-23, 1.10762886851e-23, 1.60879977466e-23, 1.32688013534e-23, 5.0446667235e-23, 4.15669238752e-23, 3.0225458019e-23, 5.38959994084e-23, 2.55102738832e-23, 6.94169450037e-23, 8.1771819444e-23, 9.11705417717e-23, 9.89139751738e-23, 1.30327987831e-22, 1.13168849503e-22, 2.63367284282e-22, 3.56979804939e-22, 2.64963787292e-22, 4.95772144065e-22, 5.68929463584e-22, 6.41063258167e-22, 1.3216317617e-21, 1.52864098013e-21, 2.18694639004e-21],
        "var": [3.42730345437e-06, 0.000589929695707, 0.000264507252723, 5.60882690479e-05, 9.0949524747e-06, 6.25442362434e-06, 5.38407266504e-06, 4.91686705573e-06, 2.58778413809e-06, 2.14771989704e-06, 2.25840267376e-06, 5.29370538516e-07, 1.33150672355e-06, 1.57782142196e-06, 3.02511949712e-07, 2.41390210931e-07, 3.00435118561e-07, 7.12058522367e-07, 5.98233043547e-07, 3.08250236003e-07, 4.10016667729e-07, 5.51328639631e-07, 5.15073395491e-07, 2.68256258096e-07, 1.20140953186e-07, 3.93460453552e-07, 1.58263393502e-08]
    },
    "erbbands": {
        "dmean": [0.401399463415, 2.47993540764, 8.52012729645, 12.0973978043, 6.47445678711, 6.78662633896, 7.07486438751, 9.2368221283, 13.9321880341, 28.6686344147, 19.6378440857, 14.3785352707, 16.0259284973, 8.36287307739, 16.0580215454, 11.2866668701, 21.0602779388, 37.9883537292, 19.0802783966, 13.2476034164, 9.75657939911, 12.0761365891, 14.0886392593, 12.7625427246, 9.80692577362, 9.86639881134, 9.95544719696, 10.7221860886, 9.34944534302, 11.1632871628, 7.22896623611, 5.53182506561, 2.85301041603, 1.90314602852, 1.20791924, 1.01020896435, 0.645908594131, 0.164003521204, 0.00568976346403, 0.000135351161589],
        "dmean2": [0.611784279346, 4.2344417572, 15.1301183701, 21.505399704, 11.3723697662, 11.4207401276, 12.0950222015, 15.4398603439, 21.5204849243, 48.1077384949, 32.895565033, 23.209487915, 23.6563243866, 12.3842792511, 22.1638031006, 16.7923927307, 37.0541687012, 66.6353759766, 32.9532737732, 21.9539661407, 15.1844654083, 19.1792945862, 22.801071167, 20.1315994263, 15.2806339264, 15.7678136826, 14.5268011093, 16.2664146423, 14.2854614258, 17.6265945435, 10.7140932083, 8.64064979553, 4.28775262833, 2.90816736221, 1.82905769348, 1.67583048344, 1.0881626606, 0.289243370295, 0.0102823497728, 0.00023656077974],
        "dvar": [0.708831965923, 22.0702056885, 352.591186523, 979.378479004, 163.007766724, 235.280639648, 222.467422485, 198.613922119, 404.015289307, 2464.95727539, 1723.26745605, 712.517272949, 1069.55334473, 327.012451172, 1242.09570312, 781.354003906, 4559.18994141, 5838.04296875, 1268.99536133, 601.781066895, 592.868347168, 702.967712402, 2011.64929199, 2572.81420898, 730.267578125, 585.845947266, 368.855316162, 522.115600586, 517.775939941, 524.11706543, 232.528106689, 156.732345581, 37.1116409302, 12.9577045441, 4.93467473984, 4.709877491, 2.05744504929, 0.169126674533, 0.000263435882516, 8.45641636715e-08],
        "dvar2": [1.59076714516, 57.5736083984, 962.56829834, 2649.39086914, 430.017883301, 611.485168457, 634.141357422, 519.985351562, 1039.5579834, 6625.06054688, 4210.23876953, 1585.36242676, 1888.35107422, 718.577026367, 2014.61889648, 1518.16918945, 12389.1816406, 16140.5976562, 3386.60742188, 1464.43640137, 1316.09143066, 1500.10083008, 5049.17333984, 6627.02734375, 1756.86364746, 1488.10510254, 666.890014648, 1174.72766113, 1149.52148438, 1229.14624023, 501.758544922, 395.003356934, 82.6789627075, 28.5048370361, 10.7643995285, 11.5828857422, 5.36180591583, 0.458137512207, 0.000731523672584, 2.29298080967e-07],
        "max": [8.23417472839, 33.3192672729, 114.441360474, 248.858108521, 97.1234817505, 154.765213013, 154.976196289, 146.653564453, 203.719711304, 405.886169434, 357.6980896, 376.784881592, 640.811218262, 210.557174683, 640.557434082, 327.208465576, 566.548278809, 524.21270752, 246.837158203, 205.082931519, 277.009399414, 261.75604248, 596.540100098, 671.175964355, 291.119384766, 205.97164917, 184.851760864, 195.098114014, 242.361404419, 226.715545654, 143.3540802, 125.124389648, 70.6381072998, 34.1918067932, 18.6223773956, 14.3662223816, 11.094078064, 3.88402318954, 0.177403718233, 0.00300897471607],
        "mean": [0.530085921288, 3.22724461555, 7.1932721138, 9.13903999329, 6.61916065216, 8.34673881531, 8.98797512054, 16.9312496185, 26.3770809174, 41.1245079041, 24.7185821533, 21.1712417603, 30.4178504944, 13.6700992584, 34.3820724487, 17.7704391479, 17.3000411987, 38.1119728088, 16.8532543182, 12.4767503738, 11.3848772049, 12.2503032684, 13.5341844559, 11.7076673508, 9.90355682373, 10.090294838, 11.0101261139, 11.6083154678, 10.6115646362, 11.5225610733, 7.83390903473, 5.64953756332, 3.20279192924, 1.97194910049, 1.19611513615, 0.84197562933, 0.483802646399, 0.111678883433, 0.00369875156321, 0.000125149061205],
        "median": [0.129874005914, 1.62676358223, 1.04533290863, 1.20122230053, 3.02833008766, 5.10559797287, 5.54161596298, 9.05805587769, 16.7934093475, 21.3995723724, 10.6120929718, 5.66626834869, 10.1972112656, 7.75698661804, 11.3913164139, 6.89024353027, 3.76411700249, 11.7983436584, 4.29701948166, 2.96746850014, 2.2548828125, 1.5464322567, 1.1348335743, 0.92985779047, 0.862674117088, 1.00952136517, 1.22966241837, 1.32603311539, 1.18814492226, 1.12710833549, 0.743229866028, 0.451509356499, 0.351133465767, 0.182167470455, 0.103819429874, 0.0681457072496, 0.0176985990256, 0.00274441111833, 8.8503700681e-05, 4.19624520873e-05],
        "min": [4.13439425584e-22, 2.9870972201e-21, 9.11796019338e-21, 4.93997916372e-20, 3.52322556957e-20, 3.84898900495e-20, 7.30882507462e-20, 1.93616304824e-19, 1.40626339302e-19, 6.96715153101e-19, 1.11147421388e-18, 9.29127521123e-19, 9.2673407402e-19, 1.19962571439e-18, 2.87826737881e-18, 1.05018261204e-18, 2.9003644749e-18, 5.90972860707e-18, 3.70902327277e-18, 7.04151144916e-18, 6.6268879943e-18, 7.92354985276e-18, 6.06214945623e-18, 1.22343801084e-17, 1.28368529716e-17, 1.42873712512e-17, 1.25616044869e-17, 1.36927425417e-17, 1.51424907161e-17, 1.87473537518e-17, 1.79289412537e-17, 1.20353430822e-17, 1.20989168754e-17, 1.3487423906e-17, 9.56084882337e-18, 5.44223466258e-18, 2.70759520302e-18, 1.05568067477e-18, 3.12065130572e-19, 3.2680700774e-20],
        "var": [0.959748566151, 23.7784614563, 255.854980469, 678.15234375, 127.942596436, 193.637527466, 171.779205322, 512.427307129, 815.272216797, 3245.68188477, 1874.16833496, 1843.15600586, 3484.91455078, 450.095153809, 4912.00927734, 1142.79382324, 3086.31469727, 4658.64990234, 981.040161133, 600.79888916, 828.545959473, 925.256530762, 2138.90258789, 2281.01025391, 794.690734863, 717.671447754, 638.65802002, 708.69152832, 736.135620117, 689.650878906, 312.694396973, 187.726074219, 51.7197418213, 16.756942749, 5.9119310379, 4.08784103394, 1.57889652252, 0.115157656372, 0.000165349454619, 6.11253554439e-08]
    },
    "gfcc": {
        "mean": [-20.6110591888, 91.2522659302, -84.0318069458, 15.0316696167, -61.736076355, 21.7305316925, -36.2302055359, 6.42894506454, -16.8655452728, 12.1518135071, -15.2465114594, 6.19714021683, -13.3175058365],
        "cov": [[19362.8613281, -920.614196777, -921.134643555, 796.033447266, -631.769287109, 197.33416748, -352.428100586, 139.604522705, -364.90222168, 163.868301392, -390.921386719, 60.5390625, -262.379302979], [-920.614196777, 2322.10327148, -23.3747692108, -591.02130127, 274.810577393, 65.8317642212, 56.8115844727, -128.152801514, 182.701889038, -120.018829346, 164.581878662, -114.543670654, 71.7556915283], [-921.134643555, -23.3747692108, 1242.35620117, 147.584823608, 289.24786377, 266.210784912, 324.719818115, 207.914489746, 120.705123901, 156.32862854, 8.43290615082, 95.3795013428, 15.1302700043], [796.033447266, -591.02130127, 147.584823608, 1168.2364502, -55.9999465942, 152.403610229, 271.378112793, 144.874160767, -0.85783469677, 44.0971183777, 48.1328392029, -60.754650116, 52.6455497742], [-631.769287109, 274.810577393, 289.24786377, -55.9999465942, 396.202545166, 81.7457962036, 88.2510375977, 51.386505127, 115.851325989, 31.1908740997, 14.540974617, 26.2290401459, -21.9771118164], [197.33416748, 65.8317642212, 266.210784912, 152.403610229, 81.7457962036, 207.38168335, 124.602424622, 86.2986526489, 40.0910263062, 65.676940918, 35.7843742371, 21.71459198, 34.0837364197], [-352.428100586, 56.8115844727, 324.719818115, 271.378112793, 88.2510375977, 124.602424622, 247.895568848, 97.8433380127, 52.5729408264, 36.7298164368, 57.1916427612, 6.33885526657, 45.8042144775], [139.604522705, -128.152801514, 207.914489746, 144.874160767, 51.386505127, 86.2986526489, 97.8433380127, 181.945968628, 49.6092300415, 71.3422622681, 25.7865505219, 46.1097717285, 27.6784687042], [-364.90222168, 182.701889038, 120.705123901, -0.85783469677, 115.851325989, 40.0910263062, 52.5729408264, 49.6092300415, 119.187805176, 54.8881568909, 45.5045852661, 7.7542681694, 16.6258449554], [163.868301392, -120.018829346, 156.32862854, 44.0971183777, 31.1908740997, 65.676940918, 36.7298164368, 71.3422622681, 54.8881568909, 130.107345581, 28.9693126678, 32.9576187134, 3.81824612617], [-390.921386719, 164.581878662, 8.43290615082, 48.1328392029, 14.540974617, 35.7843742371, 57.1916427612, 25.7865505219, 45.5045852661, 28.9693126678, 111.425521851, 20.6749401093, 47.7327690125], [60.5390625, -114.543670654, 95.3795013428, -60.754650116, 26.2290401459, 21.71459198, 6.33885526657, 46.1097717285, 7.7542681694, 32.9576187134, 20.6749401093, 136.023803711, 32.8433456421], [-262.379302979, 71.7556915283, 15.1302700043, 52.6455497742, -21.9771118164, 34.0837364197, 45.8042144775, 27.6784687042, 16.6258449554, 3.81824612617, 47.7327690125, 32.8433456421, 87.8919143677]],
        "icov": [[9.11882016226e-05, -0.000120476230222, 0.000138986782986, -0.000151014435687, 0.00014179298887, -0.000206381286262, 7.70357946749e-05, -0.000143466997542, 0.000214585874346, -0.000334996031597, 0.000488546094857, -0.000358229881385, 0.000400129501941], [-0.000120476230222, 0.00125975999981, -0.000156170804985, 0.000955730560236, -0.00044744493789, -0.000638828147203, -0.000403033744078, 0.00069897895446, -0.00174226250965, 0.00211180606857, -0.00206732540391, 0.00179254973773, -0.00111721723806], [0.000138986782986, -0.000156170804985, 0.0021936125122, 0.000160970390425, -0.000221961236093, -0.0012248196872, -0.00247249729, -0.000414594018366, 0.000110555491119, -0.00167335802689, 0.0024200186599, -0.00141774315853, 0.00117421522737], [-0.000151014435687, 0.000955730560236, 0.000160970390425, 0.00220161187463, -0.000120931188576, -0.000622610445134, -0.00218398566358, -0.000126681014081, -0.000730529311113, 0.0012689770665, -0.00150386232417, 0.00224487576634, -0.00112732569687], [0.00014179298887, -0.00044744493789, -0.000221961236093, -0.000120931188576, 0.00522179575637, -0.00155712827109, -0.000617348356172, -4.72605242976e-05, -0.00463343318552, 0.00152866879944, 0.0016085060779, -0.00235956115648, 0.00396360037848], [-0.000206381286262, -0.000638828147203, -0.0012248196872, -0.000622610445134, -0.00155712827109, 0.0103307245299, -0.00146403664257, -0.00106256233994, 0.00306214392185, -0.00376706523821, -0.000582131789997, 0.000816671177745, -0.00321332667954], [7.70357946749e-05, -0.000403033744078, -0.00247249729, -0.00218398566358, -0.000617348356172, -0.00146403664257, 0.012338376604, -0.00202227546833, 0.000361287035048, 0.00209980411455, -0.00345819909126, 0.00129103194922, -0.0018509242218], [-0.000143466997542, 0.00069897895446, -0.000414594018366, -0.000126681014081, -4.72605242976e-05, -0.00106256233994, -0.00202227546833, 0.0102816391736, -0.0031615565531, -0.00143635889981, 0.000135482754558, -0.00145471293945, -0.00150493497495], [0.000214585874346, -0.00174226250965, 0.000110555491119, -0.000730529311113, -0.00463343318552, 0.00306214392185, 0.000361287035048, -0.0031615565531, 0.0215365290642, -0.00953655131161, -0.00180699268822, 0.00139555393253, -0.00225692708045], [-0.000334996031597, 0.00211180606857, -0.00167335802689, 0.0012689770665, 0.00152866879944, -0.00376706523821, 0.00209980411455, -0.00143635889981, -0.00953655131161, 0.0185486972332, -0.00648202840239, 0.000866794260219, 0.00219947937876], [0.000488546094857, -0.00206732540391, 0.0024200186599, -0.00150386232417, 0.0016085060779, -0.000582131789997, -0.00345819909126, 0.000135482754558, -0.00180699268822, -0.00648202840239, 0.020383676514, -0.00525869755074, -0.00246369396336], [-0.000358229881385, 0.00179254973773, -0.00141774315853, 0.00224487576634, -0.00235956115648, 0.000816671177745, 0.00129103194922, -0.00145471293945, 0.00139555393253, 0.000866794260219, -0.00525869755074, 0.0140869924799, -0.00746456952766], [0.000400129501941, -0.00111721723806, 0.00117421522737, -0.00112732569687, 0.00396360037848, -0.00321332667954, -0.0018509242218, -0.00150493497495, -0.00225692708045, 0.00219947937876, -0.00246369396336, -0.00746456952766, 0.022091742605]]
    },
    "melbands": {
        "dmean": [0.00325946696103, 0.0038336541038, 0.00189780641813, 0.000435702560935, 0.000261325621977, 0.000214521001908, 0.00021489529172, 0.000314454839099, 0.000151861459017, 8.4782281192e-05, 7.79930778663e-05, 3.29180438712e-05, 4.83478834212e-05, 3.30694601871e-05, 3.46858214471e-05, 4.68643484055e-05, 7.75476437411e-05, 2.88462215394e-05, 2.52031295531e-05, 1.3244348338e-05, 1.12917086881e-05, 1.25262658912e-05, 1.29505415316e-05, 1.22855371956e-05, 1.05066801552e-05, 8.27062740427e-06, 6.25676693744e-06, 6.82147856423e-06, 5.98054430156e-06, 6.02179488851e-06, 6.91288596499e-06, 5.2671271078e-06, 5.25796986039e-06, 7.05294405634e-06, 4.29901729149e-06, 4.04912680096e-06, 3.17860667565e-06, 1.94081894733e-06, 1.93914888769e-06, 1.51460528741e-06],
        "dmean2": [0.00512869562954, 0.00677219685167, 0.00334466993809, 0.00076433288632, 0.000443923228886, 0.000351198774297, 0.000339445396094, 0.000529706827365, 0.000256326922681, 0.000135242284159, 0.00011526713206, 4.91517967021e-05, 6.79272634443e-05, 4.75281703984e-05, 5.64535584999e-05, 8.17675754661e-05, 0.0001376192522, 4.99645830132e-05, 4.43880853709e-05, 2.08153269341e-05, 1.76339126483e-05, 2.02141054615e-05, 2.18461300392e-05, 1.93102732737e-05, 1.68370152096e-05, 1.28230713017e-05, 1.00525830931e-05, 1.10769706225e-05, 9.15698183235e-06, 8.64114008436e-06, 1.08083149826e-05, 8.07120977697e-06, 8.23868231237e-06, 1.12538682515e-05, 6.16518036622e-06, 6.541368748e-06, 4.96555867358e-06, 2.97248629977e-06, 3.04886316371e-06, 2.31535864259e-06],
        "dvar": [4.33616187365e-05, 6.08766858932e-05, 2.20935489779e-05, 7.17078705748e-07, 2.72780141586e-07, 1.02269325453e-07, 1.09772237522e-07, 2.86665141402e-07, 1.28496338903e-07, 2.58876173831e-08, 2.60221639792e-08, 5.70274272249e-09, 1.05252180305e-08, 4.75492312191e-09, 1.21206085169e-08, 2.02313188424e-08, 2.62284913788e-08, 3.098394874e-09, 2.5257234082e-09, 6.95332402767e-10, 9.23810472564e-10, 7.01974978146e-10, 1.24356858144e-09, 1.86513271494e-09, 1.93322824416e-09, 6.83875511776e-10, 3.40109745922e-10, 2.82372847327e-10, 1.45680703612e-10, 1.3576165192e-10, 2.41162673165e-10, 1.85918697104e-10, 1.46217565833e-10, 2.01867800254e-10, 7.44481559734e-11, 1.02301521421e-10, 4.92788587714e-11, 2.00893485874e-11, 1.63580884949e-11, 7.85454253721e-12],
        "dvar2": [0.000103866630525, 0.00016556144692, 5.93170916545e-05, 1.87009413821e-06, 7.56294014082e-07, 2.59974058281e-07, 2.88710964469e-07, 7.77227910476e-07, 3.13102503924e-07, 5.56014647657e-08, 4.56331896714e-08, 1.26529071665e-08, 1.72841509993e-08, 8.3509137383e-09, 3.08715257802e-08, 5.44704192862e-08, 7.2864906997e-08, 8.3235853765e-09, 6.73391475914e-09, 1.51467249854e-09, 2.03650674102e-09, 1.43629064198e-09, 3.14909631705e-09, 4.56522331049e-09, 5.07588637788e-09, 1.60389579396e-09, 9.11815123406e-10, 7.28680615847e-10, 2.76733830296e-10, 2.66223459944e-10, 5.78691539133e-10, 4.21674667406e-10, 3.34646477196e-10, 4.84380757726e-10, 1.48119627674e-10, 2.79859524444e-10, 1.17051590642e-10, 4.50163309407e-11, 3.78421634306e-11, 1.69843115266e-11],
        "max": [0.0578282102942, 0.0465983785689, 0.036130014807, 0.00793194957078, 0.00517324497923, 0.00358879962005, 0.00278899422847, 0.00390317174606, 0.00339610944502, 0.00254540541209, 0.00316278799437, 0.000880494131707, 0.00171429512557, 0.000789747340605, 0.00131810596213, 0.00130827957764, 0.00110829423647, 0.000436567701399, 0.000293675140711, 0.000260536849964, 0.000329011672875, 0.000233308979659, 0.000421875622123, 0.000578967796173, 0.000565058086067, 0.000382299738703, 0.000239640357904, 0.000139696829137, 0.000100777862826, 0.000110032553494, 0.00013195342035, 0.000148301420268, 0.000121354867588, 0.000142665710882, 8.39124186314e-05, 9.16956196306e-05, 6.95220514899e-05, 5.4982934671e-05, 4.32896631537e-05, 2.50307057286e-05],
        "mean": [0.00450476957485, 0.00402582669631, 0.00151419208851, 0.000507972028572, 0.000342240906321, 0.000401784811402, 0.00039891837514, 0.000445704907179, 0.000175476379809, 0.000131187873194, 0.000146338308696, 4.73753461847e-05, 0.000102834179415, 6.1868915509e-05, 3.38786485372e-05, 4.03597550758e-05, 7.73306601332e-05, 2.62982212007e-05, 1.94074000319e-05, 1.5508290744e-05, 1.28987048811e-05, 1.29204618133e-05, 1.14396407298e-05, 1.25190153994e-05, 9.14740212465e-06, 8.07738069852e-06, 6.21319395577e-06, 6.82393374518e-06, 6.6006432462e-06, 6.6122474891e-06, 7.09803680365e-06, 5.94027414991e-06, 5.67717279409e-06, 6.96870347383e-06, 4.65399944005e-06, 3.80083474738e-06, 3.32746276399e-06, 2.27570103561e-06, 1.95090137822e-06, 1.56312682975e-06],
        "median": [0.00217884266749, 0.00114281265996, 0.000283797766315, 0.000319679325912, 0.000218872039113, 0.000213054576307, 0.000255077437032, 0.000221261667321, 6.9948604505e-05, 3.01436593872e-05, 4.94162741234e-05, 2.10791422433e-05, 3.3518019336e-05, 2.78949337371e-05, 8.76298508956e-06, 7.81951439421e-06, 2.37298900174e-05, 7.0715932452e-06, 3.38488757734e-06, 4.16989360019e-06, 1.94243807528e-06, 1.5856611526e-06, 1.23344841541e-06, 7.98845121608e-07, 6.35370156488e-07, 6.3845573095e-07, 5.63377909657e-07, 6.43175269488e-07, 7.08853576725e-07, 7.87312785633e-07, 7.49537662159e-07, 6.41121289391e-07, 5.1584584071e-07, 6.49264507047e-07, 4.6596159109e-07, 3.04323151568e-07, 2.65475279093e-07, 2.54808441014e-07, 1.74075310611e-07, 1.42166456385e-07],
        "min": [4.30448816024e-24, 4.96870588699e-24, 8.16733806471e-24, 2.29579507119e-24, 2.6787109156e-24, 3.83611461954e-24, 2.27739804602e-24, 1.03087041474e-23, 7.96369441089e-24, 6.38337724807e-24, 4.35147192689e-24, 4.21486803938e-24, 8.60775358607e-24, 3.27162508285e-24, 2.77137742006e-24, 8.92976266328e-24, 1.01697865308e-23, 4.77036258959e-24, 7.49677789628e-24, 6.48993105712e-24, 7.0571780571e-24, 7.85114683668e-24, 7.31420708382e-24, 3.64277861673e-24, 8.65557906731e-24, 6.25078432383e-24, 1.14117849172e-23, 9.5284907354e-24, 8.37234092587e-24, 7.06103716465e-24, 8.2447134866e-24, 7.79877357232e-24, 1.0426909432e-23, 9.08628055548e-24, 1.16599353145e-23, 7.66020699888e-24, 6.94416899926e-24, 6.89745107873e-24, 9.84171426871e-24, 1.18205466059e-23],
        "var": [5.61116539757e-05, 5.07038712385e-05, 1.57361137099e-05, 5.71055920773e-07, 2.19967787984e-07, 2.88287935746e-07, 1.8640113808e-07, 3.57606722901e-07, 1.29994816689e-07, 8.05344839705e-08, 8.2770213794e-08, 7.48691331154e-09, 4.23035722008e-08, 1.10939568643e-08, 9.94232074447e-09, 1.44770933019e-08, 2.04730579156e-08, 2.38842234879e-09, 1.85711968026e-09, 9.88734427665e-10, 1.30718824654e-09, 9.74896385841e-10, 1.16097598202e-09, 2.14629181094e-09, 1.59073576533e-09, 7.02861213675e-10, 3.18865489568e-10, 3.36454725192e-10, 2.34903235752e-10, 2.20635801296e-10, 2.93608748425e-10, 2.56565879653e-10, 1.92120097608e-10, 2.45796244469e-10, 1.05867599409e-10, 9.72422767309e-11, 6.44942363404e-11, 2.81416678155e-11, 1.91761571899e-11, 1.02554553391e-11]
    },
    "mfcc": {
