{
"metadata": {
    "version": {
        "essentia": "2.0.1",
        "extractor": "archive-music 1.0"
    },
    "audio_properties": {
        "analysis_sample_rate": 44100,
        "bitrate": 128,
        "channels": 2,
        "equal_loudness": 0,
        "length": 15.8040819168,
        "replay_gain": -13.3883209229,
        "downmix": "mix"
    },
    "tags": {
        "track": 1,
        "year": 0,
        "album": "Uncovered",
        "artist": "Singleton",
        "comment": "",
        "genre": "Other",
        "title": "Breathe In Breathe Out"
    }
},
"highlevel": {
    "culture": {
        "all": {
            "non_western": 1.45471631186e-06,
            "western": 0.999998569489
        },
        "probability": 0.999998569489,
        "value": "western"
    },
    "danceability": {
        "all": {
            "danceable": 0.192597299814,
            "not_danceable": 0.807402670383
        },
        "probability": 0.807402670383,
        "value": "not_danceable"
    },
    "gender": {
        "all": {
            "female": 0.617780923843,
            "male": 0.382219076157
        },
        "probability": 0.617780923843,
        "value": "female"
    },
    "genre_dortmund": {
        "all": {
            "alternative": 0.0945330858231,
            "blues": 0.0520664490759,
            "electronic": 0.0374823920429,
            "folkcountry": 0.0584242865443,
            "funksoulrnb": 0.0886888802052,
            "jazz": 0.019342051819,
            "pop": 0.201745793223,
            "raphiphop": 0.0210278481245,
            "rock": 0.426689207554
        },
        "probability": 0.426689207554,
        "value": "rock"
    },
    "genre_electronic": {
        "all": {
            "ambient": 0.148785293102,
            "dnb": 0.596738815308,
            "house": 0.043921481818,
            "techno": 0.00938987452537,
            "trance": 0.201164528728
        },
        "probability": 0.596738815308,
        "value": "dnb"
    },
    "genre_rosamerica": {
        "all": {
            "cla": 0.00188103050459,
            "dan": 0.119454465806,
            "hip": 0.00311456876807,
            "jaz": 0.00300770625472,
            "pop": 0.25247964263,
            "rhy": 0.00985529925674,
            "roc": 0.609029054642,
            "spe": 0.00117825064808
        },
        "probability": 0.609029054642,
        "value": "roc"
    },
    "genre_tzanetakis": {
        "all": {
            "blu": 0.00244502909482,
            "cla": 0.00576265854761,
            "cou": 0.0244403593242,
            "dis": 0.0242622680962,
            "hip": 0.0181318372488,
            "jaz": 0.039735339582,
            "met": 0.0134600065649,
            "pop": 0.743507683277,
            "reg": 0.0564227588475,
            "roc": 0.0718320608139
        },
        "probability": 0.743507683277,
        "value": "pop"
    },
    "mirex_ballroom": {
        "all": {
            "ChaChaCha": 0.300129115582,
            "Jive": 0.273711979389,
            "Quickstep": 0.0321103073657,
            "Rumba-American": 0.0037607382983,
            "Rumba-International": 0.00938112009317,
            "Rumba-Misc": 0.00361104332842,
            "Samba": 0.360699921846,
            "Tango": 0.00185069988947,
            "VienneseWaltz": 0.0124040888622,
            "Waltz": 0.00234096799977
        },
        "probability": 0.360699921846,
        "value": "Samba"
    },
    "mood_acoustic": {
        "all": {
            "acoustic": 6.13852807874e-06,
            "not_acoustic": 0.999993860722
        },
        "probability": 0.999993860722,
        "value": "not_acoustic"
    },
    "mood_aggressive": {
        "all": {
            "aggressive": 0.871371984482,
            "not_aggressive": 0.128628000617
        },
        "probability": 0.871371984482,
        "value": "aggressive"
    },
    "mood_electronic": {
        "all": {
            "electronic": 0.406485855579,
            "not_electronic": 0.593514144421
        },
        "probability": 0.593514144421,
        "value": "not_electronic"
    },
    "mood_happy": {
        "all": {
            "happy": 0.541601836681,
            "not_happy": 0.458398163319
        },
        "probability": 0.541601836681,
        "value": "happy"
    },
    "mood_party": {
        "all": {
            "not_party": 0.5,
            "party": 0.5
        },
        "probability": 0.5,
        "value": "not_party"
    },
    "mood_relaxed": {
        "all": {
            "not_relaxed": 0.979515433311,
            "relaxed": 0.0204845741391
        },
        "probability": 0.979515433311,
        "value": "not_relaxed"
    },
    "mood_sad": {
        "all": {
            "not_sad": 0.630628108978,
            "sad": 0.369371891022
        },
        "probability": 0.630628108978,
        "value": "not_sad"
    },
    "moods_mirex": {
        "all": {
            "Cluster1": 0.281387478113,
            "Cluster2": 0.142951458693,
            "Cluster3": 0.405800163746,
            "Cluster4": 0.137721404433,
            "Cluster5": 0.0321394912899
        },
        "probability": 0.405800163746,
        "value": "Cluster3"
    },
    "timbre": {
        "all": {
            "bright": 0.975233137608,
            "dark": 0.0247668623924
        },
        "probability": 0.975233137608,
        "value": "bright"
    },
    "tonal_atonal": {
        "all": {
            "atonal": 0.0626095980406,
            "tonal": 0.937390387058
        },
        "probability": 0.937390387058,
        "value": "tonal"
    },
    "voice_instrumental": {
        "all": {
            "instrumental": 8.79887375049e-05,
            "voice": 0.999912023544
        },
        "probability": 0.999912023544,
        "value": "voice"
    }
},
"lowlevel": {
    "average_loudness": 0.971350371838,
    "barkbands_kurtosis": {
        "dmean": 1.76217651367,
        "dmean2": 3.03177428246,
        "dvar": 10.237701416,
        "dvar2": 28.7319850922,
        "max": 31.7611732483,
        "mean": 1.37799942493,
        "median": 0.568397164345,
        "min": -1.65900361538,
        "var": 9.83121681213
    },
    "barkbands_skewness": {
        "dmean": 0.452379345894,
        "dmean2": 0.750998437405,
        "dvar": 0.27958509326,
        "dvar2": 0.751573562622,
        "max": 5.26122188568,
        "mean": 1.33687829971,
        "median": 1.27564191818,
        "min": -2.04543447495,
        "var": 0.496701598167
    },
    "barkbands_spread": {
        "dmean": 7.01434659958,
        "dmean2": 10.6003437042,
        "dvar": 86.8414840698,
        "dvar2": 172.151748657,
        "max": 102.482276917,
        "mean": 33.8335380554,
        "median": 29.9105110168,
        "min": 3.86865305901,
        "var": 310.410339355
    },
    "dissonance": {
        "dmean": 0.0125679671764,
        "dmean2": 0.0212677065283,
        "dvar": 0.000278232211713,
        "dvar2": 0.000736146525014,
        "max": 0.500000119209,
        "mean": 0.476804673672,
        "median": 0.480959653854,
        "min": 0.238274514675,
        "var": 0.000315142155159
    },
    "dynamic_complexity": 2.84556317329,
    "erbbands_kurtosis": {
        "dmean": 0.541513264179,
        "dmean2": 0.888904333115,
        "dvar": 0.316292732954,
        "dvar2": 0.797952830791,
        "max": 6.48487186432,
        "mean": -0.214780971408,
        "median": -0.402201890945,
        "min": -1.55168056488,
        "var": 0.690388858318
    },
    "erbbands_skewness": {
        "dmean": 0.268439918756,
        "dmean2": 0.410412341356,
        "dvar": 0.0477936640382,
        "dvar2": 0.114020638168,
        "max": 1.3118172884,
        "mean": -0.163335457444,
        "median": -0.177768200636,
        "min": -1.44725596905,
        "var": 0.248245507479
    },
    "erbbands_spread": {
        "dmean": 7.49784517288,
        "dmean2": 11.8724164963,
        "dvar": 51.8847694397,
        "dvar2": 119.791427612,
        "max": 92.8255081177,
        "mean": 42.5443115234,
        "median": 40.4335403442,
        "min": 10.3257894516,
        "var": 209.790237427
    },
    "hfc": {
        "dmean": 9.24911022186,
        "dmean2": 13.4095888138,
        "dvar": 226.451400757,
        "dvar2": 381.17767334,
        "max": 190.065429688,
        "mean": 38.3317375183,
        "median": 33.4715042114,
        "min": 1.12781457545e-16,
        "var": 1034.71618652
    },
    "melbands_kurtosis": {
        "dmean": 5.40605545044,
        "dmean2": 9.35799598694,
        "dvar": 83.637046814,
        "dvar2": 235.839035034,
        "max": 95.1369552612,
        "mean": 10.297413826,
        "median": 8.41336345673,
        "min": -1.35680949688,
        "var": 80.4918289185
    },
    "melbands_skewness": {
        "dmean": 0.64969676733,
        "dmean2": 1.08563685417,
        "dvar": 0.616867542267,
        "dvar2": 1.69827795029,
        "max": 8.32336044312,
        "mean": 2.81686735153,
        "median": 2.74888944626,
        "min": -0.133875221014,
        "var": 1.00467419624
    },
    "melbands_spread": {
        "dmean": 7.02211332321,
        "dmean2": 11.2183122635,
        "dvar": 66.8871459961,
        "dvar2": 159.761016846,
        "max": 145.027053833,
        "mean": 26.9138183594,
        "median": 25.4280548096,
        "min": 2.70007228851,
        "var": 194.282348633
    },
    "pitch_salience": {
        "dmean": 0.0573887825012,
        "dmean2": 0.0918044373393,
        "dvar": 0.00241973786615,
        "dvar2": 0.00576368020847,
        "max": 0.937985897064,
        "mean": 0.495725333691,
        "median": 0.489878118038,
        "min": 0.303662240505,
        "var": 0.00793538149446
    },
    "silence_rate_20dB": {
        "dmean": 0,
        "dmean2": 0,
        "dvar": 0,
        "dvar2": 0,
        "max": 1,
        "mean": 1,
        "median": 1,
        "min": 1,
        "var": 0
    },
    "silence_rate_30dB": {
        "dmean": 0.0146842878312,
        "dmean2": 0.0294117648154,
        "dvar": 0.0144685963169,
        "dvar2": 0.040311794728,
        "max": 1,
        "mean": 0.991202354431,
        "median": 1,
        "min": 0,
        "var": 0.00872025545686
    },
    "silence_rate_60dB": {
        "dmean": 0.00293685751967,
        "dmean2": 0.00588235305622,
        "dvar": 0.00292824814096,
        "dvar2": 0.00584771996364,
        "max": 1,
        "mean": 0.0557184740901,
        "median": 0,
        "min": 0,
        "var": 0.0526145137846
    },
    "spectral_centroid": {
        "dmean": 265.938690186,
        "dmean2": 396.459320068,
        "dvar": 204240.28125,
        "dvar2": 245025.671875,
        "max": 10944.8330078,
        "mean": 1769.83190918,
        "median": 1697.55175781,
        "min": 455.956481934,
        "var": 529111.9375
    },
    "spectral_complexity": {
        "dmean": 3.69162988663,
        "dmean2": 5.80294132233,
        "dvar": 10.9827232361,
        "dvar2": 25.1582145691,
        "max": 53,
        "mean": 27.7565975189,
        "median": 30,
        "min": 0,
        "var": 134.172485352
    },
    "spectral_crest": {
        "dmean": 2.14276409149,
        "dmean2": 3.54724597931,
        "dvar": 4.74654817581,
        "dvar2": 12.1182718277,
        "max": 19.7896518707,
        "mean": 11.5760507584,
        "median": 11.9150409698,
        "min": 3.74087762833,
        "var": 11.599366188
    },
    "spectral_decrease": {
        "dmean": 3.27647708964e-09,
        "dmean2": 5.74034020318e-09,
        "dvar": 3.55977408223e-17,
        "dvar2": 1.00629704508e-16,
        "max": -4.15178285253e-29,
        "mean": -1.112144421e-08,
        "median": -1.15690772517e-08,
        "min": -4.44968222268e-08,
        "var": 4.67480957748e-17
    },
    "spectral_energy": {
        "dmean": 0.0125343352556,
        "dmean2": 0.0219494923949,
        "dvar": 0.000515460618772,
        "dvar2": 0.00145610619802,
        "max": 0.172238260508,
        "mean": 0.0454517118633,
        "median": 0.0487561561167,
        "min": 1.04206549515e-20,
        "var": 0.000725819147192
    },
    "spectral_energyband_high": {
        "dmean": 0.000745113880839,
        "dmean2": 0.00101978459861,
        "dvar": 2.66412530436e-06,
        "dvar2": 4.2124634092e-06,
        "max": 0.0170826595277,
        "mean": 0.0020891178865,
        "median": 0.00091501197312,
        "min": 7.96944253107e-21,
        "var": 1.12971893031e-05
    },
    "spectral_energyband_low": {
        "dmean": 0.0111065441743,
        "dmean2": 0.0197644531727,
        "dvar": 0.000479128444567,
        "dvar2": 0.00135827774648,
        "max": 0.147823438048,
        "mean": 0.024410257116,
        "median": 0.0241402313113,
        "min": 4.14904611653e-23,
        "var": 0.000429206062108
    },
    "spectral_energyband_middle_high": {
        "dmean": 0.00212336541153,
        "dmean2": 0.00329848565161,
        "dvar": 5.96790141572e-06,
        "dvar2": 1.40494585139e-05,
        "max": 0.0324539095163,
        "mean": 0.00840345025063,
        "median": 0.00736456084996,
        "min": 1.25900251671e-21,
        "var": 3.80310957553e-05
    },
    "spectral_energyband_middle_low": {
        "dmean": 0.00373813696206,
        "dmean2": 0.0060721039772,
        "dvar": 2.40384943027e-05,
        "dvar2": 6.39569334453e-05,
        "max": 0.0466759428382,
        "mean": 0.0114805232733,
        "median": 0.0101345032454,
        "min": 3.00674043724e-22,
        "var": 5.31422338099e-05
    },
    "spectral_flatness_db": {
        "dmean": 0.0170385688543,
        "dmean2": 0.0263452921063,
        "dvar": 0.000263395166257,
        "dvar2": 0.000662204693072,
        "max": 0.239569932222,
        "mean": 0.112433068454,
        "median": 0.109162166715,
        "min": 0.0384562574327,
        "var": 0.000987813808024
    },
    "spectral_flux": {
        "dmean": 0.0275456830859,
        "dmean2": 0.0425162315369,
        "dvar": 0.00152490101755,
        "dvar2": 0.00279612699524,
        "max": 0.382739573717,
        "mean": 0.0980255901814,
        "median": 0.0937967598438,
        "min": 1.02081607056e-10,
        "var": 0.0031865874771
    },
    "spectral_kurtosis": {
        "dmean": 1.03356182575,
        "dmean2": 1.71519851685,
        "dvar": 1.30132210255,
        "dvar2": 3.65051746368,
        "max": 13.79646492,
        "mean": 3.59327745438,
        "median": 3.59669923782,
        "min": -1.23954844475,
        "var": 3.37326526642
    },
    "spectral_rms": {
        "dmean": 0.00081509858137,
        "dmean2": 0.0013859824976,
        "dvar": 1.64847904216e-06,
        "dvar2": 4.51577261629e-06,
        "max": 0.0129629215226,
        "mean": 0.00625945907086,
        "median": 0.0068968818523,
        "min": 3.18849373987e-12,
        "var": 5.16231602887e-06
    },
    "spectral_rolloff": {
        "dmean": 767.637695312,
        "dmean2": 1262.63659668,
        "dvar": 2224024.75,
        "dvar2": 4308951.5,
        "max": 18669.2871094,
        "mean": 2064.02880859,
        "median": 1388.89160156,
        "min": 129.19921875,
        "var": 5626642
    },
    "spectral_skewness": {
        "dmean": 0.153761535883,
        "dmean2": 0.241584599018,
        "dvar": 0.0233246441931,
        "dvar2": 0.0509355925024,
        "max": 2.36954712868,
        "mean": 1.36075818539,
        "median": 1.37446725368,
        "min": 0.0115516437218,
        "var": 0.0829068049788
    },
    "spectral_spread": {
        "dmean": 630080.6875,
        "dmean2": 813690.75,
        "dvar": 3.38979219046e+12,
        "dvar2": 3.25102678835e+12,
        "max": 41741004,
        "mean": 5006294.5,
        "median": 4399038,
        "min": 2210484.5,
        "var": 7.01599527731e+12
    },
    "spectral_strongpeak": {
        "dmean": 0.198548063636,
        "dmean2": 0.364875674248,
        "dvar": 0.197991162539,
        "dvar2": 0.570427000523,
        "max": 4.35682106018,
        "mean": 0.453072607517,
        "median": 0.359458804131,
        "min": 0,
        "var": 0.15214818716
    },
    "zerocrossingrate": {
        "dmean": 0.0127784851938,
        "dmean2": 0.0153226964176,
        "dvar": 0.000560552754905,
        "dvar2": 0.000871702563018,
        "max": 0.51171875,
        "mean": 0.0715045630932,
        "median": 0.05859375,
        "min": 0.017578125,
        "var": 0.00253963866271
    },
    "barkbands": {
        "dmean": [0.000514635117725, 0.00763421971351, 0.00355870742351, 0.00113189429976, 0.00143877626397, 0.00162868911866, 0.000436704198364, 0.000620192266069, 0.000904515734874, 0.000363594153896, 0.000677629082929, 0.00028184580151, 0.000672440743074, 0.000424879282946, 0.000514126906637, 0.000427147053415, 0.000565998605452, 0.000289018207695, 0.000225001756917, 0.00030553151737, 0.000106624764157, 9.00319137145e-05, 0.000161068615853, 0.000198872119654, 0.000213309773244, 0.000122928817291, 5.38122230864e-06],
        "dmean2": [0.000885510293301, 0.0133654456586, 0.00664140610024, 0.00195650919341, 0.00235371780582, 0.00263264775276, 0.000717187300324, 0.000955754192546, 0.00140895170625, 0.000543330563232, 0.00102869549301, 0.000458907947177, 0.00110014597885, 0.000703606870957, 0.000843458168674, 0.000692588160746, 0.000938582932577, 0.000455385452369, 0.00035805569496, 0.000478763744468, 0.000171252846485, 0.000135446243803, 0.000226351025049, 0.000272473233053, 0.00031774197123, 0.000175041059265, 9.05875094759e-06],
        "dvar": [1.19021831324e-06, 0.000181718671229, 7.64990982134e-05, 6.29698979537e-06, 6.82054178469e-06, 8.2185233623e-06, 8.82123515566e-07, 1.78447623966e-06, 2.14963301914e-06, 7.81709559305e-07, 2.284839411e-06, 3.09519236907e-07, 1.32668276365e-06, 7.49623040974e-07, 8.25290442208e-07, 5.55926078505e-07, 8.589704521e-07, 1.31098630618e-07, 9.55852570428e-08, 2.6693203381e-07, 1.96328873159e-08, 2.87244521502e-08, 1.79534367817e-07, 2.6036326517e-07, 4.62322987005e-07, 1.59347322892e-07, 3.80801862265e-10],
        "dvar2": [2.97030828733e-06, 0.000512911006808, 0.000219689201913, 1.78249229066e-05, 1.72067830135e-05, 2.19159082917e-05, 2.13922476178e-06, 3.6725884911e-06, 4.93436664328e-06, 1.73716023255e-06, 5.46119190403e-06, 7.71975408043e-07, 3.34354490406e-06, 1.9212461666e-06, 2.15740715248e-06, 1.51719791575e-06, 2.17177375816e-06, 3.23428309912e-07, 2.0665842726e-07, 6.75286173646e-07, 4.78994088837e-08, 5.78700714016e-08, 3.44229533766e-07, 4.03336088084e-07, 9.14780059702e-07, 3.30336234811e-07, 1.02493546983e-09],
        "max": [0.00822277739644, 0.096872150898, 0.0605853125453, 0.0202587991953, 0.0389352962375, 0.0326281487942, 0.0154676698148, 0.0286875925958, 0.0201771389693, 0.0148143405095, 0.0268696136773, 0.00941226631403, 0.0163232199848, 0.0111176986247, 0.0147317685187, 0.00918310321867, 0.0111275287345, 0.00346951163374, 0.00512803532183, 0.0077710757032, 0.00214064051397, 0.00372901302762, 0.00737420562655, 0.0069655100815, 0.00752130430192, 0.00647322973236, 0.000222321701585],
        "mean": [0.000512964092195, 0.0192844979465, 0.00389440287836, 0.0013348935172, 0.00309236138128, 0.00300325476564, 0.000999816926196, 0.00107576930895, 0.00162280257791, 0.000750923412852, 0.00113192130812, 0.000477785419207, 0.00112211611122, 0.000753319764044, 0.000837120402139, 0.000828880001791, 0.00104458141141, 0.00060634186957, 0.000554170401301, 0.000666261068545, 0.000292280135909, 0.000231358135352, 0.000357232231181, 0.000443041324615, 0.000354855146725, 0.000173880238435, 4.90789261676e-06],
        "median": [9.22122126212e-05, 0.0211557559669, 0.00171171594411, 0.000645162654109, 0.00223757326603, 0.00191319873556, 0.000560017884709, 0.000647546257824, 0.00109530496411, 0.000348213070538, 0.000257892388618, 0.000239003798924, 0.000631745904684, 0.000362225749996, 0.000469767779578, 0.000522451242432, 0.000740640214644, 0.000418365176301, 0.000440825388068, 0.000385070132324, 0.000227953511057, 0.000118364041555, 0.000109908316517, 0.000111959700007, 6.3972605858e-05, 3.40628539561e-05, 5.87223325965e-07],
        "min": [3.49515789225e-24, 1.08096016343e-23, 1.68701817332e-23, 1.82436990097e-23, 2.37954086044e-23, 2.86570289901e-23, 1.94359786487e-23, 1.85712403684e-23, 5.63795733518e-23, 4.77947882398e-23, 3.39830486352e-23, 6.09156750181e-23, 9.05454168359e-23, 3.72880255738e-23, 5.7010769361e-23, 9.49640476471e-23, 1.49729838779e-22, 1.97334426343e-22, 1.76147490452e-22, 4.16009622766e-22, 2.62087714028e-22, 5.03625462635e-22, 6.1328046061e-22, 6.41258441288e-22, 1.14068519491e-21, 1.78026110317e-21, 2.10256467793e-21],
        "var": [1.23368693039e-06, 0.000249182427069, 5.18198794452e-05, 5.32868216396e-06, 1.29496474983e-05, 1.27911216623e-05, 2.18937134377e-06, 3.06171568809e-06, 4.11371001974e-06, 2.13552038986e-06, 5.86433361605e-06, 5.75260230562e-07, 2.54908422903e-06, 1.39510495956e-06, 1.19705089219e-06, 1.16159969821e-06, 1.51839901719e-06, 3.51342265503e-07, 2.54748954376e-07, 7.30690430828e-07, 7.51752935457e-08, 1.33084284926e-07, 6.68566883633e-07, 1.09568156859e-06, 9.11321762942e-07, 2.52948609614e-07, 3.08095798873e-10]
    },
    "erbbands": {
        "dmean": [0.21710601449, 1.79145479202, 3.96080160141, 4.0458111763, 3.18705034256, 5.34186458588, 13.9181814194, 10.6128406525, 7.69608402252, 5.19672060013, 17.7604446411, 23.3793945312, 10.1020202637, 16.9781837463, 20.1794300079, 14.9496088028, 30.5945796967, 19.9809932709, 21.0924701691, 27.8289546967, 26.9580230713, 20.947057724, 15.5639123917, 11.6361522675, 12.2842168808, 15.4130916595, 5.4556145668, 3.86205720901, 3.37918329239, 3.906062603, 4.72638225555, 4.77713727951, 3.21454262733, 2.73308944702, 1.43939042091, 0.779761850834, 0.170710623264, 0.0246790889651, 0.000604155415203, 3.06544825435e-05],
        "dmean2": [0.376506358385, 3.14453530312, 7.4187002182, 7.31824302673, 5.4358458519, 9.14436912537, 22.8747005463, 17.275894165, 12.3212490082, 8.47719192505, 28.1320228577, 35.9735488892, 15.2590169907, 26.057264328, 31.2172241211, 24.4473514557, 50.0239715576, 31.1639785767, 34.3477630615, 44.6633834839, 43.5858879089, 34.9586753845, 24.4883213043, 19.3551216125, 19.0844573975, 24.4911613464, 8.75412464142, 6.29759168625, 5.2269744873, 5.91857433319, 6.99519348145, 6.94307279587, 4.28613376617, 4.09213685989, 2.11050820351, 1.09009945393, 0.250817298889, 0.0386146865785, 0.000952051079366, 4.78568144899e-05],
        "dvar": [0.143060415983, 10.5614824295, 93.3486022949, 90.6329040527, 43.3483657837, 147.643920898, 628.632507324, 440.481079102, 186.128723145, 105.912063599, 995.49029541, 1681.24133301, 324.992248535, 1497.46374512, 2159.70947266, 648.172790527, 2693.27319336, 1268.43371582, 2308.8449707, 1413.87731934, 2199.89257812, 892.950622559, 320.480743408, 213.131240845, 416.730041504, 702.393859863, 52.9054412842, 45.878704071, 35.5654067993, 86.6261749268, 178.286254883, 149.710464478, 68.8713912964, 79.269569397, 22.54804039, 6.45058631897, 0.364452749491, 0.00553928315639, 4.08421328757e-06, 3.80032272318e-09],
        "dvar2": [0.40609011054, 30.0623130798, 268.118103027, 262.782653809, 109.397911072, 408.766967773, 1559.28735352, 1099.77246094, 460.375274658, 242.061096191, 2235.9362793, 3717.60107422, 754.701904297, 3193.43701172, 5119.45800781, 1618.41650391, 6778.89257812, 2832.9453125, 5893.359375, 3546.08959961, 6332.14990234, 2317.93554688, 803.384399414, 547.90246582, 957.453674316, 1717.2590332, 139.660461426, 122.013755798, 75.3446578979, 182.399765015, 360.649353027, 289.588104248, 103.539886475, 179.380493164, 43.5976142883, 13.4075498581, 0.764796614647, 0.0135616902262, 1.02264693851e-05, 7.95871102355e-09],
        "max": [3.23672413826, 22.6202507019, 72.3379821777, 69.6431045532, 87.6005554199, 212.197769165, 259.394287109, 251.47038269, 213.235977173, 219.092971802, 508.64944458, 569.437683105, 401.865570068, 591.775024414, 799.471130371, 363.179046631, 763.967895508, 484.64453125, 770.277526855, 402.934326172, 601.792785645, 343.708557129, 167.451507568, 231.112579346, 345.371002197, 404.538513184, 114.866394043, 101.78678894, 121.629150391, 163.063949585, 207.618423462, 132.45904541, 118.696983337, 94.6181640625, 60.3751831055, 38.7105407715, 10.1155643463, 0.898282170296, 0.0257225055248, 0.000926822598558],
        "mean": [0.473505824804, 4.58554172516, 5.22735261917, 5.23393583298, 4.28905153275, 10.9591693878, 26.7734336853, 20.0793418884, 19.0064258575, 11.6833572388, 30.9341182709, 42.3404998779, 23.5895824432, 31.8410587311, 36.1196136475, 28.3580951691, 52.5417823792, 38.9341468811, 36.9992408752, 51.1186294556, 56.1498298645, 45.4522705078, 36.6703910828, 29.5536422729, 29.9892921448, 33.835357666, 15.0922193527, 9.732006073, 8.37990379333, 8.79879951477, 10.4701833725, 9.90374088287, 6.84350585938, 4.48976278305, 2.22057390213, 1.05539035797, 0.256350308657, 0.0298126190901, 0.000753042520955, 8.49601710797e-05],
        "median": [0.482888996601, 5.07764434814, 3.36463999748, 2.97572779655, 2.12675309181, 7.37671852112, 15.3465938568, 13.5627040863, 12.5321121216, 8.51115989685, 20.0005149841, 28.4879665375, 15.4587001801, 10.7687454224, 10.9172430038, 16.2445755005, 30.8128471375, 20.871421814, 18.2150878906, 34.6313819885, 36.2802200317, 34.3082427979, 28.3792495728, 24.7901077271, 20.9688739777, 17.5727787018, 12.7212896347, 5.99769258499, 4.75789546967, 3.2652759552, 2.94378709793, 2.5422167778, 1.72849559784, 0.823701322079, 0.388127952814, 0.178309753537, 0.0500601828098, 0.00615158304572, 0.00016886839876, 6.80142693454e-05],
        "min": [2.09543910564e-22, 3.08229347053e-21, 1.46775137918e-20, 5.09667140554e-20, 5.74297088258e-20, 7.87849079155e-20, 3.2502451753e-19, 2.4507267749e-19, 4.48684322643e-19, 4.95097220019e-19, 7.61576349485e-19, 1.70046217199e-18, 1.32375398807e-18, 1.45782848824e-18, 1.32885376335e-18, 2.98683193908e-18, 4.16692936677e-18, 1.61976305182e-18, 2.81148681321e-18, 3.10351796539e-18, 5.85906668968e-18, 9.49192565319e-18, 9.43224870789e-18, 1.00596652025e-17, 1.1197351219e-17, 2.08213238493e-17, 1.44048424787e-17, 1.17017601663e-17, 1.62572406686e-17, 2.24893567156e-17, 1.49346665503e-17, 1.61558994631e-17, 9.83167602772e-18, 9.78383190109e-18, 8.78695270433e-18, 6.71865417068e-18, 3.44776406656e-18, 1.11788796556e-18, 3.3927745987e-19, 3.10772370059e-20],
        "var": [0.191851690412, 13.8681945801, 60.2365760803, 65.8954315186, 51.7361450195, 189.606399536, 1253.68322754, 656.50579834, 484.41796875, 183.907150269, 1685.99523926, 3013.20776367, 1008.31536865, 3962.08325195, 5559.81689453, 1402.48840332, 5288.54443359, 3288.81860352, 3528.38720703, 2765.93701172, 5225.89990234, 1877.37426758, 979.447509766, 589.745910645, 1115.1361084, 1958.73474121, 173.033569336, 129.637481689, 151.64793396, 319.38180542, 617.168212891, 533.842163086, 267.877227783, 142.599563599, 41.1661109924, 9.99067783356, 0.581223905087, 0.00677313841879, 4.46353124062e-06, 7.88744802804e-09]
    },
    "gfcc": {
        "mean": [36.6573524475, 80.4228668213, -113.977676392, 42.3588294983, -48.1087684631, 17.6382656097, -39.5526695251, 19.8440647125, -19.9720497131, 10.4388647079, -12.5731287003, 3.84946799278, -9.16622161865],
        "cov": [[19169.4921875, -422.824981689, -268.936981201, 534.842468262, -470.712463379, 913.476257324, -194.074203491, 568.88873291, -333.454315186, 308.770477295, -139.326309204, 311.588043213, 36.9311256409], [-422.824981689, 902.75, -502.362701416, 6.20405197144, 64.671546936, -254.073974609, 57.2624130249, -129.575408936, 35.1396446228, -89.7599105835, 47.4703788757, -115.977928162, 22.2790336609], [-268.936981201, -502.362701416, 525.823852539, 7.15272521973, 12.4882297516, 124.565193176, -24.7788715363, 60.4607887268, -21.3608207703, 34.1956863403, -67.7757034302, 57.4177856445, -33.1583938599], [534.842468262, 6.20405197144, 7.15272521973, 198.232055664, 21.4855194092, 35.6612930298, 1.44387972355, 11.3545379639, 16.1634578705, 9.80663013458, 1.23922109604, -7.99712181091, 3.25645589828], [-470.712463379, 64.671546936, 12.4882297516, 21.4855194092, 154.477249146, -15.6307544708, 48.1748123169, -19.1051368713, -1.1858497858, 5.29712772369, 15.1438789368, -10.3953227997, -2.54039597511], [913.476257324, -254.073974609, 124.565193176, 35.6612930298, -15.6307544708, 265.397949219, 47.10597229, 70.6488876343, -42.4597816467, 35.1744270325, 33.0993995667, 60.4099998474, 25.0770244598], [-194.074203491, 57.2624130249, -24.7788715363, 1.44387972355, 48.1748123169, 47.10597229, 133.487548828, 16.7803096771, 5.92561388016, -4.79157590866, 47.3034591675, 15.6080617905, 29.1295833588], [568.88873291, -129.575408936, 60.4607887268, 11.3545379639, -19.1051368713, 70.6488876343, 16.7803096771, 102.058425903, 11.4967155457, 32.0501480103, 5.37097120285, 41.4174995422, 26.8775634766], [-333.454315186, 35.1396446228, -21.3608207703, 16.1634578705, -1.1858497858, -42.4597816467, 5.92561388016, 11.4967155457, 81.6480636597, 1.76966440678, 6.37610912323, -11.3417453766, 13.0991230011], [308.770477295, -89.7599105835, 34.1956863403, 9.80663013458, 5.29712772369, 35.1744270325, -4.79157590866, 32.0501480103, 1.76966440678, 64.1561508179, 23.4267959595, 27.9024238586, 7.81883478165], [-139.326309204, 47.4703788757, -67.7757034302, 1.23922109604, 15.1438789368, 33.0993995667, 47.3034591675, 5.37097120285, 6.37610912323, 23.4267959595, 92.9265289307, 30.9803256989, 44.7348747253], [311.588043213, -115.977928162, 57.4177856445, -7.99712181091, -10.3953227997, 60.4099998474, 15.6080617905, 41.4174995422, -11.3417453766, 27.9024238586, 30.9803256989, 80.3523330688, 39.5466499329], [36.9311256409, 22.2790336609, -33.1583938599, 3.25645589828, -2.54039597511, 25.0770244598, 29.1295833588, 26.8775634766, 13.0991230011, 7.81883478165, 44.7348747253, 39.5466499329, 86.2660140991]],
        "icov": [[0.000146731428686, -0.000241794652538, 0.000297866296023, -0.000345899927197, 0.000291138363536, -0.0005160777946, 0.00019410024106, -0.000574101053644, 0.000476463494124, -0.000678569020238, 0.000876935315318, -0.00062486412935, 0.000219958077651], [-0.000241794652538, 0.00444975961, 0.00217236438766, -4.25408943556e-05, -0.00136681867298, 0.00307861855254, -0.00180723145604, 0.00188695231918, -3.04106233671e-05, 0.00314790266566, -0.00213595107198, 0.00330853345804, -0.00181169924326], [0.000297866296023, 0.00217236438766, 0.0055854129605, -0.000878522580024, -0.00107955746353, -0.00115302368067, -0.000227730837651, -0.000519938825164, 0.000467098609079, -0.000881394196767, 0.00493295583874, -0.00301537429914, 0.000866986287292], [-0.000345899927197, -4.25408943556e-05, -0.000878522580024, 0.00658291578293, -0.00174419861287, -0.000692769302987, 0.000579083571211, 0.00111288204789, -0.00293927174062, 0.000718764436897, -0.00146687612869, 0.00247205304913, -0.000810776196886], [0.000291138363536, -0.00136681867298, -0.00107955746353, -0.00174419861287, 0.00955614354461, 0.000172751999344, -0.00360849197023, 0.000702897203155, 0.00217140535824, -0.00461851479486, 0.00129642989486, 0.0001192962809, 0.00047183514107], [-0.0005160777946, 0.00307861855254, -0.00115302368067, -0.000692769302987, 0.000172751999344, 0.0103607727215, -0.00376542657614, -0.000849294418003, 0.00327795254998, 0.00296009378508, -0.00626840116456, 0.0031539646443, -0.00142312550452], [0.00019410024106, -0.00180723145604, -0.000227730837651, 0.000579083571211, -0.00360849197023, -0.00376542657614, 0.0134599618614, -0.00416308781132, -0.00109851523302, 0.0042794435285, -0.0045401440002, -0.00156104087364, 0.000863531022333], [-0.000574101053644, 0.00188695231918, -0.000519938825164, 0.00111288204789, 0.000702897203155, -0.000849294418003, -0.00416308781132, 0.0210785903037, -0.00632206443697, -0.0044726957567, 0.00348122883588, -0.00221217703074, -0.00480321003124], [0.000476463494124, -3.04106233671e-05, 0.000467098609079, -0.00293927174062, 0.00217140535824, 0.00327795254998, -0.00109851523302, -0.00632206443697, 0.0186365768313, -0.00285021821037, 3.41163467965e-05, 0.00373371131718, -0.00275476346724], [-0.000678569020238, 0.00314790266566, -0.000881394196767, 0.000718764436897, -0.00461851479486, 0.00296009378508, 0.0042794435285, -0.0044726957567, -0.00285021821037, 0.0300371218473, -0.0143807791173, -0.000453255604953, 0.00343915936537], [0.000876935315318, -0.00213595107198, 0.00493295583874, -0.00146687612869, 0.00129642989486, -0.00626840116456, -0.0045401440002, 0.00348122883588, 3.41163467965e-05, -0.0143807791173, 0.0305744186044, -0.0103248702362, -0.00538701657206], [-0.00062486412935, 0.00330853345804, -0.00301537429914, 0.00247205304913, 0.0001192962809, 0.0031539646443, -0.00156104087364, -0.00221217703074, 0.00373371131718, -0.000453255604953, -0.0103248702362, 0.0312214065343, -0.0110207060352], [0.000219958077651, -0.00181169924326, 0.000866986287292, -0.000810776196886, 0.00047183514107, -0.00142312550452, 0.000863531022333, -0.00480321003124, -0.00275476346724, 0.00343915936537, -0.00538701657206, -0.0110207060352, 0.021914454177]]
    },
    "melbands": {
        "dmean": [0.00205075624399, 0.00217163609341, 0.000688065600116, 0.000238535474637, 0.000434311659774, 0.00025283859577, 0.000109944892756, 6.39870049781e-05, 0.000165518053109, 0.000133382709464, 4.93845327583e-05, 6.73617469147e-05, 9.17717989068e-05, 2.86084377876e-05, 6.57863492961e-05, 5.26481999259e-05, 4.00411408918e-05, 3.64772386092e-05, 3.38950485457e-05, 3.42748244293e-05, 3.6556408304e-05, 2.40385688812e-05, 2.46415893344e-05, 1.52443772095e-05, 1.00767456388e-05, 8.86401267053e-06, 1.28797455545e-05, 9.73982969299e-06, 4.09276162827e-06, 3.02904732052e-06, 2.33422338169e-06, 2.1096650471e-06, 1.99272426471e-06, 2.53775783676e-06, 2.79284017779e-06, 3.1697477425e-06, 3.17265880767e-06, 2.44482203016e-06, 2.15191244024e-06, 2.51971778198e-06],
        "dmean2": [0.00355061423033, 0.00398145057261, 0.00123222137336, 0.000404788035667, 0.000708581239451, 0.000409839965869, 0.000176835586899, 0.000102047852124, 0.000263582158368, 0.000204580035643, 7.4080133345e-05, 0.000103539845441, 0.000142623845022, 4.5804084948e-05, 0.000106478022644, 8.40518041514e-05, 6.16474571871e-05, 5.91567331867e-05, 5.50908735022e-05, 5.52738420083e-05, 5.95082128712e-05, 4.06217295676e-05, 4.0365375753e-05, 2.48605465458e-05, 1.7048949303e-05, 1.40922702485e-05, 2.07278171729e-05, 1.56886962941e-05, 6.8355257099e-06, 4.96503844261e-06, 3.96795303459e-06, 3.31473484039e-06, 3.15325837619e-06, 3.86627107218e-06, 4.31787020716e-06, 4.80923836221e-06, 4.75458000437e-06, 3.24740426549e-06, 3.13315604217e-06, 3.83837777918e-06],
        "dvar": [1.2280403098e-05, 2.2880587494e-05, 2.42083160629e-06, 2.94919999533e-07, 5.43042233403e-07, 2.22072912948e-07, 4.46774528484e-08, 2.53025547181e-08, 7.02361546701e-08, 5.43411893261e-08, 8.24035417679e-09, 2.52177105864e-08, 4.7856559604e-08, 2.01056615801e-09, 1.33411441894e-08, 8.08663624952e-09, 4.93296870019e-09, 7.07636838015e-09, 3.47433815051e-09, 2.72374722776e-09, 4.3005883299e-09, 1.64924440771e-09, 1.2073935185e-09, 4.17585327428e-10, 1.72173345026e-10, 1.57172164172e-10, 5.09912723157e-10, 2.63551042101e-10, 4.20618748165e-11, 1.36976038151e-11, 2.19178772354e-11, 1.32012005494e-11, 1.7510220704e-11, 3.74916278578e-11, 6.30310664773e-11, 6.91560905763e-11, 6.82696191245e-11, 3.81813400341e-11, 3.74147691995e-11, 7.72904101831e-11],
        "dvar2": [3.43528226949e-05, 6.60835212329e-05, 6.97092218616e-06, 7.63422463024e-07, 1.31808496917e-06, 5.69687074403e-07, 1.09669301196e-07, 5.3603514516e-08, 1.68908428577e-07, 1.18889595058e-07, 1.93492777356e-08, 5.33509698641e-08, 1.14902320547e-07, 4.77000705601e-09, 3.17812087758e-08, 1.96510967498e-08, 1.07587441178e-08, 1.76908390159e-08, 8.77513617326e-09, 6.97697721819e-09, 1.21534133868e-08, 4.15159551181e-09, 3.19844217778e-09, 1.09740638798e-09, 4.53296594705e-10, 3.63727242769e-10, 1.24985044536e-09, 6.61297183679e-10, 1.20316423491e-10, 3.45299275284e-11, 5.97487823106e-11, 3.02041516798e-11, 3.82844728142e-11, 8.20736603679e-11, 1.30479002602e-10, 1.40044739694e-10, 1.41718081714e-10, 5.84784234925e-11, 6.92019497261e-11, 1.85627110905e-10],
        "max": [0.0274042151868, 0.0344623401761, 0.0114997485653, 0.00977814756334, 0.00923693645746, 0.00575236044824, 0.00339060020633, 0.00398958427832, 0.00331729603931, 0.00343362567946, 0.00202581216581, 0.00257171061821, 0.00391572993249, 0.000619469559751, 0.00145330594387, 0.00118968007155, 0.00109956040978, 0.00124721613247, 0.000836923252791, 0.000745984842069, 0.000811163336039, 0.000440831267042, 0.000372498092474, 0.000177031542989, 0.00021323148394, 0.000221036127186, 0.000298635626677, 0.000234861989156, 0.000112969406473, 4.38489987573e-05, 6.6242646426e-05, 7.39854731364e-05, 6.24132735538e-05, 0.000110046981717, 0.000118613730592, 0.000124914309708, 9.66783773038e-05, 9.27776854951e-05, 8.116850222e-05, 0.000103455902718],
        "mean": [0.00512903137133, 0.00409314082935, 0.000887416594196, 0.000452457577921, 0.00089787656907, 0.000484370946651, 0.000272111734375, 0.000133468114655, 0.000288384995656, 0.000239052082179, 0.000107152722194, 0.000118528936582, 0.000154449488036, 5.24649876752e-05, 0.000109860928205, 9.42199403653e-05, 7.03928017174e-05, 6.00717321504e-05, 5.59580439585e-05, 6.87348365318e-05, 6.78426295053e-05, 4.73011969007e-05, 4.55256049463e-05, 2.92835502478e-05, 2.2961097784e-05, 1.99512232939e-05, 2.62257108261e-05, 2.03775362024e-05, 9.46170712268e-06, 7.14037378202e-06, 5.07148297402e-06, 4.70036638944e-06, 4.43233557235e-06, 5.1423903642e-06, 5.94628772888e-06, 6.24743279332e-06, 6.01827832725e-06, 4.98573081131e-06, 3.99014788854e-06, 3.78196341444e-06],
        "median": [0.00594794424251, 0.00372238201089, 0.000534092483576, 0.000298040162306, 0.000586532580201, 0.000347765628248, 0.000172020940227, 9.81001212494e-05, 0.000189922604477, 0.000158622802701, 6.68112625135e-05, 3.82946709578e-05, 3.53780487785e-05, 2.91861906589e-05, 6.38658821117e-05, 5.26339717908e-05, 3.31104747602e-05, 2.48323958658e-05, 3.35204131261e-05, 4.61200907012e-05, 4.18784693466e-05, 3.404536983e-05, 3.17335980071e-05, 2.0334187866e-05, 1.81118375622e-05, 1.54751978698e-05, 1.45156409417e-05, 1.06775096356e-05, 7.3072565101e-06, 5.6429948927e-06, 2.54689143731e-06, 2.76491846307e-06, 1.92171796698e-06, 1.72204659066e-06, 1.60680156114e-06, 1.74962974597e-06, 1.4357146938e-06, 1.32159311761e-06, 8.86631937647e-07, 6.15956537331e-07],
        "min": [2.77072858197e-24, 6.35447930096e-24, 8.39694786409e-24, 3.82049596247e-24, 9.69040049189e-24, 5.51957061255e-24, 6.33490608418e-24, 8.67926461599e-24, 7.83955373682e-24, 9.43747827504e-24, 6.88456898015e-24, 6.09646380368e-24, 4.66808282892e-24, 6.0916458357e-24, 1.22392794964e-23, 5.75338661827e-24, 2.85634365601e-24, 4.45313558719e-24, 4.82794943567e-24, 4.37439661923e-24, 7.59177489307e-24, 1.01015208747e-23, 9.30940986252e-24, 8.42563794635e-24, 8.15976184458e-24, 7.12449550245e-24, 9.26542061187e-24, 1.41121315264e-23, 1.00706937682e-23, 6.21965468922e-24, 6.31857784673e-24, 8.52094102117e-24, 1.00339289057e-23, 1.2916451897e-23, 8.54589269161e-24, 9.26142187594e-24, 8.10939228692e-24, 6.22258096875e-24, 7.80177834351e-24, 7.95501694093e-24],
        "var": [1.83461961569e-05, 1.6323854652e-05, 1.80226857083e-06, 4.23430890351e-07, 1.13450721528e-06, 3.35582541311e-07, 1.15082798402e-07, 3.99201667278e-08, 1.18212646782e-07, 9.92338513583e-08, 2.4996484882e-08, 6.52442295745e-08, 1.17240993802e-07, 4.90517360063e-09, 2.42159128305e-08, 1.63255418073e-08, 1.22057146612e-08, 1.16335803213e-08, 5.01844121814e-09, 5.7245923557e-09, 9.51214840228e-09, 2.93867863377e-09, 2.11830575303e-09, 9.20909237756e-10, 3.92581689379e-10, 3.67899405385e-10, 1.30391231146e-09, 7.20291881695e-10, 9.17605921802e-11, 4.13571885072e-11, 4.99900919271e-11, 4.51263020007e-11, 6.25232227103e-11, 1.24206492313e-10, 2.14900458539e-10, 2.09824879693e-10, 2.15471251952e-10, 1.45521511508e-10, 1.03983884003e-10, 1.14012375929e-10]
    },
    "mfcc": {
