{
"metadata": {
    "version": {
        "essentia": "2.0.1",
        "extractor": "archive-music 1.0"
    },
    "audio_properties": {
        "analysis_sample_rate": 44100,
        "bitrate": 128,
        "channels": 2,
        "equal_loudness": 0,
        "length": 15.6473464966,
        "replay_gain": -12.2422523499,
        "downmix": "mix"
    },
    "tags": {
        "track": 1,
        "year": 0,
        "album": "One Day",
        "artist": "JEKK",
        "comment": "",
        "genre": "Other",
        "title": "Five O'Clock"
    }
},
"highlevel": {
    "culture": {
        "all": {
            "non_western": 1.16402579806e-05,
            "western": 0.999988377094
        },
        "probability": 0.999988377094,
        "value": "western"
    },
    "danceability": {
        "all": {
            "danceable": 0.98482209444,
            "not_danceable": 0.015177924186
        },
        "probability": 0.98482209444,
        "value": "danceable"
    },
    "gender": {
        "all": {
            "female": 0.909223675728,
            "male": 0.090776309371
        },
        "probability": 0.909223675728,
        "value": "female"
    },
    "genre_dortmund": {
        "all": {
            "alternative": 0.0508569814265,
            "blues": 0.0250666346401,
            "electronic": 0.0317952334881,
            "folkcountry": 0.0946216881275,
            "funksoulrnb": 0.127670019865,
            "jazz": 0.308534890413,
            "pop": 0.186171755195,
            "raphiphop": 0.0697837620974,
            "rock": 0.105499021709
        },
        "probability": 0.308534890413,
        "value": "jazz"
    },
    "genre_electronic": {
        "all": {
            "ambient": 0.385684579611,
            "dnb": 0.184382483363,
            "house": 0.266943573952,
            "techno": 0.0289010889828,
            "trance": 0.134088277817
        },
        "probability": 0.385684579611,
        "value": "ambient"
    },
    "genre_rosamerica": {
        "all": {
            "cla": 0.00853470526636,
            "dan": 0.464708954096,
            "hip": 0.0994546562433,
            "jaz": 0.0295287016779,
            "pop": 0.185035854578,
            "rhy": 0.170020163059,
            "roc": 0.0354799292982,
            "spe": 0.00723702460527
        },
        "probability": 0.464708954096,
        "value": "dan"
    },
    "genre_tzanetakis": {
        "all": {
            "blu": 0.00217585870996,
            "cla": 0.00255128345452,
            "cou": 0.0136468401179,
            "dis": 0.0504688285291,
            "hip": 0.0289906654507,
            "jaz": 0.0713579133153,
            "met": 0.00273721083067,
            "pop": 0.665679872036,
            "reg": 0.120862811804,
            "roc": 0.0415286943316
        },
        "probability": 0.665679872036,
        "value": "pop"
    },
    "mirex_ballroom": {
        "all": {
            "ChaChaCha": 0.362942546606,
            "Jive": 0.028236284852,
            "Quickstep": 0.01951665245,
            "Rumba-American": 0.0216034334153,
            "Rumba-International": 0.00457016658038,
            "Rumba-Misc": 0.00654651410878,
            "Samba": 0.553256571293,
            "Tango": 0.000534165592398,
            "VienneseWaltz": 0.00195209728554,
            "Waltz": 0.000841557630338
        },
        "probability": 0.553256571293,
        "value": "Samba"
    },
    "mood_acoustic": {
        "all": {
            "acoustic": 0.0551777854562,
            "not_acoustic": 0.944822192192
        },
        "probability": 0.944822192192,
        "value": "not_acoustic"
    },
    "mood_aggressive": {
        "all": {
            "aggressive": 0.00352040468715,
            "not_aggressive": 0.996479570866
        },
        "probability": 0.996479570866,
        "value": "not_aggressive"
    },
    "mood_electronic": {
        "all": {
            "electronic": 0.316866874695,
            "not_electronic": 0.683133125305
        },
        "probability": 0.683133125305,
        "value": "not_electronic"
    },
    "mood_happy": {
        "all": {
            "happy": 0.472143411636,
            "not_happy": 0.527856588364
        },
        "probability": 0.527856588364,
        "value": "not_happy"
    },
    "mood_party": {
        "all": {
            "not_party": 0.553607642651,
            "party": 0.446392387152
        },
        "probability": 0.553607642651,
        "value": "not_party"
    },
    "mood_relaxed": {
        "all": {
            "not_relaxed": 0.794236719608,
            "relaxed": 0.205763265491
        },
        "probability": 0.794236719608,
        "value": "not_relaxed"
    },
    "mood_sad": {
        "all": {
            "not_sad": 0.172720476985,
            "sad": 0.827279508114
        },
        "probability": 0.827279508114,
        "value": "sad"
    },
    "moods_mirex": {
        "all": {
            "Cluster1": 0.233223333955,
            "Cluster2": 0.265083760023,
            "Cluster3": 0.262198209763,
            "Cluster4": 0.190852478147,
            "Cluster5": 0.0486422255635
        },
        "probability": 0.265083760023,
        "value": "Cluster2"
    },
    "timbre": {
        "all": {
            "bright": 0.990268647671,
            "dark": 0.00973135139793
        },
        "probability": 0.990268647671,
        "value": "bright"
    },
    "tonal_atonal": {
        "all": {
            "atonal": 0.00688957655802,
            "tonal": 0.99311041832
        },
        "probability": 0.99311041832,
        "value": "tonal"
    },
    "voice_instrumental": {
        "all": {
            "instrumental": 0.015501874499,
            "voice": 0.984498143196
        },
        "probability": 0.984498143196,
        "value": "voice"
    }
},
"lowlevel": {
    "average_loudness": 0.968336164951,
    "barkbands_kurtosis": {
        "dmean": 2.44883203506,
        "dmean2": 3.72660279274,
        "dvar": 17.2019786835,
        "dvar2": 32.066028595,
        "max": 59.2533683777,
        "mean": 3.56914448738,
        "median": 2.03863620758,
        "min": -1.91957199574,
        "var": 44.2759628296
    },
    "barkbands_skewness": {
        "dmean": 0.569678246975,
        "dmean2": 0.83395075798,
        "dvar": 0.52174192667,
        "dvar2": 1.00046062469,
        "max": 6.96998691559,
        "mean": 1.50490677357,
        "median": 1.43270897865,
        "min": -4.03267335892,
        "var": 1.48463618755
    },
    "barkbands_spread": {
        "dmean": 10.9687671661,
        "dmean2": 16.6680812836,
        "dvar": 160.812820435,
        "dvar2": 357.322875977,
        "max": 112.52129364,
        "mean": 33.0997009277,
        "median": 27.7072105408,
        "min": 2.94817137718,
        "var": 377.639465332
    },
    "dissonance": {
        "dmean": 0.0198835916817,
        "dmean2": 0.0326693095267,
        "dvar": 0.000450265477411,
        "dvar2": 0.00115735817235,
        "max": 0.499958872795,
        "mean": 0.457140445709,
        "median": 0.46582442522,
        "min": 0.303162902594,
        "var": 0.000997348804958
    },
    "dynamic_complexity": 3.55043578148,
    "erbbands_kurtosis": {
        "dmean": 1.3366765976,
        "dmean2": 2.08289885521,
        "dvar": 2.99536681175,
        "dvar2": 7.58567762375,
        "max": 11.9045829773,
        "mean": 1.03942322731,
        "median": 0.189059495926,
        "min": -1.77423167229,
        "var": 6.09055423737
    },
    "erbbands_skewness": {
        "dmean": 0.44541478157,
        "dmean2": 0.647834956646,
        "dvar": 0.235786095262,
        "dvar2": 0.4727884233,
        "max": 2.58052682877,
        "mean": 0.517996191978,
        "median": 0.565998733044,
        "min": -3.36368107796,
        "var": 0.8149279356
    },
    "erbbands_spread": {
        "dmean": 14.55788517,
        "dmean2": 22.0955543518,
        "dvar": 247.103424072,
        "dvar2": 541.046875,
        "max": 168.114624023,
        "mean": 50.3807067871,
        "median": 46.3721885681,
        "min": 7.85179901123,
        "var": 674.518371582
    },
    "hfc": {
        "dmean": 17.6545162201,
        "dmean2": 26.0686836243,
        "dvar": 634.574401855,
        "dvar2": 1432.85986328,
        "max": 196.282516479,
        "mean": 34.622428894,
        "median": 27.3690490723,
        "min": 1.07993444992e-16,
        "var": 1049.1151123
    },
    "melbands_kurtosis": {
        "dmean": 9.48378372192,
        "dmean2": 14.5310220718,
        "dvar": 414.399383545,
        "dvar2": 829.520324707,
        "max": 247.662887573,
        "mean": 18.1025485992,
        "median": 9.6174659729,
        "min": -1.75430369377,
        "var": 824.257019043
    },
    "melbands_skewness": {
        "dmean": 0.931327283382,
        "dmean2": 1.38652205467,
        "dvar": 1.4882183075,
        "dvar2": 2.65292572975,
        "max": 13.3215789795,
        "mean": 2.99078607559,
        "median": 2.55329537392,
        "min": -0.919330656528,
        "var": 4.75258302689
    },
    "melbands_spread": {
        "dmean": 11.4771499634,
        "dmean2": 17.9438285828,
        "dvar": 416.455108643,
        "dvar2": 890.492675781,
        "max": 222.059173584,
        "mean": 28.9800319672,
        "median": 21.5231113434,
        "min": 1.95238530636,
        "var": 680.676086426
    },
    "pitch_salience": {
        "dmean": 0.0638669729233,
        "dmean2": 0.0942944213748,
        "dvar": 0.00430524768308,
        "dvar2": 0.00813785195351,
        "max": 0.872607648373,
        "mean": 0.498791784048,
        "median": 0.497197985649,
        "min": 0.106933444738,
        "var": 0.0179463103414
    },
    "silence_rate_20dB": {
        "dmean": 0,
        "dmean2": 0,
        "dvar": 0,
        "dvar2": 0,
        "max": 1,
        "mean": 1,
        "median": 1,
        "min": 1,
        "var": 0
    },
    "silence_rate_30dB": {
        "dmean": 0,
        "dmean2": 0,
        "dvar": 0,
        "dvar2": 0,
        "max": 1,
        "mean": 1,
        "median": 1,
        "min": 1,
        "var": 0
    },
    "silence_rate_60dB": {
        "dmean": 0.0474777445197,
        "dmean2": 0.0950965806842,
        "dvar": 0.0452238544822,
        "dvar2": 0.100912563503,
        "max": 1,
        "mean": 0.108148150146,
        "median": 0,
        "min": 0,
        "var": 0.0964519605041
    },
    "spectral_centroid": {
        "dmean": 388.476043701,
        "dmean2": 570.545471191,
        "dvar": 407031.78125,
        "dvar2": 640445.75,
        "max": 11324.4003906,
        "mean": 1555.53771973,
        "median": 1292.89416504,
        "min": 311.514312744,
        "var": 827495.4375
    },
    "spectral_complexity": {
        "dmean": 4.37982177734,
        "dmean2": 6.79643392563,
        "dvar": 35.4225730896,
        "dvar2": 62.1175308228,
        "max": 59,
        "mean": 16.7925930023,
        "median": 15,
        "min": 0,
        "var": 130.635498047
    },
    "spectral_crest": {
        "dmean": 2.57097530365,
        "dmean2": 3.83122777939,
        "dvar": 6.47529840469,
        "dvar2": 12.1976003647,
        "max": 25.8304653168,
        "mean": 11.1951322556,
        "median": 10.2542285919,
        "min": 2.17436337471,
        "var": 24.3460540771
    },
    "spectral_decrease": {
        "dmean": 2.16930584607e-09,
        "dmean2": 3.2249831694e-09,
        "dvar": 1.13332239065e-17,
        "dvar2": 2.1654188847e-17,
        "max": 9.49362822676e-22,
        "mean": -7.58407647794e-09,
        "median": -7.05055080985e-09,
        "min": -2.9416053593e-08,
        "var": 3.46258962468e-17
    },
    "spectral_energy": {
        "dmean": 0.00928311794996,
        "dmean2": 0.0135788116604,
        "dvar": 0.00018050831568,
        "dvar2": 0.000344086729456,
        "max": 0.115077465773,
        "mean": 0.0317643806338,
        "median": 0.0300075169653,
        "min": 1.03136392675e-20,
        "var": 0.000560021144338
    },
    "spectral_energyband_high": {
        "dmean": 0.00177046167664,
        "dmean2": 0.00273882644251,
        "dvar": 8.85053486854e-06,
        "dvar2": 2.0853975002e-05,
        "max": 0.0268178768456,
        "mean": 0.00248384848237,
        "median": 0.00130251666997,
        "min": 7.6232827928e-21,
        "var": 1.11139515866e-05
    },
    "spectral_energyband_low": {
        "dmean": 0.00435695517808,
        "dmean2": 0.00701715052128,
        "dvar": 0.000109108790639,
        "dvar2": 0.000239578526816,
        "max": 0.107378043234,
        "mean": 0.0128308553249,
        "median": 0.00699839461595,
        "min": 6.0529776885e-23,
        "var": 0.000250841811066
    },
    "spectral_energyband_middle_high": {
        "dmean": 0.00258891563863,
        "dmean2": 0.00346507667564,
        "dvar": 1.64623506862e-05,
        "dvar2": 3.16385448969e-05,
        "max": 0.0505647286773,
        "mean": 0.00607414450496,
        "median": 0.00295246695168,
        "min": 1.55299827858e-21,
        "var": 4.66045130452e-05
    },
    "spectral_energyband_middle_low": {
        "dmean": 0.00505624106154,
        "dmean2": 0.00774058885872,
        "dvar": 6.82748068357e-05,
        "dvar2": 0.000150913372636,
        "max": 0.0847774296999,
        "mean": 0.0116679305211,
        "median": 0.00835449900478,
        "min": 2.85482425469e-22,
        "var": 0.000151596643263
    },
    "spectral_flatness_db": {
        "dmean": 0.0222087875009,
        "dmean2": 0.0318349897861,
        "dvar": 0.00054653105326,
        "dvar2": 0.00100063276477,
        "max": 0.315978318453,
        "mean": 0.124311849475,
        "median": 0.118684768677,
        "min": 0.0317216441035,
        "var": 0.00209008995444
    },
    "spectral_flux": {
        "dmean": 0.0316745117307,
        "dmean2": 0.0489202961326,
        "dvar": 0.00159102620091,
        "dvar2": 0.00267099402845,
        "max": 0.330881744623,
        "mean": 0.0820855200291,
        "median": 0.0676292479038,
        "min": 1.01556089926e-10,
        "var": 0.00331148924306
    },
    "spectral_kurtosis": {
        "dmean": 0.788105666637,
        "dmean2": 1.16354525089,
        "dvar": 0.688437283039,
        "dvar2": 1.52448391914,
        "max": 9.40993022919,
        "mean": 1.98330616951,
        "median": 1.78194952011,
        "min": -1.2199420929,
        "var": 2.26322507858
    },
    "spectral_rms": {
        "dmean": 0.000812912825495,
        "dmean2": 0.0011472045444,
        "dvar": 1.1178707382e-06,
        "dvar2": 1.88258536582e-06,
        "max": 0.0105957863852,
        "mean": 0.00504641141742,
        "median": 0.00541069544852,
        "min": 3.17207935266e-12,
        "var": 5.52339452042e-06
    },
    "spectral_rolloff": {
        "dmean": 1288.73425293,
        "dmean2": 2147.14624023,
        "dvar": 5249461.5,
        "dvar2": 11268810,
        "max": 18820.0195312,
        "mean": 2495.13842773,
        "median": 1313.52539062,
        "min": 64.599609375,
        "var": 9829366
    },
    "spectral_skewness": {
        "dmean": 0.18822555244,
        "dmean2": 0.272020965815,
        "dvar": 0.0404067486525,
        "dvar2": 0.0809614136815,
        "max": 2.52074193954,
        "mean": 1.2720938921,
        "median": 1.25104260445,
        "min": -0.0351474881172,
        "var": 0.134270623326
    },
    "spectral_spread": {
        "dmean": 1187412.75,
        "dmean2": 1627257.375,
        "dvar": 3.92827004518e+12,
        "dvar2": 4.96583521075e+12,
        "max": 40728584,
        "mean": 7534547,
        "median": 7032396,
        "min": 2382267.75,
        "var": 7.67527537869e+12
    },
    "spectral_strongpeak": {
        "dmean": 0.536298215389,
        "dmean2": 0.888893425465,
        "dvar": 0.805727720261,
        "dvar2": 1.94103479385,
        "max": 5.85843420029,
        "mean": 1.12310421467,
        "median": 0.55326962471,
        "min": 0,
        "var": 1.62056767941
    },
    "zerocrossingrate": {
        "dmean": 0.025886150077,
        "dmean2": 0.0288601070642,
        "dvar": 0.00101239595097,
        "dvar2": 0.00158253964037,
        "max": 0.5048828125,
        "mean": 0.104194879532,
        "median": 0.08984375,
        "min": 0.0068359375,
        "var": 0.00448403786868
    },
    "barkbands": {
        "dmean": [8.31433135318e-05, 0.00343751651235, 0.00205705012195, 0.00153409852646, 0.00113363249693, 0.00128567765933, 0.00113342434634, 0.000574539531954, 0.000523899856489, 0.00146537995897, 0.000417589268181, 0.000327271962306, 0.000683950609528, 0.000237895495957, 0.000201364702662, 9.63563434198e-05, 0.000146888487507, 0.000177244335646, 0.000212018654565, 0.000227667827858, 0.000209321849979, 0.000239260887611, 0.000359522469807, 0.000369511224562, 0.000295488571282, 0.000289251591312, 1.71640785993e-05],
        "dmean2": [0.000112389461719, 0.00536873703822, 0.00356051977724, 0.00281519908458, 0.00179232773371, 0.00204339716583, 0.00166406668723, 0.00083882547915, 0.00076421443373, 0.00213549938053, 0.00058619939955, 0.00049314124044, 0.000983645091765, 0.000356390315574, 0.000307807611534, 0.000146398117067, 0.000243630376644, 0.00027990801027, 0.000339749298291, 0.000372381036868, 0.000321009138133, 0.000369199638953, 0.000566193659324, 0.000585904461332, 0.000462294294266, 0.0004626668524, 2.64784357569e-05],
        "dvar": [1.378559773e-07, 6.06954708928e-05, 4.60186856799e-05, 2.70324635494e-05, 6.42138411422e-06, 1.20752065413e-05, 1.41950677062e-05, 4.74871239931e-06, 1.6798796878e-06, 1.15853308671e-05, 1.30714192892e-06, 5.46520823264e-07, 2.0467396098e-06, 2.51357505476e-07, 2.08947085412e-07, 4.73911292431e-08, 7.68961783137e-08, 1.48448108916e-07, 1.79207006568e-07, 3.55760903403e-07, 2.07295741461e-07, 2.82237124338e-07, 2.90728308983e-07, 7.05133061274e-07, 2.55156379581e-07, 1.57567853876e-07, 1.28339183725e-09],
        "dvar2": [2.12024716006e-07, 0.000135346926982, 0.000130783111672, 7.65953736845e-05, 1.51856011144e-05, 2.89087929559e-05, 2.79169653368e-05, 1.01672167148e-05, 2.85509736386e-06, 2.59899807133e-05, 2.42753139901e-06, 1.17529850741e-06, 4.12385452364e-06, 4.93714594541e-07, 4.73671377677e-07, 9.94850353209e-08, 1.99914822474e-07, 3.09406033239e-07, 4.38119087676e-07, 9.39796848343e-07, 4.58872449371e-07, 6.88667796567e-07, 6.80974778788e-07, 1.79006735834e-06, 6.30665851986e-07, 3.57123269623e-07, 2.82292456077e-09],
        "max": [0.00566328316927, 0.0824754089117, 0.0606049224734, 0.0390692912042, 0.0366697460413, 0.0398810207844, 0.0829403400421, 0.0493013709784, 0.0377619490027, 0.0467484183609, 0.0179994367063, 0.0069993105717, 0.0150154540315, 0.00670481612906, 0.00593895232305, 0.00330614135601, 0.0027523022145, 0.0046326094307, 0.00390867330134, 0.00739868124947, 0.00404822826385, 0.00569181051105, 0.00393576268107, 0.0098805334419, 0.00535004399717, 0.00220783799887, 0.000298072583973],
        "mean": [0.000156479756697, 0.0093841329217, 0.00260485778563, 0.0011532176286, 0.0021218706388, 0.00256282393821, 0.00207263673656, 0.00111118482891, 0.00140520266723, 0.00253492011689, 0.000647853536066, 0.000494228384923, 0.00131575297564, 0.000340687402058, 0.000321322295349, 0.000156549518579, 0.000218389104703, 0.000252514379099, 0.000296266865917, 0.000297534366837, 0.000307818379952, 0.000332549185259, 0.000456586974906, 0.000461185147287, 0.000402352714445, 0.000339061225532, 1.64429311553e-05],
        "median": [8.15421390143e-06, 0.00385654927231, 0.000936059397645, 0.000184674572665, 0.00129934027791, 0.000618062273134, 0.000480331014842, 0.00021501709125, 0.000242017660639, 0.000376435782528, 0.000158556213137, 9.51195470407e-05, 0.000316927762469, 0.000111939669296, 8.56204205775e-05, 7.05562706571e-05, 0.00011658956646, 0.000109928769234, 0.000150071835378, 0.00014050763275, 0.000161913238117, 0.00017001501692, 0.00021086880588, 0.000220339439693, 0.000193911284441, 0.000132334054797, 1.15671684853e-06],
        "min": [1.54134222762e-23, 2.55917079944e-23, 1.41993038119e-23, 2.09384174908e-24, 2.70332881898e-23, 1.56004028211e-23, 3.04223734782e-23, 5.05575021922e-23, 4.89313317004e-23, 5.62170743162e-23, 7.20460101416e-23, 7.57814495435e-23, 8.3564597359e-23, 9.15563767959e-23, 1.45716985395e-22, 1.18836897149e-22, 7.29975341654e-23, 1.53972989059e-22, 2.04579526845e-22, 3.77338929129e-22, 3.1577006466e-22, 5.45169377016e-22, 5.07411439622e-22, 7.79327678954e-22, 1.18573957818e-21, 1.81001577531e-21, 1.93958707514e-21],
        "var": [5.39865084193e-07, 0.000164815981407, 3.16951191053e-05, 1.62374981301e-05, 1.0079628737e-05, 2.10911930481e-05, 3.56233540515e-05, 9.97141250991e-06, 2.23796505452e-05, 2.12836112041e-05, 2.99025577988e-06, 1.08573533453e-06, 5.26533358425e-06, 4.43757528501e-07, 4.08301048083e-07, 7.97528088015e-08, 1.13603960017e-07, 2.37130251435e-07, 2.2898555585e-07, 3.46192990719e-07, 2.93609303981e-07, 3.30109031665e-07, 3.64923266716e-07, 6.8781258733e-07, 2.91667760166e-07, 1.87854709566e-07, 1.42782718981e-09]
    },
    "erbbands": {
        "dmean": [0.0763094425201, 0.862675607204, 1.86997425556, 4.68422365189, 2.92215108871, 4.72390174866, 8.26662158966, 10.1322946548, 18.8502941132, 9.92359733582, 12.2829694748, 12.5173711777, 42.2034072876, 24.5923175812, 20.2346954346, 16.6002655029, 31.7099895477, 14.1301841736, 11.0473136902, 7.03836250305, 5.19373083115, 7.44588422775, 8.58928394318, 10.7349510193, 10.7822933197, 11.0498933792, 8.47628974915, 9.07062721252, 9.27575588226, 11.1070976257, 9.05419063568, 7.87908601761, 5.92931318283, 3.34751105309, 2.21394395828, 1.63242805004, 0.445531278849, 0.0589464604855, 0.00179143331479, 6.00852363277e-05],
        "dmean2": [0.109045632184, 1.38374507427, 3.10557365417, 8.64907836914, 5.03612279892, 7.44377660751, 13.5417032242, 16.0206947327, 27.0214328766, 14.7903347015, 18.5372276306, 17.9035739899, 62.716583252, 33.1786270142, 29.1593723297, 23.5372600555, 44.5305404663, 20.7486724854, 16.9888381958, 10.776102066, 7.8423614502, 12.0515508652, 13.4125328064, 17.6643238068, 17.0158557892, 17.9134960175, 13.8932924271, 14.5156269073, 14.8606462479, 17.2674541473, 14.1367855072, 12.3898572922, 9.54279613495, 5.22827243805, 3.54931783676, 2.6243314743, 0.716956377029, 0.0898973196745, 0.00277570425533, 9.11637180252e-05],
        "dvar": [0.0503151454031, 3.84727263451, 32.5510215759, 262.295257568, 44.6212387085, 142.523498535, 723.893249512, 515.94317627, 3881.51635742, 507.460540771, 3453.4362793, 994.539672852, 13717.0683594, 2779.18945312, 3351.2199707, 1062.53234863, 3934.89135742, 981.8515625, 592.959228516, 410.909301758, 106.417030334, 221.645706177, 373.475952148, 468.958770752, 452.368927002, 823.477844238, 420.022613525, 429.025634766, 518.639343262, 307.443115234, 193.84588623, 265.772705078, 197.032531738, 39.9971084595, 13.140337944, 5.5222158432, 0.387438625097, 0.0111972149462, 1.23129784697e-05, 6.94288493364e-09],
        "dvar2": [0.074041493237, 9.376080513, 87.6430206299, 753.847290039, 121.143981934, 340.9765625, 1846.61328125, 1172.65380859, 7304.85742188, 1091.86254883, 7320.97460938, 1543.97729492, 29379.3828125, 5337.14697266, 6474.24902344, 2036.84375, 7135.33447266, 2186.87353516, 1290.22851562, 932.762817383, 223.002304077, 560.669677734, 768.484008789, 1139.47070312, 1079.12255859, 2185.98413086, 1008.59716797, 997.166503906, 1362.05651855, 713.629089355, 448.766479492, 629.638061523, 522.610534668, 100.812194824, 32.2562408447, 12.8761234283, 0.880279123783, 0.0253261160105, 2.76067148661e-05, 1.53580934636e-08],
        "max": [2.7876033783, 21.7262039185, 59.6099624634, 114.461891174, 53.1092529297, 186.054473877, 300.16418457, 235.048171997, 1342.42919922, 304.970825195, 1372.79956055, 1062.40722656, 1469.38745117, 920.637390137, 863.380493164, 347.959075928, 693.276489258, 382.78326416, 393.750701904, 315.022735596, 149.597137451, 142.834472656, 233.377456665, 226.425247192, 226.722122192, 363.970916748, 190.357467651, 201.493225098, 271.425201416, 141.926727295, 104.536155701, 188.391311646, 191.408905029, 86.8425827026, 33.5025177002, 14.6343803406, 4.12674474716, 0.706671535969, 0.0262185204774, 0.000656537187751],
        "mean": [0.242352932692, 2.19713449478, 3.36994242668, 3.69104123116, 3.97397470474, 8.30283260345, 13.7165260315, 20.8844032288, 37.4555587769, 20.1037979126, 25.2598209381, 38.8009262085, 66.3967819214, 49.6023330688, 32.7119102478, 30.8972187042, 64.1359634399, 21.4768657684, 19.0570526123, 10.9293012619, 9.21952438354, 11.3035640717, 12.773103714, 15.9480628967, 14.5166435242, 14.4380426407, 12.0510644913, 12.5383005142, 12.2478866577, 14.3283042908, 11.8277387619, 10.0706977844, 7.25448560715, 4.67531967163, 2.79030537605, 1.89458608627, 0.519849121571, 0.064257979393, 0.0019219861133, 9.91710767266e-05],
        "median": [0.036665700376, 1.10178267956, 2.10083794594, 0.94393491745, 2.26649999619, 3.98408794403, 3.14028406143, 6.17536640167, 7.7805109024, 6.80693769455, 4.18406438828, 7.9799041748, 9.69471359253, 11.52780056, 9.83161258698, 9.00765132904, 17.1453990936, 7.54876947403, 5.56755781174, 3.64453291893, 4.85967588425, 5.74089384079, 6.08760547638, 8.04904842377, 7.66720628738, 6.98693037033, 6.31569814682, 6.24011659622, 5.99284934998, 6.67409420013, 5.72199106216, 4.83661842346, 3.52926969528, 2.34365916252, 1.27424156666, 0.706692934036, 0.220669835806, 0.021085858345, 0.000583772954997, 6.99904849171e-05],
        "min": [7.70847411601e-22, 5.57082716541e-21, 1.16966287062e-20, 1.02108523829e-20, 5.27740164521e-20, 8.39905816925e-20, 9.93318287621e-20, 1.26566621183e-19, 4.30299483897e-19, 7.51765160239e-19, 1.1002053256e-18, 1.31832240998e-18, 2.09007675161e-18, 2.69020228308e-18, 3.27326948916e-18, 3.01474411487e-18, 4.42002305956e-18, 3.95173543528e-18, 7.85358112628e-18, 7.41574615625e-18, 6.99842940132e-18, 4.54247970463e-18, 6.40590421211e-18, 1.08493745333e-17, 1.56690159914e-17, 1.7037495325e-17, 1.10561349449e-17, 1.52121492499e-17, 1.71014975978e-17, 2.50659316795e-17, 1.39204901798e-17, 1.15567107372e-17, 1.47105121848e-17, 1.26745270482e-17, 8.63887496698e-18, 5.84680249633e-18, 3.13787305098e-18, 1.49466583944e-18, 3.03538423571e-19, 2.53051125304e-20],
        "var": [0.202308505774, 8.12590503693, 27.9420280457, 153.912597656, 36.0496444702, 212.383636475, 914.980163574, 1186.19677734, 10023.9248047, 1309.94885254, 6929.68505859, 16907.8769531, 24232.2011719, 8757.80175781, 7178.64208984, 2614.48803711, 11950.1054688, 1520.72253418, 1295.07312012, 606.044555664, 200.791427612, 334.484344482, 608.81652832, 635.916015625, 594.919433594, 794.94317627, 509.6456604, 538.81652832, 501.361724854, 397.650848389, 248.415710449, 298.106506348, 174.008239746, 44.0166053772, 14.364991188, 6.42214775085, 0.444698482752, 0.0126479873434, 1.34093725137e-05, 9.43553501997e-09]
    },
    "gfcc": {
        "mean": [12.4011516571, 45.7726707458, -92.1929092407, 23.5047950745, -69.0606155396, 26.369550705, -38.9789772034, 12.6798381805, -32.4398231506, 8.9385766983, -15.0460557938, 8.30780220032, -17.4123039246],
        "cov": [[19205.59375, 316.719940186, -361.317352295, 633.621765137, -302.19241333, 483.746520996, -79.9686584473, 425.981872559, -140.779708862, 320.516143799, -182.74671936, 268.71005249, -73.5360031128], [316.719940186, 1069.82043457, -230.135299683, 48.6568222046, 118.322410583, 76.291053772, 197.34085083, 35.2574119568, 126.743125916, 11.9806947708, 163.724304199, -32.7806854248, 99.6404418945], [-361.317352295, -230.135299683, 984.722290039, 309.262237549, 268.946411133, 172.336502075, 67.3294830322, 167.328674316, 90.6774291992, 115.348594666, 37.1102905273, 146.60333252, 24.0793437958], [633.621765137, 48.6568222046, 309.262237549, 659.82611084, 207.82144165, 102.416900635, 65.064491272, 145.390090942, 97.1761245728, 72.0649108887, 58.7572555542, 27.7623271942, 89.467300415], [-302.19241333, 118.322410583, 268.946411133, 207.82144165, 349.029693604, 121.580757141, 164.139755249, 85.0984115601, 97.1293640137, 70.9311828613, 69.9368972778, 50.8401031494, 35.4035110474], [483.746520996, 76.291053772, 172.336502075, 102.416900635, 121.580757141, 253.468719482, 112.088233948, 92.802734375, 41.3096961975, 61.3932952881, 58.183807373, 63.3377113342, 21.0486946106], [-79.9686584473, 197.34085083, 67.3294830322, 65.064491272, 164.139755249, 112.088233948, 249.922454834, 108.932403564, 91.8075866699, 29.4384880066, 56.2708892822, 16.5533046722, 31.0538673401], [425.981872559, 35.2574119568, 167.328674316, 145.390090942, 85.0984115601, 92.802734375, 108.932403564, 173.700546265, 77.3522949219, 58.6198425293, 8.49935626984, 20.9594039917, 16.2504863739], [-140.779708862, 126.743125916, 90.6774291992, 97.1761245728, 97.1293640137, 41.3096961975, 91.8075866699, 77.3522949219, 152.932174683, 67.2729492188, 54.0066146851, -0.667728602886, 42.3292884827], [320.516143799, 11.9806947708, 115.348594666, 72.0649108887, 70.9311828613, 61.3932952881, 29.4384880066, 58.6198425293, 67.2729492188, 109.142189026, 58.0529022217, 47.4845504761, 19.74883461], [-182.74671936, 163.724304199, 37.1102905273, 58.7572555542, 69.9368972778, 58.183807373, 56.2708892822, 8.49935626984, 54.0066146851, 58.0529022217, 140.090393066, 61.8374519348, 52.3385391235], [268.71005249, -32.7806854248, 146.60333252, 27.7623271942, 50.8401031494, 63.3377113342, 16.5533046722, 20.9594039917, -0.667728602886, 47.4845504761, 61.8374519348, 128.5572052, 36.8960800171], [-73.5360031128, 99.6404418945, 24.0793437958, 89.467300415, 35.4035110474, 21.0486946106, 31.0538673401, 16.2504863739, 42.3292884827, 19.74883461, 52.3385391235, 36.8960800171, 88.8384399414]],
        "icov": [[9.73301066551e-05, -0.00014273065608, 0.000150573934661, -0.000217901382712, 0.000218694025534, -0.000156717665959, -7.24706114852e-06, -6.46250264253e-05, 0.000122795405332, -0.000514756771736, 0.000599131279159, -0.000550127879251, 0.000315039913403], [-0.00014273065608, 0.00184979650658, 0.000189121899894, 0.000531438970938, -0.000697962357663, -4.91963619424e-05, -0.000343359948602, -0.000359768804628, -0.000552396057174, 0.00170978787355, -0.00291387736797, 0.00205712160096, -0.00155823584646], [0.000150573934661, 0.000189121899894, 0.00228975247592, -0.000688090862241, -0.000896872254089, -0.000661618832964, 0.000980110140517, -0.00123403593898, -0.000904231565073, -0.000168046113686, 0.00127289560623, -0.00290322839282, 0.00130620109849], [-0.000217901382712, 0.000531438970938, -0.000688090862241, 0.0034173191525, -0.002160158474, 0.000149984713062, 0.00175092567224, -0.00254912232049, 0.000433630193584, 0.00160497310571, -0.00258546485566, 0.00334669509903, -0.00378199317493], [0.000218694025534, -0.000697962357663, -0.000896872254089, -0.002160158474, 0.00733628682792, -0.000683753227349, -0.00449265772477, 0.00323507701978, -0.000676946132444, -0.00334158889018, 0.00222885329276, -0.00214401073754, 0.00224215141498], [-0.000156717665959, -4.91963619424e-05, -0.000661618832964, 0.000149984713062, -0.000683753227349, 0.0068406034261, -0.0019276792882, -0.00153818866238, 0.00173168745823, -0.000949283654336, -0.00184859486762, -0.000369127141312, 0.000188973688637], [-7.24706114852e-06, -0.000343359948602, 0.000980110140517, 0.00175092567224, -0.00449265772477, -0.0019276792882, 0.0113541334867, -0.00672151753679, -0.00281266425736, 0.00569299794734, -0.00291238236241, 0.000200384034542, -0.000434921879787], [-6.46250264253e-05, -0.000359768804628, -0.00123403593898, -0.00254912232049, 0.00323507701978, -0.00153818866238, -0.00672151753679, 0.0158065930009, -0.00314730079845, -0.00562690012157, 0.00615427037701, -0.00157962634694, 0.00156582472846], [0.000122795405332, -0.000552396057174, -0.000904231565073, 0.000433630193584, -0.000676946132444, 0.00173168745823, -0.00281266425736, -0.00314730079845, 0.0168822612613, -0.00908819958568, -0.00174771947786, 0.00679977284744, -0.00587009917945], [-0.000514756771736, 0.00170978787355, -0.000168046113686, 0.00160497310571, -0.00334158889018, -0.000949283654336, 0.00569299794734, -0.00562690012157, -0.00908819958568, 0.0251597408205, -0.0101194949821, -0.00174663448706, 0.00210581230931], [0.000599131279159, -0.00291387736797, 0.00127289560623, -0.00258546485566, 0.00222885329276, -0.00184859486762, -0.00291238236241, 0.00615427037701, -0.00174771947786, -0.0101194949821, 0.0219842623919, -0.0102967368439, -0.000128244239022], [-0.000550127879251, 0.00205712160096, -0.00290322839282, 0.00334669509903, -0.00214401073754, -0.000369127141312, 0.000200384034542, -0.00157962634694, 0.00679977284744, -0.00174663448706, -0.0102967368439, 0.0218147151172, -0.0100307185203], [0.000315039913403, -0.00155823584646, 0.00130620109849, -0.00378199317493, 0.00224215141498, 0.000188973688637, -0.000434921879787, 0.00156582472846, -0.00587009917945, 0.00210581230931, -0.000128244239022, -0.0100307185203, 0.0222171992064]]
    },
    "melbands": {
        "dmean": [0.000834865961224, 0.000921418832149, 0.000735109904781, 0.000237622356508, 0.000279207422864, 0.000247418647632, 0.000266811257461, 0.000102873331343, 0.000103437276266, 7.92403079686e-05, 0.000213627674384, 0.000106180814328, 6.15254757577e-05, 4.53087923233e-05, 6.96826100466e-05, 4.86295684823e-05, 2.71903609246e-05, 1.8190141418e-05, 1.08177719085e-05, 8.50920514495e-06, 6.32991259408e-06, 7.69370853959e-06, 9.42230963119e-06, 7.99802455731e-06, 9.14223437576e-06, 8.61879198055e-06, 6.47336082693e-06, 8.25433562568e-06, 6.0123647927e-06, 5.12875021741e-06, 5.60664375371e-06, 5.03850333189e-06, 5.40550763617e-06, 7.01912267687e-06, 5.35581466465e-06, 5.14020030096e-06, 4.8681804401e-06, 4.30771979154e-06, 3.46386400452e-06, 2.87025250145e-06],
        "dmean2": [0.00126845738851, 0.00146669277456, 0.00134565948974, 0.000380476820283, 0.000444344535936, 0.00038878864143, 0.000383051781682, 0.000154136199853, 0.000158092283527, 0.000114315495011, 0.00031768225017, 0.000146257560118, 8.5986997874e-05, 6.7378343374e-05, 9.79467731668e-05, 7.13148983778e-05, 4.09073909395e-05, 2.86713293463e-05, 1.65906239999e-05, 1.30193648147e-05, 9.9556391433e-06, 1.2590253391e-05, 1.52881802933e-05, 1.28695864987e-05, 1.52744414663e-05, 1.39602361742e-05, 1.00864217529e-05, 1.39378289532e-05, 1.02380163298e-05, 8.09031644167e-06, 9.22104663914e-06, 8.12260896055e-06, 8.70835174283e-06, 1.10084411062e-05, 8.51552067616e-06, 8.0669988165e-06, 7.73907231633e-06, 7.06074661139e-06, 5.60922353543e-06, 4.54956807516e-06],
        "dvar": [4.0202139644e-06, 5.64001993553e-06, 5.9923918343e-06, 2.34107474739e-07, 6.44112787995e-07, 3.28428825469e-07, 7.75002092723e-07, 5.10132487364e-08, 2.3292534479e-07, 3.31805729559e-08, 3.5356549688e-07, 5.7654400365e-08, 2.85284009749e-08, 1.08846007763e-08, 1.48910208608e-08, 1.42051126417e-08, 3.66524655071e-09, 1.7089986093e-09, 6.06347916321e-10, 4.21659540617e-10, 1.70205266548e-10, 2.65593630422e-10, 4.29402235991e-10, 2.60610061309e-10, 3.51107365404e-10, 2.84002626971e-10, 1.84007628579e-10, 6.15635542545e-10, 2.43359221663e-10, 1.37678382583e-10, 1.64446234407e-10, 1.37720918003e-10, 1.5066455028e-10, 1.07645475866e-10, 7.02123359453e-11, 7.58346163643e-11, 1.30943519916e-10, 1.07908376679e-10, 5.95607174692e-11, 2.37902024469e-11],
        "dvar2": [7.56996723794e-06, 1.39612611747e-05, 1.70686234924e-05, 6.01640635978e-07, 1.59681667355e-06, 7.28678287487e-07, 1.46448451233e-06, 1.06610237083e-07, 4.87363479351e-07, 5.40702203011e-08, 7.69628513808e-07, 1.14858615063e-07, 5.51267156368e-08, 2.3881122857e-08, 2.68186006736e-08, 3.38719416959e-08, 7.74913910817e-09, 3.76819953019e-09, 1.38333422495e-09, 9.09180342124e-10, 3.88097248782e-10, 6.80906775408e-10, 1.03004949015e-09, 5.23003806929e-10, 8.69319338737e-10, 7.19700077312e-10, 4.05884603705e-10, 1.7164457633e-09, 6.28140706116e-10, 3.21986992624e-10, 3.95504518025e-10, 3.55424967236e-10, 3.8969752425e-10, 2.5456609043e-10, 1.68330960282e-10, 1.79243828113e-10, 3.18237491914e-10, 2.85354934126e-10, 1.56098231563e-10, 5.89466253587e-11],
        "max": [0.0214460473508, 0.0254102312028, 0.0175686813891, 0.00663606682792, 0.00791915785521, 0.0058917272836, 0.0197763666511, 0.00297755142674, 0.0109106423333, 0.00572863779962, 0.00772825023159, 0.00401439098641, 0.00246697454713, 0.000998712261207, 0.00152567634359, 0.0016519917408, 0.000761792412959, 0.000675055780448, 0.000329220813001, 0.000250108714681, 0.000173801920027, 0.000206311364309, 0.000227983036893, 0.000157209142344, 0.000213320978219, 0.000142777964356, 0.000133270819788, 0.000333496805979, 0.000167505742866, 0.000128650644911, 0.000133180510602, 0.000132639936055, 0.00013100221986, 7.81817871029e-05, 7.42188494769e-05, 7.88762845332e-05, 0.000147921557073, 0.000140216056025, 0.000111962493975, 5.86430069234e-05],
        "mean": [0.00249747349881, 0.00222610495985, 0.000642598606646, 0.000425730249844, 0.000484033371322, 0.0004999616649, 0.000534219259862, 0.000209600941162, 0.000234130362514, 0.000219330366235, 0.000329138711095, 0.000206485739909, 9.59095923463e-05, 6.99334486853e-05, 0.000140490810736, 8.92380485311e-05, 3.75646777684e-05, 3.03726210404e-05, 1.69685063156e-05, 1.28887841129e-05, 1.04797445601e-05, 1.12877087304e-05, 1.26852091853e-05, 1.17685285659e-05, 1.29935860969e-05, 1.07071136881e-05, 9.54394818109e-06, 9.76230421657e-06, 7.84369058238e-06, 6.9695847742e-06, 7.3014298323e-06, 6.57536293147e-06, 7.03883961251e-06, 8.61154512677e-06, 6.80973062117e-06, 6.37474431642e-06, 6.07551237408e-06, 5.09554865857e-06, 4.48028231403e-06, 3.84747272619e-06],
        "median": [0.000758695881814, 0.00184089131653, 0.000214616200537, 0.000295055360766, 0.000125862876303, 0.000133529654704, 0.00010552052845, 6.35528194834e-05, 2.84574234684e-05, 4.45283949375e-05, 3.90299537685e-05, 3.94345552195e-05, 2.44736784225e-05, 1.64308839885e-05, 4.21898002969e-05, 2.55776467384e-05, 1.08642943815e-05, 8.67817379913e-06, 5.14518706041e-06, 4.79470645587e-06, 5.55419865123e-06, 5.8331602304e-06, 5.55271526537e-06, 5.34008631803e-06, 6.35734750176e-06, 4.99950874655e-06, 4.6914815357e-06, 4.27328177466e-06, 3.86486181014e-06, 3.57572776011e-06, 3.30616603605e-06, 3.24630309478e-06, 3.36514290211e-06, 3.69579038306e-06, 3.2481461858e-06, 2.89279341814e-06, 2.88200726573e-06, 2.46040849561e-06, 2.15035197471e-06, 1.80806978278e-06],
        "min": [8.3292478212e-24, 7.39857339105e-24, 3.7855770345e-24, 4.81689157793e-24, 3.06992814053e-24, 2.55375534821e-24, 6.76677311434e-24, 1.07148278852e-23, 7.5234753159e-24, 8.73447146872e-24, 1.04649727595e-23, 1.0479874342e-23, 1.09095085014e-23, 6.27958405776e-24, 1.22075033903e-23, 6.73865653396e-24, 7.73326261845e-24, 1.18184245701e-23, 1.10687984508e-23, 8.63813183067e-24, 7.69105461572e-24, 4.01510597564e-24, 6.16252025487e-24, 6.2582276209e-24, 8.76669249239e-24, 7.0535863734e-24, 1.00141032535e-23, 1.02293447403e-23, 7.38630108195e-24, 6.88207223539e-24, 9.32983189364e-24, 8.20185546248e-24, 1.13158452317e-23, 1.32080921959e-23, 8.34291956955e-24, 6.50366867536e-24, 6.79831413991e-24, 9.30659678454e-24, 1.15647600351e-23, 1.04530183614e-23],
        "var": [1.39592757478e-05, 7.45273518987e-06, 3.61972456631e-06, 3.05634415554e-07, 9.12759844596e-07, 7.29854207293e-07, 2.09040172194e-06, 1.47111805404e-07, 5.53519043933e-07, 4.93979086968e-07, 6.1113735228e-07, 1.73536506054e-07, 6.146754572e-08, 2.05353831717e-08, 4.63442653142e-08, 2.44754190248e-08, 6.00189853373e-09, 3.31954508326e-09, 1.05451658516e-09, 6.91972035227e-10, 2.69420152854e-10, 3.5252528674e-10, 5.9455401713e-10, 4.59494858829e-10, 4.43371922509e-10, 3.25599491813e-10, 2.80896611526e-10, 4.84109863308e-10, 2.4403318255e-10, 1.73763933797e-10, 1.93461358045e-10, 1.43384457085e-10, 1.47119594285e-10, 1.37636596564e-10, 8.28424273625e-11, 9.14542191977e-11, 1.35867622708e-10, 9.43844724599e-11, 5.50724396642e-11, 2.78021078381e-11]
    },
    "mfcc": {
        "mean": [-634.58807373, 84.6622161865, 24.053483963, 7.36176347733, -0.245958164334, 6.71676015854, 5.03010368347, 4.52397632599, -6.58041095734, -0.68556112051, 2.70452690125, 0.698838412762, -0.745636761189],
