{
"metadata": {
    "version": {
        "essentia": "2.0.1",
        "extractor": "archive-music 1.0"
    },
    "audio_properties": {
        "analysis_sample_rate": 44100,
        "bitrate": 128,
        "channels": 2,
        "equal_loudness": 0,
        "length": 15.7257146835,
        "replay_gain": -11.9527282715,
        "downmix": "mix"
    },
    "tags": {
        "track": 1,
        "year": 0,
        "album": "Through",
        "artist": "Amity in Fame",
        "comment": "",
        "genre": "Other",
        "title": "Good Night and Shut Up"
    }
},
"highlevel": {
    "culture": {
        "all": {
            "non_western": 5.19717033853e-08,
            "western": 0.999999940395
        },
        "probability": 0.999999940395,
        "value": "western"
    },
    "danceability": {
        "all": {
            "danceable": 0.774781167507,
            "not_danceable": 0.225218832493
        },
        "probability": 0.774781167507,
        "value": "danceable"
    },
    "gender": {
        "all": {
            "female": 0.00482578668743,
            "male": 0.995174229145
        },
        "probability": 0.995174229145,
        "value": "male"
    },
    "genre_dortmund": {
        "all": {
            "alternative": 0.0477278716862,
            "blues": 0.0686952248216,
            "electronic": 0.0153390048072,
            "folkcountry": 0.0691541805863,
            "funksoulrnb": 0.0123917078599,
            "jazz": 0.0337344780564,
            "pop": 0.16836386919,
            "raphiphop": 0.0283112674952,
            "rock": 0.556282401085
        },
        "probability": 0.556282401085,
        "value": "rock"
    },
    "genre_electronic": {
        "all": {
            "ambient": 0.185770630836,
            "dnb": 0.257370203733,
            "house": 0.33271959424,
            "techno": 0.0226370170712,
            "trance": 0.20150257647
        },
        "probability": 0.33271959424,
        "value": "house"
    },
    "genre_rosamerica": {
        "all": {
            "cla": 0.00329144764692,
            "dan": 0.150013625622,
            "hip": 0.0631285980344,
            "jaz": 0.00639714952558,
            "pop": 0.186789810658,
            "rhy": 0.0127468146384,
            "roc": 0.567972421646,
            "spe": 0.0096601229161
        },
        "probability": 0.567972421646,
        "value": "roc"
    },
    "genre_tzanetakis": {
        "all": {
            "blu": 0.00231941975653,
            "cla": 0.0019477425376,
            "cou": 0.00589771289378,
            "dis": 0.0119614126161,
            "hip": 0.127180725336,
            "jaz": 0.0145636470988,
            "met": 0.0177863873541,
            "pop": 0.380325317383,
            "reg": 0.150991350412,
            "roc": 0.287026286125
        },
        "probability": 0.380325317383,
        "value": "pop"
    },
    "mirex_ballroom": {
        "all": {
            "ChaChaCha": 0.188237041235,
            "Jive": 0.65970158577,
            "Quickstep": 0.0148255964741,
            "Rumba-American": 0.0035413436126,
            "Rumba-International": 0.00654350034893,
            "Rumba-Misc": 0.00234797014855,
            "Samba": 0.122777350247,
            "Tango": 0.000286632101052,
            "VienneseWaltz": 0.00143380009104,
            "Waltz": 0.000305218243739
        },
        "probability": 0.65970158577,
        "value": "Jive"
    },
    "mood_acoustic": {
        "all": {
            "acoustic": 0.109441503882,
            "not_acoustic": 0.890558481216
        },
        "probability": 0.890558481216,
        "value": "not_acoustic"
    },
    "mood_aggressive": {
        "all": {
            "aggressive": 0.57841271162,
            "not_aggressive": 0.421587318182
        },
        "probability": 0.57841271162,
        "value": "aggressive"
    },
    "mood_electronic": {
        "all": {
            "electronic": 0.54846996069,
            "not_electronic": 0.451530069113
        },
        "probability": 0.54846996069,
        "value": "electronic"
    },
    "mood_happy": {
        "all": {
            "happy": 0.567223131657,
            "not_happy": 0.432776868343
        },
        "probability": 0.567223131657,
        "value": "happy"
    },
    "mood_party": {
        "all": {
            "not_party": 0.162482976913,
            "party": 0.837517023087
        },
        "probability": 0.837517023087,
        "value": "party"
    },
    "mood_relaxed": {
        "all": {
            "not_relaxed": 0.676971137524,
            "relaxed": 0.323028892279
        },
        "probability": 0.676971137524,
        "value": "not_relaxed"
    },
    "mood_sad": {
        "all": {
            "not_sad": 0.837557375431,
            "sad": 0.162442609668
        },
        "probability": 0.837557375431,
        "value": "not_sad"
    },
    "moods_mirex": {
        "all": {
            "Cluster1": 0.588282108307,
            "Cluster2": 0.0924061611295,
            "Cluster3": 0.0572024583817,
            "Cluster4": 0.140933454037,
            "Cluster5": 0.121175788343
        },
        "probability": 0.588282108307,
        "value": "Cluster1"
    },
    "timbre": {
        "all": {
            "bright": 0.415565609932,
            "dark": 0.584434390068
        },
        "probability": 0.584434390068,
        "value": "dark"
    },
    "tonal_atonal": {
        "all": {
            "atonal": 0.832502663136,
            "tonal": 0.167497321963
        },
        "probability": 0.832502663136,
        "value": "atonal"
    },
    "voice_instrumental": {
        "all": {
            "instrumental": 0.0390263088048,
            "voice": 0.960973680019
        },
        "probability": 0.960973680019,
        "value": "voice"
    }
},
"lowlevel": {
    "average_loudness": 0.972506046295,
    "barkbands_kurtosis": {
        "dmean": 4.84643888474,
        "dmean2": 8.1157283783,
        "dvar": 73.7526016235,
        "dvar2": 204.43145752,
        "max": 113.689537048,
        "mean": 7.32804441452,
        "median": 4.87948608398,
        "min": -1.95074152946,
        "var": 90.4326095581
    },
    "barkbands_skewness": {
        "dmean": 0.749381124973,
        "dmean2": 1.17640542984,
        "dvar": 0.659431219101,
        "dvar2": 1.69778370857,
        "max": 8.23206233978,
        "mean": 2.22877526283,
        "median": 2.2377603054,
        "min": -2.59406042099,
        "var": 2.01811718941
    },
    "barkbands_spread": {
        "dmean": 8.40034770966,
        "dmean2": 12.8942756653,
        "dvar": 102.974845886,
        "dvar2": 235.282318115,
        "max": 113.943313599,
        "mean": 25.9210548401,
        "median": 20.8430576324,
        "min": 0.887741267681,
        "var": 397.282958984
    },
    "dissonance": {
        "dmean": 0.0138764623553,
        "dmean2": 0.0234392136335,
        "dvar": 0.000210944373976,
        "dvar2": 0.000571094336919,
        "max": 0.5,
        "mean": 0.473109424114,
        "median": 0.480827540159,
        "min": 0.333037495613,
        "var": 0.000633681192994
    },
    "dynamic_complexity": 5.0949921608,
    "erbbands_kurtosis": {
        "dmean": 1.31587290764,
        "dmean2": 1.71226298809,
        "dvar": 23.3337135315,
        "dvar2": 22.2016620636,
        "max": 158.382080078,
        "mean": 0.770876348019,
        "median": -0.642097711563,
        "min": -1.71670746803,
        "var": 90.790145874
    },
    "erbbands_skewness": {
        "dmean": 0.422259300947,
        "dmean2": 0.635211646557,
        "dvar": 0.205614745617,
        "dvar2": 0.381129741669,
        "max": 9.79570198059,
        "mean": -0.0710686147213,
        "median": -0.0981668531895,
        "min": -3.44465112686,
        "var": 1.25580489635
    },
    "erbbands_spread": {
        "dmean": 12.5068664551,
        "dmean2": 18.8701763153,
        "dvar": 145.539474487,
        "dvar2": 361.431365967,
        "max": 126.744247437,
        "mean": 59.1078262329,
        "median": 57.0502891541,
        "min": 1.93029212952,
        "var": 616.544799805
    },
    "hfc": {
        "dmean": 8.94083213806,
        "dmean2": 12.7963829041,
        "dvar": 271.520996094,
        "dvar2": 506.587341309,
        "max": 231.62197876,
        "mean": 25.8327121735,
        "median": 19.5250396729,
        "min": 1.1631538488e-16,
        "var": 899.731506348
    },
    "melbands_kurtosis": {
        "dmean": 17.242149353,
        "dmean2": 28.7294158936,
        "dvar": 785.241333008,
        "dvar2": 2244.95263672,
        "max": 308.215759277,
        "mean": 31.9331970215,
        "median": 23.3086280823,
        "min": -1.81963646412,
        "var": 1083.36242676
    },
    "melbands_skewness": {
        "dmean": 1.19185733795,
        "dmean2": 1.88492298126,
        "dvar": 1.60795748234,
        "dvar2": 4.40952205658,
        "max": 13.9552021027,
        "mean": 4.46612644196,
        "median": 4.26642131805,
        "min": -0.836427390575,
        "var": 4.96179294586
    },
    "melbands_spread": {
        "dmean": 9.36854171753,
        "dmean2": 13.9884529114,
        "dvar": 293.743896484,
        "dvar2": 517.290039062,
        "max": 250.783859253,
        "mean": 22.4396724701,
        "median": 12.992433548,
        "min": 0.620770156384,
        "var": 944.912658691
    },
    "pitch_salience": {
        "dmean": 0.0789615809917,
        "dmean2": 0.127547472715,
        "dvar": 0.00491528119892,
        "dvar2": 0.0129678277299,
        "max": 0.858329772949,
        "mean": 0.523256659508,
        "median": 0.52162116766,
        "min": 0.16979727149,
        "var": 0.0117637626827
    },
    "silence_rate_20dB": {
        "dmean": 0,
        "dmean2": 0,
        "dvar": 0,
        "dvar2": 0,
        "max": 1,
        "mean": 1,
        "median": 1,
        "min": 1,
        "var": 0
    },
    "silence_rate_30dB": {
        "dmean": 0.0442477874458,
        "dmean2": 0.0886262953281,
        "dvar": 0.0422895699739,
        "dvar2": 0.119176991284,
        "max": 1,
        "mean": 0.974963188171,
        "median": 1,
        "min": 0,
        "var": 0.0244099646807
    },
    "silence_rate_60dB": {
        "dmean": 0.0117994099855,
        "dmean2": 0.0236336775124,
        "dvar": 0.0116601949558,
        "dvar2": 0.0260295271873,
        "max": 1,
        "mean": 0.111929304898,
        "median": 0,
        "min": 0,
        "var": 0.0994004905224
    },
    "spectral_centroid": {
        "dmean": 371.373687744,
        "dmean2": 545.29284668,
        "dvar": 286178.6875,
        "dvar2": 481971.9375,
        "max": 10981.0126953,
        "mean": 1455.50366211,
        "median": 1239.41186523,
        "min": 143.155853271,
        "var": 1051388.75
    },
    "spectral_complexity": {
        "dmean": 4.24188804626,
        "dmean2": 6.49335289001,
        "dvar": 20.6229000092,
        "dvar2": 42.548324585,
        "max": 53,
        "mean": 18.1840934753,
        "median": 17,
        "min": 0,
        "var": 127.163322449
    },
    "spectral_crest": {
        "dmean": 2.92831277847,
        "dmean2": 4.75675392151,
        "dvar": 7.68950843811,
        "dvar2": 21.0645694733,
        "max": 23.9013328552,
        "mean": 10.8937931061,
        "median": 10.4283647537,
        "min": 3.75086092949,
        "var": 14.3452787399
    },
    "spectral_decrease": {
        "dmean": 3.92215504519e-09,
        "dmean2": 6.28668583857e-09,
        "dvar": 3.87797458201e-17,
        "dvar2": 9.8159504971e-17,
        "max": 3.48711042402e-29,
        "mean": -9.56371337679e-09,
        "median": -8.46104697416e-09,
        "min": -5.24733891893e-08,
        "var": 5.97136191723e-17
    },
    "spectral_energy": {
        "dmean": 0.0152355097234,
        "dmean2": 0.0243975818157,
        "dvar": 0.000567635230254,
        "dvar2": 0.00143167306669,
        "max": 0.202248498797,
        "mean": 0.0384387411177,
        "median": 0.0343662463129,
        "min": 1.0544600373e-20,
        "var": 0.000907534442376
    },
    "spectral_energyband_high": {
        "dmean": 0.000823642301839,
        "dmean2": 0.0011125280289,
        "dvar": 3.0263345252e-06,
        "dvar2": 4.82350196762e-06,
        "max": 0.0259021706879,
        "mean": 0.0018416288076,
        "median": 0.000882313237526,
        "min": 7.3943072439e-21,
        "var": 1.0817416296e-05
    },
    "spectral_energyband_low": {
        "dmean": 0.0121678672731,
        "dmean2": 0.0198706537485,
        "dvar": 0.000509766396135,
        "dvar2": 0.00130469712894,
        "max": 0.184492304921,
        "mean": 0.022192761302,
        "median": 0.0180227290839,
        "min": 4.10932476115e-23,
        "var": 0.000571624084841
    },
    "spectral_energyband_middle_high": {
        "dmean": 0.00123402453028,
        "dmean2": 0.00200459780172,
        "dvar": 7.35596813684e-06,
        "dvar2": 2.05312953767e-05,
        "max": 0.0446647293866,
        "mean": 0.00337243196554,
        "median": 0.00228887237608,
        "min": 1.41529582968e-21,
        "var": 1.27654739117e-05
    },
    "spectral_energyband_middle_low": {
        "dmean": 0.00641012564301,
        "dmean2": 0.0105830319226,
        "dvar": 0.000143984056194,
        "dvar2": 0.000391356617911,
        "max": 0.108239844441,
        "mean": 0.01308917813,
        "median": 0.010092546232,
        "min": 3.18739109915e-22,
        "var": 0.000191961808014
    },
    "spectral_flatness_db": {
        "dmean": 0.0247831437737,
        "dmean2": 0.0375726111233,
        "dvar": 0.000586660229601,
        "dvar2": 0.00140122079756,
        "max": 0.51170951128,
        "mean": 0.141232073307,
        "median": 0.130015209317,
        "min": 0.0432813800871,
        "var": 0.00321843707934
    },
    "spectral_flux": {
        "dmean": 0.0304314345121,
        "dmean2": 0.0470789372921,
        "dvar": 0.00150667782873,
        "dvar2": 0.00292544346303,
        "max": 0.337592065334,
        "mean": 0.0971189439297,
        "median": 0.0881775692105,
        "min": 6.42931888284e-11,
        "var": 0.00417321966961
    },
    "spectral_kurtosis": {
        "dmean": 1.22753250599,
        "dmean2": 1.94657897949,
        "dvar": 5.0056014061,
        "dvar2": 12.6821327209,
        "max": 33.9133872986,
        "mean": 2.98928523064,
        "median": 2.2394528389,
        "min": -1.22094702721,
        "var": 12.0733346939
    },
    "spectral_rms": {
        "dmean": 0.00104408781044,
        "dmean2": 0.00160735752434,
        "dvar": 1.7320810457e-06,
        "dvar2": 4.16518560087e-06,
        "max": 0.0140469074249,
        "mean": 0.00554138654843,
        "median": 0.00579034071416,
        "min": 3.20740005735e-12,
        "var": 6.79422373651e-06
    },
    "spectral_rolloff": {
        "dmean": 688.299865723,
        "dmean2": 1123.95751953,
        "dvar": 2330828,
        "dvar2": 4501271.5,
        "max": 18992.2851562,
        "mean": 1620.54052734,
        "median": 538.330078125,
        "min": 43.06640625,
        "var": 8488393
    },
    "spectral_skewness": {
        "dmean": 0.197306096554,
        "dmean2": 0.284929215908,
        "dvar": 0.0563061647117,
        "dvar2": 0.118674896657,
        "max": 4.83611059189,
        "mean": 1.2604341507,
        "median": 1.17528474331,
        "min": -0.000364800245734,
        "var": 0.28951305151
    },
    "spectral_spread": {
        "dmean": 731691.625,
        "dmean2": 1020432.5625,
        "dvar": 3.46554263142e+12,
        "dvar2": 5.25931013734e+12,
        "max": 41748936,
        "mean": 5708278,
        "median": 5445975,
        "min": 2079242.875,
        "var": 8.72860247654e+12
    },
    "spectral_strongpeak": {
        "dmean": 0.310791790485,
        "dmean2": 0.529005765915,
        "dvar": 0.24305742979,
        "dvar2": 0.605512320995,
        "max": 4.96141910553,
        "mean": 0.531077027321,
        "median": 0.355329364538,
        "min": 0,
        "var": 0.408483803272
    },
    "zerocrossingrate": {
        "dmean": 0.0152512267232,
        "dmean2": 0.0175896640867,
        "dvar": 0.000739638984669,
        "dvar2": 0.000892665237188,
        "max": 0.50830078125,
        "mean": 0.0715846195817,
        "median": 0.05419921875,
        "min": 0.00537109375,
        "var": 0.00530497496948
    },
    "barkbands": {
        "dmean": [0.000562775647268, 0.00925443135202, 0.00392912421376, 0.00225031631999, 0.00395241240039, 0.000877766229678, 0.000472900399473, 0.000897247460671, 0.000264249538304, 0.000203892705031, 0.000107757012302, 0.00026693433756, 0.000189947328181, 0.000173238528077, 0.000218743414734, 0.00017215157277, 0.000350773276296, 0.000217630295083, 0.000195231667021, 0.000174777102075, 0.000161199073773, 0.000177120135049, 0.000194701191504, 0.000208763376577, 0.00014250028471, 5.38326094102e-05, 2.21639720621e-06],
        "dmean2": [0.000864952919073, 0.0155109958723, 0.00626556295902, 0.00378741580062, 0.00646957708523, 0.00136416836176, 0.000833342492115, 0.00146201974712, 0.00043556719902, 0.000338728743372, 0.000183799958904, 0.000428590632509, 0.000315129582305, 0.000278974883258, 0.000347125926055, 0.000275318132481, 0.000619034050032, 0.000354149582563, 0.000310839706799, 0.000283087603748, 0.000249585544225, 0.000272483885055, 0.000273926358204, 0.000301479856716, 0.000200014968868, 7.65097865951e-05, 3.47416084878e-06],
        "dvar": [1.52327743308e-06, 0.0004397391167, 2.96914367937e-05, 1.02100266304e-05, 7.46490259189e-05, 3.27982138515e-06, 1.92803577193e-06, 3.99262489736e-06, 6.8536434128e-07, 1.45483610936e-07, 4.38801279756e-08, 5.42725103969e-07, 2.37943794446e-07, 1.12236826055e-07, 2.47082596161e-07, 1.61782821806e-07, 2.57632268585e-06, 2.16729290514e-07, 1.79224741714e-07, 1.1681780876e-07, 6.44952322659e-08, 1.05366595449e-07, 1.34715861577e-07, 4.84527561184e-07, 2.39143361114e-07, 3.5966273515e-08, 2.68486014671e-11],
        "dvar2": [3.42548582921e-06, 0.00114228751045, 8.63104287419e-05, 2.86029899144e-05, 0.000196660927031, 7.8713574112e-06, 5.68704717807e-06, 9.918869182e-06, 1.6842208197e-06, 3.58062067107e-07, 1.07130553317e-07, 1.47893922531e-06, 6.12843166437e-07, 2.588700454e-07, 5.92812966715e-07, 3.64350512427e-07, 7.57474163038e-06, 5.52397523279e-07, 4.16035135231e-07, 3.15771046644e-07, 1.51836616169e-07, 2.1310383147e-07, 2.5762156497e-07, 9.15477642138e-07, 3.99113218919e-07, 7.91754857232e-08, 6.04192251785e-11],
        "max": [0.00988731440157, 0.173850104213, 0.0440655350685, 0.0297493021935, 0.0727731585503, 0.0162643436342, 0.0179013125598, 0.0279121026397, 0.0132997147739, 0.00585378240794, 0.00295603089035, 0.00956565421075, 0.00707608275115, 0.00375143368728, 0.00642370525748, 0.00841710530221, 0.0287452116609, 0.00562623981386, 0.00554941454902, 0.00458069890738, 0.00287451199256, 0.00495196832344, 0.0056330030784, 0.00910914316773, 0.008590050973, 0.00313603784889, 6.85170598445e-05],
        "mean": [0.00060619082069, 0.0122392121702, 0.00733513664454, 0.00365476473235, 0.0055169169791, 0.00119960051961, 0.000545003160369, 0.00173651694786, 0.000359249272151, 0.000316916062729, 0.000156629597768, 0.00039288419066, 0.000290465221042, 0.000270566291874, 0.000357546639862, 0.000309531751554, 0.000462466327008, 0.000335809017997, 0.000347182300175, 0.000293097109534, 0.000302801578073, 0.000312986754579, 0.000377885153284, 0.000385104154702, 0.000249878532486, 8.20145287435e-05, 2.40009421759e-06],
        "median": [0.000177628448, 0.00781612843275, 0.00560440914705, 0.00252014747821, 0.00253653991967, 0.000333496049279, 0.000158708920935, 0.000182021016371, 0.000141819677083, 0.000140258649481, 8.423023246e-05, 0.000125705846585, 0.000115059832751, 0.000122978410218, 0.00013369062799, 0.000130291300593, 0.000213925013668, 0.000172461950569, 0.000160268013133, 0.000168518788996, 0.000186664314242, 0.000159491566592, 0.000148404651554, 9.53697090154e-05, 5.67231472814e-05, 2.09612753679e-05, 3.90812374462e-07],
        "min": [2.97690802917e-24, 2.14140394799e-23, 1.18275927115e-24, 1.6899951766e-23, 3.1358397963e-23, 2.0033168442e-23, 2.60002732567e-23, 2.20942742385e-23, 7.65928213835e-23, 4.88370154906e-23, 1.98148480311e-23, 6.3716667657e-23, 7.78951171421e-23, 1.11310520403e-22, 8.15498150527e-23, 9.8267582548e-23, 9.14331882769e-23, 1.87019066577e-22, 2.33067427213e-22, 1.8615159726e-22, 3.80915712826e-22, 4.05647499325e-22, 5.45320989771e-22, 6.75262814411e-22, 1.24921165478e-21, 1.72023355932e-21, 2.0371850978e-21],
        "var": [1.69990300947e-06, 0.000376815820346, 5.21247675351e-05, 1.56816167873e-05, 8.35453756736e-05, 5.13993609275e-06, 1.68328517702e-06, 1.48467279359e-05, 9.14418876619e-07, 3.15674071771e-07, 6.53751186519e-08, 8.99355086403e-07, 3.2758455859e-07, 1.88885593388e-07, 4.37239663142e-07, 4.70589696988e-07, 1.58672867201e-06, 3.15102454351e-07, 3.86144904496e-07, 1.5914078233e-07, 1.31459444219e-07, 2.41490994313e-07, 4.74338463619e-07, 1.28383203446e-06, 6.93519496053e-07, 5.90039270776e-08, 3.52453621844e-11]
    },
    "erbbands": {
        "dmean": [0.301735669374, 2.0618827343, 4.32321071625, 5.77824354172, 13.633439064, 11.2540426254, 10.1213245392, 4.41717433929, 4.60612535477, 9.91753482819, 22.6097183228, 6.61015844345, 4.38787651062, 6.83976221085, 4.4056429863, 12.3934497833, 7.55270338058, 8.79085826874, 12.1727581024, 8.17778015137, 11.2949914932, 17.0689220428, 11.4182291031, 10.9915275574, 9.55867767334, 7.99674320221, 6.26540231705, 6.58539962769, 6.45918083191, 5.3869600296, 6.04734182358, 4.96053409576, 3.47687005997, 2.13359379768, 0.657077372074, 0.266272634268, 0.102307461202, 0.0125765828416, 0.000286647322355, 2.48503292823e-05],
        "dmean2": [0.507216989994, 3.39928817749, 6.99747991562, 9.40731811523, 22.3229045868, 18.9046611786, 15.9114990234, 7.36932182312, 8.1068239212, 17.6326618195, 36.0647659302, 10.4552192688, 7.18059825897, 11.5127029419, 7.41247940063, 20.0362491608, 12.6830844879, 14.12819767, 19.8140773773, 12.4316806793, 19.4504318237, 30.0564002991, 18.5370769501, 18.2911224365, 14.8888187408, 13.1316452026, 9.88648033142, 10.1775169373, 9.79914474487, 8.01497745514, 8.59108829498, 6.89909887314, 4.90029907227, 3.06442785263, 0.930504560471, 0.396992087364, 0.145102247596, 0.0177417788655, 0.000409059313824, 3.69709050574e-05],
        "dvar": [0.595592737198, 19.1895961761, 33.8705863953, 70.2582626343, 744.401855469, 696.381591797, 398.960723877, 141.500045776, 182.937942505, 750.897033691, 2947.42236328, 318.506256104, 69.2747650146, 226.598526001, 61.2587585449, 1236.23657227, 406.785430908, 327.611297607, 790.145202637, 348.861907959, 2005.37524414, 5322.62109375, 557.824768066, 590.430908203, 481.794250488, 295.121032715, 105.677108765, 112.681877136, 160.457824707, 72.626739502, 156.48526001, 209.403045654, 154.214187622, 61.1429748535, 3.47119212151, 0.690170168877, 0.176761180162, 0.00165718060452, 6.7516953095e-07, 1.92591320669e-09],
        "dvar2": [1.54324030876, 52.26795578, 98.6798477173, 189.797286987, 1888.48278809, 1865.64001465, 973.906494141, 383.142578125, 556.249145508, 2108.4921875, 7319.25976562, 701.093261719, 160.200027466, 606.130615234, 152.456176758, 3414.97119141, 1100.26916504, 784.916259766, 2024.27844238, 652.091308594, 5797.43408203, 15637.4521484, 1456.71484375, 1547.47424316, 1120.05090332, 818.216552734, 257.149291992, 261.974304199, 327.129730225, 153.084152222, 299.40637207, 404.959228516, 291.551727295, 100.088432312, 6.4924902916, 1.68086886406, 0.366478055716, 0.00287045887671, 1.16768887892e-06, 3.76917119738e-09],
        "max": [4.72176361084, 41.3708763123, 43.3456230164, 82.214302063, 230.605895996, 224.03692627, 203.740509033, 147.629684448, 219.340179443, 296.462493896, 760.406616211, 341.617553711, 117.347320557, 161.953872681, 85.6169128418, 483.52230835, 293.569000244, 207.71736145, 357.547668457, 405.002349854, 779.079101562, 1292.75915527, 271.894866943, 227.39831543, 300.128082275, 269.745025635, 114.295730591, 151.494873047, 207.613006592, 120.413475037, 195.484298706, 240.695861816, 182.533248901, 146.235946655, 34.6437911987, 16.376493454, 7.39179515839, 0.634437263012, 0.0131861651316, 0.000605286215432],
        "mean": [0.325559139252, 2.86937022209, 8.47254562378, 10.9334049225, 18.6650085449, 15.1521987915, 15.7230930328, 5.16541099548, 6.04909324646, 12.6515703201, 44.0012588501, 11.3494472504, 7.38181352615, 10.2775325775, 7.7963514328, 18.383556366, 12.6784172058, 15.517250061, 20.0337276459, 15.9452018738, 17.9111461639, 23.8067092896, 19.8692340851, 16.4639549255, 18.3605670929, 13.8927850723, 11.2918701172, 12.4837217331, 11.4482355118, 9.98633861542, 11.4068422318, 8.77293300629, 6.28630542755, 3.79293894768, 1.12492740154, 0.412003517151, 0.147585973144, 0.0178637728095, 0.00042330758879, 6.32030714769e-05],
        "median": [0.163260132074, 1.87632453442, 6.57719135284, 8.11483478546, 8.7568731308, 5.96181154251, 5.07830286026, 1.81772577763, 2.13521742821, 4.09954166412, 3.91109895706, 3.76330065727, 3.78016924858, 4.15468215942, 4.27201223373, 5.79921913147, 5.69134998322, 7.09086370468, 7.40547084808, 7.27780866623, 8.37073421478, 11.5680007935, 10.2891721725, 8.73116970062, 7.97464466095, 8.11807632446, 6.88476085663, 7.40272045135, 5.98977994919, 5.15073871613, 4.12922859192, 2.24163341522, 1.36671185493, 0.787039220333, 0.291170746088, 0.125563189387, 0.0297679435462, 0.0043423534371, 0.000123028657981, 4.83830699523e-05],
        "min": [5.95769818485e-22, 2.39624085647e-21, 2.61507819221e-21, 3.45695127728e-20, 8.27552779205e-20, 9.20587979898e-20, 1.10939098536e-19, 2.11589905559e-19, 3.51384049466e-19, 6.6073041831e-19, 4.50244643773e-19, 1.573650421e-18, 1.55655849141e-18, 1.0843169438e-18, 1.31995516111e-18, 2.44340943181e-18, 3.46566260065e-18, 5.66541750443e-18, 4.52803134087e-18, 4.68388995266e-18, 6.93247415517e-18, 5.63263137367e-18, 1.05232817379e-17, 1.22688065383e-17, 1.02265472367e-17, 1.00619862713e-17, 1.30651680556e-17, 1.50414108996e-17, 1.45292851844e-17, 1.44210353664e-17, 1.25338434784e-17, 1.5653451761e-17, 1.08509784365e-17, 1.17876554283e-17, 9.55445637159e-18, 5.64533355916e-18, 3.16859267777e-18, 1.39650958943e-18, 2.86972218949e-19, 2.74546415185e-20],
        "var": [0.469853341579, 16.5400733948, 61.5147285461, 126.228607178, 898.048583984, 786.886108398, 734.835021973, 121.881797791, 190.267440796, 803.604003906, 10916.0615234, 654.086730957, 142.951721191, 354.308410645, 109.978851318, 2037.47692871, 513.636291504, 640.889099121, 1363.3347168, 1032.05554199, 1575.56665039, 3375.48486328, 905.115600586, 735.150695801, 1251.15881348, 360.264038086, 207.268753052, 229.944290161, 336.420715332, 197.906967163, 537.91418457, 564.139343262, 403.311706543, 182.720504761, 9.54887580872, 0.971363902092, 0.293302208185, 0.00304875848815, 1.25954056784e-06, 4.37978275869e-09]
    },
    "gfcc": {
        "mean": [-33.4156799316, 76.1675033569, -91.4924316406, 56.5504722595, -47.5203361511, 25.3457546234, -34.5730133057, 9.4130449295, -24.4031429291, 0.185687184334, -20.6495056152, -1.96347260475, -16.2271137238],
        "cov": [[46721.1640625, 1223.43896484, -1768.54553223, 1757.27197266, -1204.10449219, 1009.01013184, -870.938903809, 823.222412109, -12.9608049393, 450.460632324, -693.662780762, -88.8116378784, -605.970275879], [1223.43896484, 2065.03027344, -404.766174316, -151.556564331, 285.931335449, -70.6506118774, 308.38369751, -107.403274536, 103.636421204, -134.769042969, 148.489593506, -1.31858325005, 167.762512207], [-1768.54553223, -404.766174316, 527.94152832, 15.4626483917, 12.1914377213, 39.6173210144, -33.360710144, -34.4830055237, -26.6897640228, 2.40664625168, -3.37809205055, 18.42877388, -7.33705234528], [1757.27197266, -151.556564331, 15.4626483917, 315.297058105, 3.78360033035, 49.6012268066, -31.7316265106, 49.3004302979, 1.92937219143, 22.1482601166, -17.4674701691, -11.7964296341, -24.5766811371], [-1204.10449219, 285.931335449, 12.1914377213, 3.78360033035, 276.425842285, -15.153260231, 108.524185181, -33.4165725708, 32.9583320618, -56.5338096619, 53.719417572, 9.80957984924, 66.6660079956], [1009.01013184, -70.6506118774, 39.6173210144, 49.6012268066, -15.153260231, 184.812683105, 54.5475082397, 43.5702781677, -6.38310050964, 0.464739233255, -22.0670185089, -2.41807937622, -23.8240394592], [-870.938903809, 308.38369751, -33.360710144, -31.7316265106, 108.524185181, 54.5475082397, 261.004119873, 20.9281921387, 20.4924488068, -21.0259666443, 65.5180664062, -13.4005794525, 25.4618911743], [823.222412109, -107.403274536, -34.4830055237, 49.3004302979, -33.4165725708, 43.5702781677, 20.9281921387, 113.892234802, 27.5242443085, 43.314414978, -25.989402771, -13.8055419922, -31.3923358917], [-12.9608049393, 103.636421204, -26.6897640228, 1.92937219143, 32.9583320618, -6.38310050964, 20.4924488068, 27.5242443085, 89.3819580078, 19.1998004913, 5.80516433716, -8.05046844482, 14.2081184387], [450.460632324, -134.769042969, 2.40664625168, 22.1482601166, -56.5338096619, 0.464739233255, -21.0259666443, 43.314414978, 19.1998004913, 90.9669952393, -4.3160200119, -11.2610015869, -35.7909851074], [-693.662780762, 148.489593506, -3.37809205055, -17.4674701691, 53.719417572, -22.0670185089, 65.5180664062, -25.989402771, 5.80516433716, -4.3160200119, 89.6171798706, 29.4481639862, 35.1523323059], [-88.8116378784, -1.31858325005, 18.42877388, -11.7964296341, 9.80957984924, -2.41807937622, -13.4005794525, -13.8055419922, -8.05046844482, -11.2610015869, 29.4481639862, 73.0557327271, 32.6031570435], [-605.970275879, 167.762512207, -7.33705234528, -24.5766811371, 66.6660079956, -23.8240394592, 25.4618911743, -31.3923358917, 14.2081184387, -35.7909851074, 35.1523323059, 32.6031570435, 88.138633728]],
        "icov": [[9.59521203185e-05, -0.000270215852652, 0.000201100745471, -0.000446252553957, 0.000209819918382, -0.000499249843415, 0.000460556388134, -0.000323661835864, 0.000236639098148, -0.000323706888594, 0.000388916203519, -0.000361810874892, 0.000333475152729], [-0.000270215852652, 0.00175172963645, 0.000126180762891, 0.0013763672905, -0.000755111512262, 0.0014278923627, -0.00204371358268, 0.00182088394649, -0.00163622270338, 0.00159890530631, -0.00155134522356, 0.00141376559623, -0.0015928739449], [0.000201100745471, 0.000126180762891, 0.00299786939286, -0.000895572535228, -9.97524548438e-05, -0.00175565155223, 0.000754413078539, 0.000951888097916, 0.000214056315599, -0.00092230545124, 0.000699489261024, -0.00102972716559, 0.000557153078262], [-0.000446252553957, 0.0013763672905, -0.000895572535228, 0.00590103352442, -0.00190179154743, 0.00118538283277, -0.000775531632826, -0.000262973684585, -0.000650334579404, 0.00137775263283, -0.0029292430263, 0.00270870234817, -0.00139707664493], [0.000209819918382, -0.000755111512262, -9.97524548438e-05, -0.00190179154743, 0.00661678612232, -0.000314931006869, -0.000952779082581, 4.15395661548e-05, -0.00160651584156, 0.00198265886866, -1.23247637021e-05, -0.00042228779057, -0.00123343861196], [-0.000499249843415, 0.0014278923627, -0.00175565155223, 0.00118538283277, -0.000314931006869, 0.0103691220284, -0.00549075985327, 0.000134565416374, -0.00090173096396, 0.00283538200893, 0.0012193393195, -0.000577982224058, -0.000266539485892], [0.000460556388134, -0.00204371358268, 0.000754413078539, -0.000775531632826, -0.000952779082581, -0.00549075985327, 0.0109034283087, -0.00579314585775, 0.00230200216174, -0.00020771981508, -0.00526766944677, 0.00270232441835, 0.00157213397324], [-0.000323661835864, 0.00182088394649, 0.000951888097916, -0.000262973684585, 4.15395661548e-05, 0.000134565416374, -0.00579314585775, 0.0182344038039, -0.00576466601342, -0.00422851322219, 0.00448854034767, -0.00157769804355, 0.000493481697049], [0.000236639098148, -0.00163622270338, 0.000214056315599, -0.000650334579404, -0.00160651584156, -0.00090173096396, 0.00230200216174, -0.00576466601342, 0.0167840477079, -0.00573681527749, 0.00121776841115, 0.00154832238331, -0.00326265068725], [-0.000323706888594, 0.00159890530631, -0.00092230545124, 0.00137775263283, 0.00198265886866, 0.00283538200893, -0.00020771981508, -0.00422851322219, -0.00573681527749, 0.0206887722015, -0.00770771550015, 0.00287162908353, 0.00419704336673], [0.000388916203519, -0.00155134522356, 0.000699489261024, -0.0029292430263, -1.23247637021e-05, 0.0012193393195, -0.00526766944677, 0.00448854034767, 0.00121776841115, -0.00770771550015, 0.0252206064761, -0.011071424, -0.000962080841418], [-0.000361810874892, 0.00141376559623, -0.00102972716559, 0.00270870234817, -0.00042228779057, -0.000577982224058, 0.00270232441835, -0.00157769804355, 0.00154832238331, 0.00287162908353, -0.011071424, 0.0232850536704, -0.00896949972957], [0.000333475152729, -0.0015928739449, 0.000557153078262, -0.00139707664493, -0.00123343861196, -0.000266539485892, 0.00157213397324, 0.000493481697049, -0.00326265068725, 0.00419704336673, -0.000962080841418, -0.00896949972957, 0.0228415057063]]
    },
    "melbands": {
        "dmean": [0.00258309300989, 0.00228288886137, 0.00111297576223, 0.000980962300673, 0.000338737416314, 0.000111324705358, 7.92150312918e-05, 0.000115910486784, 0.000178703194251, 3.31430856022e-05, 2.2550664653e-05, 2.90690040856e-05, 1.35155287353e-05, 3.00035317196e-05, 2.46454455919e-05, 1.83302945516e-05, 1.66751051438e-05, 1.98320576601e-05, 1.34971114676e-05, 1.2227019397e-05, 1.59764385899e-05, 2.11948336073e-05, 1.28731098812e-05, 1.07678652057e-05, 9.54563802225e-06, 7.57346924729e-06, 7.37443315302e-06, 5.03723458678e-06, 4.03259491577e-06, 4.14302439822e-06, 3.88729949918e-06, 3.59281989404e-06, 4.0488121158e-06, 2.88729233944e-06, 3.67274606106e-06, 3.74559522243e-06, 2.87959096568e-06, 2.5305928375e-06, 2.62987350652e-06, 1.52905022333e-06],
        "dmean2": [0.00436693383381, 0.00370841193944, 0.00178928894456, 0.00163608696312, 0.000543982780073, 0.00018148952222, 0.000139184849104, 0.000200255293748, 0.000284195237327, 5.26539151906e-05, 3.70706293324e-05, 4.92026556458e-05, 2.25533349294e-05, 4.89711201226e-05, 4.00543613068e-05, 3.03246506519e-05, 2.70562777587e-05, 3.23827007378e-05, 2.09578356589e-05, 1.83989013749e-05, 2.84168381768e-05, 3.79906668968e-05, 2.10750458791e-05, 1.74198485183e-05, 1.6286605387e-05, 1.22020192066e-05, 1.2030549442e-05, 8.45299018692e-06, 6.3612201302e-06, 6.49383446216e-06, 6.10389861322e-06, 5.58520969207e-06, 6.27223607808e-06, 4.3998993533e-06, 5.30372471985e-06, 5.34801438334e-06, 4.16914326706e-06, 3.8140021843e-06, 3.75747049475e-06, 2.2081676434e-06],
        "dvar": [3.93303635065e-05, 1.20118575069e-05, 2.45633850682e-06, 4.7462422117e-06, 4.52479952173e-07, 7.18458181836e-08, 5.44610863074e-08, 8.18613372644e-08, 1.96363373561e-07, 1.15802407663e-08, 1.83749004901e-09, 4.06126199337e-09, 4.87668128102e-10, 7.96067478603e-09, 3.78314357619e-09, 1.56261925621e-09, 1.28933941301e-09, 2.12235584662e-09, 8.5478535361e-10, 8.35075286698e-10, 5.46509149046e-09, 1.060112087e-08, 6.12751405171e-10, 6.9821026738e-10, 4.52199749867e-10, 3.31335292536e-10, 2.53333770628e-10, 1.25310956056e-10, 4.28452447132e-11, 4.62396058942e-11, 3.72637268264e-11, 5.50597380189e-11, 6.54396328792e-11, 1.92640955271e-11, 5.03049234213e-11, 8.68553146072e-11, 7.63232185785e-11, 8.7126417192e-11, 1.06173771164e-10, 2.87301640811e-11],
        "dvar2": [0.000101115780126, 3.35303739121e-05, 6.71596035318e-06, 1.26348259073e-05, 1.13489954856e-06, 1.8654212397e-07, 1.63324173741e-07, 2.27442740197e-07, 4.86690169055e-07, 2.37194548447e-08, 4.28162616473e-09, 1.07910507197e-08, 1.14951526076e-09, 2.1080772683e-08, 1.03832613618e-08, 3.93699650658e-09, 3.17572235176e-09, 5.54995605029e-09, 1.84248061252e-09, 1.32105304473e-09, 1.60208877276e-08, 3.1262310074e-08, 1.54325885404e-09, 1.75281245074e-09, 1.20276966165e-09, 7.9645345874e-10, 6.21176776683e-10, 3.52811779791e-10, 1.01760946891e-10, 1.12806625152e-10, 8.25812196403e-11, 1.19455043079e-10, 1.5576406831e-10, 4.19531145934e-11, 1.05210076762e-10, 1.6512141654e-10, 1.48225640095e-10, 1.85283205445e-10, 1.87033472043e-10, 4.72255672068e-11],
        "max": [0.0451903454959, 0.0296275690198, 0.0132400486618, 0.0181985348463, 0.00667112972587, 0.00294899567962, 0.00357478437945, 0.00334364501759, 0.00569376023486, 0.00242182309739, 0.000541920191608, 0.000701989163645, 0.000268854753813, 0.00109622732271, 0.000735699839424, 0.000445352867246, 0.000448362668976, 0.000545622955542, 0.000416208873503, 0.000833021535072, 0.00132009421941, 0.00183930224739, 0.000338400801411, 0.000407107174397, 0.00020099899848, 0.000258508807747, 0.000243126283749, 0.000177996975253, 7.68709578551e-05, 8.40786015033e-05, 7.46606456232e-05, 0.000124380618217, 0.00012734332995, 5.58705105504e-05, 0.000107856991235, 0.00013382085308, 0.000150821128045, 0.000134074129164, 0.000185092241736, 0.000118330324767],
        "mean": [0.0032005882822, 0.00427813781425, 0.00212607556023, 0.00131710327696, 0.000519883586094, 0.00013729451166, 9.8873693787e-05, 0.000161537303939, 0.000341392937116, 5.12198494107e-05, 3.61045604222e-05, 4.26959632023e-05, 2.1800507966e-05, 4.34200592281e-05, 3.58413672075e-05, 2.95449644909e-05, 2.73166806437e-05, 3.07594273181e-05, 2.35550596699e-05, 2.28859225899e-05, 2.13524799619e-05, 2.6033469112e-05, 2.11426140595e-05, 1.58274851856e-05, 1.26692375488e-05, 1.34115016408e-05, 1.23347545014e-05, 8.322001122e-06, 6.92091816745e-06, 6.94409663993e-06, 7.18442879588e-06, 6.21451590632e-06, 6.27338386039e-06, 5.26757321495e-06, 6.60562363919e-06, 6.30468230156e-06, 4.92977551403e-06, 4.30089176007e-06, 4.46293734058e-06, 2.68863141173e-06],
        "median": [0.00186833424959, 0.00351972784847, 0.0016085957177, 0.000523794093169, 0.000201124421437, 4.54540422652e-05, 3.19952050631e-05, 4.5882028644e-05, 3.24101711158e-05, 2.03271865757e-05, 1.73014414031e-05, 1.54528715939e-05, 1.26395825646e-05, 1.50153937284e-05, 1.31018614411e-05, 1.21767534438e-05, 1.20886670629e-05, 1.16431410788e-05, 9.64237460721e-06, 9.46512500377e-06, 9.50032244873e-06, 1.18344723887e-05, 1.01357254607e-05, 7.64702144807e-06, 5.98852329858e-06, 5.34363016413e-06, 5.52447863811e-06, 4.78638958157e-06, 4.05272430726e-06, 4.09870335716e-06, 4.2213305278e-06, 3.21744232679e-06, 2.75776710623e-06, 2.71375097327e-06, 2.37536846726e-06, 1.78582865829e-06, 1.12962209187e-06, 9.40051563703e-07, 8.45621968892e-07, 5.77096898269e-07],
        "min": [5.5294124412e-24, 1.35922489185e-24, 8.51758205144e-24, 6.58347457769e-24, 5.24819417811e-24, 4.60879046557e-24, 5.26661289696e-24, 7.13266100168e-24, 4.22417699249e-24, 9.47299515958e-24, 7.84420249413e-24, 4.50688068066e-24, 3.93990228782e-24, 5.3288556001e-24, 6.83960154197e-24, 9.63292408634e-24, 9.84001427346e-24, 7.72233531719e-24, 6.43931261385e-24, 5.06744405662e-24, 8.60514166761e-24, 5.37891750201e-24, 8.03963252821e-24, 8.94977843103e-24, 1.0060440943e-23, 8.29596577961e-24, 7.56761997215e-24, 5.80495406122e-24, 7.07993353877e-24, 9.32960154625e-24, 7.47229480923e-24, 7.2624585973e-24, 6.52887159799e-24, 6.87053120034e-24, 5.5297828114e-24, 9.46111964751e-24, 9.1348893756e-24, 6.78706419454e-24, 8.51753314206e-24, 9.74853086314e-24],
        "var": [3.25479340972e-05, 1.65120891324e-05, 4.37937887909e-06, 5.20990442965e-06, 7.09313610514e-07, 7.49674029521e-08, 5.41535385423e-08, 1.10101019857e-07, 6.84139365603e-07, 2.16489244309e-08, 3.68036201515e-09, 6.55183907128e-09, 8.97545870959e-10, 1.18576490848e-08, 5.17431431035e-09, 2.81998402407e-09, 2.1081698609e-09, 3.41945805005e-09, 1.75757086662e-09, 3.83661147296e-09, 3.41485550948e-09, 6.2154956737e-09, 1.11617093346e-09, 8.90904128248e-10, 5.02469899022e-10, 7.67584662498e-10, 4.6210982263e-10, 1.3314649383e-10, 8.68866367743e-11, 7.81357062385e-11, 8.0969737859e-11, 9.9947293497e-11, 1.2197898247e-10, 4.91420029669e-11, 1.61675409172e-10, 2.55749948996e-10, 1.93764129741e-10, 1.92043894676e-10, 2.66161398477e-10, 9.2405465224e-11]
    },
    "mfcc": {
