{
"metadata": {
    "version": {
        "essentia": "2.0.1",
        "extractor": "archive-music 1.0"
    },
    "audio_properties": {
        "analysis_sample_rate": 44100,
        "bitrate": 128,
        "channels": 2,
        "equal_loudness": 0,
        "length": 15.8824491501,
        "replay_gain": -13.1311912537,
        "downmix": "mix"
    },
    "tags": {
        "track": 5,
        "year": 0,
        "album": "Birthnight",
        "artist": "The Dada Weatherman",
        "comment": "",
        "genre": "Other",
        "title": "Circle of Sea"
    }
},
"highlevel": {
    "culture": {
        "all": {
            "non_western": 4.69479346066e-07,
            "western": 0.999999523163
        },
        "probability": 0.999999523163,
        "value": "western"
    },
    "danceability": {
        "all": {
            "danceable": 0.202607452869,
            "not_danceable": 0.797392547131
        },
        "probability": 0.797392547131,
        "value": "not_danceable"
    },
    "gender": {
        "all": {
            "female": 0.614675879478,
            "male": 0.385324120522
        },
        "probability": 0.614675879478,
        "value": "female"
    },
    "genre_dortmund": {
        "all": {
            "alternative": 0.0532070845366,
            "blues": 0.0667627081275,
            "electronic": 0.0258165616542,
            "folkcountry": 0.0310762450099,
            "funksoulrnb": 0.230103865266,
            "jazz": 0.147277235985,
            "pop": 0.206438317895,
            "raphiphop": 0.00789728295058,
            "rock": 0.231420695782
        },
        "probability": 0.231420695782,
        "value": "rock"
    },
    "genre_electronic": {
        "all": {
            "ambient": 0.4487182796,
            "dnb": 0.267909258604,
            "house": 0.211697906256,
            "techno": 0.0142543222755,
            "trance": 0.0574202500284
        },
        "probability": 0.4487182796,
        "value": "ambient"
    },
    "genre_rosamerica": {
        "all": {
            "cla": 0.00696642557159,
            "dan": 0.0165032818913,
            "hip": 0.00837205257267,
            "jaz": 0.0183568503708,
            "pop": 0.256741315126,
            "rhy": 0.58059078455,
            "roc": 0.105606690049,
            "spe": 0.00686260778457
        },
        "probability": 0.58059078455,
        "value": "rhy"
    },
    "genre_tzanetakis": {
        "all": {
            "blu": 0.00266306125559,
            "cla": 0.00211920542642,
            "cou": 0.00884771905839,
            "dis": 0.025142217055,
            "hip": 0.0312822796404,
            "jaz": 0.0253160446882,
            "met": 0.00306378887035,
            "pop": 0.364265501499,
            "reg": 0.0561844743788,
            "roc": 0.481115698814
        },
        "probability": 0.481115698814,
        "value": "roc"
    },
    "mirex_ballroom": {
        "all": {
            "ChaChaCha": 0.0551266521215,
            "Jive": 0.0750696584582,
            "Quickstep": 0.250296026468,
            "Rumba-American": 0.0246721543372,
            "Rumba-International": 0.278199791908,
            "Rumba-Misc": 0.0334847979248,
            "Samba": 0.223665192723,
            "Tango": 0.00640932004899,
            "VienneseWaltz": 0.0402399748564,
            "Waltz": 0.0128364264965
        },
        "probability": 0.278199791908,
        "value": "Rumba-International"
    },
    "mood_acoustic": {
        "all": {
            "acoustic": 0.353699296713,
            "not_acoustic": 0.646300673485
        },
        "probability": 0.646300673485,
        "value": "not_acoustic"
    },
    "mood_aggressive": {
        "all": {
            "aggressive": 0.00635628262535,
            "not_aggressive": 0.993643701077
        },
        "probability": 0.993643701077,
        "value": "not_aggressive"
    },
    "mood_electronic": {
        "all": {
            "electronic": 0.642323493958,
            "not_electronic": 0.357676535845
        },
        "probability": 0.642323493958,
        "value": "electronic"
    },
    "mood_happy": {
        "all": {
            "happy": 0.800993978977,
            "not_happy": 0.199006021023
        },
        "probability": 0.800993978977,
        "value": "happy"
    },
    "mood_party": {
        "all": {
            "not_party": 0.857973575592,
            "party": 0.142026439309
        },
        "probability": 0.857973575592,
        "value": "not_party"
    },
    "mood_relaxed": {
        "all": {
            "not_relaxed": 0.635076344013,
            "relaxed": 0.364923685789
        },
        "probability": 0.635076344013,
        "value": "not_relaxed"
    },
    "mood_sad": {
        "all": {
            "not_sad": 0.59591460228,
            "sad": 0.404085427523
        },
        "probability": 0.59591460228,
        "value": "not_sad"
    },
    "moods_mirex": {
        "all": {
            "Cluster1": 0.206495076418,
            "Cluster2": 0.51878285408,
            "Cluster3": 0.187110841274,
            "Cluster4": 0.0319810733199,
            "Cluster5": 0.0556301623583
        },
        "probability": 0.51878285408,
        "value": "Cluster2"
    },
    "timbre": {
        "all": {
            "bright": 0.932864010334,
            "dark": 0.0671360120177
        },
        "probability": 0.932864010334,
        "value": "bright"
    },
    "tonal_atonal": {
        "all": {
            "atonal": 0.508853435516,
            "tonal": 0.491146534681
        },
        "probability": 0.508853435516,
        "value": "atonal"
    },
    "voice_instrumental": {
        "all": {
            "instrumental": 0.00503012863919,
            "voice": 0.994969844818
        },
        "probability": 0.994969844818,
        "value": "voice"
    }
},
"lowlevel": {
    "average_loudness": 0.982811331749,
    "barkbands_kurtosis": {
        "dmean": 3.45984983444,
        "dmean2": 5.24160909653,
        "dvar": 23.3961906433,
        "dvar2": 49.9085845947,
        "max": 46.7318305969,
        "mean": 7.39343261719,
        "median": 4.59496212006,
        "min": -1.74857985973,
        "var": 73.7032012939
    },
    "barkbands_skewness": {
        "dmean": 0.522033751011,
        "dmean2": 0.759138464928,
        "dvar": 0.29600507021,
        "dvar2": 0.590571463108,
        "max": 6.30004262924,
        "mean": 2.11581039429,
        "median": 2.10597300529,
        "min": -2.06915450096,
        "var": 1.39527189732
    },
    "barkbands_spread": {
        "dmean": 5.49634885788,
        "dmean2": 7.57793188095,
        "dvar": 52.2711753845,
        "dvar2": 99.2568283081,
        "max": 87.6549072266,
        "mean": 20.0294914246,
        "median": 17.3901309967,
        "min": 1.81218206882,
        "var": 212.917556763
    },
    "dissonance": {
        "dmean": 0.0198148041964,
        "dmean2": 0.0334664136171,
        "dvar": 0.000431706343079,
        "dvar2": 0.00126244383864,
        "max": 0.499244749546,
        "mean": 0.4553193748,
        "median": 0.463256090879,
        "min": 0.307556450367,
        "var": 0.000939029676374
    },
    "dynamic_complexity": 2.76223897934,
    "erbbands_kurtosis": {
        "dmean": 0.916749119759,
        "dmean2": 1.36640608311,
        "dvar": 1.89535117149,
        "dvar2": 4.17067098618,
        "max": 16.9139785767,
        "mean": 0.535850644112,
        "median": 0.0408842563629,
        "min": -1.79574024677,
        "var": 4.53997707367
    },
    "erbbands_skewness": {
        "dmean": 0.340005874634,
        "dmean2": 0.487951368093,
        "dvar": 0.142456948757,
        "dvar2": 0.254449874163,
        "max": 3.61148715019,
        "mean": 0.422167479992,
        "median": 0.430626779795,
        "min": -2.19232702255,
        "var": 0.688708126545
    },
    "erbbands_spread": {
        "dmean": 9.60794067383,
        "dmean2": 13.7325944901,
        "dvar": 105.252052307,
        "dvar2": 194.847137451,
        "max": 118.30632019,
        "mean": 45.7474441528,
        "median": 42.3697471619,
        "min": 7.70943689346,
        "var": 426.47052002
    },
    "hfc": {
        "dmean": 7.29825115204,
        "dmean2": 9.59257411957,
        "dvar": 100.487312317,
        "dvar2": 182.630615234,
        "max": 123.243515015,
        "mean": 24.9424133301,
        "median": 18.9753017426,
        "min": 1.24014570264e-16,
        "var": 418.814727783
    },
    "melbands_kurtosis": {
        "dmean": 8.02623558044,
        "dmean2": 12.1708097458,
        "dvar": 108.037162781,
        "dvar2": 233.805862427,
        "max": 132.338302612,
        "mean": 20.215013504,
        "median": 16.6376972198,
        "min": -1.31574034691,
        "var": 314.071014404
    },
    "melbands_skewness": {
        "dmean": 0.694639265537,
        "dmean2": 1.03010618687,
        "dvar": 0.492293864489,
        "dvar2": 1.04214167595,
        "max": 9.30549430847,
        "mean": 3.36543536186,
        "median": 3.33748650551,
        "min": -0.220547184348,
        "var": 2.01576423645
    },
    "melbands_spread": {
        "dmean": 5.46771621704,
        "dmean2": 8.09666156769,
        "dvar": 76.4938049316,
        "dvar2": 159.796981812,
        "max": 160.377563477,
        "mean": 17.6481838226,
        "median": 13.7135467529,
        "min": 1.46427977085,
        "var": 262.08303833
    },
    "pitch_salience": {
        "dmean": 0.0605233162642,
        "dmean2": 0.0969603210688,
        "dvar": 0.00368566252291,
        "dvar2": 0.0100374184549,
        "max": 0.870528876781,
        "mean": 0.52164286375,
        "median": 0.51217854023,
        "min": 0.206855997443,
        "var": 0.00969235412776
    },
    "silence_rate_20dB": {
        "dmean": 0,
        "dmean2": 0,
        "dvar": 0,
        "dvar2": 0,
        "max": 1,
        "mean": 1,
        "median": 1,
        "min": 1,
        "var": 0
    },
    "silence_rate_30dB": {
        "dmean": 0,
        "dmean2": 0,
        "dvar": 0,
        "dvar2": 0,
        "max": 1,
        "mean": 1,
        "median": 1,
        "min": 1,
        "var": 0
    },
    "silence_rate_60dB": {
        "dmean": 0.00292397662997,
        "dmean2": 0.00585651537403,
        "dvar": 0.00291540287435,
        "dvar2": 0.00582224922255,
        "max": 1,
        "mean": 0.0554744526744,
        "median": 0,
        "min": 0,
        "var": 0.0523962043226
    },
    "spectral_centroid": {
        "dmean": 243.438476562,
        "dmean2": 334.226379395,
        "dvar": 227306.6875,
        "dvar2": 265982.0625,
        "max": 11318.9814453,
        "mean": 1029.52197266,
        "median": 835.095275879,
        "min": 241.064071655,
        "var": 661023.5
    },
    "spectral_complexity": {
        "dmean": 3.40643286705,
        "dmean2": 5.02196216583,
        "dvar": 14.5980072021,
        "dvar2": 27.8604068756,
        "max": 51,
        "mean": 15.7737226486,
        "median": 15,
        "min": 0,
        "var": 62.1079559326
    },
    "spectral_crest": {
        "dmean": 2.19749307632,
        "dmean2": 3.42825078964,
        "dvar": 4.39443540573,
        "dvar2": 11.0964202881,
        "max": 22.508600235,
        "mean": 10.9202480316,
        "median": 10.4640979767,
        "min": 4.44874668121,
        "var": 11.0896339417
    },
    "spectral_decrease": {
        "dmean": 2.18868612123e-09,
        "dmean2": 3.43029915584e-09,
        "dvar": 5.80957481927e-18,
        "dvar2": 1.42692874287e-17,
        "max": 1.01390401366e-28,
        "mean": -1.02620854037e-08,
        "median": -1.04273549795e-08,
        "min": -2.70009543613e-08,
        "var": 2.43771896686e-17
    },
    "spectral_energy": {
        "dmean": 0.00860926415771,
        "dmean2": 0.0133779831231,
        "dvar": 8.70313015184e-05,
        "dvar2": 0.000211919163121,
        "max": 0.104798324406,
        "mean": 0.0409938320518,
        "median": 0.0418539233506,
        "min": 1.09206686681e-20,
        "var": 0.000384210579796
    },
    "spectral_energyband_high": {
        "dmean": 0.000589800998569,
        "dmean2": 0.000787739874795,
        "dvar": 1.05984827314e-06,
        "dvar2": 1.77383060418e-06,
        "max": 0.0169197190553,
        "mean": 0.00121440936346,
        "median": 0.000498668989167,
        "min": 7.7531210684e-21,
        "var": 3.95365077566e-06
    },
    "spectral_energyband_low": {
        "dmean": 0.00602752575651,
        "dmean2": 0.00984199065715,
        "dvar": 7.65404329286e-05,
        "dvar2": 0.000192892854102,
        "max": 0.0786227658391,
        "mean": 0.0164724588394,
        "median": 0.0136391846463,
        "min": 1.85223720131e-23,
        "var": 0.000172939195181
    },
    "spectral_energyband_middle_high": {
        "dmean": 0.00197022641078,
        "dmean2": 0.00271936226636,
        "dvar": 9.87773728411e-06,
        "dvar2": 1.822773811e-05,
        "max": 0.0391077697277,
        "mean": 0.00634754775092,
        "median": 0.00350139662623,
        "min": 1.39349721736e-21,
        "var": 4.80202579638e-05
    },
    "spectral_energyband_middle_low": {
        "dmean": 0.00561672449112,
        "dmean2": 0.0086347963661,
        "dvar": 4.06322251365e-05,
        "dvar2": 0.000102037913166,
        "max": 0.0671202093363,
        "mean": 0.0191611498594,
        "median": 0.0181709937751,
        "min": 2.15417945569e-22,
        "var": 0.000140307238325
    },
    "spectral_flatness_db": {
        "dmean": 0.023876812309,
        "dmean2": 0.0314982719719,
        "dvar": 0.000530613644514,
        "dvar2": 0.000983600621112,
        "max": 0.327741801739,
        "mean": 0.156558096409,
        "median": 0.150973588228,
        "min": 0.0398010388017,
        "var": 0.00289522018284
    },
    "spectral_flux": {
        "dmean": 0.0243528038263,
        "dmean2": 0.0369523838162,
        "dvar": 0.000625889573712,
        "dvar2": 0.00140646658838,
        "max": 0.267469704151,
        "mean": 0.0864525139332,
        "median": 0.0811068639159,
        "min": 1.04789753264e-10,
        "var": 0.0022594567854
    },
    "spectral_kurtosis": {
        "dmean": 1.63777792454,
        "dmean2": 2.66295027733,
        "dvar": 5.57569503784,
        "dvar2": 13.4044971466,
        "max": 32.856590271,
        "mean": 4.06405067444,
        "median": 2.97856092453,
        "min": -1.2073071003,
        "var": 14.0858135223
    },
    "spectral_rms": {
        "dmean": 0.000639360514469,
        "dmean2": 0.000976328621618,
        "dvar": 4.07871766583e-07,
        "dvar2": 9.81179482551e-07,
        "max": 0.0101114921272,
        "mean": 0.00602590059862,
        "median": 0.00639007799327,
        "min": 3.26409429e-12,
        "var": 3.68246446669e-06
    },
    "spectral_rolloff": {
        "dmean": 393.043487549,
        "dmean2": 657.376586914,
        "dvar": 1280855.5,
        "dvar2": 2474888.25,
        "max": 18906.1523438,
        "mean": 1158.10949707,
        "median": 495.263671875,
        "min": 107.666015625,
        "var": 3442358.5
    },
    "spectral_skewness": {
        "dmean": 0.256990879774,
        "dmean2": 0.384656518698,
        "dvar": 0.0832624062896,
        "dvar2": 0.159216418862,
        "max": 4.50157546997,
        "mean": 1.54858660698,
        "median": 1.42885875702,
        "min": -0.0306674987078,
        "var": 0.355225592852
    },
    "spectral_spread": {
        "dmean": 731657.8125,
        "dmean2": 931594,
        "dvar": 3.20467238912e+12,
        "dvar2": 3.24938131046e+12,
        "max": 40844364,
        "mean": 5089585,
        "median": 4849861,
        "min": 1982441.5,
        "var": 5.53485231718e+12
    },
    "spectral_strongpeak": {
        "dmean": 0.491747170687,
        "dmean2": 0.868754148483,
        "dvar": 1.15333211422,
        "dvar2": 3.07932543755,
        "max": 9.97106742859,
        "mean": 0.890789210796,
        "median": 0.526073336601,
        "min": 0,
        "var": 1.2635781765
    },
    "zerocrossingrate": {
        "dmean": 0.0113439727575,
        "dmean2": 0.0134087894112,
        "dvar": 0.000506947049871,
        "dvar2": 0.000803444592748,
        "max": 0.51171875,
        "mean": 0.0497348308563,
        "median": 0.04052734375,
        "min": 0.00439453125,
        "var": 0.00235379999503
    },
    "barkbands": {
        "dmean": [0.000231949758017, 0.00340980081819, 0.00301988678984, 0.0018401342677, 0.00437000161037, 0.00161216047127, 0.00038251632941, 0.000292179058306, 0.000289508840069, 0.000380365992896, 0.00030733141466, 0.000609648006503, 0.000692917092238, 0.000607426511124, 0.00033034113585, 0.000158724375069, 0.000136800153996, 0.000187231256859, 8.54119061842e-05, 0.000154811874381, 0.000124254322145, 0.000159484829055, 0.000159321047249, 8.0815727415e-05, 6.21326471446e-05, 5.3212428611e-05, 1.213311225e-05],
        "dmean2": [0.00038758062874, 0.00559411989525, 0.00498972367495, 0.00308447657153, 0.00677010277286, 0.00243449048139, 0.000613442272879, 0.00044467713451, 0.000451257481473, 0.000596262456384, 0.000484960357426, 0.000898845028132, 0.00100123300217, 0.000885712564923, 0.000533124839421, 0.000260635570157, 0.000208713041502, 0.000273502315395, 0.000130245709443, 0.000237701708102, 0.000183970172657, 0.000232784892432, 0.000225930838496, 0.000111289671622, 8.75342302606e-05, 7.90137637523e-05, 1.98494944925e-05],
        "dvar": [4.9051982387e-07, 3.75821618945e-05, 2.17097312998e-05, 7.0562473411e-06, 2.5084011213e-05, 6.25403936283e-06, 9.1543012104e-07, 3.50691379936e-07, 5.76623619963e-07, 6.13649092429e-07, 3.5318342384e-07, 2.55025929619e-06, 3.30503166879e-06, 2.72435408988e-06, 1.34763615733e-06, 3.01227203181e-07, 1.12704285016e-07, 2.40448201794e-07, 1.7239615957e-08, 1.09572326323e-07, 5.84876467258e-08, 1.6212423759e-07, 1.08792086451e-07, 1.47815466534e-08, 3.02909839434e-08, 2.63370569797e-08, 2.42706299503e-09],
        "dvar2": [1.36343635404e-06, 9.19325757422e-05, 5.98901933699e-05, 1.80981460289e-05, 6.14308082731e-05, 1.43102461152e-05, 2.13132170757e-06, 7.86952512044e-07, 1.52112625074e-06, 1.43951399423e-06, 8.00526493094e-07, 4.97197834193e-06, 7.10819222149e-06, 5.99687473368e-06, 2.90961338578e-06, 8.08376000805e-07, 2.46146413474e-07, 3.94824866135e-07, 4.48481181081e-08, 2.48671057079e-07, 1.19880112948e-07, 3.25924816025e-07, 2.41719959604e-07, 2.55837768748e-08, 6.15768556145e-08, 6.00454583832e-08, 6.42751674107e-09],
        "max": [0.00774476025254, 0.0611475557089, 0.0368196666241, 0.0264778360724, 0.0452126413584, 0.03848695755, 0.0146663626656, 0.00730471499264, 0.0127468854189, 0.0185487028211, 0.00989094655961, 0.0234518330544, 0.0321193523705, 0.022303879261, 0.0172485485673, 0.0115393698215, 0.00824844371527, 0.00928714405745, 0.00147039873991, 0.00446113338694, 0.0037484948989, 0.00805998127908, 0.0060848146677, 0.0022799114231, 0.00182530423626, 0.00164942012634, 0.000643456820399],
        "mean": [0.000325670785969, 0.00923646707088, 0.00477395858616, 0.00311770918779, 0.0110059101135, 0.00316509604454, 0.000758916721679, 0.000543364381883, 0.00048883096315, 0.000790484016761, 0.000667802232783, 0.00112122937571, 0.0010052168509, 0.0010503444355, 0.000558363972232, 0.000250582699664, 0.000229900164413, 0.00034175690962, 0.000148169114254, 0.000308354443405, 0.000213197068661, 0.000291030475637, 0.000299513223581, 0.000145683254232, 8.50173382787e-05, 6.03870103077e-05, 1.08796057248e-05],
        "median": [4.69842052553e-05, 0.00569075718522, 0.00255324319005, 0.00171705614775, 0.00918301660568, 0.00198276992887, 0.000281819346128, 0.000203299001441, 0.000159278089995, 0.000184648160939, 0.000238717766479, 0.000270612974418, 0.000257319217781, 0.000165900608408, 0.000140005227877, 8.95756820682e-05, 7.20152893336e-05, 9.64094069786e-05, 7.88952675066e-05, 9.21466198633e-05, 9.38016310101e-05, 8.60202126205e-05, 9.37309014262e-05, 6.4615822339e-05, 2.0228266294e-05, 8.59145711729e-06, 3.10433193818e-07],
        "min": [8.77048927993e-24, 1.2799093849e-23, 2.87391703644e-26, 3.35868811109e-24, 3.23484594198e-23, 1.18998358043e-23, 4.10669627661e-23, 3.7999874722e-23, 3.88684736876e-23, 2.69400290536e-23, 9.29006399546e-23, 3.58072800122e-23, 8.06801243036e-23, 6.94109875262e-23, 1.18974562843e-22, 1.76572730656e-22, 1.46317352721e-22, 1.45010191268e-22, 2.41776779773e-22, 2.61818466335e-22, 2.73128156874e-22, 4.40016313564e-22, 5.93794460291e-22, 9.3824001013e-22, 1.08653132003e-21, 1.8191208205e-21, 2.51908545732e-21],
        "var": [4.58677988036e-07, 8.95516423043e-05, 3.344592551e-05, 1.5221542526e-05, 7.58813985158e-05, 1.52181128215e-05, 2.20101833293e-06, 9.0296413191e-07, 8.67926246428e-07, 3.26409144691e-06, 1.2827123328e-06, 6.44956844553e-06, 5.81566746405e-06, 6.96494498698e-06, 2.06187814911e-06, 4.21978313625e-07, 3.60538962241e-07, 5.43155010746e-07, 3.47260353806e-08, 3.29871909344e-07, 1.23232965166e-07, 5.61424201351e-07, 3.33191024993e-07, 4.94065339751e-08, 4.43304379871e-08, 3.13578354394e-08, 1.96358707072e-09]
    },
    "erbbands": {
        "dmean": [0.0981015339494, 0.826569497585, 2.75858283043, 5.584815979, 5.31444168091, 18.5679893494, 25.3128147125, 10.5156469345, 5.0804271698, 6.04108762741, 6.25308942795, 5.80667686462, 9.40783214569, 11.2853927612, 14.2279558182, 23.2848587036, 28.2542324066, 26.9711112976, 25.4288368225, 10.9694814682, 9.10127449036, 8.05105781555, 10.2297954559, 5.1881480217, 5.18783712387, 7.51678228378, 4.78827571869, 5.10616016388, 5.7765212059, 6.50550079346, 3.88216280937, 1.83045721054, 1.34652733803, 0.777005016804, 0.391342520714, 0.214483454823, 0.0958745181561, 0.0319829173386, 0.00107956060674, 2.87637976726e-05],
        "dmean2": [0.167035087943, 1.33458471298, 4.59168720245, 9.24017333984, 8.76587677002, 29.3214168549, 36.9455223083, 16.418554306, 8.39393901825, 9.29932880402, 9.50888729095, 9.37399101257, 14.9353609085, 17.0368900299, 21.4060935974, 32.2785224915, 40.3887519836, 38.6695861816, 37.0725860596, 16.4374980927, 14.8886861801, 12.146856308, 14.6089487076, 7.58938169479, 7.7753443718, 11.1982269287, 7.35004138947, 7.37338590622, 8.34381008148, 9.59848690033, 5.37565755844, 2.57613015175, 1.8262771368, 1.07912361622, 0.562620818615, 0.331906139851, 0.143485426903, 0.0476182475686, 0.00175259285606, 4.30781947216e-05],
        "dvar": [0.0405862927437, 2.18222022057, 20.4850997925, 62.2321205139, 67.5907745361, 508.129974365, 1048.62463379, 337.508392334, 244.468093872, 104.18309021, 168.698760986, 239.707504272, 279.582183838, 533.80645752, 854.610168457, 4018.11010742, 6998.74658203, 4529.08837891, 7552.5234375, 1060.83825684, 949.795715332, 449.928466797, 769.542419434, 98.1240158081, 61.0858573914, 266.137084961, 85.1892623901, 128.774383545, 220.042282104, 246.83934021, 53.7549057007, 8.20448493958, 4.54144859314, 3.9150929451, 1.42978775501, 0.485071957111, 0.082854680717, 0.0121491076425, 2.111232061e-05, 6.08713612849e-09],
        "dvar2": [0.113448739052, 5.16582345963, 54.4784431458, 159.47177124, 179.405639648, 1312.30627441, 2151.94165039, 770.032104492, 629.768920898, 235.746139526, 379.475860596, 650.442504883, 707.812438965, 1060.35925293, 1746.43225098, 8613.15429688, 14982.3320312, 9269.54492188, 15435.9990234, 1875.81567383, 2544.89331055, 930.916381836, 1294.82739258, 192.623077393, 146.338928223, 597.696655273, 194.547439575, 235.334686279, 482.295013428, 497.215087891, 115.055648804, 14.7802476883, 7.60794210434, 7.45201969147, 3.01267886162, 1.19875466824, 0.185461267829, 0.0286655705422, 5.51963385078e-05, 1.47409693341e-08],
        "max": [1.69710421562, 14.2051792145, 45.9126243591, 87.6731643677, 92.024810791, 213.36807251, 311.823547363, 224.00189209, 265.773681641, 117.178329468, 166.745513916, 249.333694458, 314.208374023, 404.938934326, 478.398529053, 969.226074219, 1690.20703125, 918.749755859, 1437.82128906, 473.333312988, 612.880554199, 580.768981934, 541.948852539, 141.528579712, 93.166015625, 199.000259399, 158.546325684, 237.502853394, 300.865203857, 281.030975342, 141.867126465, 49.7504920959, 32.6874046326, 21.5786304474, 13.7928876877, 6.9386844635, 3.30394268036, 1.33475041389, 0.0669541656971, 0.00114116154145],
        "mean": [0.205372467637, 2.25637149811, 5.23488426208, 10.008893013, 10.7773990631, 42.897403717, 57.1150894165, 21.2366161346, 10.5213289261, 12.9482965469, 12.6060247421, 9.95494937897, 19.4477901459, 23.1896133423, 32.344581604, 42.09608078, 48.3455619812, 53.5833473206, 41.168712616, 19.8831863403, 15.3649673462, 15.6051254272, 18.1390247345, 9.05063819885, 10.1533327103, 15.5660810471, 8.36036300659, 9.04240036011, 9.86212158203, 12.09034729, 7.20921516418, 3.45206284523, 2.31672787666, 1.1706225872, 0.490768492222, 0.250317037106, 0.106837794185, 0.0332398712635, 0.00104189803824, 7.02356555848e-05],
        "median": [0.11456605792, 1.34939646721, 3.13570785522, 5.52689313889, 6.76821088791, 34.4700469971, 35.5297546387, 10.2472820282, 3.74406814575, 6.36729240417, 4.54490804672, 4.01260662079, 7.60737085342, 8.9139623642, 14.2472982407, 10.8309164047, 13.6241006851, 10.0093574524, 8.7166519165, 6.5176615715, 5.11274147034, 4.88703632355, 4.68981742859, 4.13755941391, 4.9069943428, 4.32045650482, 4.11240005493, 3.2883579731, 2.84451532364, 3.67740535736, 2.53399443626, 1.50284230709, 0.916090548038, 0.32457703352, 0.0982285663486, 0.0471991673112, 0.0135141927749, 0.00182644533925, 6.97271898389e-05, 5.4323409131e-05],
        "min": [3.4414040582e-22, 3.0936486247e-21, 1.1437726829e-21, 7.30802600522e-21, 3.99111640565e-20, 1.31168459576e-19, 1.26088161823e-19, 1.03033300445e-19, 4.38427593241e-19, 7.63736324859e-19, 1.05093617357e-18, 9.21080294534e-19, 8.83346176145e-19, 2.55801944158e-18, 4.28810801779e-18, 1.59404869491e-18, 3.53912988753e-18, 4.40285037646e-18, 3.14305988701e-18, 8.43355384969e-18, 6.07616148222e-18, 8.04420820717e-18, 8.76320434895e-18, 1.06775716016e-17, 1.23637676998e-17, 1.24936408462e-17, 1.12778044598e-17, 1.45924520047e-17, 1.44545477617e-17, 1.23910712775e-17, 1.93235991994e-17, 1.88352483093e-17, 1.69323060753e-17, 1.15162235549e-17, 8.6719952787e-18, 5.25954396609e-18, 3.67966456488e-18, 1.24830994633e-18, 3.37543275716e-19, 3.6560756227e-20],
        "var": [0.0646802186966, 5.45636940002, 35.5271606445, 144.401428223, 124.892791748, 1459.63244629, 3345.53149414, 898.729370117, 598.454589844, 303.441802979, 492.946929932, 317.580566406, 1211.52612305, 1917.27392578, 2315.90698242, 9399.71777344, 12697.2177734, 15784.9785156, 12378.3398438, 2320.35766602, 1502.69506836, 1726.33691406, 1636.90197754, 204.952255249, 174.982177734, 851.766540527, 139.796279907, 345.485443115, 663.40838623, 799.452270508, 162.596893311, 27.9522209167, 14.4940748215, 6.79783678055, 1.85696053505, 0.515621185303, 0.100378960371, 0.0129077937454, 1.7208423742e-05, 6.90027457395e-09]
    },
    "gfcc": {
        "mean": [0.619472980499, 98.9513931274, -96.2099456787, 44.1588401794, -54.9787254333, 23.6075363159, -38.5006713867, -6.56361055374, -28.6370544434, -2.23764228821, -11.5923547745, 3.66883850098, -7.81441116333],
        "cov": [[19022.0371094, -988.653259277, -1085.11816406, 167.33152771, -651.143798828, 543.315490723, -459.430725098, 12.7360067368, -661.393859863, 314.741760254, -154.221740723, 295.769866943, -275.431335449], [-988.653259277, 1376.73632812, -163.535751343, -82.4013137817, 75.9293365479, -40.6620597839, 69.1702957153, -117.448432922, 124.231117249, -150.879165649, 100.363487244, -194.388381958, 128.009658813], [-1085.11816406, -163.535751343, 515.449768066, -50.8934364319, 46.4112358093, -38.1631889343, 23.0232753754, 5.39254570007, -40.4977645874, 13.9040203094, -61.2963829041, 57.6220664978, 23.6314868927], [167.33152771, -82.4013137817, -50.8934364319, 328.875152588, 12.2931318283, -30.0797214508, -65.4347610474, 8.14262485504, 63.3191947937, -5.05596923828, 12.7830972672, 10.5415344238, 21.9509449005], [-651.143798828, 75.9293365479, 46.4112358093, 12.2931318283, 230.307769775, 30.1825237274, 7.72013187408, 7.11892652512, 49.0971183777, 40.7174720764, 24.7072277069, -41.5979003906, 24.1013374329], [543.315490723, -40.6620597839, -38.1631889343, -30.0797214508, 30.1825237274, 189.188751221, 54.5606155396, -0.47832930088, -10.7897453308, 53.7874450684, 22.2805767059, -12.945933342, -9.72110080719], [-459.430725098, 69.1702957153, 23.0232753754, -65.4347610474, 7.72013187408, 54.5606155396, 163.406814575, 61.0535736084, 10.1028499603, -30.4948635101, 15.5891084671, 2.86224555969, -1.10397779942], [12.7360067368, -117.448432922, 5.39254570007, 8.14262485504, 7.11892652512, -0.47832930088, 61.0535736084, 149.104537964, 18.0380325317, -17.913608551, -9.69739627838, 44.3268508911, -10.0722541809], [-661.393859863, 124.231117249, -40.4977645874, 63.3191947937, 49.0971183777, -10.7897453308, 10.1028499603, 18.0380325317, 162.47833252, 14.3070888519, 20.6334934235, -39.0982170105, 23.5383529663], [314.741760254, -150.879165649, 13.9040203094, -5.05596923828, 40.7174720764, 53.7874450684, -30.4948635101, -17.913608551, 14.3070888519, 126.713539124, 15.2659759521, -8.74802303314, -11.1614093781], [-154.221740723, 100.363487244, -61.2963829041, 12.7830972672, 24.7072277069, 22.2805767059, 15.5891084671, -9.69739627838, 20.6334934235, 15.2659759521, 97.1416625977, 2.02627253532, 15.6477861404], [295.769866943, -194.388381958, 57.6220664978, 10.5415344238, -41.5979003906, -12.945933342, 2.86224555969, 44.3268508911, -39.0982170105, -8.74802303314, 2.02627253532, 114.206916809, -5.56206226349], [-275.431335449, 128.009658813, 23.6314868927, 21.9509449005, 24.1013374329, -9.72110080719, -1.10397779942, -10.0722541809, 23.5383529663, -11.1614093781, 15.6477861404, -5.56206226349, 76.8895950317]],
        "icov": [[0.000142684584716, -0.000206852520932, 0.000326748966472, -0.00017656183627, 0.000271744531346, -0.00046497216681, 0.000429631676525, -0.000300205516396, 0.000603919615969, -0.000629320333246, 0.000558684812859, -0.000559866079129, 0.00019792803505], [-0.000206852520932, 0.00232069799677, -0.000283582892735, 0.00107948877849, -0.000583018816542, 0.000834630220197, -0.000921332743019, 0.00149975623935, -0.00178407784551, 0.00371832796372, -0.00267142453231, 0.00345330359414, -0.00247472315095], [0.000326748966472, -0.000283582892735, 0.00364142027684, -0.000118199895951, -0.000517822336406, 5.00067435496e-05, -0.000555516860913, 0.000484387419419, 0.0017801647773, -0.00242876261473, 0.0036282283254, -0.00320613663644, -0.00108655053191], [-0.00017656183627, 0.00107948877849, -0.000118199895951, 0.00447595864534, -0.000533990212716, 0.000287658855086, 0.00155176117551, 0.000206793731195, -0.00282021076418, 0.0028110598214, -0.00180163991172, 0.000858213228639, -0.00171789282467], [0.000271744531346, -0.000583018816542, -0.000517822336406, -0.000533990212716, 0.00642467848957, -0.00163300777785, 0.00146506971214, -0.00225836969912, 0.00049826875329, -0.00259637855925, -0.000586863665376, 0.00156524206977, -0.000536204082891], [-0.00046497216681, 0.000834630220197, 5.00067435496e-05, 0.000287658855086, -0.00163300777785, 0.00970684085041, -0.00578012503684, 0.00212024687789, -0.000305752153508, -0.00222279108129, -0.0017573533114, 0.00211103749461, -0.000937493983656], [0.000429631676525, -0.000921332743019, -0.000555516860913, 0.00155176117551, 0.00146506971214, -0.00578012503684, 0.0130779892206, -0.00592734850943, 0.000399294513045, 0.0024867116008, -0.00137309916317, -0.000266944378382, 0.00152079074178], [-0.000300205516396, 0.00149975623935, 0.000484387419419, 0.000206793731195, -0.00225836969912, 0.00212024687789, -0.00592734850943, 0.0121501479298, -0.00355671695434, 0.00265374709852, 0.000947251566686, -0.00312578398734, -0.000242532216362], [0.000603919615969, -0.00178407784551, 0.0017801647773, -0.00282021076418, 0.00049826875329, -0.000305752153508, 0.000399294513045, -0.00355671695434, 0.0119673851877, -0.00602825451642, 0.00227328529581, -0.000139709096402, -0.000274860591162], [-0.000629320333246, 0.00371832796372, -0.00242876261473, 0.0028110598214, -0.00259637855925, -0.00222279108129, 0.0024867116008, 0.00265374709852, -0.00602825451642, 0.0189072247595, -0.00735502457246, 0.006098177284, -0.00105669861659], [0.000558684812859, -0.00267142453231, 0.0036282283254, -0.00180163991172, -0.000586863665376, -0.0017573533114, -0.00137309916317, 0.000947251566686, 0.00227328529581, -0.00735502457246, 0.0182134825736, -0.00852099247277, -0.000172405605554], [-0.000559866079129, 0.00345330359414, -0.00320613663644, 0.000858213228639, 0.00156524206977, 0.00211103749461, -0.000266944378382, -0.00312578398734, -0.000139709096402, 0.006098177284, -0.00852099247277, 0.0200495533645, -0.00353897782043], [0.00019792803505, -0.00247472315095, -0.00108655053191, -0.00171789282467, -0.000536204082891, -0.000937493983656, 0.00152079074178, -0.000242532216362, -0.000274860591162, -0.00105669861659, -0.000172405605554, -0.00353897782043, 0.0184085424989]]
    },
    "melbands": {
        "dmean": [0.000894558557775, 0.00128779176157, 0.000854768964928, 0.000797526270617, 0.000899264938198, 0.000242393958615, 7.55004875828e-05, 6.69828514219e-05, 5.20151443197e-05, 3.66316417058e-05, 5.09472556587e-05, 4.98191184306e-05, 4.71266284876e-05, 6.49452704238e-05, 6.61447775201e-05, 6.94623449817e-05, 5.10110039613e-05, 4.9943497288e-05, 2.05562391784e-05, 1.08072717921e-05, 1.07076193672e-05, 8.48836043588e-06, 1.07627056423e-05, 9.0586809165e-06, 3.9680539885e-06, 3.58334727935e-06, 5.77771697863e-06, 5.0371445468e-06, 3.19901823786e-06, 2.75211141343e-06, 3.38147401635e-06, 3.37295386998e-06, 3.519570555e-06, 4.01613124268e-06, 2.62345952251e-06, 1.44017383263e-06, 1.1914244169e-06, 1.10050689273e-06, 7.80729294547e-07, 6.20046364475e-07],
        "dmean2": [0.00150544277858, 0.00208465964533, 0.00142148858868, 0.00128181884065, 0.00130679470021, 0.000372879643692, 0.000122550103697, 0.000103273378045, 7.93502913439e-05, 5.91188909311e-05, 8.07526594144e-05, 7.62136623962e-05, 7.31654945412e-05, 9.20633683563e-05, 9.71668487182e-05, 0.000100673692941, 7.32776024961e-05, 7.26061116438e-05, 3.09423812723e-05, 1.68498681887e-05, 1.76556895894e-05, 1.27533803607e-05, 1.61396455951e-05, 1.34321626319e-05, 5.95280926063e-06, 5.52428309675e-06, 8.97591326066e-06, 7.69611597207e-06, 4.97151495438e-06, 4.14842725149e-06, 4.88054138259e-06, 4.93381821798e-06, 5.11529378855e-06, 5.91443267695e-06, 3.72885574507e-06, 2.06266804526e-06, 1.76279672814e-06, 1.57491695063e-06, 1.07350172129e-06, 8.94562106168e-07],
        "dvar": [2.93710945698e-06, 4.09090307585e-06, 1.39664359722e-06, 1.16006719963e-06, 1.13897522169e-06, 1.70487140849e-07, 4.75787693688e-08, 1.33555477788e-08, 1.45686076536e-08, 8.2777944499e-09, 8.57493809292e-09, 1.03374881988e-08, 7.33690574961e-09, 2.70081397247e-08, 3.81048614884e-08, 3.63807437509e-08, 1.76483982983e-08, 2.88436332596e-08, 4.5208805588e-09, 9.01433927503e-10, 1.20985088614e-09, 5.99134963863e-10, 7.98494881327e-10, 6.07266570363e-10, 5.76223825599e-11, 3.34943253688e-11, 1.60658569781e-10, 1.26121516009e-10, 4.11671183254e-11, 2.28866075397e-11, 6.89020993039e-11, 9.52096804174e-11, 8.74010447349e-11, 9.02269994829e-11, 2.53802204947e-11, 7.41192524023e-12, 3.58765708114e-12, 3.00401348761e-12, 2.63872777795e-12, 2.93069409886e-12],
        "dvar2": [7.61806813898e-06, 1.05818080556e-05, 3.56424470738e-06, 3.05173239212e-06, 2.40622171077e-06, 3.92480956179e-07, 1.15669401168e-07, 3.03945881797e-08, 3.43634170008e-08, 2.22930118809e-08, 2.16414015597e-08, 2.07753139136e-08, 1.49497410007e-08, 5.40491811307e-08, 8.94811122976e-08, 7.30116482828e-08, 3.73547806021e-08, 5.69275862006e-08, 9.37339006413e-09, 2.0618582397e-09, 3.15801251816e-09, 1.26933974443e-09, 1.69368785663e-09, 1.14963683018e-09, 1.2252250603e-10, 8.72697192289e-11, 3.81394915649e-10, 2.9563970716e-10, 9.5942996603e-11, 4.65345262324e-11, 1.30441532575e-10, 2.31209149049e-10, 1.97884819642e-10, 1.86466050933e-10, 5.67720627453e-11, 1.52059354691e-11, 7.21932409686e-12, 5.66340334004e-12, 4.39278041026e-12, 6.15009388902e-12],
        "max": [0.0170065127313, 0.0228148214519, 0.0123058501631, 0.0100400447845, 0.0108064301312, 0.00523319700733, 0.00351492059417, 0.00112185627222, 0.0020387461409, 0.00134314375464, 0.00192601047456, 0.00197490141727, 0.000996044604108, 0.00234662299044, 0.00230113649741, 0.00385535950772, 0.00155383814126, 0.00292387488298, 0.000874574354384, 0.000596592784859, 0.000674570910633, 0.000723256205674, 0.000443923840066, 0.000463808741188, 7.99808185548e-05, 6.71805464663e-05, 0.000221123162191, 0.000149864325067, 0.000100639030279, 6.83479156578e-05, 0.000184963981155, 0.000175624154508, 0.000172785905306, 0.000160574534675, 9.54759016167e-05, 4.05972023145e-05, 3.1050574762e-05, 2.62558205577e-05, 1.98294146685e-05, 1.85759890883e-05],
        "mean": [0.00227210740559, 0.00299297878519, 0.00161436456256, 0.0017706900835, 0.00217736535706, 0.000477753666928, 0.000154051027494, 0.000139580020914, 0.000100742647192, 5.9885373048e-05, 0.00010503228259, 0.000100651777757, 0.000105312290543, 0.000114550522994, 0.000108087973786, 0.000119656760944, 9.13230906008e-05, 7.32740300009e-05, 3.19080500049e-05, 1.89545862668e-05, 1.66661120602e-05, 1.49811321535e-05, 1.86867746379e-05, 1.39838966788e-05, 6.33395620753e-06, 6.07896117799e-06, 1.0728507732e-05, 9.64726132224e-06, 4.97736073157e-06, 4.74942407891e-06, 5.53233030587e-06, 5.38234326086e-06, 5.95802339376e-06, 7.12835390004e-06, 4.55893359685e-06, 2.4740218123e-06, 2.0137285901e-06, 1.76743833435e-06, 1.28546787437e-06, 8.42538042889e-07],
        "median": [0.0013803888578, 0.00231891637668, 0.000964337028563, 0.00131065596361, 0.00154247449245, 0.000239999295445, 5.37439991604e-05, 7.29138191673e-05, 3.13920681947e-05, 2.11968072108e-05, 3.7923338823e-05, 3.63795297744e-05, 4.47918282589e-05, 2.6099211027e-05, 2.34349026869e-05, 2.66120205197e-05, 1.52851444e-05, 1.39698813655e-05, 9.68974836724e-06, 6.78637434248e-06, 5.29619410372e-06, 4.46595822723e-06, 4.36106438428e-06, 4.07168045058e-06, 2.78951074506e-06, 3.05135813505e-06, 3.63997855857e-06, 2.41949396695e-06, 2.26827751248e-06, 2.37458880292e-06, 1.60112051617e-06, 1.47058722177e-06, 1.66563791026e-06, 1.95222355615e-06, 1.53758730903e-06, 9.4175589993e-07, 8.57114741848e-07, 7.07488027274e-07, 4.03313919151e-07, 1.91750586964e-07],
        "min": [4.2289499954e-24, 1.80121616287e-24, 1.66661815142e-24, 6.97796537816e-24, 4.9326675654e-24, 2.67787472304e-24, 7.78692803697e-24, 8.46943550381e-24, 9.05127643054e-24, 4.44804980093e-24, 4.80707065409e-24, 1.04912331502e-23, 1.20361178366e-23, 6.93155353567e-24, 4.9436847968e-24, 1.01571970996e-23, 7.05826589629e-24, 2.7404298151e-24, 1.01123882225e-23, 1.27392847817e-23, 4.89594687912e-24, 6.5900737936e-24, 9.33522060248e-24, 8.08031645168e-24, 8.52775599053e-24, 8.28119988119e-24, 8.91976227358e-24, 8.18661545865e-24, 6.59922655225e-24, 6.45890318557e-24, 9.17740976725e-24, 8.35044924689e-24, 7.24241521942e-24, 6.36361628239e-24, 1.23501641518e-23, 9.64731054267e-24, 1.20038952352e-23, 1.18697841482e-23, 1.13090981043e-23, 8.46726613632e-24],
        "var": [5.90897207076e-06, 8.31587021821e-06, 3.19197920362e-06, 2.865459237e-06, 3.82154712497e-06, 4.39916249206e-07, 1.22139383052e-07, 3.47440831661e-08, 3.87270695512e-08, 1.09382760627e-08, 4.04764151085e-08, 4.17323953172e-08, 2.36021282518e-08, 7.17232566672e-08, 7.53261559794e-08, 8.22675616519e-08, 5.26692751635e-08, 4.88200093685e-08, 6.80131684305e-09, 1.97714578043e-09, 1.89123050554e-09, 2.30340124752e-09, 1.68578095927e-09, 1.06643660569e-09, 1.07803106719e-10, 6.2729585415e-11, 4.42623604435e-10, 3.33978789069e-10, 5.99214497465e-11, 5.29732889498e-11, 1.71184913467e-10, 2.40313074995e-10, 2.35193642339e-10, 2.74247680121e-10, 6.62425739262e-11, 1.86332373142e-11, 9.56252004664e-12, 8.47730306092e-12, 6.60358573379e-12, 4.20128732151e-12]
    },
    "mfcc": {
