{
"metadata": {
    "version": {
        "essentia": "2.0.1",
        "extractor": "archive-music 1.0"
    },
    "audio_properties": {
        "analysis_sample_rate": 44100,
        "bitrate": 128,
        "channels": 2,
        "equal_loudness": 0,
        "length": 15.3861227036,
        "replay_gain": -13.1633796692,
        "downmix": "mix"
    },
    "tags": {
        "track": 2,
        "year": 0,
        "album": "Rebelations ",
        "artist": "Sons Of Sin ",
        "comment": "",
        "genre": "Other",
        "title": "The Dream"
    }
},
"highlevel": {
    "culture": {
        "all": {
            "non_western": 6.99813451632e-09,
            "western": 1
        },
        "probability": 1,
        "value": "western"
    },
    "danceability": {
        "all": {
            "danceable": 0.247098237276,
            "not_danceable": 0.752901732922
        },
        "probability": 0.752901732922,
        "value": "not_danceable"
    },
    "gender": {
        "all": {
            "female": 0.16317242384,
            "male": 0.83682757616
        },
        "probability": 0.83682757616,
        "value": "male"
    },
    "genre_dortmund": {
        "all": {
            "alternative": 0.0398172624409,
            "blues": 0.0617968514562,
            "electronic": 0.014095894061,
            "folkcountry": 0.0737219005823,
            "funksoulrnb": 0.031570892781,
            "jazz": 0.0255370344967,
            "pop": 0.130493089557,
            "raphiphop": 0.0105636864901,
            "rock": 0.612403392792
        },
        "probability": 0.612403392792,
        "value": "rock"
    },
    "genre_electronic": {
        "all": {
            "ambient": 0.222903966904,
            "dnb": 0.467180073261,
            "house": 0.170142218471,
            "techno": 0.0138704963028,
            "trance": 0.125903233886
        },
        "probability": 0.467180073261,
        "value": "dnb"
    },
    "genre_rosamerica": {
        "all": {
            "cla": 0.00557352183387,
            "dan": 0.0243239533156,
            "hip": 0.00457035470754,
            "jaz": 0.00772727793083,
            "pop": 0.179886579514,
            "rhy": 0.0103636318818,
            "roc": 0.765294194221,
            "spe": 0.00226045795716
        },
        "probability": 0.765294194221,
        "value": "roc"
    },
    "genre_tzanetakis": {
        "all": {
            "blu": 0.00176593055949,
            "cla": 0.0026250234805,
            "cou": 0.013307435438,
            "dis": 0.0472076274455,
            "hip": 0.0469589009881,
            "jaz": 0.0154530657455,
            "met": 0.0137093355879,
            "pop": 0.389578163624,
            "reg": 0.0222083162516,
            "roc": 0.447186201811
        },
        "probability": 0.447186201811,
        "value": "roc"
    },
    "mirex_ballroom": {
        "all": {
            "ChaChaCha": 0.0596884042025,
            "Jive": 0.536835312843,
            "Quickstep": 0.220842823386,
            "Rumba-American": 0.00269546080381,
            "Rumba-International": 0.0196850355715,
            "Rumba-Misc": 0.00665156776085,
            "Samba": 0.12749683857,
            "Tango": 0.00348120648414,
            "VienneseWaltz": 0.0168538410217,
            "Waltz": 0.00576951634139
        },
        "probability": 0.536835312843,
        "value": "Jive"
    },
    "mood_acoustic": {
        "all": {
            "acoustic": 0.106040753424,
            "not_acoustic": 0.893959224224
        },
        "probability": 0.893959224224,
        "value": "not_acoustic"
    },
    "mood_aggressive": {
        "all": {
            "aggressive": 0.474841743708,
            "not_aggressive": 0.525158286095
        },
        "probability": 0.525158286095,
        "value": "not_aggressive"
    },
    "mood_electronic": {
        "all": {
            "electronic": 0.452036380768,
            "not_electronic": 0.547963619232
        },
        "probability": 0.547963619232,
        "value": "not_electronic"
    },
    "mood_happy": {
        "all": {
            "happy": 0.88728004694,
            "not_happy": 0.112719960511
        },
        "probability": 0.88728004694,
        "value": "happy"
    },
    "mood_party": {
        "all": {
            "not_party": 0.539335727692,
            "party": 0.460664242506
        },
        "probability": 0.539335727692,
        "value": "not_party"
    },
    "mood_relaxed": {
        "all": {
            "not_relaxed": 0.563183188438,
            "relaxed": 0.436816811562
        },
        "probability": 0.563183188438,
        "value": "not_relaxed"
    },
    "mood_sad": {
        "all": {
            "not_sad": 0.848728716373,
            "sad": 0.151271268725
        },
        "probability": 0.848728716373,
        "value": "not_sad"
    },
    "moods_mirex": {
        "all": {
            "Cluster1": 0.363149821758,
            "Cluster2": 0.277289181948,
            "Cluster3": 0.0520144887269,
            "Cluster4": 0.103659212589,
            "Cluster5": 0.203887283802
        },
        "probability": 0.363149821758,
        "value": "Cluster1"
    },
    "timbre": {
        "all": {
            "bright": 0.999990344048,
            "dark": 9.63214642979e-06
        },
        "probability": 0.999990344048,
        "value": "bright"
    },
    "tonal_atonal": {
        "all": {
            "atonal": 0.136260598898,
            "tonal": 0.8637393713
        },
        "probability": 0.8637393713,
        "value": "tonal"
    },
    "voice_instrumental": {
        "all": {
            "instrumental": 0.000882762775291,
            "voice": 0.999117255211
        },
        "probability": 0.999117255211,
        "value": "voice"
    }
},
"lowlevel": {
    "average_loudness": 0.975490033627,
    "barkbands_kurtosis": {
        "dmean": 3.29881048203,
        "dmean2": 5.7091345787,
        "dvar": 80.5200500488,
        "dvar2": 234.934265137,
        "max": 129.181716919,
        "mean": 3.64204716682,
        "median": 1.40716338158,
        "min": -1.60710585117,
        "var": 67.629486084
    },
    "barkbands_skewness": {
        "dmean": 0.563135623932,
        "dmean2": 0.946679353714,
        "dvar": 0.622956037521,
        "dvar2": 1.63183999062,
        "max": 9.34757137299,
        "mean": 1.60452246666,
        "median": 1.41121697426,
        "min": -2.08722448349,
        "var": 1.0401712656
    },
    "barkbands_spread": {
        "dmean": 5.98402357101,
        "dmean2": 9.57264328003,
        "dvar": 37.5987701416,
        "dvar2": 91.4959564209,
        "max": 74.2469558716,
        "mean": 24.8611869812,
        "median": 23.9601173401,
        "min": 1.34999072552,
        "var": 135.180007935
    },
    "dissonance": {
        "dmean": 0.0133697735146,
        "dmean2": 0.0225961767137,
        "dvar": 0.00027109059738,
        "dvar2": 0.000740751915146,
        "max": 0.499885618687,
        "mean": 0.477174520493,
        "median": 0.480823874474,
        "min": 0.277559667826,
        "var": 0.000317371072015
    },
    "dynamic_complexity": 2.84608912468,
    "erbbands_kurtosis": {
        "dmean": 0.456693202257,
        "dmean2": 0.730995774269,
        "dvar": 0.303732067347,
        "dvar2": 0.692783594131,
        "max": 8.83538913727,
        "mean": -0.467071086168,
        "median": -0.70706140995,
        "min": -1.7259619236,
        "var": 1.1366673708
    },
    "erbbands_skewness": {
        "dmean": 0.298328667879,
        "dmean2": 0.480036765337,
        "dvar": 0.0778637528419,
        "dvar2": 0.178313374519,
        "max": 2.80646824837,
        "mean": 0.194378629327,
        "median": 0.199358701706,
        "min": -1.48786795139,
        "var": 0.330301940441
    },
    "erbbands_spread": {
        "dmean": 7.72837781906,
        "dmean2": 11.7955169678,
        "dvar": 59.8458251953,
        "dvar2": 137.714233398,
        "max": 126.23046875,
        "mean": 47.6649169922,
        "median": 44.3282394409,
        "min": 18.1483535767,
        "var": 272.603240967
    },
    "hfc": {
        "dmean": 5.74193954468,
        "dmean2": 8.87087631226,
        "dvar": 72.2602386475,
        "dvar2": 174.947845459,
        "max": 89.891456604,
        "mean": 24.3202209473,
        "median": 24.1201457977,
        "min": 1.11334553218e-16,
        "var": 272.525177002
    },
    "melbands_kurtosis": {
        "dmean": 8.15581512451,
        "dmean2": 13.902545929,
        "dvar": 281.20980835,
        "dvar2": 780.037963867,
        "max": 208.286300659,
        "mean": 13.2589645386,
        "median": 8.50358867645,
        "min": -1.37493932247,
        "var": 264.48526001
    },
    "melbands_skewness": {
        "dmean": 0.781907737255,
        "dmean2": 1.27875137329,
        "dvar": 0.991094410419,
        "dvar2": 2.51612043381,
        "max": 9.27478981018,
        "mean": 2.83342814445,
        "median": 2.54047632217,
        "min": -0.116219975054,
        "var": 1.69319903851
    },
    "melbands_spread": {
        "dmean": 6.98256826401,
        "dmean2": 11.3589401245,
        "dvar": 81.8226852417,
        "dvar2": 181.779968262,
        "max": 157.078414917,
        "mean": 23.6384162903,
        "median": 22.1830368042,
        "min": 0.925244569778,
        "var": 225.329467773
    },
    "pitch_salience": {
        "dmean": 0.0857663303614,
        "dmean2": 0.143362775445,
        "dvar": 0.00832454580814,
        "dvar2": 0.0208618976176,
        "max": 0.924774765968,
        "mean": 0.597881138325,
        "median": 0.614860534668,
        "min": 0.124455481768,
        "var": 0.0124162593856
    },
    "silence_rate_20dB": {
        "dmean": 0,
        "dmean2": 0,
        "dvar": 0,
        "dvar2": 0,
        "max": 1,
        "mean": 1,
        "median": 1,
        "min": 1,
        "var": 0
    },
    "silence_rate_30dB": {
        "dmean": 0,
        "dmean2": 0,
        "dvar": 0,
        "dvar2": 0,
        "max": 1,
        "mean": 1,
        "median": 1,
        "min": 1,
        "var": 0
    },
    "silence_rate_60dB": {
        "dmean": 0.00301659130491,
        "dmean2": 0.00604229606688,
        "dvar": 0.00300750904717,
        "dvar2": 0.00600575702265,
        "max": 1,
        "mean": 0.0602409653366,
        "median": 0,
        "min": 0,
        "var": 0.0566126592457
    },
    "spectral_centroid": {
        "dmean": 279.203765869,
        "dmean2": 427.705718994,
        "dvar": 237744.140625,
        "dvar2": 285285.8125,
        "max": 11424.0712891,
        "mean": 1382.87731934,
        "median": 1336.76806641,
        "min": 287.759307861,
        "var": 532585.625
    },
    "spectral_complexity": {
        "dmean": 3.95776772499,
        "dmean2": 6.49546813965,
        "dvar": 17.2923374176,
        "dvar2": 39.2016067505,
        "max": 56,
        "mean": 24.3509044647,
        "median": 26,
        "min": 0,
        "var": 108.312416077
    },
    "spectral_crest": {
        "dmean": 2.75501132011,
        "dmean2": 4.59065294266,
        "dvar": 9.98793506622,
        "dvar2": 25.1789531708,
        "max": 24.4221096039,
        "mean": 8.75366973877,
        "median": 7.80831241608,
        "min": 3.26760554314,
        "var": 14.7597360611
    },
    "spectral_decrease": {
        "dmean": 3.28302185437e-09,
        "dmean2": 5.41050049208e-09,
        "dvar": 2.23330824455e-17,
        "dvar2": 5.57780989585e-17,
        "max": -1.08528176097e-29,
        "mean": -8.09810352109e-09,
        "median": -7.70549224427e-09,
        "min": -3.07663903243e-08,
        "var": 3.00897337205e-17
    },
    "spectral_energy": {
        "dmean": 0.0127189978957,
        "dmean2": 0.0208492632955,
        "dvar": 0.000330927723553,
        "dvar2": 0.000827366835438,
        "max": 0.118940867484,
        "mean": 0.0327700339258,
        "median": 0.0315146781504,
        "min": 1.01393230703e-20,
        "var": 0.000467483972898
    },
    "spectral_energyband_high": {
        "dmean": 0.000441930111265,
        "dmean2": 0.000670297071338,
        "dvar": 5.7608554016e-07,
        "dvar2": 1.28305373437e-06,
        "max": 0.00898590963334,
        "mean": 0.00121420656797,
        "median": 0.000784276635386,
        "min": 7.37277550637e-21,
        "var": 1.97080157704e-06
    },
    "spectral_energyband_low": {
        "dmean": 0.00717603089288,
        "dmean2": 0.0122045092285,
        "dvar": 0.000221225200221,
        "dvar2": 0.000559302978218,
        "max": 0.0985955223441,
        "mean": 0.0101237604395,
        "median": 0.00605951994658,
        "min": 3.35469600159e-23,
        "var": 0.000195027139853
    },
    "spectral_energyband_middle_high": {
        "dmean": 0.00151670072228,
        "dmean2": 0.00252242200077,
        "dvar": 3.80231404051e-06,
        "dvar2": 9.94464699033e-06,
        "max": 0.0248648747802,
        "mean": 0.00544542912394,
        "median": 0.00461004534736,
        "min": 1.37040239928e-21,
        "var": 1.7502992705e-05
    },
    "spectral_energyband_middle_low": {
        "dmean": 0.00741697847843,
        "dmean2": 0.0122279115021,
        "dvar": 0.000164093522471,
        "dvar2": 0.000416857452365,
        "max": 0.0953409448266,
        "mean": 0.0175006892532,
        "median": 0.0152122620493,
        "min": 3.16889590813e-22,
        "var": 0.000212612823816
    },
    "spectral_flatness_db": {
        "dmean": 0.022355183959,
        "dmean2": 0.0358325466514,
        "dvar": 0.000597120611928,
        "dvar2": 0.00154991203453,
        "max": 0.318967044353,
        "mean": 0.11387424916,
        "median": 0.108686566353,
        "min": 0.0379705168307,
        "var": 0.00162442680448
    },
    "spectral_flux": {
        "dmean": 0.0329169370234,
        "dmean2": 0.0519864112139,
        "dvar": 0.00150470528752,
        "dvar2": 0.00313415727578,
        "max": 0.266530573368,
        "mean": 0.0966549962759,
        "median": 0.0890362560749,
        "min": 1.00694202976e-10,
        "var": 0.00298792007379
    },
    "spectral_kurtosis": {
        "dmean": 1.01364934444,
        "dmean2": 1.69104135036,
        "dvar": 1.27324473858,
        "dvar2": 3.74706101418,
        "max": 14.3276462555,
        "mean": 3.25932765007,
        "median": 2.96042609215,
        "min": -1.20098555088,
        "var": 3.20310783386
    },
    "spectral_rms": {
        "dmean": 0.00098084739875,
        "dmean2": 0.00154965103138,
        "dvar": 1.5649695797e-06,
        "dvar2": 3.77450510314e-06,
        "max": 0.0107721798122,
        "mean": 0.00527239171788,
        "median": 0.00554491020739,
        "min": 3.14515861272e-12,
        "var": 4.17264482167e-06
    },
    "spectral_rolloff": {
        "dmean": 553.691833496,
        "dmean2": 939.784057617,
        "dvar": 1352785.375,
        "dvar2": 2608615.75,
        "max": 19143.0175781,
        "mean": 1589.5982666,
        "median": 1205.859375,
        "min": 86.1328125,
        "var": 3697347
    },
    "spectral_skewness": {
        "dmean": 0.164876043797,
        "dmean2": 0.261686444283,
        "dvar": 0.0321687459946,
        "dvar2": 0.0828452780843,
        "max": 2.92502188683,
        "mean": 1.3425283432,
        "median": 1.29048538208,
        "min": -0.0572925694287,
        "var": 0.0887975543737
    },
    "spectral_spread": {
        "dmean": 519094.4375,
        "dmean2": 669390,
        "dvar": 3.05153939866e+12,
        "dvar2": 2.8203310121e+12,
        "max": 40629544,
        "mean": 4775937,
        "median": 4197892,
        "min": 2184700.75,
        "var": 5.81114318029e+12
    },
    "spectral_strongpeak": {
        "dmean": 0.441943138838,
        "dmean2": 0.765225708485,
        "dvar": 0.406186103821,
        "dvar2": 0.986501991749,
        "max": 6.49341058731,
        "mean": 0.734821081161,
        "median": 0.47791442275,
        "min": 0,
        "var": 0.656493782997
    },
    "zerocrossingrate": {
        "dmean": 0.0101640569046,
        "dmean2": 0.0134505992755,
        "dvar": 0.000600516214035,
        "dvar2": 0.0011330061825,
        "max": 0.53125,
        "mean": 0.0635375976562,
        "median": 0.056640625,
        "min": 0.0107421875,
        "var": 0.00212702713907
    },
    "barkbands": {
        "dmean": [0.000133710054797, 0.00548617355525, 0.00178041681647, 0.00258022057824, 0.0038085966371, 0.00110819877591, 0.00155688973609, 0.00073881476419, 0.000753402418923, 0.000574133940972, 0.000262340414338, 0.000242962269112, 0.000273613026366, 0.000241132394876, 0.000294993602438, 0.000374847848434, 0.000286647293251, 0.00021309411386, 0.000138014220283, 0.000225139447139, 0.000117432849947, 7.22864351701e-05, 8.94731783774e-05, 8.48017152748e-05, 5.71347372897e-05, 1.33019229906e-05, 8.36988419906e-07],
        "dmean2": [0.000222598842811, 0.00961453188211, 0.00308422837406, 0.00411807512864, 0.0064421328716, 0.00187246373389, 0.00254347082227, 0.00117989373393, 0.0011875879718, 0.000939101097174, 0.00044460783829, 0.000414949172409, 0.000469845312182, 0.000398060539737, 0.000481344613945, 0.000582653505262, 0.000475753156934, 0.000341321952874, 0.000231504804105, 0.000344380358001, 0.000198940586415, 0.000116200833872, 0.000138961870107, 0.000117272014904, 8.17479231046e-05, 1.86257093446e-05, 1.44410228131e-06],
        "dvar": [6.42406874363e-08, 0.000182796444278, 1.31240867631e-05, 2.57875126408e-05, 5.19438908668e-05, 3.26664689965e-06, 5.52428355149e-06, 1.56850194344e-06, 1.85340320513e-06, 1.38591576615e-06, 1.8853796746e-07, 1.52861701963e-07, 3.11749317916e-07, 1.30562710865e-07, 3.10268660542e-07, 3.96515645207e-07, 1.82895320222e-07, 1.05621644764e-07, 4.75298129743e-08, 1.94002694798e-07, 4.34629505719e-08, 1.43521354801e-08, 2.9769498866e-08, 4.62962148617e-08, 2.6360678973e-08, 1.46249135025e-09, 7.60422801116e-12],
        "dvar2": [1.62942811244e-07, 0.000479765119962, 3.42878520314e-05, 6.13316296949e-05, 0.000140230666148, 8.68658662512e-06, 1.40892143463e-05, 3.90647755921e-06, 3.67194297723e-06, 3.74211435883e-06, 5.33739182629e-07, 4.32861611444e-07, 9.4172696663e-07, 3.33303432853e-07, 7.09137225385e-07, 9.51014101247e-07, 4.24409023481e-07, 2.45393039222e-07, 1.24150517422e-07, 4.2943119638e-07, 1.15375158316e-07, 3.34342225017e-08, 7.00757070149e-08, 6.46427622542e-08, 5.51935528392e-08, 2.4277408972e-09, 2.08433149212e-11],
        "max": [0.00218756124377, 0.0928339362144, 0.0385567545891, 0.0413424745202, 0.0550931170583, 0.0161077417433, 0.0237461421639, 0.0173105653375, 0.0163587797433, 0.0212791785598, 0.00404174579307, 0.00582807371393, 0.00914783775806, 0.00325228576548, 0.00701084267348, 0.00742491846904, 0.00518891960382, 0.00368941598572, 0.00301211886108, 0.00632763141766, 0.00174647103995, 0.00108384317718, 0.00196285871789, 0.00631303805858, 0.00302404514514, 0.000797405024059, 4.39696013927e-05],
        "mean": [0.000161034753546, 0.00598198408261, 0.0026475591585, 0.00377982109785, 0.00593473669142, 0.00209615705535, 0.00269191572443, 0.00124644499738, 0.00144641438965, 0.00104776630178, 0.000371206027921, 0.000466604542453, 0.000479499838548, 0.000425438687671, 0.000486268516397, 0.000765308737755, 0.000618267455138, 0.000431532069342, 0.000291666598059, 0.000483152660308, 0.000224883973715, 0.000161637828569, 0.000182683215826, 0.000203938150662, 0.00011509230535, 2.82067903754e-05, 8.16113299607e-07],
        "median": [5.62679269933e-05, 0.00265199458227, 0.00149454502389, 0.00160497217439, 0.00388982705772, 0.00146155909169, 0.00149516074453, 0.00080669298768, 0.000572226941586, 0.000496702734381, 0.000238462991547, 0.00031992525328, 0.000274783873465, 0.000261711626081, 0.00023357567261, 0.000269314419711, 0.000269617827144, 0.00023722104379, 0.000239537941525, 0.000264200323727, 0.000140560645377, 8.69468203746e-05, 6.94699483574e-05, 7.63399511925e-05, 4.15187787439e-05, 8.66644586495e-06, 6.47942641763e-08],
        "min": [1.42436362171e-23, 2.08985879037e-24, 8.19128157091e-24, 1.55034612822e-23, 4.02495324743e-23, 2.55807333615e-23, 7.75266496796e-23, 6.35915858719e-23, 2.06776252031e-23, 2.69967386864e-23, 2.82496896176e-23, 4.14421039919e-23, 6.81404544631e-23, 4.80563334952e-23, 1.34669726792e-22, 8.45356283354e-23, 1.78612447278e-22, 2.26331741529e-22, 3.59299232705e-22, 3.07259101151e-22, 2.67406302603e-22, 5.16725955782e-22, 5.69886749448e-22, 7.9826988274e-22, 1.13731568599e-21, 1.54306787032e-21, 2.18685813859e-21],
        "var": [6.77101894553e-08, 0.000138382325531, 1.74496217369e-05, 3.38393510901e-05, 5.14375242346e-05, 4.72313195132e-06, 1.15574057418e-05, 2.38815528064e-06, 5.69348094359e-06, 4.49062417829e-06, 2.32256454069e-07, 2.91782811246e-07, 8.23797051908e-07, 2.59613386788e-07, 5.91697812524e-07, 1.31559431793e-06, 6.452567618e-07, 3.20535065157e-07, 7.38442338388e-08, 4.10854312349e-07, 7.17600343592e-08, 3.43474972908e-08, 6.76067415384e-08, 2.4722291414e-07, 7.23890138943e-08, 4.88289986222e-09, 7.7311872182e-12]
    },
    "erbbands": {
        "dmean": [0.129760816693, 1.3685939312, 2.30543994904, 4.58923006058, 14.3140611649, 11.391201973, 7.45163583755, 9.90654468536, 23.1190090179, 17.1691398621, 13.2280311584, 20.1013259888, 15.3504886627, 17.3726787567, 8.5871591568, 10.2853498459, 11.0593652725, 12.4981956482, 12.8872737885, 14.9897012711, 19.5112838745, 14.3046531677, 11.8430700302, 6.5118227005, 7.18066501617, 10.9010887146, 6.82757472992, 3.05719423294, 2.59227752686, 2.41460704803, 2.64845442772, 1.99021983147, 1.3935918808, 0.822317004204, 0.322693318129, 0.0834516212344, 0.020432587713, 0.00320430495776, 7.94656079961e-05, 1.58167276822e-05],
        "dmean2": [0.218137919903, 2.42168021202, 4.02786254883, 7.54354095459, 23.1245937347, 19.830121994, 12.7791595459, 16.7346324921, 37.030620575, 28.5193634033, 21.6152648926, 31.0029525757, 24.2390136719, 28.3196372986, 14.8032875061, 17.6802406311, 18.7837791443, 20.9291725159, 20.9257354736, 22.986366272, 30.0640983582, 23.7572460175, 18.9755172729, 10.881403923, 11.4254999161, 16.6713237762, 11.1191310883, 5.05344057083, 4.22267580032, 3.71134877205, 4.22647714615, 3.18947267532, 1.84921050072, 1.23657500744, 0.47682723403, 0.123485833406, 0.0298633109778, 0.00497858040035, 0.000124600075651, 2.52404879575e-05],
        "dvar": [0.0922889113426, 11.6046447754, 24.9323215485, 65.6324386597, 879.338317871, 509.927001953, 140.401153564, 280.904632568, 1193.12902832, 747.691101074, 613.065307617, 1347.77148438, 822.746398926, 1367.1895752, 244.023666382, 221.451187134, 435.750152588, 398.441558838, 437.856231689, 920.183898926, 1263.06347656, 463.28213501, 350.915710449, 70.0394134521, 156.12461853, 603.541564941, 165.796127319, 29.9960231781, 21.6352920532, 17.3422889709, 25.4577846527, 19.9993495941, 14.1061878204, 5.07776260376, 0.950167059898, 0.0551376231015, 0.00405204156414, 9.88591345958e-05, 6.66659190074e-08, 4.90242624274e-10],
        "dvar2": [0.233686283231, 31.4605236053, 66.5445709229, 166.803070068, 2203.97998047, 1415.4564209, 409.154266357, 722.760986328, 3072.67041016, 1910.33081055, 1531.54931641, 2589.4309082, 2059.11230469, 3724.31787109, 660.992553711, 623.676879883, 1145.1505127, 1071.60217285, 1043.07446289, 2111.92016602, 2939.29418945, 1086.07897949, 787.559143066, 187.109298706, 390.740692139, 1405.06677246, 407.613433838, 73.9379501343, 53.7233581543, 37.1473121643, 60.6434745789, 42.3360977173, 16.8810539246, 11.2345046997, 1.89117360115, 0.0933559313416, 0.00720765441656, 0.000229190758546, 1.63364816785e-07, 1.21076038084e-09],
        "max": [1.9787555933, 23.209695816, 36.6644821167, 65.1889648438, 228.740859985, 244.956237793, 110.718917847, 150.576507568, 421.686950684, 302.263061523, 295.332855225, 481.214019775, 561.893615723, 788.808410645, 245.923675537, 188.008789062, 437.263549805, 196.930297852, 305.08026123, 474.717346191, 455.318359375, 312.646453857, 262.660308838, 92.2041931152, 184.030822754, 415.052246094, 142.768447876, 79.4120941162, 46.7329177856, 38.2503700256, 57.3988990784, 87.6361160278, 111.789505005, 39.1195831299, 18.5157527924, 4.61494398117, 1.13418126106, 0.161263152957, 0.00448595173657, 0.000217180902837],
        "mean": [0.143822640181, 1.42895209789, 3.17639112473, 7.62009048462, 18.9605636597, 18.9555587769, 15.7221975327, 17.8168869019, 40.6138916016, 31.8873710632, 24.8543510437, 38.2593154907, 27.0244789124, 31.6927070618, 14.673833847, 20.5514774323, 21.9904346466, 22.9151515961, 23.4591159821, 29.9710941315, 44.5904312134, 35.3302459717, 27.1692371368, 15.9584798813, 15.5730876923, 23.2871570587, 14.2123336792, 6.76297235489, 5.75976085663, 5.52201509476, 5.24526119232, 4.33766651154, 3.21002745628, 1.67517352104, 0.63600730896, 0.179326087236, 0.0419286191463, 0.00498885288835, 0.000137941475259, 4.53023603768e-05],
        "median": [0.0649388432503, 0.598856031895, 1.65318155289, 4.37903785706, 8.93797874451, 11.6000289917, 9.40979576111, 12.6058082581, 21.5809860229, 19.0413360596, 17.2282295227, 14.7000026703, 17.2387237549, 13.2771453857, 10.9466629028, 13.8948249817, 13.8282804489, 13.2483139038, 15.3439941406, 13.2088813782, 16.9992790222, 15.4238958359, 14.2378768921, 13.3273744583, 11.7228031158, 12.7332553864, 8.04317474365, 4.48976755142, 3.14756917953, 2.18437552452, 2.15166854858, 1.81730139256, 1.0730111599, 0.583874762058, 0.223270624876, 0.0630057305098, 0.0112192891538, 0.0009967146907, 4.7574427299e-05, 4.24024619861e-05],
        "min": [9.62017577857e-23, 6.44848073951e-22, 9.90095530562e-21, 3.38134987735e-20, 9.6502535025e-20, 1.18797443602e-19, 1.36363748358e-19, 3.40490597786e-19, 1.23877606938e-18, 8.89224431771e-19, 9.32264913789e-19, 4.75400602068e-19, 9.98194310537e-19, 1.09847858608e-18, 1.24365529763e-18, 1.61451262628e-18, 2.65801068838e-18, 3.05453046836e-18, 5.56679565513e-18, 5.55360791462e-18, 6.51933218079e-18, 9.9212878122e-18, 1.05545210409e-17, 1.30862156663e-17, 1.96778938906e-17, 1.53075281376e-17, 1.31146309747e-17, 1.12419536249e-17, 1.68112581188e-17, 1.63072784782e-17, 1.69841752628e-17, 1.59241730863e-17, 1.47621332181e-17, 1.23663915167e-17, 8.41452042379e-18, 4.94498951301e-18, 2.97317684153e-18, 1.11867151239e-18, 2.5575747286e-19, 3.43361476736e-20],
        "var": [0.0760901495814, 8.26476287842, 24.9386997223, 85.5827941895, 921.757263184, 569.430053711, 276.553588867, 395.26449585, 2242.72387695, 1694.28063965, 921.905700684, 4050.95605469, 1310.03527832, 5067.14941406, 275.225982666, 533.56237793, 1396.07299805, 833.309204102, 745.23223877, 2273.95996094, 4692.61914062, 2094.60424805, 1261.68835449, 162.743255615, 268.837005615, 1066.17626953, 372.536834717, 55.105178833, 44.2343025208, 51.4925994873, 54.0495033264, 67.1177444458, 81.6942138672, 14.5381832123, 2.75588274002, 0.188227474689, 0.0115781938657, 0.000181577386684, 1.07126993498e-07, 9.82378178804e-10]
    },
    "gfcc": {
        "mean": [12.3671827316, 96.7903823853, -116.247894287, 43.6476211548, -63.2623939514, 13.2307157516, -43.1583137512, 12.3102121353, -24.1327114105, 1.6377363205, -15.1687746048, -3.01528453827, -8.64505672455],
        "cov": [[19990.8515625, -200.639755249, -1275.13928223, 384.835906982, -1003.046875, 287.024475098, -707.667114258, 211.927581787, -311.483123779, 181.714538574, -295.854766846, -147.426040649, -259.902160645], [-200.639755249, 733.024291992, -243.43572998, 70.2194900513, 148.287796021, -72.6723022461, 112.960159302, -33.8129081726, 50.3979072571, -49.8291282654, 85.1183242798, -16.2061691284, 90.8970947266], [-1275.13928223, -243.43572998, 489.779846191, -38.5593109131, 35.0557556152, 71.4039459229, 0.708617627621, -26.8955440521, -24.3252506256, 22.8081359863, 5.47098064423, 51.4612922668, -43.8862724304], [384.835906982, 70.2194900513, -38.5593109131, 148.634490967, 23.5549106598, 9.77868366241, -5.23737001419, 12.0102138519, 41.8999938965, -3.21789503098, 26.7436580658, 14.0462141037, 30.2694168091], [-1003.046875, 148.287796021, 35.0557556152, 23.5549106598, 210.965362549, -23.9218273163, 77.4423522949, 9.72659301758, 56.2688522339, -2.64208602905, 41.6766548157, 26.9546947479, 44.4538002014], [287.024475098, -72.6723022461, 71.4039459229, 9.77868366241, -23.9218273163, 108.574897766, 19.9079780579, -4.53246831894, -18.5483188629, 1.39332711697, -3.55695557594, 0.401384621859, -27.0593090057], [-707.667114258, 112.960159302, 0.708617627621, -5.23737001419, 77.4423522949, 19.9079780579, 139.686019897, -0.874048948288, 19.5473442078, -8.62393093109, 31.100063324, -8.72658920288, 10.3520498276], [211.927581787, -33.8129081726, -26.8955440521, 12.0102138519, 9.72659301758, -4.53246831894, -0.874048948288, 91.421585083, 42.7847137451, 25.6415214539, -0.253195405006, 12.1669874191, 14.0227050781], [-311.483123779, 50.3979072571, -24.3252506256, 41.8999938965, 56.2688522339, -18.5483188629, 19.5473442078, 42.7847137451, 105.162788391, 25.1738815308, 37.7843856812, 21.3102817535, 35.3726959229], [181.714538574, -49.8291282654, 22.8081359863, -3.21789503098, -2.64208602905, 1.39332711697, -8.62393093109, 25.6415214539, 25.1738815308, 72.9199829102, 23.9716243744, 16.1347885132, -4.26883840561], [-295.854766846, 85.1183242798, 5.47098064423, 26.7436580658, 41.6766548157, -3.55695557594, 31.100063324, -0.253195405006, 37.7843856812, 23.9716243744, 80.6527404785, 28.2394180298, 27.1871986389], [-147.426040649, -16.2061691284, 51.4612922668, 14.0462141037, 26.9546947479, 0.401384621859, -8.72658920288, 12.1669874191, 21.3102817535, 16.1347885132, 28.2394180298, 71.101600647, 20.8334579468], [-259.902160645, 90.8970947266, -43.8862724304, 30.2694168091, 44.4538002014, -27.0593090057, 10.3520498276, 14.0227050781, 35.3726959229, -4.26883840561, 27.1871986389, 20.8334579468, 73.1300506592]],
        "icov": [[0.000162768206792, -0.000184712174814, 0.000463257281808, -0.000475248118164, 0.000286450551357, -0.000652304734103, 0.000640965183266, -0.000426899758168, 0.000579150510021, -0.000690470042173, 0.000334544223733, -0.000185660959687, 0.000466497702291], [-0.000184712174814, 0.003062044736, 0.000668519467581, -9.27152541408e-06, -0.0015155117726, 0.00159421155695, -0.00183255469892, 0.00161996646784, -0.000286214373773, 0.002131764777, -0.00270441081375, 0.00104954489507, -0.00162821775302], [0.000463257281808, 0.000668519467581, 0.00477643031627, -0.000789651414379, -0.000868504750542, -0.00335933221504, 0.00190053216647, 0.000248278374784, 0.00196982128546, -0.00209207832813, 0.00025393665419, -0.00261345575564, 0.0025522087235], [-0.000475248118164, -9.27152541408e-06, -0.000789651414379, 0.0105241732672, -0.00125205179211, -0.0012697550701, 0.000698158459272, 0.00116492516827, -0.00493435934186, 0.00389918731526, -0.00284682330675, 0.000477394991321, -0.0030017173849], [0.000286450551357, -0.0015155117726, -0.000868504750542, -0.00125205179211, 0.00928050745279, 0.000997712486424, -0.0029133008793, -0.00082892132923, -0.00162974256091, -0.00079621875193, 0.00164121226408, -0.00230042077601, -0.0010150502203], [-0.000652304734103, 0.00159421155695, -0.00335933221504, -0.0012697550701, 0.000997712486424, 0.0160418711603, -0.00694663403556, 0.00100881617982, -0.000330285984091, 0.00304146506824, -0.00171577325091, -0.000101253957837, 0.00133296952117], [0.000640965183266, -0.00183255469892, 0.00190053216647, 0.000698158459272, -0.0029133008793, -0.00694663403556, 0.0149359330535, -0.00290277507156, 0.00143707951065, -0.000603200343903, -0.00307852867991, 0.0030388077721, 0.00259864889085], [-0.000426899758168, 0.00161996646784, 0.000248278374784, 0.00116492516827, -0.00082892132923, 0.00100881617982, -0.00290277507156, 0.0178730022162, -0.00785603560507, -0.00308343092911, 0.004337283317, -0.00166884786449, -0.0035200829152], [0.000579150510021, -0.000286214373773, 0.00196982128546, -0.00493435934186, -0.00162974256091, -0.000330285984091, 0.00143707951065, -0.00785603560507, 0.0204780362546, -0.00556295691058, -0.00323964934796, -0.000444351084298, -0.00108891539276], [-0.000690470042173, 0.002131764777, -0.00209207832813, 0.00389918731526, -0.00079621875193, 0.00304146506824, -0.000603200343903, -0.00308343092911, -0.00556295691058, 0.0241173841059, -0.0105872601271, 0.000270518823527, 0.00227052858099], [0.000334544223733, -0.00270441081375, 0.00025393665419, -0.00284682330675, 0.00164121226408, -0.00171577325091, -0.00307852867991, 0.004337283317, -0.00323964934796, -0.0105872601271, 0.0258421041071, -0.00737442122772, -0.00270462199114], [-0.000185660959687, 0.00104954489507, -0.00261345575564, 0.000477394991321, -0.00230042077601, -0.000101253957837, 0.0030388077721, -0.00166884786449, -0.000444351084298, 0.000270518823527, -0.00737442122772, 0.0219343435019, -0.00575603032485], [0.000466497702291, -0.00162821775302, 0.0025522087235, -0.0030017173849, -0.0010150502203, 0.00133296952117, 0.00259864889085, -0.0035200829152, -0.00108891539276, 0.00227052858099, -0.00270462199114, -0.00575603032485, 0.0248519256711]]
    },
    "melbands": {
        "dmean": [0.00136490131263, 0.00144346326124, 0.001140155131, 0.000952739326749, 0.000295362202451, 0.000231863959925, 0.000349711859599, 0.000182391086128, 0.000110405657324, 0.00012489623623, 7.96084277681e-05, 7.2980990808e-05, 3.08151065838e-05, 2.61428376689e-05, 2.52682875725e-05, 2.77842736978e-05, 2.44872935582e-05, 2.15551372094e-05, 2.15681120608e-05, 2.25103303819e-05, 2.49132754107e-05, 1.63756230904e-05, 1.58165839821e-05, 8.44876558403e-06, 5.60484340895e-06, 5.71254895476e-06, 6.63448372507e-06, 8.23072787171e-06, 5.53419249627e-06, 2.84671045847e-06, 1.73383409674e-06, 1.60850504471e-06, 1.53046744344e-06, 1.49083109591e-06, 1.71858641806e-06, 1.44914588418e-06, 1.30474040816e-06, 1.10822895749e-06, 8.20440561711e-07, 7.35805031127e-07],
        "dmean2": [0.00234374613501, 0.00253353756852, 0.00182846246753, 0.0015727346763, 0.000512330560014, 0.000391023699194, 0.000563251669519, 0.000303996988805, 0.000178712172783, 0.000193748317542, 0.00012326023716, 0.000120829645311, 5.23292765138e-05, 4.51842061011e-05, 4.32815068052e-05, 4.7633307986e-05, 4.07617590099e-05, 3.51429225702e-05, 3.36821540259e-05, 3.53655159415e-05, 3.90424793295e-05, 2.6760973924e-05, 2.59799944615e-05, 1.36674107125e-05, 9.50475350692e-06, 9.59602402872e-06, 1.03308047983e-05, 1.2797184354e-05, 8.88282556843e-06, 4.79818163512e-06, 2.87753800876e-06, 2.68440339823e-06, 2.37256995206e-06, 2.30167415793e-06, 2.7221315122e-06, 2.42734699896e-06, 2.05452556656e-06, 1.57651743393e-06, 1.2497030184e-06, 1.14144665986e-06],
        "dvar": [1.0877679415e-05, 1.05329145299e-05, 4.77767480334e-06, 3.34757237397e-06, 2.34328481952e-07, 1.54487395321e-07, 2.61315506123e-07, 8.57332480564e-08, 4.22189785354e-08, 5.28627062124e-08, 2.40167050691e-08, 2.52834890802e-08, 2.76007372513e-09, 1.83075765658e-09, 1.24799492962e-09, 4.38209646347e-09, 1.49043721809e-09, 1.27816524031e-09, 1.9267998308e-09, 1.65089120152e-09, 2.26961360816e-09, 6.49559850352e-10, 5.69218283619e-10, 1.6172642392e-10, 4.99233744622e-11, 8.92077869907e-11, 1.48256490418e-10, 3.5761815731e-10, 1.43164591293e-10, 2.76772094826e-11, 8.66247004683e-12, 7.82997104654e-12, 6.22905936901e-12, 6.88905009427e-12, 1.00631456293e-11, 9.09971750729e-12, 1.07913339722e-11, 1.06488472554e-11, 4.207603016e-12, 4.61506353966e-12],
        "dvar2": [2.80261610897e-05, 2.82797027467e-05, 1.1747059034e-05, 8.89308739715e-06, 6.8292558808e-07, 4.07020223747e-07, 6.71504608363e-07, 2.16978591538e-07, 1.02932375512e-07, 1.02712540695e-07, 5.75214116338e-08, 6.95494648539e-08, 7.50896322899e-09, 5.03670660734e-09, 3.41439077012e-09, 1.28159731716e-08, 3.92773502611e-09, 3.14320169892e-09, 4.54017134999e-09, 4.13679490663e-09, 5.29352028877e-09, 1.56415469466e-09, 1.38912026326e-09, 3.72276043326e-10, 1.34112207451e-10, 2.29114033301e-10, 3.3489958029e-10, 8.21210321966e-10, 3.43855277585e-10, 7.23352072685e-11, 2.15127447106e-11, 2.02350584205e-11, 1.47744819851e-11, 1.58264009537e-11, 2.39565468158e-11, 2.36489612615e-11, 2.24987979636e-11, 1.31590138092e-11, 9.10538745097e-12, 1.05571688544e-11],
        "max": [0.0221997592598, 0.0181413069367, 0.0170616749674, 0.0141133777797, 0.0044838283211, 0.00363905820996, 0.0056254947558, 0.00310156797059, 0.00283580971882, 0.00322940666229, 0.00305265025236, 0.00332532939501, 0.00063289742684, 0.00073780445382, 0.000478686910355, 0.00114364130422, 0.000355859985575, 0.000489014782943, 0.000549439049792, 0.000553328427486, 0.000713852758054, 0.000355145573849, 0.000228510863963, 0.000183836076758, 7.37800583011e-05, 0.000126869199448, 0.000205861579161, 0.00030247864197, 0.000144343794091, 7.09193700459e-05, 4.38786373707e-05, 2.75906459137e-05, 2.4108130674e-05, 2.48232099693e-05, 3.22164924e-05, 3.6516245018e-05, 7.82170536695e-05, 9.3936745543e-05, 4.33050408901e-05, 3.66524145647e-05],
        "mean": [0.00151132384781, 0.00179796211887, 0.00175165664405, 0.00141072750557, 0.000603586842772, 0.000411578075727, 0.000619238300715, 0.000330275128363, 0.000204483381822, 0.000231171303312, 0.000130350017571, 0.000132748056785, 4.64139702672e-05, 5.1621831517e-05, 4.95482308907e-05, 4.849846664e-05, 4.18547242589e-05, 3.69105000573e-05, 3.53061986971e-05, 4.54356886621e-05, 5.24515671714e-05, 3.58565703209e-05, 3.2755335269e-05, 1.76631601789e-05, 1.22850406115e-05, 1.1149420061e-05, 1.23093759612e-05, 1.65185483638e-05, 1.05379967863e-05, 5.19609147887e-06, 3.44172963196e-06, 3.37462461175e-06, 2.94727556138e-06, 3.11843996315e-06, 3.21437755701e-06, 2.52650625043e-06, 2.71024100584e-06, 2.46748891186e-06, 1.66527536294e-06, 1.33001992708e-06],
        "median": [0.000708451028913, 0.000833616941236, 0.000981777324341, 0.000815671053715, 0.000402383418987, 0.000280774140265, 0.000324951746734, 0.000200449780095, 0.000127820821945, 8.44427268021e-05, 7.79007968958e-05, 5.21812908119e-05, 3.29941904056e-05, 3.57305762009e-05, 3.46876258845e-05, 2.50679986493e-05, 2.36710948229e-05, 2.27649397857e-05, 1.62363448908e-05, 1.65301808011e-05, 1.95708271349e-05, 1.54550580191e-05, 1.2920172594e-05, 1.05464332592e-05, 1.05631515908e-05, 8.89143939276e-06, 7.92588434706e-06, 8.23488699098e-06, 5.23808876096e-06, 3.10985410579e-06, 2.18230570681e-06, 1.91390063264e-06, 1.42684996263e-06, 1.06009406409e-06, 1.37248230203e-06, 9.8966393125e-07, 1.0678787703e-06, 8.07687001725e-07, 5.31509840584e-07, 4.63698313524e-07],
        "min": [1.43675700124e-24, 3.61109520177e-24, 7.36890827671e-24, 7.9994298099e-24, 5.47710504673e-24, 7.25971493907e-24, 1.70164270787e-23, 1.17341245272e-23, 7.45967934563e-24, 3.07713872363e-24, 5.04072652105e-24, 4.33842929511e-24, 3.76401549381e-24, 5.33328110978e-24, 3.31028755025e-24, 8.48161946049e-24, 4.679181313e-24, 8.45539851286e-24, 8.92362848088e-24, 5.50505754405e-24, 7.69961217882e-24, 1.06213163135e-23, 8.82687153541e-24, 1.14614721102e-23, 9.66647355178e-24, 1.63488866698e-23, 1.03993434765e-23, 1.03443630269e-23, 6.90637467329e-24, 8.41679166016e-24, 5.48029165036e-24, 9.31950964869e-24, 9.33491215787e-24, 8.28821916552e-24, 9.62259868595e-24, 9.32496698844e-24, 1.01332480714e-23, 9.80964391747e-24, 1.10726323148e-23, 9.38082228483e-24],
        "var": [8.58650037117e-06, 8.68037932378e-06, 5.76005504627e-06, 3.47341801898e-06, 3.60828465773e-07, 2.21891596652e-07, 5.21279957866e-07, 1.76927585471e-07, 7.48124406869e-08, 1.52543975673e-07, 3.7616754156e-08, 9.87356116866e-08, 3.08917980085e-09, 3.20808291043e-09, 3.05407676926e-09, 1.14881526514e-08, 2.88397816739e-09, 1.97515248601e-09, 3.31250227248e-09, 4.53688331348e-09, 7.79121123173e-09, 2.5706008433e-09, 1.74043268686e-09, 5.35743061025e-10, 9.81219203111e-11, 1.32850092038e-10, 2.46022285877e-10, 6.39982677964e-10, 3.05669572986e-10, 4.20215737207e-11, 1.55454173839e-11, 1.50059062398e-11, 1.40265594278e-11, 1.89601754436e-11, 2.09911827503e-11, 1.49382572284e-11, 3.68590054312e-11, 5.83151166245e-11, 1.42648653306e-11, 1.01077046039e-11]
    },
    "mfcc": {
