{
"metadata": {
    "version": {
        "essentia": "2.0.1",
        "extractor": "archive-music 1.0"
    },
    "audio_properties": {
        "analysis_sample_rate": 44100,
        "bitrate": 128,
        "channels": 2,
        "equal_loudness": 0,
        "length": 15.3077554703,
        "replay_gain": -12.4380989075,
        "downmix": "mix"
    },
    "tags": {
        "track": 2,
        "year": 0,
        "album": "Songs From The Attic Window",
        "artist": "Oceansea",
        "comment": "",
        "genre": "Other",
        "title": "Poetry For The Moon"
    }
},
"highlevel": {
    "culture": {
        "all": {
            "non_western": 0.00268530799076,
            "western": 0.997314691544
        },
        "probability": 0.997314691544,
        "value": "western"
    },
    "danceability": {
        "all": {
            "danceable": 0.0890961363912,
            "not_danceable": 0.910903871059
        },
        "probability": 0.910903871059,
        "value": "not_danceable"
    },
    "gender": {
        "all": {
            "female": 0.139819696546,
            "male": 0.860180318356
        },
        "probability": 0.860180318356,
        "value": "male"
    },
    "genre_dortmund": {
        "all": {
            "alternative": 0.0714165568352,
            "blues": 0.0384894534945,
            "electronic": 0.00687968917191,
            "folkcountry": 0.400044709444,
            "funksoulrnb": 0.0153813837096,
            "jazz": 0.295794457197,
            "pop": 0.109162122011,
            "raphiphop": 0.0176172144711,
            "rock": 0.0452143847942
        },
        "probability": 0.400044709444,
        "value": "folkcountry"
    },
    "genre_electronic": {
        "all": {
            "ambient": 0.934350848198,
            "dnb": 0.00615416839719,
            "house": 0.040241535753,
            "techno": 0.0104871699587,
            "trance": 0.00876626651734
        },
        "probability": 0.934350848198,
        "value": "ambient"
    },
    "genre_rosamerica": {
        "all": {
            "cla": 0.0768743976951,
            "dan": 0.00769101222977,
            "hip": 0.0116779422387,
            "jaz": 0.531982958317,
            "pop": 0.0944978669286,
            "rhy": 0.193570673466,
            "roc": 0.0229601413012,
            "spe": 0.060745023191
        },
        "probability": 0.531982958317,
        "value": "jaz"
    },
    "genre_tzanetakis": {
        "all": {
            "blu": 0.00369911035523,
            "cla": 0.00748924538493,
            "cou": 0.00729597918689,
            "dis": 0.00382853741758,
            "hip": 0.014047681354,
            "jaz": 0.155463278294,
            "met": 0.00044296082342,
            "pop": 0.0378342792392,
            "reg": 0.0940541550517,
            "roc": 0.675844788551
        },
        "probability": 0.675844788551,
        "value": "roc"
    },
    "mirex_ballroom": {
        "all": {
            "ChaChaCha": 0.0243324358016,
            "Jive": 0.0071873110719,
            "Quickstep": 0.0726870894432,
            "Rumba-American": 0.0255181081593,
            "Rumba-International": 0.532496035099,
            "Rumba-Misc": 0.10611320287,
            "Samba": 0.0116016073152,
            "Tango": 0.00913320574909,
            "VienneseWaltz": 0.0245394147933,
            "Waltz": 0.186391592026
        },
        "probability": 0.532496035099,
        "value": "Rumba-International"
    },
    "mood_acoustic": {
        "all": {
            "acoustic": 0.992786765099,
            "not_acoustic": 0.00721323350444
        },
        "probability": 0.992786765099,
        "value": "acoustic"
    },
    "mood_aggressive": {
        "all": {
            "aggressive": 0.0836439877748,
            "not_aggressive": 0.916356027126
        },
        "probability": 0.916356027126,
        "value": "not_aggressive"
    },
    "mood_electronic": {
        "all": {
            "electronic": 0.0813547149301,
            "not_electronic": 0.918645262718
        },
        "probability": 0.918645262718,
        "value": "not_electronic"
    },
    "mood_happy": {
        "all": {
            "happy": 0.0347215496004,
            "not_happy": 0.965278446674
        },
        "probability": 0.965278446674,
        "value": "not_happy"
    },
    "mood_party": {
        "all": {
            "not_party": 0.91237539053,
            "party": 0.0876246094704
        },
        "probability": 0.91237539053,
        "value": "not_party"
    },
    "mood_relaxed": {
        "all": {
            "not_relaxed": 0.00787225645036,
            "relaxed": 0.992127716541
        },
        "probability": 0.992127716541,
        "value": "relaxed"
    },
    "mood_sad": {
        "all": {
            "not_sad": 0.0907786116004,
            "sad": 0.909221410751
        },
        "probability": 0.909221410751,
        "value": "sad"
    },
    "moods_mirex": {
        "all": {
            "Cluster1": 0.427464544773,
            "Cluster2": 0.128184363246,
            "Cluster3": 0.333081752062,
            "Cluster4": 0.076005153358,
            "Cluster5": 0.0352642014623
        },
        "probability": 0.427464544773,
        "value": "Cluster1"
    },
    "timbre": {
        "all": {
            "bright": 0.596673905849,
            "dark": 0.403326094151
        },
        "probability": 0.596673905849,
        "value": "bright"
    },
    "tonal_atonal": {
        "all": {
            "atonal": 0.341835200787,
            "tonal": 0.658164799213
        },
        "probability": 0.658164799213,
        "value": "tonal"
    },
    "voice_instrumental": {
        "all": {
            "instrumental": 0.142561465502,
            "voice": 0.857438504696
        },
        "probability": 0.857438504696,
        "value": "voice"
    }
},
"lowlevel": {
    "average_loudness": 0.92118114233,
    "barkbands_kurtosis": {
        "dmean": 8.97125434875,
        "dmean2": 14.0411567688,
        "dvar": 194.866531372,
        "dvar2": 486.633392334,
        "max": 228.538574219,
        "mean": 21.4246616364,
        "median": 16.5025196075,
        "min": -1.82866835594,
        "var": 457.877929688
    },
    "barkbands_skewness": {
        "dmean": 0.794121384621,
        "dmean2": 1.20577168465,
        "dvar": 0.713500916958,
        "dvar2": 1.58315300941,
        "max": 11.6855201721,
        "mean": 3.13531517982,
        "median": 3.15840816498,
        "min": -2.10614061356,
        "var": 2.54026818275
    },
    "barkbands_spread": {
        "dmean": 3.18020653725,
        "dmean2": 4.70153188705,
        "dvar": 44.1000900269,
        "dvar2": 82.9481735229,
        "max": 89.0948562622,
        "mean": 7.74925470352,
        "median": 4.10767650604,
        "min": 0.413784772158,
        "var": 147.616119385
    },
    "dissonance": {
        "dmean": 0.0324909761548,
        "dmean2": 0.0514506623149,
        "dvar": 0.000997759401798,
        "dvar2": 0.00243722600862,
        "max": 0.499260783195,
        "mean": 0.412727892399,
        "median": 0.423180639744,
        "min": 0.164161249995,
        "var": 0.00288689602166
    },
    "dynamic_complexity": 4.35999631882,
    "erbbands_kurtosis": {
        "dmean": 2.39081573486,
        "dmean2": 3.69452667236,
        "dvar": 10.291885376,
        "dvar2": 23.8575172424,
        "max": 31.0431213379,
        "mean": 4.48378276825,
        "median": 3.39773988724,
        "min": -1.82210636139,
        "var": 26.5425071716
    },
    "erbbands_skewness": {
        "dmean": 0.467148423195,
        "dmean2": 0.712249755859,
        "dvar": 0.219134405255,
        "dvar2": 0.450982987881,
        "max": 5.1059923172,
        "mean": 1.56332218647,
        "median": 1.64260947704,
        "min": -1.55448806286,
        "var": 0.895145595074
    },
    "erbbands_spread": {
        "dmean": 8.87678146362,
        "dmean2": 12.7262392044,
        "dvar": 131.31590271,
        "dvar2": 228.578994751,
        "max": 129.638748169,
        "mean": 29.0906200409,
        "median": 19.5265922546,
        "min": 3.99557304382,
        "var": 614.484069824
    },
    "hfc": {
        "dmean": 3.0237095356,
        "dmean2": 4.3684015274,
        "dvar": 16.9448604584,
        "dvar2": 32.3685112,
        "max": 53.2758026123,
        "mean": 9.57766437531,
        "median": 5.56465101242,
        "min": 1.13730756486e-16,
        "var": 103.338127136
    },
    "melbands_kurtosis": {
        "dmean": 12.8203582764,
        "dmean2": 20.201789856,
        "dvar": 280.045562744,
        "dvar2": 709.031799316,
        "max": 180.380508423,
        "mean": 29.2425689697,
        "median": 24.2383270264,
        "min": -1.27237772942,
        "var": 590.497009277
    },
    "melbands_skewness": {
        "dmean": 0.929931819439,
        "dmean2": 1.44783103466,
        "dvar": 0.900486171246,
        "dvar2": 2.09726667404,
        "max": 9.59899234772,
        "mean": 3.52549505234,
        "median": 3.44671058655,
        "min": -1.10109221935,
        "var": 3.06119036674
    },
    "melbands_spread": {
        "dmean": 3.34501647949,
        "dmean2": 5.34202241898,
        "dvar": 114.211135864,
        "dvar2": 274.956481934,
        "max": 139.390411377,
        "mean": 7.78512811661,
        "median": 4.37894821167,
        "min": 0.62469124794,
        "var": 214.541030884
    },
    "pitch_salience": {
        "dmean": 0.0814799740911,
        "dmean2": 0.129787951708,
        "dvar": 0.00641120690852,
        "dvar2": 0.0170382335782,
        "max": 0.967782020569,
        "mean": 0.501328527927,
        "median": 0.517522513866,
        "min": 0.128417044878,
        "var": 0.0206630602479
    },
    "silence_rate_20dB": {
        "dmean": 0,
        "dmean2": 0,
        "dvar": 0,
        "dvar2": 0,
        "max": 1,
        "mean": 1,
        "median": 1,
        "min": 1,
        "var": 0
    },
    "silence_rate_30dB": {
        "dmean": 0.00303030293435,
        "dmean2": 0.00606980267912,
        "dvar": 0.00302111869678,
        "dvar2": 0.00603301078081,
        "max": 1,
        "mean": 0.996974289417,
        "median": 1,
        "min": 0,
        "var": 0.00301657454111
    },
    "silence_rate_60dB": {
        "dmean": 0.0333333350718,
        "dmean2": 0.0667678266764,
        "dvar": 0.0322223044932,
        "dvar2": 0.0683796256781,
        "max": 1,
        "mean": 0.111951589584,
        "median": 0,
        "min": 0,
        "var": 0.0994175076485
    },
    "spectral_centroid": {
        "dmean": 157.326934814,
        "dmean2": 226.263412476,
        "dvar": 205871.125,
        "dvar2": 265248.9375,
        "max": 11262.8085938,
        "mean": 569.225952148,
        "median": 404.536895752,
        "min": 158.431381226,
        "var": 673913.6875
    },
    "spectral_complexity": {
        "dmean": 1.4848484993,
        "dmean2": 2.37329292297,
        "dvar": 2.81644868851,
        "dvar2": 5.41455507278,
        "max": 25,
        "mean": 8.12102890015,
        "median": 7,
        "min": 0,
        "var": 19.7281932831
    },
    "spectral_crest": {
        "dmean": 2.5480158329,
        "dmean2": 4.10645866394,
        "dvar": 5.92248773575,
        "dvar2": 14.1777324677,
        "max": 25.3046970367,
        "mean": 12.7866258621,
        "median": 12.5367536545,
        "min": 4.13920164108,
        "var": 16.2159004211
    },
    "spectral_decrease": {
        "dmean": 2.33237651415e-09,
        "dmean2": 3.47256845501e-09,
        "dvar": 8.45832129159e-18,
        "dvar2": 1.91378772995e-17,
        "max": 5.59495769242e-29,
        "mean": -6.20112050598e-09,
        "median": -4.36169855789e-09,
        "min": -3.19550466088e-08,
        "var": 3.07067542091e-17
    },
    "spectral_energy": {
        "dmean": 0.00901484582573,
        "dmean2": 0.013438119553,
        "dvar": 0.000126468366943,
        "dvar2": 0.000285261281533,
        "max": 0.124193102121,
        "mean": 0.0242731515318,
        "median": 0.0173751655966,
        "min": 1.04403958107e-20,
        "var": 0.000467963371193
    },
    "spectral_energyband_high": {
        "dmean": 0.000115993912914,
        "dmean2": 0.00016067949764,
        "dvar": 1.00537405956e-07,
        "dvar2": 1.71213244471e-07,
        "max": 0.00499541545287,
        "mean": 0.000228518620133,
        "median": 3.62746759492e-05,
        "min": 7.36675098195e-21,
        "var": 4.04605714266e-07
    },
    "spectral_energyband_low": {
        "dmean": 0.00282965530641,
        "dmean2": 0.00430055800825,
        "dvar": 2.14369447349e-05,
        "dvar2": 4.69632723252e-05,
        "max": 0.0519678071141,
        "mean": 0.00579080590978,
        "median": 0.00288043473847,
        "min": 3.02953889606e-23,
        "var": 5.56863560632e-05
    },
    "spectral_energyband_middle_high": {
        "dmean": 0.00060700456379,
        "dmean2": 0.000829841475934,
        "dvar": 2.5501071832e-06,
        "dvar2": 4.66405617772e-06,
        "max": 0.0278639793396,
        "mean": 0.0014617361594,
        "median": 0.000280690350337,
        "min": 1.3249152406e-21,
        "var": 1.11166673378e-05
    },
    "spectral_energyband_middle_low": {
        "dmean": 0.00776748824865,
        "dmean2": 0.0117329517379,
        "dvar": 0.000119493881357,
        "dvar2": 0.000281269254629,
        "max": 0.116625264287,
        "mean": 0.0191567912698,
        "median": 0.0119116390124,
        "min": 2.63355672249e-22,
        "var": 0.000385239574825
    },
    "spectral_flatness_db": {
        "dmean": 0.0295367613435,
        "dmean2": 0.0408415421844,
        "dvar": 0.000773500825744,
        "dvar2": 0.00150330760516,
        "max": 0.433112770319,
        "mean": 0.248044401407,
        "median": 0.240074709058,
        "min": 0.0537163801491,
        "var": 0.00610201666132
    },
    "spectral_flux": {
        "dmean": 0.0242653898895,
        "dmean2": 0.0396278239787,
        "dvar": 0.000641917111352,
        "dvar2": 0.00168383715209,
        "max": 0.230853572488,
        "mean": 0.0636574998498,
        "median": 0.058104082942,
        "min": 6.58922777452e-11,
        "var": 0.00209976290353
    },
    "spectral_kurtosis": {
        "dmean": 5.47003746033,
        "dmean2": 8.60760688782,
        "dvar": 45.5742111206,
        "dvar2": 108.844390869,
        "max": 85.986946106,
        "mean": 14.2572202682,
        "median": 9.23356533051,
        "min": -1.19874513149,
        "var": 215.059188843
    },
    "spectral_rms": {
        "dmean": 0.000836173538119,
        "dmean2": 0.00120643374976,
        "dvar": 7.52446737806e-07,
        "dvar2": 1.61680793553e-06,
        "max": 0.0110074523836,
        "mean": 0.00435247179121,
        "median": 0.00411720527336,
        "min": 3.1915125924e-12,
        "var": 4.73712771054e-06
    },
    "spectral_rolloff": {
        "dmean": 295.26550293,
        "dmean2": 528.624328613,
        "dvar": 1851327,
        "dvar2": 3985412,
        "max": 18884.6191406,
        "mean": 793.665344238,
        "median": 366.064453125,
        "min": 129.19921875,
        "var": 4371155.5
    },
    "spectral_skewness": {
        "dmean": 0.532963097095,
        "dmean2": 0.775471329689,
        "dvar": 0.308800935745,
        "dvar2": 0.586959719658,
        "max": 7.78678846359,
        "mean": 2.75155949593,
        "median": 2.48599696159,
        "min": -0.0755389630795,
        "var": 2.03454828262
    },
    "spectral_spread": {
        "dmean": 715795.8125,
        "dmean2": 955715,
        "dvar": 3.45056608256e+12,
        "dvar2": 4.94253847347e+12,
        "max": 42301768,
        "mean": 3778321.75,
        "median": 3223848,
        "min": 1084350.375,
        "var": 9.36498220237e+12
    },
    "spectral_strongpeak": {
        "dmean": 0.37193864584,
        "dmean2": 0.612487316132,
        "dvar": 0.230989187956,
        "dvar2": 0.57648396492,
        "max": 4.97456455231,
        "mean": 0.805592775345,
        "median": 0.592444598675,
        "min": 0,
        "var": 0.514399886131
    },
    "zerocrossingrate": {
        "dmean": 0.00849165488034,
        "dmean2": 0.010758488439,
        "dvar": 0.00070496374974,
        "dvar2": 0.00117245013826,
        "max": 0.50244140625,
        "mean": 0.0333131924272,
        "median": 0.021484375,
        "min": 0.0048828125,
        "var": 0.00300272647291
    },
    "barkbands": {
        "dmean": [3.29754584527e-05, 0.000342404091498, 0.00181637925562, 0.00210059061646, 0.00455759093165, 0.00187116861343, 0.00143064651638, 0.000831502838992, 0.000460801704321, 0.000384912069421, 0.00010045106319, 0.000200111593585, 0.000123898600577, 7.34257482691e-05, 5.26879266545e-05, 2.19215908146e-05, 3.18642742059e-05, 3.16346886393e-05, 1.38276054713e-05, 2.14531792153e-05, 3.08860981022e-05, 2.97891201626e-05, 2.97272017633e-05, 1.8289014406e-05, 1.33590856422e-05, 5.73540864934e-06, 1.12585894385e-06],
        "dmean2": [5.28034106537e-05, 0.000495353422593, 0.00283766980283, 0.00328429089859, 0.00695707462728, 0.00291873794049, 0.00226194085553, 0.00131346052513, 0.00069362251088, 0.000544211361557, 0.000156556241564, 0.000311898969812, 0.000197540779482, 0.000102539808722, 8.20492714411e-05, 3.52044626197e-05, 5.06369833602e-05, 4.57214518974e-05, 1.94870026462e-05, 3.2872405427e-05, 4.93393563374e-05, 4.2075796955e-05, 4.2383584514e-05, 2.4394981665e-05, 1.64289012901e-05, 7.46961814002e-06, 1.58469958933e-06],
        "dvar": [4.37587814872e-08, 5.10126164954e-06, 1.02412113847e-05, 1.13479591164e-05, 6.68259817758e-05, 1.43086508615e-05, 1.54499211931e-05, 4.83852227262e-06, 3.16073487738e-06, 2.73720979749e-06, 9.17487170682e-08, 5.05881416757e-07, 1.53028693717e-07, 8.49161310157e-08, 5.13215852038e-08, 6.45349995665e-09, 3.93778254448e-09, 7.98439714345e-09, 8.51908876776e-10, 2.01058147908e-09, 1.04403587997e-08, 1.06241078157e-08, 1.06652633391e-08, 5.97469052011e-09, 2.84626100466e-09, 8.52074744095e-10, 5.09177387753e-11],
        "dvar2": [1.08115891351e-07, 1.31582492031e-05, 2.40335357375e-05, 2.93750781566e-05, 0.000163517252076, 3.10955438181e-05, 3.57979806722e-05, 1.19060969155e-05, 6.39634663457e-06, 5.91795151195e-06, 2.29852730627e-07, 1.17974821023e-06, 3.43518905765e-07, 1.39453007364e-07, 1.21897571148e-07, 1.16719762744e-08, 9.59576151871e-09, 1.55813477676e-08, 1.4865454423e-09, 4.56576154662e-09, 2.50495517662e-08, 1.79014687518e-08, 2.53585614729e-08, 7.95677745913e-09, 3.75523079299e-09, 1.16829712571e-09, 9.61757756768e-11],
        "max": [0.00321580609307, 0.0466203354299, 0.0294958520681, 0.0396869629622, 0.0792217776179, 0.0394870191813, 0.0452747195959, 0.0232863556594, 0.0333556719124, 0.0251792278141, 0.0046173594892, 0.00858440529555, 0.00561078265309, 0.00563856819645, 0.00376741425134, 0.00162796059158, 0.000868887174875, 0.00154695217498, 0.000611234921962, 0.000642093131319, 0.00177163688932, 0.0018429151969, 0.00185409851838, 0.00182710681111, 0.0013062475482, 0.000679031189065, 0.000165721328813],
        "mean": [2.63832771452e-05, 0.000418492418248, 0.0031860852614, 0.00414380291477, 0.00719198398292, 0.00325815589167, 0.00223012687638, 0.00134564272594, 0.000617407844402, 0.000619600410573, 0.000176885005203, 0.000301229913021, 0.000181238166988, 0.00010177292279, 6.46353000775e-05, 3.4900054743e-05, 5.78019134991e-05, 4.43207864009e-05, 2.46386753133e-05, 3.49757283402e-05, 4.51467312814e-05, 5.46994197066e-05, 4.54922010249e-05, 3.17893209285e-05, 2.51833007496e-05, 9.55276482273e-06, 1.24221162423e-06],
        "median": [1.15638158604e-06, 8.12984872027e-05, 0.0013171316823, 0.00245581381023, 0.0023248991929, 0.00161168258637, 0.000617924728431, 0.000172420128365, 4.76692257507e-05, 2.39931887336e-05, 1.58076072694e-05, 1.13249907372e-05, 2.15210275201e-05, 1.0564227523e-05, 1.25967080749e-05, 6.95478502166e-06, 1.85670778592e-05, 1.06833813334e-05, 8.34825550555e-06, 9.95749633148e-06, 7.48245383875e-06, 3.11257394969e-06, 5.40485962119e-06, 2.3084426175e-06, 1.06769061858e-06, 3.73285985233e-07, 2.08947508185e-08],
        "min": [2.31207282154e-24, 1.47905203505e-23, 1.4839937753e-23, 7.71846201015e-24, 5.30637006663e-23, 8.97447687711e-24, 3.43559368742e-23, 8.25069873206e-23, 4.59591120688e-23, 1.54505271377e-23, 5.11759817637e-23, 4.33681426018e-23, 3.28099209613e-23, 1.00135844985e-22, 1.16197494778e-22, 6.84583969624e-23, 1.40578459055e-22, 1.46668099212e-22, 2.4394343358e-22, 2.91839457918e-22, 3.78827011097e-22, 5.93965359117e-22, 5.1316030449e-22, 6.68143628731e-22, 1.00808699161e-21, 1.45841272009e-21, 2.39221037047e-21],
        "var": [3.75598290248e-08, 4.08821051678e-06, 2.52888512478e-05, 2.42632322625e-05, 0.000130790198455, 2.40450335696e-05, 2.70262662525e-05, 1.05497119876e-05, 5.2790232985e-06, 6.41403403279e-06, 2.14968778778e-07, 1.02005151348e-06, 3.33099734462e-07, 1.96259648533e-07, 6.33764614122e-08, 1.28346258066e-08, 9.9787351715e-09, 1.262109528e-08, 2.27883245607e-09, 3.78851483518e-09, 1.65379443473e-08, 4.52134933937e-08, 2.83805281498e-08, 1.73226659683e-08, 1.08775664032e-08, 2.33254038307e-09, 8.15504955232e-11]
    },
    "erbbands": {
        "dmean": [0.00982820615172, 0.103574968874, 1.48582136631, 4.83929443359, 17.8193149567, 9.66245937347, 8.48539638519, 18.8646583557, 24.3655338287, 12.2265129089, 19.6070194244, 10.8776254654, 13.3784799576, 4.59795951843, 4.61941194534, 8.03453922272, 6.01912927628, 3.71352052689, 3.34501075745, 2.07708191872, 1.21923387051, 1.78500843048, 1.79844045639, 0.912700235844, 0.775124907494, 1.09411811829, 1.53141832352, 0.89937889576, 1.12219190598, 1.30525064468, 0.676404058933, 0.413232386112, 0.300772815943, 0.168622851372, 0.0849022716284, 0.025035912171, 0.010623972863, 0.00334235420451, 0.000116893759696, 1.12759526019e-05],
        "dmean2": [0.016079897061, 0.145106181502, 2.24273777008, 7.5906586647, 26.9698696136, 14.6962299347, 12.2753973007, 30.5738105774, 38.8542518616, 18.6470394135, 31.4433898926, 16.4269256592, 19.4368553162, 6.64838123322, 7.16350746155, 12.2820920944, 9.50314426422, 5.07090139389, 5.05550384521, 3.13142776489, 1.83300578594, 2.83732366562, 2.64854741096, 1.28243517876, 1.12715017796, 1.6190007925, 2.29119944572, 1.43286478519, 1.62801325321, 1.91780948639, 0.998950839043, 0.563852608204, 0.400846630335, 0.216801986098, 0.11171220988, 0.0351239480078, 0.0129339369014, 0.00426496379077, 0.000150415144162, 1.66514946613e-05],
        "dvar": [0.00975690502673, 0.149285197258, 6.75739383698, 53.210521698, 1045.86193848, 554.289916992, 337.048248291, 1759.07922363, 3762.19384766, 1037.47509766, 2965.79443359, 1629.16381836, 3607.48608398, 239.048416138, 193.1640625, 750.729675293, 373.875732422, 169.918395996, 159.844512939, 151.987091064, 15.9930562973, 12.478094101, 23.8426380157, 7.93853569031, 1.96613383293, 5.38224554062, 27.9544067383, 12.9369745255, 16.5042877197, 19.2940692902, 6.19170713425, 2.59540748596, 1.69161307812, 0.510015845299, 0.12049330771, 0.0123321097344, 0.00288082798943, 0.000444707286078, 5.32670355824e-07, 2.75159256491e-10],
        "dvar2": [0.0250581782311, 0.369313210249, 14.5199193954, 136.753860474, 2620.76293945, 1267.04797363, 613.237976074, 3988.63305664, 8932.10449219, 2295.6027832, 7443.43017578, 3457.78295898, 8228.91992188, 407.129821777, 446.767272949, 1671.74523926, 777.203308105, 245.262420654, 372.862030029, 384.564239502, 28.615562439, 30.1697769165, 45.8381385803, 13.8251047134, 4.33464670181, 11.9851312637, 59.7529029846, 33.217124939, 32.1679115295, 46.8894805908, 14.2314109802, 4.22263002396, 2.32959628105, 0.713181436062, 0.15553869307, 0.0194981526583, 0.00384198850952, 0.000666130392347, 9.49225636759e-07, 5.46995060358e-10],
        "max": [2.0484662056, 7.61377811432, 28.9400424957, 74.0268783569, 380.239562988, 407.760681152, 307.460662842, 434.649261475, 624.637207031, 475.452636719, 621.020446777, 751.73236084, 927.916442871, 328.291992188, 173.373199463, 331.497436523, 334.222564697, 314.244445801, 241.589950562, 251.264175415, 85.6501159668, 43.9086341858, 104.641990662, 65.9691848755, 19.0033664703, 33.6600914001, 110.642181396, 63.3190994263, 68.4631195068, 72.8336639404, 44.6671028137, 32.3517723083, 30.2354869843, 17.6700553894, 7.18948030472, 2.36658525467, 1.28339624405, 0.52879935503, 0.017041426152, 0.00033806997817],
        "mean": [0.00816998630762, 0.160205379128, 2.71127772331, 10.403796196, 26.8564949036, 16.3524112701, 17.5282707214, 30.7136173248, 36.5629806519, 22.3442173004, 32.5072250366, 15.5153903961, 21.6593875885, 8.54337978363, 8.13629817963, 13.0072040558, 9.89284515381, 5.98865556717, 4.43345832825, 2.45985651016, 2.00907874107, 3.13703680038, 2.85217022896, 1.52286219597, 1.36529767513, 1.7952195406, 2.23890590668, 1.33964407444, 1.8973788023, 1.99986386299, 1.08777534962, 0.718335568905, 0.508730709553, 0.295781135559, 0.170701637864, 0.0429307855666, 0.0176497772336, 0.00488069467247, 0.000152222652105, 3.07461959892e-05],
        "median": [0.00117593910545, 0.0434763357043, 1.14895653725, 6.61861515045, 8.51955509186, 5.40238666534, 9.28830528259, 13.7963447571, 12.6729259491, 5.08845615387, 4.61273479462, 1.58183455467, 0.616405248642, 1.05845654011, 0.831014692783, 0.528466582298, 0.975060284138, 0.769222378731, 0.92158383131, 0.350747227669, 0.424353986979, 0.982931673527, 0.786205530167, 0.445279330015, 0.497949331999, 0.489584743977, 0.483011513948, 0.165552288294, 0.0900735706091, 0.162623971701, 0.133645713329, 0.0657441392541, 0.0269428472966, 0.0139637067914, 0.00696647306904, 0.00194795860443, 0.000683348218445, 0.000124961836264, 1.46079664773e-05, 2.33766149904e-05],
        "min": [2.14579708282e-22, 4.07657829931e-21, 1.73621155451e-20, 2.00529389245e-20, 6.87416621964e-20, 2.2765564006e-19, 8.93733432064e-20, 9.33593973313e-20, 5.30202196529e-19, 1.07590441357e-18, 1.11864504261e-18, 8.57138561099e-19, 8.00246474435e-19, 9.85142331049e-19, 2.3094649024e-18, 2.41286227217e-18, 2.04370355891e-18, 4.50706107157e-18, 6.20924408943e-18, 4.0120939774e-18, 5.61360828753e-18, 7.6101079576e-18, 8.19423726359e-18, 9.26438811901e-18, 1.22725313326e-17, 1.18945354353e-17, 1.53636440703e-17, 1.55753758374e-17, 1.72559471074e-17, 1.85608327955e-17, 1.57360440908e-17, 1.45658134803e-17, 1.05065288489e-17, 1.03417701873e-17, 7.42444726911e-18, 4.71337273764e-18, 3.03873979726e-18, 1.11102298686e-18, 3.67416179755e-19, 3.33131837498e-20],
        "var": [0.00724803749472, 0.185251817107, 20.9509849548, 127.3543396, 1875.03515625, 1300.19567871, 753.51574707, 2718.73242188, 5726.00878906, 2603.20849609, 6679.4765625, 2671.95751953, 8561.90429688, 595.94329834, 438.505310059, 1749.17285156, 996.487243652, 521.940307617, 274.479003906, 139.96131897, 35.8173103333, 29.2485523224, 42.2060050964, 15.7297620773, 4.71583032608, 10.7232465744, 43.1019096375, 19.1924133301, 57.8192176819, 51.6359519958, 17.6667079926, 7.73410701752, 4.92859363556, 1.61972010136, 0.506199002266, 0.0365132987499, 0.00821353122592, 0.000945046951529, 9.05426134068e-07, 9.10186093162e-10]
    },
    "gfcc": {
        "mean": [-110.486480713, 129.641311646, -83.1127166748, 23.6299667358, -67.311088562, -12.8194255829, -50.1838493347, -10.9461555481, -29.3968601227, -6.60073518753, -15.9159488678, -9.95958042145, -19.1156463623],
        "cov": [[21630.5507812, -564.426147461, -2005.06152344, 317.871276855, -1817.18811035, 412.69744873, -504.928924561, 176.562149048, -630.648071289, -202.397537231, -344.687988281, 36.9244003296, -360.855743408], [-564.426147461, 1458.47314453, 161.242233276, -296.166687012, 280.190948486, -191.127365112, 69.0902328491, -105.68535614, 82.4376754761, -101.58694458, 79.3843231201, -137.585388184, 31.6472568512], [-2005.06152344, 161.242233276, 892.01940918, 15.0349445343, 262.343170166, 63.8850898743, 29.2830848694, -25.0951557159, 98.203918457, 13.2911558151, 1.75687348843, 1.34662699699, -3.08447408676], [317.871276855, -296.166687012, 15.0349445343, 756.380187988, 100.313934326, -5.96072053909, -21.378900528, -50.192905426, 151.407806396, 76.4783172607, -59.0951766968, 57.4790306091, 30.6677265167], [-1817.18811035, 280.190948486, 262.343170166, 100.313934326, 451.646270752, -56.1007919312, 21.6151313782, -24.8635292053, 144.838989258, 49.3457527161, 9.65155315399, -17.4366111755, 45.2006797791], [412.69744873, -191.127365112, 63.8850898743, -5.96072053909, -56.1007919312, 233.251678467, 29.5266742706, 50.2190628052, 3.6631770134, 9.82125377655, 4.6938700676, 8.84263134003, -51.3608894348], [-504.928924561, 69.0902328491, 29.2830848694, -21.378900528, 21.6151313782, 29.5266742706, 203.66569519, 48.3940696716, -18.4034385681, -4.30500888824, 33.1425895691, -10.4075975418, -1.07122433186], [176.562149048, -105.68535614, -25.0951557159, -50.192905426, -24.8635292053, 50.2190628052, 48.3940696716, 112.72845459, -23.7923679352, 6.67598152161, 19.0946712494, 14.9594621658, -11.6389770508], [-630.648071289, 82.4376754761, 98.203918457, 151.407806396, 144.838989258, 3.6631770134, -18.4034385681, -23.7923679352, 181.874237061, 45.673664093, 4.82761907578, 6.88942193985, 21.8487014771], [-202.397537231, -101.58694458, 13.2911558151, 76.4783172607, 49.3457527161, 9.82125377655, -4.30500888824, 6.67598152161, 45.673664093, 129.144348145, 15.3291130066, 14.7759113312, 17.9573707581], [-344.687988281, 79.3843231201, 1.75687348843, -59.0951766968, 9.65155315399, 4.6938700676, 33.1425895691, 19.0946712494, 4.82761907578, 15.3291130066, 88.9699935913, 6.76535415649, -6.16286563873], [36.9244003296, -137.585388184, 1.34662699699, 57.4790306091, -17.4366111755, 8.84263134003, -10.4075975418, 14.9594621658, 6.88942193985, 14.7759113312, 6.76535415649, 77.5697402954, 8.0168800354], [-360.855743408, 31.6472568512, -3.08447408676, 30.6677265167, 45.2006797791, -51.3608894348, -1.07122433186, -11.6389770508, 21.8487014771, 17.9573707581, -6.16286563873, 8.0168800354, 80.3704681396]],
        "icov": [[0.000150508683873, -0.000322487961967, 0.000212863233173, -0.000285514281131, 0.000494538922794, -0.000347898079781, 0.000454840861494, -0.000494591717143, 0.000390583358239, -0.000233532453422, 0.000639275182039, -0.000212747152545, 0.000370092340745], [-0.000322487961967, 0.00219271751121, -0.000497620552778, 0.00117540871724, -0.00163703644648, 0.00160416844301, -0.00150136195589, 0.00213937531225, -0.00176406174432, 0.00172905076761, -0.00264914217405, 0.00216370611452, -0.000869073555805], [0.000212863233173, -0.000497620552778, 0.00179304042831, -0.000225661104196, -0.000239992150455, -0.00118296896107, 0.000442894583102, -0.000127247854834, 0.000381275516702, -0.000189669473912, 0.00116637977771, -0.000863838882651, 0.000787407916505], [-0.000285514281131, 0.00117540871724, -0.000225661104196, 0.00273567158729, -0.00119931926019, 0.00099958688952, -0.00157813902479, 0.00215966301039, -0.00257816771045, 0.000140120144351, -5.40484506928e-06, -0.000563230074476, -0.000466961238999], [0.000494538922794, -0.00163703644648, -0.000239992150455, -0.00119931926019, 0.00577901024371, -0.00028614353505, 0.00117689953186, -0.00243338383734, -0.000859122432303, -0.00182670867071, 0.00245368666947, -0.00011686385551, 0.000385267689126], [-0.000347898079781, 0.00160416844301, -0.00118296896107, 0.00099958688952, -0.00028614353505, 0.00745493592694, -0.00197986955754, -0.000557650229894, -0.00274330098182, 0.000384256680263, -0.00142697081901, 0.00124223553576, 0.00262392964214], [0.000454840861494, -0.00150136195589, 0.000442894583102, -0.00157813902479, 0.00117689953186, -0.00197986955754, 0.00779009098187, -0.00437346985564, 0.00272800237872, -0.000421369506512, -4.80495073134e-05, 0.000493406434543, 9.5549148682e-05], [-0.000494591717143, 0.00213937531225, -0.000127247854834, 0.00215966301039, -0.00243338383734, -0.000557650229894, -0.00437346985564, 0.0146053563803, -0.00093244476011, 0.00072802673094, -0.00365387205966, -0.00109881558456, -0.000902824336663], [0.000390583358239, -0.00176406174432, 0.000381275516702, -0.00257816771045, -0.000859122432303, -0.00274330098182, 0.00272800237872, -0.00093244476011, 0.0111621515825, -0.00246125576086, 0.000691236869898, -0.00130535580683, -0.000223182491027], [-0.000233532453422, 0.00172905076761, -0.000189669473912, 0.000140120144351, -0.00182670867071, 0.000384256680263, -0.000421369506512, 0.00072802673094, -0.00246125576086, 0.0108849061653, -0.00418739020824, 0.00120745017193, -0.00262188911438], [0.000639275182039, -0.00264914217405, 0.00116637977771, -5.40484506928e-06, 0.00245368666947, -0.00142697081901, -4.80495073134e-05, -0.00365387205966, 0.000691236869898, -0.00418739020824, 0.0179751012474, -0.00482552545145, 0.00374597427435], [-0.000212747152545, 0.00216370611452, -0.000863838882651, -0.000563230074476, -0.00011686385551, 0.00124223553576, 0.000493406434543, -0.00109881558456, -0.00130535580683, 0.00120745017193, -0.00482552545145, 0.0179898664355, -0.00299783959053], [0.000370092340745, -0.000869073555805, 0.000787407916505, -0.000466961238999, 0.000385267689126, 0.00262392964214, 9.5549148682e-05, -0.000902824336663, -0.000223182491027, -0.00262188911438, 0.00374597427435, -0.00299783959053, 0.0172181185335]]
    },
    "melbands": {
        "dmean": [8.57739505591e-05, 0.000560840882827, 0.00113894848619, 0.00110797327943, 0.000276684528217, 0.000398245552788, 0.000361506245099, 0.00013392008259, 0.000163503485965, 5.98756596446e-05, 6.72830938129e-05, 1.96574219444e-05, 1.46756019603e-05, 2.11914812098e-05, 1.68994738488e-05, 1.32306158775e-05, 6.81353549226e-06, 6.07109450357e-06, 3.18269439958e-06, 2.15120962821e-06, 1.37092388286e-06, 1.84927921509e-06, 2.32526372201e-06, 1.33596040541e-06, 7.42871122839e-07, 5.66102642097e-07, 7.00723944647e-07, 7.24872620594e-07, 1.18872344501e-06, 6.21034757842e-07, 5.13448696893e-07, 6.51394486795e-07, 6.47392198516e-07, 7.58856742777e-07, 3.82733588822e-07, 3.25459382111e-07, 2.60859707168e-07, 2.46781468149e-07, 1.64514830203e-07, 1.53131551883e-07],
        "dmean2": [0.000132184752147, 0.000846226233989, 0.00176155054942, 0.00171213631984, 0.000395709532313, 0.000639244099148, 0.000576415506657, 0.000202003080631, 0.000258775544353, 9.06255081645e-05, 9.76692099357e-05, 2.89709914796e-05, 2.23999086302e-05, 3.44492109434e-05, 2.55635131907e-05, 2.0712686819e-05, 9.75149669102e-06, 9.18593650567e-06, 4.72734745927e-06, 3.30221905642e-06, 2.07279504139e-06, 2.97505334856e-06, 3.61674028682e-06, 1.95050301954e-06, 1.05335539047e-06, 8.04567662271e-07, 1.10904784378e-06, 1.09130519377e-06, 1.78851382771e-06, 9.56814801611e-07, 8.21439755327e-07, 9.24370681332e-07, 9.67396772467e-07, 1.11493466193e-06, 5.87938870922e-07, 4.79541427012e-07, 3.69014344415e-07, 3.47205627804e-07, 2.51187486811e-07, 2.10524916611e-07],
        "dvar": [5.40606436061e-07, 9.54169422585e-07, 2.55286522588e-06, 4.22039602199e-06, 3.18804865174e-07, 7.35700098176e-07, 8.37484833482e-07, 1.21085889759e-07, 2.08915651001e-07, 5.16274596407e-08, 9.25696284071e-08, 6.10139005985e-09, 2.07529504692e-09, 8.15346190564e-09, 2.70900768484e-09, 1.92965932122e-09, 6.72591315976e-10, 6.2700777903e-10, 2.07014447251e-10, 1.11659591295e-10, 2.17511200024e-11, 1.31600615821e-11, 3.68633942815e-11, 1.1433780138e-11, 5.85921805865e-12, 1.11361874583e-12, 2.55828648196e-12, 2.36188520998e-12, 2.09383465427e-11, 5.06807139658e-12, 4.53241524173e-12, 5.86961859325e-12, 4.86902922495e-12, 7.00077018925e-12, 2.05276594334e-12, 1.58745119914e-12, 1.28148934606e-12, 1.09040565206e-12, 6.32473457288e-13, 4.05814189761e-13],
        "dvar2": [1.38831774166e-06, 2.04955495064e-06, 6.48358718536e-06, 1.04313467091e-05, 5.9071777514e-07, 1.65679352904e-06, 1.95477468878e-06, 2.75156025964e-07, 5.136792538e-07, 1.07464316557e-07, 2.10850501503e-07, 9.65343360804e-09, 4.92035656663e-09, 2.12556052759e-08, 5.29926191817e-09, 4.0186511896e-09, 9.89996529199e-10, 1.51466805764e-09, 4.70742389513e-10, 2.84290702091e-10, 4.10773394466e-11, 3.30032494389e-11, 8.32948154894e-11, 2.08533832563e-11, 1.02403814595e-11, 2.29705425688e-12, 6.63905605838e-12, 5.53505938999e-12, 4.9954811121e-11, 1.1800750481e-11, 1.15957096355e-11, 1.06339746037e-11, 9.72384239101e-12, 1.76195221607e-11, 4.86032351518e-12, 3.37908325453e-12, 2.23407273583e-12, 1.5548341694e-12, 1.30494877057e-12, 6.49397040049e-13],
        "max": [0.0152818337083, 0.0106416987255, 0.0183397829533, 0.0193262994289, 0.00819935183972, 0.00884594582021, 0.00945416092873, 0.00557795818895, 0.00556613318622, 0.00407347735018, 0.0046982052736, 0.00166894332506, 0.000743279466406, 0.00126114836894, 0.000927112239879, 0.000613994023297, 0.000618447491433, 0.000499865389429, 0.000268374336883, 0.000202255745535, 9.52180635068e-05, 4.3361185817e-05, 9.90810221992e-05, 5.70583397348e-05, 5.76916609134e-05, 1.59423325385e-05, 2.02750288736e-05, 2.23897532123e-05, 9.41222606343e-05, 4.46138619736e-05, 3.28423120664e-05, 3.65051964764e-05, 4.65631601401e-05, 3.7496760342e-05, 2.71987355518e-05, 2.08783785638e-05, 2.45459104917e-05, 2.45509254455e-05, 1.62106134667e-05, 1.468030041e-05],
        "mean": [8.55867983773e-05, 0.000993559253402, 0.00226033804938, 0.0017283471534, 0.00055708916625, 0.000651434238534, 0.000546996714547, 0.000233597878832, 0.000260405533481, 8.32536970847e-05, 0.000107273219328, 3.48189205397e-05, 2.60536944552e-05, 3.0410457839e-05, 2.79723954009e-05, 1.94499007193e-05, 9.88312513073e-06, 7.57365114623e-06, 3.76592743123e-06, 2.84184147858e-06, 2.09948666452e-06, 3.14440626425e-06, 3.50020354745e-06, 1.99060536943e-06, 1.11672204639e-06, 9.50530250066e-07, 1.08692802314e-06, 1.11198244213e-06, 1.58634668423e-06, 8.98686494111e-07, 7.1910750421e-07, 1.05240826542e-06, 1.1486628182e-06, 1.06646518816e-06, 5.93349795963e-07, 5.20112507729e-07, 4.15105347429e-07, 3.90951811369e-07, 2.51874695323e-07, 2.55641054991e-07],
        "median": [1.41486743814e-05, 0.000385301187634, 0.00158765504602, 0.000525095441844, 0.000289275078103, 0.000290739932097, 0.000180050774361, 4.66988421977e-05, 3.22149353451e-05, 8.1101206888e-06, 2.66081633526e-06, 4.26772112405e-06, 2.36599703385e-06, 1.83475754056e-06, 1.24488462916e-06, 2.10213943319e-06, 1.22839787764e-06, 1.43850115819e-06, 5.51347056899e-07, 5.29342571554e-07, 3.88650221339e-07, 9.84773578239e-07, 7.69313089677e-07, 4.8146506515e-07, 2.64334431677e-07, 3.35504466875e-07, 2.88408102733e-07, 3.03932779389e-07, 3.01164874372e-07, 1.70487197693e-07, 4.86183715509e-08, 3.88016729858e-08, 6.90266261927e-08, 9.34071522352e-08, 6.46056363962e-08, 3.45081723196e-08, 3.54952867099e-08, 1.68509082243e-08, 1.11601465846e-08, 9.7709174085e-09],
        "min": [2.88881731239e-24, 8.09966089879e-24, 5.73325488797e-24, 1.10708013687e-23, 6.11269146136e-24, 2.68074617674e-24, 7.3198876712e-24, 1.45572005383e-23, 8.19153637298e-24, 5.43301048314e-24, 3.71001480941e-24, 3.52931162514e-24, 6.47947667798e-24, 6.62592042199e-24, 8.27483377368e-24, 4.57412831182e-24, 8.79276118987e-24, 8.48412172728e-24, 6.75465542197e-24, 4.28690129522e-24, 7.30708445871e-24, 8.06385134686e-24, 6.09413942502e-24, 6.99328821239e-24, 6.83334745271e-24, 9.92376053601e-24, 7.28882863964e-24, 7.85255179795e-24, 9.88299772646e-24, 9.10453479683e-24, 8.69897193912e-24, 9.87301311398e-24, 9.75771557066e-24, 8.40482779567e-24, 9.13125588227e-24, 7.93583657688e-24, 8.69362740649e-24, 6.09201699475e-24, 8.60192784829e-24, 9.23563795725e-24],
