{
"metadata": {
    "version": {
        "essentia": "2.0.1",
        "extractor": "archive-music 1.0"
    },
    "audio_properties": {
        "analysis_sample_rate": 44100,
        "bitrate": 128,
        "channels": 2,
        "equal_loudness": 0,
        "length": 15.4644899368,
        "replay_gain": -8.51294326782,
        "downmix": "mix"
    },
    "tags": {
        "track": 1,
        "year": 0,
        "album": "Battle of the Enchanted Forest (Single)",
        "artist": "PeerGynt Lobogris",
        "comment": "",
        "genre": "Other",
        "title": "Battle of the Enchanted Forest"
    }
},
"highlevel": {
    "culture": {
        "all": {
            "non_western": 0.0084815043956,
            "western": 0.991518497467
        },
        "probability": 0.991518497467,
        "value": "western"
    },
    "danceability": {
        "all": {
            "danceable": 0.865717291832,
            "not_danceable": 0.134282723069
        },
        "probability": 0.865717291832,
        "value": "danceable"
    },
    "gender": {
        "all": {
            "female": 0.781791448593,
            "male": 0.218208551407
        },
        "probability": 0.781791448593,
        "value": "female"
    },
    "genre_dortmund": {
        "all": {
            "alternative": 0.0233554244041,
            "blues": 0.0444451831281,
            "electronic": 0.043078660965,
            "folkcountry": 0.0122733758762,
            "funksoulrnb": 0.0540284328163,
            "jazz": 0.170508369803,
            "pop": 0.0656055286527,
            "raphiphop": 0.0915262028575,
            "rock": 0.495178818703
        },
        "probability": 0.495178818703,
        "value": "rock"
    },
    "genre_electronic": {
        "all": {
            "ambient": 0.437221348286,
            "dnb": 0.179130956531,
            "house": 0.323111355305,
            "techno": 0.0242352280766,
            "trance": 0.0363011062145
        },
        "probability": 0.437221348286,
        "value": "ambient"
    },
    "genre_rosamerica": {
        "all": {
            "cla": 0.00888987444341,
            "dan": 0.164303541183,
            "hip": 0.0123681603,
            "jaz": 0.00928137078881,
            "pop": 0.651253819466,
            "rhy": 0.0203559994698,
            "roc": 0.129937231541,
            "spe": 0.00360999139957
        },
        "probability": 0.651253819466,
        "value": "pop"
    },
    "genre_tzanetakis": {
        "all": {
            "blu": 0.000699344498571,
            "cla": 0.00317616551183,
            "cou": 0.00318627711385,
            "dis": 0.0208798535168,
            "hip": 0.104349039495,
            "jaz": 0.013102744706,
            "met": 0.00620772736147,
            "pop": 0.665373146534,
            "reg": 0.077000759542,
            "roc": 0.106024950743
        },
        "probability": 0.665373146534,
        "value": "pop"
    },
    "mirex_ballroom": {
        "all": {
            "ChaChaCha": 0.746509730816,
            "Jive": 0.0770891904831,
            "Quickstep": 0.0301024094224,
            "Rumba-American": 0.00421747611836,
            "Rumba-International": 0.0199304763228,
            "Rumba-Misc": 0.00579661596566,
            "Samba": 0.102580942214,
            "Tango": 0.00336856720969,
            "VienneseWaltz": 0.00667838007212,
            "Waltz": 0.00372618855909
        },
        "probability": 0.746509730816,
        "value": "ChaChaCha"
    },
    "mood_acoustic": {
        "all": {
            "acoustic": 0.0460971780121,
            "not_acoustic": 0.953902840614
        },
        "probability": 0.953902840614,
        "value": "not_acoustic"
    },
    "mood_aggressive": {
        "all": {
            "aggressive": 0.588971078396,
            "not_aggressive": 0.411028921604
        },
        "probability": 0.588971078396,
        "value": "aggressive"
    },
    "mood_electronic": {
        "all": {
            "electronic": 0.621752619743,
            "not_electronic": 0.378247380257
        },
        "probability": 0.621752619743,
        "value": "electronic"
    },
    "mood_happy": {
        "all": {
            "happy": 0.0901413559914,
            "not_happy": 0.909858644009
        },
        "probability": 0.909858644009,
        "value": "not_happy"
    },
    "mood_party": {
        "all": {
            "not_party": 0.272303789854,
            "party": 0.727696239948
        },
        "probability": 0.727696239948,
        "value": "party"
    },
    "mood_relaxed": {
        "all": {
            "not_relaxed": 0.676560461521,
            "relaxed": 0.323439538479
        },
        "probability": 0.676560461521,
        "value": "not_relaxed"
    },
    "mood_sad": {
        "all": {
            "not_sad": 0.765018045902,
            "sad": 0.2349819839
        },
        "probability": 0.765018045902,
        "value": "not_sad"
    },
    "moods_mirex": {
        "all": {
            "Cluster1": 0.567731797695,
            "Cluster2": 0.14117102325,
            "Cluster3": 0.0487940311432,
            "Cluster4": 0.100119031966,
            "Cluster5": 0.142184138298
        },
        "probability": 0.567731797695,
        "value": "Cluster1"
    },
    "timbre": {
        "all": {
            "bright": 0.0734019428492,
            "dark": 0.926598072052
        },
        "probability": 0.926598072052,
        "value": "dark"
    },
    "tonal_atonal": {
        "all": {
            "atonal": 0.816400110722,
            "tonal": 0.183599919081
        },
        "probability": 0.816400110722,
        "value": "atonal"
    },
    "voice_instrumental": {
        "all": {
            "instrumental": 0.909001946449,
            "voice": 0.0909980759025
        },
        "probability": 0.909001946449,
        "value": "instrumental"
    }
},
"lowlevel": {
    "average_loudness": 0.880731999874,
    "barkbands_kurtosis": {
        "dmean": 2.59849143028,
        "dmean2": 3.95453691483,
        "dvar": 14.8016376495,
        "dvar2": 32.1339607239,
        "max": 57.9301948547,
        "mean": 4.39434766769,
        "median": 2.19100666046,
        "min": -1.6776869297,
        "var": 47.9233436584
    },
    "barkbands_skewness": {
        "dmean": 0.498594641685,
        "dmean2": 0.749343812466,
        "dvar": 0.26503944397,
        "dvar2": 0.532455980778,
        "max": 7.32728815079,
        "mean": 1.60545814037,
        "median": 1.38151991367,
        "min": -1.88696801662,
        "var": 1.44005274773
    },
    "barkbands_spread": {
        "dmean": 5.26894330978,
        "dmean2": 7.94488430023,
        "dvar": 35.3396377563,
        "dvar2": 79.9557342529,
        "max": 72.451423645,
        "mean": 23.9932613373,
        "median": 21.1432209015,
        "min": 1.91936779022,
        "var": 276.309143066
    },
    "dissonance": {
        "dmean": 0.0178697723895,
        "dmean2": 0.0302414689213,
        "dvar": 0.000469095975859,
        "dvar2": 0.00131893297657,
        "max": 0.499889701605,
        "mean": 0.459536254406,
        "median": 0.475906968117,
        "min": 0.290639966726,
        "var": 0.00177563435864
    },
    "dynamic_complexity": 4.227247715,
    "erbbands_kurtosis": {
        "dmean": 0.709256887436,
        "dmean2": 1.07966506481,
        "dvar": 0.819017589092,
        "dvar2": 1.56773126125,
        "max": 15.6880302429,
        "mean": 0.273565173149,
        "median": -0.279733181,
        "min": -1.72510814667,
        "var": 3.93088626862
    },
    "erbbands_skewness": {
        "dmean": 0.31502699852,
        "dmean2": 0.47218298912,
        "dvar": 0.0737755000591,
        "dvar2": 0.170514464378,
        "max": 3.34779977798,
        "mean": 0.159998834133,
        "median": 0.0682870522141,
        "min": -1.68159162998,
        "var": 0.571570932865
    },
    "erbbands_spread": {
        "dmean": 7.48672199249,
        "dmean2": 11.1357936859,
        "dvar": 65.6908340454,
        "dvar2": 138.313339233,
        "max": 135.504592896,
        "mean": 42.6286888123,
        "median": 43.3492469788,
        "min": 4.07739925385,
        "var": 532.239013672
    },
    "hfc": {
        "dmean": 6.70688438416,
        "dmean2": 9.18652248383,
        "dvar": 121.903518677,
        "dvar2": 246.033340454,
        "max": 166.84085083,
        "mean": 23.8439273834,
        "median": 16.1746177673,
        "min": 1.16814856386e-16,
        "var": 752.936767578
    },
    "melbands_kurtosis": {
        "dmean": 8.67913150787,
        "dmean2": 13.6532688141,
        "dvar": 338.765899658,
        "dvar2": 819.649353027,
        "max": 266.403961182,
        "mean": 17.0950069427,
        "median": 8.27132225037,
        "min": -1.34897637367,
        "var": 677.210571289
    },
    "melbands_skewness": {
        "dmean": 0.75531744957,
        "dmean2": 1.1529750824,
        "dvar": 0.921616196632,
        "dvar2": 1.93747317791,
        "max": 14.780828476,
        "mean": 2.96216273308,
        "median": 2.55895185471,
        "min": -0.652707397938,
        "var": 4.03732299805
    },
    "melbands_spread": {
        "dmean": 6.40789318085,
        "dmean2": 10.119846344,
        "dvar": 81.4986114502,
        "dvar2": 171.953399658,
        "max": 140.234863281,
        "mean": 22.6430263519,
        "median": 16.3914279938,
        "min": 2.18049073219,
        "var": 351.689910889
    },
    "pitch_salience": {
        "dmean": 0.0742469504476,
        "dmean2": 0.117988526821,
        "dvar": 0.00479230703786,
        "dvar2": 0.011079352349,
        "max": 0.885604441166,
        "mean": 0.530909895897,
        "median": 0.53853058815,
        "min": 0.127852320671,
        "var": 0.0158819910139
    },
    "silence_rate_20dB": {
        "dmean": 0.00600600615144,
        "dmean2": 0.0120300753042,
        "dvar": 0.00596994254738,
        "dvar2": 0.0179004706442,
        "max": 1,
        "mean": 0.99700152874,
        "median": 1,
        "min": 0,
        "var": 0.0029895089101
    },
    "silence_rate_30dB": {
        "dmean": 0.0330330319703,
        "dmean2": 0.0661654099822,
        "dvar": 0.0319417528808,
        "dvar2": 0.0647952929139,
        "max": 1,
        "mean": 0.934032976627,
        "median": 1,
        "min": 0,
        "var": 0.0616158433259
    },
    "silence_rate_60dB": {
        "dmean": 0.0240240246058,
        "dmean2": 0.0481203012168,
        "dvar": 0.023446707055,
        "dvar2": 0.0548272430897,
        "max": 1,
        "mean": 0.0974512770772,
        "median": 0,
        "min": 0,
        "var": 0.0879560187459
    },
    "spectral_centroid": {
        "dmean": 229.619949341,
        "dmean2": 329.679473877,
        "dvar": 224248.8125,
        "dvar2": 248675.3125,
        "max": 11425.6064453,
        "mean": 1418.48291016,
        "median": 1308.27197266,
        "min": 254.339279175,
        "var": 858943.0625
    },
    "spectral_complexity": {
        "dmean": 3.61861872673,
        "dmean2": 5.54887199402,
        "dvar": 13.7884950638,
        "dvar2": 28.2385196686,
        "max": 56,
        "mean": 20.3628177643,
        "median": 20,
        "min": 0,
        "var": 169.031814575
    },
    "spectral_crest": {
        "dmean": 2.92219424248,
        "dmean2": 4.71065473557,
        "dvar": 7.09949302673,
        "dvar2": 16.9024372101,
        "max": 24.8726711273,
        "mean": 11.1801347733,
        "median": 10.0923652649,
        "min": 3.00703310966,
        "var": 25.2465057373
    },
    "spectral_decrease": {
        "dmean": 3.31707594725e-09,
        "dmean2": 5.34783639594e-09,
        "dvar": 6.88639572828e-17,
        "dvar2": 1.43048856426e-16,
        "max": 1.77560358906e-30,
        "mean": -8.64292637459e-09,
        "median": -4.9562505211e-09,
        "min": -1.1779403053e-07,
        "var": 1.70125786598e-16
    },
    "spectral_energy": {
        "dmean": 0.0128883011639,
        "dmean2": 0.0207457132638,
        "dvar": 0.00102565286215,
        "dvar2": 0.00212103524245,
        "max": 0.459713220596,
        "mean": 0.0347831249237,
        "median": 0.0206764619797,
        "min": 1.0637145243e-20,
        "var": 0.0026004225947
    },
    "spectral_energyband_high": {
        "dmean": 0.000582994194701,
        "dmean2": 0.000786402611993,
        "dvar": 1.15623106467e-06,
        "dvar2": 2.45438650381e-06,
        "max": 0.0171325281262,
        "mean": 0.00150399538688,
        "median": 0.000508744677063,
        "min": 7.49538322176e-21,
        "var": 6.36024333289e-06
    },
    "spectral_energyband_low": {
        "dmean": 0.0111887054518,
        "dmean2": 0.0181052610278,
        "dvar": 0.000985998776741,
        "dvar2": 0.00211575068533,
        "max": 0.427868306637,
        "mean": 0.0193585529923,
        "median": 0.00626656832173,
        "min": 2.01011398531e-23,
        "var": 0.00200759083964
    },
    "spectral_energyband_middle_high": {
        "dmean": 0.00113736675121,
        "dmean2": 0.00163916952442,
        "dvar": 2.6962791253e-06,
        "dvar2": 5.17924854648e-06,
        "max": 0.0291218198836,
        "mean": 0.00441307062283,
        "median": 0.00324900029227,
        "min": 1.74014647854e-21,
        "var": 2.05351643672e-05
    },
    "spectral_energyband_middle_low": {
        "dmean": 0.00360844004899,
        "dmean2": 0.00582443131134,
        "dvar": 3.03269443975e-05,
        "dvar2": 7.48892562115e-05,
        "max": 0.0864377841353,
        "mean": 0.010624088347,
        "median": 0.00713166873902,
        "min": 2.54790157431e-22,
        "var": 0.000123912497656
    },
    "spectral_flatness_db": {
        "dmean": 0.0212763622403,
        "dmean2": 0.0328657887876,
        "dvar": 0.000417809322244,
        "dvar2": 0.000930461159442,
        "max": 0.36833652854,
        "mean": 0.15820504725,
        "median": 0.134930640459,
        "min": 0.0308705996722,
        "var": 0.00644975434989
    },
    "spectral_flux": {
        "dmean": 0.0251584388316,
        "dmean2": 0.0423840843141,
        "dvar": 0.00179021584336,
        "dvar2": 0.00458860304207,
        "max": 0.448256343603,
        "mean": 0.077799975872,
        "median": 0.0690120011568,
        "min": 1.03136534035e-10,
        "var": 0.00369678577408
    },
    "spectral_kurtosis": {
        "dmean": 4.08006191254,
        "dmean2": 6.86018562317,
        "dvar": 65.4316864014,
        "dvar2": 178.884475708,
        "max": 113.674247742,
        "mean": 8.77524375916,
        "median": 2.98364782333,
        "min": -1.22971367836,
        "var": 199.451141357
    },
    "spectral_rms": {
        "dmean": 0.000833394995425,
        "dmean2": 0.00131324981339,
        "dvar": 1.91382787307e-06,
        "dvar2": 3.71549390366e-06,
        "max": 0.0211778357625,
        "mean": 0.00489413877949,
        "median": 0.00449134269729,
        "min": 3.22144416177e-12,
        "var": 9.98217456072e-06
    },
    "spectral_rolloff": {
        "dmean": 468.42755127,
        "dmean2": 784.294067383,
        "dvar": 1211087.5,
        "dvar2": 2347925.25,
        "max": 19099.9511719,
        "mean": 1493.21569824,
        "median": 882.861328125,
        "min": 86.1328125,
        "var": 3683235.5
    },
    "spectral_skewness": {
        "dmean": 0.332613557577,
        "dmean2": 0.551509618759,
        "dvar": 0.252571851015,
        "dvar2": 0.702401101589,
        "max": 7.78343248367,
        "mean": 1.72378218174,
        "median": 1.28833150864,
        "min": -0.0241606757045,
        "var": 1.28009009361
    },
    "spectral_spread": {
        "dmean": 600705.125,
        "dmean2": 752907.5625,
        "dvar": 3.37679037235e+12,
        "dvar2": 3.28475344896e+12,
        "max": 41613676,
        "mean": 4356845,
        "median": 4504834.5,
        "min": 817652.25,
        "var": 7.72808848179e+12
    },
    "spectral_strongpeak": {
        "dmean": 0.426524251699,
        "dmean2": 0.728749513626,
        "dvar": 0.684456467628,
        "dvar2": 1.60872423649,
        "max": 8.79208755493,
        "mean": 0.790054619312,
        "median": 0.448807626963,
        "min": 0,
        "var": 1.17069470882
    },
    "zerocrossingrate": {
        "dmean": 0.00969377625734,
        "dmean2": 0.0125506641343,
        "dvar": 0.000544000475202,
        "dvar2": 0.000962196500041,
        "max": 0.5,
        "mean": 0.0605710335076,
        "median": 0.05029296875,
        "min": 0.01025390625,
        "var": 0.00248644407839
    },
    "barkbands": {
        "dmean": [0.000220661560888, 0.0102009885013, 0.00173473299947, 0.000745391298551, 0.00192661664914, 0.00173981930129, 0.000493534549605, 0.000354991119821, 0.000351020367816, 0.000277674640529, 0.000196843830054, 0.000145312165841, 0.000199281508685, 0.000326557928929, 0.000275971164228, 0.000189568236237, 0.000317973695928, 0.000141899683513, 0.000214875573874, 0.000155418223585, 0.000145994345075, 0.000108221873234, 0.000128979983856, 0.000120395518024, 0.000102753241663, 6.20766659267e-05, 3.8655307435e-06],
        "dmean2": [0.000359914323781, 0.0165807697922, 0.00289991078898, 0.00116111757234, 0.00312285171822, 0.00271154707298, 0.000821327965241, 0.00056586554274, 0.000548932759557, 0.000439122697571, 0.000306722213281, 0.000226638687309, 0.000304312590742, 0.000451543397503, 0.000428131956141, 0.000303314795019, 0.000474946573377, 0.0002231678518, 0.000350102724042, 0.000240673980443, 0.000227419412113, 0.000166717640241, 0.000196581720957, 0.000179726805072, 0.000151454180013, 9.07893045223e-05, 6.5534627538e-06],
        "dvar": [3.00700349953e-07, 0.000895831384696, 2.09214995266e-05, 1.57162446612e-06, 1.1348535736e-05, 1.09403654278e-05, 5.82798065807e-07, 3.70879945422e-07, 3.36805157986e-07, 1.96172166511e-07, 4.61387713813e-07, 7.42224131045e-08, 1.00973522876e-07, 9.68412223301e-07, 2.52792005995e-07, 1.02388980849e-07, 3.66756978565e-07, 6.25357827744e-08, 1.0440869147e-07, 6.81198173424e-08, 9.08851518489e-08, 3.85457781249e-08, 7.80290179137e-08, 7.33736769121e-08, 5.26050101257e-08, 3.72818895755e-08, 3.29210325667e-10],
        "dvar2": [7.43422049254e-07, 0.00200685858727, 5.15336032549e-05, 3.87895806853e-06, 2.64172431343e-05, 2.67290652118e-05, 1.49133791183e-06, 9.05538854568e-07, 8.46908790209e-07, 4.96860366184e-07, 8.5703828745e-07, 1.68432208625e-07, 2.31805088902e-07, 1.45658407291e-06, 5.99128497925e-07, 2.66252413894e-07, 7.6715105024e-07, 1.52533587539e-07, 2.61195907569e-07, 1.62972028761e-07, 2.05737279657e-07, 9.50375635966e-08, 2.02825489737e-07, 1.65972622312e-07, 1.27917914483e-07, 7.69075541029e-08, 8.24535051347e-10],
        "max": [0.00564772542566, 0.388593137264, 0.0700445622206, 0.0221839286387, 0.0591173581779, 0.0438166186213, 0.00941083114594, 0.00697137974203, 0.00587774068117, 0.00627053389326, 0.0164306890219, 0.00432380847633, 0.00362274423242, 0.0224827043712, 0.00607487140223, 0.00452290847898, 0.00831440556794, 0.00365515053272, 0.00433434545994, 0.00396275194362, 0.00626226142049, 0.0030564784538, 0.00453481031582, 0.00301031116396, 0.00266840658151, 0.00316488463432, 0.000346087268554],
        "mean": [0.000324861961417, 0.015436003916, 0.0025328353513, 0.00168053805828, 0.00378392077982, 0.00317416153848, 0.000774673360866, 0.00054256094154, 0.000571975018829, 0.000396861607442, 0.00033236303716, 0.000262383633526, 0.000389988039387, 0.000639272795524, 0.00048581144074, 0.000344584026607, 0.000625822518487, 0.000298622238915, 0.000511904945597, 0.00036023571738, 0.000382898753742, 0.000236506399233, 0.00024209311232, 0.000211644073715, 0.000161570234923, 7.6212316344e-05, 2.83656368083e-06],
        "median": [4.40859621449e-05, 0.00307303899899, 0.00128058181144, 0.000659966957755, 0.00198535015807, 0.00100651057437, 0.000374318100512, 0.000267729337793, 0.000293195538688, 0.000208585057408, 0.000141130265547, 9.79152900982e-05, 0.000199191446882, 0.000151187166921, 0.000188740174053, 0.000169169099536, 0.000223467388423, 0.000160490162671, 0.000264999631327, 0.000180621806066, 0.000179105365532, 6.87041610945e-05, 3.90521563531e-05, 2.71300941677e-05, 1.70790590346e-05, 6.25315306024e-06, 3.13994541479e-09],
        "min": [1.17736874793e-23, 5.50452703509e-24, 3.54337385964e-24, 5.83905927916e-24, 6.09670874499e-24, 3.75854158799e-24, 4.36403469458e-23, 2.93549720982e-23, 6.29111333877e-23, 2.55330183208e-23, 4.06516306549e-23, 5.49733120368e-23, 9.95565244692e-23, 1.07987156694e-22, 1.62372199377e-22, 1.89430974084e-22, 1.05459602177e-22, 2.1662039678e-22, 2.40496957084e-22, 2.87470859821e-22, 3.73574939273e-22, 7.32932105923e-22, 4.44046951028e-22, 6.38031356475e-22, 9.70519844962e-22, 1.66143305389e-21, 2.36268975652e-21],
        "var": [4.94562243603e-07, 0.00173953676131, 2.2166646886e-05, 6.18795365881e-06, 4.31449952885e-05, 3.16454897984e-05, 1.23848940348e-06, 6.3517018134e-07, 5.74321290969e-07, 3.08520043291e-07, 9.84379653346e-07, 2.45039387892e-07, 2.74135402378e-07, 3.92146739614e-06, 5.62064769838e-07, 2.50087822451e-07, 9.87350631476e-07, 1.7055299395e-07, 4.19053918677e-07, 2.77046069641e-07, 4.0537923951e-07, 1.65205634062e-07, 2.13193914078e-07, 1.81014073064e-07, 1.16281178464e-07, 5.23342684744e-08, 3.04039182719e-10]
    },
    "erbbands": {
        "dmean": [0.24514169991, 2.44536733627, 2.50120425224, 2.23659658432, 4.50237178802, 6.67845964432, 14.1271772385, 11.731675148, 6.85727834702, 6.05018424988, 8.1194524765, 9.19868755341, 4.8224158287, 11.6356239319, 5.94472837448, 7.0816411972, 9.45257377625, 9.30658245087, 21.4813537598, 6.72541093826, 12.5482959747, 15.1128740311, 7.97585630417, 8.27282714844, 10.9953317642, 7.00450944901, 7.03731155396, 4.74184179306, 3.91104626656, 3.98039913177, 3.87712025642, 2.5046248436, 2.01747918129, 1.36678230762, 0.656239390373, 0.284124225378, 0.128433689475, 0.0159515626729, 0.000380472687539, 2.55312370427e-05],
        "dmean2": [0.409595400095, 3.95469856262, 4.32281589508, 3.55001831055, 6.99288654327, 10.7727270126, 22.5894126892, 18.0813827515, 11.317358017, 9.94326877594, 12.7767038345, 14.1041221619, 7.74655723572, 18.3488731384, 9.81262302399, 10.8841581345, 14.5434808731, 13.380396843, 32.6605911255, 10.7329044342, 18.8186569214, 22.0020084381, 12.7028036118, 13.5957431793, 17.5927238464, 10.8950815201, 10.6802072525, 7.43179559708, 6.25214910507, 6.04985237122, 6.05891036987, 3.70749497414, 3.03509449959, 2.09477853775, 0.952845513821, 0.421284019947, 0.184002488852, 0.0245958026499, 0.000592469237745, 3.78431614081e-05],
        "dvar": [0.514929413795, 51.6477050781, 45.73279953, 17.3925552368, 95.9114303589, 126.569465637, 992.523010254, 428.853271484, 94.5409240723, 151.375396729, 185.246444702, 207.719573975, 77.8036193848, 774.796020508, 98.6051254272, 187.932235718, 234.844085693, 425.762542725, 2066.32348633, 104.327255249, 527.928283691, 855.089172363, 202.299285889, 187.372009277, 322.994659424, 168.848846436, 214.807601929, 91.6928863525, 59.1300621033, 72.1871643066, 84.8614959717, 29.181476593, 22.387845993, 10.2562236786, 1.98312973976, 0.575793206692, 0.210899144411, 0.00556758558378, 2.67726863967e-06, 5.22837995121e-09],
        "dvar2": [1.32199621201, 112.172943115, 93.0575561523, 45.8810195923, 162.277786255, 319.913665771, 2588.10717773, 1008.99438477, 247.22505188, 390.731536865, 465.724151611, 479.283508301, 193.588272095, 1505.88110352, 232.157699585, 427.270019531, 546.141906738, 798.87677002, 4128.83691406, 259.748199463, 1273.74499512, 1737.34570312, 502.581481934, 503.164855957, 808.272155762, 394.592590332, 515.946838379, 208.729934692, 156.993469238, 184.28125, 238.536605835, 71.8523864746, 50.5001068115, 25.4160480499, 4.58435058594, 1.26097261906, 0.452517449856, 0.012848880142, 6.23173764325e-06, 1.10911910767e-08],
        "max": [8.46539497375, 94.1520690918, 88.8587799072, 56.9749221802, 251.391479492, 147.985092163, 441.375366211, 239.496154785, 104.076217651, 190.126174927, 144.334991455, 126.383720398, 107.786842346, 592.440368652, 151.63508606, 221.678421021, 153.065048218, 393.027252197, 839.401062012, 129.778564453, 314.49911499, 536.261108398, 197.340209961, 230.182907104, 187.023223877, 217.765258789, 313.014190674, 173.072311401, 138.802093506, 99.1024932861, 160.161361694, 88.5919494629, 46.513759613, 34.5517425537, 15.540760994, 9.90203952789, 7.46034145355, 1.58500599861, 0.0330290161073, 0.00141111109406],
        "mean": [0.346357792616, 3.73366999626, 3.95587134361, 5.28411245346, 9.03608512878, 12.2005758286, 26.031999588, 19.9148387909, 11.5454368591, 10.1840229034, 13.0197191238, 15.7485370636, 8.79201221466, 17.9458026886, 10.2928085327, 13.5873241425, 18.9140625, 20.1902294159, 43.6165809631, 15.1869192123, 26.3193378448, 30.5167064667, 17.8307609558, 20.1830215454, 24.9689846039, 17.8092651367, 17.6917877197, 12.6398134232, 8.74857139587, 7.85056686401, 6.88231420517, 4.58856916428, 3.49472784996, 2.0703690052, 0.997367799282, 0.378639012575, 0.146838456392, 0.0159958228469, 0.000389307300793, 5.62693276152e-05],
        "median": [0.0719278976321, 0.713178932667, 1.62983500957, 2.51142978668, 3.72431969643, 7.07625961304, 7.45112895966, 7.04690408707, 7.06614303589, 4.96348190308, 7.16469240189, 8.27788352966, 4.76522159576, 7.81743192673, 6.05169630051, 5.66054582596, 9.95769882202, 7.84559392929, 12.5660629272, 9.56798171997, 12.9747333527, 12.2565164566, 10.4297266006, 11.529671669, 12.8362770081, 9.55868148804, 8.80928707123, 5.73457193375, 2.28846812248, 1.96018111706, 1.09604775906, 0.652188837528, 0.429146945477, 0.224980160594, 0.105515390635, 0.0349187925458, 0.0109970346093, 0.000710027699824, 3.37901183229e-05, 2.82700766547e-05],
        "min": [2.91974990532e-22, 8.27048538305e-22, 3.76078311732e-21, 2.01476866476e-20, 1.43588570011e-20, 1.69880731963e-20, 1.67023146064e-20, 4.46090975714e-20, 3.17177494499e-19, 8.15593466532e-19, 8.97088334457e-19, 1.3066395178e-18, 1.24961058445e-18, 1.65545610204e-18, 1.43650511621e-18, 2.66345912028e-18, 3.69792623126e-18, 5.9498158475e-18, 8.23359948022e-18, 8.79759438291e-18, 1.12074395138e-17, 5.96876035148e-18, 1.1334815402e-17, 1.22979390123e-17, 1.20030565685e-17, 1.54223011019e-17, 1.75151110651e-17, 1.36032961933e-17, 2.65443979104e-17, 1.78963089786e-17, 1.28222970744e-17, 1.36072244741e-17, 9.93175909158e-18, 1.09446566409e-17, 7.15284334216e-18, 5.52772460607e-18, 2.93094927125e-18, 1.29144369296e-18, 3.01910402878e-19, 3.59056970366e-20],
        "var": [0.846678674221, 103.042022705, 69.4987411499, 48.6650466919, 550.47265625, 293.394500732, 2672.98022461, 1000.09729004, 178.716262817, 286.251861572, 270.690917969, 410.822753906, 152.513504028, 1613.70507812, 199.556411743, 630.923461914, 613.790649414, 1522.5559082, 7946.52685547, 293.900360107, 1436.37402344, 2339.5480957, 542.778686523, 632.651000977, 1067.88000488, 684.864379883, 944.771850586, 432.500366211, 250.52394104, 199.269073486, 194.158630371, 85.3053359985, 50.5717811584, 19.7248268127, 4.44184970856, 0.890574514866, 0.261581510305, 0.00605611223727, 2.94571191262e-06, 1.00161932082e-08]
    },
    "gfcc": {
        "mean": [-37.0525360107, 111.202987671, -118.359634399, 39.0241470337, -49.6963157654, 7.5136051178, -36.38697052, 5.76882314682, -23.8583316803, 3.41188025475, -13.2224054337, -2.64165234566, -6.96995639801],
        "cov": [[27641.9160156, -5512.17382812, 616.243896484, 3278.34936523, -1046.26525879, 2347.18212891, -1103.1986084, 1191.64904785, -639.657775879, 1146.99829102, -491.606689453, 1084.88208008, -186.902069092], [-5512.17382812, 3847.01733398, -965.532287598, -1518.28747559, 425.190795898, -1242.70532227, 377.384979248, -643.328857422, 161.986434937, -562.348693848, 171.667190552, -594.190063477, 131.744750977], [616.243896484, -965.532287598, 808.190246582, 400.050628662, -17.9566230774, 382.416625977, -96.6650619507, 192.188262939, -30.1203193665, 93.0326843262, -33.4670562744, 173.963745117, -45.8640289307], [3278.34936523, -1518.28747559, 400.050628662, 947.743713379, -138.167312622, 592.49609375, -186.449493408, 246.27243042, -84.0505142212, 247.478607178, -67.5064163208, 231.484298706, -58.5641822815], [-1046.26525879, 425.190795898, -17.9566230774, -138.167312622, 331.105163574, -171.225112915, 73.2010116577, -84.8865509033, 10.4982833862, -15.0196218491, 28.8920764923, -61.2767868042, 29.5815124512], [2347.18212891, -1242.70532227, 382.416625977, 592.49609375, -171.225112915, 593.11340332, -105.161773682, 230.352172852, -36.731754303, 183.526947021, -52.9430351257, 180.818252563, -56.0959510803], [-1103.1986084, 377.384979248, -96.6650619507, -186.449493408, 73.2010116577, -105.161773682, 158.064620972, -35.9002799988, 53.5941619873, -63.800868988, 17.7151298523, -79.4296340942, 11.4720115662], [1191.64904785, -643.328857422, 192.188262939, 246.27243042, -84.8865509033, 230.352172852, -35.9002799988, 208.743453979, 5.35402536392, 111.062805176, -28.9699497223, 117.256378174, -30.5352859497], [-639.657775879, 161.986434937, -30.1203193665, -84.0505142212, 10.4982833862, -36.731754303, 53.5941619873, 5.35402536392, 100.001739502, -2.04806685448, 34.8634223938, -35.1369171143, 1.53593575954], [1146.99829102, -562.348693848, 93.0326843262, 247.478607178, -15.0196218491, 183.526947021, -63.800868988, 111.062805176, -2.04806685448, 169.449127197, 7.56071043015, 102.846542358, -11.2915067673], [-491.606689453, 171.667190552, -33.4670562744, -67.5064163208, 28.8920764923, -52.9430351257, 17.7151298523, -28.9699497223, 34.8634223938, 7.56071043015, 73.1070175171, -6.73670482635, 13.9365911484], [1084.88208008, -594.190063477, 173.963745117, 231.484298706, -61.2767868042, 180.818252563, -79.4296340942, 117.256378174, -35.1369171143, 102.846542358, -6.73670482635, 163.629638672, 8.33517932892], [-186.902069092, 131.744750977, -45.8640289307, -58.5641822815, 29.5815124512, -56.0959510803, 11.4720115662, -30.5352859497, 1.53593575954, -11.2915067673, 13.9365911484, 8.33517932892, 54.0819969177]],
        "icov": [[0.000135657173814, -0.000299066858133, 0.000171768973814, -0.000246145529673, 0.000176159592229, -0.000347011373378, 0.000389472144889, -0.000422232842539, 0.000496171764098, -0.000647488399409, 0.000677075411659, -0.00033878267277, 2.76294340438e-05], [-0.000299066858133, 0.00282930745743, 0.000212357190321, 0.00121980358381, -0.00133638118859, 0.00176323624328, -0.000475227454444, 0.000954684452154, -0.00153107836377, 0.00448363414034, -0.00419316347688, 0.00371076841839, -0.00173686596099], [0.000171768973814, 0.000212357190321, 0.00295223481953, -8.27880721772e-05, -0.00166056549642, -0.00183628685772, 0.00187242846005, -0.00164112495258, -0.000315411569318, 0.00287717930041, -0.000385518855182, -0.00184830429498, 0.00116400921252], [-0.000246145529673, 0.00121980358381, -8.27880721772e-05, 0.00436452915892, -0.00115527387243, -0.00185309431981, 0.000855470541865, 0.00085311109433, -0.000216343745706, 0.000524494214915, -0.00116529886145, 0.000964331673458, 0.000111256907985], [0.000176159592229, -0.00133638118859, -0.00166056549642, -0.00115527387243, 0.00615301821381, 0.00165605964139, -0.00293112499639, 0.0013944755774, 0.00245838682167, -0.00659254007041, 0.00226920098066, 0.000252258992987, -0.00110362062696], [-0.000347011373378, 0.00176323624328, -0.00183628685772, -0.00185309431981, 0.00165605964139, 0.00866620149463, -0.00322998384945, 0.000522736925632, -0.0011453818297, -9.97406386887e-05, -0.00168620841578, 0.00211947388016, 0.000124523488921], [0.000389472144889, -0.000475227454444, 0.00187242846005, 0.000855470541865, -0.00293112499639, -0.00322998384945, 0.0144742550328, -0.00577886868268, -0.00247933063656, 0.00369509216398, 4.49462168035e-05, 0.00341752055101, -0.00275862636045], [-0.000422232842539, 0.000954684452154, -0.00164112495258, 0.00085311109433, 0.0013944755774, 0.000522736925632, -0.00577886868268, 0.0178924966604, -0.00655357213691, -0.00359060429037, 0.00481667928398, -0.00815164297819, 0.00630639865994], [0.000496171764098, -0.00153107836377, -0.000315411569318, -0.000216343745706, 0.00245838682167, -0.0011453818297, -0.00247933063656, -0.00655357213691, 0.0200506597757, -0.00616113794968, -0.0052175023593, 0.00554269133136, -0.00212983135134], [-0.000647488399409, 0.00448363414034, 0.00287717930041, 0.000524494214915, -0.00659254007041, -9.97406386887e-05, 0.00369509216398, -0.00359060429037, -0.00616113794968, 0.0262201428413, -0.0124645661563, 0.000499664864037, -0.000676154333632], [0.000677075411659, -0.00419316347688, -0.000385518855182, -0.00116529886145, 0.00226920098066, -0.00168620841578, 4.49462168035e-05, 0.00481667928398, -0.0052175023593, -0.0124645661563, 0.0289482232183, -0.0105906715617, 0.00240376940928], [-0.00033878267277, 0.00371076841839, -0.00184830429498, 0.000964331673458, 0.000252258992987, 0.00211947388016, 0.00341752055101, -0.00815164297819, 0.00554269133136, 0.000499664864037, -0.0105906715617, 0.0289301369339, -0.0157832000405], [2.76294340438e-05, -0.00173686596099, 0.00116400921252, 0.000111256907985, -0.00110362062696, 0.000124523488921, -0.00275862636045, 0.00630639865994, -0.00212983135134, -0.000676154333632, 0.00240376940928, -0.0157832000405, 0.0305356234312]]
    },
    "melbands": {
        "dmean": [0.00261728698388, 0.00202587177046, 0.000409367872635, 0.000420941883931, 0.00041777244769, 0.000270672986517, 0.000108532105514, 6.39124991721e-05, 6.66724517941e-05, 5.63357680221e-05, 2.41414782067e-05, 4.85420023324e-05, 2.23663901124e-05, 1.61449115694e-05, 1.77515394171e-05, 2.0421730369e-05, 2.06886015803e-05, 3.95269198634e-05, 1.47548526002e-05, 1.21332232084e-05, 1.76868779818e-05, 2.01512048079e-05, 1.21499124361e-05, 5.57770954401e-06, 7.7126924225e-06, 8.72095097293e-06, 6.10261849943e-06, 5.15288320457e-06, 5.01000477016e-06, 3.90009699913e-06, 2.74095236819e-06, 2.30800287682e-06, 2.39184123529e-06, 2.34248022934e-06, 2.40294411924e-06, 1.86016882253e-06, 1.58132820616e-06, 1.65051858403e-06, 1.33791991175e-06, 1.11077679321e-06],
        "dmean2": [0.00428808154538, 0.00332702579908, 0.000626453838777, 0.000688916828949, 0.000669045490213, 0.000417032541009, 0.000178849251824, 0.000104194608866, 0.000104897371784, 8.75276891747e-05, 3.87252621294e-05, 7.66715675127e-05, 3.58799952664e-05, 2.54056849371e-05, 2.80904005194e-05, 3.09959104925e-05, 3.00167230307e-05, 5.86148707953e-05, 2.25361782213e-05, 1.98295165319e-05, 2.63009023911e-05, 2.96636371786e-05, 1.8781522158e-05, 8.7794569481e-06, 1.27947605506e-05, 1.37790348163e-05, 9.96100789052e-06, 8.32436671772e-06, 8.10199253465e-06, 6.14240207142e-06, 4.3861332415e-06, 3.71445935343e-06, 3.85617704524e-06, 3.54236635758e-06, 3.84708437196e-06, 2.88245109914e-06, 2.36948585552e-06, 2.50898779086e-06, 2.11068913814e-06, 1.69800171079e-06],
        "dvar": [5.88879411225e-05, 3.19621576637e-05, 5.98054214151e-07, 6.48202330922e-07, 7.61291801155e-07, 2.20031353138e-07, 2.42105873127e-08, 1.70825362744e-08, 1.32956845533e-08, 7.53124229647e-09, 1.96254767992e-09, 1.16607603573e-08, 2.58957699728e-09, 7.19744708277e-10, 7.52824247385e-10, 1.11001940972e-09, 2.86759349599e-09, 8.95160479075e-09, 5.61765745033e-10, 3.86408377517e-10, 1.24422883108e-09, 1.79249115551e-09, 7.4153305718e-10, 7.45299238991e-11, 1.79913625664e-10, 2.23710300284e-10, 1.07306524777e-10, 9.73975414209e-11, 1.22598819985e-10, 5.43289614685e-11, 3.26014493179e-11, 2.03370514873e-11, 2.17009240439e-11, 2.66934321869e-11, 3.35362224102e-11, 1.37644956197e-11, 1.31058063707e-11, 1.79302354214e-11, 9.05718382238e-12, 6.87815039299e-12],
        "dvar2": [0.000138719042297, 6.38813071419e-05, 1.4853239918e-06, 1.53576058892e-06, 1.98385646399e-06, 5.18575177466e-07, 6.28238012723e-08, 4.33213998008e-08, 3.44064368107e-08, 1.7465319857e-08, 4.92049023748e-09, 2.32191617044e-08, 5.1943267465e-09, 1.70520908505e-09, 1.81929016296e-09, 2.28945484793e-09, 5.25290611009e-09, 1.5990135438e-08, 1.30450017455e-09, 1.01521080431e-09, 2.91008528386e-09, 3.57051588296e-09, 1.77812264912e-09, 1.7365545113e-10, 5.00435415329e-10, 5.72740577187e-10, 2.72790345868e-10, 2.46081904853e-10, 2.95290875085e-10, 1.32005725795e-10, 7.40855085613e-11, 5.45275075092e-11, 5.67048907829e-11, 6.880300496e-11, 9.50291095814e-11, 3.55173598865e-11, 3.12248525647e-11, 4.05212599586e-11, 2.2931911578e-11, 1.70759604373e-11],
        "max": [0.0968731120229, 0.077854655683, 0.0131739992648, 0.0150782456622, 0.0114982528612, 0.00486093992367, 0.00185068044811, 0.0021205439698, 0.0012824939331, 0.00074275303632, 0.000556179264095, 0.00217848457396, 0.00111508497503, 0.000425398728112, 0.000314730976243, 0.0004339281586, 0.00102743052412, 0.00200006063096, 0.000260252010776, 0.000202294599148, 0.000410692795413, 0.000758436799515, 0.000388677202864, 0.00010771950474, 0.000221887006774, 0.000167781035998, 0.000119725176773, 0.00013914219744, 0.000217821783735, 0.000138186835102, 0.000108397922304, 7.39054157748e-05, 6.67626445647e-05, 5.60513144592e-05, 9.62264603004e-05, 5.51812117919e-05, 5.24760289409e-05, 4.6794397349e-05, 2.66266251856e-05, 3.08930502797e-05],
        "mean": [0.00393243832514, 0.00327564496547, 0.000955199357122, 0.00080897641601, 0.000794968218543, 0.000473414140288, 0.000176724250196, 0.000107960608148, 0.00010715208191, 9.31230533752e-05, 4.04096426792e-05, 7.17669390724e-05, 3.75749405066e-05, 2.94708643196e-05, 3.37637138728e-05, 4.07701845688e-05, 3.94148119085e-05, 8.05106246844e-05, 2.6583124054e-05, 2.12923205254e-05, 3.41106133419e-05, 3.71286078007e-05, 2.13206021726e-05, 1.17132731248e-05, 1.65281544469e-05, 1.88616668311e-05, 1.40723359436e-05, 1.13082332973e-05, 1.139685628e-05, 9.56070925895e-06, 6.38389929009e-06, 4.83949042973e-06, 4.52083531854e-06, 4.26337555837e-06, 4.11008386436e-06, 3.21905076817e-06, 2.69086172011e-06, 2.75160323326e-06, 1.93804385162e-06, 1.64488460541e-06],
        "median": [0.000823144859169, 0.000982820056379, 0.000481093011331, 0.000369873072486, 0.000279764150036, 0.000162535667187, 0.000102479578345, 5.52021665499e-05, 5.99111735937e-05, 4.6144155931e-05, 2.05984597414e-05, 2.88739083771e-05, 1.83890097105e-05, 1.27797738969e-05, 1.5975721908e-05, 2.10894977499e-05, 1.22325354823e-05, 1.91447106772e-05, 1.25533360915e-05, 1.08190342871e-05, 1.46846896314e-05, 1.11250128612e-05, 9.4755050668e-06, 7.06354967406e-06, 8.54698282637e-06, 8.86120324139e-06, 7.42660768083e-06, 5.24815732206e-06, 4.70069198855e-06, 4.56478710475e-06, 2.3756997507e-06, 1.1960678421e-06, 1.19893968531e-06, 9.66151901594e-07, 6.23619484941e-07, 4.65347653744e-07, 3.65486698684e-07, 3.20093988648e-07, 2.14128760945e-07, 1.89047526078e-07],
        "min": [2.55966509969e-24, 1.6100125497e-24, 3.2232787562e-24, 1.72112469288e-24, 4.95837979635e-25, 9.28997903514e-25, 6.41520147471e-24, 8.53458121509e-24, 8.55971511239e-24, 7.54408272932e-24, 5.67768910353e-24, 6.1115444576e-24, 4.56440284015e-24, 6.04432128113e-24, 7.4376070175e-24, 8.79539756301e-24, 9.01284549382e-24, 1.38533236184e-23, 1.0230900374e-23, 1.05018165081e-23, 1.20146978965e-23, 6.11305828168e-24, 7.10571903518e-24, 1.0099199257e-23, 8.41679639333e-24, 7.73707833865e-24, 9.55776773018e-24, 1.01796228375e-23, 1.09055152875e-23, 8.68041240861e-24, 8.27736128402e-24, 1.56576630788e-23, 1.26492307873e-23, 8.43793944331e-24, 6.72334789923e-24, 8.6180963414e-24, 7.95261012631e-24, 6.72763851369e-24, 7.33284786701e-24, 9.52217274841e-24],
