{
"metadata": {
    "version": {
        "essentia": "2.0.1",
        "extractor": "archive-music 1.0"
    },
    "audio_properties": {
        "analysis_sample_rate": 44100,
        "bitrate": 128,
        "channels": 2,
        "equal_loudness": 0,
        "length": 15.6734695435,
        "replay_gain": -10.4979305267,
        "downmix": "mix"
    },
    "tags": {
        "track": 4,
        "year": 0,
        "album": "Departure",
        "artist": "Capashen",
        "comment": "",
        "genre": "Other",
        "title": "Bombay Ruby (Dirty electro)"
    }
},
"highlevel": {
    "culture": {
        "all": {
            "non_western": 0.0258421767503,
            "western": 0.974157810211
        },
        "probability": 0.974157810211,
        "value": "western"
    },
    "danceability": {
        "all": {
            "danceable": 0.197862118483,
            "not_danceable": 0.80213791132
        },
        "probability": 0.80213791132,
        "value": "not_danceable"
    },
    "gender": {
        "all": {
            "female": 0.963428258896,
            "male": 0.0365717336535
        },
        "probability": 0.963428258896,
        "value": "female"
    },
    "genre_dortmund": {
        "all": {
            "alternative": 0.0998210608959,
            "blues": 0.00781277380884,
            "electronic": 0.0950221568346,
            "folkcountry": 0.130244731903,
            "funksoulrnb": 0.0704345107079,
            "jazz": 0.123788803816,
            "pop": 0.218810901046,
            "raphiphop": 0.00932267867029,
            "rock": 0.244742393494
        },
        "probability": 0.244742393494,
        "value": "rock"
    },
    "genre_electronic": {
        "all": {
            "ambient": 0.391053885221,
            "dnb": 0.534380972385,
            "house": 0.0204259958118,
            "techno": 0.00964604131877,
            "trance": 0.0444931089878
        },
        "probability": 0.534380972385,
        "value": "dnb"
    },
    "genre_rosamerica": {
        "all": {
            "cla": 0.170800730586,
            "dan": 0.046989094466,
            "hip": 0.0182002130896,
            "jaz": 0.0411073677242,
            "pop": 0.292687028646,
            "rhy": 0.0335099734366,
            "roc": 0.386680841446,
            "spe": 0.0100247571245
        },
        "probability": 0.386680841446,
        "value": "roc"
    },
    "genre_tzanetakis": {
        "all": {
            "blu": 0.000551905541215,
            "cla": 0.00317115196958,
            "cou": 0.00171303597745,
            "dis": 0.00653225043789,
            "hip": 0.00445232540369,
            "jaz": 0.0198991131037,
            "met": 0.00575869111344,
            "pop": 0.0423838235438,
            "reg": 0.0473026297987,
            "roc": 0.868235051632
        },
        "probability": 0.868235051632,
        "value": "roc"
    },
    "mirex_ballroom": {
        "all": {
            "ChaChaCha": 0.0426342003047,
            "Jive": 0.695238053799,
            "Quickstep": 0.053740631789,
            "Rumba-American": 0.00283474638127,
            "Rumba-International": 0.00946110207587,
            "Rumba-Misc": 0.00468281842768,
            "Samba": 0.0441090427339,
            "Tango": 0.00393904093653,
            "VienneseWaltz": 0.134714633226,
            "Waltz": 0.0086457291618
        },
        "probability": 0.695238053799,
        "value": "Jive"
    },
    "mood_acoustic": {
        "all": {
            "acoustic": 0.0594685003161,
            "not_acoustic": 0.940531492233
        },
        "probability": 0.940531492233,
        "value": "not_acoustic"
    },
    "mood_aggressive": {
        "all": {
            "aggressive": 0.0889449045062,
            "not_aggressive": 0.911055088043
        },
        "probability": 0.911055088043,
        "value": "not_aggressive"
    },
    "mood_electronic": {
        "all": {
            "electronic": 0.632093369961,
            "not_electronic": 0.367906630039
        },
        "probability": 0.632093369961,
        "value": "electronic"
    },
    "mood_happy": {
        "all": {
            "happy": 0.945034444332,
            "not_happy": 0.0549655519426
        },
        "probability": 0.945034444332,
        "value": "happy"
    },
    "mood_party": {
        "all": {
            "not_party": 0.268845140934,
            "party": 0.731154859066
        },
        "probability": 0.731154859066,
        "value": "party"
    },
    "mood_relaxed": {
        "all": {
            "not_relaxed": 0.972540974617,
            "relaxed": 0.0274590197951
        },
        "probability": 0.972540974617,
        "value": "not_relaxed"
    },
    "mood_sad": {
        "all": {
            "not_sad": 0.83547949791,
            "sad": 0.164520516992
        },
        "probability": 0.83547949791,
        "value": "not_sad"
    },
    "moods_mirex": {
        "all": {
            "Cluster1": 0.194288745522,
            "Cluster2": 0.411482989788,
            "Cluster3": 0.140759751201,
            "Cluster4": 0.0739721357822,
            "Cluster5": 0.179496392608
        },
        "probability": 0.411482989788,
        "value": "Cluster2"
    },
    "timbre": {
        "all": {
            "bright": 0.899663031101,
            "dark": 0.100336946547
        },
        "probability": 0.899663031101,
        "value": "bright"
    },
    "tonal_atonal": {
        "all": {
            "atonal": 0.041328586638,
            "tonal": 0.95867139101
        },
        "probability": 0.95867139101,
        "value": "tonal"
    },
    "voice_instrumental": {
        "all": {
            "instrumental": 3.43389147019e-05,
            "voice": 0.999965667725
        },
        "probability": 0.999965667725,
        "value": "voice"
    }
},
"lowlevel": {
    "average_loudness": 0.909766316414,
    "barkbands_kurtosis": {
        "dmean": 1.03607022762,
        "dmean2": 1.5420678854,
        "dvar": 1.26717531681,
        "dvar2": 2.76180052757,
        "max": 10.7222671509,
        "mean": 0.779404580593,
        "median": 0.417472243309,
        "min": -1.58423030376,
        "var": 2.61993217468
    },
    "barkbands_skewness": {
        "dmean": 0.348821371794,
        "dmean2": 0.523137032986,
        "dvar": 0.113184556365,
        "dvar2": 0.251642733812,
        "max": 3.36447167397,
        "mean": 1.06184077263,
        "median": 1.00159561634,
        "min": -2.02772426605,
        "var": 0.315026402473
    },
    "barkbands_spread": {
        "dmean": 6.4059677124,
        "dmean2": 9.28992271423,
        "dvar": 43.4403114319,
        "dvar2": 96.5246200562,
        "max": 71.8512573242,
        "mean": 29.4310512543,
        "median": 26.8518371582,
        "min": 11.5103216171,
        "var": 108.613731384
    },
    "dissonance": {
        "dmean": 0.0161531679332,
        "dmean2": 0.0272790268064,
        "dvar": 0.000202118884772,
        "dvar2": 0.000538476626389,
        "max": 0.499838620424,
        "mean": 0.470254153013,
        "median": 0.472234576941,
        "min": 0.354752808809,
        "var": 0.000313330208883
    },
    "dynamic_complexity": 4.25124597549,
    "erbbands_kurtosis": {
        "dmean": 0.490720301867,
        "dmean2": 0.787868618965,
        "dvar": 0.301746368408,
        "dvar2": 0.674874842167,
        "max": 4.08924007416,
        "mean": -0.245222508907,
        "median": -0.398427128792,
        "min": -1.52585506439,
        "var": 0.721859037876
    },
    "erbbands_skewness": {
        "dmean": 0.255520641804,
        "dmean2": 0.413381546736,
        "dvar": 0.0547426901758,
        "dvar2": 0.124403387308,
        "max": 1.75597214699,
        "mean": 0.43368345499,
        "median": 0.438456535339,
        "min": -0.79096364975,
        "var": 0.138516932726
    },
    "erbbands_spread": {
        "dmean": 7.89617490768,
        "dmean2": 11.9766817093,
        "dvar": 51.05260849,
        "dvar2": 107.761390686,
        "max": 89.1873550415,
        "mean": 45.0105934143,
        "median": 43.928855896,
        "min": 18.8897838593,
        "var": 167.976867676
    },
    "hfc": {
        "dmean": 8.22341537476,
        "dmean2": 12.0615549088,
        "dvar": 149.228530884,
        "dvar2": 312.731140137,
        "max": 141.695709229,
        "mean": 26.3761062622,
        "median": 20.0371265411,
        "min": 1.16642207249e-16,
        "var": 550.86730957
    },
    "melbands_kurtosis": {
        "dmean": 2.84968423843,
        "dmean2": 4.41313171387,
        "dvar": 16.3133773804,
        "dvar2": 33.4353256226,
        "max": 52.4888687134,
        "mean": 6.04392242432,
        "median": 4.49132680893,
        "min": -1.25385773182,
        "var": 29.3046092987
    },
    "melbands_skewness": {
        "dmean": 0.472721219063,
        "dmean2": 0.73769569397,
        "dvar": 0.243029609323,
        "dvar2": 0.50631737709,
        "max": 6.6502995491,
        "mean": 2.01227235794,
        "median": 1.83125078678,
        "min": -0.1744184196,
        "var": 0.691325306892
    },
    "melbands_spread": {
        "dmean": 8.80385303497,
        "dmean2": 13.2868719101,
        "dvar": 124.555046082,
        "dvar2": 308.603607178,
        "max": 145.018432617,
        "mean": 32.9496650696,
        "median": 30.7360839844,
        "min": 8.64280223846,
        "var": 231.583648682
    },
    "pitch_salience": {
        "dmean": 0.0616259537637,
        "dmean2": 0.0981157645583,
        "dvar": 0.00256581767462,
        "dvar2": 0.00575903570279,
        "max": 0.900917410851,
        "mean": 0.614049017429,
        "median": 0.620266318321,
        "min": 0.238024786115,
        "var": 0.007289304398
    },
    "silence_rate_20dB": {
        "dmean": 0,
        "dmean2": 0,
        "dvar": 0,
        "dvar2": 0,
        "max": 1,
        "mean": 1,
        "median": 1,
        "min": 1,
        "var": 0
    },
    "silence_rate_30dB": {
        "dmean": 0,
        "dmean2": 0,
        "dvar": 0,
        "dvar2": 0,
        "max": 1,
        "mean": 1,
        "median": 1,
        "min": 1,
        "var": 0
    },
    "silence_rate_60dB": {
        "dmean": 0.0118518518284,
        "dmean2": 0.0237388722599,
        "dvar": 0.011711508967,
        "dvar2": 0.026142751798,
        "max": 1,
        "mean": 0.0813609436154,
        "median": 0,
        "min": 0,
        "var": 0.0747417509556
    },
    "spectral_centroid": {
        "dmean": 312.518127441,
        "dmean2": 446.204986572,
        "dvar": 224818.34375,
        "dvar2": 288499.46875,
        "max": 10922.1455078,
        "mean": 1619.42700195,
        "median": 1570.00366211,
        "min": 571.245910645,
        "var": 448830.6875
    },
    "spectral_complexity": {
        "dmean": 4.29037046432,
        "dmean2": 6.45400571823,
        "dvar": 17.847536087,
        "dvar2": 39.4496459961,
        "max": 53,
        "mean": 22.0798816681,
        "median": 22,
        "min": 0,
        "var": 137.088348389
    },
    "spectral_crest": {
        "dmean": 2.01772880554,
        "dmean2": 3.12694954872,
        "dvar": 3.20936512947,
        "dvar2": 7.26968097687,
        "max": 20.9718914032,
        "mean": 7.41895198822,
        "median": 6.5878868103,
        "min": 1.95441806316,
        "var": 10.9660806656
    },
    "spectral_decrease": {
        "dmean": 1.13890752385e-09,
        "dmean2": 1.76060888091e-09,
        "dvar": 2.55009794644e-18,
        "dvar2": 5.60234456913e-18,
        "max": 5.79061833215e-29,
        "mean": -4.69771199718e-09,
        "median": -4.19347667702e-09,
        "min": -1.63644848783e-08,
        "var": 1.34032061663e-17
    },
    "spectral_energy": {
        "dmean": 0.0048459675163,
        "dmean2": 0.00732448045164,
        "dvar": 4.35898145952e-05,
        "dvar2": 9.53623239184e-05,
        "max": 0.0708569064736,
        "mean": 0.0201226528734,
        "median": 0.0180758852512,
        "min": 1.09483315588e-20,
        "var": 0.000244150229264
    },
    "spectral_energyband_high": {
        "dmean": 0.000781216716859,
        "dmean2": 0.00114174454939,
        "dvar": 1.58659838689e-06,
        "dvar2": 3.37646292792e-06,
        "max": 0.0127548193559,
        "mean": 0.00178149866406,
        "median": 0.00124464405235,
        "min": 8.00499756492e-21,
        "var": 3.7951831473e-06
    },
    "spectral_energyband_low": {
        "dmean": 0.000479512731545,
        "dmean2": 0.000779689929914,
        "dvar": 6.47305455459e-07,
        "dvar2": 1.63743709436e-06,
        "max": 0.00683721061796,
        "mean": 0.000693639216479,
        "median": 0.000386334373616,
        "min": 6.40855768817e-23,
        "var": 8.47125875225e-07
    },
    "spectral_energyband_middle_high": {
        "dmean": 0.00223102513701,
        "dmean2": 0.0034769247286,
        "dvar": 1.12637626444e-05,
        "dvar2": 2.36302093981e-05,
        "max": 0.0330422073603,
        "mean": 0.0070356442593,
        "median": 0.00402008509263,
        "min": 1.52736345461e-21,
        "var": 5.02863949805e-05
    },
    "spectral_energyband_middle_low": {
        "dmean": 0.00360875879414,
        "dmean2": 0.00559010822326,
        "dvar": 2.70481214102e-05,
        "dvar2": 6.85805644025e-05,
        "max": 0.0511458776891,
        "mean": 0.0110743576661,
        "median": 0.00921685248613,
        "min": 3.40952019367e-22,
        "var": 8.88420909178e-05
    },
    "spectral_flatness_db": {
        "dmean": 0.0175029821694,
        "dmean2": 0.0233467407525,
        "dvar": 0.000207714081625,
        "dvar2": 0.000439521332737,
        "max": 0.197577610612,
        "mean": 0.0956949666142,
        "median": 0.0941879451275,
        "min": 0.0130507415161,
        "var": 0.00163709942717
    },
    "spectral_flux": {
        "dmean": 0.0199615526944,
        "dmean2": 0.0319588109851,
        "dvar": 0.000574170378968,
        "dvar2": 0.00151375832502,
        "max": 0.211790472269,
        "mean": 0.0712832510471,
        "median": 0.0613122731447,
        "min": 1.06315747872e-10,
        "var": 0.00152998545673
    },
    "spectral_kurtosis": {
        "dmean": 0.685956776142,
        "dmean2": 1.10754597187,
        "dvar": 0.489604145288,
        "dvar2": 1.23297715187,
        "max": 8.91493034363,
        "mean": 2.09377217293,
        "median": 1.94456028938,
        "min": -1.19642746449,
        "var": 1.21159493923
    },
    "spectral_rms": {
        "dmean": 0.000498567475006,
        "dmean2": 0.000746887060814,
        "dvar": 3.27707880388e-07,
        "dvar2": 7.08181687514e-07,
        "max": 0.0083143664524,
        "mean": 0.00401967205107,
        "median": 0.00419938191772,
        "min": 3.26822575079e-12,
        "var": 3.47408195012e-06
    },
    "spectral_rolloff": {
        "dmean": 999.842407227,
        "dmean2": 1582.85046387,
        "dvar": 2199013.75,
        "dvar2": 4727194,
        "max": 18776.953125,
        "mean": 2499.9206543,
        "median": 1873.38867188,
        "min": 236.865234375,
        "var": 4081047.5
    },
    "spectral_skewness": {
        "dmean": 0.138429328799,
        "dmean2": 0.217181235552,
        "dvar": 0.0184741429985,
        "dvar2": 0.034538757056,
        "max": 2.21535801888,
        "mean": 1.19678997993,
        "median": 1.17481899261,
        "min": -0.00459816772491,
        "var": 0.0749375969172
    },
    "spectral_spread": {
        "dmean": 612485.8125,
        "dmean2": 837691.75,
        "dvar": 3.04864742605e+12,
        "dvar2": 3.1680668631e+12,
        "max": 39826356,
        "mean": 5550244.5,
        "median": 5321546.5,
        "min": 2867559.25,
        "var": 4.59211276288e+12
    },
    "spectral_strongpeak": {
        "dmean": 0.511876761913,
        "dmean2": 0.893383920193,
        "dvar": 0.431590110064,
        "dvar2": 1.01729691029,
        "max": 6.10939216614,
        "mean": 0.972572743893,
        "median": 0.782685756683,
        "min": 0,
        "var": 0.869212388992
    },
    "zerocrossingrate": {
        "dmean": 0.0161067713052,
        "dmean2": 0.0187379736453,
        "dvar": 0.000622358697001,
        "dvar2": 0.00113583100028,
        "max": 0.51708984375,
        "mean": 0.0932400524616,
        "median": 0.08447265625,
        "min": 0.02978515625,
        "var": 0.00220457813703
    },
    "barkbands": {
        "dmean": [1.12140969577e-05, 0.000161422067322, 0.000136646296596, 0.000740755989682, 0.00198182440363, 0.00117733050138, 0.00065414927667, 0.000822678324766, 0.000540875829756, 0.00113368139137, 0.000596265948843, 0.000410097185522, 0.000521552923601, 0.000322764972225, 0.000276247126749, 0.000235066501773, 0.000154951558216, 0.000125675273011, 0.000128141502501, 0.000149215396959, 0.000165111006936, 0.000216746149817, 0.000156607304234, 0.000121930032037, 0.000107338557427, 5.59824002266e-05, 4.4759958655e-06],
        "dmean2": [1.81486666406e-05, 0.000289779709419, 0.000218750079512, 0.00126154639293, 0.00295853591524, 0.00178392312955, 0.00110650504939, 0.00132358982228, 0.000900631072, 0.00177060393617, 0.000975496543106, 0.00066912395414, 0.000777003762778, 0.000542985158972, 0.000468911690405, 0.00038456855691, 0.000252178258961, 0.000199817746761, 0.000208302939427, 0.000250478420639, 0.000265388865955, 0.000333802599926, 0.000237997504883, 0.000182936986675, 0.000170675790287, 8.27178155305e-05, 7.20709522284e-06],
        "dvar": [7.05684621849e-10, 1.38467129318e-07, 7.83371234547e-08, 4.14723808717e-06, 1.08093772724e-05, 3.1296619909e-06, 1.6371966467e-06, 2.03471495297e-06, 1.40726808695e-06, 3.6754042867e-06, 1.89420200059e-06, 2.16861948843e-07, 8.53510812249e-07, 2.30365913012e-07, 2.53894995694e-07, 1.2970204466e-07, 4.36002665083e-08, 2.82945720187e-08, 3.05838909753e-08, 4.2627050334e-08, 6.39901642785e-08, 1.45003411944e-07, 6.42104041049e-08, 4.58096991451e-08, 4.57021478439e-08, 9.6285885931e-09, 9.51198217414e-11],
        "dvar2": [1.59701496472e-09, 3.95342766524e-07, 2.02751422762e-07, 1.03039446913e-05, 2.65037069767e-05, 7.57596762924e-06, 4.4453299779e-06, 4.60413775727e-06, 3.64617767445e-06, 7.75619628257e-06, 4.1820635488e-06, 5.14747057423e-07, 1.3727926671e-06, 5.66752419218e-07, 6.71010582209e-07, 3.29579080471e-07, 1.12166887334e-07, 6.3535622985e-08, 7.74412143301e-08, 1.0999350053e-07, 1.46587041172e-07, 3.41699148976e-07, 1.37390387067e-07, 1.02783481282e-07, 1.16420409313e-07, 2.21369500508e-08, 2.31637570236e-10],
        "max": [0.000279018539004, 0.0029195365496, 0.00281772366725, 0.0174000971019, 0.0355817601085, 0.0230854973197, 0.0132378851995, 0.0151290623471, 0.0153026012704, 0.023050820455, 0.0195296965539, 0.00507499882951, 0.0140928113833, 0.00471016112715, 0.00505297537893, 0.00389596191235, 0.00202540098689, 0.00202061026357, 0.00239674653858, 0.00193799764384, 0.00332076265477, 0.0042043691501, 0.00241823331453, 0.00225710938685, 0.0014984968584, 0.00071724539157, 8.96150959306e-05],
        "mean": [1.34128431455e-05, 0.000194044070668, 0.000169020990143, 0.000949731853325, 0.00404292438179, 0.00242260377854, 0.00106601847801, 0.00147588050459, 0.000923008541577, 0.00182940333616, 0.000911672890652, 0.000709629210178, 0.00109546026215, 0.000610190618318, 0.000463018222945, 0.000472097832244, 0.000316196295898, 0.000273357669357, 0.000270472519333, 0.000325473432895, 0.000358021061402, 0.000467475038022, 0.000350993068423, 0.000206422133488, 0.000128540254082, 7.29712628527e-05, 4.61567969978e-06],
        "median": [7.29813905309e-07, 7.53004860599e-06, 5.79945699428e-05, 0.000336981756845, 0.00176368583925, 0.00116386217996, 0.000442237476818, 0.000517292821314, 0.000372609007172, 0.000733650871553, 0.000247513235081, 0.000474187167129, 0.000339611899108, 0.000317883794196, 0.000193321320694, 0.000298489263514, 0.000213960942347, 0.000169367252965, 0.000186121818842, 0.000236899126321, 0.00024756725179, 0.000334107200615, 0.000221927854, 0.000103087979369, 3.90234417864e-05, 2.17921733565e-05, 5.73923443881e-07],
        "min": [4.61769078873e-24, 4.28650102719e-23, 1.58356569203e-23, 4.98286594024e-24, 3.15873253977e-23, 5.44132081723e-23, 3.84170054361e-23, 4.02045610919e-23, 6.80721959067e-23, 2.88484918426e-23, 4.57753106334e-23, 4.75997912904e-23, 3.06942149461e-23, 5.97815707154e-23, 9.32840831525e-23, 1.30842792146e-22, 1.52607249951e-22, 1.52108664616e-22, 2.06548435312e-22, 3.03642331673e-22, 4.53523783207e-22, 4.7041060675e-22, 6.40465188005e-22, 8.75380543977e-22, 1.14746732872e-21, 1.84329666832e-21, 2.26967212533e-21],
        "var": [1.01561126176e-09, 1.74187064772e-07, 8.31902156051e-08, 4.28282919529e-06, 2.75709226116e-05, 1.03934689832e-05, 3.04293075715e-06, 4.41795964434e-06, 3.02508442473e-06, 9.57400789048e-06, 3.83803853765e-06, 5.49160290575e-07, 3.49029050994e-06, 5.57158159609e-07, 4.82968232518e-07, 2.85533332089e-07, 1.07646918934e-07, 9.30781283159e-08, 8.20482810582e-08, 1.04991798366e-07, 1.57849171956e-07, 2.89339425308e-07, 1.65877864333e-07, 9.06031445425e-08, 4.89266334114e-08, 1.36389388672e-08, 1.10861493596e-10]
    },
    "erbbands": {
        "dmean": [0.00589165370911, 0.0345632992685, 0.123999238014, 1.18513834476, 4.8127617836, 6.19802284241, 11.9883441925, 8.91994476318, 10.339050293, 10.0058479309, 16.705242157, 10.1848907471, 24.9745426178, 34.6015510559, 15.393825531, 14.7113494873, 26.1837234497, 13.8740234375, 15.6538486481, 10.3209323883, 12.486582756, 9.22407054901, 6.16267633438, 7.59086322784, 5.62396144867, 7.28496837616, 6.89106559753, 7.02198934555, 7.69365739822, 6.47430324554, 4.69316339493, 3.02625846863, 1.90321147442, 1.29068183899, 0.693148732185, 0.317494362593, 0.0934312492609, 0.0160645172, 0.000431426422438, 1.68960741576e-05],
        "dmean2": [0.0102444356307, 0.0616912432015, 0.201244190335, 1.94312226772, 7.84602546692, 10.1076478958, 16.3472919464, 13.5054569244, 16.8775520325, 16.8251686096, 26.862449646, 16.8741073608, 40.3390541077, 54.382648468, 24.4361534119, 23.9902000427, 38.3876037598, 22.6554203033, 26.1265583038, 17.1960334778, 20.4479446411, 15.085518837, 9.60407924652, 12.0067396164, 9.29436206818, 12.2586660385, 11.3106307983, 10.9245653152, 11.6004295349, 10.2052755356, 7.10865831375, 4.56709480286, 2.91049027443, 2.04996109009, 1.08999300003, 0.485718727112, 0.142155453563, 0.0247706659138, 0.000677858770359, 2.48849446507e-05],
        "dvar": [0.000179068825673, 0.00640231510624, 0.0609753243625, 8.54173946381, 148.954498291, 148.743255615, 272.175109863, 285.664459229, 385.514038086, 340.407836914, 701.803588867, 530.418518066, 1783.22875977, 3779.88671875, 1909.28356934, 303.917022705, 2238.80273438, 474.767181396, 533.647155762, 270.238800049, 348.5675354, 171.943145752, 71.3194198608, 107.089294434, 58.4429473877, 107.943336487, 106.540054321, 115.970497131, 198.331069946, 109.805969238, 53.8314361572, 23.9911575317, 17.0412464142, 6.72061920166, 1.81080126762, 0.345297127962, 0.0262203216553, 0.000842461478896, 7.93433798663e-07, 6.63945121104e-10],
        "dvar2": [0.000483508280013, 0.019089942798, 0.159527510405, 20.6554508209, 345.317657471, 412.217132568, 555.569763184, 736.058959961, 983.569458008, 836.317321777, 1580.97961426, 1317.55725098, 4085.95776367, 8652.95507812, 4431.09472656, 703.480834961, 3329.40136719, 1066.97521973, 1350.20910645, 660.608581543, 856.078613281, 429.086700439, 164.218551636, 250.910614014, 144.584899902, 280.776062012, 256.149200439, 270.314605713, 487.027923584, 241.367507935, 119.520675659, 54.2093963623, 41.9378738403, 17.16639328, 4.55219459534, 0.843358099461, 0.0605251975358, 0.00191596371587, 1.90950436263e-06, 1.46448941862e-09],
        "max": [0.102764733136, 0.664925813675, 2.18295693398, 23.7975482941, 148.385513306, 161.420303345, 181.790771484, 271.280609131, 238.055679321, 167.724243164, 248.946731567, 347.192565918, 591.028381348, 596.190124512, 884.148376465, 177.792388916, 758.15435791, 242.683197021, 240.527755737, 160.93057251, 174.488952637, 119.139549255, 110.470298767, 113.733932495, 92.9236068726, 96.0165557861, 118.1300354, 131.655944824, 172.917312622, 129.155227661, 65.5856399536, 43.3665962219, 58.3742790222, 17.1322097778, 9.69544124603, 4.16205072403, 1.11578118801, 0.250921368599, 0.0099196145311, 0.00022142517264],
        "mean": [0.00662123644724, 0.0411481559277, 0.167265579104, 1.67798423767, 6.72933673859, 11.6101951599, 27.4563083649, 17.4217414856, 18.3519096375, 17.9713439941, 31.1026134491, 18.0075588226, 40.3613204956, 58.7589607239, 28.2484550476, 28.8681201935, 57.5242805481, 31.3859672546, 29.2426795959, 21.6049613953, 25.5825939178, 19.465883255, 14.639456749, 15.8597955704, 13.0737199783, 15.9740476608, 14.1402454376, 14.422419548, 15.7786855698, 14.257021904, 9.9879732132, 5.57494735718, 2.83766913414, 1.58384931087, 0.824640154839, 0.389625281096, 0.120637439191, 0.0195616707206, 0.0005174765829, 4.23537712777e-05],
        "median": [0.000313817756251, 0.00341654778458, 0.0753367841244, 0.714783072472, 1.83031892776, 4.8499994278, 11.2883119583, 8.70154953003, 7.74066066742, 8.43101978302, 14.2895317078, 8.93167591095, 19.4171447754, 21.8769340515, 11.2630977631, 19.5971717834, 19.4704933167, 15.3705825806, 16.5236282349, 13.1877794266, 16.994934082, 13.8358058929, 9.20760345459, 10.1724061966, 8.92674922943, 11.4406671524, 9.90322494507, 9.87252235413, 10.9353742599, 10.0879878998, 6.28813076019, 3.17337274551, 1.16884684563, 0.518279075623, 0.230765014887, 0.112975992262, 0.0354844816029, 0.00494351517409, 0.000135791633511, 3.33556527039e-05],
        "min": [1.17385097734e-21, 9.5573877769e-21, 2.0929772992e-20, 1.4448670721e-20, 6.0800321188e-20, 1.10245533442e-19, 2.22691548259e-19, 4.10439523625e-19, 3.6922796379e-19, 1.1359425266e-18, 8.2422401055e-19, 1.61130471646e-18, 8.47722402295e-19, 1.38437133433e-18, 2.04220098532e-18, 1.95032851623e-18, 1.41914362913e-18, 3.65229481277e-18, 3.10188552445e-18, 6.47782508483e-18, 6.68229089736e-18, 1.0292324639e-17, 9.75848543276e-18, 9.06298949219e-18, 1.21850106607e-17, 1.46879979829e-17, 1.23472108527e-17, 2.23008968479e-17, 1.64893343136e-17, 1.55414432343e-17, 1.99532308837e-17, 1.86182970326e-17, 1.44919363254e-17, 1.13018754156e-17, 8.31601313901e-18, 5.63612166226e-18, 3.47248601352e-18, 1.31831775709e-18, 3.11634531364e-19, 3.36835667938e-20],
        "var": [0.000220629241085, 0.0073295943439, 0.0640355348587, 9.99588775635, 221.87121582, 259.530670166, 1106.1373291, 688.415466309, 917.912353516, 634.382751465, 1615.03759766, 888.586730957, 4523.58154297, 8739.34570312, 4328.37402344, 886.385070801, 9290.52734375, 1610.85778809, 1195.23950195, 610.431884766, 797.192871094, 404.805847168, 251.233703613, 306.844848633, 172.340255737, 265.12197876, 240.864944458, 262.947509766, 363.238037109, 265.311431885, 129.032775879, 49.0382957458, 25.4887866974, 7.42096471786, 2.00899338722, 0.42379245162, 0.0370939485729, 0.00122295250185, 9.62395688475e-07, 1.46521517141e-09]
    },
    "gfcc": {
        "mean": [2.80009055138, 51.3584861755, -138.741119385, 14.9367027283, -88.0431213379, 6.57626342773, -51.2793388367, -7.14648675919, -33.2127532959, -3.28023982048, -22.9376754761, 2.88355517387, -14.4146432877],
        "cov": [[16460.9960938, -215.867294312, -1449.61523438, -87.6944198608, -1037.18151855, -113.234512329, -794.053161621, -305.357086182, -490.287963867, -96.0797195435, -417.01272583, -4.67000102997, -200.707122803], [-215.867294312, 656.218078613, -239.964263916, 126.25969696, -54.9299926758, -24.1588401794, 45.1352005005, -83.3313522339, 99.5373382568, -123.391815186, 60.7941360474, -64.0098571777, 54.2977828979], [-1449.61523438, -239.964263916, 1019.73834229, 5.08222055435, 499.313842773, 269.855560303, 240.38168335, 445.878692627, 23.9916572571, 272.28692627, 28.1845321655, 133.70401001, -37.3320388794], [-87.6944198608, 126.25969696, 5.08222055435, 182.535339355, 10.6815013885, -4.42290782928, 1.62958443165, -45.0788536072, 17.4202957153, -72.5795593262, -4.29004383087, -54.1761512756, -3.87656641006], [-1037.18151855, -54.9299926758, 499.313842773, 10.6815013885, 347.132537842, 168.390670776, 171.745101929, 237.251220703, 47.2464828491, 150.780014038, 44.3148536682, 71.0007553101, -12.5514326096], [-113.234512329, -24.1588401794, 269.855560303, -4.42290782928, 168.390670776, 170.219146729, 98.9100723267, 192.569152832, 10.0036745071, 121.716560364, 36.8652915955, 55.9675636292, -1.08506703377], [-794.053161621, 45.1352005005, 240.38168335, 1.62958443165, 171.745101929, 98.9100723267, 164.122070312, 147.242523193, 57.6340332031, 74.6417160034, 55.0815162659, 50.3119735718, 18.6848316193], [-305.357086182, -83.3313522339, 445.878692627, -45.0788536072, 237.251220703, 192.569152832, 147.242523193, 353.043243408, 35.3873977661, 197.453125, 40.5951461792, 108.552337646, 18.5573577881], [-490.287963867, 99.5373382568, 23.9916572571, 17.4202957153, 47.2464828491, 10.0036745071, 57.6340332031, 35.3873977661, 92.6344223022, 21.0534000397, 41.7690811157, 0.0320373885334, 29.5758972168], [-96.0797195435, -123.391815186, 272.28692627, -72.5795593262, 150.780014038, 121.716560364, 74.6417160034, 197.453125, 21.0534000397, 190.316802979, 43.9827384949, 79.039024353, -5.40504837036], [-417.01272583, 60.7941360474, 28.1845321655, -4.29004383087, 44.3148536682, 36.8652915955, 55.0815162659, 40.5951461792, 41.7690811157, 43.9827384949, 88.962890625, 26.5522079468, 30.8452377319], [-4.67000102997, -64.0098571777, 133.70401001, -54.1761512756, 71.0007553101, 55.9675636292, 50.3119735718, 108.552337646, 0.0320373885334, 79.039024353, 26.5522079468, 79.2771453857, 19.777803421], [-200.707122803, 54.2977828979, -37.3320388794, -3.87656641006, -12.5514326096, -1.08506703377, 18.6848316193, 18.5573577881, 29.5758972168, -5.40504837036, 30.8452377319, 19.777803421, 70.5081863403]],
        "icov": [[0.00014249990636, -7.75647276896e-05, 0.00029224876198, -0.000315373326885, 0.000328425958287, -0.000442092714366, 0.000421702745371, -0.000135008231155, 0.000140306990943, -0.000319604499964, 0.000613706943113, -0.000828877149615, 0.000458879076177], [-7.75647276896e-05, 0.00295918108895, 0.00069186813198, -0.000707693572622, -0.000168856815435, -0.00113954674453, -0.000877589161973, -0.000587030372117, -0.00247056176886, 0.00269866967574, -0.00169029110111, 0.000956843374297, -0.000118499578093], [0.00029224876198, 0.00069186813198, 0.00610023364425, -0.00261533120647, -0.0048864595592, 0.00134241417982, -0.000313083612127, -0.00391471106559, 0.00250783911906, -0.00191999855451, 0.00235207006335, -0.00187219888903, 0.00194636743981], [-0.000315373326885, -0.000707693572622, -0.00261533120647, 0.0108849750832, -0.00115715502761, -0.00234910636209, 0.00131713040173, 0.00048597282148, -0.00219568819739, 0.00664734188467, -0.00315145333298, 0.00714454893023, -0.00105292629451], [0.000328425958287, -0.000168856815435, -0.0048864595592, -0.00115715502761, 0.0162882190198, -0.00639396393672, -0.0047508450225, 0.00277895387262, -0.00376329012215, -0.00185807282105, 0.00184393767267, -0.00310299894772, 0.00324265193194], [-0.000442092714366, -0.00113954674453, 0.00134241417982, -0.00234910636209, -0.00639396393672, 0.0260230228305, -0.00576764112338, -0.00896188803017, 0.0108485240489, -0.00700772320852, -0.00509131839499, 0.00756585411727, -0.00163261860143], [0.000421702745371, -0.000877589161973, -0.000313083612127, 0.00131713040173, -0.0047508450225, -0.00576764112338, 0.0230246409774, -0.00323114893399, -0.00819888245314, 0.00789183564484, -0.00411480525509, -0.00856228359044, 0.00384324206971], [-0.000135008231155, -0.000587030372117, -0.00391471106559, 0.00048597282148, 0.00277895387262, -0.00896188803017, -0.00323114893399, 0.0173371117562, -0.00362173304893, -0.00681435922161, 0.00598399993032, -0.00524008087814, -0.0054793828167], [0.000140306990943, -0.00247056176886, 0.00250783911906, -0.00219568819739, -0.00376329012215, 0.0108485240489, -0.00819888245314, -0.00362173304893, 0.0273550376296, -0.0102480212227, -0.00280028139241, 0.0113167362288, -0.00807745661587], [-0.000319604499964, 0.00269866967574, -0.00191999855451, 0.00664734188467, -0.00185807282105, -0.00700772320852, 0.00789183564484, -0.00681435922161, -0.0102480212227, 0.0283644217998, -0.0107387956232, -0.00591282732785, 0.00845398567617], [0.000613706943113, -0.00169029110111, 0.00235207006335, -0.00315145333298, 0.00184393767267, -0.00509131839499, -0.00411480525509, 0.00598399993032, -0.00280028139241, -0.0107387956232, 0.0260791890323, -0.00787775684148, -0.00496162101626], [-0.000828877149615, 0.000956843374297, -0.00187219888903, 0.00714454893023, -0.00310299894772, 0.00756585411727, -0.00856228359044, -0.00524008087814, 0.0113167362288, -0.00591282732785, -0.00787775684148, 0.0435596890748, -0.0144551852718], [0.000458879076177, -0.000118499578093, 0.00194636743981, -0.00105292629451, 0.00324265193194, -0.00163261860143, 0.00384324206971, -0.0054793828167, -0.00807745661587, 0.00845398567617, -0.00496162101626, -0.0144551852718, 0.0277902781963]]
    },
    "melbands": {
        "dmean": [4.72351748613e-05, 5.48358439119e-05, 0.000319888640661, 0.000367092667148, 0.000403118086979, 0.000203248593607, 0.000146487218444, 0.000137493538205, 0.000131723703817, 6.6681925091e-05, 0.000137565715704, 0.000152874417836, 6.27646732028e-05, 3.73509719793e-05, 5.61880842724e-05, 5.68653849768e-05, 2.76147820841e-05, 2.70155542239e-05, 2.26450483751e-05, 1.45180893014e-05, 1.42309590956e-05, 1.10542614493e-05, 6.76518493492e-06, 6.53748793411e-06, 6.83885218677e-06, 4.63651167593e-06, 4.80119069834e-06, 5.29411045136e-06, 4.59715192846e-06, 4.32707611253e-06, 4.42818736701e-06, 4.68981352242e-06, 4.66489655082e-06, 3.34250194101e-06, 2.98428858514e-06, 2.36368805417e-06, 1.85228088867e-06, 1.52257757691e-06, 1.04398634448e-06, 1.14545241559e-06],
        "dmean2": [8.45278336783e-05, 9.18984151212e-05, 0.000532622914761, 0.000610674731433, 0.000553171848878, 0.000304447486997, 0.000240956491325, 0.000226854637731, 0.000211181264604, 0.00011137722322, 0.000221084657824, 0.000238798034843, 0.000100427037978, 6.13483207417e-05, 9.277958452e-05, 8.32302830531e-05, 4.59010552731e-05, 4.48478494945e-05, 3.80373676307e-05, 2.39383734879e-05, 2.32527363551e-05, 1.8102080503e-05, 1.06738234535e-05, 1.07598625618e-05, 1.10153287096e-05, 7.78797948442e-06, 8.05299896456e-06, 8.91745821718e-06, 7.52738287702e-06, 7.06579658072e-06, 6.94063101037e-06, 7.36074935048e-06, 7.19372292224e-06, 5.29394674231e-06, 4.50139987151e-06, 3.58248871635e-06, 2.92559161608e-06, 2.43922545451e-06, 1.59791431997e-06, 1.85691953902e-06],
        "dvar": [1.18239071867e-08, 1.1597318661e-08, 7.26065309209e-07, 6.0444239125e-07, 3.02738186519e-07, 1.20600049058e-07, 7.69693144775e-08, 6.16054052216e-08, 4.46598740211e-08, 2.41959821068e-08, 5.2962832342e-08, 7.1475753316e-08, 2.62066510714e-08, 2.88027335316e-09, 5.84056003561e-09, 1.20928413949e-08, 2.14675144328e-09, 1.51284085259e-09, 1.96578398004e-09, 7.96318122553e-10, 4.65215643786e-10, 2.38063735392e-10, 9.39311475823e-11, 8.71265559699e-11, 9.25616319702e-11, 4.06327159419e-11, 4.48561049415e-11, 5.66618731102e-11, 4.85192684641e-11, 4.1301576742e-11, 4.66105834485e-11, 7.66125357599e-11, 6.29344840131e-11, 2.89892831962e-11, 2.07204964991e-11, 1.50000116494e-11, 9.19989778803e-12, 1.31943761472e-11, 3.52668306884e-12, 5.57738490808e-12],
        "dvar2": [3.27236264752e-08, 3.22564446265e-08, 1.75123295776e-06, 1.51109486524e-06, 6.3481553525e-07, 3.03443044913e-07, 2.05148737109e-07, 1.4378512958e-07, 9.68004840729e-08, 6.24535019256e-08, 1.17532557908e-07, 1.61671309229e-07, 5.98914340344e-08, 6.71742261815e-09, 1.46762619835e-08, 1.80958448226e-08, 4.84181095217e-09, 3.76518727307e-09, 5.16720533028e-09, 2.05502037609e-09, 1.13991671657e-09, 6.03440797331e-10, 2.43149167467e-10, 2.10708839266e-10, 2.25822346933e-10, 1.07372444269e-10, 1.14285580999e-10, 1.5188578173e-10, 1.21792020913e-10, 9.52143711097e-11, 1.13465042917e-10, 1.95069141395e-10, 1.469102201e-10, 6.33254143567e-11, 4.74444997178e-11, 3.41258757364e-11, 2.20775377147e-11, 3.4244343472e-11, 8.23582608361e-12, 1.45666343571e-11],
        "max": [0.00086724612629, 0.00100170029327, 0.0074980808422, 0.00943525508046, 0.00582298077643, 0.00546716526151, 0.00304285506718, 0.00227905227803, 0.00199214811437, 0.00196783291176, 0.00324244750664, 0.00269713881426, 0.00286948285066, 0.000664938881528, 0.000733643944841, 0.00161916401703, 0.000476723420434, 0.000388856453355, 0.000476303772302, 0.000400573131628, 0.000205458913115, 0.000133371213451, 0.000117928990221, 0.000111846828077, 0.000106551073259, 7.35134963179e-05, 5.76213205932e-05, 6.21941435384e-05, 9.00733211893e-05, 6.14921445958e-05, 7.57866437198e-05, 0.000108920117782, 9.20537204365e-05, 6.10902425251e-05, 4.52858839708e-05, 3.51029884769e-05, 2.41723610088e-05, 5.09736128151e-05, 1.65595884027e-05, 1.49107909238e-05],
        "mean": [5.65794543945e-05, 7.02758188709e-05, 0.000442909338744, 0.000612715317402, 0.000921752944123, 0.000411746645113, 0.000252362748142, 0.00023778580362, 0.000246773852268, 0.000108413638372, 0.000214563362533, 0.000256606756011, 0.000105105638795, 6.55700641801e-05, 0.000109882319521, 0.000111519286293, 5.33257625648e-05, 4.67639329145e-05, 3.70618399756e-05, 2.94693545584e-05, 2.71935587079e-05, 2.11245824175e-05, 1.34816191348e-05, 1.30071803142e-05, 1.30464559334e-05, 9.64378250501e-06, 9.69908523984e-06, 1.074816646e-05, 8.68978531798e-06, 8.11354766483e-06, 8.48432409839e-06, 8.78068658494e-06, 9.41064536164e-06, 7.14079942554e-06, 6.0794318415e-06, 4.32641718362e-06, 3.072181471e-06, 2.10894063457e-06, 1.45109731875e-06, 1.29603574806e-06],
        "median": [2.03478521144e-06, 2.55765990005e-05, 0.00017832845333, 0.000222410977585, 0.000437240640167, 0.000195213215193, 0.000105887345853, 8.23932350613e-05, 0.000116152034025, 5.03983465023e-05, 9.43504710449e-05, 9.86573431874e-05, 3.69876433979e-05, 3.62308637705e-05, 6.42935046926e-05, 2.89478975901e-05, 2.40005174419e-05, 2.7560563467e-05, 1.53233904712e-05, 1.80481401912e-05, 1.65159799508e-05, 1.43124216265e-05, 7.88056513557e-06, 8.03076000011e-06, 7.83639734436e-06, 6.82343852532e-06, 6.19153888692e-06, 7.38875405659e-06, 6.27928693575e-06, 4.94946425533e-06, 5.45706825505e-06, 5.33191814611e-06, 6.4773921622e-06, 4.91710261485e-06, 3.67370807908e-06, 2.33645687331e-06, 1.57465160555e-06, 7.99753252068e-07, 5.33457239271e-07, 3.99039151944e-07],
        "min": [1.15164951583e-23, 1.16810965082e-23, 3.89052353946e-24, 6.34927676329e-24, 7.53137733559e-24, 1.08956040391e-23, 6.68596535865e-24, 1.38478662786e-23, 5.86675184681e-24, 1.00519370225e-23, 3.93385014696e-24, 5.62417948504e-24, 6.31035909939e-24, 4.4964337957e-24, 3.17648017464e-24, 4.35467194115e-24, 6.85315969435e-24, 3.83879950763e-24, 6.9984978498e-24, 1.06191595678e-23, 6.74901822195e-24, 1.13195063351e-23, 6.76770712565e-24, 8.19260922381e-24, 7.24301238713e-24, 7.64956999843e-24, 1.20685905069e-23, 8.55909427885e-24, 6.23347711e-24, 1.04682804533e-23, 1.38649261846e-23, 8.88652361934e-24, 9.06413486329e-24, 8.68138744069e-24, 1.13800884861e-23, 1.10186403079e-23, 1.15228423332e-23, 9.80583056385e-24, 9.42411260473e-24, 9.03508663818e-24],
        "var": [1.51815022775e-08, 1.24760930476e-08, 8.20826585368e-07, 1.21927178043e-06, 1.20031097595e-06, 3.31020203248e-07, 1.64258935342e-07, 1.30436092149e-07, 1.12730724311e-07, 4.33208846573e-08, 1.35370626708e-07, 1.66985685723e-07, 5.54074510717e-08, 6.76268463451e-09, 1.67410725282e-08, 4.38209397657e-08, 5.8648552681e-09, 3.08138381477e-09, 3.46327366785e-09, 1.53852719453e-09, 9.96315474566e-10, 5.31417132521e-10, 2.26663091074e-10, 2.23157992085e-10, 2.27235660843e-10, 9.7830236967e-11, 1.0884930457e-10, 1.28765137442e-10, 9.60608190215e-11, 8.82703216076e-11, 9.67801672136e-11, 1.25158591824e-10, 1.24410343139e-10, 7.24232340765e-11, 5.03965168208e-11, 3.05891527386e-11, 1.65799457497e-11, 1.70178073022e-11, 5.57579893715e-12, 5.51872219798e-12]
    },
    "mfcc": {
