{
"metadata": {
    "version": {
        "essentia": "2.0.1",
        "extractor": "archive-music 1.0"
    },
    "audio_properties": {
        "analysis_sample_rate": 44100,
        "bitrate": 128,
        "channels": 2,
        "equal_loudness": 0,
        "length": 16.1175518036,
        "replay_gain": -14.1037139893,
        "downmix": "mix"
    },
    "tags": {
        "track": 1,
        "year": 0,
        "album": "LEXTER - Who's Laughing now",
        "artist": "Алексей",
        "comment": "",
        "genre": "Other",
        "title": "Lexter - Who's Laughing now (Mr. Day Lens remix)"
    }
},
"highlevel": {
    "culture": {
        "all": {
            "non_western": 0.370676279068,
            "western": 0.629323720932
        },
        "probability": 0.629323720932,
        "value": "western"
    },
    "danceability": {
        "all": {
            "danceable": 0.754450559616,
            "not_danceable": 0.245549410582
        },
        "probability": 0.754450559616,
        "value": "danceable"
    },
    "gender": {
        "all": {
            "female": 0.338836431503,
            "male": 0.661163568497
        },
        "probability": 0.661163568497,
        "value": "male"
    },
    "genre_dortmund": {
        "all": {
            "alternative": 0.126567542553,
            "blues": 0.0290574822575,
            "electronic": 0.0434053316712,
            "folkcountry": 0.0687551349401,
            "funksoulrnb": 0.0162493530661,
            "jazz": 0.221820518374,
            "pop": 0.0745357871056,
            "raphiphop": 0.0822592824697,
            "rock": 0.337349563837
        },
        "probability": 0.337349563837,
        "value": "rock"
    },
    "genre_electronic": {
        "all": {
            "ambient": 0.342400074005,
            "dnb": 0.0746687650681,
            "house": 0.157770305872,
            "techno": 0.0245224814862,
            "trance": 0.400638371706
        },
        "probability": 0.400638371706,
        "value": "trance"
    },
    "genre_rosamerica": {
        "all": {
            "cla": 0.0070768808946,
            "dan": 0.535157501698,
            "hip": 0.0151860145852,
            "jaz": 0.025870224461,
            "pop": 0.17202475667,
            "rhy": 0.0141033297405,
            "roc": 0.22032520175,
            "spe": 0.0102560957894
        },
        "probability": 0.535157501698,
        "value": "dan"
    },
    "genre_tzanetakis": {
        "all": {
            "blu": 0.0105021232739,
            "cla": 0.0121796596795,
            "cou": 0.0238699987531,
            "dis": 0.0489084422588,
            "hip": 0.214196488261,
            "jaz": 0.0723883807659,
            "met": 0.112667649984,
            "pop": 0.113300278783,
            "reg": 0.234521970153,
            "roc": 0.157465010881
        },
        "probability": 0.234521970153,
        "value": "reg"
    },
    "mirex_ballroom": {
        "all": {
            "ChaChaCha": 0.290427863598,
            "Jive": 0.629701375961,
            "Quickstep": 0.00459463521838,
            "Rumba-American": 0.000884853070602,
            "Rumba-International": 0.000803298549727,
            "Rumba-Misc": 0.000550115481019,
            "Samba": 0.0659839883447,
            "Tango": 0.00022682773124,
            "VienneseWaltz": 0.0065780277364,
            "Waltz": 0.000249024247751
        },
        "probability": 0.629701375961,
        "value": "Jive"
    },
    "mood_acoustic": {
        "all": {
            "acoustic": 0.00843237992376,
            "not_acoustic": 0.991567611694
        },
        "probability": 0.991567611694,
        "value": "not_acoustic"
    },
    "mood_aggressive": {
        "all": {
            "aggressive": 0.5,
            "not_aggressive": 0.5
        },
        "probability": 0.5,
        "value": "aggressive"
    },
    "mood_electronic": {
        "all": {
            "electronic": 0.669186651707,
            "not_electronic": 0.330813378096
        },
        "probability": 0.669186651707,
        "value": "electronic"
    },
    "mood_happy": {
        "all": {
            "happy": 0.100913442671,
            "not_happy": 0.899086534977
        },
        "probability": 0.899086534977,
        "value": "not_happy"
    },
    "mood_party": {
        "all": {
            "not_party": 0.347993284464,
            "party": 0.652006745338
        },
        "probability": 0.652006745338,
        "value": "party"
    },
    "mood_relaxed": {
        "all": {
            "not_relaxed": 0.938573181629,
            "relaxed": 0.0614268220961
        },
        "probability": 0.938573181629,
        "value": "not_relaxed"
    },
    "mood_sad": {
        "all": {
            "not_sad": 0.879751205444,
            "sad": 0.120248779655
        },
        "probability": 0.879751205444,
        "value": "not_sad"
    },
    "moods_mirex": {
        "all": {
            "Cluster1": 0.223520085216,
            "Cluster2": 0.0546799786389,
            "Cluster3": 0.0114315124229,
            "Cluster4": 0.0427688546479,
            "Cluster5": 0.66759955883
        },
        "probability": 0.66759955883,
        "value": "Cluster5"
    },
    "timbre": {
        "all": {
            "bright": 0.43009108305,
            "dark": 0.56990891695
        },
        "probability": 0.56990891695,
        "value": "dark"
    },
    "tonal_atonal": {
        "all": {
            "atonal": 0.533701121807,
            "tonal": 0.466298878193
        },
        "probability": 0.533701121807,
        "value": "atonal"
    },
    "voice_instrumental": {
        "all": {
            "instrumental": 0.00131617486477,
            "voice": 0.998683810234
        },
        "probability": 0.998683810234,
        "value": "voice"
    }
},
"lowlevel": {
    "average_loudness": 0.899374842644,
    "barkbands_kurtosis": {
        "dmean": 2.63397598267,
        "dmean2": 4.04202127457,
        "dvar": 48.7476234436,
        "dvar2": 90.5187072754,
        "max": 133.511291504,
        "mean": 1.98620414734,
        "median": -0.223947286606,
        "min": -1.84283304214,
        "var": 88.2008666992
    },
    "barkbands_skewness": {
        "dmean": 0.699335277081,
        "dmean2": 1.03136765957,
        "dvar": 0.543995738029,
        "dvar2": 1.0648431778,
        "max": 10.6542577744,
        "mean": 1.24340176582,
        "median": 0.987021803856,
        "min": -2.04319310188,
        "var": 1.53071296215
    },
    "barkbands_spread": {
        "dmean": 8.94405651093,
        "dmean2": 14.4161939621,
        "dvar": 64.8367843628,
        "dvar2": 169.915802002,
        "max": 83.8098983765,
        "mean": 37.0730895996,
        "median": 37.6573600769,
        "min": 2.16689062119,
        "var": 163.762207031
    },
    "dissonance": {
        "dmean": 0.0117206145078,
        "dmean2": 0.0200360640883,
        "dvar": 0.00011953869398,
        "dvar2": 0.000348002329702,
        "max": 0.5,
        "mean": 0.477743029594,
        "median": 0.480939269066,
        "min": 0.40992462635,
        "var": 0.000194957669009
    },
    "dynamic_complexity": 4.10507488251,
    "erbbands_kurtosis": {
        "dmean": 0.601084828377,
        "dmean2": 0.94162094593,
        "dvar": 0.520019292831,
        "dvar2": 1.18110334873,
        "max": 5.44944190979,
        "mean": -0.555059790611,
        "median": -0.788084506989,
        "min": -1.78844833374,
        "var": 0.977514624596
    },
    "erbbands_skewness": {
        "dmean": 0.309205442667,
        "dmean2": 0.485341191292,
        "dvar": 0.0742756277323,
        "dvar2": 0.174366921186,
        "max": 2.08431434631,
        "mean": -0.163421824574,
        "median": -0.156678527594,
        "min": -2.08885455132,
        "var": 0.282230257988
    },
    "erbbands_spread": {
        "dmean": 14.5049905777,
        "dmean2": 20.5847225189,
        "dvar": 171.284851074,
        "dvar2": 324.716522217,
        "max": 130.264526367,
        "mean": 58.8830299377,
        "median": 57.4966163635,
        "min": 15.1874961853,
        "var": 497.56048584
    },
    "hfc": {
        "dmean": 9.13045501709,
        "dmean2": 13.5052528381,
        "dvar": 125.612953186,
        "dvar2": 289.586547852,
        "max": 154.102096558,
        "mean": 29.6797962189,
        "median": 24.7251434326,
        "min": 1.14187254305e-16,
        "var": 638.213684082
    },
    "melbands_kurtosis": {
        "dmean": 11.6850671768,
        "dmean2": 16.9818878174,
        "dvar": 510.641326904,
        "dvar2": 769.610595703,
        "max": 387.081176758,
        "mean": 16.0157814026,
        "median": 6.3412771225,
        "min": -1.53066158295,
        "var": 1197.11523438
    },
    "melbands_skewness": {
        "dmean": 1.19107937813,
        "dmean2": 1.71228587627,
        "dvar": 1.53991484642,
        "dvar2": 2.91588783264,
        "max": 17.2862987518,
        "mean": 3.04239726067,
        "median": 2.44091749191,
        "min": -0.21096162498,
        "var": 4.59914493561
    },
    "melbands_spread": {
        "dmean": 14.8675470352,
        "dmean2": 23.4005374908,
        "dvar": 252.601715088,
        "dvar2": 594.273620605,
        "max": 168.649932861,
        "mean": 37.1291465759,
        "median": 34.2541236877,
        "min": 1.07337737083,
        "var": 460.410064697
    },
    "pitch_salience": {
        "dmean": 0.100676193833,
        "dmean2": 0.162293046713,
        "dvar": 0.00864086672664,
        "dvar2": 0.0209537744522,
        "max": 0.838411211967,
        "mean": 0.515816628933,
        "median": 0.523196578026,
        "min": 0.0733921006322,
        "var": 0.01782800816
    },
    "silence_rate_20dB": {
        "dmean": 0,
        "dmean2": 0,
        "dvar": 0,
        "dvar2": 0,
        "max": 1,
        "mean": 1,
        "median": 1,
        "min": 1,
        "var": 0
    },
    "silence_rate_30dB": {
        "dmean": 0,
        "dmean2": 0,
        "dvar": 0,
        "dvar2": 0,
        "max": 1,
        "mean": 1,
        "median": 1,
        "min": 1,
        "var": 0
    },
    "silence_rate_60dB": {
        "dmean": 0.0460431650281,
        "dmean2": 0.092219017446,
        "dvar": 0.0439226292074,
        "dvar2": 0.086595736444,
        "max": 1,
        "mean": 0.155172407627,
        "median": 0,
        "min": 0,
        "var": 0.131093710661
    },
    "spectral_centroid": {
        "dmean": 465.37802124,
        "dmean2": 742.053649902,
        "dvar": 293841.09375,
        "dvar2": 552608.0625,
        "max": 11716.8886719,
        "mean": 2010.74682617,
        "median": 1980.20361328,
        "min": 354.250518799,
        "var": 666317.25
    },
    "spectral_complexity": {
        "dmean": 5.60287761688,
        "dmean2": 8.98559093475,
        "dvar": 37.6839523315,
        "dvar2": 89.233253479,
        "max": 51,
        "mean": 21.3433914185,
        "median": 21,
        "min": 0,
        "var": 159.929519653
    },
    "spectral_crest": {
        "dmean": 3.8390481472,
        "dmean2": 6.16496610641,
        "dvar": 10.4428377151,
        "dvar2": 26.717092514,
        "max": 26.2572612762,
        "mean": 10.1074075699,
        "median": 9.10014724731,
        "min": 2.5648958683,
        "var": 21.8956680298
    },
    "spectral_decrease": {
        "dmean": 3.029483997e-09,
        "dmean2": 4.44575931624e-09,
        "dvar": 1.356785564e-17,
        "dvar2": 2.87488904911e-17,
        "max": 8.9801279674e-31,
        "mean": -5.65286040199e-09,
        "median": -4.39132907815e-09,
        "min": -3.12275538761e-08,
        "var": 2.73824824178e-17
    },
    "spectral_energy": {
        "dmean": 0.0119061628357,
        "dmean2": 0.0171523727477,
        "dvar": 0.000202571245609,
        "dvar2": 0.000419321848312,
        "max": 0.119036115706,
        "mean": 0.0240272302181,
        "median": 0.019047755748,
        "min": 1.06188664902e-20,
        "var": 0.000454769702628
    },
    "spectral_energyband_high": {
        "dmean": 0.000952838046942,
        "dmean2": 0.00145599269308,
        "dvar": 1.5226925143e-06,
        "dvar2": 3.65388655155e-06,
        "max": 0.0182473808527,
        "mean": 0.00250748358667,
        "median": 0.00178412161767,
        "min": 7.85509288932e-21,
        "var": 6.71926363793e-06
    },
    "spectral_energyband_low": {
        "dmean": 0.00526187382638,
        "dmean2": 0.0076418700628,
        "dvar": 6.55572803225e-05,
        "dvar2": 0.000124753991258,
        "max": 0.116932921112,
        "mean": 0.00670031923801,
        "median": 0.00213358830661,
        "min": 3.59944072852e-23,
        "var": 0.000117263138236
    },
    "spectral_energyband_middle_high": {
        "dmean": 0.00130433507729,
        "dmean2": 0.0020549420733,
        "dvar": 2.7052869882e-06,
        "dvar2": 5.74594241698e-06,
        "max": 0.0200310610235,
        "mean": 0.00377160822973,
        "median": 0.00297237909399,
        "min": 1.4664912616e-21,
        "var": 1.07223495434e-05
    },
    "spectral_energyband_middle_low": {
        "dmean": 0.0104725845158,
        "dmean2": 0.0162298213691,
        "dvar": 0.000181372102816,
        "dvar2": 0.000412957160734,
        "max": 0.0742558017373,
        "mean": 0.0148795899004,
        "median": 0.00833737663925,
        "min": 2.57307242186e-22,
        "var": 0.000279034633422
    },
    "spectral_flatness_db": {
        "dmean": 0.0240388009697,
        "dmean2": 0.036868583411,
        "dvar": 0.000480937131215,
        "dvar2": 0.00103571638465,
        "max": 0.317377150059,
        "mean": 0.107726730406,
        "median": 0.0966095551848,
        "min": 0.0182516910136,
        "var": 0.00215442036279
    },
    "spectral_flux": {
        "dmean": 0.0325373597443,
        "dmean2": 0.0501635372639,
        "dvar": 0.00138720695395,
        "dvar2": 0.00337966694497,
        "max": 0.316257506609,
        "mean": 0.089130461216,
        "median": 0.0848627090454,
        "min": 6.89155815747e-11,
        "var": 0.00326659763232
    },
    "spectral_kurtosis": {
        "dmean": 0.767854869366,
        "dmean2": 1.23083043098,
        "dvar": 0.725239276886,
        "dvar2": 1.73956990242,
        "max": 8.50443649292,
        "mean": 2.10528492928,
        "median": 1.84686422348,
        "min": -1.21335613728,
        "var": 1.74127042294
    },
    "spectral_rms": {
        "dmean": 0.00110087543726,
        "dmean2": 0.00149634142872,
        "dvar": 1.35258278533e-06,
        "dvar2": 2.55660506809e-06,
        "max": 0.010776492767,
        "mean": 0.00427067512646,
        "median": 0.00431081978604,
        "min": 3.21867510943e-12,
        "var": 5.202549346e-06
    },
    "spectral_rolloff": {
        "dmean": 1385.77819824,
        "dmean2": 2377.96069336,
        "dvar": 2646898.75,
        "dvar2": 6032662,
        "max": 19013.8183594,
        "mean": 3059.29125977,
        "median": 2939.28222656,
        "min": 64.599609375,
        "var": 5251760.5
    },
    "spectral_skewness": {
        "dmean": 0.157706141472,
        "dmean2": 0.238010138273,
        "dvar": 0.02876185067,
        "dvar2": 0.0558858253062,
        "max": 2.04700899124,
        "mean": 1.08422970772,
        "median": 1.00857770443,
        "min": -0.050503410399,
        "var": 0.114122115076
    },
    "spectral_spread": {
        "dmean": 644526.9375,
        "dmean2": 940000.8125,
        "dvar": 3.00372485734e+12,
        "dvar2": 4.39654337741e+12,
        "max": 40899048,
        "mean": 5999809,
        "median": 5842766.5,
        "min": 3389984,
        "var": 6.1516808192e+12
    },
    "spectral_strongpeak": {
        "dmean": 0.482568055391,
        "dmean2": 0.841598212719,
        "dvar": 0.475612014532,
        "dvar2": 1.26614665985,
        "max": 6.28458595276,
        "mean": 0.831139862537,
        "median": 0.540207624435,
        "min": 0,
        "var": 0.725441396236
    },
    "zerocrossingrate": {
        "dmean": 0.0166999213398,
        "dmean2": 0.0209355857223,
        "dvar": 0.000548558775336,
        "dvar2": 0.000836705090478,
        "max": 0.49609375,
        "mean": 0.106543533504,
        "median": 0.10107421875,
        "min": 0.00732421875,
        "var": 0.00243906490505
    },
    "barkbands": {
        "dmean": [4.96734719491e-05, 0.000730862724595, 0.000989065272734, 0.0076100891456, 0.00282882992178, 0.00119871390052, 0.00134100718424, 0.000514316081535, 0.000445826008217, 0.000132527813548, 0.000131231659907, 0.000289651361527, 0.000180149800144, 0.00022708591132, 0.000257406703895, 0.000183395066415, 0.000242999944021, 0.000269438285613, 0.000240425535594, 0.000252971192822, 0.000227829965297, 0.000298464525258, 0.000262296671281, 0.000137863768032, 7.75939988671e-05, 3.52636125172e-05, 6.81686242388e-06],
        "dmean2": [5.4091324273e-05, 0.000944901606999, 0.00148000533227, 0.0120991095901, 0.00491820275784, 0.00194589560851, 0.00232085003518, 0.000773744191974, 0.000732873566449, 0.000228416378377, 0.000221194204642, 0.000479540613014, 0.000270711170742, 0.000356642703991, 0.000417863629991, 0.000304144487018, 0.00040652541793, 0.000436165108113, 0.000407331652241, 0.000444773992058, 0.000348559115082, 0.00049418018898, 0.000424455851316, 0.000214108586079, 0.000120662851259, 5.36564257345e-05, 1.12628031275e-05],
        "dvar": [3.99742070556e-08, 2.35714160226e-05, 8.97461995919e-06, 0.000124254293041, 2.54587284871e-05, 2.97410861094e-06, 4.37720336777e-06, 1.19859453207e-06, 1.26125382849e-06, 8.23040693376e-08, 2.43185525051e-07, 2.39640542077e-07, 1.50673471921e-07, 2.62807702711e-07, 4.04182742386e-07, 1.6853122986e-07, 1.4403535431e-07, 2.35713912389e-07, 9.69621964941e-08, 1.37907292697e-07, 7.40867136528e-08, 1.53120737423e-07, 1.24315164385e-07, 3.25810063373e-08, 1.35099940124e-08, 2.42458697564e-09, 5.52283149768e-11],
        "dvar2": [3.33758940485e-08, 4.55957379017e-05, 2.21353311645e-05, 0.000292579876259, 7.2275637649e-05, 7.24503752281e-06, 1.16059154607e-05, 2.39103292188e-06, 3.22520827467e-06, 2.1318329857e-07, 6.67740437166e-07, 5.94924813413e-07, 3.16505150977e-07, 5.29337228272e-07, 8.77577122083e-07, 4.25574967267e-07, 3.38633270758e-07, 5.80672008255e-07, 2.64106887471e-07, 4.06385623819e-07, 1.70769723695e-07, 3.74119053959e-07, 3.17762442137e-07, 8.20866929985e-08, 3.36149383884e-08, 5.12163866873e-09, 1.36974362408e-10],
        "max": [0.00513292942196, 0.0968400239944, 0.0548745132983, 0.0535227432847, 0.0474815741181, 0.0254040360451, 0.0150830829516, 0.0195357669145, 0.0154560822994, 0.00382447405718, 0.00637199776247, 0.0055037625134, 0.00573155004531, 0.00678407866508, 0.00959768146276, 0.00543597899377, 0.00652139773592, 0.00615034392104, 0.00407979497686, 0.00469583645463, 0.00356827210635, 0.00478871399537, 0.00461597274989, 0.00332287978381, 0.0024014597293, 0.000808400916867, 6.16669276496e-05],
        "mean": [0.000133597510285, 0.00156464986503, 0.00120290776249, 0.00687638111413, 0.00255384203047, 0.00157712027431, 0.00134826777503, 0.00118722009938, 0.00127391470596, 0.000221689333557, 0.000161079704412, 0.000373441551346, 0.000319640384987, 0.000477639579913, 0.000372013397282, 0.000309962080792, 0.00037141732173, 0.00047155233915, 0.000497537082992, 0.000477522902656, 0.000525276758708, 0.000606133311521, 0.000512200873345, 0.000315186829539, 0.000192023304407, 9.49753884925e-05, 1.00425013443e-05],
        "median": [1.16290038932e-06, 7.96405129222e-06, 0.000199255708139, 0.000574809266254, 0.000804583833087, 0.000738505972549, 0.000519372755662, 0.000118075768114, 0.00013744152966, 0.000147687198478, 4.25074140367e-05, 0.000184704273124, 0.000172164582182, 0.000177267444087, 0.000184634205652, 0.000189610989764, 0.000221491180127, 0.000272411853075, 0.000347713066731, 0.000290900614345, 0.000348045141436, 0.000383228179999, 0.000336795201292, 0.000220265763346, 0.000137505194289, 8.41683213366e-05, 8.39721724333e-06],
        "min": [4.14463023096e-24, 3.60931434827e-24, 2.1703138069e-23, 1.38417652284e-23, 3.49057697697e-23, 2.10451412993e-23, 2.25852092011e-23, 2.30624921368e-23, 3.80624124592e-23, 2.42423819264e-23, 5.43760749118e-23, 9.93505307987e-23, 5.32038717829e-23, 5.90392273601e-23, 6.08441411112e-23, 1.54546333165e-22, 1.63460814804e-22, 1.9461086198e-22, 1.54526365518e-22, 2.73344039704e-22, 4.04985790176e-22, 5.0194378789e-22, 5.9495329065e-22, 8.08391182725e-22, 1.03381471185e-21, 1.76849599377e-21, 2.00041453658e-21],
        "var": [2.92578022254e-07, 4.86682001792e-05, 7.66510947869e-06, 0.000135138558107, 2.24130162678e-05, 5.18121760251e-06, 4.64776076115e-06, 9.00039594853e-06, 7.9984547483e-06, 1.12846194611e-07, 2.5607181442e-07, 3.14112241995e-07, 2.59779483258e-07, 6.42759005132e-07, 5.73360580347e-07, 2.49747529324e-07, 3.33578157097e-07, 5.09755409439e-07, 2.75263829508e-07, 3.12775313205e-07, 2.98670300936e-07, 4.07179186368e-07, 3.56163440074e-07, 1.46773473375e-07, 6.46444107133e-08, 1.00186934304e-08, 8.51320958173e-11]
    },
    "erbbands": {
        "dmean": [0.020265404135, 0.180404603481, 0.945185065269, 14.4096183777, 17.8682460785, 6.87106847763, 4.72616624832, 12.137591362, 18.8203773499, 13.4510469437, 8.9553565979, 7.92535829544, 9.54024028778, 3.97496271133, 8.43015766144, 8.17878627777, 7.75967693329, 8.7069978714, 10.0599060059, 13.7943973541, 9.52081680298, 13.3432207108, 13.6056137085, 12.9845981598, 11.0174331665, 12.3025445938, 9.40938949585, 9.14127445221, 12.0083799362, 8.37077713013, 6.99602222443, 3.56326580048, 2.20801115036, 1.21045744419, 0.435243576765, 0.176144987345, 0.0676084682345, 0.0179740488529, 0.000578756444156, 2.02487062779e-05],
        "dmean2": [0.0251347906888, 0.26162853837, 1.3975263834, 22.1254749298, 29.8484592438, 11.6751174927, 8.09748458862, 19.3950557709, 32.0601081848, 22.2769680023, 13.2339372635, 12.4244623184, 15.6485357285, 6.56321287155, 13.6881923676, 13.500213623, 11.5147533417, 14.4830265045, 15.5175018311, 21.772726059, 15.1722383499, 22.8803787231, 22.3620033264, 22.0118427277, 18.6814613342, 21.6243648529, 14.5384111404, 14.0799722672, 19.7777805328, 13.0860376358, 11.5974588394, 5.61620998383, 3.4904654026, 1.97881054878, 0.64966750145, 0.272525191307, 0.102468252182, 0.0294356252998, 0.000949963054154, 2.9225493563e-05],
        "dvar": [0.0129132196307, 1.70902001858, 9.57849216461, 412.341552734, 760.490356445, 325.772949219, 66.4495773315, 358.349700928, 775.449035645, 476.509674072, 406.556884766, 392.220855713, 579.452758789, 57.6285514832, 442.192047119, 166.407226562, 329.492370605, 236.394012451, 519.690734863, 1539.82019043, 291.019439697, 384.656555176, 529.003662109, 377.02255249, 217.048294067, 339.641723633, 154.791259766, 136.273925781, 271.920806885, 116.088569641, 86.5862884521, 19.8680019379, 8.44059085846, 4.02604484558, 0.292114198208, 0.0572380796075, 0.0118829347193, 0.000371016649297, 4.12504078895e-07, 4.75270267586e-10],
        "dvar2": [0.0192557852715, 3.44847726822, 22.2766628265, 939.916625977, 2008.48718262, 895.402038574, 170.036972046, 815.75567627, 2090.64526367, 1058.84533691, 732.895507812, 832.931945801, 1517.05566406, 145.208679199, 1135.45556641, 414.579162598, 692.857299805, 586.549499512, 1029.02124023, 3032.71972656, 666.529846191, 979.245849609, 1289.24462891, 991.380737305, 597.373901367, 980.228637695, 382.14630127, 341.20300293, 677.551635742, 272.437652588, 231.45791626, 49.7973594666, 21.2225055695, 11.162437439, 0.634963572025, 0.118696480989, 0.0263874623924, 0.000862436252646, 1.00144063708e-06, 8.13382083908e-10],
        "max": [2.39921355247, 24.9480838776, 51.9781455994, 95.0468292236, 149.832000732, 228.372497559, 85.6034698486, 310.523773193, 188.516860962, 410.51940918, 351.225067139, 413.851470947, 338.003967285, 104.417205811, 364.949584961, 119.898773193, 302.113098145, 184.039306641, 321.697357178, 588.231872559, 267.125396729, 260.361816406, 312.409454346, 208.724380493, 145.681640625, 254.794845581, 156.954971313, 143.481948853, 208.759613037, 122.427680969, 118.040359497, 74.5862121582, 49.6500930786, 34.5125274658, 14.7444143295, 5.50270414352, 1.86655366421, 0.23853763938, 0.00578293763101, 0.000231636906392],
        "mean": [0.0642150491476, 0.281746029854, 1.10457658768, 14.1065444946, 15.0364570618, 7.16185951233, 7.02132034302, 15.6644086838, 21.1344680786, 21.7087802887, 21.4465465546, 20.6733646393, 24.7078819275, 7.36076402664, 11.6936607361, 11.8949995041, 13.7780790329, 20.8399372101, 20.1159553528, 21.1317615509, 18.7565097809, 21.1312561035, 24.2850856781, 27.0280628204, 24.6361541748, 23.108751297, 20.1148052216, 21.3630599976, 22.9634552002, 17.8315811157, 13.7579574585, 7.80633831024, 4.77751350403, 2.5102148056, 1.14992344379, 0.452007323503, 0.166568443179, 0.0375938862562, 0.00108736311086, 5.94826997258e-05],
        "median": [0.000577632919885, 0.0125812124461, 0.291991829872, 1.54214823246, 2.07220005989, 2.73615169525, 4.72567176819, 6.63099765778, 10.7702865601, 4.87756967545, 3.29088878632, 3.44381141663, 3.94344878197, 5.47569179535, 5.1700463295, 7.03752231598, 7.99525547028, 8.10671043396, 10.5435743332, 10.1707077026, 11.4414587021, 14.0254192352, 15.6656246185, 19.2896575928, 16.5724372864, 13.7709903717, 13.488866806, 14.6858205795, 13.5257768631, 11.4401931763, 8.96257019043, 5.20034646988, 3.23147988319, 1.65029764175, 0.833144843578, 0.366713225842, 0.146519780159, 0.0377365127206, 0.00103129807394, 5.12972801516e-05],
        "min": [1.33469396038e-22, 1.28814255892e-21, 1.83723324864e-20, 4.07842693489e-20, 4.8742864828e-20, 1.63309583327e-19, 1.54019479094e-19, 1.61491479115e-19, 2.7540164239e-19, 3.86708642429e-19, 6.80684909817e-19, 9.97420379676e-19, 1.31915496727e-18, 1.77521417376e-18, 2.96361566762e-18, 3.59465976282e-18, 3.01494532656e-18, 3.2245990091e-18, 4.81997398472e-18, 4.27136257347e-18, 9.83952431737e-18, 9.73845690859e-18, 1.18113781411e-17, 8.07095261073e-18, 7.64910952348e-18, 1.34411241255e-17, 1.33524900685e-17, 1.31470589362e-17, 1.39385640761e-17, 1.97763912492e-17, 1.75591849025e-17, 1.61052760096e-17, 1.27115491709e-17, 1.06048475365e-17, 7.94856793038e-18, 5.97911706634e-18, 2.65876590428e-18, 1.25704755854e-18, 3.02465596166e-19, 3.09859240211e-20],
        "var": [0.0624061599374, 2.33382868767, 8.79825019836, 498.128417969, 718.135192871, 254.973739624, 86.7283935547, 637.122436523, 770.558105469, 1889.93969727, 2806.76538086, 2105.58666992, 3157.98486328, 77.1094284058, 521.782592773, 248.554260254, 554.058166504, 796.303405762, 1183.81848145, 2617.37329102, 768.709228516, 778.230712891, 1149.33361816, 891.54119873, 718.768737793, 705.92578125, 453.359588623, 514.877319336, 631.687927246, 381.578704834, 244.797775269, 85.4012374878, 32.8063468933, 10.7021808624, 2.55229687691, 0.335481673479, 0.0345722287893, 0.000764359778259, 7.40865687021e-07, 1.77773240573e-09]
    },
    "gfcc": {
        "mean": [0.35321572423, 22.2211380005, -119.982452393, 28.1636829376, -75.0243682861, 2.35221242905, -53.0706062317, -2.44083762169, -34.0576210022, 0.838456690311, -24.1753807068, -0.417635202408, -23.1094856262],
        "cov": [[20492.8222656, 289.076141357, -631.553894043, 386.983551025, -1445.45751953, -521.465209961, -1219.73376465, -350.854125977, -922.989990234, -456.125305176, -801.770385742, -262.968170166, -655.573303223], [289.076141357, 722.602905273, 488.871582031, 535.864074707, 219.27520752, 199.613311768, 152.960678101, 13.6254749298, 128.565841675, 40.4927368164, 92.3890304565, 6.5347328186, -22.5397796631], [-631.553894043, 488.871582031, 1049.01928711, 568.949462891, 257.577026367, 101.661094666, 24.9138374329, -129.654632568, -33.1058998108, -23.4182453156, 38.5419006348, 23.0671443939, -16.4314880371], [386.983551025, 535.864074707, 568.949462891, 831.623352051, 195.097793579, 251.297958374, 196.309448242, -34.9656333923, 99.2874755859, 5.45535182953, 65.2109832764, -10.3917331696, -20.4758987427], [-1445.45751953, 219.27520752, 257.577026367, 195.097793579, 345.78112793, 189.232299805, 193.524688721, 86.2156448364, 149.554244995, 81.0539703369, 106.265487671, 63.1876525879, 71.6544189453], [-521.465209961, 199.613311768, 101.661094666, 251.297958374, 189.232299805, 356.778961182, 328.58694458, 180.933807373, 200.646316528, 97.4904098511, 101.023910522, -16.7690200806, 45.7454185486], [-1219.73376465, 152.960678101, 24.9138374329, 196.309448242, 193.524688721, 328.58694458, 444.467163086, 214.342376709, 242.815292358, 112.77179718, 117.244094849, -18.4590892792, 60.8089828491], [-350.854125977, 13.6254749298, -129.654632568, -34.9656333923, 86.2156448364, 180.933807373, 214.342376709, 247.265945435, 195.97644043, 101.795501709, 67.3177490234, -15.8466711044, 18.6557579041], [-922.989990234, 128.565841675, -33.1058998108, 99.2874755859, 149.554244995, 200.646316528, 242.815292358, 195.97644043, 276.842437744, 135.092956543, 126.818916321, 0.68908649683, 32.2531738281], [-456.125305176, 40.4927368164, -23.4182453156, 5.45535182953, 81.0539703369, 97.4904098511, 112.77179718, 101.795501709, 135.092956543, 132.547073364, 99.8439712524, 37.210849762, 30.0582389832], [-801.770385742, 92.3890304565, 38.5419006348, 65.2109832764, 106.265487671, 101.023910522, 117.244094849, 67.3177490234, 126.818916321, 99.8439712524, 157.998092651, 70.7166366577, 59.3989486694], [-262.968170166, 6.5347328186, 23.0671443939, -10.3917331696, 63.1876525879, -16.7690200806, -18.4590892792, -15.8466711044, 0.68908649683, 37.210849762, 70.7166366577, 113.506370544, 63.0102462769], [-655.573303223, -22.5397796631, -16.4314880371, -20.4758987427, 71.6544189453, 45.7454185486, 60.8089828491, 18.6557579041, 32.2531738281, 30.0582389832, 59.3989486694, 63.0102462769, 99.5486068726]],
        "icov": [[0.000199578891625, -0.000366368709365, 0.00025192296016, -0.000361988059012, 0.000808286597021, -0.000631406786852, 0.000676601950545, -0.000711770902853, 0.000672977766953, -0.000443067779997, 0.000890678202268, -0.000853217730764, 0.00055127084488], [-0.000366368709365, 0.00396079244092, -0.000999637530185, -0.000638384895865, -0.00218183500692, 0.000714609574061, -0.000859853404108, 0.00150655047037, -0.00220310641453, 0.00151106610429, -0.00268053007312, 0.00122933182865, 0.000751624058466], [0.00025192296016, -0.000999637530185, 0.00262473570183, -0.00155527575407, -0.000875948055182, -0.000451785657788, 0.00123972981237, -0.000655046023894, 0.00272448686883, -0.00120307737961, 0.000221327645704, 0.000195554384845, 0.000974316208158], [-0.000361988059012, -0.000638384895865, -0.00155527575407, 0.00466129276901, -0.000464124081191, -0.00179058581125, -0.00200835987926, 0.00453019933775, -0.00373842311092, 0.00263156648725, -0.000710384570993, -0.00071152462624, 0.000999258132651], [0.000808286597021, -0.00218183500692, -0.000875948055182, -0.000464124081191, 0.0109467525035, -0.00465431204066, 0.00178175163455, -0.00207565259188, -0.00123366445769, -0.00102656672243, 0.00618239445612, -0.00843945238739, 0.000511446094606], [-0.000631406786852, 0.000714609574061, -0.000451785657788, -0.00179058581125, -0.00465431204066, 0.015675527975, -0.00714673148468, -0.00348607380874, 0.00152469181921, -0.00122799514793, -0.00488347327337, 0.00830318126827, -0.00573841808364], [0.000676601950545, -0.000859853404108, 0.00123972981237, -0.00200835987926, 0.00178175163455, -0.00714673148468, 0.0115393474698, -0.00445855641738, 0.000791542872321, -0.00112045218702, 0.00149138062261, 0.000551667879336, -0.00131621758919], [-0.000711770902853, 0.00150655047037, -0.000655046023894, 0.00453019933775, -0.00207565259188, -0.00348607380874, -0.00445855641738, 0.0188197735697, -0.0116238351911, 0.000668667024001, 0.00113157986198, -0.000646969478112, 0.00206851959229], [0.000672977766953, -0.00220310641453, 0.00272448686883, -0.00373842311092, -0.00123366445769, 0.00152469181921, 0.000791542872321, -0.0116238351911, 0.0226255841553, -0.00932010170072, -0.00538920098916, 0.00640540104359, 0.000140864329296], [-0.000443067779997, 0.00151106610429, -0.00120307737961, 0.00263156648725, -0.00102656672243, -0.00122799514793, -0.00112045218702, 0.000668667024001, -0.00932010170072, 0.0237554162741, -0.00871771108359, -0.00462984479964, 0.00360839487985], [0.000890678202268, -0.00268053007312, 0.000221327645704, -0.000710384570993, 0.00618239445612, -0.00488347327337, 0.00149138062261, 0.00113157986198, -0.00538920098916, -0.00871771108359, 0.0267812311649, -0.0154470466077, -4.20701098847e-06], [-0.000853217730764, 0.00122933182865, 0.000195554384845, -0.00071152462624, -0.00843945238739, 0.00830318126827, 0.000551667879336, -0.000646969478112, 0.00640540104359, -0.00462984479964, -0.0154470466077, 0.0321258343756, -0.0152059057727], [0.00055127084488, 0.000751624058466, 0.000974316208158, 0.000999258132651, 0.000511446094606, -0.00573841808364, -0.00131621758919, 0.00206851959229, 0.000140864329296, 0.00360839487985, -4.20701098847e-06, -0.0152059057727, 0.025389501825]]
    },
    "melbands": {
        "dmean": [0.000191394094145, 0.000335905817337, 0.00265504326671, 0.000839252548758, 0.000171237363247, 0.000265297538135, 0.000283808709355, 0.000139756317367, 6.32763840258e-05, 5.97548823862e-05, 4.81617971673e-05, 1.6220170437e-05, 2.24518298637e-05, 3.89541855839e-05, 1.13436426545e-05, 2.10355410672e-05, 1.70395396708e-05, 1.85098342627e-05, 2.08098244912e-05, 1.47941182149e-05, 1.13480446089e-05, 1.29693717099e-05, 1.60023701028e-05, 1.28490519273e-05, 1.11602485049e-05, 9.31882732402e-06, 8.57207760419e-06, 8.99579390534e-06, 6.41524547973e-06, 6.02052932663e-06, 5.77308492211e-06, 8.1859934653e-06, 5.09768915435e-06, 5.23263770447e-06, 4.64695222036e-06, 3.01334944197e-06, 2.09394329431e-06, 1.7409179236e-06, 1.30781518237e-06, 1.06539312128e-06],
        "dmean2": [0.000227310491027, 0.000500094436575, 0.00415829243138, 0.00142726092599, 0.000287946430035, 0.000426597398473, 0.000481557857711, 0.000230154386372, 9.34063427849e-05, 9.44393177633e-05, 7.87589742686e-05, 2.69988777291e-05, 3.69000408682e-05, 6.43426319584e-05, 1.84967848327e-05, 3.18887759931e-05, 2.79492323898e-05, 2.85922869807e-05, 3.37517085427e-05, 2.38775301113e-05, 1.79446342372e-05, 2.239204332e-05, 2.65537964879e-05, 2.1127934815e-05, 1.89193378901e-05, 1.53878900164e-05, 1.47940590978e-05, 1.57912691066e-05, 1.00646520877e-05, 9.8203709058e-06, 9.06971672521e-06, 1.35506279548e-05, 8.27276562632e-06, 8.05460331321e-06, 7.73948158894e-06, 5.03440560351e-06, 3.25799192069e-06, 2.78504262496e-06, 2.11839073927e-06, 1.73712430751e-06],
        "dvar": [1.40259851378e-06, 2.25663848141e-06, 1.42888047776e-05, 1.98018142328e-06, 1.28272247935e-07, 1.5522675767e-07, 1.69463945099e-07, 5.27986045995e-08, 1.90501374675e-08, 2.19067128882e-08, 1.4903889678e-08, 9.35074462305e-10, 4.82784434652e-09, 4.50868009594e-09, 2.80503925643e-10, 2.50107290434e-09, 9.87249393347e-10, 2.59558197158e-09, 2.61231303256e-09, 1.29864996534e-09, 4.43127534666e-10, 3.78270054169e-10, 6.343138792e-10, 5.01471641989e-10, 2.68989219787e-10, 1.41129385955e-10, 1.64686569937e-10, 2.01162933533e-10, 8.78512471103e-11, 5.92978860459e-11, 6.68074762178e-11, 1.42630657285e-10, 3.89684395863e-11, 4.76827813345e-11, 4.12194410548e-11, 1.53865618163e-11, 7.40988694015e-12, 5.44715401257e-12, 3.67022514811e-12, 4.04626028863e-12],
        "dvar2": [2.52786503552e-06, 4.59049579149e-06, 3.36569937645e-05, 5.43953865417e-06, 3.2721544585e-07, 3.67902771359e-07, 4.59146377807e-07, 1.17877149819e-07, 3.50495135137e-08, 5.24675662916e-08, 3.83550222693e-08, 2.2889599105e-09, 1.27379591319e-08, 1.09320978936e-08, 6.31709295984e-10, 5.38858824228e-09, 2.45758746686e-09, 5.08503505969e-09, 5.73123992709e-09, 2.84641532566e-09, 9.56078438641e-10, 9.27307508558e-10, 1.47646483928e-09, 1.2917004133e-09, 7.11403103093e-10, 3.86512488681e-10, 4.5742390431e-10, 5.86712900486e-10, 2.33135594163e-10, 1.37854241911e-10, 1.79617098972e-10, 3.63448021679e-10, 1.01544044007e-10, 1.13761916554e-10, 1.12628066595e-10, 3.89941794132e-11, 1.91843225333e-11, 1.42850739918e-11, 9.43422250044e-12, 1.18205974523e-11],
        "max": [0.0236192140728, 0.0235825926065, 0.0185977220535, 0.0132152345031, 0.00519111519679, 0.00614879373461, 0.00268616387621, 0.00387651287019, 0.00230924086645, 0.00243309233338, 0.0017415570328, 0.000400606513722, 0.000938892364502, 0.000754161330406, 0.000222533402848, 0.000722467259038, 0.000427352439146, 0.000699651136529, 0.000806352356449, 0.000505635864101, 0.000317468802677, 0.000233938611927, 0.000365411367966, 0.00025307413307, 0.000189516053069, 0.000148958235513, 0.000115926435683, 0.000210035330383, 0.000124470054288, 9.11182360142e-05, 9.73345522652e-05, 0.000157487695105, 5.97458019911e-05, 8.58279599925e-05, 8.24279995868e-05, 5.19983223057e-05, 4.27651539212e-05, 4.20980977651e-05, 2.69256943284e-05, 4.06443905376e-05],
        "mean": [0.000491595361382, 0.000453724089311, 0.0025116733741, 0.000741761934478, 0.000245987117523, 0.000344986794516, 0.000317268801155, 0.00026318692835, 0.000145896221511, 0.000160914627486, 0.000124208367197, 2.743010009e-05, 3.14915050694e-05, 4.91708233312e-05, 1.89568490896e-05, 3.93764094042e-05, 3.79797129426e-05, 3.47263339791e-05, 2.96498583339e-05, 2.2202524633e-05, 2.16597509279e-05, 1.99537062144e-05, 2.43440863414e-05, 2.17394190258e-05, 2.21338432311e-05, 1.88643243746e-05, 1.68102178577e-05, 1.50956229845e-05, 1.22224355437e-05, 1.22494811876e-05, 1.25247179312e-05, 1.42242033689e-05, 9.87874773273e-06, 9.99245003186e-06, 8.45617250889e-06, 5.96686777499e-06, 4.34589082943e-06, 3.57708654519e-06, 2.54287192547e-06, 1.99020632863e-06],
        "median": [2.34607409766e-06, 0.000147610087879, 0.00028623349499, 0.000183180745807, 0.000144599413034, 0.000150692794705, 0.000161836884217, 4.90948732477e-05, 2.18958011828e-05, 1.84615892067e-05, 1.84854870895e-05, 1.91447870748e-05, 1.16833380162e-05, 2.3282789698e-05, 1.27960356622e-05, 1.62692267622e-05, 1.46266229422e-05, 1.49256502482e-05, 1.45019521369e-05, 1.14219110401e-05, 1.21181492432e-05, 1.18755569929e-05, 1.34456895466e-05, 1.25411388581e-05, 1.50134492287e-05, 1.31060169224e-05, 9.74259819486e-06, 9.08789843379e-06, 7.95815685706e-06, 7.92310675024e-06, 8.50186279422e-06, 8.314018487e-06, 6.50560650683e-06, 6.11161340203e-06, 5.40373366675e-06, 3.98995189244e-06, 3.00503916151e-06, 2.30498790188e-06, 1.70572207026e-06, 1.24864368445e-06],
        "min": [1.43832101659e-24, 7.29993974549e-24, 7.60413397687e-24, 6.85371584129e-24, 6.29717881139e-24, 3.73756695981e-24, 4.41456699424e-24, 5.68207240915e-24, 6.09803442574e-24, 5.99943154575e-24, 5.88362242613e-24, 6.02499340009e-24, 8.90446468291e-24, 9.47073507309e-24, 5.89533385513e-24, 4.58652604981e-24, 5.88223442537e-24, 7.20117514902e-24, 3.61794843088e-24, 9.75137786214e-24, 1.14670280576e-23, 9.10585377226e-24, 1.02097202476e-23, 1.10497364159e-23, 5.63064853889e-24, 6.15086720157e-24, 6.33318005652e-24, 9.5056066694e-24, 7.25218052857e-24, 9.89471388862e-24, 6.83945244726e-24, 7.51641343307e-24, 1.08203908849e-23, 1.00050171536e-23, 9.33986857094e-24, 1.03064622047e-23, 9.55058751822e-24, 8.62389289133e-24, 8.38187904308e-24, 8.30552204062e-24],
        "var": [4.05098808187e-06, 2.61985064753e-06, 1.62983633345e-05, 1.80047004505e-06, 1.41791105079e-07, 2.76941563015e-07, 1.71189526554e-07, 2.85205459249e-07, 1.22644664202e-07, 1.30737603854e-07, 8.19544609953e-08, 1.23309029654e-09, 5.8552616089e-09, 5.91360294067e-09, 6.69565070055e-10, 4.41214176305e-09, 2.80306045042e-09, 5.53543699766e-09, 3.7030352118e-09, 2.11006301321e-09, 1.26772758957e-09, 7.89941889678e-10, 1.35807309842e-09, 8.94070706359e-10, 6.39614694542e-10, 4.00665056688e-10, 4.50953635545e-10, 3.44959255605e-10, 1.76835157628e-10, 1.69637873193e-10, 1.98367156035e-10, 2.72143835245e-10, 1.06101641362e-10, 1.37428401992e-10, 9.84832423945e-11, 4.93374785471e-11, 2.88021915346e-11, 2.15326576014e-11, 7.80373335396e-12, 9.31727264786e-12]
    },
    "mfcc": {
