{
"metadata": {
    "version": {
        "essentia": "2.0.1",
        "extractor": "archive-music 1.0"
    },
    "audio_properties": {
        "analysis_sample_rate": 44100,
        "bitrate": 128,
        "channels": 2,
        "equal_loudness": 0,
        "length": 15.8040819168,
        "replay_gain": -13.4843521118,
        "downmix": "mix"
    },
    "tags": {
        "track": 1,
        "year": 0,
        "album": "The 5th Element",
        "artist": "Kellee Maize",
        "comment": "",
        "genre": "Other",
        "title": "Dancing With Lightning"
    }
},
"highlevel": {
    "culture": {
        "all": {
            "non_western": 0.1062970981,
            "western": 0.893702924252
        },
        "probability": 0.893702924252,
        "value": "western"
    },
    "danceability": {
        "all": {
            "danceable": 0.999999880791,
            "not_danceable": 1.00000008274e-07
        },
        "probability": 0.999999880791,
        "value": "danceable"
    },
    "gender": {
        "all": {
            "female": 0.847423970699,
            "male": 0.152576029301
        },
        "probability": 0.847423970699,
        "value": "female"
    },
    "genre_dortmund": {
        "all": {
            "alternative": 0.00821332260966,
            "blues": 0.00264826696366,
            "electronic": 0.276475906372,
            "folkcountry": 0.0054612592794,
            "funksoulrnb": 0.00601137056947,
            "jazz": 0.0136270197108,
            "pop": 0.0838815867901,
            "raphiphop": 0.590145468712,
            "rock": 0.0135358078405
        },
        "probability": 0.590145468712,
        "value": "raphiphop"
    },
    "genre_electronic": {
        "all": {
            "ambient": 0.111371122301,
            "dnb": 0.273076206446,
            "house": 0.160899460316,
            "techno": 0.0619527734816,
            "trance": 0.392700433731
        },
        "probability": 0.392700433731,
        "value": "trance"
    },
    "genre_rosamerica": {
        "all": {
            "cla": 0.000103417725768,
            "dan": 0.807566821575,
            "hip": 0.179031997919,
            "jaz": 0.00021842069691,
            "pop": 0.00952711049467,
            "rhy": 0.000514497514814,
            "roc": 0.00291559216566,
            "spe": 0.000122110417578
        },
        "probability": 0.807566821575,
        "value": "dan"
    },
    "genre_tzanetakis": {
        "all": {
            "blu": 0.000482393370476,
            "cla": 0.000627413217444,
            "cou": 0.000971816014498,
            "dis": 0.00377944903448,
            "hip": 0.365725308657,
            "jaz": 0.0140096405521,
            "met": 0.00283470912836,
            "pop": 0.422844797373,
            "reg": 0.178798943758,
            "roc": 0.00992550514638
        },
        "probability": 0.422844797373,
        "value": "pop"
    },
    "mirex_ballroom": {
        "all": {
            "ChaChaCha": 0.0299296956509,
            "Jive": 0.00105759955477,
            "Quickstep": 0.00524287577718,
            "Rumba-American": 0.000413613772253,
            "Rumba-International": 0.000805541814771,
            "Rumba-Misc": 0.00113623449579,
            "Samba": 0.961212575436,
            "Tango": 6.77744974382e-05,
            "VienneseWaltz": 8.65039837663e-05,
            "Waltz": 4.75991982967e-05
        },
        "probability": 0.961212575436,
        "value": "Samba"
    },
    "mood_acoustic": {
        "all": {
            "acoustic": 5.26781152033e-09,
            "not_acoustic": 1
        },
        "probability": 1,
        "value": "not_acoustic"
    },
    "mood_aggressive": {
        "all": {
            "aggressive": 0.0210916120559,
            "not_aggressive": 0.978908360004
        },
        "probability": 0.978908360004,
        "value": "not_aggressive"
    },
    "mood_electronic": {
        "all": {
            "electronic": 0.994616866112,
            "not_electronic": 0.00538312550634
        },
        "probability": 0.994616866112,
        "value": "electronic"
    },
    "mood_happy": {
        "all": {
            "happy": 0.577766418457,
            "not_happy": 0.422233551741
        },
        "probability": 0.577766418457,
        "value": "happy"
    },
    "mood_party": {
        "all": {
            "not_party": 0.311187386513,
            "party": 0.688812613487
        },
        "probability": 0.688812613487,
        "value": "party"
    },
    "mood_relaxed": {
        "all": {
            "not_relaxed": 0.992116093636,
            "relaxed": 0.00788389053196
        },
        "probability": 0.992116093636,
        "value": "not_relaxed"
    },
    "mood_sad": {
        "all": {
            "not_sad": 0.713077425957,
            "sad": 0.286922574043
        },
        "probability": 0.713077425957,
        "value": "not_sad"
    },
    "moods_mirex": {
        "all": {
            "Cluster1": 0.195857405663,
            "Cluster2": 0.21118041873,
            "Cluster3": 0.387525379658,
            "Cluster4": 0.0443705245852,
            "Cluster5": 0.161066263914
        },
        "probability": 0.387525379658,
        "value": "Cluster3"
    },
    "timbre": {
        "all": {
            "bright": 0.874650835991,
            "dark": 0.125349164009
        },
        "probability": 0.874650835991,
        "value": "bright"
    },
    "tonal_atonal": {
        "all": {
            "atonal": 0.999998390675,
            "tonal": 1.63104391504e-06
        },
        "probability": 0.999998390675,
        "value": "atonal"
    },
    "voice_instrumental": {
        "all": {
            "instrumental": 0.0145138865337,
            "voice": 0.985486090183
        },
        "probability": 0.985486090183,
        "value": "voice"
    }
},
"lowlevel": {
    "average_loudness": 0.962086796761,
    "barkbands_kurtosis": {
        "dmean": 6.44840145111,
        "dmean2": 9.42651939392,
        "dvar": 183.218719482,
        "dvar2": 287.529205322,
        "max": 269.461029053,
        "mean": 11.4670448303,
        "median": 2.79445362091,
        "min": -1.89915764332,
        "var": 509.005645752
    },
    "barkbands_skewness": {
        "dmean": 0.772407531738,
        "dmean2": 1.1088334322,
        "dvar": 0.836728274822,
        "dvar2": 1.32972335815,
        "max": 14.8792285919,
        "mean": 2.31288695335,
        "median": 1.86419641972,
        "min": -2.09291648865,
        "var": 6.27173852921
    },
    "barkbands_spread": {
        "dmean": 9.19677829742,
        "dmean2": 14.3290081024,
        "dvar": 132.973678589,
        "dvar2": 278.697875977,
        "max": 113.418655396,
        "mean": 37.864200592,
        "median": 28.2127456665,
        "min": 0.515693604946,
        "var": 866.34173584
    },
    "dissonance": {
        "dmean": 0.0173620227724,
        "dmean2": 0.0297716613859,
        "dvar": 0.000481232360471,
        "dvar2": 0.00133202690631,
        "max": 0.499988347292,
        "mean": 0.475202709436,
        "median": 0.479500830173,
        "min": 0.183587819338,
        "var": 0.000483511656057
    },
    "dynamic_complexity": 2.91583943367,
    "erbbands_kurtosis": {
        "dmean": 0.834792912006,
        "dmean2": 1.37287080288,
        "dvar": 1.69009292126,
        "dvar2": 3.61671996117,
        "max": 11.1752471924,
        "mean": 0.00228637550026,
        "median": -0.568499088287,
        "min": -1.75296068192,
        "var": 3.4531750679
    },
    "erbbands_skewness": {
        "dmean": 0.372025549412,
        "dmean2": 0.596785247326,
        "dvar": 0.111450925469,
        "dvar2": 0.272220820189,
        "max": 2.53232431412,
        "mean": -0.172973006964,
        "median": -0.143511742353,
        "min": -3.15030956268,
        "var": 0.450282305479
    },
    "erbbands_spread": {
        "dmean": 13.7202939987,
        "dmean2": 21.45728302,
        "dvar": 225.191833496,
        "dvar2": 475.199554443,
        "max": 157.600067139,
        "mean": 61.4564476013,
        "median": 58.9784431458,
        "min": 6.84107351303,
        "var": 1035.6907959
    },
    "hfc": {
        "dmean": 22.8863563538,
        "dmean2": 37.7194404602,
        "dvar": 1427.35253906,
        "dvar2": 3513.38354492,
        "max": 313.819091797,
        "mean": 58.0561637878,
        "median": 35.3136672974,
        "min": 1.16950394893e-16,
        "var": 3435.66308594
    },
    "melbands_kurtosis": {
        "dmean": 26.35546875,
        "dmean2": 42.1606636047,
        "dvar": 2560.7644043,
        "dvar2": 6165.77880859,
        "max": 607.399475098,
        "mean": 58.7578315735,
        "median": 24.0488510132,
        "min": -1.46756887436,
        "var": 6672.546875
    },
    "melbands_skewness": {
        "dmean": 1.24981963634,
        "dmean2": 1.91684782505,
        "dvar": 2.8244035244,
        "dvar2": 5.70179271698,
        "max": 21.5415763855,
        "mean": 5.45860481262,
        "median": 4.57963132858,
        "min": -0.63069319725,
        "var": 17.4576950073
    },
    "melbands_spread": {
        "dmean": 10.0736665726,
        "dmean2": 14.5259647369,
        "dvar": 249.740447998,
        "dvar2": 434.777099609,
        "max": 167.554122925,
        "mean": 34.2341842651,
        "median": 15.5195388794,
        "min": 0.496138483286,
        "var": 1375.54980469
    },
    "pitch_salience": {
        "dmean": 0.0681427717209,
        "dmean2": 0.105861768126,
        "dvar": 0.00632312893867,
        "dvar2": 0.0134119456634,
        "max": 0.895115017891,
        "mean": 0.353093355894,
        "median": 0.331266820431,
        "min": 0.0560879260302,
        "var": 0.0378031022847
    },
    "silence_rate_20dB": {
        "dmean": 0,
        "dmean2": 0,
        "dvar": 0,
        "dvar2": 0,
        "max": 1,
        "mean": 1,
        "median": 1,
        "min": 1,
        "var": 0
    },
    "silence_rate_30dB": {
        "dmean": 0.0499265789986,
        "dmean2": 0.10000000149,
        "dvar": 0.0474338158965,
        "dvar2": 0.0958820357919,
        "max": 1,
        "mean": 0.901759505272,
        "median": 1,
        "min": 0,
        "var": 0.0885893106461
    },
    "silence_rate_60dB": {
        "dmean": 0.00293685751967,
        "dmean2": 0.00588235305622,
        "dvar": 0.00292824814096,
        "dvar2": 0.00584771996364,
        "max": 1,
        "mean": 0.0513196475804,
        "median": 0,
        "min": 0,
        "var": 0.048686247319
    },
    "spectral_centroid": {
        "dmean": 390.27230835,
        "dmean2": 580.400756836,
        "dvar": 285325.5,
        "dvar2": 351080.25,
        "max": 11323.1445312,
        "mean": 2066.85180664,
        "median": 1972.3503418,
        "min": 262.948669434,
        "var": 1001924.875
    },
    "spectral_complexity": {
        "dmean": 4.02643156052,
        "dmean2": 6.17647075653,
        "dvar": 21.5205821991,
        "dvar2": 40.0511779785,
        "max": 62,
        "mean": 17.5542526245,
        "median": 15,
        "min": 0,
        "var": 130.097488403
    },
    "spectral_crest": {
        "dmean": 1.98130548,
        "dmean2": 2.94166922569,
        "dvar": 6.69600582123,
        "dvar2": 11.4517717361,
        "max": 26.2784805298,
        "mean": 16.0502967834,
        "median": 17.8226032257,
        "min": 3.14136123657,
        "var": 53.6252174377
    },
    "spectral_decrease": {
        "dmean": 2.40430209075e-09,
        "dmean2": 3.67955599323e-09,
        "dvar": 1.53226771233e-17,
        "dvar2": 3.26612628826e-17,
        "max": 8.95051446232e-29,
        "mean": -1.33083162268e-08,
        "median": -1.09504476598e-08,
        "min": -4.41547847174e-08,
        "var": 9.84087377983e-17
    },
    "spectral_energy": {
        "dmean": 0.0101907821372,
        "dmean2": 0.0158092491329,
        "dvar": 0.000243965056143,
        "dvar2": 0.000548637588508,
        "max": 0.168197900057,
        "mean": 0.0554945059121,
        "median": 0.050465464592,
        "min": 1.02699344044e-20,
        "var": 0.00136189477053
    },
    "spectral_energyband_high": {
        "dmean": 0.00237058429047,
        "dmean2": 0.00390984676778,
        "dvar": 1.7387124899e-05,
        "dvar2": 4.60121009382e-05,
        "max": 0.034051425755,
        "mean": 0.00505881011486,
        "median": 0.00236431136727,
        "min": 7.54173199325e-21,
        "var": 3.82351099688e-05
    },
    "spectral_energyband_low": {
        "dmean": 0.00766056962311,
        "dmean2": 0.0112267490476,
        "dvar": 0.000216400963836,
        "dvar2": 0.000442861579359,
        "max": 0.164165899158,
        "mean": 0.041914537549,
        "median": 0.0303678847849,
        "min": 6.2012381003e-23,
        "var": 0.00146230694372
    },
    "spectral_energyband_middle_high": {
        "dmean": 0.001862448873,
        "dmean2": 0.0031341612339,
        "dvar": 1.60456493177e-05,
        "dvar2": 3.36474295182e-05,
        "max": 0.043385270983,
        "mean": 0.00487399101257,
        "median": 0.00310843950137,
        "min": 1.2896112286e-21,
        "var": 3.9290109271e-05
    },
    "spectral_energyband_middle_low": {
        "dmean": 0.00288312137127,
        "dmean2": 0.00502935843542,
        "dvar": 3.27356756316e-05,
        "dvar2": 9.01249877643e-05,
        "max": 0.047503951937,
        "mean": 0.00413569714874,
        "median": 0.00198479602113,
        "min": 2.16748457304e-22,
        "var": 3.02425214613e-05
    },
    "spectral_flatness_db": {
        "dmean": 0.0241619646549,
        "dmean2": 0.0366672612727,
        "dvar": 0.000793311628513,
        "dvar2": 0.00145777256694,
        "max": 0.416951715946,
        "mean": 0.162873595953,
        "median": 0.156949728727,
        "min": 0.0407707169652,
        "var": 0.0056835305877
    },
    "spectral_flux": {
        "dmean": 0.0254031550139,
        "dmean2": 0.0384456589818,
        "dvar": 0.00154786685016,
        "dvar2": 0.00249556172639,
        "max": 0.376629680395,
        "mean": 0.0933511480689,
        "median": 0.0812366306782,
        "min": 1.01340685843e-10,
        "var": 0.00354359997436
    },
    "spectral_kurtosis": {
        "dmean": 0.94762057066,
        "dmean2": 1.49709641933,
        "dvar": 1.27959668636,
        "dvar2": 3.02880454063,
        "max": 12.2021694183,
        "mean": 1.98102736473,
        "median": 1.79289269447,
        "min": -1.17480432987,
        "var": 4.93074655533
    },
    "spectral_rms": {
        "dmean": 0.000656376418192,
        "dmean2": 0.00100114068482,
        "dvar": 8.42014742375e-07,
        "dvar2": 1.78922698524e-06,
        "max": 0.0128099769354,
        "mean": 0.00681445468217,
        "median": 0.00701673701406,
        "min": 3.16535122766e-12,
        "var": 7.70419683249e-06
    },
    "spectral_rolloff": {
        "dmean": 1002.54321289,
        "dmean2": 1758.40905762,
        "dvar": 4734206.5,
        "dvar2": 10112104,
        "max": 19444.4824219,
        "mean": 3316.67895508,
        "median": 925.927734375,
        "min": 64.599609375,
        "var": 19065642
    },
    "spectral_skewness": {
        "dmean": 0.19721879065,
        "dmean2": 0.308855384588,
        "dvar": 0.0388225652277,
        "dvar2": 0.0860191881657,
        "max": 2.46896743774,
        "mean": 1.10722076893,
        "median": 1.06750643253,
        "min": -0.0230429191142,
        "var": 0.149238154292
    },
    "spectral_spread": {
        "dmean": 1194817.875,
        "dmean2": 1694430.625,
        "dvar": 4.47604431258e+12,
        "dvar2": 5.3135498281e+12,
        "max": 39824064,
        "mean": 7929007.5,
        "median": 7331566,
        "min": 2756503.25,
        "var": 1.7471041962e+13
    },
    "spectral_strongpeak": {
        "dmean": 0.225287482142,
        "dmean2": 0.397715747356,
        "dvar": 0.302989900112,
        "dvar2": 0.900227189064,
        "max": 4.5206413269,
        "mean": 0.619990170002,
        "median": 0.56591373682,
        "min": 0,
        "var": 0.270464628935
    },
    "zerocrossingrate": {
        "dmean": 0.01904296875,
        "dmean2": 0.0229520909488,
        "dvar": 0.00106374383904,
        "dvar2": 0.00134997908026,
        "max": 0.5048828125,
        "mean": 0.103928729892,
        "median": 0.0615234375,
        "min": 0.0029296875,
        "var": 0.0097606992349
    },
    "barkbands": {
        "dmean": [0.000373003946152, 0.00701917195693, 0.00268969521858, 0.00116097636055, 0.000715214700904, 0.00026349251857, 0.000623615633231, 0.000547505158465, 0.000433822307969, 0.000317310943501, 0.000384842016501, 0.000521309208125, 0.000168960526935, 0.000307842536131, 0.000247355928877, 0.000308735237923, 0.000352649134584, 0.000282127643004, 0.000255324383033, 0.000171776642674, 0.000360937439837, 0.000469622813398, 0.000526139279827, 0.000448786915513, 0.00049810874043, 0.00046609173296, 4.31617154391e-05],
        "dmean2": [0.000572873512283, 0.00945726875216, 0.00456429831684, 0.00223770109005, 0.0011695092544, 0.000433160981629, 0.00107458466664, 0.000920895894524, 0.000731276057195, 0.000555314240046, 0.000628979003523, 0.000884430308361, 0.000286851834971, 0.000528796750586, 0.000427219842095, 0.000487655081088, 0.000592972966842, 0.000417408096837, 0.000372236740077, 0.000279997097095, 0.000643028935883, 0.0008040604298, 0.000883003696799, 0.000723737000953, 0.000808849406894, 0.000802218739409, 7.68779354985e-05],
        "dvar": [4.330278216e-07, 0.000190464415937, 9.12432660698e-05, 1.88977410289e-05, 1.75775664957e-06, 2.18466283286e-07, 3.94821336158e-06, 9.47595310663e-07, 5.89411286001e-07, 3.7704649003e-07, 3.43827451843e-07, 6.04838987783e-07, 6.56469509863e-08, 6.06040771345e-07, 4.57836790702e-07, 1.41891848671e-06, 1.21058405966e-06, 6.70526560498e-07, 7.89918317423e-07, 2.5043911478e-07, 1.95138727577e-06, 1.38791256177e-06, 8.16660303826e-07, 5.24381448486e-07, 6.7415032845e-07, 5.85672751185e-07, 4.93947860392e-09],
        "dvar2": [9.98016389531e-07, 0.000324098451529, 0.000242026551859, 5.51285775146e-05, 4.79370146422e-06, 5.32547403509e-07, 1.13290816444e-05, 2.47188836511e-06, 1.59916487519e-06, 1.05279355012e-06, 7.54483608034e-07, 1.71302770013e-06, 1.74830859123e-07, 1.62872436249e-06, 1.29293016471e-06, 3.45115859091e-06, 2.95121162708e-06, 1.13812723157e-06, 1.79513199328e-06, 5.65222592286e-07, 5.889361546e-06, 3.83450515073e-06, 1.97504505195e-06, 1.15718512461e-06, 1.49513039105e-06, 1.45302976762e-06, 1.37388083132e-08],
        "max": [0.00633967434987, 0.159065485001, 0.0808021649718, 0.0397655963898, 0.0180716011673, 0.0038714853581, 0.0204630400985, 0.00701864715666, 0.00715253548697, 0.00560320541263, 0.0083238882944, 0.00886309891939, 0.00207680370659, 0.00935941655189, 0.00893378164619, 0.0156170520931, 0.0134796891361, 0.0101030366495, 0.0124949105084, 0.0052020563744, 0.0130994459614, 0.0106607628986, 0.00904873758554, 0.00625088997185, 0.00720926607028, 0.00636644801125, 0.000571468728594],
        "mean": [0.0012843782315, 0.0365150161088, 0.00367303472012, 0.000724143406842, 0.00105248740874, 0.000324113410898, 0.000695585506037, 0.000699956086464, 0.000570611795411, 0.000423727789894, 0.00055799423717, 0.00089303124696, 0.000246683077421, 0.000403558136895, 0.00032917590579, 0.000375746138161, 0.000600711035077, 0.000525967683643, 0.00036387698492, 0.000315556360874, 0.000413882778957, 0.000657118740492, 0.00103143102024, 0.000823836424388, 0.00103779044002, 0.000909649825189, 4.54794462712e-05],
        "median": [0.00059465423692, 0.0227255672216, 7.09256273694e-05, 8.38903069962e-05, 0.000159966264619, 0.000125703663798, 0.000187838217244, 0.000298425700748, 0.000311839394271, 0.000259015330812, 0.000304116139887, 0.000474890810438, 0.000155714486027, 0.000184731412446, 0.000137040522532, 9.36624273891e-05, 0.000112659632578, 9.65828803601e-05, 0.00011216240091, 0.000117530842545, 0.000114663314889, 0.000189474580111, 0.000430672371294, 0.000257060513832, 0.000288212730084, 0.000195791566512, 5.21538595422e-06],
        "min": [1.15323662509e-23, 2.61140064889e-23, 7.58907067789e-24, 1.54317664477e-23, 1.1613495073e-23, 7.92438704971e-24, 1.88596021614e-23, 5.30972682756e-23, 6.0455453566e-23, 2.71435551672e-23, 2.62407717032e-23, 4.59033806236e-23, 1.08339619746e-22, 6.79003378253e-23, 4.49412069775e-23, 1.13402756228e-22, 1.16659035205e-22, 1.23726358014e-22, 2.28372556245e-22, 3.16545950381e-22, 4.26192441279e-22, 3.19961957914e-22, 6.71309624156e-22, 8.93348094338e-22, 1.25383859536e-21, 1.25168370505e-21, 2.1958355524e-21],
        "var": [2.13601401811e-06, 0.00132218922954, 0.000100148783531, 1.02963285826e-05, 4.28707016908e-06, 2.61733532625e-07, 2.72103898169e-06, 1.24157065784e-06, 6.29103908523e-07, 3.40359491702e-07, 6.007538218e-07, 1.55927079959e-06, 8.7602600729e-08, 5.73044019347e-07, 4.49464778285e-07, 1.52240090756e-06, 2.51639175985e-06, 1.64612970366e-06, 1.02963997506e-06, 4.09689249636e-07, 1.67276220964e-06, 2.03549825528e-06, 2.15623185795e-06, 1.32396803565e-06, 1.95949974113e-06, 1.35813036195e-06, 5.45100675708e-09]
    },
    "erbbands": {
        "dmean": [0.281618565321, 1.49705636501, 3.03211903572, 3.71309971809, 2.55771017075, 2.82204556465, 2.11114430428, 2.27574920654, 6.86388206482, 11.485291481, 12.2272882462, 9.56848716736, 8.80220127106, 13.1399412155, 15.8191900253, 14.6320400238, 7.15454769135, 13.5274753571, 14.4641265869, 13.1564416885, 16.1329269409, 18.1406021118, 15.2546844482, 13.8844575882, 11.492442131, 8.21116065979, 12.9207267761, 14.4280786514, 15.4671554565, 18.5818004608, 13.6549978256, 10.7140960693, 7.48122024536, 5.37953710556, 4.036921978, 2.53412151337, 0.804917752743, 0.12512549758, 0.00362092885189, 9.77136296569e-05],
        "dmean2": [0.347644776106, 2.15852713585, 4.92023563385, 6.94118642807, 4.5569152832, 4.5781750679, 3.75293898582, 3.72237181664, 11.4884500504, 20.1438961029, 20.1204013824, 16.0245914459, 15.3567066193, 21.9748821259, 25.7532539368, 24.3205413818, 11.9880552292, 23.0320663452, 24.9804134369, 21.5373668671, 24.454957962, 30.9929656982, 22.5690612793, 21.1690311432, 17.6724758148, 12.858707428, 22.7347640991, 25.7787704468, 27.2109775543, 31.1125202179, 22.3776702881, 17.7823867798, 12.1338663101, 8.81956100464, 6.76206970215, 4.30037784576, 1.39297735691, 0.217810079455, 0.00638025859371, 0.000168271071743],
        "dvar": [0.28972619772, 11.130027771, 100.81880188, 207.382919312, 44.5051574707, 36.8565826416, 18.776266098, 15.6764822006, 249.817871094, 1698.91430664, 363.420471191, 345.998352051, 292.139190674, 412.829803467, 607.003112793, 421.463256836, 114.275009155, 686.091430664, 2440.92797852, 1479.59936523, 3965.92724609, 3089.72094727, 1986.65222168, 2741.15917969, 1545.50402832, 546.877868652, 2128.5715332, 3127.22680664, 1756.01708984, 1457.57409668, 567.24407959, 294.593109131, 167.476257324, 73.9135971069, 44.1381568909, 18.6650695801, 1.58934557438, 0.037067104131, 3.66280110029e-05, 2.28698731064e-08],
        "dvar2": [0.370641559362, 23.277097702, 260.500335693, 599.843688965, 126.145736694, 100.497276306, 52.1534080505, 37.6317253113, 664.030761719, 4881.63867188, 892.394958496, 960.301208496, 828.664611816, 1046.68029785, 1357.72827148, 1184.03881836, 296.513000488, 1875.54650879, 6815.84179688, 3320.52124023, 9532.1953125, 7819.09912109, 3865.40820312, 6056.73730469, 3358.64160156, 1258.09899902, 6309.71044922, 9364.57324219, 5064.02880859, 3685.82983398, 1299.48986816, 725.501037598, 384.667572021, 166.864440918, 101.084823608, 45.5146598816, 4.0117149353, 0.0962930992246, 9.71772751654e-05, 5.88132351709e-08],
        "max": [6.11007165909, 34.4834289551, 81.643699646, 130.684844971, 58.1101531982, 94.6497573853, 42.5855789185, 34.3362922668, 132.778823853, 440.267730713, 190.221832275, 187.166687012, 176.737991333, 186.609954834, 383.125213623, 217.386550903, 94.516746521, 284.231414795, 643.845947266, 494.225036621, 717.543762207, 601.222290039, 640.723266602, 821.419189453, 480.506286621, 248.644332886, 435.367401123, 532.406005859, 375.141265869, 512.33203125, 286.359008789, 172.353134155, 122.802360535, 76.8209838867, 58.5306625366, 34.3997039795, 10.7842264175, 1.37105309963, 0.0616871379316, 0.00138303078711],
        "mean": [1.54437148571, 6.21263217926, 5.29660320282, 3.0476167202, 2.57516860962, 4.3811211586, 2.52549934387, 2.79472541809, 7.73785734177, 12.9954118729, 16.212020874, 12.532040596, 11.6663274765, 20.2558135986, 28.6856956482, 26.8032493591, 12.1323432922, 19.5988464355, 17.8191490173, 20.4773807526, 20.9112415314, 31.856552124, 31.9251937866, 21.6897830963, 17.5507450104, 14.8285627365, 16.2322387695, 16.1365814209, 20.9177188873, 31.9910926819, 27.8094329834, 19.4550571442, 12.5612125397, 9.89855194092, 8.0544500351, 4.93516874313, 1.52240228653, 0.20302760601, 0.00521801179275, 0.0002351552248],
        "median": [0.805700302124, 3.55491566658, 1.0629928112, 0.353862285614, 0.457664430141, 0.542638480663, 0.961469650269, 1.08654427528, 1.90928053856, 4.68748140335, 8.04656791687, 6.64640951157, 7.99631977081, 13.0059051514, 15.8187732697, 16.3673553467, 8.18932151794, 9.83268737793, 7.54737997055, 8.04940795898, 5.04348325729, 6.3565530777, 5.20779085159, 5.64168930054, 6.05853414536, 5.37295055389, 5.18950462341, 4.66315937042, 6.67864179611, 13.24355793, 10.7278137207, 5.76507854462, 3.90911531448, 2.71603679657, 1.86044669151, 0.967501521111, 0.34025272727, 0.0489006116986, 0.00124098616652, 0.0001450261625],
        "min": [1.19844071839e-21, 4.70671503877e-21, 7.4506371127e-21, 3.58508672404e-20, 3.89608078497e-20, 2.67798107727e-20, 1.25457191036e-19, 8.07020217697e-20, 1.91793715742e-19, 5.66241473541e-19, 1.14964446325e-18, 1.18814072518e-18, 1.48759251463e-18, 7.78087029608e-19, 1.7096732417e-18, 2.34939311736e-18, 4.76794308342e-18, 3.86280731558e-18, 3.71603941872e-18, 3.95270944045e-18, 6.63982675344e-18, 6.66120689073e-18, 7.16741909174e-18, 1.03914150862e-17, 1.33219786845e-17, 1.34194561294e-17, 1.51547677308e-17, 1.78488618986e-17, 1.25669356659e-17, 1.62308949661e-17, 2.06687520397e-17, 2.04381307762e-17, 1.32738979842e-17, 1.19505785761e-17, 9.27824339427e-18, 4.51685654438e-18, 2.62023397019e-18, 1.21017443855e-18, 3.13607357125e-19, 3.28305012442e-20],
        "var": [2.68684840202, 43.1713180542, 131.519592285, 124.377578735, 33.0361480713, 109.466392517, 18.4080677032, 19.4170246124, 244.583068848, 1118.5526123, 532.205627441, 356.521697998, 238.377288818, 584.735473633, 1517.45373535, 1017.33477783, 171.253570557, 819.398803711, 1907.33251953, 2152.84936523, 4647.58642578, 6419.640625, 5642.921875, 4045.10229492, 2030.66625977, 907.240661621, 2010.40539551, 2713.86914062, 2098.71337891, 3192.58911133, 1655.25842285, 730.882995605, 334.70098877, 192.862426758, 119.618713379, 42.998249054, 3.68770432472, 0.0683467462659, 5.06370524818e-05, 4.51940280755e-08]
    },
    "gfcc": {
        "mean": [11.2764549255, 34.4966964722, -89.5953903198, 32.185092926, -46.5357933044, 43.9847640991, -16.8780002594, 30.212644577, -14.3464574814, 16.2917900085, -9.78746414185, 12.294921875, -11.0309991837],
        "cov": [[19621.5410156, -1081.7635498, 424.732971191, -361.49319458, -1069.43811035, 322.136322021, -1125.05786133, 168.734771729, -296.870544434, 263.227172852, -428.4269104, 331.641204834, -408.091461182], [-1081.7635498, 2272.71069336, -539.606445312, 401.108398438, 387.944976807, -467.560516357, 250.810638428, -126.616691589, -125.13142395, -125.727630615, 157.391616821, -388.375518799, 266.672729492], [424.732971191, -539.606445312, 1648.1048584, -288.918640137, -107.594566345, 288.568023682, -202.648910522, -64.3481521606, -144.816986084, 62.1582527161, -130.61895752, 74.4528045654, -177.447174072], [-361.49319458, 401.108398438, -288.918640137, 632.880432129, 240.516479492, -130.710464478, 78.9995346069, 27.3404655457, 72.1518249512, -115.502319336, -56.5671386719, -77.3968200684, 103.571632385], [-1069.43811035, 387.944976807, -107.594566345, 240.516479492, 330.722503662, -15.8177509308, 172.714263916, 23.3022117615, 24.6719722748, -36.6976737976, 29.0738658905, -85.8707199097, 82.3463897705], [322.136322021, -467.560516357, 288.568023682, -130.710464478, -15.8177509308, 388.469360352, 87.753364563, 48.2802963257, 21.9560680389, 66.855430603, 5.28429508209, 85.9745407104, -61.6870002747], [-1125.05786133, 250.810638428, -202.648910522, 78.9995346069, 172.714263916, 87.753364563, 315.268829346, 72.5682678223, 53.6098632812, 10.9253835678, 88.5514984131, -33.4044876099, 60.7889289856], [168.734771729, -126.616691589, -64.3481521606, 27.3404655457, 23.3022117615, 48.2802963257, 72.5682678223, 162.432067871, 68.9336242676, 30.108537674, 13.5238666534, 41.0385551453, 7.2401432991], [-296.870544434, -125.13142395, -144.816986084, 72.1518249512, 24.6719722748, 21.9560680389, 53.6098632812, 68.9336242676, 172.851806641, 36.4298934937, 19.5595436096, 36.3216209412, 26.5096797943], [263.227172852, -125.727630615, 62.1582527161, -115.502319336, -36.6976737976, 66.855430603, 10.9253835678, 30.108537674, 36.4298934937, 110.830696106, 55.3408813477, 44.1071510315, -15.2001447678], [-428.4269104, 157.391616821, -130.61895752, -56.5671386719, 29.0738658905, 5.28429508209, 88.5514984131, 13.5238666534, 19.5595436096, 55.3408813477, 130.348129272, 11.9541444778, 34.0138397217], [331.641204834, -388.375518799, 74.4528045654, -77.3968200684, -85.8707199097, 85.9745407104, -33.4044876099, 41.0385551453, 36.3216209412, 44.1071510315, 11.9541444778, 137.441818237, -27.4721946716], [-408.091461182, 266.672729492, -177.447174072, 103.571632385, 82.3463897705, -61.6870002747, 60.7889289856, 7.2401432991, 26.5096797943, -15.2001447678, 34.0138397217, -27.4721946716, 127.011634827]],
        "icov": [[0.000124720259919, -0.000244076771196, 0.000152328851982, -0.000110085762572, 0.000239577013417, -0.000408311752835, 0.000536585517693, -0.000379303877708, 0.00032010342693, -0.0006462931633, 0.000648627872579, -0.000374395196559, 0.00022810928931], [-0.000244076771196, 0.00239794538356, -0.000531320692971, -0.000405544531532, -0.000363882048987, 0.00207340391353, -0.00182029302232, 0.00104229000863, 0.000509333855007, 0.00134332897142, -0.00377995730378, 0.00448180176318, -0.00213968311436], [0.000152328851982, -0.000531320692971, 0.00125582760666, 0.00017851809389, -0.000311119219987, -0.00130876048934, 0.00131665717345, -0.000300262734527, 0.000977748772129, -0.00165858806577, 0.00215373351239, -0.001140097389, 0.000941016012803], [-0.000110085762572, -0.000405544531532, 0.00017851809389, 0.0036469004117, -0.00238098739646, 0.00042887829477, 1.4396284314e-05, 1.15047378131e-05, -0.00199648551643, 0.00262360367924, 0.00182650925126, -0.00125475227833, -0.000512109370902], [0.000239577013417, -0.000363882048987, -0.000311119219987, -0.00238098739646, 0.00745815224946, -0.000948574743234, -0.00167818600312, -0.000929913774598, 0.00077882228652, -0.0011313125724, -3.88073349313e-05, 0.0022656749934, -0.0011967086466], [-0.000408311752835, 0.00207340391353, -0.00130876048934, 0.00042887829477, -0.000948574743234, 0.00707133021206, -0.00513075012714, 0.00176952034235, -0.000367426197045, 0.000519922585227, -0.00184363336302, 0.000974770111497, -0.000595778983552], [0.000536585517693, -0.00182029302232, 0.00131665717345, 1.4396284314e-05, -0.00167818600312, -0.00513075012714, 0.0106651531532, -0.00421730382368, 0.00017251673853, -0.000595080782659, -0.000936059746891, -0.000684355793055, 0.00110121164471], [-0.000379303877708, 0.00104229000863, -0.000300262734527, 1.15047378131e-05, -0.000929913774598, 0.00176952034235, -0.00421730382368, 0.0101955346763, -0.00262703350745, -0.000194206179003, -0.000122383746202, -0.00108279509004, -0.000612761068624], [0.00032010342693, 0.000509333855007, 0.000977748772129, -0.00199648551643, 0.00077882228652, -0.000367426197045, 0.00017251673853, -0.00262703350745, 0.0106867123395, -0.00594889139757, 0.00187312753405, -0.000777202018071, -0.00127524253912], [-0.0006462931633, 0.00134332897142, -0.00165858806577, 0.00262360367924, -0.0011313125724, 0.000519922585227, -0.000595080782659, -0.000194206179003, -0.00594889139757, 0.0224314574152, -0.0123161645606, 0.00197323807515, -0.000420531316195], [0.000648627872579, -0.00377995730378, 0.00215373351239, 0.00182650925126, -3.88073349313e-05, -0.00184363336302, -0.000936059746891, -0.000122383746202, 0.00187312753405, -0.0123161645606, 0.0237050559372, -0.0098966313526, 0.000770955288317], [-0.000374395196559, 0.00448180176318, -0.001140097389, -0.00125475227833, 0.0022656749934, 0.000974770111497, -0.000684355793055, -0.00108279509004, -0.000777202018071, 0.00197323807515, -0.0098966313526, 0.0213253311813, -0.00412747869268], [0.00022810928931, -0.00213968311436, 0.000941016012803, -0.000512109370902, -0.0011967086466, -0.000595778983552, 0.00110121164471, -0.000612761068624, -0.00127524253912, -0.000420531316195, 0.000770955288317, -0.00412747869268, 0.0139419753104]]
    },
    "melbands": {
        "dmean": [0.00217382982373, 0.00153978471644, 0.000604756583925, 0.000185456039617, 8.31620272947e-05, 5.37448468094e-05, 0.000109668304503, 0.000124178885017, 0.000100185592601, 5.99728082307e-05, 4.60871306132e-05, 5.36691150046e-05, 5.12333426741e-05, 6.38715791865e-05, 2.52810623351e-05, 1.88981739484e-05, 2.6811441785e-05, 2.56212224485e-05, 1.81878458534e-05, 2.30736386584e-05, 1.93967243831e-05, 2.07373414014e-05, 1.72563650267e-05, 1.41699092637e-05, 1.20527483887e-05, 8.56520728121e-06, 7.75702210376e-06, 5.09481560584e-06, 7.54125676394e-06, 9.5099576356e-06, 8.32139630802e-06, 8.80880725163e-06, 1.04541113615e-05, 1.17465078802e-05, 9.33294813876e-06, 5.92786136622e-06, 7.49603077566e-06, 5.36153356734e-06, 5.0040143833e-06, 4.90577031087e-06],
        "dmean2": [0.00261270464398, 0.00243319524452, 0.00111610617023, 0.00030615486321, 0.000143299563206, 8.63253953867e-05, 0.000184480450116, 0.000215827254578, 0.000161188232596, 0.000101669189462, 8.06117895991e-05, 8.95780685823e-05, 8.22595320642e-05, 0.000107958432636, 4.06291510444e-05, 3.25157561747e-05, 4.54007931694e-05, 4.4371590775e-05, 3.06364818243e-05, 3.64877705579e-05, 2.98112718156e-05, 3.57127755706e-05, 2.78919833363e-05, 2.18858331209e-05, 1.8615353838e-05, 1.30966618599e-05, 1.31087572299e-05, 8.14437680674e-06, 1.33149369503e-05, 1.71853862412e-05, 1.47739892782e-05, 1.58537495736e-05, 1.75213444891e-05, 2.01098373509e-05, 1.53000946739e-05, 9.67257619777e-06, 1.2815377886e-05, 8.76053127286e-06, 8.34327238408e-06, 8.04893898021e-06],
        "dvar": [1.58179536811e-05, 1.8257267584e-05, 5.25393988937e-06, 1.21355668625e-07, 2.94116535571e-08, 8.78293260342e-09, 8.06385003216e-08, 1.61047651659e-07, 2.30765699882e-08, 1.44505074573e-08, 7.93300447555e-09, 7.11610281812e-09, 5.91005866468e-09, 1.0312414922e-08, 2.32730990035e-09, 8.73899730358e-10, 2.9757392106e-09, 8.05862043762e-09, 1.99018868052e-09, 6.78647849028e-09, 5.66021762793e-09, 4.32980362675e-09, 2.31405672402e-09, 1.93795557379e-09, 2.14187334535e-09, 7.12473802178e-10, 7.9554884902e-10, 1.69697478292e-10, 6.58044951862e-10, 1.3831243928e-09, 9.86012160809e-10, 6.44556241713e-10, 5.85803627828e-10, 4.82424100667e-10, 2.76891148898e-10, 9.33257290892e-11, 1.44896844523e-10, 8.94566504206e-11, 7.78072398178e-11, 6.10173786497e-11],
        "dvar2": [2.13266739593e-05, 4.61991112388e-05, 1.51434060172e-05, 3.27248557142e-07, 8.3329759093e-08, 2.0372423748e-08, 2.24048903874e-07, 4.59580803636e-07, 5.62669022486e-08, 4.06329263569e-08, 2.25059952896e-08, 1.8460298179e-08, 1.27710313436e-08, 3.03679854596e-08, 5.70467983962e-09, 2.28089303e-09, 8.05525157688e-09, 2.22444125342e-08, 5.35514654842e-09, 1.58991060317e-08, 1.3855611769e-08, 1.11041948969e-08, 5.67843239097e-09, 3.63178598306e-09, 4.93762541964e-09, 1.54946033781e-09, 1.82321069353e-09, 4.15488699002e-10, 1.91724436327e-09, 4.25579838037e-09, 2.8996316459e-09, 1.89060833655e-09, 1.45351697345e-09, 1.28469523908e-09, 6.57762344591e-10, 2.09166017839e-10, 3.75059594493e-10, 2.05776368167e-10, 1.91737348221e-10, 1.41831713041e-10],
        "max": [0.0488442331553, 0.0359484031796, 0.0207943059504, 0.00477681402117, 0.00166827253997, 0.000759279413614, 0.00275013456121, 0.00427158689126, 0.00163412455004, 0.00118020363152, 0.000879853439983, 0.000808934040833, 0.00129247829318, 0.00112907926086, 0.000703407684341, 0.000305515539367, 0.00061127479421, 0.00113826675806, 0.00058325676946, 0.00100160937291, 0.000915949116461, 0.000734513334464, 0.000565400114283, 0.000535747385584, 0.000755236716941, 0.000315534969559, 0.00031974594458, 0.000147405109601, 0.00023100929684, 0.00035273260437, 0.000318870675983, 0.000215401509195, 0.000288922979962, 0.00024479298736, 0.000210699072341, 0.000101829973573, 0.000101144665678, 8.77242200659e-05, 9.5594819868e-05, 7.36872607376e-05],
        "mean": [0.0116380276158, 0.00448828749359, 0.000522060028743, 0.000263134483248, 0.000106899802631, 6.55818366795e-05, 0.000124917758512, 0.000143615892739, 0.000132076878799, 7.54898501327e-05, 5.82776447118e-05, 8.00483030616e-05, 8.5282510554e-05, 0.000108997403004, 3.77033975383e-05, 2.73646492133e-05, 3.70772540919e-05, 2.87811126327e-05, 2.65243652393e-05, 2.78449824691e-05, 2.36715732171e-05, 3.0960974982e-05, 3.73198417947e-05, 2.36129981204e-05, 1.70688999788e-05, 1.23340960272e-05, 1.24374510051e-05, 8.78174341779e-06, 9.44976363826e-06, 1.05066819742e-05, 8.74867600942e-06, 1.02694102679e-05, 1.5351053662e-05, 1.98577236006e-05, 1.78370864887e-05, 1.17879617392e-05, 1.20238801173e-05, 8.54757308844e-06, 7.9509227362e-06, 8.41147084429e-06],
        "median": [0.00761099159718, 0.0030398494564, 5.92185533606e-05, 3.30004113493e-05, 3.40329097526e-05, 2.52565259871e-05, 3.2067506254e-05, 5.45958828297e-05, 6.58424542053e-05, 3.87367363146e-05, 3.8728092477e-05, 4.98713270645e-05, 5.26146250195e-05, 4.7507994168e-05, 1.93163195945e-05, 1.44514106069e-05, 1.69276918314e-05, 1.062010233e-05, 1.04179634945e-05, 7.72807652538e-06, 4.89325248054e-06, 6.20259515927e-06, 4.81752476844e-06, 4.45504247182e-06, 4.21253753302e-06, 4.08154846809e-06, 4.04714137403e-06, 3.31534829456e-06, 3.20580920743e-06, 2.59823218585e-06, 2.29139914154e-06, 3.41047962138e-06, 3.97941221308e-06, 9.20848106034e-06, 6.94304708304e-06, 3.96052382712e-06, 3.26036479237e-06, 2.76069386018e-06, 2.21295886149e-06, 2.24839050134e-06],
        "min": [1.03678679264e-23, 4.36531485806e-24, 7.44362050418e-24, 1.80368726965e-24, 4.75349792673e-24, 2.04707669411e-24, 3.36066499652e-24, 6.49476401346e-24, 8.95602699826e-24, 8.30301661838e-24, 7.56104954967e-24, 2.76932618449e-24, 4.52224059135e-24, 7.04704434991e-24, 1.19564854837e-23, 9.81888621183e-24, 5.47689915403e-24, 6.66752573499e-24, 3.31240919165e-24, 7.9547290067e-24, 6.72089769726e-24, 6.60483653658e-24, 6.33257066147e-24, 4.52173414265e-24, 8.50539415045e-24, 8.3014120753e-24, 9.01769541066e-24, 8.22719130817e-24, 8.26767722755e-24, 1.27459167353e-23, 9.06850988587e-24, 6.60542147694e-24, 6.51145709907e-24, 8.43494098301e-24, 1.24275001307e-23, 1.15394202451e-23, 1.24553193105e-23, 8.02549219648e-24, 1.13429504924e-23, 9.50150064839e-24],
        "var": [0.000140158022987, 3.40619808412e-05, 3.2412613109e-06, 2.93500022508e-07, 3.79815254803e-08, 1.11841389483e-08, 6.80227500993e-08, 1.13242620614e-07, 3.41503962886e-08, 1.4281571481e-08, 6.40888053738e-09, 9.51184198072e-09, 1.21960130883e-08, 2.75220237711e-08, 3.36118044508e-09, 1.26384702703e-09, 3.42072703496e-09, 6.14456086012e-09, 2.5167450346e-09, 7.57131424223e-09, 6.38225028382e-09, 7.08861458421e-09, 7.57243512339e-09, 3.95506161155e-09, 2.83994361361e-09, 9.69575641996e-10, 9.43303546386e-10, 2.82872614221e-10, 6.46481645994e-10, 1.0885590207e-09, 8.97784180331e-10, 6.28366247923e-10, 1.16825915608e-09, 9.65793223173e-10, 7.10705105877e-10, 2.85263229705e-10, 2.86401846683e-10, 1.65757033099e-10, 1.39944431043e-10, 1.45936068785e-10]
    },
    "mfcc": {
