{
"metadata": {
    "version": {
        "essentia": "2.0.1",
        "extractor": "archive-music 1.0"
    },
    "audio_properties": {
        "analysis_sample_rate": 44100,
        "bitrate": 128,
        "channels": 2,
        "equal_loudness": 0,
        "length": 15.7257146835,
        "replay_gain": -12.7777786255,
        "downmix": "mix"
    },
    "tags": {
        "track": 4,
        "year": 0,
        "album": "How To Love",
        "artist": "Renato Cabrera",
        "comment": "",
        "genre": "Other",
        "title": "Sometime"
    }
},
"highlevel": {
    "culture": {
        "all": {
            "non_western": 0.008674855344,
            "western": 0.991325139999
        },
        "probability": 0.991325139999,
        "value": "western"
    },
    "danceability": {
        "all": {
            "danceable": 0.97600120306,
            "not_danceable": 0.0239988192916
        },
        "probability": 0.97600120306,
        "value": "danceable"
    },
    "gender": {
        "all": {
            "female": 0.826567828655,
            "male": 0.173432201147
        },
        "probability": 0.826567828655,
        "value": "female"
    },
    "genre_dortmund": {
        "all": {
            "alternative": 0.0231401063502,
            "blues": 0.0954378023744,
            "electronic": 0.16235268116,
            "folkcountry": 0.108070731163,
            "funksoulrnb": 0.0875725522637,
            "jazz": 0.0964557975531,
            "pop": 0.259509503841,
            "raphiphop": 0.102941632271,
            "rock": 0.0645191967487
        },
        "probability": 0.259509503841,
        "value": "pop"
    },
    "genre_electronic": {
        "all": {
            "ambient": 0.610358536243,
            "dnb": 0.191888019443,
            "house": 0.135676696897,
            "techno": 0.02742263861,
            "trance": 0.0346540920436
        },
        "probability": 0.610358536243,
        "value": "ambient"
    },
    "genre_rosamerica": {
        "all": {
            "cla": 0.00203889538534,
            "dan": 0.0227619744837,
            "hip": 0.0100860400125,
            "jaz": 0.00522549916059,
            "pop": 0.62461990118,
            "rhy": 0.327876091003,
            "roc": 0.00656543206424,
            "spe": 0.000826129282359
        },
        "probability": 0.62461990118,
        "value": "pop"
    },
    "genre_tzanetakis": {
        "all": {
            "blu": 0.00147236150224,
            "cla": 0.0057436004281,
            "cou": 0.00845985580236,
            "dis": 0.0204498115927,
            "hip": 0.0254650488496,
            "jaz": 0.0219600778073,
            "met": 0.00139739620499,
            "pop": 0.659693717957,
            "reg": 0.0199270714074,
            "roc": 0.235431060195
        },
        "probability": 0.659693717957,
        "value": "pop"
    },
    "mirex_ballroom": {
        "all": {
            "ChaChaCha": 0.0681587904692,
            "Jive": 0.0349506735802,
            "Quickstep": 0.357748299837,
            "Rumba-American": 0.009844629094,
            "Rumba-International": 0.023490704596,
            "Rumba-Misc": 0.0365157797933,
            "Samba": 0.457456469536,
            "Tango": 0.00350244529545,
            "VienneseWaltz": 0.00468591414392,
            "Waltz": 0.00364628550597
        },
        "probability": 0.457456469536,
        "value": "Samba"
    },
    "mood_acoustic": {
        "all": {
            "acoustic": 0.0913209840655,
            "not_acoustic": 0.908679008484
        },
        "probability": 0.908679008484,
        "value": "not_acoustic"
    },
    "mood_aggressive": {
        "all": {
            "aggressive": 1.51155090862e-05,
            "not_aggressive": 0.99998486042
        },
        "probability": 0.99998486042,
        "value": "not_aggressive"
    },
    "mood_electronic": {
        "all": {
            "electronic": 0.735022008419,
            "not_electronic": 0.264977991581
        },
        "probability": 0.735022008419,
        "value": "electronic"
    },
    "mood_happy": {
        "all": {
            "happy": 0.252848953009,
            "not_happy": 0.747151017189
        },
        "probability": 0.747151017189,
        "value": "not_happy"
    },
    "mood_party": {
        "all": {
            "not_party": 0.5,
            "party": 0.5
        },
        "probability": 0.5,
        "value": "not_party"
    },
    "mood_relaxed": {
        "all": {
            "not_relaxed": 0.0527588427067,
            "relaxed": 0.947241127491
        },
        "probability": 0.947241127491,
        "value": "relaxed"
    },
    "mood_sad": {
        "all": {
            "not_sad": 0.542321324348,
            "sad": 0.457678705454
        },
        "probability": 0.542321324348,
        "value": "not_sad"
    },
    "moods_mirex": {
        "all": {
            "Cluster1": 0.199329838157,
            "Cluster2": 0.25486305356,
            "Cluster3": 0.0433682277799,
            "Cluster4": 0.333344489336,
            "Cluster5": 0.169094398618
        },
        "probability": 0.333344489336,
        "value": "Cluster4"
    },
    "timbre": {
        "all": {
            "bright": 0.452253341675,
            "dark": 0.547746658325
        },
        "probability": 0.547746658325,
        "value": "dark"
    },
    "tonal_atonal": {
        "all": {
            "atonal": 0.370679557323,
            "tonal": 0.629320442677
        },
        "probability": 0.629320442677,
        "value": "tonal"
    },
    "voice_instrumental": {
        "all": {
            "instrumental": 0.0559311024845,
            "voice": 0.944068908691
        },
        "probability": 0.944068908691,
        "value": "voice"
    }
},
"lowlevel": {
    "average_loudness": 0.957318902016,
    "barkbands_kurtosis": {
        "dmean": 1.29163050652,
        "dmean2": 2.00354337692,
        "dvar": 2.43309164047,
        "dvar2": 5.52166318893,
        "max": 17.107711792,
        "mean": 2.75857019424,
        "median": 2.33636236191,
        "min": -1.87762844563,
        "var": 11.4900379181
    },
    "barkbands_skewness": {
        "dmean": 0.336254060268,
        "dmean2": 0.504511415958,
        "dvar": 0.176571145654,
        "dvar2": 0.359467685223,
        "max": 4.34351873398,
        "mean": 1.36415016651,
        "median": 1.58455622196,
        "min": -2.00192260742,
        "var": 1.0094550848
    },
    "barkbands_spread": {
        "dmean": 7.31826353073,
        "dmean2": 11.0256195068,
        "dvar": 111.196846008,
        "dvar2": 208.218658447,
        "max": 117.718536377,
        "mean": 33.3699913025,
        "median": 27.0290641785,
        "min": 8.96137142181,
        "var": 483.397827148
    },
    "dissonance": {
        "dmean": 0.0219021420926,
        "dmean2": 0.0373547226191,
        "dvar": 0.000408249354223,
        "dvar2": 0.001106438227,
        "max": 0.499213904142,
        "mean": 0.45172816515,
        "median": 0.455494254827,
        "min": 0.326836526394,
        "var": 0.000825524504762
    },
    "dynamic_complexity": 4.15464115143,
    "erbbands_kurtosis": {
        "dmean": 0.784939110279,
        "dmean2": 1.22755885124,
        "dvar": 1.39074218273,
        "dvar2": 3.26700043678,
        "max": 14.6496429443,
        "mean": 0.280085712671,
        "median": -0.113522291183,
        "min": -1.76521575451,
        "var": 3.06975913048
    },
    "erbbands_skewness": {
        "dmean": 0.310539126396,
        "dmean2": 0.459507465363,
        "dvar": 0.120218016207,
        "dvar2": 0.240917533636,
        "max": 3.60521030426,
        "mean": 0.504989981651,
        "median": 0.612660348415,
        "min": -2.01483440399,
        "var": 0.55274194479
    },
    "erbbands_spread": {
        "dmean": 8.19257545471,
        "dmean2": 12.226691246,
        "dvar": 69.2002105713,
        "dvar2": 135.156677246,
        "max": 157.9662323,
        "mean": 47.6868629456,
        "median": 46.8480110168,
        "min": 8.40270233154,
        "var": 385.23348999
    },
    "hfc": {
        "dmean": 7.92693185806,
        "dmean2": 11.0490016937,
        "dvar": 220.332946777,
        "dvar2": 436.859985352,
        "max": 174.550231934,
        "mean": 26.1851158142,
        "median": 11.4376707077,
        "min": 1.14053833381e-16,
        "var": 944.33807373
    },
    "melbands_kurtosis": {
        "dmean": 3.7361164093,
        "dmean2": 5.60379362106,
        "dvar": 73.7737503052,
        "dvar2": 133.226501465,
        "max": 231.232559204,
        "mean": 11.7251434326,
        "median": 9.61756038666,
        "min": -1.48393929005,
        "var": 327.717071533
    },
    "melbands_skewness": {
        "dmean": 0.442744880915,
        "dmean2": 0.667845726013,
        "dvar": 0.325190931559,
        "dvar2": 0.56266772747,
        "max": 14.6743497849,
        "mean": 2.50451231003,
        "median": 2.60001397133,
        "min": -0.429444372654,
        "var": 2.3138217926
    },
    "melbands_spread": {
        "dmean": 7.66288852692,
        "dmean2": 11.4069499969,
        "dvar": 176.071136475,
        "dvar2": 358.752655029,
        "max": 164.131988525,
        "mean": 30.9848175049,
        "median": 21.9991798401,
        "min": 4.64007472992,
        "var": 580.110290527
    },
    "pitch_salience": {
        "dmean": 0.0522770509124,
        "dmean2": 0.0841424688697,
        "dvar": 0.00273249554448,
        "dvar2": 0.00665247626603,
        "max": 0.97087007761,
        "mean": 0.490802019835,
        "median": 0.483380794525,
        "min": 0.069565422833,
        "var": 0.00970053952187
    },
    "silence_rate_20dB": {
        "dmean": 0,
        "dmean2": 0,
        "dvar": 0,
        "dvar2": 0,
        "max": 1,
        "mean": 1,
        "median": 1,
        "min": 1,
        "var": 0
    },
    "silence_rate_30dB": {
        "dmean": 0,
        "dmean2": 0,
        "dvar": 0,
        "dvar2": 0,
        "max": 1,
        "mean": 1,
        "median": 1,
        "min": 1,
        "var": 0
    },
    "silence_rate_60dB": {
        "dmean": 0.00294985249639,
        "dmean2": 0.0059084193781,
        "dvar": 0.00294115161523,
        "dvar2": 0.00587352504954,
        "max": 1,
        "mean": 0.063328422606,
        "median": 0,
        "min": 0,
        "var": 0.0593185536563
    },
    "spectral_centroid": {
        "dmean": 297.733856201,
        "dmean2": 436.827789307,
        "dvar": 211314.390625,
        "dvar2": 296470.46875,
        "max": 11126.9677734,
        "mean": 1686.76550293,
        "median": 1459.5057373,
        "min": 530.454345703,
        "var": 800288.25
    },
    "spectral_complexity": {
        "dmean": 2.65191745758,
        "dmean2": 4.28360414505,
        "dvar": 14.400929451,
        "dvar2": 34.9535560608,
        "max": 45,
        "mean": 15.5567007065,
        "median": 14,
        "min": 0,
        "var": 52.0936393738
    },
    "spectral_crest": {
        "dmean": 1.77222287655,
        "dmean2": 2.81170153618,
        "dvar": 3.5808160305,
        "dvar2": 9.08221435547,
        "max": 25.1325016022,
        "mean": 10.4485635757,
        "median": 10.3214931488,
        "min": 4.11288309097,
        "var": 11.0888109207
    },
    "spectral_decrease": {
        "dmean": 9.3036034432e-10,
        "dmean2": 1.46176604154e-09,
        "dvar": 2.44690881939e-18,
        "dvar2": 5.23239010812e-18,
        "max": 7.09442896922e-29,
        "mean": -5.31466026743e-09,
        "median": -4.07686773229e-09,
        "min": -2.57084948885e-08,
        "var": 1.28408747238e-17
    },
    "spectral_energy": {
        "dmean": 0.00392110319808,
        "dmean2": 0.00613573472947,
        "dvar": 3.82938014809e-05,
        "dvar2": 8.30067801871e-05,
        "max": 0.104056365788,
        "mean": 0.0224338285625,
        "median": 0.0172078125179,
        "min": 1.05092602122e-20,
        "var": 0.000222997288802
    },
    "spectral_energyband_high": {
        "dmean": 0.000728248269297,
        "dmean2": 0.00101834814996,
        "dvar": 2.33720879805e-06,
        "dvar2": 4.57455917058e-06,
        "max": 0.0180725157261,
        "mean": 0.00179488491267,
        "median": 0.000733576714993,
        "min": 7.21810323314e-21,
        "var": 8.91045874596e-06
    },
    "spectral_energyband_low": {
        "dmean": 0.00192822469398,
        "dmean2": 0.00313664786518,
        "dvar": 2.12389040826e-05,
        "dvar2": 5.22613227076e-05,
        "max": 0.0942253917456,
        "mean": 0.0084839342162,
        "median": 0.00790686905384,
        "min": 1.50970527656e-23,
        "var": 6.33172530797e-05
    },
    "spectral_energyband_middle_high": {
        "dmean": 0.00142681470606,
        "dmean2": 0.00201148842461,
        "dvar": 8.4289622464e-06,
        "dvar2": 1.34435767905e-05,
        "max": 0.0333292484283,
        "mean": 0.00537673383951,
        "median": 0.00166846136563,
        "min": 1.57516100386e-21,
        "var": 6.41233782517e-05
    },
    "spectral_energyband_middle_low": {
        "dmean": 0.00188097753562,
        "dmean2": 0.00290821446106,
        "dvar": 1.56927508215e-05,
        "dvar2": 3.15810248139e-05,
        "max": 0.0522080734372,
        "mean": 0.00702368048951,
        "median": 0.0045257890597,
        "min": 2.81467237057e-22,
        "var": 6.00906278123e-05
    },
    "spectral_flatness_db": {
        "dmean": 0.016229942441,
        "dmean2": 0.0238520745188,
        "dvar": 0.000261330889771,
        "dvar2": 0.000498159788549,
        "max": 0.269086867571,
        "mean": 0.116085842252,
        "median": 0.11163405329,
        "min": 0.0311237256974,
        "var": 0.00159022188745
    },
    "spectral_flux": {
        "dmean": 0.0162077192217,
        "dmean2": 0.0254906639457,
        "dvar": 0.000419835210778,
        "dvar2": 0.000940988305956,
        "max": 0.293680012226,
        "mean": 0.0566754862666,
        "median": 0.0477347262204,
        "min": 6.74395608802e-11,
        "var": 0.00149095372763
    },
    "spectral_kurtosis": {
        "dmean": 0.860046863556,
        "dmean2": 1.33359241486,
        "dvar": 0.632544159889,
        "dvar2": 1.64667725563,
        "max": 9.81762695312,
        "mean": 2.75003409386,
        "median": 2.80328607559,
        "min": -1.23276269436,
        "var": 2.8457903862
    },
    "spectral_rms": {
        "dmean": 0.000377239513909,
        "dmean2": 0.000583173590712,
        "dvar": 2.45374081942e-07,
        "dvar2": 5.01664146668e-07,
        "max": 0.0100756343454,
        "mean": 0.00438059773296,
        "median": 0.00409732945263,
        "min": 3.20202067985e-12,
        "var": 2.6970219551e-06
    },
    "spectral_rolloff": {
        "dmean": 700.273498535,
        "dmean2": 1143.93237305,
        "dvar": 3080833.75,
        "dvar2": 5843532.5,
        "max": 19595.2148438,
        "mean": 2044.13049316,
        "median": 882.861328125,
        "min": 64.599609375,
        "var": 8823299
    },
    "spectral_skewness": {
        "dmean": 0.171482205391,
        "dmean2": 0.262214154005,
        "dvar": 0.0275428984314,
        "dvar2": 0.0579171963036,
        "max": 2.2841835022,
        "mean": 1.35928213596,
        "median": 1.41028726101,
        "min": -0.0203403886408,
        "var": 0.129115104675
    },
    "spectral_spread": {
        "dmean": 874874.8125,
        "dmean2": 1177722.375,
        "dvar": 4.07134352179e+12,
        "dvar2": 6.28462505165e+12,
        "max": 43576128,
        "mean": 6358775.5,
        "median": 5626943.5,
        "min": 2538933,
        "var": 1.03530899702e+13
    },
    "spectral_strongpeak": {
        "dmean": 0.428811460733,
        "dmean2": 0.709706902504,
        "dvar": 1.21273159981,
        "dvar2": 2.68428659439,
        "max": 12.1107883453,
        "mean": 0.972080945969,
        "median": 0.131906837225,
        "min": 0,
        "var": 3.3418109417
    },
    "zerocrossingrate": {
        "dmean": 0.0152483461425,
        "dmean2": 0.018051981926,
        "dvar": 0.000777371227741,
        "dvar2": 0.0010415330762,
        "max": 0.51416015625,
        "mean": 0.0837211757898,
        "median": 0.06396484375,
        "min": 0.02490234375,
        "var": 0.00436439504847
    },
    "barkbands": {
        "dmean": [0.000380990386475, 0.00159720773809, 0.000411758956034, 0.000210777652683, 0.000314536329824, 0.000842107168864, 0.000663443817757, 0.000334553042194, 0.000364382372936, 0.000390608445741, 0.000475863838801, 0.000315410870826, 0.000209687801544, 0.000233485960052, 0.000354327086825, 9.89750260487e-05, 0.000249752163654, 0.000141523356433, 0.000153068744112, 0.000131415319629, 0.000163053889992, 0.00011297230958, 0.000117561874504, 0.000185773940757, 0.000238097010879, 8.11264835647e-05, 4.5492274694e-06],
        "dmean2": [0.000641514139716, 0.00244589336216, 0.000722903467249, 0.000363156927051, 0.000524466973729, 0.00126927148085, 0.00101987214293, 0.000590974057559, 0.000569860509131, 0.000520880043041, 0.000693456619047, 0.000406828214182, 0.000330661016051, 0.000341634091455, 0.000491481798235, 0.00017031468451, 0.000339156656992, 0.000215815889533, 0.000240482419031, 0.000201922855922, 0.000249528413406, 0.000180512812221, 0.000177480877028, 0.000265506299911, 0.000334139476763, 0.000120503689686, 7.57429916121e-06],
        "dvar": [1.77459128281e-07, 1.29517902678e-05, 1.02514677565e-05, 1.02291335224e-06, 2.64743903244e-07, 4.39731729784e-06, 2.64494451585e-06, 5.22878235643e-06, 8.70013536769e-07, 1.33115895551e-06, 2.78590232483e-06, 1.37640427056e-06, 3.58769540298e-07, 6.39803090507e-07, 1.02168689864e-06, 1.07552445172e-07, 7.21376750334e-07, 2.03440791324e-07, 2.43373108333e-07, 9.32820469757e-08, 1.9400189899e-07, 2.87246937347e-08, 9.51924405967e-08, 3.36773439358e-07, 5.61998888315e-07, 4.049169533e-08, 1.3749114347e-10],
        "dvar2": [4.38349587739e-07, 2.30631285376e-05, 3.01437830785e-05, 2.76248169939e-06, 7.25714357941e-07, 7.71797022026e-06, 5.77452965445e-06, 1.07560981633e-05, 1.41371742757e-06, 2.19624098463e-06, 5.07389222548e-06, 2.2506192181e-06, 8.51824950132e-07, 1.2839387864e-06, 1.71403746663e-06, 3.02112113104e-07, 1.1810328715e-06, 4.21088998337e-07, 5.74976809276e-07, 2.06833547622e-07, 4.99718510127e-07, 7.66260512819e-08, 2.07446987588e-07, 6.43697319447e-07, 1.11111489787e-06, 8.17942691356e-08, 3.66609492763e-10],
        "max": [0.00837860815227, 0.0924400314689, 0.0600868873298, 0.0200964026153, 0.00730121601373, 0.0442782528698, 0.0215562488884, 0.04540784657, 0.0208121612668, 0.0217290390283, 0.0242261830717, 0.0202020239085, 0.00895011145622, 0.0153537020087, 0.0218993574381, 0.00441821757704, 0.0169506538659, 0.00767245097086, 0.00793375261128, 0.00566137256101, 0.0108731398359, 0.00242657982744, 0.00504494691268, 0.00949897430837, 0.0123562952504, 0.00291805993766, 0.000149675484863],
        "mean": [0.00160380988382, 0.0063344957307, 0.000458633818198, 0.00035440348438, 0.000860244443174, 0.00245716329664, 0.00145224377047, 0.000523531867657, 0.00101625698153, 0.000944336992688, 0.00105634774081, 0.000705311365891, 0.000421522156103, 0.000469809339847, 0.000816742191091, 0.000137991795782, 0.000402273639338, 0.000213816878386, 0.000246207462624, 0.000235299012274, 0.000355353811756, 0.000270702847047, 0.000225627169129, 0.000320596736856, 0.000414547102991, 0.000130781700136, 5.7811298575e-06],
        "median": [0.00168869714253, 0.00588335283101, 0.000228996548685, 0.000232265563682, 0.000753318658099, 0.000999032054096, 0.000688650994562, 0.000176767338417, 0.000522254733369, 0.000393962021917, 0.00017356601893, 0.000115937502414, 0.000156360620167, 0.000160418028827, 6.2104423705e-05, 3.69432345906e-05, 6.92119065206e-05, 3.76665957447e-05, 4.98543631693e-05, 6.84418628225e-05, 0.000168911661603, 0.000175696535734, 7.4993367889e-05, 2.8172877137e-05, 4.78379988635e-05, 3.18492202496e-05, 1.44838975302e-06],
        "min": [3.88877621256e-24, 6.20067232926e-24, 5.99248917536e-24, 7.544179562e-25, 6.13495800704e-23, 1.5688225128e-23, 1.93377291784e-23, 5.45872435098e-23, 4.37023135476e-23, 3.50072172821e-23, 5.38757540822e-23, 2.63828897284e-23, 7.28883684379e-23, 1.35674647232e-22, 7.45238096231e-23, 9.86679199911e-23, 1.15316179374e-22, 2.13875312291e-22, 3.0002339125e-22, 1.92969097286e-22, 3.43257134041e-22, 4.38049790613e-22, 6.41937189833e-22, 7.72701752221e-22, 9.6138248803e-22, 1.48030796472e-21, 2.30286799807e-21],
        "var": [6.14313535152e-07, 4.74861117254e-05, 5.60588250664e-06, 7.17571936093e-07, 4.31485375429e-07, 2.96357266052e-05, 7.20625712347e-06, 8.43049747346e-06, 4.54355904367e-06, 5.18137039762e-06, 9.97645020107e-06, 5.62387594982e-06, 9.72196403382e-07, 1.67466214407e-06, 6.67973017698e-06, 1.27093656488e-07, 2.12692293644e-06, 4.21079363377e-07, 3.61102365787e-07, 2.445197822e-07, 3.82792819664e-07, 8.55630730712e-08, 2.12959690771e-07, 1.10144469545e-06, 1.36978178489e-06, 8.54514894399e-08, 1.65132074681e-10]
    },
    "erbbands": {
        "dmean": [0.0793668553233, 0.256654292345, 0.419500917196, 0.608897209167, 0.648380815983, 1.48424303532, 2.6436445713, 7.78993034363, 10.2954454422, 9.15526294708, 7.01924085617, 7.71292877197, 10.7185192108, 16.3617362976, 16.1759967804, 13.3288784027, 8.78092384338, 11.3852624893, 13.3170804977, 14.6498479843, 5.87453699112, 13.6987848282, 7.63097381592, 6.46661901474, 8.08896064758, 6.42580986023, 4.95053005219, 6.98653173447, 3.72202396393, 3.58862042427, 3.21876001358, 3.74939584732, 3.65816426277, 2.8832192421, 1.70789670944, 0.560172021389, 0.118522316217, 0.0170406270772, 0.000454377412098, 1.80803508556e-05],
        "dmean2": [0.123472779989, 0.390209913254, 0.703339576721, 1.06679320335, 1.12082505226, 2.43497991562, 3.77091240883, 11.7766828537, 15.961935997, 15.7536449432, 12.1179475784, 12.0164384842, 15.5901250839, 21.5326786041, 22.9448356628, 17.8630123138, 13.4566335678, 15.7900819778, 18.1498126984, 21.9839286804, 9.27548885345, 17.8744831085, 11.7206258774, 9.93455886841, 12.3915195465, 9.94793605804, 7.60145282745, 10.9090423584, 5.95859575272, 5.59002113342, 4.94423961639, 5.69643211365, 5.1735830307, 4.42881393433, 2.46231174469, 0.860968470573, 0.17242628336, 0.0255226101726, 0.000693403708283, 2.57408482867e-05],
        "dvar": [0.0255083553493, 0.504372775555, 7.1652970314, 19.2732219696, 2.26826763153, 6.17342281342, 64.8315811157, 400.721466064, 735.070129395, 972.304382324, 3502.69433594, 262.181030273, 554.235778809, 2883.36547852, 2267.8984375, 2378.86621094, 574.293579102, 1258.30834961, 2497.54492188, 2328.21069336, 260.016143799, 2454.27978516, 525.07824707, 439.844665527, 535.564880371, 253.428604126, 110.620750427, 409.80380249, 26.844625473, 66.5165786743, 65.5601196289, 161.248748779, 165.958496094, 69.1411819458, 37.3425979614, 2.3807425499, 0.105764605105, 0.0013377078576, 1.79633514108e-06, 1.48433909608e-09],
        "dvar2": [0.0478395558894, 0.806668817997, 20.3589477539, 55.3893051147, 5.50555276871, 16.4116039276, 107.753868103, 736.858764648, 1325.70898438, 2715.90039062, 6837.22509766, 461.620300293, 1024.42248535, 5173.53564453, 4307.25878906, 4141.4921875, 1355.08520508, 2177.39697266, 3696.0222168, 4916.15039062, 635.809753418, 4010.21923828, 1157.42407227, 983.588378906, 1133.57104492, 553.05480957, 266.161773682, 1073.69787598, 68.2106170654, 158.47428894, 140.992080688, 304.630432129, 384.446807861, 148.476593018, 65.6268539429, 5.09299087524, 0.217748805881, 0.00278188660741, 4.67037443741e-06, 2.8305744415e-09],
        "max": [4.16649484634, 20.1131839752, 53.6792907715, 85.4359054565, 20.3736343384, 34.3845291138, 264.656799316, 338.704620361, 436.136260986, 500.168640137, 1280.57177734, 312.615264893, 361.222167969, 899.053466797, 730.305725098, 974.439147949, 419.405059814, 729.618530273, 1342.2109375, 789.740600586, 199.549743652, 1103.68530273, 340.640594482, 316.889160156, 310.075042725, 297.098419189, 216.701660156, 491.152679443, 66.854385376, 103.955566406, 108.806060791, 224.794372559, 230.803695679, 93.7450637817, 109.235855103, 20.1894283295, 4.12946081161, 0.532897114754, 0.0258988365531, 0.000603216525633],
        "mean": [0.367664515972, 0.672475337982, 0.595149993896, 0.909223973751, 1.33037924767, 4.15818071365, 7.97312784195, 21.4701004028, 23.6373233795, 16.9774742126, 13.9580125809, 22.2052631378, 28.4789276123, 36.3261756897, 37.4707794189, 30.075176239, 20.0753097534, 27.7011508942, 38.501373291, 25.5114917755, 10.4482698441, 22.022069931, 13.5022583008, 10.9665794373, 13.4650001526, 12.2249679565, 11.2111473083, 15.3954257965, 9.53545951843, 7.24426364899, 6.33720016479, 6.24582481384, 5.80335760117, 4.84242534637, 2.78668212891, 0.842743396759, 0.195532485843, 0.029107183218, 0.000738229777198, 5.60605731152e-05],
        "median": [0.365693986416, 0.51507049799, 0.35817155242, 0.601462781429, 1.03515315056, 3.407507658, 3.97137880325, 8.40853977203, 10.7212963104, 8.27034378052, 5.17684268951, 13.3857097626, 16.4544563293, 7.64397764206, 8.07703971863, 7.63745641708, 8.54989624023, 9.30641746521, 4.03126811981, 3.52694034576, 2.95856547356, 3.30522179604, 2.35755300522, 2.23347067833, 2.87913179398, 3.62912201881, 6.71400547028, 7.0912938118, 6.12751531601, 3.20179820061, 1.92843461037, 0.612091004848, 0.492725580931, 0.531193673611, 0.357304334641, 0.176522359252, 0.0426740162075, 0.00879391189665, 0.000221180394874, 3.71178430214e-05],
        "min": [1.88445806721e-22, 1.27421639978e-21, 6.2235877793e-21, 5.32076537714e-21, 5.27786273378e-20, 2.97071422144e-19, 3.16651304231e-19, 1.60086138028e-19, 2.53051661679e-19, 6.3956819141e-19, 1.01569259261e-18, 1.05675756053e-18, 1.02496921639e-18, 2.38223239447e-18, 2.45661516349e-18, 1.36968143383e-18, 2.82952286608e-18, 7.09351463991e-18, 7.61010216734e-18, 7.17851985556e-18, 6.02573737926e-18, 7.29576526276e-18, 1.09466642082e-17, 1.44613008642e-17, 1.28266133028e-17, 8.61687858013e-18, 1.42849393402e-17, 1.43816665323e-17, 1.52400004211e-17, 1.58140455682e-17, 1.75251513834e-17, 1.38016516227e-17, 1.48978173084e-17, 1.0038430649e-17, 7.27197141244e-18, 5.27591056169e-18, 2.42377774753e-18, 1.137580551e-18, 3.08011661227e-19, 3.14718118516e-20],
        "var": [0.0939131304622, 1.55997002125, 4.82065725327, 11.2282218933, 2.30475950241, 12.9620409012, 452.524261475, 2164.57885742, 2304.23754883, 1373.04577637, 6096.05371094, 1230.72973633, 1981.59020996, 8830.98242188, 8080.14648438, 9096.47167969, 1840.31298828, 4817.34423828, 22715.6503906, 5644.94970703, 545.548461914, 7102.2421875, 1334.92504883, 784.832763672, 942.925598145, 711.831848145, 273.380187988, 722.921325684, 85.8158187866, 139.013244629, 171.796463013, 428.237762451, 379.910705566, 175.691177368, 83.5633087158, 4.33807849884, 0.235148191452, 0.00340247293934, 2.68023973149e-06, 4.87197526766e-09]
    },
    "gfcc": {
        "mean": [-7.54315710068, 71.2691497803, -92.9912033081, 28.2332992554, -70.275932312, 22.9061336517, -23.4143981934, 12.5517549515, -18.4724235535, 22.3988609314, -15.4159383774, 16.0048904419, -4.36843395233],
        "cov": [[18969.3222656, -472.993377686, -1684.33886719, 44.3081169128, -88.3968734741, 492.958282471, -692.872253418, 455.056243896, -528.942382812, 180.052566528, 42.2250213623, 253.089187622, -4.89680433273], [-472.993377686, 1116.76977539, -264.083984375, -6.11234807968, -111.490310669, -107.710144043, 251.321578979, -299.13482666, 122.121360779, 40.8723754883, -87.5693664551, -3.745200634, 39.4739189148], [-1684.33886719, -264.083984375, 816.557678223, 17.2383136749, -196.782348633, 41.0707321167, 20.1089038849, 34.9116096497, 35.1751594543, -33.6616477966, -40.036113739, -25.4245185852, -65.984992981], [44.3081169128, -6.11234807968, 17.2383136749, 161.25428772, -60.0482559204, -40.5961074829, -4.84292840958, 35.9095039368, 17.9847297668, -34.8811340332, 17.8085956573, 1.78407096863, 10.7463026047], [-88.3968734741, -111.490310669, -196.782348633, -60.0482559204, 254.038665771, 30.1980285645, -34.9333305359, -17.6225166321, -22.3703212738, 23.3751373291, 13.4100837708, -10.3557510376, 3.21113276482], [492.958282471, -107.710144043, 41.0707321167, -40.5961074829, 30.1980285645, 199.810150146, -26.579000473, -39.4771537781, -19.0319137573, 25.0322933197, -10.1864461899, -40.1672744751, -16.4072723389], [-692.872253418, 251.321578979, 20.1089038849, -4.84292840958, -34.9333305359, -26.579000473, 148.890823364, -76.3506164551, 33.9865837097, 8.7905960083, -30.1107978821, -1.28122079372, 11.5443325043], [455.056243896, -299.13482666, 34.9116096497, 35.9095039368, -17.6225166321, -39.4771537781, -76.3506164551, 191.549484253, -33.9369773865, -41.7418632507, 40.6155700684, 31.22797966, -5.56684303284], [-528.942382812, 122.121360779, 35.1751594543, 17.9847297668, -22.3703212738, -19.0319137573, 33.9865837097, -33.9369773865, 85.4423141479, 0.188303858042, -17.0634269714, -16.3581466675, -0.863700509071], [180.052566528, 40.8723754883, -33.6616477966, -34.8811340332, 23.3751373291, 25.0322933197, 8.7905960083, -41.7418632507, 0.188303858042, 78.4703674316, -15.8005104065, -15.099521637, 1.86594748497], [42.2250213623, -87.5693664551, -40.036113739, 17.8085956573, 13.4100837708, -10.1864461899, -30.1107978821, 40.6155700684, -17.0634269714, -15.8005104065, 72.1259460449, 10.2344207764, -6.89707136154], [253.089187622, -3.745200634, -25.4245185852, 1.78407096863, -10.3557510376, -40.1672744751, -1.28122079372, 31.22797966, -16.3581466675, -15.099521637, 10.2344207764, 59.1512336731, 11.9530649185], [-4.89680433273, 39.4739189148, -65.984992981, 10.7463026047, 3.21113276482, -16.4072723389, 11.5443325043, -5.56684303284, -0.863700509071, 1.86594748497, -6.89707136154, 11.9530649185, 62.8765830994]],
        "icov": [[0.000199493806576, -0.000159747622092, 0.000539482163731, -0.000288072857074, 0.000547540083062, -0.000802609487437, 0.000781159149483, -0.000558549305424, 0.000697159441188, -0.000622400257271, 0.000707818951923, -0.000968399632256, 0.000590724579524], [-0.000159747622092, 0.00437396625057, 0.00166503468063, 0.000636450771708, 0.00246262969449, 0.00242628669366, -0.00368175772019, 0.00558951543644, -0.00301612797193, 0.00112802430522, 0.000983185251243, -0.000135966416565, 0.000617157027591], [0.000539482163731, 0.00166503468063, 0.00433722371235, -0.000318449601764, 0.00424029584974, -0.00179269455839, 0.000399257027311, 0.000382264872314, 0.000243154092459, -0.000747984100599, 0.00371720991097, -0.00253055128269, 0.00379332038574], [-0.000288072857074, 0.000636450771708, -0.000318449601764, 0.00881026964635, 0.00138141599018, 0.00230633141473, -0.000962632533628, 0.000485013413709, -0.00286181480624, 0.00353361084126, -0.00266651948914, 0.00350139173679, -0.0026133058127], [0.000547540083062, 0.00246262969449, 0.00424029584974, 0.00138141599018, 0.00922164879739, -0.00123851327226, 0.00119004037697, 0.00227108341642, 0.000531920231879, -0.00134117982816, 0.00236221635714, -0.00192938302644, 0.00257187522948], [-0.000802609487437, 0.00242628669366, -0.00179269455839, 0.00230633141473, -0.00123851327226, 0.0109940394759, -0.00275494391099, 0.00600870931521, -0.00154126470443, 0.00230500451289, -0.00199573556893, 0.00760452356189, -0.00164548202883], [0.000781159149483, -0.00368175772019, 0.000399257027311, -0.000962632533628, 0.00119004037697, -0.00275494391099, 0.0154018728063, -0.00182740704622, 0.002808309393, -0.00250461511314, 0.00314017594792, -0.00423565274104, 0.000449048733572], [-0.000558549305424, 0.00558951543644, 0.000382264872314, 0.000485013413709, 0.00227108341642, 0.00600870931521, -0.00182740704622, 0.0169546734542, -0.00291786808521, 0.0047951634042, -0.00223044957966, -0.000770438229665, -0.000226343632676], [0.000697159441188, -0.00301612797193, 0.000243154092459, -0.00286181480624, 0.000531920231879, -0.00154126470443, 0.002808309393, -0.00291786808521, 0.0193585399538, -0.00183135166299, 0.00340461800806, 0.00158143788576, 0.00188189861365], [-0.000622400257271, 0.00112802430522, -0.000747984100599, 0.00353361084126, -0.00134117982816, 0.00230500451289, -0.00250461511314, 0.0047951634042, -0.00183135166299, 0.0184637382627, -0.00014516574447, 0.00574201019481, -0.0022717625834], [0.000707818951923, 0.000983185251243, 0.00371720991097, -0.00266651948914, 0.00236221635714, -0.00199573556893, 0.00314017594792, -0.00223044957966, 0.00340461800806, -0.00014516574447, 0.0212249923497, -0.00490200798959, 0.00569034041837], [-0.000968399632256, -0.000135966416565, -0.00253055128269, 0.00350139173679, -0.00192938302644, 0.00760452356189, -0.00423565274104, -0.000770438229665, 0.00158143788576, 0.00574201019481, -0.00490200798959, 0.0290871858597, -0.00666775135323], [0.000590724579524, 0.000617157027591, 0.00379332038574, -0.0026133058127, 0.00257187522948, -0.00164548202883, 0.000449048733572, -0.000226343632676, 0.00188189861365, -0.0022717625834, 0.00569034041837, -0.00666775135323, 0.0213120244443]]
    },
    "melbands": {
        "dmean": [0.000551820732653, 0.000219671273953, 0.000101595578599, 6.98056683177e-05, 8.37837797008e-05, 0.00017647286586, 0.000150912383106, 9.37458971748e-05, 5.79589905101e-05, 4.95005624543e-05, 5.54241123609e-05, 6.6216889536e-05, 6.77818388795e-05, 4.13032867073e-05, 2.38468001044e-05, 1.61869902513e-05, 2.34832241404e-05, 2.28421868087e-05, 2.17487468035e-05, 1.18692760225e-05, 7.09293908585e-06, 1.49916313603e-05, 1.06748921098e-05, 7.78280991653e-06, 4.8979118219e-06, 7.24763867765e-06, 5.53747031518e-06, 3.87602904084e-06, 3.40708288604e-06, 4.41885958935e-06, 3.92834408558e-06, 2.63601555162e-06, 2.05750870919e-06, 2.22294738705e-06, 1.82359599421e-06, 2.31544186136e-06, 2.57380702351e-06, 2.66029815066e-06, 2.44593252319e-06, 2.67604082183e-06],
        "dmean2": [0.000851957360283, 0.000361544312909, 0.000174227665411, 0.000114057176688, 0.000121241195302, 0.000267691997578, 0.000235476356465, 0.000160248469911, 9.88663450698e-05, 7.70441110944e-05, 8.03536822787e-05, 8.63312016008e-05, 9.91073829937e-05, 5.21174988535e-05, 3.75564086426e-05, 2.34200851992e-05, 3.35124168487e-05, 3.20514445775e-05, 3.20120998367e-05, 1.83788870345e-05, 1.19206570162e-05, 2.0138995751e-05, 1.53575383592e-05, 1.16482979138e-05, 7.84884196037e-06, 1.11202334665e-05, 8.7007510956e-06, 6.06783123658e-06, 5.32222429683e-06, 6.78986725688e-06, 6.09519247519e-06, 4.15299382439e-06, 3.32511967827e-06, 3.42573594025e-06, 2.78589777736e-06, 3.64543052456e-06, 3.81719564757e-06, 3.91772300645e-06, 3.7000500015e-06, 4.18734680352e-06],
        "dvar": [1.35920049615e-06, 9.01065334347e-07, 4.28056466717e-07, 1.6359122057e-08, 4.4343728689e-08, 2.05709028478e-07, 1.50730500081e-07, 1.09592193098e-07, 2.11529908256e-07, 1.37771518638e-08, 1.50655345976e-08, 4.93765739407e-08, 5.09247932712e-08, 2.65758455242e-08, 6.73864430922e-09, 1.93713800556e-09, 6.30118979217e-09, 7.43737604836e-09, 4.20491952369e-09, 1.62589430808e-09, 5.07885900003e-10, 3.85948872861e-09, 1.34375532923e-09, 7.65549290627e-10, 2.76003192523e-10, 5.49183032383e-10, 1.81587217485e-10, 8.5165471897e-11, 5.34390344475e-11, 1.48885195839e-10, 9.12178735324e-11, 1.41063914022e-11, 1.52790280428e-11, 2.75922028281e-11, 1.79201306572e-11, 6.41924360889e-11, 7.86865433922e-11, 1.01643915507e-10, 5.04837664728e-11, 6.22468257494e-11],
        "dvar2": [2.51240066973e-06, 2.29780334848e-06, 1.20514494029e-06, 4.41910827931e-08, 7.42330499293e-08, 3.695687667e-07, 2.76675052646e-07, 3.04565958231e-07, 4.29875910868e-07, 2.1184808574e-08, 2.76974052582e-08, 8.66013465384e-08, 9.5373124509e-08, 4.07918676615e-08, 1.48946481815e-08, 3.5745348903e-09, 1.18623928458e-08, 1.21036052292e-08, 9.17726783456e-09, 3.53531270925e-09, 1.26131782796e-09, 6.28013596682e-09, 2.72984945759e-09, 1.23139576313e-09, 6.70611510767e-10, 1.23200272206e-09, 3.71494834894e-10, 1.92624027839e-10, 1.13441173122e-10, 3.92890053824e-10, 2.33108921055e-10, 3.38517477938e-11, 4.01708180608e-11, 6.17650652845e-11, 4.07938717528e-11, 1.51839762985e-10, 1.56012536223e-10, 2.43423808888e-10, 1.11770807887e-10, 1.3917854369e-10],
        "max": [0.0276776812971, 0.0212327688932, 0.0129431290552, 0.00188242516015, 0.00726449908689, 0.00740934815258, 0.00593828363344, 0.00485586794093, 0.0104003259912, 0.00274629867636, 0.00184727890883, 0.00385714019649, 0.00354704866186, 0.00283542717807, 0.00140047888272, 0.000791571277659, 0.00167069188319, 0.00201269052923, 0.000799319532234, 0.000774443731643, 0.00027736168704, 0.00157942844089, 0.00059039023472, 0.000583582150284, 0.000236675376073, 0.000356110744178, 0.000226737422054, 0.00015873319353, 0.000114179660159, 0.000288474868285, 0.000217484717723, 4.70250561193e-05, 5.12430015078e-05, 5.53879144718e-05, 5.60615044378e-05, 0.000139660158311, 0.000153675238835, 0.000172164029209, 0.000103276150185, 8.69866416906e-05],
        "mean": [0.00241597578861, 0.000476143526612, 0.00017057187506, 0.000182501258678, 0.0002727942192, 0.00049913598923, 0.000353695155354, 0.000159391493071, 0.000119896358228, 0.000143017605296, 0.000141601834912, 0.000143632714753, 0.000153911896632, 8.86225461727e-05, 5.3839678003e-05, 3.56693381036e-05, 5.26246076333e-05, 5.99302256887e-05, 4.09572530771e-05, 1.97975932679e-05, 1.0910124729e-05, 2.3541986593e-05, 1.58557650138e-05, 1.2541237993e-05, 7.7274216892e-06, 1.06571251308e-05, 9.60767920333e-06, 6.94874370311e-06, 6.32373667031e-06, 9.30601436266e-06, 8.45892100187e-06, 5.925367077e-06, 4.10191887568e-06, 3.98500696974e-06, 3.64289985555e-06, 3.47303671333e-06, 3.97233543481e-06, 3.96616314902e-06, 4.07350262321e-06, 4.05524406233e-06],
        "median": [0.00231249094941, 0.000327112618834, 0.000118868840218, 0.00015216988686, 0.000165352859767, 0.000201834918698, 0.000161076299264, 7.73118808866e-05, 5.13535778737e-05, 7.90125559433e-05, 7.72078201408e-05, 2.42613623413e-05, 2.70740620181e-05, 1.33470493893e-05, 2.09976169572e-05, 1.23236268337e-05, 1.84895288839e-05, 6.11152927377e-06, 4.06086746807e-06, 3.41377767654e-06, 2.82024006992e-06, 3.19825835504e-06, 2.50273342317e-06, 1.74977196821e-06, 1.57389013111e-06, 1.97819213099e-06, 2.25447342928e-06, 2.09623772207e-06, 3.46455522049e-06, 3.33224011229e-06, 4.79061873193e-06, 3.80994811167e-06, 1.80036659003e-06, 1.43673423736e-06, 1.2746113498e-06, 4.89380227009e-07, 3.23254710111e-07, 3.33715661327e-07, 3.27386430854e-07, 4.227846091e-07],
        "min": [2.0021840005e-24, 2.90446436844e-24, 1.28194748593e-24, 1.43100930152e-23, 1.49817702106e-23, 3.05666226112e-24, 4.02555838263e-24, 1.0357798117e-23, 8.77385377169e-24, 6.30664829769e-24, 4.93407804869e-24, 8.19999927277e-24, 7.51176073146e-24, 6.21998482751e-24, 4.40172828301e-24, 7.70354543929e-24, 1.43131269742e-23, 1.11695809535e-23, 7.09071332304e-24, 7.57879734232e-24, 6.3304170712e-24, 7.24599507021e-24, 8.55544264172e-24, 7.83226387319e-24, 1.15779490006e-23, 1.20016627589e-23, 6.11196649819e-24, 5.60718899886e-24, 8.42526797059e-24, 6.08156813763e-24, 8.13169101813e-24, 9.47661682e-24, 6.29032400455e-24, 7.62240320658e-24, 1.07763898014e-23, 9.25233262059e-24, 8.45957553136e-24, 9.37507858858e-24, 1.09035139474e-23, 7.34358663051e-24],
        "var": [4.9830118769e-06, 1.23484528558e-06, 2.64337160161e-07, 2.46660398773e-08, 3.69944359591e-07, 1.14852241495e-06, 4.77295088785e-07, 1.35102709464e-07, 3.57432071496e-07, 7.40052996662e-08, 5.40905524815e-08, 1.5977924761e-07, 1.85877951253e-07, 9.81928280908e-08, 1.73064176323e-08, 6.33795504967e-09, 2.14083506478e-08, 5.97191558427e-08, 1.19431682322e-08, 3.5313634239e-09, 7.86299247935e-10, 1.0859455557e-08, 2.96667357347e-09, 2.04909289536e-09, 3.85808052172e-10, 8.28903778949e-10, 4.22346185802e-10, 2.26494156763e-10, 1.09239575719e-10, 3.37490063673e-10, 1.69482289314e-10, 3.70942651595e-11, 3.58334160955e-11, 5.31685112604e-11, 4.83089228343e-11, 1.08958821132e-10, 1.95234398093e-10, 2.03554312295e-10, 1.42147196791e-10, 1.28760710427e-10]
    },
    "mfcc": {
