{
"metadata": {
    "version": {
        "essentia": "2.0.1",
        "extractor": "archive-music 1.0"
    },
    "audio_properties": {
        "analysis_sample_rate": 44100,
        "bitrate": 128,
        "channels": 2,
        "equal_loudness": 0,
        "length": 15.6473464966,
        "replay_gain": -13.5368804932,
        "downmix": "mix"
    },
    "tags": {
        "track": 2,
        "year": 0,
        "album": "Lilac Music",
        "artist": "Pianochocolate",
        "comment": "",
        "genre": "Other",
        "title": "Pianochocolate - First Sense"
    }
},
"highlevel": {
    "culture": {
        "all": {
            "non_western": 1.00016779925e-06,
            "western": 0.999998986721
        },
        "probability": 0.999998986721,
        "value": "western"
    },
    "danceability": {
        "all": {
            "danceable": 0.642621517181,
            "not_danceable": 0.357378482819
        },
        "probability": 0.642621517181,
        "value": "danceable"
    },
    "gender": {
        "all": {
            "female": 0.743330717087,
            "male": 0.256669253111
        },
        "probability": 0.743330717087,
        "value": "female"
    },
    "genre_dortmund": {
        "all": {
            "alternative": 0.14163903892,
            "blues": 0.0152149600908,
            "electronic": 0.12609051168,
            "folkcountry": 0.046153459698,
            "funksoulrnb": 0.0918876454234,
            "jazz": 0.300682216883,
            "pop": 0.0677481815219,
            "raphiphop": 0.0548807345331,
            "rock": 0.155703261495
        },
        "probability": 0.300682216883,
        "value": "jazz"
    },
    "genre_electronic": {
        "all": {
            "ambient": 0.682093203068,
            "dnb": 0.0955930575728,
            "house": 0.151721253991,
            "techno": 0.0122048771009,
            "trance": 0.0583876036108
        },
        "probability": 0.682093203068,
        "value": "ambient"
    },
    "genre_rosamerica": {
        "all": {
            "cla": 0.0150994351134,
            "dan": 0.0348748974502,
            "hip": 0.00442319689319,
            "jaz": 0.0231937840581,
            "pop": 0.836057305336,
            "rhy": 0.030566720292,
            "roc": 0.0494416095316,
            "spe": 0.00634307414293
        },
        "probability": 0.836057305336,
        "value": "pop"
    },
    "genre_tzanetakis": {
        "all": {
            "blu": 0.00459803966805,
            "cla": 0.0105193918571,
            "cou": 0.0251044910401,
            "dis": 0.0615102835,
            "hip": 0.0724536627531,
            "jaz": 0.0386983864009,
            "met": 0.00546349259093,
            "pop": 0.108371563256,
            "reg": 0.0366101339459,
            "roc": 0.636670529842
        },
        "probability": 0.636670529842,
        "value": "roc"
    },
    "mirex_ballroom": {
        "all": {
            "ChaChaCha": 0.0985888391733,
            "Jive": 0.107024140656,
            "Quickstep": 0.28226172924,
            "Rumba-American": 0.0334332883358,
            "Rumba-International": 0.184028089046,
            "Rumba-Misc": 0.0558934919536,
            "Samba": 0.0768729969859,
            "Tango": 0.0205370113254,
            "VienneseWaltz": 0.115459449589,
            "Waltz": 0.0259009748697
        },
        "probability": 0.28226172924,
        "value": "Quickstep"
    },
    "mood_acoustic": {
        "all": {
            "acoustic": 0.493500441313,
            "not_acoustic": 0.506499528885
        },
        "probability": 0.506499528885,
        "value": "not_acoustic"
    },
    "mood_aggressive": {
        "all": {
            "aggressive": 0.290317386389,
            "not_aggressive": 0.709682583809
        },
        "probability": 0.709682583809,
        "value": "not_aggressive"
    },
    "mood_electronic": {
        "all": {
            "electronic": 0.686032950878,
            "not_electronic": 0.31396701932
        },
        "probability": 0.686032950878,
        "value": "electronic"
    },
    "mood_happy": {
        "all": {
            "happy": 0.76046538353,
            "not_happy": 0.239534631371
        },
        "probability": 0.76046538353,
        "value": "happy"
    },
    "mood_party": {
        "all": {
            "not_party": 0.946595668793,
            "party": 0.0534043200314
        },
        "probability": 0.946595668793,
        "value": "not_party"
    },
    "mood_relaxed": {
        "all": {
            "not_relaxed": 0.116170920432,
            "relaxed": 0.883829057217
        },
        "probability": 0.883829057217,
        "value": "relaxed"
    },
    "mood_sad": {
        "all": {
            "not_sad": 0.641448140144,
            "sad": 0.358551889658
        },
        "probability": 0.641448140144,
        "value": "not_sad"
    },
    "moods_mirex": {
        "all": {
            "Cluster1": 0.260929256678,
            "Cluster2": 0.439995616674,
            "Cluster3": 0.0708875581622,
            "Cluster4": 0.0969166234136,
            "Cluster5": 0.131270945072
        },
        "probability": 0.439995616674,
        "value": "Cluster2"
    },
    "timbre": {
        "all": {
            "bright": 0.813452422619,
            "dark": 0.18654756248
        },
        "probability": 0.813452422619,
        "value": "bright"
    },
    "tonal_atonal": {
        "all": {
            "atonal": 0.207347452641,
            "tonal": 0.792652547359
        },
        "probability": 0.792652547359,
        "value": "tonal"
    },
    "voice_instrumental": {
        "all": {
            "instrumental": 0.696746230125,
            "voice": 0.303253769875
        },
        "probability": 0.696746230125,
        "value": "instrumental"
    }
},
"lowlevel": {
    "average_loudness": 0.984631538391,
    "barkbands_kurtosis": {
        "dmean": 1.8606814146,
        "dmean2": 2.84113335609,
        "dvar": 3.1021437645,
        "dvar2": 7.28364133835,
        "max": 15.7630348206,
        "mean": 2.99297976494,
        "median": 2.50369215012,
        "min": -1.21848249435,
        "var": 7.34350538254
    },
    "barkbands_skewness": {
        "dmean": 0.406338572502,
        "dmean2": 0.633775830269,
        "dvar": 0.121635481715,
        "dvar2": 0.270368009806,
        "max": 3.33341360092,
        "mean": 1.48472070694,
        "median": 1.48839831352,
        "min": -2.1069009304,
        "var": 0.3890658319
    },
    "barkbands_spread": {
        "dmean": 6.55500125885,
        "dmean2": 9.40717029572,
        "dvar": 51.9517288208,
        "dvar2": 100.24962616,
        "max": 52.9655189514,
        "mean": 17.0616474152,
        "median": 13.3096790314,
        "min": 3.99035692215,
        "var": 111.539466858
    },
    "dissonance": {
        "dmean": 0.0257536359131,
        "dmean2": 0.0425544939935,
        "dvar": 0.000539527158253,
        "dvar2": 0.00129290227778,
        "max": 0.499997407198,
        "mean": 0.445805758238,
        "median": 0.452606767416,
        "min": 0.288177639246,
        "var": 0.00121686921921
    },
    "dynamic_complexity": 2.14678692818,
    "erbbands_kurtosis": {
        "dmean": 0.982129991055,
        "dmean2": 1.50645112991,
        "dvar": 0.873685479164,
        "dvar2": 1.82431232929,
        "max": 8.25400257111,
        "mean": 0.529095947742,
        "median": 0.261362791061,
        "min": -1.57478117943,
        "var": 2.00240015984
    },
    "erbbands_skewness": {
        "dmean": 0.356046140194,
        "dmean2": 0.562242567539,
        "dvar": 0.0813539102674,
        "dvar2": 0.180073350668,
        "max": 2.17934608459,
        "mean": 0.644204616547,
        "median": 0.640435636044,
        "min": -1.04557967186,
        "var": 0.247789368033
    },
    "erbbands_spread": {
        "dmean": 11.2380142212,
        "dmean2": 15.5798864365,
        "dvar": 137.361068726,
        "dvar2": 229.017440796,
        "max": 90.0141143799,
        "mean": 33.8891563416,
        "median": 28.174697876,
        "min": 8.00720787048,
        "var": 348.047973633
    },
    "hfc": {
        "dmean": 10.3936653137,
        "dmean2": 15.956571579,
        "dvar": 163.56072998,
        "dvar2": 351.4765625,
        "max": 87.1193389893,
        "mean": 24.746843338,
        "median": 18.8533687592,
        "min": 1.17014809101e-16,
        "var": 308.967407227
    },
    "melbands_kurtosis": {
        "dmean": 3.74389910698,
        "dmean2": 5.37453985214,
        "dvar": 11.481262207,
        "dvar2": 23.7544612885,
        "max": 34.5942611694,
        "mean": 8.03846931458,
        "median": 6.48390102386,
        "min": -1.30716645718,
        "var": 35.3552780151
    },
    "melbands_skewness": {
        "dmean": 0.544681549072,
        "dmean2": 0.794635355473,
        "dvar": 0.205435454845,
        "dvar2": 0.422314852476,
        "max": 4.9769320488,
        "mean": 2.17038941383,
        "median": 2.06944847107,
        "min": -0.182482212782,
        "var": 0.68895483017
    },
    "melbands_spread": {
        "dmean": 5.5304069519,
        "dmean2": 8.39483070374,
        "dvar": 63.5849113464,
        "dvar2": 136.941177368,
        "max": 152.971298218,
        "mean": 17.2823486328,
        "median": 14.1503305435,
        "min": 5.51158189774,
        "var": 166.386856079
    },
    "pitch_salience": {
        "dmean": 0.0726895853877,
        "dmean2": 0.11778678745,
        "dvar": 0.00432240311056,
        "dvar2": 0.0113506084308,
        "max": 0.854678034782,
        "mean": 0.587931454182,
        "median": 0.589496731758,
        "min": 0.279510438442,
        "var": 0.00906039308757
    },
    "silence_rate_20dB": {
        "dmean": 0,
        "dmean2": 0,
        "dvar": 0,
        "dvar2": 0,
        "max": 1,
        "mean": 1,
        "median": 1,
        "min": 1,
        "var": 0
    },
    "silence_rate_30dB": {
        "dmean": 0,
        "dmean2": 0,
        "dvar": 0,
        "dvar2": 0,
        "max": 1,
        "mean": 1,
        "median": 1,
        "min": 1,
        "var": 0
    },
    "silence_rate_60dB": {
        "dmean": 0.00593471806496,
        "dmean2": 0.0118870725855,
        "dvar": 0.00589947542176,
        "dvar2": 0.0147175537422,
        "max": 1,
        "mean": 0.051851850003,
        "median": 0,
        "min": 0,
        "var": 0.0491639375687
    },
    "spectral_centroid": {
        "dmean": 280.607116699,
        "dmean2": 400.486450195,
        "dvar": 231285.9375,
        "dvar2": 254367.8125,
        "max": 11113.2314453,
        "mean": 914.292419434,
        "median": 721.584350586,
        "min": 352.608062744,
        "var": 503258.5625
    },
    "spectral_complexity": {
        "dmean": 5.16617202759,
        "dmean2": 8.21693897247,
        "dvar": 37.2098197937,
        "dvar2": 82.7909698486,
        "max": 53,
        "mean": 19.4207401276,
        "median": 17,
        "min": 0,
        "var": 81.9563064575
    },
    "spectral_crest": {
        "dmean": 2.434425354,
        "dmean2": 3.92692542076,
        "dvar": 4.52203226089,
        "dvar2": 10.75623703,
        "max": 20.1824855804,
        "mean": 9.01263141632,
        "median": 8.42576503754,
        "min": 3.78443264961,
        "var": 10.5426387787
    },
    "spectral_decrease": {
        "dmean": 2.39665687296e-09,
        "dmean2": 3.91823951063e-09,
        "dvar": 6.47879991718e-18,
        "dvar2": 1.60366663409e-17,
        "max": 2.0372539622e-21,
        "mean": -1.01089572269e-08,
        "median": -1.0217986457e-08,
        "min": -2.38216646409e-08,
        "var": 2.09682096194e-17
    },
    "spectral_energy": {
        "dmean": 0.0096370279789,
        "dmean2": 0.015725845471,
        "dvar": 0.000105422841443,
        "dvar2": 0.000260202767095,
        "max": 0.0929720029235,
        "mean": 0.0403981618583,
        "median": 0.0413057021797,
        "min": 1.06116569326e-20,
        "var": 0.000329603761202
    },
    "spectral_energyband_high": {
        "dmean": 0.000933805189561,
        "dmean2": 0.00143508985639,
        "dvar": 1.60298645824e-06,
        "dvar2": 3.1912140912e-06,
        "max": 0.00700738653541,
        "mean": 0.00108494155575,
        "median": 0.000199904039619,
        "min": 7.48575513023e-21,
        "var": 2.70340137831e-06
    },
    "spectral_energyband_low": {
        "dmean": 0.00616100989282,
        "dmean2": 0.00967166852206,
        "dvar": 5.05460084241e-05,
        "dvar2": 0.00012273939501,
        "max": 0.0625724345446,
        "mean": 0.0129202352837,
        "median": 0.00941509846598,
        "min": 4.00858280593e-23,
        "var": 0.000135920621688
    },
    "spectral_energyband_middle_high": {
        "dmean": 0.00179683184251,
        "dmean2": 0.00289035146125,
        "dvar": 5.88652437727e-06,
        "dvar2": 1.44622899825e-05,
        "max": 0.0195182431489,
        "mean": 0.00495549524203,
        "median": 0.00411400385201,
        "min": 1.24594009084e-21,
        "var": 1.2015179891e-05
    },
    "spectral_energyband_middle_low": {
        "dmean": 0.00690532708541,
        "dmean2": 0.0117220301181,
        "dvar": 6.41443548375e-05,
        "dvar2": 0.000170699073351,
        "max": 0.0749401822686,
        "mean": 0.0241882205009,
        "median": 0.0225955992937,
        "min": 2.87136408041e-22,
        "var": 0.000160370531376
    },
    "spectral_flatness_db": {
        "dmean": 0.0405171811581,
        "dmean2": 0.0546221919358,
        "dvar": 0.00124550249893,
        "dvar2": 0.00239668088034,
        "max": 0.286495804787,
        "mean": 0.149683728814,
        "median": 0.145887598395,
        "min": 0.0343968383968,
        "var": 0.00349182472564
    },
    "spectral_flux": {
        "dmean": 0.0312705934048,
        "dmean2": 0.0486843399704,
        "dvar": 0.000873155426234,
        "dvar2": 0.00178327970207,
        "max": 0.265148252249,
        "mean": 0.0924016013741,
        "median": 0.0880854800344,
        "min": 1.03012896824e-10,
        "var": 0.00198566354811
    },
    "spectral_kurtosis": {
        "dmean": 5.66971254349,
        "dmean2": 8.80106830597,
        "dvar": 48.1091651917,
        "dvar2": 112.326782227,
        "max": 54.9257125854,
        "mean": 8.39033985138,
        "median": 5.86317920685,
        "min": -1.19589591026,
        "var": 69.3352050781
    },
    "spectral_rms": {
        "dmean": 0.000739473558497,
        "dmean2": 0.00119501783047,
        "dvar": 5.65562288557e-07,
        "dvar2": 1.36367259529e-06,
        "max": 0.0095238853246,
        "mean": 0.00601526815444,
        "median": 0.00634809024632,
        "min": 3.21758245048e-12,
        "var": 3.22936216435e-06
    },
    "spectral_rolloff": {
        "dmean": 438.203460693,
        "dmean2": 714.338439941,
        "dvar": 1023370.1875,
        "dvar2": 2012041.875,
        "max": 19358.3496094,
        "mean": 1134.9119873,
        "median": 710.595703125,
        "min": 258.3984375,
        "var": 2653053
    },
    "spectral_skewness": {
        "dmean": 0.615119874477,
        "dmean2": 0.884572029114,
        "dvar": 0.326899379492,
        "dvar2": 0.683748543262,
        "max": 5.76516437531,
        "mean": 2.08107328415,
        "median": 1.97435498238,
        "min": 0.00723712705076,
        "var": 0.728326559067
    },
    "spectral_spread": {
        "dmean": 1248346.25,
        "dmean2": 1661497.875,
        "dvar": 3.58038817997e+12,
        "dvar2": 4.09944850432e+12,
        "max": 40932132,
        "mean": 4287993.5,
        "median": 3837602.75,
        "min": 1311169.5,
        "var": 7.30345452339e+12
    },
    "spectral_strongpeak": {
        "dmean": 0.396450817585,
        "dmean2": 0.694641411304,
        "dvar": 0.277544796467,
        "dvar2": 0.686616420746,
        "max": 4.2602648735,
        "mean": 0.852411091328,
        "median": 0.605770945549,
        "min": 0,
        "var": 0.548472464085
    },
    "zerocrossingrate": {
        "dmean": 0.0142854861915,
        "dmean2": 0.0163824521005,
        "dvar": 0.000418085226556,
        "dvar2": 0.00068208418088,
        "max": 0.5,
        "mean": 0.0489192716777,
        "median": 0.0390625,
        "min": 0.009765625,
        "var": 0.00202713045292
    },
    "barkbands": {
        "dmean": [0.000207546574529, 0.00404090620577, 0.00240684766322, 0.00297494069673, 0.00258053466678, 0.00187859940343, 0.00229046377353, 0.00124914501794, 0.0012477649143, 0.000721066608094, 0.000213408158743, 0.000268006930128, 0.00038643667358, 0.000244190596277, 0.000196161403437, 0.000188693447853, 0.000133994733915, 0.000175220062374, 0.000119020762213, 0.000130464148242, 0.000228263961617, 0.000246259092819, 0.000188364894711, 0.000139202122227, 7.59953327361e-05, 5.14719504281e-05, 5.83109886065e-06],
        "dmean2": [0.000329721573507, 0.0060146022588, 0.00396950542927, 0.00512553937733, 0.00447330018505, 0.00291967135854, 0.0037863382604, 0.00201074383222, 0.00205131410621, 0.00113731971942, 0.000359839585144, 0.000407051731599, 0.000579329149332, 0.000403669808293, 0.000319357321132, 0.000311875890475, 0.000216145082959, 0.00027439952828, 0.000186437056982, 0.000215216496144, 0.000375107250875, 0.00038376118755, 0.000287836475763, 0.000203976698685, 0.00011336710304, 7.68119134591e-05, 9.44669682212e-06],
        "dvar": [1.52008155396e-07, 3.7772446376e-05, 2.11056776607e-05, 1.870237611e-05, 1.04992495835e-05, 6.36882396066e-06, 8.51844197314e-06, 3.57490694114e-06, 4.01694114771e-06, 1.2347345546e-06, 8.88584352765e-08, 1.70443740899e-07, 2.53930124927e-07, 2.15699628825e-07, 7.27447186932e-08, 7.75537998265e-08, 1.10537726528e-07, 9.30314101311e-08, 5.1991449368e-08, 3.43580204287e-08, 1.31704652517e-07, 1.37413124435e-07, 9.15616311659e-08, 4.89570801676e-08, 1.26232437836e-08, 8.17645950946e-09, 1.47108117354e-10],
        "dvar2": [2.94339400853e-07, 7.75003936724e-05, 5.71210985072e-05, 4.84921474708e-05, 2.92781405733e-05, 1.57418271556e-05, 2.46225754381e-05, 9.16109365789e-06, 1.04016125988e-05, 2.98614190797e-06, 2.36286609834e-07, 3.54165109684e-07, 5.31498926648e-07, 5.58702140552e-07, 1.89016773788e-07, 1.99562364855e-07, 2.55989988318e-07, 1.7612285319e-07, 9.67207967051e-08, 7.90660337202e-08, 3.29387745523e-07, 2.86889019208e-07, 1.78619217195e-07, 9.79501919574e-08, 2.54029330904e-08, 1.85266024744e-08, 3.66711300215e-10],
        "max": [0.00391620211303, 0.0586768835783, 0.0455797985196, 0.0493342392147, 0.0254703816026, 0.0312851145864, 0.0405914820731, 0.0192960388958, 0.0209977291524, 0.013220589608, 0.0026357343886, 0.00685454159975, 0.00678001204506, 0.00490053556859, 0.00241393828765, 0.00335842557251, 0.00738540664315, 0.00428190687671, 0.00466877082363, 0.00115252286196, 0.00230298331007, 0.00498615019023, 0.00208550295793, 0.00143402069807, 0.000746710808016, 0.000782102637459, 0.00010636987281],
        "mean": [0.000227841010201, 0.00682819308713, 0.00326606607996, 0.00441613700241, 0.00478745345026, 0.00505581172183, 0.00498817488551, 0.00207884586416, 0.00254847714677, 0.00139591831248, 0.000362312654033, 0.000631933275145, 0.00099700933788, 0.000411598244682, 0.00030405272264, 0.000257587438682, 0.000204543583095, 0.000312830728944, 0.000164414639585, 0.000143548284541, 0.000216763379285, 0.000277194543742, 0.000222047747229, 0.00016102270456, 8.30189383123e-05, 5.03178052895e-05, 5.06988317284e-06],
        "median": [3.40729129675e-05, 0.00151764182374, 0.00205354392529, 0.00252839410678, 0.00380367599428, 0.00382006727159, 0.0034736704547, 0.00119111617096, 0.00173922348768, 0.000848204654176, 0.00024372356711, 0.00035099737579, 0.000679208547808, 0.000170042651007, 0.000183509473572, 0.00013961129298, 7.26805737941e-05, 8.17438558443e-05, 4.93102706969e-05, 3.34871874657e-05, 3.70407396986e-05, 4.85876080347e-05, 2.18438763113e-05, 1.79365688382e-05, 1.07742862383e-05, 4.95518179378e-06, 2.79040648365e-07],
        "min": [1.21682094397e-23, 2.83051370729e-23, 7.46393446135e-24, 1.15946838958e-23, 5.48407455394e-23, 2.70905563361e-23, 2.42408673135e-23, 1.08657038442e-23, 2.60149271369e-23, 2.22324290265e-23, 2.32446921847e-23, 5.56705514811e-23, 9.8115742601e-23, 1.31867819074e-22, 6.25833711479e-23, 1.17259238447e-22, 1.49549524109e-22, 1.67065782923e-22, 2.12395510207e-22, 2.55221847362e-22, 4.73391516473e-22, 6.43039777564e-22, 5.35283195447e-22, 7.17838281176e-22, 1.22715081247e-21, 1.32397920981e-21, 2.25908801012e-21],
        "var": [2.84174376475e-07, 9.39383753575e-05, 2.00569593289e-05, 3.07171103486e-05, 1.43025745274e-05, 2.27990112762e-05, 3.02900953102e-05, 5.36119250683e-06, 7.39889128454e-06, 3.03853880723e-06, 1.40374197599e-07, 8.08363154192e-07, 1.02020919712e-06, 4.25020687089e-07, 1.13288997738e-07, 1.27815482642e-07, 2.95355789603e-07, 4.18690433435e-07, 1.39390934351e-07, 4.8256499241e-08, 1.35124935241e-07, 2.49486248549e-07, 1.57584594263e-07, 7.64687655419e-08, 1.88218809427e-08, 9.34767552252e-09, 1.36197553235e-10]
    },
    "erbbands": {
        "dmean": [0.108045190573, 0.981679022312, 2.46518921852, 7.01438188553, 6.30240058899, 9.90087413788, 13.0467662811, 17.2788143158, 31.3179950714, 23.4924430847, 27.0479755402, 33.595287323, 16.2995109558, 23.5266952515, 8.83056735992, 11.4716587067, 18.2988128662, 11.7087917328, 11.7531147003, 10.1767101288, 8.94323158264, 6.73057222366, 9.61866664886, 8.56036758423, 5.31908988953, 5.8187417984, 5.84510850906, 10.5836086273, 9.21900844574, 6.64629888535, 5.74607467651, 3.79606676102, 1.85250174999, 1.09566807747, 0.42019546032, 0.246864810586, 0.0954490825534, 0.0173491686583, 0.000550960889086, 2.24723225983e-05],
        "dmean2": [0.139793485403, 1.52420163155, 3.96676778793, 12.2231702805, 10.9455137253, 16.7432460785, 21.0466537476, 26.76795578, 50.7013130188, 39.697265625, 43.1621398926, 54.6874580383, 25.5770244598, 37.6867675781, 14.5853862762, 17.5096874237, 27.4084644318, 19.4442520142, 18.8815345764, 17.1956863403, 14.9941205978, 10.7918386459, 15.0768375397, 13.819067955, 8.53194713593, 9.51666069031, 9.5240688324, 17.624042511, 14.3751535416, 9.68668460846, 8.74168872833, 5.87381982803, 2.63180565834, 1.63846278191, 0.604969084263, 0.36878696084, 0.144047454, 0.0281651820987, 0.000877636659425, 3.42665589415e-05],
        "dvar": [0.0289730075747, 2.46722555161, 19.5337238312, 96.7405471802, 81.0258865356, 153.369903564, 385.716186523, 604.84942627, 1537.37609863, 905.37890625, 1843.04321289, 2869.43481445, 562.236450195, 1582.92529297, 179.126693726, 340.26953125, 623.389526367, 408.410339355, 342.298370361, 259.137969971, 158.085083008, 180.311004639, 352.839538574, 358.254089355, 61.0075874329, 67.1385574341, 76.2852172852, 295.432556152, 256.339660645, 93.8976669312, 86.071723938, 40.3128700256, 7.74842453003, 2.80746269226, 0.413196593523, 0.19700884819, 0.0254493206739, 0.00107311736792, 1.13895487175e-06, 8.01245958471e-10],
        "dvar2": [0.051841635257, 5.24642086029, 49.5112419128, 258.966278076, 213.390167236, 409.196563721, 964.610961914, 1373.86279297, 4056.45996094, 2547.5703125, 4690.83789062, 7352.92773438, 1256.23388672, 3918.79711914, 462.805480957, 703.550537109, 1289.50488281, 1095.48205566, 858.25994873, 682.92199707, 407.406402588, 421.426483154, 678.751281738, 659.569946289, 137.7371521, 147.037765503, 183.90852356, 745.873413086, 497.847137451, 182.233978271, 166.840377808, 85.054977417, 13.9777917862, 5.73607349396, 0.779407978058, 0.455627501011, 0.054841004312, 0.00261682202108, 2.7231619697e-06, 1.69864844413e-09],
        "max": [1.96491146088, 12.9861803055, 40.3779449463, 109.582618713, 89.5541915894, 92.3166046143, 163.645248413, 380.430358887, 577.08984375, 274.724914551, 486.57244873, 572.063171387, 554.862243652, 471.762298584, 152.754882812, 351.163818359, 343.491394043, 182.669082642, 228.327255249, 121.019882202, 103.654632568, 276.414306641, 294.076446533, 417.644195557, 70.9925994873, 57.2666244507, 65.7472991943, 104.171150208, 297.122070312, 81.8939361572, 63.2057495117, 38.6332817078, 18.4678192139, 10.6495790482, 5.79458761215, 4.02040815353, 1.38992774487, 0.314144015312, 0.008594234474, 0.000252033845754],
        "mean": [0.169687598944, 1.6099922657, 3.73316335678, 10.7835550308, 11.7969474792, 17.9490604401, 28.3650951385, 47.269947052, 78.5752639771, 43.2258377075, 51.7933273315, 71.1193618774, 33.6340751648, 44.0888900757, 18.2055740356, 30.1534309387, 47.9999046326, 24.2005577087, 20.1923732758, 13.8474388123, 13.0746107101, 10.9286270142, 18.656747818, 12.6695947647, 6.91108226776, 6.81563234329, 6.29281234741, 9.73576831818, 10.6077079773, 7.85428380966, 6.60968589783, 4.0480260849, 2.30159950256, 1.200116992, 0.456728637218, 0.229866102338, 0.0989672392607, 0.015983119607, 0.000519813853316, 6.03193802817e-05],
        "median": [0.0183945540339, 0.428143769503, 2.23997497559, 7.07349729538, 8.26428890228, 12.6801376343, 20.1665248871, 28.1913909912, 54.0697059631, 32.9150314331, 32.8688621521, 47.0139694214, 23.5764007568, 27.4900341034, 14.2210321426, 19.1442890167, 31.5894088745, 14.5253458023, 10.6039123535, 8.00670051575, 7.96614551544, 4.4537987709, 4.73710680008, 3.12855124474, 2.36025166512, 1.85761249065, 1.30080020428, 1.3660980463, 1.51086521149, 1.31350624561, 0.577019989491, 0.393243193626, 0.287380993366, 0.148114413023, 0.0531761310995, 0.0221477653831, 0.0102700982243, 0.00174638291355, 6.77606949466e-05, 5.40065811947e-05],
        "min": [7.33984105583e-22, 6.53164793399e-21, 1.13524432154e-20, 1.78468934673e-20, 4.63982472311e-20, 1.44123994974e-19, 2.44358096839e-19, 1.69283016422e-19, 3.99634295927e-19, 2.62667274408e-19, 5.38414135457e-19, 7.00692392582e-19, 8.45474849173e-19, 5.95957730252e-19, 2.2293127554e-18, 3.14506373204e-18, 4.87412867224e-18, 5.39805411889e-18, 4.69795574538e-18, 2.46845356562e-18, 8.49963234574e-18, 8.89666994078e-18, 1.02726137522e-17, 1.03243720975e-17, 1.37029143817e-17, 1.34950918702e-17, 1.94058275697e-17, 1.68422343784e-17, 2.29375496413e-17, 2.09495897838e-17, 1.48053931098e-17, 1.23774062537e-17, 1.51415344953e-17, 1.03939421229e-17, 8.95007023959e-18, 4.35673753885e-18, 2.75651942074e-18, 1.20170204113e-18, 3.0699479776e-19, 3.46585122368e-20],
        "var": [0.0723654553294, 5.49436950684, 23.6915874481, 143.818466187, 137.959213257, 270.960723877, 760.359802246, 3026.54077148, 6798.37255859, 1457.94702148, 3165.93359375, 5567.24169922, 2291.15893555, 2814.93579102, 341.898925781, 1548.1496582, 2485.92895508, 677.075805664, 808.163879395, 272.273162842, 226.258331299, 468.856994629, 1737.48535156, 1311.93273926, 110.244758606, 103.35572052, 102.690544128, 289.112609863, 530.35345459, 170.160552979, 141.704025269, 54.7036476135, 14.0061397552, 4.09668064117, 0.64835113287, 0.214240401983, 0.0326395332813, 0.00102415645961, 1.14750321245e-06, 1.42600520281e-09]
    },
    "gfcc": {
        "mean": [3.59585571289, 118.376190186, -109.553077698, 14.0576095581, -67.1573867798, 7.58894872665, -38.7707633972, -0.925264775753, -19.567193985, 0.912368714809, -15.3892250061, -0.95311576128, -16.2819576263],
        "cov": [[17235.7011719, -833.798217773, -288.615081787, 664.188049316, -1002.90820312, 461.229644775, -455.649108887, 190.62197876, -348.677429199, 246.599868774, -454.107849121, 144.796325684, -364.690826416], [-833.798217773, 2679.80151367, -426.343231201, -318.433319092, 560.027282715, -301.347686768, 442.544036865, -134.7162323, 362.864715576, -140.778366089, 376.607177734, -161.332244873, 267.009429932], [-288.615081787, -426.343231201, 579.385864258, 53.5100440979, -4.2664937973, 234.577636719, 80.5964050293, 114.263420105, 45.6448478699, 131.212631226, -19.5662841797, 95.6178741455, 26.2015953064], [664.188049316, -318.433319092, 53.5100440979, 208.999923706, -69.9004058838, 86.3861694336, 5.78819513321, 47.748664856, -4.88292980194, 22.4943370819, -26.8173866272, 28.6776828766, -7.68966531754], [-1002.90820312, 560.027282715, -4.2664937973, -69.9004058838, 282.346374512, -31.6524372101, 149.390899658, -4.2944483757, 128.152252197, -14.4445199966, 117.869468689, -21.6914997101, 77.1638870239], [461.229644775, -301.347686768, 234.577636719, 86.3861694336, -31.6524372101, 216.541870117, 22.4503002167, 89.364402771, 22.2312297821, 77.9222106934, -14.7210798264, 57.4006614685, 5.43199062347], [-455.649108887, 442.544036865, 80.5964050293, 5.78819513321, 149.390899658, 22.4503002167, 230.316467285, 34.0099258423, 130.817230225, 18.2079315186, 94.1799926758, 1.58173751831, 96.6788482666], [190.62197876, -134.7162323, 114.263420105, 47.748664856, -4.2944483757, 89.364402771, 34.0099258423, 106.291763306, 30.375535965, 40.8534469604, 5.15442466736, 41.7297706604, 12.2273492813], [-348.677429199, 362.864715576, 45.6448478699, -4.88292980194, 128.152252197, 22.2312297821, 130.817230225, 30.375535965, 145.388076782, 25.0104236603, 87.7185211182, 1.881539464, 72.5021820068], [246.599868774, -140.778366089, 131.212631226, 22.4943370819, -14.4445199966, 77.9222106934, 18.2079315186, 40.8534469604, 25.0104236603, 97.6573867798, -4.14863872528, 43.7674407959, 4.01560497284], [-454.107849121, 376.607177734, -19.5662841797, -26.8173866272, 117.869468689, -14.7210798264, 94.1799926758, 5.15442466736, 87.7185211182, -4.14863872528, 122.063705444, -2.20301437378, 60.2299003601], [144.796325684, -161.332244873, 95.6178741455, 28.6776828766, -21.6914997101, 57.4006614685, 1.58173751831, 41.7297706604, 1.881539464, 43.7674407959, -2.20301437378, 85.114982605, 20.2566223145], [-364.690826416, 267.009429932, 26.2015953064, -7.68966531754, 77.1638870239, 5.43199062347, 96.6788482666, 12.2273492813, 72.5021820068, 4.01560497284, 60.2299003601, 20.2566223145, 100.115608215]],
        "icov": [[0.000158461785759, -0.000441295909695, 0.000163674107171, -0.000596492318437, 0.000499025685713, -0.000448399980087, 0.000248060940066, -0.000258369807852, 0.000297555699944, -0.000517303356901, 0.000574689824134, -0.000415503134718, 0.000640832004137], [-0.000441295909695, 0.00308176060207, 0.000585244153626, 0.00337916589342, -0.00175160367507, 0.00131990353111, -0.00247832410969, 0.00169992365409, -0.00253998162225, 0.00202721473761, -0.00317748100497, 0.00233149551786, -0.00305820163339], [0.000163674107171, 0.000585244153626, 0.00467424374074, 0.00132690998726, 1.57089380082e-05, -0.00367517280392, -0.00237779924646, -3.43853862432e-05, -0.000243401460466, -0.00209484854713, 0.0012101449538, -0.00125445600133, 0.000187719226233], [-0.000596492318437, 0.00337916589342, 0.00132690998726, 0.0106886839494, -0.000199635542231, -0.0011627896456, -0.00440428685397, 0.000973419577349, -0.00354888383299, 0.00372998602688, -0.00268942210823, 0.00137538544368, -0.00260011991486], [0.000499025685713, -0.00175160367507, 1.57089380082e-05, -0.000199635542231, 0.010102157481, -0.0013941595098, -0.00122017972171, -0.000145147016156, -0.00275269523263, 0.000255322636804, -0.00125326146372, -0.00131798908114, 0.002959205769], [-0.000448399980087, 0.00131990353111, -0.00367517280392, -0.0011627896456, -0.0013941595098, 0.0133537761867, 0.000654701143503, -0.00385725684464, -0.00134860770777, -0.00147808226757, -0.00193224276882, 0.00156921951566, -0.0022113090381], [0.000248060940066, -0.00247832410969, -0.00237779924646, -0.00440428685397, -0.00122017972171, 0.000654701143503, 0.0144444154575, -0.00305403512903, -0.00227731047198, -0.00203438941389, 0.0010962781962, 0.00161965121515, -0.00412973761559], [-0.000258369807852, 0.00169992365409, -3.43853862432e-05, 0.000973419577349, -0.000145147016156, -0.00385725684464, -0.00305403512903, 0.0180224310607, -0.00482267839834, 0.00192442664411, -0.00173494615592, -0.00399547396228, 0.000945603009313], [0.000297555699944, -0.00253998162225, -0.000243401460466, -0.00354888383299, -0.00275269523263, -0.00134860770777, -0.00227731047198, -0.00482267839834, 0.0249143391848, -0.00789697561413, -0.00387904071249, 0.00297286338173, -0.00336156855337], [-0.000517303356901, 0.00202721473761, -0.00209484854713, 0.00372998602688, 0.000255322636804, -0.00147808226757, -0.00203438941389, 0.00192442664411, -0.00789697561413, 0.021525003016, -0.00123248714954, -0.00538937840611, 0.00184410600923], [0.000574689824134, -0.00317748100497, 0.0012101449538, -0.00268942210823, -0.00125326146372, -0.00193224276882, 0.0010962781962, -0.00173494615592, -0.00387904071249, -0.00123248714954, 0.0223006606102, -0.0044905920513, 0.000619565078523], [-0.000415503134718, 0.00233149551786, -0.00125445600133, 0.00137538544368, -0.00131798908114, 0.00156921951566, 0.00161965121515, -0.00399547396228, 0.00297286338173, -0.00538937840611, -0.0044905920513, 0.0236741118133, -0.0114683248103], [0.000640832004137, -0.00305820163339, 0.000187719226233, -0.00260011991486, 0.002959205769, -0.0022113090381, -0.00412973761559, 0.000945603009313, -0.00336156855337, 0.00184410600923, 0.000619565078523, -0.0114683248103, 0.0262500010431]]
    },
    "melbands": {
        "dmean": [0.00106191879604, 0.00118275114801, 0.00110705802217, 0.000578828912694, 0.000425818288932, 0.000373389397282, 0.000493037689012, 0.00024611398112, 0.000211068909266, 0.000214954692638, 8.03952716524e-05, 0.000102725098259, 2.79740306723e-05, 3.14231147058e-05, 3.39840626111e-05, 3.72619906557e-05, 2.22448634304e-05, 1.97628814931e-05, 1.38311361297e-05, 1.40767524499e-05, 1.01597615867e-05, 6.86367729941e-06, 9.64853188634e-06, 7.73388546804e-06, 7.35286448617e-06, 3.50807931682e-06, 4.45625437351e-06, 3.72485601474e-06, 3.62199853043e-06, 3.49606125383e-06, 7.93740218796e-06, 5.01012800669e-06, 5.7351671785e-06, 2.94377514365e-06, 3.80028973268e-06, 2.9880375223e-06, 2.00350064006e-06, 1.34120739403e-06, 1.11869826469e-06, 9.00569773421e-07],
        "dmean2": [0.00145246321335, 0.00187711184844, 0.00189624202903, 0.000994239584543, 0.000694905698765, 0.000582350592595, 0.000808336480986, 0.000418345705839, 0.000339718477335, 0.000352714909241, 0.000126284838188, 0.00016406076611, 4.69539336336e-05, 4.76913992316e-05, 5.08191551489e-05, 5.6073826272e-05, 3.7333524233e-05, 3.18782367685e-05, 2.30434161494e-05, 2.36218947975e-05, 1.71445717569e-05, 1.10791143015e-05, 1.53439741553e-05, 1.23530553537e-05, 1.19669384731e-05, 5.61344040761e-06, 7.36167930881e-06, 6.15030830886e-06, 5.87440763411e-06, 5.63064531889e-06, 1.34652209454e-05, 7.90007834439e-06, 8.88173144631e-06, 4.27437089456e-06, 5.62220293432e-06, 4.70554778076e-06, 3.08876133204e-06, 1.93340542864e-06, 1.67914140548e-06, 1.38135987982e-06],
        "dvar": [2.41345719587e-06, 3.41300574291e-06, 2.37971562456e-06, 6.06866876751e-07, 3.79282056429e-07, 2.6855676083e-07, 3.8740941477e-07, 1.07439454666e-07, 1.05466277489e-07, 1.26615873342e-07, 1.32199193814e-08, 3.06859284649e-08, 1.62886115707e-09, 2.34657315801e-09, 2.07720329826e-09, 2.37031971828e-09, 1.65787394923e-09, 1.22025656246e-09, 4.29489055431e-10, 5.44192746421e-10, 2.05753317162e-10, 1.23360793802e-10, 6.46456665976e-10, 1.52761206462e-10, 2.9544566793e-10, 3.02111217987e-11, 4.06207775749e-11, 2.93106060256e-11, 2.87747881078e-11, 3.27449838078e-11, 1.95801388991e-10, 8.33236465936e-11, 6.83705592142e-11, 2.50950406289e-11, 4.01649165316e-11, 2.30758103598e-11, 1.15465102757e-11, 3.88477097713e-12, 3.10736202394e-12, 2.06538280402e-12],
        "dvar2": [4.75801243738e-06, 7.94848983787e-06, 6.28018415227e-06, 1.69247607573e-06, 9.85554152066e-07, 6.36940683307e-07, 1.06567142666e-06, 2.90436332762e-07, 2.68627786681e-07, 3.26866143041e-07, 2.94183823968e-08, 7.6126795534e-08, 4.30801794238e-09, 4.73554306879e-09, 4.61536231455e-09, 5.28365884378e-09, 4.48760850702e-09, 2.95586866095e-09, 1.14683351704e-09, 1.37213884699e-09, 5.27993426758e-10, 2.88588736241e-10, 1.52440771117e-09, 3.08656877834e-10, 5.39633671082e-10, 6.70755187504e-11, 9.62665155924e-11, 6.4257571486e-11, 7.03943639491e-11, 8.22220069807e-11, 5.00454511165e-10, 1.63741450954e-10, 1.50176704405e-10, 4.96245405879e-11, 8.14005599037e-11, 5.16579626297e-11, 2.52658709926e-11, 6.66524908183e-12, 6.51133227197e-12, 4.21942255441e-12],
        "max": [0.0178058557212, 0.0151772256941, 0.0171952396631, 0.00646395841613, 0.00504206307232, 0.00749518768862, 0.00898799207062, 0.00320796994492, 0.00358681706712, 0.0036617112346, 0.00273521034978, 0.00210268143564, 0.000366635766113, 0.0008248698432, 0.000607975583989, 0.000542693713214, 0.00038167682942, 0.000498497858644, 0.000163308111951, 0.000310822273605, 0.000114389287774, 0.000178615344339, 0.000517439853866, 0.000146599457366, 0.000389896391425, 6.41840451863e-05, 3.81803329219e-05, 3.98599077016e-05, 4.44779107056e-05, 4.07463048759e-05, 8.84355758899e-05, 0.000177634967258, 6.52406815789e-05, 4.83837211505e-05, 4.6557513997e-05, 3.08846501866e-05, 2.10098696698e-05, 1.33740204546e-05, 1.23014824567e-05, 8.7364060164e-06],
        "mean": [0.00174451444764, 0.00207609799691, 0.00185178313404, 0.00105645623989, 0.000953793060035, 0.00101152050775, 0.00118634582032, 0.000434289831901, 0.000421193311922, 0.000425654929131, 0.000157132264576, 0.000187099314644, 5.10962963745e-05, 7.44447024772e-05, 8.93818360055e-05, 9.34941781452e-05, 3.93283480662e-05, 3.31012015522e-05, 2.01161346922e-05, 1.86701290659e-05, 1.40766314871e-05, 9.22554772842e-06, 1.95441407413e-05, 1.25296865008e-05, 1.04015744e-05, 4.5983297241e-06, 5.03219098391e-06, 4.31539683632e-06, 3.86240844819e-06, 3.53104564965e-06, 6.75720821164e-06, 5.68526229472e-06, 6.04309161645e-06, 3.67850543626e-06, 4.23121628046e-06, 2.99311386698e-06, 2.09317499866e-06, 1.65641529293e-06, 1.32504158046e-06, 9.22761387301e-07],
        "median": [0.000280975655187, 0.00104568502866, 0.00129181111697, 0.000748990860302, 0.000760289200116, 0.000653810508084, 0.000827190640848, 0.000326860463247, 0.000284061970888, 0.00027718686033, 0.000103477243101, 0.000112728681415, 3.70795278286e-05, 4.10111570091e-05, 6.00769053563e-05, 6.45107211312e-05, 1.80780989467e-05, 1.44538489621e-05, 1.17448944366e-05, 9.18993646337e-06, 8.94890763448e-06, 3.64710626855e-06, 4.67297422801e-06, 3.38935183208e-06, 2.23181154979e-06, 1.57064914674e-06, 1.34657341277e-06, 1.09806842374e-06, 8.02768283847e-07, 5.08183006787e-07, 7.86813643572e-07, 7.70558870045e-07, 1.08781739527e-06, 4.26924287922e-07, 3.40449219038e-07, 2.4781280672e-07, 2.24694332474e-07, 2.03749195293e-07, 1.5212609128e-07, 1.02634956534e-07],
        "min": [7.5644187746e-24, 7.13256002748e-24, 6.5633365365e-24, 4.52628902551e-24, 1.22092925268e-23, 4.69868234901e-24, 6.1719589756e-24, 2.81138706467e-24, 3.48264379728e-24, 4.43845843562e-24, 4.08622454726e-24, 1.64749941713e-24, 4.26148380242e-24, 5.96587064183e-24, 1.16491429084e-23, 7.61004885594e-24, 1.07327515938e-23, 7.57323587294e-24, 3.85719377179e-24, 4.17865143522e-24, 1.10245804305e-23, 8.72646689712e-24, 9.28832992142e-24, 7.85236957109e-24, 7.35741772877e-24, 1.05258507333e-23, 7.36602735669e-24, 8.7786035032e-24, 1.35764271298e-23, 7.34186296944e-24, 9.37567023426e-24, 1.22939294134e-23, 1.20461505696e-23, 9.60205990342e-24, 7.95323884845e-24, 8.84903931571e-24, 6.87495749888e-24, 9.54005149197e-24, 9.95454741056e-24, 8.99468907122e-24],
        "var": [6.41397355139e-06, 6.42657369099e-06, 3.83181486541e-06, 9.4312940746e-07, 6.53157826491e-07, 1.22266931157e-06, 1.58792204275e-06, 1.4747801913e-07, 1.83478050531e-07, 2.14022222167e-07, 5.51213723554e-08, 5.49293730501e-08, 2.70381028677e-09, 1.15007479096e-08, 8.26896506823e-09, 8.36958413686e-09, 2.52214094054e-09, 3.2570013353e-09, 5.02004326997e-10, 9.45614475611e-10, 2.58637361528e-10, 2.46130005266e-10, 2.45657316711e-09, 5.42870415288e-10, 1.09348641253e-09, 5.85506504391e-11, 5.72820610389e-11, 4.29893551313e-11, 3.77260757356e-11, 4.29454492801e-11, 1.68903696585e-10, 1.7700339805e-10, 9.70602834216e-11, 4.60159792215e-11, 6.15977963081e-11, 3.20844219248e-11, 1.48064355915e-11, 7.21874643395e-12, 4.78346789262e-12, 2.74190501033e-12]
    },
    "mfcc": {
