{
"metadata": {
    "version": {
        "essentia": "2.0.1",
        "extractor": "archive-music 1.0"
    },
    "audio_properties": {
        "analysis_sample_rate": 44100,
        "bitrate": 128,
        "channels": 2,
        "equal_loudness": 0,
        "length": 15.1248979568,
        "replay_gain": -8.79800415039,
        "downmix": "mix"
    },
    "tags": {
        "track": 1,
        "year": 0,
        "album": "XII",
        "artist": "Roger Subirana Mata",
        "comment": "",
        "genre": "Other",
        "title": "Between Worlds"
    }
},
"highlevel": {
    "culture": {
        "all": {
            "non_western": 0.00343692977913,
            "western": 0.996563076973
        },
        "probability": 0.996563076973,
        "value": "western"
    },
    "danceability": {
        "all": {
            "danceable": 0.0889852046967,
            "not_danceable": 0.911014795303
        },
        "probability": 0.911014795303,
        "value": "not_danceable"
    },
    "gender": {
        "all": {
            "female": 0.0471161305904,
            "male": 0.952883899212
        },
        "probability": 0.952883899212,
        "value": "male"
    },
    "genre_dortmund": {
        "all": {
            "alternative": 0.298914283514,
            "blues": 0.00970921013504,
            "electronic": 0.0134420106187,
            "folkcountry": 0.190901339054,
            "funksoulrnb": 0.0291609913111,
            "jazz": 0.0779766961932,
            "pop": 0.15373775363,
            "raphiphop": 0.00175630883314,
            "rock": 0.224401399493
        },
        "probability": 0.298914283514,
        "value": "alternative"
    },
    "genre_electronic": {
        "all": {
            "ambient": 0.85819786787,
            "dnb": 0.0585217475891,
            "house": 0.0372566357255,
            "techno": 0.00541753601283,
            "trance": 0.0406061895192
        },
        "probability": 0.85819786787,
        "value": "ambient"
    },
    "genre_rosamerica": {
        "all": {
            "cla": 0.0390855930746,
            "dan": 0.0129881491885,
            "hip": 0.0101447431371,
            "jaz": 0.0219109784812,
            "pop": 0.040451977402,
            "rhy": 0.0157366730273,
            "roc": 0.846677839756,
            "spe": 0.0130040682852
        },
        "probability": 0.846677839756,
        "value": "roc"
    },
    "genre_tzanetakis": {
        "all": {
            "blu": 0.00515825254843,
            "cla": 0.0118151511997,
            "cou": 0.0213303286582,
            "dis": 0.0156656894833,
            "hip": 0.0211918540299,
            "jaz": 0.0387690402567,
            "met": 0.0113061731681,
            "pop": 0.0961561501026,
            "reg": 0.0410307012498,
            "roc": 0.737576663494
        },
        "probability": 0.737576663494,
        "value": "roc"
    },
    "mirex_ballroom": {
        "all": {
            "ChaChaCha": 0.0197168141603,
            "Jive": 0.0249029025435,
            "Quickstep": 0.04801511392,
            "Rumba-American": 0.00611891550943,
            "Rumba-International": 0.139304533601,
            "Rumba-Misc": 0.0305593051016,
            "Samba": 0.0227675102651,
            "Tango": 0.0450647808611,
            "VienneseWaltz": 0.518381714821,
            "Waltz": 0.145168423653
        },
        "probability": 0.518381714821,
        "value": "VienneseWaltz"
    },
    "mood_acoustic": {
        "all": {
            "acoustic": 0.733259439468,
            "not_acoustic": 0.266740590334
        },
        "probability": 0.733259439468,
        "value": "acoustic"
    },
    "mood_aggressive": {
        "all": {
            "aggressive": 0.0182415023446,
            "not_aggressive": 0.981758475304
        },
        "probability": 0.981758475304,
        "value": "not_aggressive"
    },
    "mood_electronic": {
        "all": {
            "electronic": 0.266965478659,
            "not_electronic": 0.733034491539
        },
        "probability": 0.733034491539,
        "value": "not_electronic"
    },
    "mood_happy": {
        "all": {
            "happy": 0.707839369774,
            "not_happy": 0.292160630226
        },
        "probability": 0.707839369774,
        "value": "happy"
    },
    "mood_party": {
        "all": {
            "not_party": 0.908112883568,
            "party": 0.0918871238828
        },
        "probability": 0.908112883568,
        "value": "not_party"
    },
    "mood_relaxed": {
        "all": {
            "not_relaxed": 0.0530954673886,
            "relaxed": 0.946904540062
        },
        "probability": 0.946904540062,
        "value": "relaxed"
    },
    "mood_sad": {
        "all": {
            "not_sad": 0.457698911428,
            "sad": 0.542301058769
        },
        "probability": 0.542301058769,
        "value": "sad"
    },
    "moods_mirex": {
        "all": {
            "Cluster1": 0.233983337879,
            "Cluster2": 0.107341788709,
            "Cluster3": 0.444222539663,
            "Cluster4": 0.0272630080581,
            "Cluster5": 0.187189340591
        },
        "probability": 0.444222539663,
        "value": "Cluster3"
    },
    "timbre": {
        "all": {
            "bright": 0.73267352581,
            "dark": 0.26732647419
        },
        "probability": 0.73267352581,
        "value": "bright"
    },
    "tonal_atonal": {
        "all": {
            "atonal": 0.374442100525,
            "tonal": 0.625557899475
        },
        "probability": 0.625557899475,
        "value": "tonal"
    },
    "voice_instrumental": {
        "all": {
            "instrumental": 0.342042982578,
            "voice": 0.657957017422
        },
        "probability": 0.657957017422,
        "value": "voice"
    }
},
"lowlevel": {
    "average_loudness": 0.930782198906,
    "barkbands_kurtosis": {
        "dmean": 2.16625595093,
        "dmean2": 3.58098649979,
        "dvar": 7.0347700119,
        "dvar2": 19.8167533875,
        "max": 34.865272522,
        "mean": 5.35001325607,
        "median": 4.56030845642,
        "min": -0.519289493561,
        "var": 17.4985980988
    },
    "barkbands_skewness": {
        "dmean": 0.38681435585,
        "dmean2": 0.604934930801,
        "dvar": 0.131346136332,
        "dvar2": 0.334860533476,
        "max": 4.97026014328,
        "mean": 1.85557246208,
        "median": 1.86537671089,
        "min": -1.86470174789,
        "var": 0.707419872284
    },
    "barkbands_spread": {
        "dmean": 2.39855957031,
        "dmean2": 4.01724290848,
        "dvar": 10.7455101013,
        "dvar2": 29.332490921,
        "max": 58.285900116,
        "mean": 11.7405614853,
        "median": 11.3274335861,
        "min": 2.61283993721,
        "var": 19.2149734497
    },
    "dissonance": {
        "dmean": 0.0232953634113,
        "dmean2": 0.0392129607499,
        "dvar": 0.000396735878894,
        "dvar2": 0.00117900362238,
        "max": 0.499712079763,
        "mean": 0.452240586281,
        "median": 0.454981923103,
        "min": 0.352185308933,
        "var": 0.000714409106877
    },
    "dynamic_complexity": 2.51486206055,
    "erbbands_kurtosis": {
        "dmean": 0.737041711807,
        "dmean2": 1.21662187576,
        "dvar": 0.518790006638,
        "dvar2": 1.28465938568,
        "max": 7.86295032501,
        "mean": 0.565103828907,
        "median": 0.222337007523,
        "min": -1.42655432224,
        "var": 1.97127234936
    },
    "erbbands_skewness": {
        "dmean": 0.26746943593,
        "dmean2": 0.435767620802,
        "dvar": 0.0504187643528,
        "dvar2": 0.129673406482,
        "max": 1.90484833717,
        "mean": 0.729313611984,
        "median": 0.725516021252,
        "min": -0.688314318657,
        "var": 0.132899954915
    },
    "erbbands_spread": {
        "dmean": 5.20743846893,
        "dmean2": 8.43047618866,
        "dvar": 21.9366168976,
        "dvar2": 53.9712524414,
        "max": 77.6145553589,
        "mean": 33.3830909729,
        "median": 32.7881774902,
        "min": 9.36939334869,
        "var": 130.821899414
    },
    "hfc": {
        "dmean": 2.99251818657,
        "dmean2": 4.61660337448,
        "dvar": 13.2047662735,
        "dvar2": 33.5989875793,
        "max": 55.5654067993,
        "mean": 15.6231660843,
        "median": 13.8475141525,
        "min": 1.17228976088e-16,
        "var": 85.0732879639
    },
    "melbands_kurtosis": {
        "dmean": 4.60841083527,
        "dmean2": 7.29820251465,
        "dvar": 26.6037578583,
        "dvar2": 71.5875854492,
        "max": 60.2097053528,
        "mean": 12.7213897705,
        "median": 10.6923303604,
        "min": -1.2532324791,
        "var": 100.567848206
    },
    "melbands_skewness": {
        "dmean": 0.536214947701,
        "dmean2": 0.825223505497,
        "dvar": 0.202337116003,
        "dvar2": 0.536776304245,
        "max": 6.24766206741,
        "mean": 2.66632032394,
        "median": 2.62591695786,
        "min": -0.124537937343,
        "var": 1.25391662121
    },
    "melbands_spread": {
        "dmean": 2.72343230247,
        "dmean2": 4.49560451508,
        "dvar": 46.1090736389,
        "dvar2": 91.703742981,
        "max": 141.89855957,
        "mean": 12.5197649002,
        "median": 11.0221796036,
        "min": 2.8156170845,
        "var": 144.333114624
    },
    "pitch_salience": {
        "dmean": 0.0640741363168,
        "dmean2": 0.106131441891,
        "dvar": 0.00270468881354,
        "dvar2": 0.00693445838988,
        "max": 0.865556657314,
        "mean": 0.577343046665,
        "median": 0.582508862019,
        "min": 0.269040703773,
        "var": 0.00720208650455
    },
    "silence_rate_20dB": {
        "dmean": 0,
        "dmean2": 0,
        "dvar": 0,
        "dvar2": 0,
        "max": 1,
        "mean": 1,
        "median": 1,
        "min": 1,
        "var": 0
    },
    "silence_rate_30dB": {
        "dmean": 0.0184049084783,
        "dmean2": 0.0368663594127,
        "dvar": 0.0180660896003,
        "dvar2": 0.0416519492865,
        "max": 1,
        "mean": 0.980091869831,
        "median": 1,
        "min": 0,
        "var": 0.0195119455457
    },
    "silence_rate_60dB": {
        "dmean": 0.00306748459116,
        "dmean2": 0.00614439323545,
        "dvar": 0.0030580831226,
        "dvar2": 0.00610667141154,
        "max": 1,
        "mean": 0.0520673803985,
        "median": 0,
        "min": 0,
        "var": 0.049355737865
    },
    "spectral_centroid": {
        "dmean": 148.010009766,
        "dmean2": 230.572982788,
        "dvar": 223384.984375,
        "dvar2": 262940.3125,
        "max": 11187.9267578,
        "mean": 782.99407959,
        "median": 728.153381348,
        "min": 335.758880615,
        "var": 398438.8125
    },
    "spectral_complexity": {
        "dmean": 2.31901836395,
        "dmean2": 3.90168976784,
        "dvar": 4.70190906525,
        "dvar2": 11.8950939178,
        "max": 39,
        "mean": 17.3751907349,
        "median": 17,
        "min": 0,
        "var": 31.6616840363
    },
    "spectral_crest": {
        "dmean": 2.24183654785,
        "dmean2": 3.69614052773,
        "dvar": 4.25429582596,
        "dvar2": 11.9800872803,
        "max": 20.0451602936,
        "mean": 9.11494445801,
        "median": 8.7981262207,
        "min": 3.71826577187,
        "var": 7.95931577682
    },
    "spectral_decrease": {
        "dmean": 2.77162715001e-09,
        "dmean2": 4.41385061833e-09,
        "dvar": 1.27111546057e-17,
        "dvar2": 3.46018881567e-17,
        "max": 5.39089458146e-29,
        "mean": -1.065386801e-08,
        "median": -9.87747572623e-09,
        "min": -4.44009593537e-08,
        "var": 4.06277500266e-17
    },
    "spectral_energy": {
        "dmean": 0.0106746861711,
        "dmean2": 0.0169822834432,
        "dvar": 0.000188289341168,
        "dvar2": 0.000512155063916,
        "max": 0.172619715333,
        "mean": 0.0416272133589,
        "median": 0.0388556979597,
        "min": 1.065507099e-20,
        "var": 0.00061473652022
    },
    "spectral_energyband_high": {
        "dmean": 7.96726599219e-05,
        "dmean2": 0.000132180692162,
        "dvar": 2.33114327841e-08,
        "dvar2": 6.09342833968e-08,
        "max": 0.00261185271665,
        "mean": 0.000259593391092,
        "median": 0.000146154445247,
        "min": 7.69320621175e-21,
        "var": 1.20405786674e-07
    },
    "spectral_energyband_low": {
        "dmean": 0.00685867154971,
        "dmean2": 0.0102820824832,
        "dvar": 7.90585836512e-05,
        "dvar2": 0.000183110954822,
        "max": 0.102140128613,
        "mean": 0.017612349242,
        "median": 0.0135636040941,
        "min": 2.02936250694e-23,
        "var": 0.000215080392081
    },
    "spectral_energyband_middle_high": {
        "dmean": 0.00131390313618,
        "dmean2": 0.00210358109325,
        "dvar": 4.0795298446e-06,
        "dvar2": 9.78438220045e-06,
        "max": 0.0349756032228,
        "mean": 0.00417127087712,
        "median": 0.00287113129161,
        "min": 1.4908335149e-21,
        "var": 1.65632482094e-05
    },
    "spectral_energyband_middle_low": {
        "dmean": 0.00687409099191,
        "dmean2": 0.0110448747873,
        "dvar": 0.000120097174658,
        "dvar2": 0.000364717649063,
        "max": 0.141118735075,
        "mean": 0.0211420357227,
        "median": 0.0195134077221,
        "min": 3.22019206181e-22,
        "var": 0.000210861675441
    },
    "spectral_flatness_db": {
        "dmean": 0.0153945852071,
        "dmean2": 0.0248299408704,
        "dvar": 0.000196401058929,
        "dvar2": 0.000531353522092,
        "max": 0.26904425025,
        "mean": 0.167686000466,
        "median": 0.167987778783,
        "min": 0.0294910613447,
        "var": 0.000969332642853
    },
    "spectral_flux": {
        "dmean": 0.0208371542394,
        "dmean2": 0.0345000289381,
        "dvar": 0.000490807287861,
        "dvar2": 0.00122110836674,
        "max": 0.276170253754,
        "mean": 0.0843368023634,
        "median": 0.0798458307981,
        "min": 7.11097847272e-11,
        "var": 0.00176380178891
    },
    "spectral_kurtosis": {
        "dmean": 2.47690987587,
        "dmean2": 4.38559913635,
        "dvar": 4.70797538757,
        "dvar2": 14.5689954758,
        "max": 17.3798160553,
        "mean": 5.60358476639,
        "median": 4.94945144653,
        "min": -1.21677613258,
        "var": 8.53991985321
    },
    "spectral_rms": {
        "dmean": 0.000759401591495,
        "dmean2": 0.00118365848903,
        "dvar": 6.48129059755e-07,
        "dvar2": 1.77827712378e-06,
        "max": 0.0129772676155,
        "mean": 0.00601957784966,
        "median": 0.00615694699809,
        "min": 3.22415748613e-12,
        "var": 4.37657854491e-06
    },
    "spectral_rolloff": {
        "dmean": 161.366638184,
        "dmean2": 284.099121094,
        "dvar": 886577.0625,
        "dvar2": 1629252.625,
        "max": 19164.5507812,
        "mean": 754.915466309,
        "median": 559.86328125,
        "min": 193.798828125,
        "var": 2929558.25
    },
    "spectral_skewness": {
        "dmean": 0.264336675406,
        "dmean2": 0.452247112989,
        "dvar": 0.0442595817149,
        "dvar2": 0.127197578549,
        "max": 3.03404998779,
        "mean": 1.72437155247,
        "median": 1.71177780628,
        "min": -0.0206355713308,
        "var": 0.124381057918
    },
    "spectral_spread": {
        "dmean": 350337.3125,
        "dmean2": 539073.25,
        "dvar": 3.86537540813e+12,
        "dvar2": 6.45532850586e+12,
        "max": 49307004,
        "mean": 3529554.75,
        "median": 3104173,
        "min": 2392918.5,
        "var": 8.06504890368e+12
    },
    "spectral_strongpeak": {
        "dmean": 0.364387780428,
        "dmean2": 0.621821284294,
        "dvar": 0.336215257645,
        "dvar2": 0.852384746075,
        "max": 4.81255149841,
        "mean": 0.659681022167,
        "median": 0.489027142525,
        "min": 0,
        "var": 0.456267148256
    },
    "zerocrossingrate": {
        "dmean": 0.00556730479002,
        "dmean2": 0.00765499006957,
        "dvar": 0.000407173210988,
        "dvar2": 0.000586987647694,
        "max": 0.52001953125,
        "mean": 0.0349969789386,
        "median": 0.0302734375,
        "min": 0.00927734375,
        "var": 0.00197559245862
    },
    "barkbands": {
        "dmean": [0.000486593635287, 0.00345248682424, 0.00401297910139, 0.00241646310315, 0.00426624901593, 0.00123629264999, 0.00105655763764, 0.000968251144513, 0.000862564775161, 0.000788368517533, 0.000493796076626, 0.000387169100577, 0.00014433368051, 0.000117194569611, 0.000114576730994, 8.88775030035e-05, 0.000115348149848, 5.64084730286e-05, 6.15586759523e-05, 6.58415010548e-05, 3.1912481063e-05, 2.42659116338e-05, 1.60161980602e-05, 8.28797510621e-06, 2.14654392039e-06, 1.19099331641e-06, 6.37537823422e-07],
        "dmean2": [0.000846729206387, 0.00572435185313, 0.00579710304737, 0.00411338638514, 0.0071731894277, 0.00192115898244, 0.00159439106937, 0.00135049398523, 0.00126935716253, 0.00119585590437, 0.00081218755804, 0.000639855104964, 0.000237389365793, 0.000194806081709, 0.000194423890207, 0.000151268468471, 0.00019925396191, 9.92475906969e-05, 0.000105962179077, 0.000114066431706, 5.49650576431e-05, 4.0805687604e-05, 2.66308616119e-05, 1.3154237422e-05, 3.45351440956e-06, 1.86816669157e-06, 1.18547120564e-06],
        "dvar": [9.08216975404e-07, 3.69678236893e-05, 3.12423435389e-05, 1.27186940517e-05, 7.19245654182e-05, 3.04513264382e-06, 2.3158197564e-06, 1.88107344457e-06, 1.5959664097e-06, 2.35004972637e-06, 1.1190445548e-06, 3.96906216338e-07, 5.58942119255e-08, 6.55019150031e-08, 2.43190729776e-08, 2.02262668836e-08, 1.75916206047e-08, 6.25841156676e-09, 5.38996847155e-09, 8.84580142468e-09, 2.36520669716e-09, 2.68124766833e-09, 1.45983769517e-09, 6.15848816388e-10, 3.84246488794e-11, 3.4229563628e-11, 1.21172889431e-11],
        "dvar2": [2.54617953033e-06, 0.00010974414181, 6.76927593304e-05, 3.7605248508e-05, 0.000217221066123, 7.32131047698e-06, 4.67670861326e-06, 3.27632301378e-06, 3.40732344739e-06, 5.71719419895e-06, 2.84242196358e-06, 8.85416682195e-07, 1.36085702707e-07, 1.35637108656e-07, 6.6337108251e-08, 5.90008646384e-08, 4.96618142165e-08, 1.81673751598e-08, 1.46236383003e-08, 2.6040437362e-08, 6.25611695781e-09, 7.1582646477e-09, 3.80113096554e-09, 1.36813627094e-09, 9.35970745353e-11, 8.69224414668e-11, 3.78877172691e-11],
        "max": [0.00757467932999, 0.0670054852962, 0.0800907313824, 0.025343760848, 0.109978191555, 0.0212191864848, 0.0226540472358, 0.029543813318, 0.0196379777044, 0.0264766272157, 0.0151728410274, 0.00745705049485, 0.00361502054147, 0.00608559837565, 0.00152151135262, 0.00159578130115, 0.00148877664469, 0.000706062535755, 0.000774569401983, 0.00100797531195, 0.000530824705493, 0.00056264246814, 0.000619983300567, 0.000730623723939, 0.000180033996003, 0.000153212138684, 5.9011628764e-05],
        "mean": [0.000518737419043, 0.00636635348201, 0.00931762624532, 0.00375597225502, 0.0080591281876, 0.00252996082418, 0.00219176989049, 0.00246162060648, 0.00190006499179, 0.00141180306673, 0.000889160262886, 0.00066857249476, 0.000239679240622, 0.000190475286217, 0.000191837840248, 0.000159093819093, 0.000209086196264, 0.000115076181828, 0.000123366189655, 0.000126383369206, 7.25411664462e-05, 5.16484578839e-05, 3.91451794712e-05, 2.47825191764e-05, 8.03370585345e-06, 4.23927212978e-06, 1.09893562694e-06],
        "median": [0.000110729582957, 0.00406680302694, 0.00666507426649, 0.00264574936591, 0.00553798628971, 0.00175968580879, 0.00123130553402, 0.00170663534664, 0.00104127195664, 0.000650759611744, 0.00032357184682, 0.000378021097276, 0.000133946843562, 0.000121096803923, 0.000128986794152, 0.000103998892882, 0.000165323494002, 6.64589679218e-05, 9.5600473287e-05, 8.65952169988e-05, 4.46121230198e-05, 2.4942062737e-05, 1.34766542033e-05, 5.33720276508e-06, 1.6320591385e-06, 3.95958068111e-07, 2.00921661531e-08],
        "min": [1.14215447043e-23, 5.22085896446e-24, 6.93759926704e-25, 2.29581084841e-24, 2.04959347594e-23, 2.98729823448e-23, 1.82604354826e-23, 4.34526927137e-23, 3.23156712052e-23, 4.47471503503e-23, 4.83071849522e-23, 2.90314097539e-23, 6.8347546228e-23, 6.32586045284e-23, 1.04739694026e-22, 1.55869284458e-22, 2.16833578551e-22, 1.57298170303e-22, 2.29667727012e-22, 2.500491665e-22, 4.06185212161e-22, 4.50524799103e-22, 5.47920570443e-22, 8.23466276758e-22, 1.05468082748e-21, 1.73220970479e-21, 2.39936721953e-21],
        "var": [1.11324482077e-06, 5.37513624295e-05, 9.57069423748e-05, 1.52341608555e-05, 9.21179598663e-05, 7.16133945389e-06, 8.05196577858e-06, 8.69431278261e-06, 6.69419978294e-06, 6.27478448223e-06, 3.24681309394e-06, 7.88828060649e-07, 1.19985799074e-07, 1.20313913499e-07, 3.93740897664e-08, 3.71939421484e-08, 2.88726536013e-08, 1.48510954645e-08, 1.00882138199e-08, 1.54159316423e-08, 5.52677725807e-09, 5.69178393306e-09, 5.22262144642e-09, 4.81111328554e-09, 5.37802524736e-10, 2.87463580717e-10, 2.90045366197e-11]
    },
    "erbbands": {
        "dmean": [0.102840892971, 0.867549777031, 4.23656177521, 5.25408220291, 14.7754144669, 13.2646303177, 10.3094921112, 9.69397354126, 16.4819583893, 13.558218956, 21.2066307068, 19.2231178284, 20.641166687, 25.3493900299, 10.9199972153, 12.6040668488, 8.00965881348, 3.38965368271, 6.52787637711, 4.70414972305, 4.64612340927, 7.10335445404, 3.27889060974, 3.70937371254, 2.92703557014, 2.4351644516, 1.69356811047, 1.09035408497, 0.99013364315, 0.710269927979, 0.374610632658, 0.20298807323, 0.143647089601, 0.0348093807697, 0.0148135665804, 0.0070375087671, 0.00202649249695, 0.00102821923792, 5.09495839651e-05, 1.2076031453e-05],
        "dmean2": [0.178893357515, 1.3839571476, 5.90967082977, 8.87521266937, 25.2377510071, 21.8749046326, 15.4603223801, 14.91132164, 24.7708492279, 19.9137172699, 30.2300643921, 28.8215122223, 31.0711193085, 41.3991851807, 17.899230957, 20.80119133, 13.1443109512, 5.55400514603, 10.726518631, 8.10131454468, 7.97425174713, 12.2521972656, 5.74451494217, 6.38601160049, 4.97818088531, 4.23155164719, 2.8799996376, 1.87332999706, 1.65711271763, 1.22931551933, 0.596500217915, 0.329206883907, 0.24682945013, 0.0556744039059, 0.025316985324, 0.0121777560562, 0.00321811856702, 0.00177311489824, 9.35295174713e-05, 1.92109455384e-05],
        "dvar": [0.0549899376929, 1.84232127666, 33.2765083313, 51.0771903992, 795.541259766, 708.489074707, 197.332382202, 225.700805664, 601.40838623, 225.04486084, 839.032470703, 1213.36413574, 1359.59289551, 2376.9831543, 178.85105896, 500.611816406, 184.78666687, 23.201713562, 136.678329468, 34.3390693665, 64.0177841187, 77.5146408081, 23.4865055084, 18.7478084564, 13.7801580429, 12.6396093369, 5.10827207565, 3.79816579819, 3.96327519417, 3.26088047028, 0.755170881748, 0.30784279108, 0.258066385984, 0.00880331918597, 0.00316161895171, 0.00169129006099, 8.64422909217e-05, 3.29550930473e-05, 6.97348951917e-08, 2.52699694503e-10],
        "dvar2": [0.147243112326, 5.5213766098, 70.3863296509, 140.832077026, 2513.73144531, 1934.35046387, 428.89050293, 461.370910645, 1237.98791504, 474.669830322, 1659.99023438, 2535.19580078, 3376.46533203, 6082.09423828, 467.791900635, 1140.69458008, 432.422241211, 45.1977233887, 292.687530518, 101.031967163, 176.710906982, 219.679046631, 70.3248596191, 52.3671112061, 38.2944068909, 36.2817955017, 14.021903038, 10.0819540024, 10.6446933746, 9.00364780426, 1.98844659328, 0.690339624882, 0.597733318806, 0.0218109358102, 0.00780375069007, 0.00494110258296, 0.000172999803908, 9.18327496038e-05, 2.2481631845e-07, 7.05916214372e-10],
        "max": [2.44606328011, 14.8880414963, 86.1441650391, 65.0089874268, 343.646362305, 351.936035156, 180.513519287, 210.168411255, 380.951660156, 205.896224976, 575.945800781, 573.882507324, 592.041442871, 622.813476562, 156.16192627, 275.302459717, 160.226333618, 97.0640029907, 257.73526001, 58.8545265198, 107.113807678, 98.9761123657, 49.7510795593, 39.8652534485, 36.1700057983, 36.4502067566, 20.414270401, 24.5555667877, 24.3267631531, 23.7710952759, 15.8491640091, 14.2985162735, 13.2424325943, 2.49357867241, 1.4924223423, 0.921380579472, 0.297492802143, 0.115909188986, 0.00460827723145, 0.000215943262447],
        "mean": [0.131039395928, 1.73017036915, 10.666686058, 10.1512889862, 22.8233146667, 26.316991806, 23.7152004242, 19.9237766266, 32.7887229919, 36.9059715271, 51.1626701355, 43.0610427856, 41.7721824646, 46.67628479, 21.7159690857, 23.0783843994, 14.1353025436, 7.149933815, 11.7582397461, 9.22529125214, 9.02023983002, 13.0921726227, 6.90228557587, 7.39474868774, 6.19079399109, 5.0296831131, 3.71755838394, 2.37927293777, 2.02745842934, 1.494530797, 0.957248568535, 0.58670592308, 0.409515619278, 0.124042823911, 0.0470575615764, 0.0194305162877, 0.00726771820337, 0.0025365864858, 0.000103126723843, 4.84861811856e-05],
        "median": [0.0268369335681, 1.31971931458, 7.81624507904, 7.59895277023, 15.9184188843, 14.2539796829, 14.5685663223, 12.7903814316, 17.6290779114, 29.8818149567, 35.361114502, 20.6687202454, 21.5359191895, 19.2403964996, 14.611497879, 13.0664100647, 7.37453556061, 5.41227769852, 8.38652515411, 7.34029054642, 6.21764039993, 10.4405412674, 4.58817100525, 5.52910423279, 5.01060152054, 3.3108985424, 2.38501024246, 1.4672665596, 1.05478858948, 0.622266113758, 0.314288377762, 0.153230130672, 0.0698648169637, 0.028078533709, 0.00873874127865, 0.00244257692248, 0.000596818164922, 8.82164968061e-05, 2.21195441554e-05, 4.41415140813e-05],
        "min": [3.28912285392e-22, 8.53495093841e-22, 7.56184090338e-22, 6.73453094288e-21, 4.24021086113e-20, 5.65388870049e-20, 1.05884023329e-19, 3.45150649014e-19, 2.13397308122e-19, 6.86939842814e-19, 1.08988397272e-18, 9.02482069039e-19, 2.39033524896e-18, 1.49336664889e-18, 1.69689681676e-18, 1.72701404927e-18, 3.22988159128e-18, 2.68652836039e-18, 3.66443492903e-18, 7.46011777867e-18, 6.09156565317e-18, 1.32843891159e-17, 1.10785010815e-17, 1.04097487173e-17, 1.09076295551e-17, 1.20147653101e-17, 1.40141005553e-17, 1.29198001619e-17, 1.72599556246e-17, 1.30549565109e-17, 1.4663093229e-17, 1.49839549343e-17, 1.53768806145e-17, 1.20729971709e-17, 7.0008704113e-18, 5.65279348751e-18, 3.60833305834e-18, 1.3258475822e-18, 3.03470129472e-19, 3.35005143092e-20],
        "var": [0.0670827701688, 3.01565623283, 112.303039551, 82.6651992798, 763.883972168, 1337.38659668, 750.192687988, 606.111694336, 1977.61523438, 920.434814453, 3608.65893555, 4905.12988281, 3857.22485352, 6317.56542969, 500.515594482, 1038.31604004, 405.925262451, 58.3881645203, 247.363006592, 63.4860610962, 100.68674469, 123.409698486, 45.8011207581, 37.7580871582, 23.5802059174, 24.0781764984, 12.4746227264, 7.90243959427, 7.46910524368, 6.47099781036, 3.59221124649, 2.03042316437, 1.6187183857, 0.111560672522, 0.022483356297, 0.00610199989751, 0.000839293294121, 0.000136038841447, 1.66626037412e-07, 1.00830610528e-09]
    },
    "gfcc": {
        "mean": [-20.5566139221, 145.131393433, -120.300056458, 37.7155990601, -61.3638381958, 2.04245257378, -24.652223587, 1.76144325733, -17.4108181, -10.2436313629, -14.8552503586, -8.88471508026, -9.46940326691],
        "cov": [[16791.0527344, 1096.26184082, -576.980773926, 373.831481934, -680.274230957, 316.275848389, -237.565429688, 72.2495651245, -298.738128662, -44.1592559814, -167.800201416, -16.8581924438, -187.543395996], [1096.26184082, 642.990966797, -319.506408691, 32.5728683472, -1.59501707554, -104.093963623, 40.9177818298, -46.2991142273, 48.5148010254, -46.6118125916, 12.8459558487, -79.1912612915, 22.3318481445], [-576.980773926, -319.506408691, 325.932922363, -5.38835525513, 25.3072814941, 66.9970703125, 3.20923519135, 21.636806488, -30.5826721191, 17.2355480194, -0.736290097237, 45.3337020874, -8.07869529724], [373.831481934, 32.5728683472, -5.38835525513, 117.062164307, 36.0688743591, -0.288830190897, -21.4225482941, -11.5666122437, 9.50438976288, -3.88049888611, -1.80918741226, -9.97630977631, -2.14764595032], [-680.274230957, -1.59501707554, 25.3072814941, 36.0688743591, 126.876365662, -19.4790077209, 12.6108398438, -14.4769792557, 35.0984153748, 9.2954082489, 12.6027040482, -16.3922290802, 1.73575854301], [316.275848389, -104.093963623, 66.9970703125, -0.288830190897, -19.4790077209, 141.238006592, 49.06432724, 43.3509941101, -11.3092517853, 32.1079750061, 23.2893867493, 34.4368667603, 5.58379173279], [-237.565429688, 40.9177818298, 3.20923519135, -21.4225482941, 12.6108398438, 49.06432724, 99.9712142944, 32.0990180969, 17.4683265686, 7.53849506378, 23.2074222565, 1.16989195347, 10.5731573105], [72.2495651245, -46.2991142273, 21.636806488, -11.5666122437, -14.4769792557, 43.3509941101, 32.0990180969, 61.1381797791, 12.7512226105, 20.6408977509, 9.21488571167, 14.930270195, 0.233801245689], [-298.738128662, 48.5148010254, -30.5826721191, 9.50438976288, 35.0984153748, -11.3092517853, 17.4683265686, 12.7512226105, 64.6328735352, 23.3559360504, 14.8875589371, -12.5340871811, 6.35751485825], [-44.1592559814, -46.6118125916, 17.2355480194, -3.88049888611, 9.2954082489, 32.1079750061, 7.53849506378, 20.6408977509, 23.3559360504, 60.3915290833, 26.106546402, 12.6423912048, 3.72208333015], [-167.800201416, 12.8459558487, -0.736290097237, -1.80918741226, 12.6027040482, 23.2893867493, 23.2074222565, 9.21488571167, 14.8875589371, 26.106546402, 51.5515480042, 20.0584583282, 15.3632965088], [-16.8581924438, -79.1912612915, 45.3337020874, -9.97630977631, -16.3922290802, 34.4368667603, 1.16989195347, 14.930270195, -12.5340871811, 12.6423912048, 20.0584583282, 56.0055541992, 17.5630569458], [-187.543395996, 22.3318481445, -8.07869529724, -2.14764595032, 1.73575854301, 5.58379173279, 10.5731573105, 0.233801245689, 6.35751485825, 3.72208333015, 15.3632965088, 17.5630569458, 49.9631080627]],
        "icov": [[0.00023515871726, -0.000928673835006, -8.48649870022e-05, -0.000745662429836, 0.00075412413571, -0.000995104433969, 0.000950353802182, -0.000658584351186, 0.00100247410592, -0.000797266548034, 0.000969367509242, -0.000565716007259, 0.00097161566373], [-0.000928673835006, 0.00829862896353, 0.00352888531052, 0.00129546015523, -0.00136986805592, 0.0056858966127, -0.00699966400862, 0.00463480968028, -0.00509183481336, 0.00530699919909, -0.00670177023858, 0.00558162946254, -0.00534587306902], [-8.48649870022e-05, 0.00352888531052, 0.00668458547443, -0.000331184681272, -0.00183915649541, 9.82960336842e-05, -0.00221884390339, 0.000781520153396, 0.00114796939306, 0.000806158757769, -7.78785033617e-05, -0.00113400164992, -9.39858291531e-05], [-0.000745662429836, 0.00129546015523, -0.000331184681272, 0.0139160491526, -0.00659243855625, -0.00104985653888, 0.00301429117098, 0.00137925078161, -0.0046333312057, 0.00494276359677, -0.00306636001915, 0.00247482769191, -0.00283705163747], [0.00075412413571, -0.00136986805592, -0.00183915649541, -0.00659243855625, 0.0159647986293, -0.000288472685497, -0.00144491065294, 0.00347085297108, -0.00322671374306, -0.00286296312697, -0.00031473938725, 0.00173722172622, 0.00273935263976], [-0.000995104433969, 0.0056858966127, 9.82960336842e-05, -0.00104985653888, -0.000288472685497, 0.0199412573129, -0.0128452572972, -0.000524453877006, 0.00118564930744, -0.0030991116073, -0.00518454238772, -0.000390424916986, -0.00399226415902], [0.000950353802182, -0.00699966400862, -0.00221884390339, 0.00301429117098, -0.00144491065294, -0.0128452572972, 0.0258677322417, -0.011729686521, 0.00150740332901, 0.0037425304763, -0.00236000632867, 0.00252540200017, 0.00190057617147], [-0.000658584351186, 0.00463480968028, 0.000781520153396, 0.00137925078161, 0.00347085297108, -0.000524453877006, -0.011729686521, 0.0318342670798, -0.0118524907157, -0.00201965565793, 0.00154046760872, -0.00382164493203, 0.000441574229626], [0.00100247410592, -0.00509183481336, 0.00114796939306, -0.0046333312057, -0.00322671374306, 0.00118564930744, 0.00150740332901, -0.0118524907157, 0.0343913920224, -0.0150975612924, 0.00248762406409, 0.00278175459243, 0.000747165060602], [-0.000797266548034, 0.00530699919909, 0.000806158757769, 0.00494276359677, -0.00286296312697, -0.0030991116073, 0.0037425304763, -0.00201965565793, -0.0150975612924, 0.0350173786283, -0.0174729451537, 0.00472651794553, -0.00233487947844], [0.000969367509242, -0.00670177023858, -7.78785033617e-05, -0.00306636001915, -0.00031473938725, -0.00518454238772, -0.00236000632867, 0.00154046760872, 0.00248762406409, -0.0174729451537, 0.0418752804399, -0.0180671662092, 0.0020320599433], [-0.000565716007259, 0.00558162946254, -0.00113400164992, 0.00247482769191, 0.00173722172622, -0.000390424916986, 0.00252540200017, -0.00382164493203, 0.00278175459243, 0.00472651794553, -0.0180671662092, 0.0391070283949, -0.0141260065138], [0.00097161566373, -0.00534587306902, -9.39858291531e-05, -0.00283705163747, 0.00273935263976, -0.00399226415902, 0.00190057617147, 0.000441574229626, 0.000747165060602, -0.00233487947844, 0.0020320599433, -0.0141260065138, 0.0302804838866]]
    },
    "melbands": {
        "dmean": [0.00088557874551, 0.00175112194847, 0.00112345232628, 0.00107262621168, 0.000363127677701, 0.000222687449423, 0.000236480918829, 0.000171051855432, 0.000180289294804, 0.000119036223623, 0.000109293228888, 0.000109352266009, 4.43291100964e-05, 3.32059862558e-05, 4.36958653154e-05, 1.14701160783e-05, 7.00199325365e-06, 1.22697238112e-05, 1.01969262687e-05, 5.91252546656e-06, 5.15792999067e-06, 8.67841572472e-06, 4.27458371632e-06, 2.25439794121e-06, 3.42923431162e-06, 2.18859713641e-06, 2.86139811578e-06, 1.74544754827e-06, 1.30653995711e-06, 8.14209101918e-07, 6.26161181572e-07, 6.441248388e-07, 4.64325097482e-07, 4.41167145482e-07, 2.42717078436e-07, 2.11421479435e-07, 1.21555402188e-07, 1.34772122351e-07, 4.50023875942e-08, 3.23822639814e-08],
        "dmean2": [0.00148118066136, 0.00251192110591, 0.00191370339599, 0.00182319572195, 0.000546679657418, 0.000342184794135, 0.000356140284566, 0.000246852752753, 0.000263959198492, 0.000178453352419, 0.00016628690355, 0.000176182409632, 7.24008714315e-05, 5.59750915272e-05, 7.16298018233e-05, 1.76981120603e-05, 1.18533725981e-05, 2.00693211809e-05, 1.72959153133e-05, 1.01254781839e-05, 8.81142932485e-06, 1.49620345837e-05, 7.44025464883e-06, 3.91390130972e-06, 5.93168260821e-06, 3.73038028556e-06, 4.90607590109e-06, 3.0387636798e-06, 2.21744448936e-06, 1.41235568663e-06, 1.08009396627e-06, 1.0821372598e-06, 8.08541869901e-07, 7.55309599754e-07, 3.88413866403e-07, 3.58899683306e-07, 1.94068547898e-07, 2.33980486541e-07, 7.50672697336e-08, 5.22947374293e-08],
        "dvar": [3.08670155391e-06, 5.35726439921e-06, 2.69621841653e-06, 4.92119397677e-06, 2.54944808376e-07, 1.05925977323e-07, 1.21485754789e-07, 4.23867589916e-08, 5.6862276665e-08, 5.07015300855e-08, 4.11877962847e-08, 4.04858582215e-08, 5.27317745025e-09, 1.88703541681e-09, 9.54374712592e-09, 5.66113378397e-10, 1.13728040874e-10, 6.38769592776e-10, 1.94646868068e-10, 9.9347301219e-11, 8.95995708183e-11, 1.26408661316e-10, 2.53708130893e-11, 9.94023266476e-12, 1.60344879735e-11, 8.78374629976e-12, 1.92111309499e-11, 6.57702104584e-12, 2.6339750693e-12, 1.7685921087e-12, 1.65962350199e-12, 1.52863735125e-12, 1.32344038072e-12, 1.23312352083e-12, 3.09779843921e-13, 2.33704060878e-13, 1.22639894659e-13, 2.5983598953e-13, 1.20292027749e-14, 8.03608024444e-15],
        "dvar2": [8.72467808222e-06, 1.18006355478e-05, 8.10557412478e-06, 1.48236249515e-05, 5.63176456581e-07, 2.30126318002e-07, 2.52304204196e-07, 8.05602553555e-08, 1.2102088931e-07, 1.03258258832e-07, 1.01679582087e-07, 1.02058159257e-07, 1.3375132113e-08, 4.78425254968e-09, 2.22466223221e-08, 1.10841391621e-09, 2.37946995441e-10, 1.34984190492e-09, 5.27572485698e-10, 3.12901066168e-10, 2.41848208127e-10, 3.57165380604e-10, 7.38927460886e-11, 2.88487723293e-11, 4.47130180103e-11, 2.43938758082e-11, 5.58571383591e-11, 1.91191229515e-11, 7.48151627455e-12, 4.74413043572e-12, 4.45841627505e-12, 4.04783975436e-12, 3.66091488721e-12, 3.40043097846e-12, 8.02304023998e-13, 6.66044476516e-13, 2.68924016085e-13, 6.15276709789e-13, 3.12327542843e-14, 1.99981175418e-14],
        "max": [0.0174823105335, 0.0320477448404, 0.0137465009466, 0.0284174755216, 0.00636084191501, 0.00415029888973, 0.00503852823749, 0.00381339760497, 0.00414856756106, 0.00381632312201, 0.00333781610243, 0.00263594812714, 0.00103159958962, 0.000462658063043, 0.00115445756819, 0.000483720446937, 0.00022856555006, 0.00058520573657, 0.00014446885325, 0.00014895919594, 0.000132662666147, 0.000131763532409, 4.38350834884e-05, 3.06582769554e-05, 3.41501690855e-05, 3.29020804202e-05, 4.09751664847e-05, 2.18194199988e-05, 1.50882106027e-05, 1.24717662402e-05, 1.60417439474e-05, 1.5049112335e-05, 1.36308162837e-05, 1.28855372168e-05, 1.06861198219e-05, 8.56955739437e-06, 8.66328355187e-06, 1.27342582346e-05, 2.83716212834e-06, 1.89427544228e-06],
        "mean": [0.0014197959099, 0.00441114697605, 0.0022263978608, 0.001889860956, 0.000870441494044, 0.00046465700143, 0.000478372967336, 0.000456790818134, 0.000408379273722, 0.000262872781605, 0.000211220991332, 0.00019928884285, 8.53163073771e-05, 5.83976616326e-05, 6.66195701342e-05, 1.88145058928e-05, 1.28077972477e-05, 1.97655936063e-05, 1.62575342983e-05, 1.09908332888e-05, 9.11404367798e-06, 1.48750286826e-05, 7.58926353228e-06, 4.94988671562e-06, 6.22430752628e-06, 4.31254966315e-06, 4.83241456095e-06, 3.11067469738e-06, 2.62379808191e-06, 1.67431335285e-06, 1.20416734717e-06, 1.2304159327e-06, 8.7305369334e-07, 8.28051554436e-07, 5.42087263966e-07, 4.872585464e-07, 3.05456211436e-07, 3.49941359445e-07, 1.37147480928e-07, 9.2096222204e-08],
        "median": [0.000666344189085, 0.00340115674771, 0.00171920342837, 0.0011767859105, 0.000517332635354, 0.000326227367623, 0.000274787831586, 0.000348933332134, 0.000287505215965, 0.000111155684863, 0.000102422069176, 7.9459779954e-05, 4.46688536613e-05, 3.93645168515e-05, 2.48026044574e-05, 8.94607910595e-06, 9.55739142228e-06, 1.21140592455e-05, 1.14859049063e-05, 6.57201371723e-06, 5.52679512111e-06, 1.13088535727e-05, 5.8520336097e-06, 2.9245022688e-06, 4.54314977105e-06, 3.24369375448e-06, 2.95307722809e-06, 1.77860363237e-06, 1.75920024503e-06, 1.05715503196e-06, 6.08689504134e-07, 6.5199361643e-07, 3.26838375031e-07, 3.51147747324e-07, 1.67814320662e-07, 1.37026162861e-07, 7.16499570785e-08, 5.2065004752e-08, 2.94481861118e-08, 1.87327682255e-08],
        "min": [4.05341897765e-24, 6.31057514867e-25, 2.04475192102e-24, 4.12975270872e-24, 3.77615409099e-24, 6.83768934314e-24, 3.12073709371e-24, 7.0508845248e-24, 8.9261181259e-24, 4.99270421902e-24, 1.36808723136e-23, 5.04510075477e-24, 7.34292556508e-24, 4.53821502468e-24, 5.61728010756e-24, 8.77609413666e-24, 4.14606398565e-24, 4.22731271459e-24, 8.53503481011e-24, 1.18027404376e-23, 5.58404973636e-24, 1.1837696442e-23, 1.16043553305e-23, 5.99256017284e-24, 7.80111096719e-24, 9.26938227133e-24, 7.98586929094e-24, 7.39362486659e-24, 8.1589966495e-24, 8.91790213957e-24, 6.11357577443e-24, 8.85346009222e-24, 8.90886731562e-24, 6.47093804754e-24, 9.01903331876e-24, 7.08892813081e-24, 9.52054611722e-24, 1.14055544938e-23, 8.30679447326e-24, 8.47677585453e-24],
        "var": [4.18746139985e-06, 1.6893422071e-05, 3.79368179892e-06, 6.08348045716e-06, 1.01930288565e-06, 2.69873140724e-07, 3.97444409828e-07, 1.91841863284e-07, 2.0637196485e-07, 2.19464496354e-07, 1.13711131178e-07, 1.10442037737e-07, 1.65299507415e-08, 3.51076923089e-09, 1.73277800997e-08, 1.29975374907e-09, 2.39025021997e-10, 1.12086417925e-09, 2.83520706912e-10, 2.05614983373e-10, 1.34013689035e-10, 1.99606386975e-10, 4.25228151302e-11, 2.60390944917e-11, 3.00902566752e-11, 1.4771966636e-11, 3.11005249332e-11, 1.17077519554e-11, 6.55184717244e-12, 3.47636871546e-12, 3.0685649334e-12, 2.68038737906e-12, 2.45200864821e-12, 2.02282049618e-12, 1.23692408312e-12, 1.10303216214e-12, 6.01547078209e-13, 1.33485215069e-12, 1.27224701043e-13, 6.44773473437e-14]
    },
