{
"metadata": {
    "version": {
        "essentia": "2.0.1",
        "extractor": "archive-music 1.0"
    },
    "audio_properties": {
        "analysis_sample_rate": 44100,
        "bitrate": 128,
        "channels": 2,
        "equal_loudness": 0,
        "length": 15.4644899368,
        "replay_gain": -13.2139587402,
        "downmix": "mix"
    },
    "tags": {
        "track": 6,
        "year": 0,
        "album": "Irsen's Tale",
        "artist": "Kai Engel",
        "comment": "",
        "genre": "Other",
        "title": "-_The_Moments_Of_Our_Mornings_(Album_Version)"
    }
},
"highlevel": {
    "culture": {
        "all": {
            "non_western": 0.105473197997,
            "western": 0.894526779652
        },
        "probability": 0.894526779652,
        "value": "western"
    },
    "danceability": {
        "all": {
            "danceable": 0.0329501703382,
            "not_danceable": 0.967049837112
        },
        "probability": 0.967049837112,
        "value": "not_danceable"
    },
    "gender": {
        "all": {
            "female": 0.971051692963,
            "male": 0.0289483219385
        },
        "probability": 0.971051692963,
        "value": "female"
    },
    "genre_dortmund": {
        "all": {
            "alternative": 0.108755074441,
            "blues": 0.00469329860061,
            "electronic": 0.0185609627515,
            "folkcountry": 0.0461350642145,
            "funksoulrnb": 0.0216462817043,
            "jazz": 0.739633858204,
            "pop": 0.0345940217376,
            "raphiphop": 0.0127817383036,
            "rock": 0.0131997037679
        },
        "probability": 0.739633858204,
        "value": "jazz"
    },
    "genre_electronic": {
        "all": {
            "ambient": 0.977640986443,
            "dnb": 0.000677431467921,
            "house": 0.0159909054637,
            "techno": 0.00210107443854,
            "trance": 0.00358958216384
        },
        "probability": 0.977640986443,
        "value": "ambient"
    },
    "genre_rosamerica": {
        "all": {
            "cla": 0.93100643158,
            "dan": 0.000468718179036,
            "hip": 0.00110466778278,
            "jaz": 0.0439747832716,
            "pop": 0.0113735534251,
            "rhy": 0.00706477835774,
            "roc": 0.00107829889748,
            "spe": 0.00392874144018
        },
        "probability": 0.93100643158,
        "value": "cla"
    },
    "genre_tzanetakis": {
        "all": {
            "blu": 0.00258420826867,
            "cla": 0.924782276154,
            "cou": 0.0107368007302,
            "dis": 0.00129611324519,
            "hip": 0.000560795131605,
            "jaz": 0.0571510493755,
            "met": 6.13901793258e-05,
            "pop": 0.000157545451657,
            "reg": 0.00181793770753,
            "roc": 0.000851891178172
        },
        "probability": 0.924782276154,
        "value": "cla"
    },
    "mirex_ballroom": {
        "all": {
            "ChaChaCha": 3.19270111504e-05,
            "Jive": 1.66168083524e-05,
            "Quickstep": 0.00016103037342,
            "Rumba-American": 0.000435662223026,
            "Rumba-International": 0.000910715200007,
            "Rumba-Misc": 0.00525469798595,
            "Samba": 2.44861748797e-05,
            "Tango": 0.000703382422216,
            "VienneseWaltz": 0.253437995911,
            "Waltz": 0.739023506641
        },
        "probability": 0.739023506641,
        "value": "Waltz"
    },
    "mood_acoustic": {
        "all": {
            "acoustic": 0.928055882454,
            "not_acoustic": 0.0719441473484
        },
        "probability": 0.928055882454,
        "value": "acoustic"
    },
    "mood_aggressive": {
        "all": {
            "aggressive": 4.38237861999e-07,
            "not_aggressive": 0.999999582767
        },
        "probability": 0.999999582767,
        "value": "not_aggressive"
    },
    "mood_electronic": {
        "all": {
            "electronic": 0.587195634842,
            "not_electronic": 0.412804365158
        },
        "probability": 0.587195634842,
        "value": "electronic"
    },
    "mood_happy": {
        "all": {
            "happy": 0.382461071014,
            "not_happy": 0.617538928986
        },
        "probability": 0.617538928986,
        "value": "not_happy"
    },
    "mood_party": {
        "all": {
            "not_party": 0.999840378761,
            "party": 0.000159608200192
        },
        "probability": 0.999840378761,
        "value": "not_party"
    },
    "mood_relaxed": {
        "all": {
            "not_relaxed": 5.09373785462e-06,
            "relaxed": 0.999994933605
        },
        "probability": 0.999994933605,
        "value": "relaxed"
    },
    "mood_sad": {
        "all": {
            "not_sad": 0.0728709995747,
            "sad": 0.927128970623
        },
        "probability": 0.927128970623,
        "value": "sad"
    },
    "moods_mirex": {
        "all": {
            "Cluster1": 0.0698024481535,
            "Cluster2": 0.137062430382,
            "Cluster3": 0.714741766453,
            "Cluster4": 0.0686731114984,
            "Cluster5": 0.00972022209316
        },
        "probability": 0.714741766453,
        "value": "Cluster3"
    },
    "timbre": {
        "all": {
            "bright": 0.797796905041,
            "dark": 0.202203124762
        },
        "probability": 0.797796905041,
        "value": "bright"
    },
    "tonal_atonal": {
        "all": {
            "atonal": 0.000774353684392,
            "tonal": 0.99922567606
        },
        "probability": 0.99922567606,
        "value": "tonal"
    },
    "voice_instrumental": {
        "all": {
            "instrumental": 0.993977308273,
            "voice": 0.00602267915383
        },
        "probability": 0.993977308273,
        "value": "instrumental"
    }
},
"lowlevel": {
    "average_loudness": 0.97943931818,
    "barkbands_kurtosis": {
        "dmean": 1.82061111927,
        "dmean2": 2.82907319069,
        "dvar": 7.54479885101,
        "dvar2": 16.9114780426,
        "max": 31.4663391113,
        "mean": 3.38866639137,
        "median": 1.70299768448,
        "min": -1.85313427448,
        "var": 28.0586280823
    },
    "barkbands_skewness": {
        "dmean": 0.4504378438,
        "dmean2": 0.686213672161,
        "dvar": 0.266221493483,
        "dvar2": 0.578682184219,
        "max": 3.76598167419,
        "mean": 0.094504840672,
        "median": -0.0499361343682,
        "min": -4.59052371979,
        "var": 2.2987678051
    },
    "barkbands_spread": {
        "dmean": 1.26415395737,
        "dmean2": 1.89943349361,
        "dvar": 6.39142990112,
        "dvar2": 14.9349431992,
        "max": 46.807888031,
        "mean": 5.78227138519,
        "median": 4.63668632507,
        "min": 0.622183382511,
        "var": 22.132183075
    },
    "dissonance": {
        "dmean": 0.0692437365651,
        "dmean2": 0.117172494531,
        "dvar": 0.00366563117132,
        "dvar2": 0.0102651882917,
        "max": 0.499608874321,
        "mean": 0.275276303291,
        "median": 0.262482315302,
        "min": 0.0540987625718,
        "var": 0.00956147536635
    },
    "dynamic_complexity": 2.54769849777,
    "erbbands_kurtosis": {
        "dmean": 2.09634304047,
        "dmean2": 3.1893928051,
        "dvar": 15.9679365158,
        "dvar2": 31.763633728,
        "max": 65.7347793579,
        "mean": 4.79748058319,
        "median": 3.12068891525,
        "min": -1.72226417065,
        "var": 51.0298156738
    },
    "erbbands_skewness": {
        "dmean": 0.418706268072,
        "dmean2": 0.602162122726,
        "dvar": 0.215153008699,
        "dvar2": 0.374031871557,
        "max": 3.23927164078,
        "mean": -0.29406452179,
        "median": -0.418655067682,
        "min": -6.21645021439,
        "var": 2.10931563377
    },
    "erbbands_spread": {
        "dmean": 1.50906348228,
        "dmean2": 2.25966286659,
        "dvar": 5.10602045059,
        "dvar2": 9.03563022614,
        "max": 43.4306678772,
        "mean": 7.91475439072,
        "median": 4.93004703522,
        "min": 0.862920761108,
        "var": 50.5784950256
    },
    "hfc": {
        "dmean": 4.18762397766,
        "dmean2": 5.75731420517,
        "dvar": 31.7622795105,
        "dvar2": 63.7728385925,
        "max": 79.7104034424,
        "mean": 18.7320785522,
        "median": 17.0264282227,
        "min": 1.14838953514e-16,
        "var": 139.315536499
    },
    "melbands_kurtosis": {
        "dmean": 1.83623695374,
        "dmean2": 2.87687635422,
        "dvar": 7.07307577133,
        "dvar2": 16.5431060791,
        "max": 31.394203186,
        "mean": 3.56244587898,
        "median": 2.04156398773,
        "min": -1.85810661316,
        "var": 28.0379619598
    },
    "melbands_skewness": {
        "dmean": 0.435124337673,
        "dmean2": 0.661190748215,
        "dvar": 0.208165183663,
        "dvar2": 0.451835274696,
        "max": 4.49815416336,
        "mean": 0.510123312473,
        "median": 0.279820591211,
        "min": -3.32564902306,
        "var": 2.35441493988
    },
    "melbands_spread": {
        "dmean": 2.43783545494,
        "dmean2": 3.73999834061,
        "dvar": 59.7899589539,
        "dvar2": 138.441970825,
        "max": 141.877304077,
        "mean": 10.0889844894,
        "median": 8.21080112457,
        "min": 1.07724666595,
        "var": 147.786590576
    },
    "pitch_salience": {
        "dmean": 0.053960185498,
        "dmean2": 0.0864119008183,
        "dvar": 0.00364155159332,
        "dvar2": 0.00876997224987,
        "max": 0.912465333939,
        "mean": 0.466509371996,
        "median": 0.448277235031,
        "min": 0.175524219871,
        "var": 0.0117004513741
    },
    "silence_rate_20dB": {
        "dmean": 0,
        "dmean2": 0,
        "dvar": 0,
        "dvar2": 0,
        "max": 1,
        "mean": 1,
        "median": 1,
        "min": 1,
        "var": 0
    },
    "silence_rate_30dB": {
        "dmean": 0,
        "dmean2": 0,
        "dvar": 0,
        "dvar2": 0,
        "max": 1,
        "mean": 1,
        "median": 1,
        "min": 1,
        "var": 0
    },
    "silence_rate_60dB": {
        "dmean": 0.00300300307572,
        "dmean2": 0.00601503765211,
        "dvar": 0.00299396901391,
        "dvar2": 0.00597891397774,
        "max": 1,
        "mean": 0.0494752638042,
        "median": 0,
        "min": 0,
        "var": 0.0470272116363
    },
    "spectral_centroid": {
        "dmean": 71.4171676636,
        "dmean2": 86.3646697998,
        "dvar": 194977.8125,
        "dvar2": 161934.15625,
        "max": 11306.8330078,
        "mean": 611.155090332,
        "median": 563.704345703,
        "min": 189.081726074,
        "var": 418423.0625
    },
    "spectral_complexity": {
        "dmean": 1.17117118835,
        "dmean2": 1.92180454731,
        "dvar": 1.67640149593,
        "dvar2": 3.45854306221,
        "max": 18,
        "mean": 8.37331295013,
        "median": 8,
        "min": 0,
        "var": 5.96408510208
    },
    "spectral_crest": {
        "dmean": 1.90205740929,
        "dmean2": 2.98279166222,
        "dvar": 4.31412315369,
        "dvar2": 9.4685087204,
        "max": 24.2510662079,
        "mean": 14.319149971,
        "median": 13.9102973938,
        "min": 4.29068613052,
        "var": 20.9559211731
    },
    "spectral_decrease": {
        "dmean": 1.50368284491e-09,
        "dmean2": 2.23935536781e-09,
        "dvar": 2.76841841385e-18,
        "dvar2": 5.77068905868e-18,
        "max": -5.48692325405e-29,
        "mean": -9.02004071435e-09,
        "median": -9.11085340505e-09,
        "min": -2.16198436931e-08,
        "var": 1.43571290466e-17
    },
    "spectral_energy": {
        "dmean": 0.00602569803596,
        "dmean2": 0.00894640106708,
        "dvar": 4.48157588835e-05,
        "dvar2": 9.25834974623e-05,
        "max": 0.0868527591228,
        "mean": 0.035742752254,
        "median": 0.0361154079437,
        "min": 1.06233150093e-20,
        "var": 0.00022585564875
    },
    "spectral_energyband_high": {
        "dmean": 9.30365331442e-08,
        "dmean2": 1.47286428387e-07,
        "dvar": 5.46718838821e-14,
        "dvar2": 1.23063356922e-13,
        "max": 2.73421915153e-06,
        "mean": 1.52024412614e-07,
        "median": 3.89358199016e-08,
        "min": 7.81765731205e-21,
        "var": 9.61459780064e-14
    },
    "spectral_energyband_low": {
        "dmean": 0.00172356294934,
        "dmean2": 0.00285087106749,
        "dvar": 8.15346629679e-06,
        "dvar2": 2.54333754128e-05,
        "max": 0.0460873618722,
        "mean": 0.00821691192687,
        "median": 0.00433020433411,
        "min": 8.50602082156e-23,
        "var": 8.80298321135e-05
    },
    "spectral_energyband_middle_high": {
        "dmean": 0.00228800880723,
        "dmean2": 0.00294151925482,
        "dvar": 1.8122684196e-05,
        "dvar2": 3.3757831261e-05,
        "max": 0.0625132620335,
        "mean": 0.00659711007029,
        "median": 0.00278945593163,
        "min": 1.46401688893e-21,
        "var": 8.97366553545e-05
    },
    "spectral_energyband_middle_low": {
        "dmean": 0.00454736500978,
        "dmean2": 0.00666704820469,
        "dvar": 4.30811305705e-05,
        "dvar2": 7.8985314758e-05,
        "max": 0.0789993554354,
        "mean": 0.0227997787297,
        "median": 0.0210045520216,
        "min": 3.03972113397e-22,
        "var": 0.000241303423536
    },
    "spectral_flatness_db": {
        "dmean": 0.0317237004638,
        "dmean2": 0.0522146597505,
        "dvar": 0.000666419509798,
        "dvar2": 0.00162278744392,
        "max": 0.547191739082,
        "mean": 0.441809535027,
        "median": 0.445698857307,
        "min": 0.0546284392476,
        "var": 0.00274332030676
    },
    "spectral_flux": {
        "dmean": 0.0263309851289,
        "dmean2": 0.0420849099755,
        "dvar": 0.00116057891864,
        "dvar2": 0.00274880137295,
        "max": 0.231986418366,
        "mean": 0.0481601692736,
        "median": 0.0363447926939,
        "min": 1.03069469626e-10,
        "var": 0.00138781568967
    },
    "spectral_kurtosis": {
        "dmean": 57.4535293579,
        "dmean2": 98.0746231079,
        "dvar": 2746.89160156,
        "dvar2": 7877.73828125,
        "max": 427.928741455,
        "mean": 200.89465332,
        "median": 192.768280029,
        "min": -1.22739267349,
        "var": 6312.18652344
    },
    "spectral_rms": {
        "dmean": 0.000485362048494,
        "dmean2": 0.00071478553582,
        "dvar": 2.5263165071e-07,
        "dvar2": 5.2685470564e-07,
        "max": 0.00920512899756,
        "mean": 0.00568123999983,
        "median": 0.00593586917967,
        "min": 3.21934926634e-12,
        "var": 2.59448029283e-06
    },
    "spectral_rolloff": {
        "dmean": 120.243011475,
        "dmean2": 215.364074707,
        "dvar": 944861.625,
        "dvar2": 1813141.375,
        "max": 18949.21875,
        "mean": 860.004882812,
        "median": 667.529296875,
        "min": 150.732421875,
        "var": 2371275.25
    },
    "spectral_skewness": {
        "dmean": 2.19702911377,
        "dmean2": 3.86999464035,
        "dvar": 4.15593719482,
        "dvar2": 11.2985868454,
        "max": 16.6350650787,
        "mean": 10.405462265,
        "median": 10.8800354004,
        "min": -0.00893375556916,
        "var": 8.67393398285
    },
    "spectral_spread": {
        "dmean": 429311.71875,
        "dmean2": 670705.75,
        "dvar": 3.11684890624e+12,
        "dvar2": 2.63171525837e+12,
        "max": 41479376,
        "mean": 831272.75,
        "median": 626668.875,
        "min": 179497.828125,
        "var": 5.2973797376e+12
    },
    "spectral_strongpeak": {
        "dmean": 0.574941933155,
        "dmean2": 0.922032296658,
        "dvar": 0.853211641312,
        "dvar2": 2.03479862213,
        "max": 10.9936962128,
        "mean": 2.49668741226,
        "median": 2.1203110218,
        "min": 0,
        "var": 3.532579422
    },
    "zerocrossingrate": {
        "dmean": 0.00354627077468,
        "dmean2": 0.00498340558261,
        "dvar": 0.000584987574257,
        "dvar2": 0.00111345236655,
        "max": 0.49853515625,
        "mean": 0.0295918937773,
        "median": 0.025390625,
        "min": 0.00537109375,
        "var": 0.00174771272577
    },
    "barkbands": {
        "dmean": [2.28578483075e-06, 0.000354235613486, 0.00116374762729, 0.000548358948436, 0.000489965081215, 0.000661964411847, 0.00113832950592, 0.00122157752048, 0.00271066790447, 0.00087149720639, 0.00067012081854, 0.000586446549278, 0.000646568660159, 0.000116494862596, 7.86447071732e-06, 3.00126134789e-06, 2.43214344664e-06, 7.97655673068e-07, 2.35154317352e-07, 1.04941236145e-07, 4.46043948443e-08, 6.84603218559e-09, 3.76020858894e-09, 2.6727604574e-09, 1.86882309627e-09, 1.52912316143e-09, 1.4772315593e-09],
        "dmean2": [3.55242627847e-06, 0.000632463954389, 0.00197118474171, 0.000805562711321, 0.000705100886989, 0.00115879427176, 0.00175800232682, 0.00176130060572, 0.00347882928327, 0.00115665537305, 0.000627501751296, 0.000728633429389, 0.000897541060112, 0.000184502016054, 1.27270232042e-05, 4.66008214062e-06, 4.12498093283e-06, 1.38197003707e-06, 3.63144096127e-07, 1.65978960354e-07, 6.71904132332e-08, 1.15001217438e-08, 6.7405920845e-09, 4.76758099666e-09, 3.41090911071e-09, 2.78145662058e-09, 2.6993272062e-09],
        "dvar": [1.43481485373e-11, 3.17979271358e-07, 5.63884213989e-06, 7.29797932308e-07, 1.12048189749e-06, 3.44999716617e-06, 6.33522677163e-06, 6.59121815261e-06, 3.89477827412e-05, 4.51442792837e-06, 5.94533548792e-06, 3.45349167219e-06, 8.26175983093e-06, 1.12977613753e-06, 3.97827659704e-10, 4.70186771462e-11, 3.59968617414e-11, 7.66012774045e-12, 3.19852732624e-13, 7.82592442456e-14, 2.24922738177e-14, 2.81163560646e-16, 8.68552679547e-17, 3.49313277249e-17, 1.18103342392e-17, 4.041371208e-18, 3.33588850909e-18],
        "dvar2": [2.99371812063e-11, 1.00195200048e-06, 1.79374910658e-05, 1.46806416979e-06, 1.61879620464e-06, 6.16769193584e-06, 1.15000539154e-05, 9.35238585953e-06, 6.32388182567e-05, 7.29368684915e-06, 4.4276571316e-06, 6.29026908427e-06, 1.7361715436e-05, 2.0924007913e-06, 9.67293245502e-10, 1.00316754903e-10, 9.20461831755e-11, 1.84114546525e-11, 7.72486837951e-13, 1.75814454683e-13, 4.44451130088e-14, 7.32446171331e-16, 2.46759702837e-16, 9.68954935857e-17, 3.47061923232e-17, 1.22256095123e-17, 1.04944768274e-17],
        "max": [6.18876583758e-05, 0.0105679240078, 0.0412728376687, 0.0296503677964, 0.0269428826869, 0.0463204458356, 0.0285093784332, 0.0431648306549, 0.0730229839683, 0.0289942659438, 0.0620170868933, 0.0272239577025, 0.0506949238479, 0.0224291104823, 0.000348160683643, 0.00011184829782, 6.92877729307e-05, 4.98883455293e-05, 6.73859494782e-06, 4.62815660285e-06, 2.58536078945e-06, 2.35009906646e-07, 9.87975212752e-08, 5.57519577171e-08, 4.15038243773e-08, 1.72081939809e-08, 1.22321077711e-08],
        "mean": [3.0715154935e-06, 0.000784122094046, 0.00563590740785, 0.00272171385586, 0.00246769026853, 0.00187538808677, 0.00335063110106, 0.00394517462701, 0.00828816182911, 0.00229000439867, 0.00167312950362, 0.00118447560817, 0.00131237891037, 0.000186346325791, 1.4013128748e-05, 5.91813386563e-06, 2.93583252642e-06, 1.08676658783e-06, 3.81242017511e-07, 1.73007421722e-07, 6.62727401846e-08, 7.08955827378e-09, 3.14735948415e-09, 2.29878871494e-09, 1.6313055351e-09, 1.27770138914e-09, 1.2066637689e-09],
        "median": [1.64730261076e-06, 0.000216989821638, 0.00217799399979, 0.000492400198709, 0.000735345354769, 0.000376415031496, 0.00120420847088, 0.00127069023438, 0.00205528526567, 0.000366641528672, 0.000230072182603, 6.38276906102e-05, 0.000105597391666, 9.03609088709e-06, 4.56404632132e-06, 2.24633708967e-06, 8.94497247828e-07, 2.17258119051e-07, 9.81582033432e-08, 3.35890746328e-08, 1.09251336866e-08, 2.32096253328e-09, 1.04940645063e-09, 7.96350041465e-10, 6.45394793164e-10, 5.35665733992e-10, 5.26577892401e-10],
        "min": [9.10200886421e-24, 1.95372431453e-23, 1.68749290981e-23, 2.7975980127e-23, 5.10093396306e-23, 6.01258485471e-23, 3.82594699133e-23, 4.16153346912e-23, 5.95507941908e-23, 6.99687816059e-23, 5.06900781559e-23, 4.51649216193e-23, 9.93610699804e-23, 6.60477705646e-23, 1.28285027413e-22, 1.89376271314e-22, 2.37585542851e-22, 1.65537803526e-22, 2.11051505795e-22, 2.37104148372e-22, 3.88170986478e-22, 4.31157392977e-22, 5.54254883699e-22, 7.95160685301e-22, 1.24878029302e-21, 1.70452581146e-21, 2.27562637172e-21],
        "var": [2.68071294329e-11, 2.29784018302e-06, 5.93292643316e-05, 2.57265146502e-05, 2.01504826691e-05, 3.43208048434e-05, 2.50150696957e-05, 5.68034120079e-05, 0.000153875138494, 2.15832915273e-05, 3.77871074306e-05, 1.08408175947e-05, 1.84079690371e-05, 1.81770269592e-06, 7.30792037995e-10, 1.1433582553e-10, 3.85536602643e-11, 1.26196622596e-11, 5.94426905701e-13, 1.42955593652e-13, 4.26976366047e-14, 2.53438901733e-16, 5.66302008686e-17, 2.53029040357e-17, 8.25009842472e-18, 3.43586590063e-18, 2.89160028952e-18]
    },
    "erbbands": {
        "dmean": [0.0030686550308, 0.116116151214, 1.06992268562, 1.80998897552, 1.15043234825, 1.94493222237, 3.47444081306, 6.19729042053, 8.0100440979, 32.0002098083, 34.7411499023, 63.0676498413, 26.1146736145, 18.1108436584, 24.4455432892, 22.4361858368, 35.3683700562, 8.405834198, 0.8427541852, 0.452530324459, 0.118312031031, 0.151289537549, 0.0525079667568, 0.0233440194279, 0.00836191978306, 0.00489061744884, 0.00297402730212, 0.000661744968966, 0.000285274261842, 0.000160632174811, 0.000102585341665, 6.777728413e-05, 4.0852213715e-05, 2.39860219153e-05, 1.37631523103e-05, 7.54606435294e-06, 3.6776862089e-06, 1.17643674002e-06, 2.98819873024e-06, 6.90614933774e-06],
        "dmean2": [0.00544295925647, 0.205446109176, 1.83080112934, 2.80410432816, 1.65966522694, 2.70688962936, 6.15608501434, 10.5417194366, 13.8962621689, 47.6835861206, 48.1702308655, 81.0207977295, 35.8660507202, 21.1451416016, 23.4935894012, 28.6912555695, 47.4842605591, 12.7829856873, 1.32508814335, 0.685289561749, 0.190539717674, 0.260640919209, 0.0875259712338, 0.0399455614388, 0.0124653335661, 0.00753150088713, 0.00449443701655, 0.00111839431338, 0.000479455222376, 0.000280335021671, 0.000182400646736, 0.000118941687106, 7.21845572116e-05, 4.23764831794e-05, 2.4004617444e-05, 1.27399171106e-05, 6.03691069045e-06, 1.93879986909e-06, 4.37473499915e-06, 1.0212239431e-05],
        "dvar": [2.2512542273e-05, 0.034229233861, 4.6429309845, 8.07679080963, 5.3555765152, 25.0842037201, 34.2580986023, 444.418487549, 242.952850342, 4237.49121094, 5411.01025391, 26567.7207031, 3181.91967773, 1337.51000977, 6007.046875, 4598.20166016, 22257.1582031, 4876.67285156, 10.5785293579, 1.95746183395, 0.0628887116909, 0.139146015048, 0.0216958262026, 0.00643512792885, 0.000307307956973, 0.000152686188812, 9.5755654911e-05, 3.72288195649e-06, 5.20783260072e-07, 1.51970283468e-07, 6.03849059644e-08, 2.47530316244e-08, 8.27900148437e-09, 2.25760499184e-09, 4.94382201843e-10, 1.03502255377e-10, 2.01611383838e-11, 1.79699018252e-12, 1.13793922202e-11, 5.9647779771e-11],
        "dvar2": [6.73394461046e-05, 0.110127903521, 15.3144226074, 19.6756572723, 8.13216876984, 33.9992637634, 90.1317138672, 770.221801758, 610.447021484, 7471.45019531, 10902.6513672, 42059.921875, 5389.7890625, 1545.81591797, 4646.40429688, 8399.12988281, 46258.5703125, 9745.97167969, 24.4364013672, 4.28563547134, 0.151898488402, 0.355622857809, 0.0534419640899, 0.0156665351242, 0.000672465655953, 0.000341993465554, 0.000189313810552, 9.78919069894e-06, 1.40083000133e-06, 4.07217612519e-07, 1.70207599126e-07, 6.81805119029e-08, 2.32515322551e-08, 6.44930642224e-09, 1.39416522771e-09, 2.81510009748e-10, 5.22109785961e-11, 4.81011671466e-12, 2.28246362782e-11, 1.22147597592e-10],
        "max": [0.0669495984912, 3.64447116852, 33.4508399963, 55.9031639099, 83.5070877075, 151.237411499, 109.45136261, 553.52520752, 187.384002686, 752.952697754, 819.89654541, 2006.20153809, 732.58203125, 654.858398438, 1969.78039551, 1059.38000488, 2605.68505859, 1521.71691895, 64.2428512573, 28.3942012787, 2.86968851089, 4.83442497253, 1.69124937057, 1.4627956152, 0.243721544743, 0.161757156253, 0.173781856894, 0.0302810762078, 0.00998797826469, 0.00451723625883, 0.00248139491305, 0.00160947511904, 0.00105193944182, 0.000613635929767, 0.000265682378085, 0.000125813792692, 5.32476988155e-05, 1.24342232084e-05, 4.32942288171e-05, 9.96032977127e-05],
        "mean": [0.00641494523734, 0.321601569653, 4.77206516266, 9.66275405884, 7.40223121643, 8.73506355286, 8.95628261566, 18.3369426727, 18.1475391388, 99.5200042725, 122.371963501, 187.385055542, 81.3890228271, 51.1495666504, 61.5957870483, 47.2662620544, 73.7386245728, 13.8186855316, 1.4133245945, 0.921353757381, 0.20799331367, 0.180497854948, 0.0786080807447, 0.0359430201352, 0.017231747508, 0.00893486384302, 0.00450327014551, 0.000893808202818, 0.000320871651638, 0.000163089440321, 0.000107954554551, 7.93942381279e-05, 5.76329548494e-05, 4.34296525782e-05, 3.26543122355e-05, 2.33845967159e-05, 1.34368501676e-05, 3.17379067383e-06, 1.74404813151e-05, 4.04481579608e-05],
        "median": [0.00377494678833, 0.117052711546, 1.87959814072, 3.46782946587, 1.85308885574, 2.16124224663, 3.90427660942, 2.85982608795, 9.51813316345, 46.3953781128, 44.3646316528, 47.1062736511, 24.9700832367, 15.3983640671, 13.085978508, 5.65187120438, 6.88150787354, 1.31532347202, 0.34996727109, 0.304893732071, 0.0829633697867, 0.0623758174479, 0.0208974480629, 0.00977057218552, 0.00475797476247, 0.00194827909581, 0.000761745381169, 0.000294836325338, 0.00012554154091, 7.20026437193e-05, 5.28961354576e-05, 4.36392328993e-05, 3.78956683562e-05, 3.36790253641e-05, 2.8248745366e-05, 2.15758409468e-05, 1.27473285829e-05, 2.80753943116e-06, 1.76181347342e-05, 4.05738064728e-05],
        "min": [1.34785799154e-21, 1.82544018958e-21, 2.51094520038e-20, 3.87703042772e-20, 1.38403769619e-19, 1.91927214938e-19, 4.85285927376e-19, 3.05825164374e-19, 3.40786805994e-19, 7.87215381258e-19, 8.69998582986e-19, 9.30540138814e-19, 2.00601886456e-18, 2.96306021584e-18, 2.42516348185e-18, 2.57325734923e-18, 3.73732608461e-18, 3.52255029292e-18, 4.59900633256e-18, 8.27817210752e-18, 1.26336601901e-17, 1.34666252766e-17, 1.00513388025e-17, 8.23317430938e-18, 1.06324331828e-17, 1.12079548473e-17, 1.72996669115e-17, 1.48774703197e-17, 1.21603557154e-17, 1.56843585374e-17, 1.95721289231e-17, 1.88771913295e-17, 1.23678266751e-17, 1.22195636492e-17, 1.01066937291e-17, 6.70219948035e-18, 2.62660677643e-18, 1.24175898607e-18, 3.21734303246e-19, 3.19737941612e-20],
        "var": [6.13862794125e-05, 0.278426140547, 40.4352798462, 164.041793823, 188.664840698, 321.654663086, 158.790786743, 4435.84423828, 671.24621582, 17274.5234375, 30065.5078125, 102438.046875, 16257.671875, 7801.63427734, 37075.8867188, 14517.2548828, 52753.7109375, 7073.21728516, 14.7553348541, 4.30334234238, 0.106636859477, 0.141351699829, 0.0299675408751, 0.0109631353989, 0.00116645882372, 0.000306108529912, 0.000183262003702, 3.92224501411e-06, 4.41811465635e-07, 1.18120894399e-07, 4.18004582059e-08, 1.86273023672e-08, 6.24785423398e-09, 1.86408422032e-09, 5.4708293451e-10, 1.74555148114e-10, 4.70231423244e-11, 4.29368476537e-12, 5.49744208489e-11, 2.91407759034e-10]
    },
    "gfcc": {
        "mean": [-212.813293457, 260.265197754, -97.0920410156, -76.6570892334, -23.0896205902, -12.3864145279, -7.25204467773, -5.66739320755, -13.3629083633, -15.3351993561, -6.85992240906, -21.8296146393, -11.7096567154],
        "cov": [[12530.734375, 1921.07678223, -1593.67248535, -527.379394531, -26.3942699432, -177.418838501, 572.479370117, 417.674041748, 277.671691895, 127.147819519, -67.1164398193, -493.006744385, -229.826522827], [1921.07678223, 1113.046875, 381.628753662, -178.496780396, 53.3239021301, -48.7399368286, -179.303710938, -92.3972854614, -96.200958252, -220.628097534, -81.7472991943, -37.9059791565, 13.0734682083], [-1593.67248535, 381.628753662, 1177.81665039, 100.227134705, -22.0751953125, 78.1246109009, -340.448730469, -212.472290039, -121.225944519, -292.483703613, -140.15953064, 55.8491706848, 54.2520980835], [-527.379394531, -178.496780396, 100.227134705, 274.351623535, 96.9672546387, 32.9722251892, -9.88339996338, -57.5064239502, -28.7301673889, 29.7351169586, 34.4331665039, 21.8053874969, -16.2128391266], [-26.3942699432, 53.3239021301, -22.0751953125, 96.9672546387, 303.366271973, 155.683502197, -31.2001094818, -144.985534668, -117.657684326, 10.3375434875, 95.9404907227, 52.8814620972, -20.1854248047], [-177.418838501, -48.7399368286, 78.1246109009, 32.9722251892, 155.683502197, 316.802307129, 33.3682327271, -177.721389771, -132.12538147, -36.2295570374, 39.5560264587, 70.744354248, -22.9700317383], [572.479370117, -179.303710938, -340.448730469, -9.88339996338, -31.2001094818, 33.3682327271, 363.435119629, 243.827514648, 76.4704055786, 93.3914718628, -11.8477096558, -76.8684234619, -26.3675479889], [417.674041748, -92.3972854614, -212.472290039, -57.5064239502, -144.985534668, -177.721389771, 243.827514648, 366.004089355, 182.856735229, 60.9604568481, -59.5027732849, -105.489547729, 6.63940858841], [277.671691895, -96.200958252, -121.225944519, -28.7301673889, -117.657684326, -132.12538147, 76.4704055786, 182.856735229, 167.357727051, 70.1697463989, -47.9122695923, -71.4784240723, 5.71079301834], [127.147819519, -220.628097534, -292.483703613, 29.7351169586, 10.3375434875, -36.2295570374, 93.3914718628, 60.9604568481, 70.1697463989, 170.7787323, 81.6359481812, -32.4063072205, -45.5378875732], [-67.1164398193, -81.7472991943, -140.15953064, 34.4331665039, 95.9404907227, 39.5560264587, -11.8477096558, -59.5027732849, -47.9122695923, 81.6359481812, 170.048034668, 87.7456665039, -48.5783958435], [-493.006744385, -37.9059791565, 55.8491706848, 21.8053874969, 52.8814620972, 70.744354248, -76.8684234619, -105.489547729, -71.4784240723, -32.4063072205, 87.7456665039, 162.199554443, 50.7462539673], [-229.826522827, 13.0734682083, 54.2520980835, -16.2128391266, -20.1854248047, -22.9700317383, -26.3675479889, 6.63940858841, 5.71079301834, -45.5378875732, -48.5783958435, 50.7462539673, 121.635795593]],
        "icov": [[0.000442017772002, -0.00117382744793, 0.00103218480945, -0.000615659111645, 0.000652471033391, -0.000664840394165, -0.000807050208095, 0.00135197583586, -0.00256445957348, 0.00215555937029, -0.00226129265502, 0.00211511529051, -0.000705245125573], [-0.00117382744793, 0.00525758741423, -0.00337045197375, 0.00342314038426, -0.00317599484697, 0.0041603539139, -0.000288597715553, -0.000216896194615, 0.00431701913476, -0.000436271540821, 0.00221663620323, -0.00235717976466, 0.00088711240096], [0.00103218480945, -0.00337045197375, 0.0050832927227, -0.00369024067186, 0.00311603257433, -0.00461565190926, 0.0024282943923, -0.000301965803374, -0.00440649176016, 0.00618788553402, -0.00414250278845, 0.00505065592006, -0.00149628671352], [-0.000615659111645, 0.00342314038426, -0.00369024067186, 0.00815772823989, -0.005093913991, 0.0060101468116, -0.00397980306298, 0.00332697108388, 0.0013715759851, -0.0029370514676, 0.00410963688046, -0.00468695303425, 0.00288011226803], [0.000652471033391, -0.00317599484697, 0.00311603257433, -0.005093913991, 0.0102766305208, -0.00773917930201, 0.0034906428773, -0.00200130837038, 0.000205132761039, 0.0030536998529, -0.0101244412363, 0.00934588350356, -0.00619370024651], [-0.000664840394165, 0.0041603539139, -0.00461565190926, 0.0060101468116, -0.00773917930201, 0.0189772583544, -0.0158292856067, 0.0165414232761, -0.00429709162563, 0.00446024583653, 0.00316538498737, -0.0071145161055, 0.00522544654086], [-0.000807050208095, -0.000288597715553, 0.0024282943923, -0.00397980306298, 0.0034906428773, -0.0158292856067, 0.0294241178781, -0.0330683253706, 0.025880811736, -0.02329294011, 0.0193259119987, -0.00973175745457, 0.00450891209766], [0.00135197583586, -0.000216896194615, -0.000301965803374, 0.00332697108388, -0.00200130837038, 0.0165414232761, -0.0330683253706, 0.0460482016206, -0.0404965430498, 0.0361811220646, -0.0319295972586, 0.0211747847497, -0.00987354665995], [-0.00256445957348, 0.00431701913476, -0.00440649176016, 0.0013715759851, 0.000205132761039, -0.00429709162563, 0.025880811736, -0.0404965430498, 0.059035923332, -0.0488420464098, 0.0450312048197, -0.0299884434789, 0.0133204348385], [0.00215555937029, -0.000436271540821, 0.00618788553402, -0.0029370514676, 0.0030536998529, 0.00446024583653, -0.02329294011, 0.0361811220646, -0.0488420464098, 0.0681469663978, -0.0616634227335, 0.046226952225, -0.0208136215806], [-0.00226129265502, 0.00221663620323, -0.00414250278845, 0.00410963688046, -0.0101244412363, 0.00316538498737, 0.0193259119987, -0.0319295972586, 0.0450312048197, -0.0616634227335, 0.083318926394, -0.0645208656788, 0.0377282314003], [0.00211511529051, -0.00235717976466, 0.00505065592006, -0.00468695303425, 0.00934588350356, -0.0071145161055, -0.00973175745457, 0.0211747847497, -0.0299884434789, 0.046226952225, -0.0645208656788, 0.0618862695992, -0.0345581881702], [-0.000705245125573, 0.00088711240096, -0.00149628671352, 0.00288011226803, -0.00619370024651, 0.00522544654086, 0.00450891209766, -0.00987354665995, 0.0133204348385, -0.0208136215806, 0.0377282314003, -0.0345581881702, 0.0303877368569]]
    },
    "melbands": {
        "dmean": [5.92792639509e-05, 0.00042065262096, 0.000285075278953, 0.000100446814031, 0.00011052719492, 0.000134568239446, 0.00014413689496, 0.000341451988788, 0.000380571844289, 0.000349951296812, 0.000142644697917, 8.52392913657e-05, 0.000102946039988, 4.09601670981e-05, 0.000113982474431, 4.6827186452e-05, 1.25479973576e-05, 1.14056467737e-06, 6.48214950161e-07, 3.67687960079e-07, 1.09774219936e-07, 1.63370813766e-07, 8.4865092731e-08, 4.11531821953e-08, 1.7377681516e-08, 8.40661851242e-09, 4.82759565656e-09, 2.74225286923e-09, 2.10053530125e-09, 7.78011932656e-10, 3.17109366543e-10, 1.60887400624e-10, 1.18558829421e-10, 7.72241715019e-11, 6.06704478323e-11, 4.78594074094e-11, 3.70647609826e-11, 2.91118795737e-11, 2.22836211289e-11, 1.80850924514e-11],
        "dmean2": [0.00010633628699, 0.000718086201232, 0.000431614083936, 0.000137668350362, 0.000192104693269, 0.000230037607253, 0.000242660084041, 0.000499145186041, 0.000513344653882, 0.000452574837254, 0.000192093109945, 0.000101737568912, 9.6705465694e-05, 4.96994689456e-05, 0.000146992475493, 6.57961063553e-05, 1.94391886907e-05, 1.85369958672e-06, 1.03707782273e-06, 5.53702193429e-07, 1.85712949019e-07, 2.82894603743e-07, 1.4058586828e-07, 6.9672751124e-08, 2.98961921885e-08, 1.19947358712e-08, 7.58659002287e-09, 4.2194310268e-09, 3.16976711545e-09, 1.16987886045e-09, 5.51969137064e-10, 2.73486122637e-10, 2.03499953e-10, 1.37995087579e-10, 1.08589574832e-10, 8.52693332609e-11, 6.60605598002e-11, 5.24049935391e-11, 4.05702450801e-11, 3.28741200928e-11],
        "dvar": [8.44128766886e-09, 6.38148833332e-07, 1.79286530511e-07, 5.45512719441e-08, 3.74694302252e-08, 1.80674021522e-07, 8.65352802748e-08, 4.21614913648e-07, 6.27525878372e-07, 7.86893622262e-07, 9.77012604153e-08, 3.00894669181e-08, 1.36256829819e-07, 1.53829073923e-08, 1.52917905893e-07, 4.5616680211e-08, 1.40969547147e-08, 1.24986930528e-11, 2.53849979232e-12, 1.6302822807e-12, 7.3463879023e-14, 1.90980328882e-13, 7.59619079335e-14, 2.8356913104e-14, 3.42405869147e-15, 4.00620961305e-16, 2.15302527067e-16, 5.36048473352e-17, 5.24736910824e-17, 3.86022444412e-18, 1.1981404082e-18, 1.50458686277e-19, 1.26334002486e-19, 3.43069830947e-20, 2.05531085453e-20, 1.49497289147e-20, 6.95762938969e-21, 4.32804282112e-21, 2.33394038347e-21, 1.21741912142e-21],
        "dvar2": [2.63877701911e-08, 2.09520612771e-06, 4.33174506043e-07, 7.62993010994e-08, 8.45869152499e-08, 3.13636945748e-07, 1.96864917257e-07, 7.08774905434e-07, 1.28190310988e-06, 1.25046290123e-06, 1.6117270718e-07, 4.00479152063e-08, 1.01545793996e-07, 2.59619348242e-08, 2.85416263068e-07, 9.4415725016e-08, 2.81831233906e-08, 3.66553280784e-11, 6.26251004179e-12, 3.36352495335e-12, 1.83874820209e-13, 4.77831478812e-13, 1.90071577726e-13, 6.46465777502e-14, 8.63601758736e-15, 8.27002735634e-16, 4.80766689378e-16, 1.21797951215e-16, 1.04665842972e-16, 8.09937536376e-18, 3.3490206217e-18, 4.05835488034e-19, 3.07219351447e-19, 9.65901838582e-20, 5.80144673578e-20, 4.24271857547e-20, 1.91254982056e-20, 1.2196508329e-20, 6.77207032163e-21, 3.5538599289e-21],
        "max": [0.00146774272434, 0.0124111305922, 0.00973953865469, 0.00715150171891, 0.00444205570966, 0.0110762678087, 0.00336983567104, 0.00690088933334, 0.00803807936609, 0.0107580367476, 0.00369688309729, 0.00230232207105, 0.00939085520804, 0.00207443744875, 0.00565000995994, 0.00342996860854, 0.00259703956544, 3.89513479604e-05, 2.66361494141e-05, 2.57303345279e-05, 2.87665557153e-06, 5.87379008721e-06, 3.91196817873e-06, 3.43312353834e-06, 1.10805240183e-06, 3.39495812796e-07, 2.67631293127e-07, 8.67171294772e-08, 1.32991686996e-07, 2.70796451929e-08, 1.72313168179e-08, 4.39737846136e-09, 6.17810114178e-09, 1.83258297426e-09, 1.42159450878e-09, 1.3054447523e-09, 8.21797629946e-10, 7.08311576059e-10, 5.9341698222e-10, 4.25254942371e-10],
        "mean": [0.000121902827232, 0.00182813254651, 0.00159994792193, 0.000587595801335, 0.00033031674684, 0.000391684850911, 0.000372881419025, 0.00107544893399, 0.00122061837465, 0.00104847282637, 0.000402163655963, 0.000236736494116, 0.000260076136328, 8.39274507598e-05, 0.000226446354645, 8.80463703652e-05, 1.85564767889e-05, 1.70576367964e-06, 1.12383781925e-06, 7.52108235247e-07, 1.58937822903e-07, 1.79337661166e-07, 1.18833909823e-07, 5.72363312301e-08, 2.52624747787e-08, 1.56083874714e-08, 8.31189250761e-09, 4.85020601459e-09, 2.84323742328e-09, 1.17521592458e-09, 3.22443016731e-10, 1.69580863241e-10, 1.08253433995e-10, 6.49301376554e-11, 5.13159063853e-11, 4.00418032065e-11, 3.15080149471e-11, 2.4726181172e-11, 1.92744726429e-11, 1.59074801942e-11],
        "median": [4.23088204116e-05, 0.000732529326342, 0.000652488670312, 0.000156886671903, 0.000146768346895, 6.45537147648e-05, 0.0001830974943, 0.000472454266855, 0.000404382415581, 0.000239648579736, 9.6630436019e-05, 6.08506561548e-05, 4.09971071349e-05, 5.27234806214e-06, 1.99525293283e-05, 7.17653210813e-06, 7.98703581495e-07, 2.10769059095e-07, 3.728684419e-07, 2.00458700306e-07, 3.14396935153e-08, 5.63868383097e-08, 2.59316941253e-08, 8.65415383799e-09, 6.24460438914e-09, 2.83431877968e-09, 1.91771931668e-09, 6.42651543092e-10, 3.34759636678e-10, 2.25626656247e-10, 9.08123021226e-11, 4.97700353153e-11, 3.38011216239e-11, 2.2402380298e-11, 1.70293674995e-11, 1.32478706824e-11, 1.05701402492e-11, 9.00197884984e-12, 7.35830320286e-12, 6.31698296102e-12],
        "min": [8.42534764554e-24, 1.06168371613e-23, 1.60729525915e-23, 1.09493688541e-23, 1.48193263953e-23, 8.47556100874e-24, 5.34669016745e-24, 9.67358907714e-24, 6.11808766438e-24, 7.08044393178e-24, 1.06229326895e-23, 1.1797599431e-23, 7.57701530554e-24, 5.27832866469e-24, 5.87144754135e-24, 9.64971499071e-24, 6.14071929489e-24, 6.84272069799e-24, 1.13715553776e-23, 7.39571219255e-24, 1.57459618576e-23, 1.30670943531e-23, 1.13957631522e-23, 8.94511152991e-24, 5.905100742e-24, 1.04121632551e-23, 5.17366496637e-24, 7.51521988652e-24, 1.18139848609e-23, 8.55090748038e-24, 8.39277952307e-24, 6.32641399654e-24, 9.12544434398e-24, 7.874097167e-24, 1.21419277498e-23, 8.83746514851e-24, 1.18560958337e-23, 8.37074348254e-24, 7.81979671545e-24, 1.12210257286e-23],
