{
"metadata": {
    "version": {
        "essentia": "2.0.1",
        "extractor": "archive-music 1.0"
    },
    "audio_properties": {
        "analysis_sample_rate": 44100,
        "bitrate": 128,
        "channels": 2,
        "equal_loudness": 0,
        "length": 15.8824491501,
        "replay_gain": -10.8783130646,
        "downmix": "mix"
    },
    "tags": {
        "track": 1,
        "year": 0,
        "album": "View From The Inside",
        "artist": "David Krystal",
        "comment": "",
        "genre": "Other",
        "title": "Say You Love Me"
    }
},
"highlevel": {
    "culture": {
        "all": {
            "non_western": 9.59149747359e-06,
            "western": 0.999990403652
        },
        "probability": 0.999990403652,
        "value": "western"
    },
    "danceability": {
        "all": {
            "danceable": 0.968567073345,
            "not_danceable": 0.0314329229295
        },
        "probability": 0.968567073345,
        "value": "danceable"
    },
    "gender": {
        "all": {
            "female": 0.0333293452859,
            "male": 0.966670632362
        },
        "probability": 0.966670632362,
        "value": "male"
    },
    "genre_dortmund": {
        "all": {
            "alternative": 0.00994249433279,
            "blues": 0.136634513736,
            "electronic": 0.00954319536686,
            "folkcountry": 0.0150537062436,
            "funksoulrnb": 0.0251391772181,
            "jazz": 0.0764254704118,
            "pop": 0.0224639233202,
            "raphiphop": 0.612509787083,
            "rock": 0.0922877192497
        },
        "probability": 0.612509787083,
        "value": "raphiphop"
    },
    "genre_electronic": {
        "all": {
            "ambient": 0.592123270035,
            "dnb": 0.13136151433,
            "house": 0.193302020431,
            "techno": 0.047003544867,
            "trance": 0.0362096503377
        },
        "probability": 0.592123270035,
        "value": "ambient"
    },
    "genre_rosamerica": {
        "all": {
            "cla": 0.00507382443175,
            "dan": 0.0126641886309,
            "hip": 0.539365828037,
            "jaz": 0.0272141788155,
            "pop": 0.0666383728385,
            "rhy": 0.327374368906,
            "roc": 0.0156866479665,
            "spe": 0.00598260900006
        },
        "probability": 0.539365828037,
        "value": "hip"
    },
    "genre_tzanetakis": {
        "all": {
            "blu": 0.00150213064626,
            "cla": 0.0018453032244,
            "cou": 0.0130179459229,
            "dis": 0.00790485274047,
            "hip": 0.171847909689,
            "jaz": 0.0166866481304,
            "met": 0.00198487332091,
            "pop": 0.419140607119,
            "reg": 0.338921487331,
            "roc": 0.0271482449025
        },
        "probability": 0.419140607119,
        "value": "pop"
    },
    "mirex_ballroom": {
        "all": {
            "ChaChaCha": 0.130692079663,
            "Jive": 0.0688522979617,
            "Quickstep": 0.279386401176,
            "Rumba-American": 0.0222689174116,
            "Rumba-International": 0.152128025889,
            "Rumba-Misc": 0.0957036688924,
            "Samba": 0.218157723546,
            "Tango": 0.0125360321254,
            "VienneseWaltz": 0.0106992600486,
            "Waltz": 0.0095755988732
        },
        "probability": 0.279386401176,
        "value": "Quickstep"
    },
    "mood_acoustic": {
        "all": {
            "acoustic": 0.285047918558,
            "not_acoustic": 0.714952111244
        },
        "probability": 0.714952111244,
        "value": "not_acoustic"
    },
    "mood_aggressive": {
        "all": {
            "aggressive": 0.123374216259,
            "not_aggressive": 0.876625776291
        },
        "probability": 0.876625776291,
        "value": "not_aggressive"
    },
    "mood_electronic": {
        "all": {
            "electronic": 0.357807666063,
            "not_electronic": 0.642192363739
        },
        "probability": 0.642192363739,
        "value": "not_electronic"
    },
    "mood_happy": {
        "all": {
            "happy": 0.637265384197,
            "not_happy": 0.362734615803
        },
        "probability": 0.637265384197,
        "value": "happy"
    },
    "mood_party": {
        "all": {
            "not_party": 0.565742373466,
            "party": 0.434257626534
        },
        "probability": 0.565742373466,
        "value": "not_party"
    },
    "mood_relaxed": {
        "all": {
            "not_relaxed": 0.234312385321,
            "relaxed": 0.765687584877
        },
        "probability": 0.765687584877,
        "value": "relaxed"
    },
    "mood_sad": {
        "all": {
            "not_sad": 0.832705616951,
            "sad": 0.167294383049
        },
        "probability": 0.832705616951,
        "value": "not_sad"
    },
    "moods_mirex": {
        "all": {
            "Cluster1": 0.199709117413,
            "Cluster2": 0.136828824878,
            "Cluster3": 0.136532738805,
            "Cluster4": 0.173525795341,
            "Cluster5": 0.353403508663
        },
        "probability": 0.353403508663,
        "value": "Cluster5"
    },
    "timbre": {
        "all": {
            "bright": 0.741372406483,
            "dark": 0.25862762332
        },
        "probability": 0.741372406483,
        "value": "bright"
    },
    "tonal_atonal": {
        "all": {
            "atonal": 0.896434605122,
            "tonal": 0.103565402329
        },
        "probability": 0.896434605122,
        "value": "atonal"
    },
    "voice_instrumental": {
        "all": {
            "instrumental": 0.0844543352723,
            "voice": 0.915545642376
        },
        "probability": 0.915545642376,
        "value": "voice"
    }
},
"lowlevel": {
    "average_loudness": 0.967799007893,
    "barkbands_kurtosis": {
        "dmean": 10.3964080811,
        "dmean2": 17.1075344086,
        "dvar": 965.004577637,
        "dvar2": 2650.06713867,
        "max": 406.494934082,
        "mean": 15.0560073853,
        "median": 3.21487092972,
        "min": -1.91349363327,
        "var": 975.061706543
    },
    "barkbands_skewness": {
        "dmean": 0.825394928455,
        "dmean2": 1.2528834343,
        "dvar": 1.82808840275,
        "dvar2": 4.61045885086,
        "max": 14.2546072006,
        "mean": 2.43332338333,
        "median": 1.83209073544,
        "min": -4.64996623993,
        "var": 4.0370593071
    },
    "barkbands_spread": {
        "dmean": 6.15631151199,
        "dmean2": 8.55402755737,
        "dvar": 91.6550979614,
        "dvar2": 175.72479248,
        "max": 122.389793396,
        "mean": 20.4125919342,
        "median": 16.407251358,
        "min": 0.426668286324,
        "var": 373.466796875
    },
    "dissonance": {
        "dmean": 0.0268277823925,
        "dmean2": 0.0427104942501,
        "dvar": 0.000825002556667,
        "dvar2": 0.00208210502751,
        "max": 0.5,
        "mean": 0.437471479177,
        "median": 0.448263972998,
        "min": 0.130757704377,
        "var": 0.00244046794251
    },
    "dynamic_complexity": 3.67272496223,
    "erbbands_kurtosis": {
        "dmean": 1.94556987286,
        "dmean2": 2.96025037766,
        "dvar": 10.3126573563,
        "dvar2": 26.7700023651,
        "max": 30.7988166809,
        "mean": 2.48691892624,
        "median": 0.703293323517,
        "min": -1.76212096214,
        "var": 25.4187049866
    },
    "erbbands_skewness": {
        "dmean": 0.529082119465,
        "dmean2": 0.744547247887,
        "dvar": 0.44567874074,
        "dvar2": 0.987178325653,
        "max": 4.63641834259,
        "mean": 0.334979474545,
        "median": 0.251913011074,
        "min": -4.31820487976,
        "var": 1.93339931965
    },
    "erbbands_spread": {
        "dmean": 10.1409378052,
        "dmean2": 15.2672863007,
        "dvar": 209.844528198,
        "dvar2": 488.810272217,
        "max": 161.318939209,
        "mean": 36.7302246094,
        "median": 32.7396278381,
        "min": 3.47135972977,
        "var": 456.368988037
    },
    "hfc": {
        "dmean": 6.20871257782,
        "dmean2": 8.70580101013,
        "dvar": 167.814651489,
        "dvar2": 347.128173828,
        "max": 150.692337036,
        "mean": 19.8428382874,
        "median": 15.1392240524,
        "min": 1.157724897e-16,
        "var": 498.91116333
    },
    "melbands_kurtosis": {
        "dmean": 15.8616390228,
        "dmean2": 25.8142108917,
        "dvar": 1257.68835449,
        "dvar2": 3235.44799805,
        "max": 351.880981445,
        "mean": 30.2260169983,
        "median": 11.9668865204,
        "min": -1.37819480896,
        "var": 1973.94128418
    },
    "melbands_skewness": {
        "dmean": 0.926255583763,
        "dmean2": 1.40640044212,
        "dvar": 1.65954017639,
        "dvar2": 3.97631382942,
        "max": 14.0630874634,
        "mean": 3.63329720497,
        "median": 3.13287878036,
        "min": -0.742402493954,
        "var": 4.39148187637
    },
    "melbands_spread": {
        "dmean": 6.41083240509,
        "dmean2": 9.42848777771,
        "dvar": 300.58480835,
        "dvar2": 620.189208984,
        "max": 271.705047607,
        "mean": 18.3231506348,
        "median": 13.5510282516,
        "min": 0.415755033493,
        "var": 677.581359863
    },
    "pitch_salience": {
        "dmean": 0.0594362467527,
        "dmean2": 0.0902340337634,
        "dvar": 0.00428998749703,
        "dvar2": 0.00985769275576,
        "max": 0.852403879166,
        "mean": 0.425389319658,
        "median": 0.41503688693,
        "min": 0.133537575603,
        "var": 0.0132355401292
    },
    "silence_rate_20dB": {
        "dmean": 0,
        "dmean2": 0,
        "dvar": 0,
        "dvar2": 0,
        "max": 1,
        "mean": 1,
        "median": 1,
        "min": 1,
        "var": 0
    },
    "silence_rate_30dB": {
        "dmean": 0.0497076027095,
        "dmean2": 0.0995607599616,
        "dvar": 0.0472366586328,
        "dvar2": 0.0984324812889,
        "max": 1,
        "mean": 0.953284680843,
        "median": 1,
        "min": 0,
        "var": 0.0445328131318
    },
    "silence_rate_60dB": {
        "dmean": 0.0146198831499,
        "dmean2": 0.0292825773358,
        "dvar": 0.0144060701132,
        "dvar2": 0.0284250359982,
        "max": 1,
        "mean": 0.0700729936361,
        "median": 0,
        "min": 0,
        "var": 0.0651624873281
    },
    "spectral_centroid": {
        "dmean": 309.649719238,
        "dmean2": 425.251586914,
        "dvar": 354289.28125,
        "dvar2": 487545.15625,
        "max": 10910.1943359,
        "mean": 1236.88110352,
        "median": 1040.18041992,
        "min": 117.534065247,
        "var": 1101731
    },
    "spectral_complexity": {
        "dmean": 2.54385972023,
        "dmean2": 3.92093706131,
        "dvar": 15.8182811737,
        "dvar2": 34.0609664917,
        "max": 48,
        "mean": 12.1824817657,
        "median": 12,
        "min": 0,
        "var": 68.0762710571
    },
    "spectral_crest": {
        "dmean": 2.16345310211,
        "dmean2": 3.37465429306,
        "dvar": 5.92003297806,
        "dvar2": 14.0557794571,
        "max": 25.1913452148,
        "mean": 13.3216609955,
        "median": 13.0236501694,
        "min": 3.7109348774,
        "var": 21.4089565277
    },
    "spectral_decrease": {
        "dmean": 3.06558778362e-09,
        "dmean2": 4.38933156488e-09,
        "dvar": 3.57091488159e-17,
        "dvar2": 7.71637022607e-17,
        "max": 8.89336188937e-29,
        "mean": -1.00885921839e-08,
        "median": -8.55930615273e-09,
        "min": -5.44110640988e-08,
        "var": 6.451037337e-17
    },
    "spectral_energy": {
        "dmean": 0.0119232088327,
        "dmean2": 0.0170023087412,
        "dvar": 0.000532852078322,
        "dvar2": 0.00116032292135,
        "max": 0.21524207294,
        "mean": 0.0398764908314,
        "median": 0.0340199321508,
        "min": 1.08089879763e-20,
        "var": 0.000976518145762
    },
    "spectral_energyband_high": {
        "dmean": 0.000395659764763,
        "dmean2": 0.000565519032534,
        "dvar": 1.08619838102e-06,
        "dvar2": 1.71697536189e-06,
        "max": 0.0151368333027,
        "mean": 0.000805143790785,
        "median": 0.000256533006905,
        "min": 7.77746231195e-21,
        "var": 3.99201417167e-06
    },
    "spectral_energyband_low": {
        "dmean": 0.0084399888292,
        "dmean2": 0.0127675933763,
        "dvar": 0.000318000966217,
        "dvar2": 0.000704290927388,
        "max": 0.182504221797,
        "mean": 0.0257353931665,
        "median": 0.0223126020283,
        "min": 4.1857130025e-23,
        "var": 0.000479323120089
    },
    "spectral_energyband_middle_high": {
        "dmean": 0.00156446907204,
        "dmean2": 0.00238140486181,
        "dvar": 1.47803229993e-05,
        "dvar2": 3.76048483304e-05,
        "max": 0.0422078855336,
        "mean": 0.00403543515131,
        "median": 0.00196975609288,
        "min": 1.37998899041e-21,
        "var": 2.51807741734e-05
    },
    "spectral_energyband_middle_low": {
        "dmean": 0.00529434625059,
        "dmean2": 0.00749980518594,
        "dvar": 0.000132214525365,
        "dvar2": 0.000313059077598,
        "max": 0.115898318589,
        "mean": 0.0105393230915,
        "median": 0.0059275473468,
        "min": 2.40515990719e-22,
        "var": 0.000207864111871
    },
    "spectral_flatness_db": {
        "dmean": 0.0301517937332,
        "dmean2": 0.0412363559008,
        "dvar": 0.00133425265085,
        "dvar2": 0.0026267527137,
        "max": 0.482390761375,
        "mean": 0.207361862063,
        "median": 0.180099517107,
        "min": 0.0339592322707,
        "var": 0.00915687624365
    },
    "spectral_flux": {
        "dmean": 0.029582310468,
        "dmean2": 0.0459800921381,
        "dvar": 0.00171537825372,
        "dvar2": 0.0034458595328,
        "max": 0.431056171656,
        "mean": 0.0798349678516,
        "median": 0.06957693398,
        "min": 1.0396628003e-10,
        "var": 0.00404324708506
    },
    "spectral_kurtosis": {
        "dmean": 3.38656878471,
        "dmean2": 5.39649391174,
        "dvar": 44.7344360352,
        "dvar2": 123.780601501,
        "max": 87.6176376343,
        "mean": 6.76555919647,
        "median": 4.05112457275,
        "min": -1.24628317356,
        "var": 89.0950927734
    },
    "spectral_rms": {
        "dmean": 0.000811043253634,
        "dmean2": 0.00112771906424,
        "dvar": 1.54993449542e-06,
        "dvar2": 3.11422945742e-06,
        "max": 0.0144911101088,
        "mean": 0.00577634992078,
        "median": 0.00576109206304,
        "min": 3.24736114735e-12,
        "var": 5.53768495593e-06
    },
    "spectral_rolloff": {
        "dmean": 436.109863281,
        "dmean2": 740.924255371,
        "dvar": 2089527.75,
        "dvar2": 4280181.5,
        "max": 19013.8183594,
        "mean": 1236.44665527,
        "median": 602.9296875,
        "min": 86.1328125,
        "var": 5538827
    },
    "spectral_skewness": {
        "dmean": 0.397302806377,
        "dmean2": 0.60191398859,
        "dvar": 0.329263806343,
        "dvar2": 0.825117230415,
        "max": 7.54418563843,
        "mean": 1.8105057478,
        "median": 1.54104685783,
        "min": -0.145361766219,
        "var": 1.027156353
    },
    "spectral_spread": {
        "dmean": 811261.5,
        "dmean2": 1060342.75,
        "dvar": 3.9588766679e+12,
        "dvar2": 4.35692162253e+12,
        "max": 42180768,
        "mean": 4702092,
        "median": 4224010,
        "min": 1124619,
        "var": 9.00393127117e+12
    },
    "spectral_strongpeak": {
        "dmean": 0.230024799705,
        "dmean2": 0.405554294586,
        "dvar": 0.329674810171,
        "dvar2": 0.904631376266,
        "max": 6.89632034302,
        "mean": 0.406132221222,
        "median": 0.268370717764,
        "min": 0,
        "var": 0.259685665369
    },
    "zerocrossingrate": {
        "dmean": 0.0116609269753,
        "dmean2": 0.0134831396863,
        "dvar": 0.000783662078902,
        "dvar2": 0.000990742701106,
        "max": 0.51318359375,
        "mean": 0.0469655282795,
        "median": 0.03564453125,
        "min": 0.0029296875,
        "var": 0.00399958714843
    },
    "barkbands": {
        "dmean": [0.000283484783722, 0.0063672629185, 0.00363416806795, 0.00154729967471, 0.00119756453205, 0.000752864521928, 0.000986012397334, 0.00093241018476, 0.00117665540893, 0.000349403417204, 0.000349211855792, 0.000259840424405, 0.000288604525849, 0.000303320819512, 0.000265178183326, 0.000230534773436, 0.000210519574466, 0.000121956531075, 0.000154210749315, 0.000164366807439, 6.79387958371e-05, 7.77381865191e-05, 8.33587546367e-05, 8.27938420116e-05, 0.00010299585847, 2.44192997343e-05, 1.56187752509e-06],
        "dmean2": [0.000462216034066, 0.0102166160941, 0.00596794998273, 0.00263030943461, 0.0019904866349, 0.00112148211338, 0.00144798844121, 0.00126560649369, 0.00165901740547, 0.000525532173924, 0.00056474620942, 0.000392985675717, 0.000462823227281, 0.000449613318779, 0.000385562248994, 0.00032095485949, 0.000315585290082, 0.000177346228156, 0.000244055627263, 0.000265854439931, 0.000107010702777, 0.000126334154629, 0.000136205257149, 0.000121341901831, 0.000143244193168, 3.62470600521e-05, 2.80473773273e-06],
        "dvar": [2.41429177095e-07, 0.000199955975404, 9.11363749765e-05, 2.48116721195e-05, 1.20832555695e-05, 2.53356483881e-06, 9.00901250134e-06, 3.98437305194e-06, 7.99374811322e-06, 1.02968317606e-06, 1.51230938172e-06, 4.96391635352e-07, 6.90032607054e-07, 5.43798364561e-07, 4.02782802666e-07, 3.27933008748e-07, 1.75723656071e-07, 7.00362150496e-08, 1.08495484596e-07, 1.16105105974e-07, 2.18390212581e-08, 2.5775939605e-08, 4.29398632207e-08, 1.48434253333e-07, 1.9068924928e-07, 8.51301873439e-09, 8.78290842832e-11],
        "dvar2": [6.0012467884e-07, 0.000515011022799, 0.000237173866481, 6.96224233252e-05, 3.23947861034e-05, 5.84838107898e-06, 2.29567685892e-05, 7.50279195927e-06, 1.93404302991e-05, 2.20736228584e-06, 4.05294622396e-06, 1.15579393878e-06, 1.66603979324e-06, 1.21359926197e-06, 8.51464562857e-07, 6.19824277237e-07, 3.78476187279e-07, 1.46851931504e-07, 2.49316940426e-07, 3.15296773579e-07, 5.59932331612e-08, 6.72979183491e-08, 9.94617153083e-08, 2.22951058504e-07, 3.63821413885e-07, 1.82792714298e-08, 2.8654709161e-10],
        "max": [0.0063974102959, 0.14943292737, 0.0942463129759, 0.056122019887, 0.0362961664796, 0.0161465052515, 0.0366040356457, 0.0213750004768, 0.0290985871106, 0.0132224773988, 0.0142927756533, 0.00909336656332, 0.00883341673762, 0.00840259343386, 0.00974153820425, 0.00905488245189, 0.00650717969984, 0.00376848061569, 0.00391100626439, 0.00366900395602, 0.00140585610643, 0.00206003454514, 0.00254713348113, 0.00695728929713, 0.00869074370712, 0.00161715445574, 0.000160177616635],
        "mean": [0.000742575793993, 0.017507283017, 0.00638323323801, 0.0021077983547, 0.00192130031064, 0.00128433154896, 0.00141336373053, 0.00156546279322, 0.0019518797053, 0.000480928982142, 0.000439066207036, 0.000427351507824, 0.000361677404726, 0.000400363351218, 0.000392579036998, 0.000659296405502, 0.000404086895287, 0.000209410762182, 0.000237117114011, 0.000243572620093, 0.000111182664114, 0.000135794383823, 0.000143798373756, 0.000140090895002, 0.000173052190803, 3.86894062103e-05, 1.21631535421e-06],
        "median": [0.00065392680699, 0.0153733137995, 0.00356732448563, 0.000761815696023, 0.000896929879673, 0.000346090761013, 0.000178001821041, 0.000337110715918, 0.000342894491041, 7.96137101133e-05, 5.89067167311e-05, 4.94613996125e-05, 4.46883495897e-05, 5.15361243743e-05, 4.77244902868e-05, 3.30799957737e-05, 8.82185486262e-05, 5.02009788761e-05, 6.22510415269e-05, 6.12793955952e-05, 2.44199709414e-05, 3.8855461753e-05, 4.74658118037e-05, 1.36729504447e-05, 9.55496943789e-06, 2.37044173446e-06, 1.20697151829e-07],
        "min": [1.49074358475e-23, 2.2660389223e-23, 4.41705348382e-24, 1.55120630215e-23, 4.09612964256e-23, 3.68612896894e-23, 4.3671311314e-23, 3.68627033282e-23, 3.83182021854e-23, 1.25844077202e-23, 5.97452831138e-23, 6.2624114236e-23, 6.21414007817e-23, 4.44030713115e-23, 8.61877870608e-23, 2.04654916704e-22, 1.07912095001e-22, 1.85582380474e-22, 2.64908655381e-22, 3.35582034926e-22, 3.57357978546e-22, 4.80972962021e-22, 5.75877144592e-22, 7.45413627249e-22, 1.33852575441e-21, 1.58947389418e-21, 2.24127777756e-21],
        "var": [5.70867030092e-07, 0.000233403479797, 9.8827353213e-05, 2.02727387659e-05, 1.13069781946e-05, 4.51929872725e-06, 1.1418656868e-05, 9.08442689251e-06, 1.23451372929e-05, 1.98347879632e-06, 1.56699240961e-06, 1.01878299574e-06, 8.34271361327e-07, 9.70912310549e-07, 8.43471070766e-07, 2.66807865046e-06, 4.28812597875e-07, 1.73586727215e-07, 2.08793835554e-07, 2.00970504238e-07, 4.49233610311e-08, 5.56081474201e-08, 9.17138720524e-08, 3.99136865781e-07, 6.48435843686e-07, 2.72126197132e-08, 5.77223650822e-11]
    },
    "erbbands": {
        "dmean": [0.157668024302, 1.60961520672, 4.1586227417, 4.31736850739, 4.65218639374, 3.99354243279, 4.28193759918, 7.06660032272, 13.5761547089, 15.160282135, 27.2807312012, 22.1844234467, 11.6342754364, 11.9191789627, 10.1696767807, 11.1299266815, 12.3489971161, 14.9198093414, 12.9109869003, 11.5323448181, 13.903219223, 10.8695831299, 6.90151643753, 4.20317316055, 8.98265743256, 6.35346221924, 2.79377603531, 2.79425621033, 2.94806933403, 2.53903388977, 2.41253447533, 1.65328717232, 1.56478691101, 1.27731633186, 0.683625996113, 0.165628775954, 0.0359261259437, 0.00549562368542, 0.000139937110362, 1.60967392731e-05],
        "dmean2": [0.247189372778, 2.55295038223, 6.60109996796, 7.16139745712, 7.71480941772, 6.806889534, 6.30680561066, 10.3976564407, 20.3053131104, 20.3325252533, 35.2342567444, 30.9541969299, 17.3083534241, 18.4472637177, 16.706287384, 16.7978057861, 19.4281520844, 22.0766029358, 19.948059082, 16.6242427826, 19.59126091, 15.4742851257, 10.0632133484, 6.56796264648, 14.2170972824, 9.82785511017, 4.51013469696, 4.37398195267, 4.65302276611, 4.08330106735, 3.83737134933, 2.44023299217, 2.25527954102, 1.81814742088, 0.987799406052, 0.243438050151, 0.0515127517283, 0.00852310378104, 0.000221735317609, 2.2417276341e-05],
        "dvar": [0.0583070069551, 14.5623655319, 102.357124329, 196.504318237, 176.179489136, 206.683120728, 94.8145980835, 234.237045288, 1841.56994629, 1236.64807129, 2991.20605469, 2839.05737305, 1042.53662109, 1512.4987793, 1625.67895508, 952.969116211, 1402.50439453, 1189.80224609, 930.920166016, 641.80255127, 1126.22802734, 396.713775635, 189.538452148, 90.6954574585, 376.846343994, 171.319763184, 50.3780899048, 35.4330596924, 32.2934570312, 26.3313751221, 39.7185287476, 42.6374282837, 57.1912345886, 28.3681278229, 10.3073444366, 0.443592756987, 0.0133249424398, 0.000560861837585, 3.61789204817e-07, 8.38407177017e-10],
        "dvar2": [0.153345450759, 37.1900634766, 248.522598267, 549.409362793, 486.735443115, 567.085266113, 220.127807617, 523.503723145, 4908.86572266, 2496.67114258, 5932.11914062, 6766.74951172, 2205.81030273, 3639.9128418, 4501.87158203, 2407.66552734, 3435.14526367, 2643.63330078, 2374.50756836, 1284.72937012, 1899.15185547, 736.630493164, 381.493560791, 212.448120117, 809.958435059, 435.728668213, 131.075775146, 89.3725204468, 83.5537185669, 65.4178237915, 88.909324646, 68.5788192749, 92.9255371094, 57.3767738342, 19.2560214996, 0.87685662508, 0.0252111647278, 0.00139433110598, 9.97687607196e-07, 1.67402125495e-09],
        "max": [2.55205392838, 40.2430839539, 93.297454834, 167.274246216, 132.840362549, 172.065032959, 102.787750244, 177.615325928, 594.93572998, 343.33682251, 651.475769043, 518.636047363, 497.845184326, 454.769622803, 489.041015625, 319.308502197, 416.782012939, 336.026550293, 299.740875244, 403.800689697, 547.515808105, 226.137054443, 204.709381104, 98.8045501709, 210.178970337, 158.947555542, 70.3048553467, 80.0472717285, 62.4719848633, 72.7281265259, 89.840675354, 118.790435791, 133.427627563, 90.0351409912, 66.2538833618, 11.1943655014, 1.90278184414, 0.478153079748, 0.0123602794483, 0.000399613607442],
        "mean": [0.481206506491, 3.90268230438, 8.17686462402, 7.14689445496, 7.27600383759, 5.60961103439, 7.48576784134, 11.3113088608, 19.3845920563, 25.0162315369, 46.0408744812, 35.907913208, 20.1669788361, 15.6142606735, 14.8873329163, 17.9160022736, 16.6701793671, 21.4835147858, 17.7767295837, 20.7803249359, 40.9357147217, 24.7578125, 14.3925638199, 7.67858028412, 17.2574310303, 10.0681610107, 4.47579669952, 4.65241861343, 5.07901191711, 4.19179916382, 4.18944454193, 2.60712981224, 2.70145702362, 2.18906927109, 1.08409881592, 0.265879839659, 0.0559439845383, 0.00745211075991, 0.00019851468096, 5.43061250937e-05],
        "median": [0.443753749132, 3.22208929062, 5.99981546402, 2.64551734924, 3.8862760067, 2.10426640511, 1.99031889439, 3.02790403366, 2.94513964653, 3.85248780251, 11.3123464584, 7.08803415298, 4.37219381332, 2.57251286507, 2.38654327393, 3.09333968163, 3.15210986137, 4.13569116592, 3.12564826012, 2.65420484543, 2.2946703434, 5.38674354553, 3.99827194214, 2.63616085052, 4.11384963989, 3.39648032188, 1.08638834953, 1.34802675247, 1.32129538059, 1.50427496433, 1.32351613045, 0.518703877926, 0.165102258325, 0.102644242346, 0.0621093995869, 0.0162337888032, 0.00337030971423, 0.000461108080344, 3.50602749677e-05, 4.26174228778e-05],
        "min": [3.95413537381e-22, 5.92380710477e-21, 8.46173535678e-21, 3.61754160774e-20, 6.41172508208e-20, 1.31393504401e-19, 2.41131497914e-19, 2.73941099923e-19, 7.48114398606e-19, 3.12666697673e-19, 9.582649582e-19, 1.09122307473e-18, 3.33617605775e-19, 1.11669910022e-18, 1.58678615253e-18, 2.90830685635e-18, 2.88862864316e-18, 2.40046986582e-18, 3.23417693341e-18, 5.49092623575e-18, 1.00084834021e-17, 7.68840308412e-18, 1.12031265941e-17, 1.41484909351e-17, 1.11773987955e-17, 1.40372152904e-17, 1.38680419658e-17, 1.56756565974e-17, 1.5918758362e-17, 1.69588503011e-17, 1.60202898191e-17, 1.15415948387e-17, 1.32310897331e-17, 1.43257044552e-17, 8.2052486919e-18, 5.44733009516e-18, 3.15126634587e-18, 1.10253601038e-18, 3.04005935713e-19, 3.65374950035e-20],
        "var": [0.115574814379, 15.8609685898, 117.376205444, 181.101654053, 152.971069336, 175.074768066, 194.220184326, 411.486633301, 2201.19995117, 2528.81274414, 6429.24169922, 4266.5859375, 3007.25390625, 2001.8963623, 1778.20825195, 1543.40161133, 1649.17138672, 2097.39746094, 1566.59802246, 1728.75695801, 10009.1884766, 1550.44921875, 619.392150879, 146.144714355, 1038.77832031, 291.166046143, 79.5741500854, 86.7537841797, 77.2791213989, 50.7048110962, 90.3930511475, 102.722618103, 155.011169434, 90.4797668457, 31.6982955933, 1.44908773899, 0.0511052981019, 0.00112610915676, 6.46129365123e-07, 2.69297584232e-09]
    },
    "gfcc": {
        "mean": [-48.9283714294, 111.79499054, -87.1371688843, 48.7156066895, -43.3007316589, 19.5824337006, -23.8401851654, 16.8505935669, -9.19426822662, 5.02608966827, -11.7929773331, -3.92967605591, -13.2484941483],
        "cov": [[20371.828125, -983.512878418, -2854.35668945, 660.08996582, -1487.20581055, 720.8515625, -744.310302734, 612.379943848, -205.726043701, 166.688613892, -327.675476074, 263.845428467, -382.497680664], [-983.512878418, 2135.79296875, 75.7728118896, -428.5859375, 373.329864502, -453.267547607, 427.619049072, -229.64100647, 127.292900085, -102.873420715, 218.216583252, -203.256652832, 30.0707988739], [-2854.35668945, 75.7728118896, 1731.13427734, -92.6053390503, 149.887542725, -102.49004364, 137.46685791, -61.7933692932, -154.392959595, 18.9348926544, 23.9331531525, -93.2028045654, 39.23179245], [660.08996582, -428.5859375, -92.6053390503, 423.65322876, 1.65127933025, 50.3374176025, -156.405502319, 47.1651229858, 46.8761100769, -20.2599773407, -40.4100990295, 53.9450950623, 65.8919296265], [-1487.20581055, 373.329864502, 149.887542725, 1.65127933025, 507.758117676, -98.3582305908, 121.554992676, -121.782310486, 20.5408916473, -37.493221283, 58.4007568359, -20.3286018372, 100.14012146], [720.8515625, -453.267547607, -102.49004364, 50.3374176025, -98.3582305908, 309.651550293, -36.5848274231, 8.98250579834, -66.809928894, 18.0614967346, -36.541015625, 45.89585495, -19.244644165], [-744.310302734, 427.619049072, 137.46685791, -156.405502319, 121.554992676, -36.5848274231, 320.159606934, -78.4517059326, -4.8692817688, -25.5596408844, 55.162853241, -77.0556564331, -5.90611886978], [612.379943848, -229.64100647, -61.7933692932, 47.1651229858, -121.782310486, 8.98250579834, -78.4517059326, 182.781692505, 47.1841773987, 1.51223897934, -44.3760986328, 9.69130706787, -39.210975647], [-205.726043701, 127.292900085, -154.392959595, 46.8761100769, 20.5408916473, -66.809928894, -4.8692817688, 47.1841773987, 235.599075317, -13.5163021088, -35.3509635925, -38.8347434998, 10.2929449081], [166.688613892, -102.873420715, 18.9348926544, -20.2599773407, -37.493221283, 18.0614967346, -25.5596408844, 1.51223897934, -13.5163021088, 100.911506653, -17.1262683868, -8.52197933197, -19.2186145782], [-327.675476074, 218.216583252, 23.9331531525, -40.4100990295, 58.4007568359, -36.541015625, 55.162853241, -44.3760986328, -35.3509635925, -17.1262683868, 139.322036743, 7.62185811996, -9.01635932922], [263.845428467, -203.256652832, -93.2028045654, 53.9450950623, -20.3286018372, 45.89585495, -77.0556564331, 9.69130706787, -38.8347434998, -8.52197933197, 7.62185811996, 112.851036072, 16.6882572174], [-382.497680664, 30.0707988739, 39.23179245, 65.8919296265, 100.14012146, -19.244644165, -5.90611886978, -39.210975647, 10.2929449081, -19.2186145782, -9.01635932922, 16.6882572174, 113.501678467]],
        "icov": [[0.000141596901813, -0.000315913232043, 0.000181837371201, -0.000425559381256, 0.000248410593485, -0.000345588079654, 9.75385846687e-05, -0.000418814801378, 0.000463432865217, -0.000318543286994, 0.00041442931979, -0.000194512453163, 0.000293259043247], [-0.000315913232043, 0.00234526605345, -0.000183364580153, 0.00200138008222, -0.000715357484296, 0.00231130304746, -0.000826882896945, 0.00197567790747, -0.00163176341448, 0.0017645311309, -0.00231953454204, 0.00194926641416, -0.00114603166003], [0.000181837371201, -0.000183364580153, 0.000979080796242, -0.000419746676926, 0.000164312557899, 4.74998842037e-06, -0.000102074933238, -0.00058142101625, 0.00122986885253, -0.000425184465712, 0.000436412839917, 0.00062707538018, -2.4766797651e-05], [-0.000425559381256, 0.00200138008222, -0.000419746676926, 0.00545012019575, -0.00105668464676, 0.00130901637021, 0.00084881373914, 0.00132881558966, -0.00244433037005, 0.00230512046255, -0.00221853121184, 0.00132950826082, -0.00308554316871], [0.000248410593485, -0.000715357484296, 0.000164312557899, -0.00105668464676, 0.00357196037658, -0.000214463128941, -0.000562880537473, 0.000381975696655, 0.000429417355917, -0.000419668736868, 0.000152395834448, -0.000585245899856, -0.00151369278319], [-0.000345588079654, 0.00231130304746, 4.74998842037e-06, 0.00130901637021, -0.000214463128941, 0.00652237981558, -0.00146547006443, 0.00239689135924, -0.00040799434646, 0.00129742047284, -0.000907580484636, 0.000527091789991, -0.000384559214581], [9.75385846687e-05, -0.000826882896945, -0.000102074933238, 0.00084881373914, -0.000562880537473, -0.00146547006443, 0.00577149866149, 0.000342456391081, 0.000334695418132, 0.000962629623245, -0.000427854596637, 0.00233971700072, 0.00051170628285], [-0.000418814801378, 0.00197567790747, -0.00058142101625, 0.00132881558966, 0.000381975696655, 0.00239689135924, 0.000342456391081, 0.010146019049, -0.00333931553178, 0.00257949321531, -0.000489602447487, 0.000708485487849, 0.00168357009534], [0.000463432865217, -0.00163176341448, 0.00122986885253, -0.00244433037005, 0.000429417355917, -0.00040799434646, 0.000334695418132, -0.00333931553178, 0.00794226769358, -0.000974119990133, 0.00310484902002, 0.00128492782824, 0.000576274236664], [-0.000318543286994, 0.0017645311309, -0.000425184465712, 0.00230512046255, -0.000419668736868, 0.00129742047284, 0.000962629623245, 0.00257949321531, -0.000974119990133, 0.012709967792, -0.000620609964244, 0.00288509693928, 0.000566199363675], [0.00041442931979, -0.00231953454204, 0.000436412839917, -0.00221853121184, 0.000152395834448, -0.000907580484636, -0.000427854596637, -0.000489602447487, 0.00310484902002, -0.000620609964244, 0.0119513468817, -0.00392810069025, 0.00380879221484], [-0.000194512453163, 0.00194926641416, 0.00062707538018, 0.00132950826082, -0.000585245899856, 0.000527091789991, 0.00233971700072, 0.000708485487849, 0.00128492782824, 0.00288509693928, -0.00392810069025, 0.0153521532193, -0.00338557409123], [0.000293259043247, -0.00114603166003, -2.4766797651e-05, -0.00308554316871, -0.00151369278319, -0.000384559214581, 0.00051170628285, 0.00168357009534, 0.000576274236664, 0.000566199363675, 0.00380879221484, -0.00338557409123, 0.0146246748045]]
    },
    "melbands": {
        "dmean": [0.00154429592658, 0.00204460765235, 0.000780369096901, 0.000299083418213, 0.000149823943502, 0.000163504533703, 0.00020494335331, 0.000165542747709, 0.000260036584223, 0.000129290114273, 5.62365967198e-05, 4.62994066766e-05, 4.05088576372e-05, 2.7049693017e-05, 3.15252837026e-05, 2.72858651442e-05, 3.05717148876e-05, 2.21602840611e-05, 2.10633334063e-05, 1.81687191798e-05, 1.70847961272e-05, 1.16763631013e-05, 1.10359933387e-05, 4.02298792324e-06, 3.48434400621e-06, 6.44820784146e-06, 7.42708425605e-06, 3.7412603433e-06, 1.84468797215e-06, 1.73306023044e-06, 1.71168187535e-06, 1.72320631009e-06, 1.64551306625e-06, 1.48412482304e-06, 1.42491217048e-06, 1.44544924296e-06, 9.60434363151e-07, 9.49166008013e-07, 1.36445396492e-06, 1.0873136489e-06],
        "dmean2": [0.00244515715167, 0.00313537963666, 0.00129193055909, 0.000502480717842, 0.000225012656301, 0.000242431924562, 0.000305746245431, 0.000221514186705, 0.000340049882652, 0.000182119460078, 8.44110472826e-05, 7.22240438336e-05, 6.71683883411e-05, 4.04239654017e-05, 4.74807893625e-05, 4.51338491985e-05, 4.53504071629e-05, 3.55114534614e-05, 3.01994150504e-05, 2.49836193689e-05, 2.33942646446e-05, 1.73433909367e-05, 1.57209979079e-05, 5.92648893871e-06, 5.61224396733e-06, 1.02704707388e-05, 1.17286699606e-05, 5.88488774156e-06, 3.00049964608e-06, 2.7493399557e-06, 2.70089958576e-06, 2.74767648989e-06, 2.72129682344e-06, 2.39817995862e-06, 2.33807350014e-06, 2.29164902521e-06, 1.44027558235e-06, 1.34676099606e-06, 2.01198145078e-06, 1.6267040337e-06],
        "dvar": [8.98038797459e-06, 2.25845160458e-05, 6.19190404905e-06, 7.89300827364e-07, 1.2350172085e-07, 1.16843473563e-07, 4.1232991066e-07, 1.43573700484e-07, 2.99040550544e-07, 9.54254915086e-08, 2.54969876323e-08, 2.24907719115e-08, 2.59345576126e-08, 6.35214147948e-09, 8.36272828764e-09, 6.91390011909e-09, 5.28272314781e-09, 3.27270832656e-09, 3.1775539977e-09, 1.86219784037e-09, 1.80069759104e-09, 5.16614639956e-10, 4.82047457506e-10, 6.7128455572e-11, 6.70905067612e-11, 2.26493490629e-10, 2.65839739111e-10, 7.92885687662e-11, 2.50791436229e-11, 1.2697113326e-11, 1.42989751983e-11, 1.16045220308e-11, 1.12941973482e-11, 9.58848885707e-12, 1.22842959763e-11, 2.40326335221e-11, 1.73122922248e-11, 1.92393011245e-11, 4.33160937674e-11, 2.39131579122e-11],
        "dvar2": [2.31220128626e-05, 5.23895869264e-05, 1.73077060026e-05, 2.1494813609e-06, 2.94235519505e-07, 2.72251384104e-07, 1.08344693217e-06, 2.808345414e-07, 6.31687157693e-07, 2.28490847576e-07, 5.34397557317e-08, 5.40538032112e-08, 7.1854834971e-08, 1.39274183297e-08, 2.01967225166e-08, 1.75772036926e-08, 1.15136904455e-08, 8.33776425679e-09, 6.10130523881e-09, 3.27872839989e-09, 2.67602495718e-09, 1.06812836353e-09, 9.06486996577e-10, 1.42168526951e-10, 1.63702718048e-10, 5.05766317715e-10, 6.72752409336e-10, 1.91537355421e-10, 6.53864323796e-11, 3.14788750622e-11, 3.67611947827e-11, 2.92055372941e-11, 3.15913892268e-11, 2.35544708738e-11, 2.84942989343e-11, 5.58613190427e-11, 3.16365822428e-11, 3.0091023423e-11, 8.27539356485e-11, 5.82624504197e-11],
        "max": [0.031600266695, 0.0464986078441, 0.0278127100319, 0.00970647204667, 0.00314753735438, 0.00373762287199, 0.00843419414014, 0.00394649431109, 0.00643452443182, 0.00301363901235, 0.00250483979471, 0.00176734756678, 0.00196812977083, 0.00127984059509, 0.000889667659067, 0.000944563827943, 0.000755434739403, 0.000610266928561, 0.00107130478136, 0.00052435969701, 0.000730780710001, 0.000240452529397, 0.000377342541469, 0.000115088281746, 7.38803282729e-05, 0.000171108811628, 0.000234763880144, 0.000141999102198, 4.93193729199e-05, 3.7862231693e-05, 5.14479797857e-05, 3.76290990971e-05, 4.20673532062e-05, 4.74204171041e-05, 5.19263012393e-05, 8.14261729829e-05, 7.97437751316e-05, 7.9240235209e-05, 9.8074960988e-05, 9.72599955276e-05],
        "mean": [0.00457450607792, 0.00478332489729, 0.00130726909265, 0.000449593091616, 0.000261160632363, 0.000264762726147, 0.000294301891699, 0.000274204154266, 0.000436213100329, 0.000207677381695, 9.410995699e-05, 5.80677915423e-05, 5.24253409822e-05, 4.61702802568e-05, 4.43913158961e-05, 3.4473654523e-05, 4.18508425355e-05, 2.63311158051e-05, 3.18016682286e-05, 3.29697177222e-05, 4.73166401207e-05, 2.38141819864e-05, 2.04496554943e-05, 7.59674594519e-06, 5.39700022273e-06, 1.05048084151e-05, 1.38533350764e-05, 4.86603812533e-06, 2.55497275248e-06, 2.79416667581e-06, 2.60302954302e-06, 2.8340755307e-06, 2.65117409981e-06, 2.24564973905e-06, 2.4576972919e-06, 2.10119719668e-06, 1.35049549499e-06, 1.59044918746e-06, 2.30415071201e-06, 1.71046838204e-06],
        "median": [0.00408731587231, 0.00393039593473, 0.000576431339141, 0.000240396475419, 7.07620856701e-05, 6.67766144034e-05, 3.89559500036e-05, 3.32002528012e-05, 0.000107015512185, 3.725438728e-05, 1.22492747323e-05, 7.16613703844e-06, 7.65433105698e-06, 5.02608554598e-06, 6.66966798235e-06, 3.656577519e-06, 6.66701953378e-06, 2.84441716758e-06, 4.23335814048e-06, 2.67874315796e-06, 2.27270129471e-06, 5.1114047892e-06, 4.74929993288e-06, 2.16034482037e-06, 1.70856867499e-06, 2.52070708484e-06, 2.73420755548e-06, 1.25918484173e-06, 3.80763680141e-07, 5.21965262124e-07, 6.21826870884e-07, 6.32180046978e-07, 8.43718908072e-07, 7.02550153164e-07, 7.47469243834e-07, 4.38579576212e-07, 1.88498674447e-07, 9.15764744036e-08, 7.58062554951e-08, 9.39005175837e-08],
        "min": [5.75649315252e-24, 5.83324064113e-24, 5.84112846132e-24, 1.05233405779e-23, 8.20608139035e-24, 6.43504763736e-24, 1.03089439611e-23, 4.3022391178e-24, 7.28190796292e-24, 6.45417002014e-24, 1.33021196826e-24, 3.30547628759e-24, 6.17826946841e-24, 7.45151069096e-24, 7.08336981687e-24, 4.80326992225e-24, 3.83941166369e-24, 4.0268221378e-24, 7.44847199875e-24, 8.69993356057e-24, 1.09936010739e-23, 6.64330060545e-24, 7.96146508997e-24, 8.23546488135e-24, 1.22119012898e-23, 9.4596468442e-24, 8.2484566316e-24, 9.06636181763e-24, 8.66866469201e-24, 8.4807738016e-24, 8.95734755141e-24, 8.63061240852e-24, 8.52091341104e-24, 9.77137548609e-24, 9.41270173173e-24, 6.87578264739e-24, 5.60124059321e-24, 7.7797399364e-24, 1.31401941489e-23, 1.16064047912e-23],
        "var": [1.28330775624e-05, 2.74690100923e-05, 5.43379746887e-06, 6.55920530335e-07, 2.28235379041e-07, 1.99433998205e-07, 4.97401913435e-07, 3.15166346354e-07, 5.9294688981e-07, 1.48490741481e-07, 7.29733429239e-08, 2.94064221862e-08, 2.29304593091e-08, 1.55615662578e-08, 1.08491198247e-08, 7.95957166844e-09, 9.31753962874e-09, 4.9112456324e-09, 6.6221628181e-09, 6.57367626999e-09, 1.40909302004e-08, 1.47530276884e-09, 1.3975413049e-09, 1.86186677187e-10, 8.97182467208e-11, 4.62437643733e-10, 7.49923956267e-10, 1.03396798068e-10, 3.52831167061e-11, 3.01722292984e-11, 3.23651487555e-11, 2.66609425509e-11, 2.02805151145e-11, 1.71377252667e-11, 2.73761967956e-11, 4.64507148024e-11, 3.48201571743e-11, 5.48318196403e-11, 1.0554269958e-10, 6.3774645287e-11]
    },
    "mfcc": {
