{
"metadata": {
    "version": {
        "essentia": "2.0.1",
        "extractor": "archive-music 1.0"
    },
    "audio_properties": {
        "analysis_sample_rate": 44100,
        "bitrate": 128,
        "channels": 2,
        "equal_loudness": 0,
        "length": 15.4644899368,
        "replay_gain": -12.5330963135,
        "downmix": "mix"
    },
    "tags": {
        "track": 7,
        "year": 0,
        "album": "Open Skies",
        "artist": "Joe Farren",
        "comment": "",
        "genre": "Other",
        "title": "American Dream"
    }
},
"highlevel": {
    "culture": {
        "all": {
            "non_western": 0.00461197365075,
            "western": 0.995388031006
        },
        "probability": 0.995388031006,
        "value": "western"
    },
    "danceability": {
        "all": {
            "danceable": 0.145501643419,
            "not_danceable": 0.854498386383
        },
        "probability": 0.854498386383,
        "value": "not_danceable"
    },
    "gender": {
        "all": {
            "female": 0.0357745885849,
            "male": 0.964225411415
        },
        "probability": 0.964225411415,
        "value": "male"
    },
    "genre_dortmund": {
        "all": {
            "alternative": 0.075068436563,
            "blues": 0.0161661151797,
            "electronic": 0.00354695948772,
            "folkcountry": 0.584037840366,
            "funksoulrnb": 0.0171920377761,
            "jazz": 0.051563680172,
            "pop": 0.115566171706,
            "raphiphop": 0.00312982057221,
            "rock": 0.133728936315
        },
        "probability": 0.584037840366,
        "value": "folkcountry"
    },
    "genre_electronic": {
        "all": {
            "ambient": 0.710017263889,
            "dnb": 0.0813725367188,
            "house": 0.145109727979,
            "techno": 0.0181163866073,
            "trance": 0.0453840941191
        },
        "probability": 0.710017263889,
        "value": "ambient"
    },
    "genre_rosamerica": {
        "all": {
            "cla": 0.0163599103689,
            "dan": 0.0125724896789,
            "hip": 0.0189241822809,
            "jaz": 0.1204880476,
            "pop": 0.301114559174,
            "rhy": 0.422082901001,
            "roc": 0.0916403159499,
            "spe": 0.0168175902218
        },
        "probability": 0.422082901001,
        "value": "rhy"
    },
    "genre_tzanetakis": {
        "all": {
            "blu": 0.00147837575059,
            "cla": 0.00122147577349,
            "cou": 0.0199890378863,
            "dis": 0.0101534603164,
            "hip": 0.0172138288617,
            "jaz": 0.00954088289291,
            "met": 0.00135327887256,
            "pop": 0.0587699487805,
            "reg": 0.0368764437735,
            "roc": 0.843403279781
        },
        "probability": 0.843403279781,
        "value": "roc"
    },
    "mirex_ballroom": {
        "all": {
            "ChaChaCha": 0.0237664207816,
            "Jive": 0.0394264422357,
            "Quickstep": 0.0455440208316,
            "Rumba-American": 0.0236050598323,
            "Rumba-International": 0.75011664629,
            "Rumba-Misc": 0.0433546230197,
            "Samba": 0.0428409762681,
            "Tango": 0.00255380314775,
            "VienneseWaltz": 0.0174226984382,
            "Waltz": 0.0113693093881
        },
        "probability": 0.75011664629,
        "value": "Rumba-International"
    },
    "mood_acoustic": {
        "all": {
            "acoustic": 0.973763048649,
            "not_acoustic": 0.0262369476259
        },
        "probability": 0.973763048649,
        "value": "acoustic"
    },
    "mood_aggressive": {
        "all": {
            "aggressive": 0.00757112680003,
            "not_aggressive": 0.992428898811
        },
        "probability": 0.992428898811,
        "value": "not_aggressive"
    },
    "mood_electronic": {
        "all": {
            "electronic": 0.0427679307759,
            "not_electronic": 0.957232058048
        },
        "probability": 0.957232058048,
        "value": "not_electronic"
    },
    "mood_happy": {
        "all": {
            "happy": 0.583046317101,
            "not_happy": 0.416953712702
        },
        "probability": 0.583046317101,
        "value": "happy"
    },
    "mood_party": {
        "all": {
            "not_party": 0.905770838261,
            "party": 0.0942291617393
        },
        "probability": 0.905770838261,
        "value": "not_party"
    },
    "mood_relaxed": {
        "all": {
            "not_relaxed": 0.694665014744,
            "relaxed": 0.305334985256
        },
        "probability": 0.694665014744,
        "value": "not_relaxed"
    },
    "mood_sad": {
        "all": {
            "not_sad": 0.0765325725079,
            "sad": 0.92346739769
        },
        "probability": 0.92346739769,
        "value": "sad"
    },
    "moods_mirex": {
        "all": {
            "Cluster1": 0.185617849231,
            "Cluster2": 0.314497590065,
            "Cluster3": 0.365929841995,
            "Cluster4": 0.122462213039,
            "Cluster5": 0.0114924944937
        },
        "probability": 0.365929841995,
        "value": "Cluster3"
    },
    "timbre": {
        "all": {
            "bright": 0.999994039536,
            "dark": 5.95958499616e-06
        },
        "probability": 0.999994039536,
        "value": "bright"
    },
    "tonal_atonal": {
        "all": {
            "atonal": 0.00163542223163,
            "tonal": 0.998364567757
        },
        "probability": 0.998364567757,
        "value": "tonal"
    },
    "voice_instrumental": {
        "all": {
            "instrumental": 0.0484279282391,
            "voice": 0.951572060585
        },
        "probability": 0.951572060585,
        "value": "voice"
    }
},
"lowlevel": {
    "average_loudness": 0.951201975346,
    "barkbands_kurtosis": {
        "dmean": 4.78291082382,
        "dmean2": 7.70443439484,
        "dvar": 38.7477340698,
        "dvar2": 98.716506958,
        "max": 56.3892440796,
        "mean": 10.6923084259,
        "median": 7.26186752319,
        "min": -1.94426620007,
        "var": 109.611854553
    },
    "barkbands_skewness": {
        "dmean": 0.631414711475,
        "dmean2": 0.973600029945,
        "dvar": 0.461039215326,
        "dvar2": 1.00591742992,
        "max": 6.21545124054,
        "mean": 2.43120360374,
        "median": 2.3918068409,
        "min": -1.84709835052,
        "var": 2.04579162598
    },
    "barkbands_spread": {
        "dmean": 5.42210769653,
        "dmean2": 7.96768522263,
        "dvar": 78.5912857056,
        "dvar2": 137.499237061,
        "max": 96.4856567383,
        "mean": 16.8649940491,
        "median": 10.9490766525,
        "min": 1.66345918179,
        "var": 320.866088867
    },
    "dissonance": {
        "dmean": 0.0254875626415,
        "dmean2": 0.0419792309403,
        "dvar": 0.000515425694175,
        "dvar2": 0.00137362407986,
        "max": 0.4990003407,
        "mean": 0.436846226454,
        "median": 0.444428771734,
        "min": 0.258619815111,
        "var": 0.00140833808109
    },
    "dynamic_complexity": 3.03574728966,
    "erbbands_kurtosis": {
        "dmean": 1.40692877769,
        "dmean2": 2.19234681129,
        "dvar": 2.83629012108,
        "dvar2": 6.74646759033,
        "max": 16.3387298584,
        "mean": 1.99259245396,
        "median": 1.37967586517,
        "min": -1.70594727993,
        "var": 8.19109725952
    },
    "erbbands_skewness": {
        "dmean": 0.396449953318,
        "dmean2": 0.586532175541,
        "dvar": 0.147882208228,
        "dvar2": 0.284711509943,
        "max": 3.31247520447,
        "mean": 0.976154208183,
        "median": 1.08407044411,
        "min": -3.55543422699,
        "var": 0.877834439278
    },
    "erbbands_spread": {
        "dmean": 9.95337963104,
        "dmean2": 14.1767959595,
        "dvar": 150.464141846,
        "dvar2": 283.870147705,
        "max": 135.271286011,
        "mean": 41.3641357422,
        "median": 33.203742981,
        "min": 5.78889417648,
        "var": 657.28729248
    },
    "hfc": {
        "dmean": 5.10618448257,
        "dmean2": 7.30684232712,
        "dvar": 75.6644287109,
        "dvar2": 155.087646484,
        "max": 133.727035522,
        "mean": 19.997959137,
        "median": 15.8665428162,
        "min": 1.17161769318e-16,
        "var": 328.218597412
    },
    "melbands_kurtosis": {
        "dmean": 10.2103013992,
        "dmean2": 15.9785642624,
        "dvar": 231.793899536,
        "dvar2": 561.110168457,
        "max": 176.627456665,
        "mean": 22.8169956207,
        "median": 15.4569625854,
        "min": -1.35292518139,
        "var": 569.672363281
    },
    "melbands_skewness": {
        "dmean": 0.832379698753,
        "dmean2": 1.28222537041,
        "dvar": 0.887215077877,
        "dvar2": 1.9820420742,
        "max": 11.4951791763,
        "mean": 3.23385000229,
        "median": 2.91790747643,
        "min": -0.386552333832,
        "var": 3.57003283501
    },
    "melbands_spread": {
        "dmean": 6.03100299835,
        "dmean2": 9.56375312805,
        "dvar": 221.511642456,
        "dvar2": 506.776000977,
        "max": 204.501403809,
        "mean": 16.3992557526,
        "median": 10.5866413116,
        "min": 1.50417363644,
        "var": 515.612121582
    },
    "pitch_salience": {
        "dmean": 0.06869045645,
        "dmean2": 0.112451583147,
        "dvar": 0.00439208047464,
        "dvar2": 0.0121033806354,
        "max": 0.846283257008,
        "mean": 0.553542435169,
        "median": 0.561087667942,
        "min": 0.206112474203,
        "var": 0.0119879813865
    },
    "silence_rate_20dB": {
        "dmean": 0,
        "dmean2": 0,
        "dvar": 0,
        "dvar2": 0,
        "max": 1,
        "mean": 1,
        "median": 1,
        "min": 1,
        "var": 0
    },
    "silence_rate_30dB": {
        "dmean": 0,
        "dmean2": 0,
        "dvar": 0,
        "dvar2": 0,
        "max": 1,
        "mean": 1,
        "median": 1,
        "min": 1,
        "var": 0
    },
    "silence_rate_60dB": {
        "dmean": 0.00300300307572,
        "dmean2": 0.00601503765211,
        "dvar": 0.00299396947958,
        "dvar2": 0.00597891397774,
        "max": 1,
        "mean": 0.0584707632661,
        "median": 0,
        "min": 0,
        "var": 0.0550515018404
    },
    "spectral_centroid": {
        "dmean": 216.413024902,
        "dmean2": 300.66015625,
        "dvar": 252255.234375,
        "dvar2": 283446.90625,
        "max": 11411.8828125,
        "mean": 873.38458252,
        "median": 712.74395752,
        "min": 233.093353271,
        "var": 664190.9375
    },
    "spectral_complexity": {
        "dmean": 2.08708715439,
        "dmean2": 3.43157887459,
        "dvar": 8.38581180573,
        "dvar2": 21.0302524567,
        "max": 34,
        "mean": 12.5547227859,
        "median": 12,
        "min": 0,
        "var": 29.2634525299
    },
    "spectral_crest": {
        "dmean": 2.27694630623,
        "dmean2": 3.69779658318,
        "dvar": 4.75042963028,
        "dvar2": 12.1005783081,
        "max": 22.5438632965,
        "mean": 11.0168237686,
        "median": 10.4003648758,
        "min": 4.27111625671,
        "var": 12.8360214233
    },
    "spectral_decrease": {
        "dmean": 2.3576736119e-09,
        "dmean2": 3.91086318885e-09,
        "dvar": 1.1918335903e-17,
        "dvar2": 3.20526994885e-17,
        "max": 3.73874490739e-29,
        "mean": -7.30854754494e-09,
        "median": -6.70932553959e-09,
        "min": -2.87158581358e-08,
        "var": 2.15934125787e-17
    },
    "spectral_energy": {
        "dmean": 0.00914453342557,
        "dmean2": 0.015147219412,
        "dvar": 0.000177057168912,
        "dvar2": 0.000475301028928,
        "max": 0.112227901816,
        "mean": 0.0293980017304,
        "median": 0.0270420797169,
        "min": 1.06435914357e-20,
        "var": 0.000331260991516
    },
    "spectral_energyband_high": {
        "dmean": 0.000433717417764,
        "dmean2": 0.000602102896664,
        "dvar": 1.18930279314e-06,
        "dvar2": 2.31192097999e-06,
        "max": 0.0190935358405,
        "mean": 0.000947656866629,
        "median": 0.000327715155436,
        "min": 7.68127671635e-21,
        "var": 4.43841008746e-06
    },
    "spectral_energyband_low": {
        "dmean": 0.00369805749506,
        "dmean2": 0.00654785521328,
        "dvar": 7.18923838576e-05,
        "dvar2": 0.000207319360925,
        "max": 0.0685487017035,
        "mean": 0.00564943486825,
        "median": 0.00332031212747,
        "min": 3.52368231372e-23,
        "var": 6.08508817095e-05
    },
    "spectral_energyband_middle_high": {
        "dmean": 0.000749031663872,
        "dmean2": 0.00101853639353,
        "dvar": 1.51753192768e-06,
        "dvar2": 2.29266765928e-06,
        "max": 0.0287025086582,
        "mean": 0.0031519215554,
        "median": 0.00153064110782,
        "min": 1.60402245827e-21,
        "var": 1.76387184183e-05
    },
    "spectral_energyband_middle_low": {
        "dmean": 0.00722052529454,
        "dmean2": 0.011620035395,
        "dvar": 0.000126075290609,
        "dvar2": 0.000321812462062,
        "max": 0.106264486909,
        "mean": 0.0221200250089,
        "median": 0.019145026803,
        "min": 1.84177867275e-22,
        "var": 0.000262523710262
    },
    "spectral_flatness_db": {
        "dmean": 0.0222320184112,
        "dmean2": 0.0336082465947,
        "dvar": 0.000423949997639,
        "dvar2": 0.000943425460719,
        "max": 0.293001532555,
        "mean": 0.159635081887,
        "median": 0.155651465058,
        "min": 0.0549281463027,
        "var": 0.00152375421021
    },
    "spectral_flux": {
        "dmean": 0.0262917838991,
        "dmean2": 0.0427292622626,
        "dvar": 0.00106400460936,
        "dvar2": 0.00240248255432,
        "max": 0.260606795549,
        "mean": 0.075060069561,
        "median": 0.0620642565191,
        "min": 1.03596492496e-10,
        "var": 0.00218155723996
    },
    "spectral_kurtosis": {
        "dmean": 1.62989330292,
        "dmean2": 2.35409498215,
        "dvar": 3.2923181057,
        "dvar2": 6.22293615341,
        "max": 19.957490921,
        "mean": 4.73895692825,
        "median": 4.15456724167,
        "min": -1.25275397301,
        "var": 12.9994916916
    },
    "spectral_rms": {
        "dmean": 0.000777327804826,
        "dmean2": 0.00125781586394,
        "dvar": 9.21884918625e-07,
        "dvar2": 2.36788810071e-06,
        "max": 0.0104637769982,
        "mean": 0.00503573054448,
        "median": 0.00513639161363,
        "min": 3.22242016057e-12,
        "var": 3.32243780576e-06
    },
    "spectral_rolloff": {
        "dmean": 469.203308105,
        "dmean2": 777.072692871,
        "dvar": 2348830.5,
        "dvar2": 4362200.5,
        "max": 19379.8828125,
        "mean": 1319.65942383,
        "median": 581.396484375,
        "min": 150.732421875,
        "var": 6168082
    },
    "spectral_skewness": {
        "dmean": 0.270717740059,
        "dmean2": 0.371715754271,
        "dvar": 0.077049843967,
        "dvar2": 0.128073558211,
        "max": 3.7867462635,
        "mean": 1.7641146183,
        "median": 1.74945867062,
        "min": -0.169654086232,
        "var": 0.457960873842
    },
    "spectral_spread": {
        "dmean": 864928.375,
        "dmean2": 1043100.5,
        "dvar": 3.21199826534e+12,
        "dvar2": 3.14867397427e+12,
        "max": 40298672,
        "mean": 5808873.5,
        "median": 5201096,
        "min": 2592856.5,
        "var": 8.1652392919e+12
    },
    "spectral_strongpeak": {
        "dmean": 0.476327031851,
        "dmean2": 0.780691623688,
        "dvar": 0.621969342232,
        "dvar2": 1.50332629681,
        "max": 11.8666143417,
        "mean": 1.31956398487,
        "median": 0.684812426567,
        "min": 0,
        "var": 1.94909644127
    },
    "zerocrossingrate": {
        "dmean": 0.0136462142691,
        "dmean2": 0.0154083939269,
        "dvar": 0.000633594521787,
        "dvar2": 0.00087850575801,
        "max": 0.515625,
        "mean": 0.0606808401644,
        "median": 0.0439453125,
        "min": 0.01123046875,
        "var": 0.00359451584518
    },
    "barkbands": {
        "dmean": [6.53602182865e-05, 0.00124207057524, 0.0015174059663, 0.00256396457553, 0.00464363535866, 0.00112572417129, 0.000832724850625, 0.000769434322137, 0.000706635590177, 0.00039020073018, 0.000132285262225, 0.00018043264572, 0.000102816062281, 0.000103237121948, 3.07338304992e-05, 7.1579044743e-05, 0.000143518613186, 9.96567396214e-05, 5.61740489502e-05, 7.37611990189e-05, 0.000106503743154, 7.05231213942e-05, 9.07701978576e-05, 0.000102001358755, 7.04889171175e-05, 4.30725522165e-05, 9.74940758169e-06],
        "dmean2": [0.00011331600399, 0.00228303484619, 0.00271762371995, 0.00430517084897, 0.00773704564199, 0.00163151137531, 0.00129965587985, 0.00116364215501, 0.00107192154974, 0.000528010714334, 0.000184312535566, 0.000275301805232, 0.000154358524014, 0.000165165489307, 4.9572023272e-05, 0.000110558939923, 0.000218313056394, 0.000149785439135, 8.53676829138e-05, 0.000109260814497, 0.000175042136107, 0.000103971382487, 0.000129821259179, 0.000139313502586, 9.67274609138e-05, 6.25817119726e-05, 1.42338458318e-05],
        "dvar": [5.42209050991e-08, 1.75695477083e-05, 1.23134659589e-05, 2.14293304452e-05, 8.40907814563e-05, 4.28951534559e-06, 3.32654258273e-06, 4.06844719691e-06, 5.37243386134e-06, 9.01580392565e-07, 2.30391137279e-07, 8.07138391679e-08, 5.76575338584e-08, 1.1539825806e-07, 3.10831516082e-09, 5.38383595483e-08, 3.11943495035e-07, 8.75833023883e-08, 1.67462808065e-08, 6.60823218368e-08, 2.57007201299e-07, 2.60455959022e-08, 8.16825362904e-08, 1.30567300971e-07, 4.37613856263e-08, 3.61664942439e-09, 4.76068129363e-10],
        "dvar2": [1.40836533546e-07, 4.9371530622e-05, 3.63201033906e-05, 5.79316692892e-05, 0.000216286207433, 9.86402301351e-06, 8.08700860944e-06, 9.30467467697e-06, 1.20688791867e-05, 1.29141574234e-06, 4.00757642183e-07, 1.89152117969e-07, 1.27360152646e-07, 3.03116337363e-07, 7.9121029728e-09, 1.08937868504e-07, 4.90431773414e-07, 1.76070685143e-07, 3.36828556158e-08, 1.23886039205e-07, 6.82772849814e-07, 5.13777784761e-08, 1.64090224075e-07, 2.58526910102e-07, 7.94965657747e-08, 7.57968177112e-09, 9.72260050247e-10],
        "max": [0.00188769004308, 0.0333254411817, 0.0265623666346, 0.0621958561242, 0.0937056094408, 0.031031191349, 0.0220858454704, 0.0374949388206, 0.0419650152326, 0.0246904455125, 0.0120545290411, 0.00393272284418, 0.00366599415429, 0.00513896113262, 0.000636911718175, 0.0052350810729, 0.0136860413477, 0.00634317426011, 0.00211741076782, 0.00492274668068, 0.0113309696317, 0.0036407103762, 0.00629246188328, 0.00737394578755, 0.00272103329189, 0.000930258771405, 0.000263201887719],
        "mean": [5.09029741806e-05, 0.00116444414016, 0.00214138091542, 0.00440926803276, 0.00747655145824, 0.00266613834538, 0.0018839755794, 0.00297391600907, 0.00228457618505, 0.00126425013877, 0.000332928844728, 0.000429209554568, 0.000186189994565, 0.000228540491662, 5.2037754358e-05, 0.00015503593022, 0.000362625840353, 0.000214838641114, 0.000111340326839, 0.000116111827083, 0.000167957216036, 0.000138479081215, 0.000177237612661, 0.000199756817892, 0.000138910938404, 6.00375060458e-05, 1.13824817163e-05],
        "median": [3.31980163537e-06, 0.000521017354913, 0.00124030862935, 0.00280718365684, 0.00494063273072, 0.00171210768167, 0.00048055514344, 0.000659602810629, 0.000271386204986, 0.000241405155975, 8.33200028865e-05, 0.000184544711374, 5.32431658939e-05, 3.38462923537e-05, 3.04578061332e-05, 3.91282010241e-05, 2.9567430829e-05, 3.91733483411e-05, 3.52251263394e-05, 2.756673166e-05, 5.80303203606e-05, 6.05785207881e-05, 5.17005137226e-05, 3.31658084178e-05, 2.28825556405e-05, 2.10068119486e-05, 1.23690290366e-06],
        "min": [1.16647615655e-23, 1.47256570514e-23, 8.22728725338e-25, 3.28827872542e-24, 4.45266290174e-23, 1.92124328231e-23, 3.07869471233e-23, 1.30114512603e-23, 4.59241623753e-23, 4.34282064712e-23, 2.43044289921e-23, 1.06469451421e-22, 9.55401811652e-23, 9.1128713211e-23, 1.18392900988e-22, 1.52726399502e-22, 9.36931611744e-23, 1.97454320579e-22, 1.71967499531e-22, 2.67588889193e-22, 2.93682994299e-22, 4.88535474908e-22, 5.71408380093e-22, 7.18278730619e-22, 1.13047811735e-21, 1.77859805817e-21, 2.35148969871e-21],
        "var": [4.06400779696e-08, 1.07201585706e-05, 9.20615912037e-06, 2.91609867418e-05, 9.09782102099e-05, 9.85697806755e-06, 1.12443349281e-05, 4.56252091681e-05, 4.2932035285e-05, 9.05219712877e-06, 1.34176787014e-06, 3.64986703971e-07, 1.09299662654e-07, 3.36441161153e-07, 4.44180603409e-09, 2.1317100618e-07, 1.00069121345e-06, 2.3812592076e-07, 4.94904099924e-08, 1.6072029041e-07, 3.09679592192e-07, 7.16724315453e-08, 2.58096889638e-07, 4.74314248322e-07, 1.64674943903e-07, 9.35168387173e-09, 6.69045319146e-10]
    },
    "erbbands": {
        "dmean": [0.0305101722479, 0.308236986399, 1.37618196011, 5.53857326508, 17.7093811035, 12.0725593567, 8.98324108124, 9.28089618683, 10.9336433411, 14.7891845703, 16.7489490509, 17.4951553345, 11.5148153305, 9.33850479126, 5.85712814331, 7.73707532883, 5.1814866066, 5.85229730606, 1.63912308216, 1.68587517738, 4.98057174683, 6.22218132019, 5.12483167648, 3.71178102493, 3.12512755394, 3.31094288826, 3.18187713623, 4.85543680191, 2.72956848145, 2.09226346016, 2.91599774361, 2.62233328819, 1.52430415154, 1.01384878159, 0.449968218803, 0.273720622063, 0.0380262061954, 0.0223401803523, 0.000829898403026, 2.07297198358e-05],
        "dmean2": [0.0550235100091, 0.574944913387, 2.48526382446, 9.461769104, 29.4837551117, 20.0297298431, 13.3234243393, 14.0295639038, 17.0392246246, 23.4327259064, 24.254070282, 25.7586193085, 16.3541660309, 12.1302719116, 8.46657752991, 11.5014982224, 7.83445739746, 9.13901138306, 2.67636060715, 2.76181030273, 7.66696596146, 8.60289001465, 6.77994012833, 5.23414945602, 4.2187962532, 4.9569234848, 4.84201145172, 8.24500751495, 4.1737613678, 3.13756251335, 4.23976039886, 3.75205779076, 2.17926096916, 1.4370932579, 0.63028305769, 0.405471235514, 0.0547400563955, 0.0313115045428, 0.00119783484843, 2.95598729281e-05],
        "dvar": [0.0124609954655, 1.05461680889, 12.4124031067, 91.3569564819, 1226.92553711, 466.640014648, 172.594146729, 347.795440674, 481.646453857, 1344.99035645, 2120.49072266, 3094.88964844, 1519.59204102, 854.926513672, 389.708618164, 126.805259705, 156.221405029, 371.855316162, 12.9928178787, 8.20133399963, 177.210601807, 767.231872559, 182.590072632, 108.333999634, 88.3140258789, 145.647201538, 70.2953414917, 819.57598877, 45.4282913208, 20.5265789032, 90.9777832031, 93.9684906006, 29.3044700623, 10.9409065247, 1.21692955494, 0.179519191384, 0.00363731593825, 0.00195951550268, 3.20882713822e-06, 1.06438102776e-09],
        "dvar2": [0.0341505669057, 3.03320765495, 36.711933136, 257.87689209, 3196.38916016, 1211.87145996, 414.142852783, 779.803039551, 1165.27282715, 3387.51928711, 4531.82275391, 7095.12548828, 2226.20068359, 953.950073242, 571.482055664, 312.239898682, 341.77432251, 989.994995117, 32.4005889893, 21.6270599365, 337.433624268, 1125.94946289, 189.393920898, 194.210098267, 122.413299561, 312.49407959, 135.178283691, 2341.49633789, 101.976676941, 49.1397361755, 188.942687988, 194.832260132, 62.9557228088, 22.2414703369, 2.296407938, 0.369669556618, 0.00828699301928, 0.00383063545451, 6.52652943245e-06, 2.13523732029e-09],
        "max": [0.883607149124, 7.86100244522, 25.0217113495, 130.486984253, 309.672027588, 220.727127075, 157.906936646, 323.357208252, 220.580718994, 648.572509766, 982.687316895, 1116.07250977, 861.233215332, 943.192993164, 569.733154297, 145.22428894, 200.092407227, 279.566864014, 40.3281097412, 37.8332748413, 321.494384766, 757.932800293, 385.531707764, 276.500671387, 220.61491394, 269.201202393, 168.383346558, 611.219177246, 134.178710938, 64.991355896, 198.056732178, 217.644592285, 85.9848022461, 42.4532775879, 15.7818307877, 6.68680715561, 0.83114862442, 0.41020616889, 0.0208219699562, 0.000335268268827],
        "mean": [0.0292114242911, 0.298133850098, 1.79548227787, 10.2686376572, 24.266336441, 20.6492919922, 20.0696811676, 21.3190879822, 22.9793720245, 48.4504394531, 66.2528839111, 60.48853302, 34.0719184875, 35.2905921936, 16.7097949982, 18.2244739532, 10.4662179947, 13.5292797089, 3.52160191536, 3.51616382599, 14.590338707, 16.1203098297, 12.9413919449, 8.14689731598, 5.76170969009, 5.18843364716, 5.44172096252, 7.34095859528, 5.17509365082, 3.89221143723, 5.5083770752, 4.89741039276, 2.95605301857, 1.87803661823, 0.811525523663, 0.382746487856, 0.0575394481421, 0.0285579729825, 0.0010212456109, 5.58715983061e-05],
        "median": [0.0124555528164, 0.149053066969, 1.06550860405, 6.16839981079, 13.0772476196, 12.8446092606, 14.5193681717, 11.8094339371, 11.3442411423, 8.99510002136, 17.1672344208, 8.56019496918, 7.54343938828, 5.73926067352, 5.51210308075, 8.57134151459, 4.05441188812, 2.15621447563, 1.61386442184, 1.70840454102, 2.72221827507, 1.66382491589, 2.04982733727, 1.84121084213, 1.97074651718, 1.35296392441, 1.75529849529, 2.68266034126, 2.17916202545, 1.68163239956, 1.46178603172, 0.884908974171, 0.480929136276, 0.251516908407, 0.189711615443, 0.120477870107, 0.0208708830178, 0.0050007677637, 0.000157515576575, 4.35146430391e-05],
        "min": [1.88258158799e-22, 1.14313462695e-21, 1.07211806136e-21, 5.69903854477e-21, 5.10737402407e-20, 1.0889416589e-19, 1.38685851133e-19, 1.7818107582e-19, 4.84149071021e-19, 1.69810046795e-19, 5.33497528993e-19, 7.63419618082e-19, 1.27822762152e-18, 1.27784153497e-18, 1.11944389229e-18, 5.36871609051e-18, 4.37529119999e-18, 5.57585576437e-18, 4.5192367566e-18, 7.92058027436e-18, 6.92753878205e-18, 6.5060455922e-18, 1.02858378887e-17, 1.00352584114e-17, 1.17828974854e-17, 1.09029427498e-17, 1.04416787161e-17, 1.44094002439e-17, 1.75238494011e-17, 1.45571082315e-17, 1.81027550615e-17, 1.48226315538e-17, 1.26227422332e-17, 1.16946712285e-17, 8.99618969464e-18, 6.42575447886e-18, 3.08385009197e-18, 1.25281435836e-18, 3.23842036995e-19, 3.39476991343e-20],
        "var": [0.00798284914345, 0.610812067986, 8.150349617, 139.651229858, 1318.99499512, 604.003601074, 433.444946289, 744.133300781, 1159.27209473, 11098.7626953, 24476.4101562, 28579.5234375, 6727.61376953, 11040.6289062, 2110.15600586, 501.802581787, 329.827575684, 1169.35705566, 24.9697952271, 22.1041240692, 1117.18029785, 2365.04077148, 922.116088867, 365.467285156, 259.368408203, 335.404083252, 199.450241089, 768.073425293, 113.396713257, 48.1685028076, 285.219512939, 318.610626221, 90.2611541748, 35.5685005188, 4.33965444565, 0.518918454647, 0.00854330789298, 0.00309107964858, 4.65930679638e-06, 2.22822560403e-09]
    },
    "gfcc": {
        "mean": [-16.2135028839, 86.2768249512, -81.3486785889, 20.4614200592, -74.2857513428, 5.03774547577, -43.6158790588, 2.15428686142, -33.0424957275, -5.00290441513, -26.081325531, 2.37335276604, -19.731842041],
        "cov": [[16586.2402344, 122.460876465, -987.643310547, 239.654953003, -786.012023926, 18.4956912994, -234.303543091, 215.045928955, -243.187316895, -56.1581726074, -217.37147522, 37.118183136, -227.944091797], [122.460876465, 1062.87219238, -235.747238159, -298.958587646, 69.5936126709, -133.412445068, 45.0302047729, 19.5275058746, 41.3878593445, -64.3339233398, 15.0227966309, -12.5384817123, -3.54613423347], [-987.643310547, -235.747238159, 727.181213379, 113.672729492, 93.7398834229, 142.1746521, 54.3796806335, -116.219444275, -121.323524475, 112.018531799, 52.8746604919, 78.7285079956, 22.6349582672], [239.654953003, -298.958587646, 113.672729492, 489.05770874, 57.3012428284, -73.9136962891, -81.4387817383, 73.3299789429, 38.8545188904, -21.4848022461, 25.0276260376, 23.676158905, 0.0863215327263], [-786.012023926, 69.5936126709, 93.7398834229, 57.3012428284, 251.203659058, -28.965303421, 38.7150268555, 35.1513977051, 46.9758682251, 13.6907682419, 26.0296726227, 0.138708904386, -21.2987289429], [18.4956912994, -133.412445068, 142.1746521, -73.9136962891, -28.965303421, 382.962921143, 79.8692474365, -87.4810409546, -107.105796814, 66.4545516968, -2.37701964378, -29.8688621521, 33.0713577271], [-234.303543091, 45.0302047729, 54.3796806335, -81.4387817383, 38.7150268555, 79.8692474365, 218.024581909, -26.8881912231, -46.4915237427, 36.4775657654, -12.8190050125, 5.17293596268, 22.9215164185], [215.045928955, 19.5275058746, -116.219444275, 73.3299789429, 35.1513977051, -87.4810409546, -26.8881912231, 217.947372437, 117.233016968, -64.7910232544, 11.5392122269, 17.6037445068, 1.17844259739], [-243.187316895, 41.3878593445, -121.323524475, 38.8545188904, 46.9758682251, -107.105796814, -46.4915237427, 117.233016968, 203.565994263, -33.0808486938, -4.88425016403, 3.28960514069, -0.484760075808], [-56.1581726074, -64.3339233398, 112.018531799, -21.4848022461, 13.6907682419, 66.4545516968, 36.4775657654, -64.7910232544, -33.0808486938, 114.268424988, 1.31694328785, 9.80763149261, 7.15321350098], [-217.37147522, 15.0227966309, 52.8746604919, 25.0276260376, 26.0296726227, -2.37701964378, -12.8190050125, 11.5392122269, -4.88425016403, 1.31694328785, 86.751449585, 23.0169506073, 8.61552619934], [37.118183136, -12.5384817123, 78.7285079956, 23.676158905, 0.138708904386, -29.8688621521, 5.17293596268, 17.6037445068, 3.28960514069, 9.80763149261, 23.0169506073, 88.7404174805, 13.056429863], [-227.944091797, -3.54613423347, 22.6349582672, 0.0863215327263, -21.2987289429, 33.0713577271, 22.9215164185, 1.17844259739, -0.484760075808, 7.15321350098, 8.61552619934, 13.056429863, 79.6010665894]],
        "icov": [[0.000104698265204, -9.22326216823e-05, 0.000155890986207, -0.000185198194231, 0.000330661889166, -0.000107923624455, 4.66360252176e-05, -0.000253072590567, 0.000263794703642, -0.000255395949353, 0.000214542480535, -0.00023330510885, 0.000414809997892], [-9.22326216823e-05, 0.00152331602294, 0.000181740004336, 0.00113362341654, -0.0010231930064, 0.000620172242634, -0.000168955753907, 0.000433250563219, -0.000123927078675, 0.000918977719266, -0.000665972009301, 0.000113155503641, -0.000768173660617], [0.000155890986207, 0.000181740004336, 0.00276267458685, -0.000710501568392, -0.000721853459254, -0.000705173821189, 0.000138698029332, 0.000522487272974, 0.00127528537996, -0.00134357903153, -0.000237153639318, -0.0025289633777, 0.000290829892037], [-0.000185198194231, 0.00113362341654, -0.000710501568392, 0.00357228377834, -0.00149866868742, 0.000899230479263, 0.000847538409289, -0.000370425870642, -0.000180276154424, 0.00109166512266, -0.000628693203907, 0.000500237452798, -0.00140803377144], [0.000330661889166, -0.0010231930064, -0.000721853459254, -0.00149866868742, 0.00704445829615, -9.25640488276e-05, -0.00160530535504, -0.00149732152931, -0.00102978409268, -0.00171673623845, -0.000943554739933, 0.00104969216045, 0.00359388743527], [-0.000107923624455, 0.000620172242634, -0.000705173821189, 0.000899230479263, -9.25640488276e-05, 0.00420309556648, -0.000800921639893, 5.37031664862e-05, 0.000985393649898, -0.000790915859398, -0.000585211731959, 0.00244927289896, -0.00188436522149], [4.66360252176e-05, -0.000168955753907, 0.000138698029332, 0.000847538409289, -0.00160530535504, -0.000800921639893, 0.00631936639547, -0.000824259361252, 0.00174125365447, -0.00119595252909, 0.00188194401562, -0.00102966616396, -0.00173532869667], [-0.000253072590567, 0.000433250563219, 0.000522487272974, -0.000370425870642, -0.00149732152931, 5.37031664862e-05, -0.000824259361252, 0.00921923294663, -0.0044773244299, 0.00411240942776, -0.00157709966879, -0.00167159398552, -0.00112759124022], [0.000263794703642, -0.000123927078675, 0.00127528537996, -0.000180276154424, -0.00102978409268, 0.000985393649898, 0.00174125365447, -0.0044773244299, 0.00951950252056, -0.00194174097851, 0.00194245995954, -0.000644334999379, -0.000604703265708], [-0.000255395949353, 0.000918977719266, -0.00134357903153, 0.00109166512266, -0.00171673623845, -0.000790915859398, -0.00119595252909, 0.00411240942776, -0.00194174097851, 0.0136490054429, -0.000454952183645, -0.00101723382249, -0.00117906485684], [0.000214542480535, -0.000665972009301, -0.000237153639318, -0.000628693203907, -0.000943554739933, -0.000585211731959, 0.00188194401562, -0.00157709966879, 0.00194245995954, -0.000454952183645, 0.0143672702834, -0.00342630036175, -0.000815407547634], [-0.00023330510885, 0.000113155503641, -0.0025289633777, 0.000500237452798, 0.00104969216045, 0.00244927289896, -0.00102966616396, -0.00167159398552, -0.000644334999379, -0.00101723382249, -0.00342630036175, 0.0161061622202, -0.00254339794628], [0.000414809997892, -0.000768173660617, 0.000290829892037, -0.00140803377144, 0.00359388743527, -0.00188436522149, -0.00173532869667, -0.00112759124022, -0.000604703265708, -0.00117906485684, -0.000815407547634, -0.00254339794628, 0.0165036842227]]
    },
    "melbands": {
        "dmean": [0.000310793548124, 0.000614071730524, 0.00122317438945, 0.00116763997357, 0.000318648264511, 0.000208070443477, 0.000174518863787, 0.000156728696311, 0.000137023656862, 0.000103377766209, 5.80102750973e-05, 4.01978286391e-05, 1.99398073164e-05, 2.26606007345e-05, 1.36751668833e-05, 9.2274904091e-06, 1.17244217108e-05, 2.58248951468e-06, 2.12125314647e-06, 2.42966598307e-06, 7.58979876991e-06, 6.86866678734e-06, 6.07035644862e-06, 4.72600368084e-06, 3.10358950628e-06, 1.98563725462e-06, 2.73884961643e-06, 2.23399138122e-06, 1.86913064226e-06, 2.7611843052e-06, 2.94106871479e-06, 1.78682000751e-06, 1.19062656267e-06, 1.25098938497e-06, 1.6826203364e-06, 1.96531527763e-06, 1.55132102009e-06, 1.14438944365e-06, 1.0166983202e-06, 8.61545743192e-07],
        "dmean2": [0.000555335427634, 0.00111399556044, 0.00205976702273, 0.00196040282026, 0.000489660538733, 0.000313130352879, 0.000272201054031, 0.000247215677518, 0.000194239546545, 0.000152846158016, 8.27375770314e-05, 5.22766022186e-05, 2.91682827083e-05, 3.45404041582e-05, 2.09363188333e-05, 1.39516823765e-05, 1.86528868653e-05, 4.21494360126e-06, 3.46161914422e-06, 3.9258175093e-06, 1.15495749924e-05, 1.03991133074e-05, 7.47157673686e-06, 6.68166239848e-06, 4.52511903859e-06, 2.92345157504e-06, 3.69241502085e-06, 3.48273124473e-06, 2.92491904474e-06, 4.40787380285e-06, 4.98597546539e-06, 2.78072252513e-06, 1.83081056093e-06, 1.95917459678e-06, 2.56524481301e-06, 2.74801982414e-06, 2.22115841098e-06, 1.7546115032e-06, 1.4185100099e-06, 1.25245639992e-06],
        "dvar": [1.1490834595e-06, 2.90065827357e-06, 3.77764672521e-06, 5.8223790802e-06, 1.9112437144e-07, 1.65720152268e-07, 1.20029312711e-07, 1.40397190762e-07, 1.18422221362e-07, 1.16247484527e-07, 3.67150505554e-08, 1.65178573042e-08, 5.52118883945e-09, 1.44112999312e-09, 4.45943615368e-10, 4.9673415381e-10, 1.53049961593e-09, 3.80682464718e-11, 1.39273948277e-11, 1.64780914608e-11, 4.51045478744e-10, 6.99653834868e-10, 6.97890190082e-10, 1.05206787726e-10, 8.36248223446e-11, 2.68307841222e-11, 9.93717469422e-11, 8.39709551892e-11, 1.93680106675e-11, 1.26313459692e-10, 2.85664603084e-10, 1.96524168466e-11, 5.81639640965e-12, 8.9708076037e-12, 2.8497964405e-11, 4.53229190289e-11, 4.1929699296e-11, 1.79619791263e-11, 1.23986957853e-11, 7.97503642985e-12],
        "dvar2": [3.18746583616e-06, 8.50360083859e-06, 1.01418781924e-05, 1.5197942048e-05, 4.82169923544e-07, 3.75202859004e-07, 2.96511018405e-07, 3.54978482164e-07, 2.42175190124e-07, 2.65833392632e-07, 5.37123163724e-08, 1.84514608037e-08, 9.51885326117e-09, 3.13123749152e-09, 1.11046372098e-09, 1.14045561883e-09, 4.0684962066e-09, 9.82429068652e-11, 3.60056394422e-11, 4.42153466618e-11, 8.55812309908e-10, 1.18875764787e-09, 6.18518514184e-10, 1.75746042719e-10, 1.52505758022e-10, 4.84144599411e-11, 1.48701412295e-10, 1.96880553527e-10, 3.82999083837e-11, 3.03667202495e-10, 8.28663637709e-10, 4.18227119603e-11, 1.39819145845e-11, 2.24447092856e-11, 6.78734637938e-11, 7.64839025447e-11, 9.37568911397e-11, 4.20433306225e-11, 2.25756531524e-11, 1.82502121054e-11],
        "max": [0.00851257424802, 0.0119734462351, 0.0226623117924, 0.0246017109603, 0.00452258763835, 0.00671994220465, 0.00329991220497, 0.00699948891997, 0.00758501375094, 0.00607380643487, 0.00420766510069, 0.00415398133919, 0.00176508456934, 0.000548558949959, 0.000304630637402, 0.00031941907946, 0.000527013791725, 7.35110297683e-05, 3.98189404223e-05, 4.68801881652e-05, 0.000509566219989, 0.000634386611637, 0.00075477414066, 0.000205279444344, 0.000243638889515, 8.06463212939e-05, 0.000236973064602, 0.00021824252326, 7.77265886427e-05, 0.000254311948083, 0.000351688271621, 0.000100819946965, 4.25181315222e-05, 4.1618506657e-05, 9.04096959857e-05, 0.000160320589202, 0.000140395990456, 6.98910007486e-05, 5.02485127072e-05, 3.5634078813e-05],
        "mean": [0.000299018603982, 0.000756610534154, 0.00216440460645, 0.00171494053211, 0.000723792356439, 0.000478319620015, 0.000370522640878, 0.000541950867046, 0.000550348544493, 0.000333440926624, 0.00015935760166, 0.000147494138218, 5.40967375855e-05, 5.40205255675e-05, 2.93236607831e-05, 1.73251337401e-05, 2.69972006208e-05, 4.62009847979e-06, 3.49927745447e-06, 5.28665896127e-06, 2.20713500312e-05, 1.76032008312e-05, 1.43200741149e-05, 1.05980288936e-05, 6.10615097685e-06, 3.85895873478e-06, 4.33849163528e-06, 3.19205287269e-06, 2.98486520478e-06, 4.32915612691e-06, 4.16395005232e-06, 3.17249669024e-06, 2.1731830202e-06, 2.08875098906e-06, 2.89934541797e-06, 3.72365343537e-06, 2.65997277893e-06, 1.95362395061e-06, 2.07423249776e-06, 1.41297107348e-06],
        "median": [0.000133177600219, 0.000448924256489, 0.00137671199627, 0.00104840321001, 0.000520492787473, 0.000270919408649, 0.000158556926181, 0.000108474050649, 0.00013196002692, 4.08749110647e-05, 3.48205394403e-05, 1.99750065804e-05, 1.52337961481e-05, 2.4267083063e-05, 1.75103141373e-05, 5.4470874602e-06, 3.61570005225e-06, 2.32563820646e-06, 2.0011759716e-06, 2.33433502217e-06, 3.1654706163e-06, 1.44602097407e-06, 1.75716240847e-06, 1.79684354862e-06, 1.3626765849e-06, 1.3223947235e-06, 1.16376031656e-06, 7.32380442514e-07, 9.00633324363e-07, 1.3770051055e-06, 1.52297036493e-06, 1.25808844587e-06, 9.63045295066e-07, 8.688891171e-07, 8.3201103962e-07, 6.6046146685e-07, 4.39311179434e-07, 3.22194750879e-07, 2.42173882725e-07, 1.88807916857e-07],
        "min": [3.33404409641e-24, 7.14236537132e-25, 1.68664831588e-24, 8.81899712585e-24, 5.99847662963e-24, 4.54211751958e-24, 6.72510627019e-24, 1.66168185431e-24, 5.0193416852e-24, 5.1664729215e-24, 6.47354799384e-24, 5.81312389918e-24, 2.97124341622e-24, 6.30740836518e-24, 1.32940496356e-23, 9.01876905035e-24, 1.02332645902e-23, 6.86778438667e-24, 9.07269794842e-24, 1.17169439255e-23, 6.00732409911e-24, 6.44624039032e-24, 7.16575923868e-24, 7.80435712981e-24, 7.06240741604e-24, 6.95662747954e-24, 1.05174485758e-23, 6.18772238864e-24, 6.40657961945e-24, 5.78603047139e-24, 9.35536653228e-24, 9.57076421359e-24, 7.87584843821e-24, 6.32881213369e-24, 8.11186063269e-24, 1.15518795142e-23, 8.788954936e-24, 8.10420394875e-24, 1.02745164935e-23, 9.72020050145e-24],
        "var": [7.25417351077e-07, 1.81304085345e-06, 5.41091731066e-06, 5.85389261687e-06, 5.12690576215e-07, 3.58382976628e-07, 3.01583753526e-07, 1.37652841659e-06, 1.58536897743e-06, 9.0621159643e-07, 1.59850159775e-07, 2.17299955807e-07, 3.00670777165e-08, 6.09298878018e-09, 1.22603194264e-09, 1.08236641871e-09, 4.90193086122e-09, 4.44164219293e-11, 2.08506805571e-11, 4.95733037953e-11, 2.88324475406e-09, 2.17845608219e-09, 2.72358136044e-09, 4.78390993486e-10, 2.47106390905e-10, 7.93575968827e-11, 2.36718228352e-10, 1.64638400135e-10, 5.36029241827e-11, 2.06972231021e-10, 2.46996090247e-10, 4.7651750601e-11, 1.31019283964e-11, 1.654164479e-11, 6.86184997711e-11, 1.93308591356e-10, 9.98778282302e-11, 4.31721602911e-11, 4.75640186959e-11, 2.01624272833e-11]
    },
    "mfcc": {
