{
"metadata": {
    "version": {
        "essentia": "2.0.1",
        "extractor": "archive-music 1.0"
    },
    "audio_properties": {
        "analysis_sample_rate": 44100,
        "bitrate": 128,
        "channels": 2,
        "equal_loudness": 0,
        "length": 15.6734695435,
        "replay_gain": -8.35412406921,
        "downmix": "mix"
    },
    "tags": {
        "track": 1,
        "year": 0,
        "album": "New Horizons",
        "artist": "StereoResonance",
        "comment": "",
        "genre": "Other",
        "title": "StereoResonance_feat.Anastika_-_You_&_I"
    }
},
"highlevel": {
    "culture": {
        "all": {
            "non_western": 0.00442663533613,
            "western": 0.995573341846
        },
        "probability": 0.995573341846,
        "value": "western"
    },
    "danceability": {
        "all": {
            "danceable": 0.999999403954,
            "not_danceable": 6.1745123503e-07
        },
        "probability": 0.999999403954,
        "value": "danceable"
    },
    "gender": {
        "all": {
            "female": 0.780727386475,
            "male": 0.219272613525
        },
        "probability": 0.780727386475,
        "value": "female"
    },
    "genre_dortmund": {
        "all": {
            "alternative": 0.0179852489382,
            "blues": 0.0144215403125,
            "electronic": 0.0804755613208,
            "folkcountry": 0.0177408345044,
            "funksoulrnb": 0.097964040935,
            "jazz": 0.0442137382925,
            "pop": 0.101193070412,
            "raphiphop": 0.448432683945,
            "rock": 0.177573278546
        },
        "probability": 0.448432683945,
        "value": "raphiphop"
    },
    "genre_electronic": {
        "all": {
            "ambient": 0.0600556358695,
            "dnb": 0.462766766548,
            "house": 0.0364510007203,
            "techno": 0.0090810302645,
            "trance": 0.431645572186
        },
        "probability": 0.462766766548,
        "value": "dnb"
    },
    "genre_rosamerica": {
        "all": {
            "cla": 0.00116811983753,
            "dan": 0.614548802376,
            "hip": 0.0860039889812,
            "jaz": 0.00151064991951,
            "pop": 0.271832168102,
            "rhy": 0.013853569515,
            "roc": 0.010025806725,
            "spe": 0.00105691351928
        },
        "probability": 0.614548802376,
        "value": "dan"
    },
    "genre_tzanetakis": {
        "all": {
            "blu": 0.000656636198983,
            "cla": 0.000601688981988,
            "cou": 0.00315918610431,
            "dis": 0.0250869952142,
            "hip": 0.0638798102736,
            "jaz": 0.00923258718103,
            "met": 0.00297722849064,
            "pop": 0.689340233803,
            "reg": 0.17616263032,
            "roc": 0.0289029814303
        },
        "probability": 0.689340233803,
        "value": "pop"
    },
    "mirex_ballroom": {
        "all": {
            "ChaChaCha": 0.187762126327,
            "Jive": 0.572264373302,
            "Quickstep": 0.00526471994817,
            "Rumba-American": 0.00122990028467,
            "Rumba-International": 0.001024562167,
            "Rumba-Misc": 0.000741111114621,
            "Samba": 0.230174958706,
            "Tango": 0.00058467220515,
            "VienneseWaltz": 0.000604167289566,
            "Waltz": 0.000349414302036
        },
        "probability": 0.572264373302,
        "value": "Jive"
    },
    "mood_acoustic": {
        "all": {
            "acoustic": 1.09797371195e-09,
            "not_acoustic": 1
        },
        "probability": 1,
        "value": "not_acoustic"
    },
    "mood_aggressive": {
        "all": {
            "aggressive": 0.0139033226296,
            "not_aggressive": 0.986096680164
        },
        "probability": 0.986096680164,
        "value": "not_aggressive"
    },
    "mood_electronic": {
        "all": {
            "electronic": 0.849566042423,
            "not_electronic": 0.150433942676
        },
        "probability": 0.849566042423,
        "value": "electronic"
    },
    "mood_happy": {
        "all": {
            "happy": 0.795970380306,
            "not_happy": 0.204029589891
        },
        "probability": 0.795970380306,
        "value": "happy"
    },
    "mood_party": {
        "all": {
            "not_party": 0.789275884628,
            "party": 0.210724085569
        },
        "probability": 0.789275884628,
        "value": "not_party"
    },
    "mood_relaxed": {
        "all": {
            "not_relaxed": 0.990414321423,
            "relaxed": 0.00958568230271
        },
        "probability": 0.990414321423,
        "value": "not_relaxed"
    },
    "mood_sad": {
        "all": {
            "not_sad": 0.993946194649,
            "sad": 0.00605382025242
        },
        "probability": 0.993946194649,
        "value": "not_sad"
    },
    "moods_mirex": {
        "all": {
            "Cluster1": 0.192309558392,
            "Cluster2": 0.0882080197334,
            "Cluster3": 0.277916878462,
            "Cluster4": 0.152146264911,
            "Cluster5": 0.289419293404
        },
        "probability": 0.289419293404,
        "value": "Cluster5"
    },
    "timbre": {
        "all": {
            "bright": 0.758449137211,
            "dark": 0.241550892591
        },
        "probability": 0.758449137211,
        "value": "bright"
    },
    "tonal_atonal": {
        "all": {
            "atonal": 0.747402667999,
            "tonal": 0.252597332001
        },
        "probability": 0.747402667999,
        "value": "atonal"
    },
    "voice_instrumental": {
        "all": {
            "instrumental": 0.000293017132208,
            "voice": 0.999706983566
        },
        "probability": 0.999706983566,
        "value": "voice"
    }
},
"lowlevel": {
    "average_loudness": 0.983550727367,
    "barkbands_kurtosis": {
        "dmean": 3.67743968964,
        "dmean2": 5.24307107925,
        "dvar": 83.2708740234,
        "dvar2": 130.240158081,
        "max": 168.725967407,
        "mean": 4.7667298317,
        "median": -0.585198163986,
        "min": -1.90799736977,
        "var": 283.159454346
    },
    "barkbands_skewness": {
        "dmean": 0.736607074738,
        "dmean2": 1.05849826336,
        "dvar": 0.91198438406,
        "dvar2": 1.56548094749,
        "max": 12.5811576843,
        "mean": 1.27422368526,
        "median": 0.657187581062,
        "min": -2.70677614212,
        "var": 4.06273031235
    },
    "barkbands_spread": {
        "dmean": 10.9477872849,
        "dmean2": 15.955332756,
        "dvar": 130.037704468,
        "dvar2": 241.434951782,
        "max": 102.808486938,
        "mean": 48.3725852966,
        "median": 50.8960647583,
        "min": 1.63181626797,
        "var": 565.276672363
    },
    "dissonance": {
        "dmean": 0.0130514120683,
        "dmean2": 0.022221930325,
        "dvar": 0.000153681190568,
        "dvar2": 0.000410153937992,
        "max": 0.499577760696,
        "mean": 0.478810280561,
        "median": 0.482517302036,
        "min": 0.403173804283,
        "var": 0.000252953497693
    },
    "dynamic_complexity": 3.21076178551,
    "erbbands_kurtosis": {
        "dmean": 1.03397810459,
        "dmean2": 1.61167693138,
        "dvar": 1.54825878143,
        "dvar2": 3.53447556496,
        "max": 11.5843353271,
        "mean": 0.674405455589,
        "median": 0.0780215263367,
        "min": -1.55599617958,
        "var": 3.68807792664
    },
    "erbbands_skewness": {
        "dmean": 0.382603943348,
        "dmean2": 0.578339338303,
        "dvar": 0.107112213969,
        "dvar2": 0.230303779244,
        "max": 1.53090596199,
        "mean": -0.487941145897,
        "median": -0.464639902115,
        "min": -2.67349791527,
        "var": 0.42506095767
    },
    "erbbands_spread": {
        "dmean": 11.6566667557,
        "dmean2": 17.583070755,
        "dvar": 149.355270386,
        "dvar2": 373.100738525,
        "max": 122.271232605,
        "mean": 48.9634437561,
        "median": 46.335144043,
        "min": 10.4277086258,
        "var": 449.604888916
    },
    "hfc": {
        "dmean": 36.8788528442,
        "dmean2": 47.0676193237,
        "dvar": 3446.56103516,
        "dvar2": 5965.31689453,
        "max": 420.12588501,
        "mean": 67.3479690552,
        "median": 41.2033157349,
        "min": 1.13718368629e-16,
        "var": 6762.04492188
    },
    "melbands_kurtosis": {
        "dmean": 13.6008272171,
        "dmean2": 20.9932346344,
        "dvar": 1025.65063477,
        "dvar2": 2290.29980469,
        "max": 447.837188721,
        "mean": 23.7791423798,
        "median": 6.05401945114,
        "min": -1.82817423344,
        "var": 2558.4921875
    },
    "melbands_skewness": {
        "dmean": 1.07946538925,
        "dmean2": 1.63212358952,
        "dvar": 2.08268880844,
        "dvar2": 4.19214010239,
        "max": 17.121919632,
        "mean": 3.48325896263,
        "median": 2.58981323242,
        "min": -0.727753221989,
        "var": 8.01985359192
    },
    "melbands_spread": {
        "dmean": 19.3384799957,
        "dmean2": 29.9191417694,
        "dvar": 891.617980957,
        "dvar2": 1969.61437988,
        "max": 224.444625854,
        "mean": 52.1594047546,
        "median": 45.1101646423,
        "min": 0.887020647526,
        "var": 1825.83557129
    },
    "pitch_salience": {
        "dmean": 0.0842720121145,
        "dmean2": 0.140677303076,
        "dvar": 0.0141903078184,
        "dvar2": 0.0301044620574,
        "max": 0.868074417114,
        "mean": 0.46282106638,
        "median": 0.513183832169,
        "min": 0.0618305541575,
        "var": 0.0345666259527
    },
    "silence_rate_20dB": {
        "dmean": 0,
        "dmean2": 0,
        "dvar": 0,
        "dvar2": 0,
        "max": 1,
        "mean": 1,
        "median": 1,
        "min": 1,
        "var": 0
    },
    "silence_rate_30dB": {
        "dmean": 0,
        "dmean2": 0,
        "dvar": 0,
        "dvar2": 0,
        "max": 1,
        "mean": 1,
        "median": 1,
        "min": 1,
        "var": 0
    },
    "silence_rate_60dB": {
        "dmean": 0.0059259259142,
        "dmean2": 0.0118694361299,
        "dvar": 0.00589082669467,
        "dvar2": 0.0117285698652,
        "max": 1,
        "mean": 0.0576923079789,
        "median": 0,
        "min": 0,
        "var": 0.0543638207018
    },
    "spectral_centroid": {
        "dmean": 455.640014648,
        "dmean2": 691.559692383,
        "dvar": 377109.25,
        "dvar2": 639553.625,
        "max": 11145.2060547,
        "mean": 2433.7265625,
        "median": 2457.22802734,
        "min": 270.250915527,
        "var": 729890.375
    },
    "spectral_complexity": {
        "dmean": 6.53629636765,
        "dmean2": 9.31750774384,
        "dvar": 54.4738769531,
        "dvar2": 116.436187744,
        "max": 54,
        "mean": 21.4718933105,
        "median": 20,
        "min": 0,
        "var": 148.852783203
    },
    "spectral_crest": {
        "dmean": 2.50341153145,
        "dmean2": 3.7025873661,
        "dvar": 10.9337902069,
        "dvar2": 16.8270263672,
        "max": 26.4311408997,
        "mean": 11.042339325,
        "median": 7.44043254852,
        "min": 2.49391269684,
        "var": 51.5163002014
    },
    "spectral_decrease": {
        "dmean": 2.24829577178e-09,
        "dmean2": 3.04783176475e-09,
        "dvar": 7.58540089989e-18,
        "dvar2": 1.45904353384e-17,
        "max": 1.39020919462e-21,
        "mean": -7.68319097233e-09,
        "median": -6.15910300539e-09,
        "min": -2.71473084013e-08,
        "var": 2.99593038815e-17
    },
    "spectral_energy": {
        "dmean": 0.0108341835439,
        "dmean2": 0.0135193392634,
        "dvar": 0.000132298708195,
        "dvar2": 0.000273800775176,
        "max": 0.110773742199,
        "mean": 0.0351068042219,
        "median": 0.0297598205507,
        "min": 1.03677929404e-20,
        "var": 0.00049450469669
    },
    "spectral_energyband_high": {
        "dmean": 0.00378820393234,
        "dmean2": 0.00488528469577,
        "dvar": 3.81604586437e-05,
        "dvar2": 6.64400795358e-05,
        "max": 0.0441707409918,
        "mean": 0.00583202484995,
        "median": 0.00274350331165,
        "min": 7.21132907629e-21,
        "var": 7.22036784282e-05
    },
    "spectral_energyband_low": {
        "dmean": 0.00733367586508,
        "dmean2": 0.0116253867745,
        "dvar": 0.000173531865585,
        "dvar2": 0.000397105788579,
        "max": 0.0830792635679,
        "mean": 0.0186630189419,
        "median": 0.00954496115446,
        "min": 6.70122887053e-23,
        "var": 0.000398166390369
    },
    "spectral_energyband_middle_high": {
        "dmean": 0.00246740970761,
        "dmean2": 0.00358283263631,
        "dvar": 9.14469819691e-06,
        "dvar2": 1.99523328774e-05,
        "max": 0.0356819443405,
        "mean": 0.00685706315562,
        "median": 0.0046201935038,
        "min": 1.61249490012e-21,
        "var": 4.80428025185e-05
    },
    "spectral_energyband_middle_low": {
        "dmean": 0.00256515736692,
        "dmean2": 0.00397156737745,
        "dvar": 1.84263717529e-05,
        "dvar2": 4.18773997808e-05,
        "max": 0.0252808462828,
        "mean": 0.00476164091378,
        "median": 0.00317161530256,
        "min": 2.46580248488e-22,
        "var": 2.62191279035e-05
    },
    "spectral_flatness_db": {
        "dmean": 0.0241104401648,
        "dmean2": 0.035502679646,
        "dvar": 0.000977170420811,
        "dvar2": 0.00148290314246,
        "max": 0.34170871973,
        "mean": 0.111141704023,
        "median": 0.0819308906794,
        "min": 0.0262586902827,
        "var": 0.00468190945685
    },
    "spectral_flux": {
        "dmean": 0.0296254102141,
        "dmean2": 0.0362422689795,
        "dvar": 0.000952175178099,
        "dvar2": 0.0010600311216,
        "max": 0.268017917871,
        "mean": 0.101114846766,
        "median": 0.0841990485787,
        "min": 1.02658326284e-10,
        "var": 0.00347451027483
    },
    "spectral_kurtosis": {
        "dmean": 0.744976937771,
        "dmean2": 1.14940559864,
        "dvar": 0.899442374706,
        "dvar2": 2.00814199448,
        "max": 8.89462947845,
        "mean": 2.12980484962,
        "median": 1.91864776611,
        "min": -1.20131182671,
        "var": 2.70459914207
    },
    "spectral_rms": {
        "dmean": 0.000855066871736,
        "dmean2": 0.00103422929533,
        "dvar": 6.63139701373e-07,
        "dvar2": 1.29187685616e-06,
        "max": 0.0103957653046,
        "mean": 0.00548637844622,
        "median": 0.00538831762969,
        "min": 3.18039605068e-12,
        "var": 4.15016984334e-06
    },
    "spectral_rolloff": {
        "dmean": 1505.69799805,
        "dmean2": 2406.19335938,
        "dvar": 5913585.5,
        "dvar2": 10327810,
        "max": 19530.6152344,
        "mean": 4423.07275391,
        "median": 3176.14746094,
        "min": 64.599609375,
        "var": 16316764
    },
    "spectral_skewness": {
        "dmean": 0.155334308743,
        "dmean2": 0.230811685324,
        "dvar": 0.0343397073448,
        "dvar2": 0.0699792504311,
        "max": 2.37854504585,
        "mean": 1.18506515026,
        "median": 1.20290875435,
        "min": -0.0158464685082,
        "var": 0.123299866915
    },
    "spectral_spread": {
        "dmean": 860039.375,
        "dmean2": 1264874.375,
        "dvar": 3.53575868826e+12,
        "dvar2": 4.09261283738e+12,
        "max": 40518044,
        "mean": 7067720.5,
        "median": 6831724,
        "min": 3234757.75,
        "var": 6.37463586406e+12
    },
    "spectral_strongpeak": {
        "dmean": 0.502362191677,
        "dmean2": 0.860286653042,
        "dvar": 1.52467036247,
        "dvar2": 3.3585691452,
        "max": 12.0314884186,
        "mean": 0.762337684631,
        "median": 0.342659473419,
        "min": 0,
        "var": 2.42900967598
    },
    "zerocrossingrate": {
        "dmean": 0.0288917832077,
        "dmean2": 0.03125,
        "dvar": 0.00143381557427,
        "dvar2": 0.00178238830995,
        "max": 0.50927734375,
        "mean": 0.133402630687,
        "median": 0.12158203125,
        "min": 0.00537109375,
        "var": 0.0082154404372
    },
    "barkbands": {
        "dmean": [0.000332642579451, 0.00525937229395, 0.00502708926797, 0.00129698822275, 0.00076799915405, 0.000414175941842, 0.000272754463367, 0.000322771171341, 0.000405313097872, 0.000278819527011, 0.000326245761244, 0.000391570094507, 0.000417300325353, 0.000518641551025, 0.000564707617741, 0.000309199036565, 0.000389423774322, 0.000477075431263, 0.000429998413892, 0.000332860887283, 0.000392124027712, 0.000568267307244, 0.00065919093322, 0.000745974539313, 0.000795298954472, 0.000673461996485, 6.02877807978e-05],
        "dmean2": [0.000503621762618, 0.00720821414143, 0.00916738063097, 0.00205717771314, 0.00131466879975, 0.000665499828756, 0.000451358791906, 0.000505655130837, 0.000640246376861, 0.000460052047856, 0.000507305143401, 0.000601652078331, 0.000651318405289, 0.000800431764219, 0.00083123910008, 0.000497413740959, 0.000603717868216, 0.000734926259611, 0.000726625905372, 0.000505096802954, 0.000605501059908, 0.000793931132648, 0.000941438018344, 0.0010293663945, 0.00104957527947, 0.000865962996613, 9.67146843323e-05],
        "dvar": [2.51311973898e-07, 6.70985900797e-05, 0.000182460484211, 7.96950280346e-06, 2.40338886215e-06, 4.41960821718e-07, 2.39688944248e-07, 7.96665062808e-07, 3.36559651259e-07, 4.40702962123e-07, 4.87091597279e-07, 7.69106179632e-07, 9.48946023982e-07, 1.7648709445e-06, 1.55760767484e-06, 3.88787213979e-07, 6.33636943803e-07, 6.5323212084e-07, 4.36429616002e-07, 1.66791480183e-07, 3.43439637618e-07, 9.0030971478e-07, 1.32504067096e-06, 1.82101075552e-06, 1.90170555925e-06, 1.77153822278e-06, 2.16265849673e-08],
        "dvar2": [5.41255872122e-07, 8.72777600307e-05, 0.000507386343088, 1.8574663045e-05, 6.60478690406e-06, 1.16308297038e-06, 5.87161935073e-07, 1.56704129495e-06, 8.27253643365e-07, 8.37258653519e-07, 1.09005975446e-06, 1.49711024733e-06, 2.18897480408e-06, 3.39650887327e-06, 2.93994798994e-06, 8.93168589755e-07, 1.48835556502e-06, 1.4459974409e-06, 1.18721868603e-06, 3.7062420688e-07, 8.18385615275e-07, 1.95888605958e-06, 2.796172339e-06, 3.38374707098e-06, 3.02616126646e-06, 3.17310923492e-06, 4.88442921665e-08],
        "max": [0.00344177428633, 0.0625944882631, 0.0623138658702, 0.019829345867, 0.0131373610348, 0.00625003036112, 0.00501390499994, 0.0212443415076, 0.00644264137372, 0.0121552310884, 0.0102925254032, 0.0146678518504, 0.0119479680434, 0.0241821017116, 0.0162545572966, 0.0085725011304, 0.0102928476408, 0.0116762854159, 0.00700751133263, 0.00348493340425, 0.00374023476616, 0.00817923806608, 0.00998016819358, 0.00992363598198, 0.0110349254683, 0.00890774652362, 0.00127038022038],
        "mean": [0.000537243206054, 0.0130689973012, 0.00409806426615, 0.00150289817248, 0.0011176817352, 0.000639216857962, 0.000340301136021, 0.000441413576482, 0.000652320799418, 0.000335770600941, 0.000562284840271, 0.000570996489841, 0.000707408646122, 0.000780337199103, 0.00100667250808, 0.000462319556391, 0.000547622970771, 0.00087352830451, 0.000713649496902, 0.000599665567279, 0.000537978776265, 0.000829015800264, 0.00092686933931, 0.00105521886144, 0.00124321517069, 0.000890367547981, 6.57476630295e-05],
        "median": [7.68914178479e-05, 0.00476273335516, 0.00148542807437, 0.000529191456735, 0.000440462201368, 0.000272143108305, 0.000122727273265, 0.000207965786103, 0.000351909053279, 9.57802403718e-05, 0.00010363086767, 0.000244207709329, 0.000234528182773, 0.000180413015187, 0.000222635280807, 0.000229264303925, 0.000233381870203, 0.000356863660272, 0.00033722750959, 0.00045976229012, 0.000300481158774, 0.00032245341572, 0.000382555474062, 0.00026656728005, 0.000444902310846, 0.00025368318893, 5.67564893572e-06],
        "min": [5.49618877532e-24, 3.03118887753e-23, 2.28943006809e-23, 1.605755166e-24, 5.81662289173e-24, 6.09139269023e-23, 3.4313215323e-23, 8.95520421633e-24, 6.4402787318e-23, 4.93443287833e-23, 8.44565592291e-23, 8.67359002395e-23, 6.66791937658e-23, 8.34814198652e-23, 1.24319543549e-22, 7.82437936622e-23, 1.32870909358e-22, 2.07770664845e-22, 3.29379240561e-22, 2.77647307497e-22, 3.69820365261e-22, 5.3483325443e-22, 4.63550066473e-22, 7.17353100165e-22, 1.15179164964e-21, 1.23380894997e-21, 2.17138768009e-21],
        "var": [6.77538480431e-07, 0.000259843684034, 0.000115679453302, 7.77732566348e-06, 3.79065090783e-06, 9.39368590025e-07, 3.17362093938e-07, 1.31714011786e-06, 6.94221625963e-07, 8.23768175451e-07, 1.53141320425e-06, 1.63001493547e-06, 1.89754791791e-06, 4.63885044155e-06, 5.96541440245e-06, 5.93549373207e-07, 1.00810893855e-06, 2.1029322852e-06, 8.53482220009e-07, 3.60479816663e-07, 4.44814986622e-07, 1.39834708079e-06, 1.99939586309e-06, 3.16481077789e-06, 3.87836144e-06, 2.91258743346e-06, 2.54065763983e-08]
    },
    "erbbands": {
        "dmean": [0.179615244269, 1.30919837952, 4.68618583679, 5.57501077652, 2.92726826668, 2.73294663429, 3.64711904526, 2.66214108467, 3.09681129456, 5.42958641052, 7.13670158386, 7.72995376587, 10.627790451, 10.8292884827, 12.2668819427, 11.9589700699, 15.751701355, 22.6197299957, 28.9765853882, 18.940580368, 17.8206501007, 19.6453361511, 27.2564373016, 28.8902225494, 13.2093458176, 15.6387615204, 13.7878370285, 17.3853549957, 21.1607322693, 17.1863555908, 20.5982952118, 16.3252449036, 12.944237709, 7.8167181015, 6.81391859055, 3.25529956818, 1.19820094109, 0.18891993165, 0.00568827148527, 0.000155344401719],
        "dmean2": [0.218759283423, 1.76972305775, 7.7204618454, 9.52364635468, 4.83908510208, 4.48288011551, 5.76574754715, 4.41052770615, 4.93934631348, 8.63257217407, 11.3430299759, 12.5475063324, 17.1804847717, 16.6208534241, 19.3209686279, 18.5993022919, 23.1546878815, 34.0582809448, 43.2457580566, 28.8540000916, 27.5880908966, 30.5075283051, 41.7300071716, 48.1079902649, 21.0929965973, 23.6558074951, 21.2753410339, 26.2191467285, 30.1335372925, 24.2335357666, 29.4039020538, 22.6753616333, 18.5029506683, 11.2493696213, 8.83643531799, 4.36843585968, 1.48774957657, 0.263123333454, 0.00864977017045, 0.000206035983865],
        "dvar": [0.0552562810481, 4.43689727783, 127.144569397, 194.696670532, 45.3569984436, 24.2457885742, 38.3446464539, 20.8497810364, 34.9257774353, 112.063392639, 245.544845581, 113.049087524, 299.610961914, 357.200866699, 1169.48205566, 739.490905762, 897.625732422, 3078.79077148, 3814.36889648, 1599.31665039, 897.390991211, 1781.99035645, 2596.23095703, 1861.81311035, 338.099822998, 414.956573486, 401.375091553, 720.04095459, 1336.39758301, 881.227233887, 1359.39672852, 761.437011719, 662.33770752, 189.421279907, 157.27532959, 41.9066467285, 5.59695291519, 0.168623268604, 0.000186414385098, 1.01947797759e-07],
        "dvar2": [0.0603201724589, 5.67281723022, 334.610687256, 522.436645508, 120.163795471, 61.6124343872, 92.4848403931, 54.9165992737, 80.2835845947, 257.379669189, 485.739715576, 278.603851318, 620.59552002, 774.142333984, 2718.59228516, 1452.34985352, 1849.13867188, 5639.40722656, 6986.51611328, 3050.44433594, 2177.32763672, 4400.93701172, 5436.92382812, 4968.84716797, 792.856384277, 918.696289062, 947.537902832, 1699.01184082, 3016.68823242, 1850.49511719, 2947.61914062, 1535.07348633, 1245.28613281, 333.15020752, 283.721954346, 73.2982254028, 10.2723493576, 0.32148167491, 0.000387933832826, 1.83946966104e-07],
        "max": [1.94809901714, 15.0685119629, 58.770652771, 82.6686630249, 40.6367149353, 50.7308425903, 80.7235183716, 60.2772903442, 67.6731414795, 169.095901489, 355.300628662, 103.680587769, 283.4659729, 223.479003906, 540.036865234, 553.940246582, 471.521209717, 741.997924805, 924.301513672, 648.105041504, 314.610626221, 722.775268555, 842.082763672, 412.265716553, 241.508636475, 174.996170044, 215.764083862, 163.274734497, 305.771850586, 256.802154541, 363.792724609, 237.37210083, 189.413467407, 105.325317383, 105.401580811, 48.912612915, 18.0101242065, 2.94969010353, 0.0919041782618, 0.00226320861839],
        "mean": [0.439656734467, 2.6642165184, 4.70625114441, 5.52669382095, 3.67673325539, 4.01999616623, 5.54019498825, 4.23743057251, 4.29006958008, 7.17427968979, 10.5717506409, 12.5046472549, 14.0859832764, 17.663608551, 21.28748703, 18.7388210297, 29.7577781677, 41.3949317932, 53.2120704651, 33.4901046753, 29.8248767853, 30.9549503326, 46.7904586792, 51.8336791992, 25.9604167938, 27.901096344, 21.002363205, 23.4829597473, 31.3337249756, 24.3967533112, 28.0388145447, 23.6082820892, 17.4083271027, 12.6362323761, 9.51553344727, 4.3791642189, 1.60257029533, 0.253267049789, 0.00706895301118, 0.00024659873452],
        "median": [0.143898129463, 1.12178087234, 2.10907840729, 1.93125343323, 1.42904019356, 1.26880025864, 2.27910113335, 1.84963464737, 1.87506818771, 3.40662789345, 5.57420301437, 7.08979034424, 6.61633348465, 4.99444580078, 7.1500711441, 8.76732254028, 11.5515155792, 12.3670635223, 12.6928138733, 12.0872182846, 17.685667038, 14.2892875671, 20.0663719177, 22.3536758423, 17.8649635315, 20.7588920593, 12.6445455551, 12.4274024963, 12.0648784637, 10.2732944489, 11.8867607117, 7.0920343399, 4.11680746078, 4.69834709167, 2.91729021072, 1.270003438, 0.382500320673, 0.0540833324194, 0.00120149576105, 0.000107327330625],
        "min": [9.01409369265e-22, 6.4593936267e-21, 2.84445117555e-20, 2.32317552445e-20, 7.82671267794e-21, 2.20712612347e-20, 1.28113087037e-19, 7.351527886e-19, 2.93985392225e-19, 8.82151106955e-19, 2.76081145414e-19, 1.26849666879e-18, 1.24485925901e-18, 2.84315273463e-18, 4.34214648643e-18, 3.78103058586e-18, 3.44911754083e-18, 3.90917409764e-18, 7.01746448157e-18, 3.70090739019e-18, 6.90504980914e-18, 9.23587272175e-18, 1.0059832293e-17, 1.69281304675e-17, 1.38850272925e-17, 1.37611958733e-17, 1.76765386703e-17, 1.29521702208e-17, 1.73745796965e-17, 2.0963517851e-17, 1.21233062957e-17, 1.32260795001e-17, 1.40783228581e-17, 1.16988418731e-17, 8.95298191534e-18, 4.53863290119e-18, 2.43459726995e-18, 1.22809540992e-18, 3.30531550006e-19, 2.79776684661e-20],
        "var": [0.305872023106, 13.792506218, 104.470588684, 140.406097412, 40.0743103027, 51.8173828125, 102.339393616, 45.3473548889, 51.4919090271, 163.813461304, 424.551025391, 209.11000061, 540.907470703, 995.614013672, 3179.14868164, 1531.18505859, 2491.73046875, 8876.828125, 16126.1777344, 4682.82080078, 1648.73376465, 2857.64428711, 6148.36474609, 4489.98828125, 754.946472168, 837.579772949, 589.012817383, 919.973815918, 2026.70043945, 1302.65441895, 1913.95178223, 1402.32299805, 1005.60198975, 368.291656494, 280.426574707, 69.3728179932, 9.35699653625, 0.259770929813, 0.000241872869083, 1.64382612411e-07]
    },
    "gfcc": {
        "mean": [32.6334037781, 25.099609375, -95.2715682983, 43.6491127014, -46.0271263123, 32.0800247192, -35.4217720032, 22.9509849548, -25.2726402283, 10.4021282196, -18.6937046051, 4.08686590195, -17.0926628113],
        "cov": [[18078.8496094, -539.475402832, -440.485198975, -61.8036689758, -452.965332031, 255.430053711, -141.076065063, 172.132034302, -375.766296387, 255.292404175, -449.9793396, 107.437950134, -412.343505859], [-539.475402832, 1284.03564453, -226.752059937, 182.562850952, 452.540924072, 120.761146545, 253.916687012, 236.915039062, 172.522216797, -1.10241603851, 195.585601807, -27.8396434784, 108.46333313], [-440.485198975, -226.752059937, 513.99621582, -32.6498451233, -77.0115356445, -59.3843460083, 38.3067893982, -40.4820899963, 20.3908824921, 41.6305770874, -95.6511306763, 29.0115852356, -69.8114852905], [-61.8036689758, 182.562850952, -32.6498451233, 266.758270264, 190.32208252, 57.7397117615, 69.9959182739, 112.79069519, 60.4658622742, -10.7519721985, 63.1150245667, 25.2115879059, 30.986240387], [-452.965332031, 452.540924072, -77.0115356445, 190.32208252, 650.652832031, 230.62171936, 345.129486084, 299.70413208, 178.324493408, 70.3751983643, 132.330383301, 63.7020606995, 52.6809196472], [255.430053711, 120.761146545, -59.3843460083, 57.7397117615, 230.62171936, 238.559631348, 173.659759521, 96.3657073975, 72.4256286621, 86.0721054077, 80.3370742798, 33.3797264099, 26.1522884369], [-141.076065063, 253.916687012, 38.3067893982, 69.9959182739, 345.129486084, 173.659759521, 326.75100708, 204.545501709, 127.106147766, 79.2771911621, 75.5305252075, 36.4426345825, 20.0870800018], [172.132034302, 236.915039062, -40.4820899963, 112.79069519, 299.70413208, 96.3657073975, 204.545501709, 300.673156738, 134.941146851, 37.2788505554, 100.27280426, 51.0803108215, 47.1553077698], [-375.766296387, 172.522216797, 20.3908824921, 60.4658622742, 178.324493408, 72.4256286621, 127.106147766, 134.941146851, 169.008895874, 67.0854644775, 80.9117507935, 25.9273700714, 45.7172355652], [255.292404175, -1.10241603851, 41.6305770874, -10.7519721985, 70.3751983643, 86.0721054077, 79.2771911621, 37.2788505554, 67.0854644775, 128.863220215, 45.9686737061, 27.6777915955, 2.20496702194], [-449.9793396, 195.585601807, -95.6511306763, 63.1150245667, 132.330383301, 80.3370742798, 75.5305252075, 100.27280426, 80.9117507935, 45.9686737061, 192.527435303, 37.0813331604, 77.6078109741], [107.437950134, -27.8396434784, 29.0115852356, 25.2115879059, 63.7020606995, 33.3797264099, 36.4426345825, 51.0803108215, 25.9273700714, 27.6777915955, 37.0813331604, 79.0658187866, 20.5590991974], [-412.343505859, 108.46333313, -69.8114852905, 30.986240387, 52.6809196472, 26.1522884369, 20.0870800018, 47.1553077698, 45.7172355652, 2.20496702194, 77.6078109741, 20.5590991974, 96.5141372681]],
        "icov": [[0.000113816968224, -8.19339111331e-05, 0.000215486274101, -0.000105390383396, 0.000320049119182, -0.000278251129203, 0.000128643208882, -0.00050624035066, 0.00035236653639, -0.000503836548887, 0.000468245736556, -0.000374026218196, 0.000437072652858], [-8.19339111331e-05, 0.00146519264672, 0.000185531302122, -0.000179256981937, -0.000896331446711, 0.000811271951534, -0.000816100800876, 0.000630210444797, -0.000751779414713, 0.000826364324894, -0.00115345185623, 0.00166152929887, -0.000762739276979], [0.000215486274101, 0.000185531302122, 0.00373426172882, -0.000759586691856, 0.00134652433917, 0.00126544653904, -0.00210013752803, 0.00029056915082, -0.0010157325305, -0.00171160139143, 0.00208504148759, -0.00284422677942, 0.00232385797426], [-0.000105390383396, -0.000179256981937, -0.000759586691856, 0.00562291778624, -0.00178561487701, -0.00081988342572, 0.00173064030241, -0.000611196272075, -0.000911224924494, 0.002480663592, -0.00124766281806, -1.39911180668e-05, -8.70646254043e-05], [0.000320049119182, -0.000896331446711, 0.00134652433917, -0.00178561487701, 0.00658658053726, -0.0024743580725, -0.00288890302181, -0.00270209019072, -0.000283676170511, -0.000529662880581, 0.00191465532407, -0.00304493308067, 0.00217416626401], [-0.000278251129203, 0.000811271951534, 0.00126544653904, -0.00081988342572, -0.0024743580725, 0.011174778454, -0.00492231501266, 0.00346372346394, 0.000204954922083, -0.00341399852186, -0.00205761613324, 0.000301630032482, -0.00169601512607], [0.000128643208882, -0.000816100800876, -0.00210013752803, 0.00173064030241, -0.00288890302181, -0.00492231501266, 0.0120922485366, -0.00475883996114, 0.000277337559965, -0.00138887017965, 0.00081046030391, 0.00140241696499, 0.00106100249104], [-0.00050624035066, 0.000630210444797, 0.00029056915082, -0.000611196272075, -0.00270209019072, 0.00346372346394, -0.00475883996114, 0.0116241872311, -0.00536820106208, 0.00380160612985, -0.00308096269146, -0.00136691005901, -0.00139271235093], [0.00035236653639, -0.000751779414713, -0.0010157325305, -0.000911224924494, -0.000283676170511, 0.000204954922083, 0.000277337559965, -0.00536820106208, 0.0157039333135, -0.00768613116816, 0.000483051786432, 0.00160603714176, -0.00342110800557], [-0.000503836548887, 0.000826364324894, -0.00171160139143, 0.002480663592, -0.000529662880581, -0.00341399852186, -0.00138887017965, 0.00380160612985, -0.00768613116816, 0.0178010836244, -0.00493435235694, -0.00103997380938, 0.00195352430455], [0.000468245736556, -0.00115345185623, 0.00208504148759, -0.00124766281806, 0.00191465532407, -0.00205761613324, 0.00081046030391, -0.00308096269146, 0.000483051786432, -0.00493435235694, 0.0129400035366, -0.00402820622548, -0.00360856647603], [-0.000374026218196, 0.00166152929887, -0.00284422677942, -1.39911180668e-05, -0.00304493308067, 0.000301630032482, 0.00140241696499, -0.00136691005901, 0.00160603714176, -0.00103997380938, -0.00402820622548, 0.0204886626452, -0.00542406504974], [0.000437072652858, -0.000762739276979, 0.00232385797426, -8.70646254043e-05, 0.00217416626401, -0.00169601512607, 0.00106100249104, -0.00139271235093, -0.00342110800557, 0.00195352430455, -0.00360856647603, -0.00542406504974, 0.0201600007713]]
    },
    "melbands": {
        "dmean": [0.00152763025835, 0.00184938905295, 0.000849302334245, 0.000193997140741, 0.000121204044262, 6.35413525742e-05, 4.97166547575e-05, 6.48068526061e-05, 5.85393790971e-05, 5.51483026356e-05, 5.46640112589e-05, 4.37931048509e-05, 3.86328611057e-05, 4.16230141127e-05, 3.22085761582e-05, 5.02640614286e-05, 4.22239572799e-05, 4.73166655865e-05, 4.69715159852e-05, 2.10923280974e-05, 2.16178341361e-05, 2.29634406423e-05, 2.08190613193e-05, 2.49621934927e-05, 2.56821404037e-05, 1.2568022612e-05, 1.09494412754e-05, 1.07952582766e-05, 8.40745906316e-06, 9.61225578067e-06, 1.08568492578e-05, 1.20761724247e-05, 1.14954382298e-05, 9.1332658485e-06, 1.28365609271e-05, 1.10197224785e-05, 9.27710334508e-06, 9.05039723875e-06, 7.92232276581e-06, 6.67432095725e-06],
        "dmean2": [0.0018110210076, 0.00273410440423, 0.00141050177626, 0.000332202500431, 0.000192992607481, 0.000103967548057, 8.03180155344e-05, 0.000101937679574, 9.34505733312e-05, 8.86387206265e-05, 8.81946980371e-05, 6.72893147566e-05, 6.05046516284e-05, 6.36962722638e-05, 5.07412441948e-05, 7.33615088393e-05, 6.43541497993e-05, 7.18203300494e-05, 7.06709688529e-05, 3.32291347149e-05, 3.37454293913e-05, 3.57563876605e-05, 3.2729763916e-05, 3.79123412131e-05, 4.29128340329e-05, 2.03799372684e-05, 1.70566581801e-05, 1.67802572832e-05, 1.32995810418e-05, 1.56598962349e-05, 1.63170225278e-05, 1.73697699211e-05, 1.70734692801e-05, 1.31484048325e-05, 1.85151475307e-05, 1.60430772667e-05, 1.32792383738e-05, 1.3081797988e-05, 1.19302103485e-05, 9.72062298388e-06],
        "dvar": [3.9665605982e-06, 1.43019260577e-05, 4.18876879849e-06, 1.70534448785e-07, 3.99527451123e-08, 1.1021072055e-08, 7.749088482e-09, 2.10696313729e-08, 1.30161881273e-08, 5.79436054693e-09, 8.76029293551e-09, 6.22355145197e-09, 8.08172195832e-09, 1.12754037218e-08, 1.2116825765e-08, 1.2296752061e-08, 1.1362565111e-08, 1.40543328087e-08, 1.37991946758e-08, 3.01009794867e-09, 1.63389690666e-09, 2.4924398101e-09, 1.63607638548e-09, 2.08012473912e-09, 1.62165803008e-09, 3.85838139216e-10, 2.25430327183e-10, 2.15660725389e-10, 1.44444886607e-10, 2.23245325004e-10, 2.76061978832e-10, 4.2500608588e-10, 4.14559803152e-10, 2.49284509701e-10, 5.97243143829e-10, 3.27316673765e-10, 2.72788819311e-10, 3.29511778974e-10, 2.4048354974e-10, 1.26192778449e-10],
        "dvar2": [4.29251986134e-06, 3.31381743308e-05, 1.06163988676e-05, 4.67774896151e-07, 9.97049625084e-08, 2.95347373225e-08, 1.8265254198e-08, 4.40422880388e-08, 2.67193573933e-08, 1.43984424383e-08, 1.76072152414e-08, 1.29805890481e-08, 1.87533686358e-08, 2.3377575431e-08, 2.33855139697e-08, 2.43779929576e-08, 2.09153814268e-08, 2.65824144918e-08, 2.70938063096e-08, 6.55111742631e-09, 3.79799169892e-09, 5.98012528386e-09, 3.8594398788e-09, 4.46248371588e-09, 4.3081529455e-09, 9.03725871915e-10, 5.36181987698e-10, 4.97179297732e-10, 3.37331385047e-10, 5.56859613976e-10, 6.26466822862e-10, 9.54629375549e-10, 9.44914368972e-10, 5.09361886003e-10, 1.34179867217e-09, 6.99532209936e-10, 5.52241474772e-10, 6.51563469845e-10, 4.66233163188e-10, 2.29840688148e-10],
        "max": [0.0168809257448, 0.0230937581509, 0.0125329559669, 0.00301285088062, 0.00242066197097, 0.00127349665854, 0.000909715367015, 0.00305265584029, 0.00232683098875, 0.000689365901053, 0.00159572344273, 0.000906404166017, 0.00140341999941, 0.00189886731096, 0.00273829326034, 0.00161233684048, 0.00132353696972, 0.00218826602213, 0.00166969478596, 0.000758491689339, 0.000569412077311, 0.000825410883408, 0.000570309581235, 0.000586661801208, 0.000385249091778, 0.000288676761556, 0.000125874998048, 0.000141235461342, 0.000146201040479, 0.000102577883808, 0.000123930309201, 0.000157991351443, 0.00018762734544, 0.000127070394228, 0.000243346730713, 0.000159211442224, 0.000155009067385, 0.000151103464304, 0.000118545896839, 8.8415821665e-05],
        "mean": [0.00377827812918, 0.00289180595428, 0.000915403885301, 0.000265334470896, 0.000184402466402, 0.000101026591437, 6.75483461237e-05, 8.5934472736e-05, 8.60520231072e-05, 8.59731735545e-05, 7.00930977473e-05, 6.8632667535e-05, 6.72979585943e-05, 6.30086142337e-05, 4.56087982457e-05, 9.34591662372e-05, 6.97404466337e-05, 8.05263407528e-05, 7.62937779655e-05, 3.07535301545e-05, 3.40519181918e-05, 3.3656033338e-05, 3.16052537528e-05, 4.34075118392e-05, 4.33729037468e-05, 2.08950459637e-05, 1.89698803297e-05, 1.82436106115e-05, 1.29372938318e-05, 1.21491193568e-05, 1.40681340781e-05, 1.77083620656e-05, 1.57244667207e-05, 1.29675408971e-05, 1.64586508618e-05, 1.61394800671e-05, 1.30426997202e-05, 1.14952590593e-05, 1.14677168312e-05, 1.04516784631e-05],
        "median": [0.00133442902006, 0.00135911325924, 0.000338111422025, 9.48351589614e-05, 7.3454772064e-05, 4.57621717942e-05, 2.89960007649e-05, 4.08102569054e-05, 4.54433102277e-05, 4.85771306558e-05, 3.00338761008e-05, 1.629313374e-05, 2.02291194e-05, 2.19474641199e-05, 1.25577644212e-05, 2.73215573543e-05, 1.74039105332e-05, 1.39895000757e-05, 1.65421079146e-05, 1.20353925013e-05, 1.75392560777e-05, 1.41355085361e-05, 1.35247501021e-05, 1.67100333783e-05, 1.67987236637e-05, 1.13971891551e-05, 1.31774186229e-05, 1.30104444906e-05, 8.10997607914e-06, 5.97132657276e-06, 6.846452834e-06, 6.74030252412e-06, 5.90004219703e-06, 5.16215277457e-06, 6.63517084831e-06, 5.74172099732e-06, 3.8592297642e-06, 2.6886368687e-06, 3.15624288305e-06, 4.02944442612e-06],
        "min": [8.35380032802e-24, 1.30601074121e-23, 3.90925701381e-24, 1.09694057239e-24, 4.201579283e-24, 1.45976454369e-23, 5.18121318194e-24, 9.69429588704e-24, 2.06589220999e-24, 9.13302450842e-24, 5.38243029962e-24, 1.12086477121e-23, 1.28176636347e-23, 1.11042743146e-23, 6.82082980787e-24, 7.06813454621e-24, 6.71354314704e-24, 1.12043034551e-23, 7.24287433647e-24, 4.29820606642e-24, 8.99135850048e-24, 8.51502850869e-24, 1.07679134909e-23, 7.41933857666e-24, 1.47003724817e-23, 1.19636554404e-23, 1.04306825537e-23, 7.67687957411e-24, 9.01758891444e-24, 5.24533100746e-24, 6.86696476019e-24, 1.12074659985e-23, 9.33296367143e-24, 1.12339101937e-23, 6.40558959901e-24, 8.19724457049e-24, 7.54320157169e-24, 9.45721241945e-24, 7.59400658057e-24, 1.08051295819e-23],
        "var": [2.09818972507e-05, 2.03470390261e-05, 3.3954556784e-06, 2.26583566132e-07, 9.76503713446e-08, 2.29247074657e-08, 1.13008225e-08, 3.3190076465e-08, 2.23537828248e-08, 1.07500985891e-08, 1.62014561766e-08, 1.64299240879e-08, 2.31656347438e-08, 2.32206538442e-08, 2.33836985331e-08, 3.5825614475e-08, 3.06284242413e-08, 5.09856015185e-08, 4.0822136782e-08, 4.30232782733e-09, 2.9378663946e-09, 4.0524779088e-09, 3.05959657609e-09, 5.50902168328e-09, 3.589084141e-09, 7.45395134505e-10, 4.24846019476e-10, 4.04438788015e-10, 2.21594687044e-10, 2.56559357092e-10, 3.64413055287e-10, 6.54187370941e-10, 5.5101712082e-10, 3.86381732165e-10, 7.46637862648e-10, 6.06208749865e-10, 4.62391708256e-10, 4.66328919924e-10, 3.84857062885e-10, 2.43947168022e-10]
    },
    "mfcc": {
