{
"metadata": {
    "version": {
        "essentia": "2.0.1",
        "extractor": "archive-music 1.0"
    },
    "audio_properties": {
        "analysis_sample_rate": 44100,
        "bitrate": 128,
        "channels": 2,
        "equal_loudness": 0,
        "length": 15.5167350769,
        "replay_gain": -12.0066776276,
        "downmix": "mix"
    },
    "tags": {
        "track": 1,
        "year": 0,
        "album": "Memory Replaced (Single)",
        "artist": "Josh Woodward",
        "comment": "",
        "genre": "Other",
        "title": "Memory Replaced"
    }
},
"highlevel": {
    "culture": {
        "all": {
            "non_western": 5.81708445679e-06,
            "western": 0.999994158745
        },
        "probability": 0.999994158745,
        "value": "western"
    },
    "danceability": {
        "all": {
            "danceable": 0.574166595936,
            "not_danceable": 0.425833433867
        },
        "probability": 0.574166595936,
        "value": "danceable"
    },
    "gender": {
        "all": {
            "female": 0.0969774052501,
            "male": 0.903022587299
        },
        "probability": 0.903022587299,
        "value": "male"
    },
    "genre_dortmund": {
        "all": {
            "alternative": 0.0682882517576,
            "blues": 0.0214826650918,
            "electronic": 0.0130801554769,
            "folkcountry": 0.137894392014,
            "funksoulrnb": 0.0569773651659,
            "jazz": 0.0508030354977,
            "pop": 0.304278671741,
            "raphiphop": 0.122332438827,
            "rock": 0.224863007665
        },
        "probability": 0.304278671741,
        "value": "pop"
    },
    "genre_electronic": {
        "all": {
            "ambient": 0.5096539855,
            "dnb": 0.0875667706132,
            "house": 0.279355347157,
            "techno": 0.0338324531913,
            "trance": 0.0895914509892
        },
        "probability": 0.5096539855,
        "value": "ambient"
    },
    "genre_rosamerica": {
        "all": {
            "cla": 0.00534061063081,
            "dan": 0.0216946676373,
            "hip": 0.0384716466069,
            "jaz": 0.0160940159112,
            "pop": 0.552247583866,
            "rhy": 0.275587230921,
            "roc": 0.0692614838481,
            "spe": 0.0213027577847
        },
        "probability": 0.552247583866,
        "value": "pop"
    },
    "genre_tzanetakis": {
        "all": {
            "blu": 0.00714737502858,
            "cla": 0.00474357325584,
            "cou": 0.0309285633266,
            "dis": 0.0317807421088,
            "hip": 0.0434289574623,
            "jaz": 0.0229356680065,
            "met": 0.00514416350052,
            "pop": 0.187565758824,
            "reg": 0.149236291647,
            "roc": 0.517088890076
        },
        "probability": 0.517088890076,
        "value": "roc"
    },
    "mirex_ballroom": {
        "all": {
            "ChaChaCha": 0.0160632617772,
            "Jive": 0.0254937261343,
            "Quickstep": 0.0790297016501,
            "Rumba-American": 0.00813774205744,
            "Rumba-International": 0.630660295486,
            "Rumba-Misc": 0.0936897024512,
            "Samba": 0.0911251455545,
            "Tango": 0.00346033484675,
            "VienneseWaltz": 0.0294134747237,
            "Waltz": 0.0229266136885
        },
        "probability": 0.630660295486,
        "value": "Rumba-International"
    },
    "mood_acoustic": {
        "all": {
            "acoustic": 0.891064226627,
            "not_acoustic": 0.108935765922
        },
        "probability": 0.891064226627,
        "value": "acoustic"
    },
    "mood_aggressive": {
        "all": {
            "aggressive": 0.0162772145122,
            "not_aggressive": 0.983722805977
        },
        "probability": 0.983722805977,
        "value": "not_aggressive"
    },
    "mood_electronic": {
        "all": {
            "electronic": 0.474457144737,
            "not_electronic": 0.525542855263
        },
        "probability": 0.525542855263,
        "value": "not_electronic"
    },
    "mood_happy": {
        "all": {
            "happy": 0.680142402649,
            "not_happy": 0.319857597351
        },
        "probability": 0.680142402649,
        "value": "happy"
    },
    "mood_party": {
        "all": {
            "not_party": 0.917662978172,
            "party": 0.0823370441794
        },
        "probability": 0.917662978172,
        "value": "not_party"
    },
    "mood_relaxed": {
        "all": {
            "not_relaxed": 0.178019106388,
            "relaxed": 0.821980893612
        },
        "probability": 0.821980893612,
        "value": "relaxed"
    },
    "mood_sad": {
        "all": {
            "not_sad": 0.254840403795,
            "sad": 0.745159626007
        },
        "probability": 0.745159626007,
        "value": "sad"
    },
    "moods_mirex": {
        "all": {
            "Cluster1": 0.210959687829,
            "Cluster2": 0.432044506073,
            "Cluster3": 0.272124677896,
            "Cluster4": 0.0547750294209,
            "Cluster5": 0.030096096918
        },
        "probability": 0.432044506073,
        "value": "Cluster2"
    },
    "timbre": {
        "all": {
            "bright": 0.816731631756,
            "dark": 0.183268338442
        },
        "probability": 0.816731631756,
        "value": "bright"
    },
    "tonal_atonal": {
        "all": {
            "atonal": 0.568093180656,
            "tonal": 0.431906849146
        },
        "probability": 0.568093180656,
        "value": "atonal"
    },
    "voice_instrumental": {
        "all": {
            "instrumental": 2.50587709161e-05,
            "voice": 0.999974966049
        },
        "probability": 0.999974966049,
        "value": "voice"
    }
},
"lowlevel": {
    "average_loudness": 0.965718567371,
    "barkbands_kurtosis": {
        "dmean": 6.02147579193,
        "dmean2": 9.47908496857,
        "dvar": 103.157875061,
        "dvar2": 247.361694336,
        "max": 149.381210327,
        "mean": 11.9563617706,
        "median": 8.01578140259,
        "min": -1.94554853439,
        "var": 206.293380737
    },
    "barkbands_skewness": {
        "dmean": 0.688619911671,
        "dmean2": 1.04345929623,
        "dvar": 0.646246731281,
        "dvar2": 1.4669162035,
        "max": 10.730755806,
        "mean": 2.40967226028,
        "median": 2.40608024597,
        "min": -2.01885223389,
        "var": 2.48663830757
    },
    "barkbands_spread": {
        "dmean": 5.30790996552,
        "dmean2": 7.87890529633,
        "dvar": 107.175193787,
        "dvar2": 188.773605347,
        "max": 106.526168823,
        "mean": 13.8362541199,
        "median": 9.52020072937,
        "min": 1.07886254787,
        "var": 271.851318359
    },
    "dissonance": {
        "dmean": 0.0271448176354,
        "dmean2": 0.0447910279036,
        "dvar": 0.000930992013309,
        "dvar2": 0.00215956615284,
        "max": 0.499494165182,
        "mean": 0.430236965418,
        "median": 0.449120938778,
        "min": 0.121789552271,
        "var": 0.00421032123268
    },
    "dynamic_complexity": 3.55265235901,
    "erbbands_kurtosis": {
        "dmean": 1.65647721291,
        "dmean2": 2.54636383057,
        "dvar": 7.99666690826,
        "dvar2": 17.3137741089,
        "max": 42.015171051,
        "mean": 2.14479708672,
        "median": 0.78520321846,
        "min": -1.88963627815,
        "var": 19.7196044922
    },
    "erbbands_skewness": {
        "dmean": 0.448856055737,
        "dmean2": 0.675629615784,
        "dvar": 0.341932654381,
        "dvar2": 0.712093949318,
        "max": 5.64746046066,
        "mean": 0.968156158924,
        "median": 0.975265622139,
        "min": -3.40230631828,
        "var": 0.889873445034
    },
    "erbbands_spread": {
        "dmean": 9.77375984192,
        "dmean2": 14.3116054535,
        "dvar": 144.317276001,
        "dvar2": 305.424835205,
        "max": 148.384338379,
        "mean": 42.2872314453,
        "median": 39.6699676514,
        "min": 1.60767555237,
        "var": 680.481140137
    },
    "hfc": {
        "dmean": 7.07266330719,
        "dmean2": 9.99792098999,
        "dvar": 166.720092773,
        "dvar2": 289.760467529,
        "max": 189.369018555,
        "mean": 19.0589733124,
        "median": 12.5644130707,
        "min": 1.10820635829e-16,
        "var": 427.47467041
    },
    "melbands_kurtosis": {
        "dmean": 13.072593689,
        "dmean2": 20.2184906006,
        "dvar": 459.279663086,
        "dvar2": 1121.29626465,
        "max": 331.793395996,
        "mean": 28.4328269958,
        "median": 20.4048271179,
        "min": -1.26896953583,
        "var": 1012.83117676
    },
    "melbands_skewness": {
        "dmean": 0.891852080822,
        "dmean2": 1.33848834038,
        "dvar": 1.02799737453,
        "dvar2": 2.30065274239,
        "max": 13.5270328522,
        "mean": 3.45019388199,
        "median": 3.42543077469,
        "min": -0.603824436665,
        "var": 4.72788524628
    },
    "melbands_spread": {
        "dmean": 4.33046960831,
        "dmean2": 6.63239049911,
        "dvar": 107.374763489,
        "dvar2": 204.958999634,
        "max": 138.75604248,
        "mean": 11.8827486038,
        "median": 8.30084228516,
        "min": 0.910836875439,
        "var": 250.850097656
    },
    "pitch_salience": {
        "dmean": 0.0659800246358,
        "dmean2": 0.106493294239,
        "dvar": 0.00489382399246,
        "dvar2": 0.0115091903135,
        "max": 0.936908185482,
        "mean": 0.533392310143,
        "median": 0.52604663372,
        "min": 0.198349937797,
        "var": 0.0115260491148
    },
    "silence_rate_20dB": {
        "dmean": 0,
        "dmean2": 0,
        "dvar": 0,
        "dvar2": 0,
        "max": 1,
        "mean": 1,
        "median": 1,
        "min": 1,
        "var": 0
    },
    "silence_rate_30dB": {
        "dmean": 0.0687593445182,
        "dmean2": 0.137724548578,
        "dvar": 0.064031355083,
        "dvar2": 0.133726015687,
        "max": 1,
        "mean": 0.937313437462,
        "median": 1,
        "min": 0,
        "var": 0.0587566308677
    },
    "silence_rate_60dB": {
        "dmean": 0.00298953661695,
        "dmean2": 0.00598802417517,
        "dvar": 0.00298060267232,
        "dvar2": 0.0059521892108,
        "max": 1,
        "mean": 0.0701492503285,
        "median": 0,
        "min": 0,
        "var": 0.065228395164
    },
    "spectral_centroid": {
        "dmean": 211.608703613,
        "dmean2": 317.381134033,
        "dvar": 286716.15625,
        "dvar2": 411295.03125,
        "max": 11283.8515625,
        "mean": 782.000366211,
        "median": 601.5546875,
        "min": 203.96194458,
        "var": 759410.0625
    },
    "spectral_complexity": {
        "dmean": 2.7025411129,
        "dmean2": 4.13173675537,
        "dvar": 11.2493209839,
        "dvar2": 22.5574989319,
        "max": 40,
        "mean": 12.1999998093,
        "median": 12,
        "min": 0,
        "var": 39.5629730225
    },
    "spectral_crest": {
        "dmean": 2.5556204319,
        "dmean2": 4.11214208603,
        "dvar": 6.49524497986,
        "dvar2": 16.410774231,
        "max": 23.1855239868,
        "mean": 12.1514987946,
        "median": 11.7184991837,
        "min": 4.80743408203,
        "var": 14.6954593658
    },
    "spectral_decrease": {
        "dmean": 4.46024461809e-09,
        "dmean2": 6.86615475587e-09,
        "dvar": 5.77592428477e-17,
        "dvar2": 1.42964431064e-16,
        "max": 1.14487847151e-20,
        "mean": -1.12708873345e-08,
        "median": -9.5266594613e-09,
        "min": -6.15149247096e-08,
        "var": 8.37084677638e-17
    },
    "spectral_energy": {
        "dmean": 0.0172495320439,
        "dmean2": 0.0263862218708,
        "dvar": 0.000837285420857,
        "dvar2": 0.00207214965485,
        "max": 0.234808117151,
        "mean": 0.0442676357925,
        "median": 0.0373049229383,
        "min": 1.06140471937e-20,
        "var": 0.00124246603809
    },
    "spectral_energyband_high": {
        "dmean": 0.000546100374777,
        "dmean2": 0.000762969255447,
        "dvar": 2.25201824833e-06,
        "dvar2": 3.98626889364e-06,
        "max": 0.0222494192421,
        "mean": 0.000797661661636,
        "median": 0.000167353195138,
        "min": 7.57075359273e-21,
        "var": 4.52486438007e-06
    },
    "spectral_energyband_low": {
        "dmean": 0.0125625850633,
        "dmean2": 0.0201818421483,
        "dvar": 0.000842656590976,
        "dvar2": 0.00210279342718,
        "max": 0.214974492788,
        "mean": 0.0218153204769,
        "median": 0.0158530436456,
        "min": 2.21291576677e-23,
        "var": 0.000868994626217
    },
    "spectral_energyband_middle_high": {
        "dmean": 0.00121564290021,
        "dmean2": 0.00162487931084,
        "dvar": 6.48250124868e-06,
        "dvar2": 1.08954418465e-05,
        "max": 0.0580408498645,
        "mean": 0.00303367432207,
        "median": 0.00120437506121,
        "min": 1.37951834968e-21,
        "var": 2.90214265988e-05
    },
    "spectral_energyband_middle_low": {
        "dmean": 0.00734185334295,
        "dmean2": 0.0112671032548,
        "dvar": 0.000102879545011,
        "dvar2": 0.00025215302594,
        "max": 0.0841393992305,
        "mean": 0.0209600031376,
        "median": 0.0178180411458,
        "min": 2.37186139419e-22,
        "var": 0.000256076978985
    },
    "spectral_flatness_db": {
        "dmean": 0.0265796352178,
        "dmean2": 0.0373084060848,
        "dvar": 0.000676358875353,
        "dvar2": 0.00125844113063,
        "max": 0.508392691612,
        "mean": 0.19448029995,
        "median": 0.187239781022,
        "min": 0.0671527534723,
        "var": 0.00490030925721
    },
    "spectral_flux": {
        "dmean": 0.0378822982311,
        "dmean2": 0.0577861368656,
        "dvar": 0.00250884098932,
        "dvar2": 0.00560230994597,
        "max": 0.408041238785,
        "mean": 0.092010512948,
        "median": 0.0726497322321,
        "min": 6.68815558491e-11,
        "var": 0.00541664194316
    },
    "spectral_kurtosis": {
        "dmean": 2.81340026855,
        "dmean2": 4.26249885559,
        "dvar": 21.7992286682,
        "dvar2": 44.2783355713,
        "max": 100.712776184,
        "mean": 7.45219278336,
        "median": 4.12603378296,
        "min": -1.20657444,
        "var": 142.249847412
    },
    "spectral_rms": {
        "dmean": 0.00109536875971,
        "dmean2": 0.00159442820586,
        "dvar": 2.19005642066e-06,
        "dvar2": 5.03369801663e-06,
        "max": 0.0151354251429,
        "mean": 0.0060396399349,
        "median": 0.00603282917291,
        "min": 3.21794479084e-12,
        "var": 6.71067482472e-06
    },
    "spectral_rolloff": {
        "dmean": 350.453338623,
        "dmean2": 601.317199707,
        "dvar": 2020224.75,
        "dvar2": 3724429.75,
        "max": 19379.8828125,
        "mean": 903.848693848,
        "median": 409.130859375,
        "min": 86.1328125,
        "var": 4949861.5
    },
    "spectral_skewness": {
        "dmean": 0.342214226723,
        "dmean2": 0.473904639482,
        "dvar": 0.15493825078,
        "dvar2": 0.264268636703,
        "max": 8.81663608551,
        "mean": 1.99289643764,
        "median": 1.76931643486,
        "min": -0.0194066613913,
        "var": 1.40369129181
    },
    "spectral_spread": {
        "dmean": 819657.5625,
        "dmean2": 1137088.375,
        "dvar": 3.35686008832e+12,
        "dvar2": 4.96338049434e+12,
        "max": 42494724,
        "mean": 5075201.5,
        "median": 4681800,
        "min": 1046377.5,
        "var": 9.47613650125e+12
    },
    "spectral_strongpeak": {
        "dmean": 0.40998801589,
        "dmean2": 0.688265264034,
        "dvar": 0.524739384651,
        "dvar2": 1.20893216133,
        "max": 7.05792856216,
        "mean": 1.03340125084,
        "median": 0.539371490479,
        "min": 0,
        "var": 1.17426073551
    },
    "zerocrossingrate": {
        "dmean": 0.0116238668561,
        "dmean2": 0.0141448061913,
        "dvar": 0.000753463362344,
        "dvar2": 0.00118072726764,
        "max": 0.5009765625,
        "mean": 0.0427231527865,
        "median": 0.02978515625,
        "min": 0.00439453125,
        "var": 0.00296645774506
    },
    "barkbands": {
        "dmean": [0.000574996694922, 0.00935014151037, 0.00337636983022, 0.00255517708138, 0.00333090685308, 0.00133619247936, 0.00181047117803, 0.000917048833799, 0.00112947914749, 0.000490331149194, 0.000373400660465, 0.000250327546382, 0.000198845329578, 0.00026448231074, 0.000143585406477, 7.41407420719e-05, 7.20473908586e-05, 6.32744122413e-05, 4.67281133751e-05, 4.6606601245e-05, 5.94390003243e-05, 9.86874074442e-05, 0.000156781563419, 0.00015245177201, 8.30575518194e-05, 2.21655755013e-05, 1.98029124476e-06],
        "dmean2": [0.000975867034867, 0.015827126801, 0.0061591649428, 0.00428470224142, 0.0054072025232, 0.00220500305295, 0.00277154101059, 0.00141018000431, 0.00148024864029, 0.000702344404999, 0.000566646747757, 0.000403897400247, 0.000312559393933, 0.000403561018175, 0.000209728037589, 0.00010753168317, 0.000109373482701, 0.000100017299701, 6.67296844767e-05, 6.95110065863e-05, 8.92568205018e-05, 0.000144272664329, 0.000228828459512, 0.000219280467718, 0.000128899861011, 3.29877875629e-05, 3.18410639011e-06],
        "dvar": [3.27697080138e-06, 0.000549152842723, 6.98554940755e-05, 2.27355794777e-05, 3.75303970941e-05, 8.52339871926e-06, 1.46759721247e-05, 7.81001654104e-06, 6.99836073181e-06, 7.19184845366e-06, 1.73865782926e-06, 4.5496904022e-07, 2.7807789138e-07, 4.94106018323e-07, 1.66981706684e-07, 2.42519000437e-08, 2.58339678538e-08, 1.81316028858e-08, 2.13345980882e-08, 1.01338697434e-08, 4.01640924963e-08, 4.84466156081e-08, 3.25431159354e-07, 1.97036825966e-07, 8.51003605362e-08, 6.15927886471e-09, 3.54219951981e-11],
        "dvar2": [8.47437786433e-06, 0.00142500502989, 0.000205661097425, 5.72996214032e-05, 9.67063606367e-05, 2.27725904551e-05, 3.46617525793e-05, 2.05800315598e-05, 1.14569547804e-05, 1.34201718538e-05, 3.90814375351e-06, 1.18347111311e-06, 6.09872529367e-07, 1.15768864362e-06, 3.11523820073e-07, 4.72378793859e-08, 5.55986652273e-08, 4.27896509336e-08, 3.41572743423e-08, 2.16359605787e-08, 7.41195336218e-08, 1.0877370471e-07, 6.32316641713e-07, 3.0546692642e-07, 1.73117399527e-07, 1.32631940986e-08, 9.01559937816e-11],
        "max": [0.0147606749088, 0.180584296584, 0.0647735148668, 0.0678041577339, 0.0660279765725, 0.0345160700381, 0.0447745323181, 0.0474602878094, 0.0354582332075, 0.0521076843143, 0.0213382635266, 0.00989625509828, 0.00777353532612, 0.00793644040823, 0.00849731918424, 0.00330365216359, 0.00229125958867, 0.00202891021036, 0.00375957717188, 0.00142925151158, 0.00423287367448, 0.0023308750242, 0.00839090812951, 0.00795911438763, 0.00450146151707, 0.00108412187546, 7.40601972211e-05],
        "mean": [0.000432879227446, 0.0148446094245, 0.00422745943069, 0.00370005820878, 0.00702154869214, 0.00239700451493, 0.00404472695664, 0.00146650429815, 0.00225166836753, 0.000670850567985, 0.000680287834257, 0.000391574460082, 0.000270392367383, 0.000380052573746, 0.000224237301154, 0.00014420041407, 0.000128503030282, 9.37813165365e-05, 6.519928138e-05, 7.19348463463e-05, 8.88418653631e-05, 0.000141316486406, 0.000201511677005, 0.000208200668567, 8.93892356544e-05, 2.91295236821e-05, 1.82098563073e-06],
        "median": [1.96296132344e-05, 0.00991173833609, 0.00183408148587, 0.00171110429801, 0.00380611768924, 0.00113691901788, 0.000878202030435, 0.000401333207265, 0.000289143645205, 9.04394983081e-05, 0.000113621768833, 0.000150323307025, 6.09683156654e-05, 7.52416526666e-05, 6.94694535923e-05, 5.50413278688e-05, 5.58588581043e-05, 4.3356725655e-05, 2.4657791073e-05, 3.0367895306e-05, 2.26374359045e-05, 3.59996702173e-05, 3.06813817588e-05, 2.95826030197e-05, 7.39802726457e-06, 3.99259624828e-06, 1.46852784155e-07],
        "min": [5.25580668585e-24, 9.85813993047e-24, 4.63621915924e-24, 1.01951413092e-23, 5.48364793796e-23, 1.80770505657e-23, 6.34778857719e-24, 2.05789592142e-23, 4.94157175398e-23, 4.88188622234e-23, 6.29240770175e-23, 3.2630332043e-23, 7.73554857958e-23, 4.89185994854e-23, 8.93806794866e-23, 7.96414027507e-23, 1.93408461256e-22, 1.16631002244e-22, 2.72952133607e-22, 2.64752978415e-22, 3.66768824088e-22, 4.36968054052e-22, 5.18625330893e-22, 7.14476294838e-22, 1.15826975015e-21, 1.55282904583e-21, 2.11980440629e-21],
        "var": [2.49470781455e-06, 0.000484042946482, 5.57588064112e-05, 3.5686440242e-05, 7.39792449167e-05, 1.48344852278e-05, 4.57301830465e-05, 8.29738746688e-06, 2.8969720006e-05, 1.1470163372e-05, 4.78952006233e-06, 6.23356811502e-07, 4.53666558542e-07, 9.14469524105e-07, 3.5683075339e-07, 7.13966556987e-08, 4.87585758435e-08, 2.9138011115e-08, 3.80994080729e-08, 1.81863448745e-08, 6.33130241567e-08, 8.08801488006e-08, 4.9280794201e-07, 4.52249281579e-07, 1.21673537024e-07, 8.95634855169e-09, 3.22490679994e-11]
    },
    "erbbands": {
        "dmean": [0.290069103241, 2.08781862259, 3.87191963196, 6.69084787369, 9.72554779053, 11.6318826675, 11.2478342056, 9.98081874847, 18.8017635345, 29.4779472351, 16.7093486786, 25.8311634064, 16.8357334137, 18.7147464752, 9.4376039505, 8.38234901428, 8.04386901855, 11.5247268677, 10.7317838669, 4.50741434097, 3.72715258598, 4.20661735535, 3.44391083717, 2.4547522068, 2.25918149948, 2.32926774025, 2.19025111198, 2.65278697014, 3.50798869133, 4.14279794693, 4.28177785873, 3.65524196625, 2.37778234482, 1.14913666248, 0.44286981225, 0.131392598152, 0.0386557355523, 0.00740187708288, 0.000197967267013, 2.31113608606e-05],
        "dmean2": [0.497063457966, 3.55341172218, 6.91118383408, 11.3646993637, 16.4428195953, 18.3292179108, 18.408744812, 16.0442638397, 28.4734687805, 45.8918075562, 25.3421802521, 33.2615890503, 23.9727993011, 23.231010437, 14.0332078934, 13.4245843887, 12.3101043701, 17.4920959473, 15.2395782471, 6.4827837944, 5.25215435028, 6.35011720657, 5.33188343048, 3.62698674202, 3.22985005379, 3.51700901985, 3.35857176781, 3.9088807106, 5.17709255219, 6.34581851959, 6.14905452728, 5.29963445663, 3.58372330666, 1.81588685513, 0.69143640995, 0.198956951499, 0.0543754845858, 0.0107964761555, 0.000296370795695, 3.49200345227e-05],
        "dvar": [0.691937744617, 24.9036579132, 96.8947677612, 150.163375854, 348.188659668, 423.611602783, 613.625549316, 468.046325684, 1106.77490234, 7257.8125, 1199.83837891, 4459.67333984, 2293.47729492, 6045.75732422, 543.650390625, 682.100585938, 484.563812256, 902.5, 915.47857666, 84.2429275513, 55.5695724487, 70.163192749, 51.4133987427, 34.3146743774, 40.3242988586, 31.3226947784, 49.0112266541, 61.1994247437, 63.5763969421, 108.276519775, 254.960174561, 176.670593262, 44.3142166138, 16.4335842133, 2.58873081207, 0.284152060747, 0.0135775469244, 0.00048397667706, 2.79646712897e-07, 1.23261001406e-09],
        "dvar2": [1.87618231773, 65.4048614502, 276.420013428, 411.860137939, 894.558959961, 1015.6696167, 1542.37036133, 1203.52746582, 2597.66772461, 16835.8691406, 2805.42504883, 7150.25830078, 4342.67089844, 9386.20507812, 1171.70898438, 1789.70532227, 1035.86999512, 2056.47631836, 1504.12280273, 185.647171021, 109.561141968, 159.873931885, 124.561668396, 63.8554344177, 72.292098999, 66.127746582, 87.9317474365, 122.211509705, 139.213302612, 229.642730713, 468.905090332, 284.824462891, 80.8363113403, 35.7147598267, 5.03253364563, 0.604257166386, 0.0277959089726, 0.0011662626639, 6.85233317199e-07, 2.81804335422e-09],
        "max": [5.98197507858, 38.2996177673, 78.9368591309, 133.047225952, 217.675445557, 228.580963135, 313.432495117, 399.012451172, 505.017822266, 1082.07275391, 399.226928711, 1019.90576172, 686.78692627, 1668.3996582, 423.772064209, 400.074462891, 367.319732666, 422.986022949, 636.323791504, 129.656860352, 187.807662964, 114.282058716, 106.38722229, 136.996276855, 159.463119507, 83.8255462646, 146.952178955, 147.147735596, 78.8237228394, 140.859390259, 240.68460083, 255.886489868, 102.189880371, 67.3901824951, 20.5570678711, 6.46983623505, 1.82736575603, 0.338198721409, 0.00771853327751, 0.000345422711689],
        "mean": [0.372239947319, 3.47360157967, 5.21515798569, 10.5312452316, 14.8784132004, 24.4891490936, 25.157541275, 22.2531318665, 51.7650375366, 47.9757957458, 31.9132461548, 50.6811904907, 30.6260967255, 35.058971405, 19.3928623199, 13.453994751, 11.4345178604, 17.6119441986, 18.1982574463, 8.40300941467, 7.62519836426, 8.00023651123, 5.44698905945, 3.50193309784, 3.32497596741, 3.53369474411, 3.34799957275, 3.83395409584, 4.99583053589, 5.60451173782, 5.54731321335, 4.93672800064, 3.03326964378, 1.18659818172, 0.5261952281, 0.162004739046, 0.0503351166844, 0.00838789343834, 0.00023646299087, 5.80066953262e-05],
        "median": [0.206348061562, 2.47985243797, 2.79458856583, 5.91287660599, 7.73214530945, 11.8303871155, 9.05618286133, 9.30394554138, 16.1421337128, 9.38187980652, 10.8187637329, 5.42225933075, 4.96406364441, 3.6581389904, 6.64143514633, 4.78824043274, 2.59534549713, 3.2303814888, 5.55541801453, 3.29569387436, 3.32735586166, 3.48141622543, 2.73238325119, 1.37745392323, 1.43430447578, 1.3533577919, 1.07527375221, 0.846514701843, 1.31421458721, 1.22752380371, 0.75985622406, 0.693714559078, 0.413326829672, 0.094655841589, 0.0520839728415, 0.0194706562907, 0.00739285908639, 0.000853980891407, 4.64664044557e-05, 4.73336986033e-05],
        "min": [3.48969269545e-22, 2.02885654417e-21, 4.54253543915e-21, 1.95439805097e-20, 1.17943095276e-19, 1.12968288901e-19, 4.72266104534e-19, 1.16750339607e-19, 1.00509669331e-19, 3.2824835057e-19, 5.62558141671e-19, 1.10991373766e-18, 7.39534674497e-19, 2.04524087407e-18, 2.00484674963e-18, 1.48256170554e-18, 3.6870574916e-18, 3.05550364635e-18, 4.6141681396e-18, 3.6497934186e-18, 8.28830507003e-18, 1.24434500082e-17, 9.26473222614e-18, 6.69732780013e-18, 1.47973926189e-17, 1.09933825421e-17, 1.61927420876e-17, 1.15098493011e-17, 1.36811529141e-17, 1.74191465335e-17, 1.40185805655e-17, 1.7178600757e-17, 1.08739930827e-17, 9.70664519659e-18, 8.38706795363e-18, 5.90927572568e-18, 2.83023010551e-18, 1.16232224691e-18, 2.78566435414e-19, 3.27699070332e-20],
        "var": [0.515243113041, 22.5492935181, 77.7519607544, 207.108673096, 478.795196533, 1082.79138184, 2035.07592773, 1495.78100586, 8811.1328125, 12429.7841797, 2337.54052734, 18793.3554688, 5227.97900391, 18737.5761719, 1996.9197998, 911.089538574, 795.582092285, 1781.39343262, 2310.73461914, 217.147247314, 196.462127686, 150.620544434, 86.6613540649, 60.6697311401, 68.9989318848, 54.1426696777, 80.6263275146, 96.175994873, 104.73084259, 172.195144653, 412.479156494, 339.91986084, 89.2978286743, 21.8191051483, 4.07348299026, 0.385484606028, 0.0215784832835, 0.000604333530646, 3.46099881199e-07, 2.18126805507e-09]
    },
    "gfcc": {
        "mean": [-33.8583717346, 113.168876648, -80.1024932861, 36.4008178711, -61.5261383057, 17.3576450348, -38.0346565247, 4.52223825455, -15.5813302994, -0.862415909767, -12.6024999619, 1.21778440475, -11.891371727],
        "cov": [[24147.1503906, -123.018699646, -2125.09814453, 666.779785156, -386.25680542, 939.086853027, -477.844390869, 318.958343506, 284.463470459, 458.203521729, -441.803192139, 57.2719612122, -114.242515564], [-123.018699646, 1509.50549316, -284.384429932, -417.372955322, 135.267181396, -283.716400146, 55.6405067444, -17.7046337128, 142.506820679, -187.863174438, 164.769287109, -64.2627868652, 25.314655304], [-2125.09814453, -284.384429932, 672.801635742, 222.245498657, 19.1260490417, -3.80067968369, 24.2539615631, -41.2200965881, -110.266151428, -4.99244499207, 5.42206668854, 22.3028888702, 19.7524681091], [666.779785156, -417.372955322, 222.245498657, 826.684326172, 276.124420166, 134.887908936, -70.485534668, -99.8308944702, 12.0503501892, 127.887252808, -70.8603668213, 63.5684547424, 128.327468872], [-386.25680542, 135.267181396, 19.1260490417, 276.124420166, 433.956329346, 34.997428894, 20.3565292358, -76.4917678833, 115.94846344, 50.3432121277, 10.6241664886, 25.9610710144, 95.3202209473], [939.086853027, -283.716400146, -3.80067968369, 134.887908936, 34.997428894, 301.848327637, 64.9341583252, -5.10854291916, -8.77386665344, 102.750137329, -44.5670814514, -5.33619976044, -14.7355365753], [-477.844390869, 55.6405067444, 24.2539615631, -70.485534668, 20.3565292358, 64.9341583252, 176.789459229, 39.0296554565, -7.73955869675, -15.3158607483, 18.5953826904, -14.4524707794, -17.9271907806], [318.958343506, -17.7046337128, -41.2200965881, -99.8308944702, -76.4917678833, -5.10854291916, 39.0296554565, 139.34161377, 50.4653930664, -6.0298614502, -11.7318763733, -2.83395528793, -22.2858066559], [284.463470459, 142.506820679, -110.266151428, 12.0503501892, 115.94846344, -8.77386665344, -7.73955869675, 50.4653930664, 197.196929932, 55.6866989136, 1.11970221996, -2.10166358948, 28.0423965454], [458.203521729, -187.863174438, -4.99244499207, 127.887252808, 50.3432121277, 102.750137329, -15.3158607483, -6.0298614502, 55.6866989136, 147.567779541, -23.1500263214, 0.143872648478, 7.24790239334], [-441.803192139, 164.769287109, 5.42206668854, -70.8603668213, 10.6241664886, -44.5670814514, 18.5953826904, -11.7318763733, 1.11970221996, -23.1500263214, 97.473777771, 8.55336284637, 3.4446208477], [57.2719612122, -64.2627868652, 22.3028888702, 63.5684547424, 25.9610710144, -5.33619976044, -14.4524707794, -2.83395528793, -2.10166358948, 0.143872648478, 8.55336284637, 81.489654541, 37.0470275879], [-114.242515564, 25.314655304, 19.7524681091, 128.327468872, 95.3202209473, -14.7355365753, -17.9271907806, -22.2858066559, 28.0423965454, 7.24790239334, 3.4446208477, 37.0470275879, 99.1428909302]],
        "icov": [[0.000129901411128, -0.000226021671551, 0.000391726731323, -0.000299743696814, 0.00020037550712, -0.000500568072312, 0.000483288487885, -0.000486549659399, 0.00021329644369, -0.000153566870722, 0.00030941789737, -0.000330112176016, 0.000291802309221], [-0.000226021671551, 0.00201063603163, -0.000260480330326, 0.000944562198129, -0.000761591014452, 0.00154338090215, -0.00133662961889, 0.00173894828185, -0.00164829881396, 0.00189450196922, -0.00213044439442, 0.00195172335953, -0.00116129824892], [0.000391726731323, -0.000260480330326, 0.00323034240864, -0.00150644173846, 0.000485009630211, -0.000751093961298, 0.000689834356308, -0.00145396532025, 0.0015742147807, -0.000374801486032, 0.000161124131409, -0.000698027433828, 0.000881536107045], [-0.000299743696814, 0.000944562198129, -0.00150644173846, 0.00353827187791, -0.00187753175851, 0.000583450775594, -0.000139546726132, 0.00149365223479, -1.6496031094e-05, -0.000509788689669, 0.000311536976369, 0.000525171752088, -0.0028290299233], [0.00020037550712, -0.000761591014452, 0.000485009630211, -0.00187753175851, 0.00574717065319, -0.000984657555819, -0.00135894678533, 0.00284023210406, -0.00345979817212, 0.000202756913495, 0.00055064028129, -0.00105799606536, -0.00118027965073], [-0.000500568072312, 0.00154338090215, -0.000751093961298, 0.000583450775594, -0.000984657555819, 0.00835181865841, -0.00517814746127, 0.002610841766, 8.89840230229e-05, -0.00295472121798, -6.25345182925e-06, 0.00139078311622, -6.65137849865e-05], [0.000483288487885, -0.00133662961889, 0.000689834356308, -0.000139546726132, -0.00135894678533, -0.00517814746127, 0.0109984297305, -0.00602977024391, 0.00283134868369, 0.000671963614877, -0.000644085288513, -0.000100260040199, 0.00132152682636], [-0.000486549659399, 0.00173894828185, -0.00145396532025, 0.00149365223479, 0.00284023210406, 0.002610841766, -0.00602977024391, 0.0154631147161, -0.00792158767581, 0.00272200838663, 0.000705876678694, -0.000403777870815, -0.000437472423073], [0.00021329644369, -0.00164829881396, 0.0015742147807, -1.6496031094e-05, -0.00345979817212, 8.89840230229e-05, 0.00283134868369, -0.00792158767581, 0.0128959575668, -0.00628106622025, 0.000959591532592, 7.58122405387e-05, -0.000804778130259], [-0.000153566870722, 0.00189450196922, -0.000374801486032, -0.000509788689669, 0.000202756913495, -0.00295472121798, 0.000671963614877, 0.00272200838663, -0.00628106622025, 0.0142844114453, -0.00213997997344, 0.00198757229373, 0.0002370805596], [0.00030941789737, -0.00213044439442, 0.000161124131409, 0.000311536976369, 0.00055064028129, -6.25345182925e-06, -0.000644085288513, 0.000705876678694, 0.000959591532592, -0.00213997997344, 0.0154656488448, -0.0045029213652, 0.0010073495796], [-0.000330112176016, 0.00195172335953, -0.000698027433828, 0.000525171752088, -0.00105799606536, 0.00139078311622, -0.000100260040199, -0.000403777870815, 7.58122405387e-05, 0.00198757229373, -0.0045029213652, 0.0178702659905, -0.00699234101921], [0.000291802309221, -0.00116129824892, 0.000881536107045, -0.0028290299233, -0.00118027965073, -6.65137849865e-05, 0.00132152682636, -0.000437472423073, -0.000804778130259, 0.0002370805596, 0.0010073495796, -0.00699234101921, 0.0182590521872]]
    },
    "melbands": {
        "dmean": [0.00261626695283, 0.00214713206515, 0.00115047954023, 0.000822331989184, 0.000390582688851, 0.000233194034081, 0.000310740520945, 0.000293849618174, 0.000121622731967, 0.000179619237315, 8.86883935891e-05, 7.96636813902e-05, 3.93149530282e-05, 2.9272696338e-05, 1.67738871824e-05, 2.38365992118e-05, 2.21775098908e-05, 2.12109571294e-05, 9.17900706554e-06, 5.43753230886e-06, 4.53122447652e-06, 4.73981481264e-06, 4.28857401857e-06, 2.41315001404e-06, 2.02704973162e-06, 1.97485587705e-06, 1.66789470768e-06, 1.57883607699e-06, 1.29386717163e-06, 1.46316017435e-06, 1.72386046415e-06, 2.03178547054e-06, 2.04354500966e-06, 2.5888930395e-06, 2.42977785092e-06, 2.49271897701e-06, 2.41372003984e-06, 1.92327843251e-06, 1.37781387366e-06, 8.37369327655e-07],
        "dmean2": [0.00447008339688, 0.00371038727462, 0.00192348810378, 0.00135743408464, 0.00062839826569, 0.000376479176339, 0.000478468398796, 0.000457088433905, 0.000186154560652, 0.000230926016229, 0.000126704340801, 0.000101984820503, 5.73176621401e-05, 4.86003118567e-05, 2.63999336312e-05, 3.72077702195e-05, 3.37068013323e-05, 3.07471782435e-05, 1.37021270348e-05, 7.64928972785e-06, 6.70707777317e-06, 7.29308794689e-06, 6.63751916363e-06, 3.63374010703e-06, 3.04600166601e-06, 2.7641331144e-06, 2.65969515567e-06, 2.45919864028e-06, 1.97148460757e-06, 2.23412121159e-06, 2.56967200585e-06, 3.00639635498e-06, 3.12815609504e-06, 4.10166239817e-06, 3.68672544937e-06, 3.58357419827e-06, 3.48138564732e-06, 2.81420784631e-06, 2.19442358684e-06, 1.36217113322e-06],
        "dvar": [4.90939200972e-05, 2.84059115074e-05, 3.92206447941e-06, 2.37017547988e-06, 6.26865642062e-07, 2.33986298781e-07, 3.45349093323e-07, 7.83676114224e-07, 5.90399480416e-08, 2.09350034197e-07, 6.38640713646e-08, 1.29426865669e-07, 1.34824444942e-08, 7.09647363095e-09, 3.49419471135e-09, 4.51702764082e-09, 3.2854796661e-09, 4.11835809899e-09, 4.74725425637e-10, 1.48681900125e-10, 7.61573096253e-11, 9.7322913617e-11, 9.6653983428e-11, 2.0423926439e-11, 2.20598938422e-11, 6.16165937717e-11, 1.14897657361e-11, 1.69771679354e-11, 1.17384530915e-11, 3.41041916929e-11, 2.22770465269e-11, 2.19820966985e-11, 2.13791762071e-11, 5.43705809541e-11, 7.96702079309e-11, 1.30095934026e-10, 6.9737535191e-11, 2.73416289609e-11, 2.57245388186e-11, 7.88405798979e-12],
        "dvar2": [0.000130824162625, 7.62174895499e-05, 1.08920094135e-05, 5.98733913648e-06, 1.55471332164e-06, 6.11660766481e-07, 8.46645832553e-07, 1.89275385765e-06, 1.34149146902e-07, 3.27573360437e-07, 1.22140065173e-07, 2.10222978581e-07, 2.5682989957e-08, 1.82841475294e-08, 8.21558110431e-09, 1.00746797571e-08, 7.649159528e-09, 7.38976968506e-09, 1.03879693736e-09, 3.05888092633e-10, 1.65457633705e-10, 2.2807367106e-10, 2.48151527105e-10, 3.86010667874e-11, 4.34289999796e-11, 9.83432432711e-11, 2.72245247179e-11, 3.8257310514e-11, 2.28050182904e-11, 5.89847684584e-11, 4.96464709621e-11, 4.81277136199e-11, 5.10310023405e-11, 1.19018989109e-10, 1.50162979273e-10, 2.44032960506e-10, 1.19270884835e-10, 4.99189821423e-11, 5.66436585137e-11, 1.76834432514e-11],
        "max": [0.0521851964295, 0.0470759049058, 0.024477539584, 0.0167967174202, 0.0111640086398, 0.00802797917277, 0.00735131744295, 0.0127508947626, 0.00224379450083, 0.00693298364058, 0.00334995146841, 0.00772545300424, 0.00219276361167, 0.00135537108872, 0.00107204017695, 0.00104929879308, 0.000738232163712, 0.00120714947116, 0.000296236248687, 0.000208216544706, 0.000190930659301, 0.000137358860229, 0.000157919668709, 8.51756340126e-05, 0.000103634934931, 0.000208296143683, 4.13775924244e-05, 6.38638884993e-05, 6.85581981088e-05, 0.000122945013572, 7.34197965357e-05, 4.76970963064e-05, 5.0579339586e-05, 0.000107985411887, 0.000137254231959, 0.000229142213357, 0.000154483204824, 8.22326837806e-05, 8.90392475412e-05, 3.83391598007e-05],
        "mean": [0.0038939032238, 0.00354564748704, 0.00185158464592, 0.00145027821418, 0.000950188434217, 0.000524083967321, 0.000779242196586, 0.000476962595712, 0.000228352626436, 0.000349835841917, 0.000147316328366, 0.000140285730595, 7.68822428654e-05, 4.78937217849e-05, 2.166350896e-05, 3.28011337842e-05, 3.18753664033e-05, 3.34063479386e-05, 1.38809182317e-05, 9.8702385003e-06, 8.37436255097e-06, 8.66878053785e-06, 6.22330298938e-06, 3.68260407413e-06, 2.71372709904e-06, 2.62652565652e-06, 2.36778896578e-06, 2.27639702644e-06, 1.9611152311e-06, 2.0796080662e-06, 2.31594435718e-06, 2.81256279777e-06, 2.79683899862e-06, 3.32019476446e-06, 3.18017441714e-06, 2.99503267343e-06, 3.17237731906e-06, 2.43474755734e-06, 1.40184067732e-06, 8.13549604572e-07],
        "median": [0.002448317362, 0.00250015500933, 0.00106954504736, 0.000750116771087, 0.000352627888788, 0.000212981074583, 0.000254561018664, 6.92326575518e-05, 7.87877506809e-05, 3.43664687534e-05, 2.62087633018e-05, 1.39483981911e-05, 1.84890668606e-05, 2.03675699595e-05, 3.6733226807e-06, 6.56454722048e-06, 5.33267302671e-06, 9.10651397135e-06, 4.72375086247e-06, 3.0576456993e-06, 3.5730338368e-06, 3.49208494299e-06, 2.96116581922e-06, 1.53101188971e-06, 1.03439538179e-06, 9.49955165197e-07, 1.02083538422e-06, 8.18947569314e-07, 7.13733243174e-07, 4.82798441226e-07, 4.58312484852e-07, 6.9508581646e-07, 7.62274908084e-07, 6.42611780677e-07, 4.69081413712e-07, 3.1957910096e-07, 4.68169332635e-07, 3.34510218636e-07, 9.17194995509e-08, 6.05731997894e-08],
        "min": [3.10325455555e-24, 2.40044023128e-24, 7.74481943071e-24, 7.59586908117e-24, 1.56194617006e-23, 2.42667478676e-24, 1.32243281366e-24, 3.7737476708e-24, 5.39676981872e-24, 6.82371309448e-24, 3.28434625381e-24, 8.38246043357e-24, 8.93832259296e-24, 3.67623263e-24, 4.20215239045e-24, 7.99288857527e-24, 4.89774863743e-24, 6.60026705978e-24, 5.3584942876e-24, 4.1853772633e-24, 7.95962704406e-24, 1.48961267376e-23, 9.84798807949e-24, 4.96060941309e-24, 4.69426315022e-24, 1.04694613781e-23, 8.21812808523e-24, 7.25615007664e-24, 1.18328694021e-23, 8.4119803975e-24, 4.85701422686e-24, 7.46296810675e-24, 7.94959509993e-24, 9.22718136835e-24, 7.61263000882e-24, 7.60795206366e-24, 1.06930971338e-23, 7.81350870517e-24, 5.98963073786e-24, 8.57621019392e-24],
        "var": [3.94314265577e-05, 2.56421008089e-05, 5.95233905187e-06, 3.70573047803e-06, 2.52690369962e-06, 7.03098635313e-07, 1.65557821674e-06, 1.23454594814e-06, 1.23120273088e-07, 9.00088764411e-07, 1.30116802666e-07, 3.42290917388e-07, 5.0917201122e-08, 9.18957088203e-09, 4.34794822368e-09, 7.44505967987e-09, 6.29451779588e-09, 8.96206575618e-09, 8.79157024958e-10, 4.18971385363e-10, 2.58638388484e-10, 1.98937435969e-10, 1.28895269458e-10, 4.59887440629e-11, 3.67333871654e-11, 1.02243484512e-10, 1.68839092013e-11, 2.67973369189e-11, 1.93756781453e-11, 5.27507829085e-11, 3.25533315582e-11, 3.56398972834e-11, 3.15106933602e-11, 7.69875482809e-11, 1.23626761606e-10, 2.00957431251e-10, 1.28665730847e-10, 5.45683394304e-11, 3.35636587967e-11, 9.88887357417e-12]
    },
    "mfcc": {
