{
"metadata": {
    "version": {
        "essentia": "2.0.1",
        "extractor": "archive-music 1.0"
    },
    "audio_properties": {
        "analysis_sample_rate": 44100,
        "bitrate": 128,
        "channels": 2,
        "equal_loudness": 0,
        "length": 16.0391845703,
        "replay_gain": -10.8203716278,
        "downmix": "mix"
    },
    "tags": {
        "track": 4,
        "year": 0,
        "album": "Epic Soul Factory - Volume 2",
        "artist": "Epic Soul Factory",
        "comment": "",
        "genre": "Other",
        "title": "Lighting Soul"
    }
},
"highlevel": {
    "culture": {
        "all": {
            "non_western": 8.37749576021e-06,
            "western": 0.999991595745
        },
        "probability": 0.999991595745,
        "value": "western"
    },
    "danceability": {
        "all": {
            "danceable": 0.922383069992,
            "not_danceable": 0.0776169598103
        },
        "probability": 0.922383069992,
        "value": "danceable"
    },
    "gender": {
        "all": {
            "female": 0.270324885845,
            "male": 0.729675114155
        },
        "probability": 0.729675114155,
        "value": "male"
    },
    "genre_dortmund": {
        "all": {
            "alternative": 0.216623440385,
            "blues": 0.10664576292,
            "electronic": 0.0491493754089,
            "folkcountry": 0.0930249989033,
            "funksoulrnb": 0.0380772724748,
            "jazz": 0.156713441014,
            "pop": 0.0442871637642,
            "raphiphop": 0.012452066876,
            "rock": 0.283026486635
        },
        "probability": 0.283026486635,
        "value": "rock"
    },
    "genre_electronic": {
        "all": {
            "ambient": 0.868602097034,
            "dnb": 0.0741133987904,
            "house": 0.00905741751194,
            "techno": 0.0083505930379,
            "trance": 0.0398764759302
        },
        "probability": 0.868602097034,
        "value": "ambient"
    },
    "genre_rosamerica": {
        "all": {
            "cla": 0.0120445434004,
            "dan": 0.0498181171715,
            "hip": 0.0719650536776,
            "jaz": 0.0684816613793,
            "pop": 0.399421393871,
            "rhy": 0.0286071840674,
            "roc": 0.361749082804,
            "spe": 0.00791296549141
        },
        "probability": 0.399421393871,
        "value": "pop"
    },
    "genre_tzanetakis": {
        "all": {
            "blu": 0.00987483095378,
            "cla": 0.0294012390077,
            "cou": 0.0353246815503,
            "dis": 0.021738037467,
            "hip": 0.0413470380008,
            "jaz": 0.230837643147,
            "met": 0.00559663074091,
            "pop": 0.437286794186,
            "reg": 0.112897872925,
            "roc": 0.0756952315569
        },
        "probability": 0.437286794186,
        "value": "pop"
    },
    "mirex_ballroom": {
        "all": {
            "ChaChaCha": 0.0482944361866,
            "Jive": 0.0194219257683,
            "Quickstep": 0.0855341404676,
            "Rumba-American": 0.0473450869322,
            "Rumba-International": 0.0943875908852,
            "Rumba-Misc": 0.0203441698104,
            "Samba": 0.0519866719842,
            "Tango": 0.242635011673,
            "VienneseWaltz": 0.32533660531,
            "Waltz": 0.0647143721581
        },
        "probability": 0.32533660531,
        "value": "VienneseWaltz"
    },
    "mood_acoustic": {
        "all": {
            "acoustic": 0.909120082855,
            "not_acoustic": 0.0908798873425
        },
        "probability": 0.909120082855,
        "value": "acoustic"
    },
    "mood_aggressive": {
        "all": {
            "aggressive": 0.0912443324924,
            "not_aggressive": 0.908755660057
        },
        "probability": 0.908755660057,
        "value": "not_aggressive"
    },
    "mood_electronic": {
        "all": {
            "electronic": 0.857927203178,
            "not_electronic": 0.142072811723
        },
        "probability": 0.857927203178,
        "value": "electronic"
    },
    "mood_happy": {
        "all": {
            "happy": 0.853322327137,
            "not_happy": 0.146677672863
        },
        "probability": 0.853322327137,
        "value": "happy"
    },
    "mood_party": {
        "all": {
            "not_party": 0.865667283535,
            "party": 0.134332731366
        },
        "probability": 0.865667283535,
        "value": "not_party"
    },
    "mood_relaxed": {
        "all": {
            "not_relaxed": 0.0650869160891,
            "relaxed": 0.934913098812
        },
        "probability": 0.934913098812,
        "value": "relaxed"
    },
    "mood_sad": {
        "all": {
            "not_sad": 0.266089856625,
            "sad": 0.733910143375
        },
        "probability": 0.733910143375,
        "value": "sad"
    },
    "moods_mirex": {
        "all": {
            "Cluster1": 0.427788555622,
            "Cluster2": 0.166613668203,
            "Cluster3": 0.254252225161,
            "Cluster4": 0.0915244296193,
            "Cluster5": 0.0598211362958
        },
        "probability": 0.427788555622,
        "value": "Cluster1"
    },
    "timbre": {
        "all": {
            "bright": 0.493090867996,
            "dark": 0.506909132004
        },
        "probability": 0.506909132004,
        "value": "dark"
    },
    "tonal_atonal": {
        "all": {
            "atonal": 0.0797046273947,
            "tonal": 0.920295357704
        },
        "probability": 0.920295357704,
        "value": "tonal"
    },
    "voice_instrumental": {
        "all": {
            "instrumental": 0.863184034824,
            "voice": 0.136815980077
        },
        "probability": 0.863184034824,
        "value": "instrumental"
    }
},
"lowlevel": {
    "average_loudness": 0.967221558094,
    "barkbands_kurtosis": {
        "dmean": 1.5271127224,
        "dmean2": 2.39397072792,
        "dvar": 2.57617354393,
        "dvar2": 6.34962558746,
        "max": 14.7921295166,
        "mean": 2.70162916183,
        "median": 2.08001303673,
        "min": -1.22050535679,
        "var": 7.21516418457
    },
    "barkbands_skewness": {
        "dmean": 0.387127012014,
        "dmean2": 0.56751948595,
        "dvar": 0.114205762744,
        "dvar2": 0.245362475514,
        "max": 3.76067852974,
        "mean": 1.46953821182,
        "median": 1.4519276619,
        "min": -2.02150630951,
        "var": 0.567624509335
    },
    "barkbands_spread": {
        "dmean": 2.53490209579,
        "dmean2": 3.86808729172,
        "dvar": 7.37720394135,
        "dvar2": 18.7836494446,
        "max": 55.4571037292,
        "mean": 15.5062923431,
        "median": 15.2043323517,
        "min": 6.20336914062,
        "var": 16.8292541504
    },
    "dissonance": {
        "dmean": 0.0293914284557,
        "dmean2": 0.0496393889189,
        "dvar": 0.000631732109468,
        "dvar2": 0.00164345628582,
        "max": 0.499999880791,
        "mean": 0.435303658247,
        "median": 0.439018785954,
        "min": 0.273335278034,
        "var": 0.00117078633048
    },
    "dynamic_complexity": 2.42492723465,
    "erbbands_kurtosis": {
        "dmean": 1.08833920956,
        "dmean2": 1.58437240124,
        "dvar": 1.34080851078,
        "dvar2": 2.72568225861,
        "max": 12.9597587585,
        "mean": 1.47129869461,
        "median": 0.994287848473,
        "min": -0.996627807617,
        "var": 3.54336166382
    },
    "erbbands_skewness": {
        "dmean": 0.344525933266,
        "dmean2": 0.483503997326,
        "dvar": 0.0858231633902,
        "dvar2": 0.154309138656,
        "max": 3.14577460289,
        "mean": 0.609441101551,
        "median": 0.554039716721,
        "min": -0.768301665783,
        "var": 0.363162398338
    },
    "erbbands_spread": {
        "dmean": 4.97259283066,
        "dmean2": 7.10290050507,
        "dvar": 18.4797019958,
        "dvar2": 40.7210388184,
        "max": 61.0584106445,
        "mean": 24.5664463043,
        "median": 23.2938213348,
        "min": 6.08989286423,
        "var": 77.3681945801
    },
    "hfc": {
        "dmean": 3.79772543907,
        "dmean2": 4.94499874115,
        "dvar": 15.3902673721,
        "dvar2": 22.3107662201,
        "max": 70.2587203979,
        "mean": 20.5972747803,
        "median": 19.1787185669,
        "min": 1.13849261689e-16,
        "var": 126.595840454
    },
    "melbands_kurtosis": {
        "dmean": 3.43698549271,
        "dmean2": 5.24788236618,
        "dvar": 15.3032627106,
        "dvar2": 35.3549232483,
        "max": 41.9791984558,
        "mean": 7.5233669281,
        "median": 5.72645616531,
        "min": -1.22083210945,
        "var": 44.7285461426
    },
    "melbands_skewness": {
        "dmean": 0.521152496338,
        "dmean2": 0.749077677727,
        "dvar": 0.201854452491,
        "dvar2": 0.408964902163,
        "max": 5.79875421524,
        "mean": 2.2346830368,
        "median": 2.15123558044,
        "min": -0.242063611746,
        "var": 1.02845788002
    },
    "melbands_spread": {
        "dmean": 3.22592592239,
        "dmean2": 5.20778179169,
        "dvar": 50.6820907593,
        "dvar2": 108.28099823,
        "max": 153.750686646,
        "mean": 15.9439592361,
        "median": 14.5589046478,
        "min": 4.66413402557,
        "var": 125.083862305
    },
    "pitch_salience": {
        "dmean": 0.0460433736444,
        "dmean2": 0.0755418464541,
        "dvar": 0.00168816791847,
        "dvar2": 0.00408030673862,
        "max": 0.914741933346,
        "mean": 0.423603117466,
        "median": 0.419325470924,
        "min": 0.20643286407,
        "var": 0.00543708400801
    },
    "silence_rate_20dB": {
        "dmean": 0,
        "dmean2": 0,
        "dvar": 0,
        "dvar2": 0,
        "max": 1,
        "mean": 1,
        "median": 1,
        "min": 1,
        "var": 0
    },
    "silence_rate_30dB": {
        "dmean": 0.0173661354929,
        "dmean2": 0.0347826071084,
        "dvar": 0.0170644763857,
        "dvar2": 0.0393698662519,
        "max": 1,
        "mean": 0.981213867664,
        "median": 1,
        "min": 0,
        "var": 0.0184331629425
    },
    "silence_rate_60dB": {
        "dmean": 0.00289435591549,
        "dmean2": 0.00579710165039,
        "dvar": 0.00288600381464,
        "dvar2": 0.00576350605115,
        "max": 1,
        "mean": 0.0462427735329,
        "median": 0,
        "min": 0,
        "var": 0.0441041328013
    },
    "spectral_centroid": {
        "dmean": 154.686019897,
        "dmean2": 220.106948853,
        "dvar": 183583.21875,
        "dvar2": 156833.921875,
        "max": 11385.6513672,
        "mean": 979.842651367,
        "median": 919.307006836,
        "min": 562.139892578,
        "var": 364803.96875
    },
    "spectral_complexity": {
        "dmean": 2.32416796684,
        "dmean2": 3.76811599731,
        "dvar": 3.81676673889,
        "dvar2": 9.72306346893,
        "max": 32,
        "mean": 17.0158958435,
        "median": 17,
        "min": 0,
        "var": 25.3335666656
    },
    "spectral_crest": {
        "dmean": 1.94138908386,
        "dmean2": 3.01345539093,
        "dvar": 2.522544384,
        "dvar2": 5.95816230774,
        "max": 23.0133628845,
        "mean": 13.1170578003,
        "median": 12.9049835205,
        "min": 4.85479211807,
        "var": 10.3194141388
    },
    "spectral_decrease": {
        "dmean": 2.44415532258e-09,
        "dmean2": 3.73471920057e-09,
        "dvar": 4.17944336867e-18,
        "dvar2": 9.55937230597e-18,
        "max": 3.72881824316e-29,
        "mean": -1.37659688093e-08,
        "median": -1.39704230406e-08,
        "min": -3.39471064592e-08,
        "var": 3.2620797207e-17
    },
    "spectral_energy": {
        "dmean": 0.00943271629512,
        "dmean2": 0.0143597656861,
        "dvar": 6.31612274447e-05,
        "dvar2": 0.000140215401188,
        "max": 0.134401902556,
        "mean": 0.0538241825998,
        "median": 0.0549014359713,
        "min": 1.02716824696e-20,
        "var": 0.000502130482346
    },
    "spectral_energyband_high": {
        "dmean": 7.42161792004e-05,
        "dmean2": 0.000109155669634,
        "dvar": 6.77378286795e-09,
        "dvar2": 1.51036143592e-08,
        "max": 0.00157455622684,
        "mean": 0.000255260238191,
        "median": 0.00020139478147,
        "min": 7.99635336596e-21,
        "var": 5.42462217368e-08
    },
    "spectral_energyband_low": {
        "dmean": 0.00746500585228,
        "dmean2": 0.0124932741746,
        "dvar": 4.05979080824e-05,
        "dvar2": 0.000117027302622,
        "max": 0.0777169987559,
        "mean": 0.0304985959083,
        "median": 0.0298764817417,
        "min": 4.07832189648e-23,
        "var": 0.000167508187587
    },
    "spectral_energyband_middle_high": {
        "dmean": 0.00177851307672,
        "dmean2": 0.00259426026605,
        "dvar": 3.36549055646e-06,
        "dvar2": 7.12524069968e-06,
        "max": 0.0269657727331,
        "mean": 0.00609631976113,
        "median": 0.00543128466234,
        "min": 1.28347129068e-21,
        "var": 1.55958077812e-05
    },
    "spectral_energyband_middle_low": {
        "dmean": 0.00536761665717,
        "dmean2": 0.00674758432433,
        "dvar": 3.52979004674e-05,
        "dvar2": 4.56845846202e-05,
        "max": 0.0933018550277,
        "mean": 0.0189613681287,
        "median": 0.0157476682216,
        "min": 2.42354377417e-22,
        "var": 0.000198784677195
    },
    "spectral_flatness_db": {
        "dmean": 0.0156679712236,
        "dmean2": 0.0211433060467,
        "dvar": 0.000157639500685,
        "dvar2": 0.000294986501103,
        "max": 0.240808144212,
        "mean": 0.169383466244,
        "median": 0.170987933874,
        "min": 0.0565563999116,
        "var": 0.000772160186898
    },
    "spectral_flux": {
        "dmean": 0.0163230337203,
        "dmean2": 0.0272604878992,
        "dvar": 0.000197278248379,
        "dvar2": 0.000541253190022,
        "max": 0.153607591987,
        "mean": 0.0796239897609,
        "median": 0.0808762609959,
        "min": 1.01349310888e-10,
        "var": 0.000760207127314
    },
    "spectral_kurtosis": {
        "dmean": 1.71452999115,
        "dmean2": 2.9161157608,
        "dvar": 2.39317297935,
        "dvar2": 6.50673675537,
        "max": 16.1896648407,
        "mean": 5.82754468918,
        "median": 5.48628139496,
        "min": -1.19934844971,
        "var": 4.8191204071
    },
    "spectral_rms": {
        "dmean": 0.000623277737759,
        "dmean2": 0.000944473547861,
        "dvar": 2.36140664356e-07,
        "dvar2": 5.49759079149e-07,
        "max": 0.0114509304985,
        "mean": 0.00698028411716,
        "median": 0.0073186326772,
        "min": 3.16562054348e-12,
        "var": 3.78696813641e-06
    },
    "spectral_rolloff": {
        "dmean": 188.874832153,
        "dmean2": 341.378753662,
        "dvar": 904998.8125,
        "dvar2": 1731082.375,
        "max": 18798.4863281,
        "mean": 809.052734375,
        "median": 645.99609375,
        "min": 86.1328125,
        "var": 2335561.5
    },
    "spectral_skewness": {
        "dmean": 0.192672997713,
        "dmean2": 0.314402699471,
        "dvar": 0.0294954329729,
        "dvar2": 0.0673123300076,
        "max": 3.057762146,
        "mean": 1.82528460026,
        "median": 1.8143761158,
        "min": -0.0703802481294,
        "var": 0.0834598317742
    },
    "spectral_spread": {
        "dmean": 446723.1875,
        "dmean2": 610491.9375,
        "dvar": 2.86200797594e+12,
        "dvar2": 2.63558345523e+12,
        "max": 40977376,
        "mean": 3861784.75,
        "median": 3581725.5,
        "min": 2466474,
        "var": 4.52750999552e+12
    },
    "spectral_strongpeak": {
        "dmean": 0.408971190453,
        "dmean2": 0.704528272152,
        "dvar": 0.850676655769,
        "dvar2": 1.72815704346,
        "max": 6.87986946106,
        "mean": 0.801223993301,
        "median": 0.41568595171,
        "min": 0,
        "var": 1.50241208076
    },
    "zerocrossingrate": {
        "dmean": 0.00523754069582,
        "dmean2": 0.00766389258206,
        "dvar": 0.000460601440864,
        "dvar2": 0.000826226605568,
        "max": 0.515625,
        "mean": 0.0338050089777,
        "median": 0.02978515625,
        "min": 0.01025390625,
        "var": 0.00161043740809
    },
    "barkbands": {
        "dmean": [0.000803362112492, 0.00530694797635, 0.00339222233742, 0.0010456382297, 0.00135648774449, 0.000926282082219, 0.00103027326986, 0.00196482450701, 0.00131335714832, 0.00131367193535, 0.000380296987714, 0.000890294555575, 0.000210887083085, 0.000338419311447, 0.000370859575924, 9.39755191212e-05, 0.000198444453417, 9.64304636e-05, 5.59313157282e-05, 5.53145182494e-05, 2.88729625026e-05, 2.45804549195e-05, 1.43592342283e-05, 7.6546375567e-06, 1.21027615023e-05, 3.16077716889e-06, 4.76196959198e-07],
        "dmean2": [0.00144973595161, 0.00872781127691, 0.00570236705244, 0.00184219831135, 0.00231233518571, 0.00134753680322, 0.00147618458141, 0.00217180000618, 0.00161419110373, 0.00169796962291, 0.000604684522841, 0.00134086061735, 0.000343249412253, 0.00055259821238, 0.000578384788241, 0.000158533846843, 0.000325540604535, 0.000164747209055, 9.48105371208e-05, 9.16160133784e-05, 4.64797303721e-05, 3.9016478695e-05, 2.188839062e-05, 1.16768778753e-05, 1.85491771845e-05, 4.54072642242e-06, 7.99573172117e-07],
        "dvar": [1.0713328038e-06, 1.91008384718e-05, 1.42344551932e-05, 1.57591455263e-06, 2.13096018342e-06, 1.59671822075e-06, 6.66521555104e-06, 1.80595015991e-05, 9.57441716309e-06, 4.14132864535e-06, 4.21077970714e-07, 2.18167724597e-06, 1.27236930325e-07, 2.84081835389e-07, 3.20127952591e-07, 2.50309213357e-08, 5.36821680441e-08, 1.45107854621e-08, 4.58843807394e-09, 5.23503551619e-09, 9.96375537632e-10, 8.03472122168e-10, 4.20236068166e-10, 1.34684749464e-10, 6.06730887753e-10, 2.74345633017e-11, 2.12969680953e-12],
        "dvar2": [3.81024210583e-06, 5.47148083569e-05, 3.87604668504e-05, 4.4570369937e-06, 6.15441422269e-06, 3.20784420182e-06, 8.41477049107e-06, 1.8675604224e-05, 1.15291823022e-05, 5.31942032467e-06, 8.77200932337e-07, 4.57371561424e-06, 3.22635486327e-07, 6.666090826e-07, 8.47798560244e-07, 6.76479245953e-08, 1.38823949669e-07, 4.19084607017e-08, 1.27943566852e-08, 1.49495456014e-08, 2.63015076385e-09, 2.02913108538e-09, 1.11487730159e-09, 3.18600784643e-10, 1.47143819351e-09, 5.99358271347e-11, 5.55077078052e-12],
        "max": [0.00596055900678, 0.0545401647687, 0.0259323064238, 0.0153715414926, 0.0145390089601, 0.0257043149322, 0.0710550323129, 0.0855713635683, 0.056342292577, 0.0348833166063, 0.00789728481323, 0.0216217115521, 0.00566426711157, 0.00949275866151, 0.00769849913195, 0.00220597209409, 0.00251176045276, 0.00102611735929, 0.000906505156308, 0.00106944679283, 0.000467084784759, 0.000438399467384, 0.00044834552682, 0.000248301890679, 0.000255169259617, 5.12755177624e-05, 1.79444705282e-05],
        "mean": [0.00105054187588, 0.0242720451206, 0.00442085741088, 0.00128517090343, 0.00239821500145, 0.00270035909489, 0.00236978800967, 0.00449456460774, 0.00287734949961, 0.0031247837469, 0.000611418392509, 0.00161151145585, 0.000347440800397, 0.000536742561962, 0.000629304500762, 0.000152037027874, 0.00032191889477, 0.000178084126674, 0.000105180522951, 0.00012332040933, 6.63688406348e-05, 6.38205892756e-05, 3.83156038879e-05, 2.08068686334e-05, 1.88887242984e-05, 4.99216002936e-06, 4.06211540849e-07],
        "median": [0.000676258001477, 0.0242891963571, 0.00290028564632, 0.000787954893894, 0.00203389348462, 0.001125439303, 0.00075776479207, 0.000640933518298, 0.000778060406446, 0.0011046458967, 0.000319520244375, 0.00066438713111, 0.000159816438099, 0.000300084124319, 0.000378655444365, 8.17784239189e-05, 0.000263869413175, 0.000136655129609, 8.10053752502e-05, 9.65616782196e-05, 5.46583323739e-05, 4.84354277432e-05, 2.53187099588e-05, 1.14546710392e-05, 6.58615817883e-06, 2.44639750235e-06, 5.3934414268e-08],
        "min": [1.03380568728e-23, 1.04598917064e-23, 1.02917247053e-23, 1.42315082695e-23, 1.3032624287e-23, 2.35436310247e-23, 4.46488961468e-23, 2.81472008088e-23, 8.47316634258e-23, 1.91901475025e-23, 3.11719364886e-23, 6.47774583826e-23, 6.4510356391e-23, 5.22111124217e-23, 1.26465686973e-22, 1.26243114602e-22, 1.05577704121e-22, 1.69139376388e-22, 1.82773581268e-22, 3.87592252874e-22, 4.09045836374e-22, 5.17799614406e-22, 5.34084682229e-22, 8.46295583189e-22, 1.10861296303e-21, 1.74137775788e-21, 2.50589317863e-21],
        "var": [1.24205018892e-06, 0.00011273027485, 2.19684206968e-05, 2.22841799769e-06, 3.69219105778e-06, 1.52962184075e-05, 3.94321396016e-05, 9.61241821642e-05, 3.84883460356e-05, 2.62450084847e-05, 8.23390337246e-07, 6.16822217125e-06, 3.00989739799e-07, 5.23020219134e-07, 6.48146169624e-07, 3.99027761944e-08, 7.81822038221e-08, 2.38418600418e-08, 8.80221762145e-09, 1.18277183603e-08, 2.81829892756e-09, 3.70081387757e-09, 2.48096987399e-09, 9.45098332927e-10, 9.81998926619e-10, 4.52175276389e-11, 1.61862992627e-12]
    },
    "erbbands": {
        "dmean": [0.245417043567, 0.989740610123, 3.23996114731, 3.67737197876, 3.2159216404, 6.01013851166, 4.03995418549, 8.62031650543, 15.6785049438, 21.999080658, 51.0004081726, 26.2060146332, 52.0489006042, 17.3008327484, 6.84216928482, 39.8250656128, 13.7659397125, 18.7262649536, 14.010424614, 12.1018314362, 7.31329488754, 7.23065185547, 5.23660993576, 3.9498462677, 3.32060074806, 2.05525374413, 1.34941649437, 0.890148222446, 0.957324206829, 0.764195740223, 0.400662541389, 0.21283467114, 0.113952115178, 0.0749126300216, 0.125868082047, 0.0215157233179, 0.00548202591017, 0.00130150036421, 5.00138085044e-05, 1.06436964415e-05],
        "dmean2": [0.399021327496, 1.60931587219, 5.36154127121, 6.55661916733, 5.49833536148, 10.3134660721, 6.7399520874, 12.5696105957, 24.1323280334, 24.8767662048, 55.0753059387, 31.3827781677, 67.3331451416, 26.852142334, 10.4726753235, 59.8802185059, 22.1193904877, 30.5719718933, 22.053981781, 19.3214359283, 12.226688385, 11.7377290726, 8.93965435028, 6.80790185928, 5.50964307785, 3.37465500832, 2.23684549332, 1.40950906277, 1.52326393127, 1.18428421021, 0.612814366817, 0.328387886286, 0.171588048339, 0.114323571324, 0.196943461895, 0.0324965789914, 0.00798094086349, 0.00211050431244, 8.17294421722e-05, 1.59148967214e-05],
        "dvar": [0.0445601642132, 0.684066414833, 13.0448741913, 17.3385162354, 12.9131994247, 42.6036987305, 22.4038352966, 153.149200439, 689.362548828, 2833.49267578, 13018.7050781, 2362.41479492, 6810.55957031, 734.503662109, 82.1617355347, 4343.91113281, 558.862854004, 806.155273438, 646.454162598, 247.928024292, 73.5716018677, 65.7528533936, 60.3692207336, 23.2251586914, 16.3337478638, 11.4198188782, 2.47642660141, 1.2358417511, 1.37984788418, 0.989906072617, 0.317540317774, 0.137126281857, 0.0286918841302, 0.0226389151067, 0.0698584616184, 0.0014658793807, 8.50218712003e-05, 9.05063552636e-06, 2.64135575634e-08, 8.42164948889e-11],
        "dvar2": [0.142030239105, 1.88343334198, 35.2790298462, 47.9376716614, 36.5647354126, 121.333618164, 63.5535507202, 307.233001709, 1550.94506836, 2653.81811523, 13834.3720703, 2968.54418945, 9097.61621094, 1584.26245117, 154.696426392, 8683.09277344, 1342.8157959, 1920.60998535, 1602.63781738, 655.977294922, 194.478485107, 164.278335571, 179.466674805, 69.6820983887, 43.6791114807, 32.4005813599, 6.80338478088, 3.23552918434, 3.71009683609, 2.43370604515, 0.83466398716, 0.36361888051, 0.0695493593812, 0.0552342608571, 0.174537360668, 0.00329541601241, 0.000185049895663, 2.2224674467e-05, 7.04275606722e-08, 1.87666049367e-10],
        "max": [2.76433110237, 8.71391677856, 28.5285797119, 38.1884841919, 33.8963279724, 55.0907058716, 42.3916778564, 277.861114502, 493.343078613, 1180.27380371, 2356.28125, 828.840881348, 1377.97912598, 334.620910645, 119.35710907, 1100.52905273, 311.755859375, 509.308990479, 467.919769287, 196.282928467, 89.7924957275, 103.494552612, 67.8073654175, 57.6645278931, 59.2491035461, 61.1160049438, 20.0330677032, 19.2889308929, 16.2722892761, 17.8751087189, 11.6302089691, 7.88814401627, 2.72886061668, 1.75628483295, 2.72057986259, 0.421400010586, 0.0991262272, 0.0374109074473, 0.00188596628141, 0.000152328138938],
        "mean": [0.907629847527, 4.66450214386, 5.34340381622, 5.20750379562, 5.20556592941, 9.21102142334, 7.67651987076, 25.208026886, 37.7586250305, 53.8150177002, 114.161407471, 63.7330093384, 124.342880249, 33.9333305359, 14.837266922, 72.5615768433, 26.8802585602, 31.111869812, 24.7198162079, 23.5744457245, 14.0077104568, 13.4370117188, 9.48936462402, 7.37180709839, 6.73190164566, 4.91074895859, 3.22067594528, 2.16011166573, 2.29490733147, 1.86968815327, 1.04598975182, 0.571201324463, 0.265551030636, 0.142634183168, 0.183735847473, 0.0351668410003, 0.00849064253271, 0.00149893434718, 7.22487966414e-05, 6.18598423898e-05],
        "median": [0.7329185009, 4.92204475403, 3.82170820236, 3.71139383316, 3.8274230957, 7.11113929749, 5.79952573776, 9.96055793762, 14.7121601105, 11.4168186188, 17.2891387939, 25.9902000427, 45.7758636475, 21.1060600281, 9.90125846863, 31.7782707214, 13.8659772873, 19.7407112122, 14.7548484802, 17.2365112305, 11.7094211578, 10.4912185669, 6.57786560059, 5.59324073792, 5.19447898865, 3.7796216011, 2.70948839188, 1.68526959419, 1.64650607109, 1.31979262829, 0.68307697773, 0.314649760723, 0.150164425373, 0.0673421025276, 0.0568092800677, 0.0165163334459, 0.00402719154954, 0.00046389552881, 3.99736200052e-05, 6.26604014542e-05],
        "min": [1.67876517363e-22, 2.38776649611e-21, 9.51462560885e-21, 5.61527552176e-20, 1.23773991581e-20, 3.55473598103e-20, 7.95566028035e-20, 2.05350133232e-19, 2.43158297209e-19, 6.87287155274e-19, 7.42049096764e-19, 2.30002925315e-18, 1.08405907024e-18, 9.42890255552e-19, 1.54463385569e-18, 2.61122659371e-18, 2.57545702928e-18, 2.54685850037e-18, 4.86623902356e-18, 5.64742053584e-18, 8.19510745759e-18, 6.15021399938e-18, 7.72530774715e-18, 1.01065373919e-17, 1.33173084227e-17, 1.91512958234e-17, 1.59948837938e-17, 1.616969849e-17, 1.9236250581e-17, 1.82081825393e-17, 1.47576995301e-17, 1.39537279511e-17, 1.56564908226e-17, 1.00418526952e-17, 7.51306974558e-18, 4.74603561849e-18, 3.25293532175e-18, 1.2690724899e-18, 3.42680636006e-19, 3.94571743783e-20],
        "var": [0.353790819645, 3.05688500404, 22.7602272034, 25.6563892365, 24.1682510376, 67.2771377563, 47.6796875, 1555.00793457, 3714.03613281, 16968.6777344, 62401.5898438, 11315.4091797, 40993.59375, 1534.78833008, 232.221542358, 12179.1953125, 1452.55737305, 1468.98425293, 1304.48852539, 511.779724121, 115.669380188, 119.740074158, 89.1677780151, 41.870464325, 34.031703949, 25.2621707916, 6.2139248848, 3.72215461731, 5.20567274094, 4.27602577209, 1.88509702682, 0.805232644081, 0.122879073024, 0.0397476069629, 0.105780400336, 0.00227033137344, 0.000137232826091, 8.7730377345e-06, 1.98492102754e-08, 6.63791022149e-10]
    },
    "gfcc": {
        "mean": [2.28055620193, 127.596603394, -114.851921082, 32.5946006775, -47.2213439941, 23.0347175598, -20.5626335144, 16.4862976074, -8.96432971954, 8.09140110016, -11.6227073669, 1.13294184208, -6.81836509705],
        "cov": [[15259.0458984, 901.260864258, -899.828430176, 237.043670654, -456.106018066, 262.752410889, -180.598388672, 140.764846802, -160.664627075, 134.532714844, -116.234230042, 134.891784668, -78.5320892334], [901.260864258, 439.848419189, -208.530639648, 24.0597190857, -12.2655725479, -34.114490509, 32.2531738281, -39.5972137451, 23.9934425354, -68.0613327026, 20.1960048676, -34.5812568665, 49.0729293823], [-899.828430176, -208.530639648, 233.966827393, -22.1307277679, 8.30870437622, -26.8002891541, -39.4031105042, 3.32626962662, -29.3789825439, 12.7655105591, -9.59368896484, 45.0343284607, 5.20386362076], [237.043670654, 24.0597190857, -22.1307277679, 91.6996536255, -2.8498980999, -1.29256951809, -14.4609642029, -14.4236717224, -5.94607162476, -14.5672721863, 11.7473163605, 9.61215305328, 19.5149421692], [-456.106018066, -12.2655725479, 8.30870437622, -2.8498980999, 93.1255340576, 13.0411806107, 20.7761230469, -15.7791442871, -3.80992817879, -14.7333068848, -4.83135795593, -13.7737073898, 7.51705360413], [262.752410889, -34.114490509, -26.8002891541, -1.29256951809, 13.0411806107, 77.5232772827, 13.0004930496, 4.87042617798, -20.5563297272, 2.72178959846, -21.7628631592, -17.5975151062, -24.4829730988], [-180.598388672, 32.2531738281, -39.4031105042, -14.4609642029, 20.7761230469, 13.0004930496, 76.3496017456, 6.28547763824, 12.6776723862, -24.0035247803, -1.00499486923, -26.9599533081, -1.79826426506], [140.764846802, -39.5972137451, 3.32626962662, -14.4236717224, -15.7791442871, 4.87042617798, 6.28547763824, 60.5634384155, 11.9433355331, 14.8153381348, -20.0925312042, -15.9283418655, -25.9144248962], [-160.664627075, 23.9934425354, -29.3789825439, -5.94607162476, -3.80992817879, -20.5563297272, 12.6776723862, 11.9433355331, 71.1736755371, 20.4075946808, 12.5863752365, -35.8255882263, -22.7061271667], [134.532714844, -68.0613327026, 12.7655105591, -14.5672721863, -14.7333068848, 2.72178959846, -24.0035247803, 14.8153381348, 20.4075946808, 76.2919311523, 10.3136882782, -4.95510101318, -35.5133171082], [-116.234230042, 20.1960048676, -9.59368896484, 11.7473163605, -4.83135795593, -21.7628631592, -1.00499486923, -20.0925312042, 12.5863752365, 10.3136882782, 57.6936378479, 19.9555892944, 9.45145320892], [134.891784668, -34.5812568665, 45.0343284607, 9.61215305328, -13.7737073898, -17.5975151062, -26.9599533081, -15.9283418655, -35.8255882263, -4.95510101318, 19.9555892944, 103.683067322, 61.2319831848], [-78.5320892334, 49.0729293823, 5.20386362076, 19.5149421692, 7.51705360413, -24.4829730988, -1.79826426506, -25.9144248962, -22.7061271667, -35.5133171082, 9.45145320892, 61.2319831848, 106.843650818]],
        "icov": [[0.000190639839275, -0.000518598419148, 0.000488242745632, -0.000458871509181, 0.00051390286535, -0.000509441248141, 0.00020070480241, -0.000474909407785, 0.000473310152302, -0.000745235360228, 0.000699344498571, -0.000930071691982, 0.000497684348375], [-0.000518598419148, 0.00813310593367, 0.00476860068738, 0.00267192977481, -0.000210737198358, 0.00569399166852, 0.00102223036811, 0.00399741437286, -0.000720842508599, 0.00645316997543, -0.00241855671629, 0.00544697372243, -0.00344657804817], [0.000488242745632, 0.00476860068738, 0.0128660108894, 0.00143973017111, 0.000421092496254, 0.00594985252246, 0.0037943944335, 0.000723124656361, 0.00402135076001, 0.00137651246041, 0.00330666964874, -0.0025824373588, 0.00135169900022], [-0.000458871509181, 0.00267192977481, 0.00143973017111, 0.0147631838918, -0.000806970521808, 0.000384844694054, 0.00481866393238, 0.00186273176223, -0.00115571252536, 0.00638230657205, -0.005530978553, 0.00411518383771, -0.00364659330808], [0.00051390286535, -0.000210737198358, 0.000421092496254, -0.000806970521808, 0.0150522552431, -0.00323021411896, -0.00250544399023, 0.00336758745834, 0.00111321988516, -0.000897513062228, 0.00224574399181, 0.00118434906472, -0.00136233202647], [-0.000509441248141, 0.00569399166852, 0.00594985252246, 0.000384844694054, -0.00323021411896, 0.0257166940719, -0.00438995845616, 0.00454272795469, 0.00856559723616, -7.76529559516e-05, 0.00523588061333, 0.00355638470501, 0.00309155066498], [0.00020070480241, 0.00102223036811, 0.0037943944335, 0.00481866393238, -0.00250544399023, -0.00438995845616, 0.0224773641676, -0.00495149428025, -0.00301706278697, 0.00927189830691, -0.00543761532754, 0.00379062816501, -0.00228996644728], [-0.000474909407785, 0.00399741437286, 0.000723124656361, 0.00186273176223, 0.00336758745834, 0.00454272795469, -0.00495149428025, 0.0268435999751, -0.00432334421203, -0.000619649479631, 0.00900290906429, 0.000965750485193, 0.00219634314999], [0.000473310152302, -0.000720842508599, 0.00402135076001, -0.00115571252536, 0.00111321988516, 0.00856559723616, -0.00301706278697, -0.00432334421203, 0.0274582356215, -0.00870639458299, -0.00305845658295, 0.00687321973965, 0.000752266729251], [-0.000745235360228, 0.00645316997543, 0.00137651246041, 0.00638230657205, -0.000897513062228, -7.76529559516e-05, 0.00927189830691, -0.000619649479631, -0.00870639458299, 0.028865525499, -0.00966784544289, 0.00308474991471, 0.00213825027458], [0.000699344498571, -0.00241855671629, 0.00330666964874, -0.005530978553, 0.00224574399181, 0.00523588061333, -0.00543761532754, 0.00900290906429, -0.00305845658295, -0.00966784544289, 0.0323083028197, -0.0129444226623, 0.00630492065102], [-0.000930071691982, 0.00544697372243, -0.0025824373588, 0.00411518383771, 0.00118434906472, 0.00355638470501, 0.00379062816501, 0.000965750485193, 0.00687321973965, 0.00308474991471, -0.0129444226623, 0.0299581270665, -0.0163194984198], [0.000497684348375, -0.00344657804817, 0.00135169900022, -0.00364659330808, -0.00136233202647, 0.00309155066498, -0.00228996644728, 0.00219634314999, 0.000752266729251, 0.00213825027458, 0.00630492065102, -0.0163194984198, 0.0228724777699]]
    },
    "melbands": {
        "dmean": [0.00171778618824, 0.00139274261892, 0.000569935655221, 0.000328927533701, 0.000164294513525, 0.000211610415136, 0.000231361380429, 0.000262563116848, 0.000444058619905, 0.000150923675392, 0.000255595892668, 6.27343179076e-05, 2.94478722935e-05, 6.87813953846e-05, 9.21507235034e-05, 1.70287567016e-05, 4.1607858293e-05, 1.85962671821e-05, 2.98002960335e-05, 9.55877658271e-06, 1.12601283035e-05, 1.04760474642e-05, 5.06144533574e-06, 3.62214473171e-06, 3.51983726432e-06, 2.0611362288e-06, 2.84659677163e-06, 1.32379750539e-06, 7.99633539827e-07, 1.04645084775e-06, 4.69717718943e-07, 6.59150884985e-07, 5.04527292833e-07, 4.027218381e-07, 2.64671967898e-07, 2.01936586564e-07, 1.30893610617e-07, 1.009691033e-07, 5.18124672055e-08, 8.22860570793e-08],
        "dmean2": [0.00284185865894, 0.00227693398483, 0.00100433710031, 0.000559716951102, 0.000281231419649, 0.000310981122311, 0.00034031123505, 0.00029382557841, 0.000483855634229, 0.000187126599485, 0.000330683076754, 9.82851852314e-05, 4.60937990283e-05, 0.000101959762105, 0.000143525539897, 2.77190938505e-05, 6.80240482325e-05, 2.89059589704e-05, 4.70546219731e-05, 1.63389813679e-05, 1.87213699974e-05, 1.68975584529e-05, 8.5477167886e-06, 6.13108750258e-06, 6.12290887148e-06, 3.34993865181e-06, 4.83847270516e-06, 2.1996918349e-06, 1.32355808091e-06, 1.73070100118e-06, 7.52963273953e-07, 1.09391305614e-06, 7.88647980698e-07, 6.27636836725e-07, 4.10592718936e-07, 3.31924269403e-07, 2.09599392065e-07, 1.55347663622e-07, 8.47199572718e-08, 1.29483325395e-07],
        "dvar": [2.20421384256e-06, 2.05064657166e-06, 4.01898915925e-07, 1.35872326723e-07, 3.23871347518e-08, 9.08727812998e-08, 1.99734998318e-07, 3.78224882525e-07, 9.85172505352e-07, 7.15163608334e-08, 1.65623703197e-07, 1.01549870735e-08, 2.04753036748e-09, 1.50175392122e-08, 3.3590300319e-08, 1.66762104126e-09, 4.24091917139e-09, 1.29423560757e-09, 2.37170483253e-09, 2.4043436686e-10, 1.99459032624e-10, 1.40593092723e-10, 4.66746571948e-11, 2.52336190137e-11, 2.10046494087e-11, 1.00022819888e-11, 1.27622712745e-11, 5.70664219005e-12, 8.83039192982e-13, 1.57632229752e-12, 4.42432196565e-13, 7.95573513752e-13, 4.51999738636e-13, 3.10740474151e-13, 1.48465929221e-13, 1.22330178756e-13, 5.00701334506e-14, 2.46754148418e-14, 5.23943029194e-15, 3.30534312757e-14],
        "dvar2": [6.67739323035e-06, 5.67425195186e-06, 1.11087149435e-06, 3.91473605532e-07, 9.07317954102e-08, 1.93365181644e-07, 3.42986481883e-07, 3.60066138683e-07, 1.07780863345e-06, 9.06198920347e-08, 2.20598934675e-07, 2.21550937596e-08, 4.20480938956e-09, 2.72611284657e-08, 7.90146827967e-08, 4.22320356464e-09, 1.0044756138e-08, 3.14669357238e-09, 6.37461683439e-09, 6.53608500656e-10, 5.3525822663e-10, 3.59935248273e-10, 1.40340850052e-10, 7.10228334477e-11, 6.29972879418e-11, 2.60137571206e-11, 3.59103059788e-11, 1.62711059903e-11, 2.4711515386e-12, 4.45616633871e-12, 1.15949903758e-12, 2.25642703307e-12, 1.07717404874e-12, 7.77410687908e-13, 3.83148455454e-13, 3.5783675285e-13, 1.28271457583e-13, 6.13165591977e-14, 1.4458245934e-14, 8.13530693549e-14],
        "max": [0.0190718285739, 0.0114267058671, 0.0059034251608, 0.0039871330373, 0.00160123966634, 0.00591323710978, 0.0107972091064, 0.014923542738, 0.017995333299, 0.0044080154039, 0.00678958464414, 0.00125787046272, 0.000536107749213, 0.0023795296438, 0.0026666643098, 0.000783017778303, 0.00115138513502, 0.000690034939907, 0.000647468725219, 0.000202095281566, 0.000152476859512, 0.000132022643811, 5.43321148143e-05, 5.50337936147e-05, 5.63915018574e-05, 5.37431769772e-05, 3.66075910279e-05, 3.81846584787e-05, 9.96148810373e-06, 1.48635381265e-05, 1.0419686987e-05, 1.20740960483e-05, 1.02334433905e-05, 1.13526411951e-05, 7.46994965084e-06, 6.44424335405e-06, 4.40288431491e-06, 2.30784939959e-06, 1.02360013443e-06, 2.29385341299e-06],
        "mean": [0.00748726306483, 0.00391319394112, 0.000890033203177, 0.00053571088938, 0.000305628025671, 0.000597481674049, 0.000575746817049, 0.00063177436823, 0.000966702296864, 0.000367760309018, 0.000601492647547, 0.000113184956717, 5.03846167703e-05, 0.0001262313599, 0.000167521211552, 2.92286222248e-05, 6.41309306957e-05, 3.13478485623e-05, 5.02536022395e-05, 1.71332048922e-05, 1.84125547094e-05, 1.75673048943e-05, 8.46912280394e-06, 6.99014799466e-06, 5.90800846112e-06, 3.62274386134e-06, 5.53377822143e-06, 2.76491209661e-06, 1.77841661753e-06, 2.03152967515e-06, 9.89864474832e-07, 1.37685310619e-06, 1.17185800264e-06, 9.18598630051e-07, 6.17817818238e-07, 4.45131178139e-07, 3.2168682651e-07, 2.06731797903e-07, 9.76757590365e-08, 1.36261888883e-07],
        "median": [0.00702095869929, 0.00362248555757, 0.000664049177431, 0.000428248866228, 0.000237387852394, 0.000227472308325, 0.000198061519768, 0.000106497049273, 0.000123914593132, 0.000154162582476, 0.000209154997719, 6.98720396031e-05, 2.87796719931e-05, 6.57723430777e-05, 5.43618116353e-05, 1.18596271932e-05, 3.47889581462e-05, 1.83423780982e-05, 2.81492721115e-05, 9.21019727684e-06, 1.47944592754e-05, 1.36307298817e-05, 5.64936362935e-06, 5.35627714271e-06, 4.21412687501e-06, 2.17910474021e-06, 4.35296988144e-06, 1.62454739439e-06, 1.41291229738e-06, 1.54294821186e-06, 6.32534465694e-07, 8.8844228685e-07, 7.90894887359e-07, 6.10816869084e-07, 3.83129190595e-07, 2.489427402e-07, 1.79734911399e-07, 1.10613932236e-07, 5.48356595687e-08, 5.51560432882e-08],
        "min": [3.14363476756e-24, 5.22375723942e-24, 7.78524539666e-24, 8.81844137335e-25, 3.62296558624e-24, 5.03489328909e-24, 5.72783699128e-24, 8.51423964778e-24, 5.78141839611e-24, 1.49451055335e-23, 4.13613104357e-24, 3.29790992821e-24, 4.1322833745e-24, 9.17767088021e-24, 6.47952558735e-24, 4.3374227086e-24, 5.03084367163e-24, 6.50175095449e-24, 8.52596448742e-24, 8.63179491102e-24, 9.58669289299e-24, 5.30214713643e-24, 7.46159312219e-24, 7.97965543359e-24, 7.61635974318e-24, 7.98321398513e-24, 1.24775991091e-23, 1.25761144255e-23, 8.49628201814e-24, 1.15791141481e-23, 7.82262478179e-24, 1.1565299616e-23, 7.99121776787e-24, 1.02120473872e-23, 8.38939925409e-24, 7.71633445228e-24, 8.55743767095e-24, 1.05553225767e-23, 1.12256744859e-23, 7.82758987233e-24],
