{
"metadata": {
    "version": {
        "essentia": "2.0.1",
        "extractor": "archive-music 1.0"
    },
    "audio_properties": {
        "analysis_sample_rate": 44100,
        "bitrate": 128,
        "channels": 2,
        "equal_loudness": 0,
        "length": 15.9608163834,
        "replay_gain": -12.5105266571,
        "downmix": "mix"
    },
    "tags": {
        "track": 1,
        "year": 0,
        "album": "CLOSER",
        "artist": "Ani",
        "comment": "",
        "genre": "Other",
        "title": "ANI - TERYAIU TEBYA"
    }
},
"highlevel": {
    "culture": {
        "all": {
            "non_western": 4.2410538299e-06,
            "western": 0.99999576807
        },
        "probability": 0.99999576807,
        "value": "western"
    },
    "danceability": {
        "all": {
            "danceable": 0.975653886795,
            "not_danceable": 0.0243461206555
        },
        "probability": 0.975653886795,
        "value": "danceable"
    },
    "gender": {
        "all": {
            "female": 0.996583342552,
            "male": 0.00341663556173
        },
        "probability": 0.996583342552,
        "value": "female"
    },
    "genre_dortmund": {
        "all": {
            "alternative": 0.0294546000659,
            "blues": 0.107032291591,
            "electronic": 0.0130977127701,
            "folkcountry": 0.125178590417,
            "funksoulrnb": 0.111356936395,
            "jazz": 0.102879337966,
            "pop": 0.371488422155,
            "raphiphop": 0.068196810782,
            "rock": 0.0713152959943
        },
        "probability": 0.371488422155,
        "value": "pop"
    },
    "genre_electronic": {
        "all": {
            "ambient": 0.19156986475,
            "dnb": 0.0960030704737,
            "house": 0.404930442572,
            "techno": 0.0268688872457,
            "trance": 0.280627727509
        },
        "probability": 0.404930442572,
        "value": "house"
    },
    "genre_rosamerica": {
        "all": {
            "cla": 0.00418261718005,
            "dan": 0.679087340832,
            "hip": 0.0417743511498,
            "jaz": 0.0170112624764,
            "pop": 0.181171149015,
            "rhy": 0.0458631403744,
            "roc": 0.0267256312072,
            "spe": 0.00418449798599
        },
        "probability": 0.679087340832,
        "value": "dan"
    },
    "genre_tzanetakis": {
        "all": {
            "blu": 0.000451475847512,
            "cla": 0.000398392527131,
            "cou": 0.00654700770974,
            "dis": 0.0284510403872,
            "hip": 0.0253929588944,
            "jaz": 0.0259563680738,
            "met": 0.00115167547483,
            "pop": 0.708211004734,
            "reg": 0.19277946651,
            "roc": 0.0106606157497
        },
        "probability": 0.708211004734,
        "value": "pop"
    },
    "mirex_ballroom": {
        "all": {
            "ChaChaCha": 0.0721004083753,
            "Jive": 0.0355798117816,
            "Quickstep": 0.0381192676723,
            "Rumba-American": 0.00434368802235,
            "Rumba-International": 0.00336021278054,
            "Rumba-Misc": 0.00245104776695,
            "Samba": 0.838898301125,
            "Tango": 0.00102206808515,
            "VienneseWaltz": 0.00290564261377,
            "Waltz": 0.00121955969371
        },
        "probability": 0.838898301125,
        "value": "Samba"
    },
    "mood_acoustic": {
        "all": {
            "acoustic": 0.00960375275463,
            "not_acoustic": 0.990396261215
        },
        "probability": 0.990396261215,
        "value": "not_acoustic"
    },
    "mood_aggressive": {
        "all": {
            "aggressive": 0.14152623713,
            "not_aggressive": 0.858473777771
        },
        "probability": 0.858473777771,
        "value": "not_aggressive"
    },
    "mood_electronic": {
        "all": {
            "electronic": 0.325495451689,
            "not_electronic": 0.674504578114
        },
        "probability": 0.674504578114,
        "value": "not_electronic"
    },
    "mood_happy": {
        "all": {
            "happy": 0.729896724224,
            "not_happy": 0.270103275776
        },
        "probability": 0.729896724224,
        "value": "happy"
    },
    "mood_party": {
        "all": {
            "not_party": 0.351847946644,
            "party": 0.648152053356
        },
        "probability": 0.648152053356,
        "value": "party"
    },
    "mood_relaxed": {
        "all": {
            "not_relaxed": 0.657496869564,
            "relaxed": 0.342503100634
        },
        "probability": 0.657496869564,
        "value": "not_relaxed"
    },
    "mood_sad": {
        "all": {
            "not_sad": 0.860681355,
            "sad": 0.139318630099
        },
        "probability": 0.860681355,
        "value": "not_sad"
    },
    "moods_mirex": {
        "all": {
            "Cluster1": 0.296030312777,
            "Cluster2": 0.349615633488,
            "Cluster3": 0.102265313268,
            "Cluster4": 0.209494188428,
            "Cluster5": 0.0425945483148
        },
        "probability": 0.349615633488,
        "value": "Cluster2"
    },
    "timbre": {
        "all": {
            "bright": 0.986264824867,
            "dark": 0.0137351751328
        },
        "probability": 0.986264824867,
        "value": "bright"
    },
    "tonal_atonal": {
        "all": {
            "atonal": 0.177001982927,
            "tonal": 0.822998046875
        },
        "probability": 0.822998046875,
        "value": "tonal"
    },
    "voice_instrumental": {
        "all": {
            "instrumental": 0.000521783425938,
            "voice": 0.99947822094
        },
        "probability": 0.99947822094,
        "value": "voice"
    }
},
"lowlevel": {
    "average_loudness": 0.977094531059,
    "barkbands_kurtosis": {
        "dmean": 7.23066043854,
        "dmean2": 9.44779968262,
        "dvar": 383.36151123,
        "dvar2": 551.287536621,
        "max": 355.226074219,
        "mean": 10.846531868,
        "median": 1.2508854866,
        "min": -1.8731430769,
        "var": 1071.41113281
    },
    "barkbands_skewness": {
        "dmean": 0.797029733658,
        "dmean2": 1.04988336563,
        "dvar": 1.31861567497,
        "dvar2": 1.84731256962,
        "max": 15.860165596,
        "mean": 2.07677197456,
        "median": 1.41383731365,
        "min": -1.74793994427,
        "var": 5.55287790298
    },
    "barkbands_spread": {
        "dmean": 9.35334014893,
        "dmean2": 13.3327074051,
        "dvar": 131.000579834,
        "dvar2": 198.938751221,
        "max": 97.1910858154,
        "mean": 31.1904201508,
        "median": 29.0951023102,
        "min": 0.434555441141,
        "var": 347.133239746
    },
    "dissonance": {
        "dmean": 0.0197616834193,
        "dmean2": 0.0336607806385,
        "dvar": 0.000547276402358,
        "dvar2": 0.00149115954991,
        "max": 0.499970316887,
        "mean": 0.465591222048,
        "median": 0.475534111261,
        "min": 0.266989499331,
        "var": 0.000907523732167
    },
    "dynamic_complexity": 3.10917782784,
    "erbbands_kurtosis": {
        "dmean": 1.00108218193,
        "dmean2": 1.57415866852,
        "dvar": 1.6874011755,
        "dvar2": 4.01397943497,
        "max": 16.0156002045,
        "mean": 0.318052083254,
        "median": -0.146578550339,
        "min": -1.76550960541,
        "var": 3.0018248558
    },
    "erbbands_skewness": {
        "dmean": 0.407831162214,
        "dmean2": 0.591377735138,
        "dvar": 0.148061469197,
        "dvar2": 0.310848146677,
        "max": 2.57249379158,
        "mean": 0.0642732158303,
        "median": 0.0771140083671,
        "min": -1.95556974411,
        "var": 0.650814890862
    },
    "erbbands_spread": {
        "dmean": 12.1377592087,
        "dmean2": 17.7331104279,
        "dvar": 167.475494385,
        "dvar2": 343.493804932,
        "max": 159.106109619,
        "mean": 51.6493835449,
        "median": 46.870262146,
        "min": 6.95654439926,
        "var": 685.303283691
    },
    "hfc": {
        "dmean": 12.2054586411,
        "dmean2": 16.7908287048,
        "dvar": 217.621047974,
        "dvar2": 377.557342529,
        "max": 124.751731873,
        "mean": 31.9209880829,
        "median": 29.7479171753,
        "min": 1.09438258207e-16,
        "var": 617.693664551
    },
    "melbands_kurtosis": {
        "dmean": 19.5095272064,
        "dmean2": 26.9069919586,
        "dvar": 2084.28808594,
        "dvar2": 3120.67041016,
        "max": 751.771118164,
        "mean": 38.436466217,
        "median": 10.4039239883,
        "min": -1.16899752617,
        "var": 6743.34130859
    },
    "melbands_skewness": {
        "dmean": 1.12293875217,
        "dmean2": 1.60943412781,
        "dvar": 2.71762371063,
        "dvar2": 4.31704425812,
        "max": 23.4471626282,
        "mean": 4.05965089798,
        "median": 3.06082677841,
        "min": -0.243360593915,
        "var": 12.9439630508
    },
    "melbands_spread": {
        "dmean": 10.434094429,
        "dmean2": 14.0524425507,
        "dvar": 197.531845093,
        "dvar2": 319.278259277,
        "max": 147.248260498,
        "mean": 28.3540000916,
        "median": 24.0791797638,
        "min": 0.372373431921,
        "var": 558.835876465
    },
    "pitch_salience": {
        "dmean": 0.0788056105375,
        "dmean2": 0.114648163319,
        "dvar": 0.00837492290884,
        "dvar2": 0.0160787310451,
        "max": 0.84967058897,
        "mean": 0.447356969118,
        "median": 0.457483351231,
        "min": 0.0517657250166,
        "var": 0.026278950274
    },
    "silence_rate_20dB": {
        "dmean": 0,
        "dmean2": 0,
        "dvar": 0,
        "dvar2": 0,
        "max": 1,
        "mean": 1,
        "median": 1,
        "min": 1,
        "var": 0
    },
    "silence_rate_30dB": {
        "dmean": 0,
        "dmean2": 0,
        "dvar": 0,
        "dvar2": 0,
        "max": 1,
        "mean": 1,
        "median": 1,
        "min": 1,
        "var": 0
    },
    "silence_rate_60dB": {
        "dmean": 0.00290697673336,
        "dmean2": 0.00582241639495,
        "dvar": 0.00289853918366,
        "dvar2": 0.00578847201541,
        "max": 1,
        "mean": 0.0551523938775,
        "median": 0,
        "min": 0,
        "var": 0.0521110184491
    },
    "spectral_centroid": {
        "dmean": 406.080993652,
        "dmean2": 553.275146484,
        "dvar": 362836.59375,
        "dvar2": 528753.4375,
        "max": 11527.8916016,
        "mean": 1756.18054199,
        "median": 1763.01159668,
        "min": 212.132949829,
        "var": 734163.3125
    },
    "spectral_complexity": {
        "dmean": 5.25,
        "dmean2": 8.14264965057,
        "dvar": 41.9287796021,
        "dvar2": 98.3577346802,
        "max": 53,
        "mean": 16.4629898071,
        "median": 15,
        "min": 0,
        "var": 99.1571655273
    },
    "spectral_crest": {
        "dmean": 2.66994357109,
        "dmean2": 3.80881881714,
        "dvar": 9.35906028748,
        "dvar2": 15.0746736526,
        "max": 26.174823761,
        "mean": 12.3779621124,
        "median": 11.0311317444,
        "min": 2.65480780602,
        "var": 36.7858085632
    },
    "spectral_decrease": {
        "dmean": 1.7798778007e-09,
        "dmean2": 2.49584930501e-09,
        "dvar": 3.77637893569e-18,
        "dvar2": 6.12934671406e-18,
        "max": 4.93226355508e-29,
        "mean": -8.54912496351e-09,
        "median": -8.72694805309e-09,
        "min": -2.27105623196e-08,
        "var": 1.99147636765e-17
    },
    "spectral_energy": {
        "dmean": 0.00695237517357,
        "dmean2": 0.00996211078018,
        "dvar": 5.8409266785e-05,
        "dvar2": 9.8779622931e-05,
        "max": 0.0881118252873,
        "mean": 0.0351616665721,
        "median": 0.035816475749,
        "min": 1.03235428166e-20,
        "var": 0.000312014570227
    },
    "spectral_energyband_high": {
        "dmean": 0.00107725209091,
        "dmean2": 0.00149828603026,
        "dvar": 2.23501729124e-06,
        "dvar2": 3.54355506715e-06,
        "max": 0.0107579119503,
        "mean": 0.00188755872659,
        "median": 0.00110132410191,
        "min": 7.30261217273e-21,
        "var": 4.6306195145e-06
    },
    "spectral_energyband_low": {
        "dmean": 0.00585844647139,
        "dmean2": 0.00821039546281,
        "dvar": 6.46912376396e-05,
        "dvar2": 0.000105072773295,
        "max": 0.066909737885,
        "mean": 0.017989244312,
        "median": 0.0130484551191,
        "min": 3.36117034081e-23,
        "var": 0.000216421118239
    },
    "spectral_energyband_middle_high": {
        "dmean": 0.00264642480761,
        "dmean2": 0.0039566452615,
        "dvar": 1.24879989016e-05,
        "dvar2": 2.85180958599e-05,
        "max": 0.0386036597192,
        "mean": 0.0077601200901,
        "median": 0.00443097623065,
        "min": 1.51126079667e-21,
        "var": 7.18418305041e-05
    },
    "spectral_energyband_middle_low": {
        "dmean": 0.00369323696941,
        "dmean2": 0.00558912009001,
        "dvar": 3.17267367791e-05,
        "dvar2": 7.40773393773e-05,
        "max": 0.0572007857263,
        "mean": 0.00837175082415,
        "median": 0.00619717082009,
        "min": 1.65815444699e-22,
        "var": 6.07235124335e-05
    },
    "spectral_flatness_db": {
        "dmean": 0.0334064178169,
        "dmean2": 0.04512437433,
        "dvar": 0.0013295909157,
        "dvar2": 0.00236768973991,
        "max": 0.429610401392,
        "mean": 0.140667706728,
        "median": 0.126977235079,
        "min": 0.0249321088195,
        "var": 0.00460215611383
    },
    "spectral_flux": {
        "dmean": 0.0284526012838,
        "dmean2": 0.037925247103,
        "dvar": 0.00074854347622,
        "dvar2": 0.00128679117188,
        "max": 0.290731459856,
        "mean": 0.0922193974257,
        "median": 0.0842195004225,
        "min": 6.76406985978e-11,
        "var": 0.00282049877569
    },
    "spectral_kurtosis": {
        "dmean": 1.044927001,
        "dmean2": 1.52222883701,
        "dvar": 1.58655261993,
        "dvar2": 3.54991936684,
        "max": 12.4536685944,
        "mean": 2.73200011253,
        "median": 2.44604682922,
        "min": -1.29029273987,
        "var": 3.93675684929
    },
    "spectral_rms": {
        "dmean": 0.000576571270358,
        "dmean2": 0.000819041451905,
        "dvar": 3.67201465679e-07,
        "dvar2": 6.37070684206e-07,
        "max": 0.00927161052823,
        "mean": 0.00556913297623,
        "median": 0.00591125199571,
        "min": 3.17360200619e-12,
        "var": 3.28886994794e-06
    },
    "spectral_rolloff": {
        "dmean": 1014.25274658,
        "dmean2": 1535.40905762,
        "dvar": 3171636.5,
        "dvar2": 5078255,
        "max": 18970.7519531,
        "mean": 2065.31152344,
        "median": 1248.92578125,
        "min": 64.599609375,
        "var": 7236963
    },
    "spectral_skewness": {
        "dmean": 0.218829885125,
        "dmean2": 0.300928384066,
        "dvar": 0.055221978575,
        "dvar2": 0.107639484107,
        "max": 2.85073542595,
        "mean": 1.32953226566,
        "median": 1.30549907684,
        "min": -0.0666088610888,
        "var": 0.174043491483
    },
    "spectral_spread": {
        "dmean": 936691.625,
        "dmean2": 1296046.75,
        "dvar": 3.72791600742e+12,
        "dvar2": 5.77193115648e+12,
        "max": 44622864,
        "mean": 6437414.5,
        "median": 6043484.5,
        "min": 2576034,
        "var": 8.50808222515e+12
    },
    "spectral_strongpeak": {
        "dmean": 0.457776039839,
        "dmean2": 0.757782936096,
        "dvar": 0.904008805752,
        "dvar2": 1.95102107525,
        "max": 7.45744752884,
        "mean": 0.9533867836,
        "median": 0.452373236418,
        "min": 0,
        "var": 1.89331662655
    },
    "zerocrossingrate": {
        "dmean": 0.0222934465855,
        "dmean2": 0.024560475722,
        "dvar": 0.000948492379393,
        "dvar2": 0.00127799203619,
        "max": 0.51123046875,
        "mean": 0.079035654664,
        "median": 0.06689453125,
        "min": 0.0029296875,
        "var": 0.0036214243155
    },
    "barkbands": {
        "dmean": [0.00029868906131, 0.00507245631889, 0.0027158043813, 0.00130868249107, 0.00107913650572, 0.000985578051768, 0.00060798303457, 0.000341832608683, 0.000829182157759, 0.000656290911138, 0.000775804626755, 0.000432480330346, 0.000503046438098, 0.000401964236517, 0.0002706607047, 0.000389457214624, 0.000243035668973, 0.000227367563639, 0.000288839422865, 0.000272050325293, 0.000186662990018, 0.00017134709924, 0.000212677696254, 0.000237543368712, 0.00020832993323, 0.000111016903247, 2.60602996605e-06],
        "dmean2": [0.000296641577734, 0.00770874228328, 0.00451885489747, 0.00229847314768, 0.00166386598721, 0.0015342986444, 0.000934298557695, 0.000530747987796, 0.00125826895237, 0.00104115216527, 0.00111331080552, 0.000718372524716, 0.000789446930867, 0.00061616289895, 0.000433173932834, 0.000606269575655, 0.000396454561269, 0.000356146949343, 0.000457801419543, 0.000411682500271, 0.000293823424727, 0.000250915676588, 0.00030118439463, 0.000331160263158, 0.000283881730866, 0.000163834032719, 4.35889478467e-06],
        "dvar": [1.98011065322e-07, 7.21392643754e-05, 3.98114534619e-05, 1.2188992514e-05, 2.6929667456e-06, 4.18397212343e-06, 1.12390262075e-06, 5.71750604195e-07, 5.57809653401e-06, 2.73623845715e-06, 3.90006425732e-06, 1.12872385216e-06, 1.7038067881e-06, 1.84620455457e-06, 3.32965612415e-07, 6.32834769476e-07, 4.05394359859e-07, 1.10740785431e-07, 2.12302779801e-07, 1.57500693376e-07, 7.28796294425e-08, 5.05997945766e-08, 1.01083081461e-07, 1.49291736307e-07, 1.042922122e-07, 2.57630894396e-08, 1.90019042168e-11],
        "dvar2": [1.63170440715e-07, 0.000147180719068, 0.00010901249334, 3.39588114002e-05, 6.26220753475e-06, 8.65521269588e-06, 2.59002013081e-06, 1.29710394958e-06, 1.26947952594e-05, 5.95454230279e-06, 8.15954444988e-06, 3.17737089972e-06, 4.16892135036e-06, 4.25416919825e-06, 7.4255774507e-07, 1.51568644924e-06, 1.20957975014e-06, 2.57564948924e-07, 5.21615163507e-07, 3.21427819472e-07, 1.72658516817e-07, 9.62870672083e-08, 1.86930094515e-07, 2.49358294013e-07, 1.78673758455e-07, 5.22020187077e-08, 4.5833573048e-11],
        "max": [0.00374050950631, 0.0600227750838, 0.0378338843584, 0.0214285012335, 0.018868830055, 0.0367768108845, 0.0114934844896, 0.00799696333706, 0.0288276206702, 0.02545231767, 0.0249918624759, 0.0132576022297, 0.0166544690728, 0.0182568952441, 0.00646432023495, 0.00791574083269, 0.0117293475196, 0.0041416073218, 0.00551814865321, 0.00567129766569, 0.00170233251993, 0.00172886461951, 0.00231288210489, 0.0033001836855, 0.00221046595834, 0.00125051115174, 3.05665125779e-05],
        "mean": [0.000696560309734, 0.0128254853189, 0.00372696085833, 0.00118734734133, 0.00236400030553, 0.00175324117299, 0.0010153260082, 0.000497094879393, 0.00137271592394, 0.00130752346013, 0.0018169976538, 0.000633212679531, 0.000790122139733, 0.000478096248116, 0.000434204644989, 0.000600573548581, 0.000454795459518, 0.000418305920903, 0.000539350206964, 0.000542630499694, 0.000248046446359, 0.00027528021019, 0.000322119187331, 0.000397822732339, 0.000313055876177, 0.000148407460074, 2.45500814344e-06],
        "median": [8.35910177557e-05, 0.00647155148908, 0.000805780291557, 0.000310512492433, 0.00157699314877, 0.00086286093574, 0.000419170537498, 0.000209194287891, 0.000195774322492, 0.000171258405317, 0.000152592750965, 0.000113002795842, 0.000117982817756, 0.00010281149298, 0.000100725294033, 0.000135810070788, 0.000119894008094, 0.000172958534677, 0.000221311303903, 0.000291918317089, 0.000135783455335, 0.000144090197864, 0.000167185949977, 0.000202950308449, 0.000130941407406, 6.28938214504e-05, 4.12949987094e-07],
        "min": [1.47102216073e-24, 3.49171293667e-24, 7.91579162128e-24, 1.28069753583e-23, 1.71842887907e-23, 1.14489260664e-23, 2.10561395981e-23, 4.25166114309e-23, 3.97918827088e-23, 1.9012851014e-23, 3.93047705661e-23, 6.00480353074e-23, 6.90511533574e-23, 4.34313398267e-23, 1.12428595052e-22, 1.69958706256e-22, 1.96764288168e-22, 1.63812911825e-22, 1.17435829694e-22, 3.02489913176e-22, 4.14742977209e-22, 4.98176642591e-22, 5.31458040472e-22, 6.76817261669e-22, 1.09697184993e-21, 1.59828379179e-21, 2.23628561331e-21],
        "var": [1.18839432162e-06, 0.000182425137609, 3.84703089367e-05, 8.28047177492e-06, 6.66162941343e-06, 8.21962930786e-06, 2.54304109149e-06, 7.62900015161e-07, 1.0425011169e-05, 1.11528315756e-05, 1.85440912901e-05, 2.1190071493e-06, 3.41509598911e-06, 2.32477827922e-06, 8.73823523762e-07, 1.31088302169e-06, 9.59994054028e-07, 3.83088320177e-07, 5.28515215592e-07, 4.41740951374e-07, 9.48612211005e-08, 1.14378423177e-07, 1.79901064712e-07, 2.87398052023e-07, 1.97799323587e-07, 3.81120166537e-08, 2.15131384929e-11]
    },
    "erbbands": {
        "dmean": [0.172523781657, 1.20807087421, 2.81628227234, 4.16578054428, 3.34922218323, 3.87494921684, 6.31649827957, 8.91033840179, 9.61377620697, 6.69264745712, 9.32683563232, 16.536989212, 21.5151939392, 22.1486034393, 27.4654960632, 15.7301845551, 22.5465145111, 20.4300537109, 14.2703952789, 14.0993051529, 19.3952274323, 15.0646886826, 12.366528511, 14.5040435791, 13.8554973602, 10.382443428, 6.90443658829, 7.74594116211, 6.03809070587, 6.37212276459, 5.51864671707, 5.06208610535, 4.05574417114, 2.53131961823, 1.53203260899, 0.617989182472, 0.192559689283, 0.0195153485984, 0.000401646975661, 2.35760217038e-05],
        "dmean2": [0.191672950983, 1.86740040779, 4.45544433594, 7.31643104553, 5.6149315834, 5.90592622757, 9.53617858887, 13.9801073074, 15.1951675415, 10.3593454361, 14.0140542984, 25.1783447266, 33.2542800903, 33.7597236633, 40.985748291, 25.0435409546, 36.1987304688, 32.6028633118, 22.0078277588, 22.3640480042, 30.1643238068, 24.0450897217, 19.2806110382, 22.9789028168, 20.6925582886, 15.7998104095, 10.9136552811, 12.2316188812, 9.06856060028, 9.27101707458, 7.93103075027, 7.36738157272, 5.72881746292, 3.53024435043, 2.10985708237, 0.907384991646, 0.281407088041, 0.0287270583212, 0.000576880120207, 3.34399665007e-05],
        "dvar": [0.0712084621191, 4.69532155991, 34.6696281433, 121.025245667, 44.9204368591, 38.8689231873, 94.8049087524, 575.277404785, 331.396972656, 213.139175415, 727.814575195, 2182.37231445, 2500.69873047, 2692.16967773, 5989.80908203, 1391.27832031, 3827.99926758, 4557.5234375, 1444.1192627, 741.761535645, 1533.4675293, 1772.78674316, 378.956970215, 543.178344727, 426.970581055, 181.134460449, 79.3740768433, 135.216567993, 60.2294807434, 81.9046630859, 67.5562438965, 69.1200180054, 46.0192298889, 17.3551959991, 5.35900878906, 0.745401501656, 0.0842177644372, 0.000867534487043, 3.4558763673e-07, 8.69460059505e-10],
        "dvar2": [0.0756302326918, 10.6040372849, 89.8414764404, 328.921661377, 122.015884399, 91.1552810669, 206.67098999, 1315.32263184, 751.26361084, 514.688110352, 1799.29638672, 4690.52490234, 5637.51660156, 5401.61279297, 13014.9287109, 3822.60546875, 9457.25878906, 11822.7626953, 2922.46484375, 1845.72229004, 3094.88574219, 5340.39941406, 860.946960449, 1334.41943359, 901.221862793, 378.028106689, 180.017929077, 318.951690674, 117.879768372, 156.107162476, 126.592018127, 109.878982544, 81.3958587646, 30.2534255981, 9.96496486664, 1.39160835743, 0.182265460491, 0.00193186150864, 7.32372598122e-07, 1.67429470288e-09],
        "max": [2.28514814377, 14.7143325806, 37.2928733826, 62.4697532654, 48.9461250305, 81.7997665405, 123.268028259, 451.5262146, 248.573364258, 176.777313232, 489.26272583, 750.194396973, 670.786621094, 902.325317383, 1184.44592285, 540.691589355, 830.717407227, 954.049499512, 706.432373047, 296.742767334, 500.694396973, 760.734985352, 300.348022461, 307.40145874, 314.095825195, 150.475189209, 71.145904541, 70.0221328735, 55.2367210388, 72.1582260132, 65.1236343384, 66.8199615479, 58.8378486633, 32.5735778809, 15.4516534805, 7.52452707291, 2.35536575317, 0.22210521996, 0.00419543776661, 0.000262886052951],
        "mean": [0.509848475456, 2.3011534214, 4.42657709122, 4.33559131622, 4.92642116547, 8.42211437225, 12.7030715942, 14.7390975952, 15.6796703339, 10.9310560226, 14.9701604843, 27.246421814, 40.6756744385, 52.0543518066, 61.6023101807, 26.6175098419, 37.592716217, 27.6875514984, 25.2440891266, 23.3459892273, 32.4228057861, 28.9130115509, 23.8045024872, 27.7162418365, 30.0962753296, 21.5103816986, 10.7127761841, 10.0310573578, 9.755194664, 9.7141160965, 8.65530586243, 8.44511508942, 6.47849798203, 3.87026023865, 2.11475539207, 0.839944899082, 0.249106258154, 0.0256020780653, 0.000567556591704, 6.86792991473e-05],
        "median": [0.125214889646, 1.57980501652, 1.58854103088, 1.19487667084, 2.12725901604, 5.03434896469, 7.46959400177, 6.91322374344, 6.43576812744, 5.50092840195, 5.49027395248, 4.7638502121, 6.97686862946, 8.80816078186, 7.59255838394, 5.73634052277, 7.21371650696, 6.94991445541, 7.13596630096, 8.94480895996, 7.71167850494, 7.22001552582, 10.3346099854, 13.6807174683, 13.2514657974, 12.953338623, 6.76180505753, 5.47230958939, 4.9469370842, 4.66699504852, 4.50207948685, 4.00924539566, 3.03006219864, 1.73673987389, 0.8584613204, 0.371699720621, 0.102649182081, 0.0102004064247, 0.000240732450038, 5.89567607676e-05],
        "min": [1.53385281374e-22, 8.06560318605e-22, 5.65104752896e-21, 2.55540341181e-20, 6.79787237907e-20, 6.13966473238e-20, 7.53106459452e-20, 1.3310189086e-19, 2.73368871884e-19, 4.96176070333e-19, 1.15511264409e-18, 8.27491942656e-19, 4.3751330017e-19, 1.32544836416e-18, 2.09764111152e-18, 2.74147548694e-18, 3.29542614225e-18, 2.57306151422e-18, 5.02809469479e-18, 6.44881916947e-18, 1.08976521026e-17, 1.29584071626e-17, 8.35462013974e-18, 6.56648519802e-18, 9.15117439011e-18, 1.40231929246e-17, 1.80765350904e-17, 1.42304364096e-17, 1.84686054659e-17, 1.58341989967e-17, 1.27761023459e-17, 1.32647369589e-17, 1.15247062921e-17, 1.19406466185e-17, 7.69518761951e-18, 4.89352729838e-18, 2.65449930668e-18, 1.20477325934e-18, 2.68782646526e-19, 3.35291102015e-20],
        "var": [0.43347465992, 6.43355989456, 39.3708229065, 89.7665100098, 49.659942627, 95.4764404297, 260.416992188, 883.632995605, 632.360412598, 336.060760498, 1029.89282227, 4054.69555664, 8497.59472656, 13077.265625, 28741.5390625, 2910.43579102, 6925.65820312, 5452.75927734, 4572.77587891, 1338.74023438, 3904.18505859, 3716.42700195, 1476.32055664, 1302.12780762, 1670.10400391, 570.749938965, 134.689041138, 166.229217529, 138.908416748, 158.17805481, 123.937446594, 132.230377197, 82.4795532227, 31.3081436157, 9.45869255066, 1.21786046028, 0.11302729696, 0.00123962969519, 5.40985922726e-07, 1.90549376278e-09]
    },
    "gfcc": {
        "mean": [12.2337503433, 57.3752059937, -93.5251541138, 41.6111526489, -54.4021339417, 24.74700737, -38.5964736938, 22.0562877655, -26.5538463593, 8.51750659943, -12.2732572556, 7.76272773743, -8.90066337585],
        "cov": [[19615.0703125, -145.956893921, -1344.5135498, 155.615875244, -1024.50793457, 247.171691895, -483.614959717, 79.323425293, -734.035949707, 101.855728149, -190.63508606, 124.557502747, -355.74987793], [-145.956893921, 1048.52429199, -158.329391479, -170.427200317, 238.929168701, 33.1921958923, 120.5729599, 27.9904193878, 48.1201667786, -36.7520828247, 163.65574646, -102.423042297, 20.15666008], [-1344.5135498, -158.329391479, 691.62322998, 209.632156372, 34.6505088806, 57.6972503662, -0.633756399155, -86.7808990479, 103.635108948, 74.7629089355, -105.54473877, 43.6083259583, 6.45529127121], [155.615875244, -170.427200317, 209.632156372, 426.23815918, 31.1578731537, -35.855670929, -76.5353240967, 41.7041358948, 114.040649414, 2.52312803268, -75.3074569702, 32.7510604858, 36.0929222107], [-1024.50793457, 238.929168701, 34.6505088806, 31.1578731537, 396.364471436, 170.920776367, 198.373977661, 97.8357009888, 120.545272827, 39.9778251648, 95.5895004272, -20.4914550781, 49.567489624], [247.171691895, 33.1921958923, 57.6972503662, -35.855670929, 170.920776367, 330.542053223, 204.122406006, 33.2690658569, 13.3936653137, 94.5061798096, 75.8609848022, 3.53529047966, 7.85041761398], [-483.614959717, 120.5729599, -0.633756399155, -76.5353240967, 198.373977661, 204.122406006, 305.107635498, 73.1403503418, 18.8856372833, 65.3410873413, 98.6828231812, -13.8288755417, 1.00065803528], [79.323425293, 27.9904193878, -86.7808990479, 41.7041358948, 97.8357009888, 33.2690658569, 73.1403503418, 205.452041626, 109.522254944, -2.28382778168, 65.8090515137, 7.35672426224, 36.7367973328], [-734.035949707, 48.1201667786, 103.635108948, 114.040649414, 120.545272827, 13.3936653137, 18.8856372833, 109.522254944, 216.768417358, 33.8759155273, 30.0649433136, 32.1373558044, 72.3348388672], [101.855728149, -36.7520828247, 74.7629089355, 2.52312803268, 39.9778251648, 94.5061798096, 65.3410873413, -2.28382778168, 33.8759155273, 117.41494751, 48.7426071167, 35.460105896, 10.3309192657], [-190.63508606, 163.65574646, -105.54473877, -75.3074569702, 95.5895004272, 75.8609848022, 98.6828231812, 65.8090515137, 30.0649433136, 48.7426071167, 228.792358398, 28.2925720215, 51.8006629944], [124.557502747, -102.423042297, 43.6083259583, 32.7510604858, -20.4914550781, 3.53529047966, -13.8288755417, 7.35672426224, 32.1373558044, 35.460105896, 28.2925720215, 105.580123901, 46.0680084229], [-355.74987793, 20.15666008, 6.45529127121, 36.0929222107, 49.567489624, 7.85041761398, 1.00065803528, 36.7367973328, 72.3348388672, 10.3309192657, 51.8006629944, 46.0680084229, 101.287200928]],
        "icov": [[0.000179521332029, -0.000313814321999, 0.000418452225858, -0.000443950877525, 0.000485965400003, -0.000664990860969, 0.000523163063917, -0.000686231127474, 0.000767853111029, -0.00069282471668, 0.000428197206929, -0.000642550992779, 0.000477516616229], [-0.000313814321999, 0.00213317223825, -0.000604138360359, 0.00123805901967, -0.00161767343525, 0.00145451107528, -0.0010179503588, 0.00208264868706, -0.00221268855967, 0.0020211613737, -0.0018954561092, 0.00251377630048, -0.000795685977209], [0.000418452225858, -0.000604138360359, 0.00355675281025, -0.00193965248764, 0.00119978527073, -0.00193605956156, 0.000563699752092, 0.000634882948361, -0.000254948565271, -0.00214113341644, 0.00184084533248, -0.00209989771247, 0.00179561797995], [-0.000443950877525, 0.00123805901967, -0.00193965248764, 0.00483685685322, -0.00203403108753, 0.0017826333642, -5.15187202836e-05, 0.000652186630759, -0.00261575868353, 0.00177621631883, -0.000319272541674, 0.00151173386257, -0.00162182061467], [0.000485965400003, -0.00161767343525, 0.00119978527073, -0.00203403108753, 0.0072524449788, -0.00337447784841, -0.00124400609639, -0.00157841702458, -0.000370341585949, -0.000845452654175, 0.000779054360464, -0.000398769392632, 0.000107935244159], [-0.000664990860969, 0.00145451107528, -0.00193605956156, 0.0017826333642, -0.00337447784841, 0.00896994862705, -0.00459201727062, 0.00211663707159, -0.00116815662477, -0.000933884119149, -0.00153174728621, 0.00291564757936, -0.00251635187306], [0.000523163063917, -0.0010179503588, 0.000563699752092, -5.15187202836e-05, -0.00124400609639, -0.00459201727062, 0.00985106639564, -0.00481873564422, 0.00423971703276, -0.00376496603712, 0.000464889279101, -0.00149712187704, 0.00243700435385], [-0.000686231127474, 0.00208264868706, 0.000634882948361, 0.000652186630759, -0.00157841702458, 0.00211663707159, -0.00481873564422, 0.0136015368626, -0.00992792379111, 0.00632670288906, -0.00374503480271, 0.00234550028108, -8.15498642623e-05], [0.000767853111029, -0.00221268855967, -0.000254948565271, -0.00261575868353, -0.000370341585949, -0.00116815662477, 0.00423971703276, -0.00992792379111, 0.0164394490421, -0.00765730021521, 0.00342590990476, -0.00271896179765, -0.00355839589611], [-0.00069282471668, 0.0020211613737, -0.00214113341644, 0.00177621631883, -0.000845452654175, -0.000933884119149, -0.00376496603712, 0.00632670288906, -0.00765730021521, 0.0189615674317, -0.00521319266409, -0.0013407926308, 0.00170700007584], [0.000428197206929, -0.0018954561092, 0.00184084533248, -0.000319272541674, 0.000779054360464, -0.00153174728621, 0.000464889279101, -0.00374503480271, 0.00342590990476, -0.00521319266409, 0.00947399344295, -0.00331522361375, -0.00228347745724], [-0.000642550992779, 0.00251377630048, -0.00209989771247, 0.00151173386257, -0.000398769392632, 0.00291564757936, -0.00149712187704, 0.00234550028108, -0.00271896179765, -0.0013407926308, -0.00331522361375, 0.0184761118144, -0.0086581017822], [0.000477516616229, -0.000795685977209, 0.00179561797995, -0.00162182061467, 0.000107935244159, -0.00251635187306, 0.00243700435385, -8.15498642623e-05, -0.00355839589611, 0.00170700007584, -0.00228347745724, -0.0086581017822, 0.0197925269604]]
    },
    "melbands": {
        "dmean": [0.00133776920848, 0.0013511517318, 0.000664132996462, 0.00023320109176, 0.000207367134863, 0.000195024971617, 0.00014026806457, 7.15658825357e-05, 8.78508435562e-05, 0.000112590823846, 0.000111481931526, 9.32378025027e-05, 9.42180195125e-05, 5.0348629884e-05, 5.29811259184e-05, 5.53689096705e-05, 3.73295843019e-05, 2.43735557888e-05, 2.19479188672e-05, 2.66084553004e-05, 2.11192073039e-05, 1.8793873096e-05, 9.57154134085e-06, 1.16598312161e-05, 1.29433328766e-05, 1.06242596303e-05, 1.26160284708e-05, 6.95488415658e-06, 4.2489509724e-06, 5.10881409355e-06, 4.36084565081e-06, 3.48449975718e-06, 3.58615966434e-06, 3.7617523958e-06, 3.2071188798e-06, 3.69625308849e-06, 3.01709906125e-06, 3.0518008316e-06, 2.46664717451e-06, 2.11111819226e-06],
        "dmean2": [0.00188125949353, 0.00202666386031, 0.00113854173105, 0.000367427506717, 0.000309808761813, 0.000307746755425, 0.000220911606448, 0.000112160065328, 0.000133161142003, 0.000174556946149, 0.000173410400748, 0.000143312368891, 0.000139493437018, 7.96532985987e-05, 8.48038835102e-05, 8.77093261806e-05, 5.94815319346e-05, 3.75950658054e-05, 3.47005516232e-05, 4.16477414547e-05, 3.20761500916e-05, 3.06101901515e-05, 1.48120689119e-05, 1.82469084393e-05, 2.05561736948e-05, 1.65648543771e-05, 1.9119172066e-05, 1.07321329779e-05, 6.83010102875e-06, 8.39503991301e-06, 6.7645969466e-06, 5.25086807102e-06, 5.55636552235e-06, 5.50172944713e-06, 4.71437761007e-06, 5.33658430868e-06, 4.45252771897e-06, 4.46656940767e-06, 3.43932856595e-06, 2.97912424685e-06],
        "dvar": [4.75706792713e-06, 6.01482861384e-06, 2.71763951787e-06, 1.46241106336e-07, 9.7277997213e-08, 2.3152790618e-07, 6.71665318919e-08, 2.40727349166e-08, 8.42180227778e-08, 1.0848797416e-07, 6.97472799516e-08, 4.52025119557e-08, 6.13818684769e-08, 2.06508143918e-08, 2.09519903649e-08, 2.61227413034e-08, 1.74530594421e-08, 6.2167346826e-09, 2.4356041628e-09, 4.03284428074e-09, 1.99992267191e-09, 3.34035865635e-09, 2.0859056149e-10, 3.80158377e-10, 4.42966302527e-10, 3.38801764421e-10, 4.62617139041e-10, 9.06037397885e-11, 2.84339704559e-11, 6.79779357804e-11, 3.92185867115e-11, 2.12871074934e-11, 2.27742911335e-11, 2.98569398371e-11, 2.29554170811e-11, 3.17245882342e-11, 2.54660910415e-11, 2.72147790414e-11, 1.50199939292e-11, 1.27561104041e-11],
        "dvar2": [7.37755499358e-06, 1.33225785248e-05, 7.17426837582e-06, 3.77979716859e-07, 2.09227394521e-07, 5.08057667048e-07, 1.50799024823e-07, 5.7659995889e-08, 2.13403879457e-07, 2.25722587288e-07, 1.58946889428e-07, 9.11844182383e-08, 1.36507466664e-07, 4.67263809867e-08, 6.38387120944e-08, 6.56349925521e-08, 4.51177726291e-08, 1.16535119332e-08, 5.37742428364e-09, 1.08355537876e-08, 3.6059790709e-09, 1.0265940098e-08, 4.42364589404e-10, 8.6958323875e-10, 1.08490716411e-09, 7.93725862813e-10, 1.00761188282e-09, 2.10713627102e-10, 6.52040990645e-11, 1.74783354456e-10, 8.75997122063e-11, 4.31072122442e-11, 4.8105738143e-11, 6.06336231224e-11, 4.79320749758e-11, 5.64736660214e-11, 4.28730176361e-11, 5.20370205259e-11, 2.5023743494e-11, 2.38600736391e-11],
        "max": [0.0157179310918, 0.0167413372546, 0.00927625969052, 0.0032709883526, 0.00471029197797, 0.00885394215584, 0.00338490516879, 0.002006058814, 0.00558138778433, 0.00481944996864, 0.00365399406292, 0.00332398083992, 0.00377576821484, 0.00194163981359, 0.00214506778866, 0.0020514104981, 0.00186334294267, 0.00165292294696, 0.000683032732923, 0.000769295787904, 0.000551491510123, 0.00106601917651, 0.000224391711527, 0.000252851983532, 0.00025538020418, 0.000208988916711, 0.000352236791514, 0.000114971684525, 4.24674835813e-05, 6.31806833553e-05, 4.13812122133e-05, 3.2612526411e-05, 3.79012926714e-05, 4.63205033157e-05, 4.00627141062e-05, 4.98186236655e-05, 3.86108622479e-05, 4.70282102469e-05, 3.26306653733e-05, 2.73887035291e-05],
        "mean": [0.0039129704237, 0.00256609683856, 0.000763861753512, 0.00048204002087, 0.000441634416347, 0.000336155033438, 0.000227195880143, 0.000112492205517, 0.000137565220939, 0.000182702351594, 0.000208950208616, 0.000209921141504, 0.000207294491702, 8.54777099448e-05, 8.25370807434e-05, 8.76267731655e-05, 4.4684347813e-05, 4.00029930461e-05, 3.28317728417e-05, 3.97749390686e-05, 3.36022094416e-05, 3.34546384693e-05, 1.81229206646e-05, 2.03859381145e-05, 2.27951350098e-05, 1.98818088393e-05, 2.5065992304e-05, 1.1848323993e-05, 6.4263231252e-06, 6.24344374955e-06, 5.61602473681e-06, 5.38156245966e-06, 5.46898672837e-06, 5.4273468777e-06, 4.82370433019e-06, 5.43865644431e-06, 4.94522737426e-06, 4.57825763078e-06, 3.9639858187e-06, 3.02506441585e-06],
        "median": [0.00141876447015, 0.00166640535463, 0.00026430079015, 0.000265814946033, 0.000285845919279, 0.000174780652742, 9.83775680652e-05, 5.06926007802e-05, 3.61562597391e-05, 2.44176881097e-05, 2.47449333983e-05, 2.52854533755e-05, 2.12309951166e-05, 1.39700759973e-05, 1.06181842057e-05, 1.07050427687e-05, 1.03670781755e-05, 9.38732864597e-06, 8.83107895788e-06, 1.05861472548e-05, 6.98565509083e-06, 6.86594876242e-06, 7.54688880988e-06, 8.56533097249e-06, 9.45589908952e-06, 7.85580959928e-06, 1.12828656711e-05, 6.381939329e-06, 4.09479162045e-06, 3.10789641844e-06, 2.89854801849e-06, 2.73560499409e-06, 2.49427307608e-06, 2.66286360784e-06, 2.37258586822e-06, 2.54641599895e-06, 2.37098561229e-06, 2.08549295166e-06, 1.82016390227e-06, 1.19665594411e-06],
        "min": [1.71976785213e-24, 2.49197452313e-24, 6.88819142943e-24, 4.42684600866e-24, 2.87801544001e-24, 2.77146182818e-24, 3.92707225406e-24, 5.64112618943e-24, 1.02777784333e-23, 4.72905309943e-24, 1.81035472202e-24, 5.24459776125e-24, 5.70874774066e-24, 7.01478309433e-24, 8.85143271969e-24, 5.85685243131e-24, 3.56957114144e-24, 8.17639339904e-24, 7.99328458345e-24, 1.02019239352e-23, 1.28989731059e-23, 1.2926365512e-23, 7.55605684901e-24, 7.52436830644e-24, 4.8476476869e-24, 5.32989807979e-24, 7.91392517638e-24, 9.69057325243e-24, 9.45023415588e-24, 9.10498444755e-24, 6.86562054121e-24, 9.38047203059e-24, 9.87324267251e-24, 7.51520805361e-24, 7.28547676965e-24, 6.91878739964e-24, 7.04684950127e-24, 7.95844611929e-24, 7.29486500329e-24, 1.12859426702e-23],
        "var": [1.98619727598e-05, 8.27340045362e-06, 2.21588265958e-06, 3.03927748746e-07, 2.88188260811e-07, 3.77055840772e-07, 1.27679058437e-07, 3.58532368239e-08, 1.17942470013e-07, 2.02452540066e-07, 2.49462431157e-07, 2.13573812857e-07, 2.70173444505e-07, 4.86218674212e-08, 4.47063186471e-08, 5.18906659863e-08, 1.88304856152e-08, 1.76856715939e-08, 5.24692200798e-09, 6.25249363395e-09, 5.18929610394e-09, 6.39774855316e-09, 8.95270135803e-10, 1.01455088775e-09, 1.01217045856e-09, 8.50214953996e-10, 1.31912825108e-09, 2.22511828407e-10, 4.82113758637e-11, 7.30919699765e-11, 5.33633935651e-11, 4.38731065366e-11, 4.82181100603e-11, 5.28518652454e-11, 4.02572281066e-11, 5.58497623149e-11, 4.75588318727e-11, 4.47405446025e-11, 2.89203192644e-11, 2.16098233058e-11]
    },
    "mfcc": {
