{
"metadata": {
    "version": {
        "essentia": "2.0.1",
        "extractor": "archive-music 1.0"
    },
    "audio_properties": {
        "analysis_sample_rate": 44100,
        "bitrate": 128,
        "channels": 2,
        "equal_loudness": 0,
        "length": 15.83020401,
        "replay_gain": -4.49003791809,
        "downmix": "mix"
    },
    "tags": {
        "track": 1,
        "year": 0,
        "album": "Tab & Anitek - Sights & Sounds",
        "artist": "Anitek",
        "comment": "",
        "genre": "Other",
        "title": "Tab & Anitek - Opaque"
    }
},
"highlevel": {
    "culture": {
        "all": {
            "non_western": 1.31689257614e-05,
            "western": 0.999986827374
        },
        "probability": 0.999986827374,
        "value": "western"
    },
    "danceability": {
        "all": {
            "danceable": 0.836182117462,
            "not_danceable": 0.163817882538
        },
        "probability": 0.836182117462,
        "value": "danceable"
    },
    "gender": {
        "all": {
            "female": 0.0982984155416,
            "male": 0.901701569557
        },
        "probability": 0.901701569557,
        "value": "male"
    },
    "genre_dortmund": {
        "all": {
            "alternative": 0.0263552814722,
            "blues": 0.0728944763541,
            "electronic": 0.143712759018,
            "folkcountry": 0.0170523766428,
            "funksoulrnb": 0.0618746466935,
            "jazz": 0.251541227102,
            "pop": 0.0179575234652,
            "raphiphop": 0.362472772598,
            "rock": 0.0461389385164
        },
        "probability": 0.362472772598,
        "value": "raphiphop"
    },
    "genre_electronic": {
        "all": {
            "ambient": 0.560610115528,
            "dnb": 0.0539047829807,
            "house": 0.282913535833,
            "techno": 0.0213814750314,
            "trance": 0.0811900943518
        },
        "probability": 0.560610115528,
        "value": "ambient"
    },
    "genre_rosamerica": {
        "all": {
            "cla": 0.0373743213713,
            "dan": 0.160887658596,
            "hip": 0.20166900754,
            "jaz": 0.0478907078505,
            "pop": 0.353976309299,
            "rhy": 0.0407757014036,
            "roc": 0.145774379373,
            "spe": 0.0116519192234
        },
        "probability": 0.353976309299,
        "value": "pop"
    },
    "genre_tzanetakis": {
        "all": {
            "blu": 0.001548876171,
            "cla": 0.0126773957163,
            "cou": 0.00271295499988,
            "dis": 0.0155506487936,
            "hip": 0.0721927657723,
            "jaz": 0.018849439919,
            "met": 0.0030406631995,
            "pop": 0.789569497108,
            "reg": 0.0554124452174,
            "roc": 0.028445309028
        },
        "probability": 0.789569497108,
        "value": "pop"
    },
    "mirex_ballroom": {
        "all": {
            "ChaChaCha": 0.198966935277,
            "Jive": 0.103578202426,
            "Quickstep": 0.0676820650697,
            "Rumba-American": 0.00662812590599,
            "Rumba-International": 0.0447996482253,
            "Rumba-Misc": 0.0306775197387,
            "Samba": 0.0871240049601,
            "Tango": 0.370247274637,
            "VienneseWaltz": 0.0702038928866,
            "Waltz": 0.0200923383236
        },
        "probability": 0.370247274637,
        "value": "Tango"
    },
    "mood_acoustic": {
        "all": {
            "acoustic": 0.105216778815,
            "not_acoustic": 0.894783198833
        },
        "probability": 0.894783198833,
        "value": "not_acoustic"
    },
    "mood_aggressive": {
        "all": {
            "aggressive": 0.204575255513,
            "not_aggressive": 0.795424759388
        },
        "probability": 0.795424759388,
        "value": "not_aggressive"
    },
    "mood_electronic": {
        "all": {
            "electronic": 0.948968529701,
            "not_electronic": 0.0510314814746
        },
        "probability": 0.948968529701,
        "value": "electronic"
    },
    "mood_happy": {
        "all": {
            "happy": 0.115171067417,
            "not_happy": 0.884828925133
        },
        "probability": 0.884828925133,
        "value": "not_happy"
    },
    "mood_party": {
        "all": {
            "not_party": 0.425391823053,
            "party": 0.574608147144
        },
        "probability": 0.574608147144,
        "value": "party"
    },
    "mood_relaxed": {
        "all": {
            "not_relaxed": 0.16843432188,
            "relaxed": 0.83156567812
        },
        "probability": 0.83156567812,
        "value": "relaxed"
    },
    "mood_sad": {
        "all": {
            "not_sad": 0.663474857807,
            "sad": 0.336525142193
        },
        "probability": 0.663474857807,
        "value": "not_sad"
    },
    "moods_mirex": {
        "all": {
            "Cluster1": 0.293081879616,
            "Cluster2": 0.173949182034,
            "Cluster3": 0.0664464607835,
            "Cluster4": 0.127964735031,
            "Cluster5": 0.338557720184
        },
        "probability": 0.338557720184,
        "value": "Cluster5"
    },
    "timbre": {
        "all": {
            "bright": 0.965645670891,
            "dark": 0.0343543402851
        },
        "probability": 0.965645670891,
        "value": "bright"
    },
    "tonal_atonal": {
        "all": {
            "atonal": 0.385819733143,
            "tonal": 0.614180266857
        },
        "probability": 0.614180266857,
        "value": "tonal"
    },
    "voice_instrumental": {
        "all": {
            "instrumental": 0.997302651405,
            "voice": 0.00269732973538
        },
        "probability": 0.997302651405,
        "value": "instrumental"
    }
},
"lowlevel": {
    "average_loudness": 0.976198852062,
    "barkbands_kurtosis": {
        "dmean": 4.19295787811,
        "dmean2": 7.07600641251,
        "dvar": 98.5233078003,
        "dvar2": 256.483032227,
        "max": 83.4953842163,
        "mean": 4.55911254883,
        "median": 1.63772153854,
        "min": -1.63672971725,
        "var": 96.5525054932
    },
    "barkbands_skewness": {
        "dmean": 0.626274824142,
        "dmean2": 0.990381658077,
        "dvar": 0.888710081577,
        "dvar2": 2.04930305481,
        "max": 8.41363239288,
        "mean": 1.59445762634,
        "median": 1.31631743908,
        "min": -1.98420608044,
        "var": 1.65504395962
    },
    "barkbands_spread": {
        "dmean": 4.9338517189,
        "dmean2": 7.62052965164,
        "dvar": 27.89336586,
        "dvar2": 61.9279899597,
        "max": 64.0563201904,
        "mean": 17.7673473358,
        "median": 16.132352829,
        "min": 1.91188561916,
        "var": 82.9887466431
    },
    "dissonance": {
        "dmean": 0.0184432640672,
        "dmean2": 0.0302897300571,
        "dvar": 0.000277436716715,
        "dvar2": 0.000730621628463,
        "max": 0.499864280224,
        "mean": 0.467179745436,
        "median": 0.472021698952,
        "min": 0.334141612053,
        "var": 0.000509269244503
    },
    "dynamic_complexity": 2.97117471695,
    "erbbands_kurtosis": {
        "dmean": 0.608090281487,
        "dmean2": 0.986082196236,
        "dvar": 0.637125194073,
        "dvar2": 1.52275323868,
        "max": 8.06810092926,
        "mean": -0.226872116327,
        "median": -0.523628473282,
        "min": -1.71998012066,
        "var": 1.27250862122
    },
    "erbbands_skewness": {
        "dmean": 0.307773858309,
        "dmean2": 0.488121807575,
        "dvar": 0.0706407949328,
        "dvar2": 0.169715121388,
        "max": 2.46544528008,
        "mean": 0.29869684577,
        "median": 0.30285269022,
        "min": -1.50134313107,
        "var": 0.290541797876
    },
    "erbbands_spread": {
        "dmean": 7.36142253876,
        "dmean2": 11.0382385254,
        "dvar": 78.576210022,
        "dvar2": 162.829681396,
        "max": 122.659873962,
        "mean": 34.8579902649,
        "median": 33.5066108704,
        "min": 8.97816085815,
        "var": 170.743881226
    },
    "hfc": {
        "dmean": 7.27523946762,
        "dmean2": 11.3039751053,
        "dvar": 233.794372559,
        "dvar2": 502.970489502,
        "max": 159.728851318,
        "mean": 16.1562213898,
        "median": 11.3642721176,
        "min": 1.12416611338e-16,
        "var": 336.719207764
    },
    "melbands_kurtosis": {
        "dmean": 9.59506034851,
        "dmean2": 15.7639942169,
        "dvar": 616.739440918,
        "dvar2": 1521.50415039,
        "max": 290.216705322,
        "mean": 12.8416185379,
        "median": 5.83939838409,
        "min": -1.20890820026,
        "var": 650.997558594
    },
    "melbands_skewness": {
        "dmean": 0.809354186058,
        "dmean2": 1.25680112839,
        "dvar": 1.55961358547,
        "dvar2": 3.38778281212,
        "max": 14.8747386932,
        "mean": 2.51269674301,
        "median": 2.09674525261,
        "min": -0.151395663619,
        "var": 2.97914242744
    },
    "melbands_spread": {
        "dmean": 5.64937067032,
        "dmean2": 8.51249027252,
        "dvar": 68.5839157104,
        "dvar2": 134.126724243,
        "max": 137.270965576,
        "mean": 19.676492691,
        "median": 17.1062297821,
        "min": 1.35590827465,
        "var": 217.497421265
    },
    "pitch_salience": {
        "dmean": 0.0721858292818,
        "dmean2": 0.116570010781,
        "dvar": 0.00516549311578,
        "dvar2": 0.0127709358931,
        "max": 0.984138727188,
        "mean": 0.548996269703,
        "median": 0.571105599403,
        "min": 0.1381470263,
        "var": 0.0162799637765
    },
    "silence_rate_20dB": {
        "dmean": 0,
        "dmean2": 0,
        "dvar": 0,
        "dvar2": 0,
        "max": 1,
        "mean": 1,
        "median": 1,
        "min": 1,
        "var": 0
    },
    "silence_rate_30dB": {
        "dmean": 0.0879765376449,
        "dmean2": 0.176211446524,
        "dvar": 0.0802368074656,
        "dvar2": 0.168656244874,
        "max": 1,
        "mean": 0.898975133896,
        "median": 1,
        "min": 0,
        "var": 0.0908181592822
    },
    "silence_rate_60dB": {
        "dmean": 0.00293255131692,
        "dmean2": 0.00587371503934,
        "dvar": 0.00292393495329,
        "dvar2": 0.00583916949108,
        "max": 1,
        "mean": 0.0556368976831,
        "median": 0,
        "min": 0,
        "var": 0.0525415800512
    },
    "spectral_centroid": {
        "dmean": 243.043395996,
        "dmean2": 354.301635742,
        "dvar": 209997.4375,
        "dvar2": 220961.6875,
        "max": 11124.5791016,
        "mean": 1158.51757812,
        "median": 1042.07568359,
        "min": 286.753875732,
        "var": 487429.625
    },
    "spectral_complexity": {
        "dmean": 2.97360706329,
        "dmean2": 4.54919242859,
        "dvar": 12.3424043655,
        "dvar2": 20.6440505981,
        "max": 55,
        "mean": 19.1771602631,
        "median": 20,
        "min": 0,
        "var": 64.6317977905
    },
    "spectral_crest": {
        "dmean": 2.58759069443,
        "dmean2": 4.10731935501,
        "dvar": 7.96527767181,
        "dvar2": 19.9916419983,
        "max": 23.7328071594,
        "mean": 9.76759433746,
        "median": 8.3885383606,
        "min": 2.97550177574,
        "var": 21.7364253998
    },
    "spectral_decrease": {
        "dmean": 6.87243950637e-09,
        "dmean2": 1.18204024346e-08,
        "dvar": 3.08173667859e-16,
        "dvar2": 8.39207898069e-16,
        "max": -6.40377905596e-29,
        "mean": -1.01597157354e-08,
        "median": -5.08892705753e-09,
        "min": -1.10254681829e-07,
        "var": 2.56450103861e-16
    },
    "spectral_energy": {
        "dmean": 0.0264842174947,
        "dmean2": 0.0453830845654,
        "dvar": 0.00448916945606,
        "dvar2": 0.0122199291363,
        "max": 0.4236959517,
        "mean": 0.0398105531931,
        "median": 0.0201835650951,
        "min": 1.05579499695e-20,
        "var": 0.00375194358639
    },
    "spectral_energyband_high": {
        "dmean": 0.000328793452354,
        "dmean2": 0.000464240438305,
        "dvar": 7.11179211521e-07,
        "dvar2": 1.33906166866e-06,
        "max": 0.0110438428819,
        "mean": 0.000390354776755,
        "median": 8.17249965621e-05,
        "min": 7.21620168708e-21,
        "var": 1.03699562715e-06
    },
    "spectral_energyband_low": {
        "dmean": 0.0219321921468,
        "dmean2": 0.0385607667267,
        "dvar": 0.00380539498292,
        "dvar2": 0.0103490659967,
        "max": 0.3531447649,
        "mean": 0.0242007263005,
        "median": 0.00553223816678,
        "min": 6.56514152914e-23,
        "var": 0.00305912340991
    },
    "spectral_energyband_middle_high": {
        "dmean": 0.00235093035735,
        "dmean2": 0.00369585445151,
        "dvar": 3.11280928145e-05,
        "dvar2": 7.39219685784e-05,
        "max": 0.0574665740132,
        "mean": 0.00475126737729,
        "median": 0.00323652452789,
        "min": 1.70102503609e-21,
        "var": 3.88811968151e-05
    },
    "spectral_energyband_middle_low": {
        "dmean": 0.00587578117847,
        "dmean2": 0.0102690188214,
        "dvar": 0.000165826000739,
        "dvar2": 0.000474501866847,
        "max": 0.159453034401,
        "mean": 0.0119135789573,
        "median": 0.0100182397291,
        "min": 2.68953656424e-22,
        "var": 0.000138484174386
    },
    "spectral_flatness_db": {
        "dmean": 0.0274395588785,
        "dmean2": 0.0415276624262,
        "dvar": 0.000893085554708,
        "dvar2": 0.00218446692452,
        "max": 0.358689785004,
        "mean": 0.163854271173,
        "median": 0.165673285723,
        "min": 0.0291072931141,
        "var": 0.0031995086465
    },
    "spectral_flux": {
        "dmean": 0.0453936979175,
        "dmean2": 0.0720789507031,
        "dvar": 0.00729157635942,
        "dvar2": 0.0153053272516,
        "max": 0.614455640316,
        "mean": 0.0987483784556,
        "median": 0.0648076459765,
        "min": 1.03968243736e-10,
        "var": 0.0104443551973
    },
    "spectral_kurtosis": {
        "dmean": 2.99841928482,
        "dmean2": 5.05821657181,
        "dvar": 8.11508083344,
        "dvar2": 22.7536258698,
        "max": 23.6615982056,
        "mean": 6.21037006378,
        "median": 5.52344036102,
        "min": -1.25232243538,
        "var": 13.5529327393
    },
    "spectral_rms": {
        "dmean": 0.00141423824243,
        "dmean2": 0.00226466939785,
        "dvar": 7.72720431996e-06,
        "dvar2": 1.95359098143e-05,
        "max": 0.0203313045204,
        "mean": 0.00529718725011,
        "median": 0.00443748617545,
        "min": 3.20942968382e-12,
        "var": 1.07793630377e-05
    },
    "spectral_rolloff": {
        "dmean": 398.016967773,
        "dmean2": 661.7109375,
        "dvar": 1136345.625,
        "dvar2": 2201199.75,
        "max": 18798.4863281,
        "mean": 1196.4642334,
        "median": 839.794921875,
        "min": 64.599609375,
        "var": 2942485
    },
    "spectral_skewness": {
        "dmean": 0.318686872721,
        "dmean2": 0.514367520809,
        "dvar": 0.0714533254504,
        "dvar2": 0.177084550261,
        "max": 3.28069877625,
        "mean": 1.65311658382,
        "median": 1.62569820881,
        "min": -0.0335074812174,
        "var": 0.184785872698
    },
    "spectral_spread": {
        "dmean": 715591.9375,
        "dmean2": 902782.6875,
        "dvar": 3.29463391846e+12,
        "dvar2": 3.24772796826e+12,
        "max": 42054584,
        "mean": 3484534,
        "median": 2857765.5,
        "min": 1554774.25,
        "var": 6.01474885222e+12
    },
    "spectral_strongpeak": {
        "dmean": 0.397614121437,
        "dmean2": 0.654812157154,
        "dvar": 0.424161583185,
        "dvar2": 1.00513720512,
        "max": 5.5553650856,
        "mean": 0.62468290329,
        "median": 0.347124457359,
        "min": 0,
        "var": 0.624710023403
    },
    "zerocrossingrate": {
        "dmean": 0.0103920856491,
        "dmean2": 0.0131828766316,
        "dvar": 0.000593331176788,
        "dvar2": 0.00111783947796,
        "max": 0.51123046875,
        "mean": 0.0471073463559,
        "median": 0.03857421875,
        "min": 0.0087890625,
        "var": 0.00203821435571
    },
    "barkbands": {
        "dmean": [0.000958368938882, 0.0158833507448, 0.00565156945959, 0.00226138485596, 0.00184721068945, 0.00147335510701, 0.000914174772333, 0.000545257003978, 0.000751089828555, 0.00110146822408, 0.00039670735714, 0.000365048006643, 0.000360881880624, 0.000139569165185, 0.000180396193173, 0.000254638754996, 0.000280342093902, 0.000190592661966, 0.000131957829581, 7.3929077189e-05, 5.68661853322e-05, 0.00011596573313, 5.28835589648e-05, 3.33080461132e-05, 3.54948751919e-05, 1.58722414199e-05, 1.21393486552e-06],
        "dmean2": [0.00159442552831, 0.0280041638762, 0.0104683320969, 0.00412136968225, 0.00320166605525, 0.00243909377605, 0.00156376836821, 0.000824282935355, 0.00121561076958, 0.00169633841142, 0.000634317751974, 0.000623400497716, 0.000632149574813, 0.000235989515204, 0.000294046505587, 0.000414401205489, 0.000456762238173, 0.000311820855131, 0.000208619414479, 0.000121889104776, 7.89038022049e-05, 0.000183684693184, 7.659305993e-05, 4.72223146062e-05, 5.13617851539e-05, 2.17705601244e-05, 1.8579881953e-06],
        "dvar": [8.07781907497e-06, 0.001964363968, 0.000458611233626, 6.17373152636e-05, 1.27072944451e-05, 4.55454392068e-06, 3.10347650156e-06, 7.83059022069e-07, 2.18879563363e-06, 6.91616742188e-06, 6.76624381413e-07, 9.28017300339e-07, 1.99524220079e-06, 1.06506917064e-07, 1.55167825255e-07, 4.80682786019e-07, 2.71076032732e-07, 3.68290272945e-07, 1.65271728747e-07, 5.85726382951e-08, 2.28007177583e-08, 1.10413608922e-07, 2.23145573131e-08, 7.75861952462e-09, 8.47867021037e-09, 1.75139469594e-09, 1.30258408226e-11],
        "dvar2": [2.14085685002e-05, 0.00533438380808, 0.00133847130928, 0.000179644557647, 3.58356337529e-05, 1.29160025608e-05, 8.47532010084e-06, 1.64216953635e-06, 5.09164328832e-06, 1.55463567353e-05, 1.63545666965e-06, 2.56100793194e-06, 5.40251267012e-06, 2.66714692998e-07, 2.92998123541e-07, 1.13674343538e-06, 6.87353008288e-07, 8.71041549999e-07, 4.06787705742e-07, 1.37167930347e-07, 3.74693662764e-08, 2.5518397706e-07, 4.59486919624e-08, 1.58577062592e-08, 1.66140132762e-08, 3.52561957406e-09, 2.93687851816e-11],
        "max": [0.0257301796228, 0.30798920989, 0.178296133876, 0.0911607146263, 0.0355980284512, 0.0240236055106, 0.0279186405241, 0.0103212427348, 0.0171179845929, 0.0308312159032, 0.0120660914108, 0.0136999636889, 0.0190889965743, 0.00405832380056, 0.00553362676874, 0.00756961945444, 0.00839240383357, 0.00668071582913, 0.00569789670408, 0.00317451218143, 0.00178230763413, 0.00462605897337, 0.00210272660479, 0.00117967987899, 0.00126382522285, 0.0005297276075, 3.86734391213e-05],
        "mean": [0.00115503463894, 0.0177677087486, 0.00433334521949, 0.00187365256716, 0.00248021027073, 0.00300770578906, 0.00149167014752, 0.000894077937119, 0.00127962825354, 0.00156694941688, 0.000607311550993, 0.000523016846273, 0.000411200046074, 0.000240095716435, 0.000285491318209, 0.000366985506844, 0.000559030333534, 0.000308644521283, 0.000211723308894, 0.000111328961793, 7.78936810093e-05, 0.000117659386888, 5.28997588845e-05, 3.46169399563e-05, 3.60843696399e-05, 1.55320230988e-05, 1.0704638953e-06],
        "median": [2.07864304684e-05, 0.00381344510242, 0.00103785051033, 0.000355643976945, 0.00159510283265, 0.0025445711799, 0.000763352960348, 0.000431154709077, 0.000678181531839, 0.000593635602854, 0.000282674445771, 0.000269699521596, 0.000199060115847, 0.000148617997183, 0.000138764124131, 0.000188716585399, 0.000256173691014, 0.000186907389434, 0.00011198422726, 5.31297773705e-05, 2.11483784369e-05, 1.92906391021e-05, 3.94324251829e-06, 2.44829971052e-06, 1.33621472287e-06, 2.03455883252e-07, 5.22157472815e-09],
        "min": [4.00372626265e-23, 3.15295145151e-23, 6.1708399764e-24, 1.11886193226e-24, 3.91882368778e-23, 2.44654702127e-23, 6.89465819558e-23, 1.49598430329e-23, 3.50827586024e-23, 8.94488370688e-23, 6.71233729426e-23, 7.96878824353e-23, 8.70879215299e-23, 8.46761528616e-23, 1.01047541e-22, 1.39392958886e-22, 2.40171214328e-22, 2.23449988466e-22, 1.93507958704e-22, 2.98107860267e-22, 3.59784565177e-22, 3.36519883257e-22, 7.70371520216e-22, 6.89222597964e-22, 1.04108879195e-21, 1.5354233159e-21, 2.25572112654e-21],
        "var": [7.942630873e-06, 0.00163875392172, 0.000267693918431, 3.61913735105e-05, 1.03282409327e-05, 6.35648166281e-06, 6.46494117973e-06, 1.53833218519e-06, 3.95920278606e-06, 1.05504814201e-05, 1.14391059469e-06, 8.26455448077e-07, 1.39779092478e-06, 1.20032211726e-07, 2.59672248148e-07, 5.25346706581e-07, 6.11716473031e-07, 3.85920884582e-07, 1.90059822103e-07, 7.28359097479e-08, 4.15269596488e-08, 1.11810578574e-07, 2.81043135431e-08, 1.01617292358e-08, 1.12990399259e-08, 2.28887531151e-09, 1.35799739509e-11]
    },
    "erbbands": {
        "dmean": [0.501818716526, 3.52802920341, 6.84240818024, 7.1148276329, 6.41086864471, 6.61149358749, 6.96916246414, 15.7503576279, 13.3268146515, 12.4697189331, 7.62631654739, 16.7372112274, 38.6213684082, 16.771074295, 19.4840583801, 14.17486763, 15.6595258713, 8.02063655853, 7.97098588943, 11.4154348373, 12.1456708908, 16.9218063354, 11.4857130051, 7.09703111649, 5.92211103439, 3.20642995834, 2.12701368332, 3.57042598724, 4.07434606552, 2.16303396225, 1.42573750019, 0.725203275681, 0.577903985977, 0.352318406105, 0.287234842777, 0.103434622288, 0.0218788292259, 0.00441483408213, 0.000123113946756, 3.14938806696e-05],
        "dmean2": [0.858945429325, 6.21515655518, 12.4877147675, 12.9571914673, 11.6637763977, 11.2683362961, 11.8676548004, 25.8013515472, 23.3359146118, 20.1456871033, 12.0313930511, 27.2801952362, 58.0361595154, 27.8424072266, 31.8953742981, 24.1611366272, 27.3130588531, 13.5499639511, 12.8736591339, 18.8942508698, 19.4821834564, 27.4200973511, 19.0295772552, 10.8107538223, 9.58245563507, 5.17297649384, 3.11022853851, 5.38754558563, 6.47492361069, 3.21930241585, 2.0971467495, 1.01732003689, 0.826099634171, 0.488648980856, 0.427778124809, 0.147377610207, 0.030262209475, 0.00628328835592, 0.000176143556018, 5.23757771589e-05],
        "dvar": [2.04122924805, 101.034751892, 583.64642334, 685.980712891, 378.388427734, 123.652610779, 135.463348389, 466.515289307, 428.223937988, 562.92980957, 191.247558594, 966.046813965, 8493.46582031, 1715.75769043, 2157.85620117, 1598.66918945, 3396.1328125, 644.84185791, 447.387420654, 679.927307129, 1025.99597168, 1048.26940918, 1251.05224609, 534.949707031, 272.158721924, 111.417953491, 38.0350341797, 94.4440765381, 121.075317383, 31.7340774536, 17.0516014099, 3.68466901779, 2.40480303764, 0.762861788273, 0.619465947151, 0.0822474658489, 0.00323284557089, 0.00014254693815, 9.17609668249e-08, 5.45758194193e-09],
        "dvar2": [5.77673435211, 269.176818848, 1680.72741699, 2003.33227539, 1078.45031738, 339.18838501, 382.03036499, 1299.15966797, 1247.09338379, 1300.36645508, 469.900756836, 2165.1328125, 18266.328125, 4621.97265625, 5268.30273438, 4437.13330078, 9167.60839844, 1583.19213867, 1032.24414062, 1376.21813965, 2527.72045898, 2623.71728516, 3108.6394043, 1236.47900391, 635.095336914, 260.350494385, 70.2091445923, 192.760604858, 270.933441162, 65.4728469849, 35.900894165, 7.20706415176, 4.99551868439, 1.44877874851, 1.31054031849, 0.171366080642, 0.00611464260146, 0.000293393619359, 1.89692954677e-07, 1.45567629062e-08],
        "max": [10.0548334122, 70.5485916138, 192.49206543, 266.463195801, 214.680770874, 115.671768188, 147.198120117, 199.618148804, 313.086334229, 354.158447266, 138.784042358, 431.084716797, 1142.26708984, 451.034179688, 714.83203125, 593.85534668, 759.536560059, 375.586181641, 237.819656372, 284.47164917, 413.553253174, 525.73236084, 405.793151855, 322.701568604, 177.626281738, 132.691146851, 76.8538742065, 143.678115845, 140.263137817, 82.6104354858, 59.1208534241, 26.5774173737, 21.3513736725, 11.6010818481, 10.6940078735, 3.62501335144, 0.858232319355, 0.156409695745, 0.0035240505822, 0.000479247886688],
        "mean": [0.590346038342, 3.59505295753, 5.7649307251, 5.78548383713, 5.98673200607, 9.32652664185, 14.2178907394, 29.5069084167, 22.0106601715, 25.6686916351, 14.6979236603, 29.221660614, 57.2016448975, 25.3385028839, 29.7234172821, 20.1362228394, 19.081325531, 12.847533226, 13.8551301956, 19.0890636444, 20.5363578796, 33.4110832214, 19.2945594788, 11.5523300171, 9.34961605072, 4.99180459976, 3.35451602936, 4.05343580246, 4.28474283218, 2.20528483391, 1.41999769211, 0.767246246338, 0.587007641792, 0.36602178216, 0.279064834118, 0.0997233688831, 0.0223511699587, 0.00429070740938, 0.000128565457999, 4.85220298287e-05],
        "median": [0.0401188507676, 0.996348023415, 1.82336819172, 0.949517548084, 2.5017991066, 5.81362104416, 8.58515167236, 22.8036632538, 15.3081684113, 10.1869421005, 9.7098236084, 16.1456623077, 22.3436489105, 15.389960289, 12.6171331406, 11.1427097321, 9.63473796844, 7.97770643234, 7.2339925766, 10.8445367813, 11.4433364868, 13.8352527618, 12.5653648376, 6.01960420609, 4.92615461349, 2.52802371979, 1.16049909592, 0.81253683567, 0.861740410328, 0.228554606438, 0.104419410229, 0.0621307231486, 0.0396032631397, 0.0194361768663, 0.00682748807594, 0.00153041095473, 0.000238295804593, 3.11092298944e-05, 1.54171902977e-05, 2.49827062362e-05],
        "min": [9.54440108167e-22, 2.86652575035e-21, 7.70022755343e-21, 1.15559942695e-20, 5.22465078659e-20, 1.28563874622e-19, 2.57648976427e-19, 2.38333430245e-19, 5.81700807105e-19, 7.72780045593e-19, 4.75984488183e-19, 7.77407242241e-19, 2.01246177435e-18, 3.53981851539e-18, 2.40935192445e-18, 3.7093160947e-18, 4.07223248948e-18, 4.45346928045e-18, 4.88376284484e-18, 7.20896920109e-18, 1.01738318435e-17, 1.28110862955e-17, 1.36151215674e-17, 9.60349329267e-18, 1.0768094112e-17, 1.56631827138e-17, 1.4029721034e-17, 1.36396516084e-17, 1.45926935415e-17, 2.01249320721e-17, 1.84990225514e-17, 1.3844969417e-17, 1.002536864e-17, 1.1722212207e-17, 7.79936357303e-18, 5.89448366838e-18, 2.59893861892e-18, 1.05789234893e-18, 2.98464342597e-19, 3.20445471841e-20],
        "var": [1.92630720139, 77.53931427, 352.666412354, 401.610626221, 231.276947021, 129.184646606, 251.243911743, 686.182312012, 579.351379395, 2069.06665039, 300.400085449, 1924.09155273, 14042.7089844, 1446.76953125, 3454.76025391, 1270.2376709, 2440.64355469, 593.545288086, 563.705322266, 1005.71990967, 1162.33203125, 2296.26831055, 1220.61962891, 649.454711914, 341.885284424, 142.390716553, 64.7490081787, 126.970497131, 130.388412476, 39.8054580688, 20.9289169312, 5.09087085724, 3.01488804817, 1.08832871914, 0.734344899654, 0.0996401831508, 0.00456044776365, 0.00017971311172, 1.16273810136e-07, 4.86724660576e-09]
    },
    "gfcc": {
        "mean": [-36.6655845642, 140.461883545, -135.24256897, 33.5596580505, -47.999130249, -0.234607517719, -25.8512935638, 7.03655052185, -11.8232889175, -3.17489051819, -8.12243080139, 5.45130729675, -0.883282124996],
        "cov": [[17791.28125, -807.863708496, 5.08834314346, 286.351257324, -723.145751953, 852.980773926, -752.07623291, 735.147888184, -519.567382812, 419.921966553, -262.309936523, 317.528625488, -28.7925415039], [-807.863708496, 2209.17407227, -840.104553223, 232.506134033, 365.863586426, -510.589294434, 493.697296143, -429.495788574, 373.116943359, -341.461547852, 266.613616943, -232.475143433, 195.710845947], [5.08834314346, -840.104553223, 928.215148926, -46.9998779297, 33.6350059509, 310.590393066, -107.373062134, 223.490722656, -120.043380737, 169.530441284, -141.089492798, 110.7108078, -110.085418701], [286.351257324, 232.506134033, -46.9998779297, 247.411865234, 100.942550659, -12.7506399155, 85.5731506348, -94.6241989136, 76.6818695068, -39.3695755005, 48.5602874756, -54.4596939087, 9.63475513458], [-723.145751953, 365.863586426, 33.6350059509, 100.942550659, 264.002258301, -80.0912857056, 125.659172058, -67.5009231567, 105.762512207, -48.2658882141, 39.4821014404, -35.311214447, 27.7363910675], [852.980773926, -510.589294434, 310.590393066, -12.7506399155, -80.0912857056, 279.796936035, -83.3665084839, 133.255325317, -101.275787354, 85.4993286133, -60.4349975586, 54.070438385, -28.9544677734], [-752.07623291, 493.697296143, -107.373062134, 85.5731506348, 125.659172058, -83.3665084839, 253.969055176, -103.240287781, 134.36126709, -82.2417373657, 84.9469985962, -62.768157959, 49.2343864441], [735.147888184, -429.495788574, 223.490722656, -94.6241989136, -67.5009231567, 133.255325317, -103.240287781, 250.726821899, -54.4624900818, 131.050064087, -42.4139938354, 74.0493240356, -7.40019655228], [-519.567382812, 373.116943359, -120.043380737, 76.6818695068, 105.762512207, -101.275787354, 134.36126709, -54.4624900818, 163.87097168, -31.4929828644, 69.4455490112, -42.3880653381, 44.7042961121], [419.921966553, -341.461547852, 169.530441284, -39.3695755005, -48.2658882141, 85.4993286133, -82.2417373657, 131.050064087, -31.4929828644, 127.299865723, -18.9571361542, 52.9477081299, -26.0426998138], [-262.309936523, 266.613616943, -141.089492798, 48.5602874756, 39.4821014404, -60.4349975586, 84.9469985962, -42.4139938354, 69.4455490112, -18.9571361542, 120.111915588, -20.6817970276, 55.037563324], [317.528625488, -232.475143433, 110.7108078, -54.4596939087, -35.311214447, 54.070438385, -62.768157959, 74.0493240356, -42.3880653381, 52.9477081299, -20.6817970276, 86.3495483398, -8.81370449066], [-28.7925415039, 195.710845947, -110.085418701, 9.63475513458, 27.7363910675, -28.9544677734, 49.2343864441, -7.40019655228, 44.7042961121, -26.0426998138, 55.037563324, -8.81370449066, 83.025604248]],
        "icov": [[0.000191339029698, -0.000536183826625, 0.000245640258072, -0.00084200972924, 0.000483002513647, -0.000642653729301, 0.000374351453502, -0.000606577086728, 0.000552255194634, -0.000592918950133, 0.000698231218848, -0.000792703882325, 6.17990881437e-05], [-0.000536183826625, 0.00365000171587, -9.7950338386e-05, 0.00235438300297, -0.00242166337557, 0.00303177698515, -0.00228417990729, 0.00178092566784, -0.00222527328879, 0.00356800062582, -0.00275759608485, 0.00325689488091, -0.00132227188442], [0.000245640258072, -9.7950338386e-05, 0.00359065202065, -0.000747906218749, -0.00187099631876, -0.00297352834605, -0.000842220149934, -0.00118826527614, 0.00117000378668, -0.00220376742072, 0.00220773997717, -0.00206571212038, 0.0021413390059], [-0.00084200972924, 0.00235438300297, -0.000747906218749, 0.0107236066833, -0.00419377582148, -0.000254107522778, -0.000659587793052, 0.00524831283838, -0.00510981213301, 0.00202324660495, -0.00511804688722, 0.00579806417227, 0.00148760643788], [0.000483002513647, -0.00242166337557, -0.00187099631876, -0.00419377582148, 0.00931783486158, 0.000528387667146, 0.000453044864116, -0.00165724672843, -0.00051110732602, -0.000616468430962, 0.00259361532517, -0.00270530837588, -0.00138776330277], [-0.000642653729301, 0.00303177698515, -0.00297352834605, -0.000254107522778, 0.000528387667146, 0.0123148942366, -0.00369558180682, -0.000134470465127, 0.00223086308688, 0.00192102137953, -0.00137918407563, 0.00325691723265, -0.00432357005775], [0.000374351453502, -0.00228417990729, -0.000842220149934, -0.000659587793052, 0.000453044864116, -0.00369558180682, 0.0121547458693, -0.000831829267554, -0.00531665561721, 0.00356048741378, -0.00285817612894, -0.000127336024889, 0.00161259050947], [-0.000606577086728, 0.00178092566784, -0.00118826527614, 0.00524831283838, -0.00165724672843, -0.000134470465127, -0.000831829267554, 0.0142409624532, -0.00270263454877, -0.00818654242903, 0.000382930767955, 0.00167039048392, -0.00551286246628], [0.000552255194634, -0.00222527328879, 0.00117000378668, -0.00510981213301, -0.00051110732602, 0.00223086308688, -0.00531665561721, -0.00270263454877, 0.0192966237664, -0.00839177053422, 0.0025858678855, -0.00100725365337, -0.0034014666453], [-0.000592918950133, 0.00356800062582, -0.00220376742072, 0.00202324660495, -0.000616468430962, 0.00192102137953, 0.00356048741378, -0.00818654242903, -0.00839177053422, 0.0301136374474, -0.0106332749128, -0.000351177586708, 0.00723751541227], [0.000698231218848, -0.00275759608485, 0.00220773997717, -0.00511804688722, 0.00259361532517, -0.00137918407563, -0.00285817612894, 0.000382930767955, 0.0025858678855, -0.0106332749128, 0.021255351603, -0.00453491089866, -0.00865396950394], [-0.000792703882325, 0.00325689488091, -0.00206571212038, 0.00579806417227, -0.00270530837588, 0.00325691723265, -0.000127336024889, 0.00167039048392, -0.00100725365337, -0.000351177586708, -0.00453491089866, 0.0232070460916, -0.00319804414175], [6.17990881437e-05, -0.00132227188442, 0.0021413390059, 0.00148760643788, -0.00138776330277, -0.00432357005775, 0.00161259050947, -0.00551286246628, -0.0034014666453, 0.00723751541227, -0.00865396950394, -0.00319804414175, 0.0248564872891]]
    },
    "melbands": {
        "dmean": [0.00444169109687, 0.00400059577078, 0.00124406209216, 0.000444906763732, 0.000253676174907, 0.000324264517985, 0.000192664912902, 0.000138637900818, 5.76853599341e-05, 0.000120837525174, 0.000196408276679, 7.12905384717e-05, 5.39737266081e-05, 4.81417191622e-05, 3.52436072717e-05, 3.67904576706e-05, 1.35014861371e-05, 1.28888750623e-05, 1.40619413287e-05, 2.13224411709e-05, 1.28941537696e-05, 2.21311074711e-05, 9.79405740509e-06, 9.17181387194e-06, 6.02599493504e-06, 5.15800638823e-06, 3.55588281309e-06, 1.99432702175e-06, 1.41056250413e-06, 1.37490656016e-06, 2.53059556599e-06, 2.82246651295e-06, 1.50314008351e-06, 1.04531693523e-06, 9.00900090528e-07, 5.98837573307e-07, 3.79698093411e-07, 4.24864794013e-07, 3.40485740935e-07, 2.85025890889e-07],
        "dmean2": [0.00777340773493, 0.00698758801445, 0.00227349507622, 0.000780698901508, 0.000424094003392, 0.000536404375453, 0.000334217475029, 0.000220089757931, 9.27827131818e-05, 0.000196251130546, 0.00029532451299, 0.00011949204054, 8.81609594217e-05, 8.05664094514e-05, 6.08244990872e-05, 6.42252416583e-05, 2.2936726964e-05, 2.115402458e-05, 2.3038179279e-05, 3.51107773895e-05, 2.08444853342e-05, 3.68192813767e-05, 1.60051386047e-05, 1.49369043356e-05, 9.20935690374e-06, 8.06819934951e-06, 6.01294732405e-06, 3.22354890159e-06, 2.15885006583e-06, 1.93956839212e-06, 3.95425604438e-06, 4.56285306427e-06, 2.33565265262e-06, 1.51689812355e-06, 1.36538028528e-06, 8.46161356094e-07, 5.44330191588e-07, 6.20790046924e-07, 4.87198121846e-07, 3.9457506773e-07],
        "dvar": [0.000156505149789, 0.000156183465151, 2.00263257284e-05, 1.03103354832e-06, 1.41840729384e-07, 1.99124372102e-07, 1.0724715338e-07, 5.68825235803e-08, 1.08808695387e-08, 5.4522697468e-08, 2.14418136579e-07, 3.39158816587e-08, 1.47225538427e-08, 1.37583144877e-08, 9.65755297955e-09, 2.47871145831e-08, 1.07697994967e-09, 1.19956433675e-09, 8.56706816599e-10, 2.98529023723e-09, 1.47779899429e-09, 1.79866110894e-09, 8.95709173498e-10, 8.02906297004e-10, 3.64610619474e-10, 2.14786258224e-10, 1.06932046551e-10, 4.2270045103e-11, 1.90064665395e-11, 1.14077219893e-11, 5.54215354165e-11, 6.37121466696e-11, 1.54458165008e-11, 7.68425861136e-12, 7.51335538923e-12, 2.56572931304e-12, 1.03223614552e-12, 1.3627042203e-12, 8.06653138383e-13, 5.05624242562e-13],
        "dvar2": [0.000430040905485, 0.000436210364569, 5.82551874686e-05, 2.89917988994e-06, 4.02186088877e-07, 5.55884753339e-07, 3.07982787717e-07, 1.25282497265e-07, 2.75780056569e-08, 1.25504968196e-07, 4.62887442154e-07, 9.22052194596e-08, 3.63346011056e-08, 3.57931249084e-08, 2.65023825108e-08, 6.68084751965e-08, 2.59501886646e-09, 2.92354229714e-09, 1.69870140176e-09, 6.74972122638e-09, 3.91498033991e-09, 4.71457362039e-09, 1.97494798293e-09, 2.01310368375e-09, 8.67587168774e-10, 5.11070796794e-10, 2.5987864638e-10, 9.82910974834e-11, 3.87263901502e-11, 1.83449019864e-11, 1.23355964332e-10, 1.47797302175e-10, 3.34244923406e-11, 1.56829046277e-11, 1.66269879809e-11, 5.00959777133e-12, 2.07809485765e-12, 2.95589355943e-12, 1.56821083896e-12, 9.79719018586e-13],
        "max": [0.0822803676128, 0.0886428207159, 0.0461631119251, 0.00973751023412, 0.00448859483004, 0.00433688564226, 0.00530950399116, 0.00308671453968, 0.00102024828084, 0.00296175875701, 0.00575153017417, 0.00197660108097, 0.00181309541222, 0.00144419365097, 0.00128849060275, 0.00227095885202, 0.000420114665758, 0.000411091401475, 0.000356790435035, 0.000713168934453, 0.000550559139811, 0.000674685463309, 0.000326228706399, 0.00033226996311, 0.000271288037766, 0.000182568634045, 0.000114835303975, 8.38389751152e-05, 5.5751450418e-05, 4.12244517065e-05, 0.000115592716611, 0.000107532767288, 4.13040615967e-05, 4.31646658399e-05, 4.01438992412e-05, 2.24198647629e-05, 1.31688484544e-05, 1.6347377823e-05, 1.19837277452e-05, 9.10828839551e-06],
        "mean": [0.0050927749835, 0.00371728045866, 0.00102270219941, 0.000535746221431, 0.000486891454784, 0.000633379095234, 0.000330167531502, 0.000271581899142, 0.000106161416625, 0.000204836571356, 0.000289931806037, 0.000103575483081, 8.20138811832e-05, 6.98555813869e-05, 4.77162029711e-05, 3.9599777665e-05, 2.17271772271e-05, 2.19079229282e-05, 2.20733763854e-05, 3.21540574078e-05, 2.01763268706e-05, 4.2891530029e-05, 1.57136582857e-05, 1.44617079059e-05, 8.72472901392e-06, 8.01475107437e-06, 4.64559980173e-06, 3.01271643366e-06, 2.17653473555e-06, 1.85923727258e-06, 2.61563445747e-06, 2.88143678517e-06, 1.53970984229e-06, 1.04913613086e-06, 8.62855472405e-07, 6.1606658619e-07, 4.02429918722e-07, 4.19547916408e-07, 3.52316618546e-07, 2.93884568237e-07],
        "median": [0.000712721724994, 0.00119391572662, 0.000224790215725, 0.000279301486444, 0.000344622007105, 0.000503306044266, 0.000215496795136, 0.000106630024675, 7.04747872078e-05, 0.000103334932646, 0.000115270624519, 5.98360675212e-05, 3.6575460399e-05, 3.32078852807e-05, 2.38452703343e-05, 1.81046234502e-05, 1.32608511194e-05, 1.16555329441e-05, 1.02873536889e-05, 1.87673722394e-05, 1.09861466626e-05, 1.51356352944e-05, 9.79416563496e-06, 9.06208697415e-06, 3.99034388465e-06, 4.48984837931e-06, 2.05461128644e-06, 1.48658693888e-06, 7.62039462643e-07, 5.08141056343e-07, 4.35623178419e-07, 5.88960290315e-07, 2.13794777437e-07, 8.78813182226e-08, 5.86319863771e-08, 4.66113689868e-08, 3.35795569129e-08, 2.74818194868e-08, 1.90253661714e-08, 1.34337945212e-08],
        "min": [1.29833946334e-23, 3.71698478993e-24, 2.65849635491e-24, 7.58611402722e-24, 9.08933739149e-24, 5.32251394729e-24, 1.15072662746e-23, 7.30661271989e-24, 4.10122631509e-24, 4.58393464173e-24, 1.09075821031e-23, 1.4480218758e-23, 8.76321203808e-24, 8.34440026147e-24, 1.0809268735e-23, 8.20000558366e-24, 7.31024621322e-24, 8.00477197595e-24, 7.80660696111e-24, 8.5707804643e-24, 1.22563378246e-23, 1.4175636407e-23, 9.87058263353e-24, 8.5522288224e-24, 7.65120609595e-24, 7.29501173141e-24, 9.56810180803e-24, 9.88506296431e-24, 9.49720135646e-24, 7.38351640295e-24, 7.72188251103e-24, 8.29978859956e-24, 5.7855370389e-24, 1.53874387757e-23, 1.1720366793e-23, 7.54622054238e-24, 8.90971849654e-24, 6.73015340226e-24, 7.32705605025e-24, 9.76625893426e-24],
        "var": [0.000137772090966, 0.000104474638647, 1.17329573186e-05, 7.72798500748e-07, 2.32344618212e-07, 2.94477075613e-07, 1.60179851605e-07, 1.91721127862e-07, 1.63428701683e-08, 1.03175857191e-07, 3.54761169774e-07, 2.6986750612e-08, 2.32319443683e-08, 1.59051598558e-08, 7.80994646732e-09, 1.72337415449e-08, 1.15314724436e-09, 1.41998268699e-09, 1.42686351623e-09, 3.44466521973e-09, 1.40066092058e-09, 4.11212841556e-09, 1.03409780738e-09, 7.62676977129e-10, 4.30111557481e-10, 2.57715904173e-10, 1.22064289232e-10, 5.40903190294e-11, 2.84927532956e-11, 2.14976560858e-11, 6.33715510623e-11, 6.34364991092e-11, 1.78111848187e-11, 9.91590837218e-12, 8.49109324519e-12, 3.52404563864e-12, 1.36677659208e-12, 1.60843582377e-12, 1.07932217851e-12, 7.14721901454e-13]
