{
"metadata": {
    "version": {
        "essentia": "2.0.1",
        "extractor": "archive-music 1.0"
    },
    "audio_properties": {
        "analysis_sample_rate": 44100,
        "bitrate": 128,
        "channels": 2,
        "equal_loudness": 0,
        "length": 15.3338775635,
        "replay_gain": -2.40889930725,
        "downmix": "mix"
    },
    "tags": {
        "track": 0,
        "year": 0,
        "album": "",
        "artist": "",
        "comment": "",
        "genre": "",
        "title": ""
    }
},
"highlevel": {
    "culture": {
        "all": {
            "non_western": 0.068840496242,
            "western": 0.931159496307
        },
        "probability": 0.931159496307,
        "value": "western"
    },
    "danceability": {
        "all": {
            "danceable": 5.49356726776e-10,
            "not_danceable": 1
        },
        "probability": 1,
        "value": "not_danceable"
    },
    "gender": {
        "all": {
            "female": 0.888268887997,
            "male": 0.111731112003
        },
        "probability": 0.888268887997,
        "value": "female"
    },
    "genre_dortmund": {
        "all": {
            "alternative": 0.0117993634194,
            "blues": 0.321181625128,
            "electronic": 0.060843732208,
            "folkcountry": 0.0270426329225,
            "funksoulrnb": 0.0243503320962,
            "jazz": 0.489454984665,
            "pop": 0.0150781422853,
            "raphiphop": 0.0430194959044,
            "rock": 0.00722968624905
        },
        "probability": 0.489454984665,
        "value": "jazz"
    },
    "genre_electronic": {
        "all": {
            "ambient": 0.985443353653,
            "dnb": 0.0051098014228,
            "house": 0.00176217593253,
            "techno": 0.0064557120204,
            "trance": 0.00122896721587
        },
        "probability": 0.985443353653,
        "value": "ambient"
    },
    "genre_rosamerica": {
        "all": {
            "cla": 0.0205121748149,
            "dan": 0.000342714192811,
            "hip": 0.00055106531363,
            "jaz": 0.965837419033,
            "pop": 0.000475421460578,
            "rhy": 0.00828015059233,
            "roc": 6.87788706273e-05,
            "spe": 0.00393228093162
        },
        "probability": 0.965837419033,
        "value": "jaz"
    },
    "genre_tzanetakis": {
        "all": {
            "blu": 0.000384119950468,
            "cla": 0.556589245796,
            "cou": 0.000123171383166,
            "dis": 0.00476762233302,
            "hip": 0.000682515965309,
            "jaz": 0.422053456306,
            "met": 4.74802291137e-05,
            "pop": 0.00777316372842,
            "reg": 0.00722069153562,
            "roc": 0.000358541874448
        },
        "probability": 0.556589245796,
        "value": "cla"
    },
    "mirex_ballroom": {
        "all": {
            "ChaChaCha": 0.00461106700823,
            "Jive": 0.00208978075534,
            "Quickstep": 0.0519062615931,
            "Rumba-American": 0.0453852526844,
            "Rumba-International": 0.00336893345229,
            "Rumba-Misc": 0.0046532205306,
            "Samba": 0.0086747026071,
            "Tango": 0.0158755704761,
            "VienneseWaltz": 0.548105359077,
            "Waltz": 0.315329879522
        },
        "probability": 0.548105359077,
        "value": "VienneseWaltz"
    },
    "mood_acoustic": {
        "all": {
            "acoustic": 0.34254321456,
            "not_acoustic": 0.657456755638
        },
        "probability": 0.657456755638,
        "value": "not_acoustic"
    },
    "mood_aggressive": {
        "all": {
            "aggressive": 0.976162493229,
            "not_aggressive": 0.0238374900073
        },
        "probability": 0.976162493229,
        "value": "aggressive"
    },
    "mood_electronic": {
        "all": {
            "electronic": 0.698100149632,
            "not_electronic": 0.301899880171
        },
        "probability": 0.698100149632,
        "value": "electronic"
    },
    "mood_happy": {
        "all": {
            "happy": 0.603609204292,
            "not_happy": 0.396390795708
        },
        "probability": 0.603609204292,
        "value": "happy"
    },
    "mood_party": {
        "all": {
            "not_party": 0.999999880791,
            "party": 1.00000008274e-07
        },
        "probability": 0.999999880791,
        "value": "not_party"
    },
    "mood_relaxed": {
        "all": {
            "not_relaxed": 9.28783094878e-07,
            "relaxed": 0.999999046326
        },
        "probability": 0.999999046326,
        "value": "relaxed"
    },
    "mood_sad": {
        "all": {
            "not_sad": 0.166131839156,
            "sad": 0.833868145943
        },
        "probability": 0.833868145943,
        "value": "sad"
    },
    "moods_mirex": {
        "all": {
            "Cluster1": 0.108183406293,
            "Cluster2": 0.320774525404,
            "Cluster3": 0.236508607864,
            "Cluster4": 0.232334837317,
            "Cluster5": 0.102198623121
        },
        "probability": 0.320774525404,
        "value": "Cluster2"
    },
    "timbre": {
        "all": {
            "bright": 0.847970247269,
            "dark": 0.152029722929
        },
        "probability": 0.847970247269,
        "value": "bright"
    },
    "tonal_atonal": {
        "all": {
            "atonal": 0.803713738918,
            "tonal": 0.196286275983
        },
        "probability": 0.803713738918,
        "value": "atonal"
    },
    "voice_instrumental": {
        "all": {
            "instrumental": 0.996855199337,
            "voice": 0.0031448265072
        },
        "probability": 0.996855199337,
        "value": "instrumental"
    }
},
"lowlevel": {
    "average_loudness": 0.668702661991,
    "barkbands_kurtosis": {
        "dmean": 27.2716560364,
        "dmean2": 45.1122589111,
        "dvar": 1574.82641602,
        "dvar2": 3727.90869141,
        "max": 420.680480957,
        "mean": 35.0780830383,
        "median": 16.1024055481,
        "min": -1.41063070297,
        "var": 2401.44067383
    },
    "barkbands_skewness": {
        "dmean": 1.90205180645,
        "dmean2": 3.00932812691,
        "dvar": 3.29296803474,
        "dvar2": 8.3683757782,
        "max": 11.0719680786,
        "mean": 0.160481229424,
        "median": 0.322834163904,
        "min": -12.9196033478,
        "var": 11.7944478989
    },
    "barkbands_spread": {
        "dmean": 2.03377318382,
        "dmean2": 3.3473713398,
        "dvar": 8.31139087677,
        "dvar2": 20.7621707916,
        "max": 40.7648696899,
        "mean": 3.55049943924,
        "median": 2.06376004219,
        "min": 0.136099949479,
        "var": 18.0827388763
    },
    "dissonance": {
        "dmean": 0.0613468587399,
        "dmean2": 0.107623554766,
        "dvar": 0.00392996286973,
        "dvar2": 0.011476543732,
        "max": 0.499999076128,
        "mean": 0.431435406208,
        "median": 0.457950234413,
        "min": 0.160805359483,
        "var": 0.00530458055437
    },
    "dynamic_complexity": 5.56118869781,
    "erbbands_kurtosis": {
        "dmean": 12.3751363754,
        "dmean2": 19.6797924042,
        "dvar": 230.757568359,
        "dvar2": 545.769714355,
        "max": 131.06036377,
        "mean": 18.4237766266,
        "median": 10.285235405,
        "min": -1.75344622135,
        "var": 493.981689453
    },
    "erbbands_skewness": {
        "dmean": 1.14447498322,
        "dmean2": 1.70937538147,
        "dvar": 0.986761629581,
        "dvar2": 2.37329125404,
        "max": 8.19814586639,
        "mean": 1.90077471733,
        "median": 1.7977950573,
        "min": -4.36806488037,
        "var": 4.81938743591
    },
    "erbbands_spread": {
        "dmean": 2.01797413826,
        "dmean2": 3.28390860558,
        "dvar": 5.95534753799,
        "dvar2": 13.6327075958,
        "max": 39.1874847412,
        "mean": 4.32585287094,
        "median": 2.77356147766,
        "min": 0.189581409097,
        "var": 22.9608955383
    },
    "hfc": {
        "dmean": 12.1658573151,
        "dmean2": 18.8188915253,
        "dvar": 559.315124512,
        "dvar2": 1153.36560059,
        "max": 335.108734131,
        "mean": 17.6509094238,
        "median": 6.11189842224,
        "min": 1.14115335914e-16,
        "var": 1028.55505371
    },
    "melbands_kurtosis": {
        "dmean": 22.1982288361,
        "dmean2": 37.1580352783,
        "dvar": 1472.18225098,
        "dvar2": 3971.5246582,
        "max": 503.811859131,
        "mean": 31.0452251434,
        "median": 16.8699493408,
        "min": -1.67114877701,
        "var": 1871.99865723
    },
    "melbands_skewness": {
        "dmean": 1.62596821785,
        "dmean2": 2.60059070587,
        "dvar": 2.48849368095,
        "dvar2": 6.08668375015,
        "max": 9.53323173523,
        "mean": 0.124067649245,
        "median": 0.245711281896,
        "min": -15.1878232956,
        "var": 9.49953174591
    },
    "melbands_spread": {
        "dmean": 3.91919469833,
        "dmean2": 6.537504673,
        "dvar": 61.1366462708,
        "dvar2": 119.742248535,
        "max": 147.964492798,
        "mean": 7.39260911942,
        "median": 3.90571022034,
        "min": 0.289044737816,
        "var": 197.323074341
    },
    "pitch_salience": {
        "dmean": 0.11586266011,
        "dmean2": 0.1938367486,
        "dvar": 0.00843709427863,
        "dvar2": 0.0225322470069,
        "max": 0.964619278908,
        "mean": 0.367415010929,
        "median": 0.370253205299,
        "min": 0.0722489282489,
        "var": 0.0203514862806
    },
    "silence_rate_20dB": {
        "dmean": 0,
        "dmean2": 0,
        "dvar": 0,
        "dvar2": 0,
        "max": 1,
        "mean": 1,
        "median": 1,
        "min": 1,
        "var": 0
    },
    "silence_rate_30dB": {
        "dmean": 0.00605143699795,
        "dmean2": 0.0121212117374,
        "dvar": 0.00601482810453,
        "dvar2": 0.0150045529008,
        "max": 1,
        "mean": 0.995468258858,
        "median": 1,
        "min": 0,
        "var": 0.00451116356999
    },
    "silence_rate_60dB": {
        "dmean": 0.136157333851,
        "dmean2": 0.272727280855,
        "dvar": 0.11761880666,
        "dvar2": 0.240771278739,
        "max": 1,
        "mean": 0.358006030321,
        "median": 0,
        "min": 0,
        "var": 0.229837119579
    },
    "spectral_centroid": {
        "dmean": 186.721908569,
        "dmean2": 279.062744141,
        "dvar": 276607.28125,
        "dvar2": 449655.09375,
        "max": 10965.9365234,
        "mean": 1483.02709961,
        "median": 1431.5703125,
        "min": 626.858032227,
        "var": 409597.8125
    },
    "spectral_complexity": {
        "dmean": 1.01058995724,
        "dmean2": 1.70606064796,
        "dvar": 1.06040835381,
        "dvar2": 2.54997253418,
        "max": 10,
        "mean": 3.70996975899,
        "median": 4,
        "min": 0,
        "var": 3.55636525154
    },
    "spectral_crest": {
        "dmean": 3.73453903198,
        "dmean2": 6.01970672607,
        "dvar": 9.70927429199,
        "dvar2": 25.3815746307,
        "max": 26.7275333405,
        "mean": 18.764093399,
        "median": 19.1501140594,
        "min": 4.8751115799,
        "var": 29.592218399
    },
    "spectral_decrease": {
        "dmean": 1.97134308877e-09,
        "dmean2": 3.08081959943e-09,
        "dvar": 1.12563184434e-17,
        "dvar2": 2.35845289574e-17,
        "max": 8.72893327389e-21,
        "mean": -2.82012546649e-09,
        "median": -1.08489128792e-09,
        "min": -3.85009606418e-08,
        "var": 2.05266407561e-17
    },
    "spectral_energy": {
        "dmean": 0.00853851344436,
        "dmean2": 0.013329487294,
        "dvar": 0.000217615743168,
        "dvar2": 0.000454908964457,
        "max": 0.175706639886,
        "mean": 0.0122447917238,
        "median": 0.0046383747831,
        "min": 1.04956157711e-20,
        "var": 0.000397943484131
    },
    "spectral_energyband_high": {
        "dmean": 1.44318801176e-05,
        "dmean2": 2.10204889299e-05,
        "dvar": 1.3766534579e-09,
        "dvar2": 2.8469322455e-09,
        "max": 0.000381882069632,
        "mean": 2.04442039831e-05,
        "median": 3.72392241843e-06,
        "min": 7.70993157755e-21,
        "var": 2.33608998812e-09
    },
    "spectral_energyband_low": {
        "dmean": 5.10361633133e-06,
        "dmean2": 8.82654148882e-06,
        "dvar": 2.92317940687e-11,
        "dvar2": 7.94763560519e-11,
        "max": 4.17847659264e-05,
        "mean": 7.43918099033e-06,
        "median": 5.54073267267e-06,
        "min": 3.02126342962e-23,
        "var": 4.30519925265e-11
    },
    "spectral_energyband_middle_high": {
        "dmean": 0.00849509518594,
        "dmean2": 0.0132760377601,
        "dvar": 0.000217851556954,
        "dvar2": 0.000455719855381,
        "max": 0.175436481833,
        "mean": 0.0120901847258,
        "median": 0.00452390592545,
        "min": 1.40228126558e-21,
        "var": 0.000398683012463
    },
    "spectral_energyband_middle_low": {
        "dmean": 0.000102995960333,
        "dmean2": 0.000155782923684,
        "dvar": 8.23094978841e-08,
        "dvar2": 1.61501930052e-07,
        "max": 0.00342589989305,
        "mean": 0.000147612721776,
        "median": 9.57572774496e-06,
        "min": 2.72072547386e-22,
        "var": 1.54545773512e-07
    },
    "spectral_flatness_db": {
        "dmean": 0.0506807975471,
        "dmean2": 0.0792879387736,
        "dvar": 0.00160036003217,
        "dvar2": 0.00394075596705,
        "max": 0.553107082844,
        "mean": 0.347343116999,
        "median": 0.34996175766,
        "min": 0.0636646673083,
        "var": 0.00575657142326
    },
    "spectral_flux": {
        "dmean": 0.0286944098771,
        "dmean2": 0.049597479403,
        "dvar": 0.00100105861202,
        "dvar2": 0.00292037264444,
        "max": 0.270157724619,
        "mean": 0.0556518100202,
        "median": 0.0427443012595,
        "min": 6.76944958422e-11,
        "var": 0.00197693379596
    },
    "spectral_kurtosis": {
        "dmean": 10.1216726303,
        "dmean2": 17.0000343323,
        "dvar": 98.6315460205,
        "dvar2": 266.289245605,
        "max": 117.800216675,
        "mean": 26.4693374634,
        "median": 23.0341281891,
        "min": -1.21160149574,
        "var": 204.991958618
    },
    "spectral_rms": {
        "dmean": 0.00105068355333,
        "dmean2": 0.00159456417896,
        "dvar": 1.33761034249e-06,
        "dvar2": 2.52941595136e-06,
        "max": 0.0130927888677,
        "mean": 0.00273663084954,
        "median": 0.00212725996971,
        "min": 3.19994139693e-12,
        "var": 4.45699151896e-06
    },
    "spectral_rolloff": {
        "dmean": 213.246765137,
        "dmean2": 385.769836426,
        "dvar": 860211.4375,
        "dvar2": 1559043,
        "max": 19875.1464844,
        "mean": 1634.11706543,
        "median": 1442.72460938,
        "min": 538.330078125,
        "var": 2804080
    },
    "spectral_skewness": {
        "dmean": 0.701879382133,
        "dmean2": 1.19094157219,
        "dvar": 0.376684069633,
        "dvar2": 1.08038473129,
        "max": 8.16690158844,
        "mean": 3.67323040962,
        "median": 3.59105110168,
        "min": -0.0104472348467,
        "var": 0.768986165524
    },
    "spectral_spread": {
        "dmean": 609406,
        "dmean2": 965295.875,
        "dvar": 3.58771143475e+12,
        "dvar2": 6.3488786432e+12,
        "max": 46955460,
        "mean": 2384273.5,
        "median": 2086469.875,
        "min": 594721.625,
        "var": 8.23312305357e+12
    },
    "spectral_strongpeak": {
        "dmean": 1.72084903717,
        "dmean2": 2.56525874138,
        "dvar": 4.8167552948,
        "dvar2": 9.44753646851,
        "max": 32.0149765015,
        "mean": 3.39907193184,
        "median": 2.21906757355,
        "min": 0,
        "var": 12.9683609009
    },
    "zerocrossingrate": {
        "dmean": 0.00503867818043,
        "dmean2": 0.00733679579571,
        "dvar": 0.000576185120735,
        "dvar2": 0.00113796594087,
        "max": 0.52490234375,
        "mean": 0.0656052306294,
        "median": 0.060546875,
        "min": 0.02734375,
        "var": 0.00192327715922
    },
    "barkbands": {
        "dmean": [8.1506150309e-06, 2.4919995667e-06, 1.96424878141e-07, 5.71901210833e-08, 7.40178975889e-08, 1.28390217924e-06, 5.02483453602e-05, 1.87019504665e-05, 6.31882267044e-06, 0.00089112657588, 0.000555174075998, 0.00186025630683, 0.00279450416565, 0.00141696701758, 0.00178985262755, 0.000100388635474, 0.00010209663742, 0.000117985138786, 6.16190445726e-05, 2.19655394176e-05, 4.56771431345e-06, 3.90300510844e-06, 8.44644830522e-07, 6.85830229941e-07, 1.54289330112e-06, 5.40976600405e-07, 3.77027937759e-08],
        "dmean2": [1.45963122122e-05, 4.35551874034e-06, 3.47163023662e-07, 9.98354323656e-08, 1.29441829699e-07, 1.75693560323e-06, 7.40955219953e-05, 2.80107633444e-05, 8.41887322167e-06, 0.00144753861241, 0.000873466779012, 0.00299131590873, 0.00422781193629, 0.00229962333106, 0.00285896542482, 0.000160899042385, 0.000146622609464, 0.000200500522624, 8.64601024659e-05, 3.72689974029e-05, 6.86974726705e-06, 6.24698441243e-06, 1.3074020444e-06, 1.01795194496e-06, 2.31708668252e-06, 8.30993656109e-07, 6.15854176544e-08],
        "dvar": [1.10856587798e-10, 6.69006560219e-12, 4.82460988207e-14, 6.40047995208e-15, 3.09405787395e-14, 2.69081614629e-11, 5.00198709119e-08, 7.63682983518e-09, 8.57127480103e-10, 1.45414496728e-05, 2.08396704693e-06, 3.23860804201e-05, 7.75292573962e-05, 3.57176541002e-05, 8.97412537597e-05, 1.4024119821e-07, 2.42019183361e-07, 4.81978474909e-07, 7.98406816216e-08, 1.22977361627e-08, 3.99235838833e-10, 4.92912932692e-10, 5.07245937961e-12, 4.11762290931e-12, 8.28499421845e-12, 1.16864471659e-12, 1.58951475436e-14],
        "dvar2": [3.12091463783e-10, 1.93861177111e-11, 1.3656794879e-13, 1.79243826812e-14, 8.92540774904e-14, 4.38327429908e-11, 9.19223879237e-08, 1.60986139974e-08, 1.15440024206e-09, 3.260273661e-05, 4.25023972639e-06, 7.03792611603e-05, 0.000172842934262, 8.42629378894e-05, 0.000181451410754, 3.16654222843e-07, 4.33427118196e-07, 1.27175678699e-06, 1.29111455749e-07, 2.92732007523e-08, 8.27503343626e-10, 1.16279363915e-09, 1.27251707435e-11, 8.47198439874e-12, 1.73348817939e-11, 2.60629105103e-12, 4.07896067996e-14],
        "max": [0.000101535828435, 2.04788248084e-05, 1.5060561509e-06, 1.20050879104e-06, 2.02141222871e-06, 0.000137297000038, 0.0027692313306, 0.00134831725154, 0.000892531126738, 0.0430667959154, 0.0137938186526, 0.0880914628506, 0.0961100831628, 0.115009963512, 0.172719150782, 0.00626996625215, 0.00872803293169, 0.0102365389466, 0.00391502538696, 0.00169294909574, 0.000304300687276, 0.000326779321767, 2.68128496828e-05, 3.94289963879e-05, 3.08862508973e-05, 1.25843534988e-05, 1.99304940907e-06],
        "mean": [7.90790636529e-06, 3.45763623955e-06, 2.29393378959e-07, 6.64468018385e-08, 8.74857875033e-08, 1.96590281121e-06, 7.17241855455e-05, 2.27738510148e-05, 1.0882488823e-05, 0.000860275700688, 0.000710399646778, 0.00273150019348, 0.00311289448291, 0.0021017154213, 0.00212785159238, 0.000101241006632, 0.0001533482573, 0.000112037421786, 7.56092922529e-05, 2.38563407038e-05, 5.91341313338e-06, 3.57507519766e-06, 1.17948377465e-06, 9.81606376627e-07, 2.47880939241e-06, 8.07557796634e-07, 3.54514249068e-08],
        "median": [4.07915649703e-06, 2.61227114606e-06, 1.68333343709e-07, 4.16185770291e-08, 4.6965308087e-08, 1.12027052523e-07, 1.19462254133e-06, 1.16495345992e-06, 1.8017553316e-07, 3.4223644434e-06, 3.19206847053e-05, 0.000124771613628, 6.97284558555e-05, 3.71840578737e-05, 1.58823677339e-05, 1.76707435458e-05, 9.19433114177e-06, 4.22934635935e-06, 3.24714301314e-06, 1.22975620798e-06, 4.84879080886e-07, 3.74287310478e-07, 2.31066366041e-07, 1.98213584213e-07, 4.27065970143e-07, 1.08205540528e-07, 1.61127911014e-09],
        "min": [3.36968285995e-24, 1.09805872355e-23, 1.16235593604e-23, 1.04372379878e-23, 5.79324933754e-23, 1.23720645083e-23, 3.16228588483e-23, 3.83380783248e-23, 2.564680204e-23, 1.18648892662e-23, 5.28622729228e-23, 7.46804016682e-23, 6.32079281038e-23, 8.98103057574e-23, 9.8890738487e-23, 6.95355139532e-23, 1.13829624641e-22, 1.18416478463e-22, 1.99655924081e-22, 2.06854046338e-22, 3.36601445164e-22, 5.51999322111e-22, 6.46750528775e-22, 7.51801355853e-22, 1.04889127001e-21, 1.36636080611e-21, 2.20442058048e-21],
        "var": [1.13978500249e-10, 9.11785751068e-12, 4.9320760014e-14, 7.33891453061e-15, 2.82008964114e-14, 1.06078007489e-10, 9.97648186285e-08, 1.25487851221e-08, 3.55197204982e-09, 1.483280721e-05, 3.65031837646e-06, 6.82022873661e-05, 0.000118099487736, 7.26031357772e-05, 0.000125952428789, 1.39686022749e-07, 5.20096023138e-07, 4.63371435444e-07, 1.41744550319e-07, 1.29899841994e-08, 6.08842753991e-10, 4.52062831613e-10, 7.18914771464e-12, 7.00927206901e-12, 1.92485489353e-11, 2.40235565815e-12, 1.54848617246e-14]
    },
    "erbbands": {
        "dmean": [0.000148803417687, 0.000401852361392, 0.000319767277688, 0.00016229209723, 0.000232339763897, 0.000258827378275, 0.00167231226806, 0.0363400019705, 0.621413707733, 0.652572453022, 0.256046533585, 0.394224464893, 13.6113739014, 22.9707965851, 36.9527549744, 83.6123504639, 129.573654175, 76.2149734497, 84.0421905518, 61.0236129761, 7.22157478333, 7.35990476608, 6.41999340057, 3.48726582527, 2.05827689171, 0.764810562134, 0.149471744895, 0.215020090342, 0.224603667855, 0.0410988479853, 0.0175110846758, 0.0195468533784, 0.010649853386, 0.0103245312348, 0.0154903577641, 0.00381440483034, 0.000832057208754, 0.000137126073241, 7.05783213562e-06, 1.07539754026e-05],
        "dmean2": [0.000256049883319, 0.000701342592947, 0.000558140862267, 0.000280693289824, 0.000403932994232, 0.000450967607321, 0.00247924868017, 0.0504406951368, 0.899294018745, 1.00414931774, 0.400695294142, 0.582601428032, 22.2626838684, 35.9946365356, 60.104473114, 134.782806396, 198.305618286, 117.231430054, 133.133468628, 96.8740310669, 11.489156723, 10.6603956223, 10.7095003128, 5.01657247543, 3.09797096252, 1.29257237911, 0.231417760253, 0.320870429277, 0.360822379589, 0.0616689808667, 0.0267356261611, 0.0297597255558, 0.0161113012582, 0.0154208978638, 0.0235591251403, 0.00565034570172, 0.00129258295055, 0.00021241743525, 1.07120577013e-05, 1.67493726622e-05],
        "dvar": [2.6249514562e-08, 1.86761837995e-07, 1.13043569172e-07, 3.21545492454e-08, 2.44754573941e-07, 2.7810415304e-07, 4.41037191194e-05, 0.0161164458841, 8.72950458527, 12.9461326599, 1.65709137917, 1.88154530525, 3933.30297852, 7282.32617188, 7939.31982422, 72111.140625, 173153.203125, 50075.8945312, 164602.96875, 176217.71875, 527.215515137, 1062.26086426, 1247.20605469, 213.270095825, 105.544891357, 10.3075904846, 0.122985161841, 0.948134422302, 1.7520635128, 0.0156060103327, 0.00135800358839, 0.0052443081513, 0.000646107248031, 0.000427043560194, 0.000860809173901, 5.15312967764e-05, 2.89215017801e-06, 1.02141896718e-07, 1.59962099122e-10, 3.59365454061e-10],
        "dvar2": [7.49124140498e-08, 5.4759101431e-07, 3.23294500504e-07, 8.88995401738e-08, 6.38773315131e-07, 8.03687726147e-07, 7.6100914157e-05, 0.0309729874134, 15.7174158096, 25.2529125214, 3.13719034195, 3.6331782341, 8986.02832031, 15749.5859375, 16989.1523438, 155578.359375, 409593.5, 112229.3125, 416576.4375, 307503.4375, 1059.95727539, 1994.86499023, 3318.88525391, 316.576965332, 203.668991089, 23.681760788, 0.248907893896, 1.99476063251, 4.16525554657, 0.0359776541591, 0.00300978240557, 0.0105410311371, 0.00147231668234, 0.000844406371471, 0.00199183332734, 0.000114207781735, 7.17587090548e-06, 2.35324094433e-07, 3.39374001124e-10, 7.4760575508e-10],
        "max": [0.00125571223907, 0.00363405048847, 0.00230334699154, 0.00161804805975, 0.00659601110965, 0.00539136026055, 0.156818494201, 1.79419851303, 41.3387260437, 73.2049560547, 28.525352478, 24.8674468994, 726.412658691, 1111.86206055, 906.786132812, 4323.61572266, 5264.83691406, 3223.15112305, 8090.53369141, 9255.24121094, 339.853240967, 607.285949707, 520.623718262, 244.598907471, 210.586502075, 43.0817565918, 4.39196968079, 15.4108142853, 19.472026825, 1.40061330795, 0.37890380621, 1.43158710003, 0.311856329441, 0.214123725891, 0.352813899517, 0.0834239646792, 0.0190036892891, 0.00435712188482, 0.000149623403559, 0.000236587817199],
        "mean": [0.000191183615243, 0.000502845970914, 0.000410188979004, 0.000233794082305, 0.000286329101073, 0.000335642602295, 0.00285799871199, 0.0518231019378, 0.883196115494, 0.891521990299, 0.328550606966, 0.537641108036, 12.9722061157, 24.4954719543, 52.5074119568, 120.939918518, 152.66973877, 98.8166885376, 117.161758423, 77.5977783203, 8.59896564484, 10.2906475067, 6.45715093613, 4.16460943222, 2.3920955658, 0.928425312042, 0.200932368636, 0.267197608948, 0.198056086898, 0.0515269190073, 0.0269005764276, 0.0255290325731, 0.015883859247, 0.0157809797674, 0.0235310737044, 0.00578115787357, 0.00122991832905, 0.000187282552361, 1.1766526768e-05, 1.56317510118e-05],
        "median": [0.000134149828227, 0.000368937675375, 0.000305193651002, 0.000176890665898, 0.000158755894518, 0.000173472071765, 0.000329179922119, 0.00196835584939, 0.0131190028042, 0.0333746932447, 0.0338887386024, 0.0244486425072, 0.176984041929, 1.80229282379, 5.19764709473, 7.49464893341, 8.4246673584, 4.74121189117, 3.01158666611, 2.10984373093, 1.74300312996, 0.872029364109, 0.444395065308, 0.418117910624, 0.154127731919, 0.0758820921183, 0.0415834188461, 0.0187029764056, 0.0156103353947, 0.0106385285035, 0.0061103226617, 0.00470333918929, 0.00339022558182, 0.00315275415778, 0.00384569726884, 0.000848140916787, 0.000158272421686, 2.49547811109e-05, 4.25329562859e-06, 5.9850267462e-06],
        "min": [4.27939092919e-22, 2.41430614986e-21, 9.86169815385e-21, 2.9522780458e-20, 5.56995830265e-20, 1.73338424472e-19, 1.84855053345e-19, 1.52627721864e-19, 4.41596160276e-19, 8.40646234046e-19, 5.86213852828e-19, 5.96023646207e-19, 1.11612710483e-18, 1.40742423761e-18, 1.65494769616e-18, 2.99504108627e-18, 2.72010693017e-18, 5.79156585657e-18, 4.49032927573e-18, 5.85438650178e-18, 5.27245873699e-18, 7.19629927564e-18, 7.27922578641e-18, 8.70939873164e-18, 9.84530217395e-18, 1.04032603125e-17, 9.87991141078e-18, 1.70772628602e-17, 1.84508128109e-17, 1.54688945315e-17, 2.00885113098e-17, 1.29888242481e-17, 1.40410054319e-17, 1.01817909753e-17, 8.21109603165e-18, 5.59571926601e-18, 2.50698095022e-18, 1.06121451307e-18, 2.77709657245e-19, 3.30317743205e-20],
        "var": [3.3319381032e-08, 2.39232008425e-07, 1.28415805989e-07, 4.44498127194e-08, 3.10880011511e-07, 3.2369862879e-07, 0.000174457658431, 0.0373318754137, 18.2102165222, 19.0921421051, 2.81377744675, 3.99008464813, 3802.60717773, 8645.72851562, 14003.2597656, 142416.96875, 274446.59375, 83083.5234375, 275088.6875, 259625.046875, 654.796508789, 1984.23547363, 1188.18518066, 402.755889893, 142.389877319, 12.1900720596, 0.197658002377, 1.43383383751, 1.56605243683, 0.0194001160562, 0.0028259542305, 0.00754401972517, 0.00119423610158, 0.000914716918487, 0.00174393353518, 0.000117585273983, 5.47735498913e-06, 1.70254068621e-07, 3.51901535689e-10, 6.65279276113e-10]
    },
    "gfcc": {
        "mean": [-249.490386963, 34.9859275818, -211.143615723, -27.6115779877, -11.2555685043, 42.316986084, -10.1018028259, 18.0016384125, -12.6028118134, 15.8660135269, 9.12968254089, 7.9856338501, -4.74019575119],
        "cov": [[15497.6191406, -2148.59130859, -2206.68237305, -7.69456768036, -25.9129638672, 972.244628906, -198.597915649, 256.958953857, -545.385192871, 371.103515625, -219.581665039, 123.878944397, -91.0804977417], [-2148.59130859, 2657.89257812, 14.4454307556, -413.699554443, -297.378814697, -672.498596191, -3.4849755764, -33.6082420349, 604.158508301, -153.705657959, 188.216323853, -127.231834412, 358.367095947], [-2206.68237305, 14.4454307556, 672.004150391, -14.8410053253, -107.578964233, -42.5308532715, -18.1498394012, 35.5560035706, -50.6940612793, -45.7027664185, -31.1003303528, 95.929901123, -31.00365448], [-7.69456768036, -413.699554443, -14.8410053253, 513.836303711, 319.228149414, 73.9455490112, -55.5267944336, -184.16619873, -3.90727519989, 149.006546021, 10.3600025177, -215.160202026, -127.481063843], [-25.9129638672, -297.378814697, -107.578964233, 319.228149414, 478.529968262, 163.713653564, 61.6274185181, -196.3412323, -68.2172851562, 48.5733718872, 56.1882209778, -158.246002197, -125.90196228], [972.244628906, -672.498596191, -42.5308532715, 73.9455490112, 163.713653564, 424.059814453, 167.027862549, 60.3747749329, -303.003448486, -102.844306946, -37.2649307251, 120.093658447, -94.2263946533], [-198.597915649, -3.4849755764, -18.1498394012, -55.5267944336, 61.6274185181, 167.027862549, 296.538299561, 107.484207153, -115.881843567, -233.115356445, -38.2516708374, 94.4328765869, 79.2446212769], [256.958953857, -33.6082420349, 35.5560035706, -184.16619873, -196.3412323, 60.3747749329, 107.484207153, 289.756958008, -51.5518913269, -159.744415283, -121.714317322, 172.215942383, 103.333938599], [-545.385192871, 604.158508301, -50.6940612793, -3.90727519989, -68.2172851562, -303.003448486, -115.881843567, -51.5518913269, 395.885162354, 139.894577026, -28.678062439, -227.984771729, 111.401489258], [371.103515625, -153.705657959, -45.7027664185, 149.006546021, 48.5733718872, -102.844306946, -233.115356445, -159.744415283, 139.894577026, 364.947509766, 82.4646377563, -196.053009033, -166.763092041], [-219.581665039, 188.216323853, -31.1003303528, 10.3600025177, 56.1882209778, -37.2649307251, -38.2516708374, -121.714317322, -28.678062439, 82.4646377563, 274.294525146, 43.9716148376, -148.927581787], [123.878944397, -127.231834412, 95.929901123, -215.160202026, -158.246002197, 120.093658447, 94.4328765869, 172.215942383, -227.984771729, -196.053009033, 43.9716148376, 375.754699707, 36.4120101929], [-91.0804977417, 358.367095947, -31.00365448, -127.481063843, -125.90196228, -94.2263946533, 79.2446212769, 103.333938599, 111.401489258, -166.763092041, -148.927581787, 36.4120101929, 326.161956787]],
        "icov": [[0.000301188352751, -0.0001155052596, 0.00104282284155, -0.000107300766103, 0.000384673650842, -0.000850585813168, 0.000536229286809, -0.000184792399523, 0.00052341108676, -0.000684963481035, 0.000399916840252, -0.00014653877588, -0.000230797100812], [-0.0001155052596, 0.00165818061214, -0.000697473762557, 0.00092630891595, -6.42066879664e-05, 0.000921982864384, 0.000178261456313, -8.36520994199e-05, -0.00208977609873, 0.0025804687757, -0.00286832684651, 0.00146896357182, -0.000774203275796], [0.00104282284155, -0.000697473762557, 0.00553674483672, -0.00105475122109, 0.00190795387607, -0.00225192587823, 0.00139880122151, 0.000201189206564, 0.00201835436746, -0.0024162423797, 0.00314008421265, -0.00197805976495, 0.000583761138842], [-0.000107300766103, 0.00092630891595, -0.00105475122109, 0.00493001239374, -0.00255951960571, 0.000463377073174, 0.000836490420625, -0.000240894631133, -0.000136574773933, 0.000725717749447, -0.00150762638077, 0.00266226334497, -0.00077004218474], [0.000384673650842, -6.42066879664e-05, 0.00190795387607, -0.00255951960571, 0.00713589694351, -0.00323658343405, -0.000999188399874, 0.0033520385623, -0.00028139501228, 0.000644333544187, 0.000207668810617, 0.000716872105841, 0.000799558649305], [-0.000850585813168, 0.000921982864384, -0.00225192587823, 0.000463377073174, -0.00323658343405, 0.0120034106076, -0.00535100325942, -0.000759663351346, 0.0036489253398, -0.00013890057744, 0.000958172837272, -0.00020108820172, 0.00161826971453], [0.000536229286809, 0.000178261456313, 0.00139880122151, 0.000836490420625, -0.000999188399874, -0.00535100325942, 0.0120732188225, -0.00382927060127, -0.000193254265469, 0.00581375183538, -0.00368580734357, 0.00358432973735, -0.00228251912631], [-0.000184792399523, -8.36520994199e-05, 0.000201189206564, -0.000240894631133, 0.0033520385623, -0.000759663351346, -0.00382927060127, 0.0119625534862, -0.00398296164349, 0.000907942536287, 0.00607202388346, -0.00601015053689, 0.00344824767672], [0.00052341108676, -0.00208977609873, 0.00201835436746, -0.000136574773933, -0.00028139501228, 0.0036489253398, -0.000193254265469, -0.00398296164349, 0.0155857717618, -0.00755312526599, 0.00175402394962, 0.00482207583264, -0.00408750306815], [-0.000684963481035, 0.0025804687757, -0.0024162423797, 0.000725717749447, 0.000644333544187, -0.00013890057744, 0.00581375183538, 0.000907942536287, -0.00755312526599, 0.0162532497197, -0.00642908969894, 0.00493554677814, 0.00293920142576], [0.000399916840252, -0.00286832684651, 0.00314008421265, -0.00150762638077, 0.000207668810617, 0.000958172837272, -0.00368580734357, 0.00607202388346, 0.00175402394962, -0.00642908969894, 0.0159615967423, -0.00965862162411, 0.00678141694516], [-0.00014653877588, 0.00146896357182, -0.00197805976495, 0.00266226334497, 0.000716872105841, -0.00020108820172, 0.00358432973735, -0.00601015053689, 0.00482207583264, 0.00493554677814, -0.00965862162411, 0.0145437764004, -0.00470783002675], [-0.000230797100812, -0.000774203275796, 0.000583761138842, -0.00077004218474, 0.000799558649305, 0.00161826971453, -0.00228251912631, 0.00344824767672, -0.00408750306815, 0.00293920142576, 0.00678141694516, -0.00470783002675, 0.010365809314]]
    },
    "melbands": {
        "dmean": [1.25880319501e-06, 2.81908370425e-07, 2.72723230665e-08, 1.83742407955e-08, 4.08922780082e-08, 6.13046779563e-07, 9.7942620414e-06, 6.62577394905e-06, 1.47367632053e-06, 1.29010834371e-06, 8.05104646133e-05, 0.000106180050352, 0.000101016907138, 0.000177100519068, 0.000267875439022, 0.000265984912403, 0.000137875103974, 0.000148373874254, 0.000118226576888, 2.70234140771e-05, 5.28221607965e-06, 7.5645070865e-06, 8.94300410437e-06, 2.71056592283e-06, 2.9882301078e-06, 2.00741055778e-06, 1.23495522075e-06, 3.32358951027e-07, 8.29723489915e-08, 1.27931031102e-07, 1.18884720735e-07, 1.3174343394e-07, 5.33445927431e-08, 1.91813320782e-08, 1.03327426615e-08, 1.21401937392e-08, 1.29486243949e-08, 7.1886590014e-09, 1.02979749173e-08, 8.94577034671e-09],
        "dmean2": [2.16798503061e-06, 4.88831858547e-07, 4.67573819662e-08, 3.1864477279e-08, 6.35027745943e-08, 8.94696086107e-07, 1.41449681905e-05, 1.01172045106e-05, 2.31798071582e-06, 1.72138675225e-06, 0.000132401459268, 0.000168685946846, 0.000162112904945, 0.00028141628718, 0.000431378401117, 0.000393447233364, 0.000212170416489, 0.000237490487052, 0.000186317338375, 4.33366367361e-05, 8.2919596025e-06, 1.05223734863e-05, 1.53028468048e-05, 4.38302095063e-06, 4.20989363192e-06, 2.94348683383e-06, 2.08594269679e-06, 5.35151002623e-07, 1.34302894139e-07, 1.96229137828e-07, 1.78846448762e-07, 2.12428545865e-07, 8.60219770971e-08, 2.98832283363e-08, 1.5656219432e-08, 1.95876861397e-08, 1.98539797935e-08, 1.12088702764e-08, 1.58819801754e-08, 1.37843914061e-08],
        "dvar": [1.79072913182e-12, 8.62259008226e-14, 1.04108141921e-15, 1.8895176883e-15, 4.2917865171e-14, 4.24885864339e-12, 2.05759231875e-09, 1.20142473747e-09, 6.718718637e-11, 3.50576546959e-11, 1.44821228787e-07, 1.80541533723e-07, 6.67293065248e-08, 2.28795045132e-07, 6.30043643923e-07, 7.40548500744e-07, 2.3310657582e-07, 6.06220396548e-07, 6.14057057646e-07, 2.47838247702e-08, 3.03119224165e-10, 1.39615397021e-09, 3.03890934639e-09, 1.13321643735e-10, 2.02428837581e-10, 1.74566403e-10, 5.07739440769e-11, 1.42883014448e-12, 4.21509818694e-14, 4.94523801249e-13, 3.92637691023e-13, 6.26506225371e-13, 8.64092800676e-14, 4.14065152947e-15, 5.68479809803e-16, 2.21034348729e-15, 3.3478790893e-15, 3.75696381557e-16, 9.3537880129e-16, 3.60425674537e-16],
        "dvar2": [4.98452277717e-12, 2.54062043755e-13, 2.66590597017e-15, 5.32423650117e-15, 7.75255510829e-14, 9.45728044488e-12, 3.64265129171e-09, 2.34832842061e-09, 1.2654639836e-10, 4.95556685964e-11, 3.30999654352e-07, 3.96455959617e-07, 1.39098673912e-07, 5.27405916273e-07, 1.39411667988e-06, 1.64611390119e-06, 5.22361631283e-07, 1.56519558914e-06, 1.07734592802e-06, 4.33324132132e-08, 6.57900900425e-10, 2.53352161472e-09, 7.98063570784e-09, 2.9485397457e-10, 2.9627764131e-10, 3.20861226477e-10, 1.22634749578e-10, 3.2637859429e-12, 9.57271168258e-14, 9.80832277377e-13, 8.30054937544e-13, 1.47723706097e-12, 2.05703482676e-13, 1.05399646937e-14, 1.23291924105e-15, 5.91616387702e-15, 6.53783312074e-15, 8.89668562413e-16, 1.87509695237e-15, 7.4606084953e-16],
        "max": [1.06067373054e-05, 2.32061688621e-06, 4.41596881728e-07, 5.0905811122e-07, 5.19508694197e-06, 3.43036517734e-05, 0.000635473697912, 0.000677058182191, 0.000186931385542, 0.000171721942024, 0.00445167440921, 0.00466775102541, 0.00225794874132, 0.00661006337032, 0.00883275270462, 0.00907857250422, 0.0082071153447, 0.0151937864721, 0.0173464361578, 0.00337607786059, 0.000236879175645, 0.000719022878911, 0.000810565892607, 0.000125838589156, 0.000240697554545, 0.000277742190519, 0.000111604051199, 1.85957305803e-05, 2.09705012821e-06, 1.14323202069e-05, 1.27193079607e-05, 1.21046205095e-05, 3.84715167456e-06, 9.94376364361e-07, 3.134166775e-07, 6.72662281431e-07, 1.19328831261e-06, 2.86703425445e-07, 3.57137622586e-07, 2.64409351303e-07],
        "mean": [1.77911101673e-06, 3.68835799236e-07, 4.23824104701e-08, 2.10155821634e-08, 7.06584089016e-08, 7.72868759213e-07, 1.40984257087e-05, 8.92815751286e-06, 1.82360429335e-06, 2.27000373343e-06, 7.50563340262e-05, 0.000106692641566, 0.00013490128913, 0.000255941704381, 0.000349534122506, 0.000299173407257, 0.00017133570509, 0.000213290812098, 0.000151076921611, 3.13082782668e-05, 6.05238346907e-06, 1.12890620585e-05, 9.04358239495e-06, 2.52638074016e-06, 3.54593817065e-06, 2.45126557274e-06, 1.27444741338e-06, 4.0749262098e-07, 9.34924315743e-08, 1.59024267532e-07, 1.41903640838e-07, 1.13061631168e-07, 4.94417093932e-08, 2.49577656319e-08, 1.52399373121e-08, 1.40971847529e-08, 1.64594560204e-08, 9.9916830365e-09, 1.26083401497e-08, 1.27767192382e-08],
        "median": [1.33526543777e-06, 2.85560361135e-07, 3.23361888377e-08, 1.08266746679e-08, 8.99185792491e-09, 3.48182673804e-08, 2.05018423571e-07, 3.52362008016e-07, 1.35801428769e-07, 2.52910190568e-08, 2.71975295618e-07, 2.92859613182e-06, 6.38826350041e-06, 1.13532923933e-05, 8.2542283053e-06, 5.74927253183e-06, 4.5308515837e-06, 1.4220461253e-06, 1.15096042919e-06, 2.25450867219e-06, 9.36152218856e-07, 4.84499821596e-07, 3.64014681509e-07, 1.77774580834e-07, 1.9816167196e-07, 7.51666107135e-08, 4.13328677951e-08, 2.801576926e-08, 2.2744469419e-08, 1.1069125172e-08, 8.00508992427e-09, 7.27928828326e-09, 6.58045529178e-09, 4.81245132633e-09, 3.26169535825e-09, 3.05424108227e-09, 2.73312528165e-09, 2.29679963937e-09, 1.76814529684e-09, 2.2825272783e-09],
        "min": [3.9130273745e-24, 4.33178945288e-24, 5.91610456276e-24, 9.95696211379e-24, 8.52998531145e-24, 3.05148102269e-24, 6.2345495664e-24, 9.54255218104e-24, 4.01653065843e-24, 3.82752826301e-24, 5.37143200088e-24, 5.24232860285e-24, 6.41462600068e-24, 7.4719887312e-24, 6.04225446556e-24, 9.54743996321e-24, 9.63756732163e-24, 4.45801824176e-24, 7.961981005e-24, 3.79699066851e-24, 6.17965076385e-24, 6.55555915684e-24, 7.5068847822e-24, 6.873845205e-24, 6.4296936384e-24, 8.61884339268e-24, 6.60108392525e-24, 6.88915068429e-24, 5.42012720127e-24, 8.24675742521e-24, 9.91595554622e-24, 8.42480096493e-24, 9.37923036352e-24, 7.92642941059e-24, 1.15106962418e-23, 8.70863469635e-24, 7.85249578883e-24, 1.01479800488e-23, 7.56334040174e-24, 9.32950136092e-24],
