{
"metadata": {
    "version": {
        "essentia": "2.0.1",
        "extractor": "archive-music 1.0"
    },
    "audio_properties": {
        "analysis_sample_rate": 44100,
        "bitrate": 128,
        "channels": 2,
        "equal_loudness": 0,
        "length": 15.49061203,
        "replay_gain": -4.01048660278,
        "downmix": "mix"
    },
    "tags": {
        "track": 0,
        "year": 0,
        "album": "",
        "artist": "",
        "comment": "",
        "genre": "",
        "title": ""
    }
},
"highlevel": {
    "culture": {
        "all": {
            "non_western": 0.00862386357039,
            "western": 0.991376161575
        },
        "probability": 0.991376161575,
        "value": "western"
    },
    "danceability": {
        "all": {
            "danceable": 1.3622391748e-07,
            "not_danceable": 0.999999880791
        },
        "probability": 0.999999880791,
        "value": "not_danceable"
    },
    "gender": {
        "all": {
            "female": 0.518816828728,
            "male": 0.481183171272
        },
        "probability": 0.518816828728,
        "value": "female"
    },
    "genre_dortmund": {
        "all": {
            "alternative": 0.0688045546412,
            "blues": 0.00459152180701,
            "electronic": 0.68996322155,
            "folkcountry": 0.0671050623059,
            "funksoulrnb": 0.0111512085423,
            "jazz": 0.134148538113,
            "pop": 0.0158896725625,
            "raphiphop": 0.00226566614583,
            "rock": 0.00608054129407
        },
        "probability": 0.68996322155,
        "value": "electronic"
    },
    "genre_electronic": {
        "all": {
            "ambient": 0.997766494751,
            "dnb": 0.000590573006775,
            "house": 0.000136239425046,
            "techno": 0.000348398141796,
            "trance": 0.00115827785339
        },
        "probability": 0.997766494751,
        "value": "ambient"
    },
    "genre_rosamerica": {
        "all": {
            "cla": 0.804214894772,
            "dan": 0.00199746503495,
            "hip": 0.00151735311374,
            "jaz": 0.18312703073,
            "pop": 0.00538314832374,
            "rhy": 0.00124911975581,
            "roc": 0.00186780444346,
            "spe": 0.000643187609967
        },
        "probability": 0.804214894772,
        "value": "cla"
    },
    "genre_tzanetakis": {
        "all": {
            "blu": 0.000876692589372,
            "cla": 0.961730360985,
            "cou": 0.000375485309632,
            "dis": 0.00232314225286,
            "hip": 0.00154267332982,
            "jaz": 0.0144900819287,
            "met": 0.00024950466468,
            "pop": 0.01471566502,
            "reg": 0.00262786448002,
            "roc": 0.00106854888145
        },
        "probability": 0.961730360985,
        "value": "cla"
    },
    "mirex_ballroom": {
        "all": {
            "ChaChaCha": 0.000319562474033,
            "Jive": 0.000345631851815,
            "Quickstep": 0.0014992604265,
            "Rumba-American": 0.0020344988443,
            "Rumba-International": 0.000696137023624,
            "Rumba-Misc": 0.00261071976274,
            "Samba": 0.00136891251896,
            "Tango": 0.000354632473318,
            "VienneseWaltz": 0.260189443827,
            "Waltz": 0.730581223965
        },
        "probability": 0.730581223965,
        "value": "Waltz"
    },
    "mood_acoustic": {
        "all": {
            "acoustic": 0.173438444734,
            "not_acoustic": 0.826561570168
        },
        "probability": 0.826561570168,
        "value": "not_acoustic"
    },
    "mood_aggressive": {
        "all": {
            "aggressive": 0.0982338562608,
            "not_aggressive": 0.901766121387
        },
        "probability": 0.901766121387,
        "value": "not_aggressive"
    },
    "mood_electronic": {
        "all": {
            "electronic": 0.525443136692,
            "not_electronic": 0.47455689311
        },
        "probability": 0.525443136692,
        "value": "electronic"
    },
    "mood_happy": {
        "all": {
            "happy": 0.626463413239,
            "not_happy": 0.373536586761
        },
        "probability": 0.626463413239,
        "value": "happy"
    },
    "mood_party": {
        "all": {
            "not_party": 0.868633687496,
            "party": 0.131366297603
        },
        "probability": 0.868633687496,
        "value": "not_party"
    },
    "mood_relaxed": {
        "all": {
            "not_relaxed": 0.00261174910702,
            "relaxed": 0.997388243675
        },
        "probability": 0.997388243675,
        "value": "relaxed"
    },
    "mood_sad": {
        "all": {
            "not_sad": 0.247495651245,
            "sad": 0.752504348755
        },
        "probability": 0.752504348755,
        "value": "sad"
    },
    "moods_mirex": {
        "all": {
            "Cluster1": 0.193767860532,
            "Cluster2": 0.231844335794,
            "Cluster3": 0.328428059816,
            "Cluster4": 0.145492494106,
            "Cluster5": 0.100467249751
        },
        "probability": 0.328428059816,
        "value": "Cluster3"
    },
    "timbre": {
        "all": {
            "bright": 0.102954946458,
            "dark": 0.897045075893
        },
        "probability": 0.897045075893,
        "value": "dark"
    },
    "tonal_atonal": {
        "all": {
            "atonal": 0.959121227264,
            "tonal": 0.0408787801862
        },
        "probability": 0.959121227264,
        "value": "atonal"
    },
    "voice_instrumental": {
        "all": {
            "instrumental": 1,
            "voice": 3.41551564809e-10
        },
        "probability": 1,
        "value": "instrumental"
    }
},
"lowlevel": {
    "average_loudness": 0.795116126537,
    "barkbands_kurtosis": {
        "dmean": 2.98123049736,
        "dmean2": 4.43337440491,
        "dvar": 20.5929927826,
        "dvar2": 43.9478645325,
        "max": 56.9381599426,
        "mean": 7.13118553162,
        "median": 3.49209547043,
        "min": -1.26513504982,
        "var": 93.758354187
    },
    "barkbands_skewness": {
        "dmean": 0.435128122568,
        "dmean2": 0.719925940037,
        "dvar": 0.216499492526,
        "dvar2": 0.602659642696,
        "max": 2.18414115906,
        "mean": -0.420236617327,
        "median": -0.184847831726,
        "min": -4.54582262039,
        "var": 1.06516933441
    },
    "barkbands_spread": {
        "dmean": 2.05719280243,
        "dmean2": 3.20738625526,
        "dvar": 8.06464385986,
        "dvar2": 19.1111755371,
        "max": 44.0762748718,
        "mean": 7.03911733627,
        "median": 6.18627119064,
        "min": 0.605038762093,
        "var": 27.2634010315
    },
    "dissonance": {
        "dmean": 0.0551145449281,
        "dmean2": 0.0968668088317,
        "dvar": 0.00268473406322,
        "dvar2": 0.00739199621603,
        "max": 0.499958604574,
        "mean": 0.395230084658,
        "median": 0.406013131142,
        "min": 0.197497785091,
        "var": 0.00425149686635
    },
    "dynamic_complexity": 6.02718639374,
    "erbbands_kurtosis": {
        "dmean": 3.64590144157,
        "dmean2": 5.46170520782,
        "dvar": 28.8081378937,
        "dvar2": 64.4910354614,
        "max": 64.0323638916,
        "mean": 8.68815422058,
        "median": 3.53696107864,
        "min": -1.40048861504,
        "var": 142.57875061
    },
    "erbbands_skewness": {
        "dmean": 0.333214819431,
        "dmean2": 0.471008211374,
        "dvar": 0.114275552332,
        "dvar2": 0.221950590611,
        "max": 4.14014720917,
        "mean": 0.86513364315,
        "median": 0.822404623032,
        "min": -1.58271360397,
        "var": 0.621183633804
    },
    "erbbands_spread": {
        "dmean": 2.20200991631,
        "dmean2": 3.27068781853,
        "dvar": 8.54047870636,
        "dvar2": 17.8077278137,
        "max": 40.2606620789,
        "mean": 7.88345766068,
        "median": 6.70714664459,
        "min": 0.548354685307,
        "var": 36.6941452026
    },
    "hfc": {
        "dmean": 5.72942829132,
        "dmean2": 8.02289295197,
        "dvar": 74.7181243896,
        "dvar2": 161.924362183,
        "max": 119.88722229,
        "mean": 18.0801467896,
        "median": 10.5790710449,
        "min": 1.14250080327e-16,
        "var": 483.752349854
    },
    "melbands_kurtosis": {
        "dmean": 2.35686564445,
        "dmean2": 3.56904315948,
        "dvar": 11.225892067,
        "dvar2": 24.8584117889,
        "max": 37.7121887207,
        "mean": 5.36403894424,
        "median": 2.53698539734,
        "min": -1.45773386955,
        "var": 52.1460189819
    },
    "melbands_skewness": {
        "dmean": 0.425071805716,
        "dmean2": 0.662572145462,
        "dvar": 0.167324900627,
        "dvar2": 0.396042436361,
        "max": 1.56518983841,
        "mean": -0.639788627625,
        "median": -0.360135316849,
        "min": -4.85871076584,
        "var": 1.47576642036
    },
    "melbands_spread": {
        "dmean": 3.90900468826,
        "dmean2": 6.23717927933,
        "dvar": 65.0663223267,
        "dvar2": 133.433837891,
        "max": 142.972900391,
        "mean": 14.013630867,
        "median": 11.7721710205,
        "min": 1.44583022594,
        "var": 207.185684204
    },
    "pitch_salience": {
        "dmean": 0.0493758246303,
        "dmean2": 0.074639827013,
        "dvar": 0.00201807403937,
        "dvar2": 0.00453517353162,
        "max": 0.980042457581,
        "mean": 0.370030045509,
        "median": 0.378216296434,
        "min": 0.103802077472,
        "var": 0.0170220825821
    },
    "silence_rate_20dB": {
        "dmean": 0,
        "dmean2": 0,
        "dvar": 0,
        "dvar2": 0,
        "max": 1,
        "mean": 1,
        "median": 1,
        "min": 1,
        "var": 0
    },
    "silence_rate_30dB": {
        "dmean": 0.00598802417517,
        "dmean2": 0.0119940033183,
        "dvar": 0.00595215754583,
        "dvar2": 0.0148486550897,
        "max": 1,
        "mean": 0.995515704155,
        "median": 1,
        "min": 0,
        "var": 0.00446418952197
    },
    "silence_rate_60dB": {
        "dmean": 0.0299401190132,
        "dmean2": 0.0599700137973,
        "dvar": 0.0290437396616,
        "dvar2": 0.0623712316155,
        "max": 1,
        "mean": 0.260089695454,
        "median": 0,
        "min": 0,
        "var": 0.192445516586
    },
    "spectral_centroid": {
        "dmean": 92.7420501709,
        "dmean2": 127.467102051,
        "dvar": 184881.046875,
        "dvar2": 224506.8125,
        "max": 11286.9091797,
        "mean": 1133.22827148,
        "median": 1051.58947754,
        "min": 527.527648926,
        "var": 594458.3125
    },
    "spectral_complexity": {
        "dmean": 0.856287419796,
        "dmean2": 1.50524735451,
        "dvar": 0.739826023579,
        "dvar2": 1.8931440115,
        "max": 14,
        "mean": 7.73841571808,
        "median": 8,
        "min": 0,
        "var": 7.04517507553
    },
    "spectral_crest": {
        "dmean": 2.39010810852,
        "dmean2": 3.72488498688,
        "dvar": 6.24280452728,
        "dvar2": 14.0786361694,
        "max": 26.187959671,
        "mean": 14.8657302856,
        "median": 14.276848793,
        "min": 4.85064220428,
        "var": 35.2002906799
    },
    "spectral_decrease": {
        "dmean": 1.30789867825e-09,
        "dmean2": 1.8426741244e-09,
        "dvar": 3.88884199818e-18,
        "dvar2": 8.44774165156e-18,
        "max": 1.12061569928e-28,
        "mean": -4.21872226042e-09,
        "median": -2.31567054421e-09,
        "min": -2.73865197187e-08,
        "var": 2.51782628066e-17
    },
    "spectral_energy": {
        "dmean": 0.00545365130529,
        "dmean2": 0.00767805194482,
        "dvar": 6.76719791954e-05,
        "dvar2": 0.000146986814798,
        "max": 0.114237114787,
        "mean": 0.017562340945,
        "median": 0.00963821355253,
        "min": 1.06366969176e-20,
        "var": 0.000438025104813
    },
    "spectral_energyband_high": {
        "dmean": 6.58303042655e-06,
        "dmean2": 9.71625740931e-06,
        "dvar": 2.42725478605e-10,
        "dvar2": 4.39611735903e-10,
        "max": 0.00039348527207,
        "mean": 2.56674447883e-05,
        "median": 1.77769434231e-05,
        "min": 7.48360559155e-21,
        "var": 1.32208577419e-09
    },
    "spectral_energyband_low": {
        "dmean": 9.24879277591e-05,
        "dmean2": 0.000179310169187,
        "dvar": 7.58827845004e-09,
        "dvar2": 2.97649282999e-08,
        "max": 0.000598480459303,
        "mean": 0.000243247734034,
        "median": 0.000255955761531,
        "min": 4.31405152099e-23,
        "var": 1.58570205855e-08
    },
    "spectral_energyband_middle_high": {
        "dmean": 0.00542520638555,
        "dmean2": 0.00765360798687,
        "dvar": 6.789984036e-05,
        "dvar2": 0.000147230777657,
        "max": 0.111999645829,
        "mean": 0.0153803788126,
        "median": 0.00727653922513,
        "min": 1.28870528812e-21,
        "var": 0.000412631110521
    },
    "spectral_energyband_middle_low": {
        "dmean": 0.000177627734956,
        "dmean2": 0.000289995892672,
        "dvar": 4.51674573299e-08,
        "dvar2": 1.30464172798e-07,
        "max": 0.00695180241019,
        "mean": 0.00194769341033,
        "median": 0.00131037121173,
        "min": 2.14821490994e-22,
        "var": 2.35218158195e-06
    },
    "spectral_flatness_db": {
        "dmean": 0.0213220268488,
        "dmean2": 0.0299297310412,
        "dvar": 0.000386667466955,
        "dvar2": 0.000792855338659,
        "max": 0.382950156927,
        "mean": 0.236478999257,
        "median": 0.228163614869,
        "min": 0.0574829652905,
        "var": 0.00295797269791
    },
    "spectral_flux": {
        "dmean": 0.0139651773497,
        "dmean2": 0.024050636217,
        "dvar": 0.000300197163597,
        "dvar2": 0.000904769927729,
        "max": 0.163467988372,
        "mean": 0.0325540192425,
        "median": 0.0273703113198,
        "min": 6.5415776962e-11,
        "var": 0.000573672412429
    },
    "spectral_kurtosis": {
        "dmean": 4.1588344574,
        "dmean2": 6.99055194855,
        "dvar": 12.291759491,
        "dvar2": 36.6307792664,
        "max": 35.9233932495,
        "mean": 13.0953063965,
        "median": 11.9637546539,
        "min": -1.22542738914,
        "var": 31.1709632874
    },
    "spectral_rms": {
        "dmean": 0.000568852818105,
        "dmean2": 0.00078033428872,
        "dvar": 4.28116180728e-07,
        "dvar2": 8.92041668976e-07,
        "max": 0.010557028465,
        "mean": 0.00347870355472,
        "median": 0.0030664531514,
        "min": 3.22137629072e-12,
        "var": 5.03260798723e-06
    },
    "spectral_rolloff": {
        "dmean": 177.616439819,
        "dmean2": 333.877441406,
        "dvar": 1037867.125,
        "dvar2": 2073885.5,
        "max": 19164.5507812,
        "mean": 1334.74511719,
        "median": 1055.12695312,
        "min": 516.796875,
        "var": 2942612.5
    },
    "spectral_skewness": {
        "dmean": 0.357209414244,
        "dmean2": 0.589518547058,
        "dvar": 0.089104346931,
        "dvar2": 0.254183411598,
        "max": 4.58166599274,
        "mean": 2.64265275002,
        "median": 2.59756493568,
        "min": 0.00229414971545,
        "var": 0.347895592451
    },
    "spectral_spread": {
        "dmean": 325428.875,
        "dmean2": 506968.28125,
        "dvar": 3.13633747763e+12,
        "dvar2": 4.3509874688e+12,
        "max": 42039644,
        "mean": 2715607.25,
        "median": 2488434,
        "min": 1674415.875,
        "var": 7.10583884186e+12
    },
    "spectral_strongpeak": {
        "dmean": 0.944568216801,
        "dmean2": 1.40254426003,
        "dvar": 1.22357451916,
        "dvar2": 2.61151146889,
        "max": 14.2760858536,
        "mean": 3.34263372421,
        "median": 2.69084954262,
        "min": 0,
        "var": 9.24099159241
    },
    "zerocrossingrate": {
        "dmean": 0.00380610837601,
        "dmean2": 0.0059062265791,
        "dvar": 0.000651460315567,
        "dvar2": 0.00133201049175,
        "max": 0.51025390625,
        "mean": 0.050233848393,
        "median": 0.046875,
        "min": 0.0224609375,
        "var": 0.0019753864035
    },
    "barkbands": {
        "dmean": [7.34321019991e-06, 8.21804205771e-05, 1.57197264343e-05, 8.41092787596e-06, 1.98143197849e-06, 2.08973287954e-05, 6.71395391691e-05, 0.000104468083009, 5.19488603459e-05, 0.000119524120237, 0.00477166986093, 0.000670418725349, 5.91999996686e-05, 3.70570087398e-05, 2.01622588065e-05, 0.000191425293451, 2.56681255451e-06, 5.4543481383e-05, 4.98631698065e-06, 6.71478755976e-06, 2.6535494726e-06, 9.62823946793e-07, 6.33650756754e-07, 3.5592694303e-07, 2.18139874164e-07, 1.07379214853e-07, 2.70269886471e-08],
        "dmean2": [1.33713247124e-05, 0.000161253308761, 2.59681382886e-05, 1.52236589201e-05, 2.59488319898e-06, 3.73595648853e-05, 0.000107739986561, 0.000177496171091, 8.21538415039e-05, 0.00018536344578, 0.00685600889847, 0.000866362999659, 8.96941055544e-05, 6.6816675826e-05, 3.5550663597e-05, 0.000266265124083, 4.29819101555e-06, 7.48308739276e-05, 7.0879177656e-06, 1.03445627246e-05, 4.21870481659e-06, 1.56868566137e-06, 1.1032088878e-06, 5.85716691148e-07, 3.51666301412e-07, 1.86950032344e-07, 4.62516815958e-08],
        "dvar": [5.2209254281e-11, 6.39217567766e-09, 4.27375718148e-10, 3.60694224488e-10, 6.87457122478e-12, 1.21446963597e-09, 5.0110471328e-09, 2.91142843167e-08, 4.83858508815e-09, 1.5455006519e-07, 5.27413722011e-05, 2.70313307738e-06, 3.40356400841e-08, 3.672227189e-09, 4.86732376626e-10, 1.37721698934e-07, 2.28934735752e-11, 2.17056417284e-08, 1.72263883713e-10, 2.52678294954e-10, 1.61349822392e-11, 1.56739508525e-12, 7.12083007576e-13, 1.89499972788e-13, 9.52233016288e-14, 2.07400235359e-14, 1.6064444654e-15],
        "dvar2": [1.602698807e-10, 2.56465479964e-08, 1.09225051226e-09, 1.14393983175e-09, 1.16090834862e-11, 4.02335009753e-09, 1.37262166078e-08, 9.22593414998e-08, 1.0276657747e-08, 3.10819672222e-07, 0.000117928168038, 3.95925871999e-06, 8.05551820804e-08, 1.17222409557e-08, 1.49946255412e-09, 2.51520702932e-07, 4.81387742168e-11, 4.52860717814e-08, 2.60933080698e-10, 4.66502225738e-10, 3.83442028129e-11, 4.32026983632e-12, 2.06731658701e-12, 5.24894906186e-13, 2.43484567361e-13, 5.9002959853e-14, 4.62962797981e-15],
        "max": [0.000105171711766, 0.000490839825943, 0.00027592969127, 0.000212294369703, 8.22258371045e-05, 0.000366039574146, 0.00129025662318, 0.00534561788663, 0.00104376219679, 0.00612357771024, 0.0817647576332, 0.0446782819927, 0.00306188827381, 0.00119805079885, 0.000231343234191, 0.00604692893103, 9.50436951825e-05, 0.00240940228105, 0.000298435188597, 0.000381875550374, 4.79339141748e-05, 1.58545644808e-05, 1.25551514429e-05, 6.82916197547e-06, 3.71430769519e-06, 2.01435000236e-06, 3.28702896013e-07],
        "mean": [1.37174247357e-05, 0.000172560903593, 5.09383062308e-05, 1.21785096781e-05, 1.0530588952e-05, 7.88239194662e-05, 0.000686048471835, 0.000908122281544, 0.000209210120374, 0.00017449837469, 0.0116685014218, 0.00264738174155, 8.80330990185e-05, 0.000195781118236, 5.72603275941e-05, 0.000410988606745, 5.51327912035e-06, 0.000127204068122, 1.34528809212e-05, 1.64844605024e-05, 7.35621779313e-06, 3.05363573716e-06, 2.296855655e-06, 1.34102015181e-06, 6.8037110168e-07, 3.60646936315e-07, 4.20122177047e-08],
        "median": [8.22787751531e-06, 0.000165040313732, 3.14540084219e-05, 4.1060525291e-06, 5.25989435118e-06, 6.30554568488e-05, 0.000706593913492, 0.000195811604499, 0.000182671617949, 1.95537595573e-05, 0.00568692805246, 1.34129986691e-05, 2.03085364774e-05, 4.55988229078e-05, 4.75200358778e-05, 0.000174293469172, 3.49698188984e-06, 1.32101449708e-05, 4.35447691416e-06, 7.8799930634e-06, 4.8035508371e-06, 2.4577698241e-06, 1.90668163214e-06, 1.11418910365e-06, 4.62062246243e-07, 2.78963597111e-07, 2.26271890114e-08],
        "min": [1.15584246932e-23, 9.73742449045e-24, 6.23377569385e-24, 1.51378274081e-23, 4.23439707995e-23, 2.86862452425e-23, 1.14819951155e-23, 2.87253758989e-23, 3.36050485775e-23, 4.9625336815e-23, 9.97246591271e-23, 8.19386225047e-23, 4.77817625686e-23, 5.82017600013e-23, 4.06474591585e-23, 8.32632398715e-23, 1.47269110247e-22, 1.90774650331e-22, 1.931152953e-22, 2.40157961464e-22, 3.80343391084e-22, 5.09213122199e-22, 5.50335620773e-22, 7.59598987155e-22, 1.03080850809e-21, 1.58202916769e-21, 2.17010591365e-21],
        "var": [2.9795638179e-10, 1.35518760658e-08, 3.03937297552e-09, 6.90265788972e-10, 1.77449735461e-10, 4.04651334662e-09, 7.27695237401e-08, 1.70805867583e-06, 1.66428755222e-08, 3.24486535419e-07, 0.000236247593421, 4.49583894806e-05, 5.47218448332e-08, 7.11215193405e-08, 1.95919280799e-09, 4.5808599225e-07, 6.5545860406e-11, 9.78638823312e-08, 1.06534103761e-09, 1.10036846301e-09, 6.42428679698e-11, 7.39996171978e-12, 4.30881328881e-12, 1.31059139236e-12, 4.99899763511e-13, 1.08169963058e-13, 2.7356108525e-15]
    },
    "erbbands": {
        "dmean": [0.00426464434713, 0.0111866733059, 0.0154836522415, 0.0268594063818, 0.00695919618011, 0.00566896609962, 0.0643366351724, 0.218923762441, 0.255218088627, 1.80938243866, 2.59806895256, 1.46965956688, 3.50190424919, 17.5391311646, 235.511459351, 24.1367912292, 3.53329730034, 0.662521183491, 2.24123239517, 7.97786426544, 4.5189371109, 0.25963807106, 0.979249894619, 2.73126912117, 0.185606658459, 0.352129966021, 0.0728447139263, 0.153534054756, 0.0329359769821, 0.0236747134477, 0.0175123307854, 0.00904794409871, 0.00595486722887, 0.00253069447353, 0.0018715945771, 0.000662998470943, 0.000186330376891, 6.78812866681e-05, 3.59463547284e-06, 6.53059578326e-06],
        "dmean2": [0.00845744181424, 0.0214389041066, 0.0252776108682, 0.0470038205385, 0.0124676013365, 0.00793722085655, 0.11011376977, 0.393489360809, 0.406861722469, 2.95122671127, 4.42028665543, 2.26505994797, 5.44637870789, 23.9082565308, 337.001037598, 35.0109672546, 5.34220743179, 1.14730024338, 3.93448424339, 10.7260837555, 6.79516935349, 0.404076576233, 1.36999261379, 3.69238758087, 0.285229176283, 0.530808508396, 0.116715461016, 0.242434665561, 0.0535823255777, 0.0393712259829, 0.0296573732048, 0.0151525447145, 0.0100520374253, 0.00419983780012, 0.00302552501671, 0.00110958854202, 0.000312514515826, 0.000112362082291, 5.49866399524e-06, 9.18330715649e-06],
        "dvar": [1.86948527698e-05, 9.99902040348e-05, 0.000392686604755, 0.00240597501397, 0.000264804228209, 5.4786545661e-05, 0.00830795988441, 0.141693562269, 0.175803557038, 3.63646101952, 20.6421203613, 3.87136936188, 108.60256958, 566.113464355, 137358.953125, 2098.01953125, 99.219871521, 0.843541324139, 9.16421031952, 327.06854248, 47.5246772766, 0.172317773104, 5.47826290131, 49.6520614624, 0.0738861113787, 1.05284965038, 0.0155720598996, 0.0566317103803, 0.00177303689998, 0.000903993379325, 0.000469671358587, 0.000134058645926, 5.58372048545e-05, 1.34863494168e-05, 8.57754184835e-06, 8.04690330369e-07, 6.14018631495e-08, 7.79658648753e-09, 2.5040009996e-11, 9.70348246199e-11],
        "dvar2": [7.4534691521e-05, 0.000395316135837, 0.00101066334173, 0.00752487732098, 0.000830299570225, 0.000106502026028, 0.0261552743614, 0.474864393473, 0.425197154284, 11.3081445694, 65.3140029907, 7.6525759697, 212.105834961, 980.88861084, 305505.40625, 4418.59179688, 236.88420105, 2.54770326614, 28.7226600647, 596.768249512, 102.803085327, 0.363388031721, 11.4978876114, 102.638092041, 0.17092859745, 1.86708772182, 0.030915113166, 0.134593725204, 0.00478744413704, 0.00245799683034, 0.00129230355378, 0.000366533058695, 0.000152696928126, 3.55897464033e-05, 2.23563529289e-05, 2.2077997528e-06, 1.81589555837e-07, 2.17308890882e-08, 5.82214831901e-11, 2.10663625433e-10],
        "max": [0.0225444901735, 0.106666356325, 0.283131331205, 0.514601528645, 0.227879449725, 0.189510032535, 1.48021924496, 3.19576907158, 7.43677902222, 44.2719993591, 137.625061035, 31.8466491699, 143.551040649, 359.599060059, 4864.64746094, 791.792724609, 167.736526489, 15.1855916977, 60.8183937073, 287.706634521, 90.7660446167, 8.8888130188, 38.5295372009, 115.196105957, 3.76694965363, 25.404958725, 2.86719441414, 3.03544330597, 0.559607684612, 0.469835072756, 0.24734018743, 0.186694636941, 0.102516666055, 0.0435624420643, 0.0345552228391, 0.010395154357, 0.00305426470004, 0.000864094181452, 6.92551984685e-05, 0.000136959599331],
        "mean": [0.00657694926485, 0.0338250845671, 0.0602951459587, 0.0473209246993, 0.0132880136371, 0.0282399524003, 0.394899010658, 0.690705955029, 1.88129734993, 19.8186855316, 21.743429184, 7.70501089096, 6.58598470688, 47.5178794861, 611.853820801, 71.2026748657, 6.74247121811, 3.21291685104, 12.7466936111, 16.8561573029, 10.2140026093, 0.773439884186, 2.40290570259, 6.51211309433, 0.585289001465, 0.893907308578, 0.228520229459, 0.387397766113, 0.11507923156, 0.08349378407, 0.0601226463914, 0.0345819145441, 0.0203398745507, 0.00814711675048, 0.00507880654186, 0.00190864119213, 0.000536368228495, 0.000167679943843, 1.36124972414e-05, 2.11593924178e-05],
        "median": [0.00632161507383, 0.0291594527662, 0.0399532429874, 0.0287631638348, 0.00434000510722, 0.0182093530893, 0.328804969788, 0.519654273987, 1.81803500652, 18.4911689758, 3.35125613213, 5.97812271118, 2.55583000183, 23.8369235992, 278.934265137, 19.548248291, 2.77107667923, 1.72408688068, 5.64471769333, 4.6441617012, 6.36839914322, 0.610013246536, 0.700756907463, 1.02617740631, 0.417392581701, 0.348633438349, 0.176097542048, 0.236964419484, 0.0998683422804, 0.0688992738724, 0.0502945668995, 0.0285948850214, 0.0161540638655, 0.00527121173218, 0.00346245826222, 0.00133039581124, 0.000388011103496, 0.000117719966511, 9.27500514081e-06, 1.17162680908e-05],
        "min": [1.97719112786e-22, 1.1142385384e-21, 5.64086609884e-21, 4.26282391112e-20, 8.92395661294e-20, 1.0245579913e-19, 7.45729817846e-20, 3.05151425765e-19, 2.18662015453e-19, 5.62623282144e-19, 4.23132842769e-19, 7.21465224209e-19, 1.67218603673e-18, 1.67283651088e-18, 4.09347448761e-18, 3.53066369396e-18, 2.44475463428e-18, 3.03045992613e-18, 5.09520468507e-18, 2.35367832652e-18, 6.66647354969e-18, 8.14104789584e-18, 1.18190080551e-17, 1.36928542111e-17, 9.43805220707e-18, 1.23721007173e-17, 1.47480198625e-17, 1.86162092288e-17, 1.70977124193e-17, 1.34947758872e-17, 1.55901856791e-17, 1.64099034681e-17, 1.49594058681e-17, 1.0842810028e-17, 7.41293953243e-18, 4.61836856275e-18, 3.25556430853e-18, 1.16176472718e-18, 2.86762115074e-19, 3.08355807136e-20],
        "var": [2.34544841078e-05, 0.000536711304449, 0.00327600701712, 0.00440360000357, 0.000906680477783, 0.000834878766909, 0.0898792147636, 0.333312630653, 0.766840517521, 89.7488708496, 1143.93933105, 24.908411026, 229.750747681, 3782.02758789, 740614.6875, 17728.9296875, 158.662750244, 11.3269414902, 217.379135132, 1085.62634277, 159.007827759, 0.703309893608, 24.8413467407, 223.879608154, 0.397954702377, 4.63805198669, 0.0794941037893, 0.207584574819, 0.00923657044768, 0.00585012231022, 0.00270634726621, 0.000884933164343, 0.000325465371134, 7.14079942554e-05, 2.97651131405e-05, 3.38826544066e-06, 2.73092098269e-07, 2.87493477913e-08, 1.84994172758e-10, 6.31611096757e-10]
    },
    "gfcc": {
        "mean": [-138.894226074, 110.777931213, -161.284820557, -20.2113075256, -55.3799209595, 19.782409668, -5.95185661316, 21.2975521088, 0.378721058369, 12.9221363068, 3.13498854637, 10.3509206772, -2.6430978775],
        "cov": [[15924.2861328, -276.397796631, -2532.28369141, -544.183288574, -418.88369751, 682.668212891, 290.118682861, 562.765930176, 163.227615356, 227.784317017, 240.912872314, 468.013366699, 266.993347168], [-276.397796631, 1143.44885254, 474.856842041, 135.156799316, -51.7072143555, -198.111038208, -224.718658447, -313.361755371, -131.148406982, -95.1764450073, -68.2925338745, -147.472045898, -87.5789871216], [-2532.28369141, 474.856842041, 729.393371582, 132.490005493, 48.0728912354, -149.599182129, -165.17805481, -247.399765015, -91.6998138428, -59.7955932617, -76.8486862183, -133.050064087, -81.2619628906], [-544.183288574, 135.156799316, 132.490005493, 287.556091309, 41.8296127319, -179.445785522, -111.639442444, -30.6278648376, -40.7018089294, -43.9124679565, -45.9651489258, -54.5863342285, -34.6791877747], [-418.88369751, -51.7072143555, 48.0728912354, 41.8296127319, 75.9562149048, -18.119134903, -6.34408187866, -14.4165334702, -8.03182029724, -23.8475589752, -1.34668171406, 3.09650635719, 8.94704341888], [682.668212891, -198.111038208, -149.599182129, -179.445785522, -18.119134903, 189.993209839, 96.7090988159, 57.4724159241, 59.3774032593, 68.4925079346, 39.8509788513, 38.9714851379, 17.5050163269], [290.118682861, -224.718658447, -165.17805481, -111.639442444, -6.34408187866, 96.7090988159, 135.596725464, 78.7192687988, 39.6979751587, 26.2295627594, 43.582447052, 39.9716835022, 22.6845474243], [562.765930176, -313.361755371, -247.399765015, -30.6278648376, -14.4165334702, 57.4724159241, 78.7192687988, 165.607955933, 74.9370880127, 52.3763160706, 12.4065990448, 40.8570327759, 16.81300354], [163.227615356, -131.148406982, -91.6998138428, -40.7018089294, -8.03182029724, 59.3774032593, 39.6979751587, 74.9370880127, 115.59967041, 93.6910629272, -2.04686141014, -4.63807964325, -8.04945755005], [227.784317017, -95.1764450073, -59.7955932617, -43.9124679565, -23.8475589752, 68.4925079346, 26.2295627594, 52.3763160706, 93.6910629272, 128.504928589, 10.5605831146, -17.9589080811, -25.9255523682], [240.912872314, -68.2925338745, -76.8486862183, -45.9651489258, -1.34668171406, 39.8509788513, 43.582447052, 12.4065990448, -2.04686141014, 10.5605831146, 64.1876525879, 30.953710556, 12.2509155273], [468.013366699, -147.472045898, -133.050064087, -54.5863342285, 3.09650635719, 38.9714851379, 39.9716835022, 40.8570327759, -4.63807964325, -17.9589080811, 30.953710556, 77.4126663208, 51.5169525146], [266.993347168, -87.5789871216, -81.2619628906, -34.6791877747, 8.94704341888, 17.5050163269, 22.6845474243, 16.81300354, -8.04945755005, -25.9255523682, 12.2509155273, 51.5169525146, 76.6229934692]],
        "icov": [[0.000365518179024, -0.000666819163598, 0.00145811983384, -0.000663274724502, 0.000618186139036, -0.00160595530178, 0.000630413938779, -1.5835650629e-05, 0.000792065635324, -0.000647614593618, 0.000518299173564, -0.00124566431623, -5.93343647779e-05], [-0.000666819163598, 0.00426396448165, -0.00199480727315, 0.00157847150695, 0.0019795242697, 0.00403450476006, 0.000597070029471, 0.0052968673408, -0.00318597070873, 0.00321168242954, -0.00141179549973, 0.005237178877, 0.000760662776884], [0.00145811983384, -0.00199480727315, 0.0100631387904, -0.00185502727982, 0.000932069437113, -0.00503654731438, 0.0032029740978, 0.00566691765562, 0.00329413707368, -0.00286380993202, 0.00416606385261, -0.00168157403823, 0.00116361130495], [-0.000663274724502, 0.00157847150695, -0.00185502727982, 0.0136198643595, -0.00679247220978, 0.0124570606276, 0.00415990455076, -0.00402973778546, 0.000786893826444, -8.5075655079e-05, -0.00197353307158, 0.00732604134828, 0.00135601835791], [0.000618186139036, 0.0019795242697, 0.000932069437113, -0.00679247220978, 0.0228468645364, -0.00551968021318, 0.000407416315284, 0.00705151539296, -0.00629490846768, 0.00677891355008, -0.00158429762814, -0.00232571084052, -0.00160255283117], [-0.00160595530178, 0.00403450476006, -0.00503654731438, 0.0124570606276, -0.00551968021318, 0.026085684076, -0.00540502183139, 0.00209512352012, -0.00275788502768, -0.00370544800535, -0.00200057541952, 0.00483808014542, 0.00185294740368], [0.000630413938779, 0.000597070029471, 0.0032029740978, 0.00415990455076, 0.000407416315284, -0.00540502183139, 0.0225468799472, -0.00560614652932, -0.00225255079567, 0.00583981443197, -0.00916360504925, 0.00518499687314, -0.000774014508352], [-1.5835650629e-05, 0.0052968673408, 0.00566691765562, -0.00402973778546, 0.00705151539296, 0.00209512352012, -0.00560614652932, 0.0303714759648, -0.010154819116, 0.00150276429486, 0.0065340269357, -0.00334309134632, 0.00463370233774], [0.000792065635324, -0.00318597070873, 0.00329413707368, 0.000786893826444, -0.00629490846768, -0.00275788502768, -0.00225255079567, -0.010154819116, 0.0341879725456, -0.0236378591508, 0.00960472319275, -0.001695783576, -0.00309345382266], [-0.000647614593618, 0.00321168242954, -0.00286380993202, -8.5075655079e-05, 0.00677891355008, -0.00370544800535, 0.00583981443197, 0.00150276429486, -0.0236378591508, 0.0318030007184, -0.0114246439189, 0.011000815779, 0.0035558633972], [0.000518299173564, -0.00141179549973, 0.00416606385261, -0.00197353307158, -0.00158429762814, -0.00200057541952, -0.00916360504925, 0.0065340269357, 0.00960472319275, -0.0114246439189, 0.0303523018956, -0.0147137846798, 0.00420989748091], [-0.00124566431623, 0.005237178877, -0.00168157403823, 0.00732604134828, -0.00232571084052, 0.00483808014542, 0.00518499687314, -0.00334309134632, -0.001695783576, 0.011000815779, -0.0147137846798, 0.0489569567144, -0.0167956631631], [-5.93343647779e-05, 0.000760662776884, 0.00116361130495, 0.00135601835791, -0.00160255283117, 0.00185294740368, -0.000774014508352, 0.00463370233774, -0.00309345382266, 0.0035558633972, 0.00420989748091, -0.0167956631631, 0.0264485925436]]
    },
    "melbands": {
        "dmean": [2.86373669951e-05, 7.95750838734e-06, 3.92442143493e-06, 2.16851461232e-07, 2.03067020266e-06, 4.49549042969e-06, 6.36368258711e-06, 1.80054648808e-05, 1.90965802176e-05, 9.34395757213e-06, 1.82041349035e-05, 1.82474395842e-05, 0.000721871270798, 0.000231475976761, 4.89522835778e-06, 4.76233617519e-06, 1.29088300582e-06, 4.35127321907e-06, 2.99544467453e-06, 1.70205312315e-05, 2.98486747852e-06, 1.60329207688e-07, 1.41554338029e-07, 2.45279397859e-06, 2.32252546084e-06, 1.0164637132e-07, 1.88583385352e-07, 2.8110721928e-07, 3.84818932275e-08, 5.54494690164e-08, 9.37150232971e-08, 2.00752783286e-08, 2.00131182737e-08, 1.5201640835e-08, 1.31398154579e-08, 9.17506071119e-09, 5.68956126656e-09, 5.42647393686e-09, 3.11816683585e-09, 2.45940579013e-09],
        "dmean2": [5.65576301597e-05, 1.37498582262e-05, 6.82699237586e-06, 3.56383964117e-07, 3.48556795871e-06, 8.07573542261e-06, 1.02055246316e-05, 2.93571301881e-05, 3.26867957483e-05, 1.44173254739e-05, 2.86215254164e-05, 2.68275271083e-05, 0.00101088278461, 0.000343616586179, 7.41519579606e-06, 7.36594120099e-06, 2.35778111346e-06, 7.75028456701e-06, 4.15845897805e-06, 2.31209924095e-05, 4.77529738419e-06, 2.61897582732e-07, 2.43724286975e-07, 3.37620099344e-06, 3.13608779834e-06, 1.69488274082e-07, 3.13644363814e-07, 4.13678748146e-07, 6.56305374491e-08, 9.21620681993e-08, 1.46561987435e-07, 3.27626850094e-08, 3.43462360775e-08, 2.60977124356e-08, 2.28682672798e-08, 1.53219552601e-08, 9.63870139259e-09, 9.23929555086e-09, 5.37690070246e-09, 4.07826750148e-09],
        "dvar": [8.07431732586e-10, 7.14145201308e-11, 4.97866747828e-11, 1.28492553511e-13, 8.59368132211e-12, 5.88428195059e-11, 6.53301371334e-11, 3.86414372722e-10, 1.13163933779e-09, 1.53462964558e-10, 3.23026316806e-09, 1.10763775929e-09, 1.12330860702e-06, 2.30751879826e-07, 2.09721004452e-10, 2.08350336983e-10, 3.35183768761e-12, 4.2853401383e-11, 3.91259039056e-11, 1.32910904505e-09, 2.85084126445e-11, 1.01902454573e-13, 4.1175711522e-14, 4.08272027297e-11, 3.50657489157e-11, 3.20210980127e-14, 1.30063142331e-13, 9.37328339945e-13, 3.35178539349e-15, 7.43644698636e-15, 2.01738701021e-14, 7.44099862378e-16, 7.16832707135e-16, 4.73857229869e-16, 2.80364173302e-16, 1.72268912303e-16, 5.03767816121e-17, 4.75298046147e-17, 2.21716019007e-17, 1.40292743565e-17],
        "dvar2": [3.22650839379e-09, 1.99858685157e-10, 1.55212037667e-10, 3.6664727786e-13, 2.73353718133e-11, 1.96047456047e-10, 1.60676305594e-10, 1.21695908906e-09, 3.57354479341e-09, 3.08995717901e-10, 6.33560004459e-09, 2.32692776159e-09, 2.36121445596e-06, 4.91717571549e-07, 4.89117524261e-10, 5.03081021286e-10, 1.1569402554e-11, 1.34562805343e-10, 7.53963003142e-11, 2.38954589449e-09, 7.46578771027e-11, 2.02762069287e-13, 1.00708632785e-13, 8.58566620576e-11, 7.22048809632e-11, 7.60507244202e-14, 3.49169938839e-13, 1.6294413735e-12, 9.03476427651e-15, 1.98156141289e-14, 4.64286710477e-14, 2.04138370772e-15, 1.91472729463e-15, 1.3918811731e-15, 8.22272850717e-16, 4.72152787821e-16, 1.39359392666e-16, 1.34857465491e-16, 6.45756015244e-17, 3.65301752047e-17],
        "max": [0.000146577920532, 0.000109902764962, 8.02079230198e-05, 5.87304020883e-06, 4.66312958451e-05, 7.06452701706e-05, 0.000130957283545, 0.000620285281911, 0.000937782635447, 0.000209325298783, 0.000805645016953, 0.000468407350127, 0.0122497547418, 0.00793436355889, 0.000226802163525, 0.000245469185757, 3.19609571307e-05, 0.000132800589199, 0.000109387998236, 0.000605038076174, 7.09193773218e-05, 6.23491996521e-06, 3.12986821882e-06, 0.000104368395114, 9.65676008491e-05, 3.92170295527e-06, 5.94589164393e-06, 2.40485405811e-05, 8.77431659774e-07, 1.14750594093e-06, 2.07206358027e-06, 3.59751908263e-07, 3.14033144377e-07, 2.92874375418e-07, 1.871458295e-07, 1.66198688589e-07, 1.02330808716e-07, 8.64134008793e-08, 4.83356004111e-08, 3.89665437694e-08],
        "mean": [5.45728689758e-05, 3.45117477991e-05, 7.45437318983e-06, 5.94977279889e-07, 1.20732247524e-05, 1.47378568727e-05, 5.4319130868e-05, 0.000211860766285, 0.000142816934385, 4.08164123655e-05, 2.83202189166e-05, 4.32266569987e-05, 0.0018887022743, 0.000650763802696, 7.10083395461e-06, 7.37722166377e-06, 5.52937444809e-06, 2.51912842941e-05, 7.22825279809e-06, 3.52387141902e-05, 6.2346894083e-06, 3.6282224869e-07, 3.37740260647e-07, 5.72404951527e-06, 5.51675384486e-06, 2.44027944518e-07, 3.98712870719e-07, 6.86815042172e-07, 1.01285429821e-07, 1.44074348896e-07, 2.31865470823e-07, 5.71051259612e-08, 5.35350821451e-08, 4.45347794198e-08, 3.70402339911e-08, 2.81461645102e-08, 1.77438792548e-08, 1.5932505093e-08, 8.74137828788e-09, 6.29511598405e-09],
        "median": [5.54246835236e-05, 3.15707547998e-05, 4.636070571e-06, 2.90183834295e-07, 1.00784327515e-05, 1.10466198748e-05, 5.45691218576e-05, 0.000170450904989, 1.64560442499e-05, 3.5844186641e-05, 5.55895076104e-06, 1.16001519928e-05, 0.000899641367141, 0.000119812044431, 1.17930744636e-06, 2.44403690886e-06, 2.14114788832e-06, 8.75419300428e-06, 3.59548084816e-06, 1.0493929949e-05, 1.53381165546e-06, 2.34256702925e-07, 2.15612971033e-07, 7.48387947169e-07, 8.40695065563e-07, 1.57228939202e-07, 2.28877667041e-07, 1.75023089355e-07, 6.95633914916e-08, 9.29594961008e-08, 1.39075595484e-07, 4.35618972006e-08, 4.43132179839e-08, 3.28365530322e-08, 2.92880368846e-08, 2.14980122593e-08, 1.4536381876e-08, 1.28389006093e-08, 5.91235549408e-09, 3.44826678322e-09],
        "min": [3.43456706384e-24, 2.26319342213e-24, 1.09009643489e-23, 1.00903435045e-23, 3.01192004273e-24, 6.47234458653e-24, 3.0257955144e-24, 6.61272277905e-24, 2.28350619601e-24, 5.02825896888e-24, 8.55933251485e-24, 5.8739920122e-24, 1.44322260382e-23, 7.23372354997e-24, 5.47705850394e-24, 4.54370076341e-24, 4.78377638042e-24, 7.07217351405e-24, 2.60600121154e-24, 3.15277746824e-24, 8.79986488232e-24, 9.16809331996e-24, 7.25058150751e-24, 9.36064716718e-24, 1.12806675573e-23, 5.72763977605e-24, 6.55622416658e-24, 8.62302120003e-24, 8.64651821095e-24, 9.66943020245e-24, 1.08983129874e-23, 9.80516397638e-24, 7.17138933896e-24, 7.83889503796e-24, 7.80397453227e-24, 1.01169265393e-23, 9.55905436231e-24, 1.0006018218e-23, 9.7935148674e-24, 8.39058648975e-24],
