{
"metadata": {
    "version": {
        "essentia": "2.0.1",
        "extractor": "archive-music 1.0"
    },
    "audio_properties": {
        "analysis_sample_rate": 44100,
        "bitrate": 128,
        "channels": 2,
        "equal_loudness": 0,
        "length": 16.0914287567,
        "replay_gain": -2.30733299255,
        "downmix": "mix"
    },
    "tags": {
        "track": 0,
        "year": 0,
        "album": "",
        "artist": "",
        "comment": "",
        "genre": "",
        "title": ""
    }
},
"highlevel": {
    "culture": {
        "all": {
            "non_western": 0.00268992385827,
            "western": 0.997310101986
        },
        "probability": 0.997310101986,
        "value": "western"
    },
    "danceability": {
        "all": {
            "danceable": 3.00000096379e-14,
            "not_danceable": 1
        },
        "probability": 1,
        "value": "not_danceable"
    },
    "gender": {
        "all": {
            "female": 0.924122333527,
            "male": 0.0758776962757
        },
        "probability": 0.924122333527,
        "value": "female"
    },
    "genre_dortmund": {
        "all": {
            "alternative": 0.00027589360252,
            "blues": 0.0151544213295,
            "electronic": 0.00915429368615,
            "folkcountry": 0.00163117423654,
            "funksoulrnb": 0.0067250165157,
            "jazz": 0.0882834419608,
            "pop": 0.00538655929267,
            "raphiphop": 0.87282794714,
            "rock": 0.00056125537958
        },
        "probability": 0.87282794714,
        "value": "raphiphop"
    },
    "genre_electronic": {
        "all": {
            "ambient": 0.933908522129,
            "dnb": 0.0128861702979,
            "house": 0.0206518657506,
            "techno": 0.0294446628541,
            "trance": 0.00310879107565
        },
        "probability": 0.933908522129,
        "value": "ambient"
    },
    "genre_rosamerica": {
        "all": {
            "cla": 0.489256739616,
            "dan": 0.00950015801936,
            "hip": 0.167549714446,
            "jaz": 0.162981539965,
            "pop": 0.0100175775588,
            "rhy": 0.0409660078585,
            "roc": 0.00295700668357,
            "spe": 0.116771258414
        },
        "probability": 0.489256739616,
        "value": "cla"
    },
    "genre_tzanetakis": {
        "all": {
            "blu": 0.0127897970378,
            "cla": 0.0951979681849,
            "cou": 0.00903053116053,
            "dis": 0.0208379887044,
            "hip": 0.393294095993,
            "jaz": 0.177058979869,
            "met": 0.00796577520669,
            "pop": 0.0605906508863,
            "reg": 0.205403387547,
            "roc": 0.0178308039904
        },
        "probability": 0.393294095993,
        "value": "hip"
    },
    "mirex_ballroom": {
        "all": {
            "ChaChaCha": 0.042864061892,
            "Jive": 0.00723149068654,
            "Quickstep": 0.242545172572,
            "Rumba-American": 0.0341372862458,
            "Rumba-International": 0.074556723237,
            "Rumba-Misc": 0.245779678226,
            "Samba": 0.140741318464,
            "Tango": 0.0704360157251,
            "VienneseWaltz": 0.0124523174018,
            "Waltz": 0.12925593555
        },
        "probability": 0.245779678226,
        "value": "Rumba-Misc"
    },
    "mood_acoustic": {
        "all": {
            "acoustic": 1.65237597685e-05,
            "not_acoustic": 0.999983489513
        },
        "probability": 0.999983489513,
        "value": "not_acoustic"
    },
    "mood_aggressive": {
        "all": {
            "aggressive": 0.999999880791,
            "not_aggressive": 1.00000008274e-07
        },
        "probability": 0.999999880791,
        "value": "aggressive"
    },
    "mood_electronic": {
        "all": {
            "electronic": 0.266647905111,
            "not_electronic": 0.733352065086
        },
        "probability": 0.733352065086,
        "value": "not_electronic"
    },
    "mood_happy": {
        "all": {
            "happy": 0.0573092661798,
            "not_happy": 0.942690730095
        },
        "probability": 0.942690730095,
        "value": "not_happy"
    },
    "mood_party": {
        "all": {
            "not_party": 3.00000096379e-14,
            "party": 1
        },
        "probability": 1,
        "value": "party"
    },
    "mood_relaxed": {
        "all": {
            "not_relaxed": 3.84792891994e-10,
            "relaxed": 1
        },
        "probability": 1,
        "value": "relaxed"
    },
    "mood_sad": {
        "all": {
            "not_sad": 0.103709347546,
            "sad": 0.896290659904
        },
        "probability": 0.896290659904,
        "value": "sad"
    },
    "moods_mirex": {
        "all": {
            "Cluster1": 0.109652191401,
            "Cluster2": 0.0480861216784,
            "Cluster3": 0.197288945317,
            "Cluster4": 0.0408606231213,
            "Cluster5": 0.604112148285
        },
        "probability": 0.604112148285,
        "value": "Cluster5"
    },
    "timbre": {
        "all": {
            "bright": 0.0630417689681,
            "dark": 0.936958253384
        },
        "probability": 0.936958253384,
        "value": "dark"
    },
    "tonal_atonal": {
        "all": {
            "atonal": 0.942704021931,
            "tonal": 0.0572959594429
        },
        "probability": 0.942704021931,
        "value": "atonal"
    },
    "voice_instrumental": {
        "all": {
            "instrumental": 0.879644274712,
            "voice": 0.120355725288
        },
        "probability": 0.879644274712,
        "value": "instrumental"
    }
},
"lowlevel": {
    "average_loudness": 0.447992295027,
    "barkbands_kurtosis": {
        "dmean": 230.881027222,
        "dmean2": 378.740875244,
        "dvar": 3434182,
        "dvar2": 6911834.5,
        "max": 35284.375,
        "mean": 329.243103027,
        "median": 3.44567227364,
        "min": -1.82322406769,
        "var": 7538939
    },
    "barkbands_skewness": {
        "dmean": 2.39457345009,
        "dmean2": 3.77904033661,
        "dvar": 73.5707321167,
        "dvar2": 164.754104614,
        "max": 149.296401978,
        "mean": 2.9889383316,
        "median": 0.895085513592,
        "min": -13.3826589584,
        "var": 193.290893555
    },
    "barkbands_spread": {
        "dmean": 7.84419870377,
        "dmean2": 12.6415958405,
        "dvar": 185.897033691,
        "dvar2": 455.321746826,
        "max": 134.00328064,
        "mean": 16.4956512451,
        "median": 7.85723209381,
        "min": 0.00581655045971,
        "var": 445.892028809
    },
    "dissonance": {
        "dmean": 0.0481617040932,
        "dmean2": 0.083594687283,
        "dvar": 0.00298257195391,
        "dvar2": 0.00873351562768,
        "max": 0.499999821186,
        "mean": 0.42555680871,
        "median": 0.445086985826,
        "min": 0.111356288195,
        "var": 0.00495576253161
    },
    "dynamic_complexity": 11.6414165497,
    "erbbands_kurtosis": {
        "dmean": 5.09364271164,
        "dmean2": 8.52838420868,
        "dvar": 129.534851074,
        "dvar2": 318.256835938,
        "max": 154.094497681,
        "mean": 5.32949590683,
        "median": 2.00475358963,
        "min": -1.68997442722,
        "var": 140.972610474
    },
    "erbbands_skewness": {
        "dmean": 0.81395059824,
        "dmean2": 1.30436551571,
        "dvar": 0.81568801403,
        "dvar2": 1.93939697742,
        "max": 9.96793842316,
        "mean": 0.96485888958,
        "median": 0.919424951077,
        "min": -5.45544910431,
        "var": 2.18312859535
    },
    "erbbands_spread": {
        "dmean": 8.97622966766,
        "dmean2": 15.0895404816,
        "dvar": 315.748321533,
        "dvar2": 789.653015137,
        "max": 175.532974243,
        "mean": 22.0797328949,
        "median": 11.9886388779,
        "min": 0.470309495926,
        "var": 681.739868164
    },
    "hfc": {
        "dmean": 6.08520555496,
        "dmean2": 8.86287593842,
        "dvar": 199.909698486,
        "dvar2": 352.908843994,
        "max": 356.057983398,
        "mean": 9.90725517273,
        "median": 2.02326250076,
        "min": 1.14807679469e-16,
        "var": 684.242675781
    },
    "melbands_kurtosis": {
        "dmean": 2260.16137695,
        "dmean2": 3173.88842773,
        "dvar": 540725888,
        "dvar2": 1089073792,
        "max": 531459.375,
        "mean": 2132.92651367,
        "median": 5.14218711853,
        "min": -1.85044407845,
        "var": 638008896
    },
    "melbands_skewness": {
        "dmean": 5.24792385101,
        "dmean2": 7.77437543869,
        "dvar": 1034.03076172,
        "dvar2": 1877.2689209,
        "max": 698.503295898,
        "mean": 6.78034543991,
        "median": 1.32057094574,
        "min": -11.470161438,
        "var": 1906.41223145
    },
    "melbands_spread": {
        "dmean": 9.86614131927,
        "dmean2": 15.815826416,
        "dvar": 497.797210693,
        "dvar2": 988.96105957,
        "max": 347.344451904,
        "mean": 20.7887134552,
        "median": 9.90749359131,
        "min": 0.00183609407395,
        "var": 1056.32275391
    },
    "pitch_salience": {
        "dmean": 0.100195549428,
        "dmean2": 0.165545344353,
        "dvar": 0.0104932757095,
        "dvar2": 0.0256573446095,
        "max": 0.986036479473,
        "mean": 0.463286548853,
        "median": 0.488887667656,
        "min": 0.000318909238558,
        "var": 0.0283906459808
    },
    "silence_rate_20dB": {
        "dmean": 0,
        "dmean2": 0,
        "dvar": 0,
        "dvar2": 0,
        "max": 1,
        "mean": 1,
        "median": 1,
        "min": 1,
        "var": 0
    },
    "silence_rate_30dB": {
        "dmean": 0.0115440115333,
        "dmean2": 0.0231213867664,
        "dvar": 0.0114107383415,
        "dvar2": 0.0312575809658,
        "max": 1,
        "mean": 0.984149873257,
        "median": 1,
        "min": 0,
        "var": 0.0155989332125
    },
    "silence_rate_60dB": {
        "dmean": 0.106782108545,
        "dmean2": 0.21387283504,
        "dvar": 0.095379665494,
        "dvar2": 0.197032466531,
        "max": 1,
        "mean": 0.527377545834,
        "median": 1,
        "min": 0,
        "var": 0.249250799417
    },
    "spectral_centroid": {
        "dmean": 292.409393311,
        "dmean2": 433.276275635,
        "dvar": 383970.5,
        "dvar2": 517983.875,
        "max": 11611.0478516,
        "mean": 1465.3079834,
        "median": 1136.23413086,
        "min": 162.423141479,
        "var": 2616793
    },
    "spectral_complexity": {
        "dmean": 1.70851373672,
        "dmean2": 2.69942188263,
        "dvar": 7.32337760925,
        "dvar2": 13.6236019135,
        "max": 38,
        "mean": 4.44236326218,
        "median": 3,
        "min": 0,
        "var": 24.2321662903
    },
    "spectral_crest": {
        "dmean": 3.69570612907,
        "dmean2": 6.05175447464,
        "dvar": 10.8794631958,
        "dvar2": 27.1583442688,
        "max": 26.9042892456,
        "mean": 14.4630126953,
        "median": 13.5968170166,
        "min": 3.49443101883,
        "var": 35.2258377075
    },
    "spectral_decrease": {
        "dmean": 1.43369649486e-09,
        "dmean2": 2.2572403946e-09,
        "dvar": 9.11987883881e-18,
        "dvar2": 2.30936998342e-17,
        "max": 1.72424463596e-09,
        "mean": -2.97380364778e-09,
        "median": -4.93984297911e-10,
        "min": -3.74152300253e-08,
        "var": 3.54133060155e-17
    },
    "spectral_energy": {
        "dmean": 0.00588850630447,
        "dmean2": 0.00924868416041,
        "dvar": 0.00014756769815,
        "dvar2": 0.000377462012693,
        "max": 0.144680157304,
        "mean": 0.0121224308386,
        "median": 0.00235758442432,
        "min": 1.06425857327e-20,
        "var": 0.000542586669326
    },
    "spectral_energyband_high": {
        "dmean": 0.000191905070096,
        "dmean2": 0.000220928821363,
        "dvar": 6.79611332544e-07,
        "dvar2": 6.69799817388e-07,
        "max": 0.0257652923465,
        "mean": 0.000317156722303,
        "median": 4.37230664829e-06,
        "min": 7.42774505081e-21,
        "var": 3.21121933666e-06
    },
    "spectral_energyband_low": {
        "dmean": 0.000753073196393,
        "dmean2": 0.000969388172962,
        "dvar": 1.74230353878e-05,
        "dvar2": 3.91149224015e-05,
        "max": 0.0920389816165,
        "mean": 0.00177772704046,
        "median": 1.65072706295e-05,
        "min": 3.79336261832e-23,
        "var": 4.26061305916e-05
    },
    "spectral_energyband_middle_high": {
        "dmean": 0.00275608408265,
        "dmean2": 0.00479293335229,
        "dvar": 6.287603901e-05,
        "dvar2": 0.000179601513082,
        "max": 0.0895794853568,
        "mean": 0.00275895581581,
        "median": 0.000397843541577,
        "min": 1.46414139012e-21,
        "var": 5.75040539843e-05
    },
    "spectral_energyband_middle_low": {
        "dmean": 0.00263912603259,
        "dmean2": 0.00379113992676,
        "dvar": 4.2408129957e-05,
        "dvar2": 8.1385987869e-05,
        "max": 0.143712446094,
        "mean": 0.00758577650413,
        "median": 0.000288873707177,
        "min": 3.53540447123e-22,
        "var": 0.000404320133384
    },
    "spectral_flatness_db": {
        "dmean": 0.0424205474555,
        "dmean2": 0.0649103224277,
        "dvar": 0.00287370220758,
        "dvar2": 0.00658446503803,
        "max": 0.8636059165,
        "mean": 0.274648696184,
        "median": 0.270489573479,
        "min": 0.0537030361593,
        "var": 0.0140546448529
    },
    "spectral_flux": {
        "dmean": 0.0183974355459,
        "dmean2": 0.0297755282372,
        "dvar": 0.000696676783264,
        "dvar2": 0.00167662347667,
        "max": 0.260493665934,
        "mean": 0.0471451021731,
        "median": 0.032597348094,
        "min": 1.03162908771e-10,
        "var": 0.00218905508518
    },
    "spectral_kurtosis": {
        "dmean": 6.76880073547,
        "dmean2": 11.4658575058,
        "dvar": 86.805519104,
        "dvar2": 219.780456543,
        "max": 120.280036926,
        "mean": 18.3771476746,
        "median": 11.765504837,
        "min": -1.35485255718,
        "var": 466.068572998
    },
    "spectral_rms": {
        "dmean": 0.000749963975977,
        "dmean2": 0.00112463277765,
        "dvar": 1.11357417154e-06,
        "dvar2": 2.7843755106e-06,
        "max": 0.0118807144463,
        "mean": 0.00236331275664,
        "median": 0.00151658570394,
        "min": 3.22226793859e-12,
        "var": 6.24150789008e-06
    },
    "spectral_rolloff": {
        "dmean": 705.467285156,
        "dmean2": 1162.54528809,
        "dvar": 3145070.5,
        "dvar2": 6739551.5,
        "max": 19078.4179688,
        "mean": 2075.07006836,
        "median": 1098.19335938,
        "min": 21.533203125,
        "var": 12362286
    },
    "spectral_skewness": {
        "dmean": 0.570007860661,
        "dmean2": 0.934538841248,
        "dvar": 0.415987044573,
        "dvar2": 1.02206242085,
        "max": 8.87926673889,
        "mean": 2.86763596535,
        "median": 2.57632303238,
        "min": -1.39169692993,
        "var": 3.01082444191
    },
    "spectral_spread": {
        "dmean": 992305.9375,
        "dmean2": 1513008.5,
        "dvar": 5.67031103488e+12,
        "dvar2": 9.13761422541e+12,
        "max": 41271888,
        "mean": 4369535.5,
        "median": 2752576.5,
        "min": 590281.5,
        "var": 1.46582745907e+13
    },
    "spectral_strongpeak": {
        "dmean": 0.60830271244,
        "dmean2": 0.995023965836,
        "dvar": 1.61996591091,
        "dvar2": 3.75665569305,
        "max": 26.3721237183,
        "mean": 0.949940681458,
        "median": 0.36891540885,
        "min": 0,
        "var": 4.11132764816
    },
    "zerocrossingrate": {
        "dmean": 0.0156743209809,
        "dmean2": 0.0188298746943,
        "dvar": 0.00100529904012,
        "dvar2": 0.00115118536633,
        "max": 0.62158203125,
        "mean": 0.073381498456,
        "median": 0.04345703125,
        "min": 0,
        "var": 0.0105045773089
    },
    "barkbands": {
        "dmean": [0.000617365527432, 0.000112367117254, 0.000335828983225, 0.000421575270593, 0.000605630222708, 0.000802506110631, 0.00107043795288, 0.000654007249977, 0.000256074592471, 0.00032327286317, 0.000500324938912, 0.00133014039602, 0.000381578138331, 0.000106100429548, 0.000247378251515, 4.87466641061e-05, 4.56094930996e-05, 4.9047608627e-05, 4.11118162447e-05, 2.72196593869e-05, 2.44326092798e-05, 1.39963485708e-05, 1.34320944198e-05, 1.64514331118e-05, 2.9512846595e-05, 6.13393931417e-05, 2.95291229122e-05],
        "dmean2": [0.00107459607534, 0.000173129257746, 0.000438852410298, 0.000432621309301, 0.000590124516748, 0.000869208073709, 0.00176181877032, 0.00105775950942, 0.00039580964949, 0.000550929631572, 0.000894934346434, 0.00237802532502, 0.000649824505672, 0.000185663753655, 0.000431716471212, 8.31045108498e-05, 6.93756519468e-05, 7.81541748438e-05, 6.57362979837e-05, 4.17513838329e-05, 3.93512345909e-05, 2.15565814869e-05, 1.94841741177e-05, 2.21362988668e-05, 3.212894444e-05, 6.6770153353e-05, 2.95868503599e-05],
        "dvar": [1.11784065666e-05, 1.53231167133e-06, 7.89867226558e-06, 4.73031423098e-06, 8.13073802419e-06, 1.00267407106e-05, 1.65184465004e-05, 3.5153684621e-06, 7.64298818012e-07, 1.72943441612e-06, 7.12044811735e-06, 3.9403734263e-05, 2.73200544143e-06, 1.88893125141e-07, 9.22166066175e-07, 2.49830129917e-08, 1.7206820857e-08, 5.12327353874e-08, 4.7567574768e-08, 2.59463384111e-08, 2.34272157229e-08, 3.68579922139e-09, 6.10514128141e-09, 4.17209511383e-09, 2.31765557857e-08, 1.24083356923e-07, 6.02112493198e-08],
        "dvar2": [3.05722824123e-05, 3.22024334309e-06, 1.94832191482e-05, 6.42822578811e-06, 8.72836335475e-06, 1.41276632348e-05, 4.46361882496e-05, 8.95698394743e-06, 1.76945013663e-06, 4.65777975478e-06, 1.76080302481e-05, 0.000112087043817, 8.05665331427e-06, 5.21471179127e-07, 2.52761378761e-06, 7.15769772341e-08, 3.39139063499e-08, 1.27952731077e-07, 1.17698149893e-07, 6.05192695957e-08, 5.92783635511e-08, 9.18191656041e-09, 1.22665761992e-08, 8.40073166586e-09, 1.97184970574e-08, 9.073303886e-08, 4.81408157782e-08],
        "max": [0.0619996376336, 0.02889296785, 0.06268530339, 0.0610115006566, 0.0778544098139, 0.0774981305003, 0.0471672415733, 0.0306090135127, 0.0147864017636, 0.0183586254716, 0.0475827157497, 0.0843404978514, 0.0291396304965, 0.00602629827335, 0.0123890116811, 0.00168352981564, 0.00207397923805, 0.00334759824909, 0.00312238768674, 0.0029352765996, 0.00218193023466, 0.000967621337622, 0.0021961950697, 0.0013931079302, 0.00503938738257, 0.0120617998764, 0.00835336651653],
        "mean": [0.000659266894218, 0.000104515755083, 0.000717046495993, 0.00145382620394, 0.00158003345132, 0.00182879285421, 0.00125628698152, 0.00109691848047, 0.000316928926622, 0.000300078419968, 0.000452819658676, 0.00121219758876, 0.000329865433741, 8.64198809722e-05, 0.000208841971471, 4.57243477285e-05, 5.30487996002e-05, 4.92225553899e-05, 4.15561225964e-05, 3.31545088557e-05, 2.25117164518e-05, 1.64958746609e-05, 1.77480505954e-05, 2.16917342186e-05, 5.06392680109e-05, 0.000118258074508, 4.85537202621e-05],
        "median": [3.04297427647e-05, 4.3675845518e-07, 1.01306255829e-07, 1.23809599017e-07, 6.13408928984e-07, 1.64336518083e-06, 8.40125176182e-06, 1.28794199554e-05, 1.02811609395e-05, 1.15155107778e-05, 1.21180764836e-05, 2.05420255952e-05, 1.83962474694e-05, 4.88472505822e-06, 6.38857909507e-06, 3.35947243002e-06, 3.08659991788e-06, 1.21109178508e-06, 1.60395927651e-06, 6.91676859788e-07, 4.70018733267e-07, 3.81152062801e-07, 2.17069128894e-07, 1.95093463162e-07, 1.33620474685e-07, 3.59848399967e-08, 1.04585295979e-09],
        "min": [6.57070646951e-24, 2.08617232503e-23, 5.63857382998e-24, 7.8767808718e-24, 2.1572900289e-23, 5.28819029376e-23, 6.94496858867e-23, 5.00630694204e-23, 6.49583662763e-23, 5.68226670559e-23, 5.45322819928e-23, 1.10337722378e-22, 7.75484916603e-23, 9.33474255277e-23, 1.12936003008e-22, 1.64737482049e-22, 1.70115695887e-22, 1.97627365107e-22, 1.22112298114e-22, 3.23142922763e-22, 3.16413396505e-22, 4.13433114697e-22, 6.59886514351e-22, 7.79991735753e-22, 1.17491847654e-21, 1.49095024107e-21, 2.56578299368e-21],
        "var": [1.5447185433e-05, 1.60408785632e-06, 1.21861667139e-05, 4.33312598034e-05, 5.87670729146e-05, 6.0119346017e-05, 2.22617127292e-05, 1.15719603855e-05, 1.47036109865e-06, 1.65722667589e-06, 7.0291753218e-06, 3.34705728164e-05, 2.04259640668e-06, 1.37737345085e-07, 7.00421139754e-07, 1.86938962088e-08, 3.11925205665e-08, 5.43686979881e-08, 5.06552417789e-08, 3.71538710908e-08, 1.92823339518e-08, 6.10458794625e-09, 1.33520385859e-08, 8.92586449197e-09, 1.11473823949e-07, 7.45512807043e-07, 2.47178888912e-07]
    },
    "erbbands": {
        "dmean": [0.00380811071955, 0.031228557229, 0.310745209455, 0.895933270454, 1.64577782154, 1.59524667263, 4.8381934166, 5.77106571198, 10.3742246628, 20.7219696045, 13.0808954239, 5.69856595993, 6.33891487122, 20.6617870331, 21.1170501709, 54.3916397095, 20.7413387299, 9.18744087219, 10.9755163193, 6.54811811447, 2.93433189392, 2.66371893883, 2.25211191177, 2.58676886559, 1.56362736225, 1.46809697151, 1.24038040638, 0.804356634617, 0.577545821667, 0.581108212471, 0.23355230689, 0.270197540522, 0.297457903624, 0.226957201958, 0.268890291452, 0.244184553623, 0.129408761859, 0.0547212176025, 0.00241523003206, 4.53376378573e-05],
        "dmean2": [0.00691607082263, 0.0443669483066, 0.431398332119, 0.831500887871, 2.13750839233, 1.56973779202, 5.58168268204, 6.2418217659, 14.5199518204, 36.5285186768, 20.6597671509, 8.2023935318, 11.0297746658, 37.2473373413, 36.5055389404, 96.8035583496, 35.0260391235, 15.5928888321, 19.1080589294, 11.633972168, 4.96784210205, 4.06276082993, 3.43911623955, 4.41434574127, 2.46447253227, 2.46920609474, 2.00402545929, 1.28558743, 0.888486564159, 0.86379468441, 0.357369929552, 0.394018083811, 0.433415442705, 0.260161042213, 0.323076546192, 0.283111393452, 0.134717971087, 0.0567893721163, 0.0022920742631, 4.64981276309e-05],
        "dvar": [0.000349808688043, 0.167779684067, 9.71714878082, 13.1887989044, 116.4662323, 82.0100402832, 757.022155762, 401.202423096, 1834.60314941, 8040.32470703, 1288.74731445, 398.328918457, 1039.11657715, 8669.8046875, 6469.20556641, 67598.59375, 3854.12817383, 2152.30639648, 1366.1640625, 475.995758057, 84.6002502441, 56.9148139954, 78.1880264282, 294.395843506, 60.0908927917, 100.217712402, 75.4323883057, 18.7051239014, 6.99761199951, 18.1610488892, 0.762033343315, 1.55009937286, 1.30987668037, 1.48643803596, 1.87048089504, 1.58562803268, 0.569065749645, 0.193374231458, 0.00038577063242, 9.57636032695e-08],
        "dvar2": [0.000891155737918, 0.370009750128, 24.2277317047, 14.4223337173, 192.494018555, 82.8322601318, 1017.26275635, 517.257568359, 3095.39916992, 26994.5429688, 2881.07055664, 793.273864746, 3121.88037109, 22955.484375, 17813.53125, 193113.859375, 10772.9648438, 6547.43505859, 3701.33447266, 1325.76733398, 240.112701416, 117.646995544, 166.698135376, 807.32623291, 146.144348145, 259.218353271, 194.215270996, 45.6485595703, 15.7787256241, 37.2390365601, 1.60831058025, 3.07705259323, 3.07845568657, 1.52415156364, 1.84582042694, 1.7962448597, 0.490270704031, 0.148120552301, 0.000270630407613, 6.52027267734e-08],
        "max": [0.247597590089, 9.67209625244, 70.8462142944, 100.970191956, 243.814468384, 259.177825928, 716.215209961, 340.655151367, 776.684875488, 1391.38049316, 441.581542969, 426.284210205, 661.307556152, 1385.17980957, 940.152160645, 3873.86767578, 815.197814941, 855.956481934, 470.313781738, 233.127426147, 95.1964645386, 101.807441711, 140.462005615, 254.887145996, 102.874534607, 207.038131714, 133.084594727, 65.434928894, 56.945186615, 113.071464539, 18.8461265564, 32.3944320679, 19.7272853851, 41.9207038879, 42.8510322571, 42.3563652039, 25.2570209503, 14.9348993301, 0.678891718388, 0.0107574071735],
        "mean": [0.00463801901788, 0.0317365676165, 0.537670195103, 3.33455944061, 4.8534154892, 4.33539104462, 14.8303918839, 12.6426086426, 13.9601049423, 26.0390090942, 19.6743144989, 7.12760829926, 6.91882419586, 18.0313091278, 21.1863250732, 47.5778961182, 18.6246109009, 7.49914646149, 9.28288269043, 5.71396875381, 2.87848806381, 3.0297498703, 2.59068632126, 2.43995404243, 1.82245314121, 1.81999838352, 1.07736563683, 0.789739251137, 0.712274968624, 0.746508002281, 0.333779931068, 0.35050162673, 0.419410586357, 0.388391554356, 0.445046007633, 0.434014886618, 0.237344026566, 0.0975079387426, 0.00427544722334, 8.52586090332e-05],
        "median": [0.00012089475058, 0.000134330868605, 0.000200249167392, 0.000403860292863, 0.000776460627094, 0.00250793574378, 0.00809121690691, 0.0300169959664, 0.131979942322, 0.374083667994, 0.398848891258, 0.323848664761, 0.414285302162, 0.927271366119, 1.01179456711, 1.32709813118, 1.35731720924, 0.571340799332, 0.510112524033, 0.399891674519, 0.258434414864, 0.206953123212, 0.0968795418739, 0.102273255587, 0.0721274912357, 0.035762578249, 0.023925088346, 0.0172677598894, 0.0150115378201, 0.00847796164453, 0.00527382455766, 0.00405183248222, 0.0024779420346, 0.00162763474509, 0.000806014693808, 0.000269109470537, 4.80949456687e-05, 6.99288466421e-06, 4.22397897637e-06, 3.89732031181e-06],
        "min": [8.3768510961e-22, 3.82185836943e-21, 6.19800455314e-21, 1.58821424108e-20, 6.03544320637e-20, 5.63238717444e-20, 2.55509887363e-19, 4.76370988324e-19, 4.2721973538e-19, 1.11368971376e-18, 1.03025707185e-18, 1.75267288168e-18, 2.17956321823e-18, 1.21342970445e-18, 3.16279083296e-18, 3.9291219717e-18, 3.90852393367e-18, 3.26090127784e-18, 7.40034901633e-18, 5.34991303442e-18, 9.20488736319e-18, 1.01026033209e-17, 1.19974788897e-17, 6.13925178831e-18, 6.68503465546e-18, 1.46787004728e-17, 1.13244185688e-17, 1.40900076114e-17, 1.60485628524e-17, 1.73973916834e-17, 1.82950745539e-17, 1.47511962361e-17, 1.31954134333e-17, 8.63744063579e-18, 1.02322572645e-17, 4.60159540787e-18, 3.13373859548e-18, 1.0783135771e-18, 3.80549119545e-19, 3.86501465997e-20],
        "var": [0.000468933372758, 0.166107326746, 10.1688928604, 163.712417603, 696.766357422, 534.959533691, 6226.34716797, 1849.7401123, 3219.95776367, 9824.0234375, 3099.49145508, 701.979797363, 1207.5111084, 8126.81542969, 6072.203125, 56724.7773438, 3583.76831055, 1535.05761719, 1071.10864258, 344.943481445, 64.9959716797, 96.3396072388, 112.150665283, 246.137313843, 72.6648864746, 131.969284058, 59.900604248, 17.5078086853, 14.3768520355, 34.9770126343, 2.03613996506, 3.26908516884, 2.91572356224, 7.25917053223, 8.33007717133, 8.65566062927, 3.05667686462, 0.862505316734, 0.00178027153015, 4.55204173022e-07]
    },
    "gfcc": {
        "mean": [-272.954833984, 62.2005958557, -134.908874512, -20.0919837952, -55.4060249329, 14.6541719437, -28.6504898071, 10.3744544983, -11.8689002991, 10.7109498978, -4.31288051605, 2.33833765984, -8.57243824005],
        "cov": [[42297.3515625, 3377.50463867, -6059.58447266, -2063.0378418, -1146.16662598, -445.683410645, -352.614196777, -440.309020996, -693.609558105, -328.206970215, -216.036056519, -335.332336426, -73.6520004272], [3377.50463867, 8054.00341797, 297.407318115, -347.286560059, -769.447875977, -2326.62744141, -1126.14587402, -1514.62963867, -141.350631714, -975.002807617, -394.596374512, -1072.81335449, 93.1190109253], [-6059.58447266, 297.407318115, 5628.61816406, 1199.78637695, 76.7209396362, 14.6470012665, -536.451293945, -619.077758789, -274.511932373, -235.143417358, -780.114379883, -110.910926819, -169.230895996], [-2063.0378418, -347.286560059, 1199.78637695, 1416.38000488, 375.1484375, 85.8422698975, 26.332025528, -160.938293457, -354.410675049, -231.820114136, -218.276824951, 22.7388896942, -79.2997512817], [-1146.16662598, -769.447875977, 76.7209396362, 375.1484375, 685.513122559, 364.225189209, 204.250411987, 218.820587158, -35.5892753601, 12.6251029968, -7.27135944366, 76.3715591431, -24.3363437653], [-445.683410645, -2326.62744141, 14.6470012665, 85.8422698975, 364.225189209, 1364.43347168, 479.237426758, 490.199035645, -3.54355168343, 223.745132446, 64.9124832153, 305.498596191, -99.3837509155], [-352.614196777, -1126.14587402, -536.451293945, 26.332025528, 204.250411987, 479.237426758, 600.58984375, 336.494171143, 80.0483016968, 165.863616943, 153.901733398, 156.751678467, -21.0343761444], [-440.309020996, -1514.62963867, -619.077758789, -160.938293457, 218.820587158, 490.199035645, 336.494171143, 672.393066406, 224.57232666, 323.701049805, 194.075897217, 209.821746826, 21.5824489594], [-693.609558105, -141.350631714, -274.511932373, -354.410675049, -35.5892753601, -3.54355168343, 80.0483016968, 224.57232666, 383.445709229, 220.155303955, 150.943435669, -4.57376337051, 49.2843551636], [-328.206970215, -975.002807617, -235.143417358, -231.820114136, 12.6251029968, 223.745132446, 165.863616943, 323.701049805, 220.155303955, 388.458526611, 156.332901001, 170.91255188, -0.0120704071596], [-216.036056519, -394.596374512, -780.114379883, -218.276824951, -7.27135944366, 64.9124832153, 153.901733398, 194.075897217, 150.943435669, 156.332901001, 333.122283936, 129.1197052, 55.5907669067], [-335.332336426, -1072.81335449, -110.910926819, 22.7388896942, 76.3715591431, 305.498596191, 156.751678467, 209.821746826, -4.57376337051, 170.91255188, 129.1197052, 323.919158936, 56.1711883545], [-73.6520004272, 93.1190109253, -169.230895996, -79.2997512817, -24.3363437653, -99.3837509155, -21.0343761444, 21.5824489594, 49.2843551636, -0.0120704071596, 55.5907669067, 56.1711883545, 199.083786011]],
        "icov": [[3.84928898711e-05, -2.52802419709e-05, 6.07765141467e-05, 3.01865038637e-05, 3.90500754293e-05, -3.71830719814e-05, 2.06882286875e-05, 5.19523197795e-08, 0.000112701272883, -7.52294217818e-05, 0.000148767168866, -3.03817578242e-05, 1.72709314938e-05], [-2.52802419709e-05, 0.00049986114027, -3.00451320072e-05, 0.000123753809021, -3.30808543367e-05, 0.000411526707467, 5.90645176999e-05, 0.000443497381639, -0.000276762730209, 0.000577123195399, -0.000173159554834, 0.000699112366419, -0.000140200587339], [6.07765141467e-05, -3.00451320072e-05, 0.000485422613565, -0.000261114240857, 9.83022109722e-05, -0.000191960934899, 0.000287382426905, 0.000381200865377, -0.000361808983143, -0.000271833327133, 0.00107397837564, -0.000396300572902, 0.000151866246597], [3.01865038637e-05, 0.000123753809021, -0.000261114240857, 0.00148502853699, -0.000620613165665, 0.000375437928597, -0.000355335214408, -5.68782925257e-05, 0.0010850050021, 0.000489359139465, -0.000119623633509, 2.54358183156e-05, 0.000160680603585], [3.90500754293e-05, -3.30808543367e-05, 9.83022109722e-05, -0.000620613165665, 0.00228956481442, -0.00039581998135, -0.000163643562701, -0.000745709054172, -6.9757035817e-05, 0.000360755482689, 0.000277770654066, 0.000115768940304, -8.08230397524e-05], [-3.71830719814e-05, 0.000411526707467, -0.000191960934899, 0.000375437928597, -0.00039581998135, 0.00193408131599, -0.000718276889529, -0.00041750780656, 8.14462036942e-05, 0.000778514135163, 0.000100480458059, -0.000459762930404, 0.000748165592086], [2.06882286875e-05, 5.90645176999e-05, 0.000287382426905, -0.000355335214408, -0.000163643562701, -0.000718276889529, 0.00308461603709, -0.000360347388778, -0.000352522562025, -9.43283594097e-05, -0.000375584379071, -5.6470540585e-05, 0.000277250364888], [5.19523197795e-08, 0.000443497381639, 0.000381200865377, -5.68782925257e-05, -0.000745709054172, -0.00041750780656, -0.000360347388778, 0.00469057634473, -0.00169115874451, -0.00133338943124, 0.000375245581381, -8.92302778084e-05, -0.000413219269831], [0.000112701272883, -0.000276762730209, -0.000361808983143, 0.0010850050021, -6.9757035817e-05, 8.14462036942e-05, -0.000352522562025, -0.00169115874451, 0.00771162565798, -0.00370372296311, -0.00202701007947, 0.00339358183555, -0.00182677211706], [-7.52294217818e-05, 0.000577123195399, -0.000271833327133, 0.000489359139465, 0.000360755482689, 0.000778514135163, -9.43283594097e-05, -0.00133338943124, -0.00370372296311, 0.00830643903464, -0.000483357755002, -0.00280653336085, 0.00207761116326], [0.000148767168866, -0.000173159554834, 0.00107397837564, -0.000119623633509, 0.000277770654066, 0.000100480458059, -0.000375584379071, 0.000375245581381, -0.00202701007947, -0.000483357755002, 0.00757535453886, -0.00310456892475, 0.000267497409368], [-3.03817578242e-05, 0.000699112366419, -0.000396300572902, 2.54358183156e-05, 0.000115768940304, -0.000459762930404, -5.6470540585e-05, -8.92302778084e-05, 0.00339358183555, -0.00280653336085, -0.00310456892475, 0.00908326730132, -0.00341284484603], [1.72709314938e-05, -0.000140200587339, 0.000151866246597, 0.000160680603585, -8.08230397524e-05, 0.000748165592086, 0.000277250364888, -0.000413219269831, -0.00182677211706, 0.00207761116326, 0.000267497409368, -0.00341284484603, 0.00706636114046]]
    },
    "melbands": {
        "dmean": [5.36093721166e-05, 0.000121475364722, 0.000180757735507, 0.000106542240246, 0.000144823934534, 0.00013471445709, 0.000174052009243, 0.000206896540476, 0.00010288663907, 3.1568473787e-05, 3.0890252674e-05, 8.28865740914e-05, 6.39576028334e-05, 0.000133846071549, 0.000103857812064, 3.40802871506e-05, 1.45860412886e-05, 1.51699387061e-05, 1.94316653506e-05, 3.31895307681e-06, 3.51198286808e-06, 2.73809700957e-06, 2.41042130256e-06, 2.00182125809e-06, 2.16350713345e-06, 1.61172124535e-06, 7.12456881047e-07, 1.0106695072e-06, 8.05827028216e-07, 6.1483922309e-07, 4.33575308989e-07, 3.34803502255e-07, 2.59837150907e-07, 3.79297745212e-07, 1.11389034885e-07, 2.11171993669e-07, 1.55246780764e-07, 2.10635732856e-07, 2.03403075716e-07, 1.99216259489e-07],
        "dmean2": [9.28221415961e-05, 0.000168343220139, 0.000203423012863, 0.000128396161017, 0.000161566451425, 0.00013945576211, 0.000259094842477, 0.000367980683222, 0.000158318303875, 4.64751865366e-05, 5.37612140761e-05, 0.000149528292241, 0.000109763393993, 0.00024098000722, 0.000181767565664, 5.7409179135e-05, 2.52507252299e-05, 2.65430426225e-05, 3.39491925843e-05, 5.87207705394e-06, 5.94677749177e-06, 4.30575209975e-06, 3.76470370611e-06, 3.26303097609e-06, 3.75258059648e-06, 2.65646167463e-06, 1.1273285736e-06, 1.72121599462e-06, 1.35692403092e-06, 1.00641227618e-06, 7.0311887157e-07, 5.29445060238e-07, 3.63731317066e-07, 6.02777276981e-07, 1.7493654525e-07, 3.14888268349e-07, 2.30365415632e-07, 3.12045045803e-07, 2.83415403146e-07, 2.47618345384e-07],
        "dvar": [8.09343490005e-08, 1.5382811398e-06, 7.97195070845e-07, 3.46792603523e-07, 5.56273960228e-07, 2.16532072272e-07, 4.10830466535e-07, 7.45489955989e-07, 9.01999612779e-08, 1.47130307937e-08, 2.56557672884e-08, 1.34571024546e-07, 7.19550499184e-08, 5.58087549507e-07, 1.90658795418e-07, 3.07095007201e-08, 5.22814458392e-09, 2.31536878559e-09, 6.19023898807e-09, 1.26060578642e-10, 1.44362993781e-10, 5.46832926163e-11, 8.65440358266e-11, 1.01093501625e-10, 2.29286728493e-10, 7.45933662061e-11, 1.06090206065e-11, 5.49305011199e-11, 3.41823409855e-11, 1.93844766627e-11, 4.56753688691e-12, 2.26927764774e-12, 1.37163761252e-12, 1.02592326995e-11, 1.38063524372e-13, 1.01610321719e-12, 4.50698641819e-13, 7.08343106393e-13, 6.81092823199e-13, 1.37983472304e-12],
        "dvar2": [1.90973821645e-07, 3.74661112801e-06, 1.23402071495e-06, 4.84448037241e-07, 7.28239911041e-07, 2.66137362814e-07, 7.85745783105e-07, 2.46584841079e-06, 1.94880072968e-07, 3.20324851089e-08, 7.46886641423e-08, 3.59954043461e-07, 1.81782581876e-07, 1.59252999765e-06, 5.47639956494e-07, 9.24114047507e-08, 1.57284052449e-08, 6.26160145956e-09, 1.70523506426e-08, 3.53929913155e-10, 4.0669445589e-10, 1.18594370435e-10, 1.53261778268e-10, 2.55168358665e-10, 6.36755370653e-10, 1.96289387522e-10, 2.28912427208e-11, 1.42678951986e-10, 8.95346782825e-11, 5.0110766231e-11, 1.07988132325e-11, 5.87149382933e-12, 2.22412062725e-12, 2.35236847362e-11, 3.68336275109e-13, 2.23993263174e-12, 9.89327001398e-13, 1.85744345252e-12, 1.02367582726e-12, 1.6311306689e-12],
        "max": [0.00481273792684, 0.0285661444068, 0.0198835302144, 0.0149253988639, 0.0191316828132, 0.00803447514772, 0.010252635926, 0.0132494578138, 0.00399836245924, 0.00240710377693, 0.00324812508188, 0.0051756571047, 0.00464171404019, 0.0127906650305, 0.00754183297977, 0.003197965445, 0.00124806386884, 0.000544820039067, 0.00100004463457, 0.00013803470938, 0.000132483502966, 8.72127202456e-05, 0.000168916216353, 0.000161837946507, 0.00022294097289, 0.000102090845758, 4.99201341881e-05, 0.000154648092575, 9.06661298359e-05, 6.3219878939e-05, 3.16796104016e-05, 2.72559118457e-05, 2.89167492156e-05, 8.03555449238e-05, 5.08972743773e-06, 2.23358947551e-05, 1.55496800289e-05, 1.1929689208e-05, 2.29683228099e-05, 3.82221915061e-05],
        "mean": [6.32957744529e-05, 0.000202161449124, 0.000641773163807, 0.000290815980406, 0.000445152574684, 0.000291500706226, 0.000229594894336, 0.000279998668702, 0.000143638259033, 3.9147795178e-05, 3.36149278155e-05, 7.04984558979e-05, 6.20590726612e-05, 0.00012182550563, 9.01303355931e-05, 2.79286268778e-05, 1.14890572149e-05, 1.25912929434e-05, 1.62653595908e-05, 3.06318406729e-06, 3.36559514835e-06, 2.98978966384e-06, 3.0107519251e-06, 2.05749984161e-06, 1.97254257728e-06, 1.59154944868e-06, 9.81081598184e-07, 1.23452844036e-06, 6.77881189404e-07, 5.13461657192e-07, 4.45940628424e-07, 3.86961943377e-07, 3.39681832884e-07, 4.59424967403e-07, 1.40942077564e-07, 2.57839388951e-07, 1.8249940581e-07, 2.78070274362e-07, 3.09543509047e-07, 3.33765143523e-07],
        "median": [1.85062458513e-06, 9.49275218431e-08, 8.75071961559e-08, 7.66004788488e-08, 1.91772443259e-07, 4.08910608485e-07, 1.67718121702e-06, 3.71376472685e-06, 2.24330415222e-06, 1.27038435949e-06, 1.18167167784e-06, 2.27562395594e-06, 2.28587668971e-06, 2.04645789381e-06, 4.02678597311e-06, 1.4063089111e-06, 5.02692387272e-07, 6.1378045757e-07, 4.41258094952e-07, 2.47545472121e-07, 2.62492676484e-07, 1.90603060446e-07, 7.66314798284e-08, 4.78520334468e-08, 6.94627644293e-08, 6.09061316936e-08, 2.72404356849e-08, 1.89700415376e-08, 1.54082648862e-08, 9.73399671977e-09, 7.72417241279e-09, 7.84591058789e-09, 5.57503065934e-09, 3.46463480128e-09, 2.99923064162e-09, 2.66625121981e-09, 2.07877448588e-09, 1.52073620363e-09, 1.32109523321e-09, 1.17325738014e-09],
        "min": [7.66541821402e-24, 4.13165741337e-24, 4.6266767033e-24, 3.50327645425e-24, 7.49769218607e-24, 1.00992197674e-23, 8.83419137575e-24, 1.1901709349e-23, 8.33372302912e-24, 1.07490739148e-23, 1.03522808238e-23, 4.31540283972e-24, 9.51090387038e-24, 9.85184639817e-24, 9.1358257535e-24, 8.38533346498e-24, 5.3729671242e-24, 1.27642530182e-23, 7.90836686244e-24, 5.36838778665e-24, 1.02252955173e-23, 9.59115074596e-24, 1.09947299339e-23, 8.57242366157e-24, 4.48097803841e-24, 3.97919466065e-24, 6.26140396934e-24, 1.07182539081e-23, 7.47282492376e-24, 7.05694692085e-24, 8.27360551726e-24, 7.70816343103e-24, 1.00198011958e-23, 1.06044914881e-23, 1.12970979522e-23, 7.90565949182e-24, 8.22405006405e-24, 9.70833603343e-24, 6.6003644841e-24, 7.40254530571e-24],
        "var": [1.11018472637e-07, 1.63895424521e-06, 6.44378178549e-06, 2.11558653973e-06, 4.78078118249e-06, 1.05716094367e-06, 7.28532370431e-07, 1.02548392533e-06, 1.68121488286e-07, 2.72548437152e-08, 3.04463192435e-08, 1.22216675891e-07, 7.22200610426e-08, 4.02186458359e-07, 1.85625381732e-07, 2.19654623379e-08, 3.7901357608e-09, 1.78833881037e-09, 4.60932358948e-09, 9.15500522614e-11, 1.10779753426e-10, 7.76377503953e-11, 1.93686428007e-10, 1.03695468878e-10, 1.84439616358e-10, 7.06069508416e-11, 1.9157449932e-11, 6.80095701977e-11, 2.6250227686e-11, 1.47442873882e-11, 4.85949518472e-12, 3.67467428014e-12, 3.90567526237e-12, 1.62441848167e-11, 2.25547350436e-13, 2.13863562276e-12, 7.52116576484e-13, 1.1530289527e-12, 2.60834127734e-12, 6.42262978912e-12]
    },
