{
"metadata": {
    "version": {
        "essentia": "2.0.1",
        "extractor": "archive-music 1.0"
    },
    "audio_properties": {
        "analysis_sample_rate": 44100,
        "bitrate": 128,
        "channels": 2,
        "equal_loudness": 0,
        "length": 15.6473464966,
        "replay_gain": -8.16556930542,
        "downmix": "mix"
    },
    "tags": {
        "track": 0,
        "year": 0,
        "album": "",
        "artist": "",
        "comment": "",
        "genre": "",
        "title": ""
    }
},
"highlevel": {
    "culture": {
        "all": {
            "non_western": 0.977594971657,
            "western": 0.0224050395191
        },
        "probability": 0.977594971657,
        "value": "non_western"
    },
    "danceability": {
        "all": {
            "danceable": 0.0246750097722,
            "not_danceable": 0.975324988365
        },
        "probability": 0.975324988365,
        "value": "not_danceable"
    },
    "gender": {
        "all": {
            "female": 0.181238621473,
            "male": 0.818761408329
        },
        "probability": 0.818761408329,
        "value": "male"
    },
    "genre_dortmund": {
        "all": {
            "alternative": 0.0229248143733,
            "blues": 0.0116337733343,
            "electronic": 0.00659127114341,
            "folkcountry": 0.247705027461,
            "funksoulrnb": 0.0026434941683,
            "jazz": 0.669736742973,
            "pop": 0.0313700810075,
            "raphiphop": 0.00308165024035,
            "rock": 0.0043131550774
        },
        "probability": 0.669736742973,
        "value": "jazz"
    },
    "genre_electronic": {
        "all": {
            "ambient": 0.993941247463,
            "dnb": 0.00078404287342,
            "house": 0.00165838596877,
            "techno": 0.00257676886395,
            "trance": 0.001039566705
        },
        "probability": 0.993941247463,
        "value": "ambient"
    },
    "genre_rosamerica": {
        "all": {
            "cla": 0.346643418074,
            "dan": 0.0131687531248,
            "hip": 0.080628015101,
            "jaz": 0.414225131273,
            "pop": 0.0205850936472,
            "rhy": 0.0311888996512,
            "roc": 0.0140302740037,
            "spe": 0.0795304328203
        },
        "probability": 0.414225131273,
        "value": "jaz"
    },
    "genre_tzanetakis": {
        "all": {
            "blu": 0.0188335590065,
            "cla": 0.0170060675591,
            "cou": 0.0623087473214,
            "dis": 0.00573865044862,
            "hip": 0.0330608487129,
            "jaz": 0.355687439442,
            "met": 0.00650095148012,
            "pop": 0.0112925749272,
            "reg": 0.475516557693,
            "roc": 0.0140546150506
        },
        "probability": 0.475516557693,
        "value": "reg"
    },
    "mirex_ballroom": {
        "all": {
            "ChaChaCha": 0.000822104688268,
            "Jive": 0.000692870933563,
            "Quickstep": 0.00115777913015,
            "Rumba-American": 0.000792588631157,
            "Rumba-International": 0.00349570903927,
            "Rumba-Misc": 0.00650625675917,
            "Samba": 0.000223907394684,
            "Tango": 0.000181601004442,
            "VienneseWaltz": 0.66881275177,
            "Waltz": 0.31731441617
        },
        "probability": 0.66881275177,
        "value": "VienneseWaltz"
    },
    "mood_acoustic": {
        "all": {
            "acoustic": 0.938963055611,
            "not_acoustic": 0.0610369555652
        },
        "probability": 0.938963055611,
        "value": "acoustic"
    },
    "mood_aggressive": {
        "all": {
            "aggressive": 0.0407598502934,
            "not_aggressive": 0.959240138531
        },
        "probability": 0.959240138531,
        "value": "not_aggressive"
    },
    "mood_electronic": {
        "all": {
            "electronic": 0.313547939062,
            "not_electronic": 0.686452031136
        },
        "probability": 0.686452031136,
        "value": "not_electronic"
    },
    "mood_happy": {
        "all": {
            "happy": 0.253255337477,
            "not_happy": 0.746744632721
        },
        "probability": 0.746744632721,
        "value": "not_happy"
    },
    "mood_party": {
        "all": {
            "not_party": 0.971738100052,
            "party": 0.0282619055361
        },
        "probability": 0.971738100052,
        "value": "not_party"
    },
    "mood_relaxed": {
        "all": {
            "not_relaxed": 0.00557423848659,
            "relaxed": 0.994425773621
        },
        "probability": 0.994425773621,
        "value": "relaxed"
    },
    "mood_sad": {
        "all": {
            "not_sad": 0.763052463531,
            "sad": 0.236947566271
        },
        "probability": 0.763052463531,
        "value": "not_sad"
    },
    "moods_mirex": {
        "all": {
            "Cluster1": 0.0948154777288,
            "Cluster2": 0.168999657035,
            "Cluster3": 0.622731208801,
            "Cluster4": 0.0452910140157,
            "Cluster5": 0.0681626275182
        },
        "probability": 0.622731208801,
        "value": "Cluster3"
    },
    "timbre": {
        "all": {
            "bright": 0.990363180637,
            "dark": 0.00963679235429
        },
        "probability": 0.990363180637,
        "value": "bright"
    },
    "tonal_atonal": {
        "all": {
            "atonal": 0.159548178315,
            "tonal": 0.840451836586
        },
        "probability": 0.840451836586,
        "value": "tonal"
    },
    "voice_instrumental": {
        "all": {
            "instrumental": 0.999998092651,
            "voice": 1.88068054285e-06
        },
        "probability": 0.999998092651,
        "value": "instrumental"
    }
},
"lowlevel": {
    "average_loudness": 0.970281898975,
    "barkbands_kurtosis": {
        "dmean": 11.4276609421,
        "dmean2": 16.6121139526,
        "dvar": 385.372070312,
        "dvar2": 749.99407959,
        "max": 280.236785889,
        "mean": 23.2236652374,
        "median": 13.2797336578,
        "min": -0.18385720253,
        "var": 1025.75756836
    },
    "barkbands_skewness": {
        "dmean": 0.870494544506,
        "dmean2": 1.2606190443,
        "dvar": 0.873922109604,
        "dvar2": 1.54114127159,
        "max": 14.3589439392,
        "mean": 3.61990046501,
        "median": 3.06414651871,
        "min": -2.06290221214,
        "var": 4.31665992737
    },
    "barkbands_spread": {
        "dmean": 2.84420251846,
        "dmean2": 4.36425924301,
        "dvar": 9.98595905304,
        "dvar2": 23.0136680603,
        "max": 43.3421211243,
        "mean": 8.08197689056,
        "median": 7.2141866684,
        "min": 0.607113718987,
        "var": 26.4631538391
    },
    "dissonance": {
        "dmean": 0.0263398624957,
        "dmean2": 0.0419549457729,
        "dvar": 0.000487428886117,
        "dvar2": 0.00130380736664,
        "max": 0.499187588692,
        "mean": 0.421262979507,
        "median": 0.423537105322,
        "min": 0.293624252081,
        "var": 0.00128737685736
    },
    "dynamic_complexity": 3.35520505905,
    "erbbands_kurtosis": {
        "dmean": 3.67316842079,
        "dmean2": 5.65371847153,
        "dvar": 31.6046695709,
        "dvar2": 70.7677001953,
        "max": 64.0855331421,
        "mean": 4.62119007111,
        "median": 1.77464437485,
        "min": -1.73476171494,
        "var": 64.27784729
    },
    "erbbands_skewness": {
        "dmean": 0.627582073212,
        "dmean2": 0.944080710411,
        "dvar": 0.440408051014,
        "dvar2": 0.95874106884,
        "max": 7.56570768356,
        "mean": 1.83170866966,
        "median": 1.65584540367,
        "min": -0.674203753471,
        "var": 1.46075201035
    },
    "erbbands_spread": {
        "dmean": 8.71647453308,
        "dmean2": 13.552359581,
        "dvar": 73.64818573,
        "dvar2": 178.024368286,
        "max": 84.1654434204,
        "mean": 30.9575176239,
        "median": 30.7505187988,
        "min": 3.57875657082,
        "var": 220.671157837
    },
    "hfc": {
        "dmean": 3.52226901054,
        "dmean2": 5.14538192749,
        "dvar": 14.4959230423,
        "dvar2": 31.8954811096,
        "max": 47.2843475342,
        "mean": 11.2188215256,
        "median": 9.51097679138,
        "min": 1.13092715683e-16,
        "var": 56.4794082642
    },
    "melbands_kurtosis": {
        "dmean": 18.0719947815,
        "dmean2": 26.4539165497,
        "dvar": 853.585021973,
        "dvar2": 1451.40393066,
        "max": 403.002288818,
        "mean": 46.2223854065,
        "median": 22.4768543243,
        "min": -1.33219182491,
        "var": 3524.47631836
    },
    "melbands_skewness": {
        "dmean": 1.02014100552,
        "dmean2": 1.47994983196,
        "dvar": 1.16042912006,
        "dvar2": 1.8972581625,
        "max": 15.1172924042,
        "mean": 4.52300548553,
        "median": 3.83823180199,
        "min": -0.309659361839,
        "var": 7.22871112823
    },
    "melbands_spread": {
        "dmean": 2.95410943031,
        "dmean2": 4.60955858231,
        "dvar": 51.8867073059,
        "dvar2": 112.010124207,
        "max": 154.501571655,
        "mean": 8.37337493896,
        "median": 6.75090885162,
        "min": 0.504517138004,
        "var": 132.252761841
    },
    "pitch_salience": {
        "dmean": 0.0696241110563,
        "dmean2": 0.113703891635,
        "dvar": 0.00409795157611,
        "dvar2": 0.0100275324658,
        "max": 0.919536471367,
        "mean": 0.460786372423,
        "median": 0.460246562958,
        "min": 0.0568947382271,
        "var": 0.0164095424116
    },
    "silence_rate_20dB": {
        "dmean": 0,
        "dmean2": 0,
        "dvar": 0,
        "dvar2": 0,
        "max": 1,
        "mean": 1,
        "median": 1,
        "min": 1,
        "var": 0
    },
    "silence_rate_30dB": {
        "dmean": 0,
        "dmean2": 0,
        "dvar": 0,
        "dvar2": 0,
        "max": 1,
        "mean": 1,
        "median": 1,
        "min": 1,
        "var": 0
    },
    "silence_rate_60dB": {
        "dmean": 0.0148367956281,
        "dmean2": 0.0297176819295,
        "dvar": 0.0146167567,
        "dvar2": 0.0407215803862,
        "max": 1,
        "mean": 0.0622222237289,
        "median": 0,
        "min": 0,
        "var": 0.0583509244025
    },
    "spectral_centroid": {
        "dmean": 188.656890869,
        "dmean2": 272.353149414,
        "dvar": 185760.765625,
        "dvar2": 186493.125,
        "max": 10772.7402344,
        "mean": 774.897705078,
        "median": 690.827148438,
        "min": 333.139099121,
        "var": 405528.5625
    },
    "spectral_complexity": {
        "dmean": 1.91691398621,
        "dmean2": 3.06686472893,
        "dvar": 4.02574920654,
        "dvar2": 9.71767711639,
        "max": 18,
        "mean": 6.67703723907,
        "median": 6,
        "min": 0,
        "var": 12.1208658218
    },
    "spectral_crest": {
        "dmean": 3.03264355659,
        "dmean2": 4.7664308548,
        "dvar": 6.76343631744,
        "dvar2": 16.3973064423,
        "max": 26.2538776398,
        "mean": 15.5358943939,
        "median": 14.9184265137,
        "min": 5.5276761055,
        "var": 23.4735393524
    },
    "spectral_decrease": {
        "dmean": 2.38362463101e-09,
        "dmean2": 3.65248409295e-09,
        "dvar": 7.61615547506e-18,
        "dvar2": 1.74092087856e-17,
        "max": 3.12888534788e-29,
        "mean": -6.13827477736e-09,
        "median": -5.16940046325e-09,
        "min": -3.28260476579e-08,
        "var": 2.0587374011e-17
    },
    "spectral_energy": {
        "dmean": 0.00929903052747,
        "dmean2": 0.0142359938473,
        "dvar": 0.000115459006338,
        "dvar2": 0.000263478490524,
        "max": 0.128181993961,
        "mean": 0.0241848435253,
        "median": 0.0204052478075,
        "min": 1.06237479867e-20,
        "var": 0.000315210170811
    },
    "spectral_energyband_high": {
        "dmean": 6.04214546911e-05,
        "dmean2": 9.60590623436e-05,
        "dvar": 7.32288585326e-09,
        "dvar2": 1.9076473734e-08,
        "max": 0.00123526481912,
        "mean": 0.000147282495163,
        "median": 0.000104886123154,
        "min": 7.61917839368e-21,
        "var": 1.85315656154e-08
    },
    "spectral_energyband_low": {
        "dmean": 0.000331171817379,
        "dmean2": 0.000417151924921,
        "dvar": 2.1635014491e-07,
        "dvar2": 3.76079441367e-07,
        "max": 0.00832409132272,
        "mean": 0.000853629200719,
        "median": 0.000258326617768,
        "min": 4.87651944383e-23,
        "var": 1.50783955633e-06
    },
    "spectral_energyband_middle_high": {
        "dmean": 0.000276419828879,
        "dmean2": 0.000395989889512,
        "dvar": 1.16280368445e-07,
        "dvar2": 1.87245959182e-07,
        "max": 0.00508187152445,
        "mean": 0.00094704166986,
        "median": 0.000568343035411,
        "min": 1.53524863054e-21,
        "var": 1.13411533675e-06
    },
    "spectral_energyband_middle_low": {
        "dmean": 0.00923567917198,
        "dmean2": 0.0141554344445,
        "dvar": 0.000113375353976,
        "dvar2": 0.000260640663328,
        "max": 0.125864624977,
        "mean": 0.0229857936502,
        "median": 0.0191864389926,
        "min": 1.88856266827e-22,
        "var": 0.000298446422676
    },
    "spectral_flatness_db": {
        "dmean": 0.0289009753615,
        "dmean2": 0.0449656806886,
        "dvar": 0.000610189686995,
        "dvar2": 0.0012889286736,
        "max": 0.405078530312,
        "mean": 0.249457120895,
        "median": 0.247624948621,
        "min": 0.0640784576535,
        "var": 0.00224981713109
    },
    "spectral_flux": {
        "dmean": 0.0247037131339,
        "dmean2": 0.0398325286806,
        "dvar": 0.000550971308257,
        "dvar2": 0.00146155629773,
        "max": 0.263833284378,
        "mean": 0.0656439810991,
        "median": 0.0635123550892,
        "min": 1.03834982279e-10,
        "var": 0.00118237710558
    },
    "spectral_kurtosis": {
        "dmean": 1.6496553421,
        "dmean2": 2.87178421021,
        "dvar": 1.81955993176,
        "dvar2": 5.1813788414,
        "max": 15.2054100037,
        "mean": 6.01073265076,
        "median": 5.70527458191,
        "min": -1.23067975044,
        "var": 4.84027481079
    },
    "spectral_rms": {
        "dmean": 0.00090005598031,
        "dmean2": 0.00133621424902,
        "dvar": 7.18115586551e-07,
        "dvar2": 1.54081806159e-06,
        "max": 0.0111828269437,
        "mean": 0.00448947539553,
        "median": 0.00446178857237,
        "min": 3.21941475215e-12,
        "var": 3.43955980497e-06
    },
    "spectral_rolloff": {
        "dmean": 174.533584595,
        "dmean2": 318.614074707,
        "dvar": 953197.9375,
        "dvar2": 1865469.125,
        "max": 18798.4863281,
        "mean": 699.397888184,
        "median": 495.263671875,
        "min": 301.46484375,
        "var": 2484613.75
    },
    "spectral_skewness": {
        "dmean": 0.251287341118,
        "dmean2": 0.404646039009,
        "dvar": 0.0449221618474,
        "dvar2": 0.108671285212,
        "max": 2.69888496399,
        "mean": 1.7893871069,
        "median": 1.76589119434,
        "min": 0.0249496251345,
        "var": 0.148768305779
    },
    "spectral_spread": {
        "dmean": 479378.8125,
        "dmean2": 645650,
        "dvar": 2.96574045389e+12,
        "dvar2": 2.60702522573e+12,
        "max": 41097528,
        "mean": 4469259.5,
        "median": 4353646.5,
        "min": 2929293,
        "var": 4.49403840102e+12
    },
    "spectral_strongpeak": {
        "dmean": 0.480054050684,
        "dmean2": 0.744171857834,
        "dvar": 0.20509570837,
        "dvar2": 0.49932539463,
        "max": 4.31795787811,
        "mean": 1.38278698921,
        "median": 1.36293816566,
        "min": 0,
        "var": 0.559725642204
    },
    "zerocrossingrate": {
        "dmean": 0.00635272730142,
        "dmean2": 0.0089697195217,
        "dvar": 0.000537917483598,
        "dvar2": 0.00102501199581,
        "max": 0.5126953125,
        "mean": 0.0365031845868,
        "median": 0.03271484375,
        "min": 0.01416015625,
        "var": 0.00167433952447
    },
    "barkbands": {
        "dmean": [3.94771741412e-05, 1.18947236842e-05, 1.53359833348e-05, 0.00154821330216, 0.00123346678447, 0.00698080193251, 0.000560223590583, 0.000734273926355, 0.00122744601686, 9.01326984604e-06, 2.56649018411e-05, 1.64262619364e-05, 1.80340575753e-05, 4.26110818808e-06, 1.53773489728e-05, 2.0205436158e-05, 0.000141844589962, 0.00011983015429, 3.78322583856e-05, 5.09695310029e-05, 2.58181935351e-05, 1.01771331629e-06, 1.88926173905e-06, 3.87732870877e-06, 3.26677013618e-06, 2.22476887757e-06, 8.70595187052e-08],
        "dmean2": [6.63743849145e-05, 2.01327202376e-05, 2.3712273105e-05, 0.00221734843217, 0.00196956447326, 0.0107310591266, 0.000684933911543, 0.00126044871286, 0.00172165140975, 1.4377912521e-05, 4.23584533564e-05, 2.54272508755e-05, 2.61525474343e-05, 6.46007765681e-06, 2.42402347794e-05, 3.61328820873e-05, 0.000208419995033, 0.000181775074452, 6.20596983936e-05, 8.28048068797e-05, 4.2274761654e-05, 1.65081098658e-06, 3.0562378015e-06, 5.76342108616e-06, 4.76156492368e-06, 3.14791464007e-06, 1.44952366554e-07],
        "dvar": [1.61654334363e-09, 2.10880160556e-10, 4.19489887271e-10, 4.91124046675e-06, 3.45906846633e-06, 8.90678711585e-05, 9.65026629274e-07, 4.71434259453e-06, 4.14150736106e-06, 2.75649725268e-10, 2.12482897943e-09, 3.19964632567e-09, 1.24338694896e-09, 7.83892811773e-11, 9.396801115e-10, 1.89471105472e-09, 5.52792940312e-08, 2.10880166662e-08, 1.75226622101e-09, 4.87357931789e-09, 1.41089773198e-09, 1.27388583623e-12, 3.83505336862e-12, 1.69063860134e-11, 1.04106783957e-11, 6.6244544572e-12, 1.42076774946e-14],
        "dvar2": [4.30473789947e-09, 5.77806968938e-10, 8.81117345752e-10, 1.18350590128e-05, 8.4452694864e-06, 0.000201973467483, 1.24285816128e-06, 1.22136898426e-05, 8.22718720883e-06, 6.70784927603e-10, 5.45519496242e-09, 6.75470834821e-09, 2.56795096298e-09, 1.42915845824e-10, 2.384376252e-09, 5.23288168353e-09, 9.64715027862e-08, 4.9123940471e-08, 4.78020023564e-09, 1.24998029705e-08, 3.72574993079e-09, 3.51520375308e-12, 1.08404951682e-11, 4.05148276039e-11, 2.03118147302e-11, 1.52711419898e-11, 3.79932833783e-14],
        "max": [0.000271114869975, 0.000175345878233, 0.000308517337544, 0.0251010544598, 0.0211276896298, 0.118147917092, 0.0141528146341, 0.019996041432, 0.0161643214524, 0.000111744222522, 0.000576487975195, 0.000676126626786, 0.000562513771001, 7.22476033843e-05, 0.000336530414643, 0.000230485049542, 0.00345463305712, 0.00142987270374, 0.000362026621588, 0.000797520391643, 0.000501060567331, 1.44565856317e-05, 2.48035357799e-05, 5.21241527167e-05, 3.69351328118e-05, 4.37591479567e-05, 1.02412627712e-06],
        "mean": [6.22736479272e-05, 2.12758677662e-05, 2.43384220084e-05, 0.00311705027707, 0.00171534647234, 0.0126523235813, 0.00201263581403, 0.00155191088561, 0.00193164509255, 9.42663700698e-06, 3.70557318092e-05, 3.3399071981e-05, 5.7751989516e-05, 5.12007773068e-06, 3.98039883294e-05, 1.73167572939e-05, 0.000417882518377, 0.000216847416596, 8.43857778818e-05, 8.82171443664e-05, 5.08209632244e-05, 2.8604090403e-06, 5.87203703617e-06, 1.16115434139e-05, 1.08545691546e-05, 6.70567578709e-06, 1.18868861421e-07],
        "median": [5.71747004869e-05, 1.15611737783e-05, 9.16614590096e-06, 0.00103481754195, 0.00108597392682, 0.00757184345275, 0.000103424208646, 0.000102306599729, 0.000169684295543, 2.76356399809e-06, 1.81204777618e-05, 1.74271042397e-06, 9.38342145673e-06, 1.25964834297e-06, 3.78874938178e-06, 3.64594484381e-06, 0.000121264405607, 0.000146577687701, 6.16495890426e-05, 5.6163611589e-05, 2.74375179288e-05, 2.22297785513e-06, 4.94297137266e-06, 1.03109296106e-05, 9.79543983703e-06, 5.11933603775e-06, 5.44522364976e-08],
        "min": [1.64440154063e-23, 1.02523976225e-23, 3.25001976038e-24, 1.14524806736e-23, 1.92435612744e-23, 5.35519929449e-23, 2.40426029022e-23, 1.37937409542e-23, 4.96381005844e-23, 5.42519145162e-23, 5.58405983378e-23, 3.65847339887e-23, 7.1477235118e-23, 7.70793592354e-23, 8.76230469027e-23, 1.72833807644e-22, 2.01125123874e-22, 1.73355364609e-22, 2.92931695795e-22, 3.11074411142e-22, 4.42976321629e-22, 4.61547697682e-22, 6.02133666692e-22, 8.25664030618e-22, 9.15663088702e-22, 1.60135795119e-21, 2.15889535453e-21],
        "var": [1.80924553117e-09, 7.2479477975e-10, 1.1771266184e-09, 1.80632232514e-05, 4.54817518403e-06, 0.000190946258954, 1.13398591566e-05, 1.83126321645e-05, 9.04153512238e-06, 2.85630852304e-10, 3.16963477687e-09, 9.97438931449e-09, 1.00013712867e-08, 1.2995463039e-10, 5.3542255074e-09, 1.42510947487e-09, 4.46634146556e-07, 4.71142413971e-08, 5.68440805537e-09, 8.30504287563e-09, 3.60053586945e-09, 5.32680496934e-12, 1.98567620679e-11, 6.42880054746e-11, 4.79953091159e-11, 3.3204321237e-11, 2.30059129028e-14]
    },
    "erbbands": {
        "dmean": [0.000450876163086, 0.00274228700437, 0.0403251722455, 2.01489210129, 7.20658636093, 2.29176402092, 49.2459831238, 38.981590271, 5.48303890228, 13.1595678329, 22.1144962311, 34.5347442627, 3.82720375061, 0.859809577465, 0.535191655159, 0.604333221912, 0.476570516825, 0.602057397366, 0.223361819983, 0.951039731503, 3.60063004494, 6.78728818893, 6.65361356735, 3.11878204346, 1.63928294182, 2.38751864433, 2.06798672676, 0.286777317524, 0.0385097004473, 0.0538772381842, 0.0590017065406, 0.0836668163538, 0.0733583718538, 0.0477557703853, 0.0255067050457, 0.0173220988363, 0.00203843810596, 0.000274510821328, 8.4702969616e-06, 1.03710008261e-05],
        "dmean2": [0.000778548012022, 0.00455447984859, 0.0544730164111, 2.79011678696, 11.4456653595, 3.50060796738, 75.0703201294, 62.5417671204, 8.50724029541, 15.6226844788, 35.7768669128, 50.6616592407, 5.41180610657, 1.36464381218, 0.825024545193, 0.908771932125, 0.696703791618, 0.825403928757, 0.345075756311, 1.43250060081, 5.05391788483, 10.2510519028, 9.92343139648, 4.9077334404, 2.72467279434, 3.80818963051, 3.36969280243, 0.463993340731, 0.0605834387243, 0.0908174365759, 0.0957319438457, 0.131761342287, 0.107089184225, 0.0673405602574, 0.0390445441008, 0.0240797325969, 0.00299796974286, 0.000428464874858, 1.29330983327e-05, 1.58137172548e-05],
        "dvar": [2.9642248478e-07, 1.06190491351e-05, 0.0030359022785, 8.08505821228, 135.500671387, 8.28534984589, 4632.04150391, 2723.84912109, 55.248500824, 450.365814209, 2530.03808594, 4227.45703125, 62.6468734741, 1.9649116993, 0.810357511044, 4.13927745819, 0.545833826065, 1.71255099773, 0.141359522939, 3.13913083076, 38.27891922, 108.491111755, 73.0931472778, 14.4772825241, 4.48852443695, 11.3644371033, 9.31429767609, 0.115722961724, 0.00260383891873, 0.00329978181981, 0.00407533580437, 0.00853278581053, 0.00621591554955, 0.00208359304816, 0.000684927217662, 0.000388366839616, 4.31688567915e-06, 9.87895276694e-08, 7.62266430532e-11, 1.42484316012e-10],
        "dvar2": [8.48211357152e-07, 2.69534994004e-05, 0.00614628801122, 18.4710464478, 341.67074585, 19.0326957703, 10106.6347656, 6997.81054688, 139.705322266, 639.849182129, 6215.10595703, 8925.35058594, 132.343063354, 4.76795816422, 1.9314095974, 8.27001667023, 1.20489180088, 2.40256762505, 0.321790099144, 7.54091405869, 60.7463684082, 198.835479736, 170.953857422, 34.222743988, 12.4425144196, 29.4796791077, 24.0035705566, 0.305566459894, 0.00653218384832, 0.00992806535214, 0.0112736253068, 0.0220148526132, 0.0143101634458, 0.00425643194467, 0.00180213991553, 0.000905776105355, 9.74351496552e-06, 2.64269857553e-07, 1.89741833356e-10, 3.24193338841e-10],
        "max": [0.00603330973536, 0.0451287068427, 0.909566760063, 37.1378593445, 109.394462585, 26.1025600433, 777.220397949, 623.446228027, 82.5018844604, 295.01763916, 473.67578125, 405.402130127, 44.6320838928, 18.0386943817, 8.55164337158, 22.2194671631, 11.7415685654, 17.7695884705, 3.39308595657, 22.0938987732, 76.4689941406, 151.304260254, 100.664993286, 39.2947044373, 22.1928348541, 40.7328414917, 40.4219512939, 3.72395944595, 0.723235249519, 0.52969956398, 0.77280497551, 0.883252084255, 0.996876120567, 0.58318310976, 0.306262522936, 0.310427099466, 0.0365386418998, 0.00324404239655, 0.000103024671262, 0.000144255114719],
        "mean": [0.000822187459562, 0.0064630410634, 0.0982627794147, 4.36336803436, 11.2718772888, 4.05244207382, 86.5021514893, 65.4048080444, 13.8077230453, 42.2632446289, 49.4017982483, 44.5721588135, 4.38301801682, 1.36059010029, 0.944086372852, 1.20837438107, 1.53909885883, 1.61825752258, 0.522900462151, 2.43936061859, 8.11351394653, 19.4463214874, 12.917391777, 6.38070821762, 3.64165186882, 4.08495330811, 3.8489356041, 0.687852442265, 0.110498800874, 0.139016211033, 0.190438881516, 0.228475213051, 0.193918317556, 0.127121686935, 0.0766522213817, 0.0488488525152, 0.00678770337254, 0.000725992373191, 2.98304694297e-05, 2.82083074126e-05],
        "median": [0.000568819057662, 0.0036532972008, 0.0377698391676, 1.45168542862, 5.02514839172, 2.86792802811, 52.9723091125, 42.8528137207, 7.37422132492, 3.43891191483, 9.66094684601, 4.68874454498, 0.481097519398, 0.908049106598, 0.34867221117, 0.145649835467, 0.48463010788, 0.202810794115, 0.112129300833, 0.292853206396, 1.37851011753, 7.07809400558, 7.66552066803, 4.83581399918, 2.41052484512, 2.58427810669, 2.12957715988, 0.412873029709, 0.0781261846423, 0.115838810802, 0.158090278506, 0.199276655912, 0.163732662797, 0.110423259437, 0.0642366707325, 0.0354237109423, 0.00603990117088, 0.000583143671975, 2.76159516943e-05, 2.42424866883e-05],
        "min": [4.68493763102e-22, 2.18078433876e-21, 7.21623642221e-21, 1.77764377124e-20, 6.89668815053e-20, 6.61306213565e-20, 1.06124248211e-19, 5.07578961872e-19, 2.79160868082e-19, 4.49099877504e-19, 5.11097116113e-19, 1.0470823391e-18, 1.84840394154e-18, 2.4452741037e-18, 2.27815363467e-18, 1.74466660053e-18, 2.94875805625e-18, 3.59117443731e-18, 3.71252100599e-18, 7.13461724455e-18, 8.67690707718e-18, 1.16226941075e-17, 8.62440840524e-18, 1.07904379147e-17, 1.46019993234e-17, 1.38653437027e-17, 1.55910178228e-17, 1.60811239901e-17, 1.82556842131e-17, 1.81091607482e-17, 1.82129040862e-17, 1.26298336525e-17, 1.48659427307e-17, 1.08749228337e-17, 6.90875309675e-18, 5.57202964045e-18, 3.23388514545e-18, 1.06275110446e-18, 3.06394781624e-19, 3.2951091899e-20],
        "var": [6.79809318171e-07, 6.36995246168e-05, 0.0175439137965, 35.7198600769, 225.541152954, 15.3268299103, 9715.51269531, 4913.1640625, 217.44644165, 4046.63330078, 9810.71777344, 6274.36669922, 81.9821090698, 3.02927994728, 2.18088388443, 11.7310304642, 5.00171089172, 10.610373497, 0.552668571472, 19.8632488251, 183.173522949, 868.369812012, 188.522415161, 31.6456432343, 11.7799921036, 18.6674823761, 19.8486003876, 0.527331113815, 0.00972391851246, 0.0101400660351, 0.0205404236913, 0.0282142348588, 0.020276485011, 0.00771943572909, 0.00309802009724, 0.00186862947885, 2.56038983935e-05, 4.02530559995e-07, 3.6265174197e-10, 4.02609723338e-10]
    },
    "gfcc": {
        "mean": [-89.5238113403, 82.8128509521, -97.8571090698, 29.6421470642, -82.0354995728, -48.6363716125, -71.0422515869, 18.9755592346, -40.0984687805, -6.63860845566, -13.7895717621, -2.07982563972, -8.37034320831],
        "cov": [[14009.4345703, 839.361938477, -838.721923828, 192.446105957, -740.810302734, -416.185821533, -453.570648193, 180.193222046, -347.533203125, -73.8428192139, -284.251678467, -244.035446167, -223.200302124], [839.361938477, 311.231201172, -54.0497741699, 66.2899093628, 41.9947471619, 18.8765029907, -68.9124984741, -73.9557342529, -1.67678320408, -15.892162323, -13.7418613434, -60.4650421143, -47.8674964905], [-838.721923828, -54.0497741699, 818.170166016, 489.609313965, -80.5959396362, 83.7918014526, 243.966964722, -47.2471885681, -241.635482788, -228.044326782, -44.0400085449, 4.75247573853, 21.8362903595], [192.446105957, 66.2899093628, 489.609313965, 707.768798828, 87.5662536621, -40.0909118652, 22.2835197449, -183.859054565, -223.775482178, -144.921569824, -12.990363121, 25.1999816895, 39.2086524963], [-740.810302734, 41.9947471619, -80.5959396362, 87.5662536621, 312.517181396, 37.0647850037, -108.479553223, -132.38760376, 111.612968445, 95.3788452148, 55.0256004333, 15.1260538101, -31.5877742767], [-416.185821533, 18.8765029907, 83.7918014526, -40.0909118652, 37.0647850037, 155.227645874, 103.389381409, 40.5265846252, 33.0850906372, -14.8747348785, -30.7431602478, -50.1406059265, -65.2284393311], [-453.570648193, -68.9124984741, 243.966964722, 22.2835197449, -108.479553223, 103.389381409, 279.201293945, 121.633377075, -64.4964447021, -100.72052002, -101.267326355, -79.5276947021, -45.0432014465], [180.193222046, -73.9557342529, -47.2471885681, -183.859054565, -132.38760376, 40.5265846252, 121.633377075, 216.768829346, 31.4576950073, -15.4164819717, -85.1290130615, -60.5159378052, -39.9838523865], [-347.533203125, -1.67678320408, -241.635482788, -223.775482178, 111.612968445, 33.0850906372, -64.4964447021, 31.4576950073, 205.072311401, 123.945785522, 21.08943367, -10.6813983917, -45.4375686646], [-73.8428192139, -15.892162323, -228.044326782, -144.921569824, 95.3788452148, -14.8747348785, -100.72052002, -15.4164819717, 123.945785522, 148.64112854, 59.3060073853, 12.2861156464, -27.5888519287], [-284.251678467, -13.7418613434, -44.0400085449, -12.990363121, 55.0256004333, -30.7431602478, -101.267326355, -85.1290130615, 21.08943367, 59.3060073853, 130.70652771, 98.9682617188, 64.9837646484], [-244.035446167, -60.4650421143, 4.75247573853, 25.1999816895, 15.1260538101, -50.1406059265, -79.5276947021, -60.5159378052, -10.6813983917, 12.2861156464, 98.9682617188, 135.211303711, 103.527297974], [-223.200302124, -47.8674964905, 21.8362903595, 39.2086524963, -31.5877742767, -65.2284393311, -45.0432014465, -39.9838523865, -45.4375686646, -27.5888519287, 64.9837646484, 103.527297974, 147.263183594]],
        "icov": [[0.000206366355997, -0.000457298883703, 0.000412731518736, -0.00045280525228, 0.000799222907517, -6.05975801591e-05, 0.000450428313343, -0.000295433710562, 0.000362532271538, -0.000325666565914, 0.000451424566563, -0.000489105063025, 0.000621133251116], [-0.000457298883703, 0.00721814716235, 0.000652907416224, -0.00034055672586, -0.000148794453708, -0.00226431083865, 0.00177964323666, 0.00291981338523, -0.00262594362721, 0.00580788869411, -0.0044175889343, 0.00709089264274, -0.00080850609811], [0.000412731518736, 0.000652907416224, 0.00614548427984, -0.00412674341351, 0.00313899922185, -0.00226874696091, -0.00170206907205, 0.000489892961923, -0.000188712350791, 0.00429742736742, -0.00291649019346, -0.000967236410361, 0.00301989261061], [-0.00045280525228, -0.00034055672586, -0.00412674341351, 0.00705629959702, -0.00584274111316, 0.0030556160491, -0.0004621881817, 0.00152398762293, 0.00408169347793, -0.000543116999324, 0.00281207333319, -0.000585787405726, -0.00136265309993], [0.000799222907517, -0.000148794453708, 0.00313899922185, -0.00584274111316, 0.0141756115481, -0.00562412850559, 0.00288548530079, 0.00474239978939, -0.00567954359576, -0.00341857271269, 0.00248270877637, -0.00127574848011, 0.00238131452352], [-6.05975801591e-05, -0.00226431083865, -0.00226874696091, 0.0030556160491, -0.00562412850559, 0.0161835122854, -0.00593307428062, -0.00218368414789, -0.00160353351384, 0.00421934388578, -0.00442100176588, -0.000356592121534, 0.00474655954167], [0.000450428313343, 0.00177964323666, -0.00170206907205, -0.0004621881817, 0.00288548530079, -0.00593307428062, 0.0140800205991, -0.00356333819218, 0.00187345803715, 0.000947403721511, 0.00272349617444, 0.00445518828928, -0.000611612049397], [-0.000295433710562, 0.00291981338523, 0.000489892961923, 0.00152398762293, 0.00474239978939, -0.00218368414789, -0.00356333819218, 0.015454932116, -0.00438104802743, -0.000821626919787, 0.00671443669125, -0.000534198130481, -0.000913858879358], [0.000362532271538, -0.00262594362721, -0.000188712350791, 0.00408169347793, -0.00567954359576, -0.00160353351384, 0.00187345803715, -0.00438104802743, 0.0202275943011, -0.0109955202788, 0.00645958213136, -0.0048731835559, 0.000848798255902], [-0.000325666565914, 0.00580788869411, 0.00429742736742, -0.000543116999324, -0.00341857271269, 0.00421934388578, 0.000947403721511, -0.000821626919787, -0.0109955202788, 0.0347134806216, -0.0212212353945, 0.00962361134589, 0.00781361758709], [0.000451424566563, -0.0044175889343, -0.00291649019346, 0.00281207333319, 0.00248270877637, -0.00442100176588, 0.00272349617444, 0.00671443669125, 0.00645958213136, -0.0212212353945, 0.0392747223377, -0.0228222552687, -0.00310692470521], [-0.000489105063025, 0.00709089264274, -0.000967236410361, -0.000585787405726, -0.00127574848011, -0.000356592121534, 0.00445518828928, -0.000534198130481, -0.0048731835559, 0.00962361134589, -0.0228222552687, 0.0383255705237, -0.013923952356], [0.000621133251116, -0.00080850609811, 0.00301989261061, -0.00136265309993, 0.00238131452352, 0.00474655954167, -0.000611612049397, -0.000913858879358, 0.000848798255902, 0.00781361758709, -0.00310692470521, -0.013923952356, 0.0224476195872]]
    },
    "melbands": {
        "dmean": [4.39839232058e-06, 4.58713293483e-06, 0.000606151297688, 0.000293378398055, 0.00130437989719, 0.000985691905953, 9.28514709813e-05, 0.000154576744535, 0.000200212802156, 0.000191619430552, 1.80266379175e-05, 3.05427579406e-06, 2.4470855351e-06, 2.25667463383e-06, 7.38994799576e-07, 1.87234149962e-06, 9.86884629128e-07, 1.92834860968e-07, 1.41509474361e-06, 8.79858305325e-07, 6.20405444351e-06, 8.95421362657e-06, 4.99608768223e-06, 6.30735121376e-06, 2.36714004131e-06, 1.44704586091e-06, 1.13656096801e-06, 1.88086869457e-06, 1.80689846729e-06, 5.36263200956e-07, 6.51973692811e-08, 2.02891907719e-08, 2.43719622262e-08, 3.66708228228e-08, 4.3332118338e-08, 4.17242915773e-08, 5.75997951557e-08, 5.0378378802e-08, 6.10154842207e-08, 3.93584187464e-08],
        "dmean2": [7.56532654123e-06, 7.20680327504e-06, 0.000888832728378, 0.000470257800771, 0.00199031643569, 0.00155578984413, 0.000134727437398, 0.000200964263058, 0.000318227423122, 0.000274658581475, 3.24032444041e-05, 5.02487046106e-06, 3.99805730922e-06, 3.37350434165e-06, 9.89184513855e-07, 2.7735400181e-06, 1.31452600272e-06, 2.78467297221e-07, 2.32535830946e-06, 1.38188477194e-06, 8.34034381114e-06, 1.32600880534e-05, 7.78622506914e-06, 1.00525558082e-05, 3.74336900677e-06, 2.37397239289e-06, 1.87342936897e-06, 3.03872002405e-06, 2.96275788969e-06, 8.89047385044e-07, 1.11276136749e-07, 3.26669500339e-08, 4.02455135884e-08, 6.29809377983e-08, 7.25011304326e-08, 6.65022810153e-08, 9.30560304369e-08, 7.83898457257e-08, 8.68232632456e-08, 5.89538373674e-08],
        "dvar": [2.41373344922e-11, 3.03354563691e-11, 7.67221592923e-07, 2.43854742621e-07, 3.22139771924e-06, 1.75469654096e-06, 1.62480784383e-08, 7.2288784736e-08, 1.38468720934e-07, 1.27619074419e-07, 2.09274175766e-09, 2.6924747154e-11, 1.54033903688e-11, 6.93889390391e-11, 2.63217789578e-12, 1.29483932257e-11, 4.78123920664e-12, 3.54043319184e-13, 8.99859700643e-12, 1.99142872331e-12, 1.36104058579e-10, 2.28834631799e-10, 3.50785026026e-11, 6.99571789387e-11, 7.96759620086e-12, 3.09940853364e-12, 2.55617011932e-12, 7.16454196317e-12, 8.075941825e-12, 4.37536888231e-13, 7.46684530477e-15, 9.33487906115e-16, 6.58548422974e-16, 1.87963154325e-15, 2.60326513086e-15, 1.85167670314e-15, 4.15408504849e-15, 2.86017318838e-15, 4.12322001493e-15, 1.53001520026e-15],
        "dvar2": [6.50706225014e-11, 7.13528680585e-11, 1.91289336726e-06, 6.10049028182e-07, 7.0700489232e-06, 4.27606937592e-06, 3.26687619179e-08, 1.52873582238e-07, 3.17899917945e-07, 2.61363879872e-07, 5.59719159909e-09, 6.53259668582e-11, 4.05612592125e-11, 1.43815612197e-10, 5.44153741164e-12, 2.72277408953e-11, 6.15595812173e-12, 7.57827774058e-13, 2.33820879325e-11, 4.63791028152e-12, 1.9470243473e-10, 3.93640342544e-10, 8.18118350843e-11, 1.70279554346e-10, 1.89397282579e-11, 8.07666260261e-12, 7.07609058154e-12, 1.88448770477e-11, 2.15223359967e-11, 1.21666392239e-12, 2.17084244461e-14, 2.37078423299e-15, 1.87866444338e-15, 5.60551581416e-15, 7.11489972705e-15, 5.28940015363e-15, 1.06768418298e-14, 7.56005619841e-15, 8.26668072917e-15, 3.32558158224e-15],
        "max": [5.12092374265e-05, 8.44368551043e-05, 0.00851747021079, 0.00527901714668, 0.0209559742361, 0.0165242534131, 0.00158479786478, 0.00258830422536, 0.0035074162297, 0.00228125485592, 0.000211106540519, 6.57469645375e-05, 4.5954129746e-05, 0.000103085127193, 1.969886398e-05, 5.84001427342e-05, 2.85783808067e-05, 6.54874702377e-06, 3.16923797072e-05, 1.39076801133e-05, 0.000144580888445, 0.000219275840209, 6.37349658064e-05, 7.35304274713e-05, 3.06927358906e-05, 1.85282005987e-05, 1.69851191458e-05, 3.02295520669e-05, 3.72648974007e-05, 7.33668548492e-06, 7.69931716604e-07, 3.77449453026e-07, 2.74686641433e-07, 4.18520841095e-07, 5.14555381415e-07, 4.87613363021e-07, 5.8981879647e-07, 5.83136568366e-07, 7.92020500739e-07, 4.10699755093e-07],
        "mean": [8.84137898538e-06, 8.70605981618e-06, 0.00114399159793, 0.000431897118688, 0.00229302910157, 0.00172596855555, 0.000268340605544, 0.000447519210866, 0.000426679529482, 0.000244010530878, 1.21096536532e-05, 4.49808339908e-06, 3.76607044927e-06, 4.54201426692e-06, 1.19073024507e-06, 6.19794764134e-06, 2.36657888308e-06, 2.50470947094e-07, 3.68249152416e-06, 1.41156340305e-06, 1.40299043778e-05, 2.65833423327e-05, 8.44095757202e-06, 1.1673318113e-05, 4.42959071734e-06, 3.18540492117e-06, 2.10967755265e-06, 2.91714400191e-06, 3.01233899336e-06, 1.12984139378e-06, 1.27959310703e-07, 4.46857129077e-08, 6.53695551023e-08, 7.95751731175e-08, 1.15637206477e-07, 1.09670345694e-07, 1.43782855844e-07, 1.20188843766e-07, 1.44624479503e-07, 9.45969915733e-08],
        "median": [6.32099363429e-06, 4.1664679884e-06, 0.000442640739493, 0.000202218434424, 0.00138102343772, 0.00111246062443, 7.50840845285e-05, 3.77179858333e-05, 3.75717718271e-05, 1.99145342776e-05, 4.95112487897e-07, 2.6176596748e-06, 1.86312377082e-06, 1.11416341042e-07, 3.12963919669e-07, 5.15981639637e-07, 2.97486536738e-07, 4.25546069494e-08, 3.16068138773e-07, 2.59459397967e-07, 1.56261387474e-06, 6.92365074428e-06, 5.99866007178e-06, 7.44438284528e-06, 3.40593464898e-06, 2.02007049666e-06, 1.44516093314e-06, 1.71636509094e-06, 1.52735515258e-06, 6.26877124432e-07, 7.33039016154e-08, 2.93345063795e-08, 5.3335064365e-08, 6.52774616583e-08, 9.55526857638e-08, 9.06006007995e-08, 1.24121584122e-07, 9.68689946035e-08, 1.20533329095e-07, 7.94383083758e-08],
        "min": [4.09642925193e-24, 5.96398763085e-24, 5.23541068714e-24, 4.48770504978e-24, 3.61334187762e-24, 1.11548726419e-23, 4.1297460034e-24, 4.45158389779e-24, 5.04761603777e-24, 5.39302667373e-24, 9.18684927685e-24, 9.54484855513e-24, 6.93040337647e-24, 5.26682983371e-24, 5.58235920744e-24, 7.38117664151e-24, 6.51849807708e-24, 5.49540306986e-24, 9.25746652736e-24, 9.04449143789e-24, 9.51551160693e-24, 1.34310826634e-23, 7.63138359912e-24, 6.12395994496e-24, 8.6402175789e-24, 1.25719350404e-23, 6.6009628351e-24, 1.02576814129e-23, 8.15603132136e-24, 8.78641638161e-24, 8.79213641203e-24, 9.0713584626e-24, 1.05411838227e-23, 1.01290316099e-23, 1.14708185342e-23, 8.5318588561e-24, 6.74018850183e-24, 1.02743666099e-23, 9.56893563401e-24, 9.62559399081e-24],
