{
"metadata": {
    "version": {
        "essentia": "2.0.1",
        "extractor": "archive-music 1.0"
    },
    "audio_properties": {
        "analysis_sample_rate": 44100,
        "bitrate": 128,
        "channels": 2,
        "equal_loudness": 0,
        "length": 15.2816324234,
        "replay_gain": -2.84879493713,
        "downmix": "mix"
    },
    "tags": {
        "track": 0,
        "year": 0,
        "album": "",
        "artist": "",
        "comment": "",
        "genre": "",
        "title": ""
    }
},
"highlevel": {
    "culture": {
        "all": {
            "non_western": 2.18498197313e-09,
            "western": 1
        },
        "probability": 1,
        "value": "western"
    },
    "danceability": {
        "all": {
            "danceable": 0.0658495351672,
            "not_danceable": 0.934150457382
        },
        "probability": 0.934150457382,
        "value": "not_danceable"
    },
    "gender": {
        "all": {
            "female": 0.190356582403,
            "male": 0.809643387794
        },
        "probability": 0.809643387794,
        "value": "male"
    },
    "genre_dortmund": {
        "all": {
            "alternative": 0.144955396652,
            "blues": 0.0567151606083,
            "electronic": 0.0582462362945,
            "folkcountry": 0.1768437922,
            "funksoulrnb": 0.0612164177001,
            "jazz": 0.104352355003,
            "pop": 0.0588815808296,
            "raphiphop": 0.00338795594871,
            "rock": 0.335401117802
        },
        "probability": 0.335401117802,
        "value": "rock"
    },
    "genre_electronic": {
        "all": {
            "ambient": 0.889125645161,
            "dnb": 0.0317991711199,
            "house": 0.0601019151509,
            "techno": 0.00660921540111,
            "trance": 0.0123640596867
        },
        "probability": 0.889125645161,
        "value": "ambient"
    },
    "genre_rosamerica": {
        "all": {
            "cla": 0.641659915447,
            "dan": 0.00709470221773,
            "hip": 0.00372188631445,
            "jaz": 0.0307759642601,
            "pop": 0.0419503711164,
            "rhy": 0.0173719711602,
            "roc": 0.228812262416,
            "spe": 0.0286129340529
        },
        "probability": 0.641659915447,
        "value": "cla"
    },
    "genre_tzanetakis": {
        "all": {
            "blu": 0.00969102513045,
            "cla": 0.754766464233,
            "cou": 0.0145072024316,
            "dis": 0.0094104828313,
            "hip": 0.00507882423699,
            "jaz": 0.0772372484207,
            "met": 0.00405306648463,
            "pop": 0.0242856703699,
            "reg": 0.0149742327631,
            "roc": 0.0859957784414
        },
        "probability": 0.754766464233,
        "value": "cla"
    },
    "mirex_ballroom": {
        "all": {
            "ChaChaCha": 0.000737489433959,
            "Jive": 0.00102899060585,
            "Quickstep": 0.00289567094296,
            "Rumba-American": 0.000763603835367,
            "Rumba-International": 0.00319776055403,
            "Rumba-Misc": 0.00306388293393,
            "Samba": 0.000411960005295,
            "Tango": 0.0326006300747,
            "VienneseWaltz": 0.647334694862,
            "Waltz": 0.307965278625
        },
        "probability": 0.647334694862,
        "value": "VienneseWaltz"
    },
    "mood_acoustic": {
        "all": {
            "acoustic": 0.768289923668,
            "not_acoustic": 0.231710061431
        },
        "probability": 0.768289923668,
        "value": "acoustic"
    },
    "mood_aggressive": {
        "all": {
            "aggressive": 0.0173485912383,
            "not_aggressive": 0.982651412487
        },
        "probability": 0.982651412487,
        "value": "not_aggressive"
    },
    "mood_electronic": {
        "all": {
            "electronic": 0.647050797939,
            "not_electronic": 0.352949172258
        },
        "probability": 0.647050797939,
        "value": "electronic"
    },
    "mood_happy": {
        "all": {
            "happy": 0.547112345695,
            "not_happy": 0.452887624502
        },
        "probability": 0.547112345695,
        "value": "happy"
    },
    "mood_party": {
        "all": {
            "not_party": 0.96886241436,
            "party": 0.0311375893652
        },
        "probability": 0.96886241436,
        "value": "not_party"
    },
    "mood_relaxed": {
        "all": {
            "not_relaxed": 0.0399050973356,
            "relaxed": 0.960094928741
        },
        "probability": 0.960094928741,
        "value": "relaxed"
    },
    "mood_sad": {
        "all": {
            "not_sad": 0.891121685505,
            "sad": 0.108878307045
        },
        "probability": 0.891121685505,
        "value": "not_sad"
    },
    "moods_mirex": {
        "all": {
            "Cluster1": 0.17779494822,
            "Cluster2": 0.469419658184,
            "Cluster3": 0.0757126584649,
            "Cluster4": 0.206656336784,
            "Cluster5": 0.0704163983464
        },
        "probability": 0.469419658184,
        "value": "Cluster2"
    },
    "timbre": {
        "all": {
            "bright": 0.9703155756,
            "dark": 0.02968445234
        },
        "probability": 0.9703155756,
        "value": "bright"
    },
    "tonal_atonal": {
        "all": {
            "atonal": 0.108255147934,
            "tonal": 0.891744852066
        },
        "probability": 0.891744852066,
        "value": "tonal"
    },
    "voice_instrumental": {
        "all": {
            "instrumental": 0.988913178444,
            "voice": 0.0110868243501
        },
        "probability": 0.988913178444,
        "value": "instrumental"
    }
},
"lowlevel": {
    "average_loudness": 0.982781708241,
    "barkbands_kurtosis": {
        "dmean": 1.07502424717,
        "dmean2": 1.79564762115,
        "dvar": 0.936494290829,
        "dvar2": 2.62600255013,
        "max": 6.1102399826,
        "mean": 1.36629712582,
        "median": 1.14783239365,
        "min": -1.07608413696,
        "var": 1.89294707775
    },
    "barkbands_skewness": {
        "dmean": 0.322746247053,
        "dmean2": 0.532121181488,
        "dvar": 0.0788223966956,
        "dvar2": 0.201198801398,
        "max": 2.08115148544,
        "mean": 0.919730067253,
        "median": 0.946404576302,
        "min": -1.9931961298,
        "var": 0.226067841053
    },
    "barkbands_spread": {
        "dmean": 2.28335618973,
        "dmean2": 3.77280163765,
        "dvar": 7.19631433487,
        "dvar2": 18.8561611176,
        "max": 50.6822166443,
        "mean": 10.9239416122,
        "median": 10.5666408539,
        "min": 3.63925075531,
        "var": 15.5885801315
    },
    "dissonance": {
        "dmean": 0.0275531988591,
        "dmean2": 0.0453660339117,
        "dvar": 0.000454460183391,
        "dvar2": 0.00123599148355,
        "max": 0.498317986727,
        "mean": 0.445757120848,
        "median": 0.449366152287,
        "min": 0.320997595787,
        "var": 0.000837480009068
    },
    "dynamic_complexity": 2.87716603279,
    "erbbands_kurtosis": {
        "dmean": 0.625604212284,
        "dmean2": 1.00207901001,
        "dvar": 0.33982744813,
        "dvar2": 0.90202486515,
        "max": 5.5292339325,
        "mean": -0.042035613209,
        "median": -0.209163546562,
        "min": -1.42964529991,
        "var": 0.683811962605
    },
    "erbbands_skewness": {
        "dmean": 0.291850745678,
        "dmean2": 0.466990977526,
        "dvar": 0.0602302215993,
        "dvar2": 0.147212207317,
        "max": 1.5943145752,
        "mean": 0.433645755053,
        "median": 0.434920251369,
        "min": -0.827272474766,
        "var": 0.139904543757
    },
    "erbbands_spread": {
        "dmean": 3.74542021751,
        "dmean2": 5.98609495163,
        "dvar": 9.38989925385,
        "dvar2": 23.9311485291,
        "max": 42.6817131042,
        "mean": 19.5416202545,
        "median": 19.2702331543,
        "min": 7.82826900482,
        "var": 21.9810600281
    },
    "hfc": {
        "dmean": 3.82427549362,
        "dmean2": 5.57644033432,
        "dvar": 18.2505321503,
        "dvar2": 40.0779151917,
        "max": 66.779624939,
        "mean": 15.9400110245,
        "median": 13.4621086121,
        "min": 1.15385647107e-16,
        "var": 123.565010071
    },
    "melbands_kurtosis": {
        "dmean": 1.66619563103,
        "dmean2": 2.77671051025,
        "dvar": 2.29267978668,
        "dvar2": 6.22790622711,
        "max": 11.529004097,
        "mean": 3.07137775421,
        "median": 2.72939372063,
        "min": -1.35975778103,
        "var": 4.86779260635
    },
    "melbands_skewness": {
        "dmean": 0.372578144073,
        "dmean2": 0.593151032925,
        "dvar": 0.0847258046269,
        "dvar2": 0.232612013817,
        "max": 2.82146596909,
        "mean": 1.36763799191,
        "median": 1.37241971493,
        "min": -0.0815574899316,
        "var": 0.247202157974
    },
    "melbands_spread": {
        "dmean": 3.17804694176,
        "dmean2": 5.28336334229,
        "dvar": 44.8471298218,
        "dvar2": 92.7338104248,
        "max": 142.58706665,
        "mean": 15.0522890091,
        "median": 13.382311821,
        "min": 4.83276844025,
        "var": 150.904449463
    },
    "pitch_salience": {
        "dmean": 0.060216743499,
        "dmean2": 0.102622196078,
        "dvar": 0.00217124028131,
        "dvar2": 0.00641726655886,
        "max": 0.881068468094,
        "mean": 0.666296005249,
        "median": 0.664126932621,
        "min": 0.464955568314,
        "var": 0.0044833519496
    },
    "silence_rate_20dB": {
        "dmean": 0,
        "dmean2": 0,
        "dvar": 0,
        "dvar2": 0,
        "max": 1,
        "mean": 1,
        "median": 1,
        "min": 1,
        "var": 0
    },
    "silence_rate_30dB": {
        "dmean": 0,
        "dmean2": 0,
        "dvar": 0,
        "dvar2": 0,
        "max": 1,
        "mean": 1,
        "median": 1,
        "min": 1,
        "var": 0
    },
    "silence_rate_60dB": {
        "dmean": 0.00303490133956,
        "dmean2": 0.00607902742922,
        "dvar": 0.00302571617067,
        "dvar2": 0.00604207301512,
        "max": 1,
        "mean": 0.0621212124825,
        "median": 0,
        "min": 0,
        "var": 0.058261692524
    },
    "spectral_centroid": {
        "dmean": 113.562713623,
        "dmean2": 174.841796875,
        "dvar": 186682.578125,
        "dvar2": 241467.71875,
        "max": 11018.2236328,
        "mean": 720.757324219,
        "median": 649.925598145,
        "min": 327.418640137,
        "var": 550434.125
    },
    "spectral_complexity": {
        "dmean": 2.13050079346,
        "dmean2": 3.50151968002,
        "dvar": 3.09071969986,
        "dvar2": 8.60258388519,
        "max": 31,
        "mean": 17.5424251556,
        "median": 18,
        "min": 0,
        "var": 33.5088195801
    },
    "spectral_crest": {
        "dmean": 1.91757416725,
        "dmean2": 3.22184920311,
        "dvar": 2.42404532433,
        "dvar2": 6.81659936905,
        "max": 17.1959266663,
        "mean": 7.27716827393,
        "median": 6.8388376236,
        "min": 3.39103507996,
        "var": 4.41931581497
    },
    "spectral_decrease": {
        "dmean": 1.89802995543e-09,
        "dmean2": 2.92625901288e-09,
        "dvar": 3.10822813859e-18,
        "dvar2": 7.31165622951e-18,
        "max": 1.86770637383e-29,
        "mean": -7.83020226436e-09,
        "median": -7.41174499552e-09,
        "min": -2.13961222073e-08,
        "var": 2.02692022971e-17
    },
    "spectral_energy": {
        "dmean": 0.0074530900456,
        "dmean2": 0.0114629026502,
        "dvar": 4.83251315018e-05,
        "dvar2": 0.000112447109132,
        "max": 0.0851120948792,
        "mean": 0.0309987273067,
        "median": 0.0290524810553,
        "min": 1.03953225452e-20,
        "var": 0.000321215542499
    },
    "spectral_energyband_high": {
        "dmean": 4.84699012304e-06,
        "dmean2": 6.59539637127e-06,
        "dvar": 5.94609292359e-11,
        "dvar2": 1.05569386566e-10,
        "max": 0.000160751282237,
        "mean": 1.43121023939e-05,
        "median": 6.73284557706e-06,
        "min": 7.49255998324e-21,
        "var": 3.65501462429e-10
    },
    "spectral_energyband_low": {
        "dmean": 0.00300079141743,
        "dmean2": 0.00529787968844,
        "dvar": 8.78797527548e-06,
        "dvar2": 2.7132957257e-05,
        "max": 0.0239467229694,
        "mean": 0.00533473910764,
        "median": 0.00452920608222,
        "min": 3.00948605185e-23,
        "var": 1.52743905346e-05
    },
    "spectral_energyband_middle_high": {
        "dmean": 0.00237198825926,
        "dmean2": 0.00370432459749,
        "dvar": 8.7922644525e-06,
        "dvar2": 2.15360414586e-05,
        "max": 0.0322559028864,
        "mean": 0.00597873143852,
        "median": 0.00440290430561,
        "min": 1.35713186559e-21,
        "var": 2.8128581107e-05
    },
    "spectral_energyband_middle_low": {
        "dmean": 0.0061702625826,
        "dmean2": 0.00954317767173,
        "dvar": 3.44680483977e-05,
        "dvar2": 7.92059654486e-05,
        "max": 0.0696673318744,
        "mean": 0.0209266487509,
        "median": 0.0185991935432,
        "min": 3.3764594749e-22,
        "var": 0.000174569533556
    },
    "spectral_flatness_db": {
        "dmean": 0.0148913143203,
        "dmean2": 0.0227809175849,
        "dvar": 0.000148727966007,
        "dvar2": 0.000318019912811,
        "max": 0.335136324167,
        "mean": 0.224774256349,
        "median": 0.223092317581,
        "min": 0.0484072752297,
        "var": 0.00146759790368
    },
    "spectral_flux": {
        "dmean": 0.0141999199986,
        "dmean2": 0.0227589290589,
        "dvar": 0.000138365212479,
        "dvar2": 0.00036562117748,
        "max": 0.179259881377,
        "mean": 0.0881986021996,
        "median": 0.0896995067596,
        "min": 6.70158650795e-11,
        "var": 0.00102822156623
    },
    "spectral_kurtosis": {
        "dmean": 11.0115442276,
        "dmean2": 19.2135753632,
        "dvar": 94.6876754761,
        "dvar2": 261.48538208,
        "max": 89.7411727905,
        "mean": 22.7627429962,
        "median": 18.7988319397,
        "min": -1.21633565426,
        "var": 235.468566895
    },
    "spectral_rms": {
        "dmean": 0.000641642138362,
        "dmean2": 0.000975964474492,
        "dvar": 2.69158277888e-07,
        "dvar2": 6.35670460269e-07,
        "max": 0.00911241956055,
        "mean": 0.00518308160827,
        "median": 0.00532389711589,
        "min": 3.18461576554e-12,
        "var": 3.37835081154e-06
    },
    "spectral_rolloff": {
        "dmean": 198.242538452,
        "dmean2": 354.315856934,
        "dvar": 970382,
        "dvar2": 1919949.375,
        "max": 19078.4179688,
        "mean": 968.798278809,
        "median": 796.728515625,
        "min": 279.931640625,
        "var": 2987659.75
    },
    "spectral_skewness": {
        "dmean": 0.742278516293,
        "dmean2": 1.29125702381,
        "dvar": 0.391783744097,
        "dvar2": 1.08087086678,
        "max": 6.98547458649,
        "mean": 2.86610078812,
        "median": 2.62647533417,
        "min": -0.0386253558099,
        "var": 1.06137597561
    },
    "spectral_spread": {
        "dmean": 283816.65625,
        "dmean2": 436126.625,
        "dvar": 3.1267791831e+12,
        "dvar2": 4.16320218726e+12,
        "max": 41375308,
        "mean": 1773944.375,
        "median": 1560889.25,
        "min": 871526.0625,
        "var": 7.37961626829e+12
    },
    "spectral_strongpeak": {
        "dmean": 0.62333637476,
        "dmean2": 1.05892062187,
        "dvar": 0.519478678703,
        "dvar2": 1.38840305805,
        "max": 4.55029058456,
        "mean": 0.943808555603,
        "median": 0.528042495251,
        "min": 0,
        "var": 0.92779737711
    },
    "zerocrossingrate": {
        "dmean": 0.00452419603243,
        "dmean2": 0.00632984656841,
        "dvar": 0.000475172826555,
        "dvar2": 0.000814725994132,
        "max": 0.51611328125,
        "mean": 0.0347937382758,
        "median": 0.0302734375,
        "min": 0.013671875,
        "var": 0.00204331451096
    },
    "barkbands": {
        "dmean": [9.17553334148e-05, 0.00211663427763, 0.00127971346956, 0.00136582134292, 0.0028994246386, 0.00241525424644, 0.00161848927382, 0.0016606253339, 0.000959449796937, 0.00132736726664, 0.000957683369052, 0.000612470787019, 0.00031378530548, 0.000254754122579, 0.000244167196797, 0.000197639150429, 0.000163341392181, 6.70200097375e-05, 2.38105749304e-05, 7.41952953831e-06, 2.32905358644e-06, 5.06856792981e-07, 1.58942725648e-07, 8.00860391337e-08, 4.43119958504e-08, 2.01068370842e-08, 2.23069873684e-09],
        "dmean2": [0.000152382650413, 0.00375250261277, 0.00225838483311, 0.00226348917931, 0.00480653578416, 0.00407001003623, 0.00256265932694, 0.00215950142592, 0.00146407575812, 0.0020904915873, 0.00155840197112, 0.001044285018, 0.000533987593371, 0.000435404042946, 0.000409189291531, 0.000335279561114, 0.000263709778665, 0.000114315800602, 3.76492826035e-05, 1.16619148685e-05, 3.48773505721e-06, 7.73373074026e-07, 2.36396019204e-07, 1.06764225904e-07, 6.10272294921e-08, 2.79957816929e-08, 3.96665855718e-09],
        "dvar": [6.71754030179e-09, 4.89730018671e-06, 1.79069570549e-06, 2.27667464969e-06, 9.91033448372e-06, 6.8037006713e-06, 4.27640088674e-06, 5.82719212616e-06, 1.82705298357e-06, 4.46698595624e-06, 2.80983294942e-06, 1.06972049707e-06, 4.28954820109e-07, 1.78979945531e-07, 1.0077248902e-07, 1.06601568461e-07, 4.97957373113e-08, 2.16206714754e-08, 1.31841715323e-09, 1.24011897973e-10, 2.25651008295e-11, 1.02221172065e-12, 6.97119906289e-14, 1.48022514249e-14, 5.96229837352e-15, 1.2669700714e-15, 1.37544973647e-17],
        "dvar2": [1.84453750052e-08, 1.55665238708e-05, 5.26327357875e-06, 6.03362786933e-06, 2.49125441769e-05, 1.90601786016e-05, 9.80972345133e-06, 9.48977685766e-06, 3.77923947781e-06, 9.47800253925e-06, 6.98086932971e-06, 2.86178737952e-06, 1.24683992908e-06, 4.79362370243e-07, 2.73953844498e-07, 2.6883142823e-07, 1.19579112834e-07, 6.04234458024e-08, 3.31955329891e-09, 2.69262251384e-10, 5.05982929166e-11, 2.57722684339e-12, 1.53965626056e-13, 2.70263412344e-14, 1.24303499555e-14, 2.51563406675e-15, 4.36432468758e-17],
        "max": [0.000664991675876, 0.0167722180486, 0.00971295125782, 0.0125285228714, 0.0360400415957, 0.0237762667239, 0.0316471047699, 0.0297618824989, 0.0202128980309, 0.0192618742585, 0.0188933368772, 0.00968324951828, 0.0072553078644, 0.00444489717484, 0.00306971836835, 0.00373692647554, 0.00222101947293, 0.00217587221414, 0.000690691231284, 0.000168045546161, 9.6144467534e-05, 1.27878556668e-05, 4.25955704486e-06, 1.7112936348e-06, 1.24491089082e-06, 4.3981754061e-07, 3.18271169419e-08],
        "mean": [0.000209704521694, 0.00295100617222, 0.00164719799068, 0.00196115067229, 0.00569688063115, 0.00433997809887, 0.00296473549679, 0.00319136423059, 0.00159715197515, 0.00227035349235, 0.00119529035874, 0.000836587918457, 0.000511954247486, 0.000358703313395, 0.000484861287987, 0.000312186108204, 0.000282199587673, 0.000112430716399, 5.00004171045e-05, 1.772665928e-05, 5.30462011739e-06, 1.23257734685e-06, 4.27128213687e-07, 2.32349194107e-07, 1.19383074093e-07, 4.09098284138e-08, 2.46478859545e-09],
        "median": [0.000203486444661, 0.00217643473297, 0.00115609762724, 0.0014628674835, 0.00429786369205, 0.00341817503795, 0.00209780130535, 0.00141573802102, 0.000792425009422, 0.00097637437284, 0.000361653685104, 0.000401456956752, 0.000265794049483, 0.000195606262423, 0.000329534843331, 0.000135119844344, 0.000168861501152, 5.77705650358e-05, 2.87155671685e-05, 1.00796560218e-05, 2.07912466976e-06, 5.67919641981e-07, 1.85878349157e-07, 8.48362944339e-08, 3.51838593815e-08, 7.31358085204e-09, 1.03654995698e-09],
        "min": [8.15565030154e-24, 4.5408861077e-24, 7.12144734391e-24, 1.25139293092e-23, 3.34676510959e-23, 3.03165651427e-23, 3.76360867824e-23, 2.26496291603e-23, 4.82988356484e-23, 5.47809120175e-23, 2.05973238961e-23, 5.28968881393e-23, 1.02876928372e-22, 7.07789417556e-23, 9.97553994588e-23, 9.99909848796e-23, 1.1383751325e-22, 1.17851060831e-22, 2.55731842782e-22, 3.03102700327e-22, 3.06771824926e-22, 4.52898046115e-22, 6.19532075998e-22, 8.75357319912e-22, 9.73360451041e-22, 1.76632282712e-21, 2.16388711488e-21],
        "var": [1.13701403848e-08, 7.22978256817e-06, 2.55476766142e-06, 3.57912426807e-06, 2.61170262092e-05, 1.27080702441e-05, 1.00861861938e-05, 1.91234285012e-05, 5.51605762666e-06, 1.05817243821e-05, 4.2111505536e-06, 1.41302757584e-06, 6.18722367562e-07, 2.25229712214e-07, 2.38721071355e-07, 1.87960296216e-07, 1.15911795717e-07, 3.20646371677e-08, 4.27404156511e-09, 4.31783692134e-10, 8.21909970639e-11, 3.00457336962e-12, 3.10614408543e-13, 9.68943146746e-14, 2.91171370326e-14, 4.32653036864e-15, 1.50704399761e-17]
    },
    "erbbands": {
        "dmean": [0.0412595458329, 0.553053915501, 1.50411260128, 2.39410638809, 7.25355148315, 11.5434570312, 15.2967634201, 23.5926647186, 25.7146244049, 23.5275402069, 33.737991333, 24.2926635742, 40.8289985657, 29.3451137543, 36.2959785461, 25.2702484131, 14.5562496185, 13.6173753738, 10.702126503, 11.5942554474, 9.16404247284, 7.07027864456, 4.42532968521, 1.56808435917, 0.792977154255, 0.315311938524, 0.140806257725, 0.0560723617673, 0.0219937935472, 0.00795817375183, 0.00450336467475, 0.0021685778629, 0.00119012617506, 0.000661333440803, 0.00027124749613, 0.00011470993195, 3.2575604564e-05, 5.53927111469e-06, 3.53998962055e-06, 8.35802984511e-06],
        "dmean2": [0.0725463330746, 0.982466757298, 2.64633750916, 4.05811929703, 13.4064455032, 18.3167171478, 25.2474689484, 39.2419281006, 40.6245040894, 35.5346679688, 41.4110717773, 36.5183486938, 65.1875686646, 46.2479362488, 60.2409515381, 43.1307296753, 25.4186000824, 22.9783153534, 18.1126232147, 19.0993442535, 15.394569397, 11.1731882095, 7.46479988098, 2.48483872414, 1.25992834568, 0.480089217424, 0.207077234983, 0.0794951319695, 0.0330798216164, 0.0111808329821, 0.00681907916442, 0.00286892871372, 0.0015908688074, 0.000925745931454, 0.000377677904908, 0.000164620170835, 4.52454441984e-05, 8.30722365208e-06, 5.33093088961e-06, 1.28117162603e-05],
        "dvar": [0.00197940669023, 0.32875430584, 2.31535816193, 6.94685935974, 59.5186233521, 167.808700562, 298.248352051, 684.05291748, 904.94934082, 992.64251709, 3314.42456055, 1248.9140625, 4141.06054688, 1829.45483398, 5443.17285156, 1864.18969727, 835.724609375, 469.69128418, 240.364471436, 241.670211792, 207.098403931, 116.306915283, 107.073623657, 5.24605703354, 1.70188248158, 0.210005417466, 0.0716336145997, 0.0123259117827, 0.00211638188921, 0.000141460550367, 5.8231438743e-05, 1.14543036034e-05, 3.29597355631e-06, 1.31530430281e-06, 2.12507586639e-07, 4.36508393875e-08, 3.44858031021e-09, 1.11549956772e-10, 1.12461324975e-11, 6.14554102052e-11],
        "dvar2": [0.00597509834915, 1.04766952991, 6.82445478439, 19.2446937561, 183.954177856, 403.417602539, 769.094482422, 1874.61877441, 2414.22583008, 1878.29382324, 5092.24658203, 2720.140625, 9209.60839844, 4327.41308594, 13194.6962891, 4953.82666016, 2426.84545898, 1277.59741211, 682.844116211, 686.652770996, 543.790344238, 263.266967773, 302.537841797, 12.7527141571, 4.52325534821, 0.463747620583, 0.162598565221, 0.0201950725168, 0.00503059569746, 0.00025732818176, 0.000133113673655, 2.16522566916e-05, 6.25554957878e-06, 2.86090926238e-06, 4.37935028685e-07, 9.24971459426e-08, 6.22991835897e-09, 2.5745106047e-10, 2.47229320349e-11, 1.4099711676e-10],
        "max": [0.415720105171, 4.13814544678, 9.8251657486, 23.6515750885, 77.0456771851, 146.635513306, 219.830535889, 224.655487061, 350.999298096, 420.358459473, 793.538330078, 578.726745605, 673.270935059, 461.474243164, 865.16583252, 481.83883667, 283.441040039, 236.468963623, 168.300994873, 183.805496216, 202.415740967, 133.200958252, 152.123733521, 36.3558540344, 19.8111381531, 5.4321975708, 5.1083817482, 2.07785415649, 0.670895695686, 0.200894087553, 0.123528316617, 0.0475860759616, 0.0251740086824, 0.0195202641189, 0.00506049208343, 0.00258268299513, 0.000663379614707, 0.000108862928755, 4.52014865004e-05, 9.88264728221e-05],
        "mean": [0.0696414038539, 0.710166394711, 1.98623764515, 3.93657588959, 10.3020944595, 21.1722259521, 27.7297611237, 40.5567817688, 47.8123474121, 47.3400192261, 65.5666427612, 43.6109657288, 70.9855804443, 49.8180809021, 43.6482963562, 37.0299339294, 24.7414913177, 22.1643486023, 21.121175766, 23.1708755493, 16.8816013336, 13.2287416458, 7.55329227448, 3.46722888947, 1.77140128613, 0.792242228985, 0.363996744156, 0.143276646733, 0.0532188601792, 0.0222514048219, 0.01139742136, 0.00616664392874, 0.00331419846043, 0.00173198990524, 0.00066190835787, 0.000253348320257, 7.34712157282e-05, 1.07124224087e-05, 1.54374665726e-05, 3.51532798959e-05],
        "median": [0.0500529408455, 0.505997657776, 1.47143530846, 2.97486066818, 8.0877456665, 13.750541687, 20.6485595703, 31.340839386, 35.6224594116, 30.7800292969, 28.9121322632, 24.6163444519, 36.3074798584, 25.6402931213, 15.8094387054, 17.9711742401, 14.5170478821, 13.8053894043, 15.4573688507, 16.4736938477, 10.2780647278, 7.46175193787, 4.18719959259, 2.03394246101, 1.11017858982, 0.479722380638, 0.172854810953, 0.0596340969205, 0.0226415358484, 0.0104561876506, 0.00489238183945, 0.00233098887838, 0.00116419419646, 0.000586033856962, 0.000180035902304, 6.95512644597e-05, 2.08800447581e-05, 4.1616603994e-06, 1.42518583743e-05, 3.28409478243e-05],
        "min": [3.47356383471e-22, 5.89270412419e-22, 5.29852237737e-21, 3.02122451921e-20, 2.28035164096e-20, 1.34400538572e-19, 2.17125811808e-19, 1.64493123688e-19, 5.13758466337e-19, 4.99256749428e-19, 4.23047410521e-19, 1.02339540187e-18, 1.50214076045e-18, 1.68654134267e-18, 2.3403336285e-18, 2.45877100296e-18, 4.18190174945e-18, 4.26594867636e-18, 3.7077378341e-18, 6.69147756525e-18, 5.94982411931e-18, 6.32324694863e-18, 5.55936136937e-18, 8.64636756896e-18, 1.19717709434e-17, 1.47084128004e-17, 1.2003727412e-17, 1.30043735893e-17, 1.60447528585e-17, 1.65257104082e-17, 1.88713200015e-17, 1.61600188225e-17, 1.39266394404e-17, 1.0985660811e-17, 7.11407917712e-18, 6.08768907123e-18, 3.32322147878e-18, 1.17379276046e-18, 2.81442930145e-19, 3.01621910715e-20],
        "var": [0.00435303617269, 0.447307229042, 3.28917574883, 11.4226951599, 82.3041229248, 446.356292725, 679.68737793, 1251.60083008, 1943.24523926, 2791.03930664, 10861.9667969, 3669.1550293, 9531.0390625, 3944.48510742, 6231.28759766, 2738.13012695, 1124.06091309, 646.149169922, 447.972198486, 546.20513916, 406.133392334, 276.638885498, 145.637054443, 17.7091941833, 5.04151153564, 0.813293337822, 0.27554872632, 0.058329731226, 0.00640588393435, 0.000797351938672, 0.000236698353547, 7.10301901563e-05, 1.90500213648e-05, 6.05802142672e-06, 8.92654099971e-07, 1.43527600471e-07, 1.21518484164e-08, 2.62905613946e-10, 8.26493942729e-11, 4.19100809612e-10]
    },
    "gfcc": {
        "mean": [-88.1677627563, 215.640701294, -148.807235718, -1.41815721989, -28.1317672729, -19.119468689, -25.1472949982, -5.13461351395, -8.1723651886, -10.5854330063, -2.49258804321, -9.86691379547, 2.52063846588],
        "cov": [[15825.6992188, 1675.86437988, -1674.11022949, 256.88482666, -492.461669922, -128.707595825, -202.484420776, 38.1326980591, -144.257476807, -131.282714844, -38.7918319702, 0.451663851738, 126.666610718], [1675.86437988, 1053.19421387, -145.673522949, -127.192634583, 142.857955933, -153.74508667, -21.5808906555, -136.989395142, 72.9855651855, -78.4573898315, 51.3627433777, -75.1424636841, 27.3749408722], [-1674.11022949, -145.673522949, 389.563842773, -10.2071418762, 61.7403869629, 57.676486969, 11.9553699493, -5.84827232361, 20.2502555847, 23.7616882324, 14.3462762833, 6.39528465271, -24.899597168], [256.88482666, -127.192634583, -10.2071418762, 103.077056885, -16.3075008392, 36.5945930481, 5.32253217697, 24.9550991058, -14.6858863831, 8.73948574066, -2.2404897213, 11.5426893234, 0.849474310875], [-492.461669922, 142.857955933, 61.7403869629, -16.3075008392, 123.377433777, -18.5311069489, 18.5740146637, -44.0942344666, 23.9984817505, -7.26784324646, 22.3731269836, -10.5702838898, 0.802451968193], [-128.707595825, -153.74508667, 57.676486969, 36.5945930481, -18.5311069489, 96.5731201172, 12.0379648209, 26.8700294495, -17.9729423523, 16.768037796, -1.21353638172, 17.8437728882, -8.9210062027], [-202.484420776, -21.5808906555, 11.9553699493, 5.32253217697, 18.5740146637, 12.0379648209, 56.2842903137, 12.2632083893, 9.63795661926, -1.63310813904, 0.0874764472246, 3.10103154182, 2.48719525337], [38.1326980591, -136.989395142, -5.84827232361, 24.9550991058, -44.0942344666, 26.8700294495, 12.2632083893, 75.8159179688, 5.3489356041, 16.2913703918, -23.6385440826, 4.87710618973, -2.97627210617], [-144.257476807, 72.9855651855, 20.2502555847, -14.6858863831, 23.9984817505, -17.9729423523, 9.63795661926, 5.3489356041, 55.6551361084, 1.57707393169, 5.21070766449, -19.6792392731, 3.84446573257], [-131.282714844, -78.4573898315, 23.7616882324, 8.73948574066, -7.26784324646, 16.768037796, -1.63310813904, 16.2913703918, 1.57707393169, 39.5288543701, 7.54110240936, 11.8402833939, -7.44231176376], [-38.7918319702, 51.3627433777, 14.3462762833, -2.2404897213, 22.3731269836, -1.21353638172, 0.0874764472246, -23.6385440826, 5.21070766449, 7.54110240936, 42.6668128967, 9.75861167908, 2.35339426994], [0.451663851738, -75.1424636841, 6.39528465271, 11.5426893234, -10.5702838898, 17.8437728882, 3.10103154182, 4.87710618973, -19.6792392731, 11.8402833939, 9.75861167908, 44.9480247498, 7.54195451736], [126.666610718, 27.3749408722, -24.899597168, 0.849474310875, 0.802451968193, -8.9210062027, 2.48719525337, -2.97627210617, 3.84446573257, -7.44231176376, 2.35339426994, 7.54195451736, 34.4342308044]],
        "icov": [[0.000311536714435, -0.000930614885874, 0.000819258217234, -0.00123044569045, 0.0012781569967, -0.000567778828554, 0.000437336391769, -0.000295638456009, 0.000356549950084, -0.000299852428725, 0.000376974610845, -0.000678484560922, 8.07070819064e-07], [-0.000930614885874, 0.00503845699131, -0.00146266806405, 0.00507574155927, -0.00535478815436, 0.00232214294374, -0.000400956836529, 0.00215966720134, -0.00271956482902, 0.00334328040481, -0.00314890826121, 0.00362460897304, -0.000375567149604], [0.000819258217234, -0.00146266806405, 0.0061741755344, -0.00178246491123, 0.000751106417738, -0.00400994997472, 0.00211181701161, 0.000231148020248, -0.0016853887355, -0.000667542859446, 0.000697690236848, -0.00232109380886, 0.0019733668305], [-0.00123044569045, 0.00507574155927, -0.00178246491123, 0.0180691704154, -0.00709512084723, -0.00130626943428, -0.000883450731635, -0.0021000483539, 0.000459324772237, 0.00245907600038, -0.00448637455702, 0.00405179848894, -0.00163504038937], [0.0012781569967, -0.00535478815436, 0.000751106417738, -0.00709512084723, 0.0207569375634, -0.00114368624054, -0.00463211070746, 0.00666952040046, -0.00196230527945, -0.00316320778802, 0.0011556732934, -0.00266992743127, 0.000445710698841], [-0.000567778828554, 0.00232214294374, -0.00400994997472, -0.00130626943428, -0.00114368624054, 0.0182611756027, -0.00391001580283, -0.00293230079114, 0.00427236035466, -0.00087254360551, -0.00306829251349, 0.000356714910595, 0.00162770994939], [0.000437336391769, -0.000400956836529, 0.00211181701161, -0.000883450731635, -0.00463211070746, -0.00391001580283, 0.0236139148474, -0.00659096660092, -0.00348620838486, 0.00547700328752, -0.000883927801624, -0.0039039303083, -0.000433039182099], [-0.000295638456009, 0.00215966720134, 0.000231148020248, -0.0021000483539, 0.00666952040046, -0.00293230079114, -0.00659096660092, 0.031105266884, -0.0118328956887, -0.00835237838328, 0.0139930006117, -0.00223555485718, 0.000888228591066], [0.000356549950084, -0.00271956482902, -0.0016853887355, 0.000459324772237, -0.00196230527945, 0.00427236035466, -0.00348620838486, -0.0118328956887, 0.0335252471268, -0.00644145673141, -0.00696866819635, 0.0141271511093, -0.0077510564588], [-0.000299852428725, 0.00334328040481, -0.000667542859446, 0.00245907600038, -0.00316320778802, -0.00087254360551, 0.00547700328752, -0.00835237838328, -0.00644145673141, 0.0405610352755, -0.012175549753, -0.00710196839646, 0.00850520469248], [0.000376974610845, -0.00314890826121, 0.000697690236848, -0.00448637455702, 0.0011556732934, -0.00306829251349, -0.000883927801624, 0.0139930006117, -0.00696866819635, -0.012175549753, 0.0400686897337, -0.0127916112542, 0.000393012393033], [-0.000678484560922, 0.00362460897304, -0.00232109380886, 0.00405179848894, -0.00266992743127, 0.000356714910595, -0.0039039303083, -0.00223555485718, 0.0141271511093, -0.00710196839646, -0.0127916112542, 0.0403606295586, -0.0129986377433], [8.07070819064e-07, -0.000375567149604, 0.0019733668305, -0.00163504038937, 0.000445710698841, 0.00162770994939, -0.000433039182099, 0.000888228591066, -0.0077510564588, 0.00850520469248, 0.000393012393033, -0.0129986377433, 0.036846909672]]
    },
    "melbands": {
        "dmean": [0.000504356343299, 0.000727149134036, 0.000564419198781, 0.000587256450672, 0.000546582101379, 0.000509618897922, 0.000381291494705, 0.00027378089726, 0.000270545715466, 0.000151518834173, 0.000210128579056, 0.000124903599499, 0.000112760491902, 7.4907882663e-05, 5.88842449361e-05, 3.23562526319e-05, 2.85384176095e-05, 1.71527026396e-05, 1.78487625817e-05, 1.99313708436e-05, 1.01720361272e-05, 9.980237337e-06, 4.23402070737e-06, 3.06786637339e-06, 1.3752620589e-06, 7.86163070643e-07, 3.96102564082e-07, 2.07891091009e-07, 1.06116388565e-07, 7.60411822398e-08, 3.04658485106e-08, 1.62519864233e-08, 7.09921144093e-09, 4.13265421884e-09, 3.21011994764e-09, 1.89072468793e-09, 1.28314714409e-09, 9.96391080754e-10, 7.29265980937e-10, 5.68364300069e-10],
        "dmean2": [0.000895328063052, 0.00127712206449, 0.000980776268989, 0.000999282114208, 0.00089077220764, 0.000845136702992, 0.000604489061516, 0.00040575049934, 0.000336144323228, 0.000235611005337, 0.000335204589646, 0.00019565630646, 0.00018516772252, 0.000125857361127, 0.000104249862488, 5.51197626919e-05, 4.8520778364e-05, 2.91422547889e-05, 2.99279126921e-05, 3.38146164722e-05, 1.70749735844e-05, 1.58683924383e-05, 7.12137307346e-06, 5.21654010299e-06, 2.25460166803e-06, 1.26688348701e-06, 6.20552043529e-07, 3.19155333273e-07, 1.5680377885e-07, 1.18538508787e-07, 4.588684277e-08, 2.55675551841e-08, 1.06351034646e-08, 6.22300966313e-09, 5.08266095878e-09, 2.8846776079e-09, 1.75343306541e-09, 1.43782430406e-09, 1.07641706659e-09, 8.30915336536e-10],
        "dvar": [2.87687441869e-07, 5.17758508067e-07, 3.63798307035e-07, 4.02063619731e-07, 3.66118030115e-07, 3.09523386477e-07, 2.0272628376e-07, 1.34134069185e-07, 1.99160112402e-07, 5.76647281036e-08, 1.10003412601e-07, 3.40998944637e-08, 4.22285033608e-08, 1.40586919883e-08, 2.29320313849e-08, 6.35836006069e-09, 2.29740249047e-09, 6.34196806182e-10, 6.9383243595e-10, 8.37228619766e-10, 2.45881731642e-10, 2.19203669105e-10, 5.22679885484e-11, 4.55594346971e-11, 4.49323781307e-12, 1.75723888565e-12, 3.95041150399e-13, 8.96769298902e-14, 2.75632110452e-14, 3.11997979264e-14, 3.73156553265e-15, 1.32791716245e-15, 1.48476630317e-16, 3.53280667077e-17, 3.19147952455e-17, 1.00728397081e-17, 4.12633713257e-18, 2.44840642989e-18, 1.63019762505e-18, 1.04530814008e-18],
        "dvar2": [9.13491192023e-07, 1.5922851162e-06, 1.02110755051e-06, 1.09574386897e-06, 9.04620037545e-07, 8.63331422352e-07, 5.20805542692e-07, 2.47948889864e-07, 3.05777973608e-07, 1.24693286807e-07, 2.44635373292e-07, 7.96474353137e-08, 1.0356556146e-07, 3.38023120605e-08, 6.66479351707e-08, 1.84307769047e-08, 6.18095974403e-09, 1.79615700091e-09, 1.74051506541e-09, 2.1240174064e-09, 6.66015187445e-10, 4.76945760663e-10, 1.47308679144e-10, 1.29090127476e-10, 1.16266388878e-11, 4.21277119092e-12, 9.72696641115e-13, 2.16952134426e-13, 5.98622104035e-14, 7.93811563249e-14, 7.81519014542e-15, 3.5497662159e-15, 3.37191375506e-16, 7.77461499085e-17, 7.89240418659e-17, 2.34176700842e-17, 8.26939406686e-18, 5.21000329202e-18, 4.06772931822e-18, 2.52327413354e-18],
        "max": [0.00421915762126, 0.00496656494215, 0.00496792607009, 0.00766633450985, 0.00592930009589, 0.0054600071162, 0.00559624377638, 0.00402616569772, 0.00594449182972, 0.003921341151, 0.00337288249284, 0.0017432103632, 0.00244405283593, 0.00111774692778, 0.00193590752315, 0.000960953708272, 0.000537054555025, 0.000268494855845, 0.000282537541352, 0.000319496437442, 0.000226456919336, 0.000188404752407, 9.83568388619e-05, 9.45224310271e-05, 3.19105056406e-05, 2.34551916947e-05, 9.23133120523e-06, 3.42829775946e-06, 2.75073421108e-06, 3.37781784765e-06, 1.0898399978e-06, 5.31072373633e-07, 2.29524388828e-07, 6.69590320967e-08, 8.59190478764e-08, 4.66948186784e-08, 2.49299141331e-08, 2.01716954251e-08, 1.78874035583e-08, 1.56817048236e-08],
        "mean": [0.000722187629435, 0.00103125639725, 0.000906436122023, 0.00108727160841, 0.00105116411578, 0.000898785656318, 0.000706053921022, 0.000541403598618, 0.000505977834109, 0.000258320505964, 0.00035656709224, 0.000202250957955, 0.000137589187943, 9.91591077764e-05, 8.08509721537e-05, 5.15763786098e-05, 4.06083418056e-05, 3.12982228934e-05, 3.45774933521e-05, 3.14588723995e-05, 1.75315344677e-05, 1.70254679688e-05, 6.94381560606e-06, 5.05662410433e-06, 2.61179411609e-06, 1.49280060668e-06, 8.32135924611e-07, 4.55180611425e-07, 2.52457027727e-07, 1.42623591159e-07, 6.44409041684e-08, 3.13663797158e-08, 1.72073910676e-08, 1.00051380514e-08, 7.06274017048e-09, 4.59841276168e-09, 3.32579230822e-09, 2.47406983789e-09, 1.73465652953e-09, 1.32562660848e-09],
        "median": [0.000542895111721, 0.000788657111116, 0.000712922308594, 0.000798109511379, 0.000776392058469, 0.000702882767655, 0.000517637992743, 0.000345533189829, 0.00021210432169, 0.000130726286443, 0.000181621537195, 9.00225277292e-05, 4.54997207271e-05, 4.8031721235e-05, 3.37661840604e-05, 2.30952609854e-05, 2.28182652791e-05, 2.09826903301e-05, 2.14527062781e-05, 1.88674894162e-05, 1.00387442217e-05, 8.77201455296e-06, 4.10866641687e-06, 2.54027827395e-06, 1.48262392941e-06, 8.81457708601e-07, 4.77369553664e-07, 2.57035878803e-07, 1.22996766549e-07, 5.94792126662e-08, 2.42623094948e-08, 1.34939446284e-08, 7.7272837018e-09, 4.67254324121e-09, 2.93090884895e-09, 1.77113723687e-09, 1.22094767629e-09, 8.55820747603e-10, 5.65833768729e-10, 4.0582603944e-10],
        "min": [3.64865563048e-24, 2.08200272183e-24, 5.06388826609e-24, 2.15813036298e-24, 6.13023099472e-24, 4.18420422713e-24, 8.14126857838e-24, 5.51246455351e-24, 3.19140562019e-24, 7.24642263282e-24, 7.4394332305e-24, 6.28168913308e-24, 5.02089100802e-24, 4.86981310062e-24, 6.34882159055e-24, 9.81174623178e-24, 7.40089579756e-24, 5.55222748187e-24, 8.46994116365e-24, 8.57079229722e-24, 6.3649853505e-24, 6.8103789786e-24, 4.51517634194e-24, 5.9962433644e-24, 5.87040151179e-24, 6.20871949935e-24, 8.7649207108e-24, 1.03763836799e-23, 6.12724949493e-24, 7.66346341669e-24, 7.71618220213e-24, 8.61197083647e-24, 7.11672916683e-24, 9.45961528977e-24, 1.17379347253e-23, 9.3698863061e-24, 8.85437753745e-24, 9.55116417554e-24, 9.59405690954e-24, 9.13650417387e-24],
