{
"metadata": {
    "version": {
        "essentia": "2.0.1",
        "extractor": "archive-music 1.0"
    },
    "audio_properties": {
        "analysis_sample_rate": 44100,
        "bitrate": 128,
        "channels": 2,
        "equal_loudness": 0,
        "length": 15.2293872833,
        "replay_gain": 4.65676307678,
        "downmix": "mix"
    },
    "tags": {
        "track": 0,
        "year": 0,
        "album": "",
        "artist": "",
        "comment": "",
        "genre": "",
        "title": ""
    }
},
"highlevel": {
    "culture": {
        "all": {
            "non_western": 0.118136398494,
            "western": 0.881863594055
        },
        "probability": 0.881863594055,
        "value": "western"
    },
    "danceability": {
        "all": {
            "danceable": 3.00000096379e-14,
            "not_danceable": 1
        },
        "probability": 1,
        "value": "not_danceable"
    },
    "gender": {
        "all": {
            "female": 0.459576457739,
            "male": 0.540423512459
        },
        "probability": 0.540423512459,
        "value": "male"
    },
    "genre_dortmund": {
        "all": {
            "alternative": 0.00237727817148,
            "blues": 0.000475884822663,
            "electronic": 0.634300291538,
            "folkcountry": 0.00157468626276,
            "funksoulrnb": 0.0130405183882,
            "jazz": 0.327425569296,
            "pop": 0.00275439512916,
            "raphiphop": 0.0177391003817,
            "rock": 0.000312281161314
        },
        "probability": 0.634300291538,
        "value": "electronic"
    },
    "genre_electronic": {
        "all": {
            "ambient": 0.858273088932,
            "dnb": 0.0184812415391,
            "house": 0.0518002696335,
            "techno": 0.0645471736789,
            "trance": 0.00689823180437
        },
        "probability": 0.858273088932,
        "value": "ambient"
    },
    "genre_rosamerica": {
        "all": {
            "cla": 0.407387435436,
            "dan": 0.0387692898512,
            "hip": 0.118993513286,
            "jaz": 0.0470643527806,
            "pop": 0.0869944542646,
            "rhy": 0.264140546322,
            "roc": 0.0156037434936,
            "spe": 0.0210466440767
        },
        "probability": 0.407387435436,
        "value": "cla"
    },
    "genre_tzanetakis": {
        "all": {
            "blu": 0.00491978647187,
            "cla": 0.0151003282517,
            "cou": 0.00088473467622,
            "dis": 0.00227695866488,
            "hip": 0.0373429246247,
            "jaz": 0.00311317527667,
            "met": 0.000718590337783,
            "pop": 0.916432321072,
            "reg": 0.00608738418669,
            "roc": 0.0131238149479
        },
        "probability": 0.916432321072,
        "value": "pop"
    },
    "mirex_ballroom": {
        "all": {
            "ChaChaCha": 0.0167189985514,
            "Jive": 0.00456715654582,
            "Quickstep": 0.0159669388086,
            "Rumba-American": 0.00586557760835,
            "Rumba-International": 0.0372774116695,
            "Rumba-Misc": 0.0683964341879,
            "Samba": 0.0260258801281,
            "Tango": 0.0137757612392,
            "VienneseWaltz": 0.153180465102,
            "Waltz": 0.658225357533
        },
        "probability": 0.658225357533,
        "value": "Waltz"
    },
    "mood_acoustic": {
        "all": {
            "acoustic": 1.65237597685e-05,
            "not_acoustic": 0.999983489513
        },
        "probability": 0.999983489513,
        "value": "not_acoustic"
    },
    "mood_aggressive": {
        "all": {
            "aggressive": 3.00000096379e-14,
            "not_aggressive": 1
        },
        "probability": 1,
        "value": "not_aggressive"
    },
    "mood_electronic": {
        "all": {
            "electronic": 0.812349796295,
            "not_electronic": 0.187650218606
        },
        "probability": 0.812349796295,
        "value": "electronic"
    },
    "mood_happy": {
        "all": {
            "happy": 0.0988496392965,
            "not_happy": 0.901150345802
        },
        "probability": 0.901150345802,
        "value": "not_happy"
    },
    "mood_party": {
        "all": {
            "not_party": 0.999999880791,
            "party": 1.00000008274e-07
        },
        "probability": 0.999999880791,
        "value": "not_party"
    },
    "mood_relaxed": {
        "all": {
            "not_relaxed": 3.76354197806e-10,
            "relaxed": 1
        },
        "probability": 1,
        "value": "relaxed"
    },
    "mood_sad": {
        "all": {
            "not_sad": 0.30007994175,
            "sad": 0.69992005825
        },
        "probability": 0.69992005825,
        "value": "sad"
    },
    "moods_mirex": {
        "all": {
            "Cluster1": 0.10964781791,
            "Cluster2": 0.0480924062431,
            "Cluster3": 0.197325065732,
            "Cluster4": 0.0408628173172,
            "Cluster5": 0.60407191515
        },
        "probability": 0.60407191515,
        "value": "Cluster5"
    },
    "timbre": {
        "all": {
            "bright": 0.0447932817042,
            "dark": 0.955206692219
        },
        "probability": 0.955206692219,
        "value": "dark"
    },
    "tonal_atonal": {
        "all": {
            "atonal": 0.617351233959,
            "tonal": 0.382648795843
        },
        "probability": 0.617351233959,
        "value": "atonal"
    },
    "voice_instrumental": {
        "all": {
            "instrumental": 1,
            "voice": 3.00000096379e-14
        },
        "probability": 1,
        "value": "instrumental"
    }
},
"lowlevel": {
    "average_loudness": 0.827522575855,
    "barkbands_kurtosis": {
        "dmean": 12.467300415,
        "dmean2": 22.4824523926,
        "dvar": 2045.40380859,
        "dvar2": 6024.54638672,
        "max": 616.134765625,
        "mean": 20.9921188354,
        "median": 7.29911231995,
        "min": -1.85355508327,
        "var": 1641.20361328
    },
    "barkbands_skewness": {
        "dmean": 1.12031340599,
        "dmean2": 1.93179547787,
        "dvar": 2.55956101418,
        "dvar2": 7.05997753143,
        "max": 17.038892746,
        "mean": 2.48318982124,
        "median": 2.0123269558,
        "min": -2.79827332497,
        "var": 5.46318721771
    },
    "barkbands_spread": {
        "dmean": 1.82493388653,
        "dmean2": 3.12182044983,
        "dvar": 15.0921154022,
        "dvar2": 42.9006156921,
        "max": 59.1158752441,
        "mean": 5.32380962372,
        "median": 0.933143734932,
        "min": 0.0399027690291,
        "var": 53.5806503296
    },
    "dissonance": {
        "dmean": 0.0364250019193,
        "dmean2": 0.0650083199143,
        "dvar": 0.00391913950443,
        "dvar2": 0.0119244521484,
        "max": 0.500000238419,
        "mean": 0.427938014269,
        "median": 0.495619297028,
        "min": 0.0818753615022,
        "var": 0.0103163961321
    },
    "dynamic_complexity": 7.16672372818,
    "erbbands_kurtosis": {
        "dmean": 19.5351257324,
        "dmean2": 33.0948028564,
        "dvar": 999.731689453,
        "dvar2": 2587.10546875,
        "max": 292.692199707,
        "mean": 53.8254203796,
        "median": 46.7809944153,
        "min": -0.849538564682,
        "var": 2319.11499023
    },
    "erbbands_skewness": {
        "dmean": 1.22258067131,
        "dmean2": 2.02792739868,
        "dvar": 1.96734261513,
        "dvar2": 4.82898855209,
        "max": 13.2473087311,
        "mean": 3.21335744858,
        "median": 3.01076483727,
        "min": -3.75611495972,
        "var": 11.1573266983
    },
    "erbbands_spread": {
        "dmean": 1.67107617855,
        "dmean2": 2.91621589661,
        "dvar": 40.5019950867,
        "dvar2": 91.1114883423,
        "max": 96.0797348022,
        "mean": 3.75283265114,
        "median": 1.62953054905,
        "min": 0.464472621679,
        "var": 64.8331375122
    },
    "hfc": {
        "dmean": 5.58204126358,
        "dmean2": 8.75273418427,
        "dvar": 172.967712402,
        "dvar2": 322.888214111,
        "max": 317.883483887,
        "mean": 33.4300994873,
        "median": 40.518611908,
        "min": 1.10349586249e-16,
        "var": 1469.1595459
    },
    "melbands_kurtosis": {
        "dmean": 26.0610580444,
        "dmean2": 45.7458267212,
        "dvar": 8581.59375,
        "dvar2": 25781.2460938,
        "max": 1390.47827148,
        "mean": 47.7049942017,
        "median": 15.0179786682,
        "min": -1.85847556591,
        "var": 6942.328125
    },
    "melbands_skewness": {
        "dmean": 1.36063027382,
        "dmean2": 2.33368611336,
        "dvar": 4.52071619034,
        "dvar2": 12.7190065384,
        "max": 25.4073791504,
        "mean": 3.70319890976,
        "median": 2.71710658073,
        "min": -3.52225375175,
        "var": 13.3734273911
    },
    "melbands_spread": {
        "dmean": 2.54557967186,
        "dmean2": 4.4654750824,
        "dvar": 72.5952453613,
        "dvar2": 155.444717407,
        "max": 161.548416138,
        "mean": 7.84581184387,
        "median": 1.28345572948,
        "min": 0.0230428036302,
        "var": 226.980789185
    },
    "pitch_salience": {
        "dmean": 0.0733828768134,
        "dmean2": 0.123130306602,
        "dvar": 0.00547683471814,
        "dvar2": 0.0163171794266,
        "max": 0.907591938972,
        "mean": 0.28611934185,
        "median": 0.251061737537,
        "min": 0.045294046402,
        "var": 0.0167367104441
    },
    "silence_rate_20dB": {
        "dmean": 0.0914634168148,
        "dmean2": 0.183206111193,
        "dvar": 0.0830979645252,
        "dvar2": 0.241245180368,
        "max": 1,
        "mean": 0.872146129608,
        "median": 1,
        "min": 0,
        "var": 0.111507639289
    },
    "silence_rate_30dB": {
        "dmean": 0.0426829271019,
        "dmean2": 0.0854961797595,
        "dvar": 0.0408609174192,
        "dvar2": 0.0995601415634,
        "max": 1,
        "mean": 0.613394200802,
        "median": 1,
        "min": 0,
        "var": 0.237141132355
    },
    "silence_rate_60dB": {
        "dmean": 0.0365853644907,
        "dmean2": 0.073282442987,
        "dvar": 0.0352469310164,
        "dvar2": 0.0831794366241,
        "max": 1,
        "mean": 0.13394215703,
        "median": 0,
        "min": 0,
        "var": 0.116001553833
    },
    "spectral_centroid": {
        "dmean": 67.1981887817,
        "dmean2": 86.6446380615,
        "dvar": 205433.828125,
        "dvar2": 176119.296875,
        "max": 11384.7138672,
        "mean": 665.279785156,
        "median": 892.636169434,
        "min": 52.1211700439,
        "var": 538542
    },
    "spectral_complexity": {
        "dmean": 0.429878056049,
        "dmean2": 0.796946585178,
        "dvar": 0.53776538372,
        "dvar2": 1.29770636559,
        "max": 11,
        "mean": 3.07914757729,
        "median": 3,
        "min": 0,
        "var": 2.26162338257
    },
    "spectral_crest": {
        "dmean": 3.03267431259,
        "dmean2": 4.96836948395,
        "dvar": 8.0445766449,
        "dvar2": 24.152141571,
        "max": 26.4773960114,
        "mean": 16.1726112366,
        "median": 15.7861795425,
        "min": 5.54846143723,
        "var": 15.6771888733
    },
    "spectral_decrease": {
        "dmean": 2.17716067397e-08,
        "dmean2": 3.96494179711e-08,
        "dvar": 1.81070339014e-15,
        "dvar2": 5.63590650928e-15,
        "max": 2.3840147619e-18,
        "mean": -3.67108903276e-08,
        "median": -1.3377840169e-08,
        "min": -3.05120437361e-07,
        "var": 2.60636527145e-15
    },
    "spectral_energy": {
        "dmean": 0.0826050117612,
        "dmean2": 0.150339871645,
        "dvar": 0.0259851012379,
        "dvar2": 0.080803796649,
        "max": 1.15377616882,
        "mean": 0.141587510705,
        "median": 0.0548091940582,
        "min": 1.05285689019e-20,
        "var": 0.0377895720303
    },
    "spectral_energyband_high": {
        "dmean": 5.41453391634e-06,
        "dmean2": 8.86507768882e-06,
        "dvar": 1.36867484013e-09,
        "dvar2": 2.8602200608e-09,
        "max": 0.000748772639781,
        "mean": 1.78137888724e-05,
        "median": 1.02563117252e-05,
        "min": 7.32514638208e-21,
        "var": 5.31040100782e-09
    },
    "spectral_energyband_low": {
        "dmean": 0.0641145333648,
        "dmean2": 0.117286205292,
        "dvar": 0.0182565748692,
        "dvar2": 0.0599953122437,
        "max": 0.774668097496,
        "mean": 0.0758518800139,
        "median": 0.00782469287515,
        "min": 1.00684374683e-22,
        "var": 0.0201791487634
    },
    "spectral_energyband_middle_high": {
        "dmean": 0.00320685748011,
        "dmean2": 0.00410015042871,
        "dvar": 1.64283774211e-05,
        "dvar2": 2.88594619633e-05,
        "max": 0.0597151406109,
        "mean": 0.0284065492451,
        "median": 0.0429397448897,
        "min": 1.76600071944e-21,
        "var": 0.000583534827456
    },
    "spectral_energyband_middle_low": {
        "dmean": 0.00323906820267,
        "dmean2": 0.00555443856865,
        "dvar": 0.00120578566566,
        "dvar2": 0.00211792765185,
        "max": 0.755089938641,
        "mean": 0.0124170156196,
        "median": 0.000171641164343,
        "min": 2.77202263728e-22,
        "var": 0.00639604451135
    },
    "spectral_flatness_db": {
        "dmean": 0.049484398216,
        "dmean2": 0.0821958556771,
        "dvar": 0.00311674317345,
        "dvar2": 0.00843967497349,
        "max": 0.837585806847,
        "mean": 0.583388507366,
        "median": 0.571543395519,
        "min": 0.0511072017252,
        "var": 0.0116263432428
    },
    "spectral_flux": {
        "dmean": 0.0694364160299,
        "dmean2": 0.111964471638,
        "dvar": 0.00882339850068,
        "dvar2": 0.0230973102152,
        "max": 0.708576321602,
        "mean": 0.138373628259,
        "median": 0.0676258057356,
        "min": 1.02608817276e-10,
        "var": 0.0220151785761
    },
    "spectral_kurtosis": {
        "dmean": 15.8814201355,
        "dmean2": 28.2475986481,
        "dvar": 191.643341064,
        "dvar2": 525.155944824,
        "max": 164.85597229,
        "mean": 61.5245552063,
        "median": 63.6086273193,
        "min": -1.20028626919,
        "var": 503.211761475
    },
    "spectral_rms": {
        "dmean": 0.00255707278848,
        "dmean2": 0.00453230552375,
        "dvar": 1.50223140736e-05,
        "dvar2": 4.63181640953e-05,
        "max": 0.0335504859686,
        "mean": 0.00953883491457,
        "median": 0.00731248129159,
        "min": 3.20496081931e-12,
        "var": 4.71448183816e-05
    },
    "spectral_rolloff": {
        "dmean": 159.824264526,
        "dmean2": 308.36730957,
        "dvar": 1052360.625,
        "dvar2": 2055529.75,
        "max": 19638.28125,
        "mean": 663.368347168,
        "median": 861.328125,
        "min": 21.533203125,
        "var": 2638421.25
    },
    "spectral_skewness": {
        "dmean": 0.893590807915,
        "dmean2": 1.53936064243,
        "dvar": 0.600385427475,
        "dvar2": 1.52658736706,
        "max": 11.1949796677,
        "mean": 6.20110225677,
        "median": 6.39081716537,
        "min": -0.0681423842907,
        "var": 2.00694656372
    },
    "spectral_spread": {
        "dmean": 593047.9375,
        "dmean2": 916523.75,
        "dvar": 3.35389917184e+12,
        "dvar2": 3.97553251123e+12,
        "max": 40597716,
        "mean": 1781210.75,
        "median": 1382578,
        "min": 600257.3125,
        "var": 5.92648287027e+12
    },
    "spectral_strongpeak": {
        "dmean": 0.68408125639,
        "dmean2": 1.32297790051,
        "dvar": 1.75502920151,
        "dvar2": 3.55539131165,
        "max": 13.001086235,
        "mean": 1.51446247101,
        "median": 0.217036679387,
        "min": 0,
        "var": 5.32677173615
    },
    "zerocrossingrate": {
        "dmean": 0.00376110547222,
        "dmean2": 0.00583253800869,
        "dvar": 0.000644882326014,
        "dvar2": 0.00119911774527,
        "max": 0.51904296875,
        "mean": 0.0251899622381,
        "median": 0.01708984375,
        "min": 0.00048828125,
        "var": 0.00205426081084
    },
    "barkbands": {
        "dmean": [0.0505813620985, 0.0311223994941, 0.00234635127708, 6.33167146589e-05, 0.000234431296121, 0.0030230153352, 6.5808686486e-05, 1.21749881146e-05, 8.70588064572e-06, 0.00273593538441, 0.000539530126844, 4.43449152954e-06, 1.94116478269e-06, 1.53613177645e-06, 1.28534179566e-06, 1.08127619569e-06, 1.08339327198e-05, 1.22831886529e-06, 8.13119129361e-07, 7.24753192571e-07, 8.75057480698e-07, 4.91676985348e-07, 5.12128394803e-07, 3.68725932276e-06, 3.20449288438e-07, 1.15356294828e-06, 1.92936965959e-07],
        "dmean2": [0.0916457697749, 0.0569323301315, 0.00440341047943, 0.000110281231173, 0.000425452308264, 0.00529135903344, 0.000129419495352, 2.39332475758e-05, 1.70693238033e-05, 0.00349278748035, 0.000768633733969, 8.58305429574e-06, 3.83668066206e-06, 3.03829665427e-06, 2.5390427254e-06, 2.13576549868e-06, 1.7943131752e-05, 2.39575547312e-06, 1.60924832926e-06, 1.40973907037e-06, 1.64457833307e-06, 9.583359315e-07, 9.98243422146e-07, 5.55350789e-06, 6.26646112778e-07, 1.96654264073e-06, 3.73989507807e-07],
        "dvar": [0.00967596098781, 0.00443390384316, 2.98968661809e-05, 1.26817845114e-08, 3.9887416392e-07, 0.00125463970471, 6.11737050349e-07, 2.09923687322e-08, 7.46825090658e-09, 9.94277525024e-06, 1.34196739054e-06, 1.22499277388e-09, 3.13474884939e-10, 2.3250282255e-10, 1.66534092072e-10, 1.24097038201e-10, 6.48863351937e-10, 1.09521822167e-10, 6.59069882003e-11, 4.1220707403e-11, 3.73610517523e-11, 2.08948448821e-11, 2.2122038576e-11, 7.29465876592e-10, 1.28825110302e-11, 4.7443111939e-11, 4.57296049985e-12],
        "dvar2": [0.0293890535831, 0.0141434324905, 9.0530324087e-05, 3.34869767471e-08, 1.15384079891e-06, 0.00226643774658, 1.81938946753e-06, 6.25114822128e-08, 2.22412523954e-08, 1.67502184922e-05, 2.64431059804e-06, 3.6316936125e-09, 9.33687349658e-10, 6.92869928098e-10, 4.96356455937e-10, 3.69561631297e-10, 1.30214428129e-09, 3.25325294481e-10, 1.97009422664e-10, 1.227426355e-10, 1.11128897751e-10, 6.23960744184e-11, 6.71593475277e-11, 1.3561335388e-09, 3.83077111699e-11, 1.34816616204e-10, 1.35868911608e-11],
        "max": [0.867912054062, 0.507464706898, 0.0421602278948, 0.00111896707676, 0.00889149494469, 0.754462480545, 0.0138166500255, 0.00257660960779, 0.00147509283852, 0.0368159152567, 0.0232585612684, 0.000408266525483, 0.00027036794927, 0.000241822082899, 0.00020002189558, 0.000175278677489, 0.000573083525524, 0.000131821128889, 0.000108507672849, 9.94946021819e-05, 9.22794133658e-05, 7.00137898093e-05, 7.11400789442e-05, 0.000636696175206, 6.39435675112e-05, 0.000106717750896, 3.70082125301e-05],
        "mean": [0.0620282366872, 0.0365555435419, 0.00216373475268, 7.06423743395e-05, 0.000285284739221, 0.0120067317039, 3.98774973291e-05, 7.20823527445e-06, 5.01878730574e-06, 0.0161661580205, 0.0119705349207, 2.72034776572e-06, 1.07252935777e-06, 8.83242250893e-07, 7.62819013289e-07, 5.84345002608e-07, 0.000263347756118, 8.33648186926e-07, 5.21648189533e-07, 1.21979155665e-06, 4.36035497842e-06, 6.0274084035e-07, 3.6338971654e-07, 9.19251942832e-06, 2.48501351052e-07, 1.83770998774e-06, 1.5512883067e-07],
        "median": [0.00587792601436, 0.00318575184792, 9.14654592634e-05, 2.41594370891e-05, 4.82151153847e-05, 6.56223255646e-06, 4.92600463531e-07, 1.48407323763e-07, 1.50822103251e-07, 0.0225923769176, 0.0194287784398, 9.81464367555e-08, 4.37317204671e-08, 1.02380738554e-07, 1.23870805169e-07, 1.25883863333e-08, 0.000431317923358, 5.78375178861e-08, 1.14834406872e-07, 1.35573043281e-06, 6.45065165372e-06, 5.30579995939e-07, 5.2165237463e-08, 8.65728395638e-07, 1.24715811012e-07, 3.9224653392e-07, 6.99946980376e-08],
        "min": [3.65028028951e-23, 1.30879739236e-23, 6.84823168027e-24, 2.73485801164e-23, 3.02654027798e-23, 1.80575010148e-23, 3.76997383912e-23, 7.31119442402e-24, 8.03602380511e-23, 9.37533796605e-23, 6.35740984034e-23, 8.12863228885e-23, 5.75727728026e-23, 8.22656589925e-23, 1.45383720062e-22, 1.31770568302e-22, 2.018792749e-22, 2.21236558362e-22, 1.18331836843e-22, 3.90593281706e-22, 3.253168972e-22, 4.90583635497e-22, 5.13705767096e-22, 9.2139559575e-22, 1.14342603848e-21, 1.6054940562e-21, 2.23333171419e-21],
        "var": [0.013668675907, 0.0053227385506, 2.98217601085e-05, 1.44277656489e-08, 3.52303317186e-07, 0.00637913960963, 3.19984650332e-07, 1.08231477114e-08, 3.83583076413e-09, 0.000194557651412, 0.000101703226392, 6.36683539224e-10, 1.60511423597e-10, 1.18954401884e-10, 8.51728687579e-11, 6.36447700098e-11, 4.9270020952e-08, 5.80758982571e-11, 3.38934123822e-11, 2.21328025352e-11, 3.24812746144e-11, 1.09677293289e-11, 1.15576775581e-11, 3.40371508756e-09, 6.63659535313e-12, 9.15237746701e-11, 2.37105907824e-12]
    },
    "erbbands": {
        "dmean": [2.33559656143, 2.14286327362, 2.97334170341, 0.909360587597, 0.26181229949, 1.17666077614, 5.46380710602, 37.3891677856, 3.43703770638, 0.470398008823, 0.249654322863, 0.338026225567, 8.61246490479, 136.022491455, 11.3266172409, 0.510449171066, 0.121204309165, 0.0849508196115, 0.073433175683, 0.0654165372252, 0.0617791600525, 0.440570682287, 0.269189566374, 0.0532330460846, 0.0370958335698, 0.0342504903674, 0.0424262546003, 0.0242437981069, 0.0178050529212, 0.0170013979077, 0.0163471400738, 0.0915409550071, 0.0383779779077, 0.00433271052316, 0.00209511863068, 0.00231041619554, 0.00343127502128, 0.000536728592124, 5.48249481653e-05, 8.92614625627e-05],
        "dmean2": [4.32169628143, 3.69408798218, 5.55458831787, 1.663012743, 0.460348308086, 2.09552001953, 9.23516178131, 65.5148162842, 4.91175031662, 0.865276217461, 0.479097932577, 0.571746885777, 11.9151792526, 172.300415039, 14.9430551529, 0.761515796185, 0.219273343682, 0.165403321385, 0.144779473543, 0.129134044051, 0.119578748941, 0.746665358543, 0.457664757967, 0.103403970599, 0.0731123834848, 0.0665991380811, 0.0783295035362, 0.0476148538291, 0.0349990352988, 0.0331191048026, 0.0278968662024, 0.137141287327, 0.0600363239646, 0.00814436562359, 0.00408199522644, 0.00424653524533, 0.00574302347377, 0.00102722342126, 0.00010206476145, 0.000162238240591],
        "dvar": [25.3802871704, 20.6277675629, 46.8461456299, 3.55025267601, 0.295228362083, 7.55271339417, 2862.65234375, 196006.078125, 1235.33837891, 25.3643283844, 7.88879013062, 4.15180063248, 191.75894165, 26080.7929688, 285.667266846, 2.15436530113, 0.724664390087, 0.637357532978, 0.540302634239, 0.438921809196, 0.309995502234, 1.14558196068, 0.548616051674, 0.225355118513, 0.138868927956, 0.0967755392194, 0.0549882911146, 0.0630108341575, 0.0308338925242, 0.0257297642529, 0.0148465428501, 0.556066691875, 0.0702772438526, 0.00151012523565, 0.000630441354588, 0.000237514090259, 0.000356418604497, 2.6684401746e-05, 6.74389255551e-08, 3.00742364345e-08],
        "dvar2": [83.2453613281, 54.4513130188, 139.393768311, 10.8344240189, 0.802158474922, 21.1766242981, 5016.57080078, 355822.03125, 1910.87902832, 72.3248291016, 23.478307724, 12.389424324, 401.779449463, 43952.109375, 576.42980957, 6.16333246231, 2.16077208519, 1.90028047562, 1.61012685299, 1.30785822868, 0.924061477184, 2.45012831688, 1.31989407539, 0.671728789806, 0.414459705353, 0.288495987654, 0.162562385201, 0.188162475824, 0.0921250060201, 0.0768231377006, 0.0326575823128, 0.990972280502, 0.183158576488, 0.00442748516798, 0.00187452207319, 0.00072885415284, 0.000923343352042, 7.97178945504e-05, 1.99285125291e-07, 9.33313870632e-08],
        "max": [31.9984035492, 46.2623023987, 49.777130127, 15.8402833939, 6.48929643631, 34.34349823, 1179.63464355, 9366.53417969, 817.79473877, 100.730651855, 51.2469329834, 37.5941009521, 225.369293213, 2203.47241211, 253.287521362, 22.0190315247, 13.1670398712, 12.6474971771, 11.6090488434, 10.2963542938, 8.99919033051, 24.3474388123, 17.2996444702, 6.9878115654, 5.26109790802, 4.74698638916, 3.66889429092, 3.79414010048, 2.70365095139, 2.55828166008, 2.14411735535, 18.1490135193, 6.44765377045, 0.715035140514, 0.456577926874, 0.249831438065, 0.375936955214, 0.0850392729044, 0.00455492129549, 0.00123869196977],
        "mean": [2.47522425652, 3.39776706696, 3.05474829674, 0.968617141247, 0.340009659529, 1.63673079014, 19.6544075012, 148.577438354, 13.7197551727, 0.756742835045, 0.25718536973, 1.85951066017, 102.03818512, 1021.7310791, 125.004646301, 3.95389270782, 0.342387467623, 0.0892717689276, 0.0548400580883, 0.0459981225431, 0.229030892253, 10.3036766052, 5.7446398735, 0.181566953659, 0.0346551984549, 0.0759769156575, 0.268444955349, 0.0217390824109, 0.0150613272563, 0.0222270246595, 0.0372171103954, 0.243730291724, 0.0746233016253, 0.00494955061004, 0.00152778648771, 0.0030731994193, 0.00598486931995, 0.000533870770596, 8.32292862469e-05, 0.000156084803166],
        "median": [0.219051063061, 0.512356519699, 0.283735692501, 0.14220751822, 0.0956108495593, 0.154937520623, 0.223124876618, 0.044257748872, 0.014393825084, 0.0122342063114, 0.114982672036, 2.7205350399, 159.512405396, 1499.62060547, 193.045455933, 5.96262836456, 0.4467856884, 0.070991948247, 0.0259678699076, 0.0184261165559, 0.325252562761, 16.8706169128, 9.36991119385, 0.248527944088, 0.0237148702145, 0.0954540595412, 0.406410485506, 0.0139270750806, 0.00819043815136, 0.0194714553654, 0.00667254067957, 0.0293645560741, 0.00451992359012, 0.00187049107626, 0.000417369039496, 0.000826481671538, 0.00131392013282, 0.000192998835701, 3.86635729228e-05, 6.41452352284e-05],
        "min": [2.4870994574e-22, 1.2893952448e-21, 7.2930737463e-21, 5.60038174709e-20, 5.16572353835e-20, 1.22048987193e-19, 1.80994045664e-19, 1.05334678467e-19, 2.83155478356e-19, 3.14801133846e-19, 5.72342912835e-19, 1.65177039203e-18, 1.56129275624e-18, 3.5312803571e-18, 2.50366561032e-18, 2.75466881091e-18, 3.7153321793e-18, 5.8056353716e-18, 5.5230729559e-18, 5.75814527828e-18, 8.02225566089e-18, 1.18429772677e-17, 1.29676029295e-17, 8.16557049228e-18, 1.06970252353e-17, 1.76547044109e-17, 1.30394534919e-17, 1.27757656834e-17, 1.62867693621e-17, 1.77676840477e-17, 1.58105068896e-17, 1.77698810394e-17, 1.62717262555e-17, 1.21167806679e-17, 8.31780646657e-18, 4.71624305436e-18, 3.29599606969e-18, 1.07410426176e-18, 3.34961179735e-19, 3.12214184641e-20],
        "var": [26.3641548157, 37.9219207764, 49.3817405701, 4.06320428848, 0.34561008215, 11.9006977081, 15429.5234375, 986460.375, 7785.39111328, 28.4212112427, 4.39723205566, 4.52027463913, 7451.48632812, 762055.125, 11205.3945312, 12.051410675, 0.447610199451, 0.329556018114, 0.277177423239, 0.225247949362, 0.19630536437, 75.4591751099, 23.5331859589, 0.141775250435, 0.0719202086329, 0.0534132122993, 0.078863248229, 0.0325741693377, 0.0159746445715, 0.0137009480968, 0.0412568897009, 2.34330797195, 0.234480261803, 0.00102565553971, 0.000330553855747, 0.000254521059105, 0.000968909065705, 1.51798531078e-05, 4.34003233352e-08, 4.4539554267e-08]
    },
    "gfcc": {
        "mean": [-257.142883301, 101.539466858, -68.9094390869, -1.14285576344, -28.1760787964, 15.6974039078, 16.7925987244, 24.1493034363, -22.5872535706, -40.4872245789, -4.58402299881, 25.2091770172, 13.3496732712],
        "cov": [[22335.5429688, -191.794540405, -6985.18212891, -3346.33837891, -393.32711792, 1644.0098877, 3335.16894531, 2954.08007812, -616.891784668, -2656.41601562, -301.179504395, 2167.72875977, 877.780090332], [-191.794540405, 5407.00097656, 6872.83056641, 3768.73144531, 1686.35571289, -56.1891326904, -1182.33154297, -1344.62341309, 459.022857666, 1031.75488281, 661.767333984, -576.776733398, 68.6166152954], [-6985.18212891, 6872.83056641, 11517.1962891, 5940.11425781, 2118.65991211, -713.622070312, -2934.43969727, -2767.8269043, 978.587646484, 2458.30419922, 1127.1463623, -1435.99108887, -233.298995972], [-3346.33837891, 3768.73144531, 5940.11425781, 3323.51074219, 1306.1829834, -224.536804199, -1343.8326416, -1330.41894531, 413.936920166, 1162.50366211, 507.786865234, -725.399047852, -118.348052979], [-393.32711792, 1686.35571289, 2118.65991211, 1306.1829834, 1016.53808594, 357.777954102, 158.826553345, -170.679718018, 274.753082275, 308.656524658, 113.305900574, -274.715545654, 5.12206792831], [1644.0098877, -56.1891326904, -713.622070312, -224.536804199, 357.777954102, 576.306762695, 824.753173828, 538.822570801, 123.103088379, -255.188049316, -87.6890106201, 165.523773193, 75.6916427612], [3335.16894531, -1182.33154297, -2934.43969727, -1343.8326416, 158.826553345, 824.753173828, 1660.83227539, 1165.34509277, -52.1680526733, -818.193664551, -336.694152832, 429.445465088, 157.445404053], [2954.08007812, -1344.62341309, -2767.8269043, -1330.41894531, -170.679718018, 538.822570801, 1165.34509277, 1012.71160889, -111.800498962, -667.106445312, -241.324172974, 453.361846924, 108.733566284], [-616.891784668, 459.022857666, 978.587646484, 413.936920166, 274.753082275, 123.103088379, -52.1680526733, -111.800498962, 327.491455078, 321.70916748, 154.119552612, -151.530212402, -31.1236610413], [-2656.41601562, 1031.75488281, 2458.30419922, 1162.50366211, 308.656524658, -255.188049316, -818.193664551, -667.106445312, 321.70916748, 765.655944824, 273.853881836, -429.692260742, -131.562896729], [-301.179504395, 661.767333984, 1127.1463623, 507.786865234, 113.305900574, -87.6890106201, -336.694152832, -241.324172974, 154.119552612, 273.853881836, 197.582702637, -69.3632354736, 5.54386854172], [2167.72875977, -576.776733398, -1435.99108887, -725.399047852, -274.715545654, 165.523773193, 429.445465088, 453.361846924, -151.530212402, -429.692260742, -69.3632354736, 397.601623535, 122.685043335], [877.780090332, 68.6166152954, -233.298995972, -118.348052979, 5.12206792831, 75.6916427612, 157.445404053, 108.733566284, -31.1236610413, -131.562896729, 5.54386854172, 122.685043335, 83.4337310791]],
        "icov": [[0.000323245854815, -0.00105782598257, 0.000607814115938, 0.000515438732691, -0.000315209850669, -0.000190133476281, 0.00111627439037, -0.000959715165664, -0.000669064756949, 0.000330074166413, 4.10922257288e-05, -0.00027346907882, -9.37176373554e-05], [-0.00105782598257, 0.00624012993649, -0.00415917206556, -0.00180525099859, 0.000712059729267, -0.000744232325815, -0.00372924515978, 0.00282352254726, 0.00420221313834, 0.00244812807068, -0.00357930618338, 0.00235526193865, -0.00200197147205], [0.000607814115938, -0.00415917206556, 0.0108274724334, -0.00381537037902, -0.00877817440778, 0.00165744172409, 0.00598351750523, 0.00543705839664, -0.00683936011046, -0.001403808943, -0.00838911533356, -0.00310446252115, 0.0029055622872], [0.000515438732691, -0.00180525099859, -0.00381537037902, 0.0140328751877, -0.00623138388619, -0.0111283026636, 0.00627571484074, 0.000399717799155, 0.0118600036949, 0.00096802727785, -0.00810098648071, 0.00106932676863, 0.00832954794168], [-0.000315209850669, 0.000712059729267, -0.00877817440778, -0.00623138388619, 0.0297244526446, -0.0013337447308, -0.0199793223292, -0.00532013876364, 0.00724597694352, -0.00683425879106, 0.0119648408145, 0.0082242153585, -0.00759508134797], [-0.000190133476281, -0.000744232325815, 0.00165744172409, -0.0111283026636, -0.0013337447308, 0.0387334600091, -0.00820109248161, -0.010803906247, -0.0302112903446, -0.00335841393098, 0.0346930772066, -0.0167780090123, -0.00823910720646], [0.00111627439037, -0.00372924515978, 0.00598351750523, 0.00627571484074, -0.0199793223292, -0.00820109248161, 0.0433149635792, -0.0200518667698, -0.0232449136674, 0.0209099538624, 0.0143908970058, 0.0101628191769, -0.0215827524662], [-0.000959715165664, 0.00282352254726, 0.00543705839664, 0.000399717799155, -0.00532013876364, -0.010803906247, -0.0200518667698, 0.0382738783956, 0.0233643185347, -0.0118478294462, -0.0390610359609, -0.012049109675, 0.0319789350033], [-0.000669064756949, 0.00420221313834, -0.00683936011046, 0.0118600036949, 0.00724597694352, -0.0302112903446, -0.0232449136674, 0.0233643185347, 0.0612548552454, -0.0161312688142, -0.0580379404128, 0.00964610558003, 0.0287462938577], [0.000330074166413, 0.00244812807068, -0.001403808943, 0.00096802727785, -0.00683425879106, -0.00335841393098, 0.0209099538624, -0.0118478294462, -0.0161312688142, 0.0314211770892, -0.00388159765862, 0.01554478053, -0.0076607381925], [4.10922257288e-05, -0.00357930618338, -0.00838911533356, -0.00810098648071, 0.0119648408145, 0.0346930772066, 0.0143908970058, -0.0390610359609, -0.0580379404128, -0.00388159765862, 0.116720482707, -0.0183881018311, -0.0493845753372], [-0.00027346907882, 0.00235526193865, -0.00310446252115, 0.00106932676863, 0.0082242153585, -0.0167780090123, 0.0101628191769, -0.012049109675, 0.00964610558003, 0.01554478053, -0.0183881018311, 0.037086814642, -0.0201850496233], [-9.37176373554e-05, -0.00200197147205, 0.0029055622872, 0.00832954794168, -0.00759508134797, -0.00823910720646, -0.0215827524662, 0.0319789350033, 0.0287462938577, -0.0076607381925, -0.0493845753372, -0.0201850496233, 0.0731567889452]]
    },
    "melbands": {
        "dmean": [0.0169089119881, 0.00169385969639, 0.000157019429025, 4.98106019222e-05, 0.000182050600415, 0.000725428981241, 3.66040985682e-05, 4.1925432015e-06, 1.8370037651e-06, 1.21966456845e-06, 2.15202962863e-05, 0.000556205864996, 5.82752909395e-05, 5.96590666646e-07, 2.74668877864e-07, 1.82636568979e-07, 1.4652216862e-07, 1.19686703215e-07, 9.51662428861e-08, 8.06939581821e-08, 6.01622360819e-08, 3.18748021755e-07, 7.32204341602e-07, 4.79471076176e-08, 3.87773440025e-08, 2.97252729098e-08, 2.24463985177e-08, 2.19877840379e-08, 3.38470300676e-08, 1.49505456903e-08, 1.3293482759e-08, 1.00253751967e-08, 9.47465661483e-09, 9.72313252134e-09, 8.42797120981e-09, 4.26156567812e-08, 5.8164150829e-08, 4.2758873775e-08, 4.17063139579e-09, 2.91477686432e-09],
        "dmean2": [0.0309623461217, 0.00297080539167, 0.000290055089863, 8.9025903435e-05, 0.000311773997964, 0.0012708568247, 5.61682281841e-05, 8.2728720372e-06, 3.60257899956e-06, 2.39935025093e-06, 3.63467697753e-05, 0.000706087390427, 7.89615878602e-05, 1.15200134587e-06, 5.41881377103e-07, 3.61191268894e-07, 2.89913174356e-07, 2.36405867327e-07, 1.87872998936e-07, 1.59320137527e-07, 1.18004393812e-07, 5.46658498024e-07, 1.21599896374e-06, 9.37388620059e-08, 7.64045751112e-08, 5.85566475308e-08, 4.43079919421e-08, 4.27870645581e-08, 6.08905992294e-08, 2.95196187494e-08, 2.62018069463e-08, 1.97924308054e-08, 1.82598007825e-08, 1.90869009487e-08, 1.63430602385e-08, 6.20137328156e-08, 9.1074994657e-08, 7.10804570758e-08, 8.11831668557e-09, 5.71860381271e-09],
        "dvar": [0.00130049046129, 1.3763637071e-05, 1.10458607594e-07, 1.3148955702e-08, 3.07443610836e-06, 7.33782799216e-05, 1.3065940152e-07, 2.48038745099e-09, 4.49638493105e-10, 1.461260557e-10, 4.33415037193e-09, 4.38719126805e-07, 8.97669494293e-09, 2.02390482845e-11, 5.83939884294e-12, 2.83511820791e-12, 2.10771959781e-12, 1.44571290703e-12, 9.00046801412e-13, 7.00304831486e-13, 3.53613405918e-13, 6.66561044641e-13, 3.0657607529e-12, 2.01638822284e-13, 1.47060112026e-13, 8.96879006609e-14, 5.30842798646e-14, 4.02625049728e-14, 1.86575151081e-14, 2.37630112798e-14, 1.99907415789e-14, 1.03981764605e-14, 6.22731465393e-15, 9.18832457358e-15, 5.08852120799e-15, 1.08199263622e-13, 1.95068150543e-13, 9.70537601566e-14, 1.54719059321e-15, 1.08947145857e-15],
        "dvar2": [0.00426562130451, 3.87470572605e-05, 3.3620119666e-07, 3.79472915313e-08, 5.37700816494e-06, 0.000132979723276, 2.17807979652e-07, 7.36413419133e-09, 1.34062116963e-09, 4.35442765179e-10, 1.03382253869e-08, 7.39818233342e-07, 1.84004154136e-08, 5.99537988699e-11, 1.73921675672e-11, 8.44763668739e-12, 6.28265625288e-12, 4.3076844175e-12, 2.68203905265e-12, 2.08663121504e-12, 1.05522123157e-12, 1.54606568433e-12, 6.19856856815e-12, 5.99407947322e-13, 4.3891125001e-13, 2.67548407474e-13, 1.58445874693e-13, 1.20009999659e-13, 5.44679488416e-14, 7.08950042769e-14, 5.97191228218e-14, 3.10565849838e-14, 1.85986835877e-14, 2.74779724256e-14, 1.56254183718e-14, 1.90973376436e-13, 3.67202280952e-13, 2.67649102751e-13, 4.60334793559e-15, 3.24172870859e-15],
        "max": [0.212588563561, 0.0299101956189, 0.0027750050649, 0.00108427857049, 0.0386176779866, 0.181694179773, 0.00796058960259, 0.000880062172655, 0.000376040203264, 0.000205336051295, 0.00120180426165, 0.0090653821826, 0.00155571929645, 4.84149095428e-05, 3.43262945535e-05, 2.58348318312e-05, 2.29881698033e-05, 1.90735590877e-05, 1.46318297993e-05, 1.31161850732e-05, 9.24035339267e-06, 1.88513404282e-05, 3.74754927179e-05, 6.37330731479e-06, 5.70313841308e-06, 3.99548116548e-06, 3.41737177223e-06, 3.09592428493e-06, 2.25848225455e-06, 2.26009751714e-06, 2.12670329347e-06, 1.57694591962e-06, 1.203144393e-06, 1.53069470343e-06, 1.04172613646e-06, 7.91001093603e-06, 1.05276103568e-05, 7.31920681574e-06, 6.4535902311e-07, 5.85178440815e-07],
        "mean": [0.0195384062827, 0.00232664658688, 0.000162617376191, 5.83253095101e-05, 0.000652298505884, 0.00288446014747, 0.000136982591357, 2.52474546869e-06, 1.07797018245e-06, 7.04879880686e-07, 0.000532702542841, 0.00420011207461, 0.000780687783845, 3.77697631393e-07, 1.51832821871e-07, 1.00741168296e-07, 8.11364486708e-08, 7.20229920148e-08, 5.77809942115e-08, 4.35255849141e-08, 3.67808290491e-08, 7.01951285009e-06, 1.7775932065e-05, 3.15419583785e-08, 2.52566891845e-08, 1.95217300103e-08, 1.4028374018e-08, 4.52466117906e-08, 2.74962815183e-07, 8.36238633894e-09, 7.47990380745e-09, 5.76212588754e-09, 1.71531162607e-08, 8.99321683789e-09, 6.56193144266e-09, 1.03490201298e-07, 1.45465534729e-07, 7.79594699907e-08, 3.80768616637e-09, 2.08725592366e-09],
        "median": [0.00213877670467, 0.000358254590537, 2.25241819862e-05, 6.15222052147e-06, 8.99611586647e-06, 8.65947640705e-07, 1.42604093867e-07, 4.82826010284e-08, 2.36474306803e-08, 2.24381260239e-08, 0.000875839905348, 0.00617035152391, 0.00122974906117, 1.26939649903e-08, 6.42453645838e-09, 3.8154182036e-09, 4.82348916364e-09, 1.33805819758e-08, 1.1088355123e-08, 8.89192885989e-10, 9.05142405472e-10, 1.14790509542e-05, 2.90801490337e-05, 2.26853047458e-09, 7.22605364434e-10, 5.21365972617e-09, 2.9172573246e-09, 5.54359083083e-08, 4.24585010705e-07, 2.89033880163e-10, 2.49364973115e-10, 2.27942054121e-10, 1.91187456977e-08, 5.15162579262e-09, 1.69219216417e-09, 1.4391526193e-08, 1.46387639788e-08, 2.40374320448e-09, 2.47475817616e-09, 8.68471849991e-10],
        "min": [4.82549489496e-24, 2.8430687047e-24, 1.02224240636e-23, 5.41713860173e-24, 6.75611402579e-24, 2.72702312402e-24, 5.34510337374e-24, 2.6658298031e-24, 6.45989399486e-24, 1.14191292123e-23, 7.48691397952e-24, 1.40600982611e-23, 8.77064626325e-24, 6.85242447598e-24, 4.46528207298e-24, 8.95704226224e-24, 8.46889434523e-24, 6.74033917427e-24, 8.19412699219e-24, 1.00968026976e-23, 9.24502066886e-24, 1.14284014833e-23, 1.12593769903e-23, 1.31811194638e-23, 5.40077920428e-24, 5.93603316138e-24, 1.10814383691e-23, 1.19162133456e-23, 8.14136560827e-24, 6.95153064923e-24, 8.11624985477e-24, 7.69420138187e-24, 1.03533836513e-23, 8.7756192424e-24, 7.9795442042e-24, 1.13882965838e-23, 1.05448094275e-23, 1.19889155555e-23, 9.24412846717e-24, 1.04140888646e-23],
