{
"metadata": {
    "version": {
        "essentia": "2.0.1",
        "extractor": "archive-music 1.0"
    },
    "audio_properties": {
        "analysis_sample_rate": 44100,
        "bitrate": 128,
        "channels": 2,
        "equal_loudness": 0,
        "length": 15.0726528168,
        "replay_gain": -5.28791046143,
        "downmix": "mix"
    },
    "tags": {
        "track": 0,
        "year": 0,
        "album": "",
        "artist": "",
        "comment": "",
        "genre": "",
        "title": ""
    }
},
"highlevel": {
    "culture": {
        "all": {
            "non_western": 0.999990105629,
            "western": 9.87382099993e-06
        },
        "probability": 0.999990105629,
        "value": "non_western"
    },
    "danceability": {
        "all": {
            "danceable": 0.999999880791,
            "not_danceable": 1.00000008274e-07
        },
        "probability": 0.999999880791,
        "value": "danceable"
    },
    "gender": {
        "all": {
            "female": 0.459576457739,
            "male": 0.540423512459
        },
        "probability": 0.540423512459,
        "value": "male"
    },
    "genre_dortmund": {
        "all": {
            "alternative": 0.000663932762109,
            "blues": 1.54815370479e-06,
            "electronic": 0.996644437313,
            "folkcountry": 9.60777615546e-05,
            "funksoulrnb": 1.25606720758e-05,
            "jazz": 0.00121897808276,
            "pop": 0.00129330228083,
            "raphiphop": 3.10886498482e-05,
            "rock": 3.80920064345e-05
        },
        "probability": 0.996644437313,
        "value": "electronic"
    },
    "genre_electronic": {
        "all": {
            "ambient": 0.995723724365,
            "dnb": 0.00142250547651,
            "house": 0.000958299904596,
            "techno": 0.000499071495142,
            "trance": 0.00139639968984
        },
        "probability": 0.995723724365,
        "value": "ambient"
    },
    "genre_rosamerica": {
        "all": {
            "cla": 0.0971540510654,
            "dan": 0.0849301293492,
            "hip": 0.0823690593243,
            "jaz": 0.103332728148,
            "pop": 0.163532480597,
            "rhy": 0.412348240614,
            "roc": 0.0367641150951,
            "spe": 0.019569190219
        },
        "probability": 0.412348240614,
        "value": "rhy"
    },
    "genre_tzanetakis": {
        "all": {
            "blu": 0.0321687757969,
            "cla": 0.22366116941,
            "cou": 0.022860199213,
            "dis": 0.0443566665053,
            "hip": 0.0684951543808,
            "jaz": 0.248881086707,
            "met": 0.0204561986029,
            "pop": 0.124734297395,
            "reg": 0.155373036861,
            "roc": 0.0590134188533
        },
        "probability": 0.248881086707,
        "value": "jaz"
    },
    "mirex_ballroom": {
        "all": {
            "ChaChaCha": 0.0342432782054,
            "Jive": 0.116801559925,
            "Quickstep": 0.0284789092839,
            "Rumba-American": 0.0470841489732,
            "Rumba-International": 0.0754351764917,
            "Rumba-Misc": 0.104384452105,
            "Samba": 0.294562280178,
            "Tango": 0.0326852276921,
            "VienneseWaltz": 0.140869870782,
            "Waltz": 0.125455111265
        },
        "probability": 0.294562280178,
        "value": "Samba"
    },
    "mood_acoustic": {
        "all": {
            "acoustic": 1.65237597685e-05,
            "not_acoustic": 0.999983489513
        },
        "probability": 0.999983489513,
        "value": "not_acoustic"
    },
    "mood_aggressive": {
        "all": {
            "aggressive": 3.00000096379e-14,
            "not_aggressive": 1
        },
        "probability": 1,
        "value": "not_aggressive"
    },
    "mood_electronic": {
        "all": {
            "electronic": 0.832160055637,
            "not_electronic": 0.167839959264
        },
        "probability": 0.832160055637,
        "value": "electronic"
    },
    "mood_happy": {
        "all": {
            "happy": 0.413411945105,
            "not_happy": 0.586588025093
        },
        "probability": 0.586588025093,
        "value": "not_happy"
    },
    "mood_party": {
        "all": {
            "not_party": 3.00000096379e-14,
            "party": 1
        },
        "probability": 1,
        "value": "party"
    },
    "mood_relaxed": {
        "all": {
            "not_relaxed": 3.84792891994e-10,
            "relaxed": 1
        },
        "probability": 1,
        "value": "relaxed"
    },
    "mood_sad": {
        "all": {
            "not_sad": 0.154876053333,
            "sad": 0.845123946667
        },
        "probability": 0.845123946667,
        "value": "sad"
    },
    "moods_mirex": {
        "all": {
            "Cluster1": 0.109652191401,
            "Cluster2": 0.0480861216784,
            "Cluster3": 0.197288945317,
            "Cluster4": 0.0408606231213,
            "Cluster5": 0.604112148285
        },
        "probability": 0.604112148285,
        "value": "Cluster5"
    },
    "timbre": {
        "all": {
            "bright": 0.0112645598128,
            "dark": 0.988735437393
        },
        "probability": 0.988735437393,
        "value": "dark"
    },
    "tonal_atonal": {
        "all": {
            "atonal": 0.959070265293,
            "tonal": 0.0409297272563
        },
        "probability": 0.959070265293,
        "value": "atonal"
    },
    "voice_instrumental": {
        "all": {
            "instrumental": 0.99999922514,
            "voice": 7.69150801716e-07
        },
        "probability": 0.99999922514,
        "value": "instrumental"
    }
},
"lowlevel": {
    "average_loudness": 0.984856545925,
    "barkbands_kurtosis": {
        "dmean": 0.499737232924,
        "dmean2": 0.796262204647,
        "dvar": 0.21702837944,
        "dvar2": 0.312327295542,
        "max": 6.18126010895,
        "mean": -1.09515309334,
        "median": -1.43203234673,
        "min": -1.74741780758,
        "var": 1.17375850677
    },
    "barkbands_skewness": {
        "dmean": 0.465535283089,
        "dmean2": 0.688937246799,
        "dvar": 0.100253015757,
        "dvar2": 0.129974022508,
        "max": 0.838264524937,
        "mean": 0.219523012638,
        "median": 0.287708759308,
        "min": -2.40697932243,
        "var": 0.336664795876
    },
    "barkbands_spread": {
        "dmean": 14.4157419205,
        "dmean2": 21.167345047,
        "dvar": 91.8595581055,
        "dvar2": 178.663040161,
        "max": 105.228187561,
        "mean": 84.2379837036,
        "median": 88.5185699463,
        "min": 19.6037216187,
        "var": 251.590530396
    },
    "dissonance": {
        "dmean": 0.244012027979,
        "dmean2": 0.457105815411,
        "dvar": 0.0223872885108,
        "dvar2": 0.0676278546453,
        "max": 0.5,
        "mean": 0.246854320168,
        "median": 0.238050282001,
        "min": 0.0119716422632,
        "var": 0.03467085585
    },
    "dynamic_complexity": 0.994413733482,
    "erbbands_kurtosis": {
        "dmean": 0.712934434414,
        "dmean2": 1.18848347664,
        "dvar": 0.341930389404,
        "dvar2": 0.384530216455,
        "max": 0.676827430725,
        "mean": -1.15926086903,
        "median": -1.48546004295,
        "min": -1.84499597549,
        "var": 0.482068359852
    },
    "erbbands_skewness": {
        "dmean": 0.601013183594,
        "dmean2": 0.924450993538,
        "dvar": 0.176045492291,
        "dvar2": 0.118034869432,
        "max": 1.18340086937,
        "mean": 0.430535107851,
        "median": 0.401132076979,
        "min": -0.854939699173,
        "var": 0.334821522236
    },
    "erbbands_spread": {
        "dmean": 12.2856941223,
        "dmean2": 20.4642086029,
        "dvar": 104.856613159,
        "dvar2": 101.336212158,
        "max": 95.7219390869,
        "mean": 82.1498718262,
        "median": 87.5710983276,
        "min": 29.1523723602,
        "var": 210.757507324
    },
    "hfc": {
        "dmean": 95.8108139038,
        "dmean2": 158.976470947,
        "dvar": 7005.93847656,
        "dvar2": 8614.55566406,
        "max": 554.374023438,
        "mean": 392.523223877,
        "median": 431.960449219,
        "min": 1.1265531581e-16,
        "var": 21232.5507812
    },
    "melbands_kurtosis": {
        "dmean": 2.27940678596,
        "dmean2": 3.59712505341,
        "dvar": 2.90835404396,
        "dvar2": 1.96509969234,
        "max": 8.19568061829,
        "mean": 5.31140232086,
        "median": 5.54133605957,
        "min": -1.28703927994,
        "var": 5.81046152115
    },
    "melbands_skewness": {
        "dmean": 0.243780300021,
        "dmean2": 0.397607028484,
        "dvar": 0.0450745113194,
        "dvar2": 0.0509631037712,
        "max": 2.51423835754,
        "mean": 2.16282081604,
        "median": 2.32197785378,
        "min": -0.421315819025,
        "var": 0.231667399406
    },
    "melbands_spread": {
        "dmean": 30.9960098267,
        "dmean2": 48.2317886353,
        "dvar": 485.908843994,
        "dvar2": 375.550384521,
        "max": 176.603622437,
        "mean": 87.9007263184,
        "median": 84.1710205078,
        "min": 53.7777328491,
        "var": 835.003845215
    },
    "pitch_salience": {
        "dmean": 0.0697728320956,
        "dmean2": 0.098118878901,
        "dvar": 0.00194979761727,
        "dvar2": 0.00380862108432,
        "max": 0.854056537151,
        "mean": 0.314275860786,
        "median": 0.310180455446,
        "min": 0.209737852216,
        "var": 0.0115012684837
    },
    "silence_rate_20dB": {
        "dmean": 0,
        "dmean2": 0,
        "dvar": 0,
        "dvar2": 0,
        "max": 1,
        "mean": 1,
        "median": 1,
        "min": 1,
        "var": 0
    },
    "silence_rate_30dB": {
        "dmean": 0.0584615394473,
        "dmean2": 0.117103233933,
        "dvar": 0.0550439320505,
        "dvar2": 0.158859044313,
        "max": 1,
        "mean": 0.144393235445,
        "median": 0,
        "min": 0,
        "var": 0.123545050621
    },
    "silence_rate_60dB": {
        "dmean": 0.00307692307979,
        "dmean2": 0.00616332842037,
        "dvar": 0.00306746386923,
        "dvar2": 0.00612537981942,
        "max": 1,
        "mean": 0.0506912432611,
        "median": 0,
        "min": 0,
        "var": 0.0481212735176
    },
    "spectral_centroid": {
        "dmean": 716.920593262,
        "dmean2": 1121.59924316,
        "dvar": 378434.625,
        "dvar2": 398115.40625,
        "max": 11102.3613281,
        "mean": 2373.92260742,
        "median": 2214.18383789,
        "min": 1527.15490723,
        "var": 921019.6875
    },
    "spectral_complexity": {
        "dmean": 0.239999994636,
        "dmean2": 0.480739593506,
        "dvar": 0.256246715784,
        "dvar2": 0.74269503355,
        "max": 5,
        "mean": 2.03379416466,
        "median": 2,
        "min": 0,
        "var": 0.315296143293
    },
    "spectral_crest": {
        "dmean": 2.07220602036,
        "dmean2": 3.70636129379,
        "dvar": 1.99318921566,
        "dvar2": 5.30627584457,
        "max": 13.9922676086,
        "mean": 10.7119970322,
        "median": 10.446685791,
        "min": 5.02790594101,
        "var": 3.2633728981
    },
    "spectral_decrease": {
        "dmean": 5.60960566887e-09,
        "dmean2": 8.81908235328e-09,
        "dvar": 1.94113862234e-17,
        "dvar2": 4.44160287826e-17,
        "max": 5.73776933825e-19,
        "mean": -1.95330827069e-08,
        "median": -2.14344293425e-08,
        "min": -2.89802368769e-08,
        "var": 5.58813708037e-17
    },
    "spectral_energy": {
        "dmean": 0.0173503998667,
        "dmean2": 0.0320299938321,
        "dvar": 0.000149340965436,
        "dvar2": 0.000425226986408,
        "max": 0.148718833923,
        "mean": 0.109325379133,
        "median": 0.119275696576,
        "min": 1.03873229655e-20,
        "var": 0.00116008997429
    },
    "spectral_energyband_high": {
        "dmean": 0.0104859126732,
        "dmean2": 0.0173035431653,
        "dvar": 8.28491829452e-05,
        "dvar2": 8.84533365024e-05,
        "max": 0.0523755997419,
        "mean": 0.0355574041605,
        "median": 0.0383985601366,
        "min": 7.22237969228e-21,
        "var": 0.00020736962324
    },
    "spectral_energyband_low": {
        "dmean": 0.0102010890841,
        "dmean2": 0.0164513476193,
        "dvar": 7.18784649507e-05,
        "dvar2": 9.63084676187e-05,
        "max": 0.0512633062899,
        "mean": 0.0347708761692,
        "median": 0.0372490957379,
        "min": 2.69871556041e-23,
        "var": 0.000191965824342
    },
    "spectral_energyband_middle_high": {
        "dmean": 0.00997171364725,
        "dmean2": 0.0164154469967,
        "dvar": 7.40083560231e-05,
        "dvar2": 7.70703991293e-05,
        "max": 0.0489119067788,
        "mean": 0.0336693301797,
        "median": 0.0356243997812,
        "min": 1.4410478847e-21,
        "var": 0.000186368764844
    },
    "spectral_energyband_middle_low": {
        "dmean": 0.000220533431275,
        "dmean2": 0.000439566356363,
        "dvar": 2.75972737995e-08,
        "dvar2": 1.00284879068e-07,
        "max": 0.000690380460583,
        "mean": 0.000124471625895,
        "median": 3.41673257935e-05,
        "min": 1.52625690364e-22,
        "var": 2.5185565633e-08
    },
    "spectral_flatness_db": {
        "dmean": 0.0817251652479,
        "dmean2": 0.160155162215,
        "dvar": 0.00210895272903,
        "dvar2": 0.00760126626119,
        "max": 0.680994391441,
        "mean": 0.566466033459,
        "median": 0.580029428005,
        "min": 0.061197899282,
        "var": 0.0106803411618
    },
    "spectral_flux": {
        "dmean": 0.0325744487345,
        "dmean2": 0.0643102377653,
        "dvar": 0.000306058267597,
        "dvar2": 0.000886391964741,
        "max": 0.159853100777,
        "mean": 0.0897272080183,
        "median": 0.0894869044423,
        "min": 6.48835499217e-11,
        "var": 0.00118998624384
    },
    "spectral_kurtosis": {
        "dmean": 0.901359140873,
        "dmean2": 1.34349405766,
        "dvar": 0.357789069414,
        "dvar2": 0.462929517031,
        "max": 2.42656707764,
        "mean": -0.128782331944,
        "median": -0.274078607559,
        "min": -1.28707003593,
        "var": 0.739014208317
    },
    "spectral_rms": {
        "dmean": 0.00080678955419,
        "dmean2": 0.00147590308916,
        "dvar": 3.08892822432e-07,
        "dvar2": 8.52785490224e-07,
        "max": 0.0120453955606,
        "mean": 0.00998679641634,
        "median": 0.0107873324305,
        "min": 3.18339040024e-12,
        "var": 6.9227203312e-06
    },
    "spectral_rolloff": {
        "dmean": 44.8884468079,
        "dmean2": 83.9424133301,
        "dvar": 207698.265625,
        "dvar2": 422602.8125,
        "max": 19078.4179688,
        "mean": 10283.7314453,
        "median": 9991.40625,
        "min": 9991.40625,
        "var": 2280742.25
    },
    "spectral_skewness": {
        "dmean": 0.336102545261,
        "dmean2": 0.494033694267,
        "dvar": 0.0461176596582,
        "dvar2": 0.0458435565233,
        "max": 1.668145895,
        "mean": 1.22475516796,
        "median": 1.22379374504,
        "min": -0.0225081089884,
        "var": 0.0956239998341
    },
    "spectral_spread": {
        "dmean": 2378303,
        "dmean2": 3575657.75,
        "dvar": 4.61468912845e+12,
        "dvar2": 7.14184065024e+12,
        "max": 41193904,
        "mean": 15969632,
        "median": 15678464,
        "min": 8847425,
        "var": 8.89440750797e+12
    },
    "spectral_strongpeak": {
        "dmean": 36.2889785767,
        "dmean2": 70.6705322266,
        "dvar": 1548.91418457,
        "dvar2": 671.014465332,
        "max": 86.7797470093,
        "mean": 40.7903213501,
        "median": 8.30418205261,
        "min": 0,
        "var": 1655.3671875
    },
    "zerocrossingrate": {
        "dmean": 0.0503493100405,
        "dmean2": 0.0627046450973,
        "dvar": 0.000590110255871,
        "dvar2": 0.00175290426705,
        "max": 0.51953125,
        "mean": 0.288647711277,
        "median": 0.2841796875,
        "min": 0.20947265625,
        "var": 0.00314012356102
    },
    "barkbands": {
        "dmean": [0.00884364917874, 0.00395698519424, 0.00563959870487, 0.000114207403385, 8.37768238853e-05, 9.89048658084e-06, 1.68601411588e-06, 1.40524275594e-06, 3.84703434975e-06, 8.57631675899e-05, 0.00994789879769, 0.000123057543533, 2.83854865302e-06, 4.83102553517e-07, 1.03150689768e-07, 4.1539998108e-08, 1.89081283963e-08, 1.37038238535e-08, 1.13020748316e-08, 9.06233310616e-09, 8.73925909417e-09, 9.39402955424e-09, 1.46065648465e-08, 4.8390683105e-07, 0.010485837236, 2.91391781815e-08, 9.94654847375e-09],
        "dmean2": [0.0175915341824, 0.0064953751862, 0.00910904537886, 0.000227826225455, 0.000166701007402, 1.9665056243e-05, 3.33600996782e-06, 2.79485334431e-06, 7.651839951e-06, 0.000170903731487, 0.0163376219571, 0.000245425704634, 5.63132107345e-06, 9.61082719186e-07, 2.05023368949e-07, 8.12747984469e-08, 3.60291743107e-08, 2.6172559231e-08, 2.17106954636e-08, 1.73574399298e-08, 1.67192979461e-08, 1.81891159912e-08, 2.83410130919e-08, 9.2457497658e-07, 0.0173034220934, 5.74295420108e-08, 1.92157880718e-08],
        "dvar": [2.72361812677e-05, 1.1625690604e-05, 2.20943020395e-05, 8.92312357337e-09, 3.81576992226e-09, 1.00061930963e-10, 3.32601741287e-12, 3.85159135488e-12, 2.17079739601e-11, 3.56167073612e-09, 7.2955408541e-05, 7.34159666393e-09, 1.03455664174e-11, 2.36305685306e-13, 2.22996229501e-14, 3.28907763858e-15, 5.37450398906e-16, 1.7232633849e-16, 1.05609986923e-16, 7.36338248019e-17, 1.55196050044e-16, 1.24652481364e-15, 1.08227593486e-14, 1.44624720186e-12, 8.28465053928e-05, 8.17742954514e-14, 1.21234250789e-16],
        "dvar2": [0.000105083789094, 1.29513164211e-05, 2.2006672225e-05, 3.23059872187e-08, 1.34951063657e-08, 3.42870370984e-10, 1.08213377495e-11, 1.28811778952e-11, 7.31377597374e-11, 1.31525759173e-08, 7.31299514882e-05, 2.69492641536e-08, 3.56379127597e-11, 7.81977293248e-13, 6.9164576952e-14, 1.03393822096e-14, 1.76462469193e-15, 5.91358963801e-16, 3.74215794435e-16, 2.58403997112e-16, 4.91613952119e-16, 3.74032046519e-15, 3.23987595107e-14, 4.35760195289e-12, 8.84432593011e-05, 2.45007925623e-13, 4.30476834522e-16],
        "max": [0.0185036826879, 0.0198921803385, 0.0279864259064, 0.000411673565395, 0.000303834589431, 5.14324456162e-05, 1.1157571862e-05, 1.27400826386e-05, 3.25206929119e-05, 0.000241326677497, 0.0487157516181, 0.000342295767041, 1.86466986634e-05, 5.64090260013e-06, 2.37855374507e-06, 8.49403420489e-07, 3.18647494169e-07, 9.21443970014e-08, 5.49117800119e-08, 4.89965614747e-08, 1.86268167113e-07, 6.32995863725e-07, 1.88546289337e-06, 2.08866731555e-05, 0.0523746833205, 5.17774606124e-06, 5.58676127582e-08],
        "mean": [0.00790546648204, 0.013002095744, 0.0190689451993, 6.48814093438e-05, 4.61606141471e-05, 5.67718279854e-06, 1.02851231532e-06, 8.40017889914e-07, 2.244349389e-06, 4.72685933346e-05, 0.0335528850555, 6.8273380748e-05, 1.79556934654e-06, 3.17977992381e-07, 7.72265948967e-08, 3.71722066461e-08, 1.95121874214e-08, 1.50436836321e-08, 1.24508510169e-08, 1.05780006976e-08, 1.09338840204e-08, 1.17115286358e-08, 1.61363296058e-08, 5.33726051799e-07, 0.0355568267405, 2.35846311369e-08, 8.26123436326e-09],
        "median": [0.00718204304576, 0.0136205228046, 0.0200040508062, 1.54546323756e-05, 1.39754911288e-05, 1.74461115421e-06, 3.53282558763e-07, 2.29049575751e-07, 6.35826324924e-07, 1.46434249473e-05, 0.0352661721408, 2.25773128477e-05, 6.82243410211e-07, 1.4193076936e-07, 4.99269248166e-08, 2.76524101395e-08, 1.49564094443e-08, 1.08285922451e-08, 9.3099723486e-09, 7.77796937967e-09, 8.12450018373e-09, 8.75546835033e-09, 1.14047429278e-08, 4.40081493025e-07, 0.0383977405727, 1.12349658465e-08, 4.13042355873e-09],
        "min": [2.41884830051e-24, 5.12987963626e-24, 8.64119182212e-24, 2.06726305303e-24, 2.35477914771e-23, 3.17164741552e-24, 1.70885510535e-23, 5.56275759167e-24, 3.33512278481e-23, 1.39904307992e-23, 3.78051964724e-23, 2.48644019056e-23, 3.30369614407e-23, 6.41440346302e-23, 3.64726273878e-23, 8.17340803383e-23, 1.38294788776e-22, 1.40761638868e-22, 1.53676718147e-22, 2.76151248567e-22, 3.65701855004e-22, 3.76057566584e-22, 5.34637919848e-22, 6.3310305841e-22, 8.84423994907e-22, 1.58863479861e-21, 1.88863266863e-21],
        "var": [3.22776540997e-05, 2.84995057882e-05, 5.92549040448e-05, 7.6001418492e-09, 3.53731022251e-09, 7.30985549868e-11, 2.36569791534e-12, 2.41789227529e-12, 1.4425657717e-11, 3.47673867473e-09, 0.000185348821105, 7.16306303161e-09, 7.1995014117e-12, 1.74712512253e-13, 1.38657836569e-14, 2.18693869641e-15, 4.11188676703e-16, 1.73352240973e-16, 1.12937285138e-16, 7.94214288769e-17, 1.15587743874e-16, 6.54093347309e-16, 5.45853611606e-15, 7.91364153027e-13, 0.000207367789699, 4.10543350888e-14, 1.03317704009e-16]
    },
    "erbbands": {
        "dmean": [0.0372222810984, 1.26154077053, 7.28020954132, 1.69712257385, 0.352127641439, 0.262385308743, 0.151794567704, 0.0632199198008, 0.027540659532, 0.0275864582509, 0.0345327556133, 0.11290602386, 1.86066257954, 82.4306640625, 361.896331787, 14.6396789551, 0.693678915501, 0.0858006030321, 0.0137812877074, 0.00578193925321, 0.0025883608032, 0.00129874888808, 0.000892668205779, 0.000648376357276, 0.000522976391949, 0.000436454545707, 0.000376664160285, 0.000351674039848, 0.000567442155443, 0.00270420801826, 0.0251421127468, 0.47225600481, 21.7095832825, 238.474319458, 10.3878393173, 0.292623817921, 0.019783610478, 0.00241334293969, 0.000433761801105, 0.000114310059871],
        "dmean2": [0.0667572543025, 2.0441801548, 11.5277662277, 3.00230312347, 0.698424935341, 0.522530078888, 0.301992505789, 0.125578582287, 0.0545518510044, 0.0547287613153, 0.0682858899236, 0.217023447156, 3.39817047119, 137.343383789, 593.33581543, 24.7215251923, 1.21622061729, 0.158086881042, 0.0246245767921, 0.0109580941498, 0.00494743138552, 0.00244878279045, 0.00168625137303, 0.0012405194575, 0.00100297760218, 0.000836554041598, 0.000719937379472, 0.000665785511956, 0.00095485476777, 0.00447373231873, 0.0415961071849, 0.780337452888, 35.8512268066, 393.433074951, 17.1454315186, 0.483076095581, 0.0326710380614, 0.00398512743413, 0.000716399750672, 0.000189252459677],
        "dvar": [0.000745541416109, 1.12715399265, 34.2694129944, 2.27410817146, 0.0710446536541, 0.0381927527487, 0.01544909738, 0.00482136989012, 0.000919468293432, 0.00101321004331, 0.00198344769888, 0.0110866026953, 2.28522825241, 5262.7890625, 96006.5703125, 165.989776611, 0.345908612013, 0.00520397536457, 0.000211660837522, 4.07551633543e-05, 8.1300668171e-06, 1.9330827854e-06, 7.33071544801e-07, 3.46790869798e-07, 2.27873229619e-07, 1.67731116107e-07, 1.77710347771e-07, 3.83472468002e-07, 1.39605708682e-06, 7.86279724707e-06, 0.000473173160572, 0.168334513903, 356.152404785, 42810.2265625, 81.3887939453, 0.0645568147302, 0.000294454628602, 4.38512324763e-06, 1.42272853054e-07, 9.72935065846e-09],
        "dvar2": [0.00196563987993, 1.2233247757, 34.526309967, 3.21050262451, 0.251370698214, 0.134229525924, 0.0547491647303, 0.0162800103426, 0.00301854708232, 0.00334855634719, 0.00663690920919, 0.0343144610524, 5.08756732941, 5933.80761719, 96566.7890625, 254.142623901, 0.668712258339, 0.0125580057502, 0.000512037717272, 0.000121336335724, 2.51794917858e-05, 6.25907159701e-06, 2.48386572821e-06, 1.21168102396e-06, 8.01149781182e-07, 5.83989958614e-07, 5.88483885622e-07, 1.18413402106e-06, 4.06903927797e-06, 1.41548171086e-05, 0.000510012789164, 0.180099532008, 382.727966309, 45585.3046875, 87.4127655029, 0.0690451562405, 0.000313200376695, 4.66470737592e-06, 1.57256422995e-07, 1.43484193416e-08],
        "max": [0.164918571711, 6.32531547546, 36.2639350891, 8.27452659607, 1.37073814869, 1.00355994701, 0.557405889034, 0.355964004993, 0.163975223899, 0.236645638943, 0.343817442656, 0.772186696529, 8.94710826874, 406.491485596, 1773.34350586, 74.1734542847, 3.59886264801, 0.447585791349, 0.184855401516, 0.0882505550981, 0.0384350977838, 0.0177401397377, 0.00673973141238, 0.00344861485064, 0.00292097567581, 0.00249027321115, 0.0050391452387, 0.0102031920105, 0.0206043664366, 0.0339605025947, 0.124770209193, 2.3532474041, 108.155029297, 1191.19628906, 52.0541381836, 1.46526563168, 0.0990279018879, 0.0120928166434, 0.0022394079715, 0.000731401436497],
        "mean": [0.0931302532554, 4.15159702301, 24.7140674591, 4.88629817963, 0.386459201574, 0.164116039872, 0.0896566137671, 0.0377064086497, 0.0174199510366, 0.0183421503752, 0.0324351415038, 0.212099537253, 5.00839471817, 276.656768799, 1221.87731934, 47.8114509583, 2.09598469734, 0.225011914968, 0.0402552895248, 0.0125820068642, 0.00508438656107, 0.00248413695954, 0.00152423116378, 0.00102363806218, 0.000776362488978, 0.000643378240056, 0.000614875403699, 0.00078979798127, 0.00187621207442, 0.00923684239388, 0.0852137878537, 1.60199713707, 73.6307220459, 808.629211426, 35.2227554321, 0.992436230183, 0.067127674818, 0.00819827057421, 0.00153522263281, 0.000527527823579],
        "median": [0.0949787944555, 4.33735227585, 25.8526058197, 5.50720643997, 0.301884382963, 0.0663533881307, 0.0309488661587, 0.012485332787, 0.00648086005822, 0.0072328960523, 0.0211566314101, 0.226923540235, 6.0929813385, 297.769104004, 1284.77722168, 54.4760055542, 2.50589418411, 0.26969435811, 0.0481398627162, 0.0134134413674, 0.00503207696602, 0.00239283638075, 0.00136475765612, 0.000898431579117, 0.000651234993711, 0.000523470283952, 0.000516337167937, 0.000734467990696, 0.00208556512371, 0.00994920730591, 0.0920646414161, 1.73157799244, 79.5960083008, 872.752929688, 38.0364837646, 1.0715174675, 0.0724569261074, 0.00884732883424, 0.00166452932172, 0.000587889866438],
        "min": [8.4561673367e-23, 1.55181031717e-21, 7.76214412254e-21, 1.43906776053e-20, 7.07014727874e-20, 6.63787367661e-20, 4.87901918375e-20, 3.04066907972e-20, 1.72449192388e-19, 3.23686914781e-19, 3.37237012094e-19, 9.04171895632e-19, 6.91842490606e-19, 7.78898235295e-19, 1.91628589812e-18, 1.02487988088e-18, 1.42229105136e-18, 2.40390287216e-18, 3.11609669417e-18, 3.30631804297e-18, 5.20663501257e-18, 7.42233051393e-18, 9.54562208265e-18, 1.09391716063e-17, 7.37632603698e-18, 1.20344654436e-17, 1.55718917526e-17, 1.20305297182e-17, 1.24228325314e-17, 1.72148990966e-17, 1.42846250116e-17, 1.24456188758e-17, 1.26252370099e-17, 9.92092219837e-18, 6.80863611849e-18, 5.55496035492e-18, 2.740619355e-18, 1.22729718063e-18, 2.78908577995e-19, 2.83884638066e-20],
        "var": [0.00159173959401, 2.88292098045, 98.1163101196, 4.52013444901, 0.0747660472989, 0.035559553653, 0.0131183508784, 0.00336780608632, 0.000649273744784, 0.00069885305129, 0.00133213109802, 0.0124652218074, 4.49315309525, 12683.1044922, 245289.859375, 378.803131104, 0.735997140408, 0.0092242481187, 0.000297709833831, 4.10597822338e-05, 7.78272078605e-06, 1.93798018699e-06, 8.25721372166e-07, 4.12239984371e-07, 2.68545079507e-07, 1.94921582874e-07, 1.73472045617e-07, 2.74243461718e-07, 1.03554634734e-06, 1.40603660839e-05, 0.00117259612307, 0.420041024685, 889.072875977, 107252.289062, 203.43421936, 0.161385208368, 0.000736728368793, 1.09832189992e-05, 3.70414852569e-07, 3.46923059169e-08]
    },
    "gfcc": {
        "mean": [-155.424026489, 45.5175018311, 40.8075828552, -65.6734008789, -26.7755413055, 165.713562012, -20.0058364868, 47.727645874, -79.0722961426, -37.8016853333, 4.75156736374, -7.32835245132, 18.9419612885],
        "cov": [[27759.9082031, 3152.05737305, 2851.69628906, -2386.38525391, -303.761138916, 4256.26171875, -528.053771973, 1095.32824707, -2117.13989258, -1276.70275879, 290.578308105, -279.920776367, 700.316894531], [3152.05737305, 632.726623535, 367.302215576, -326.387512207, -49.7513618469, 421.729431152, -124.285964966, 97.9256057739, -250.676971436, -143.596496582, 60.5591468811, -23.668138504, 105.337356567], [2851.69628906, 367.302215576, 432.824279785, -300.868438721, -39.7072601318, 498.875396729, -74.3187561035, 103.845832825, -233.357208252, -157.371002197, 39.211769104, -25.7029151917, 85.950340271], [-2386.38525391, -326.387512207, -300.868438721, 251.385147095, 31.3384017944, -407.777587891, 58.5589981079, -93.3603134155, 185.343139648, 120.733283997, -27.1232395172, 23.8992900848, -64.1065826416], [-303.761138916, -49.7513618469, -39.7072601318, 31.3384017944, 64.9904022217, 35.3369407654, 68.5118408203, 16.2404060364, 8.24155235291, -13.3734130859, -24.095117569, -22.7859458923, -14.9763374329], [4256.26171875, 421.729431152, 498.875396729, -407.777587891, 35.3369407654, 910.697814941, 22.6538658142, 233.338348389, -371.938781738, -263.937011719, 0.929677903652, -88.7521591187, 97.6788787842], [-528.053771973, -124.285964966, -74.3187561035, 58.5589981079, 68.5118408203, 22.6538658142, 93.0418014526, 20.5288543701, 25.3870067596, -2.20547628403, -33.0322952271, -26.1580162048, -27.0995006561], [1095.32824707, 97.9256057739, 103.845832825, -93.3603134155, 16.2404060364, 233.338348389, 20.5288543701, 73.5471878052, -97.4260787964, -66.1441040039, -1.50200998783, -29.4831752777, 20.8946037292], [-2117.13989258, -250.676971436, -233.357208252, 185.343139648, 8.24155235291, -371.938781738, 25.3870067596, -97.4260787964, 192.661087036, 117.195358276, -19.2090682983, 29.8978729248, -61.6098670959], [-1276.70275879, -143.596496582, -157.371002197, 120.733283997, -13.3734130859, -263.937011719, -2.20547628403, -66.1441040039, 117.195358276, 83.8133468628, -2.02895975113, 26.195186615, -33.5928993225], [290.578308105, 60.5591468811, 39.211769104, -27.1232395172, -24.095117569, 0.929677903652, -33.0322952271, -1.50200998783, -19.2090682983, -2.02895975113, 19.0680999756, 8.64935302734, 13.6633787155], [-279.920776367, -23.668138504, -25.7029151917, 23.8992900848, -22.7859458923, -88.7521591187, -26.1580162048, -29.4831752777, 29.8978729248, 26.195186615, 8.64935302734, 18.8544960022, -1.64106619358], [700.316894531, 105.337356567, 85.950340271, -64.1065826416, -14.9763374329, 97.6788787842, -27.0995006561, 20.8946037292, -61.6098670959, -33.5928993225, 13.6633787155, -1.64106619358, 26.6170558929]],
        "icov": [[0.0004530682927, 0.000218239583774, 0.000107536536234, 0.00136793183628, -0.00100384908728, -0.000488913385198, 0.00278866291046, -0.00291125872172, 0.00209531048313, -0.001714611426, -0.000313209689921, 0.000364799110685, -0.000613698095549], [0.000218239583774, 0.0420911759138, 0.0202399771661, 0.0851213559508, -0.0463926866651, 0.0250852070749, 0.0400826111436, 0.00709528382868, -0.0085567375645, -0.0259875562042, -0.0212878771126, 0.151053875685, -0.14794832468], [0.000107536536234, 0.0202399771661, 0.0983559861779, 0.0481762439013, 0.125400483608, -0.0168367717415, -0.0689821541309, 0.117459133267, -0.157550752163, 0.289409339428, -0.246993839741, 0.206144124269, -0.174518719316], [0.00136793183628, 0.0851213559508, 0.0481762439013, 0.281458765268, -0.0784182175994, 0.108673103154, -0.0128687573597, 0.0244019515812, 0.0657697767019, -0.0511814020574, 0.0184876080602, 0.211070850492, -0.234564840794], [-0.00100384908728, -0.0463926866651, 0.125400483608, -0.0784182175994, 0.45493632555, -0.0521875955164, -0.318810880184, 0.231259673834, -0.295446753502, 0.673879802227, -0.410690635443, 0.136395156384, -0.056574139744], [-0.000488913385198, 0.0250852070749, -0.0168367717415, 0.108673103154, -0.0521875955164, 0.0875409096479, -0.0138983996585, -0.0607931129634, 0.0860061272979, -0.0414375737309, 0.119065918028, -0.0355824455619, -0.00388902332634], [0.00278866291046, 0.0400826111436, -0.0689821541309, -0.0128687573597, -0.318810880184, -0.0138983996585, 0.362008601427, -0.184719383717, 0.107195474207, -0.419489592314, 0.221638858318, 0.083910048008, -0.0449497774243], [-0.00291125872172, 0.00709528382868, 0.117459133267, 0.0244019515812, 0.231259673834, -0.0607931129634, -0.184719383717, 0.388196378946, -0.120069034398, 0.32579651475, -0.374494343996, 0.34284850955, -0.0649508461356], [0.00209531048313, -0.0085567375645, -0.157550752163, 0.0657697767019, -0.295446753502, 0.0860061272979, 0.107195474207, -0.120069034398, 0.545528411865, -0.663120090961, 0.510314643383, -0.402797162533, 0.506441950798], [-0.001714611426, -0.0259875562042, 0.289409339428, -0.0511814020574, 0.673879802227, -0.0414375737309, -0.419489592314, 0.32579651475, -0.663120090961, 1.50852262974, -0.89354467392, 0.294954478741, -0.21562859416], [-0.000313209689921, -0.0212878771126, -0.246993839741, 0.0184876080602, -0.410690635443, 0.119065918028, 0.221638858318, -0.374494343996, 0.510314643383, -0.89354467392, 0.936784625053, -0.574863016605, 0.323368310928], [0.000364799110685, 0.151053875685, 0.206144124269, 0.211070850492, 0.136395156384, -0.0355824455619, 0.083910048008, 0.34284850955, -0.402797162533, 0.294954478741, -0.574863016605, 1.32360231876, -0.924476444721], [-0.000613698095549, -0.14794832468, -0.174518719316, -0.234564840794, -0.056574139744, -0.00388902332634, -0.0449497774243, -0.0649508461356, 0.506441950798, -0.21562859416, 0.323368310928, -0.924476444721, 1.30260336399]]
    },
    "melbands": {
        "dmean": [0.000782107643317, 0.00308805401437, 0.000307901354972, 2.14171504922e-05, 6.35465903542e-06, 1.45642547977e-06, 3.93157904455e-07, 3.00192994018e-07, 2.61252040445e-07, 5.57149292035e-07, 5.06492233399e-06, 0.000199653673917, 0.00160628056619, 4.22876146331e-05, 2.0892809971e-06, 1.88754569308e-07, 6.78677452015e-08, 7.00605928827e-09, 8.5784988002e-09, 3.41226114031e-09, 2.15039608342e-09, 1.14081299962e-09, 9.23221499249e-10, 6.36542984989e-10, 5.01693686594e-10, 4.06898514882e-10, 3.2261077143e-10, 2.79259421143e-10, 2.37260905367e-10, 2.09061740142e-10, 1.91150387185e-10, 1.83518450436e-10, 1.8972430571e-10, 1.9952059449e-10, 2.39588071604e-10, 3.26261462291e-10, 6.51340426039e-10, 3.87928311696e-09, 9.68680833466e-05, 0.00021037980332],
        "dmean2": [0.00130373600405, 0.00494183925912, 0.000535069673788, 4.26129081461e-05, 1.26467193695e-05, 2.89331796921e-06, 7.78280536906e-07, 5.95962490024e-07, 5.1795723266e-07, 1.10813493848e-06, 1.00881034086e-05, 0.000337122910423, 0.00262127164751, 7.89584664744e-05, 4.16091779698e-06, 3.74834314698e-07, 1.35072454555e-07, 1.38639659752e-08, 1.70577454384e-08, 6.70693545146e-09, 4.19890078263e-09, 2.17808615588e-09, 1.76505154936e-09, 1.22154530935e-09, 9.63555013556e-10, 7.80964903857e-10, 6.17637441191e-10, 5.33702693151e-10, 4.53887039065e-10, 3.98972882509e-10, 3.67163660586e-10, 3.54316659346e-10, 3.66631308646e-10, 3.85150827897e-10, 4.63782956484e-10, 6.3375649173e-10, 1.28405619471e-09, 7.66353291937e-09, 0.000159883624292, 0.000347121706],
        "dvar": [3.78055943884e-07, 6.42107670501e-06, 7.56555706971e-08, 2.52665693923e-10, 2.48180746787e-11, 2.50627903847e-12, 1.88723155484e-13, 1.36299879803e-13, 1.2735178309e-13, 4.39545101705e-13, 1.41417095048e-11, 3.18377608721e-08, 1.8595075062e-06, 1.13510290056e-09, 2.97091041004e-12, 4.41872287458e-14, 4.1878973332e-15, 3.0788655016e-16, 1.16943433341e-16, 2.6784513553e-17, 6.96765497381e-18, 1.95894442949e-18, 9.69159754048e-19, 3.6239677025e-19, 2.12739609062e-19, 1.35897554535e-19, 9.22214940765e-20, 6.94341480785e-20, 6.42077883238e-20, 7.98190323152e-20, 1.40468580449e-19, 3.27936839521e-19, 6.74320375389e-19, 1.23379085863e-18, 2.75473953486e-18, 7.49476506581e-18, 2.46199969569e-17, 2.03772780764e-16, 7.0757328885e-09, 3.3333861893e-08],
        "dvar2": [8.52849382227e-07, 6.49725052426e-06, 1.05556836161e-07, 8.93533858015e-10, 8.81848552514e-11, 8.483036322e-12, 6.1848090668e-13, 4.52234603932e-13, 4.2348318862e-13, 1.48207336161e-12, 5.15747618224e-11, 4.01558253316e-08, 1.84587815966e-06, 2.61894128606e-09, 1.07555865256e-11, 1.48785999255e-13, 1.41524263825e-14, 9.24897509722e-16, 3.69247152106e-16, 8.43903623735e-17, 2.2369865513e-17, 6.40400955492e-18, 3.25880851089e-18, 1.24498902297e-18, 7.45836756789e-19, 4.79103372682e-19, 3.28863023313e-19, 2.42278383833e-19, 2.15185090995e-19, 2.54241173249e-19, 4.30471253121e-19, 9.8681478685e-19, 2.0208859885e-18, 3.69385319392e-18, 8.24791384072e-18, 2.24490382782e-17, 7.37542424468e-17, 6.11179323009e-16, 7.5500743435e-09, 3.55910501071e-08],
        "max": [0.00372740626335, 0.015330533497, 0.00151774124242, 7.56044464651e-05, 2.35595816775e-05, 8.14117538539e-06, 2.44713191933e-06, 2.72325860351e-06, 2.76030141322e-06, 4.44154375145e-06, 1.9780582079e-05, 0.000988558051176, 0.00786074995995, 0.000187436613487, 8.16196825326e-06, 1.39075336847e-06, 6.15086378275e-07, 3.09406374299e-07, 1.61171101354e-07, 7.71954162815e-08, 3.73317696756e-08, 1.95123615043e-08, 9.64298596529e-09, 3.40096306672e-09, 2.38318742518e-09, 2.00943128803e-09, 1.76458103684e-09, 1.4769537815e-09, 2.68813415971e-09, 4.12664169502e-09, 6.27179774781e-09, 1.01665778018e-08, 1.47947005757e-08, 2.01107415165e-08, 3.00741298531e-08, 4.96016241414e-08, 8.98758045764e-08, 2.57089908473e-07, 0.000482023140648, 0.00105243967846],
        "mean": [0.00239541055635, 0.0104029625654, 0.000931798596866, 1.17609879453e-05, 3.57529415851e-06, 8.40357699872e-07, 2.38923036022e-07, 1.8043456862e-07, 1.57086532226e-07, 3.25720122873e-07, 2.83518306787e-06, 0.000657493481413, 0.00542689487338, 9.60490651778e-05, 1.19347760119e-06, 1.20936903159e-07, 4.29231441501e-08, 6.56558407641e-09, 6.20737905521e-09, 2.948775224e-09, 1.97912353173e-09, 1.18018084194e-09, 9.4592300659e-10, 7.04550251474e-10, 5.4424620366e-10, 4.4893810891e-10, 3.71937231014e-10, 3.23117754775e-10, 2.8684168929e-10, 2.5996998998e-10, 2.44772035973e-10, 2.37926317537e-10, 2.2270603417e-10, 2.23895055274e-10, 2.6133148423e-10, 3.48453071952e-10, 6.44479136724e-10, 3.51335005533e-09, 0.000328524241922, 0.00071331957588],
        "median": [0.00266213901341, 0.0108809964731, 0.00103838008363, 3.51229118678e-06, 1.11075394216e-06, 2.54866620253e-07, 8.32330755429e-08, 5.49389937987e-08, 4.71817216408e-08, 9.52428820256e-08, 8.27279279747e-07, 0.000719756470062, 0.00568409077823, 0.000113317779324, 3.69292990854e-07, 4.78578598972e-08, 1.74009961995e-08, 5.0016057962e-09, 3.82480669359e-09, 2.01289340751e-09, 1.51365175949e-09, 9.13745412667e-10, 6.8987804358e-10, 5.10521958041e-10, 4.04667965803e-10, 3.31875138482e-10, 2.81684009451e-10, 2.3271981564e-10, 2.19336313001e-10, 1.93657409553e-10, 1.83479814675e-10, 1.8309528893e-10, 1.6465970254e-10, 1.61448895919e-10, 1.85701148903e-10, 2.42747377754e-10, 4.40477626595e-10, 2.36497932349e-09, 0.000354821153451, 0.000769830774516],
        "min": [9.93856765242e-25, 3.76834752347e-24, 3.334049224e-24, 5.1325392808e-24, 2.27125420008e-24, 5.64438359333e-25, 3.29538616496e-24, 3.03851550207e-24, 3.49585090655e-24, 5.50805245447e-24, 3.10326895226e-24, 2.69986145976e-24, 6.3309325918e-24, 4.26953886112e-24, 1.92275122937e-24, 3.92319066398e-24, 4.39524739624e-24, 5.7873892843e-24, 3.30012761343e-24, 5.30811289703e-24, 6.13342154266e-24, 6.50026040181e-24, 7.20413416627e-24, 6.03999082919e-24, 8.31559816096e-24, 4.22890424146e-24, 8.0451979419e-24, 6.41456013079e-24, 9.06536785289e-24, 9.64087738198e-24, 5.73867948999e-24, 6.69054311848e-24, 7.2114098304e-24, 9.59090067706e-24, 7.96960219021e-24, 5.39528636579e-24, 8.03135737731e-24, 8.05120511769e-24, 9.2568259723e-24, 7.33514739655e-24],
