{
"metadata": {
    "version": {
        "essentia": "2.0.1",
        "extractor": "archive-music 1.0"
    },
    "audio_properties": {
        "analysis_sample_rate": 44100,
        "bitrate": 128,
        "channels": 2,
        "equal_loudness": 0,
        "length": 15.7257146835,
        "replay_gain": 4.34316825867,
        "downmix": "mix"
    },
    "tags": {
        "track": 0,
        "year": 0,
        "album": "",
        "artist": "",
        "comment": "",
        "genre": "",
        "title": ""
    }
},
"highlevel": {
    "culture": {
        "all": {
            "non_western": 0.0950089395046,
            "western": 0.904991090298
        },
        "probability": 0.904991090298,
        "value": "western"
    },
    "danceability": {
        "all": {
            "danceable": 0.471611410379,
            "not_danceable": 0.528388619423
        },
        "probability": 0.528388619423,
        "value": "not_danceable"
    },
    "gender": {
        "all": {
            "female": 0.516114711761,
            "male": 0.483885318041
        },
        "probability": 0.516114711761,
        "value": "female"
    },
    "genre_dortmund": {
        "all": {
            "alternative": 0.000118538220704,
            "blues": 0.0148085197434,
            "electronic": 0.0358826443553,
            "folkcountry": 0.000269984768238,
            "funksoulrnb": 0.00377672957256,
            "jazz": 0.00944446306676,
            "pop": 0.000943778082728,
            "raphiphop": 0.932883918285,
            "rock": 0.00187140295748
        },
        "probability": 0.932883918285,
        "value": "raphiphop"
    },
    "genre_electronic": {
        "all": {
            "ambient": 0.508708059788,
            "dnb": 0.0275325868279,
            "house": 0.395988851786,
            "techno": 0.0554846078157,
            "trance": 0.0122859040275
        },
        "probability": 0.508708059788,
        "value": "ambient"
    },
    "genre_rosamerica": {
        "all": {
            "cla": 0.0198026578873,
            "dan": 0.00203952984884,
            "hip": 0.17190682888,
            "jaz": 0.0748141482472,
            "pop": 0.00465985294431,
            "rhy": 0.705242693424,
            "roc": 0.000919408397749,
            "spe": 0.02061486803
        },
        "probability": 0.705242693424,
        "value": "rhy"
    },
    "genre_tzanetakis": {
        "all": {
            "blu": 0.00100865424611,
            "cla": 0.00756617216393,
            "cou": 0.000949857290834,
            "dis": 0.0122981704772,
            "hip": 0.0666233003139,
            "jaz": 0.0406660102308,
            "met": 0.000360120000551,
            "pop": 0.0224566254765,
            "reg": 0.844733893871,
            "roc": 0.00333720003255
        },
        "probability": 0.844733893871,
        "value": "reg"
    },
    "mirex_ballroom": {
        "all": {
            "ChaChaCha": 0.0192580744624,
            "Jive": 0.0169356316328,
            "Quickstep": 0.0299033038318,
            "Rumba-American": 0.0156714823097,
            "Rumba-International": 0.00920824892819,
            "Rumba-Misc": 0.0315320789814,
            "Samba": 0.0483909919858,
            "Tango": 0.808116257191,
            "VienneseWaltz": 0.00718721700832,
            "Waltz": 0.0137967104092
        },
        "probability": 0.808116257191,
        "value": "Tango"
    },
    "mood_acoustic": {
        "all": {
            "acoustic": 0.0353479161859,
            "not_acoustic": 0.964652061462
        },
        "probability": 0.964652061462,
        "value": "not_acoustic"
    },
    "mood_aggressive": {
        "all": {
            "aggressive": 0.710839867592,
            "not_aggressive": 0.289160102606
        },
        "probability": 0.710839867592,
        "value": "aggressive"
    },
    "mood_electronic": {
        "all": {
            "electronic": 0.8153616786,
            "not_electronic": 0.184638351202
        },
        "probability": 0.8153616786,
        "value": "electronic"
    },
    "mood_happy": {
        "all": {
            "happy": 0.215587481856,
            "not_happy": 0.784412503242
        },
        "probability": 0.784412503242,
        "value": "not_happy"
    },
    "mood_party": {
        "all": {
            "not_party": 0.628073096275,
            "party": 0.371926903725
        },
        "probability": 0.628073096275,
        "value": "not_party"
    },
    "mood_relaxed": {
        "all": {
            "not_relaxed": 0.241759344935,
            "relaxed": 0.758240640163
        },
        "probability": 0.758240640163,
        "value": "relaxed"
    },
    "mood_sad": {
        "all": {
            "not_sad": 0.305306196213,
            "sad": 0.694693803787
        },
        "probability": 0.694693803787,
        "value": "sad"
    },
    "moods_mirex": {
        "all": {
            "Cluster1": 0.141749054193,
            "Cluster2": 0.133861348033,
            "Cluster3": 0.220492810011,
            "Cluster4": 0.174635112286,
            "Cluster5": 0.329261690378
        },
        "probability": 0.329261690378,
        "value": "Cluster5"
    },
    "timbre": {
        "all": {
            "bright": 0.0463342666626,
            "dark": 0.953665733337
        },
        "probability": 0.953665733337,
        "value": "dark"
    },
    "tonal_atonal": {
        "all": {
            "atonal": 0.992136061192,
            "tonal": 0.00786394625902
        },
        "probability": 0.992136061192,
        "value": "atonal"
    },
    "voice_instrumental": {
        "all": {
            "instrumental": 0.344034790993,
            "voice": 0.655965209007
        },
        "probability": 0.655965209007,
        "value": "voice"
    }
},
"lowlevel": {
    "average_loudness": 0.867952644825,
    "barkbands_kurtosis": {
        "dmean": 5.20629692078,
        "dmean2": 8.6620721817,
        "dvar": 530.023071289,
        "dvar2": 1308.40026855,
        "max": 468.182769775,
        "mean": 13.4956769943,
        "median": 5.40525817871,
        "min": -1.7768266201,
        "var": 724.392272949
    },
    "barkbands_skewness": {
        "dmean": 0.547201931477,
        "dmean2": 0.881714880466,
        "dvar": 1.22361493111,
        "dvar2": 2.58602905273,
        "max": 18.5198230743,
        "mean": 1.14018774033,
        "median": 1.21935808659,
        "min": -2.80988883972,
        "var": 9.57781505585
    },
    "barkbands_spread": {
        "dmean": 5.69325351715,
        "dmean2": 9.17791938782,
        "dvar": 135.352081299,
        "dvar2": 355.610168457,
        "max": 118.128120422,
        "mean": 18.2049808502,
        "median": 14.2906980515,
        "min": 0.373068720102,
        "var": 423.588592529
    },
    "dissonance": {
        "dmean": 0.0184277128428,
        "dmean2": 0.0304141733795,
        "dvar": 0.000914160278626,
        "dvar2": 0.00246087531559,
        "max": 0.499991893768,
        "mean": 0.462000191212,
        "median": 0.486897885799,
        "min": 0.153253868222,
        "var": 0.00314179365523
    },
    "dynamic_complexity": 23.7232437134,
    "erbbands_kurtosis": {
        "dmean": 0.651295006275,
        "dmean2": 1.08110618591,
        "dvar": 0.850914359093,
        "dvar2": 2.10507369041,
        "max": 10.4406633377,
        "mean": 0.440550625324,
        "median": 0.329367160797,
        "min": -1.68346607685,
        "var": 1.91266036034
    },
    "erbbands_skewness": {
        "dmean": 0.25445869565,
        "dmean2": 0.396858125925,
        "dvar": 0.108964778483,
        "dvar2": 0.251075357199,
        "max": 2.38058257103,
        "mean": -0.468365550041,
        "median": -0.69807356596,
        "min": -2.25918936729,
        "var": 0.624804198742
    },
    "erbbands_spread": {
        "dmean": 4.49983882904,
        "dmean2": 6.86653757095,
        "dvar": 31.4540519714,
        "dvar2": 65.9541549683,
        "max": 74.8786010742,
        "mean": 27.7937717438,
        "median": 27.3958339691,
        "min": 6.4556684494,
        "var": 139.728546143
    },
    "hfc": {
        "dmean": 11.5471086502,
        "dmean2": 20.5727176666,
        "dvar": 2928.60058594,
        "dvar2": 8219.82617188,
        "max": 559.932373047,
        "mean": 12.1191864014,
        "median": 0.179355978966,
        "min": 1.06136259081e-16,
        "var": 1902.58007812
    },
    "melbands_kurtosis": {
        "dmean": 5.2521905899,
        "dmean2": 9.01030349731,
        "dvar": 273.089416504,
        "dvar2": 591.199707031,
        "max": 273.296173096,
        "mean": 18.1567325592,
        "median": 3.39878368378,
        "min": -1.53224289417,
        "var": 939.644958496
    },
    "melbands_skewness": {
        "dmean": 0.504812896252,
        "dmean2": 0.826354861259,
        "dvar": 0.843072116375,
        "dvar2": 1.79869794846,
        "max": 15.0342283249,
        "mean": 2.28224802017,
        "median": 2.03007316589,
        "min": -1.03706848621,
        "var": 7.10894775391
    },
    "melbands_spread": {
        "dmean": 12.2085151672,
        "dmean2": 19.0893249512,
        "dvar": 357.208312988,
        "dvar2": 904.07800293,
        "max": 187.449203491,
        "mean": 55.9421958923,
        "median": 18.6372032166,
        "min": 0.442954063416,
        "var": 3341.26025391
    },
    "pitch_salience": {
        "dmean": 0.051763124764,
        "dmean2": 0.0856325253844,
        "dvar": 0.00589586189017,
        "dvar2": 0.0147447483614,
        "max": 0.931213915348,
        "mean": 0.536669254303,
        "median": 0.531585216522,
        "min": 0.017254807055,
        "var": 0.0475553125143
    },
    "silence_rate_20dB": {
        "dmean": 0.0294985249639,
        "dmean2": 0.0590841956437,
        "dvar": 0.0286281500012,
        "dvar2": 0.0585472360253,
        "max": 1,
        "mean": 0.969072163105,
        "median": 1,
        "min": 0,
        "var": 0.0299711301923
    },
    "silence_rate_30dB": {
        "dmean": 0.0560471974313,
        "dmean2": 0.112259969115,
        "dvar": 0.0529057271779,
        "dvar2": 0.1114750579,
        "max": 1,
        "mean": 0.851251840591,
        "median": 1,
        "min": 0,
        "var": 0.126621589065
    },
    "silence_rate_60dB": {
        "dmean": 0.0265486724675,
        "dmean2": 0.0531757771969,
        "dvar": 0.0258438754827,
        "dvar2": 0.0503480881453,
        "max": 1,
        "mean": 0.500736355782,
        "median": 1,
        "min": 0,
        "var": 0.250001132488
    },
    "spectral_centroid": {
        "dmean": 202.975021362,
        "dmean2": 294.259918213,
        "dvar": 286589.21875,
        "dvar2": 388506.71875,
        "max": 11175.8730469,
        "mean": 2035.72436523,
        "median": 995.270996094,
        "min": 118.74307251,
        "var": 3298903.5
    },
    "spectral_complexity": {
        "dmean": 1.87315630913,
        "dmean2": 2.62924671173,
        "dvar": 22.2995681763,
        "dvar2": 42.0116195679,
        "max": 50,
        "mean": 6.42268037796,
        "median": 3,
        "min": 0,
        "var": 74.326210022
    },
    "spectral_crest": {
        "dmean": 1.76564514637,
        "dmean2": 2.8341987133,
        "dvar": 6.71432304382,
        "dvar2": 17.0615215302,
        "max": 26.5273895264,
        "mean": 11.6290836334,
        "median": 9.84932422638,
        "min": 2.61136102676,
        "var": 45.4488487244
    },
    "spectral_decrease": {
        "dmean": 1.00242054657e-08,
        "dmean2": 1.8246158362e-08,
        "dvar": 2.01461365494e-15,
        "dvar2": 5.63240868672e-15,
        "max": 3.17612043494e-17,
        "mean": -1.37071056727e-08,
        "median": -2.01056615801e-10,
        "min": -4.57401853282e-07,
        "var": 1.35874736179e-15
    },
    "spectral_energy": {
        "dmean": 0.0388475842774,
        "dmean2": 0.070587143302,
        "dvar": 0.0302138868719,
        "dvar2": 0.0844548344612,
        "max": 1.77372980118,
        "mean": 0.052832916379,
        "median": 0.000775098975282,
        "min": 1.02916236616e-20,
        "var": 0.0203640256077
    },
    "spectral_energyband_high": {
        "dmean": 4.38039969595e-05,
        "dmean2": 8.31821380416e-05,
        "dvar": 1.67167655718e-07,
        "dvar2": 4.78769038637e-07,
        "max": 0.00703647173941,
        "mean": 2.80069107248e-05,
        "median": 2.57680721205e-08,
        "min": 7.2210209835e-21,
        "var": 9.48167553361e-08
    },
    "spectral_energyband_low": {
        "dmean": 0.0307849887758,
        "dmean2": 0.0558694750071,
        "dvar": 0.0185600500554,
        "dvar2": 0.0520716272295,
        "max": 1.319865942,
        "mean": 0.0432403758168,
        "median": 0.000362091901479,
        "min": 5.80519332273e-23,
        "var": 0.0126729086041
    },
    "spectral_energyband_middle_high": {
        "dmean": 0.00573468068615,
        "dmean2": 0.0102933105081,
        "dvar": 0.000849673873745,
        "dvar2": 0.0024265605025,
        "max": 0.281733602285,
        "mean": 0.00518241943792,
        "median": 8.09527991805e-05,
        "min": 1.68805217433e-21,
        "var": 0.000540820707101
    },
    "spectral_energyband_middle_low": {
        "dmean": 0.00480686128139,
        "dmean2": 0.00894322711974,
        "dvar": 0.00056937529007,
        "dvar2": 0.00160987512209,
        "max": 0.245384767652,
        "mean": 0.00569857051596,
        "median": 0.000169059712789,
        "min": 2.87731423733e-22,
        "var": 0.000364969659131
    },
    "spectral_flatness_db": {
        "dmean": 0.0267918463796,
        "dmean2": 0.0389832630754,
        "dvar": 0.00137810443994,
        "dvar2": 0.00249677128159,
        "max": 0.632800459862,
        "mean": 0.262165009975,
        "median": 0.215461015701,
        "min": 0.0251583922654,
        "var": 0.0333425402641
    },
    "spectral_flux": {
        "dmean": 0.0407181531191,
        "dmean2": 0.0654185339808,
        "dvar": 0.0150535395369,
        "dvar2": 0.0281147435308,
        "max": 1.11110603809,
        "mean": 0.0612587109208,
        "median": 0.00670348480344,
        "min": 6.52902523712e-11,
        "var": 0.0225219428539
    },
    "spectral_kurtosis": {
        "dmean": 17.8869094849,
        "dmean2": 30.1288890839,
        "dvar": 818.433349609,
        "dvar2": 2171.94897461,
        "max": 303.705963135,
        "mean": 60.9299163818,
        "median": 7.46886062622,
        "min": -1.27094507217,
        "var": 6983.83740234
    },
    "spectral_rms": {
        "dmean": 0.00134357844945,
        "dmean2": 0.00222579739057,
        "dvar": 1.82172207133e-05,
        "dvar2": 4.50240986538e-05,
        "max": 0.0415988974273,
        "mean": 0.00438365899026,
        "median": 0.000869594223332,
        "min": 3.16869187139e-12,
        "var": 3.23278509313e-05
    },
    "spectral_rolloff": {
        "dmean": 491.197998047,
        "dmean2": 762.472473145,
        "dvar": 1790841.625,
        "dvar2": 3033973.5,
        "max": 19099.9511719,
        "mean": 6006.08056641,
        "median": 1012.06054688,
        "min": 21.533203125,
        "var": 44619216
    },
    "spectral_skewness": {
        "dmean": 0.97071647644,
        "dmean2": 1.62884831429,
        "dvar": 1.83310437202,
        "dvar2": 4.71140623093,
        "max": 14.2284784317,
        "mean": 4.27285718918,
        "median": 1.80447745323,
        "min": -0.0276608858258,
        "var": 17.0355377197
    },
    "spectral_spread": {
        "dmean": 682743.8125,
        "dmean2": 1036756.875,
        "dvar": 5.71823043379e+12,
        "dvar2": 1.20096607437e+13,
        "max": 51401212,
        "mean": 4850411.5,
        "median": 2467273.25,
        "min": 290745.96875,
        "var": 2.24539967488e+13
    },
    "spectral_strongpeak": {
        "dmean": 0.109026424587,
        "dmean2": 0.177762508392,
        "dvar": 0.0535690672696,
        "dvar2": 0.134140700102,
        "max": 2.29049658775,
        "mean": 0.2978104949,
        "median": 0.0174528956413,
        "min": 0,
        "var": 0.184347853065
    },
    "zerocrossingrate": {
        "dmean": 0.0122358379886,
        "dmean2": 0.013511037454,
        "dvar": 0.000747802958358,
        "dvar2": 0.000802046968602,
        "max": 0.521484375,
        "mean": 0.164675191045,
        "median": 0.03466796875,
        "min": 0.00146484375,
        "var": 0.0298845041543
    },
    "barkbands": {
        "dmean": [0.00105857802555, 0.024593738839, 0.00600457331166, 0.00210131122731, 0.00112537958194, 0.000621591461822, 0.000293076038361, 0.00024259602651, 0.000605082372203, 0.000895682664122, 0.00111865322106, 0.00137072242796, 0.000632986600976, 0.000653185939882, 0.000624362553935, 0.000444774603238, 0.000195379674551, 0.000135862646857, 6.20642313152e-05, 2.96653543046e-05, 1.36274356919e-05, 8.46877264848e-06, 4.34258572568e-06, 2.00475369638e-06, 1.15879117857e-06, 5.4482336509e-07, 2.34803366084e-07],
        "dmean2": [0.00182917376515, 0.0451370999217, 0.0108936624601, 0.00393647188321, 0.00209132069722, 0.00111578067299, 0.000534746213816, 0.000410850596381, 0.00110112514812, 0.00162352027837, 0.00206496939063, 0.00245918193832, 0.00113880401477, 0.00115760671906, 0.00113320664968, 0.000764872063883, 0.00035980087705, 0.000250509765465, 0.000114285008749, 5.50161093997e-05, 2.53087382589e-05, 1.54964145622e-05, 8.13077713246e-06, 3.77336414203e-06, 2.10779694498e-06, 1.03283764474e-06, 4.51145922398e-07],
        "dvar": [2.15617619688e-05, 0.0122279357165, 0.000854609126691, 0.000148196530063, 2.70452746918e-05, 1.13257328849e-05, 2.07986499845e-06, 9.30099190555e-07, 1.17016725198e-05, 2.23780443775e-05, 4.81473398395e-05, 6.83183243382e-05, 1.17118815979e-05, 1.07549813038e-05, 8.7806083684e-06, 3.21646371049e-06, 7.85295412697e-07, 5.43492376437e-07, 1.71716692421e-07, 6.25188363301e-08, 1.3714255509e-08, 6.194843305e-09, 2.01363437036e-09, 3.28014893025e-10, 1.21529480923e-10, 3.51376740204e-11, 5.8083160677e-12],
        "dvar2": [5.55066835659e-05, 0.0346184298396, 0.0024843364954, 0.000426352693466, 7.67936871853e-05, 3.20798026223e-05, 5.8637742768e-06, 2.35636980506e-06, 3.3372965845e-05, 6.44576502964e-05, 0.000140731004649, 0.000199024754693, 3.37894125551e-05, 2.98449958791e-05, 2.49521654041e-05, 8.87374790182e-06, 2.22399921768e-06, 1.53707048867e-06, 4.87998477183e-07, 1.8080733355e-07, 3.96115282797e-08, 1.70754148598e-08, 5.81128167809e-09, 9.01711760815e-10, 3.4744665478e-10, 1.0272115103e-10, 1.7177502476e-11],
        "max": [0.0711820721626, 1.19819927216, 0.383677810431, 0.151830628514, 0.0570447035134, 0.0597219988704, 0.0207428224385, 0.0132180862129, 0.0441908612847, 0.0540552437305, 0.0908918455243, 0.11429309845, 0.0368727371097, 0.0391566120088, 0.0292671378702, 0.0170684047043, 0.00821803696454, 0.0099458489567, 0.00664261355996, 0.00427424628288, 0.00200315355323, 0.00127091130707, 0.000782777613495, 0.000292272045044, 0.000185246288311, 0.000105244413135, 4.2053317884e-05],
        "mean": [0.00110105716158, 0.0334932766855, 0.0075478637591, 0.00215480104089, 0.00102555018384, 0.000915972748771, 0.000252887926763, 0.000482657749671, 0.000541685323697, 0.00107010290958, 0.000817520194687, 0.00130003376398, 0.000592158583459, 0.000477768655401, 0.000399011216359, 0.000363719038432, 0.000127524486743, 9.17120560189e-05, 4.04933598475e-05, 1.81978230103e-05, 8.36819526739e-06, 5.53044719709e-06, 2.67980885837e-06, 1.31256103941e-06, 6.93900460647e-07, 3.13100400717e-07, 1.30071924787e-07],
        "median": [1.18000809834e-06, 0.000177210662514, 5.64067304367e-05, 3.32813579007e-05, 4.05438595408e-06, 1.70444418472e-05, 1.74651177076e-06, 2.26655629376e-06, 6.0459924498e-06, 1.58169641509e-05, 1.90494210983e-06, 6.85407667333e-06, 3.60219871709e-07, 5.97520468659e-08, 1.57447708204e-08, 9.32894206329e-09, 3.33299010613e-09, 2.84798451489e-09, 2.34499264451e-09, 2.27280883003e-09, 2.76070943883e-09, 3.47063267014e-09, 3.87649068401e-09, 4.63928850891e-09, 5.1024113823e-09, 2.5751403232e-09, 8.66743066208e-10],
        "min": [3.95512375342e-24, 1.09788588413e-23, 1.22748792114e-23, 2.90703250512e-24, 1.87704135475e-23, 1.96580540375e-23, 5.77170523067e-23, 2.45056816085e-23, 6.22883624129e-23, 5.12750279835e-23, 4.95130976854e-23, 3.67964579448e-23, 5.87295458122e-23, 1.20097004626e-22, 1.16176933907e-22, 1.76758927073e-22, 1.40334707346e-22, 2.027609942e-22, 1.42385985513e-22, 3.66069830217e-22, 3.34793678892e-22, 5.01894512483e-22, 5.45219611678e-22, 7.34047870787e-22, 1.04922397998e-21, 1.49634761476e-21, 2.00693545015e-21],
        "var": [1.7578511688e-05, 0.00820867437869, 0.000517160864547, 8.58446655911e-05, 1.72866348294e-05, 8.82715812622e-06, 1.31028491523e-06, 1.93251025848e-06, 7.17598868505e-06, 1.68297192431e-05, 2.69041156571e-05, 4.31748048868e-05, 7.14045927452e-06, 7.47767808207e-06, 5.24553115611e-06, 2.31267381423e-06, 4.70118663998e-07, 3.23448716699e-07, 9.95009088456e-08, 3.46713378008e-08, 7.62486251915e-09, 3.85287624027e-09, 1.12195308599e-09, 2.04818745297e-10, 6.94940563428e-11, 1.89276545826e-11, 3.02825603135e-12]
    },
    "erbbands": {
        "dmean": [0.559305131435, 5.94555807114, 9.02046871185, 6.50306415558, 5.64603805542, 2.82502770424, 4.21311187744, 4.78218984604, 4.61920595169, 4.01002025604, 6.81088113785, 12.3949489594, 22.6720542908, 34.3300514221, 56.9583435059, 50.1801185608, 28.9789295197, 34.6933479309, 32.042842865, 26.5707530975, 21.3847980499, 11.2100000381, 7.78301382065, 4.54332685471, 2.38961720467, 1.39556539059, 0.934221446514, 0.363390594721, 0.314580589533, 0.214170470834, 0.112616956234, 0.0579854249954, 0.0270808823407, 0.0170237496495, 0.00610904581845, 0.00290805427358, 0.000731161097065, 0.000266610179096, 5.29893259227e-05, 4.52657222922e-05],
        "dmean2": [1.01279520988, 10.980301857, 16.3284931183, 11.9452400208, 10.5666236877, 5.07962751389, 7.68022966385, 8.5825510025, 8.42791080475, 6.90469408035, 11.8121910095, 22.3957328796, 41.1658821106, 63.0581016541, 103.449188232, 90.6458206177, 50.9857940674, 62.3868789673, 58.0246658325, 46.7178344727, 37.2782020569, 20.4459896088, 14.1736679077, 8.33011245728, 4.34462738037, 2.55677509308, 1.75994110107, 0.668323934078, 0.574200510979, 0.404455453157, 0.209783986211, 0.107595697045, 0.0506077110767, 0.0311927516013, 0.0112670334056, 0.00547059997916, 0.00140153733082, 0.000515124760568, 9.97592433123e-05, 8.19175911602e-05],
        "dvar": [5.81652164459, 721.880004883, 1549.66137695, 1624.81872559, 806.262084961, 135.961196899, 468.86630249, 688.239746094, 545.478149414, 288.845733643, 797.434631348, 4874.60449219, 16072.2666016, 51851.0390625, 100420.257812, 91544.953125, 22635.140625, 34502.375, 21981.828125, 13727.6699219, 8813.10253906, 2438.00317383, 1635.16906738, 874.647399902, 214.001266479, 115.956062317, 89.0584259033, 6.45971536636, 7.78144359589, 4.69366455078, 1.32690775394, 0.303914487362, 0.0557760000229, 0.0283926930279, 0.00288199749775, 0.00101615453605, 5.49556752958e-05, 9.20497950574e-06, 1.99877632667e-07, 4.35834728307e-08],
        "dvar2": [16.4709358215, 2042.8626709, 4410.51318359, 4719.65185547, 2311.6730957, 379.773406982, 1348.20825195, 1949.52233887, 1564.70324707, 728.381408691, 2116.57592773, 13835.4492188, 47052.0507812, 151126.53125, 290801.1875, 266596.71875, 65031.0234375, 97388.6640625, 61923.7578125, 38183.3867188, 24626.078125, 6892.26904297, 4633.54541016, 2469.28076172, 611.989685059, 331.94430542, 260.482971191, 18.2930030823, 21.3967437744, 13.1767578125, 3.85541605949, 0.861548185349, 0.15148575604, 0.0812717750669, 0.00825037341565, 0.00295775616542, 0.00016097779735, 2.72576216958e-05, 5.86354985899e-07, 1.22235761069e-07],
        "max": [23.6991348267, 294.593200684, 433.878723145, 514.245178223, 307.702697754, 108.246078491, 284.392059326, 479.552978516, 327.705047607, 249.171585083, 353.51461792, 959.177612305, 1876.48815918, 3510.05737305, 3494.64916992, 3797.43432617, 1681.63879395, 2001.17199707, 1635.62597656, 1118.96520996, 873.219726562, 437.538757324, 548.048522949, 446.375488281, 225.771194458, 174.923538208, 167.314529419, 38.1363868713, 44.265827179, 35.9848594666, 20.2982444763, 9.29121112823, 3.70614171028, 2.88960289955, 0.844588279724, 0.566720366478, 0.127808138728, 0.0544833056629, 0.00763291539624, 0.00211286335252],
        "mean": [0.65336561203, 8.25399684906, 12.6490182877, 7.33483791351, 5.35829591751, 2.91068673134, 4.78698158264, 7.79361391068, 4.40675115585, 5.69456100464, 10.3818311691, 11.6035318375, 28.9671020508, 29.031463623, 47.7795791626, 46.2254867554, 28.4678897858, 25.2697811127, 22.7208175659, 19.7178344727, 17.3266487122, 7.4527797699, 5.26458501816, 2.99186849594, 1.48919641972, 0.86305129528, 0.568649113178, 0.220858454704, 0.202634945512, 0.139383763075, 0.0679053217173, 0.0360975563526, 0.0177481714636, 0.0103673553094, 0.00360956392251, 0.00170379714109, 0.000429357925896, 0.000149013110786, 4.42579294031e-05, 5.94471166551e-05],
        "median": [0.0096487198025, 0.0231416672468, 0.0541004277766, 0.120932579041, 0.0486118942499, 0.0192222874612, 0.10000552237, 0.244749262929, 0.064859546721, 0.0511627085507, 0.105095714331, 0.174387648702, 0.743948042393, 0.262281090021, 0.248859673738, 0.171085104346, 0.023905903101, 0.00560690602288, 0.0022454787977, 0.000846996379551, 0.000500284950249, 0.000225514319027, 0.000164776312886, 0.000145665093441, 0.000116996161523, 0.000113406240416, 0.000118867093988, 0.000124554979266, 0.000124386700918, 0.000125838560052, 0.000126599217765, 0.000103482576378, 8.97492427612e-05, 7.34052810003e-05, 3.95501847379e-05, 1.97665558517e-05, 7.64262495068e-06, 1.44989735418e-06, 7.53568315304e-07, 8.58242970025e-07],
        "min": [3.50239121032e-22, 1.14588859717e-21, 8.87972490683e-21, 3.65824729493e-20, 3.78923909974e-20, 9.25853695355e-20, 9.26470526522e-20, 1.77609662037e-19, 5.17336849667e-19, 6.47599443074e-19, 7.15397492524e-19, 8.92590746671e-19, 1.88281072591e-18, 1.08587338752e-18, 1.50809635746e-18, 2.27738456349e-18, 3.6166801379e-18, 6.72066463316e-18, 5.46689126228e-18, 6.60672588046e-18, 1.10167015907e-17, 7.15907366654e-18, 9.74774531969e-18, 7.14754773188e-18, 1.01624903701e-17, 1.64419947672e-17, 1.72712648379e-17, 1.12165252656e-17, 1.69746477965e-17, 1.71927736696e-17, 1.54417845141e-17, 1.51835337638e-17, 1.20971070042e-17, 1.12540933275e-17, 8.3286127541e-18, 4.73430578381e-18, 2.51139085686e-18, 1.09890809961e-18, 2.94634237867e-19, 2.84952864279e-20],
        "var": [3.84488272667, 493.680175781, 1061.13818359, 931.361572266, 478.852111816, 96.6697616577, 308.5546875, 572.072875977, 335.025878906, 325.378845215, 1016.19171143, 3013.84936523, 11524.1992188, 29549.015625, 61308.1289062, 57777.046875, 14466.8007812, 22017.2148438, 13711.3652344, 8923.37304688, 6112.35546875, 1470.81481934, 976.891723633, 515.699829102, 122.58316803, 66.0562896729, 47.8927192688, 3.77641105652, 4.86691617966, 2.79566979408, 0.726779878139, 0.177116215229, 0.035759434104, 0.0161765832454, 0.0016413575504, 0.00055396463722, 2.9414655728e-05, 4.78231277157e-06, 1.07001419281e-07, 2.86962986706e-08]
    },
    "gfcc": {
        "mean": [-424.963104248, 91.8434066772, -79.9304046631, -9.87290477753, -25.8872718811, 23.7180023193, -16.4913196564, 1.93654668331, -13.4627656937, -4.63247108459, -6.50924348831, -0.864990413189, -3.16275477409],
        "cov": [[81598.7578125, 42881.2578125, 1266.21362305, -4450.54101562, 7217.10302734, 1837.55639648, 3250.29907227, -1911.05883789, 2192.49853516, -2636.34765625, 1914.70544434, -1734.75256348, 1432.30310059], [42881.2578125, 26667.0585938, 2843.54638672, -3706.82446289, 3832.03955078, 1371.85693359, 2285.70800781, -1295.75915527, 1273.12902832, -1593.09619141, 1276.60449219, -992.669311523, 963.294250488], [1266.21362305, 2843.54638672, 2171.02001953, -782.101501465, -337.937866211, 386.971252441, 582.062866211, -248.148086548, -38.0460586548, -160.837905884, 179.630645752, -73.9651412964, 167.719345093], [-4450.54101562, -3706.82446289, -782.101501465, 1027.25488281, -277.274353027, -298.824645996, -409.653106689, 210.969970703, -168.594055176, 165.115890503, -210.97756958, 91.1221694946, -169.533096313], [7217.10302734, 3832.03955078, -337.937866211, -277.274353027, 1312.1973877, 157.775497437, 141.213623047, -142.87638855, 305.127502441, -289.009857178, 144.071426392, -188.281021118, 89.4564056396], [1837.55639648, 1371.85693359, 386.971252441, -298.824645996, 157.775497437, 233.292861938, 154.611999512, -109.161621094, 40.9968299866, -73.0408935547, 53.9998855591, -53.7081489563, 55.8842315674], [3250.29907227, 2285.70800781, 582.062866211, -409.653106689, 141.213623047, 154.611999512, 420.712585449, -91.6627197266, 106.878967285, -119.312232971, 158.351593018, -81.5769805908, 108.098632812], [-1911.05883789, -1295.75915527, -248.148086548, 210.969970703, -142.87638855, -109.161621094, -91.6627197266, 153.187301636, -16.0064678192, 80.251335144, -49.3534927368, 50.3322105408, -55.0456085205], [2192.49853516, 1273.12902832, -38.0460586548, -168.594055176, 305.127502441, 40.9968299866, 106.878967285, -16.0064678192, 172.245956421, -51.1764831543, 79.1818313599, -58.327709198, 42.1349601746], [-2636.34765625, -1593.09619141, -160.837905884, 165.115890503, -289.009857178, -73.0408935547, -119.312232971, 80.251335144, -51.1764831543, 157.669891357, -47.0801010132, 63.06457901, -57.0883102417], [1914.70544434, 1276.60449219, 179.630645752, -210.97756958, 144.071426392, 53.9998855591, 158.351593018, -49.3534927368, 79.1818313599, -47.0801010132, 122.643318176, -33.0768508911, 57.1585197449], [-1734.75256348, -992.669311523, -73.9651412964, 91.1221694946, -188.281021118, -53.7081489563, -81.5769805908, 50.3322105408, -58.327709198, 63.06457901, -33.0768508911, 80.3347473145, -10.7750043869], [1432.30310059, 963.294250488, 167.719345093, -169.533096313, 89.4564056396, 55.8842315674, 108.098632812, -55.0456085205, 42.1349601746, -57.0883102417, 57.1585197449, -10.7750043869, 83.9360046387]],
        "icov": [[0.000252209079918, -0.000547933974303, 0.000572373566683, -0.000616496079601, 0.000283707224298, -0.000492974417284, -0.000330487557221, 4.24167001256e-06, 0.000172878979356, -4.78179863421e-05, 0.00015130295651, 0.000102953323221, -0.000159133283887], [-0.000547933974303, 0.00175858649891, -0.00119127810467, 0.0019033147255, -0.0007762790774, 0.000959689845331, 0.000639203703031, 0.000800891197287, -0.000974503171165, 0.00244935881346, -0.00230982690118, 0.00193113752175, -0.000741382245906], [0.000572373566683, -0.00119127810467, 0.00272077787668, -0.00119897699915, 0.00171306484845, -0.0025746896863, -0.00169051159173, 0.000625858723652, 0.000627842266113, 0.001620522351, -0.000524632225279, 0.000623219122645, -0.000253295671428], [-0.000616496079601, 0.0019033147255, -0.00119897699915, 0.00479050772265, -0.00142995209899, 0.00290895532817, 0.00103943957947, -0.000777405977715, 0.00125040591229, 0.00133684067987, -0.000682599085849, 0.00333623960614, -0.000338428159012], [0.000283707224298, -0.0007762790774, 0.00171306484845, -0.00142995209899, 0.00426196167246, -0.00303828623146, 0.00126449461095, 0.000430158514064, -0.00381074543111, 0.00542283104733, -0.0021538073197, 0.000939530669712, 0.00107928109355], [-0.000492974417284, 0.000959689845331, -0.0025746896863, 0.00290895532817, -0.00303828623146, 0.011921050027, -0.00128003407735, 0.00287470314652, 0.00144944735803, -0.00486757885665, 0.00489937793463, 0.000168677812326, -9.95793234324e-05], [-0.000330487557221, 0.000639203703031, -0.00169051159173, 0.00103943957947, 0.00126449461095, -0.00128003407735, 0.0101691726595, -0.00420526741073, -0.00100805214606, 0.00317381415516, -0.00759423151612, 0.00621738797054, -0.00393444159999], [4.24167001256e-06, 0.000800891197287, 0.000625858723652, -0.000777405977715, 0.000430158514064, 0.00287470314652, -0.00420526741073, 0.018776955083, -0.00791587401181, 0.00256302393973, 0.00115455407649, -0.00797974411398, 0.00717912474647], [0.000172878979356, -0.000974503171165, 0.000627842266113, 0.00125040591229, -0.00381074543111, 0.00144944735803, -0.00100805214606, -0.00791587401181, 0.0203530043364, -0.0100050028414, -0.00113097333815, 0.00811894331127, -0.00650118943304], [-4.78179863421e-05, 0.00244935881346, 0.001620522351, 0.00133684067987, 0.00542283104733, -0.00486757885665, 0.00317381415516, 0.00256302393973, -0.0100050028414, 0.032588750124, -0.0148388314992, 0.00196390179917, 0.00476694619283], [0.00015130295651, -0.00230982690118, -0.000524632225279, -0.000682599085849, -0.0021538073197, 0.00489937793463, -0.00759423151612, 0.00115455407649, -0.00113097333815, -0.0148388314992, 0.0318481698632, -0.0111802378669, 0.000519688706845], [0.000102953323221, 0.00193113752175, 0.000623219122645, 0.00333623960614, 0.000939530669712, 0.000168677812326, 0.00621738797054, -0.00797974411398, 0.00811894331127, 0.00196390179917, -0.0111802378669, 0.0457453243434, -0.0220343451947], [-0.000159133283887, -0.000741382245906, -0.000253295671428, -0.000338428159012, 0.00107928109355, -9.95793234324e-05, -0.00393444159999, 0.00717912474647, -0.00650118943304, 0.00476694619283, 0.000519688706845, -0.0220343451947, 0.0349748246372]]
    },
    "melbands": {
        "dmean": [0.00611363817006, 0.00599517812952, 0.00113443541341, 0.000294085330097, 0.000135054928251, 0.000111141889647, 6.69997607474e-05, 4.59422517451e-05, 6.21307190158e-05, 8.2524944446e-05, 0.000114803820907, 0.000134233952849, 0.000172129293787, 0.000169935970916, 9.00366212591e-05, 6.06176545261e-05, 6.50385773042e-05, 4.92845429108e-05, 4.91422288178e-05, 3.21763109241e-05, 2.28200642596e-05, 1.2778720702e-05, 7.01311864759e-06, 5.87130807617e-06, 3.54490111931e-06, 2.33154196394e-06, 1.07179516817e-06, 8.87041721853e-07, 6.73663464568e-07, 3.19168151464e-07, 1.78379764293e-07, 1.97221893927e-07, 1.39655270459e-07, 1.08548597666e-07, 6.26508267487e-08, 5.64019835281e-08, 2.75990377219e-08, 1.91789375492e-08, 1.59493627194e-08, 1.40205775878e-08],
        "dmean2": [0.0110729644075, 0.010941057466, 0.0020836039912, 0.000539202825166, 0.000244588969508, 0.000200109163416, 0.00012336151849, 7.62585841585e-05, 0.000109696877189, 0.000150040956214, 0.000208036872209, 0.000245566072408, 0.00031438973383, 0.000308408314595, 0.000159188581165, 0.000109563101432, 0.000116965849884, 8.94441182027e-05, 8.85993576958e-05, 5.53265163035e-05, 4.00320968765e-05, 2.34563158301e-05, 1.29413010654e-05, 1.07591977212e-05, 6.50562878945e-06, 4.28330713476e-06, 1.98004659069e-06, 1.62356991495e-06, 1.2771040474e-06, 5.92472247263e-07, 3.26434758335e-07, 3.52376076762e-07, 2.62489862735e-07, 2.01332625238e-07, 1.17642017017e-07, 1.05634285319e-07, 5.10061646253e-08, 3.55416034381e-08, 3.03329237283e-08, 2.54486511864e-08],
        "dvar": [0.000730614701752, 0.000699231110048, 4.18024355895e-05, 1.89882769064e-06, 4.53272718914e-07, 3.64313507362e-07, 1.14836929299e-07, 3.55346010394e-08, 8.17482188609e-08, 2.20332580625e-07, 4.15202549675e-07, 7.68430140852e-07, 9.65528101915e-07, 1.05889114366e-06, 2.75321497156e-07, 1.09919959357e-07, 1.21595135738e-07, 5.17091720553e-08, 5.71268969907e-08, 1.73510183998e-08, 1.15424505509e-08, 3.37469518996e-09, 1.44714928929e-09, 9.49734402234e-10, 6.03876060268e-10, 2.54370857711e-10, 5.25000806717e-11, 5.04370954724e-11, 4.86488870022e-11, 7.754123732e-12, 1.29524375166e-12, 3.13764118853e-12, 1.72420682332e-12, 1.23545488076e-12, 3.99078150084e-13, 3.73204017603e-13, 5.92306897431e-14, 2.64473349227e-14, 2.39444897829e-14, 2.00644453038e-14],
        "dvar2": [0.00206790724769, 0.00197122688405, 0.000120713149954, 5.4000529417e-06, 1.29728027787e-06, 1.03081754332e-06, 3.27668288946e-07, 8.82235653421e-08, 2.23493643148e-07, 6.27327437996e-07, 1.21564119127e-06, 2.23693564294e-06, 2.80295103039e-06, 3.08170547214e-06, 8.00196119144e-07, 3.1601970818e-07, 3.41755793443e-07, 1.45581736888e-07, 1.61760041806e-07, 4.73902090903e-08, 3.26259730343e-08, 9.53606171805e-09, 4.17401890829e-09, 2.64920130277e-09, 1.70999214788e-09, 7.34893201848e-10, 1.49317072595e-10, 1.45112005745e-10, 1.42531500491e-10, 2.25304237073e-11, 3.62365931532e-12, 8.73109917698e-12, 4.73029341391e-12, 3.49024606959e-12, 1.16068905789e-12, 1.08724628693e-12, 1.62527435087e-13, 7.00300413362e-14, 6.79985242918e-14, 5.74507347077e-14],
        "max": [0.285541415215, 0.251797288656, 0.0812638700008, 0.015537545085, 0.00835434813052, 0.0108451498672, 0.00483119627461, 0.00297961942852, 0.00403961353004, 0.00591143406928, 0.0094810500741, 0.013362438418, 0.0105371689424, 0.0135701522231, 0.00604278268293, 0.00403620349243, 0.00381702044979, 0.00258334330283, 0.00245237722993, 0.00132030120585, 0.00109384651296, 0.000570446834899, 0.000554367143195, 0.000358987250365, 0.000386208994314, 0.000258432235569, 0.000117262257845, 0.00011621540034, 0.000123944933875, 4.75321467093e-05, 1.49200286614e-05, 2.79221094388e-05, 2.10719954339e-05, 1.84710606845e-05, 1.10598475658e-05, 1.0829096027e-05, 3.83510268875e-06, 2.38269967667e-06, 2.6658360639e-06, 2.4007022148e-06],
        "mean": [0.00778918201104, 0.00879192538559, 0.00127098744269, 0.000278087216429, 0.000159841903951, 0.000174915403477, 6.08644513704e-05, 7.68410973251e-05, 8.45381364343e-05, 7.36602014513e-05, 0.000149977538968, 0.000118247000501, 0.000134679707116, 0.000158108829055, 8.99971928447e-05, 5.17921835126e-05, 4.65319426439e-05, 3.56877571903e-05, 3.23020431097e-05, 2.58570362348e-05, 1.78533355211e-05, 8.33208196127e-06, 4.62443540528e-06, 4.02343857786e-06, 2.28995668294e-06, 1.4322338302e-06, 6.7522705649e-07, 5.39877078154e-07, 4.09235354937e-07, 1.92814013644e-07, 1.06936411726e-07, 1.2280440842e-07, 9.30450951842e-08, 6.87775596475e-08, 3.77380224847e-08, 3.3018508816e-08, 1.78907981763e-08, 1.26635955056e-08, 1.00858841279e-08, 8.38720382035e-09],
        "median": [8.186440391e-05, 3.20600956911e-05, 2.27154268941e-05, 2.15743489207e-06, 3.04173204313e-06, 5.35367234988e-06, 6.65124957777e-07, 2.25835321999e-07, 5.42496309208e-07, 1.00080796983e-06, 3.37790856975e-06, 6.82939628405e-07, 4.69679662274e-07, 9.2238644811e-07, 7.90416336827e-08, 1.83213568761e-08, 5.42189892982e-09, 3.38884631468e-09, 9.49960887731e-10, 6.90058454822e-10, 4.67026639583e-10, 2.15407872095e-10, 1.57996130068e-10, 1.24607921204e-10, 1.06161190949e-10, 7.67576904814e-11, 7.40697989055e-11, 6.55631798852e-11, 6.75526093397e-11, 6.43364320152e-11, 6.99037563945e-11, 6.51914008887e-11, 6.22801185624e-11, 6.4200214589e-11, 6.52893364372e-11, 5.46492642806e-11, 5.40183245357e-11, 5.27724114407e-11, 5.26519765287e-11, 5.04425529124e-11],
        "min": [5.54414915177e-24, 3.43502499759e-24, 6.42706239285e-24, 4.59815859272e-24, 4.28705946183e-24, 4.51681362275e-24, 8.81258368669e-24, 6.57593701174e-24, 6.11654583574e-24, 7.33654368035e-24, 8.32509052423e-24, 3.44367012426e-24, 5.53238920783e-24, 4.96931449318e-24, 1.03490117842e-23, 8.53808454637e-24, 1.2431961928e-23, 6.71035614898e-24, 6.57743071987e-24, 8.19366708629e-24, 1.1692673042e-23, 7.84445098532e-24, 5.20846793179e-24, 9.37799264076e-24, 4.64367902239e-24, 6.70296767774e-24, 7.1493801197e-24, 1.08772898443e-23, 1.28701465507e-23, 7.15251899724e-24, 5.50498299669e-24, 8.98603053393e-24, 1.101147114e-23, 8.28529485815e-24, 8.19407256079e-24, 7.05891986198e-24, 8.78580185896e-24, 8.72976749114e-24, 7.89440402442e-24, 9.16016290128e-24],
