{
"metadata": {
    "version": {
        "essentia": "2.0.1",
        "extractor": "archive-music 1.0"
    },
    "audio_properties": {
        "analysis_sample_rate": 44100,
        "bitrate": 128,
        "channels": 2,
        "equal_loudness": 0,
        "length": 15.9869384766,
        "replay_gain": -5.16421699524,
        "downmix": "mix"
    },
    "tags": {
        "track": 0,
        "year": 0,
        "album": "",
        "artist": "",
        "comment": "",
        "genre": "",
        "title": ""
    }
},
"highlevel": {
    "culture": {
        "all": {
            "non_western": 0.989720761776,
            "western": 0.0102792354301
        },
        "probability": 0.989720761776,
        "value": "non_western"
    },
    "danceability": {
        "all": {
            "danceable": 3.73292004952e-06,
            "not_danceable": 0.999996244907
        },
        "probability": 0.999996244907,
        "value": "not_danceable"
    },
    "gender": {
        "all": {
            "female": 0.879151701927,
            "male": 0.120848298073
        },
        "probability": 0.879151701927,
        "value": "female"
    },
    "genre_dortmund": {
        "all": {
            "alternative": 0.00797143857926,
            "blues": 0.0908160731196,
            "electronic": 0.258730202913,
            "folkcountry": 0.0105996523052,
            "funksoulrnb": 0.283699631691,
            "jazz": 0.0313890241086,
            "pop": 0.0074847927317,
            "raphiphop": 0.076090067625,
            "rock": 0.233219102025
        },
        "probability": 0.283699631691,
        "value": "funksoulrnb"
    },
    "genre_electronic": {
        "all": {
            "ambient": 0.905450165272,
            "dnb": 0.0621575266123,
            "house": 0.0219106767327,
            "techno": 0.00426218286157,
            "trance": 0.00621944665909
        },
        "probability": 0.905450165272,
        "value": "ambient"
    },
    "genre_rosamerica": {
        "all": {
            "cla": 0.832861125469,
            "dan": 0.00180091580842,
            "hip": 0.146397560835,
            "jaz": 0.00364884594455,
            "pop": 0.00269191525877,
            "rhy": 0.00175713875797,
            "roc": 0.00619726115838,
            "spe": 0.00464522931725
        },
        "probability": 0.832861125469,
        "value": "cla"
    },
    "genre_tzanetakis": {
        "all": {
            "blu": 0.0276215262711,
            "cla": 0.50608330965,
            "cou": 0.0100570563227,
            "dis": 0.072314068675,
            "hip": 0.142071217299,
            "jaz": 0.017919242382,
            "met": 0.0163099840283,
            "pop": 0.0602197237313,
            "reg": 0.0670145153999,
            "roc": 0.0803893357515
        },
        "probability": 0.50608330965,
        "value": "cla"
    },
    "mirex_ballroom": {
        "all": {
            "ChaChaCha": 0.0833623558283,
            "Jive": 0.527938008308,
            "Quickstep": 0.256744891405,
            "Rumba-American": 0.00273940572515,
            "Rumba-International": 0.00211400957778,
            "Rumba-Misc": 0.00161064148415,
            "Samba": 0.0506871379912,
            "Tango": 0.0262327659875,
            "VienneseWaltz": 0.0433746092021,
            "Waltz": 0.00519617088139
        },
        "probability": 0.527938008308,
        "value": "Jive"
    },
    "mood_acoustic": {
        "all": {
            "acoustic": 0.0393927767873,
            "not_acoustic": 0.960607230663
        },
        "probability": 0.960607230663,
        "value": "not_acoustic"
    },
    "mood_aggressive": {
        "all": {
            "aggressive": 0.989071190357,
            "not_aggressive": 0.0109288226813
        },
        "probability": 0.989071190357,
        "value": "aggressive"
    },
    "mood_electronic": {
        "all": {
            "electronic": 0.893946707249,
            "not_electronic": 0.106053300202
        },
        "probability": 0.893946707249,
        "value": "electronic"
    },
    "mood_happy": {
        "all": {
            "happy": 0.173044100404,
            "not_happy": 0.826955914497
        },
        "probability": 0.826955914497,
        "value": "not_happy"
    },
    "mood_party": {
        "all": {
            "not_party": 0.869020521641,
            "party": 0.130979463458
        },
        "probability": 0.869020521641,
        "value": "not_party"
    },
    "mood_relaxed": {
        "all": {
            "not_relaxed": 0.0728947147727,
            "relaxed": 0.927105307579
        },
        "probability": 0.927105307579,
        "value": "relaxed"
    },
    "mood_sad": {
        "all": {
            "not_sad": 0.973116517067,
            "sad": 0.0268834643066
        },
        "probability": 0.973116517067,
        "value": "not_sad"
    },
    "moods_mirex": {
        "all": {
            "Cluster1": 0.0312363132834,
            "Cluster2": 0.0355509929359,
            "Cluster3": 0.00625692354515,
            "Cluster4": 0.0591253265738,
            "Cluster5": 0.867830455303
        },
        "probability": 0.867830455303,
        "value": "Cluster5"
    },
    "timbre": {
        "all": {
            "bright": 0.00386186596006,
            "dark": 0.99613815546
        },
        "probability": 0.99613815546,
        "value": "dark"
    },
    "tonal_atonal": {
        "all": {
            "atonal": 1,
            "tonal": 1.45571661392e-08
        },
        "probability": 1,
        "value": "atonal"
    },
    "voice_instrumental": {
        "all": {
            "instrumental": 0.0866292789578,
            "voice": 0.913370728493
        },
        "probability": 0.913370728493,
        "value": "voice"
    }
},
"lowlevel": {
    "average_loudness": 0.639884471893,
    "barkbands_kurtosis": {
        "dmean": 2.82125353813,
        "dmean2": 4.69263887405,
        "dvar": 36.5421447754,
        "dvar2": 95.9737243652,
        "max": 50.6981163025,
        "mean": 1.58362841606,
        "median": -0.0573718547821,
        "min": -1.78722238541,
        "var": 33.7125244141
    },
    "barkbands_skewness": {
        "dmean": 0.614030003548,
        "dmean2": 1.02101325989,
        "dvar": 0.402826577425,
        "dvar2": 0.994147658348,
        "max": 3.99860167503,
        "mean": 0.622683644295,
        "median": 0.551343679428,
        "min": -3.00585961342,
        "var": 0.648055791855
    },
    "barkbands_spread": {
        "dmean": 4.05430030823,
        "dmean2": 6.61514568329,
        "dvar": 12.3696327209,
        "dvar2": 31.1116085052,
        "max": 48.5236434937,
        "mean": 13.8919115067,
        "median": 13.9502191544,
        "min": 0.617965042591,
        "var": 47.2877502441
    },
    "dissonance": {
        "dmean": 0.0192748438567,
        "dmean2": 0.034011490643,
        "dvar": 0.000553497753572,
        "dvar2": 0.00152108259499,
        "max": 0.500000059605,
        "mean": 0.480932205915,
        "median": 0.488845646381,
        "min": 0.326740384102,
        "var": 0.000534581311513
    },
    "dynamic_complexity": 3.98055577278,
    "erbbands_kurtosis": {
        "dmean": 2.41670274734,
        "dmean2": 3.95962285995,
        "dvar": 25.1686058044,
        "dvar2": 61.9869003296,
        "max": 41.5286941528,
        "mean": 1.10163509846,
        "median": -0.324244618416,
        "min": -1.88354444504,
        "var": 25.4257469177
    },
    "erbbands_skewness": {
        "dmean": 0.589635550976,
        "dmean2": 0.964508235455,
        "dvar": 0.328920602798,
        "dvar2": 0.868777632713,
        "max": 4.52695512772,
        "mean": 0.596417248249,
        "median": 0.498512983322,
        "min": -1.20489120483,
        "var": 0.589498341084
    },
    "erbbands_spread": {
        "dmean": 5.37844657898,
        "dmean2": 8.78306674957,
        "dvar": 19.1447257996,
        "dvar2": 46.4873046875,
        "max": 45.6906166077,
        "mean": 19.8006420135,
        "median": 20.954624176,
        "min": 0.855687975883,
        "var": 56.892742157
    },
    "hfc": {
        "dmean": 9.88818454742,
        "dmean2": 16.1093959808,
        "dvar": 481.635253906,
        "dvar2": 1192.60437012,
        "max": 398.593322754,
        "mean": 18.028465271,
        "median": 8.80408191681,
        "min": 1.11818592842e-16,
        "var": 860.645019531
    },
    "melbands_kurtosis": {
        "dmean": 3.59991550446,
        "dmean2": 6.06168937683,
        "dvar": 32.0159072876,
        "dvar2": 81.9633712769,
        "max": 50.6927261353,
        "mean": 3.52130818367,
        "median": 1.76718473434,
        "min": -1.59623944759,
        "var": 35.4141769409
    },
    "melbands_skewness": {
        "dmean": 0.670491814613,
        "dmean2": 1.09453415871,
        "dvar": 0.485787391663,
        "dvar2": 1.14128708839,
        "max": 4.79875421524,
        "mean": 1.07191288471,
        "median": 0.992609977722,
        "min": -3.50646281242,
        "var": 0.833426475525
    },
    "melbands_spread": {
        "dmean": 8.71241474152,
        "dmean2": 14.4189367294,
        "dvar": 63.8277511597,
        "dvar2": 148.137527466,
        "max": 135.688476562,
        "mean": 26.0758399963,
        "median": 23.847492218,
        "min": 1.87377893925,
        "var": 274.403839111
    },
    "pitch_salience": {
        "dmean": 0.0801510214806,
        "dmean2": 0.132432997227,
        "dvar": 0.00643748650327,
        "dvar2": 0.0160334240645,
        "max": 0.996082365513,
        "mean": 0.732012748718,
        "median": 0.753745555878,
        "min": 0.30625718832,
        "var": 0.00942122656852
    },
    "silence_rate_20dB": {
        "dmean": 0,
        "dmean2": 0,
        "dvar": 0,
        "dvar2": 0,
        "max": 1,
        "mean": 1,
        "median": 1,
        "min": 1,
        "var": 0
    },
    "silence_rate_30dB": {
        "dmean": 0.00580551521853,
        "dmean2": 0.0116279069334,
        "dvar": 0.00577181112021,
        "dvar2": 0.0143997473642,
        "max": 1,
        "mean": 0.995652198792,
        "median": 1,
        "min": 0,
        "var": 0.00432892749086
    },
    "silence_rate_60dB": {
        "dmean": 0.127721339464,
        "dmean2": 0.255813956261,
        "dvar": 0.111408226192,
        "dvar2": 0.213629215956,
        "max": 1,
        "mean": 0.300000011921,
        "median": 0,
        "min": 0,
        "var": 0.209998577833
    },
    "spectral_centroid": {
        "dmean": 400.766815186,
        "dmean2": 652.469360352,
        "dvar": 225129.5,
        "dvar2": 357026.59375,
        "max": 10875.6396484,
        "mean": 2271.40014648,
        "median": 2287.06933594,
        "min": 900.070800781,
        "var": 451959.5625
    },
    "spectral_complexity": {
        "dmean": 4.87082719803,
        "dmean2": 8.18604660034,
        "dvar": 18.4521179199,
        "dvar2": 43.7154350281,
        "max": 56,
        "mean": 17.9014492035,
        "median": 15,
        "min": 0,
        "var": 163.685791016
    },
    "spectral_crest": {
        "dmean": 3.25892329216,
        "dmean2": 5.3250670433,
        "dvar": 10.6258087158,
        "dvar2": 25.9462242126,
        "max": 25.5229187012,
        "mean": 8.20574092865,
        "median": 6.97438144684,
        "min": 2.56991386414,
        "var": 19.3904209137
    },
    "spectral_decrease": {
        "dmean": 1.45600065338e-09,
        "dmean2": 2.37888708732e-09,
        "dvar": 9.49715757056e-18,
        "dvar2": 2.3579979464e-17,
        "max": 5.36089533368e-28,
        "mean": -2.50891618592e-09,
        "median": -1.26890276064e-09,
        "min": -5.20595691e-08,
        "var": 1.56341552917e-17
    },
    "spectral_energy": {
        "dmean": 0.00635936763138,
        "dmean2": 0.0103576742113,
        "dvar": 0.000183928961633,
        "dvar2": 0.000456672685686,
        "max": 0.232638001442,
        "mean": 0.0111044570804,
        "median": 0.00557611975819,
        "min": 1.05494600591e-20,
        "var": 0.000307201000396
    },
    "spectral_energyband_high": {
        "dmean": 0.000259915774222,
        "dmean2": 0.000459109200165,
        "dvar": 1.91473958466e-07,
        "dvar2": 5.33673244263e-07,
        "max": 0.00818520784378,
        "mean": 0.000477102177683,
        "median": 0.000140622520121,
        "min": 7.86777928729e-21,
        "var": 1.0110555877e-06
    },
    "spectral_energyband_low": {
        "dmean": 3.29069516738e-05,
        "dmean2": 5.77824575885e-05,
        "dvar": 9.51082412826e-09,
        "dvar2": 2.69560977983e-08,
        "max": 0.00148220325354,
        "mean": 4.46188023489e-05,
        "median": 5.81465155847e-06,
        "min": 6.15619792914e-23,
        "var": 1.81254566911e-08
    },
    "spectral_energyband_middle_high": {
        "dmean": 0.00567502202466,
        "dmean2": 0.00917242653668,
        "dvar": 0.000185232231161,
        "dvar2": 0.000457163783722,
        "max": 0.230831056833,
        "mean": 0.00883712433279,
        "median": 0.00413310714066,
        "min": 1.5335669053e-21,
        "var": 0.000242326423177
    },
    "spectral_energyband_middle_low": {
        "dmean": 0.00129955133889,
        "dmean2": 0.00225617643446,
        "dvar": 3.76132425117e-06,
        "dvar2": 1.01389759948e-05,
        "max": 0.023748356849,
        "mean": 0.00190782360733,
        "median": 0.000787623226643,
        "min": 2.77139407292e-22,
        "var": 9.90736225503e-06
    },
    "spectral_flatness_db": {
        "dmean": 0.0561016611755,
        "dmean2": 0.0842416137457,
        "dvar": 0.00312501261942,
        "dvar2": 0.00618733791634,
        "max": 0.480368256569,
        "mean": 0.181094765663,
        "median": 0.15958404541,
        "min": 0.0272009894252,
        "var": 0.00837524235249
    },
    "spectral_flux": {
        "dmean": 0.0202588029206,
        "dmean2": 0.0294704437256,
        "dvar": 0.000855489633977,
        "dvar2": 0.00147174892481,
        "max": 0.423739522696,
        "mean": 0.0733275189996,
        "median": 0.0632932633162,
        "min": 1.02710562278e-10,
        "var": 0.00251351809129
    },
    "spectral_kurtosis": {
        "dmean": 3.53932142258,
        "dmean2": 6.38236045837,
        "dvar": 17.7420635223,
        "dvar2": 51.033782959,
        "max": 38.4004745483,
        "mean": 5.86072635651,
        "median": 4.88399505615,
        "min": -1.2036755085,
        "var": 18.0048465729
    },
    "spectral_rms": {
        "dmean": 0.000856695056427,
        "dmean2": 0.00135927111842,
        "dvar": 1.00188253782e-06,
        "dvar2": 2.31582384913e-06,
        "max": 0.0150653216988,
        "mean": 0.00273246527649,
        "median": 0.00233240425587,
        "min": 3.20813904955e-12,
        "var": 3.36724679073e-06
    },
    "spectral_rolloff": {
        "dmean": 724.721679688,
        "dmean2": 1253.24536133,
        "dvar": 928044.5625,
        "dvar2": 1864576.5,
        "max": 19143.0175781,
        "mean": 2805.21533203,
        "median": 2906.98242188,
        "min": 839.794921875,
        "var": 2981336
    },
    "spectral_skewness": {
        "dmean": 0.405599176884,
        "dmean2": 0.695782363415,
        "dvar": 0.155103713274,
        "dvar2": 0.419189989567,
        "max": 3.59095001221,
        "mean": 1.28055691719,
        "median": 1.32656407356,
        "min": -0.376153200865,
        "var": 0.284383863211
    },
    "spectral_spread": {
        "dmean": 592026.125,
        "dmean2": 908026.4375,
        "dvar": 2.79962871398e+12,
        "dvar2": 2.68502695936e+12,
        "max": 41625592,
        "mean": 2859496.25,
        "median": 2604481,
        "min": 937654.75,
        "var": 5.09747029606e+12
    },
    "spectral_strongpeak": {
        "dmean": 0.640651524067,
        "dmean2": 1.087464571,
        "dvar": 1.67112004757,
        "dvar2": 4.38913869858,
        "max": 16.8813152313,
        "mean": 0.865523338318,
        "median": 0.550197958946,
        "min": 0,
        "var": 1.50246405602
    },
    "zerocrossingrate": {
        "dmean": 0.0100753186271,
        "dmean2": 0.0135540626943,
        "dvar": 0.000471016741358,
        "dvar2": 0.000954116345383,
        "max": 0.50244140625,
        "mean": 0.0893887281418,
        "median": 0.0849609375,
        "min": 0.03857421875,
        "var": 0.00159101525787
    },
    "barkbands": {
        "dmean": [1.1975888583e-06, 7.0306446105e-06, 1.11781546366e-05, 7.93859144324e-05, 0.000109835680632, 0.000112583096779, 0.000142873032019, 0.000232964230236, 0.000783076626249, 0.000829934666399, 0.00110514322296, 0.00149595655967, 0.00130865280516, 0.00189523166046, 0.000764144177083, 0.00020341767231, 0.000203741758014, 0.000317062163958, 0.000304450339172, 0.000147489539813, 8.52415760164e-05, 7.381800242e-05, 4.45362929895e-05, 1.52731554408e-05, 1.44478235597e-05, 9.35445495998e-06, 1.63606421211e-06],
        "dmean2": [2.08309734262e-06, 1.21584935187e-05, 1.94588174054e-05, 0.000147959581227, 0.000194758409634, 0.000192317835172, 0.000246555078775, 0.000403414247558, 0.00138549064286, 0.00139277230483, 0.00199271435849, 0.0027091735974, 0.00233048992231, 0.00327354460023, 0.00143637775909, 0.000352544564521, 0.000357241020538, 0.000568089890294, 0.000508798228111, 0.000246809591772, 0.000150558233145, 0.000133668901981, 8.00631896709e-05, 2.55090744758e-05, 2.65162616415e-05, 1.73923708644e-05, 2.78227139461e-06],
        "dvar": [7.48896257508e-12, 3.15738629686e-10, 8.55139958844e-10, 9.10901931661e-08, 1.24522884448e-07, 1.06283323476e-07, 9.33370003509e-08, 1.62309248708e-07, 1.87093257864e-06, 3.33991647494e-06, 4.96404618389e-06, 2.3981268896e-05, 1.74925935426e-05, 7.17811199138e-05, 4.6824443416e-05, 2.99377717283e-07, 2.82321991563e-07, 2.68201063136e-07, 1.62826466976e-07, 6.59051480056e-08, 2.02513508185e-08, 1.59301247749e-08, 9.58472679002e-09, 6.28598240127e-09, 1.15164355829e-09, 4.8920045792e-10, 8.62270532753e-11],
        "dvar2": [2.06915578421e-11, 8.95898077946e-10, 2.30489094477e-09, 2.88033163542e-07, 3.71967757928e-07, 2.80672594499e-07, 2.77877347798e-07, 4.56987038433e-07, 4.91316859552e-06, 7.75913849793e-06, 1.44596360769e-05, 6.80948141962e-05, 4.76349996461e-05, 0.000173327833181, 0.000137000883115, 7.83420318839e-07, 5.90432648551e-07, 8.37755294469e-07, 4.00180198312e-07, 2.00232577185e-07, 6.02800653837e-08, 4.4828787793e-08, 2.74759823782e-08, 1.53141215264e-08, 3.36104588605e-09, 1.48430967517e-09, 2.20621201863e-10],
        "max": [3.28634341713e-05, 0.000233937826124, 0.000467751349788, 0.00408332562074, 0.0046945028007, 0.0055246911943, 0.0039500570856, 0.00605825148523, 0.0145640419796, 0.033858962357, 0.0263304878026, 0.0565113686025, 0.0594786442816, 0.10374365747, 0.130145311356, 0.0117609985173, 0.015302834101, 0.00572904059663, 0.00480814883485, 0.00523673091084, 0.00241940794513, 0.00208516092971, 0.00179520645179, 0.00204111728817, 0.000435547612142, 0.000256376020843, 0.000185085751582],
        "mean": [1.06259403765e-06, 7.98140536062e-06, 1.30721891765e-05, 9.09612354008e-05, 0.000187966914382, 0.00021054012177, 0.000182575226063, 0.000285338552203, 0.000680429686327, 0.000976426643319, 0.00143873563502, 0.0014337018365, 0.00109465653077, 0.00148282118607, 0.000617796031293, 0.000436696020188, 0.000333865551511, 0.000433504319517, 0.000562736997381, 0.000293106946629, 0.000120738062833, 9.63254133239e-05, 6.695263437e-05, 2.62183657469e-05, 1.77289948624e-05, 1.0454454241e-05, 2.0715831397e-06],
        "median": [3.96622738208e-07, 1.62064895903e-06, 1.46317177041e-06, 2.21578648052e-06, 9.80589538813e-06, 2.0412973754e-05, 6.12978983554e-05, 8.11049612821e-05, 0.000261859793682, 0.000502933922689, 0.000610667397268, 0.000519605935551, 0.000343664432876, 0.000203447794775, 0.00012624093506, 7.13514746167e-05, 9.14130796446e-05, 0.000190453545656, 0.000275784987025, 0.000121890727314, 3.44977961504e-05, 2.23450679186e-05, 7.54860957386e-06, 1.6965013856e-06, 6.77085949974e-07, 2.26873197562e-07, 3.16269366252e-09],
        "min": [4.93950856717e-24, 2.97801953418e-24, 1.33478199726e-23, 1.11306380461e-23, 3.8845167581e-23, 1.57034722316e-23, 4.40538836095e-23, 2.23302146466e-23, 5.92710893573e-23, 4.30782141311e-23, 7.24074725192e-23, 6.0918085777e-23, 3.8748538431e-23, 4.37351806484e-23, 1.34597618594e-22, 8.86706289413e-23, 1.01081518817e-22, 2.19744689862e-22, 2.64230815605e-22, 4.88795584437e-22, 3.45538873189e-22, 5.50555542572e-22, 6.68387935798e-22, 9.23115893125e-22, 1.2789668318e-21, 1.5578649319e-21, 1.98096589671e-21],
        "var": [5.60175300243e-12, 4.66600036386e-10, 1.74113423679e-09, 1.10566737987e-07, 3.43983373341e-07, 4.67204387178e-07, 1.5870035952e-07, 3.89277062141e-07, 1.62306628226e-06, 4.05788887292e-06, 6.27845565759e-06, 1.55739180627e-05, 1.19716451081e-05, 5.81980348215e-05, 2.56325129158e-05, 2.13821112993e-06, 1.27584178244e-06, 4.64972288228e-07, 5.32787112206e-07, 2.21312419058e-07, 4.96638996594e-08, 4.44534968835e-08, 3.87015681724e-08, 1.34571660482e-08, 2.61139732061e-09, 8.84662842981e-10, 1.40529324288e-10]
    },
    "erbbands": {
        "dmean": [0.000169033068232, 0.00169991655275, 0.00962296687067, 0.117502100766, 0.426396459341, 0.333361804485, 0.518469512463, 1.08654618263, 1.93472361565, 3.46063280106, 6.57341861725, 17.0370826721, 22.7221298218, 30.6472244263, 45.7157859802, 61.0364189148, 54.9899864197, 88.1507492065, 73.4745635986, 14.5862150192, 9.9000711441, 11.5530738831, 15.9870414734, 18.3291988373, 13.1948843002, 7.47640180588, 3.86712574959, 3.16570520401, 2.70270729065, 2.15888357162, 1.30113685131, 0.400341153145, 0.230846747756, 0.181035608053, 0.0947391539812, 0.0467631183565, 0.018608763814, 0.00369177432731, 0.000134925314342, 1.01837749753e-05],
        "dmean2": [0.000301764986943, 0.00291995727457, 0.0160939320922, 0.213720545173, 0.75076764822, 0.586135268211, 0.841741800308, 1.78536868095, 3.47625279427, 6.08645343781, 11.7292575836, 30.703125, 38.6268348694, 53.771068573, 79.5538253784, 109.528968811, 98.5167694092, 156.167236328, 132.692428589, 25.7038917542, 17.1816234589, 20.3512935638, 28.6215744019, 31.2388687134, 22.2700099945, 12.747636795, 6.70971393585, 5.71137332916, 4.97908639908, 3.70997095108, 2.31186485291, 0.642543315887, 0.404802232981, 0.332807570696, 0.174336969852, 0.087300375104, 0.0344129651785, 0.00636420259252, 0.000224836665438, 1.64338107425e-05],
        "dvar": [1.32195580704e-07, 2.37492713495e-05, 0.000621136394329, 0.17674612999, 2.20211386681, 1.03315925598, 1.82188236713, 10.4862651825, 25.6722774506, 49.8139076233, 109.663322449, 1003.597229, 2328.04272461, 4261.20410156, 9196.29980469, 45123.7539062, 32800.4492188, 123801.625, 365901.96875, 2065.93188477, 610.075012207, 666.838195801, 732.894470215, 664.739807129, 327.509857178, 200.176086426, 61.6310501099, 25.4292507172, 21.7769546509, 19.192024231, 8.30132579803, 3.83141899109, 0.822553098202, 0.199359849095, 0.057260517031, 0.0150419836864, 0.00203306716867, 0.000256487808656, 4.13952960798e-07, 4.09233563703e-10],
        "dvar2": [3.70723313381e-07, 6.67533749947e-05, 0.00164218386635, 0.544474184513, 6.53473091125, 2.99253773689, 4.8274974823, 27.7097244263, 78.7874298096, 147.192306519, 322.702209473, 2623.8527832, 5147.00683594, 11767.7314453, 25578.1054688, 127350.929688, 87791.6875, 292308.90625, 1015867.75, 5911.36914062, 1645.96142578, 1544.37805176, 2189.13330078, 1767.25378418, 849.229187012, 624.489440918, 183.630889893, 78.8029785156, 65.4907989502, 50.2324790955, 23.1034412384, 8.29450702667, 2.116304636, 0.576124787331, 0.155285641551, 0.0444770231843, 0.00619091326371, 0.000597748090513, 1.05121898741e-06, 9.93343185485e-10],
        "max": [0.00377717474476, 0.0714183151722, 0.417439967394, 5.81704950333, 21.1446495056, 12.9419364929, 19.290473938, 64.8257446289, 66.599571228, 125.00629425, 103.514053345, 394.797424316, 922.813781738, 752.80078125, 1217.92529297, 2570.26660156, 2757.65527344, 3727.25390625, 11761.9619141, 743.766723633, 629.965637207, 689.538024902, 428.689117432, 279.169616699, 285.498046875, 297.473388672, 171.650756836, 53.6021728516, 61.0418548584, 86.7011413574, 49.0978469849, 51.7286567688, 22.1018333435, 5.24182701111, 3.89942717552, 1.62745690346, 0.45276004076, 0.347343444824, 0.0125267608091, 0.000304476736346],
        "mean": [0.000156059322762, 0.00216195057146, 0.0138442292809, 0.143450468779, 0.600449383259, 0.53126257658, 0.767551839352, 2.02511286736, 2.63373541832, 4.64960956573, 6.97531270981, 14.7398366928, 25.6444625854, 40.6629638672, 62.2851829529, 58.5420303345, 51.9886169434, 74.2919158936, 54.0181655884, 22.4248905182, 21.2929325104, 18.808473587, 22.9331855774, 30.5681152344, 23.6886768341, 14.447687149, 6.60433387756, 4.05230855942, 3.19303131104, 3.17390918732, 1.89377093315, 0.786753237247, 0.324744194746, 0.215901270509, 0.118060156703, 0.0533336475492, 0.0187334753573, 0.00506143039092, 0.000173850901774, 1.84231485036e-05],
        "median": [5.08104931214e-05, 0.00034202466486, 0.0016075745225, 0.00530716963112, 0.0167736671865, 0.033582303673, 0.0809572190046, 0.188508659601, 0.667533040047, 1.27619957924, 2.65276050568, 5.89188098907, 13.0444545746, 21.0127830505, 25.846321106, 20.8108825684, 17.0396823883, 12.3806800842, 8.43871688843, 4.95383453369, 4.01344203949, 5.65181207657, 9.39630699158, 13.614238739, 11.6503190994, 5.79959917068, 2.05388450623, 1.09250879288, 0.815754473209, 0.43841740489, 0.197705075145, 0.0578713193536, 0.0191741939634, 0.0088973287493, 0.00330723449588, 0.00145583471749, 0.000255635997746, 4.19910793426e-05, 9.51780475589e-06, 8.44961687108e-06],
        "min": [1.92760371001e-22, 6.71761079785e-22, 1.87653886802e-20, 2.80624770971e-20, 8.25673657498e-20, 1.75047754433e-19, 1.12520887587e-19, 1.74097827973e-19, 4.93619461854e-19, 7.7528764362e-19, 6.16034230899e-19, 1.23698698112e-18, 7.78059060563e-19, 2.74015199796e-18, 3.32153030802e-18, 2.40562609617e-18, 2.02501734207e-18, 3.69879766603e-18, 5.49598361802e-18, 5.56996044815e-18, 5.70095731945e-18, 6.37339560045e-18, 8.00547630216e-18, 1.26183672749e-17, 1.76169750488e-17, 2.33541095259e-17, 1.65871302231e-17, 1.41475545666e-17, 1.94019447839e-17, 1.84609259211e-17, 2.01433666193e-17, 2.04512779848e-17, 1.43478166473e-17, 1.18249240508e-17, 1.04919224937e-17, 3.91721553396e-18, 3.49182177393e-18, 1.06218800125e-18, 2.38484054664e-19, 3.38727843589e-20],
        "var": [1.06130322308e-07, 4.18486561102e-05, 0.00178760534618, 0.251680314541, 4.16880273819, 2.77881646156, 5.56181812286, 44.5544433594, 44.8173027039, 118.269622803, 140.55039978, 830.574890137, 2719.13134766, 4244.98095703, 13273.3652344, 29063.0722656, 23504.1679688, 104554.375, 225879.328125, 4121.12158203, 4906.19677734, 2964.07788086, 1916.27990723, 1791.41394043, 904.255249023, 592.948974609, 173.909454346, 44.1531791687, 40.9555587769, 82.0137329102, 32.0644493103, 10.9017028809, 1.6377761364, 0.40219771862, 0.14711420238, 0.0301835630089, 0.00293638394214, 0.00051912694471, 6.43635871711e-07, 1.00037189643e-09]
    },
    "gfcc": {
        "mean": [-119.764846802, 50.4334754944, -222.055374146, -7.46020936966, -72.0324020386, -3.57681512833, -9.6598367691, 3.37649106979, -29.2164325714, -5.74416351318, -4.84615373611, -1.97763121128, -13.7278518677],
        "cov": [[20427.7207031, 16.144536972, 1300.45568848, 826.627075195, -569.656921387, 969.759277344, -2061.01904297, -124.019309998, -267.135559082, 10.4016494751, -1108.80615234, 285.11328125, -506.163726807], [16.144536972, 1063.04162598, -268.612915039, -34.6545219421, 3.03688573837, -104.426078796, 142.804351807, -86.3171920776, 34.1905593872, -115.58657074, 226.495910645, -169.9246521, 145.70526123], [1300.45568848, -268.612915039, 2474.05761719, 451.644012451, 231.075012207, 684.151367188, -1040.18981934, 71.9435653687, -176.736343384, -37.4709091187, -525.520751953, 113.88835907, -216.958816528], [826.627075195, -34.6545219421, 451.644012451, 344.111755371, -29.2551593781, 181.697616577, -255.75579834, -23.2057685852, 7.49014568329, -44.806854248, -147.809539795, 2.63121652603, -21.8131256104], [-569.656921387, 3.03688573837, 231.075012207, -29.2551593781, 290.277160645, 89.3129653931, -54.5300750732, 9.61691093445, -61.0388145447, 19.7005233765, -0.667645931244, -38.7412567139, -8.33839321136], [969.759277344, -104.426078796, 684.151367188, 181.697616577, 89.3129653931, 447.347595215, -339.597991943, 41.5053405762, -56.350025177, -30.6373443604, -176.403808594, -10.8520841599, -89.3268737793], [-2061.01904297, 142.804351807, -1040.18981934, -255.75579834, -54.5300750732, -339.597991943, 728.141784668, 23.8817844391, 69.6655273438, 8.10751724243, 290.966522217, -65.4298858643, 112.696174622], [-124.019309998, -86.3171920776, 71.9435653687, -23.2057685852, 9.61691093445, 41.5053405762, 23.8817844391, 206.756286621, -39.7652435303, 21.9625587463, -39.8263206482, 1.92485535145, -27.6543674469], [-267.135559082, 34.1905593872, -176.736343384, 7.49014568329, -61.0388145447, -56.350025177, 69.6655273438, -39.7652435303, 162.61831665, 27.4671058655, 36.3186836243, -15.310043335, 34.7203369141], [10.4016494751, -115.58657074, -37.4709091187, -44.806854248, 19.7005233765, -30.6373443604, 8.10751724243, 21.9625587463, 27.4671058655, 167.310623169, -8.09959030151, 27.7023429871, -14.7996206284], [-1108.80615234, 226.495910645, -525.520751953, -147.809539795, -0.667645931244, -176.403808594, 290.966522217, -39.8263206482, 36.3186836243, -8.09959030151, 271.200378418, -58.8606109619, 88.3329238892], [285.11328125, -169.9246521, 113.88835907, 2.63121652603, -38.7412567139, -10.8520841599, -65.4298858643, 1.92485535145, -15.310043335, 27.7023429871, -58.8606109619, 137.468765259, -34.2777900696], [-506.163726807, 145.70526123, -216.958816528, -21.8131256104, -8.33839321136, -89.3268737793, 112.696174622, -27.6543674469, 34.7203369141, -14.7996206284, 88.3329238892, -34.2777900696, 114.150238037]],
        "icov": [[0.00013672838395, -0.000201891118195, 0.000308224640321, -6.47117485642e-05, 0.000224711999181, -0.000201035029022, 0.000495754764415, 5.4396543419e-05, 0.000261417386355, -0.00015538650041, 0.000455750472611, -0.000170008803252, 0.000316890480462], [-0.000201891118195, 0.00187406665646, -0.000658395991195, 0.000165077639394, -6.96718780091e-05, 0.000515367602929, -0.000470378319733, 0.000149798448547, -0.000321932777297, 0.000857603678014, -0.00178218062501, 0.00172642548569, -0.00150165753439], [0.000308224640321, -0.000658395991195, 0.00217017182149, -0.000619902159087, -0.000358867284376, -0.00106900499668, 0.00234473007731, -0.000316699821269, 0.00075126014417, -0.000130100612296, 0.00172110181302, -0.00120293849614, 0.00102060951758], [-6.47117485642e-05, 0.000165077639394, -0.000619902159087, 0.00538553437218, 0.00104284484405, -0.000949446868617, 0.000246414740104, 0.00072213151725, -0.000935446936637, 0.000918946927413, 0.00153190456331, 0.000974921043962, -0.00187087722588], [0.000224711999181, -6.96718780091e-05, -0.000358867284376, 0.00104284484405, 0.00544299324974, -0.00108801817987, 0.000403858342906, 0.000772200990468, 0.0021283114329, -0.00150582008064, 2.19845733227e-05, 0.00181002099998, -0.000378981203539], [-0.000201035029022, 0.000515367602929, -0.00106900499668, -0.000949446868617, -0.00108801817987, 0.00527408812195, 0.000107945539639, -0.000805900257546, -0.000497900589835, 0.000909353082534, -0.000535301456694, 0.00197659502737, 0.00126051704865], [0.000495754764415, -0.000470378319733, 0.00234473007731, 0.000246414740104, 0.000403858342906, 0.000107945539639, 0.00629854062572, -0.00130088627338, 0.000443473283667, 0.000106299739855, -0.000153304339619, -0.000255796388956, 0.000803478935268], [5.4396543419e-05, 0.000149798448547, -0.000316699821269, 0.00072213151725, 0.000772200990468, -0.000805900257546, -0.00130088627338, 0.00614178879187, 0.00162462436128, -0.00107620947529, 0.00151424016804, 0.000876171339769, 0.000241714529693], [0.000261417386355, -0.000321932777297, 0.00075126014417, -0.000935446936637, 0.0021283114329, -0.000497900589835, 0.000443473283667, 0.00162462436128, 0.00883857626468, -0.00253160879947, 0.000972954789177, 0.000874429708347, -0.000966093619354], [-0.00015538650041, 0.000857603678014, -0.000130100612296, 0.000918946927413, -0.00150582008064, 0.000909353082534, 0.000106299739855, -0.00107620947529, -0.00253160879947, 0.00782824493945, -0.000487315788632, -0.000807668315247, 0.000300101382891], [0.000455750472611, -0.00178218062501, 0.00172110181302, 0.00153190456331, 2.19845733227e-05, -0.000535301456694, -0.000153304339619, 0.00151424016804, 0.000972954789177, -0.000487315788632, 0.0115488003939, 9.17451252462e-05, -0.00130781985354], [-0.000170008803252, 0.00172642548569, -0.00120293849614, 0.000974921043962, 0.00181002099998, 0.00197659502737, -0.000255796388956, 0.000876171339769, 0.000874429708347, -0.000807668315247, 9.17451252462e-05, 0.0116025600582, 0.000128617291921], [0.000316890480462, -0.00150165753439, 0.00102060951758, -0.00187087722588, -0.000378981203539, 0.00126051704865, 0.000803478935268, 0.000241714529693, -0.000966093619354, 0.000300101382891, -0.00130781985354, 0.000128617291921, 0.0152720538899]]
    },
    "melbands": {
        "dmean": [1.73756052391e-06, 3.76458706342e-06, 3.16548066621e-05, 2.50722096098e-05, 1.73746393557e-05, 2.45357678068e-05, 2.93494067591e-05, 4.04426937166e-05, 6.64530598442e-05, 0.000112233610707, 0.000115791503049, 0.000124641635921, 0.000157313843374, 0.000149163010065, 0.000165243778611, 0.000132045373903, 0.000179744311026, 0.000141012016684, 3.0690094718e-05, 1.5976936993e-05, 1.07618143375e-05, 1.18415637189e-05, 1.38165878525e-05, 1.66262580024e-05, 1.61174375535e-05, 1.1436954992e-05, 7.23551920601e-06, 5.27052770849e-06, 3.04313880406e-06, 2.01117336474e-06, 1.80438598818e-06, 1.46506624787e-06, 1.62809328685e-06, 1.03318552647e-06, 8.84568748916e-07, 3.80335478667e-07, 2.57040227325e-07, 1.74315871959e-07, 1.38798867511e-07, 1.65246589745e-07],
        "dmean2": [3.03263095702e-06, 6.16319903202e-06, 5.65811715205e-05, 4.34701250924e-05, 2.91383676085e-05, 4.10118700529e-05, 5.18884371559e-05, 7.05092170392e-05, 0.000121547549497, 0.000199461224838, 0.000195471424377, 0.000217941851588, 0.000278249353869, 0.000266590504907, 0.00029974791687, 0.000233350758208, 0.000312793708872, 0.000255433027633, 5.62634704693e-05, 2.79412361124e-05, 1.83195243153e-05, 2.10960552067e-05, 2.36345658777e-05, 3.03577344312e-05, 2.74565518339e-05, 1.99428468477e-05, 1.22064875541e-05, 9.0286912382e-06, 5.34307400812e-06, 3.61836305274e-06, 3.28809414896e-06, 2.72109991784e-06, 3.01563727589e-06, 1.79548703727e-06, 1.58890873081e-06, 6.51333266433e-07, 4.34365546198e-07, 2.99248199553e-07, 2.54881626915e-07, 3.05863096628e-07],
        "dvar": [1.38095394495e-11, 8.34403726668e-11, 1.21258230124e-08, 6.40180930489e-09, 2.16982032342e-09, 5.00351893251e-09, 5.38848299314e-09, 6.21541884627e-09, 1.16669784944e-08, 4.57050326474e-08, 6.3222280744e-08, 7.21606383536e-08, 1.0333786804e-07, 1.69593633359e-07, 3.50868987198e-07, 1.69016317386e-07, 5.7044934465e-07, 1.39751978168e-06, 1.8701244997e-08, 1.99312188975e-09, 7.39774685954e-10, 6.95708490817e-10, 9.77018355108e-10, 7.89512011323e-10, 5.05480934887e-10, 3.01733332764e-10, 8.48975334478e-11, 1.33909328071e-10, 5.27239536752e-11, 1.38832461152e-11, 8.16892907485e-12, 6.43995403879e-12, 9.84318095781e-12, 5.27335336856e-12, 3.78557385092e-12, 1.16212649313e-12, 2.59830416731e-12, 5.93131392525e-13, 1.13191262461e-13, 1.83050419982e-13],
        "dvar2": [3.93770432927e-11, 2.15260309577e-10, 3.82856377712e-08, 1.87555375675e-08, 5.96457994106e-09, 1.32387665275e-08, 1.64409676984e-08, 1.75802217228e-08, 3.38401981992e-08, 1.1838726266e-07, 1.39959809076e-07, 1.96906242422e-07, 3.02618502701e-07, 4.80874120967e-07, 9.37955860536e-07, 4.54291409824e-07, 1.39031237723e-06, 3.85252178603e-06, 5.43801412789e-08, 5.57382717759e-09, 2.04603844978e-09, 1.66369884536e-09, 2.28891505749e-09, 2.5517490343e-09, 1.29894184298e-09, 8.20385759326e-10, 2.24461380038e-10, 4.31137986423e-10, 1.6238330125e-10, 3.99816291186e-11, 2.47305231849e-11, 1.91138008199e-11, 2.74588251442e-11, 1.43789763082e-11, 1.09525938666e-11, 2.78131879507e-12, 6.27703574882e-12, 1.50517456571e-12, 3.15662128597e-13, 5.2670883063e-13],
        "max": [3.86232604797e-05, 0.000180146103958, 0.00147672719322, 0.00106779905036, 0.000664801045787, 0.0012626114767, 0.000993700814433, 0.00133639015257, 0.000746802776121, 0.00269762868993, 0.00494563672692, 0.00301243388094, 0.00369910569862, 0.00399466976523, 0.00643807230517, 0.00537369307131, 0.00875613093376, 0.022730153054, 0.00241708010435, 0.000809204473626, 0.000721073010936, 0.000610146205872, 0.000862256623805, 0.000227750104386, 0.00026070108288, 0.000255805789493, 0.000112984249427, 0.000237766740611, 0.000160146460985, 4.67349273094e-05, 2.2695705411e-05, 3.11176518153e-05, 4.83423755213e-05, 4.44107354269e-05, 3.24287539115e-05, 2.47485604632e-05, 4.09750937251e-05, 1.88633039215e-05, 5.35959952686e-06, 5.54794178242e-06],
        "mean": [1.80727352017e-06, 5.29823046236e-06, 4.22154043918e-05, 4.03271333198e-05, 2.67121758952e-05, 4.52777130704e-05, 4.02040968766e-05, 5.47329000256e-05, 6.32254086668e-05, 9.72372436081e-05, 0.000128420491819, 0.000157019254402, 0.000202910217922, 0.000162536962307, 0.00014304681099, 0.00010829349776, 0.000142610108014, 9.94952570181e-05, 3.28692185576e-05, 3.30977018166e-05, 2.11233200389e-05, 1.8070502847e-05, 2.15827931243e-05, 2.09990557778e-05, 2.57695955952e-05, 1.84132732102e-05, 1.31640608743e-05, 8.96266556083e-06, 4.73217096442e-06, 2.71964609055e-06, 2.10799998968e-06, 1.67849736954e-06, 2.02935234483e-06, 1.56836529186e-06, 1.18983734865e-06, 6.00052942445e-07, 4.60074630837e-07, 2.37378671386e-07, 1.70241875708e-07, 1.84142848525e-07],
        "median": [4.97913163144e-07, 7.14463283202e-07, 1.32026946176e-06, 1.83598035619e-06, 2.53571943176e-06, 4.43666567662e-06, 1.14357535494e-05, 1.44836885738e-05, 2.43308932113e-05, 3.73062430299e-05, 6.50774600217e-05, 8.07275355328e-05, 8.74291872606e-05, 5.90395284235e-05, 4.41598494945e-05, 3.22204869008e-05, 2.08847559406e-05, 1.30916487251e-05, 7.86968121247e-06, 4.85450846099e-06, 3.98735346607e-06, 4.86265525979e-06, 7.04381272953e-06, 9.20839465834e-06, 1.16331175377e-05, 8.72674718266e-06, 6.59156467009e-06, 3.16029445457e-06, 1.34223319037e-06, 6.25948700872e-07, 5.12632595928e-07, 4.89058095354e-07, 3.20709744983e-07, 1.85779725825e-07, 1.10235959028e-07, 4.88079194838e-08, 2.41683562052e-08, 1.32041684253e-08, 8.80004158432e-09, 6.20129814166e-09],
        "min": [1.46214905327e-24, 6.88687245399e-24, 6.94149081649e-24, 8.38929039128e-24, 4.49765179693e-24, 4.19822189099e-24, 1.0090766334e-23, 9.79953308724e-24, 5.22999712918e-24, 7.18423278336e-24, 3.74787342754e-24, 1.08258001042e-23, 1.09347055076e-23, 7.21228309942e-24, 5.81319213565e-24, 4.45377771997e-24, 5.47727346853e-24, 9.31199338199e-24, 9.56545044653e-24, 5.81054708504e-24, 6.49754750916e-24, 5.46584208516e-24, 9.6069776623e-24, 6.71431938617e-24, 9.34830701604e-24, 1.17923661278e-23, 1.25422028729e-23, 1.46918732943e-23, 1.09137809721e-23, 9.24835755049e-24, 7.63790037906e-24, 1.00647023696e-23, 1.2301905586e-23, 9.77204996217e-24, 1.06692238363e-23, 1.11579933757e-23, 1.17185358468e-23, 9.58020766749e-24, 8.150594492e-24, 1.09176937222e-23],
