{
"metadata": {
    "version": {
        "essentia": "2.0.1",
        "extractor": "archive-music 1.0"
    },
    "audio_properties": {
        "analysis_sample_rate": 44100,
        "bitrate": 128,
        "channels": 2,
        "equal_loudness": 0,
        "length": 15.5428571701,
        "replay_gain": -0.923469543457,
        "downmix": "mix"
    },
    "tags": {
        "track": 0,
        "year": 0,
        "album": "",
        "artist": "",
        "comment": "",
        "genre": "",
        "title": ""
    }
},
"highlevel": {
    "culture": {
        "all": {
            "non_western": 0.0176338050514,
            "western": 0.982366204262
        },
        "probability": 0.982366204262,
        "value": "western"
    },
    "danceability": {
        "all": {
            "danceable": 0.505804240704,
            "not_danceable": 0.494195729494
        },
        "probability": 0.505804240704,
        "value": "danceable"
    },
    "gender": {
        "all": {
            "female": 0.449581235647,
            "male": 0.55041873455
        },
        "probability": 0.55041873455,
        "value": "male"
    },
    "genre_dortmund": {
        "all": {
            "alternative": 0.0079705696553,
            "blues": 0.241829872131,
            "electronic": 0.0137346982956,
            "folkcountry": 0.0485167726874,
            "funksoulrnb": 0.0143725071102,
            "jazz": 0.622353434563,
            "pop": 0.00971659924835,
            "raphiphop": 0.0255414340645,
            "rock": 0.0159641150385
        },
        "probability": 0.622353434563,
        "value": "jazz"
    },
    "genre_electronic": {
        "all": {
            "ambient": 0.944860339165,
            "dnb": 0.00708724092692,
            "house": 0.0210621673614,
            "techno": 0.0211110338569,
            "trance": 0.00587919959798
        },
        "probability": 0.944860339165,
        "value": "ambient"
    },
    "genre_rosamerica": {
        "all": {
            "cla": 0.296661019325,
            "dan": 0.0337837226689,
            "hip": 0.11707533896,
            "jaz": 0.35640078783,
            "pop": 0.0190329793841,
            "rhy": 0.0978550761938,
            "roc": 0.0185587368906,
            "spe": 0.0606323294342
        },
        "probability": 0.35640078783,
        "value": "jaz"
    },
    "genre_tzanetakis": {
        "all": {
            "blu": 0.0515379942954,
            "cla": 0.0721338838339,
            "cou": 0.00630559260026,
            "dis": 0.0231361798942,
            "hip": 0.213401481509,
            "jaz": 0.210317194462,
            "met": 0.00583816180006,
            "pop": 0.043087489903,
            "reg": 0.32003569603,
            "roc": 0.0542063340545
        },
        "probability": 0.32003569603,
        "value": "reg"
    },
    "mirex_ballroom": {
        "all": {
            "ChaChaCha": 0.0618697628379,
            "Jive": 0.0495705902576,
            "Quickstep": 0.0910759568214,
            "Rumba-American": 0.00458523910493,
            "Rumba-International": 0.414418816566,
            "Rumba-Misc": 0.0474802218378,
            "Samba": 0.0328661389649,
            "Tango": 0.0238633546978,
            "VienneseWaltz": 0.11746674031,
            "Waltz": 0.156803175807
        },
        "probability": 0.414418816566,
        "value": "Rumba-International"
    },
    "mood_acoustic": {
        "all": {
            "acoustic": 0.876754641533,
            "not_acoustic": 0.123245358467
        },
        "probability": 0.876754641533,
        "value": "acoustic"
    },
    "mood_aggressive": {
        "all": {
            "aggressive": 0.0603218749166,
            "not_aggressive": 0.939678132534
        },
        "probability": 0.939678132534,
        "value": "not_aggressive"
    },
    "mood_electronic": {
        "all": {
            "electronic": 0.518261790276,
            "not_electronic": 0.481738209724
        },
        "probability": 0.518261790276,
        "value": "electronic"
    },
    "mood_happy": {
        "all": {
            "happy": 0.334647893906,
            "not_happy": 0.665352106094
        },
        "probability": 0.665352106094,
        "value": "not_happy"
    },
    "mood_party": {
        "all": {
            "not_party": 0.659284710884,
            "party": 0.340715259314
        },
        "probability": 0.659284710884,
        "value": "not_party"
    },
    "mood_relaxed": {
        "all": {
            "not_relaxed": 0.0263569261879,
            "relaxed": 0.973643064499
        },
        "probability": 0.973643064499,
        "value": "relaxed"
    },
    "mood_sad": {
        "all": {
            "not_sad": 0.464972734451,
            "sad": 0.535027265549
        },
        "probability": 0.535027265549,
        "value": "sad"
    },
    "moods_mirex": {
        "all": {
            "Cluster1": 0.263118326664,
            "Cluster2": 0.135224714875,
            "Cluster3": 0.158039137721,
            "Cluster4": 0.246304988861,
            "Cluster5": 0.197312831879
        },
        "probability": 0.263118326664,
        "value": "Cluster1"
    },
    "timbre": {
        "all": {
            "bright": 0.988105177879,
            "dark": 0.011894825846
        },
        "probability": 0.988105177879,
        "value": "bright"
    },
    "tonal_atonal": {
        "all": {
            "atonal": 0.841087579727,
            "tonal": 0.158912405372
        },
        "probability": 0.841087579727,
        "value": "atonal"
    },
    "voice_instrumental": {
        "all": {
            "instrumental": 0.977497816086,
            "voice": 0.0225022044033
        },
        "probability": 0.977497816086,
        "value": "instrumental"
    }
},
"lowlevel": {
    "average_loudness": 0.869591355324,
    "barkbands_kurtosis": {
        "dmean": 7.29424858093,
        "dmean2": 11.7685317993,
        "dvar": 145.180465698,
        "dvar2": 373.955993652,
        "max": 142.835113525,
        "mean": 9.21522521973,
        "median": 4.67846107483,
        "min": -1.88198018074,
        "var": 237.25553894
    },
    "barkbands_skewness": {
        "dmean": 0.914306640625,
        "dmean2": 1.45785951614,
        "dvar": 0.772462487221,
        "dvar2": 2.03923583031,
        "max": 10.6816921234,
        "mean": 2.11813378334,
        "median": 1.8362531662,
        "min": -1.90833389759,
        "var": 2.81190443039
    },
    "barkbands_spread": {
        "dmean": 7.30847358704,
        "dmean2": 11.7263498306,
        "dvar": 85.6212844849,
        "dvar2": 242.792907715,
        "max": 124.276741028,
        "mean": 17.4937133789,
        "median": 13.2515478134,
        "min": 0.796962618828,
        "var": 201.677749634
    },
    "dissonance": {
        "dmean": 0.023542933166,
        "dmean2": 0.0399771742523,
        "dvar": 0.000587861344684,
        "dvar2": 0.00170092459302,
        "max": 0.499999344349,
        "mean": 0.463371098042,
        "median": 0.47313284874,
        "min": 0.327235341072,
        "var": 0.000902946165297
    },
    "dynamic_complexity": 4.76485157013,
    "erbbands_kurtosis": {
        "dmean": 2.62147521973,
        "dmean2": 4.406042099,
        "dvar": 22.0959568024,
        "dvar2": 55.4670257568,
        "max": 37.007434845,
        "mean": 1.39964187145,
        "median": -0.25946354866,
        "min": -1.91196727753,
        "var": 24.3196735382
    },
    "erbbands_skewness": {
        "dmean": 0.700230956078,
        "dmean2": 1.06344604492,
        "dvar": 0.428937166929,
        "dvar2": 0.956997931004,
        "max": 5.17815971375,
        "mean": 0.405428111553,
        "median": 0.363730818033,
        "min": -4.1620259285,
        "var": 1.68457627296
    },
    "erbbands_spread": {
        "dmean": 10.9427556992,
        "dmean2": 16.9095287323,
        "dvar": 94.2474517822,
        "dvar2": 215.055145264,
        "max": 104.461936951,
        "mean": 39.3588600159,
        "median": 37.2740020752,
        "min": 3.67536330223,
        "var": 358.210906982
    },
    "hfc": {
        "dmean": 3.41438174248,
        "dmean2": 5.72815132141,
        "dvar": 49.5616188049,
        "dvar2": 137.688873291,
        "max": 69.3253097534,
        "mean": 6.8446688652,
        "median": 3.3388736248,
        "min": 1.10647854343e-16,
        "var": 101.141975403
    },
    "melbands_kurtosis": {
        "dmean": 14.7594642639,
        "dmean2": 24.6899147034,
        "dvar": 435.64944458,
        "dvar2": 1218.72949219,
        "max": 206.3775177,
        "mean": 24.1244907379,
        "median": 12.4671316147,
        "min": -1.71241140366,
        "var": 1002.85662842
    },
    "melbands_skewness": {
        "dmean": 1.2129471302,
        "dmean2": 1.99361991882,
        "dvar": 1.2969700098,
        "dvar2": 3.37618780136,
        "max": 12.081035614,
        "mean": 3.43729233742,
        "median": 2.93673419952,
        "min": -0.595908582211,
        "var": 5.25210142136
    },
    "melbands_spread": {
        "dmean": 7.88984727859,
        "dmean2": 12.4037513733,
        "dvar": 122.998405457,
        "dvar2": 266.557373047,
        "max": 131.960586548,
        "mean": 17.2049064636,
        "median": 10.6773529053,
        "min": 0.865743100643,
        "var": 364.478424072
    },
    "pitch_salience": {
        "dmean": 0.0974442213774,
        "dmean2": 0.168780267239,
        "dvar": 0.00885714590549,
        "dvar2": 0.0241480153054,
        "max": 0.942446172237,
        "mean": 0.516355216503,
        "median": 0.534063577652,
        "min": 0.136854469776,
        "var": 0.0188101269305
    },
    "silence_rate_20dB": {
        "dmean": 0,
        "dmean2": 0,
        "dvar": 0,
        "dvar2": 0,
        "max": 1,
        "mean": 1,
        "median": 1,
        "min": 1,
        "var": 0
    },
    "silence_rate_30dB": {
        "dmean": 0.0268656723201,
        "dmean2": 0.0538116581738,
        "dvar": 0.0261439196765,
        "dvar2": 0.0598843097687,
        "max": 1,
        "mean": 0.956780910492,
        "median": 1,
        "min": 0,
        "var": 0.041350979358
    },
    "silence_rate_60dB": {
        "dmean": 0.0746268630028,
        "dmean2": 0.149476826191,
        "dvar": 0.0690579339862,
        "dvar2": 0.163009360433,
        "max": 1,
        "mean": 0.154992550611,
        "median": 0,
        "min": 0,
        "var": 0.130968868732
    },
    "spectral_centroid": {
        "dmean": 332.955657959,
        "dmean2": 494.480529785,
        "dvar": 328450.15625,
        "dvar2": 559515.25,
        "max": 11294.3388672,
        "mean": 1090.37097168,
        "median": 846.718505859,
        "min": 189.609710693,
        "var": 731798.8125
    },
    "spectral_complexity": {
        "dmean": 2.45074629784,
        "dmean2": 4.050822258,
        "dvar": 8.24160671234,
        "dvar2": 20.8883399963,
        "max": 31,
        "mean": 8.5141582489,
        "median": 8,
        "min": 0,
        "var": 21.3020210266
    },
    "spectral_crest": {
        "dmean": 3.28298592567,
        "dmean2": 5.66044330597,
        "dvar": 8.15779876709,
        "dvar2": 20.7787590027,
        "max": 25.5402736664,
        "mean": 11.2945127487,
        "median": 10.3621263504,
        "min": 3.65961503983,
        "var": 22.9293003082
    },
    "spectral_decrease": {
        "dmean": 2.24742091604e-09,
        "dmean2": 3.82339093719e-09,
        "dvar": 3.35501346252e-17,
        "dvar2": 9.50316703771e-17,
        "max": 4.43051035539e-29,
        "mean": -4.74314543197e-09,
        "median": -1.64403857195e-09,
        "min": -5.81873464967e-08,
        "var": 8.12885343381e-17
    },
    "spectral_energy": {
        "dmean": 0.00872247107327,
        "dmean2": 0.0148343443871,
        "dvar": 0.000501274014823,
        "dvar2": 0.00141959323082,
        "max": 0.225900664926,
        "mean": 0.0185225643218,
        "median": 0.00661940360442,
        "min": 1.01698197009e-20,
        "var": 0.00121370900888
    },
    "spectral_energyband_high": {
        "dmean": 9.95247537503e-05,
        "dmean2": 0.000187396537513,
        "dvar": 8.48091374905e-08,
        "dvar2": 2.4501741791e-07,
        "max": 0.00400045653805,
        "mean": 0.000108582731627,
        "median": 5.99111808697e-05,
        "min": 7.42728622406e-21,
        "var": 5.53036585416e-08
    },
    "spectral_energyband_low": {
        "dmean": 0.00363431591541,
        "dmean2": 0.00624216208234,
        "dvar": 9.22403560253e-05,
        "dvar2": 0.000223364419071,
        "max": 0.142866194248,
        "mean": 0.00646930932999,
        "median": 0.00178382080048,
        "min": 3.71837444731e-23,
        "var": 0.000306247384287
    },
    "spectral_energyband_middle_high": {
        "dmean": 0.000609743408859,
        "dmean2": 0.00101081642788,
        "dvar": 1.39073995342e-06,
        "dvar2": 3.08878770738e-06,
        "max": 0.0103324316442,
        "mean": 0.00103798136115,
        "median": 0.000584274355788,
        "min": 1.38979146437e-21,
        "var": 1.87562500287e-06
    },
    "spectral_energyband_middle_low": {
        "dmean": 0.0063840537332,
        "dmean2": 0.0108625376597,
        "dvar": 0.000447249680292,
        "dvar2": 0.00129737949464,
        "max": 0.217920899391,
        "mean": 0.0111184651032,
        "median": 0.00272216997109,
        "min": 1.76589277802e-22,
        "var": 0.000898968894035
    },
    "spectral_flatness_db": {
        "dmean": 0.0356744267046,
        "dmean2": 0.0571677535772,
        "dvar": 0.000932926719543,
        "dvar2": 0.00256747426465,
        "max": 0.370022803545,
        "mean": 0.179621472955,
        "median": 0.171433493495,
        "min": 0.050010740757,
        "var": 0.00360310333781
    },
    "spectral_flux": {
        "dmean": 0.0229266993701,
        "dmean2": 0.036815200001,
        "dvar": 0.00130436941981,
        "dvar2": 0.0027154602576,
        "max": 0.398634910583,
        "mean": 0.0617977418005,
        "median": 0.0506917499006,
        "min": 6.72210828667e-11,
        "var": 0.00247583840974
    },
    "spectral_kurtosis": {
        "dmean": 2.51685762405,
        "dmean2": 4.21295785904,
        "dvar": 6.48261785507,
        "dvar2": 17.1088199615,
        "max": 23.4544525146,
        "mean": 6.0303645134,
        "median": 5.12627601624,
        "min": -1.20172691345,
        "var": 17.2859764099
    },
    "spectral_rms": {
        "dmean": 0.000880754785612,
        "dmean2": 0.00146046269219,
        "dvar": 1.52820427957e-06,
        "dvar2": 3.94240169044e-06,
        "max": 0.0148455677554,
        "mean": 0.00332818739116,
        "median": 0.00254125054926,
        "min": 3.14988486683e-12,
        "var": 6.99396377968e-06
    },
    "spectral_rolloff": {
        "dmean": 548.324279785,
        "dmean2": 1016.08483887,
        "dvar": 2792747.25,
        "dvar2": 7236770,
        "max": 19078.4179688,
        "mean": 1086.86547852,
        "median": 495.263671875,
        "min": 107.666015625,
        "var": 4580649.5
    },
    "spectral_skewness": {
        "dmean": 0.379297554493,
        "dmean2": 0.599952936172,
        "dvar": 0.141021341085,
        "dvar2": 0.308899641037,
        "max": 3.92883563042,
        "mean": 1.66427004337,
        "median": 1.54764842987,
        "min": 7.82545466791e-05,
        "var": 0.565040171146
    },
    "spectral_spread": {
        "dmean": 724080.6875,
        "dmean2": 1135759.25,
        "dvar": 3.55650057011e+12,
        "dvar2": 5.63375977267e+12,
        "max": 43872904,
        "mean": 3841370,
        "median": 3478342.5,
        "min": 1825006,
        "var": 7.39194909491e+12
    },
    "spectral_strongpeak": {
        "dmean": 0.355377286673,
        "dmean2": 0.608255803585,
        "dvar": 0.297911912203,
        "dvar2": 0.748292386532,
        "max": 3.91258478165,
        "mean": 0.605401277542,
        "median": 0.288644909859,
        "min": 0,
        "var": 0.671848833561
    },
    "zerocrossingrate": {
        "dmean": 0.0100513063371,
        "dmean2": 0.0137740559876,
        "dvar": 0.000538184016477,
        "dvar2": 0.000966128369328,
        "max": 0.5078125,
        "mean": 0.0452209562063,
        "median": 0.03515625,
        "min": 0.005859375,
        "var": 0.00235013128258
    },
    "barkbands": {
        "dmean": [0.000351992697688, 0.00141105079092, 0.0021787781734, 0.00104508525692, 0.00390357035212, 0.000672985624988, 0.00123934820294, 0.000598691869527, 4.28868697782e-05, 6.64418839733e-05, 3.35527256539e-05, 5.11870493938e-05, 5.08468983753e-05, 6.3235667767e-05, 0.000122328230646, 8.68091010489e-05, 0.000228233722737, 0.000138875722769, 5.80866944802e-05, 3.34234900947e-05, 3.14200333378e-05, 5.38341282663e-06, 4.28970361099e-06, 5.93690674577e-06, 7.74889122113e-06, 7.60637340136e-06, 2.72694051091e-05],
        "dmean2": [0.000640362151898, 0.00237154983915, 0.00373006798327, 0.00185369211249, 0.00711265718564, 0.00111610931344, 0.00191587524023, 0.000964415958151, 7.53817366785e-05, 0.00011301284394, 5.94530647504e-05, 8.88887807378e-05, 8.82382082636e-05, 0.000109712549602, 0.000207144912565, 0.000152136650286, 0.000384344690247, 0.000211353399209, 0.00010164995183, 6.04242814006e-05, 5.70339034311e-05, 9.36798278417e-06, 8.00465659268e-06, 1.14499944175e-05, 1.48365779751e-05, 1.44503546835e-05, 5.23177041032e-05],
        "dvar": [2.16461216951e-07, 2.38619159063e-05, 2.95106674457e-05, 4.32741444456e-06, 0.000447801343398, 9.13426504212e-07, 1.13048490675e-05, 3.12036854666e-06, 1.65702562782e-08, 2.99645144253e-08, 5.38501820913e-09, 7.24344095815e-09, 6.92691815019e-09, 1.18496448209e-08, 1.3697993495e-07, 2.71761653181e-08, 6.23541950517e-07, 1.01674402231e-07, 9.24574905525e-09, 7.70900676628e-09, 3.92125976134e-09, 4.48612758053e-10, 1.12720810463e-09, 1.93754101652e-09, 1.99686400748e-09, 2.52697529568e-09, 2.30453043315e-08],
        "dvar2": [6.29507212579e-07, 5.73869510845e-05, 7.82954593888e-05, 1.18473408293e-05, 0.0013318140991, 2.49649951911e-06, 2.52536392509e-05, 6.45080308459e-06, 4.60729232543e-08, 7.3391433375e-08, 1.5413894161e-08, 2.04224797073e-08, 1.94431741818e-08, 3.49824738066e-08, 3.40074706173e-07, 6.5511557068e-08, 1.65740846114e-06, 2.23177138992e-07, 2.4881243732e-08, 2.20321503264e-08, 1.16125127292e-08, 1.32428168431e-09, 3.36555516789e-09, 5.79107561904e-09, 5.94850035895e-09, 7.4899482172e-09, 6.48766658173e-08],
        "max": [0.0043144132942, 0.0805993080139, 0.0649253278971, 0.0161747708917, 0.204150930047, 0.0117552476004, 0.0489054508507, 0.0171902962029, 0.00113870366476, 0.00141120585613, 0.000768658122979, 0.000934008101467, 0.000658512057271, 0.0011406786507, 0.00478520523757, 0.00105584110133, 0.00829135905951, 0.00275459862314, 0.00095488212537, 0.000679439457599, 0.000593407661654, 0.000392419082345, 0.00061416416429, 0.000795597967226, 0.000767223187722, 0.000885831541382, 0.00165259256028],
        "mean": [0.000307831156533, 0.00267534540035, 0.00328875076957, 0.000858381390572, 0.00663411151618, 0.00105731154326, 0.00163399183657, 0.000854956917465, 4.06859508075e-05, 6.93427791703e-05, 4.45378136646e-05, 6.93527254043e-05, 7.11582542863e-05, 9.17841898627e-05, 0.000155819914653, 9.41488251556e-05, 0.000224895076826, 0.00016009445244, 6.95537601132e-05, 3.54776093445e-05, 4.026564784e-05, 9.46353702602e-06, 4.68742337034e-06, 4.93804691359e-06, 5.30043416802e-06, 4.44688930656e-06, 1.59458249982e-05],
        "median": [0.000143582961755, 0.000437117734691, 0.000840968335979, 0.000217850290937, 0.000446361344075, 0.000496933585964, 0.00013550541189, 8.97579666344e-05, 8.7311009338e-06, 1.29580894281e-05, 2.94609835692e-05, 4.52022140962e-05, 5.09103956574e-05, 5.1952269132e-05, 4.14407368226e-05, 2.81928132608e-05, 4.31433472841e-05, 3.82252546842e-05, 2.79824216705e-05, 1.88378617167e-05, 2.45202991209e-05, 6.64092840452e-06, 2.65857011073e-06, 1.942742756e-06, 1.25984354327e-06, 2.66422887307e-07, 4.13876888317e-09],
        "min": [1.44239145997e-23, 2.36412557172e-23, 6.40473171277e-24, 9.39126443663e-24, 2.19337757541e-23, 2.77521992209e-23, 1.86179819548e-23, 2.27220607909e-23, 2.34362765218e-23, 4.23566840818e-23, 9.77896653681e-23, 7.9757352682e-23, 5.25031297962e-23, 6.34692682554e-23, 9.36036727933e-23, 1.6408764999e-22, 1.09443469656e-22, 1.20142152714e-22, 2.4496612548e-22, 3.26189591931e-22, 3.29772989438e-22, 4.88781902433e-22, 5.1538416018e-22, 7.08526996191e-22, 1.10936825001e-21, 1.49143875423e-21, 2.36139748876e-21],
        "var": [1.84106554002e-07, 8.05586096249e-05, 7.55985893193e-05, 3.23545350511e-06, 0.0007929794956, 1.93141659111e-06, 2.5998115234e-05, 6.03849730396e-06, 1.37055105043e-08, 3.40773631535e-08, 4.17687795462e-09, 7.3082651042e-09, 6.68506183743e-09, 1.59082365059e-08, 1.34853891609e-07, 2.77066405374e-08, 5.14333919455e-07, 1.2174413655e-07, 1.14640359428e-08, 5.08859843151e-09, 3.76312225825e-09, 3.02840308386e-10, 5.80270054229e-10, 9.99554550241e-10, 1.04548758539e-09, 1.31383148805e-09, 1.36337421353e-08]
    },
    "erbbands": {
        "dmean": [0.0134830633178, 0.424742698669, 2.46067881584, 2.6587061882, 7.9606089592, 17.8723831177, 5.74754238129, 5.46776247025, 10.5545196533, 23.4438800812, 5.15248060226, 0.93626087904, 2.46328687668, 1.354814291, 1.29957258701, 2.20017814636, 2.47120189667, 3.43131971359, 6.29510259628, 3.85582304001, 6.03873920441, 12.426484108, 9.50138950348, 2.23645710945, 3.25229811668, 1.78832101822, 1.54090690613, 0.899915635586, 0.207314908504, 0.14431579411, 0.124096676707, 0.107156269252, 0.106668680906, 0.045026101172, 0.0655024945736, 0.0433421507478, 0.0158182699233, 0.0391403846443, 0.00200702552684, 3.69394656445e-05],
        "dmean2": [0.0241914354265, 0.717900454998, 4.26415300369, 4.69294166565, 14.1652612686, 32.0246009827, 9.15239429474, 9.43186569214, 16.3401184082, 36.1331825256, 8.60954284668, 1.69069540501, 4.11963844299, 2.40239405632, 2.27900838852, 3.81313347816, 4.26278209686, 5.8896651268, 10.5923147202, 6.82612800598, 9.6176776886, 20.9028167725, 14.5097770691, 3.70278263092, 5.72359991074, 3.23510074615, 2.84026360512, 1.5776668787, 0.347850292921, 0.264186918736, 0.231944039464, 0.203223600984, 0.207362726331, 0.0859950482845, 0.124816767871, 0.0821935981512, 0.0307908486575, 0.0755545422435, 0.0037890332751, 6.82799582137e-05],
        "dvar": [0.00194838247262, 2.20387482643, 50.0207443237, 26.060716629, 850.46697998, 11232.5830078, 136.549468994, 86.7771835327, 779.015319824, 3438.39135742, 178.595565796, 7.56912374496, 45.3106384277, 18.1632804871, 8.10666751862, 13.2240247726, 15.0128440857, 28.9505367279, 389.392486572, 122.503051758, 129.482803345, 2078.17358398, 472.079620361, 18.6406059265, 30.56291008, 22.5638828278, 12.5635032654, 1.99406886101, 0.316628277302, 1.63635885715, 0.81193035841, 0.200570970774, 1.09832406044, 0.174649313092, 0.114205099642, 0.0291791651398, 0.0206491649151, 0.0479297339916, 0.000110521832539, 2.23479084127e-08],
        "dvar2": [0.00562462303787, 5.26934146881, 126.963378906, 71.933555603, 2713.14306641, 31799.15625, 336.10647583, 263.713775635, 1648.64196777, 7747.29394531, 425.15133667, 22.3433151245, 113.735343933, 49.6830215454, 23.4881477356, 37.0993537903, 42.1056632996, 82.60496521, 961.506164551, 305.627075195, 254.166870117, 5584.96289062, 1072.68908691, 45.5313415527, 82.0997085571, 64.1954193115, 36.9406585693, 5.62037611008, 0.912528157234, 4.90161371231, 2.4222984314, 0.5978962183, 3.28317475319, 0.521213293076, 0.339039355516, 0.0852529704571, 0.0614575594664, 0.135424122214, 0.000307704031002, 6.23440783443e-08],
        "max": [0.497372478247, 24.1023006439, 90.0523071289, 39.6260223389, 305.11541748, 974.114257812, 137.212738037, 122.994888306, 407.188659668, 710.161865234, 143.25151062, 24.6044998169, 72.1480941772, 39.4123535156, 26.5488471985, 40.9923019409, 31.4244155884, 64.6449584961, 274.739624023, 103.159164429, 114.591468811, 457.314453125, 161.408706665, 41.0836029053, 49.7061920166, 39.5978088379, 32.7268943787, 12.3279657364, 10.0170354843, 23.6817455292, 16.327878952, 7.18520402908, 19.1661167145, 7.61064147949, 5.5518245697, 2.44130086899, 2.57737350464, 2.31937813759, 0.118856832385, 0.00168372120243],
        "mean": [0.0196748226881, 0.816879630089, 4.08088064194, 2.83593940735, 10.1145706177, 33.4578056335, 9.873295784, 8.30464553833, 15.4906578064, 33.5416793823, 7.58042526245, 1.08153390884, 2.48055100441, 1.53752458096, 1.72959315777, 3.20114469528, 3.86593699455, 5.45563793182, 8.42659950256, 4.43993139267, 7.68936491013, 12.3235139847, 10.5113487244, 2.95637226105, 3.86163663864, 1.95576429367, 1.70330798626, 1.37870502472, 0.399264484644, 0.193684577942, 0.131821319461, 0.101953200996, 0.0822741240263, 0.0374397337437, 0.0423451475799, 0.025864193216, 0.00897508859634, 0.0230523534119, 0.00117794855032, 3.7584144593e-05],
        "median": [0.00584709690884, 0.145327210426, 0.967615544796, 0.993880689144, 1.51184856892, 1.17488563061, 2.80750179291, 3.94740867615, 2.18018174171, 3.15514707565, 1.60600721836, 0.278233915567, 0.287747770548, 0.667832255363, 1.07591307163, 2.15617346764, 2.84756684303, 3.39165401459, 2.66566228867, 1.39824724197, 2.01219987869, 2.58143615723, 2.61292624474, 1.02660632133, 1.83086955547, 1.05264556408, 0.954599618912, 0.86760020256, 0.288132995367, 0.125051766634, 0.073542162776, 0.0458655953407, 0.0300957895815, 0.0168112404644, 0.00712923472747, 0.00193334545474, 0.000301305786707, 5.41535264347e-05, 7.75966782385e-06, 8.41351356939e-06],
        "min": [8.18299932026e-22, 2.59485609e-21, 8.0993906666e-21, 2.50372966512e-20, 3.83573214317e-20, 6.86819824077e-20, 2.16460771521e-19, 1.78962839047e-19, 3.02133689945e-19, 1.5092870581e-19, 6.65545023066e-19, 6.73740987069e-19, 1.50230816112e-18, 2.32202088371e-18, 3.26996593659e-18, 3.3243344503e-18, 2.56123448582e-18, 3.760007377e-18, 3.60331993024e-18, 5.07409379506e-18, 9.80365280293e-18, 5.97956457105e-18, 6.20772124992e-18, 9.4390580587e-18, 1.41224314371e-17, 1.45547987432e-17, 1.39798916739e-17, 1.49393235772e-17, 1.90459973858e-17, 1.49082546733e-17, 1.33506818517e-17, 1.45542660389e-17, 1.15750410596e-17, 1.13982121785e-17, 8.34107257566e-18, 5.79195421786e-18, 3.09158092197e-18, 1.03621773534e-18, 2.97049501858e-19, 3.5202409339e-20],
        "var": [0.00289437943138, 7.41694116592, 142.652755737, 23.058134079, 1086.53234863, 23547.0410156, 411.241882324, 145.613876343, 2009.38879395, 8034.85400391, 319.239257812, 6.13702487946, 49.2969169617, 14.1078720093, 6.15087985992, 13.645565033, 15.5708713531, 46.6268539429, 390.469360352, 111.886398315, 207.577072144, 1618.60119629, 535.115112305, 22.3068733215, 35.6006469727, 15.4608564377, 9.249127388, 3.2401444912, 0.329498052597, 0.844773411751, 0.41940844059, 0.113672338426, 0.558913588524, 0.0895232111216, 0.0610238276422, 0.0161604471505, 0.010572723113, 0.0281375311315, 6.72901805956e-05, 1.51295012074e-08]
    },
    "gfcc": {
        "mean": [-106.784744263, 116.682769775, -113.600364685, 45.9882698059, -42.3560752869, 1.87593841553, -44.7166557312, -7.20112657547, -21.6163864136, 6.86023569107, -4.97399330139, -4.39730024338, -11.9378070831],
        "cov": [[14827.8564453, 1144.74157715, -970.028198242, 514.651367188, -171.063598633, -427.72164917, -139.811141968, 93.1877441406, -111.435630798, 2.77950811386, -239.56652832, -150.446975708, -36.010471344], [1144.74157715, 998.717041016, -208.738555908, 11.4851427078, -187.698455811, -39.9555549622, -191.317153931, -51.2631530762, 148.73739624, -138.731277466, 86.5857086182, -118.837654114, 67.6194534302], [-970.028198242, -208.738555908, 917.118103027, -372.993896484, 15.360742569, 91.0323028564, 19.4792900085, -72.1606140137, 1.51527810097, 137.61088562, -57.376411438, 82.0832519531, -192.806762695], [514.651367188, 11.4851427078, -372.993896484, 691.086425781, 153.110733032, 6.40266084671, 47.6524505615, -97.3171386719, -123.003845215, -125.477241516, 54.8389587402, -71.8482971191, 153.453109741], [-171.063598633, -187.698455811, 15.360742569, 153.110733032, 417.662597656, 6.32502555847, 35.2489929199, 9.25884723663, -30.9105701447, -99.9324645996, -38.8848495483, 46.5964889526, 7.43291330338], [-427.72164917, -39.9555549622, 91.0323028564, 6.40266084671, 6.32502555847, 411.109649658, 28.391866684, -58.0039825439, -79.733543396, 61.7028617859, 52.158115387, 33.2976989746, -9.47047901154], [-139.811141968, -191.317153931, 19.4792900085, 47.6524505615, 35.2489929199, 28.391866684, 183.439682007, 39.4444541931, -5.60838842392, 51.496887207, -17.7135429382, -8.50681495667, -13.1629476547], [93.1877441406, -51.2631530762, -72.1606140137, -97.3171386719, 9.25884723663, -58.0039825439, 39.4444541931, 221.30960083, 107.2631073, 32.8744773865, -32.4833564758, -8.3205947876, -27.9704170227], [-111.435630798, 148.73739624, 1.51527810097, -123.003845215, -30.9105701447, -79.733543396, -5.60838842392, 107.2631073, 204.283889771, 1.64947986603, 29.5429916382, -34.4746513367, 1.75108969212], [2.77950811386, -138.731277466, 137.61088562, -125.477241516, -99.9324645996, 61.7028617859, 51.496887207, 32.8744773865, 1.64947986603, 186.687820435, 14.7462759018, 47.0592880249, -60.8072166443], [-239.56652832, 86.5857086182, -57.376411438, 54.8389587402, -38.8848495483, 52.158115387, -17.7135429382, -32.4833564758, 29.5429916382, 14.7462759018, 146.928146362, 16.8814125061, 57.7261009216], [-150.446975708, -118.837654114, 82.0832519531, -71.8482971191, 46.5964889526, 33.2976989746, -8.50681495667, -8.3205947876, -34.4746513367, 47.0592880249, 16.8814125061, 124.627891541, 5.97078418732], [-36.010471344, 67.6194534302, -192.806762695, 153.453109741, 7.43291330338, -9.47047901154, -13.1629476547, -27.9704170227, 1.75108969212, -60.8072166443, 57.7261009216, 5.97078418732, 152.635787964]],
        "icov": [[0.000102027966932, -0.000213085353607, 0.000103231024696, -0.000103712911368, -4.98291556141e-05, 0.000112830333819, -2.43074418904e-06, -4.85530945298e-05, 0.000154642941197, -0.000314966688165, 0.000268533302005, -0.000103556179965, 0.000128700325149], [-0.000213085353607, 0.00254211877473, 8.82777021616e-05, 2.29783254326e-05, 0.0010425838409, -0.000675955030601, 0.00150930753443, 0.000984525191598, -0.00230085616931, 0.00199577026069, -0.000823880953249, 0.000791856320575, 0.000231895784964], [0.000103231024696, 8.82777021616e-05, 0.00236574187875, 0.000602909189183, -0.000426578364568, -0.00017759167531, -0.000162226322573, 0.00205718539655, -0.00114918581676, -0.000904590822756, 0.000783493218478, -0.000853051082231, 0.00213008164428], [-0.000103712911368, 2.29783254326e-05, 0.000602909189183, 0.00397030590102, -0.00187420274597, 0.000352134811692, -0.000980596640147, 0.000570185366087, 0.00276127294637, -0.000401837402023, -0.0018989238888, 0.00367076648399, -0.00274878274649], [-4.98291556141e-05, 0.0010425838409, -0.000426578364568, -0.00187420274597, 0.00512840598822, -0.000777818553615, -0.000557297433261, -0.000465066055767, -0.00211328873411, 0.00482208980247, 0.000856813276187, -0.00427247444168, 0.00222883885726], [0.000112830333819, -0.000675955030601, -0.00017759167531, 0.000352134811692, -0.000777818553615, 0.00337312440388, -0.000622970925178, -0.000220487083425, 0.00239204289392, -0.00159846211318, -0.00144172401633, 0.000616141769569, -0.000242324662395], [-2.43074418904e-06, 0.00150930753443, -0.000162226322573, -0.000980596640147, -0.000557297433261, -0.000622970925178, 0.00852472428232, -0.000770751503296, -0.00104369292967, -0.00267052743584, 0.000830585893709, 0.00252710981295, -0.000770783168264], [-4.85530945298e-05, 0.000984525191598, 0.00205718539655, 0.000570185366087, -0.000465066055767, -0.000220487083425, -0.000770751503296, 0.00957160256803, -0.00617474876344, -0.00136947107967, 0.00268388353288, -0.000968622276559, 0.00182236568071], [0.000154642941197, -0.00230085616931, -0.00114918581676, 0.00276127294637, -0.00211328873411, 0.00239204289392, -0.00104369292967, -0.00617474876344, 0.0137522313744, -0.00177453493234, -0.0045987716876, 0.0052725924179, -0.00347382691689], [-0.000314966688165, 0.00199577026069, -0.000904590822756, -0.000401837402023, 0.00482208980247, -0.00159846211318, -0.00267052743584, -0.00136947107967, -0.00177453493234, 0.0144720366225, -0.00294143869542, -0.005540153943, 0.00460251420736], [0.000268533302005, -0.000823880953249, 0.000783493218478, -0.0018989238888, 0.000856813276187, -0.00144172401633, 0.000830585893709, 0.00268388353288, -0.0045987716876, -0.00294143869542, 0.0125805698335, -0.00354219297878, -0.00197900249623], [-0.000103556179965, 0.000791856320575, -0.000853051082231, 0.00367076648399, -0.00427247444168, 0.000616141769569, 0.00252710981295, -0.000968622276559, 0.0052725924179, -0.005540153943, -0.00354219297878, 0.0172122623771, -0.00645774416625], [0.000128700325149, 0.000231895784964, 0.00213008164428, -0.00274878274649, 0.00222883885726, -0.000242324662395, -0.000770783168264, 0.00182236568071, -0.00347382691689, 0.00460251420736, -0.00197900249623, -0.00645774416625, 0.014951730147]]
    },
    "melbands": {
        "dmean": [0.000236740845139, 0.00101345451549, 0.000498442677781, 0.00106458878145, 0.000283558358205, 0.000119449323392, 0.000199170506676, 0.000239562083152, 2.83748959191e-05, 6.09634253124e-06, 1.21267057693e-05, 5.36171774002e-06, 4.77924959341e-06, 4.29945748692e-06, 5.88806096857e-06, 5.88475086261e-06, 7.25562904336e-06, 9.56304666033e-06, 7.63233947509e-06, 3.91200364902e-06, 9.18466957955e-06, 1.2620207599e-05, 1.10444971142e-05, 6.4354294409e-06, 1.29849195218e-06, 3.25171004079e-06, 1.14450892852e-06, 1.31022397909e-06, 9.42959673012e-07, 7.77100240157e-07, 4.62498832121e-07, 1.14379169247e-07, 9.6349211276e-08, 7.81252111892e-08, 7.49232000885e-08, 6.5648208647e-08, 6.69708626333e-08, 7.90760381619e-08, 6.96299622405e-08, 2.51256278005e-08],
        "dmean2": [0.000419993972173, 0.00175547029357, 0.000847750343382, 0.00194394960999, 0.00046872717212, 0.000203945804969, 0.000307400361635, 0.000372310489183, 4.7373927373e-05, 1.08427711893e-05, 2.01908333111e-05, 9.54611459747e-06, 8.39791391627e-06, 7.55387600293e-06, 1.02099811556e-05, 1.00684383142e-05, 1.24359366964e-05, 1.61612479133e-05, 1.29514073706e-05, 6.81895744492e-06, 1.45552858157e-05, 2.10991220229e-05, 1.80030438059e-05, 1.00802162706e-05, 2.23679921874e-06, 5.7342576838e-06, 1.9857436655e-06, 2.36797086473e-06, 1.73384614754e-06, 1.43283557463e-06, 7.78711751082e-07, 1.93696521933e-07, 1.69832034658e-07, 1.45677390151e-07, 1.41724214586e-07, 1.2268320404e-07, 1.27681701656e-07, 1.53018476112e-07, 1.35014104785e-07, 4.71182595163e-08],
        "dvar": [5.95192091168e-07, 9.49304558162e-06, 6.98213113992e-07, 3.28631103912e-05, 1.13361522835e-06, 3.77455435796e-08, 3.07015739054e-07, 3.72021219164e-07, 4.84605910955e-09, 3.42827294331e-10, 1.08836462065e-09, 3.07734560057e-10, 1.05867974109e-10, 8.82742975938e-11, 7.09650185837e-11, 8.99479032923e-11, 1.30896793404e-10, 8.382298744e-10, 4.21658208349e-10, 1.19570159329e-10, 3.13510856165e-10, 1.99323868522e-09, 9.10951480915e-10, 2.83544021595e-10, 6.55003568745e-12, 3.22809869113e-11, 5.93411214264e-12, 1.37710155779e-11, 5.05178971572e-12, 3.1961427862e-12, 4.74631347679e-13, 6.37552686968e-14, 3.2918063891e-13, 5.89368289415e-13, 4.46399183894e-13, 4.47513764056e-14, 9.40985367425e-14, 5.46712252292e-13, 5.43941736271e-13, 3.91928107807e-14],
        "dvar2": [1.49762547608e-06, 2.32194579439e-05, 1.81587972747e-06, 9.83722129604e-05, 2.94817641588e-06, 1.11255886281e-07, 6.66201913191e-07, 8.24112248665e-07, 1.21983498858e-08, 9.75473368747e-10, 2.70636091315e-09, 8.15048806224e-10, 3.04301334131e-10, 2.55257676107e-10, 1.94662605479e-10, 2.48002451908e-10, 3.89350524044e-10, 2.08121586631e-09, 1.0353742308e-09, 2.99831437456e-10, 6.26654950153e-10, 5.25930010653e-09, 2.35135932947e-09, 6.72449040895e-10, 1.74188944518e-11, 9.08858266424e-11, 1.56325057066e-11, 3.94263822978e-11, 1.45817021652e-11, 9.61644739533e-12, 1.23890231841e-12, 1.7371309469e-13, 9.86731421397e-13, 1.76440903988e-12, 1.33488088205e-12, 1.26932969344e-13, 2.81897769017e-13, 1.63431280228e-12, 1.62589375557e-12, 1.16629985834e-13],
        "max": [0.0124345887452, 0.0438118204474, 0.00624119304121, 0.0543206930161, 0.0112707270309, 0.00251902570017, 0.00822390150279, 0.00728431995958, 0.000772307685111, 0.000156141715706, 0.000348268717062, 0.000155142159201, 0.000105703671579, 0.000105011909909, 8.71097727213e-05, 6.92260800861e-05, 0.000125635589939, 0.000400939752581, 0.000215976775507, 8.84988767211e-05, 0.000174813816557, 0.000468207523227, 0.000255711493082, 0.000174908011104, 2.20733927563e-05, 6.38899946352e-05, 2.04391126317e-05, 3.37312631018e-05, 1.91543258552e-05, 1.70711555256e-05, 7.41170151741e-06, 4.2312867663e-06, 1.06016223071e-05, 1.41938580782e-05, 1.22588353406e-05, 2.09026325138e-06, 5.12639689987e-06, 1.34357860588e-05, 1.33795747388e-05, 3.61859247278e-06],
        "mean": [0.000447541911853, 0.00181595131289, 0.000602589221671, 0.00173370866105, 0.000537316431291, 0.000180925184395, 0.000278731051367, 0.000348980596755, 3.83708938898e-05, 5.82353095524e-06, 1.217784029e-05, 5.8379823713e-06, 6.16318038738e-06, 5.74852811042e-06, 9.01794646779e-06, 8.11339123175e-06, 1.01558598544e-05, 1.23188283396e-05, 9.33587944019e-06, 3.56825944436e-06, 1.13914693429e-05, 1.23666104628e-05, 1.17747158583e-05, 6.96868437444e-06, 1.49425420659e-06, 3.71205919691e-06, 1.31965850869e-06, 1.33469052344e-06, 9.90686203295e-07, 9.22005085613e-07, 7.66613652559e-07, 2.15771549961e-07, 1.4265884829e-07, 8.97176022363e-08, 7.54728475272e-08, 6.93222901305e-08, 6.02231153835e-08, 6.08825487802e-08, 4.90671894227e-08, 2.37110437951e-08],
        "median": [0.000103901184048, 0.000413653819123, 0.000217532477109, 9.39446326811e-05, 8.92454918358e-05, 8.48060662975e-05, 3.01768704958e-05, 3.39333710144e-05, 7.9243500295e-06, 1.16929015803e-06, 1.25651456528e-06, 2.25528879128e-06, 3.69897816199e-06, 3.71059559257e-06, 6.19420552539e-06, 5.38741551281e-06, 5.35653862244e-06, 3.51477183358e-06, 2.60091974269e-06, 8.51362244703e-07, 2.74578792414e-06, 2.46992681241e-06, 2.97207293443e-06, 1.49769823565e-06, 5.68186919736e-07, 1.35333607432e-06, 7.03259900092e-07, 6.43377347842e-07, 5.11128689595e-07, 5.5505859109e-07, 4.76318831488e-07, 1.46871926177e-07, 9.81801235866e-08, 5.32506092554e-08, 4.18345429409e-08, 3.58307978843e-08, 2.63350141694e-08, 2.17345128561e-08, 1.60552229289e-08, 1.29008288496e-08],
        "min": [7.48210902775e-24, 4.12034199255e-24, 5.88045357187e-24, 4.3918391227e-24, 6.52793955883e-24, 4.5607314815e-24, 5.33645785265e-24, 1.59651080087e-24, 5.16488967766e-24, 3.44806131848e-24, 7.64723102585e-24, 7.04156649979e-24, 1.21667263812e-23, 1.06061465183e-23, 4.55802213872e-24, 8.14339376966e-24, 6.61771942402e-24, 5.2480178677e-24, 6.00140172586e-24, 9.01322730249e-24, 1.01600724976e-23, 5.66853595045e-24, 6.79667330923e-24, 5.4844020101e-24, 7.23392392064e-24, 7.24997171803e-24, 9.6173795822e-24, 6.94983854259e-24, 8.4300177021e-24, 7.98564131014e-24, 9.11648130638e-24, 1.20096602307e-23, 5.80371791618e-24, 8.62096858396e-24, 6.15095673729e-24, 7.4803908887e-24, 8.13286010999e-24, 7.67561424122e-24, 1.00024691328e-23, 9.02458453295e-24],
