{
"metadata": {
    "version": {
        "essentia": "2.0.1",
        "extractor": "archive-music 1.0"
    },
    "audio_properties": {
        "analysis_sample_rate": 44100,
        "bitrate": 128,
        "channels": 2,
        "equal_loudness": 0,
        "length": 15.9085712433,
        "replay_gain": -2.2303314209,
        "downmix": "mix"
    },
    "tags": {
        "track": 0,
        "year": 0,
        "album": "",
        "artist": "",
        "comment": "",
        "genre": "",
        "title": ""
    }
},
"highlevel": {
    "culture": {
        "all": {
            "non_western": 0.00713556120172,
            "western": 0.992864429951
        },
        "probability": 0.992864429951,
        "value": "western"
    },
    "danceability": {
        "all": {
            "danceable": 3.00000096379e-14,
            "not_danceable": 1
        },
        "probability": 1,
        "value": "not_danceable"
    },
    "gender": {
        "all": {
            "female": 0.744041264057,
            "male": 0.255958706141
        },
        "probability": 0.744041264057,
        "value": "female"
    },
    "genre_dortmund": {
        "all": {
            "alternative": 0.0368248745799,
            "blues": 0.0171686448157,
            "electronic": 0.276600033045,
            "folkcountry": 0.0190121792257,
            "funksoulrnb": 0.122393846512,
            "jazz": 0.475690901279,
            "pop": 0.0257594063878,
            "raphiphop": 0.0138674033806,
            "rock": 0.0126827005297
        },
        "probability": 0.475690901279,
        "value": "jazz"
    },
    "genre_electronic": {
        "all": {
            "ambient": 0.994554102421,
            "dnb": 0.00244170427322,
            "house": 0.000914140488021,
            "techno": 0.00070377823431,
            "trance": 0.00138626783155
        },
        "probability": 0.994554102421,
        "value": "ambient"
    },
    "genre_rosamerica": {
        "all": {
            "cla": 0.852935314178,
            "dan": 0.000362673483323,
            "hip": 0.000416646129452,
            "jaz": 0.12494251132,
            "pop": 0.00233737239614,
            "rhy": 0.0174400638789,
            "roc": 0.000179950948223,
            "spe": 0.00138546293601
        },
        "probability": 0.852935314178,
        "value": "cla"
    },
    "genre_tzanetakis": {
        "all": {
            "blu": 0.000400770426495,
            "cla": 0.961791872978,
            "cou": 0.000375339353923,
            "dis": 0.0131127601489,
            "hip": 0.000619662285317,
            "jaz": 0.0197472963482,
            "met": 9.49266468524e-05,
            "pop": 0.000820173707325,
            "reg": 0.0026555173099,
            "roc": 0.000381679885322
        },
        "probability": 0.961791872978,
        "value": "cla"
    },
    "mirex_ballroom": {
        "all": {
            "ChaChaCha": 0.00308728893287,
            "Jive": 0.00200377171859,
            "Quickstep": 0.0468137338758,
            "Rumba-American": 0.0165524315089,
            "Rumba-International": 0.00230840779841,
            "Rumba-Misc": 0.00494974991307,
            "Samba": 0.00224421196617,
            "Tango": 0.0121309617534,
            "VienneseWaltz": 0.560447156429,
            "Waltz": 0.349462300539
        },
        "probability": 0.560447156429,
        "value": "VienneseWaltz"
    },
    "mood_acoustic": {
        "all": {
            "acoustic": 0.00986698269844,
            "not_acoustic": 0.990132987499
        },
        "probability": 0.990132987499,
        "value": "not_acoustic"
    },
    "mood_aggressive": {
        "all": {
            "aggressive": 0.516057372093,
            "not_aggressive": 0.483942627907
        },
        "probability": 0.516057372093,
        "value": "aggressive"
    },
    "mood_electronic": {
        "all": {
            "electronic": 0.474381178617,
            "not_electronic": 0.525618851185
        },
        "probability": 0.525618851185,
        "value": "not_electronic"
    },
    "mood_happy": {
        "all": {
            "happy": 0.594512462616,
            "not_happy": 0.405487537384
        },
        "probability": 0.594512462616,
        "value": "happy"
    },
    "mood_party": {
        "all": {
            "not_party": 0.999999880791,
            "party": 1.00000008274e-07
        },
        "probability": 0.999999880791,
        "value": "not_party"
    },
    "mood_relaxed": {
        "all": {
            "not_relaxed": 2.05310080048e-09,
            "relaxed": 1
        },
        "probability": 1,
        "value": "relaxed"
    },
    "mood_sad": {
        "all": {
            "not_sad": 0.243807718158,
            "sad": 0.756192266941
        },
        "probability": 0.756192266941,
        "value": "sad"
    },
    "moods_mirex": {
        "all": {
            "Cluster1": 0.0704256519675,
            "Cluster2": 0.324914962053,
            "Cluster3": 0.218668803573,
            "Cluster4": 0.270675241947,
            "Cluster5": 0.115315355361
        },
        "probability": 0.324914962053,
        "value": "Cluster2"
    },
    "timbre": {
        "all": {
            "bright": 0.431251823902,
            "dark": 0.568748176098
        },
        "probability": 0.568748176098,
        "value": "dark"
    },
    "tonal_atonal": {
        "all": {
            "atonal": 0.824000775814,
            "tonal": 0.175999253988
        },
        "probability": 0.824000775814,
        "value": "atonal"
    },
    "voice_instrumental": {
        "all": {
            "instrumental": 1,
            "voice": 9.54193495051e-12
        },
        "probability": 1,
        "value": "instrumental"
    }
},
"lowlevel": {
    "average_loudness": 0.936224997044,
    "barkbands_kurtosis": {
        "dmean": 6.74381256104,
        "dmean2": 10.8096399307,
        "dvar": 147.127166748,
        "dvar2": 318.618591309,
        "max": 183.169677734,
        "mean": 6.6763510704,
        "median": 1.5117521286,
        "min": -1.73642396927,
        "var": 242.983078003
    },
    "barkbands_skewness": {
        "dmean": 0.917035162449,
        "dmean2": 1.41886293888,
        "dvar": 0.820910990238,
        "dvar2": 1.8088555336,
        "max": 2.68346047401,
        "mean": -0.781099498272,
        "median": -0.439380228519,
        "min": -10.2333021164,
        "var": 2.91093587875
    },
    "barkbands_spread": {
        "dmean": 2.89060211182,
        "dmean2": 4.50615501404,
        "dvar": 8.98085308075,
        "dvar2": 20.9760303497,
        "max": 43.9456481934,
        "mean": 6.8548374176,
        "median": 5.92509841919,
        "min": 0.221757784486,
        "var": 22.5728721619
    },
    "dissonance": {
        "dmean": 0.0533791966736,
        "dmean2": 0.0932093635201,
        "dvar": 0.00274317571893,
        "dvar2": 0.0075817713514,
        "max": 0.500000059605,
        "mean": 0.433898568153,
        "median": 0.458237320185,
        "min": 0.180641278625,
        "var": 0.00408410886303
    },
    "dynamic_complexity": 4.41436862946,
    "erbbands_kurtosis": {
        "dmean": 8.28887081146,
        "dmean2": 13.4731655121,
        "dvar": 166.940078735,
        "dvar2": 406.796630859,
        "max": 109.826126099,
        "mean": 10.2347478867,
        "median": 2.88410615921,
        "min": -1.6039481163,
        "var": 311.604675293
    },
    "erbbands_skewness": {
        "dmean": 0.938034117222,
        "dmean2": 1.45727241039,
        "dvar": 0.814492702484,
        "dvar2": 1.85649037361,
        "max": 3.67296004295,
        "mean": -0.683368980885,
        "median": -0.407935023308,
        "min": -6.19471788406,
        "var": 2.53252649307
    },
    "erbbands_spread": {
        "dmean": 3.29496312141,
        "dmean2": 5.29385757446,
        "dvar": 11.2652196884,
        "dvar2": 25.0769767761,
        "max": 43.3380317688,
        "mean": 8.0813293457,
        "median": 7.32898855209,
        "min": 0.287670969963,
        "var": 34.3993377686
    },
    "hfc": {
        "dmean": 14.466999054,
        "dmean2": 22.2672348022,
        "dvar": 850.546569824,
        "dvar2": 1851.95166016,
        "max": 338.323516846,
        "mean": 18.3871955872,
        "median": 5.75048446655,
        "min": 1.2056758292e-16,
        "var": 1241.33605957
    },
    "melbands_kurtosis": {
        "dmean": 4.27081680298,
        "dmean2": 6.8795375824,
        "dvar": 46.1376152039,
        "dvar2": 104.442779541,
        "max": 78.2009658813,
        "mean": 3.54740548134,
        "median": 0.633429527283,
        "min": -1.72602629662,
        "var": 68.2941360474
    },
    "melbands_skewness": {
        "dmean": 0.830191135406,
        "dmean2": 1.25200605392,
        "dvar": 0.615240097046,
        "dvar2": 1.34490060806,
        "max": 2.8019721508,
        "mean": -0.426787883043,
        "median": -0.115818731487,
        "min": -6.81086301804,
        "var": 2.25142526627
    },
    "melbands_spread": {
        "dmean": 5.76948451996,
        "dmean2": 9.46893024445,
        "dvar": 71.0333938599,
        "dvar2": 149.99156189,
        "max": 146.46244812,
        "mean": 15.4252767563,
        "median": 12.6469421387,
        "min": 0.799082577229,
        "var": 209.939407349
    },
    "pitch_salience": {
        "dmean": 0.101713456213,
        "dmean2": 0.161448061466,
        "dvar": 0.00811670161784,
        "dvar2": 0.0174489002675,
        "max": 0.964579701424,
        "mean": 0.427449673414,
        "median": 0.446260452271,
        "min": 0.0524002797902,
        "var": 0.0280856080353
    },
    "silence_rate_20dB": {
        "dmean": 0,
        "dmean2": 0,
        "dvar": 0,
        "dvar2": 0,
        "max": 1,
        "mean": 1,
        "median": 1,
        "min": 1,
        "var": 0
    },
    "silence_rate_30dB": {
        "dmean": 0.0116618080065,
        "dmean2": 0.0233576633036,
        "dvar": 0.0115257399157,
        "dvar2": 0.0257317181677,
        "max": 1,
        "mean": 0.98981076479,
        "median": 1,
        "min": 0,
        "var": 0.0100855054334
    },
    "silence_rate_60dB": {
        "dmean": 0.0845481082797,
        "dmean2": 0.169343069196,
        "dvar": 0.0773999541998,
        "dvar2": 0.164024502039,
        "max": 1,
        "mean": 0.238719061017,
        "median": 0,
        "min": 0,
        "var": 0.181731551886
    },
    "spectral_centroid": {
        "dmean": 172.687210083,
        "dmean2": 259.225921631,
        "dvar": 189829.765625,
        "dvar2": 265688.9375,
        "max": 11148.9541016,
        "mean": 1170.54016113,
        "median": 1048.37561035,
        "min": 449.300415039,
        "var": 578304.25
    },
    "spectral_complexity": {
        "dmean": 1.74052476883,
        "dmean2": 2.90802907944,
        "dvar": 1.98515295982,
        "dvar2": 5.71270179749,
        "max": 19,
        "mean": 8.59825325012,
        "median": 9,
        "min": 0,
        "var": 9.16611385345
    },
    "spectral_crest": {
        "dmean": 3.96702384949,
        "dmean2": 6.44968080521,
        "dvar": 13.2664079666,
        "dvar2": 28.5316944122,
        "max": 26.3585414886,
        "mean": 15.0253362656,
        "median": 14.153336525,
        "min": 4.36324071884,
        "var": 38.1111183167
    },
    "spectral_decrease": {
        "dmean": 2.40227771009e-09,
        "dmean2": 3.6939538095e-09,
        "dvar": 1.81201953375e-17,
        "dvar2": 3.92535416401e-17,
        "max": 1.87110521888e-28,
        "mean": -3.30373328694e-09,
        "median": -1.34470712343e-09,
        "min": -4.78765507239e-08,
        "var": 2.80628831394e-17
    },
    "spectral_energy": {
        "dmean": 0.0103728342801,
        "dmean2": 0.0159526243806,
        "dvar": 0.000347648514435,
        "dvar2": 0.000753943924792,
        "max": 0.209046795964,
        "mean": 0.0141368145123,
        "median": 0.00561358965933,
        "min": 1.03476958443e-20,
        "var": 0.000534022110514
    },
    "spectral_energyband_high": {
        "dmean": 1.33327512231e-05,
        "dmean2": 1.99413425435e-05,
        "dvar": 1.23146592923e-09,
        "dvar2": 3.03185276884e-09,
        "max": 0.000614244723693,
        "mean": 1.4001888303e-05,
        "median": 1.87305022337e-06,
        "min": 7.73780287899e-21,
        "var": 1.23295584853e-09
    },
    "spectral_energyband_low": {
        "dmean": 1.00969427876e-05,
        "dmean2": 1.71139217855e-05,
        "dvar": 2.93323837441e-10,
        "dvar2": 8.38479952137e-10,
        "max": 0.00015655127936,
        "mean": 1.37213000926e-05,
        "median": 4.72190595247e-06,
        "min": 2.12683668474e-23,
        "var": 4.36180952468e-10
    },
    "spectral_energyband_middle_high": {
        "dmean": 0.00997000560164,
        "dmean2": 0.0153121110052,
        "dvar": 0.000352550443495,
        "dvar2": 0.000764790398534,
        "max": 0.208073168993,
        "mean": 0.012270075269,
        "median": 0.00317201507278,
        "min": 1.20110421572e-21,
        "var": 0.000539514643606
    },
    "spectral_energyband_middle_low": {
        "dmean": 0.000840566528495,
        "dmean2": 0.00133682577871,
        "dvar": 1.95194661501e-06,
        "dvar2": 4.38877214037e-06,
        "max": 0.0211408548057,
        "mean": 0.00190052040853,
        "median": 0.00140095909592,
        "min": 2.06657714636e-22,
        "var": 3.71932219423e-06
    },
    "spectral_flatness_db": {
        "dmean": 0.044203184545,
        "dmean2": 0.0678585469723,
        "dvar": 0.00134933902882,
        "dvar2": 0.00328138237819,
        "max": 0.473801970482,
        "mean": 0.279423058033,
        "median": 0.280873894691,
        "min": 0.0662696808577,
        "var": 0.00446309801191
    },
    "spectral_flux": {
        "dmean": 0.0306205935776,
        "dmean2": 0.0520546622574,
        "dvar": 0.00156651099678,
        "dvar2": 0.00416837632656,
        "max": 0.330854952335,
        "mean": 0.0614714212716,
        "median": 0.0462821722031,
        "min": 7.07846975478e-11,
        "var": 0.00223271665163
    },
    "spectral_kurtosis": {
        "dmean": 15.3416442871,
        "dmean2": 24.8727359772,
        "dvar": 191.954177856,
        "dvar2": 490.896942139,
        "max": 115.274559021,
        "mean": 34.3059196472,
        "median": 29.0276641846,
        "min": -1.26429724693,
        "var": 460.167449951
    },
    "spectral_rms": {
        "dmean": 0.00110465579201,
        "dmean2": 0.00164973561186,
        "dvar": 1.96937139663e-06,
        "dvar2": 4.00888711738e-06,
        "max": 0.0142810391262,
        "mean": 0.00302757835016,
        "median": 0.00234022922814,
        "min": 3.17731236286e-12,
        "var": 4.62579009763e-06
    },
    "spectral_rolloff": {
        "dmean": 181.995849609,
        "dmean2": 338.840484619,
        "dvar": 891558.4375,
        "dvar2": 1748821.75,
        "max": 19013.8183594,
        "mean": 1495.59973145,
        "median": 1356.59179688,
        "min": 645.99609375,
        "var": 2735170.5
    },
    "spectral_skewness": {
        "dmean": 0.909166514874,
        "dmean2": 1.51027727127,
        "dvar": 0.57275801897,
        "dvar2": 1.56079745293,
        "max": 8.20833301544,
        "mean": 4.04432106018,
        "median": 3.91156148911,
        "min": 0.00691640423611,
        "var": 1.53814673424
    },
    "spectral_spread": {
        "dmean": 678063.3125,
        "dmean2": 1011260.0625,
        "dvar": 3.17426971443e+12,
        "dvar2": 4.65587090227e+12,
        "max": 42087432,
        "mean": 2061673.875,
        "median": 1650272.5,
        "min": 636824.75,
        "var": 7.93124221747e+12
    },
    "spectral_strongpeak": {
        "dmean": 1.78349757195,
        "dmean2": 2.65252804756,
        "dvar": 5.53159236908,
        "dvar2": 11.1801843643,
        "max": 25.8241043091,
        "mean": 3.26592326164,
        "median": 1.95492255688,
        "min": 0,
        "var": 14.1823253632
    },
    "zerocrossingrate": {
        "dmean": 0.00551700871438,
        "dmean2": 0.00817532464862,
        "dvar": 0.000653035589494,
        "dvar2": 0.00134745449759,
        "max": 0.50732421875,
        "mean": 0.0571615993977,
        "median": 0.052734375,
        "min": 0.0234375,
        "var": 0.00196504732594
    },
    "barkbands": {
        "dmean": [1.86849615602e-06, 2.9508089483e-07, 5.89616183788e-06, 1.24154275909e-05, 0.000106668070657, 0.000351918337401, 0.000117295501695, 0.000128386891447, 0.000513115723152, 0.000269950076472, 0.00190560356714, 0.000906791712623, 0.0013098543277, 0.00444510113448, 0.0018484366592, 2.11054903048e-05, 2.12476315937e-05, 3.66551867046e-05, 1.2040854017e-05, 2.91533797281e-05, 4.99188809044e-06, 4.21056347477e-06, 9.00614111288e-07, 8.8454271463e-07, 2.51957317232e-06, 6.29591227153e-07, 1.78563013264e-08],
        "dmean2": [3.17709145747e-06, 5.16538420925e-07, 1.01586902019e-05, 2.20274687308e-05, 0.000188032572623, 0.000603395339567, 0.000203388044611, 0.000213761828491, 0.000776254339144, 0.000453873886727, 0.00280064018443, 0.00139582646079, 0.0022375441622, 0.00695675425231, 0.00300242844969, 3.3846237784e-05, 3.12559714075e-05, 5.7070668845e-05, 1.90760729311e-05, 4.26519691246e-05, 8.3070663095e-06, 6.91960349286e-06, 1.30702505885e-06, 1.34932258788e-06, 3.94903645429e-06, 1.00481736354e-06, 3.08005709826e-08],
        "dvar": [3.17949269343e-12, 1.47970489485e-13, 1.01835088973e-10, 4.88387275066e-10, 1.83776975859e-08, 1.723835652e-07, 2.69902731276e-08, 3.10720764674e-08, 1.66833103776e-06, 3.95355584715e-07, 4.64354889118e-05, 2.08514156839e-05, 3.15480174322e-05, 0.000196603985387, 9.67142841546e-05, 3.43999073671e-09, 1.10931814845e-08, 2.2545901146e-08, 2.21344853557e-09, 2.61467025808e-08, 2.2887797213e-10, 6.64809152173e-10, 4.23803440258e-12, 4.56990088132e-12, 3.41090176936e-11, 1.98609553283e-12, 2.34448703635e-15],
        "dvar2": [8.66911837455e-12, 4.07651885338e-13, 2.84793633121e-10, 1.50635048879e-09, 5.14326181644e-08, 4.73171269277e-07, 8.08792819385e-08, 8.30743260849e-08, 3.61916090696e-06, 1.01826026366e-06, 8.73801182024e-05, 4.97876681038e-05, 8.18673361209e-05, 0.000444633886218, 0.000207600911381, 7.47601891504e-09, 2.48204266029e-08, 4.44689547408e-08, 4.37591562985e-09, 4.97398282562e-08, 5.88104509536e-10, 1.74949721377e-09, 9.20502302854e-12, 1.1099371422e-11, 8.09233305366e-11, 4.94003362522e-12, 6.20255333978e-15],
        "max": [1.73321750481e-05, 2.94138362733e-06, 7.85343509051e-05, 0.000193443906028, 0.00123166292906, 0.00502507761121, 0.00155159609858, 0.00175662641414, 0.0194763895124, 0.00816462002695, 0.073676019907, 0.0688575357199, 0.0764509513974, 0.200141638517, 0.174919366837, 0.000679202144966, 0.00194609130267, 0.00334084033966, 0.00064912479138, 0.00211122492328, 0.000147799117258, 0.000511324324179, 2.80507738353e-05, 2.85211935989e-05, 5.8874811657e-05, 1.19852438729e-05, 4.68893233574e-07],
        "mean": [5.2403988775e-06, 4.02446033831e-07, 6.59064926367e-06, 1.51005051521e-05, 0.000153070068336, 0.000533999118488, 0.000154352936079, 0.000198150024517, 0.000724559184164, 0.000350367306964, 0.00240382784978, 0.00103955413215, 0.00130669982173, 0.00523291015998, 0.00186484109145, 2.42622227233e-05, 2.47432635661e-05, 3.83704755222e-05, 1.30211392388e-05, 3.37208475685e-05, 4.43124281446e-06, 3.77123933504e-06, 9.56015696829e-07, 9.40793142945e-07, 2.35158017858e-06, 5.94267135057e-07, 1.36337554579e-08],
        "median": [4.69545148007e-06, 2.32873219375e-07, 1.37878714668e-06, 3.84221766581e-06, 0.000100290460978, 0.000399210839532, 9.76295850705e-05, 0.000119306248962, 0.000283784174826, 0.000167214660905, 5.91169700783e-05, 0.000107027699414, 9.20329766814e-05, 0.000230844889302, 4.25905600423e-05, 7.1176664278e-06, 3.85270868719e-06, 4.33197237726e-06, 1.01359023574e-06, 5.56050224532e-07, 4.02595418336e-07, 2.77767355783e-07, 1.56455158162e-07, 1.45992217426e-07, 1.5036286527e-07, 3.50123983139e-08, 6.20381357397e-10],
        "min": [4.6873866497e-24, 9.67301873071e-24, 6.05491094992e-24, 9.38273053936e-24, 4.56224388562e-23, 1.95940458637e-23, 1.23531081807e-23, 2.28413602256e-23, 2.74507376037e-23, 3.11029553356e-23, 2.79519198694e-23, 4.10135758155e-23, 7.04372766312e-23, 7.25900906633e-23, 8.33047213333e-23, 1.25668584049e-22, 1.62009096168e-22, 1.54269297837e-22, 1.8816647423e-22, 2.8745947498e-22, 4.06543594826e-22, 4.09342296613e-22, 6.37235225428e-22, 8.35701370558e-22, 9.39978078964e-22, 1.57412096964e-21, 2.23259419866e-21],
        "var": [8.28965021626e-12, 2.163468108e-13, 1.34598734935e-10, 5.89730098088e-10, 2.78523817343e-08, 2.69180247869e-07, 3.38263212996e-08, 5.6133448112e-08, 2.53812322626e-06, 4.20308026605e-07, 8.0703299318e-05, 2.47709540417e-05, 2.91905307677e-05, 0.000329074799083, 0.000104489001387, 4.05401356929e-09, 1.34851907418e-08, 2.84964229991e-08, 2.9553233194e-09, 3.55870000135e-08, 1.93302998608e-10, 4.96428176344e-10, 5.04073865981e-12, 4.91481855214e-12, 3.58421937963e-11, 1.96999448004e-12, 1.89865569149e-15]
    },
    "erbbands": {
        "dmean": [1.45700669236e-05, 0.000116358074592, 0.00392305012792, 0.0242249350995, 0.205750852823, 0.346106559038, 1.786703825, 3.05786633492, 2.34004259109, 0.974842846394, 5.42544364929, 11.6878890991, 7.644739151, 65.782081604, 30.2685623169, 36.8279838562, 83.8591461182, 229.294326782, 71.5942230225, 69.1635894775, 2.66763591766, 1.38859415054, 1.6991147995, 1.14897656441, 1.48624908924, 0.671988546848, 0.210553362966, 0.176938265562, 0.21566863358, 0.0374533832073, 0.023328864947, 0.0208654887974, 0.0130581092089, 0.00991068780422, 0.0309534911066, 0.00572533626109, 0.000769046077039, 0.000107530664536, 7.32926901037e-06, 1.29974860101e-05],
        "dmean2": [2.51069304795e-05, 0.000202185110538, 0.00666566612199, 0.0419868566096, 0.368127316236, 0.596716284752, 3.14253759384, 5.28568077087, 4.02331972122, 1.53615522385, 8.80053329468, 17.0948257446, 12.5733947754, 97.1477737427, 45.4296913147, 58.1890907288, 138.006027222, 355.998962402, 114.748527527, 111.399848938, 4.15831232071, 2.02947163582, 2.65508842468, 1.76959633827, 2.19986820221, 0.995600104332, 0.354283004999, 0.279366523027, 0.359289765358, 0.056504715234, 0.0335645116866, 0.031732480973, 0.0200554262847, 0.0151804471388, 0.0490259751678, 0.00891392398626, 0.00120303488802, 0.000172450992977, 1.08664471554e-05, 1.99555597646e-05],
        "dvar": [2.61030586035e-10, 3.65907091293e-08, 4.50278166682e-05, 0.00191246194299, 0.130556851625, 0.235458388925, 3.96738767624, 16.9103775024, 10.8494548798, 1.55425024033, 130.295959473, 1245.06530762, 130.942977905, 57886.8203125, 7799.6875, 33230.890625, 98739.6171875, 598119.4375, 50032.2695312, 145428.734375, 135.662872314, 52.724155426, 29.9170627594, 18.2153377533, 44.5162963867, 11.9047861099, 0.553575754166, 0.450511515141, 2.22053694725, 0.0108982389793, 0.00249359221198, 0.00190651987214, 0.000907777808607, 0.000403379119234, 0.0063959765248, 0.000156799113029, 3.16640739584e-06, 5.86296771132e-08, 1.41938460985e-10, 5.64843560813e-10],
        "dvar2": [7.25713211747e-10, 1.01768975469e-07, 0.000127568899188, 0.0057443282567, 0.421036601067, 0.606312274933, 11.5975732803, 45.9116439819, 33.6562728882, 3.56730651855, 305.418731689, 2542.65966797, 341.221466064, 111198.554688, 15647.5517578, 83855.921875, 255275.46875, 1361449.625, 103946.695312, 322000.71875, 302.017211914, 118.710868835, 57.8900108337, 36.9166984558, 81.6779556274, 23.6315059662, 1.51184737682, 1.06960368156, 5.8856048584, 0.025772606954, 0.00523670297116, 0.00454354239628, 0.00210727425292, 0.000890542054549, 0.0156260412186, 0.000373540999135, 7.61704404795e-06, 1.43449398138e-07, 2.89820695221e-10, 1.22360321875e-09],
        "max": [0.000163522912771, 0.00166314444505, 0.0550467446446, 0.452287644148, 3.63514780998, 4.31991386414, 15.5654096603, 51.0249900818, 33.0849380493, 17.8671836853, 155.848434448, 588.65020752, 120.590126038, 2501.92480469, 851.084899902, 3289.41699219, 4261.58007812, 10909.7158203, 3104.07226562, 6782.02832031, 202.786575317, 136.378890991, 105.368606567, 93.943107605, 87.3496246338, 49.8661384583, 9.73866271973, 7.12039327621, 29.798833847, 1.69766294956, 0.724168241024, 0.541361153126, 0.419863671064, 0.266149610281, 0.847214400768, 0.119884833694, 0.0215681493282, 0.0023910892196, 0.00014192101662, 0.000265171343926],
        "mean": [2.70391228696e-05, 0.000169587699929, 0.00481244875118, 0.0343972034752, 0.238256812096, 0.505070328712, 2.35581445694, 4.48767948151, 3.19561290741, 1.90506947041, 7.77881193161, 16.3974952698, 13.3516120911, 82.551612854, 39.3564109802, 42.3443946838, 90.5295715332, 266.651306152, 86.1474380493, 68.5854568481, 2.94454526901, 1.65769708157, 1.90643429756, 1.22326350212, 1.75789070129, 0.766106247902, 0.196618244052, 0.157220706344, 0.18533667922, 0.0401834473014, 0.0256348457187, 0.0221479274333, 0.0139914201573, 0.0103129837662, 0.0276839379221, 0.00540651753545, 0.000756001390982, 0.000103390470031, 1.07232708615e-05, 1.7666410713e-05],
        "median": [2.10662747122e-05, 6.24550593784e-05, 0.00130366254598, 0.010064390488, 0.0696851164103, 0.309103250504, 1.73556470871, 3.0888633728, 2.06441760063, 1.42574572563, 3.86840105057, 5.9405875206, 7.72364854813, 3.96468782425, 4.10804271698, 6.65560913086, 7.39657211304, 11.8422870636, 6.87403774261, 2.48408293724, 0.530865013599, 0.28985118866, 0.351054221392, 0.166366636753, 0.0745640471578, 0.0317174717784, 0.0225859638304, 0.0125556895509, 0.0118410568684, 0.0066556725651, 0.00451013399288, 0.00376858981326, 0.00202017091215, 0.00135659216903, 0.00126063893549, 0.000329184724251, 4.01880715799e-05, 5.2169243645e-06, 4.21570211984e-06, 6.94222671882e-06],
        "min": [5.16173071572e-22, 1.25216656365e-21, 3.77654357371e-21, 2.96456717089e-20, 4.91894874288e-20, 1.40721542621e-19, 1.62023149454e-19, 1.74068747404e-19, 1.16930781303e-19, 6.86133548512e-19, 6.02423852799e-19, 5.76090196106e-19, 1.0178690082e-18, 6.00643036337e-19, 1.49422753712e-18, 1.84903818227e-18, 2.95388947118e-18, 3.50437506691e-18, 3.65864301038e-18, 8.3587816854e-18, 4.97383040584e-18, 9.04981333221e-18, 8.14902853439e-18, 1.33946026607e-17, 7.52657760499e-18, 1.18124526487e-17, 1.42211504801e-17, 1.72978636577e-17, 1.28069181324e-17, 1.70257774845e-17, 2.0878721912e-17, 1.30722346596e-17, 1.17171432442e-17, 9.47955516713e-18, 7.11767989432e-18, 4.81738739095e-18, 2.90505376179e-18, 1.33258341733e-18, 3.47889676667e-19, 3.47078296497e-20],
        "var": [4.60012111736e-10, 5.50409211542e-08, 6.35175529169e-05, 0.002755288966, 0.148184344172, 0.345384120941, 4.78855419159, 23.116443634, 13.0203514099, 3.44291830063, 173.041168213, 1871.18579102, 277.855773926, 97554.0546875, 12994.8212891, 32594.4804688, 96685.6640625, 989966.625, 69043.765625, 152337.265625, 145.473815918, 63.5990371704, 38.9604682922, 22.878074646, 63.5090637207, 15.3812503815, 0.421877324581, 0.423056870699, 1.61112201214, 0.011363722384, 0.00324242352508, 0.00214459374547, 0.00110120372847, 0.000517780252267, 0.00621580891311, 0.000165768011357, 3.32507329404e-06, 6.24963192308e-08, 2.70159117299e-10, 8.63907168025e-10]
    },
    "gfcc": {
        "mean": [-187.013946533, 122.251182556, -180.624252319, -57.8723220825, -65.4683151245, -7.91063547134, -52.3015708923, -19.5036716461, -25.5654430389, -0.388043671846, -6.77419137955, -7.79675292969, -0.31676954031],
        "cov": [[16214.6689453, -711.795349121, -1510.24926758, 562.576599121, -250.430526733, 431.782989502, -807.039428711, -230.143493652, -783.323608398, 347.630126953, -524.934997559, -511.447479248, -466.814544678], [-711.795349121, 1941.24194336, -301.308166504, -469.620544434, -16.0805892944, -351.640655518, 252.225494385, -94.9688034058, 232.49836731, -414.691925049, 218.853317261, 6.20471668243, 215.962966919], [-1510.24926758, -301.308166504, 742.730895996, 271.825012207, 40.2718811035, 174.656112671, -9.51340389252, 114.104377747, -86.5307693481, -25.7563037872, -142.933135986, 24.2967891693, -141.432907104], [562.576599121, -469.620544434, 271.825012207, 674.876525879, 191.045593262, 136.217819214, -102.711669922, -38.7380943298, -146.677215576, 68.4044647217, -168.915634155, -191.33543396, -219.940628052], [-250.430526733, -16.0805892944, 40.2718811035, 191.045593262, 277.510406494, 6.70176124573, 48.9143486023, -79.858833313, -39.3045578003, -4.62115430832, -4.79941606522, -97.7428131104, -79.3305435181], [431.782989502, -351.640655518, 174.656112671, 136.217819214, 6.70176124573, 198.739700317, -42.5691299438, 20.0775737762, -117.465789795, 29.0345897675, -78.1206588745, -5.82441520691, -116.299949646], [-807.039428711, 252.225494385, -9.51340389252, -102.711669922, 48.9143486023, -42.5691299438, 222.04447937, 9.14302539825, -0.593411564827, -146.857711792, 80.5332107544, 66.0686798096, 61.9676437378], [-230.143493652, -94.9688034058, 114.104377747, -38.7380943298, -79.858833313, 20.0775737762, 9.14302539825, 160.291824341, 0.451988279819, -30.1870765686, -61.29088974, 60.2574996948, 24.5132427216], [-783.323608398, 232.49836731, -86.5307693481, -146.677215576, -39.3045578003, -117.465789795, -0.593411564827, 0.451988279819, 237.625244141, 20.3494606018, 49.0912094116, -22.0281448364, 116.127998352], [347.630126953, -414.691925049, -25.7563037872, 68.4044647217, -4.62115430832, 29.0345897675, -146.857711792, -30.1870765686, 20.3494606018, 264.134155273, -28.2768802643, -65.826171875, -44.1937026978], [-524.934997559, 218.853317261, -142.933135986, -168.915634155, -4.79941606522, -78.1206588745, 80.5332107544, -61.29088974, 49.0912094116, -28.2768802643, 199.166610718, 72.1839447021, 43.3786048889], [-511.447479248, 6.20471668243, 24.2967891693, -191.33543396, -97.7428131104, -5.82441520691, 66.0686798096, 60.2574996948, -22.0281448364, -65.826171875, 72.1839447021, 205.467559814, 76.706413269], [-466.814544678, 215.962966919, -141.432907104, -219.940628052, -79.3305435181, -116.299949646, 61.9676437378, 24.5132427216, 116.127998352, -44.1937026978, 43.3786048889, 76.706413269, 238.387939453]],
        "icov": [[0.000271396071184, -0.000197339541046, 0.000919532845728, -0.000151484608068, 0.000327635469148, -0.000658210832626, 0.000648235960398, -9.85584629234e-05, 0.000905262422748, -4.25870457548e-05, 0.000585051486269, 0.000223027396714, 0.000118451702292], [-0.000197339541046, 0.00205631391145, -0.00109174568206, 0.00132723525167, 0.000153312212205, 0.00280723371543, -0.000183461306733, 0.00134347390849, -0.000909220427275, 0.00325050251558, -0.000863692490384, 0.00176775013097, 0.00029145978624], [0.000919532845728, -0.00109174568206, 0.00575204612687, -0.00175279984251, 0.000667868065648, -0.00405191304162, 0.00156095519196, -0.00161227968056, 0.00170442136005, -0.00068464857759, 0.0032843479421, -0.00158427562565, 0.00154558441136], [-0.000151484608068, 0.00132723525167, -0.00175279984251, 0.0046369805932, -0.00123740197159, 0.00206309044734, 0.000657837314066, 0.00118412752636, 0.000861812324729, 0.00211419467814, 0.000386690953746, 0.00332744698972, 0.000872246222571], [0.000327635469148, 0.000153312212205, 0.000667868065648, -0.00123740197159, 0.00732893217355, 0.000824806862511, -0.0025976113975, 0.0027535923291, 0.00136881042272, -7.39322349546e-05, 0.00101785315201, 0.00237462157384, 0.00136086600833], [-0.000658210832626, 0.00280723371543, -0.00405191304162, 0.00206309044734, 0.000824806862511, 0.015101807192, -0.00181798171252, 0.00285742944106, 0.000406621198636, 0.00280256033875, 0.000917104422115, 0.00057224475313, 0.00345866265707], [0.000648235960398, -0.000183461306733, 0.00156095519196, 0.000657837314066, -0.0025976113975, -0.00181798171252, 0.0124542247504, -0.00230433698744, 0.00355085358024, 0.00499132787809, -0.00307153118774, 0.00141748215538, -0.00248481682502], [-9.85584629234e-05, 0.00134347390849, -0.00161227968056, 0.00118412752636, 0.0027535923291, 0.00285742944106, -0.00230433698744, 0.012775526382, -0.0019701118581, 0.00201772316359, 0.00558253610507, -0.00269597675651, 0.00150695000775], [0.000905262422748, -0.000909220427275, 0.00170442136005, 0.000861812324729, 0.00136881042272, 0.000406621198636, 0.00355085358024, -0.0019701118581, 0.0121335983276, -0.00117955368478, -0.000920622202102, 0.00549371819943, -0.00339344656095], [-4.25870457548e-05, 0.00325050251558, -0.00068464857759, 0.00211419467814, -7.39322349546e-05, 0.00280256033875, 0.00499132787809, 0.00201772316359, -0.00117955368478, 0.0119371507317, -0.00222849729471, 0.00408735033125, 0.000231878453633], [0.000585051486269, -0.000863692490384, 0.0032843479421, 0.000386690953746, 0.00101785315201, 0.000917104422115, -0.00307153118774, 0.00558253610507, -0.000920622202102, -0.00222849729471, 0.014765300788, -0.00642479164526, 0.00465981895104], [0.000223027396714, 0.00176775013097, -0.00158427562565, 0.00332744698972, 0.00237462157384, 0.00057224475313, 0.00141748215538, -0.00269597675651, 0.00549371819943, 0.00408735033125, -0.00642479164526, 0.0157353766263, -0.0038691055961], [0.000118451702292, 0.00029145978624, 0.00154558441136, 0.000872246222571, 0.00136086600833, 0.00345866265707, -0.00248481682502, 0.00150695000775, -0.00339344656095, 0.000231878453633, 0.00465981895104, -0.0038691055961, 0.0106087513268]]
    },
    "melbands": {
        "dmean": [1.64642116829e-07, 1.49393395077e-06, 7.7027016232e-06, 2.04737752938e-05, 5.00909445691e-05, 6.79375298205e-05, 3.27040506818e-05, 1.23787422126e-05, 6.01431675022e-05, 6.88854852342e-05, 3.08116759697e-05, 0.000243206115556, 0.000157104208483, 9.64954451774e-05, 0.000126238155644, 0.000273699959507, 0.000404723308748, 7.86374439485e-05, 0.00019081303617, 9.75288730842e-06, 6.04661750003e-07, 1.32719685553e-06, 1.17744377803e-06, 2.1302987534e-06, 8.12415123619e-07, 6.70603014896e-07, 1.85299745681e-06, 7.76978197337e-08, 1.37247482712e-07, 7.69659607158e-08, 9.39642390563e-08, 1.49562112028e-07, 4.75708326064e-08, 1.25833574671e-08, 1.20115126734e-08, 1.84685315929e-08, 1.21220038451e-08, 9.264798706e-09, 8.65530669358e-09, 7.42050776381e-09],
        "dmean2": [2.81004673752e-07, 2.5565220767e-06, 1.37777442433e-05, 3.56990458386e-05, 8.76844496815e-05, 0.000116806484584, 5.61138622288e-05, 1.95066986635e-05, 9.53238268266e-05, 0.000102909194538, 5.24412826053e-05, 0.00035975346691, 0.000232510501519, 0.000145601574332, 0.000207859469811, 0.000435009103967, 0.000629439775366, 0.000124948797747, 0.000309816154186, 1.6579451767e-05, 9.09977870833e-07, 1.98263342099e-06, 1.76006221864e-06, 3.37749202117e-06, 1.29075942823e-06, 1.00428792393e-06, 2.71857788903e-06, 1.30343266846e-07, 2.38009491227e-07, 1.26347089235e-07, 1.49119472326e-07, 2.51339827173e-07, 7.46620258951e-08, 1.92748199623e-08, 1.79155552615e-08, 2.73808193896e-08, 1.90751663354e-08, 1.47665124572e-08, 1.36838069764e-08, 1.15529967815e-08],
        "dvar": [2.62546891373e-14, 6.55074041886e-12, 1.91050009146e-10, 1.12013254228e-09, 2.94407986878e-09, 7.66070851199e-09, 2.01700456337e-09, 2.33611519018e-10, 1.98427549947e-08, 3.85285154891e-08, 2.59089372179e-09, 7.87796921031e-07, 2.58599015979e-07, 2.83233134724e-07, 2.97534967331e-07, 7.15526482509e-07, 1.88642729881e-06, 9.55738173047e-08, 1.20525737657e-06, 1.82116866032e-09, 3.86415118653e-12, 6.67190469539e-11, 1.8733084528e-11, 9.91584037102e-11, 9.0736116537e-12, 5.72452415332e-12, 1.12517911655e-10, 2.03299521857e-13, 3.16087000324e-13, 4.30045268059e-14, 1.54284056234e-13, 1.17298152528e-12, 4.39402779841e-14, 1.06040065255e-15, 6.36452509754e-16, 3.24104938817e-15, 1.14190428031e-15, 5.33672261385e-16, 1.1689623243e-15, 2.86540340507e-16],
        "dvar2": [7.52083399898e-14, 1.83536484621e-11, 6.04691463568e-10, 3.25771343235e-09, 8.5292217733e-09, 2.08755661646e-08, 6.20594775569e-09, 5.6695298456e-10, 4.58065940734e-08, 7.87731906371e-08, 7.22162418754e-09, 1.51629126321e-06, 4.92538845265e-07, 6.21896447228e-07, 7.31228624318e-07, 1.6704339032e-06, 4.31524222222e-06, 2.02457442811e-07, 2.59797457147e-06, 4.87517182179e-09, 6.24961367379e-12, 1.52181517388e-10, 3.64447465262e-11, 1.92339949523e-10, 1.93019333156e-11, 1.13827957476e-11, 2.16190912394e-10, 5.45457125647e-13, 8.73599261507e-13, 1.04549168259e-13, 3.6787738654e-13, 3.09284173793e-12, 1.06707645378e-13, 2.38311660919e-15, 1.40481324863e-15, 7.40479336512e-15, 2.95257601259e-15, 1.34004963887e-15, 2.87153909998e-15, 6.40760042868e-16],
        "max": [1.79583287263e-06, 2.12708582694e-05, 0.00014439712686, 0.000317375030136, 0.000417954754084, 0.00108373141848, 0.000446246151114, 0.000156002410222, 0.00182377058081, 0.0032889044378, 0.000590829644352, 0.00919707398862, 0.00552099198103, 0.00767142698169, 0.00593198323622, 0.0105347856879, 0.0191040616482, 0.00553756393492, 0.0196357723325, 0.00054719025502, 4.83849107695e-05, 0.000156188223627, 7.53432614147e-05, 0.000220966438064, 6.20091086603e-05, 3.2396048482e-05, 0.000142568562296, 8.10436813481e-06, 7.67937035562e-06, 1.70503608388e-06, 4.36884101873e-06, 2.14167703234e-05, 3.57193130185e-06, 3.82125449505e-07, 2.483847652e-07, 8.86092152541e-07, 5.64423714877e-07, 3.19998832765e-07, 6.5985858555e-07, 2.3717024078e-07],
        "mean": [3.45762089182e-07, 1.73134458237e-06, 1.01962268673e-05, 2.63303281827e-05, 6.87989158905e-05, 0.000102548838186, 4.51872547274e-05, 2.23255028686e-05, 8.15710955067e-05, 9.88537067315e-05, 5.4165320762e-05, 0.000304830638925, 0.000201694725547, 0.000115273171104, 0.000136111295433, 0.00030591795803, 0.000467473320896, 0.000101960227767, 0.000190636870684, 8.64363028086e-06, 8.23031086838e-07, 1.52957534283e-06, 1.40337124321e-06, 2.18167406274e-06, 8.40463144414e-07, 7.24470282876e-07, 2.15662316805e-06, 7.67809424929e-08, 1.19685140021e-07, 7.15858519129e-08, 8.09950648772e-08, 1.24810526358e-07, 4.73933958745e-08, 1.33934854318e-08, 1.31554900307e-08, 1.82713773e-08, 1.20489769273e-08, 9.73461578013e-09, 8.23456858257e-09, 7.50558015739e-09],
        "median": [2.96070936656e-07, 3.84773670703e-07, 2.94557617053e-06, 9.75275906967e-06, 5.32519552507e-05, 7.3828137829e-05, 3.0200184483e-05, 1.45554749906e-05, 3.46392043866e-05, 3.63218969142e-05, 3.06934416585e-05, 1.45984258779e-05, 1.09601905933e-05, 1.19461365102e-05, 8.09569519333e-06, 1.27218190755e-05, 1.73623557203e-05, 5.52662186237e-06, 3.2199297948e-06, 8.76467822764e-07, 2.77085945299e-07, 2.06739969144e-07, 2.14953061572e-07, 1.39957165857e-07, 7.57597433676e-08, 4.32810374207e-08, 2.41822917246e-08, 9.55281098669e-09, 1.02249639866e-08, 8.15978751234e-09, 4.93549334735e-09, 6.54327925176e-09, 3.93276389232e-09, 2.69385491691e-09, 2.36726771519e-09, 2.43006703649e-09, 1.7251214901e-09, 1.36346633983e-09, 9.59161194913e-10, 8.38441815976e-10],
        "min": [3.31971246591e-24, 1.89142221016e-24, 8.51107789328e-24, 9.97077427938e-24, 5.74761057873e-24, 3.81465878621e-24, 1.82749430291e-24, 7.47598983371e-24, 4.73202592175e-24, 3.83761227197e-24, 5.16402035294e-24, 2.12694669139e-24, 4.32026892822e-24, 4.06758376407e-24, 7.28262424862e-24, 5.9147993924e-24, 6.49773091932e-24, 5.47223619722e-24, 7.57644180366e-24, 1.04022354406e-23, 4.86773721315e-24, 9.2695242663e-24, 7.12141263403e-24, 8.35763892518e-24, 1.14542918982e-23, 5.38999784228e-24, 7.14465563174e-24, 7.30221403148e-24, 8.07286171612e-24, 1.05362360871e-23, 9.51421393074e-24, 7.24806898553e-24, 7.2753422736e-24, 9.97355185863e-24, 1.24931862117e-23, 9.41137644541e-24, 7.79654819571e-24, 8.03883262325e-24, 7.06632016613e-24, 8.42875394693e-24],
