{
"metadata": {
    "version": {
        "essentia": "2.0.1",
        "extractor": "archive-music 1.0"
    },
    "audio_properties": {
        "analysis_sample_rate": 44100,
        "bitrate": 128,
        "channels": 2,
        "equal_loudness": 0,
        "length": 15.6734695435,
        "replay_gain": 2.63220405579,
        "downmix": "mix"
    },
    "tags": {
        "track": 0,
        "year": 0,
        "album": "",
        "artist": "",
        "comment": "",
        "genre": "",
        "title": ""
    }
},
"highlevel": {
    "culture": {
        "all": {
            "non_western": 0.641048669815,
            "western": 0.358951330185
        },
        "probability": 0.641048669815,
        "value": "non_western"
    },
    "danceability": {
        "all": {
            "danceable": 1.83103784366e-05,
            "not_danceable": 0.999981701374
        },
        "probability": 0.999981701374,
        "value": "not_danceable"
    },
    "gender": {
        "all": {
            "female": 0.97314542532,
            "male": 0.026854570955
        },
        "probability": 0.97314542532,
        "value": "female"
    },
    "genre_dortmund": {
        "all": {
            "alternative": 0.00389311439358,
            "blues": 0.0158281419426,
            "electronic": 0.0117446118966,
            "folkcountry": 0.0185907203704,
            "funksoulrnb": 0.0041388287209,
            "jazz": 0.872822523117,
            "pop": 0.0101622408256,
            "raphiphop": 0.0613590329885,
            "rock": 0.00146075710654
        },
        "probability": 0.872822523117,
        "value": "jazz"
    },
    "genre_electronic": {
        "all": {
            "ambient": 0.960527420044,
            "dnb": 0.00359693681821,
            "house": 0.013238969259,
            "techno": 0.0206210184842,
            "trance": 0.00201568310149
        },
        "probability": 0.960527420044,
        "value": "ambient"
    },
    "genre_rosamerica": {
        "all": {
            "cla": 0.971418976784,
            "dan": 0.00111659034155,
            "hip": 0.00419760867953,
            "jaz": 0.0175936277956,
            "pop": 0.00118141237181,
            "rhy": 0.00294585851952,
            "roc": 0.000174465036253,
            "spe": 0.00137147749774
        },
        "probability": 0.971418976784,
        "value": "cla"
    },
    "genre_tzanetakis": {
        "all": {
            "blu": 0.00274437433109,
            "cla": 0.277140468359,
            "cou": 0.00130476045888,
            "dis": 0.00513727404177,
            "hip": 0.0206128936261,
            "jaz": 0.597180962563,
            "met": 0.000888206937816,
            "pop": 0.0406478345394,
            "reg": 0.0500911399722,
            "roc": 0.00425209384412
        },
        "probability": 0.597180962563,
        "value": "jaz"
    },
    "mirex_ballroom": {
        "all": {
            "ChaChaCha": 0.00336879352108,
            "Jive": 0.00049690506421,
            "Quickstep": 0.00804164726287,
            "Rumba-American": 0.000981902354397,
            "Rumba-International": 0.00541068566963,
            "Rumba-Misc": 0.024797340855,
            "Samba": 0.0107407234609,
            "Tango": 0.00552137754858,
            "VienneseWaltz": 0.0420299991965,
            "Waltz": 0.898610651493
        },
        "probability": 0.898610651493,
        "value": "Waltz"
    },
    "mood_acoustic": {
        "all": {
            "acoustic": 0.933022379875,
            "not_acoustic": 0.0669775977731
        },
        "probability": 0.933022379875,
        "value": "acoustic"
    },
    "mood_aggressive": {
        "all": {
            "aggressive": 0.00795638468117,
            "not_aggressive": 0.992043614388
        },
        "probability": 0.992043614388,
        "value": "not_aggressive"
    },
    "mood_electronic": {
        "all": {
            "electronic": 0.360880106688,
            "not_electronic": 0.639119923115
        },
        "probability": 0.639119923115,
        "value": "not_electronic"
    },
    "mood_happy": {
        "all": {
            "happy": 0.0366033390164,
            "not_happy": 0.963396668434
        },
        "probability": 0.963396668434,
        "value": "not_happy"
    },
    "mood_party": {
        "all": {
            "not_party": 0.889420330524,
            "party": 0.110579676926
        },
        "probability": 0.889420330524,
        "value": "not_party"
    },
    "mood_relaxed": {
        "all": {
            "not_relaxed": 0.0142510915175,
            "relaxed": 0.985748887062
        },
        "probability": 0.985748887062,
        "value": "relaxed"
    },
    "mood_sad": {
        "all": {
            "not_sad": 0.0763579383492,
            "sad": 0.923642039299
        },
        "probability": 0.923642039299,
        "value": "sad"
    },
    "moods_mirex": {
        "all": {
            "Cluster1": 0.0663101375103,
            "Cluster2": 0.335979491472,
            "Cluster3": 0.427287220955,
            "Cluster4": 0.0879907608032,
            "Cluster5": 0.0824323743582
        },
        "probability": 0.427287220955,
        "value": "Cluster3"
    },
    "timbre": {
        "all": {
            "bright": 0.272877186537,
            "dark": 0.727122783661
        },
        "probability": 0.727122783661,
        "value": "dark"
    },
    "tonal_atonal": {
        "all": {
            "atonal": 0.978734433651,
            "tonal": 0.0212655700743
        },
        "probability": 0.978734433651,
        "value": "atonal"
    },
    "voice_instrumental": {
        "all": {
            "instrumental": 0.999999940395,
            "voice": 5.7352597338e-08
        },
        "probability": 0.999999940395,
        "value": "instrumental"
    }
},
"lowlevel": {
    "average_loudness": 0.292184889317,
    "barkbands_kurtosis": {
        "dmean": 4.62492036819,
        "dmean2": 6.42017412186,
        "dvar": 113.374221802,
        "dvar2": 218.022277832,
        "max": 190.428726196,
        "mean": 12.0402765274,
        "median": 4.64393854141,
        "min": -1.77099251747,
        "var": 626.544128418
    },
    "barkbands_skewness": {
        "dmean": 0.584376573563,
        "dmean2": 0.89471834898,
        "dvar": 0.7847828269,
        "dvar2": 2.1185297966,
        "max": 10.5597486496,
        "mean": 2.01704907417,
        "median": 1.67511463165,
        "min": -1.99839103222,
        "var": 2.54601502419
    },
    "barkbands_spread": {
        "dmean": 3.08422493935,
        "dmean2": 4.61759805679,
        "dvar": 36.5569076538,
        "dvar2": 69.9973373413,
        "max": 97.746383667,
        "mean": 14.6453418732,
        "median": 6.90805387497,
        "min": 0.402643144131,
        "var": 383.981994629
    },
    "dissonance": {
        "dmean": 0.0437846817076,
        "dmean2": 0.0751278176904,
        "dvar": 0.00208497745916,
        "dvar2": 0.00607457198203,
        "max": 0.499996811152,
        "mean": 0.405552119017,
        "median": 0.411600589752,
        "min": 0.181222513318,
        "var": 0.00452931085601
    },
    "dynamic_complexity": 16.4596099854,
    "erbbands_kurtosis": {
        "dmean": 4.83159780502,
        "dmean2": 6.28372192383,
        "dvar": 199.120513916,
        "dvar2": 382.19128418,
        "max": 258.601165771,
        "mean": 11.3037252426,
        "median": 1.77709889412,
        "min": -1.63732469082,
        "var": 1058.91833496
    },
    "erbbands_skewness": {
        "dmean": 0.481489658356,
        "dmean2": 0.608314394951,
        "dvar": 0.629054248333,
        "dvar2": 1.02208828926,
        "max": 12.9123191833,
        "mean": 1.77065193653,
        "median": 1.13479375839,
        "min": -0.949369966984,
        "var": 5.86445951462
    },
    "erbbands_spread": {
        "dmean": 4.09319019318,
        "dmean2": 5.98813056946,
        "dvar": 50.4055595398,
        "dvar2": 102.303375244,
        "max": 128.220336914,
        "mean": 25.6205482483,
        "median": 16.5969963074,
        "min": 0.505822360516,
        "var": 725.282287598
    },
    "hfc": {
        "dmean": 3.41181325912,
        "dmean2": 3.59184980392,
        "dvar": 92.1406555176,
        "dvar2": 115.813171387,
        "max": 151.796096802,
        "mean": 7.37905502319,
        "median": 0.366687119007,
        "min": 1.12918981285e-16,
        "var": 353.426483154
    },
    "melbands_kurtosis": {
        "dmean": 11.1814050674,
        "dmean2": 15.4478406906,
        "dvar": 733.190612793,
        "dvar2": 1255.70373535,
        "max": 416.786529541,
        "mean": 31.8457717896,
        "median": 9.71695327759,
        "min": -1.33364605904,
        "var": 4742.85742188
    },
    "melbands_skewness": {
        "dmean": 0.777279257774,
        "dmean2": 1.14944314957,
        "dvar": 1.42614090443,
        "dvar2": 3.08824062347,
        "max": 15.4894237518,
        "mean": 3.15259933472,
        "median": 2.48185396194,
        "min": -0.865660905838,
        "var": 7.14761686325
    },
    "melbands_spread": {
        "dmean": 3.27590346336,
        "dmean2": 4.71663331985,
        "dvar": 35.1430053711,
        "dvar2": 65.645324707,
        "max": 141.929199219,
        "mean": 12.5156698227,
        "median": 7.83012104034,
        "min": 0.350613057613,
        "var": 222.006881714
    },
    "pitch_salience": {
        "dmean": 0.0549535341561,
        "dmean2": 0.0803001448512,
        "dvar": 0.0046344907023,
        "dvar2": 0.010092462413,
        "max": 0.963752031326,
        "mean": 0.47716024518,
        "median": 0.498279064894,
        "min": 0.0384016446769,
        "var": 0.0278548821807
    },
    "silence_rate_20dB": {
        "dmean": 0,
        "dmean2": 0,
        "dvar": 0,
        "dvar2": 0,
        "max": 1,
        "mean": 1,
        "median": 1,
        "min": 1,
        "var": 0
    },
    "silence_rate_30dB": {
        "dmean": 0.0177777782083,
        "dmean2": 0.0356083102524,
        "dvar": 0.0174615997821,
        "dvar2": 0.0343405529857,
        "max": 1,
        "mean": 0.976331353188,
        "median": 1,
        "min": 0,
        "var": 0.0231083054096
    },
    "silence_rate_60dB": {
        "dmean": 0.0444444455206,
        "dmean2": 0.0890207737684,
        "dvar": 0.0424691401422,
        "dvar2": 0.0870307311416,
        "max": 1,
        "mean": 0.677514791489,
        "median": 1,
        "min": 0,
        "var": 0.218488231301
    },
    "spectral_centroid": {
        "dmean": 161.392868042,
        "dmean2": 217.710327148,
        "dvar": 200987.5,
        "dvar2": 253156.515625,
        "max": 11448.0029297,
        "mean": 1037.96679688,
        "median": 876.982421875,
        "min": 232.651977539,
        "var": 649835.4375
    },
    "spectral_complexity": {
        "dmean": 0.71111112833,
        "dmean2": 1.13353121281,
        "dvar": 3.16545319557,
        "dvar2": 5.81303262711,
        "max": 25,
        "mean": 3.09023666382,
        "median": 2,
        "min": 0,
        "var": 15.0525741577
    },
    "spectral_crest": {
        "dmean": 1.55521178246,
        "dmean2": 2.27531909943,
        "dvar": 2.98003482819,
        "dvar2": 6.401720047,
        "max": 24.5618991852,
        "mean": 12.3374242783,
        "median": 11.7975959778,
        "min": 3.42418527603,
        "var": 22.2274703979
    },
    "spectral_decrease": {
        "dmean": 1.17739240579e-09,
        "dmean2": 1.24632060228e-09,
        "dvar": 1.38208587565e-17,
        "dvar2": 1.8669899868e-17,
        "max": -1.55351114071e-30,
        "mean": -2.48668219349e-09,
        "median": -1.72127104237e-10,
        "min": -5.82346473266e-08,
        "var": 4.51819517077e-17
    },
    "spectral_energy": {
        "dmean": 0.00474971299991,
        "dmean2": 0.00502437585965,
        "dvar": 0.000221466747462,
        "dvar2": 0.000297422113363,
        "max": 0.233559265733,
        "mean": 0.0100546134636,
        "median": 0.00070632720599,
        "min": 1.06657799094e-20,
        "var": 0.000730831292458
    },
    "spectral_energyband_high": {
        "dmean": 4.34277608292e-05,
        "dmean2": 5.46832670807e-05,
        "dvar": 1.91015434581e-08,
        "dvar2": 3.29266356403e-08,
        "max": 0.00183577009011,
        "mean": 0.000104925449705,
        "median": 3.69398946987e-07,
        "min": 7.57749059108e-21,
        "var": 6.70776856282e-08
    },
    "spectral_energyband_low": {
        "dmean": 0.000160545780091,
        "dmean2": 0.000190890204976,
        "dvar": 8.09795039913e-07,
        "dvar2": 6.9931076041e-07,
        "max": 0.0345612391829,
        "mean": 0.000807570642792,
        "median": 1.62809101312e-06,
        "min": 2.440061638e-23,
        "var": 1.48424378494e-05
    },
    "spectral_energyband_middle_high": {
        "dmean": 0.00208269315772,
        "dmean2": 0.00234580668621,
        "dvar": 2.63078090939e-05,
        "dvar2": 3.65869200323e-05,
        "max": 0.0694533213973,
        "mean": 0.00442667910829,
        "median": 0.000107322746771,
        "min": 1.37038967653e-21,
        "var": 0.000115661598102
    },
    "spectral_energyband_middle_low": {
        "dmean": 0.00283860019408,
        "dmean2": 0.00290432921611,
        "dvar": 0.000131047156174,
        "dvar2": 0.000182418603799,
        "max": 0.177133187652,
        "mean": 0.00564589351416,
        "median": 6.18908961769e-05,
        "min": 4.37470097754e-22,
        "var": 0.000385299266782
    },
    "spectral_flatness_db": {
        "dmean": 0.0218138992786,
        "dmean2": 0.0291558019817,
        "dvar": 0.000672784517519,
        "dvar2": 0.00109406677075,
        "max": 0.45173317194,
        "mean": 0.252796977758,
        "median": 0.27857670188,
        "min": 0.0383989885449,
        "var": 0.0102120451629
    },
    "spectral_flux": {
        "dmean": 0.00921105220914,
        "dmean2": 0.0146363480017,
        "dvar": 0.000530076911673,
        "dvar2": 0.00102654844522,
        "max": 0.236462906003,
        "mean": 0.0195482429117,
        "median": 0.00539882993326,
        "min": 1.03275263341e-10,
        "var": 0.00120431091636
    },
    "spectral_kurtosis": {
        "dmean": 4.3259344101,
        "dmean2": 7.45314216614,
        "dvar": 48.3238754272,
        "dvar2": 158.028625488,
        "max": 109.485557556,
        "mean": 14.6184864044,
        "median": 6.29846191406,
        "min": -1.22237718105,
        "var": 449.513000488
    },
    "spectral_rms": {
        "dmean": 0.000448032253189,
        "dmean2": 0.000432100787293,
        "dvar": 9.39114045195e-07,
        "dvar2": 1.0815637097e-06,
        "max": 0.0150951212272,
        "mean": 0.00182050839067,
        "median": 0.000830117205624,
        "min": 3.22577728418e-12,
        "var": 6.49512412565e-06
    },
    "spectral_rolloff": {
        "dmean": 447.252227783,
        "dmean2": 747.271850586,
        "dvar": 1293163.875,
        "dvar2": 2722580.25,
        "max": 18820.0195312,
        "mean": 1700.86425781,
        "median": 818.26171875,
        "min": 215.33203125,
        "var": 7254967.5
    },
    "spectral_skewness": {
        "dmean": 0.351776748896,
        "dmean2": 0.591136217117,
        "dvar": 0.189792662859,
        "dvar2": 0.575897872448,
        "max": 8.4253282547,
        "mean": 2.45881056786,
        "median": 1.94456887245,
        "min": -0.072516001761,
        "var": 2.87716460228
    },
    "spectral_spread": {
        "dmean": 455346.3125,
        "dmean2": 671208.6875,
        "dvar": 3.20315562394e+12,
        "dvar2": 3.58908008858e+12,
        "max": 41615596,
        "mean": 4759553,
        "median": 3540828,
        "min": 856252.75,
        "var": 1.22922467328e+13
    },
    "spectral_strongpeak": {
        "dmean": 0.310739398003,
        "dmean2": 0.373722702265,
        "dvar": 0.379186451435,
        "dvar2": 0.569642424583,
        "max": 9.45296955109,
        "mean": 0.976692140102,
        "median": 0.279794991016,
        "min": 0,
        "var": 2.40032362938
    },
    "zerocrossingrate": {
        "dmean": 0.00885489024222,
        "dmean2": 0.0106646707281,
        "dvar": 0.000323705549818,
        "dvar2": 0.00040071978583,
        "max": 0.5078125,
        "mean": 0.0665579363704,
        "median": 0.0419921875,
        "min": 0.00732421875,
        "var": 0.00496121449396
    },
    "barkbands": {
        "dmean": [7.23513994672e-06, 2.14032315853e-05, 7.77216773713e-05, 7.95249507064e-05, 7.19242380001e-05, 0.000718498253264, 0.00175173638854, 6.40074222247e-06, 2.23490023927e-05, 0.00106053950731, 0.000752951717004, 0.000195939297555, 1.01006262412e-05, 3.80860656151e-05, 2.04175867111e-05, 1.33528674269e-05, 4.06524814025e-05, 0.000126180340885, 1.98886882572e-05, 8.33530157252e-06, 3.14121389238e-05, 3.43451233675e-06, 5.68741552343e-06, 3.79802622774e-06, 7.78231594722e-07, 1.6446323059e-07, 1.32390605145e-08],
        "dmean2": [1.31173001137e-05, 3.69397057511e-05, 9.19705780689e-05, 9.75235234364e-05, 0.000119388379971, 0.000739166105632, 0.00186275970191, 8.47204319143e-06, 3.44118452631e-05, 0.00117032218259, 0.00100710382685, 0.000201170361834, 1.31710166897e-05, 4.16181028413e-05, 2.86076228804e-05, 1.86787547136e-05, 4.40346702817e-05, 0.000149139304995, 2.69049724011e-05, 1.13976793727e-05, 4.15645808971e-05, 5.05034040543e-06, 9.09855407372e-06, 5.56124814466e-06, 9.82230403679e-07, 2.51797217743e-07, 2.29608634328e-08],
        "dvar": [3.62302549073e-10, 9.31129484627e-09, 2.11128323713e-07, 2.31709393006e-07, 1.14543730945e-07, 8.57343366079e-06, 5.54654543521e-05, 6.44420128371e-10, 1.07762394563e-08, 1.05546469058e-05, 5.24278766534e-06, 5.59237264497e-07, 3.96683530468e-09, 2.27483010207e-08, 4.6610568738e-09, 5.44748246512e-09, 2.30180532412e-08, 2.61581050154e-07, 8.10745159896e-09, 7.45723482964e-10, 9.06149022484e-09, 1.39892181172e-10, 3.48749112922e-10, 1.27699295582e-10, 3.96932270039e-12, 1.93663268473e-13, 2.05878388204e-15],
        "dvar2": [1.18149379169e-09, 1.9032313503e-08, 1.93271688431e-07, 1.96264664964e-07, 2.16922003915e-07, 1.27199637063e-05, 7.88553588791e-05, 8.98514374015e-10, 1.98479472857e-08, 1.41197042467e-05, 1.03146785477e-05, 6.15634860424e-07, 5.70649438814e-09, 3.05737799522e-08, 7.14046644035e-09, 7.44729433677e-09, 3.32189955543e-08, 4.47595937203e-07, 1.57593262884e-08, 1.24715571204e-09, 1.59574469194e-08, 2.68106842283e-10, 8.60607585196e-10, 2.35416131034e-10, 6.10929492759e-12, 4.68560140774e-13, 5.19400391498e-15],
        "max": [0.000136812202982, 0.00106177222915, 0.0171256363392, 0.0182930976152, 0.00450589694083, 0.0457296594977, 0.110542185605, 0.000753573083784, 0.00120364793111, 0.0481223464012, 0.0461271628737, 0.0123507920653, 0.00177181744948, 0.00214054901153, 0.00124489224982, 0.00207425141707, 0.00231290399097, 0.00679239211604, 0.00125325459521, 0.000513662467711, 0.0012213869486, 0.000144858408021, 0.000188411300769, 0.000160332027008, 2.29824599955e-05, 6.72611577102e-06, 8.22929678179e-07],
        "mean": [6.70383133183e-06, 3.41510531143e-05, 0.000382960366551, 0.000432413187809, 0.000161348478287, 0.00126963725779, 0.00313691305928, 2.14455412788e-05, 3.60656486009e-05, 0.00204369006678, 0.0014240720775, 0.000487710785819, 2.67794675892e-05, 7.48731326894e-05, 5.43315254617e-05, 3.1511495763e-05, 9.20660604606e-05, 0.000203988471185, 2.5332754376e-05, 2.39906385104e-05, 5.73054203414e-05, 5.80024516239e-06, 1.04072314571e-05, 8.56022688822e-06, 2.01989450943e-06, 5.19607169736e-07, 1.78211632118e-08],
        "median": [7.09383982667e-08, 5.42586008123e-07, 1.07651345616e-07, 1.69983508158e-07, 3.63670096704e-07, 5.40789460501e-06, 9.82192250376e-06, 1.02621982023e-07, 4.32063615108e-07, 2.72436300293e-05, 7.44055341784e-08, 5.31511886948e-06, 1.12174269873e-07, 9.08419565349e-07, 5.79154502134e-08, 1.17298759506e-06, 1.14574709187e-06, 4.74034152376e-07, 4.07542728453e-07, 1.69898129343e-07, 1.71753342215e-07, 1.78995875899e-08, 1.73864620479e-08, 1.14522604733e-08, 1.12621041382e-08, 9.66226920696e-09, 1.78398962269e-09],
        "min": [4.0844117449e-24, 7.80035287186e-24, 1.16026324583e-23, 4.88351009252e-24, 4.55099378248e-24, 1.88570162754e-23, 1.30373172206e-23, 1.04163314383e-22, 9.58618470879e-23, 3.00170788332e-23, 8.1152923354e-23, 9.33730603517e-23, 7.12713676653e-23, 7.73122183529e-23, 7.02340281967e-23, 1.12363024933e-22, 1.39428148394e-22, 1.67890161502e-22, 1.97002738732e-22, 2.81078713595e-22, 5.45348454752e-22, 5.54869008758e-22, 6.47675553384e-22, 7.44499861263e-22, 9.47277099686e-22, 1.69207559213e-21, 2.32860531086e-21],
        "var": [3.46677159202e-10, 1.46954501901e-08, 3.49232391272e-06, 4.36156142314e-06, 3.49811500655e-07, 2.3140817575e-05, 0.000152938970132, 7.91130272404e-09, 2.01314183101e-08, 3.64740917576e-05, 2.56137136603e-05, 2.81212305708e-06, 2.70543321079e-08, 7.66329719681e-08, 2.38384618712e-08, 2.4102416063e-08, 9.32235408868e-08, 6.23461630767e-07, 1.23671473062e-08, 5.16206233314e-09, 2.56723495795e-08, 2.70042516126e-10, 6.0454979911e-10, 4.76561956564e-10, 1.78607822976e-11, 1.43898901041e-12, 3.89076410453e-15]
    },
    "erbbands": {
        "dmean": [0.000617801852059, 0.00472455611452, 0.0526037365198, 0.264506757259, 0.15838316083, 0.243716135621, 0.661504685879, 8.34246730804, 34.1555023193, 2.27146959305, 0.240244343877, 0.993803262711, 25.5350818634, 42.8323516846, 7.20878601074, 9.78326797485, 1.54619336128, 1.20185387135, 1.43215692043, 0.847187399864, 1.37581086159, 2.07307982445, 8.3510427475, 2.1146094799, 0.46474468708, 0.487752020359, 1.49075329304, 0.613629579544, 0.141816332936, 0.206016182899, 0.110280908644, 0.067309692502, 0.0632234960794, 0.012851911597, 0.00416067568585, 0.0011974691879, 0.000166501253261, 4.41660631623e-05, 3.10178256768e-06, 5.53204654352e-06],
        "dmean2": [0.00108301767614, 0.0082931863144, 0.0657482296228, 0.300762534142, 0.256110787392, 0.424185454845, 0.88175368309, 8.55922412872, 36.4567375183, 2.38017845154, 0.253520607948, 0.881164669991, 25.1810321808, 54.9406471252, 9.57731533051, 9.90863132477, 1.67252326012, 1.29790151119, 1.68325293064, 1.12081301212, 1.61351275444, 2.30657553673, 9.84829616547, 2.56655478477, 0.637005388737, 0.637158513069, 1.84315538406, 0.918109953403, 0.218803361058, 0.339797407389, 0.170875668526, 0.101302035153, 0.090972200036, 0.016166549176, 0.0054482454434, 0.00182215101086, 0.000260729488218, 7.26046928321e-05, 3.51672679244e-06, 5.82819939154e-06],
        "dvar": [7.11044003765e-06, 0.000524234259501, 0.0789572075009, 2.78428792953, 0.48033669591, 1.50208771229, 7.08859300613, 1167.6159668, 21256.5878906, 69.5572280884, 0.561250984669, 10.8469676971, 9510.78710938, 14465.8388672, 387.47744751, 1382.58496094, 28.0102310181, 20.1027507782, 17.4768047333, 5.37398815155, 34.699344635, 56.9014587402, 1087.49328613, 68.2953720093, 2.79456734657, 3.0686070919, 19.9772815704, 4.89047670364, 0.277782440186, 0.460224121809, 0.130823731422, 0.0352982655168, 0.0388060063124, 0.00122094771359, 9.84340658761e-05, 9.5313635029e-06, 2.50708097838e-07, 1.73481016219e-08, 6.53825812935e-11, 2.93588542366e-10],
        "dvar2": [1.45207450259e-05, 0.00104359397665, 0.0746589377522, 2.34570193291, 0.864492535591, 2.90440678596, 12.2566080093, 1681.68212891, 30459.8066406, 99.7693252563, 0.755748450756, 13.7700510025, 11801.2919922, 25185.1640625, 782.492675781, 1485.45581055, 35.7262496948, 24.9566230774, 26.3551464081, 8.34351634979, 49.5174217224, 87.3120498657, 1795.95922852, 123.170646667, 5.05083036423, 4.79371547699, 30.6918525696, 10.3902130127, 0.575886964798, 1.14902341366, 0.298764497042, 0.0732433274388, 0.0655904561281, 0.00183088565245, 0.000181257521035, 2.18400182348e-05, 5.91753575918e-07, 4.44918804021e-08, 9.22463286313e-11, 3.89310889082e-10],
        "max": [0.0392682738602, 0.266922712326, 10.2130374908, 64.1730728149, 12.5568332672, 11.5600824356, 45.8317337036, 531.856201172, 2174.33251953, 131.138366699, 16.464345932, 54.2524032593, 1503.38977051, 2414.02514648, 388.012878418, 633.796142578, 82.0899124146, 63.3935089111, 60.0218963623, 38.9086990356, 124.775596619, 140.281677246, 401.931335449, 96.0914154053, 21.4527511597, 32.7120132446, 73.2924804688, 26.9343490601, 6.54677438736, 7.79040813446, 4.3082985878, 2.59729599953, 2.91389107704, 0.438461154699, 0.111528284848, 0.0422423183918, 0.00801355112344, 0.00239172275178, 0.000123905585497, 0.000270076357992],
        "mean": [0.000919567304663, 0.0112836482003, 0.238011538982, 1.46657240391, 0.428443849087, 0.453380554914, 1.40031158924, 14.764292717, 60.538936615, 4.89081144333, 0.629086613655, 2.1279091835, 51.4209671021, 85.9513778687, 14.6183624268, 24.9140071869, 3.71411466599, 2.49894070625, 3.14410209656, 2.33217978477, 3.54231071472, 4.15552282333, 13.9160861969, 2.99865055084, 0.744671523571, 1.41189110279, 2.84702944756, 1.017770648, 0.244900852442, 0.361563831568, 0.215532228351, 0.151166439056, 0.139679864049, 0.0301693677902, 0.0123099563643, 0.00395602826029, 0.000456508831121, 8.01037895144e-05, 7.45947363612e-06, 1.18765838124e-05],
        "median": [1.75035838765e-05, 0.000109986853204, 0.00013673036301, 0.000432772445492, 0.000690654036589, 0.0011401848169, 0.00572291575372, 0.0591814704239, 0.178466975689, 0.0368090458214, 0.0212163887918, 0.18101797998, 0.929104566574, 0.397248148918, 0.125303834677, 0.492145806551, 0.127482414246, 0.0587396509945, 0.0530334599316, 0.0462011769414, 0.0823546797037, 0.0771629214287, 0.0405060350895, 0.0228088013828, 0.0121031012386, 0.0099288765341, 0.00836743507534, 0.00259780627675, 0.000884830427822, 0.000765521894209, 0.000380147364922, 0.000276234466583, 0.000185245851753, 0.000128578394651, 8.0920101027e-05, 4.36513873865e-05, 1.67447251442e-05, 4.84815700474e-06, 5.29966769136e-07, 8.34655168092e-07],
        "min": [3.25932461142e-22, 1.56578756926e-21, 1.31797296171e-20, 1.12460761896e-20, 1.85061418752e-20, 1.4679121301e-20, 1.02018162425e-19, 1.42773092711e-19, 3.92097155433e-19, 4.73284001977e-19, 2.68220199899e-18, 1.40877367938e-18, 1.1997064679e-18, 1.6980937471e-18, 4.48373912779e-18, 2.79913969501e-18, 3.62176398995e-18, 3.31723641346e-18, 5.0898486906e-18, 5.77688340069e-18, 6.56228518846e-18, 7.66394252623e-18, 9.60114823563e-18, 1.03187083919e-17, 1.05355570982e-17, 1.53712888736e-17, 2.20858414692e-17, 1.79034640909e-17, 2.26649803945e-17, 1.62252039635e-17, 1.57320355736e-17, 1.48024318032e-17, 1.23319791489e-17, 9.03559906056e-18, 7.78431302179e-18, 5.7338973058e-18, 3.11192935825e-18, 1.45429363529e-18, 2.9888535168e-19, 3.1791972754e-20],
        "var": [1.07403629954e-05, 0.00165515649132, 1.28128552437, 51.577293396, 2.76619195938, 2.81970191002, 24.7232666016, 3245.34912109, 58305.1953125, 231.109008789, 3.73756790161, 40.3808288574, 33512.6679688, 74670.921875, 1880.77124023, 7246.90380859, 125.594146729, 72.3710784912, 58.0104751587, 26.9667930603, 157.732650757, 179.324752808, 2871.39379883, 129.848693848, 5.60861778259, 20.3166542053, 73.911529541, 7.81652259827, 0.459062606096, 0.766443550587, 0.279268354177, 0.126928001642, 0.139695629478, 0.0044310959056, 0.000626137421932, 7.92265127529e-05, 1.27202144995e-06, 5.35290496373e-08, 2.46975967455e-10, 9.86245640711e-10]
    },
    "gfcc": {
        "mean": [-316.272644043, 70.6695327759, -132.924621582, -6.46543836594, -68.9190826416, 4.68056488037, -26.492181778, 9.45375728607, -21.2140731812, -1.96266448498, -7.55193281174, 8.51218700409, 2.40993499756],
        "cov": [[36615.6367188, 2934.80932617, -9157.84863281, -379.882446289, -1201.66967773, 553.546081543, 885.723876953, -99.377571106, 479.663116455, -675.578369141, 1446.40661621, 252.844787598, 1913.50170898], [2934.80932617, 6343.33056641, 1302.16564941, -246.115905762, 567.867248535, -1899.13171387, -1193.33044434, -945.866027832, 425.194122314, 28.6325759888, 466.57119751, -706.637756348, -776.132141113], [-9157.84863281, 1302.16564941, 4796.82177734, 438.298187256, 549.975830078, -488.404174805, -794.101318359, -169.257965088, 99.7128601074, 237.630020142, -587.587524414, -534.512390137, -1134.14196777], [-379.882446289, -246.115905762, 438.298187256, 482.619995117, 128.91557312, 9.4475479126, -120.678344727, 11.5751428604, -1.71910321712, -1.56594920158, -84.7671432495, -51.6864128113, -141.843902588], [-1201.66967773, 567.867248535, 549.975830078, 128.91557312, 620.994995117, -27.0246143341, -80.9005813599, -40.8679847717, 55.6548538208, -51.675994873, -141.175628662, -160.010696411, -198.699539185], [553.546081543, -1899.13171387, -488.404174805, 9.4475479126, -27.0246143341, 1061.84460449, 658.172424316, 395.050933838, -92.6056213379, -97.6860427856, -285.315612793, 127.840301514, 338.469573975], [885.723876953, -1193.33044434, -794.101318359, -120.678344727, -80.9005813599, 658.172424316, 585.182067871, 245.288024902, -72.2060165405, -108.11857605, -114.447975159, 122.573776245, 339.372436523], [-99.377571106, -945.866027832, -169.257965088, 11.5751428604, -40.8679847717, 395.050933838, 245.288024902, 249.611877441, -46.5789146423, -38.2006149292, -117.062316895, 116.801239014, 131.172851562], [479.663116455, 425.194122314, 99.7128601074, -1.71910321712, 55.6548538208, -92.6056213379, -72.2060165405, -46.5789146423, 103.462417603, 20.9614677429, 38.3789405823, -58.0712623596, -29.2748756409], [-675.578369141, 28.6325759888, 237.630020142, -1.56594920158, -51.675994873, -97.6860427856, -108.11857605, -38.2006149292, 20.9614677429, 126.505439758, 21.6196613312, -3.82770299911, -50.8889122009], [1446.40661621, 466.57119751, -587.587524414, -84.7671432495, -141.175628662, -285.315612793, -114.447975159, -117.062316895, 38.3789405823, 21.6196613312, 261.456298828, 57.8043518066, 82.6695861816], [252.844787598, -706.637756348, -534.512390137, -51.6864128113, -160.010696411, 127.840301514, 122.573776245, 116.801239014, -58.0712623596, -3.82770299911, 57.8043518066, 191.30380249, 165.587554932], [1913.50170898, -776.132141113, -1134.14196777, -141.843902588, -198.699539185, 338.469573975, 339.372436523, 131.172851562, -29.2748756409, -50.8889122009, 82.6695861816, 165.587554932, 371.721588135]],
        "icov": [[0.000224146031542, -0.000450892810477, 0.00059010903351, -0.000492206134368, 0.000656525080558, -0.000922130828258, 0.00058511440875, -0.000451396626886, -0.000640001962893, 0.000281331274891, 9.01958919712e-05, 0.000233696307987, 0.000196990309632], [-0.000450892810477, 0.00213218969293, -0.00101066648494, 0.00202816911042, -0.00159019476268, 0.00266864104196, -0.000879010884091, 0.00113337731455, -0.000398739648517, 0.000804003968369, -0.0016018031165, 0.00257747108117, 0.000872624281328], [0.00059010903351, -0.00101066648494, 0.00323073798791, -0.000919602403883, 0.00233779102564, -0.00266612204723, 0.00150113925338, -0.00144193985034, -0.00346055324189, -0.000396562041715, 0.00231543765403, 0.00110973953269, 0.00583782186732], [-0.000492206134368, 0.00202816911042, -0.000919602403883, 0.00474079046398, -0.00178899650928, 0.00151676812675, 0.00054416898638, 0.000874895777088, 3.66397325706e-05, 0.00102259847336, -0.00132840801962, 0.00201663025655, 0.00216873991303], [0.000656525080558, -0.00159019476268, 0.00233779102564, -0.00178899650928, 0.00483824219555, -0.00314614409581, 0.00137944833841, -0.000911109498702, -0.00380115420558, 0.00152476725634, 0.00252997479402, 0.000188946956769, 0.00352586014196], [-0.000922130828258, 0.00266864104196, -0.00266612204723, 0.00151676812675, -0.00314614409581, 0.0115703251213, -0.00607653846964, -0.00232625706121, 0.00238139810972, -0.00161877542268, 0.00275871134363, 0.00337720219977, -0.0052373483777], [0.00058511440875, -0.000879010884091, 0.00150113925338, 0.00054416898638, 0.00137944833841, -0.00607653846964, 0.0133410431445, -0.00187661009841, 0.000224442308536, 0.00425733765587, 0.00195553875528, 0.0034928699024, -0.0066974167712], [-0.000451396626886, 0.00113337731455, -0.00144193985034, 0.000874895777088, -0.000911109498702, -0.00232625706121, -0.00187661009841, 0.0206542387605, -0.00520747620612, 0.0025854348205, 0.00612474046648, -0.0144913736731, 0.0017175237881], [-0.000640001962893, -0.000398739648517, -0.00346055324189, 3.66397325706e-05, -0.00380115420558, 0.00238139810972, 0.000224442308536, -0.00520747620612, 0.0232948791236, -0.00492960494012, -0.00614483375102, 0.00624944269657, -0.0109074814245], [0.000281331274891, 0.000804003968369, -0.000396562041715, 0.00102259847336, 0.00152476725634, -0.00161877542268, 0.00425733765587, 0.0025854348205, -0.00492960494012, 0.0143678160384, -0.00158033869229, 0.000158910464961, -0.00123997824267], [9.01958919712e-05, -0.0016018031165, 0.00231543765403, -0.00132840801962, 0.00252997479402, 0.00275871134363, 0.00195553875528, 0.00612474046648, -0.00614483375102, -0.00158033869229, 0.0234225802124, -0.0105205941945, -0.00358023238368], [0.000233696307987, 0.00257747108117, 0.00110973953269, 0.00201663025655, 0.000188946956769, 0.00337720219977, 0.0034928699024, -0.0144913736731, 0.00624944269657, 0.000158910464961, -0.0105205941945, 0.0307593718171, -0.00356372725219], [0.000196990309632, 0.000872624281328, 0.00583782186732, 0.00216873991303, 0.00352586014196, -0.0052373483777, -0.0066974167712, 0.0017175237881, -0.0109074814245, -0.00123997824267, -0.00358023238368, -0.00356372725219, 0.0356542021036]]
    },
    "melbands": {
        "dmean": [5.82321035836e-06, 2.1289293727e-05, 3.7876307033e-05, 1.54276003741e-05, 1.88648427866e-05, 0.000252542959061, 0.000434320681961, 4.26318001701e-06, 1.59732655902e-06, 3.36309312843e-06, 0.00012870732462, 0.000172246043803, 4.74369080621e-05, 1.70479816006e-05, 1.62183459906e-05, 8.81564346855e-07, 2.85714941128e-06, 2.80252720586e-06, 1.98451812139e-06, 9.04970818283e-07, 2.03340050575e-06, 2.42596388489e-06, 4.12035615227e-06, 6.88852333042e-06, 1.44175965033e-06, 3.73932948605e-07, 2.44210582423e-07, 3.57200434564e-07, 1.01486159565e-06, 8.11135294043e-07, 2.55383127978e-07, 7.99646358018e-08, 8.12847531506e-08, 1.57517192179e-07, 7.57314779776e-08, 3.32114389323e-08, 5.98597793555e-08, 6.6341215188e-08, 1.26344144036e-08, 1.26684946977e-08],
        "dmean2": [1.03254878923e-05, 2.68959956884e-05, 4.49237522844e-05, 2.52083264058e-05, 2.83287936327e-05, 0.000263981492026, 0.000463658070657, 5.09712481289e-06, 2.09029349207e-06, 5.27166002939e-06, 0.000125613820273, 0.000219306559302, 6.43840030534e-05, 1.77554611582e-05, 1.66455592989e-05, 1.14665158435e-06, 3.14106546284e-06, 3.19028663398e-06, 2.72120450973e-06, 1.26030454339e-06, 2.27853934121e-06, 2.70173723038e-06, 5.00136547998e-06, 8.03985585662e-06, 1.95856091523e-06, 5.22889422427e-07, 3.60981744052e-07, 4.6826667699e-07, 1.17020022117e-06, 1.18765501611e-06, 4.1350406832e-07, 1.24526195577e-07, 1.05772109293e-07, 2.65506372443e-07, 1.16840467967e-07, 5.40017310868e-08, 9.09024038265e-08, 9.78861223189e-08, 1.65498761362e-08, 1.64469238229e-08],
        "dvar": [6.10399175649e-10, 1.21470495884e-08, 5.10732327541e-08, 4.66977034819e-09, 7.23705095851e-09, 1.09928100755e-06, 3.43295300809e-06, 3.34601929497e-10, 3.6917486429e-11, 2.53017273799e-10, 2.64967638941e-07, 2.15262190295e-07, 2.03773922181e-08, 4.64539828826e-09, 3.60006424671e-09, 2.83252987038e-11, 1.22082496889e-10, 9.6975365238e-11, 4.67127482529e-11, 1.41446238403e-11, 7.08061595467e-11, 8.46082370831e-11, 2.63833399572e-10, 7.7608530713e-10, 3.5217918859e-11, 2.49284989352e-12, 6.80528821229e-13, 1.59802856711e-12, 1.27458104834e-11, 6.75026701202e-12, 1.06154527443e-12, 9.65982732714e-14, 7.92453261214e-14, 2.66025184737e-13, 6.69852086126e-14, 7.67842312356e-15, 2.87565381663e-14, 4.24604368863e-14, 1.60294050186e-15, 1.05438205994e-15],
        "dvar2": [1.23187826606e-09, 1.16169678321e-08, 4.20058796635e-08, 8.98543461858e-09, 1.29262138771e-08, 1.56503404014e-06, 4.93765719511e-06, 3.69267699751e-10, 5.23763775406e-11, 4.72964112319e-10, 3.29365207108e-07, 3.71030523638e-07, 4.1381881033e-08, 4.97871077698e-09, 4.18886392239e-09, 4.45649558922e-11, 1.53716733786e-10, 1.41805137077e-10, 7.14272530011e-11, 1.99769419756e-11, 1.02706371186e-10, 1.29616664624e-10, 4.60708832195e-10, 1.31292399175e-09, 6.94705890036e-11, 4.7146882752e-12, 1.34608925569e-12, 2.67120700559e-12, 1.7738914504e-11, 1.28539418692e-11, 2.65715748016e-12, 2.04900332812e-13, 1.34935262291e-13, 6.84265686647e-13, 1.47472705163e-13, 2.02948992518e-14, 6.26976091487e-14, 7.49440995916e-14, 3.02309595238e-15, 1.69941977801e-15],
        "max": [0.000289236137178, 0.00401670206338, 0.00871793180704, 0.000729049264919, 0.00148878840264, 0.0159866474569, 0.0278021264821, 0.00057152856607, 0.00014393980382, 0.000165797391674, 0.00791537668556, 0.00916397292167, 0.00282351835631, 0.00124679831788, 0.000834560079966, 0.000143062454299, 0.000156673006131, 0.000147549988469, 0.000127301042085, 0.000101872901723, 0.000152705033543, 0.000155361543875, 0.000205939664738, 0.000358245975804, 7.13890476618e-05, 2.24940849876e-05, 1.07523510451e-05, 2.57575247815e-05, 6.31957227597e-05, 3.62373102689e-05, 1.03555103124e-05, 4.07416791859e-06, 5.28906957697e-06, 5.23213429915e-06, 3.53489758709e-06, 1.1045563042e-06, 2.56502494267e-06, 2.96197163152e-06, 5.59011994028e-07, 3.69051690541e-07],
        "mean": [9.14875909075e-06, 9.48376546148e-05, 0.000204299300094, 2.30935111176e-05, 3.89273955079e-05, 0.000451335276011, 0.000770802143961, 1.54786230269e-05, 3.84077566196e-06, 5.57099201615e-06, 0.000257238425547, 0.000344418047462, 9.06744025997e-05, 4.477069524e-05, 3.86060164601e-05, 1.99357714337e-06, 5.72873250348e-06, 5.65527125218e-06, 5.45483635506e-06, 2.0883715024e-06, 5.24144161318e-06, 5.1670240282e-06, 6.76907029629e-06, 1.11912249849e-05, 1.63721381341e-06, 4.9948545211e-07, 4.1246892124e-07, 1.03326101453e-06, 2.01462330551e-06, 1.30746843752e-06, 3.51901206841e-07, 1.09300373197e-07, 1.42072252629e-07, 2.42824427232e-07, 1.36600945666e-07, 6.23425933099e-08, 1.23088454984e-07, 1.45853221056e-07, 1.88621633868e-08, 2.85397749877e-08],
        "median": [1.65965730048e-07, 1.01115027462e-07, 7.791307155e-08, 5.81408343692e-08, 8.09522759937e-08, 1.78746836355e-06, 2.30837122217e-06, 5.27579011589e-08, 3.27412763568e-08, 2.51603097468e-07, 2.87745729111e-06, 1.64836455951e-06, 1.04946469293e-08, 6.25514189778e-07, 5.86328042118e-07, 1.01556523191e-08, 8.37557365685e-08, 1.02482559328e-07, 1.02468167285e-08, 9.22336056419e-08, 9.30574870495e-08, 6.73614692914e-08, 3.37215020352e-08, 1.79546724155e-08, 1.72864371706e-08, 7.733621743e-09, 5.79402392731e-09, 5.30125188192e-09, 5.16422549168e-09, 3.5540244081e-09, 6.70404620706e-10, 3.07063430238e-10, 4.39156239151e-10, 4.04740047033e-10, 2.07830558319e-10, 1.57534083001e-10, 1.71822472916e-10, 1.34986438693e-10, 1.10429998479e-10, 1.07700695584e-10],
        "min": [2.65100947327e-24, 5.09347212776e-24, 2.49053564084e-24, 1.17165713859e-24, 3.05882728987e-24, 3.13380003866e-24, 5.5395489094e-24, 7.19887798606e-24, 2.07685035571e-23, 1.1065956185e-23, 5.38408493537e-24, 6.08334780784e-24, 1.43203403183e-23, 1.06411672093e-23, 8.095451537e-24, 6.47498293183e-24, 5.96044248994e-24, 8.47318259311e-24, 5.82093441101e-24, 1.03224240162e-23, 7.79727315888e-24, 7.74248282471e-24, 9.40046571023e-24, 8.47099981499e-24, 8.16133641095e-24, 7.98870840133e-24, 8.57078677519e-24, 9.00726745836e-24, 1.08014385017e-23, 7.68353992673e-24, 9.18525262237e-24, 1.3038494201e-23, 1.07525425362e-23, 8.58520241937e-24, 1.00983812083e-23, 6.72970138496e-24, 9.57226383817e-24, 8.17210515116e-24, 9.46579128179e-24, 7.20525198218e-24],
