{
"metadata": {
    "version": {
        "essentia": "2.0.1",
        "extractor": "archive-music 1.0"
    },
    "audio_properties": {
        "analysis_sample_rate": 44100,
        "bitrate": 128,
        "channels": 2,
        "equal_loudness": 0,
        "length": 15.8040819168,
        "replay_gain": -0.859693527222,
        "downmix": "mix"
    },
    "tags": {
        "track": 0,
        "year": 0,
        "album": "",
        "artist": "",
        "comment": "",
        "genre": "",
        "title": ""
    }
},
"highlevel": {
    "culture": {
        "all": {
            "non_western": 2.76345946126e-10,
            "western": 1
        },
        "probability": 1,
        "value": "western"
    },
    "danceability": {
        "all": {
            "danceable": 0.998508870602,
            "not_danceable": 0.00149114103988
        },
        "probability": 0.998508870602,
        "value": "danceable"
    },
    "gender": {
        "all": {
            "female": 0.743048191071,
            "male": 0.256951838732
        },
        "probability": 0.743048191071,
        "value": "female"
    },
    "genre_dortmund": {
        "all": {
            "alternative": 0.00720968330279,
            "blues": 0.0468541570008,
            "electronic": 0.324902147055,
            "folkcountry": 0.0121757155284,
            "funksoulrnb": 0.0174517631531,
            "jazz": 0.0973609387875,
            "pop": 0.0237172022462,
            "raphiphop": 0.456615388393,
            "rock": 0.0137129845098
        },
        "probability": 0.456615388393,
        "value": "raphiphop"
    },
    "genre_electronic": {
        "all": {
            "ambient": 0.146120131016,
            "dnb": 0.139539271593,
            "house": 0.65106844902,
            "techno": 0.0459222793579,
            "trance": 0.0173498820513
        },
        "probability": 0.65106844902,
        "value": "house"
    },
    "genre_rosamerica": {
        "all": {
            "cla": 0.0203642807901,
            "dan": 0.0698097422719,
            "hip": 0.768814563751,
            "jaz": 0.00820697844028,
            "pop": 0.0276679284871,
            "rhy": 0.0849415808916,
            "roc": 0.00964784249663,
            "spe": 0.0105470940471
        },
        "probability": 0.768814563751,
        "value": "hip"
    },
    "genre_tzanetakis": {
        "all": {
            "blu": 0.0197435282171,
            "cla": 0.0100604649633,
            "cou": 0.0126763312146,
            "dis": 0.0172371398658,
            "hip": 0.2470728755,
            "jaz": 0.0201144404709,
            "met": 0.014418319799,
            "pop": 0.124687001109,
            "reg": 0.429297506809,
            "roc": 0.104692399502
        },
        "probability": 0.429297506809,
        "value": "reg"
    },
    "mirex_ballroom": {
        "all": {
            "ChaChaCha": 0.190484538674,
            "Jive": 0.0698040649295,
            "Quickstep": 0.127010896802,
            "Rumba-American": 0.00774399144575,
            "Rumba-International": 0.150825038552,
            "Rumba-Misc": 0.126061305404,
            "Samba": 0.278266847134,
            "Tango": 0.0157751720399,
            "VienneseWaltz": 0.0150890573859,
            "Waltz": 0.0189391002059
        },
        "probability": 0.278266847134,
        "value": "Samba"
    },
    "mood_acoustic": {
        "all": {
            "acoustic": 1.33133498821e-05,
            "not_acoustic": 0.999986708164
        },
        "probability": 0.999986708164,
        "value": "not_acoustic"
    },
    "mood_aggressive": {
        "all": {
            "aggressive": 0.153150334954,
            "not_aggressive": 0.846849679947
        },
        "probability": 0.846849679947,
        "value": "not_aggressive"
    },
    "mood_electronic": {
        "all": {
            "electronic": 0.963954806328,
            "not_electronic": 0.0360451638699
        },
        "probability": 0.963954806328,
        "value": "electronic"
    },
    "mood_happy": {
        "all": {
            "happy": 0.289218664169,
            "not_happy": 0.710781335831
        },
        "probability": 0.710781335831,
        "value": "not_happy"
    },
    "mood_party": {
        "all": {
            "not_party": 0.321767240763,
            "party": 0.67823278904
        },
        "probability": 0.67823278904,
        "value": "party"
    },
    "mood_relaxed": {
        "all": {
            "not_relaxed": 0.313568681479,
            "relaxed": 0.686431348324
        },
        "probability": 0.686431348324,
        "value": "relaxed"
    },
    "mood_sad": {
        "all": {
            "not_sad": 0.841851115227,
            "sad": 0.158148869872
        },
        "probability": 0.841851115227,
        "value": "not_sad"
    },
    "moods_mirex": {
        "all": {
            "Cluster1": 0.114010550082,
            "Cluster2": 0.0549459718168,
            "Cluster3": 0.212208434939,
            "Cluster4": 0.0431806705892,
            "Cluster5": 0.575654387474
        },
        "probability": 0.575654387474,
        "value": "Cluster5"
    },
    "timbre": {
        "all": {
            "bright": 0.0356659367681,
            "dark": 0.964334070683
        },
        "probability": 0.964334070683,
        "value": "dark"
    },
    "tonal_atonal": {
        "all": {
            "atonal": 0.999999940395,
            "tonal": 4.9630216381e-08
        },
        "probability": 0.999999940395,
        "value": "atonal"
    },
    "voice_instrumental": {
        "all": {
            "instrumental": 0.647287607193,
            "voice": 0.352712363005
        },
        "probability": 0.647287607193,
        "value": "instrumental"
    }
},
"lowlevel": {
    "average_loudness": 0.688789725304,
    "barkbands_kurtosis": {
        "dmean": 11.9933633804,
        "dmean2": 20.0202312469,
        "dvar": 324.069061279,
        "dvar2": 932.650390625,
        "max": 204.369400024,
        "mean": 19.4553356171,
        "median": 8.83477306366,
        "min": -1.87761342525,
        "var": 860.46270752
    },
    "barkbands_skewness": {
        "dmean": 1.15264284611,
        "dmean2": 1.90289103985,
        "dvar": 1.13069820404,
        "dvar2": 2.98831868172,
        "max": 11.7079744339,
        "mean": 3.31601285934,
        "median": 2.85923671722,
        "min": -3.39187693596,
        "var": 4.65066051483
    },
    "barkbands_spread": {
        "dmean": 7.48127555847,
        "dmean2": 12.7630834579,
        "dvar": 113.232765198,
        "dvar2": 327.279632568,
        "max": 94.8987121582,
        "mean": 18.1991882324,
        "median": 12.3451118469,
        "min": 0.225172862411,
        "var": 303.090484619
    },
    "dissonance": {
        "dmean": 0.020245699212,
        "dmean2": 0.0352072045207,
        "dvar": 0.000886617228389,
        "dvar2": 0.00250301300548,
        "max": 0.499926030636,
        "mean": 0.464585512877,
        "median": 0.480434089899,
        "min": 0.208103626966,
        "var": 0.00176488759462
    },
    "dynamic_complexity": 11.965801239,
    "erbbands_kurtosis": {
        "dmean": 0.649709880352,
        "dmean2": 1.10216581821,
        "dvar": 1.18530094624,
        "dvar2": 3.64683842659,
        "max": 16.1708641052,
        "mean": 0.141186669469,
        "median": -0.538650751114,
        "min": -1.68488800526,
        "var": 5.08734321594
    },
    "erbbands_skewness": {
        "dmean": 0.258767008781,
        "dmean2": 0.43817615509,
        "dvar": 0.0550133399665,
        "dvar2": 0.154160648584,
        "max": 3.00047636032,
        "mean": -0.16369099915,
        "median": -0.202310025692,
        "min": -2.36968326569,
        "var": 0.579578340054
    },
    "erbbands_spread": {
        "dmean": 6.30820274353,
        "dmean2": 10.6672058105,
        "dvar": 39.8013839722,
        "dvar2": 113.122108459,
        "max": 100.776496887,
        "mean": 47.9128265381,
        "median": 48.9515304565,
        "min": 4.26751661301,
        "var": 589.188049316
    },
    "hfc": {
        "dmean": 4.08782720566,
        "dmean2": 7.06232357025,
        "dvar": 149.521057129,
        "dvar2": 472.057342529,
        "max": 170.161849976,
        "mean": 20.7090187073,
        "median": 5.8788151741,
        "min": 1.22141542189e-16,
        "var": 982.117370605
    },
    "melbands_kurtosis": {
        "dmean": 29.8979473114,
        "dmean2": 51.0956115723,
        "dvar": 2368.34790039,
        "dvar2": 7093.86523438,
        "max": 601.571960449,
        "mean": 48.5010070801,
        "median": 27.3393440247,
        "min": -1.26986777782,
        "var": 4778.42773438
    },
    "melbands_skewness": {
        "dmean": 1.72071421146,
        "dmean2": 2.8913526535,
        "dvar": 2.68015313148,
        "dvar2": 7.6777882576,
        "max": 18.7946357727,
        "mean": 5.19875621796,
        "median": 4.62640714645,
        "min": -2.16409921646,
        "var": 8.32708072662
    },
    "melbands_spread": {
        "dmean": 7.873711586,
        "dmean2": 13.5692310333,
        "dvar": 170.250930786,
        "dvar2": 472.954681396,
        "max": 153.226364136,
        "mean": 14.8138799667,
        "median": 9.43553543091,
        "min": 0.207897529006,
        "var": 330.111999512
    },
    "pitch_salience": {
        "dmean": 0.121911853552,
        "dmean2": 0.203462347388,
        "dvar": 0.0096896905452,
        "dvar2": 0.0279400069267,
        "max": 0.958516299725,
        "mean": 0.356033563614,
        "median": 0.338410794735,
        "min": 0.0569965057075,
        "var": 0.0218934863806
    },
    "silence_rate_20dB": {
        "dmean": 0,
        "dmean2": 0,
        "dvar": 0,
        "dvar2": 0,
        "max": 1,
        "mean": 1,
        "median": 1,
        "min": 1,
        "var": 0
    },
    "silence_rate_30dB": {
        "dmean": 0.0939794406295,
        "dmean2": 0.188235297799,
        "dvar": 0.0851470306516,
        "dvar2": 0.19986090064,
        "max": 1,
        "mean": 0.790322601795,
        "median": 1,
        "min": 0,
        "var": 0.165713623166
    },
    "silence_rate_60dB": {
        "dmean": 0.0234948601574,
        "dmean2": 0.0470588244498,
        "dvar": 0.0229429621249,
        "dvar2": 0.044844198972,
        "max": 1,
        "mean": 0.256598234177,
        "median": 0,
        "min": 0,
        "var": 0.190754815936
    },
    "spectral_centroid": {
        "dmean": 245.721679688,
        "dmean2": 393.593475342,
        "dvar": 209865.015625,
        "dvar2": 243712.78125,
        "max": 11340.4394531,
        "mean": 1650.95751953,
        "median": 1577.640625,
        "min": 135.140716553,
        "var": 1227567.5
    },
    "spectral_complexity": {
        "dmean": 1.79735684395,
        "dmean2": 3.02352952957,
        "dvar": 4.91044425964,
        "dvar2": 12.825958252,
        "max": 47,
        "mean": 13.8123168945,
        "median": 10,
        "min": 0,
        "var": 149.633377075
    },
    "spectral_crest": {
        "dmean": 3.53223848343,
        "dmean2": 6.03006362915,
        "dvar": 8.9973154068,
        "dvar2": 24.1499576569,
        "max": 25.9583969116,
        "mean": 14.5557575226,
        "median": 14.2274675369,
        "min": 3.80652475357,
        "var": 21.2117137909
    },
    "spectral_decrease": {
        "dmean": 7.67124941348e-09,
        "dmean2": 1.27972361597e-08,
        "dvar": 1.49734871291e-16,
        "dvar2": 3.94300745559e-16,
        "max": 3.91851331488e-29,
        "mean": -1.42201779241e-08,
        "median": -6.12069861461e-09,
        "min": -1.11881853115e-07,
        "var": 3.30906417507e-16
    },
    "spectral_energy": {
        "dmean": 0.0290489159524,
        "dmean2": 0.0484661199152,
        "dvar": 0.00214285985567,
        "dvar2": 0.00563408853486,
        "max": 0.42527154088,
        "mean": 0.0555485710502,
        "median": 0.024250773713,
        "min": 1.09307103499e-20,
        "var": 0.00495627569035
    },
    "spectral_energyband_high": {
        "dmean": 0.000475544598885,
        "dmean2": 0.000832889112644,
        "dvar": 3.35018512487e-06,
        "dvar2": 1.06176803456e-05,
        "max": 0.0228052251041,
        "mean": 0.00187274557538,
        "median": 6.54597533867e-05,
        "min": 7.85180032275e-21,
        "var": 1.42063108797e-05
    },
    "spectral_energyband_low": {
        "dmean": 0.026651699096,
        "dmean2": 0.0456574261189,
        "dvar": 0.00177783030085,
        "dvar2": 0.00494622765109,
        "max": 0.396891027689,
        "mean": 0.0398331023753,
        "median": 0.0156909674406,
        "min": 4.76504266942e-23,
        "var": 0.00293440907262
    },
    "spectral_energyband_middle_high": {
        "dmean": 0.000450744497357,
        "dmean2": 0.000724753423128,
        "dvar": 5.55385042844e-07,
        "dvar2": 1.63558149779e-06,
        "max": 0.0192921794951,
        "mean": 0.00253482395783,
        "median": 0.00131185003556,
        "min": 1.58191112885e-21,
        "var": 1.19107116916e-05
    },
    "spectral_energyband_middle_low": {
        "dmean": 0.00214308244176,
        "dmean2": 0.00369720975868,
        "dvar": 1.39170952025e-05,
        "dvar2": 3.88691078115e-05,
        "max": 0.0411079116166,
        "mean": 0.00650332681835,
        "median": 0.00233936170116,
        "min": 2.44804516279e-22,
        "var": 7.23742487025e-05
    },
    "spectral_flatness_db": {
        "dmean": 0.0385716557503,
        "dmean2": 0.0641468912363,
        "dvar": 0.000961623096373,
        "dvar2": 0.00260167056695,
        "max": 0.594934880733,
        "mean": 0.2455534935,
        "median": 0.211930423975,
        "min": 0.0380032844841,
        "var": 0.0141040347517
    },
    "spectral_flux": {
        "dmean": 0.0383648909628,
        "dmean2": 0.0668902099133,
        "dvar": 0.00226874370128,
        "dvar2": 0.00693494174629,
        "max": 0.445666849613,
        "mean": 0.103572025895,
        "median": 0.0850313380361,
        "min": 1.06266544175e-10,
        "var": 0.00764687731862
    },
    "spectral_kurtosis": {
        "dmean": 6.96987628937,
        "dmean2": 12.0507555008,
        "dvar": 276.493469238,
        "dvar2": 872.93927002,
        "max": 317.923431396,
        "mean": 19.2411384583,
        "median": 2.24039816856,
        "min": -1.19100904465,
        "var": 1936.0267334
    },
    "spectral_rms": {
        "dmean": 0.00160245026927,
        "dmean2": 0.00266450410709,
        "dvar": 3.62383661923e-06,
        "dvar2": 9.45087322179e-06,
        "max": 0.0203690715134,
        "mean": 0.00574983935803,
        "median": 0.00486408080906,
        "min": 3.26559439212e-12,
        "var": 2.11331152968e-05
    },
    "spectral_rolloff": {
        "dmean": 591.988037109,
        "dmean2": 1028.55859375,
        "dvar": 1628970.5,
        "dvar2": 3989319.5,
        "max": 19164.5507812,
        "mean": 784.191650391,
        "median": 172.265625,
        "min": 21.533203125,
        "var": 3802559
    },
    "spectral_skewness": {
        "dmean": 0.426089525223,
        "dmean2": 0.732275724411,
        "dvar": 0.589414536953,
        "dvar2": 1.93180167675,
        "max": 13.9932289124,
        "mean": 2.17380475998,
        "median": 1.09104514122,
        "min": -0.0456180460751,
        "var": 6.60321903229
    },
    "spectral_spread": {
        "dmean": 364803.15625,
        "dmean2": 547317.6875,
        "dvar": 2.81025367245e+12,
        "dvar2": 2.95260258304e+12,
        "max": 40463456,
        "mean": 3942014,
        "median": 4186235.75,
        "min": 360488.15625,
        "var": 7.30973601792e+12
    },
    "spectral_strongpeak": {
        "dmean": 0.210098147392,
        "dmean2": 0.383602082729,
        "dvar": 2.04913687706,
        "dvar2": 6.10954999924,
        "max": 26.4938678741,
        "mean": 0.203398689628,
        "median": 0.0601524710655,
        "min": 0,
        "var": 1.07361745834
    },
    "zerocrossingrate": {
        "dmean": 0.0107687171549,
        "dmean2": 0.0154684623703,
        "dvar": 0.00065685401205,
        "dvar2": 0.00130264053587,
        "max": 0.513671875,
        "mean": 0.0397584065795,
        "median": 0.02783203125,
        "min": 0,
        "var": 0.00255327695049
    },
    "barkbands": {
        "dmean": [0.0140595138073, 0.0184445548803, 0.00172778777778, 0.000629780988675, 0.0013569771545, 0.000753315340262, 0.000559686799534, 0.000173709951923, 0.000217813023482, 0.000168480415596, 0.000126006489154, 0.000106986160972, 6.24755339231e-05, 8.00157067715e-05, 5.49778997083e-05, 6.50671645417e-05, 5.38698041055e-05, 0.000129486186779, 0.000120544529636, 0.000167061516549, 0.000154493114678, 0.000241226720391, 4.51040832559e-05, 4.84152224089e-05, 1.75173809112e-05, 6.20243008598e-06, 4.5560400963e-07],
        "dmean2": [0.0217728428543, 0.0323862396181, 0.00306235346943, 0.00110615848098, 0.00233876612037, 0.00127752008848, 0.000914941017982, 0.000294649740681, 0.000363910250599, 0.000283612607745, 0.000214450308704, 0.000180898714461, 0.000103463942651, 0.000122843805002, 9.02613610378e-05, 0.000107709107397, 8.88014619704e-05, 0.000204679134185, 0.00021121786267, 0.000309578434099, 0.000272520992439, 0.000411243730923, 7.94394800323e-05, 9.09392911126e-05, 3.16585646942e-05, 1.11971066872e-05, 8.66884988682e-07],
        "dvar": [0.000603260705248, 0.000916377117392, 9.86179657048e-06, 1.15473858386e-06, 6.54531731925e-06, 2.54477299677e-06, 1.52522306962e-06, 1.06581900639e-07, 1.31008491167e-07, 1.05600278744e-07, 6.03764434004e-08, 4.59982416601e-08, 2.05273771314e-08, 3.49832305346e-08, 1.13281730663e-08, 1.99182821348e-08, 7.67360841536e-09, 1.25720305277e-07, 7.16162062986e-08, 1.85185513146e-07, 3.01023874272e-07, 6.97318967013e-07, 4.92345400005e-08, 6.41602682094e-08, 1.19648690955e-08, 1.83369686102e-09, 1.2222370685e-11],
        "dvar2": [0.00132123206276, 0.00275333411992, 2.85551468551e-05, 3.24006600749e-06, 1.87304685824e-05, 7.26225471226e-06, 4.1826638153e-06, 3.07121126752e-07, 3.7268671349e-07, 3.28613737111e-07, 1.72940985976e-07, 1.3402558352e-07, 5.66221380893e-08, 8.8889635208e-08, 2.83361423215e-08, 5.58749881918e-08, 2.04268175708e-08, 3.40534796806e-07, 2.08190584772e-07, 6.49348976367e-07, 8.8089871042e-07, 2.18231343752e-06, 1.49841227426e-07, 2.06673860248e-07, 3.70166510777e-08, 5.75999958841e-09, 3.68419530994e-11],
        "max": [0.225134521723, 0.322209328413, 0.0368256010115, 0.0112700853497, 0.0234598740935, 0.0179010201246, 0.0147230476141, 0.0031344469171, 0.00442944234237, 0.00312826223671, 0.00255451863632, 0.00273882364854, 0.00200380547903, 0.00452299928293, 0.00171486032195, 0.00160435028374, 0.00100762606598, 0.00775095075369, 0.0037973804865, 0.00519229099154, 0.0102496519685, 0.0121227595955, 0.00318628409877, 0.00322530069388, 0.0014742964413, 0.000623616273515, 4.59284710814e-05],
        "mean": [0.0187291894108, 0.0239992290735, 0.00197438406758, 0.000799539790023, 0.00221926858649, 0.00137495342642, 0.00119128718507, 0.000281989603536, 0.000547256553546, 0.000326370092807, 0.000227244308917, 0.000214748171857, 0.000126200669911, 0.000241498331889, 0.000128782601678, 0.000147551370901, 0.000127687380882, 0.000491205370054, 0.000232846578001, 0.000377481977921, 0.000310763454763, 0.00129416864365, 7.6490243373e-05, 8.08660770417e-05, 2.06086060643e-05, 6.69970268063e-06, 3.19803831417e-07],
        "median": [0.004011281766, 0.00866309553385, 0.000583700602874, 0.000253644480836, 0.000508841592818, 0.000219454581384, 0.000176179979462, 0.000110662193038, 0.000219445253606, 8.51930963108e-05, 4.78574329463e-05, 7.59485847084e-05, 2.82275377685e-05, 6.96424249327e-05, 4.60369992652e-05, 2.04460084205e-05, 3.18212041748e-05, 2.69837928499e-05, 4.06072940677e-05, 2.03165454877e-05, 2.56556868408e-05, 1.55293000716e-05, 3.29702288582e-06, 2.35260517911e-06, 7.68514496485e-07, 1.42906941392e-07, 1.17859011439e-09],
        "min": [5.42793771309e-24, 4.67115780873e-24, 1.60033245725e-23, 1.61049267017e-23, 3.15024976068e-23, 2.82789216473e-23, 4.98970930859e-23, 2.24134142286e-23, 3.9435882404e-23, 2.9430431377e-23, 5.14712429342e-23, 6.35082001188e-23, 3.04693611892e-23, 6.31156629324e-23, 7.43947267354e-23, 1.12749402694e-22, 1.11508341474e-22, 2.95643332581e-22, 3.45149567177e-22, 2.62082842023e-22, 3.60073679544e-22, 5.30505853805e-22, 8.56432837096e-22, 8.07572231509e-22, 1.11637020465e-21, 1.62551865288e-21, 2.56943260502e-21],
        "var": [0.00115080352407, 0.00118243531324, 1.32043369376e-05, 1.78821392183e-06, 1.25467568068e-05, 6.41771703158e-06, 5.63631692785e-06, 1.85122033258e-07, 5.59511363463e-07, 2.76372503549e-07, 1.43751833548e-07, 1.12030470234e-07, 4.86173838965e-08, 3.52756416078e-07, 4.12053147159e-08, 6.23526901222e-08, 2.71350284464e-08, 1.52403890752e-06, 1.28115345888e-07, 5.22323432506e-07, 5.30688907929e-07, 9.62840567809e-06, 8.04902597906e-08, 6.97401105754e-08, 1.25559305175e-08, 1.55682522429e-09, 7.8765657191e-12]
    },
    "erbbands": {
        "dmean": [1.12218499184, 2.30416989326, 2.13404178619, 1.79565989971, 3.45902919769, 5.20952939987, 8.2418680191, 4.09054422379, 8.1210899353, 5.32433509827, 3.56614375114, 4.95534038544, 5.29803991318, 5.11927127838, 4.44031524658, 4.18824911118, 3.02742290497, 3.73711514473, 3.08470273018, 3.32122635841, 3.00148010254, 2.69038510323, 7.97030591965, 3.03841710091, 8.30959033966, 7.31899690628, 7.77034091949, 4.67809963226, 6.17641210556, 5.75651168823, 1.61028790474, 0.981010437012, 0.824505805969, 0.272357791662, 0.0876507759094, 0.038935482502, 0.00811156071723, 0.00145649677143, 4.45502264483e-05, 3.15168763336e-05],
        "dmean2": [1.95000612736, 4.12568902969, 3.79463505745, 3.16795444489, 5.83909749985, 9.11110210419, 14.043340683, 7.19362878799, 13.2724180222, 9.00712013245, 6.09018039703, 8.37486076355, 9.22263050079, 8.59423828125, 7.77687263489, 7.06345796585, 4.99361944199, 5.73708200455, 5.04221582413, 5.36950111389, 4.91681098938, 4.34631538391, 12.6631889343, 4.86321353912, 14.8075237274, 13.4023866653, 13.6575050354, 8.38562965393, 10.8087968826, 9.31469917297, 2.82891345024, 1.87358617783, 1.49674534798, 0.499815195799, 0.152010649443, 0.0685728788376, 0.0148529624566, 0.00280401250347, 8.30122589832e-05, 5.25433970324e-05],
        "dvar": [3.45500421524, 16.189704895, 13.7049608231, 11.3327827454, 51.7766456604, 124.389457703, 319.316070557, 52.2453269958, 369.470794678, 107.10408783, 42.4398536682, 72.8822784424, 92.3526153564, 98.4428710938, 79.3809509277, 73.3563079834, 48.6225090027, 62.3490028381, 44.3939170837, 56.5142097473, 36.9027404785, 22.8352527618, 575.352966309, 51.3818321228, 300.72177124, 289.508209229, 849.070861816, 425.492523193, 850.883239746, 244.166915894, 71.5002365112, 25.8458862305, 19.4465312958, 3.09043240547, 0.258313179016, 0.0645089372993, 0.00356937479228, 0.000109432265162, 5.90290056834e-08, 2.57549248595e-09],
        "dvar2": [10.2582540512, 48.6283416748, 41.4396018982, 31.8627586365, 143.371170044, 375.789093018, 877.81829834, 154.249664307, 983.593017578, 317.766601562, 118.679229736, 213.36769104, 282.584747314, 261.52166748, 243.957336426, 211.969802856, 136.683425903, 153.865020752, 116.393058777, 144.129760742, 98.8822860718, 59.4522972107, 1586.51342773, 150.491027832, 874.716003418, 1002.06719971, 2432.23632812, 1346.70959473, 2738.60986328, 653.85369873, 218.576797485, 82.6641082764, 61.5127983093, 9.56908416748, 0.770971119404, 0.200098618865, 0.0112156337127, 0.000342531624483, 1.85200576652e-07, 6.75977807063e-09],
        "max": [17.9958972931, 37.9374580383, 36.1561088562, 37.0369987488, 79.4216461182, 123.843055725, 195.378387451, 74.7552032471, 244.048538208, 120.181411743, 72.9720840454, 117.081291199, 96.947517395, 124.119338989, 97.400970459, 120.074691772, 100.862060547, 260.111816406, 95.0347976685, 83.6467819214, 96.7000045776, 90.5045471191, 476.679260254, 98.4608459473, 209.157745361, 179.31854248, 538.646789551, 305.892089844, 394.868438721, 424.853759766, 124.651809692, 64.577507019, 63.6096687317, 24.3401622772, 7.1188955307, 3.52415919304, 0.931390464306, 0.131932750344, 0.00323394336738, 0.000461628078483],
        "mean": [1.38695442677, 2.8292491436, 2.66554069519, 2.58737516403, 4.75343847275, 8.06570911407, 14.3880348206, 7.36401939392, 17.3576831818, 10.6698589325, 6.96250391006, 11.8496799469, 11.4882602692, 10.6396026611, 8.53422164917, 8.97225093842, 7.00828695297, 12.6682767868, 7.66826725006, 7.72090482712, 7.66374015808, 9.57752895355, 27.3892765045, 10.5627937317, 19.4063453674, 16.8742599487, 13.5872116089, 10.2989931107, 21.488986969, 42.6653671265, 3.30548930168, 1.36460506916, 1.6506947279, 0.364344626665, 0.111786149442, 0.0453110896051, 0.00802550744265, 0.00117835449055, 5.98156002525e-05, 6.58350909362e-05],
        "median": [0.446027159691, 1.05160093307, 1.01707494259, 1.04511380196, 1.38687801361, 1.83316659927, 1.8623342514, 1.50977540016, 1.97708451748, 2.71751260757, 2.90993881226, 4.83872079849, 5.13468837738, 3.49845266342, 1.86810326576, 3.23220992088, 3.29773283005, 3.74771595001, 2.82909965515, 2.06286168098, 1.28010988235, 1.9110212326, 1.98888504505, 1.06533908844, 2.11689186096, 1.06463587284, 1.25013720989, 0.594217538834, 0.43616527319, 0.243043467402, 0.100930474699, 0.0611682236195, 0.0305199827999, 0.00954659562558, 0.00425976421684, 0.00127614126541, 0.000189373386092, 1.34790707307e-05, 1.72254731297e-05, 2.82374949165e-05],
        "min": [3.666738831e-22, 7.56399266349e-22, 1.61344809653e-20, 3.71608402185e-20, 7.95166396402e-20, 7.8669348199e-20, 1.62906862691e-19, 2.86782148354e-19, 6.63971673842e-19, 7.20581071531e-19, 4.26061268932e-19, 8.72992666611e-19, 1.0988487494e-18, 1.2539176105e-18, 2.48678512877e-18, 3.0575323068e-18, 1.649919989e-18, 2.90949737604e-18, 4.67349973698e-18, 4.98286900839e-18, 5.065939035e-18, 6.91522123555e-18, 1.37795998147e-17, 1.58503918843e-17, 2.00782244917e-17, 1.20637542547e-17, 1.41923100008e-17, 1.36986585374e-17, 1.94781099203e-17, 2.23295321864e-17, 2.35383176853e-17, 1.71703223334e-17, 1.4198745466e-17, 1.21965399041e-17, 8.88657502859e-18, 5.03024825952e-18, 3.19201036771e-18, 1.2674594877e-18, 3.22787743606e-19, 3.71227479051e-20],
        "var": [4.28697824478, 18.8875980377, 17.6884918213, 20.7072544098, 70.1471939087, 223.559295654, 847.767883301, 129.617019653, 1443.00280762, 316.878814697, 100.023284912, 263.305236816, 233.867004395, 303.776092529, 182.306564331, 195.503646851, 111.848754883, 1094.39501953, 131.069549561, 167.290237427, 129.340789795, 259.521942139, 5662.77197266, 397.355163574, 1075.15966797, 771.472167969, 1203.93615723, 614.992370605, 2420.88012695, 11404.2958984, 105.126464844, 30.0373249054, 23.3905677795, 2.94000124931, 0.332750439644, 0.060412928462, 0.00285454676487, 7.87876851973e-05, 4.67608209931e-08, 6.76155487156e-09]
    },
    "gfcc": {
        "mean": [-149.312576294, 125.403121948, -96.0020828247, 51.3429603577, -48.4915275574, 16.1868133545, -10.4662799835, 5.73431825638, -7.76602172852, 3.62832951546, -3.30504870415, -1.70208215714, 0.712951958179],
        "cov": [[50533.6757812, 438.441680908, -5765.43261719, 3338.03857422, -2185.34790039, 919.61328125, -406.875549316, -15.2902956009, 258.055603027, -177.800415039, 359.99307251, 347.646575928, 491.546020508], [438.441680908, 4710.3515625, 817.286499023, -1541.54418945, 747.682067871, -724.778381348, 291.975708008, -698.141845703, 288.472320557, -212.417358398, 202.396408081, -486.209655762, 257.149017334], [-5765.43261719, 817.286499023, 1894.00256348, -560.539306641, 143.399719238, -322.293334961, 128.166885376, -117.188873291, -3.41478919983, -42.9212837219, 54.0936813354, -27.7237434387, 14.1141729355], [3338.03857422, -1541.54418945, -560.539306641, 1172.45471191, -528.425415039, 238.4712677, -84.6330032349, 228.922424316, -78.0690536499, 1.58464813232, 32.3874931335, 198.776184082, -26.0770244598], [-2185.34790039, 747.682067871, 143.399719238, -528.425415039, 474.442901611, -109.204177856, 80.9869308472, -109.883110046, 40.1374588013, 11.6762170792, -13.301609993, -133.781845093, 10.7214975357], [919.61328125, -724.778381348, -322.293334961, 238.4712677, -109.204177856, 297.050262451, -22.5210876465, 118.974716187, -31.3115386963, 34.234161377, -22.1597557068, 49.0174255371, -45.9898490906], [-406.875549316, 291.975708008, 128.166885376, -84.6330032349, 80.9869308472, -22.5210876465, 119.802093506, -22.8750114441, 23.008480072, 2.50649595261, 36.7248725891, -53.229839325, 19.7807941437], [-15.2902956009, -698.141845703, -117.188873291, 228.922424316, -109.883110046, 118.974716187, -22.8750114441, 193.914901733, -56.1418075562, 17.839723587, -28.1132240295, 86.0492630005, -48.8407325745], [258.055603027, 288.472320557, -3.41478919983, -78.0690536499, 40.1374588013, -31.3115386963, 23.008480072, -56.1418075562, 103.54133606, 11.5317430496, 19.2460727692, -39.2099571228, 24.5272464752], [-177.800415039, -212.417358398, -42.9212837219, 1.58464813232, 11.6762170792, 34.234161377, 2.50649595261, 17.839723587, 11.5317430496, 103.670913696, -30.7584896088, -11.8455429077, -15.6004600525], [359.99307251, 202.396408081, 54.0936813354, 32.3874931335, -13.301609993, -22.1597557068, 36.7248725891, -28.1132240295, 19.2460727692, -30.7584896088, 82.701499939, 0.0847319960594, 32.0111160278], [347.646575928, -486.209655762, -27.7237434387, 198.776184082, -133.781845093, 49.0174255371, -53.229839325, 86.0492630005, -39.2099571228, -11.8455429077, 0.0847319960594, 127.085548401, -9.62916851044], [491.546020508, 257.149017334, 14.1141729355, -26.0770244598, 10.7214975357, -45.9898490906, 19.7807941437, -48.8407325745, 24.5272464752, -15.6004600525, 32.0111160278, -9.62916851044, 58.8974685669]],
        "icov": [[8.35867685964e-05, -0.000284244772047, 0.000204870651942, -0.000224219955271, 0.000308515009237, -0.000322325591696, 0.000133452966111, -5.56960985705e-05, 6.11177965766e-05, -0.000324666383676, 0.000134977904963, -0.000408881460316, -0.000255452730926], [-0.000284244772047, 0.00249801389873, -0.000519939232618, 0.00192249612883, -0.000745373719838, 0.00250671268441, -0.00135352229699, 0.00149332918227, -0.00104613171425, 0.00329782208428, -0.00183605880011, 0.00380656914786, -0.000843030691613], [0.000204870651942, -0.000519939232618, 0.00141289352905, 0.000137656999868, 0.00125593214761, 0.000225012277951, -0.00103039387614, 0.000296283949865, 0.000436921225628, -0.000645721331239, -0.000236956620938, -0.00175531383138, 0.000310283649014], [-0.000224219955271, 0.00192249612883, 0.000137656999868, 0.00393832288682, 0.00148210779298, 0.00184395513497, -0.00161431950983, 0.000203958930797, -0.000238820983213, 0.00212734052911, -0.00284294248559, 0.00196947483346, -0.00040026588249], [0.000308515009237, -0.000745373719838, 0.00125593214761, 0.00148210779298, 0.00628217030317, -0.000327903399011, -0.00173041853122, -5.93380245846e-05, 0.000575991172809, -0.00101966178045, 0.000438848568592, 0.000357973098289, -0.000522840418853], [-0.000322325591696, 0.00250671268441, 0.000225012277951, 0.00184395513497, -0.000327903399011, 0.0083700241521, -0.0024667638354, -0.000334242824465, -0.000856461992953, 0.00218501850031, -0.00235948315822, 0.00338129955344, 0.00242544431239], [0.000133452966111, -0.00135352229699, -0.00103039387614, -0.00161431950983, -0.00173041853122, -0.0024667638354, 0.0169073399156, -0.00522914621979, 0.000169905164512, -0.00312102003954, -0.00582426181063, 0.00596711086109, -0.00405418733135], [-5.56960985705e-05, 0.00149332918227, 0.000296283949865, 0.000203958930797, -5.93380245846e-05, -0.000334242824465, -0.00522914621979, 0.0140932854265, 0.00120671757031, 0.00143593852408, 0.00150562101044, -0.00514260400087, 0.00537580996752], [6.11177965766e-05, -0.00104613171425, 0.000436921225628, -0.000238820983213, 0.000575991172809, -0.000856461992953, 0.000169905164512, 0.00120671757031, 0.0136655019596, -0.00412773899734, -0.00171780039091, 0.000186131510418, -0.00180319650099], [-0.000324666383676, 0.00329782208428, -0.000645721331239, 0.00212734052911, -0.00101966178045, 0.00218501850031, -0.00312102003954, 0.00143593852408, -0.00412773899734, 0.0165871996433, 0.00266322377138, 0.00605075713247, -0.000807236123364], [0.000134977904963, -0.00183605880011, -0.000236956620938, -0.00284294248559, 0.000438848568592, -0.00235948315822, -0.00582426181063, 0.00150562101044, -0.00171780039091, 0.00266322377138, 0.0231958981603, -0.00577383255586, -0.0051600644365], [-0.000408881460316, 0.00380656914786, -0.00175531383138, 0.00196947483346, 0.000357973098289, 0.00338129955344, 0.00596711086109, -0.00514260400087, 0.000186131510418, 0.00605075713247, -0.00577383255586, 0.0252499617636, -0.00681662000716], [-0.000255452730926, -0.000843030691613, 0.000310283649014, -0.00040026588249, -0.000522840418853, 0.00242544431239, -0.00405418733135, 0.00537580996752, -0.00180319650099, -0.000807236123364, -0.0051600644365, -0.00681662000716, 0.0325754992664]]
    },
    "melbands": {
        "dmean": [0.00772672332823, 0.00157718383707, 0.000339181569871, 0.000313865981298, 0.000257389590843, 0.000101228142739, 0.000120408119983, 5.10580284754e-05, 2.86501763185e-05, 3.3478376281e-05, 2.73493260465e-05, 2.17623000935e-05, 1.58067923621e-05, 1.13864334708e-05, 1.06624474938e-05, 6.17404930381e-06, 7.45609804653e-06, 5.25054974787e-06, 4.52934636996e-06, 4.58317981611e-06, 4.26015412813e-06, 2.89566378342e-06, 6.60483374304e-06, 5.71994632992e-06, 2.28309841077e-06, 5.24177858097e-06, 9.37311415328e-06, 3.8115949792e-06, 4.78869060316e-06, 4.01193756261e-06, 2.80436165667e-06, 3.46708520738e-06, 5.9026560848e-06, 1.77761319264e-06, 1.04519551769e-06, 5.41033671198e-07, 6.76794797982e-07, 6.67474466809e-07, 3.37141131013e-07, 2.08763935916e-07],
        "dmean2": [0.0132956802845, 0.00277368817478, 0.000593291537371, 0.000541636196431, 0.000439199531684, 0.000176777364686, 0.000197205648874, 8.7634769443e-05, 4.81689166918e-05, 5.61854758416e-05, 4.77081048302e-05, 3.66693529941e-05, 2.76562459476e-05, 1.91217059182e-05, 1.83242918865e-05, 9.93945013761e-06, 1.15641369121e-05, 8.70718486112e-06, 7.21223614164e-06, 7.75588432589e-06, 7.01096632838e-06, 4.80653579871e-06, 1.04736245703e-05, 9.11228653422e-06, 3.61676666216e-06, 9.17906436371e-06, 1.7145766833e-05, 6.94624350217e-06, 8.50657488627e-06, 6.7403484536e-06, 5.14896873938e-06, 6.30334170637e-06, 9.55808172876e-06, 2.87118200504e-06, 1.81977986813e-06, 9.50412299972e-07, 1.30391595121e-06, 1.18873197152e-06, 6.24398978744e-07, 3.75355881488e-07],
        "dvar": [0.000155807836563, 6.76088347973e-06, 3.5386443642e-07, 3.63416887694e-07, 2.66565479023e-07, 3.50141959871e-08, 7.729273932e-08, 9.80930625616e-09, 2.65963051582e-09, 3.09680481259e-09, 2.48769649325e-09, 1.75612058229e-09, 1.02691743997e-09, 5.55899382082e-10, 5.21800158637e-10, 1.98011107511e-10, 2.58637333772e-10, 1.90805884981e-10, 9.21015624877e-11, 1.22557367033e-10, 8.01899657787e-11, 2.44628536178e-11, 2.984480163e-10, 2.77336237309e-10, 3.54278863191e-11, 1.89630436354e-10, 5.13035280925e-10, 8.36521477088e-11, 3.55444729205e-10, 2.0540484591e-10, 2.36699021494e-10, 4.83368289839e-10, 2.68461919362e-10, 1.93385012864e-11, 3.12901614341e-11, 8.42031392528e-12, 1.27317366719e-11, 1.28993725423e-11, 3.8959994085e-12, 1.76959748938e-12],
        "dvar2": [0.00044873796287, 2.09302088479e-05, 9.82376150205e-07, 1.03632726223e-06, 7.41255746561e-07, 1.02848311201e-07, 2.07961704746e-07, 2.90399810865e-08, 7.33140614884e-09, 9.03687080722e-09, 7.64331087311e-09, 4.74145256391e-09, 3.07416736511e-09, 1.56398960449e-09, 1.5369345796e-09, 5.38589284282e-10, 6.54375276188e-10, 4.88746598748e-10, 2.08453726502e-10, 3.39741984545e-10, 2.11654541116e-10, 6.43974734649e-11, 7.76806341474e-10, 7.81192666111e-10, 1.02674625746e-10, 5.48834644398e-10, 1.77289305459e-09, 2.74928385613e-10, 9.9903374462e-10, 5.887320631e-10, 7.56218032638e-10, 1.55669133139e-09, 7.24763860038e-10, 5.24433899085e-11, 9.62657384362e-11, 2.45953171024e-11, 4.18015344561e-11, 4.05806707682e-11, 1.22273953115e-11, 5.45974680397e-12],
        "max": [0.122941248119, 0.0176324155182, 0.0056632864289, 0.00586635200307, 0.00527433818206, 0.0018659447087, 0.00343378749676, 0.00106497586239, 0.000581182946917, 0.000735811248887, 0.000500724825542, 0.000498996756505, 0.000359021389158, 0.000279174855677, 0.000304768123897, 0.000237009357079, 0.000480422604596, 0.000210103185964, 0.000171364066773, 0.000111551868031, 0.000154129505972, 5.84707959206e-05, 0.000492430117447, 0.000243580361712, 8.87065179995e-05, 0.000207701683394, 0.000301816879073, 0.000101201352663, 0.000325507804519, 0.000304243905703, 0.000254414393567, 0.000279212050373, 0.000444314733613, 0.000110891589429, 8.00745547167e-05, 4.27455306635e-05, 4.0170034481e-05, 5.30622965016e-05, 2.58917316387e-05, 1.89112342923e-05],
        "mean": [0.0104295192286, 0.00211930368096, 0.000515804160386, 0.000456598063465, 0.00046020251466, 0.000186982215382, 0.000257866660831, 9.69227476162e-05, 5.60161643079e-05, 7.98065302661e-05, 5.78837316425e-05, 4.33729182987e-05, 2.94880046567e-05, 2.4751161618e-05, 1.92755105672e-05, 1.64199573192e-05, 2.29959823628e-05, 1.17495083032e-05, 1.04646778709e-05, 9.429810234e-06, 9.31279919314e-06, 7.00105238138e-06, 2.69668689725e-05, 1.60135132319e-05, 7.45683200876e-06, 8.89011153049e-06, 2.10609250644e-05, 7.89241767052e-06, 7.69768212194e-06, 8.0732816059e-06, 4.88052683068e-06, 4.25656253356e-06, 4.33751629316e-05, 1.18337939057e-05, 1.39803489674e-06, 7.92885884948e-07, 7.89852890648e-07, 1.27060002342e-06, 5.92948367739e-07, 2.28039652939e-07],
        "median": [0.00378233310767, 0.000879085622728, 0.000214939791476, 0.000119475291285, 7.5776639278e-05, 3.92627189285e-05, 3.11156836688e-05, 3.04519853671e-05, 1.95902866835e-05, 3.08487760776e-05, 2.48298438237e-05, 1.356784378e-05, 6.23038158665e-06, 6.88619957145e-06, 7.97599750513e-06, 5.74838031753e-06, 5.94410676058e-06, 3.01921409118e-06, 2.77651929537e-06, 1.6587424625e-06, 1.20082290778e-06, 1.81306018021e-06, 2.31906983572e-06, 1.16485034596e-06, 2.9985500305e-07, 9.71710505837e-07, 1.20056392916e-06, 4.25577127317e-07, 7.34156174076e-07, 5.86816781833e-07, 2.78870913917e-07, 2.02112033776e-07, 1.61627610851e-07, 1.04430782244e-07, 5.18470884003e-08, 2.60965471455e-08, 3.30104050761e-08, 2.39592914397e-08, 1.26246817445e-08, 7.22668858089e-09],
        "min": [3.40592944083e-24, 5.92592233116e-24, 7.2540059527e-24, 8.17747019418e-24, 4.49838543758e-24, 6.77879219909e-24, 9.90709032737e-24, 7.70544186091e-24, 3.44710166919e-24, 5.8927274587e-24, 5.12374072069e-24, 4.79421892666e-24, 7.34393925134e-24, 5.62798771106e-24, 5.88180528503e-24, 3.93746549649e-24, 5.68459203088e-24, 7.28627509689e-24, 4.54490456516e-24, 9.64374568024e-24, 4.99765511006e-24, 6.09644053228e-24, 8.73862403253e-24, 1.11459790241e-23, 1.15023635041e-23, 1.40895417056e-23, 1.31760833758e-23, 6.67837415016e-24, 9.02666397029e-24, 6.24716818544e-24, 8.35166251497e-24, 8.80142682691e-24, 1.11236944924e-23, 1.29210438563e-23, 1.41424158966e-23, 1.11871985841e-23, 1.02269284594e-23, 9.1360576786e-24, 9.94847554818e-24, 1.00346286254e-23],
        "var": [0.000220868052565, 9.22090839595e-06, 6.64229276026e-07, 5.86613452924e-07, 7.19782008218e-07, 8.90978384405e-08, 3.0145679375e-07, 2.50028460158e-08, 6.98215130157e-09, 1.25325145817e-08, 5.99308735971e-09, 5.13108400213e-09, 2.33469799049e-09, 1.71818204109e-09, 8.96953067375e-10, 7.64877716719e-10, 3.7786116458e-09, 4.3423062368e-10, 3.46178363753e-10, 2.8147084663e-10, 2.04724806552e-10, 9.01494087713e-11, 6.19893336662e-09, 1.29978361407e-09, 2.97523589099e-10, 2.91529328456e-10, 1.64412383707e-09, 1.79126130595e-10, 4.5662518211e-10, 4.14218243039e-10, 2.20566467868e-10, 4.87418938544e-10, 1.2330229282e-08, 7.87760856547e-10, 4.18430845528e-11, 1.27838330199e-11, 1.24129422019e-11, 1.49320885517e-11, 4.04364692771e-12, 1.6436189432e-12]
    },
    "mfcc": {
