{
"metadata": {
    "version": {
        "essentia": "2.0.1",
        "extractor": "archive-music 1.0"
    },
    "audio_properties": {
        "analysis_sample_rate": 44100,
        "bitrate": 128,
        "channels": 2,
        "equal_loudness": 0,
        "length": 16.0914287567,
        "replay_gain": -2.77988052368,
        "downmix": "mix"
    },
    "tags": {
        "track": 0,
        "year": 0,
        "album": "",
        "artist": "",
        "comment": "",
        "genre": "",
        "title": ""
    }
},
"highlevel": {
    "culture": {
        "all": {
            "non_western": 0.999852895737,
            "western": 0.000147108919919
        },
        "probability": 0.999852895737,
        "value": "non_western"
    },
    "danceability": {
        "all": {
            "danceable": 0.753312826157,
            "not_danceable": 0.246687173843
        },
        "probability": 0.753312826157,
        "value": "danceable"
    },
    "gender": {
        "all": {
            "female": 0.203694015741,
            "male": 0.796306014061
        },
        "probability": 0.796306014061,
        "value": "male"
    },
    "genre_dortmund": {
        "all": {
            "alternative": 0.0163756646216,
            "blues": 0.712625086308,
            "electronic": 0.00477379839867,
            "folkcountry": 0.0166578777134,
            "funksoulrnb": 0.0534998960793,
            "jazz": 0.0178509037942,
            "pop": 0.00576625391841,
            "raphiphop": 0.0782871842384,
            "rock": 0.0941633358598
        },
        "probability": 0.712625086308,
        "value": "blues"
    },
    "genre_electronic": {
        "all": {
            "ambient": 0.929949879646,
            "dnb": 0.0609434247017,
            "house": 0.00135060725734,
            "techno": 0.00494206976146,
            "trance": 0.00281398999505
        },
        "probability": 0.929949879646,
        "value": "ambient"
    },
    "genre_rosamerica": {
        "all": {
            "cla": 0.571762859821,
            "dan": 0.00883862003684,
            "hip": 0.230068325996,
            "jaz": 0.0391931384802,
            "pop": 0.0133748259395,
            "rhy": 0.0223765186965,
            "roc": 0.0185543950647,
            "spe": 0.0958312898874
        },
        "probability": 0.571762859821,
        "value": "cla"
    },
    "genre_tzanetakis": {
        "all": {
            "blu": 0.031377248466,
            "cla": 0.215987488627,
            "cou": 0.0408699437976,
            "dis": 0.0395970866084,
            "hip": 0.0627745315433,
            "jaz": 0.19675758481,
            "met": 0.0174031574279,
            "pop": 0.154738262296,
            "reg": 0.196179807186,
            "roc": 0.0443148948252
        },
        "probability": 0.215987488627,
        "value": "cla"
    },
    "mirex_ballroom": {
        "all": {
            "ChaChaCha": 0.0654071718454,
            "Jive": 0.0717100277543,
            "Quickstep": 0.0402770638466,
            "Rumba-American": 0.0202417895198,
            "Rumba-International": 0.00960147753358,
            "Rumba-Misc": 0.00964118819684,
            "Samba": 0.0170367248356,
            "Tango": 0.319375574589,
            "VienneseWaltz": 0.267852336168,
            "Waltz": 0.178856626153
        },
        "probability": 0.319375574589,
        "value": "Tango"
    },
    "mood_acoustic": {
        "all": {
            "acoustic": 0.0539280734956,
            "not_acoustic": 0.946071922779
        },
        "probability": 0.946071922779,
        "value": "not_acoustic"
    },
    "mood_aggressive": {
        "all": {
            "aggressive": 0.987529337406,
            "not_aggressive": 0.0124706430361
        },
        "probability": 0.987529337406,
        "value": "aggressive"
    },
    "mood_electronic": {
        "all": {
            "electronic": 0.107970654964,
            "not_electronic": 0.892029345036
        },
        "probability": 0.892029345036,
        "value": "not_electronic"
    },
    "mood_happy": {
        "all": {
            "happy": 0.826806604862,
            "not_happy": 0.173193365335
        },
        "probability": 0.826806604862,
        "value": "happy"
    },
    "mood_party": {
        "all": {
            "not_party": 0.157784104347,
            "party": 0.842215895653
        },
        "probability": 0.842215895653,
        "value": "party"
    },
    "mood_relaxed": {
        "all": {
            "not_relaxed": 0.993786275387,
            "relaxed": 0.00621372740716
        },
        "probability": 0.993786275387,
        "value": "not_relaxed"
    },
    "mood_sad": {
        "all": {
            "not_sad": 0.863668680191,
            "sad": 0.136331319809
        },
        "probability": 0.863668680191,
        "value": "not_sad"
    },
    "moods_mirex": {
        "all": {
            "Cluster1": 0.109998695552,
            "Cluster2": 0.0559839010239,
            "Cluster3": 0.0538390912116,
            "Cluster4": 0.067894808948,
            "Cluster5": 0.712283492088
        },
        "probability": 0.712283492088,
        "value": "Cluster5"
    },
    "timbre": {
        "all": {
            "bright": 0.207930669188,
            "dark": 0.79206931591
        },
        "probability": 0.79206931591,
        "value": "dark"
    },
    "tonal_atonal": {
        "all": {
            "atonal": 0.837082743645,
            "tonal": 0.162917226553
        },
        "probability": 0.837082743645,
        "value": "atonal"
    },
    "voice_instrumental": {
        "all": {
            "instrumental": 0.579259037971,
            "voice": 0.420740991831
        },
        "probability": 0.579259037971,
        "value": "instrumental"
    }
},
"lowlevel": {
    "average_loudness": 0.9239153862,
    "barkbands_kurtosis": {
        "dmean": 1.63753700256,
        "dmean2": 2.75166463852,
        "dvar": 4.35369682312,
        "dvar2": 11.7197246552,
        "max": 25.6725120544,
        "mean": 2.57940173149,
        "median": 1.61105465889,
        "min": -1.90832340717,
        "var": 16.7104568481
    },
    "barkbands_skewness": {
        "dmean": 0.413942635059,
        "dmean2": 0.660583257675,
        "dvar": 0.162007987499,
        "dvar2": 0.362786710262,
        "max": 3.50095748901,
        "mean": 0.0672939568758,
        "median": -0.064491763711,
        "min": -2.47581386566,
        "var": 1.20005893707
    },
    "barkbands_spread": {
        "dmean": 2.53979039192,
        "dmean2": 3.95776939392,
        "dvar": 9.72629261017,
        "dvar2": 21.886100769,
        "max": 53.3979797363,
        "mean": 12.1636657715,
        "median": 8.95664405823,
        "min": 1.4653608799,
        "var": 93.7848205566
    },
    "dissonance": {
        "dmean": 0.0109972544014,
        "dmean2": 0.0186170227826,
        "dvar": 0.000249923177762,
        "dvar2": 0.000699363241438,
        "max": 0.500000119209,
        "mean": 0.480300605297,
        "median": 0.490380704403,
        "min": 0.36635440588,
        "var": 0.000635119504295
    },
    "dynamic_complexity": 3.53678941727,
    "erbbands_kurtosis": {
        "dmean": 1.20304512978,
        "dmean2": 1.9968534708,
        "dvar": 1.52351903915,
        "dvar2": 4.22414779663,
        "max": 14.2472476959,
        "mean": 2.16754412651,
        "median": 1.66115808487,
        "min": -1.84003460407,
        "var": 7.55028247833
    },
    "erbbands_skewness": {
        "dmean": 0.349371433258,
        "dmean2": 0.564250707626,
        "dvar": 0.0910556763411,
        "dvar2": 0.211656674743,
        "max": 2.1307220459,
        "mean": -0.0731518641114,
        "median": -0.13985863328,
        "min": -3.47330403328,
        "var": 0.73601680994
    },
    "erbbands_spread": {
        "dmean": 3.23728895187,
        "dmean2": 4.84125995636,
        "dvar": 16.6233634949,
        "dvar2": 30.7484893799,
        "max": 79.8502349854,
        "mean": 16.3263835907,
        "median": 11.4140415192,
        "min": 1.76890933514,
        "var": 202.05619812
    },
    "hfc": {
        "dmean": 6.76956510544,
        "dmean2": 10.7003660202,
        "dvar": 115.31427002,
        "dvar2": 242.807052612,
        "max": 226.256530762,
        "mean": 27.3822917938,
        "median": 25.973777771,
        "min": 1.16674315092e-16,
        "var": 461.255126953
    },
    "melbands_kurtosis": {
        "dmean": 2.04321455956,
        "dmean2": 3.19858765602,
        "dvar": 9.84500217438,
        "dvar2": 19.2817134857,
        "max": 41.5555305481,
        "mean": 3.7070684433,
        "median": 1.49291563034,
        "min": -1.71724367142,
        "var": 41.532661438
    },
    "melbands_skewness": {
        "dmean": 0.480532646179,
        "dmean2": 0.727867662907,
        "dvar": 0.227703168988,
        "dvar2": 0.482257902622,
        "max": 5.9055109024,
        "mean": 0.501852810383,
        "median": 0.233353242278,
        "min": -2.78498840332,
        "var": 2.0514485836
    },
    "melbands_spread": {
        "dmean": 5.92573595047,
        "dmean2": 9.26671600342,
        "dvar": 66.8994216919,
        "dvar2": 138.563293457,
        "max": 135.558792114,
        "mean": 26.3718032837,
        "median": 20.3289299011,
        "min": 3.61933088303,
        "var": 460.358886719
    },
    "pitch_salience": {
        "dmean": 0.0602310150862,
        "dmean2": 0.0959030464292,
        "dvar": 0.00255564134568,
        "dvar2": 0.00604292098433,
        "max": 0.984908819199,
        "mean": 0.566305160522,
        "median": 0.590766012669,
        "min": 0.173141852021,
        "var": 0.0190238617361
    },
    "silence_rate_20dB": {
        "dmean": 0,
        "dmean2": 0,
        "dvar": 0,
        "dvar2": 0,
        "max": 1,
        "mean": 1,
        "median": 1,
        "min": 1,
        "var": 0
    },
    "silence_rate_30dB": {
        "dmean": 0.0115440115333,
        "dmean2": 0.0231213867664,
        "dvar": 0.0114106619731,
        "dvar2": 0.0283669438213,
        "max": 1,
        "mean": 0.988472640514,
        "median": 1,
        "min": 0,
        "var": 0.0113945556805
    },
    "silence_rate_60dB": {
        "dmean": 0.0115440115333,
        "dmean2": 0.0231213867664,
        "dvar": 0.0114106396213,
        "dvar2": 0.0254771392792,
        "max": 1,
        "mean": 0.132564842701,
        "median": 0,
        "min": 0,
        "var": 0.114992149174
    },
    "spectral_centroid": {
        "dmean": 177.448013306,
        "dmean2": 266.772949219,
        "dvar": 162808.640625,
        "dvar2": 168603.703125,
        "max": 10864.7509766,
        "mean": 2325.40087891,
        "median": 2352.67529297,
        "min": 704.122924805,
        "var": 612396.9375
    },
    "spectral_complexity": {
        "dmean": 2.15873026848,
        "dmean2": 3.6127166748,
        "dvar": 3.45532798767,
        "dvar2": 8.53207778931,
        "max": 31,
        "mean": 14.8429393768,
        "median": 15,
        "min": 0,
        "var": 40.7058868408
    },
    "spectral_crest": {
        "dmean": 2.42869114876,
        "dmean2": 4.05581712723,
        "dvar": 4.82989168167,
        "dvar2": 11.6345682144,
        "max": 23.4859657288,
        "mean": 10.4976654053,
        "median": 9.52216720581,
        "min": 3.86944556236,
        "var": 16.6523246765
    },
    "spectral_decrease": {
        "dmean": 9.63273016907e-10,
        "dmean2": 1.45272460728e-09,
        "dvar": 4.16145384471e-18,
        "dvar2": 8.36853166328e-18,
        "max": 7.37604707032e-20,
        "mean": -3.29739391347e-09,
        "median": -2.59383536871e-09,
        "min": -3.57211185076e-08,
        "var": 1.56476962383e-17
    },
    "spectral_energy": {
        "dmean": 0.00419306522235,
        "dmean2": 0.00636712647974,
        "dvar": 7.29398889234e-05,
        "dvar2": 0.000145965619595,
        "max": 0.151554912329,
        "mean": 0.0149287777022,
        "median": 0.0123527664691,
        "min": 1.07892422703e-20,
        "var": 0.000274820631603
    },
    "spectral_energyband_high": {
        "dmean": 0.00015594092838,
        "dmean2": 0.000258263957221,
        "dvar": 7.45293391446e-08,
        "dvar2": 2.00995117439e-07,
        "max": 0.00376306124963,
        "mean": 0.000554776343051,
        "median": 0.00023667345522,
        "min": 7.75008861135e-21,
        "var": 6.11324196598e-07
    },
    "spectral_energyband_low": {
        "dmean": 5.00566829942e-06,
        "dmean2": 9.22023718886e-06,
        "dvar": 4.97575036729e-10,
        "dvar2": 1.46628220676e-09,
        "max": 0.000354966556188,
        "mean": 4.24043810199e-06,
        "median": 6.08149036907e-07,
        "min": 2.71481747366e-23,
        "var": 3.19972659479e-10
    },
    "spectral_energyband_middle_high": {
        "dmean": 0.00312616094016,
        "dmean2": 0.0047968220897,
        "dvar": 3.95686074626e-05,
        "dvar2": 7.59459653636e-05,
        "max": 0.150627300143,
        "mean": 0.010820495896,
        "median": 0.00939240120351,
        "min": 1.52995677488e-21,
        "var": 0.000138815768878
    },
    "spectral_energyband_middle_low": {
        "dmean": 0.00181157537736,
        "dmean2": 0.00256214849651,
        "dvar": 4.12807457906e-05,
        "dvar2": 0.000100816840131,
        "max": 0.128446802497,
        "mean": 0.00371592096053,
        "median": 0.000324507418554,
        "min": 2.82511108294e-22,
        "var": 0.000127726452774
    },
    "spectral_flatness_db": {
        "dmean": 0.0244314465672,
        "dmean2": 0.0377311073244,
        "dvar": 0.000484664720716,
        "dvar2": 0.00114158401266,
        "max": 0.456172913313,
        "mean": 0.263567507267,
        "median": 0.260560423136,
        "min": 0.0653201788664,
        "var": 0.00436979532242
    },
    "spectral_flux": {
        "dmean": 0.013767125085,
        "dmean2": 0.0220750998706,
        "dvar": 0.000471904349979,
        "dvar2": 0.00114448682871,
        "max": 0.387126028538,
        "mean": 0.0689292103052,
        "median": 0.0675678104162,
        "min": 1.03961374232e-10,
        "var": 0.00155523442663
    },
    "spectral_kurtosis": {
        "dmean": 4.409491539,
        "dmean2": 7.74392127991,
        "dvar": 23.5233421326,
        "dvar2": 72.4648666382,
        "max": 52.5513381958,
        "mean": 13.7699451447,
        "median": 9.765001297,
        "min": -1.26136577129,
        "var": 130.71546936
    },
    "spectral_rms": {
        "dmean": 0.000459625123767,
        "dmean2": 0.000700738688465,
        "dvar": 3.4357319123e-07,
        "dvar2": 6.44579358777e-07,
        "max": 0.0121597060934,
        "mean": 0.00342397182249,
        "median": 0.00347151886672,
        "min": 3.244393686e-12,
        "var": 2.8410709092e-06
    },
    "spectral_rolloff": {
        "dmean": 355.250915527,
        "dmean2": 642.447631836,
        "dvar": 1254709.25,
        "dvar2": 2756997.25,
        "max": 19982.8125,
        "mean": 3022.86889648,
        "median": 2648.58398438,
        "min": 366.064453125,
        "var": 3280338.75
    },
    "spectral_skewness": {
        "dmean": 0.389377951622,
        "dmean2": 0.667778074741,
        "dvar": 0.135829865932,
        "dvar2": 0.408372908831,
        "max": 6.05013275146,
        "mean": 2.36708664894,
        "median": 2.1730029583,
        "min": -0.380351245403,
        "var": 1.69734895229
    },
    "spectral_spread": {
        "dmean": 386248.59375,
        "dmean2": 540557.3125,
        "dvar": 3.02800279962e+12,
        "dvar2": 2.65897692365e+12,
        "max": 41933812,
        "mean": 2791205,
        "median": 2272936.5,
        "min": 1095573.125,
        "var": 6.38867577242e+12
    },
    "spectral_strongpeak": {
        "dmean": 1.13130700588,
        "dmean2": 1.87408745289,
        "dvar": 1.56196534634,
        "dvar2": 3.68795156479,
        "max": 20.6024475098,
        "mean": 2.23272776604,
        "median": 1.7735683918,
        "min": 0,
        "var": 4.02053165436
    },
    "zerocrossingrate": {
        "dmean": 0.00810913275927,
        "dmean2": 0.0108713135123,
        "dvar": 0.000578895851504,
        "dvar2": 0.00120005756617,
        "max": 0.5068359375,
        "mean": 0.105770580471,
        "median": 0.10205078125,
        "min": 0.02001953125,
        "var": 0.00198161578737
    },
    "barkbands": {
        "dmean": [5.75653473334e-07, 3.43081228493e-06, 1.34915376293e-06, 9.27815563045e-07, 2.52173231274e-05, 0.000620978302322, 0.000549193413462, 0.000478129746625, 0.000346792861819, 0.000816105399281, 0.000162733980687, 0.000290983909508, 0.000279563100776, 0.000962070887908, 0.00112851755694, 0.000419473188231, 0.00114342744928, 0.000501432572491, 0.000201344577363, 9.78660100373e-05, 0.000111417240987, 7.35747380531e-05, 1.95924894797e-05, 1.31500473799e-05, 1.10106593638e-05, 7.71806298872e-06, 3.28622853374e-08],
        "dmean2": [1.01517764506e-06, 6.48797731628e-06, 2.36160485656e-06, 1.69431109498e-06, 3.54862968379e-05, 0.000851512188092, 0.000833404192235, 0.000784001604188, 0.000534353544936, 0.00124781834893, 0.000234719598666, 0.000482596893562, 0.000377086194931, 0.00147915328853, 0.00192254059948, 0.00071256182855, 0.00200431374833, 0.000896045239642, 0.000299435429042, 0.000157006346853, 0.000163384378538, 0.000109092317871, 3.19162900269e-05, 2.25386284001e-05, 1.85282151506e-05, 1.31660926854e-05, 5.56558781284e-08],
        "dvar": [2.51552337988e-12, 3.65080132791e-10, 2.74938301292e-11, 7.87154629672e-12, 5.97765970056e-09, 5.48982643522e-06, 1.98770849238e-05, 1.09530874397e-05, 4.67934341941e-06, 2.41425186687e-05, 2.13676756289e-07, 4.87229044666e-07, 1.94423728317e-06, 2.35203024204e-05, 2.44195052801e-06, 3.75988861379e-07, 2.14735609916e-06, 6.01036617809e-07, 2.21276408752e-07, 4.22781418763e-08, 6.47560156608e-08, 3.28193046073e-08, 2.04722261365e-09, 2.44221864953e-10, 1.22241816669e-09, 1.11382592038e-09, 1.38384600681e-14],
        "dvar2": [7.10509125493e-12, 1.07951636519e-09, 7.61296373164e-11, 2.28628210114e-11, 1.09990310193e-08, 1.12101679406e-05, 4.70202139695e-05, 2.88275314233e-05, 1.31353426696e-05, 5.49666365259e-05, 4.0599840645e-07, 1.05170033748e-06, 3.2464454307e-06, 4.70977756777e-05, 7.17331704436e-06, 1.04582136373e-06, 6.18944523012e-06, 1.77385959432e-06, 5.26078338225e-07, 1.03650904748e-07, 1.46975821735e-07, 6.90774228929e-08, 5.40796785131e-09, 6.96977364711e-10, 2.89032531242e-09, 2.82929368822e-09, 3.4356361072e-14],
        "max": [2.44520997512e-05, 0.000308495189529, 7.82162533142e-05, 3.07729133056e-05, 0.00104357860982, 0.0411559827626, 0.102618724108, 0.0545672141016, 0.0437378883362, 0.103225059807, 0.0062266336754, 0.010601811111, 0.0281681418419, 0.107932396233, 0.0149421943352, 0.0053195906803, 0.0135965216905, 0.00674534169957, 0.00751376478001, 0.00268922629766, 0.00285648694262, 0.00236279331148, 0.000647078093607, 0.000141690237797, 0.000666940817609, 0.000644165324047, 2.06146978599e-06],
        "mean": [5.56810107355e-07, 2.49458116741e-06, 1.12811005692e-06, 7.65457002672e-07, 4.4128177251e-05, 0.00131624436472, 0.000877374026459, 0.000493087805808, 0.000519538472872, 0.00106866413262, 0.000265098089585, 0.000470026803669, 0.000363340514014, 0.001508140238, 0.00243194308132, 0.000720781681594, 0.00277657620609, 0.000953381299041, 0.000385296589229, 0.000209145553526, 0.000243795948336, 0.000148441133206, 4.26664300903e-05, 3.21867046296e-05, 3.44579384546e-05, 1.94923977688e-05, 3.99059807421e-08],
        "median": [1.49397607174e-07, 2.21386954991e-07, 1.51163789042e-07, 1.32375831186e-07, 1.56043506649e-06, 4.80434118799e-06, 2.53941038864e-06, 1.04131595435e-06, 1.04913397081e-05, 0.000110606371891, 2.21959089686e-05, 9.6418443718e-05, 3.38307290804e-05, 0.000510056968778, 0.00120118772611, 0.000433050619904, 0.00205433601514, 0.000505302916281, 5.54978614673e-05, 2.67595605692e-05, 1.38983268698e-05, 5.70897373109e-06, 2.79194068753e-06, 2.89862909995e-05, 5.45594139112e-06, 4.83745679958e-06, 6.67756683281e-10],
        "min": [9.60953514936e-24, 6.60868696665e-24, 6.80785541256e-24, 4.95239027132e-24, 1.49439679961e-23, 2.74233641303e-23, 2.82831878071e-23, 6.14730399575e-23, 8.74371534081e-23, 2.00691799423e-23, 1.06707523331e-22, 8.84116175071e-23, 7.24876649634e-23, 7.43920382975e-23, 1.25774064219e-22, 1.20792110991e-22, 1.69256077314e-22, 7.69782588218e-23, 1.90881569382e-22, 3.34278710493e-22, 4.69912450554e-22, 4.595331615e-22, 6.27099233698e-22, 7.39675314185e-22, 1.05111896272e-21, 1.63571502717e-21, 2.25957228237e-21],
        "var": [2.185724041e-12, 2.21465332184e-10, 1.91057881321e-11, 5.47181440783e-12, 1.50324304116e-08, 1.57579634106e-05, 4.58085996797e-05, 1.13442420115e-05, 1.04587143142e-05, 3.19867685903e-05, 4.81455970203e-07, 8.41576650146e-07, 3.82545385946e-06, 4.90253150929e-05, 8.08011827758e-06, 7.37589800792e-07, 6.15771841694e-06, 1.30571481805e-06, 5.59986233384e-07, 1.5213092297e-07, 2.53644373061e-07, 1.11245185508e-07, 8.35396196663e-09, 7.74153963157e-10, 9.91505810788e-09, 3.97641919392e-09, 1.52038907316e-14]
    },
    "erbbands": {
        "dmean": [8.92716343515e-05, 0.000798474648036, 0.00159258896019, 0.00243256986141, 0.011415748857, 0.110644839704, 1.86375880241, 7.26701498032, 6.81292963028, 10.5894241333, 6.39501810074, 5.94495391846, 25.5757637024, 13.2500829697, 5.26693201065, 12.6773710251, 10.0142316818, 37.265083313, 55.6740913391, 35.2367782593, 25.8695697784, 67.0429229736, 31.2792320251, 6.97883701324, 11.1913909912, 5.14142799377, 0.99091553688, 6.28992986679, 2.38786315918, 0.467435419559, 0.513897061348, 0.201516881585, 0.362521320581, 0.189499720931, 0.0365800000727, 0.0210290700197, 0.0210747886449, 0.00195570709184, 3.38177160302e-05, 6.26957626082e-06],
        "dmean2": [0.000165400851984, 0.00150639715139, 0.00282323686406, 0.00431308662519, 0.0165582671762, 0.164086580276, 2.98901796341, 8.49387550354, 8.97598075867, 14.8015050888, 10.1497955322, 8.82087516785, 42.3277702332, 19.0114440918, 7.77500486374, 21.1859321594, 14.2491903305, 57.2920646667, 91.0012130737, 59.4323387146, 44.2472801208, 115.243301392, 54.3796844482, 10.8083124161, 16.2768783569, 8.4983253479, 1.69444429874, 10.3296823502, 3.62278532982, 0.787201821804, 0.856335401535, 0.328311413527, 0.634221315384, 0.316779881716, 0.0618945769966, 0.0359861180186, 0.035768546164, 0.00358225428499, 6.11776558799e-05, 9.83536756394e-06],
        "dvar": [1.95600122765e-07, 2.05883770832e-05, 3.69632070942e-05, 4.71464954899e-05, 0.00103532115463, 0.0969937667251, 40.0984992981, 670.497070312, 2427.5871582, 5723.10205078, 2377.18774414, 977.921203613, 41442.78125, 1081.35546875, 497.293304443, 934.242980957, 1824.22741699, 41580.265625, 16240.9033203, 2568.18212891, 1429.70385742, 7461.60742188, 2251.08349609, 533.249633789, 570.21887207, 135.292831421, 2.50115227699, 236.287017822, 34.6801452637, 0.98741954565, 1.57261443138, 0.195414602757, 0.211456298828, 0.317525476217, 0.0221106316894, 0.0226946659386, 0.00559320580214, 7.20088864909e-05, 1.77171468607e-08, 1.2464790311e-10],
        "dvar2": [5.69825829189e-07, 6.1261744122e-05, 0.000106289335235, 0.000135537367896, 0.00155931024347, 0.216570839286, 108.210731506, 1153.20227051, 4259.65722656, 8462.72949219, 6461.15478516, 2296.14892578, 108293.1875, 2148.82470703, 1098.50390625, 2054.95703125, 3469.93139648, 104511.921875, 26918.0664062, 7056.49121094, 3964.68725586, 20863.5703125, 6648.20068359, 1316.8807373, 1321.45019531, 358.169006348, 6.56805229187, 615.911193848, 77.2503585815, 2.80039358139, 4.29949092865, 0.493466943502, 0.601983726025, 0.736046075821, 0.0564687922597, 0.0583177357912, 0.0136172454804, 0.000234401333728, 5.45913465544e-08, 2.61661803336e-10],
        "max": [0.00680178171024, 0.0735698267817, 0.0717055946589, 0.0673671513796, 0.802551329136, 4.67868995667, 78.6388702393, 453.18157959, 1022.95568848, 1789.01867676, 1059.18676758, 660.771057129, 4628.98583984, 550.184204102, 490.711791992, 472.203643799, 881.906860352, 3671.73950195, 3454.95239258, 577.305419922, 350.587615967, 799.180297852, 464.835723877, 472.928100586, 382.43157959, 150.9921875, 17.7640724182, 184.563552856, 84.8975143433, 11.6112155914, 20.8707122803, 6.17415714264, 4.93166542053, 12.4788570404, 2.68145728111, 3.33273649216, 1.38961231709, 0.141486302018, 0.00228938227519, 0.000213993887883],
        "mean": [6.74278853694e-05, 0.000577110797167, 0.00136051059235, 0.00237586698495, 0.0213687364012, 0.208398580551, 3.57766270638, 13.7929363251, 9.51583862305, 17.1524105072, 7.32344818115, 9.32686233521, 35.9443321228, 21.1459083557, 8.67973423004, 22.4122619629, 16.6789245605, 52.6135520935, 119.683074951, 79.2959365845, 57.750328064, 164.904769897, 82.1649093628, 13.8663854599, 24.8070907593, 10.0143003464, 2.06679773331, 16.8084964752, 6.39365673065, 1.03511857986, 1.13958787918, 0.4421864748, 0.945140123367, 0.647028386593, 0.0684564337134, 0.0307835619897, 0.0608004368842, 0.00414889538661, 8.68878269102e-05, 2.40323679463e-05],
        "median": [8.75497153174e-06, 5.08276170876e-05, 0.000201480783289, 0.000730668893084, 0.00303457630798, 0.0111595438793, 0.0371473915875, 0.0709236115217, 0.139808580279, 0.135369032621, 0.105993553996, 0.452785342932, 2.27215671539, 5.131524086, 2.08099079132, 5.3846540451, 3.47312450409, 19.0486087799, 74.1994400024, 40.0639953613, 43.3382225037, 115.134963989, 53.240070343, 6.93164348602, 2.88824629784, 1.49658036232, 0.687897861004, 0.508643865585, 0.251476883888, 0.224088490009, 0.0968929305673, 0.125100582838, 0.807885408401, 0.16359820962, 0.0138459913433, 0.00607983209193, 0.0167589224875, 0.00108197936788, 3.56071832357e-05, 2.11646020034e-05],
        "min": [2.849456214e-22, 1.58714765065e-21, 1.01016079965e-20, 1.35374472658e-20, 2.7415528154e-20, 6.47684616828e-20, 1.83387660788e-19, 2.00980525796e-19, 3.14145722457e-19, 6.83943329346e-19, 1.50684927929e-18, 2.53697017653e-18, 8.67164610509e-19, 2.62983753711e-18, 3.88508535743e-18, 4.03853646004e-18, 3.18381838451e-18, 4.86464463293e-18, 6.02817838924e-18, 5.94885425004e-18, 7.50209471321e-18, 1.09014108113e-17, 7.17398856016e-18, 9.04866272398e-18, 1.51185355656e-17, 1.86684556106e-17, 1.3680543282e-17, 2.01237707106e-17, 1.415323068e-17, 1.95644328347e-17, 1.68947438036e-17, 1.68701831569e-17, 1.21443299182e-17, 1.09852993331e-17, 8.23280042375e-18, 5.41441409704e-18, 3.21366057947e-18, 1.12552149844e-18, 3.42251587762e-19, 3.34337550176e-20],
        "var": [1.25999775946e-07, 1.22850224216e-05, 2.51971578109e-05, 3.51891067112e-05, 0.0040185879916, 0.206968680024, 102.569442749, 1968.6105957, 4545.76171875, 14335.1308594, 2398.01293945, 2349.95556641, 56527.0507812, 2772.02807617, 763.192382812, 1824.22875977, 3219.53417969, 44924.8398438, 52006.2421875, 8624.33496094, 3577.43994141, 22952.8652344, 7808.43457031, 703.453613281, 2280.32836914, 343.745697021, 8.20463466644, 1221.90197754, 187.370132446, 2.62050294876, 6.885597229, 0.600454688072, 0.788571298122, 3.056245327, 0.0424986630678, 0.0221623964608, 0.0338347442448, 0.000209714111406, 6.19373778932e-08, 5.47152767538e-10]
    },
    "gfcc": {
        "mean": [-126.727371216, -12.1260175705, -210.92868042, -0.256525248289, -40.7618484497, 0.705678224564, -61.6530570984, 7.45168876648, -14.9166660309, 0.316149502993, -13.1354084015, 7.63911771774, -0.676854670048],
        "cov": [[13305.1474609, 617.855834961, -1417.25390625, -769.378540039, -968.512084961, -355.976135254, -701.73223877, 383.773681641, -125.471046448, -203.487411499, 202.369857788, 181.684951782, 18.714307785], [617.855834961, 1993.7487793, 424.100158691, -448.428405762, -1270.95593262, -520.573791504, -3.48872685432, -152.317016602, -238.612930298, -328.347686768, 336.468811035, 157.464584351, 96.6102981567], [-1417.25390625, 424.100158691, 926.616516113, 161.522735596, -221.259216309, -71.6161880493, -235.129333496, -94.2373428345, -83.4066085815, -122.446746826, 123.358551025, 103.51725769, 68.074546814], [-769.378540039, -448.428405762, 161.522735596, 1949.74731445, 188.613937378, -429.0675354, -167.389099121, -760.24206543, 457.063751221, 561.660522461, -206.972717285, -245.070709229, -28.6404304504], [-968.512084961, -1270.95593262, -221.259216309, 188.613937378, 1697.13562012, 674.58001709, -183.56362915, 240.866424561, 140.081558228, 1.91596615314, -318.240081787, -165.178985596, -85.0540008545], [-355.976135254, -520.573791504, -71.6161880493, -429.0675354, 674.58001709, 882.292053223, 116.346702576, 444.128509521, -17.0638179779, -339.721801758, -140.900680542, 52.5697937012, -41.7907485962], [-701.73223877, -3.48872685432, -235.129333496, -167.389099121, -183.56362915, 116.346702576, 650.994873047, 94.6372299194, 48.1829833984, 79.3175888062, -102.457138062, -54.2427902222, -82.55834198], [383.773681641, -152.317016602, -94.2373428345, -760.24206543, 240.866424561, 444.128509521, 94.6372299194, 580.936584473, -23.9212188721, -249.188446045, 64.6520767212, 61.5178451538, -67.7916564941], [-125.471046448, -238.612930298, -83.4066085815, 457.063751221, 140.081558228, -17.0638179779, 48.1829833984, -23.9212188721, 408.292388916, 241.830917358, -47.960723877, -91.6464157104, -117.424301147], [-203.487411499, -328.347686768, -122.446746826, 561.660522461, 1.91596615314, -339.721801758, 79.3175888062, -249.188446045, 241.830917358, 515.972717285, -21.6716194153, -107.73210144, -62.0450553894], [202.369857788, 336.468811035, 123.358551025, -206.972717285, -318.240081787, -140.900680542, -102.457138062, 64.6520767212, -47.960723877, -21.6716194153, 313.437988281, 139.643875122, 48.4452438354], [181.684951782, 157.464584351, 103.51725769, -245.070709229, -165.178985596, 52.5697937012, -54.2427902222, 61.5178451538, -91.6464157104, -107.73210144, 139.643875122, 210.952224731, 94.0378723145], [18.714307785, 96.6102981567, 68.074546814, -28.6404304504, -85.0540008545, -41.7907485962, -82.55834198, -67.7916564941, -117.424301147, -62.0450553894, 48.4452438354, 94.0378723145, 153.854919434]],
        "icov": [[0.000197524932446, -0.00019135720504, 0.000544905022252, -0.000287362490781, 0.000311124924337, -7.0506852353e-05, 0.000629541929811, -0.000760709051974, 0.00037339492701, -0.000329872593284, 0.000509685196448, -0.000418245937908, 0.000204114985536], [-0.00019135720504, 0.00211029849015, -0.00102439033799, 0.00106059364043, 0.000237192303757, 0.00108598778024, -0.00117687578313, 0.00237578689121, -0.00162198278122, 0.00283636082895, -0.00175011018291, 0.00117919989862, -7.35213616281e-05], [0.000544905022252, -0.00102439033799, 0.00309561192989, -0.00155481672846, 0.000949378067162, -0.000521893554833, 0.00225998926908, -0.00278386520222, 0.00185904512182, -0.00114826543722, 0.00146729883272, -0.00194624799769, 0.000970346620306], [-0.000287362490781, 0.00106059364043, -0.00155481672846, 0.0035310909152, -0.000495060055982, -0.000294403842418, -0.000858543964569, 0.00540183018893, -0.00368892750703, 0.000969394401181, -0.00154033792205, 0.0027090809308, -0.00131526496261], [0.000311124924337, 0.000237192303757, 0.000949378067162, -0.000495060055982, 0.00242804549634, -0.00152392266318, 0.00208806293085, -0.00152707088273, 0.000751709390897, -0.00121106370352, 0.00140418868978, 0.000567734183278, -2.68941985269e-05], [-7.0506852353e-05, 0.00108598778024, -0.000521893554833, -0.000294403842418, -0.00152392266318, 0.00561793567613, -0.00202203821391, -0.00138287630398, -0.00106689834502, 0.00428434368223, 0.000670293171424, -0.00261956918985, 0.000795456289779], [0.000629541929811, -0.00117687578313, 0.00225998926908, -0.000858543964569, 0.00208806293085, -0.00202203821391, 0.00506713148206, -0.00320113636553, 0.00187888822984, -0.00352113670669, 0.00325252301991, -0.000977120245807, 0.00100337620825], [-0.000760709051974, 0.00237578689121, -0.00278386520222, 0.00540183018893, -0.00152707088273, -0.00138287630398, -0.00320113636553, 0.0134931243956, -0.00603617262095, 0.00428688200191, -0.00600176071748, 0.00437141256407, 0.000185645811143], [0.00037339492701, -0.00162198278122, 0.00185904512182, -0.00368892750703, 0.000751709390897, -0.00106689834502, 0.00187888822984, -0.00603617262095, 0.0085426485166, -0.00439477106556, 0.00216922792606, -0.00284884963185, 0.00374393747188], [-0.000329872593284, 0.00283636082895, -0.00114826543722, 0.000969394401181, -0.00121106370352, 0.00428434368223, -0.00352113670669, 0.00428688200191, -0.00439477106556, 0.00989914685488, -0.00357028027065, 0.000904733664356, 0.000650372297969], [0.000509685196448, -0.00175011018291, 0.00146729883272, -0.00154033792205, 0.00140418868978, 0.000670293171424, 0.00325252301991, -0.00600176071748, 0.00216922792606, -0.00357028027065, 0.00972042046487, -0.00583034474403, 0.000878769904375], [-0.000418245937908, 0.00117919989862, -0.00194624799769, 0.0027090809308, 0.000567734183278, -0.00261956918985, -0.000977120245807, 0.00437141256407, -0.00284884963185, 0.000904733664356, -0.00583034474403, 0.0140436263755, -0.00687723560259], [0.000204114985536, -7.35213616281e-05, 0.000970346620306, -0.00131526496261, -2.68941985269e-05, 0.000795456289779, 0.00100337620825, 0.000185645811143, 0.00374393747188, 0.000650372297969, 0.000878769904375, -0.00687723560259, 0.0137146404013]]
    },
    "melbands": {
        "dmean": [8.94885317848e-07, 9.28537701839e-07, 5.18442050179e-07, 2.83196413875e-06, 5.42762718396e-05, 0.000145966361742, 0.000114475049486, 0.000117235293146, 4.43220087618e-05, 4.53941283922e-05, 0.00012821648852, 5.55689039174e-05, 1.9001585315e-05, 2.2738107873e-05, 3.56228993041e-05, 2.66479037236e-05, 7.98963519628e-05, 8.97241843631e-05, 8.70228977874e-05, 1.96306154976e-05, 3.9022826968e-05, 7.00011878507e-05, 5.76774073124e-05, 1.2451369912e-05, 5.71287364437e-06, 7.71033410274e-06, 7.48009870222e-06, 2.94886399388e-06, 4.2424125013e-07, 1.90594880678e-06, 4.2325573304e-06, 2.08138976632e-06, 3.19663428172e-07, 2.90909639489e-07, 3.30949774252e-07, 3.71334635929e-07, 5.79842129866e-08, 2.37106263512e-07, 2.99650594116e-07, 1.71441271846e-07],
        "dmean2": [1.68390977251e-06, 1.68338613094e-06, 8.90589490155e-07, 4.0403224375e-06, 8.74364413903e-05, 0.000178087488166, 0.000155608460773, 0.000163215925568, 7.05162819941e-05, 6.98474323144e-05, 0.000212322527659, 7.95624873717e-05, 2.81937827822e-05, 3.77363321604e-05, 5.8165518567e-05, 3.59881487384e-05, 0.00012366156443, 0.000144394856761, 0.000148353050463, 3.12928132189e-05, 6.80561861373e-05, 0.000119645512314, 0.000101584082586, 2.11503465835e-05, 8.82417953108e-06, 1.1759069821e-05, 1.11734325401e-05, 4.95648646393e-06, 7.56172539695e-07, 3.20418075717e-06, 7.01720409779e-06, 3.03942306346e-06, 5.5577686453e-07, 4.98406677707e-07, 5.62865352549e-07, 6.04473882504e-07, 9.49636529413e-08, 4.11614877294e-07, 5.31535135906e-07, 2.95026154618e-07],
        "dvar": [2.26882852783e-11, 1.69263422722e-11, 1.78142797822e-12, 9.44872582953e-11, 3.33803491515e-08, 2.92688810077e-07, 7.66197160829e-07, 6.42334782697e-07, 1.19793796216e-07, 7.40899110951e-08, 9.78617208602e-07, 2.06154879834e-08, 4.34610125666e-09, 4.69995242725e-09, 1.60228079693e-08, 2.04511909629e-08, 1.80366299674e-07, 8.84803483814e-08, 1.49842129815e-08, 9.5180863191e-10, 3.32105476453e-09, 7.67123875534e-09, 6.46529585424e-09, 3.08962078144e-10, 5.28100396746e-10, 2.64623462032e-10, 2.52295934144e-10, 4.68439453893e-11, 1.00595519328e-12, 1.70061985327e-11, 1.09548883853e-10, 3.01027154592e-11, 7.24172837582e-13, 4.21702711813e-13, 8.65816153581e-13, 9.67504830592e-13, 1.63087486495e-14, 8.89244258198e-14, 5.41177454412e-13, 3.41818207853e-13],
        "dvar2": [6.66220759116e-11, 5.00419115868e-11, 4.95996776637e-12, 1.96358013183e-10, 8.63824638486e-08, 5.48748403162e-07, 1.54270753683e-06, 1.00307227058e-06, 3.23985744899e-07, 1.89745108514e-07, 2.53843063547e-06, 4.06118232377e-08, 8.63206128798e-09, 1.17633005559e-08, 3.01435640893e-08, 3.43379262802e-08, 4.37657718066e-07, 1.29223820977e-07, 4.32679705398e-08, 2.28251018086e-09, 9.29002652583e-09, 2.15295052897e-08, 1.9447849553e-08, 8.07188704766e-10, 1.33466582231e-09, 6.32754126872e-10, 5.87710324851e-10, 1.23425686338e-10, 2.90574877528e-12, 4.48750758775e-11, 2.94229224318e-10, 6.22547222107e-11, 2.08108443672e-12, 1.18895561799e-12, 2.53542803072e-12, 2.48206490083e-12, 3.93748686542e-14, 2.60545410117e-13, 1.58630649848e-12, 8.43306707018e-13],
        "max": [7.60848270147e-05, 6.26523906249e-05, 1.10241326183e-05, 0.000152765336679, 0.00220390595496, 0.00985646992922, 0.0184821635485, 0.0190893094987, 0.00785402674228, 0.00537230819464, 0.0224809683859, 0.00311151659116, 0.00118544662837, 0.00114193093032, 0.00308706169017, 0.002920410363, 0.00711699062958, 0.00856947619468, 0.00110077729914, 0.000357913493644, 0.000470588565804, 0.000743078475352, 0.000670739624184, 0.000192371051526, 0.000464927376015, 0.000248073018156, 0.000191121231182, 9.59602402872e-05, 1.04011869553e-05, 3.8468195271e-05, 0.000134561414598, 7.16326321708e-05, 1.03319407572e-05, 7.14098996468e-06, 1.53451692313e-05, 1.30927764985e-05, 1.87038506283e-06, 2.45361866291e-06, 1.25171736727e-05, 1.20762388178e-05],
        "mean": [6.79036759266e-07, 7.49336720673e-07, 5.19946468103e-07, 5.0014750741e-06, 0.000106685678475, 0.000284753536107, 0.000159533912665, 0.000177668072865, 4.85354721604e-05, 7.27371661924e-05, 0.000182366988156, 8.93834003364e-05, 3.03736396745e-05, 3.73389266315e-05, 6.13130905549e-05, 3.49501387973e-05, 0.00010951294098, 0.000189234589925, 0.000186069446499, 3.91173452954e-05, 7.27741280571e-05, 0.00015768672165, 0.000152699707542, 2.63448018814e-05, 8.30902172311e-06, 1.56951173267e-05, 1.6995734768e-05, 4.26890755989e-06, 5.69744202039e-07, 3.20440312862e-06, 1.21911543829e-05, 4.53468646811e-06, 4.77990965919e-07, 5.53821507765e-07, 6.5532589133e-07, 6.06638991485e-07, 1.00477144827e-07, 5.70841962144e-07, 7.60085299589e-07, 4.83780070226e-07],
        "median": [7.47054258454e-08, 7.90833070141e-08, 9.11977195983e-08, 1.70548162259e-07, 1.04974719761e-06, 9.53187907271e-07, 1.10845508061e-06, 3.06404530193e-07, 4.42059388206e-07, 1.82045016572e-06, 1.00287807072e-05, 1.73610933416e-05, 2.42715441345e-06, 9.82563506113e-06, 1.17770086945e-05, 4.07172592531e-06, 3.09718670906e-05, 0.000121491961181, 7.96401291154e-05, 2.22925082198e-05, 4.71115272376e-05, 0.000119031334179, 0.000103753598523, 1.54720419232e-05, 1.8833870854e-06, 1.94827271116e-06, 1.15213060781e-06, 5.82867244248e-07, 1.18826974926e-07, 2.47657794716e-07, 3.01698833027e-07, 1.29640397972e-07, 5.63495774486e-08, 5.60187416454e-08, 4.10405860407e-08, 3.51286395528e-08, 2.37944490777e-08, 4.71656562695e-07, 3.75129417307e-07, 5.85340806936e-08],
        "min": [2.9244970967e-24, 5.35420248985e-24, 3.17205624269e-24, 3.12609385369e-24, 5.56688570078e-24, 4.70547365254e-24, 5.93438444209e-24, 8.23434548772e-24, 1.29078051926e-23, 1.61769039484e-23, 3.4017390117e-24, 9.28898783141e-24, 1.46609467914e-23, 1.07506760913e-23, 9.30551367851e-24, 5.161694791e-24, 9.65527882667e-24, 9.19176703573e-24, 8.93506854173e-24, 7.46443065486e-24, 8.35555002151e-24, 1.03422236361e-23, 1.27272057435e-23, 3.40354234773e-24, 6.84851882564e-24, 7.80157718398e-24, 8.69245831463e-24, 1.05337898295e-23, 6.98837676439e-24, 1.10261092429e-23, 9.30296408007e-24, 6.88172277e-24, 1.00589744506e-23, 1.1163453082e-23, 8.90936745343e-24, 1.02155215307e-23, 9.72434281006e-24, 7.13870130963e-24, 1.12185550162e-23, 8.82509265407e-24],
