{
"metadata": {
    "version": {
        "essentia": "2.0.1",
        "extractor": "archive-music 1.0"
    },
    "audio_properties": {
        "analysis_sample_rate": 44100,
        "bitrate": 128,
        "channels": 2,
        "equal_loudness": 0,
        "length": 15.2032651901,
        "replay_gain": -7.94208526611,
        "downmix": "mix"
    },
    "tags": {
        "track": 0,
        "year": 0,
        "album": "",
        "artist": "",
        "comment": "",
        "genre": "",
        "title": ""
    }
},
"highlevel": {
    "culture": {
        "all": {
            "non_western": 0.0506814271212,
            "western": 0.94931858778
        },
        "probability": 0.94931858778,
        "value": "western"
    },
    "danceability": {
        "all": {
            "danceable": 0.895153403282,
            "not_danceable": 0.104846589267
        },
        "probability": 0.895153403282,
        "value": "danceable"
    },
    "gender": {
        "all": {
            "female": 0.00538978958502,
            "male": 0.994610190392
        },
        "probability": 0.994610190392,
        "value": "male"
    },
    "genre_dortmund": {
        "all": {
            "alternative": 0.310424536467,
            "blues": 0.0596767365932,
            "electronic": 0.0881582796574,
            "folkcountry": 0.0400238782167,
            "funksoulrnb": 0.0267977491021,
            "jazz": 0.0150814289227,
            "pop": 0.0525571405888,
            "raphiphop": 0.0412509664893,
            "rock": 0.366029262543
        },
        "probability": 0.366029262543,
        "value": "rock"
    },
    "genre_electronic": {
        "all": {
            "ambient": 0.611725926399,
            "dnb": 0.224651888013,
            "house": 0.120226189494,
            "techno": 0.020140234381,
            "trance": 0.0232557319105
        },
        "probability": 0.611725926399,
        "value": "ambient"
    },
    "genre_rosamerica": {
        "all": {
            "cla": 0.424945265055,
            "dan": 0.0497814901173,
            "hip": 0.0671568736434,
            "jaz": 0.0747803598642,
            "pop": 0.152814462781,
            "rhy": 0.077552780509,
            "roc": 0.0894524976611,
            "spe": 0.0635162517428
        },
        "probability": 0.424945265055,
        "value": "cla"
    },
    "genre_tzanetakis": {
        "all": {
            "blu": 0.0033603135962,
            "cla": 0.0206675585359,
            "cou": 0.00399045087397,
            "dis": 0.00442730216309,
            "hip": 0.0804853364825,
            "jaz": 0.00473334826529,
            "met": 0.00498807849362,
            "pop": 0.0600870102644,
            "reg": 0.0379077419639,
            "roc": 0.779352843761
        },
        "probability": 0.779352843761,
        "value": "roc"
    },
    "mirex_ballroom": {
        "all": {
            "ChaChaCha": 0.0649679303169,
            "Jive": 0.0457239933312,
            "Quickstep": 0.367423385382,
            "Rumba-American": 0.0262823067605,
            "Rumba-International": 0.150371730328,
            "Rumba-Misc": 0.103537075222,
            "Samba": 0.0581034533679,
            "Tango": 0.0602870956063,
            "VienneseWaltz": 0.0535431131721,
            "Waltz": 0.0697599202394
        },
        "probability": 0.367423385382,
        "value": "Quickstep"
    },
    "mood_acoustic": {
        "all": {
            "acoustic": 0.868348002434,
            "not_acoustic": 0.131651997566
        },
        "probability": 0.868348002434,
        "value": "acoustic"
    },
    "mood_aggressive": {
        "all": {
            "aggressive": 0.139836937189,
            "not_aggressive": 0.860163033009
        },
        "probability": 0.860163033009,
        "value": "not_aggressive"
    },
    "mood_electronic": {
        "all": {
            "electronic": 0.130183815956,
            "not_electronic": 0.869816184044
        },
        "probability": 0.869816184044,
        "value": "not_electronic"
    },
    "mood_happy": {
        "all": {
            "happy": 0.213189348578,
            "not_happy": 0.78681063652
        },
        "probability": 0.78681063652,
        "value": "not_happy"
    },
    "mood_party": {
        "all": {
            "not_party": 0.749031722546,
            "party": 0.250968307257
        },
        "probability": 0.749031722546,
        "value": "not_party"
    },
    "mood_relaxed": {
        "all": {
            "not_relaxed": 0.0639609843493,
            "relaxed": 0.936039030552
        },
        "probability": 0.936039030552,
        "value": "relaxed"
    },
    "mood_sad": {
        "all": {
            "not_sad": 0.255049049854,
            "sad": 0.744950950146
        },
        "probability": 0.744950950146,
        "value": "sad"
    },
    "moods_mirex": {
        "all": {
            "Cluster1": 0.274520903826,
            "Cluster2": 0.191325947642,
            "Cluster3": 0.199537158012,
            "Cluster4": 0.147340804338,
            "Cluster5": 0.187275201082
        },
        "probability": 0.274520903826,
        "value": "Cluster1"
    },
    "timbre": {
        "all": {
            "bright": 0.00599135505036,
            "dark": 0.994008660316
        },
        "probability": 0.994008660316,
        "value": "dark"
    },
    "tonal_atonal": {
        "all": {
            "atonal": 0.976749122143,
            "tonal": 0.0232508592308
        },
        "probability": 0.976749122143,
        "value": "atonal"
    },
    "voice_instrumental": {
        "all": {
            "instrumental": 0.000138447154313,
            "voice": 0.99986153841
        },
        "probability": 0.99986153841,
        "value": "voice"
    }
},
"lowlevel": {
    "average_loudness": 0.8787073493,
    "barkbands_kurtosis": {
        "dmean": 1.74986302853,
        "dmean2": 2.8411886692,
        "dvar": 3.20052433014,
        "dvar2": 7.37169694901,
        "max": 17.1266212463,
        "mean": 2.79054307938,
        "median": 2.10930228233,
        "min": -1.84176778793,
        "var": 10.1175079346
    },
    "barkbands_skewness": {
        "dmean": 0.482050478458,
        "dmean2": 0.752931475639,
        "dvar": 0.196126267314,
        "dvar2": 0.420090645552,
        "max": 3.80133724213,
        "mean": 1.35958087444,
        "median": 1.34034919739,
        "min": -2.04119729996,
        "var": 0.69895619154
    },
    "barkbands_spread": {
        "dmean": 5.01850795746,
        "dmean2": 7.97879123688,
        "dvar": 57.220615387,
        "dvar2": 122.622840881,
        "max": 79.6065826416,
        "mean": 17.6802940369,
        "median": 11.5224914551,
        "min": 3.22535133362,
        "var": 217.589416504
    },
    "dissonance": {
        "dmean": 0.0247219558805,
        "dmean2": 0.041754540056,
        "dvar": 0.00073279463686,
        "dvar2": 0.00196955469437,
        "max": 0.499578684568,
        "mean": 0.443058252335,
        "median": 0.447210907936,
        "min": 0.146957755089,
        "var": 0.00126535922755
    },
    "dynamic_complexity": 3.21198439598,
    "erbbands_kurtosis": {
        "dmean": 0.787739694118,
        "dmean2": 1.28636515141,
        "dvar": 0.672586202621,
        "dvar2": 1.73325228691,
        "max": 6.40924739838,
        "mean": 0.0690690279007,
        "median": -0.117237567902,
        "min": -1.64075863361,
        "var": 1.10241436958
    },
    "erbbands_skewness": {
        "dmean": 0.370825737715,
        "dmean2": 0.58525955677,
        "dvar": 0.115630112588,
        "dvar2": 0.249287158251,
        "max": 1.8001948595,
        "mean": 0.321601212025,
        "median": 0.420540750027,
        "min": -2.72449588776,
        "var": 0.403597295284
    },
    "erbbands_spread": {
        "dmean": 7.14120817184,
        "dmean2": 11.6515140533,
        "dvar": 58.0148200989,
        "dvar2": 146.319076538,
        "max": 94.272354126,
        "mean": 32.0386352539,
        "median": 27.1576461792,
        "min": 10.6322231293,
        "var": 242.811386108
    },
    "hfc": {
        "dmean": 11.0765199661,
        "dmean2": 17.1566543579,
        "dvar": 1376.41003418,
        "dvar2": 3094.20556641,
        "max": 509.034881592,
        "mean": 19.6575431824,
        "median": 8.70261764526,
        "min": 1.12674426991e-16,
        "var": 1946.24487305
    },
    "melbands_kurtosis": {
        "dmean": 3.76918387413,
        "dmean2": 6.09968042374,
        "dvar": 14.3183221817,
        "dvar2": 32.2922134399,
        "max": 43.3098602295,
        "mean": 7.23648071289,
        "median": 5.42517662048,
        "min": -1.62782251835,
        "var": 40.564907074
    },
    "melbands_skewness": {
        "dmean": 0.61978083849,
        "dmean2": 0.985762119293,
        "dvar": 0.246382012963,
        "dvar2": 0.588471651077,
        "max": 5.80086708069,
        "mean": 2.13482952118,
        "median": 2.04523229599,
        "min": -0.0874185264111,
        "var": 0.854561030865
    },
    "melbands_spread": {
        "dmean": 8.5009727478,
        "dmean2": 13.0404500961,
        "dvar": 257.113800049,
        "dvar2": 513.641967773,
        "max": 155.802612305,
        "mean": 22.1659679413,
        "median": 13.4070034027,
        "min": 4.09908628464,
        "var": 652.581237793
    },
    "pitch_salience": {
        "dmean": 0.0757355168462,
        "dmean2": 0.123580627143,
        "dvar": 0.0035779257305,
        "dvar2": 0.00980574823916,
        "max": 0.924625635147,
        "mean": 0.603717207909,
        "median": 0.608309626579,
        "min": 0.206056728959,
        "var": 0.0087844915688
    },
    "silence_rate_20dB": {
        "dmean": 0,
        "dmean2": 0,
        "dvar": 0,
        "dvar2": 0,
        "max": 1,
        "mean": 1,
        "median": 1,
        "min": 1,
        "var": 0
    },
    "silence_rate_30dB": {
        "dmean": 0.00610687024891,
        "dmean2": 0.0122324163094,
        "dvar": 0.00606956938282,
        "dvar2": 0.0120827937499,
        "max": 1,
        "mean": 0.987804889679,
        "median": 1,
        "min": 0,
        "var": 0.0120464079082
    },
    "silence_rate_60dB": {
        "dmean": 0.00305343512446,
        "dmean2": 0.00611620815471,
        "dvar": 0.00304408720694,
        "dvar2": 0.00607882300392,
        "max": 1,
        "mean": 0.0685975626111,
        "median": 0,
        "min": 0,
        "var": 0.0638917610049
    },
    "spectral_centroid": {
        "dmean": 275.840118408,
        "dmean2": 408.976104736,
        "dvar": 334778.03125,
        "dvar2": 452895.75,
        "max": 11219.2402344,
        "mean": 1063.17382812,
        "median": 667.376403809,
        "min": 331.044311523,
        "var": 990397.9375
    },
    "spectral_complexity": {
        "dmean": 3.38931298256,
        "dmean2": 5.27828741074,
        "dvar": 20.976764679,
        "dvar2": 37.5773010254,
        "max": 60,
        "mean": 17.3689022064,
        "median": 16,
        "min": 0,
        "var": 99.0895614624
    },
    "spectral_crest": {
        "dmean": 2.78217601776,
        "dmean2": 4.58474206924,
        "dvar": 4.54705953598,
        "dvar2": 12.2572956085,
        "max": 22.0548839569,
        "mean": 9.99873256683,
        "median": 9.2966632843,
        "min": 2.59844565392,
        "var": 15.9117879868
    },
    "spectral_decrease": {
        "dmean": 1.67437663734e-09,
        "dmean2": 2.7006423764e-09,
        "dvar": 4.17932714979e-18,
        "dvar2": 1.01737391993e-17,
        "max": 2.4665818132e-29,
        "mean": -5.40979039343e-09,
        "median": -4.72030325938e-09,
        "min": -4.01730808619e-08,
        "var": 1.90118331721e-17
    },
    "spectral_energy": {
        "dmean": 0.00715896394104,
        "dmean2": 0.011540110223,
        "dvar": 9.91018532659e-05,
        "dvar2": 0.000236057603615,
        "max": 0.16252695024,
        "mean": 0.0222007837147,
        "median": 0.0189877059311,
        "min": 1.05101423228e-20,
        "var": 0.000359725556336
    },
    "spectral_energyband_high": {
        "dmean": 0.00123442290351,
        "dmean2": 0.00187428388745,
        "dvar": 1.99683581741e-05,
        "dvar2": 4.37161215814e-05,
        "max": 0.0510050021112,
        "mean": 0.00151879980695,
        "median": 3.96521718358e-05,
        "min": 7.50366310582e-21,
        "var": 2.7340833185e-05
    },
    "spectral_energyband_low": {
        "dmean": 0.00328971957788,
        "dmean2": 0.00560494652018,
        "dvar": 1.73360203917e-05,
        "dvar2": 4.32808847108e-05,
        "max": 0.0388057157397,
        "mean": 0.00506184063852,
        "median": 0.00342739606276,
        "min": 9.12440068101e-23,
        "var": 2.97719434457e-05
    },
    "spectral_energyband_middle_high": {
        "dmean": 0.00155248062219,
        "dmean2": 0.0025029303506,
        "dvar": 2.02032242669e-05,
        "dvar2": 4.90919264848e-05,
        "max": 0.0688360929489,
        "mean": 0.00351202744059,
        "median": 0.0020410430152,
        "min": 1.42173697364e-21,
        "var": 4.30158979725e-05
    },
    "spectral_energyband_middle_low": {
        "dmean": 0.00432712491602,
        "dmean2": 0.00682010361925,
        "dvar": 2.25669828069e-05,
        "dvar2": 5.7976692915e-05,
        "max": 0.0904091224074,
        "mean": 0.0127295833081,
        "median": 0.0113875959069,
        "min": 3.38013897459e-22,
        "var": 9.99834155664e-05
    },
    "spectral_flatness_db": {
        "dmean": 0.0187792815268,
        "dmean2": 0.0289304479957,
        "dvar": 0.000254931859672,
        "dvar2": 0.000584849098232,
        "max": 0.254285246134,
        "mean": 0.159597784281,
        "median": 0.168205097318,
        "min": 0.0334748066962,
        "var": 0.00220000650734
    },
    "spectral_flux": {
        "dmean": 0.0177980400622,
        "dmean2": 0.0296527557075,
        "dvar": 0.000425694044679,
        "dvar2": 0.00102969189174,
        "max": 0.314421057701,
        "mean": 0.0768219903111,
        "median": 0.0703548491001,
        "min": 1.02518986356e-10,
        "var": 0.00163410825189
    },
    "spectral_kurtosis": {
        "dmean": 3.17307972908,
        "dmean2": 5.49895048141,
        "dvar": 11.6572761536,
        "dvar2": 35.644493103,
        "max": 29.3028068542,
        "mean": 8.13270950317,
        "median": 7.23724079132,
        "min": -1.18290913105,
        "var": 39.032749176
    },
    "spectral_rms": {
        "dmean": 0.000704900594428,
        "dmean2": 0.00112023681868,
        "dvar": 5.15417468705e-07,
        "dvar2": 1.25176927668e-06,
        "max": 0.0125921750441,
        "mean": 0.00430164625868,
        "median": 0.00430401600897,
        "min": 3.20215512092e-12,
        "var": 3.15514193971e-06
    },
    "spectral_rolloff": {
        "dmean": 531.557067871,
        "dmean2": 876.176635742,
        "dvar": 1808518.875,
        "dvar2": 3383606,
        "max": 18970.7519531,
        "mean": 1463.63330078,
        "median": 689.0625,
        "min": 236.865234375,
        "var": 4676571.5
    },
    "spectral_skewness": {
        "dmean": 0.319424629211,
        "dmean2": 0.526027321815,
        "dvar": 0.0854561701417,
        "dvar2": 0.230940744281,
        "max": 3.80173611641,
        "mean": 1.89766633511,
        "median": 2.04140377045,
        "min": -0.00526986503974,
        "var": 0.687706530094
    },
    "spectral_spread": {
        "dmean": 426643.96875,
        "dmean2": 617313.3125,
        "dvar": 2.90823838106e+12,
        "dvar2": 2.83429306368e+12,
        "max": 40012484,
        "mean": 3221405.75,
        "median": 2582734.5,
        "min": 1557052.25,
        "var": 5.68970077798e+12
    },
    "spectral_strongpeak": {
        "dmean": 0.546932399273,
        "dmean2": 0.969452023506,
        "dvar": 3.31498980522,
        "dvar2": 9.33936500549,
        "max": 28.3076572418,
        "mean": 0.812677800655,
        "median": 0.614314079285,
        "min": 0,
        "var": 2.14697384834
    },
    "zerocrossingrate": {
        "dmean": 0.011559965089,
        "dmean2": 0.0140354726464,
        "dvar": 0.000771653314587,
        "dvar2": 0.0013389660744,
        "max": 0.5087890625,
        "mean": 0.0512248724699,
        "median": 0.03125,
        "min": 0.0126953125,
        "var": 0.00305621698499
    },
    "barkbands": {
        "dmean": [8.57977720443e-05, 0.00110835907981, 0.00237269303761, 0.000737364112865, 0.00274597504176, 0.000604766537435, 0.00159244169481, 0.00144917366561, 0.000403745798394, 0.000473307823995, 0.00033407448791, 0.000191457904293, 0.000362998864148, 0.000208804645808, 0.000157345391926, 0.000274616410024, 0.000164713346749, 0.000107559069875, 0.000118360971101, 0.000326870998833, 0.000304231914924, 0.000282015884295, 0.000252622150583, 0.000176569257746, 8.80753505044e-05, 1.74964898179e-05, 6.72973726523e-07],
        "dmean2": [0.000139960320666, 0.00191882462241, 0.00389632256702, 0.00126188248396, 0.00440314877778, 0.00104113155976, 0.00251188967377, 0.00238763354719, 0.0007119976799, 0.000795272528194, 0.000584495370276, 0.000334357522661, 0.000623024476226, 0.000366758322343, 0.000265067152213, 0.000432544242358, 0.000282868073555, 0.000168310376466, 0.000195081651327, 0.000517901964486, 0.000462878786493, 0.00043029038352, 0.000411117332987, 0.000281026528683, 0.000154266119353, 2.96976832033e-05, 1.20266190606e-06],
        "dvar": [2.46234378665e-07, 1.71394060544e-06, 9.06712193682e-06, 1.49674667682e-06, 8.66263781063e-06, 8.02478268724e-07, 4.19341267843e-06, 3.72146473637e-06, 4.81317010781e-06, 3.61001343663e-06, 8.28884651582e-07, 2.40659602468e-07, 6.87660076437e-07, 6.6703870516e-07, 2.98139070765e-07, 1.29808097427e-06, 6.04301988005e-07, 1.90274207057e-07, 1.77245013333e-07, 1.70527437149e-06, 9.56769440563e-07, 1.25517931338e-06, 1.86605177532e-06, 1.80908523362e-06, 5.84116946811e-07, 1.19498606566e-08, 2.59407651609e-11],
        "dvar2": [7.26417397345e-07, 4.87878787681e-06, 2.16533153434e-05, 3.92872425437e-06, 2.09062563954e-05, 2.11297151509e-06, 1.03722550193e-05, 9.29066936806e-06, 1.35337941174e-05, 8.63355580805e-06, 2.38489474214e-06, 5.66260212054e-07, 1.88852015981e-06, 1.92581865122e-06, 7.93605806848e-07, 3.11128451358e-06, 1.71858778231e-06, 4.66978690383e-07, 4.48521632279e-07, 3.83367660106e-06, 1.97075110009e-06, 2.93943730867e-06, 4.6709774324e-06, 3.90695458918e-06, 1.65101414495e-06, 3.22070263792e-08, 7.17230649872e-11],
        "max": [0.00924866460264, 0.0133167216554, 0.0321957357228, 0.0204357020557, 0.0299315396696, 0.0123969735578, 0.0210179761052, 0.0199143588543, 0.0413064062595, 0.0492517314851, 0.0164350997657, 0.00833249930292, 0.01063415315, 0.0126645471901, 0.00673996983096, 0.020143372938, 0.0141906486824, 0.00743851810694, 0.00409786496311, 0.0170413795859, 0.0149834314361, 0.020083764568, 0.0200095325708, 0.0245762262493, 0.0141712268814, 0.00183793855831, 7.08742736606e-05],
        "mean": [9.45192950894e-05, 0.00139546499122, 0.00307438499294, 0.000904996413738, 0.00602706661448, 0.000844644906465, 0.0023157785181, 0.00193649588618, 0.00051437917864, 0.000746876059566, 0.000508966622874, 0.000311732233968, 0.000606285582762, 0.000263977737632, 0.000198580164579, 0.000362582562957, 0.000199386209715, 0.000140624193591, 0.000155964036821, 0.000361895916285, 0.000382001540856, 0.000329948234139, 0.000244591064984, 0.000188544363482, 7.55764340283e-05, 1.50069727169e-05, 5.41116321529e-07],
        "median": [1.55728303071e-05, 0.000910964678042, 0.00167277723085, 0.000557782826945, 0.00437300931662, 0.00052301218966, 0.00139940297231, 0.00106000597589, 0.000167387013789, 0.000282097898889, 0.000256102008279, 0.000167432313901, 0.000408186140703, 0.000115698043373, 8.15187086118e-05, 0.000133972353069, 7.92522623669e-05, 3.35157383233e-05, 2.31586909649e-05, 4.80613653053e-06, 2.38244792854e-05, 4.11218388763e-06, 2.69773636319e-06, 1.17652734843e-06, 4.54807491224e-07, 1.79549076051e-07, 1.61893268569e-07],
        "min": [6.35251898161e-24, 3.40709340509e-23, 3.61628764202e-23, 2.69700400835e-24, 4.58938890492e-23, 1.63616977709e-23, 3.51031932553e-23, 2.34118833649e-23, 1.29396210573e-22, 3.13369441018e-23, 2.68490386814e-23, 9.09892299812e-23, 9.03326010964e-23, 9.21368648261e-23, 1.05275052902e-22, 9.28075796113e-23, 5.61644983146e-23, 1.13240364478e-22, 2.81627255914e-22, 2.9280704315e-22, 4.70746749848e-22, 4.91282881803e-22, 6.50046629451e-22, 5.54475057933e-22, 9.628742808e-22, 1.64801408813e-21, 2.31057010778e-21],
        "var": [3.02861792534e-07, 2.281363777e-06, 1.60099043569e-05, 2.30989212469e-06, 2.98694067169e-05, 1.27921464355e-06, 7.00311693436e-06, 5.96410473008e-06, 4.38670167568e-06, 9.19056310522e-06, 1.03406830476e-06, 3.95822524979e-07, 7.86700582012e-07, 5.6521434999e-07, 2.97762881019e-07, 1.34908509608e-06, 4.53976866766e-07, 2.16228301042e-07, 2.24572104912e-07, 2.00210433832e-06, 1.57472788942e-06, 1.49027300722e-06, 1.68977692283e-06, 2.00096155822e-06, 3.88265959828e-07, 9.05660790806e-09, 1.63019736599e-11]
    },
    "erbbands": {
        "dmean": [0.013874865137, 0.332483291626, 2.38829731941, 2.37110066414, 3.85020661354, 14.6776866913, 3.65168857574, 5.92170763016, 13.4702768326, 21.6514930725, 36.0561485291, 10.1911563873, 13.2595691681, 13.1422710419, 13.1462268829, 8.97813034058, 16.0072956085, 10.1539554596, 8.25760650635, 9.9387960434, 15.3111524582, 7.61304187775, 4.89579725266, 6.28280353546, 5.9649066925, 13.560883522, 17.1084156036, 8.99235057831, 10.8013973236, 10.9716510773, 4.74861621857, 2.89411687851, 3.7415869236, 1.34236955643, 0.329328775406, 0.107927106321, 0.0253136176616, 0.00363992410712, 8.86560010258e-05, 1.37847937367e-05],
        "dmean2": [0.0236781425774, 0.576284706593, 3.96298909187, 4.13265991211, 6.39268493652, 23.1021785736, 5.95021343231, 10.0667228699, 22.0168609619, 34.1128463745, 59.5076255798, 17.3826026917, 20.9691028595, 23.2509422302, 22.5143032074, 15.2992897034, 27.0347328186, 17.5874404907, 13.9932374954, 16.0068492889, 24.2990226746, 12.8863544464, 7.49791526794, 10.1375589371, 9.73882865906, 21.80052948, 25.5499897003, 13.4749927521, 15.9390363693, 16.8607997894, 7.47675228119, 4.71528911591, 6.09252643585, 2.29191017151, 0.542103886604, 0.181295081973, 0.0452033542097, 0.00651410082355, 0.000154063964146, 2.18402601604e-05],
        "dvar": [0.000603548251092, 0.157358020544, 9.52125930786, 11.9202823639, 18.3758792877, 239.547637939, 25.6811485291, 79.9906616211, 295.861877441, 820.566101074, 2425.0769043, 2535.13842773, 2907.05297852, 3861.45874023, 851.564880371, 440.592315674, 1296.79528809, 1135.03234863, 971.634277344, 1442.27478027, 2978.35058594, 1304.56225586, 308.177764893, 576.629699707, 433.298339844, 2523.16723633, 3209.63427734, 971.971557617, 2758.59912109, 2674.99926758, 457.977325439, 450.520812988, 892.957824707, 148.41583252, 3.24903607368, 0.372852474451, 0.0289558693767, 0.000752991414629, 3.86412636999e-07, 1.75188774598e-09],
        "dvar2": [0.00174277124461, 0.433367729187, 22.1440906525, 31.2313919067, 47.1221694946, 545.401367188, 55.0900688171, 198.036178589, 758.747253418, 2086.13696289, 6075.31933594, 7062.29345703, 7191.75244141, 11635.9130859, 2357.7253418, 1080.38647461, 3553.38696289, 3155.76391602, 2725.54760742, 3647.10351562, 7419.46582031, 3570.71337891, 710.444274902, 1404.02233887, 1107.35131836, 5631.66699219, 7157.31201172, 1864.17199707, 6151.83886719, 6045.63427734, 980.82232666, 885.110961914, 2113.77709961, 412.537689209, 9.00250148773, 0.993798851967, 0.0787616446614, 0.00207864260301, 1.05870776679e-06, 4.40835545845e-09],
        "max": [0.423597037792, 3.9256272316, 32.8073348999, 55.0587768555, 68.3448867798, 161.704986572, 112.773178101, 130.494277954, 166.963928223, 291.239562988, 472.353424072, 1002.40057373, 1207.46447754, 1378.49389648, 375.316436768, 380.988037109, 488.350280762, 518.553588867, 363.224517822, 592.178039551, 861.167297363, 674.420715332, 279.981811523, 281.509887695, 200.4112854, 562.633483887, 689.522338867, 502.67565918, 1104.18847656, 763.904785156, 267.125335693, 396.808197021, 475.073883057, 228.717391968, 30.3985748291, 9.6333322525, 2.95209574699, 0.437577754259, 0.00906699895859, 0.00066546438029],
        "mean": [0.0197833683342, 0.433324962854, 3.16073942184, 3.43606281281, 6.87255859375, 33.725643158, 7.98730564117, 8.19992923737, 20.023393631, 35.2772750854, 48.7123832703, 15.6983289719, 20.8490104675, 19.9400310516, 20.5076122284, 16.1198406219, 27.1929664612, 15.7460613251, 10.626912117, 12.9656934738, 20.9489803314, 10.0226154327, 6.79365444183, 8.29443359375, 7.95130348206, 15.7559146881, 20.3504047394, 12.1340456009, 13.0008382797, 11.8728351593, 5.13251972198, 3.46210646629, 3.61226558685, 1.16300928593, 0.30724978447, 0.097232632339, 0.0205332357436, 0.0026714776177, 8.01439746283e-05, 3.12100091833e-05],
        "median": [0.0135167809203, 0.274438083172, 1.74727106094, 2.24139881134, 5.21015834808, 24.274564743, 6.4480304718, 5.03583621979, 12.9913635254, 22.0276565552, 26.6996097565, 6.7040977478, 8.8535861969, 7.62262535095, 10.4551229477, 9.71158599854, 18.2033576965, 8.21895599365, 4.17406988144, 4.86745452881, 8.97283363342, 3.85009384155, 1.60189032555, 1.70339274406, 0.70690715313, 0.307930409908, 1.36090898514, 0.367341756821, 0.153613746166, 0.111864849925, 0.0719001144171, 0.0255183838308, 0.0206541214138, 0.00715430919081, 0.00294663850218, 0.00129274488427, 0.000231349666137, 0.000303571927361, 1.83338779607e-05, 2.242260598e-05],
        "min": [7.17196943571e-22, 9.30410006502e-21, 4.80931726179e-20, 1.33165666162e-20, 3.28615140548e-20, 2.62858844268e-19, 1.15213399255e-19, 1.78652659242e-19, 4.00252716833e-19, 5.14370941881e-19, 6.35258270226e-19, 2.4102159146e-18, 1.9417583047e-18, 1.1636368437e-18, 1.47059777875e-18, 4.07050244122e-18, 3.82069720496e-18, 5.27612645583e-18, 5.16789524935e-18, 5.9109387723e-18, 3.99653843239e-18, 3.34231549566e-18, 7.791710498e-18, 8.87850836325e-18, 1.67394720765e-17, 1.35496932353e-17, 1.74816449919e-17, 1.64512724249e-17, 2.06006502599e-17, 1.99115029305e-17, 1.67403356531e-17, 1.15140191186e-17, 1.03296544729e-17, 9.59121379647e-18, 7.40980948099e-18, 5.64735105267e-18, 3.1181263886e-18, 1.116290473e-18, 3.08843158689e-19, 3.717848243e-20],
        "var": [0.000632366572972, 0.214585855603, 16.1650695801, 18.21916008, 40.9255332947, 981.87109375, 77.2608108521, 125.801475525, 506.293914795, 1510.17980957, 3846.04345703, 2420.19921875, 5412.15722656, 6498.09472656, 1399.06408691, 731.82611084, 1556.77819824, 1203.2208252, 879.272766113, 1396.44812012, 3172.56884766, 1125.25976562, 420.48046875, 673.525024414, 606.26550293, 3167.41015625, 4492.26855469, 1688.1307373, 3231.07006836, 3152.16308594, 582.208862305, 558.824768066, 870.519042969, 103.203353882, 2.90180945396, 0.314100682735, 0.0203527845442, 0.000480496441014, 2.59587920937e-07, 2.21612661555e-09]
    },
    "gfcc": {
        "mean": [-51.285610199, 138.011581421, -125.199661255, 22.8530979156, -56.6628646851, 3.50481534004, -31.7805480957, -7.71190357208, -17.4812297821, -2.01056241989, -16.8521270752, -7.31114006042, -11.6511516571],
        "cov": [[17474.4277344, -374.566223145, -1002.83776855, 1143.3145752, -1134.78674316, 302.168395996, -506.088317871, 76.11277771, -266.995788574, 3.87764167786, -297.564727783, -8.08505916595, -5.08519792557], [-374.566223145, 2016.6003418, -69.9099807739, -778.446899414, 494.090759277, -249.574523926, 139.990249634, -87.323097229, 191.399932861, -141.95664978, 205.411331177, -60.932674408, -43.3015861511], [-1002.83776855, -69.9099807739, 265.680725098, -53.1126327515, 81.1483001709, -8.23684597015, 34.5594863892, 3.21471142769, 14.9164543152, 22.6853485107, -5.78434610367, 30.5282268524, -13.0424547195], [1143.3145752, -778.446899414, -53.1126327515, 520.370300293, -261.250976562, 99.4650421143, -66.0746231079, 4.51743793488, -88.6065826416, 48.6228752136, -90.2710723877, 5.37967300415, 27.5524539948], [-1134.78674316, 494.090759277, 81.1483001709, -261.250976562, 286.35333252, -76.6227493286, 67.0196533203, -15.6046562195, 59.7508659363, -39.9535255432, 54.0270462036, -8.28721904755, -11.4446964264], [302.168395996, -249.574523926, -8.23684597015, 99.4650421143, -76.6227493286, 128.98991394, -3.81982207298, 36.2772712708, -11.4035987854, 15.2608299255, -15.9421043396, -3.05544877052, 2.04434728622], [-506.088317871, 139.990249634, 34.5594863892, -66.0746231079, 67.0196533203, -3.81982207298, 94.5285491943, 13.6741609573, 26.0453338623, 4.20670318604, 22.8195228577, -8.6403093338, -10.6552734375], [76.11277771, -87.323097229, 3.21471142769, 4.51743793488, -15.6046562195, 36.2772712708, 13.6741609573, 66.9247894287, 10.2604026794, 12.3663539886, 1.66968476772, -7.48640584946, -0.687265813351], [-266.995788574, 191.399932861, 14.9164543152, -88.6065826416, 59.7508659363, -11.4035987854, 26.0453338623, 10.2604026794, 86.2487030029, -6.35404348373, 30.6815719604, -12.4215869904, -0.185720294714], [3.87764167786, -141.95664978, 22.6853485107, 48.6228752136, -39.9535255432, 15.2608299255, 4.20670318604, 12.3663539886, -6.35404348373, 64.1846313477, -15.8088722229, 13.4710464478, -14.8960390091], [-297.564727783, 205.411331177, -5.78434610367, -90.2710723877, 54.0270462036, -15.9421043396, 22.8195228577, 1.66968476772, 30.6815719604, -15.8088722229, 93.6677856445, -19.4643001556, 2.1608953476], [-8.08505916595, -60.932674408, 30.5282268524, 5.37967300415, -8.28721904755, -3.05544877052, -8.6403093338, -7.48640584946, -12.4215869904, 13.4710464478, -19.4643001556, 54.2644424438, 4.65674257278], [-5.08519792557, -43.3015861511, -13.0424547195, 27.5524539948, -11.4446964264, 2.04434728622, -10.6552734375, -0.687265813351, -0.185720294714, -14.8960390091, 2.1608953476, 4.65674257278, 45.207901001]],
        "icov": [[0.000176870365976, -0.000552350538783, 0.000163906326634, -0.000617236422841, 0.000580825086217, -0.000323399610352, 0.000770733109675, -0.000829987809993, 0.000326452485751, -3.40195970239e-06, 0.000442524818936, -0.000334063603077, 0.000258487882093], [-0.000552350538783, 0.00410961080343, 0.000978688127361, 0.00392544502392, -0.00278667849489, 0.00238542142324, -0.00373701821081, 0.00483238510787, -0.00293417810462, 0.00178869254887, -0.00257486454211, 0.0012725017732, 0.000712781620678], [0.000163906326634, 0.000978688127361, 0.00597976893187, 0.000378360244213, -0.00198869989254, 0.000167946025613, -0.000866846297868, 0.00038554839557, -0.00119946873747, -0.000593404110987, 0.000137780167279, -0.00289237359539, 0.00183181720786], [-0.000617236422841, 0.00392544502392, 0.000378360244213, 0.00841962266713, -7.69397593103e-06, 0.000755073560867, -0.00383530999534, 0.00621557049453, -0.000877694226801, -0.00049264007248, -0.000473484717077, 0.00353843672201, -0.00268513546325], [0.000580825086217, -0.00278667849489, -0.00198869989254, -7.69397593103e-06, 0.0110648106784, 0.000317359692417, -0.0002128201304, -0.00237501948141, 0.000541957386304, 0.00243924674578, 0.00172253418714, -0.000466177443741, 0.000299274543067], [-0.000323399610352, 0.00238542142324, 0.000167946025613, 0.000755073560867, 0.000317359692417, 0.0128048313782, -0.0030542134773, -0.00277430471033, -0.00199267151766, 0.00210632570088, -0.00160675460938, 0.000697359617334, 0.00126679427922], [0.000770733109675, -0.00373701821081, -0.000866846297868, -0.00383530999534, -0.0002128201304, -0.0030542134773, 0.0187204945832, -0.00721514085308, 0.00120953249279, -0.0035478300415, 0.00101569772232, -6.30234280834e-05, 0.0017754213186], [-0.000829987809993, 0.00483238510787, 0.00038554839557, 0.00621557049453, -0.00237501948141, -0.00277430471033, -0.00721514085308, 0.0259542111307, -0.00511377025396, -0.00212154956535, -0.00263084471226, 0.00496895611286, -0.00202961452305], [0.000326452485751, -0.00293417810462, -0.00119946873747, -0.000877694226801, 0.000541957386304, -0.00199267151766, 0.00120953249279, -0.00511377025396, 0.0181895066053, -0.00318879052065, -0.000283998291707, 0.00211262260564, -0.00333022954874], [-3.40195970239e-06, 0.00178869254887, -0.000593404110987, -0.00049264007248, 0.00243924674578, 0.00210632570088, -0.0035478300415, -0.00212154956535, -0.00318879052065, 0.0249389819801, -0.000841847038828, -0.00608846545219, 0.0103674475104], [0.000442524818936, -0.00257486454211, 0.000137780167279, -0.000473484717077, 0.00172253418714, -0.00160675460938, 0.00101569772232, -0.00263084471226, -0.000283998291707, -0.000841847038828, 0.0165421981364, 0.00343354651704, -0.00280299829319], [-0.000334063603077, 0.0012725017732, -0.00289237359539, 0.00353843672201, -0.000466177443741, 0.000697359617334, -6.30234280834e-05, 0.00496895611286, 0.00211262260564, -0.00608846545219, 0.00343354651704, 0.0255280639976, -0.00668975897133], [0.000258487882093, 0.000712781620678, 0.00183181720786, -0.00268513546325, 0.000299274543067, 0.00126679427922, 0.0017754213186, -0.00202961452305, -0.00333022954874, 0.0103674475104, -0.00280299829319, -0.00668975897133, 0.0296283476055]]
    },
    "melbands": {
        "dmean": [0.000203425690415, 0.000937401957344, 0.000384737300919, 0.000737438676879, 0.000200165275601, 0.000123278077808, 0.000261213746853, 0.000228380289627, 0.000250538345426, 6.50669171591e-05, 6.92800458637e-05, 5.77660684939e-05, 4.34764442616e-05, 2.77189119515e-05, 3.38479221682e-05, 2.91829401249e-05, 2.06672357308e-05, 1.44636615005e-05, 1.21597031466e-05, 1.82707772183e-05, 1.93594569282e-05, 9.80618551694e-06, 4.10281927543e-06, 5.30069428351e-06, 5.27968040842e-06, 4.74474381917e-06, 4.63211927126e-06, 1.08724661914e-05, 1.35724712891e-05, 7.24133860786e-06, 4.75442493553e-06, 5.73161696593e-06, 6.04755678069e-06, 7.40834411772e-06, 2.93294033327e-06, 1.8756973077e-06, 1.8779568336e-06, 3.09046822622e-06, 1.96712517209e-06, 8.08109291484e-07],
        "dmean2": [0.00035239366116, 0.00157758896239, 0.00065645808354, 0.00119322480168, 0.000316748162732, 0.000209623933188, 0.000418659008574, 0.000364119186997, 0.000412250461522, 0.000113567191875, 0.000107035972178, 0.000101861602161, 7.60770053603e-05, 4.70934137411e-05, 5.64672955079e-05, 4.95791537105e-05, 3.63166254829e-05, 2.5071838536e-05, 2.02022547455e-05, 2.88560331683e-05, 3.21031257045e-05, 1.68862898136e-05, 6.51923664918e-06, 8.53381516208e-06, 8.55174675962e-06, 7.76663455326e-06, 7.58303713155e-06, 1.75913355633e-05, 2.03055496968e-05, 1.11800309242e-05, 7.32961325411e-06, 8.46700731927e-06, 9.66526113189e-06, 1.15969487524e-05, 4.77597086501e-06, 2.92937147606e-06, 2.90382013191e-06, 5.02061038787e-06, 3.39509188052e-06, 1.29944567107e-06],
        "dvar": [6.7204958043e-08, 1.4008069229e-06, 3.11236675543e-07, 6.32966475678e-07, 4.51348185493e-08, 3.63805980896e-08, 1.08332919524e-07, 8.02707162961e-08, 1.15899275954e-07, 1.28234731278e-07, 7.3413346513e-08, 7.85644331813e-08, 1.31449366947e-08, 4.08042977185e-09, 4.53602888584e-09, 6.43960840208e-09, 5.30972599222e-09, 3.41170269813e-09, 1.79930781385e-09, 1.03495256809e-08, 5.56679013997e-09, 2.47426990008e-09, 1.44181944162e-10, 5.34044364287e-10, 4.23586443699e-10, 2.52979109883e-10, 2.9238905741e-10, 1.88641813281e-09, 2.5629107725e-09, 6.13121553528e-10, 2.89762991379e-10, 6.90844381701e-10, 6.33633978619e-10, 1.93929827752e-09, 2.05978484269e-10, 1.29006763605e-10, 1.90665025435e-10, 6.23001816802e-10, 3.91118470944e-10, 3.6608719528e-11],
        "dvar2": [1.89296201825e-07, 3.33913931172e-06, 8.19333365598e-07, 1.51639017076e-06, 9.93197062371e-08, 9.23810432596e-08, 2.70011298653e-07, 2.09110439187e-07, 2.90926720936e-07, 3.61100603641e-07, 1.76974850774e-07, 2.3531008253e-07, 3.79208238144e-08, 1.06346114137e-08, 1.24425607595e-08, 1.80149779538e-08, 1.504851177e-08, 9.8249977043e-09, 4.66731986393e-09, 2.58578971568e-08, 1.48862939753e-08, 6.98078084227e-09, 3.11320830226e-10, 1.36412026119e-09, 1.04865438555e-09, 6.40332231683e-10, 7.38370808939e-10, 4.11547729229e-09, 5.90264637168e-09, 1.23572629906e-09, 5.93147808647e-10, 1.47909617887e-09, 1.56920121341e-09, 4.94787277816e-09, 4.8813142417e-10, 2.70654471057e-10, 3.85997400709e-10, 1.44239953315e-09, 1.0830428776e-09, 1.0005386103e-10],
        "max": [0.0034374401439, 0.0118637960404, 0.00886499788612, 0.00771168526262, 0.00375179760158, 0.00284504261799, 0.00324593391269, 0.00278778909706, 0.0032841283828, 0.00692173652351, 0.00633315742016, 0.00611107144505, 0.00184192834422, 0.00115292344708, 0.000849301926792, 0.000997887924314, 0.00116298557259, 0.000708807550836, 0.000582976033911, 0.00195055676159, 0.00134614633862, 0.000908687070478, 0.000190490041859, 0.000379100674763, 0.000260386121226, 0.000148319959408, 0.000196675013285, 0.00053709000349, 0.000731373962481, 0.00044010207057, 0.000234201099374, 0.000550309661776, 0.000417682371335, 0.000692156900186, 0.000199480666197, 0.000234806211665, 0.000281194719719, 0.000435817724792, 0.0003734852653, 0.000109983928269],
        "mean": [0.000281003536656, 0.00128736696206, 0.000591246003751, 0.00156374170911, 0.000518581247889, 0.000168948361534, 0.000385735271266, 0.000397286115913, 0.000340866477927, 8.29949203762e-05, 0.000106768384285, 8.4565130237e-05, 6.59587822156e-05, 4.55226036138e-05, 5.58466053917e-05, 4.93224797538e-05, 2.77693725366e-05, 1.68367423612e-05, 1.53700329975e-05, 2.18191598833e-05, 2.56768526015e-05, 1.15651937449e-05, 5.81128915655e-06, 6.4926343839e-06, 6.72519399814e-06, 6.04354454481e-06, 5.47022818864e-06, 1.2182386854e-05, 1.50651376316e-05, 8.78563241713e-06, 6.26429618933e-06, 6.83638472765e-06, 6.57062128084e-06, 6.92382127454e-06, 2.90659181701e-06, 2.1182436285e-06, 2.05954665944e-06, 3.05307207782e-06, 1.59213391271e-06, 7.20076855032e-07],
        "median": [0.000194555861526, 0.000769695849158, 0.000392834306695, 0.00115083251148, 0.000411750690546, 0.000103419122752, 0.000240612280322, 0.000256769242696, 0.000179671362275, 2.81459906546e-05, 4.42275777459e-05, 3.19383398164e-05, 3.14425742545e-05, 2.59834559984e-05, 3.60637677659e-05, 3.1764004234e-05, 1.28562587633e-05, 6.20607852397e-06, 5.89528553974e-06, 6.63498940412e-06, 1.16336996143e-05, 4.17616774939e-06, 1.5596058347e-06, 1.27665725813e-06, 1.41969883316e-06, 7.52930077397e-07, 1.8748616526e-07, 1.37102915687e-07, 9.04632656784e-07, 4.91235027766e-07, 1.23149675346e-07, 8.68684182365e-08, 7.52413953364e-08, 5.79224561648e-08, 5.05874133694e-08, 1.96588381129e-08, 1.230843516e-08, 1.66741944696e-08, 8.21251688876e-09, 4.79270578779e-09],
        "min": [1.01758339385e-23, 2.07509103812e-23, 2.99244286976e-24, 9.67537111393e-24, 6.44629561058e-24, 4.70709515613e-24, 6.54350812322e-24, 6.07601534572e-24, 4.93560883328e-24, 1.82221078867e-23, 9.25160055767e-24, 4.60090974512e-24, 3.8732754902e-24, 9.55498147346e-24, 9.0589670355e-24, 9.23039203223e-24, 8.81922431779e-24, 7.25914459264e-24, 8.10315713032e-24, 6.28973117558e-24, 4.61029009015e-24, 2.64695098113e-24, 7.41757705026e-24, 5.53305500643e-24, 6.89244417857e-24, 9.98602927157e-24, 1.12898096663e-23, 8.88390460114e-24, 1.1489200571e-23, 8.20369193067e-24, 8.75618249855e-24, 1.18218174608e-23, 8.7148627532e-24, 1.13198266126e-23, 1.0225229253e-23, 8.24620443371e-24, 6.78716437988e-24, 6.48484684859e-24, 9.57298406818e-24, 7.7881239501e-24],
        "var": [9.47211802327e-08, 2.34585309045e-06, 5.47469312551e-07, 2.01507418751e-06, 2.12710915548e-07, 5.73042449048e-08, 1.85450389267e-07, 1.68087055386e-07, 1.92788093045e-07, 1.09922559943e-07, 1.46788636357e-07, 1.30716344415e-07, 1.74774790196e-08, 6.44902087288e-09, 6.01097527309e-09, 7.03504987598e-09, 4.83890438829e-09, 2.75952971585e-09, 1.84859183516e-09, 8.7656104597e-09, 5.01779950923e-09, 1.87291404607e-09, 2.50467785401e-10, 5.41353517569e-10, 4.63258098549e-10, 3.53105017448e-10, 3.47307321791e-10, 2.31388197491e-09, 3.11662895491e-09, 1.01606223435e-09, 4.66907679186e-10, 8.58527582359e-10, 6.88811341298e-10, 1.70690261925e-09, 2.14902790008e-10, 1.6518458823e-10, 2.25147386845e-10, 6.31936614148e-10, 2.66717870012e-10, 2.75920501724e-11]
    },
    "mfcc": {
