{
"metadata": {
    "version": {
        "essentia": "2.0.1",
        "extractor": "archive-music 1.0"
    },
    "audio_properties": {
        "analysis_sample_rate": 44100,
        "bitrate": 128,
        "channels": 2,
        "equal_loudness": 0,
        "length": 15.9085712433,
        "replay_gain": -6.93162918091,
        "downmix": "mix"
    },
    "tags": {
        "track": 0,
        "year": 0,
        "album": "",
        "artist": "",
        "comment": "",
        "genre": "",
        "title": ""
    }
},
"highlevel": {
    "culture": {
        "all": {
            "non_western": 0.153357058764,
            "western": 0.846642911434
        },
        "probability": 0.846642911434,
        "value": "western"
    },
    "danceability": {
        "all": {
            "danceable": 0.00482996832579,
            "not_danceable": 0.99517005682
        },
        "probability": 0.99517005682,
        "value": "not_danceable"
    },
    "gender": {
        "all": {
            "female": 0.166454717517,
            "male": 0.833545267582
        },
        "probability": 0.833545267582,
        "value": "male"
    },
    "genre_dortmund": {
        "all": {
            "alternative": 0.122865453362,
            "blues": 0.0619689077139,
            "electronic": 0.150204524398,
            "folkcountry": 0.0615733414888,
            "funksoulrnb": 0.163203820586,
            "jazz": 0.256916761398,
            "pop": 0.0431962795556,
            "raphiphop": 0.0186842884868,
            "rock": 0.121386609972
        },
        "probability": 0.256916761398,
        "value": "jazz"
    },
    "genre_electronic": {
        "all": {
            "ambient": 0.804978907108,
            "dnb": 0.146968960762,
            "house": 0.0174274090677,
            "techno": 0.0141710247844,
            "trance": 0.0164536926895
        },
        "probability": 0.804978907108,
        "value": "ambient"
    },
    "genre_rosamerica": {
        "all": {
            "cla": 0.830658853054,
            "dan": 0.0096678789705,
            "hip": 0.00763272261247,
            "jaz": 0.0289828646928,
            "pop": 0.0479959324002,
            "rhy": 0.0202932674438,
            "roc": 0.0486366227269,
            "spe": 0.00613184599206
        },
        "probability": 0.830658853054,
        "value": "cla"
    },
    "genre_tzanetakis": {
        "all": {
            "blu": 0.080268278718,
            "cla": 0.183065354824,
            "cou": 0.0149308238178,
            "dis": 0.0831886380911,
            "hip": 0.0419114045799,
            "jaz": 0.0813182815909,
            "met": 0.0145205529407,
            "pop": 0.281080722809,
            "reg": 0.0440307632089,
            "roc": 0.175685167313
        },
        "probability": 0.281080722809,
        "value": "pop"
    },
    "mirex_ballroom": {
        "all": {
            "ChaChaCha": 0.00127182318829,
            "Jive": 0.00428589619696,
            "Quickstep": 0.0112806027755,
            "Rumba-American": 0.00093860598281,
            "Rumba-International": 0.000737280293833,
            "Rumba-Misc": 0.00208870973438,
            "Samba": 0.00337357097305,
            "Tango": 0.0146595928818,
            "VienneseWaltz": 0.826482236385,
            "Waltz": 0.134881675243
        },
        "probability": 0.826482236385,
        "value": "VienneseWaltz"
    },
    "mood_acoustic": {
        "all": {
            "acoustic": 0.0332776159048,
            "not_acoustic": 0.966722369194
        },
        "probability": 0.966722369194,
        "value": "not_acoustic"
    },
    "mood_aggressive": {
        "all": {
            "aggressive": 0.598382651806,
            "not_aggressive": 0.401617318392
        },
        "probability": 0.598382651806,
        "value": "aggressive"
    },
    "mood_electronic": {
        "all": {
            "electronic": 0.387331724167,
            "not_electronic": 0.612668275833
        },
        "probability": 0.612668275833,
        "value": "not_electronic"
    },
    "mood_happy": {
        "all": {
            "happy": 0.595025479794,
            "not_happy": 0.404974490404
        },
        "probability": 0.595025479794,
        "value": "happy"
    },
    "mood_party": {
        "all": {
            "not_party": 0.750131905079,
            "party": 0.249868094921
        },
        "probability": 0.750131905079,
        "value": "not_party"
    },
    "mood_relaxed": {
        "all": {
            "not_relaxed": 0.117524519563,
            "relaxed": 0.882475495338
        },
        "probability": 0.882475495338,
        "value": "relaxed"
    },
    "mood_sad": {
        "all": {
            "not_sad": 0.739927113056,
            "sad": 0.260072857141
        },
        "probability": 0.739927113056,
        "value": "not_sad"
    },
    "moods_mirex": {
        "all": {
            "Cluster1": 0.224852740765,
            "Cluster2": 0.0928317457438,
            "Cluster3": 0.0657151415944,
            "Cluster4": 0.0711027383804,
            "Cluster5": 0.545497655869
        },
        "probability": 0.545497655869,
        "value": "Cluster5"
    },
    "timbre": {
        "all": {
            "bright": 0.0104633849114,
            "dark": 0.989536643028
        },
        "probability": 0.989536643028,
        "value": "dark"
    },
    "tonal_atonal": {
        "all": {
            "atonal": 0.999999940395,
            "tonal": 7.07247806986e-08
        },
        "probability": 0.999999940395,
        "value": "atonal"
    },
    "voice_instrumental": {
        "all": {
            "instrumental": 0.150317385793,
            "voice": 0.849682629108
        },
        "probability": 0.849682629108,
        "value": "voice"
    }
},
"lowlevel": {
    "average_loudness": 0.974103927612,
    "barkbands_kurtosis": {
        "dmean": 1.53068304062,
        "dmean2": 2.65632605553,
        "dvar": 2.55647397041,
        "dvar2": 8.01260757446,
        "max": 12.7801094055,
        "mean": 1.55976748466,
        "median": 1.06368970871,
        "min": -1.14350306988,
        "var": 3.48675274849
    },
    "barkbands_skewness": {
        "dmean": 0.485633611679,
        "dmean2": 0.823304355145,
        "dvar": 0.168751731515,
        "dvar2": 0.497762411833,
        "max": 3.41058015823,
        "mean": 1.23274743557,
        "median": 1.21693587303,
        "min": -1.99126207829,
        "var": 0.471079736948
    },
    "barkbands_spread": {
        "dmean": 3.46059417725,
        "dmean2": 5.78612279892,
        "dvar": 9.18417549133,
        "dvar2": 26.9419536591,
        "max": 38.6789703369,
        "mean": 16.5209789276,
        "median": 15.7654495239,
        "min": 6.91753530502,
        "var": 18.6567287445
    },
    "dissonance": {
        "dmean": 0.0211762879044,
        "dmean2": 0.0358240306377,
        "dvar": 0.00029484348488,
        "dvar2": 0.000830574543215,
        "max": 0.499999821186,
        "mean": 0.463679581881,
        "median": 0.466807812452,
        "min": 0.367540836334,
        "var": 0.000525839917827
    },
    "dynamic_complexity": 1.8914526701,
    "erbbands_kurtosis": {
        "dmean": 0.559947729111,
        "dmean2": 0.892666757107,
        "dvar": 0.250444829464,
        "dvar2": 0.594133615494,
        "max": 4.11962270737,
        "mean": -0.144020557404,
        "median": -0.275345087051,
        "min": -1.68131649494,
        "var": 0.646732568741
    },
    "erbbands_skewness": {
        "dmean": 0.292177081108,
        "dmean2": 0.486469805241,
        "dvar": 0.0534523315728,
        "dvar2": 0.145169451833,
        "max": 1.4686602354,
        "mean": 0.423515230417,
        "median": 0.429364621639,
        "min": -0.861279845238,
        "var": 0.132519647479
    },
    "erbbands_spread": {
        "dmean": 5.49765396118,
        "dmean2": 8.74824142456,
        "dvar": 21.3456878662,
        "dvar2": 44.3878097534,
        "max": 68.5532226562,
        "mean": 33.0643234253,
        "median": 32.6660232544,
        "min": 8.55801200867,
        "var": 119.617530823
    },
    "hfc": {
        "dmean": 5.25694894791,
        "dmean2": 8.48731327057,
        "dvar": 24.732213974,
        "dvar2": 59.9437904358,
        "max": 74.0492858887,
        "mean": 26.4952373505,
        "median": 26.3438549042,
        "min": 1.12435748989e-16,
        "var": 137.831100464
    },
    "melbands_kurtosis": {
        "dmean": 3.93882489204,
        "dmean2": 6.75364589691,
        "dvar": 19.0960197449,
        "dvar2": 58.7313308716,
        "max": 33.2929954529,
        "mean": 6.57498979568,
        "median": 5.00148868561,
        "min": -1.29821968079,
        "var": 33.3482589722
    },
    "melbands_skewness": {
        "dmean": 0.657429456711,
        "dmean2": 1.10433113575,
        "dvar": 0.323194622993,
        "dvar2": 0.95746409893,
        "max": 5.2491312027,
        "mean": 2.12251353264,
        "median": 2.04974865913,
        "min": -0.161894708872,
        "var": 0.993692755699
    },
    "melbands_spread": {
        "dmean": 5.60202646255,
        "dmean2": 9.44240665436,
        "dvar": 41.616153717,
        "dvar2": 87.1856384277,
        "max": 141.599319458,
        "mean": 20.581861496,
        "median": 19.5995349884,
        "min": 6.42839002609,
        "var": 129.985473633
    },
    "pitch_salience": {
        "dmean": 0.0718304365873,
        "dmean2": 0.122631415725,
        "dvar": 0.00304085761309,
        "dvar2": 0.00868388265371,
        "max": 0.930529475212,
        "mean": 0.547728180885,
        "median": 0.550379753113,
        "min": 0.3226390481,
        "var": 0.00795772857964
    },
    "silence_rate_20dB": {
        "dmean": 0,
        "dmean2": 0,
        "dvar": 0,
        "dvar2": 0,
        "max": 1,
        "mean": 1,
        "median": 1,
        "min": 1,
        "var": 0
    },
    "silence_rate_30dB": {
        "dmean": 0,
        "dmean2": 0,
        "dvar": 0,
        "dvar2": 0,
        "max": 1,
        "mean": 1,
        "median": 1,
        "min": 1,
        "var": 0
    },
    "silence_rate_60dB": {
        "dmean": 0.00291545200162,
        "dmean2": 0.0058394158259,
        "dvar": 0.00290697347373,
        "dvar2": 0.00580531265587,
        "max": 1,
        "mean": 0.0582241639495,
        "median": 0,
        "min": 0,
        "var": 0.054833445698
    },
    "spectral_centroid": {
        "dmean": 273.830291748,
        "dmean2": 458.444244385,
        "dvar": 191097.84375,
        "dvar2": 277170.40625,
        "max": 11226.8359375,
        "mean": 1249.66369629,
        "median": 1163.20861816,
        "min": 632.137084961,
        "var": 516418.875
    },
    "spectral_complexity": {
        "dmean": 2.5306122303,
        "dmean2": 4.2481751442,
        "dvar": 4.35693120956,
        "dvar2": 12.6975364685,
        "max": 38,
        "mean": 21.6768550873,
        "median": 23,
        "min": 0,
        "var": 48.1867027283
    },
    "spectral_crest": {
        "dmean": 3.50428700447,
        "dmean2": 6.09019517899,
        "dvar": 7.65458250046,
        "dvar2": 25.0522041321,
        "max": 20.345489502,
        "mean": 10.4227409363,
        "median": 9.92857837677,
        "min": 3.13101196289,
        "var": 13.3863487244
    },
    "spectral_decrease": {
        "dmean": 2.42965669806e-09,
        "dmean2": 4.18426893134e-09,
        "dvar": 5.15361935275e-18,
        "dvar2": 1.56031757234e-17,
        "max": -8.21092847473e-30,
        "mean": -7.59299201292e-09,
        "median": -7.40802397203e-09,
        "min": -2.5969002948e-08,
        "var": 1.2982984353e-17
    },
    "spectral_energy": {
        "dmean": 0.00955474656075,
        "dmean2": 0.0164251308888,
        "dvar": 7.92113060015e-05,
        "dvar2": 0.000238173350226,
        "max": 0.103892236948,
        "mean": 0.0310608763248,
        "median": 0.0304864067584,
        "min": 1.02622563265e-20,
        "var": 0.000210956452065
    },
    "spectral_energyband_high": {
        "dmean": 0.000187817291589,
        "dmean2": 0.000315961660817,
        "dvar": 4.7837030337e-08,
        "dvar2": 1.24810085822e-07,
        "max": 0.00341160129756,
        "mean": 0.000700301956385,
        "median": 0.000635911128484,
        "min": 7.58874557884e-21,
        "var": 1.81614282724e-07
    },
    "spectral_energyband_low": {
        "dmean": 1.24310126921e-05,
        "dmean2": 2.28178687394e-05,
        "dvar": 1.82107218194e-10,
        "dvar2": 6.14425121892e-10,
        "max": 0.000124858968775,
        "mean": 4.48336249974e-05,
        "median": 4.72612409794e-05,
        "min": 9.37184173451e-23,
        "var": 3.42302380885e-10
    },
    "spectral_energyband_middle_high": {
        "dmean": 0.00280565628782,
        "dmean2": 0.0040995455347,
        "dvar": 8.59913234308e-06,
        "dvar2": 1.77007859747e-05,
        "max": 0.0424733534455,
        "mean": 0.0105195036158,
        "median": 0.00957364495844,
        "min": 1.36508630981e-21,
        "var": 4.53465727333e-05
    },
    "spectral_energyband_middle_low": {
        "dmean": 0.00888433586806,
        "dmean2": 0.0155882509425,
        "dvar": 7.47334779589e-05,
        "dvar2": 0.000229411860346,
        "max": 0.0758370533586,
        "mean": 0.0199700500816,
        "median": 0.0184103902429,
        "min": 2.50788827728e-22,
        "var": 0.000126541548525
    },
    "spectral_flatness_db": {
        "dmean": 0.0197775755078,
        "dmean2": 0.0343642570078,
        "dvar": 0.000261023727944,
        "dvar2": 0.000778944639023,
        "max": 0.244505673647,
        "mean": 0.171954885125,
        "median": 0.171949207783,
        "min": 0.0563856586814,
        "var": 0.000520033005159
    },
    "spectral_flux": {
        "dmean": 0.0191191639751,
        "dmean2": 0.031504034996,
        "dvar": 0.000278459832771,
        "dvar2": 0.000743283133488,
        "max": 0.20720462501,
        "mean": 0.0966091677547,
        "median": 0.097701638937,
        "min": 6.60966559263e-11,
        "var": 0.00101582484785
    },
    "spectral_kurtosis": {
        "dmean": 1.73617827892,
        "dmean2": 3.08496260643,
        "dvar": 2.00445771217,
        "dvar2": 5.91759777069,
        "max": 14.4173412323,
        "mean": 3.95191431046,
        "median": 3.5290055275,
        "min": -1.16883432865,
        "var": 4.86471748352
    },
    "spectral_rms": {
        "dmean": 0.000821246183477,
        "dmean2": 0.00140056270175,
        "dvar": 4.80531753055e-07,
        "dvar2": 1.4624575897e-06,
        "max": 0.0100676845759,
        "mean": 0.00527215609327,
        "median": 0.0054536992684,
        "min": 3.16416771257e-12,
        "var": 2.50766879617e-06
    },
    "spectral_rolloff": {
        "dmean": 447.770782471,
        "dmean2": 798.142822266,
        "dvar": 908792.5625,
        "dvar2": 1784673,
        "max": 18949.21875,
        "mean": 1568.85229492,
        "median": 1442.72460938,
        "min": 387.59765625,
        "var": 2738578.75
    },
    "spectral_skewness": {
        "dmean": 0.200133517385,
        "dmean2": 0.342489808798,
        "dvar": 0.0256249420345,
        "dvar2": 0.0636924803257,
        "max": 2.62609672546,
        "mean": 1.40561425686,
        "median": 1.38545811176,
        "min": -0.0203599203378,
        "var": 0.10838060081
    },
    "spectral_spread": {
        "dmean": 307444.34375,
        "dmean2": 478271.15625,
        "dvar": 2.81193270477e+12,
        "dvar2": 3.94304028672e+12,
        "max": 40197644,
        "mean": 3598372.25,
        "median": 3496023.75,
        "min": 2277360.5,
        "var": 6.02726832538e+12
    },
    "spectral_strongpeak": {
        "dmean": 0.909457206726,
        "dmean2": 1.57276248932,
        "dvar": 1.14102935791,
        "dvar2": 2.74326395988,
        "max": 8.80022144318,
        "mean": 1.45380580425,
        "median": 1.02228486538,
        "min": 0,
        "var": 1.7126802206
    },
    "zerocrossingrate": {
        "dmean": 0.00706086028367,
        "dmean2": 0.0102988136932,
        "dvar": 0.000464961660327,
        "dvar2": 0.000857854087371,
        "max": 0.50830078125,
        "mean": 0.0619882643223,
        "median": 0.05712890625,
        "min": 0.03564453125,
        "var": 0.00180431082845
    },
    "barkbands": {
        "dmean": [3.22919149767e-05, 1.48738854477e-06, 4.73819767421e-07, 3.80592882721e-06, 0.00225967308506, 0.0079104853794, 0.00207040156238, 0.000470284168841, 0.000494457257446, 0.00070013164077, 0.00132808752824, 0.00095208507264, 0.000509221979883, 0.000461720163003, 0.000587252550758, 0.00043439125875, 0.000194043503143, 0.000275685859378, 5.11642138008e-05, 0.000200010428671, 7.06057398929e-05, 0.000110647342808, 2.73302630376e-05, 1.98161706066e-05, 1.13537180368e-06, 4.69095368771e-07, 7.16021233416e-08],
        "dmean2": [5.88662587688e-05, 2.64411119133e-06, 8.32563898712e-07, 6.80605080561e-06, 0.00400544237345, 0.0140640484169, 0.00354767194949, 0.000776510976721, 0.000837959058117, 0.00109309284016, 0.00182593252975, 0.00138832465746, 0.000828617310617, 0.00077887205407, 0.000953916052822, 0.000706840539351, 0.000330442911945, 0.000460725277662, 8.81902960828e-05, 0.00034032005351, 0.000118510513857, 0.000190086939256, 4.56691996078e-05, 3.38391873811e-05, 1.8805902755e-06, 7.74122952407e-07, 1.17933851129e-07],
        "dvar": [1.09474984633e-09, 4.58754822324e-12, 2.57350212104e-13, 2.44537740751e-11, 7.08748711986e-06, 6.47309061605e-05, 4.80090648125e-06, 3.67461154838e-07, 4.70007734066e-07, 1.36615778956e-06, 2.0246548047e-06, 3.76951447834e-06, 4.77062712889e-07, 4.85478892642e-07, 3.9554154796e-07, 5.77012372105e-07, 1.08383034103e-07, 1.42447248663e-07, 2.74250333554e-09, 5.75517731249e-08, 8.59149018595e-09, 1.51670906945e-08, 9.16913656113e-10, 4.06802341812e-10, 5.29475248368e-12, 7.07795063878e-12, 6.15509487996e-13],
        "dvar2": [3.75944564368e-09, 1.33713942696e-11, 7.31047600927e-13, 7.02064378855e-11, 2.16771713895e-05, 0.000201727889362, 1.28756782942e-05, 9.41955647704e-07, 1.1872811001e-06, 3.11721305479e-06, 3.23073595609e-06, 7.42113252272e-06, 1.24172936466e-06, 1.26980182813e-06, 1.02928709111e-06, 1.28737701743e-06, 2.92588651973e-07, 3.32251147483e-07, 7.76133202152e-09, 1.59206919648e-07, 2.26535803449e-08, 4.23500843283e-08, 2.51601361967e-09, 1.1686112078e-09, 1.37856843996e-11, 1.80329501331e-11, 1.56043223048e-12],
        "max": [0.000316475023283, 1.98397337954e-05, 3.94351400246e-06, 5.2734358178e-05, 0.0204086266458, 0.0695988684893, 0.0256577637047, 0.00685549108312, 0.00953629612923, 0.0221491903067, 0.0214645322412, 0.0288835819811, 0.00790839921683, 0.00682871462777, 0.00657553039491, 0.0099920919165, 0.00384874735028, 0.00367239210755, 0.000488371122628, 0.00221632374451, 0.00129151437432, 0.00116985104978, 0.000335100863595, 0.0001800852624, 4.6974648285e-05, 5.74750556552e-05, 1.66830759554e-05],
        "mean": [0.000174749133294, 1.92805350707e-06, 5.31986700025e-07, 4.30326781498e-06, 0.00283525558189, 0.0116692921147, 0.00321241957135, 0.000807895499747, 0.000906143279281, 0.00122090801597, 0.00297747924924, 0.00199290504679, 0.000839727872517, 0.000822993170004, 0.00104658503551, 0.000727166770957, 0.000342798739439, 0.000461077725049, 0.000120470736874, 0.000352770235622, 0.000171335967025, 0.000248090625973, 7.33275301172e-05, 4.63946671516e-05, 3.23095400745e-06, 1.06283039258e-06, 7.096389254e-08],
        "median": [0.000192654231796, 1.29788782033e-06, 3.98673762447e-07, 2.83374083665e-06, 0.00194879784249, 0.00964375957847, 0.00250327144749, 0.000472618528875, 0.000609900045674, 0.000660445541143, 0.00195601512678, 0.000422647484811, 0.000457670539618, 0.000396960705984, 0.000876182806678, 0.000428354454925, 0.000225343610509, 0.00032154636574, 0.000109806278488, 0.000276334962109, 0.000137273687869, 0.000214624436921, 6.43111052341e-05, 4.12105655414e-05, 3.02216699311e-06, 8.84809765012e-07, 2.99952631622e-08],
        "min": [4.70235725753e-24, 3.24195452537e-23, 1.95770190899e-23, 2.69143626752e-23, 2.41326845067e-23, 2.89808059045e-23, 2.3620890484e-23, 2.38854539213e-23, 5.38154661763e-23, 6.18858540247e-23, 3.52744360252e-23, 3.57460707168e-23, 6.76743828185e-23, 6.33642550917e-23, 8.87706880585e-23, 7.94241567683e-23, 1.31272752894e-22, 2.1491862817e-22, 2.43509093077e-22, 3.32184556158e-22, 3.59166476881e-22, 4.27669340355e-22, 3.54433059014e-22, 5.58954525697e-22, 1.07190318827e-21, 1.74087854146e-21, 2.21204372837e-21],
        "var": [4.5630170753e-09, 4.89691013433e-12, 2.61292289888e-13, 2.40875045604e-11, 8.52548782859e-06, 8.5720399511e-05, 7.54365737521e-06, 8.38527455471e-07, 9.41622943174e-07, 3.71266719412e-06, 9.55439463723e-06, 1.34663187055e-05, 1.00977013062e-06, 1.07869857402e-06, 6.35479409539e-07, 9.15376460853e-07, 1.89736681477e-07, 2.2586029047e-07, 5.01484676008e-09, 9.35457720175e-08, 2.14899120721e-08, 2.88370163304e-08, 2.84577805765e-09, 9.13911613054e-10, 6.2916872233e-12, 5.47142843185e-12, 4.53809163642e-13]
    },
    "erbbands": {
        "dmean": [0.000178246176802, 0.00016456245794, 0.000594678858761, 0.0127050522715, 0.669656574726, 10.9747600555, 32.5341529846, 78.7563400269, 29.8341579437, 25.7071647644, 7.11602735519, 10.8862714767, 20.2880992889, 42.0654792786, 31.5665092468, 38.9628868103, 19.6609344482, 25.8534564972, 17.9566917419, 48.9141311646, 10.7482585907, 9.86319446564, 17.1866359711, 4.51255464554, 7.66270017624, 6.64504003525, 3.16556787491, 2.7233645916, 5.19127893448, 1.1938495636, 0.949560046196, 0.638417184353, 0.126887142658, 0.0188064984977, 0.00888020731509, 0.00254540727474, 0.000749017694034, 0.000168947124621, 9.84783491731e-06, 1.08059339254e-05],
        "dmean2": [0.00032291613752, 0.000290011550533, 0.00102552771568, 0.0225125271827, 1.19883596897, 19.5238742828, 56.1227035522, 140.99772644, 51.9637374878, 43.543006897, 11.8613452911, 18.4637203217, 32.2704811096, 59.1902656555, 46.5873641968, 57.3550567627, 31.6360797882, 43.9267578125, 29.5932388306, 78.4909820557, 18.0565071106, 16.7538700104, 28.6983146667, 7.63300514221, 13.1320238113, 11.3205957413, 5.29029798508, 4.65209197998, 8.84629058838, 2.03689146042, 1.58685433865, 1.07852756977, 0.220610007644, 0.0314446613193, 0.0152091104537, 0.00419569760561, 0.00126016361173, 0.000281278073089, 1.63846852956e-05, 1.85081189557e-05],
        "dvar": [5.2618506885e-08, 4.33013944701e-08, 3.16142433121e-07, 0.000185666387551, 0.528273165226, 171.52645874, 1087.34240723, 6596.80761719, 1053.43591309, 737.432922363, 142.16835022, 291.593566895, 1386.24914551, 2875.39477539, 1619.63745117, 7866.546875, 849.0625, 1380.64465332, 475.65637207, 5462.06005859, 146.533279419, 215.902267456, 649.55078125, 23.3890323639, 114.152244568, 73.8689041138, 11.7815351486, 21.8429737091, 35.6806983948, 1.58997952938, 1.1081776619, 0.389423698187, 0.0222157556564, 0.000806465686765, 0.000326119596139, 0.000113615118607, 2.17969336518e-05, 3.24916459249e-06, 6.8445049628e-09, 1.00637630174e-10],
        "dvar2": [1.66900349541e-07, 1.29066336285e-07, 9.33268268e-07, 0.0005273456336, 1.57223069668, 528.888305664, 3391.26904297, 20262.4140625, 2996.21289062, 1941.3326416, 395.840911865, 762.162719727, 3158.42236328, 5052.65966797, 3466.3828125, 14947.6435547, 2059.45410156, 3724.24316406, 1244.96655273, 12359.5546875, 372.3984375, 574.801269531, 1505.01904297, 66.7612991333, 317.783416748, 207.362823486, 31.9814319611, 56.3314285278, 100.351394653, 4.35806417465, 2.96549987793, 1.13107478619, 0.0632441714406, 0.00221661501564, 0.000840760942083, 0.000285885878839, 5.6024739024e-05, 8.2988608483e-06, 1.74502599037e-08, 2.99643893031e-10],
        "max": [0.00218702154234, 0.00159774825443, 0.0045830165036, 0.123049482703, 5.98839187622, 109.74520874, 203.888061523, 681.053344727, 282.952606201, 275.711456299, 187.061340332, 245.754592896, 828.461791992, 864.534362793, 418.190032959, 1395.29211426, 361.077270508, 440.895690918, 271.029785156, 913.602294922, 136.773910522, 168.354415894, 243.736557007, 51.7561759949, 85.5016784668, 84.0549240112, 36.3547210693, 71.5935668945, 60.573387146, 15.2939462662, 11.5473098755, 5.3927025795, 1.40574991703, 0.465171575546, 0.367529064417, 0.232659891248, 0.100475028157, 0.0383344739676, 0.00177683413494, 0.00012050812802],
        "mean": [0.000481604103697, 0.000281054381048, 0.00117268424947, 0.0221764706075, 0.902784585953, 13.450674057, 48.9972724915, 107.813476562, 49.3238449097, 40.939037323, 14.3529911041, 20.1606903076, 39.8261985779, 102.787063599, 68.9001617432, 82.2345657349, 38.2313613892, 47.0854911804, 36.4129981995, 77.9405212402, 25.6894664764, 20.5265522003, 27.5765666962, 10.2838315964, 12.7792882919, 13.2429084778, 7.77034425735, 6.82426118851, 10.9820661545, 3.10830044746, 2.4959051609, 1.60153317451, 0.302138835192, 0.0552844256163, 0.0222762320191, 0.00593217415735, 0.00176475779153, 0.000258307583863, 2.58419422607e-05, 3.7671692553e-05],
        "median": [0.000472866930068, 0.000220120884478, 0.00106117723044, 0.0182201005518, 0.646954119205, 9.29916858673, 39.6767082214, 82.6675720215, 39.8789482117, 31.5959205627, 8.32683086395, 12.7891750336, 18.5441913605, 57.5841522217, 49.2482223511, 19.2607154846, 20.5737056732, 29.730463028, 29.3732147217, 50.6734962463, 21.3461704254, 15.3161048889, 17.7474079132, 9.52102947235, 8.60940647125, 10.978720665, 6.63079500198, 4.98050022125, 9.14688396454, 2.87729883194, 2.17966556549, 1.45812654495, 0.266239345074, 0.0503190197051, 0.0201381165534, 0.00513676553965, 0.0015392259229, 0.00017548642063, 2.27860546147e-05, 3.70343004761e-05],
        "min": [8.40342952394e-22, 6.17866476345e-21, 2.04064536232e-20, 1.01880740583e-19, 6.59335520379e-20, 5.71442798157e-20, 1.67097204578e-19, 2.20673667004e-19, 2.90340731048e-19, 3.87188846624e-19, 5.0426305329e-19, 1.41295900649e-18, 1.19454672203e-18, 3.32742376309e-18, 1.48710789019e-18, 2.65031025727e-18, 3.17109324476e-18, 3.61035841007e-18, 4.39838484192e-18, 4.62122109509e-18, 5.63314257129e-18, 8.62948563984e-18, 9.83685004245e-18, 1.31632170823e-17, 1.45922501727e-17, 1.47982661217e-17, 1.92160954982e-17, 1.53911958022e-17, 1.28225096598e-17, 1.22563715321e-17, 1.15061518038e-17, 1.38634941268e-17, 1.08334025029e-17, 9.73196767669e-18, 8.06716908661e-18, 6.87311981032e-18, 3.05807824601e-18, 1.16834546594e-18, 2.54813401287e-19, 3.34163260636e-20],
        "var": [5.75414667026e-08, 5.42270619519e-08, 5.06699279867e-07, 0.000285319983959, 0.693598806858, 194.029937744, 1496.20544434, 8414.38476562, 1495.04516602, 1247.47766113, 319.691497803, 522.078674316, 4500.44140625, 14346.7832031, 4351.43652344, 25077.0097656, 2212.65625, 2673.59155273, 1003.41564941, 8184.54736328, 387.104431152, 414.51940918, 987.948974609, 38.7232093811, 152.507339478, 123.319274902, 30.1023635864, 49.7576637268, 67.7497634888, 3.32756137848, 3.10557961464, 0.98526340723, 0.0398076996207, 0.00123250158504, 0.000380976183806, 9.4007824373e-05, 1.64769953699e-05, 2.37392669078e-06, 5.11402209469e-09, 2.93557539388e-10]
    },
    "gfcc": {
        "mean": [-27.23005867, 74.8827896118, -193.227478027, -0.530588984489, -107.186286926, -20.5244369507, -58.7172317505, -25.5716285706, -20.2140960693, -4.7571978569, -1.20480191708, 14.6439838409, 12.3259887695],
        "cov": [[15811.1708984, 830.476318359, -1777.70043945, -48.0770072937, -1085.29846191, -241.691604614, -717.643310547, -324.285797119, -102.464515686, -16.7714271545, 51.6959152222, 207.296234131, 89.4151916504], [830.476318359, 186.771789551, -176.673736572, -91.471031189, -50.8198852539, 11.163392067, -34.5378341675, -52.9974479675, 0.908775746822, -10.7768936157, 12.3634080887, -20.0229568481, 3.05810236931], [-1777.70043945, -176.673736572, 431.071807861, 126.927452087, 132.091522217, -27.1329784393, 49.3225097656, 48.1323699951, -17.415895462, -22.8143215179, -31.0226402283, -2.61917185783, -15.5550928116], [-48.0770072937, -91.471031189, 126.927452087, 202.354568481, -34.9721679688, -86.417350769, -35.0664024353, 15.3312578201, -49.1286773682, -29.5880527496, -44.0837211609, 18.0570888519, 19.5563564301], [-1085.29846191, -50.8198852539, 132.091522217, -34.9721679688, 146.294876099, 55.1612167358, 53.0950431824, 12.6755533218, 25.1115531921, 12.5566959381, 6.34436941147, -26.7148017883, -22.7802658081], [-241.691604614, 11.163392067, -27.1329784393, -86.417350769, 55.1612167358, 92.0455551147, 42.2382316589, -4.79951000214, 25.4130935669, 11.5874757767, 16.1861915588, -21.6768798828, -17.3486881256], [-717.643310547, -34.5378341675, 49.3225097656, -35.0664024353, 53.0950431824, 42.2382316589, 89.3016433716, 23.1410140991, 4.83751106262, 4.95892190933, 4.19436740875, -8.91435623169, 0.443510621786], [-324.285797119, -52.9974479675, 48.1323699951, 15.3312578201, 12.6755533218, -4.79951000214, 23.1410140991, 50.0168876648, 6.33760452271, -3.35513424873, -8.30352306366, 5.8162612915, -2.40533280373], [-102.464515686, 0.908775746822, -17.415895462, -49.1286773682, 25.1115531921, 25.4130935669, 4.83751106262, 6.33760452271, 60.7785491943, 35.0853271484, 13.8232946396, -14.474981308, -14.9498624802], [-16.7714271545, -10.7768936157, -22.8143215179, -29.5880527496, 12.5566959381, 11.5874757767, 4.95892190933, -3.35513424873, 35.0853271484, 57.915019989, 18.3662815094, -13.6557445526, -10.5351009369], [51.6959152222, 12.3634080887, -31.0226402283, -44.0837211609, 6.34436941147, 16.1861915588, 4.19436740875, -8.30352306366, 13.8232946396, 18.3662815094, 50.5080871582, 9.8999710083, -9.44792079926], [207.296234131, -20.0229568481, -2.61917185783, 18.0570888519, -26.7148017883, -21.6768798828, -8.91435623169, 5.8162612915, -14.474981308, -13.6557445526, 9.8999710083, 53.1191558838, 14.7341690063], [89.4151916504, 3.05810236931, -15.5550928116, 19.5563564301, -22.7802658081, -17.3486881256, 0.443510621786, -2.40533280373, -14.9498624802, -10.5351009369, -9.44792079926, 14.7341690063, 44.2621269226]],
        "icov": [[0.000269025564194, -0.000414494978031, 0.000538718770258, -0.00029572492349, 0.000991340260953, -0.000708037056029, 0.00122279452626, 8.81568048499e-05, 0.000257056177361, -0.000492032617331, 0.000259049062151, -0.000874682504218, 0.000346559478203], [-0.000414494978031, 0.021386757493, 0.00357496272773, 0.0107762627304, 0.000236117324675, 0.0101877897978, -0.000760090537369, 0.0140194762498, -0.00214233039878, 0.0139723559842, -0.00123964680824, 0.0123302023858, -0.00102816603612], [0.000538718770258, 0.00357496272773, 0.00852288864553, -0.00246712728404, -0.00467709871009, 0.00394667917863, 0.000155259258463, 0.00193569611292, -0.000234174629441, 0.00358164263889, 0.000738458649721, -0.000567685987335, 0.00311337830499], [-0.00029572492349, 0.0107762627304, -0.00246712728404, 0.019122062251, 0.00207445886917, 0.0111499540508, 0.00276027596556, 0.00492512853816, 0.00509078754112, 0.00456307735294, 0.00491413893178, 0.00632025441155, -0.00203440198675], [0.000991340260953, 0.000236117324675, -0.00467709871009, 0.00207445886917, 0.0226650200784, -0.00983664114028, 0.00223624915816, 0.0028386763297, -0.00204721465707, -0.00139618827961, -0.000421570293838, 0.00140108785126, 0.00178194360342], [-0.000708037056029, 0.0101877897978, 0.00394667917863, 0.0111499540508, -0.00983664114028, 0.0346963144839, -0.0123881669715, 0.0110262129456, -0.005490206182, 0.0124330017716, -0.000775864522438, 0.00961713958532, 0.00418499857187], [0.00122279452626, -0.000760090537369, 0.000155259258463, 0.00276027596556, 0.00223624915816, -0.0123881669715, 0.0288023687899, -0.0107454629615, 0.00938464328647, -0.0064711747691, -0.000139714116813, -0.00128928630147, -0.00613104971126], [8.81568048499e-05, 0.0140194762498, 0.00193569611292, 0.00492512853816, 0.0028386763297, 0.0110262129456, -0.0107454629615, 0.0407639667392, -0.0119509641081, 0.0131727922708, 0.00501775601879, 0.000720950716641, 0.00539300218225], [0.000257056177361, -0.00214233039878, -0.000234174629441, 0.00509078754112, -0.00204721465707, -0.005490206182, 0.00938464328647, -0.0119509641081, 0.0360326655209, -0.0197579786181, 0.00128682586364, 0.000284195615677, 0.000995799549855], [-0.000492032617331, 0.0139723559842, 0.00358164263889, 0.00456307735294, -0.00139618827961, 0.0124330017716, -0.0064711747691, 0.0131727922708, -0.0197579786181, 0.041367623955, -0.0103177241981, 0.0147556383163, 0.000264956353931], [0.000259049062151, -0.00123964680824, 0.000738458649721, 0.00491413893178, -0.000421570293838, -0.000775864522438, -0.000139714116813, 0.00501775601879, 0.00128682586364, -0.0103177241981, 0.033412296325, -0.0148074412718, 0.00744364317507], [-0.000874682504218, 0.0123302023858, -0.000567685987335, 0.00632025441155, 0.00140108785126, 0.00961713958532, -0.00128928630147, 0.000720950716641, 0.000284195615677, 0.0147556383163, -0.0148074412718, 0.038413643837, -0.00987419020385], [0.000346559478203, -0.00102816603612, 0.00311337830499, -0.00203440198675, 0.00178194360342, 0.00418499857187, -0.00613104971126, 0.00539300218225, 0.000995799549855, 0.000264956353931, 0.00744364317507, -0.00987419020385, 0.0321437977254]]
    },
    "melbands": {
        "dmean": [2.50534776569e-06, 1.86737679542e-07, 3.41607415066e-06, 0.000364677980542, 0.00098869134672, 0.00164130202029, 0.000444752949988, 0.00023926574795, 5.58276224183e-05, 7.54340871936e-05, 0.000103122270957, 0.000159960341989, 0.000142980643432, 0.000114636546641, 6.18538906565e-05, 5.24745482835e-05, 4.99994785059e-05, 2.99633684335e-05, 5.52608798898e-05, 4.92940016557e-05, 1.32084542201e-05, 1.32544037115e-05, 1.42791950566e-05, 1.07953519546e-05, 3.69069175576e-06, 2.81667257696e-06, 8.44819896884e-06, 5.350133506e-06, 2.36235428019e-06, 1.49563425111e-06, 2.18334184865e-06, 4.29199553764e-06, 1.37973904657e-06, 4.93321920203e-07, 5.32213448423e-07, 6.30056206319e-07, 3.7383509266e-07, 1.32614971449e-07, 2.47264306807e-08, 1.95300007277e-08],
        "dmean2": [4.56724637843e-06, 3.30904725843e-07, 6.07335641689e-06, 0.000652486109175, 0.00170849903952, 0.00293592363596, 0.000761336588766, 0.000402593781473, 9.38803204917e-05, 0.000128147090436, 0.000163170567248, 0.000227496333537, 0.000208525481867, 0.000163187243743, 9.55607902142e-05, 8.69699506438e-05, 8.48309427965e-05, 4.9709022278e-05, 8.84785258677e-05, 8.03090588306e-05, 2.18771147047e-05, 2.25133608183e-05, 2.36942305492e-05, 1.80325187102e-05, 6.35841843177e-06, 4.81451979795e-06, 1.4499455574e-05, 9.33326373342e-06, 4.01289935326e-06, 2.5461279165e-06, 3.75875629288e-06, 7.3289293141e-06, 2.35337438426e-06, 8.33831734326e-07, 8.95513721844e-07, 1.05241770143e-06, 6.3367912162e-07, 2.30351488995e-07, 4.16547791815e-08, 3.33540448594e-08],
        "dvar": [7.98940861385e-12, 3.44450793029e-14, 2.50524930662e-11, 1.85766651839e-07, 9.6035819297e-07, 2.82016026176e-06, 2.21833019509e-07, 6.26339655696e-08, 9.37403399348e-09, 1.23548860032e-08, 3.67706149973e-08, 4.17330703328e-08, 2.83873298201e-08, 4.4685759093e-08, 2.31404548856e-08, 4.42448389038e-09, 5.39748334916e-09, 2.30663954603e-09, 3.71282826706e-09, 7.07400849009e-09, 2.01410776945e-10, 5.12077102943e-10, 4.29298402382e-10, 1.84766896227e-10, 1.83892415184e-11, 9.27395747002e-12, 1.58999521882e-10, 6.39440722594e-11, 7.09025112927e-12, 3.348358266e-12, 1.68598347089e-11, 2.47466162145e-11, 2.4730343641e-12, 2.64101539032e-13, 3.64254497875e-13, 3.802141978e-13, 1.52093100484e-13, 2.44249319527e-14, 9.0891368037e-16, 9.07277424474e-16],
        "dvar2": [2.68322048608e-11, 1.02523817615e-13, 7.674954422e-11, 5.71785960801e-07, 2.95062432087e-06, 8.69553696248e-06, 6.23977825853e-07, 1.634736293e-07, 2.72339111262e-08, 3.19876782839e-08, 8.2723559558e-08, 7.55133768848e-08, 5.47398926187e-08, 8.98175827047e-08, 4.4398671406e-08, 1.22094139243e-08, 1.44343994535e-08, 6.07018524335e-09, 8.88778828312e-09, 1.56210564484e-08, 5.33049049345e-10, 1.37932842925e-09, 9.98919391648e-10, 4.38854758089e-10, 5.22294256455e-11, 2.6024037092e-11, 4.43804049066e-10, 1.79177672699e-10, 1.94575328072e-11, 8.99777821695e-12, 4.35914845887e-11, 6.91151857968e-11, 6.79435544285e-12, 7.4349060979e-13, 9.55158912033e-13, 1.03771852222e-12, 4.3941277483e-13, 6.98443107278e-14, 2.54071132419e-15, 2.44756819318e-15],
        "max": [2.65190792561e-05, 1.45962781062e-06, 6.33195159025e-05, 0.00368844578043, 0.00656081084162, 0.0144427455962, 0.00486287800595, 0.00253821979277, 0.00141036009882, 0.00156992406119, 0.00419654790312, 0.00319325062446, 0.0016872852575, 0.0032083846163, 0.0024492375087, 0.000587818969507, 0.000837917090394, 0.000517938518897, 0.000676674710121, 0.00100098678377, 0.000151808199007, 0.000257770268945, 0.000200158392545, 0.000125341888634, 4.35093534179e-05, 2.3007780328e-05, 9.98078321572e-05, 7.51387415221e-05, 2.53077578236e-05, 2.19250287046e-05, 6.14002492512e-05, 4.74506196042e-05, 1.74747437995e-05, 6.50288120596e-06, 7.12827750249e-06, 7.01758744981e-06, 3.90359718949e-06, 1.46950787894e-06, 3.2299598729e-07, 4.01856283361e-07],
        "mean": [8.43165616971e-06, 2.49683267839e-07, 4.24956306233e-06, 0.000423147605034, 0.00157578685321, 0.00233970326371, 0.000732309359591, 0.000386354571674, 0.000102249221527, 0.000135086564114, 0.000189105514437, 0.000379576726118, 0.000292150944006, 0.000248418422416, 0.000112402325612, 8.7775522843e-05, 8.67811904754e-05, 5.22817317687e-05, 9.33918272494e-05, 7.61711489758e-05, 2.53288162639e-05, 2.27123728109e-05, 2.28524131671e-05, 1.87854493561e-05, 7.3008804975e-06, 5.65373238715e-06, 1.24689504446e-05, 8.79115123098e-06, 5.35170829608e-06, 2.91374840344e-06, 4.58468593934e-06, 7.92591799836e-06, 2.67330005954e-06, 1.18365096569e-06, 1.29226725676e-06, 1.50720256897e-06, 7.91921650034e-07, 2.53912844528e-07, 5.49182495035e-08, 3.92214190015e-08],
        "median": [8.84627934283e-06, 1.97690383175e-07, 2.94726169159e-06, 0.000275866361335, 0.00131658255123, 0.00185647932813, 0.000595771183725, 0.000301529827993, 4.77614412375e-05, 9.04672197066e-05, 7.47013982618e-05, 0.000216636195546, 0.000208839046536, 6.23888336122e-05, 2.16538719542e-05, 5.54360813112e-05, 5.14670537086e-05, 3.05760149786e-05, 7.45339639252e-05, 4.18120216636e-05, 1.99514815904e-05, 1.43666438817e-05, 1.52103266373e-05, 1.39200274134e-05, 6.20305991106e-06, 4.84259044242e-06, 7.248737802e-06, 6.04207480137e-06, 4.51310370408e-06, 2.27993587032e-06, 2.93197831525e-06, 6.34388061371e-06, 2.24463406084e-06, 1.09978259388e-06, 1.06021468582e-06, 1.34568369958e-06, 6.82435540966e-07, 2.09953185504e-07, 4.64122500432e-08, 3.20895914285e-08],
        "min": [1.0248895869e-23, 1.10982553059e-23, 1.60355952944e-23, 3.04688038589e-24, 4.89784606175e-24, 5.36172033428e-24, 4.16277324292e-24, 4.72231386071e-24, 4.3714340521e-24, 8.76452075832e-24, 5.61095738741e-24, 1.27641047124e-23, 4.92296615398e-24, 4.43613208481e-24, 6.93837560477e-24, 8.62847301775e-24, 5.84536543324e-24, 6.12621095955e-24, 6.77298933827e-24, 4.67799052746e-24, 5.24003222876e-24, 7.86439023356e-24, 7.74521859433e-24, 8.84764066532e-24, 1.01916403445e-23, 1.17776680714e-23, 8.09126189674e-24, 1.00102828001e-23, 1.15814673202e-23, 9.38351940027e-24, 8.75000177336e-24, 7.89618369462e-24, 7.80231240234e-24, 5.89747758464e-24, 6.36081030416e-24, 7.78820125847e-24, 7.51604582389e-24, 6.84632342574e-24, 8.85513721051e-24, 7.65211249713e-24],
