{
"metadata": {
    "version": {
        "essentia": "2.0.1",
        "extractor": "archive-music 1.0"
    },
    "audio_properties": {
        "analysis_sample_rate": 44100,
        "bitrate": 128,
        "channels": 2,
        "equal_loudness": 0,
        "length": 15.43836689,
        "replay_gain": -5.96908569336,
        "downmix": "mix"
    },
    "tags": {
        "track": 0,
        "year": 0,
        "album": "",
        "artist": "",
        "comment": "",
        "genre": "",
        "title": ""
    }
},
"highlevel": {
    "culture": {
        "all": {
            "non_western": 0.00258443271741,
            "western": 0.997415542603
        },
        "probability": 0.997415542603,
        "value": "western"
    },
    "danceability": {
        "all": {
            "danceable": 0.209490090609,
            "not_danceable": 0.790509879589
        },
        "probability": 0.790509879589,
        "value": "not_danceable"
    },
    "gender": {
        "all": {
            "female": 0.998636066914,
            "male": 0.00136391329579
        },
        "probability": 0.998636066914,
        "value": "female"
    },
    "genre_dortmund": {
        "all": {
            "alternative": 0.0449027456343,
            "blues": 0.0184322427958,
            "electronic": 0.270296394825,
            "folkcountry": 0.0360065214336,
            "funksoulrnb": 0.0276905037463,
            "jazz": 0.347182095051,
            "pop": 0.0472947470844,
            "raphiphop": 0.195225670934,
            "rock": 0.0129690831527
        },
        "probability": 0.347182095051,
        "value": "jazz"
    },
    "genre_electronic": {
        "all": {
            "ambient": 0.962424337864,
            "dnb": 0.00573530560359,
            "house": 0.0102092884481,
            "techno": 0.0150837879628,
            "trance": 0.0065472596325
        },
        "probability": 0.962424337864,
        "value": "ambient"
    },
    "genre_rosamerica": {
        "all": {
            "cla": 0.683491528034,
            "dan": 0.0049921926111,
            "hip": 0.010255840607,
            "jaz": 0.162267789245,
            "pop": 0.0386715605855,
            "rhy": 0.0169537365437,
            "roc": 0.00327504426241,
            "spe": 0.0800923109055
        },
        "probability": 0.683491528034,
        "value": "cla"
    },
    "genre_tzanetakis": {
        "all": {
            "blu": 0.0193198863417,
            "cla": 0.219349235296,
            "cou": 0.023687761277,
            "dis": 0.0257391259074,
            "hip": 0.10303580761,
            "jaz": 0.167318120599,
            "met": 0.0132419597358,
            "pop": 0.24136711657,
            "reg": 0.130960986018,
            "roc": 0.0559799931943
        },
        "probability": 0.24136711657,
        "value": "pop"
    },
    "mirex_ballroom": {
        "all": {
            "ChaChaCha": 0.000662812206428,
            "Jive": 0.000237118569203,
            "Quickstep": 0.0027522733435,
            "Rumba-American": 0.00146555143874,
            "Rumba-International": 0.00223957258277,
            "Rumba-Misc": 0.00843892339617,
            "Samba": 0.001422419562,
            "Tango": 0.0193603560328,
            "VienneseWaltz": 0.673074960709,
            "Waltz": 0.290346026421
        },
        "probability": 0.673074960709,
        "value": "VienneseWaltz"
    },
    "mood_acoustic": {
        "all": {
            "acoustic": 0.991280019283,
            "not_acoustic": 0.00871997606009
        },
        "probability": 0.991280019283,
        "value": "acoustic"
    },
    "mood_aggressive": {
        "all": {
            "aggressive": 0.0568135716021,
            "not_aggressive": 0.943186402321
        },
        "probability": 0.943186402321,
        "value": "not_aggressive"
    },
    "mood_electronic": {
        "all": {
            "electronic": 0.762053370476,
            "not_electronic": 0.237946614623
        },
        "probability": 0.762053370476,
        "value": "electronic"
    },
    "mood_happy": {
        "all": {
            "happy": 0.354056566954,
            "not_happy": 0.645943403244
        },
        "probability": 0.645943403244,
        "value": "not_happy"
    },
    "mood_party": {
        "all": {
            "not_party": 0.982784986496,
            "party": 0.0172149948776
        },
        "probability": 0.982784986496,
        "value": "not_party"
    },
    "mood_relaxed": {
        "all": {
            "not_relaxed": 0.00893313903362,
            "relaxed": 0.991066873074
        },
        "probability": 0.991066873074,
        "value": "relaxed"
    },
    "mood_sad": {
        "all": {
            "not_sad": 0.118594065309,
            "sad": 0.881405949593
        },
        "probability": 0.881405949593,
        "value": "sad"
    },
    "moods_mirex": {
        "all": {
            "Cluster1": 0.150600925088,
            "Cluster2": 0.261452555656,
            "Cluster3": 0.201341763139,
            "Cluster4": 0.255440205336,
            "Cluster5": 0.131164550781
        },
        "probability": 0.261452555656,
        "value": "Cluster2"
    },
    "timbre": {
        "all": {
            "bright": 0.167129531503,
            "dark": 0.832870483398
        },
        "probability": 0.832870483398,
        "value": "dark"
    },
    "tonal_atonal": {
        "all": {
            "atonal": 0.00588799268007,
            "tonal": 0.994112014771
        },
        "probability": 0.994112014771,
        "value": "tonal"
    },
    "voice_instrumental": {
        "all": {
            "instrumental": 0.99999833107,
            "voice": 1.67353596225e-06
        },
        "probability": 0.99999833107,
        "value": "instrumental"
    }
},
"lowlevel": {
    "average_loudness": 0.937553107738,
    "barkbands_kurtosis": {
        "dmean": 5.29076004028,
        "dmean2": 8.83741664886,
        "dvar": 117.741333008,
        "dvar2": 234.462249756,
        "max": 187.001998901,
        "mean": 5.82532167435,
        "median": 2.26127052307,
        "min": -1.71717858315,
        "var": 216.882019043
    },
    "barkbands_skewness": {
        "dmean": 0.980925381184,
        "dmean2": 1.58008158207,
        "dvar": 1.03490960598,
        "dvar2": 2.51572012901,
        "max": 6.69432544708,
        "mean": 0.286845743656,
        "median": 0.225678175688,
        "min": -4.55180549622,
        "var": 1.9695802927
    },
    "barkbands_spread": {
        "dmean": 3.64591240883,
        "dmean2": 6.02652740479,
        "dvar": 15.0454387665,
        "dvar2": 36.0329971313,
        "max": 41.5851478577,
        "mean": 8.66435241699,
        "median": 7.47531890869,
        "min": 0.279122650623,
        "var": 32.5596618652
    },
    "dissonance": {
        "dmean": 0.0489679537714,
        "dmean2": 0.0794501379132,
        "dvar": 0.00216242740862,
        "dvar2": 0.0058713410981,
        "max": 0.499827593565,
        "mean": 0.373751521111,
        "median": 0.381339430809,
        "min": 0.108307749033,
        "var": 0.00495755579323
    },
    "dynamic_complexity": 4.27422475815,
    "erbbands_kurtosis": {
        "dmean": 3.70258235931,
        "dmean2": 5.04343795776,
        "dvar": 40.7684249878,
        "dvar2": 64.9512405396,
        "max": 89.1062698364,
        "mean": 6.41041851044,
        "median": 2.66837382317,
        "min": -1.56498622894,
        "var": 126.291503906
    },
    "erbbands_skewness": {
        "dmean": 0.543657302856,
        "dmean2": 0.74377810955,
        "dvar": 0.435858845711,
        "dvar2": 0.679526746273,
        "max": 6.70274877548,
        "mean": 1.33672010899,
        "median": 1.16608595848,
        "min": -1.83007824421,
        "var": 1.68362164497
    },
    "erbbands_spread": {
        "dmean": 2.44928359985,
        "dmean2": 3.49350786209,
        "dvar": 11.1925058365,
        "dvar2": 23.6435317993,
        "max": 48.81640625,
        "mean": 9.47577762604,
        "median": 8.23141288757,
        "min": 0.563056826591,
        "var": 35.29454422
    },
    "hfc": {
        "dmean": 5.94451522827,
        "dmean2": 7.07817554474,
        "dvar": 79.0947494507,
        "dvar2": 123.7006073,
        "max": 99.2048110962,
        "mean": 14.9022789001,
        "median": 12.3346309662,
        "min": 1.13422740895e-16,
        "var": 218.256988525
    },
    "melbands_kurtosis": {
        "dmean": 4.79366016388,
        "dmean2": 7.52802753448,
        "dvar": 84.805267334,
        "dvar2": 174.083450317,
        "max": 123.235862732,
        "mean": 6.5357170105,
        "median": 3.04984378815,
        "min": -1.65653717518,
        "var": 159.53515625
    },
    "melbands_skewness": {
        "dmean": 0.790004193783,
        "dmean2": 1.21405684948,
        "dvar": 0.70951038599,
        "dvar2": 1.54058933258,
        "max": 6.02976560593,
        "mean": 0.62261646986,
        "median": 0.610481500626,
        "min": -4.90265083313,
        "var": 1.79197001457
    },
    "melbands_spread": {
        "dmean": 3.91374230385,
        "dmean2": 6.0054473877,
        "dvar": 58.3188896179,
        "dvar2": 115.3934021,
        "max": 144.302963257,
        "mean": 11.1869115829,
        "median": 8.67955589294,
        "min": 0.610293924809,
        "var": 166.151229858
    },
    "pitch_salience": {
        "dmean": 0.088274076581,
        "dmean2": 0.140127182007,
        "dvar": 0.00620955647901,
        "dvar2": 0.015094502829,
        "max": 0.968418955803,
        "mean": 0.464795589447,
        "median": 0.469422250986,
        "min": 0.0670656189322,
        "var": 0.0175008010119
    },
    "silence_rate_20dB": {
        "dmean": 0,
        "dmean2": 0,
        "dvar": 0,
        "dvar2": 0,
        "max": 1,
        "mean": 1,
        "median": 1,
        "min": 1,
        "var": 0
    },
    "silence_rate_30dB": {
        "dmean": 0.0210526324809,
        "dmean2": 0.0421686731279,
        "dvar": 0.0206095613539,
        "dvar2": 0.0464142300189,
        "max": 1,
        "mean": 0.980480492115,
        "median": 1,
        "min": 0,
        "var": 0.0191387850791
    },
    "silence_rate_60dB": {
        "dmean": 0.0421052649617,
        "dmean2": 0.0843373462558,
        "dvar": 0.0403316468,
        "dvar2": 0.0862620845437,
        "max": 1,
        "mean": 0.118618614972,
        "median": 0,
        "min": 0,
        "var": 0.104546792805
    },
    "spectral_centroid": {
        "dmean": 94.9559936523,
        "dmean2": 117.320487976,
        "dvar": 173003.140625,
        "dvar2": 119572.109375,
        "max": 11277.9990234,
        "mean": 715.254821777,
        "median": 628.690185547,
        "min": 207.489990234,
        "var": 406728.375
    },
    "spectral_complexity": {
        "dmean": 1.85263156891,
        "dmean2": 2.92771077156,
        "dvar": 3.67150568962,
        "dvar2": 8.25984764099,
        "max": 21,
        "mean": 6.98648643494,
        "median": 6,
        "min": 0,
        "var": 15.917224884
    },
    "spectral_crest": {
        "dmean": 3.59435391426,
        "dmean2": 5.80561542511,
        "dvar": 10.1078042984,
        "dvar2": 25.1993980408,
        "max": 26.7475662231,
        "mean": 15.5805797577,
        "median": 15.3151445389,
        "min": 4.68351459503,
        "var": 24.0882797241
    },
    "spectral_decrease": {
        "dmean": 4.60163196436e-09,
        "dmean2": 7.44420258769e-09,
        "dvar": 7.69634649954e-17,
        "dvar2": 2.16642758183e-16,
        "max": 1.59560409819e-20,
        "mean": -8.47443626384e-09,
        "median": -6.46022790818e-09,
        "min": -9.04724757333e-08,
        "var": 8.74394096684e-17
    },
    "spectral_energy": {
        "dmean": 0.0178325362504,
        "dmean2": 0.0286454632878,
        "dvar": 0.00111051462591,
        "dvar2": 0.00310859130695,
        "max": 0.342730253935,
        "mean": 0.0333361364901,
        "median": 0.0256903003901,
        "min": 1.05073974403e-20,
        "var": 0.00130260863807
    },
    "spectral_energyband_high": {
        "dmean": 4.09536460211e-06,
        "dmean2": 6.31849707133e-06,
        "dvar": 4.78059813958e-11,
        "dvar2": 1.1107859077e-10,
        "max": 6.91812674631e-05,
        "mean": 8.75464502315e-06,
        "median": 6.27276904197e-06,
        "min": 7.63661219445e-21,
        "var": 8.69860225516e-11
    },
    "spectral_energyband_low": {
        "dmean": 0.004960114602,
        "dmean2": 0.00809944421053,
        "dvar": 0.000139108218718,
        "dvar2": 0.000368504086509,
        "max": 0.131554618478,
        "mean": 0.00518636358902,
        "median": 0.00128420465626,
        "min": 4.9236715534e-23,
        "var": 0.000144796445966
    },
    "spectral_energyband_middle_high": {
        "dmean": 0.00388466217555,
        "dmean2": 0.00449197832495,
        "dvar": 8.05232994026e-05,
        "dvar2": 0.000104802158603,
        "max": 0.11566837877,
        "mean": 0.00769099034369,
        "median": 0.00282886158675,
        "min": 1.52030394468e-21,
        "var": 0.000231637517572
    },
    "spectral_energyband_middle_low": {
        "dmean": 0.00504948478192,
        "dmean2": 0.00655856262892,
        "dvar": 9.05438646441e-05,
        "dvar2": 0.000176493296749,
        "max": 0.13579697907,
        "mean": 0.0155400112271,
        "median": 0.0128105673939,
        "min": 3.58328189107e-22,
        "var": 0.000230121790082
    },
    "spectral_flatness_db": {
        "dmean": 0.0327457822859,
        "dmean2": 0.04887348786,
        "dvar": 0.000945943465922,
        "dvar2": 0.00207192706876,
        "max": 0.468078106642,
        "mean": 0.292751193047,
        "median": 0.296874463558,
        "min": 0.0628819540143,
        "var": 0.00332445721142
    },
    "spectral_flux": {
        "dmean": 0.0394212119281,
        "dmean2": 0.0650439411402,
        "dvar": 0.00228693755344,
        "dvar2": 0.00521303107962,
        "max": 0.467782020569,
        "mean": 0.0797467529774,
        "median": 0.0642179772258,
        "min": 1.0250559429e-10,
        "var": 0.00419890647754
    },
    "spectral_kurtosis": {
        "dmean": 9.80103492737,
        "dmean2": 16.6135902405,
        "dvar": 65.665512085,
        "dvar2": 190.29258728,
        "max": 81.0350570679,
        "mean": 25.357717514,
        "median": 23.2949714661,
        "min": -1.23509573936,
        "var": 142.963241577
    },
    "spectral_rms": {
        "dmean": 0.00130375055596,
        "dmean2": 0.00193997449242,
        "dvar": 2.71164117294e-06,
        "dvar2": 6.89043827151e-06,
        "max": 0.0182858128101,
        "mean": 0.0050344071351,
        "median": 0.00500636640936,
        "min": 3.20173705257e-12,
        "var": 7.17779903425e-06
    },
    "spectral_rolloff": {
        "dmean": 187.387268066,
        "dmean2": 341.384857178,
        "dvar": 938447.3125,
        "dvar2": 1748926.875,
        "max": 20155.078125,
        "mean": 840.213562012,
        "median": 753.662109375,
        "min": 21.533203125,
        "var": 2519920.25
    },
    "spectral_skewness": {
        "dmean": 0.713783144951,
        "dmean2": 1.204834342,
        "dvar": 0.331020027399,
        "dvar2": 0.919772863388,
        "max": 7.33812379837,
        "mean": 3.59372830391,
        "median": 3.47477531433,
        "min": -0.0399021580815,
        "var": 0.780943274498
    },
    "spectral_spread": {
        "dmean": 387241.78125,
        "dmean2": 557414.5,
        "dvar": 2.82714596966e+12,
        "dvar2": 2.51209895117e+12,
        "max": 42245140,
        "mean": 2151701,
        "median": 1958055.375,
        "min": 1106210.375,
        "var": 5.13743047885e+12
    },
    "spectral_strongpeak": {
        "dmean": 1.0220310688,
        "dmean2": 1.53628396988,
        "dvar": 1.77120113373,
        "dvar2": 3.26543235779,
        "max": 10.7129592896,
        "mean": 1.96423709393,
        "median": 1.62109518051,
        "min": 0,
        "var": 4.23376226425
    },
    "zerocrossingrate": {
        "dmean": 0.00516623584554,
        "dmean2": 0.00720067787915,
        "dvar": 0.000668645370752,
        "dvar2": 0.0013840427855,
        "max": 0.509765625,
        "mean": 0.0298232808709,
        "median": 0.02587890625,
        "min": 0.00244140625,
        "var": 0.00174086063635
    },
    "barkbands": {
        "dmean": [0.0111021790653, 0.000717664021067, 0.000394264323404, 0.000221379028517, 0.000109781976789, 0.000369196379324, 0.00183730537537, 0.00140864273999, 0.0017298925668, 0.00326502951793, 0.000611387309618, 0.000157562288223, 0.00011093122157, 8.87744972715e-05, 5.69510375499e-05, 4.89855119667e-05, 2.63500714937e-05, 1.31381466417e-05, 8.29911459732e-06, 7.27016504243e-06, 2.00347085411e-06, 6.91303569056e-07, 2.24425022566e-07, 1.49795482685e-07, 2.0837727277e-07, 7.39267633776e-08, 8.57293791512e-09],
        "dmean2": [0.0202646665275, 0.00121380190831, 0.0006799796829, 0.0003732558107, 0.000185008000699, 0.000376955256797, 0.00253481161781, 0.00182123342529, 0.00229807780124, 0.00366501207463, 0.000893373624422, 0.000252411846304, 0.00018860126147, 0.000140589851071, 9.03430191102e-05, 7.02577599441e-05, 3.99972996092e-05, 1.87482619367e-05, 1.21515186038e-05, 1.09874727059e-05, 3.22240862261e-06, 1.10718190172e-06, 3.68972393971e-07, 2.3702276053e-07, 3.55559706122e-07, 1.25521978589e-07, 1.46714000948e-08],
        "dvar": [0.000981173710898, 2.78966194855e-06, 3.75875060854e-06, 9.10093149287e-07, 1.90432970726e-07, 1.28371277697e-06, 2.45295213972e-05, 1.46743004734e-05, 3.03218639601e-05, 7.63329517213e-05, 6.81472465658e-06, 1.46293984926e-07, 6.09859256429e-08, 4.1144190277e-08, 1.16488898527e-08, 9.75814717918e-09, 2.71364775095e-09, 7.89992404826e-10, 2.15429785122e-10, 2.92533913759e-10, 1.33813472455e-11, 1.97270932228e-12, 2.01258104691e-13, 6.0564997028e-14, 1.794325322e-13, 2.12698443385e-14, 3.20459086665e-16],
        "dvar2": [0.00284955301322, 7.04412923369e-06, 1.09331695057e-05, 2.80354856841e-06, 5.46950616354e-07, 1.21429275168e-06, 5.02510083606e-05, 2.69459396804e-05, 5.56445775146e-05, 9.71712142928e-05, 1.2639945453e-05, 2.59387007873e-07, 1.65781756323e-07, 9.59530055411e-08, 2.71374371863e-08, 1.718681375e-08, 5.3199871175e-09, 1.4151759764e-09, 3.95377619533e-10, 6.68500033107e-10, 3.10880939047e-11, 4.36304117835e-12, 4.94051685413e-13, 1.34221193188e-13, 5.30444611846e-13, 5.38234008144e-14, 7.31545245913e-16],
        "max": [0.311224550009, 0.0165454801172, 0.0247646532953, 0.0122217973694, 0.00632145209238, 0.0274515878409, 0.0848714783788, 0.0478931628168, 0.0800365582108, 0.115036092699, 0.0471939854324, 0.0101326769218, 0.00259833899327, 0.00267393933609, 0.00101398373954, 0.0011976195965, 0.000500375346746, 0.000381978228688, 0.000164793003933, 0.00023659026192, 3.3971038647e-05, 1.33530002131e-05, 7.38159906177e-06, 4.21831600761e-06, 7.33855586077e-06, 2.48074616138e-06, 2.49729652069e-07],
        "mean": [0.00904445629567, 0.000781361304689, 0.000480083690491, 0.000233707556617, 0.000239957720623, 0.00195349869318, 0.0077947746031, 0.00227276724763, 0.00268646213226, 0.00598615268245, 0.000965469225775, 0.000310480070766, 0.000179142560228, 0.000140363961691, 8.91012023203e-05, 8.50397045724e-05, 3.81606187148e-05, 2.70309665211e-05, 1.28493666125e-05, 9.35524985834e-06, 2.86339013655e-06, 1.19073615679e-06, 5.21426954947e-07, 4.75840721492e-07, 6.7609079224e-07, 2.37276779558e-07, 1.09587734443e-08],
        "median": [0.00130152970087, 0.000165982812177, 9.85115730145e-06, 6.84681981511e-06, 3.28290152538e-05, 3.87558357033e-05, 0.00335834105499, 0.00014301945339, 0.00015022252046, 0.00115426722914, 7.78485700721e-05, 0.000111425521027, 8.64386965986e-05, 5.04991257912e-05, 3.78144250135e-05, 2.77107938018e-05, 1.65845194715e-05, 1.62000214914e-05, 5.881207926e-06, 3.8402267819e-06, 1.45194894685e-06, 7.41054236642e-07, 4.00709154746e-07, 2.98332452076e-07, 1.57259933076e-07, 1.22091762478e-07, 3.65825369997e-09],
        "min": [1.79551179133e-23, 1.68289211524e-23, 9.69752075042e-24, 4.62048690621e-24, 4.09209793224e-23, 1.01856420039e-22, 3.55294999994e-23, 2.65467061617e-23, 6.54362897671e-23, 4.00726698594e-23, 2.408761215e-23, 7.89002521531e-23, 5.94930558834e-23, 1.37861180335e-22, 1.09148044402e-22, 1.07326495152e-22, 1.82363903712e-22, 2.62078146723e-22, 2.24216584561e-22, 2.09832002566e-22, 4.63725711086e-22, 4.2998200285e-22, 6.48121001049e-22, 6.95035228036e-22, 1.16764055942e-21, 1.71193610574e-21, 2.32009399394e-21],
        "var": [0.000723460514564, 3.38159838975e-06, 4.86139379063e-06, 1.13282828806e-06, 2.11083616364e-07, 1.60112394951e-05, 0.00010606226715, 2.85613732558e-05, 5.26231888216e-05, 0.000220810601604, 1.54201970872e-05, 5.26221754171e-07, 9.90450459426e-08, 6.49163212074e-08, 1.96728286994e-08, 2.51935627915e-08, 4.17059187185e-09, 1.91629756507e-09, 4.71687522374e-10, 3.44501704941e-10, 1.74759096083e-11, 2.88576476083e-12, 3.63714402563e-13, 2.80233328947e-13, 1.04935992621e-12, 1.07908738097e-13, 4.94833100835e-16]
    },
    "erbbands": {
        "dmean": [0.0796502605081, 0.0411258600652, 0.272807627916, 0.863065540791, 0.291247904301, 0.400971233845, 1.9855850935, 3.17758607864, 26.2274703979, 15.8320531845, 47.2677001953, 30.2014694214, 63.8247070312, 83.1116027832, 15.8015832901, 6.11439275742, 4.96614170074, 4.13714265823, 4.07879972458, 1.96344411373, 2.47713494301, 1.46928596497, 0.893570482731, 0.46596133709, 0.460194557905, 0.22302313149, 0.123477123678, 0.0514789260924, 0.0269464850426, 0.0121676009148, 0.005737723317, 0.00353746162727, 0.00263883103617, 0.00201935064979, 0.00196551252156, 0.000548413605429, 0.000101859601273, 2.22436192416e-05, 8.39795393404e-06, 1.97044828383e-05],
        "dmean2": [0.129980459809, 0.0705624520779, 0.471060663462, 1.45582997799, 0.533029973507, 0.661307156086, 2.14714479446, 3.75241160393, 35.99036026, 20.1267700195, 62.2619819641, 38.9739494324, 66.7924041748, 101.255126953, 22.0543365479, 10.0004110336, 8.47007751465, 6.63213014603, 6.48457193375, 2.75994038582, 3.58816242218, 2.24303841591, 1.23702299595, 0.695957958698, 0.667088866234, 0.341647177935, 0.195316776633, 0.0796261951327, 0.0433666519821, 0.0192424785346, 0.00942615326494, 0.00574602885172, 0.00433843769133, 0.00343162752688, 0.00332844932564, 0.000941809674259, 0.00016247430176, 3.73554321413e-05, 1.31941096697e-05, 3.13861273753e-05],
        "dvar": [0.0386255607009, 0.00685957446694, 1.71547961235, 16.7719039917, 2.23549151421, 2.6196835041, 20.7198390961, 98.2912979126, 4805.58007812, 1430.67126465, 24841.2089844, 7395.40136719, 32142.71875, 40610.609375, 3870.43945312, 155.615432739, 111.140342712, 103.842819214, 55.4413528442, 10.9792222977, 19.7175769806, 11.0035266876, 3.93619298935, 0.45202472806, 0.591141819954, 0.223659977317, 0.0466969385743, 0.00950428284705, 0.00342325307429, 0.000553889316507, 0.000129287873278, 4.98566696479e-05, 1.86902834685e-05, 1.51380700117e-05, 1.89264064829e-05, 1.16735554911e-06, 7.62630136819e-08, 4.15618961469e-09, 2.20374732351e-10, 1.29567978568e-09],
        "dvar2": [0.0994627028704, 0.0186732448637, 4.97757673264, 50.9125022888, 6.79098033905, 7.26872873306, 17.1465759277, 104.110092163, 9168.86328125, 2733.95117188, 46976.96875, 13572.9277344, 36672.734375, 62335.6132812, 6275.15429688, 337.263549805, 295.274414062, 261.331176758, 126.139320374, 20.9685382843, 37.5747375488, 22.045425415, 6.69427490234, 0.975134670734, 1.28318309784, 0.553372919559, 0.112334415317, 0.0218848846853, 0.00823152810335, 0.00130381295457, 0.000300775252981, 0.000115623945021, 4.63172618765e-05, 4.31027729064e-05, 5.64171314181e-05, 3.29442696057e-06, 1.9443218946e-07, 9.15976272609e-09, 5.96631688499e-10, 3.6004843551e-09],
        "max": [2.02663421631, 0.852593362331, 17.4421577454, 53.5257949829, 17.9173316956, 22.7629203796, 156.297317505, 212.50479126, 1375.33459473, 669.227355957, 2334.64306641, 1220.7076416, 2735.13574219, 3344.52954102, 1366.96228027, 236.098907471, 125.545608521, 147.082229614, 81.7487335205, 35.7929649353, 52.6029205322, 34.8762817383, 27.2522506714, 6.57556676865, 7.93858194351, 6.21592283249, 2.34231209755, 1.0508146286, 0.637923181057, 0.364740937948, 0.181182399392, 0.11037068814, 0.060325037688, 0.046474173665, 0.0703732222319, 0.0165883470327, 0.00536311743781, 0.00123794085812, 0.000152879729285, 0.000369078567019],
        "mean": [0.0841583684087, 0.0510353334248, 0.33623316884, 0.984504759312, 0.385564088821, 0.909589231014, 15.4902801514, 12.8263435364, 122.573234558, 44.5143661499, 74.2070083618, 47.4481086731, 111.896217346, 161.266159058, 27.4393882751, 12.4827718735, 9.09140205383, 6.96391868591, 6.89672040939, 3.62966108322, 4.44204092026, 2.24195790291, 1.57639527321, 1.00083565712, 0.654174804688, 0.323582082987, 0.183374658227, 0.0857458338141, 0.0485242940485, 0.0246466472745, 0.0138839241117, 0.0102440621704, 0.00765424733981, 0.00560568459332, 0.00607998436317, 0.00175194873009, 0.000304760265863, 4.1356714064e-05, 1.70349230757e-05, 3.74925184587e-05],
        "median": [0.0138281751424, 0.0179323293269, 0.0170590728521, 0.0188469327986, 0.042184535414, 0.137707620859, 0.315122127533, 8.22588729858, 54.5607528687, 21.3646774292, 7.5098695755, 7.18965244293, 21.2992649078, 39.9456939697, 7.91077518463, 5.97240304947, 5.32985877991, 2.80924797058, 3.14585208893, 1.69935274124, 1.80610752106, 1.11514031887, 0.861437439919, 0.726661205292, 0.308779627085, 0.177777141333, 0.103997908533, 0.0507059395313, 0.0323559977114, 0.0176422577351, 0.0103400005028, 0.00685423333198, 0.00442617712542, 0.00257224636152, 0.000863970431965, 0.000765460426919, 0.000157715257956, 1.88352823898e-05, 1.3256452803e-05, 2.92083896056e-05],
        "min": [6.32626763128e-22, 3.2984521628e-21, 7.83076699385e-21, 1.120584807e-20, 7.78544137369e-20, 1.02474326683e-19, 3.24967519616e-19, 1.06474078402e-18, 3.72511172889e-19, 6.10265008018e-19, 6.17998422962e-19, 1.7123485506e-18, 1.15070687335e-18, 2.12143909774e-18, 1.59446455996e-18, 2.59825081824e-18, 3.1086119504e-18, 6.21646909849e-18, 5.6533274326e-18, 4.49329761336e-18, 7.35612132334e-18, 1.09761656048e-17, 1.54892150504e-17, 1.05559884593e-17, 1.44941200822e-17, 1.17301101275e-17, 2.07492367133e-17, 1.47593009517e-17, 1.67400279419e-17, 1.77452608356e-17, 1.86554308247e-17, 1.59419591238e-17, 1.14558542595e-17, 1.37591651449e-17, 7.12676151027e-18, 6.41564922691e-18, 2.88071831497e-18, 1.06039684503e-18, 3.29396787453e-19, 3.60768523375e-20],
        "var": [0.0445962548256, 0.00820410158485, 2.2113301754, 20.5581588745, 2.66780257225, 3.01221323013, 901.23059082, 431.514862061, 24333.0078125, 4616.37011719, 41012.0039062, 12968.2226562, 100853.273438, 102110.171875, 8308.79980469, 456.789001465, 204.037612915, 144.731582642, 97.7825622559, 29.0206546783, 47.8498764038, 14.8739271164, 8.99053764343, 1.11406493187, 0.854969859123, 0.248735278845, 0.0617901459336, 0.0142985647544, 0.00477053038776, 0.000875306664966, 0.000254401355051, 0.000138192845043, 7.70437545725e-05, 5.73271390749e-05, 9.74571739789e-05, 6.42598160994e-06, 1.97101414301e-07, 6.63815180602e-09, 3.02140173991e-10, 1.58073487633e-09]
    },
    "gfcc": {
        "mean": [-143.448165894, 146.891342163, -147.579925537, -23.8693675995, -54.0456314087, -4.52179718018, -15.7042741776, 16.7175922394, -1.49295461178, 7.56812238693, 5.93201065063, 5.07264614105, 8.59724807739],
        "cov": [[17197.375, 1103.29077148, -1578.05505371, -920.467468262, -960.108642578, -145.396316528, -297.626800537, 447.734161377, 58.29504776, 593.68145752, 542.488586426, 667.994567871, 473.644958496], [1103.29077148, 787.165039062, 15.3245830536, 229.711166382, 49.3477134705, -198.176742554, -52.8706817627, -195.115966797, -3.24835300446, -173.161315918, -84.7672653198, -189.846405029, -61.8253860474], [-1578.05505371, 15.3245830536, 595.802062988, 176.21786499, 73.1478118896, -15.8751678467, -116.531494141, -91.2036514282, -46.5973320007, -28.3243694305, -47.2394371033, -39.9657821655, -43.1468086243], [-920.467468262, 229.711166382, 176.21786499, 338.186065674, 153.39503479, -26.2024707794, 13.7693595886, -162.930953979, -47.0458183289, -187.508560181, -132.440948486, -153.075805664, -45.1092529297], [-960.108642578, 49.3477134705, 73.1478118896, 153.39503479, 281.484558105, 134.748031616, 65.3998031616, -75.4072875977, -28.054605484, -131.375686646, -46.0733299255, -66.5276565552, -5.72044038773], [-145.396316528, -198.176742554, -15.8751678467, -26.2024707794, 134.748031616, 344.225250244, 100.964294434, 44.5795326233, -34.7006072998, -36.6344680786, -8.24344348907, 93.0144882202, 74.9730300903], [-297.626800537, -52.8706817627, -116.531494141, 13.7693595886, 65.3998031616, 100.964294434, 328.686218262, 65.7609481812, 33.7039604187, -135.318862915, -81.819984436, -72.3241882324, 15.1007947922], [447.734161377, -195.115966797, -91.2036514282, -162.930953979, -75.4072875977, 44.5795326233, 65.7609481812, 241.514312744, 87.6842498779, 139.612121582, 75.8147735596, 51.7913284302, -5.92974042892], [58.29504776, -3.24835300446, -46.5973320007, -47.0458183289, -28.054605484, -34.7006072998, 33.7039604187, 87.6842498779, 145.441070557, 96.7260131836, 64.4061584473, -1.09226369858, -29.6704559326], [593.68145752, -173.161315918, -28.3243694305, -187.508560181, -131.375686646, -36.6344680786, -135.318862915, 139.612121582, 96.7260131836, 323.129943848, 189.968109131, 132.009887695, -13.1732873917], [542.488586426, -84.7672653198, -47.2394371033, -132.440948486, -46.0733299255, -8.24344348907, -81.819984436, 75.8147735596, 64.4061584473, 189.968109131, 217.083053589, 155.069549561, 31.3716316223], [667.994567871, -189.846405029, -39.9657821655, -153.075805664, -66.5276565552, 93.0144882202, -72.3241882324, 51.7913284302, -1.09226369858, 132.009887695, 155.069549561, 254.804656982, 119.736053467], [473.644958496, -61.8253860474, -43.1468086243, -45.1092529297, -5.72044038773, 74.9730300903, 15.1007947922, -5.92974042892, -29.6704559326, -13.1732873917, 31.3716316223, 119.736053467, 149.838378906]],
        "icov": [[0.000233072321862, -0.000790232094005, 0.000446108344477, 5.469403186e-05, 0.000550413096789, -0.000294811470667, 9.80746553978e-05, -0.000615460681729, 0.000567191164009, -0.000372001581127, 3.29664253513e-05, -0.000293916964438, -0.000476026267279], [-0.000790232094005, 0.00516038667411, -0.0011329120025, -0.000917346333154, -0.00121128011961, 0.00129081285559, 0.00068960012868, 0.00314474082552, -0.00314276758581, 0.0030079507269, -0.00191929598805, 0.00310721970163, 0.00094863056438], [0.000446108344477, -0.0011329120025, 0.00321455439553, -0.00145317718852, 0.000773009727709, -0.000445030455012, 0.00103013648186, -0.00128787918948, 0.00126027001534, -0.001040086383, 0.000649467634503, -0.00115008302964, -0.000350885500666], [5.469403186e-05, -0.000917346333154, -0.00145317718852, 0.00843269750476, -0.00240564276464, 0.000330805924023, 0.000219586669118, 0.00235848082229, -0.0010573946638, 0.00126186874695, 0.00124881369993, 0.00151546334382, -0.000188236517715], [0.000550413096789, -0.00121128011961, 0.000773009727709, -0.00240564276464, 0.0107208350673, -0.00587101653218, 0.000931732298341, 0.00010438317986, 0.000381396035664, 0.00268062949181, -0.00647304067388, 0.00487256702036, -0.00171138020232], [-0.000294811470667, 0.00129081285559, -0.000445030455012, 0.000330805924023, -0.00587101653218, 0.00789089873433, -0.00196587154642, -0.000958294607699, 0.000764781609178, -0.00112874491606, 0.00460116518661, -0.00558278430253, 0.000973801128566], [9.80746553978e-05, 0.00068960012868, 0.00103013648186, 0.000219586669118, 0.000931732298341, -0.00196587154642, 0.00748475966975, -0.00258641270921, -0.00334853865206, 0.00522411288694, -0.00132986798417, 0.00317023508251, -0.00195888290182], [-0.000615460681729, 0.00314474082552, -0.00128787918948, 0.00235848082229, 0.00010438317986, -0.000958294607699, -0.00258641270921, 0.0120290042832, -0.00438146525994, -0.00153612939175, -0.000989358406514, 0.00298740761355, 0.00161965622101], [0.000567191164009, -0.00314276758581, 0.00126027001534, -0.0010573946638, 0.000381396035664, 0.000764781609178, -0.00334853865206, -0.00438146525994, 0.0149272512645, -0.00586492056027, -0.00173970067408, -0.000216745727812, -0.000271464057732], [-0.000372001581127, 0.0030079507269, -0.001040086383, 0.00126186874695, 0.00268062949181, -0.00112874491606, 0.00522411288694, -0.00153612939175, -0.00586492056027, 0.015619312413, -0.00843668542802, 0.00255372282118, 0.00251481193118], [3.29664253513e-05, -0.00191929598805, 0.000649467634503, 0.00124881369993, -0.00647304067388, 0.00460116518661, -0.00132986798417, -0.000989358406514, -0.00173970067408, -0.00843668542802, 0.0205820705742, -0.0136550450698, 0.00272863940336], [-0.000293916964438, 0.00310721970163, -0.00115008302964, 0.00151546334382, 0.00487256702036, -0.00558278430253, 0.00317023508251, 0.00298740761355, -0.000216745727812, 0.00255372282118, -0.0136550450698, 0.0232143048197, -0.0103956609964], [-0.000476026267279, 0.00094863056438, -0.000350885500666, -0.000188236517715, -0.00171138020232, 0.000973801128566, -0.00195888290182, 0.00161965622101, -0.000271464057732, 0.00251481193118, 0.00272863940336, -0.0103956609964, 0.0160244628787]]
    },
    "melbands": {
        "dmean": [0.000946291955188, 0.000115446171549, 0.000123546284158, 2.15839099837e-05, 5.42067937204e-05, 7.72082639742e-05, 0.000404403253924, 0.000167277510627, 0.000442176125944, 0.000177394409548, 0.000352222472429, 0.000392373389332, 6.75007904647e-05, 1.94884978555e-05, 1.28811361719e-05, 1.06439429146e-05, 8.20423065306e-06, 7.20817843103e-06, 3.40527253684e-06, 3.43449073625e-06, 2.55776058111e-06, 1.66926758993e-06, 1.05914875803e-06, 5.80065147915e-07, 3.85295322758e-07, 3.30949717409e-07, 4.05736585662e-07, 9.15728151085e-08, 9.1073530939e-08, 4.99439991586e-08, 2.55660896897e-08, 1.69673803896e-08, 1.27973454056e-08, 5.6481517241e-09, 3.85750054122e-09, 2.73545097684e-09, 2.38207209513e-09, 2.21548002166e-09, 1.69170599751e-09, 2.08138195568e-09],
        "dmean2": [0.00152597203851, 0.000198701935005, 0.000205876101973, 3.75554009224e-05, 6.14233576925e-05, 8.9839566499e-05, 0.000555343227461, 0.000202657480258, 0.000591418414842, 0.000228029020946, 0.000369548477465, 0.000469636172056, 9.82389537967e-05, 2.97430942737e-05, 2.18501809286e-05, 1.82132898772e-05, 1.30050202642e-05, 1.15869470392e-05, 5.26786334376e-06, 4.77172761748e-06, 3.81588142773e-06, 2.58625459537e-06, 1.53864812091e-06, 8.26123255138e-07, 5.89846138155e-07, 4.80087692267e-07, 6.08277787251e-07, 1.47759095626e-07, 1.4468028553e-07, 8.0075885478e-08, 4.08757223624e-08, 2.79854095453e-08, 2.03626395745e-08, 9.13025210991e-09, 6.55264287275e-09, 4.60052396178e-09, 3.8745238129e-09, 3.80286913071e-09, 2.78601075543e-09, 3.56126794721e-09],
        "dvar": [5.98848237132e-06, 2.52531918932e-07, 3.14993627626e-07, 1.2887389822e-08, 1.41468170511e-08, 5.97513434286e-08, 1.16738965517e-06, 1.43524403029e-07, 2.53445477938e-06, 2.30834814374e-07, 1.00769875644e-06, 9.11331085263e-07, 9.9763447281e-08, 2.72191136297e-09, 4.67987093522e-10, 6.73913314042e-10, 4.88971863e-10, 1.92424284839e-10, 3.95294248723e-11, 6.48548298399e-11, 2.29193625884e-11, 1.63508703105e-11, 3.18462205391e-12, 1.37281538134e-12, 3.59947125274e-13, 4.45781080235e-13, 1.10794977793e-12, 4.96237199824e-14, 2.38197336882e-14, 1.30562022714e-14, 2.42913082701e-15, 1.46727377579e-15, 7.07010036623e-16, 1.29076677384e-16, 5.08307813457e-17, 4.05174669986e-17, 1.99665319479e-17, 1.43498151156e-17, 8.08624387154e-18, 1.74487811061e-17],
        "dvar2": [1.57045687956e-05, 7.30863405352e-07, 9.55406676439e-07, 3.69816390844e-08, 1.31061366204e-08, 6.23327949256e-08, 2.33012588069e-06, 2.48969399763e-07, 4.84570728077e-06, 4.02833649105e-07, 1.15591114991e-06, 1.34873528168e-06, 1.68236340414e-07, 4.94896790215e-09, 1.20533494297e-09, 1.91012028417e-09, 1.21373877615e-09, 4.1628159253e-10, 8.28332125113e-11, 1.07487074796e-10, 4.38069649999e-11, 3.27727844862e-11, 5.53239962522e-12, 2.40835021197e-12, 7.59852196355e-13, 8.44198680145e-13, 2.55232575526e-12, 1.32352408113e-13, 5.68284636471e-14, 2.86933224034e-14, 5.58080193386e-15, 3.56110819882e-15, 1.64165615441e-15, 3.32045332714e-16, 1.1823165134e-16, 1.06265140438e-16, 4.70963222691e-17, 3.75609382009e-17, 2.11732610758e-17, 5.0062886422e-17],
        "max": [0.0273445528001, 0.00665500853211, 0.00745530193672, 0.00159432902001, 0.00401886319742, 0.00533436052501, 0.0202062409371, 0.00571809243411, 0.0242557842284, 0.00616341689602, 0.0153025593609, 0.0151196205989, 0.00676880404353, 0.00141260260716, 0.000295101111988, 0.00026693372638, 0.000333249627147, 0.000188457022887, 7.93884319137e-05, 0.00010914424638, 6.28137131571e-05, 4.15655304096e-05, 1.79995022336e-05, 1.62579071912e-05, 5.69052872379e-06, 7.30854162612e-06, 1.5502115275e-05, 3.49086576534e-06, 1.82723897524e-06, 1.39155883971e-06, 5.1731296935e-07, 4.17273668063e-07, 2.99185273889e-07, 1.85443070677e-07, 1.01337199965e-07, 8.69680292226e-08, 7.90610954482e-08, 5.11300868311e-08, 3.18582564773e-08, 5.02882322451e-08],
        "mean": [0.00098333414644, 0.00014112937788, 0.000147311133333, 2.41908473981e-05, 0.000398067262722, 0.000309637369355, 0.00181747076567, 0.000383826438338, 0.00067098956788, 0.000280306383502, 0.000617747253273, 0.000750664272346, 0.000105511317088, 3.48294270225e-05, 2.69115480478e-05, 1.61468469742e-05, 1.28735500766e-05, 1.18980824482e-05, 5.44342492503e-06, 5.98740916757e-06, 4.52227504866e-06, 2.32372326536e-06, 1.61117509379e-06, 1.21841583223e-06, 7.84072028637e-07, 5.25445216226e-07, 4.59033742573e-07, 1.4763530487e-07, 1.36294673325e-07, 6.76658444831e-08, 4.19749355274e-08, 2.75629172819e-08, 2.03271532939e-08, 1.12998934654e-08, 8.43888425806e-09, 6.02845329212e-09, 6.24978691022e-09, 5.81012749024e-09, 3.96024013583e-09, 4.85531215233e-09],
        "median": [0.00017865607515, 1.30274356707e-05, 3.34833976012e-06, 2.64347090706e-06, 5.68125778955e-06, 0.00015871465439, 0.0007952756132, 0.000128835206851, 4.49147555628e-05, 2.13469211303e-05, 0.000104067024949, 0.000167112855706, 1.35846912599e-05, 1.2893224266e-05, 1.49392844833e-05, 7.04416015651e-06, 4.44131455879e-06, 4.64847380499e-06, 2.28464068641e-06, 1.65634583027e-06, 1.80782069492e-06, 8.60135514813e-07, 7.88279749031e-07, 7.08561913143e-07, 5.39720417692e-07, 2.00334341116e-07, 1.41314245639e-07, 8.93648035571e-08, 7.28733553501e-08, 3.28478826361e-08, 2.43223077234e-08, 1.71239875613e-08, 1.16161977814e-08, 8.39031422117e-09, 6.18779827377e-09, 3.97322530432e-09, 4.13909706509e-09, 3.19951065642e-09, 2.2283006551e-09, 1.49083712042e-09],
        "min": [5.75461250812e-24, 4.27094382239e-24, 3.76904921525e-24, 6.6272015321e-24, 1.28931946998e-23, 2.17716490609e-23, 6.53915834419e-24, 5.96273531416e-24, 6.003496546e-24, 1.03481819025e-23, 5.4184114288e-24, 7.57022321314e-24, 3.86634061398e-24, 9.14156077228e-24, 4.89994482619e-24, 7.73131807632e-24, 1.21916386086e-23, 8.00021393764e-24, 6.69254761404e-24, 5.95619762941e-24, 8.06758187008e-24, 1.19900625592e-23, 1.042486786e-23, 1.25324312529e-23, 7.73802654946e-24, 9.57311975225e-24, 9.00068756954e-24, 6.92249189045e-24, 1.36904033311e-23, 8.32977951345e-24, 7.75213769333e-24, 9.92941430212e-24, 8.64187103136e-24, 1.01040389187e-23, 1.01852900142e-23, 1.19640987803e-23, 8.73990198719e-24, 6.25462962631e-24, 1.16057034938e-23, 1.11605966166e-23],
