{
"metadata": {
    "version": {
        "essentia": "2.0.1",
        "extractor": "archive-music 1.0"
    },
    "audio_properties": {
        "analysis_sample_rate": 44100,
        "bitrate": 128,
        "channels": 2,
        "equal_loudness": 0,
        "length": 16.0391845703,
        "replay_gain": -8.80470466614,
        "downmix": "mix"
    },
    "tags": {
        "track": 0,
        "year": 0,
        "album": "",
        "artist": "",
        "comment": "",
        "genre": "",
        "title": ""
    }
},
"highlevel": {
    "culture": {
        "all": {
            "non_western": 0.00511833466589,
            "western": 0.994881689548
        },
        "probability": 0.994881689548,
        "value": "western"
    },
    "danceability": {
        "all": {
            "danceable": 0.999999880791,
            "not_danceable": 1.00000008274e-07
        },
        "probability": 0.999999880791,
        "value": "danceable"
    },
    "gender": {
        "all": {
            "female": 0.459576457739,
            "male": 0.540423512459
        },
        "probability": 0.540423512459,
        "value": "male"
    },
    "genre_dortmund": {
        "all": {
            "alternative": 0.0103349015117,
            "blues": 0.316389650106,
            "electronic": 0.0594522431493,
            "folkcountry": 0.0490888468921,
            "funksoulrnb": 0.00914530642331,
            "jazz": 0.351496905088,
            "pop": 0.0147576369345,
            "raphiphop": 0.179023936391,
            "rock": 0.0103105893359
        },
        "probability": 0.351496905088,
        "value": "jazz"
    },
    "genre_electronic": {
        "all": {
            "ambient": 0.761941671371,
            "dnb": 0.0738271325827,
            "house": 0.104383908212,
            "techno": 0.0471118427813,
            "trance": 0.0127354655415
        },
        "probability": 0.761941671371,
        "value": "ambient"
    },
    "genre_rosamerica": {
        "all": {
            "cla": 0.0158463623375,
            "dan": 0.00285566458479,
            "hip": 0.771068692207,
            "jaz": 0.143849477172,
            "pop": 0.00335588026792,
            "rhy": 0.0477121509612,
            "roc": 0.000707860512193,
            "spe": 0.0146039361134
        },
        "probability": 0.771068692207,
        "value": "hip"
    },
    "genre_tzanetakis": {
        "all": {
            "blu": 0.000174486645847,
            "cla": 0.00032616200042,
            "cou": 0.000137524766615,
            "dis": 0.000271171535132,
            "hip": 0.0017755785957,
            "jaz": 0.00324216950685,
            "met": 0.000275526370388,
            "pop": 0.0390573143959,
            "reg": 0.952646076679,
            "roc": 0.00209397845902
        },
        "probability": 0.952646076679,
        "value": "reg"
    },
    "mirex_ballroom": {
        "all": {
            "ChaChaCha": 0.0944527462125,
            "Jive": 0.0597279667854,
            "Quickstep": 0.339427947998,
            "Rumba-American": 0.017733713612,
            "Rumba-International": 0.0773997455835,
            "Rumba-Misc": 0.153447628021,
            "Samba": 0.164137527347,
            "Tango": 0.0596883781254,
            "VienneseWaltz": 0.0162528995425,
            "Waltz": 0.0177314504981
        },
        "probability": 0.339427947998,
        "value": "Quickstep"
    },
    "mood_acoustic": {
        "all": {
            "acoustic": 1.65237597685e-05,
            "not_acoustic": 0.999983489513
        },
        "probability": 0.999983489513,
        "value": "not_acoustic"
    },
    "mood_aggressive": {
        "all": {
            "aggressive": 3.00000096379e-14,
            "not_aggressive": 1
        },
        "probability": 1,
        "value": "not_aggressive"
    },
    "mood_electronic": {
        "all": {
            "electronic": 0.802428364754,
            "not_electronic": 0.197571635246
        },
        "probability": 0.802428364754,
        "value": "electronic"
    },
    "mood_happy": {
        "all": {
            "happy": 0.186266392469,
            "not_happy": 0.813733577728
        },
        "probability": 0.813733577728,
        "value": "not_happy"
    },
    "mood_party": {
        "all": {
            "not_party": 0.999999880791,
            "party": 1.00000008274e-07
        },
        "probability": 0.999999880791,
        "value": "not_party"
    },
    "mood_relaxed": {
        "all": {
            "not_relaxed": 3.84792642194e-10,
            "relaxed": 1
        },
        "probability": 1,
        "value": "relaxed"
    },
    "mood_sad": {
        "all": {
            "not_sad": 0.0724875405431,
            "sad": 0.927512466908
        },
        "probability": 0.927512466908,
        "value": "sad"
    },
    "moods_mirex": {
        "all": {
            "Cluster1": 0.109652191401,
            "Cluster2": 0.0480861216784,
            "Cluster3": 0.197288945317,
            "Cluster4": 0.0408606231213,
            "Cluster5": 0.604112148285
        },
        "probability": 0.604112148285,
        "value": "Cluster5"
    },
    "timbre": {
        "all": {
            "bright": 0.567511796951,
            "dark": 0.432488203049
        },
        "probability": 0.567511796951,
        "value": "bright"
    },
    "tonal_atonal": {
        "all": {
            "atonal": 0.997367322445,
            "tonal": 0.00263266335241
        },
        "probability": 0.997367322445,
        "value": "atonal"
    },
    "voice_instrumental": {
        "all": {
            "instrumental": 0.156087741256,
            "voice": 0.843912243843
        },
        "probability": 0.843912243843,
        "value": "voice"
    }
},
"lowlevel": {
    "average_loudness": 0.303542643785,
    "barkbands_kurtosis": {
        "dmean": 23.0177612305,
        "dmean2": 40.0077285767,
        "dvar": 10419.75,
        "dvar2": 31187.9414062,
        "max": 1789.16821289,
        "mean": 29.1689338684,
        "median": 2.50186562538,
        "min": -1.9684125185,
        "var": 14491.7529297
    },
    "barkbands_skewness": {
        "dmean": 1.22639095783,
        "dmean2": 1.99621665478,
        "dvar": 3.88122797012,
        "dvar2": 10.4222841263,
        "max": 30.8592853546,
        "mean": 1.8218255043,
        "median": 1.2756421566,
        "min": -6.78003692627,
        "var": 16.081829071
    },
    "barkbands_spread": {
        "dmean": 10.6037788391,
        "dmean2": 17.3325881958,
        "dvar": 169.257919312,
        "dvar2": 438.0831604,
        "max": 125.580879211,
        "mean": 30.3453578949,
        "median": 24.3194656372,
        "min": 0.0436646156013,
        "var": 607.760681152
    },
    "dissonance": {
        "dmean": 0.0122082950547,
        "dmean2": 0.0201019663364,
        "dvar": 0.000267483963398,
        "dvar2": 0.000718205585144,
        "max": 0.499960124493,
        "mean": 0.483043968678,
        "median": 0.491847723722,
        "min": 0.330917745829,
        "var": 0.000499022833537
    },
    "dynamic_complexity": 9.44871520996,
    "erbbands_kurtosis": {
        "dmean": 3.98082661629,
        "dmean2": 6.67564487457,
        "dvar": 57.3112182617,
        "dvar2": 150.299942017,
        "max": 117.392211914,
        "mean": 5.61874055862,
        "median": 2.12402009964,
        "min": -1.82305276394,
        "var": 86.4361038208
    },
    "erbbands_skewness": {
        "dmean": 0.66883713007,
        "dmean2": 1.03153049946,
        "dvar": 0.58939576149,
        "dvar2": 1.49917685986,
        "max": 10.406996727,
        "mean": -0.944813370705,
        "median": -0.661632597446,
        "min": -6.70479440689,
        "var": 3.40406227112
    },
    "erbbands_spread": {
        "dmean": 11.3351154327,
        "dmean2": 17.9400062561,
        "dvar": 190.139953613,
        "dvar2": 488.011444092,
        "max": 169.643814087,
        "mean": 37.1676712036,
        "median": 29.6471481323,
        "min": 2.17199015617,
        "var": 805.669250488
    },
    "hfc": {
        "dmean": 8.674284935,
        "dmean2": 11.9735450745,
        "dvar": 1523.62548828,
        "dvar2": 1930.52062988,
        "max": 1193.11547852,
        "mean": 22.784986496,
        "median": 1.32863783836,
        "min": 1.17197900567e-16,
        "var": 9999.66308594
    },
    "melbands_kurtosis": {
        "dmean": 165.767990112,
        "dmean2": 299.26373291,
        "dvar": 1747070.375,
        "dvar2": 6062705.5,
        "max": 22124.3964844,
        "mean": 190.02142334,
        "median": 11.8955421448,
        "min": -1.82474458218,
        "var": 1764854.625
    },
    "melbands_skewness": {
        "dmean": 2.14991641045,
        "dmean2": 3.63283967972,
        "dvar": 33.9450416565,
        "dvar2": 108.086517334,
        "max": 133.874572754,
        "mean": 5.16255044937,
        "median": 2.68471503258,
        "min": -4.24754285812,
        "var": 113.416702271
    },
    "melbands_spread": {
        "dmean": 15.8975076675,
        "dmean2": 26.4882183075,
        "dvar": 590.960083008,
        "dvar2": 1625.97729492,
        "max": 223.208999634,
        "mean": 38.3141136169,
        "median": 24.1763706207,
        "min": 0.0157869681716,
        "var": 1795.33203125
    },
    "pitch_salience": {
        "dmean": 0.0802015289664,
        "dmean2": 0.129480078816,
        "dvar": 0.00610220385715,
        "dvar2": 0.0157951824367,
        "max": 0.981730401516,
        "mean": 0.415752470493,
        "median": 0.409475058317,
        "min": 0.0045456904918,
        "var": 0.0357195548713
    },
    "silence_rate_20dB": {
        "dmean": 0,
        "dmean2": 0,
        "dvar": 0,
        "dvar2": 0,
        "max": 1,
        "mean": 1,
        "median": 1,
        "min": 1,
        "var": 0
    },
    "silence_rate_30dB": {
        "dmean": 0.0115774236619,
        "dmean2": 0.0231884066015,
        "dvar": 0.0114433635026,
        "dvar2": 0.0284478887916,
        "max": 1,
        "mean": 0.984104037285,
        "median": 1,
        "min": 0,
        "var": 0.015643293038
    },
    "silence_rate_60dB": {
        "dmean": 0.0694645419717,
        "dmean2": 0.139130428433,
        "dvar": 0.0646394193172,
        "dvar2": 0.142960771918,
        "max": 1,
        "mean": 0.569364190102,
        "median": 1,
        "min": 0,
        "var": 0.245186120272
    },
    "spectral_centroid": {
        "dmean": 362.324066162,
        "dmean2": 540.562561035,
        "dvar": 330661,
        "dvar2": 571420.5625,
        "max": 11204.3027344,
        "mean": 2634.51733398,
        "median": 2524.87890625,
        "min": 59.8558158875,
        "var": 2051692
    },
    "spectral_complexity": {
        "dmean": 1.23299562931,
        "dmean2": 1.86376810074,
        "dvar": 5.73007202148,
        "dvar2": 10.7379589081,
        "max": 45,
        "mean": 4.15895938873,
        "median": 2,
        "min": 0,
        "var": 33.1075973511
    },
    "spectral_crest": {
        "dmean": 3.09553313255,
        "dmean2": 5.26097822189,
        "dvar": 6.79843664169,
        "dvar2": 16.9903392792,
        "max": 26.2841949463,
        "mean": 13.2297067642,
        "median": 12.8615522385,
        "min": 2.95490527153,
        "var": 28.4651679993
    },
    "spectral_decrease": {
        "dmean": 1.15082032792e-09,
        "dmean2": 1.94636373685e-09,
        "dvar": 9.69677693189e-18,
        "dvar2": 2.78568159052e-17,
        "max": 3.84683170699e-29,
        "mean": -1.92939197952e-09,
        "median": -4.99048136149e-10,
        "min": -4.45985897102e-08,
        "var": 1.92462809732e-17
    },
    "spectral_energy": {
        "dmean": 0.00507881166413,
        "dmean2": 0.00837897136807,
        "dvar": 0.000174293643795,
        "dvar2": 0.000439788069343,
        "max": 0.203837871552,
        "mean": 0.00934862438589,
        "median": 0.00221302825958,
        "min": 1.06100413454e-20,
        "var": 0.000508656201418
    },
    "spectral_energyband_high": {
        "dmean": 0.00147073552944,
        "dmean2": 0.00209073163569,
        "dvar": 4.82538052893e-05,
        "dvar2": 6.15461976849e-05,
        "max": 0.200240939856,
        "mean": 0.00377066084184,
        "median": 9.29792731768e-05,
        "min": 7.48576078479e-21,
        "var": 0.000321456987876
    },
    "spectral_energyband_low": {
        "dmean": 0.00223316461779,
        "dmean2": 0.00387161457911,
        "dvar": 5.067066013e-05,
        "dvar2": 0.000143718483741,
        "max": 0.125778511167,
        "mean": 0.00317353452556,
        "median": 0.000451581145171,
        "min": 5.60380470669e-23,
        "var": 8.74653633218e-05
    },
    "spectral_energyband_middle_high": {
        "dmean": 0.000378799624741,
        "dmean2": 0.000566107803024,
        "dvar": 9.17243323784e-06,
        "dvar2": 1.78807276825e-05,
        "max": 0.0568460933864,
        "mean": 0.000730780418962,
        "median": 0.000106618070276,
        "min": 1.5423917471e-21,
        "var": 1.14421245598e-05
    },
    "spectral_energyband_middle_low": {
        "dmean": 0.000287394970655,
        "dmean2": 0.000368838955183,
        "dvar": 1.03751472125e-06,
        "dvar2": 1.53095948008e-06,
        "max": 0.0288097709417,
        "mean": 0.000611862924416,
        "median": 4.65504599561e-05,
        "min": 2.26955686329e-22,
        "var": 5.18461592947e-06
    },
    "spectral_flatness_db": {
        "dmean": 0.0329529456794,
        "dmean2": 0.0532600134611,
        "dvar": 0.00147509493399,
        "dvar2": 0.00339728826657,
        "max": 0.720345497131,
        "mean": 0.249666005373,
        "median": 0.249129742384,
        "min": 0.0356052778661,
        "var": 0.0137152737007
    },
    "spectral_flux": {
        "dmean": 0.0141388662159,
        "dmean2": 0.0238254219294,
        "dvar": 0.000600380008109,
        "dvar2": 0.00162781006657,
        "max": 0.316966891289,
        "mean": 0.0383526682854,
        "median": 0.0230480767787,
        "min": 1.03005055874e-10,
        "var": 0.00200496637262
    },
    "spectral_kurtosis": {
        "dmean": 1.41224873066,
        "dmean2": 2.25613188744,
        "dvar": 2.79985356331,
        "dvar2": 6.94613409042,
        "max": 27.6606903076,
        "mean": 3.94087958336,
        "median": 3.12250351906,
        "min": -1.19474565983,
        "var": 12.1668252945
    },
    "spectral_rms": {
        "dmean": 0.000591682735831,
        "dmean2": 0.000958216085564,
        "dvar": 9.86607460618e-07,
        "dvar2": 2.58715976997e-06,
        "max": 0.0141019932926,
        "mean": 0.00213118619286,
        "median": 0.0014693683479,
        "min": 3.21733742079e-12,
        "var": 4.5786573537e-06
    },
    "spectral_rolloff": {
        "dmean": 866.936889648,
        "dmean2": 1591.71105957,
        "dvar": 2819731,
        "dvar2": 6409521.5,
        "max": 19659.8144531,
        "mean": 2669.36987305,
        "median": 1679.58984375,
        "min": 21.533203125,
        "var": 9209260
    },
    "spectral_skewness": {
        "dmean": 0.214763432741,
        "dmean2": 0.323304027319,
        "dvar": 0.0511591993272,
        "dvar2": 0.127661034465,
        "max": 3.89086461067,
        "mean": 1.09216761589,
        "median": 1.04993844032,
        "min": -0.456802427769,
        "var": 0.574803948402
    },
    "spectral_spread": {
        "dmean": 617933.5625,
        "dmean2": 839105.875,
        "dvar": 2.84337373184e+12,
        "dvar2": 3.14955661312e+12,
        "max": 40611504,
        "mean": 4717050.5,
        "median": 4213426,
        "min": 1531864.125,
        "var": 6.85704583578e+12
    },
    "spectral_strongpeak": {
        "dmean": 0.964729964733,
        "dmean2": 1.6346706152,
        "dvar": 8.20195960999,
        "dvar2": 23.4935836792,
        "max": 52.1933631897,
        "mean": 1.87314498425,
        "median": 0.112291768193,
        "min": 0,
        "var": 31.6820220947
    },
    "zerocrossingrate": {
        "dmean": 0.014781284146,
        "dmean2": 0.0190507527441,
        "dvar": 0.000715262140147,
        "dvar2": 0.00120375445113,
        "max": 0.50390625,
        "mean": 0.0968984290957,
        "median": 0.0712890625,
        "min": 0,
        "var": 0.0067353406921
    },
    "barkbands": {
        "dmean": [0.00183639896568, 0.00139089475852, 0.000398751959438, 6.49497305858e-05, 7.591638132e-05, 4.5807006245e-05, 6.97837094776e-05, 9.69571774476e-05, 3.53567957063e-05, 3.00364936265e-05, 3.03386350424e-05, 7.23705015844e-05, 5.19730929227e-05, 2.76408591162e-05, 6.27385816188e-05, 5.51115408598e-05, 7.52133200876e-05, 4.31475855294e-05, 3.89338711102e-05, 0.0006098386948, 0.00041296845302, 0.000836781400722, 3.03297019855e-05, 0.000167230915395, 3.07882401103e-05, 9.66824791249e-06, 6.02752015766e-06],
        "dmean2": [0.00339616066776, 0.00226538162678, 0.00070363166742, 9.82636993285e-05, 0.000109501233965, 6.68051798129e-05, 0.000114634101919, 0.000149427360157, 5.2934334235e-05, 4.735555558e-05, 5.28152449988e-05, 0.000109636159323, 7.22672411939e-05, 3.20999570249e-05, 8.75442128745e-05, 7.11616448825e-05, 0.000112928741146, 6.74051334499e-05, 6.14981618128e-05, 0.00105025467928, 0.000693294859957, 0.00114334991667, 4.53888897027e-05, 0.000280675216345, 4.00708631787e-05, 1.55995003297e-05, 7.25269001123e-06],
        "dvar": [9.5760988188e-05, 2.88841765723e-05, 1.43845568346e-06, 7.82579618885e-08, 1.44553624182e-07, 2.83000609613e-08, 1.22631348631e-07, 2.0250531918e-07, 2.32452812554e-08, 1.37428530778e-08, 1.52534454401e-07, 4.57479018223e-07, 1.34818236575e-07, 1.35698572379e-08, 2.54580299952e-07, 8.4894821839e-08, 6.53556242014e-07, 1.08560591627e-07, 2.37909574707e-07, 1.88301710295e-05, 2.109189154e-06, 2.09491336136e-05, 2.83550853908e-08, 7.72640817104e-07, 3.76757611775e-08, 6.00335470224e-09, 3.68535180151e-09],
        "dvar2": [0.000300857471302, 8.13095030026e-05, 4.22153016189e-06, 1.76058094326e-07, 3.13946799224e-07, 6.04683094707e-08, 2.82010432784e-07, 4.55371946373e-07, 4.46770798135e-08, 2.93683299901e-08, 4.40332911467e-07, 1.11449764972e-06, 3.00716465063e-07, 2.31435954845e-08, 5.9145367004e-07, 1.52402918729e-07, 1.53741950726e-06, 2.95262339023e-07, 5.11096573064e-07, 3.88531552744e-05, 5.96593235969e-06, 4.10131797253e-05, 8.0437061456e-08, 2.26882298193e-06, 4.65966571994e-08, 1.28148895939e-08, 3.97027966059e-09],
        "max": [0.13319760561, 0.108630090952, 0.0131408106536, 0.0071001262404, 0.00796931609511, 0.00297692837194, 0.00728592788801, 0.00958454050124, 0.00305999373086, 0.00276621244848, 0.00759775703773, 0.0144001282752, 0.00772569514811, 0.00190182379447, 0.0090205585584, 0.00562734203413, 0.0173587910831, 0.00638987589628, 0.0103035997599, 0.0971171408892, 0.0168007072061, 0.138631314039, 0.00285545177758, 0.0180471092463, 0.0056784520857, 0.00195937044919, 0.00173399492633],
        "mean": [0.00186619441956, 0.00191698875278, 0.000487451558001, 9.53204435064e-05, 0.000105278886622, 7.6078256825e-05, 0.000116033363156, 0.000141830794746, 6.13246811554e-05, 4.8493155191e-05, 2.72964880423e-05, 9.99581970973e-05, 8.16482934169e-05, 4.16240618506e-05, 9.00831873878e-05, 9.11242386792e-05, 8.44184833113e-05, 5.28365890204e-05, 4.2572413804e-05, 0.00107491097879, 0.000752442632802, 0.00152467680164, 4.15151516791e-05, 0.000348405679688, 5.21705806023e-05, 1.69577051565e-05, 1.08948124762e-05],
        "median": [5.02405273437e-05, 0.000203635863727, 4.14597743656e-05, 9.11296592676e-06, 4.58812610304e-06, 1.1350115301e-06, 1.23140750929e-07, 5.19045464387e-08, 2.61263835455e-07, 3.1168769965e-07, 3.77268463581e-07, 1.13011556095e-05, 1.74221236193e-06, 4.91176820105e-07, 5.50159597879e-07, 8.35080754769e-06, 8.9389468485e-06, 1.69456586718e-06, 7.82617235018e-07, 1.72667660081e-05, 1.80717088369e-05, 4.70750228487e-06, 2.11708402276e-06, 5.03377896166e-06, 9.51273818828e-07, 2.79458788555e-07, 3.03527780687e-09],
        "min": [5.73234848679e-24, 1.97557244839e-23, 1.31904674656e-23, 8.58340421094e-25, 4.22324321784e-23, 5.3637057394e-23, 2.02940068781e-23, 2.29786409558e-23, 3.98440485027e-23, 6.32587433679e-23, 1.50818167061e-23, 6.02232066046e-23, 1.23650614745e-22, 6.75431289857e-23, 1.41393977148e-22, 1.50583903771e-22, 1.75885689606e-22, 2.02572172453e-22, 1.73339372821e-22, 3.19320241656e-22, 4.0515532585e-22, 4.22204566387e-22, 6.82618279709e-22, 7.63934819126e-22, 1.02421337849e-21, 1.3853679868e-21, 2.38116742851e-21],
        "var": [0.000101633915619, 4.61914896732e-05, 1.74052729562e-06, 1.68191974126e-07, 3.2708376807e-07, 8.44215151119e-08, 2.9055917139e-07, 4.52646361282e-07, 6.5060682175e-08, 4.35808473753e-08, 8.77011814282e-08, 3.95921830432e-07, 2.75642207725e-07, 3.25124318579e-08, 4.2031990688e-07, 1.91157582208e-07, 5.52089090888e-07, 8.40253164824e-08, 2.22975828024e-07, 5.25836840097e-05, 5.37549840374e-06, 8.54531463119e-05, 4.5773134616e-08, 1.8161291564e-06, 1.0058327149e-07, 1.30774564511e-08, 1.31595196962e-08]
    },
    "erbbands": {
        "dmean": [0.0486539639533, 0.285651803017, 0.539179265499, 0.276907086372, 0.255291670561, 0.20861056447, 0.323532521725, 0.377091020346, 0.863964855671, 1.62578332424, 1.57706451416, 0.808772802353, 0.834959089756, 0.942371845245, 1.78289008141, 2.82722115517, 2.49185729027, 1.44710743427, 2.3904235363, 3.67286276817, 2.82046151161, 3.97375226021, 2.62163686752, 1.17814135551, 3.11333274841, 15.6228561401, 45.8196640015, 3.75943446159, 45.0191116333, 5.74889850616, 0.931840717793, 0.895684659481, 4.03152370453, 0.74318498373, 0.211370378733, 0.0371439680457, 0.0320422574878, 0.0119839180261, 0.000396585615817, 1.60633207997e-05],
        "dmean2": [0.0761725530028, 0.491514772177, 0.941934406757, 0.451976001263, 0.393959850073, 0.271285563707, 0.473958522081, 0.529689848423, 1.37076568604, 2.32053780556, 2.33722376823, 1.17077684402, 1.2426224947, 1.55562961102, 3.15317106247, 4.25861597061, 3.29621481895, 1.86126041412, 2.94396734238, 5.11940717697, 4.02653503418, 5.97864532471, 4.13065767288, 1.62859487534, 5.06535482407, 26.3979244232, 74.0720214844, 5.16478872299, 65.486831665, 7.17980861664, 1.42725336552, 1.20597612858, 6.78859138489, 1.22830367088, 0.270163029432, 0.0612409114838, 0.0556906834245, 0.0167014207691, 0.000476324872579, 2.28575354413e-05],
        "dvar": [0.0609303377569, 1.03289651871, 3.03089952469, 0.650831580162, 2.01713132858, 0.981789708138, 1.67304372787, 2.28055810928, 19.4988098145, 62.5926017761, 43.3032150269, 12.0662412643, 12.847779274, 44.9464454651, 538.219665527, 619.687866211, 306.811218262, 47.0592422485, 233.040161133, 808.432006836, 276.896697998, 1906.3059082, 690.35925293, 30.7136592865, 1378.23498535, 6020.31787109, 45119.375, 246.259094238, 61450.6992188, 1783.01135254, 33.5809288025, 17.7363128662, 430.109680176, 13.7747507095, 3.84295892715, 0.0714432820678, 0.0796657577157, 0.0128782056272, 1.23942818391e-05, 1.03712460842e-08],
        "dvar2": [0.158622294664, 3.0567753315, 8.72348880768, 1.63451159, 5.57340049744, 1.26495826244, 3.15760731697, 4.69513225555, 45.9327964783, 133.872009277, 83.3054580688, 21.6783390045, 20.9228973389, 124.709892273, 1553.43798828, 1384.65930176, 643.257080078, 86.9967193604, 422.802856445, 1835.21337891, 504.289886475, 4508.45849609, 1888.90710449, 65.6441650391, 2886.37548828, 11871.3916016, 102590.976562, 408.935974121, 133234.15625, 1961.63891602, 91.1521987915, 29.4191493988, 1292.64709473, 34.1321144104, 5.09201669693, 0.209697827697, 0.208236202598, 0.0173428375274, 1.52744105435e-05, 1.41898244266e-08],
        "max": [6.42569828033, 12.2416982651, 18.4188766479, 16.4024391174, 23.0879364014, 28.2609386444, 26.7739753723, 26.8123779297, 74.7197494507, 179.570144653, 150.460754395, 72.102432251, 101.813171387, 125.235717773, 452.03729248, 529.339904785, 374.094970703, 145.688293457, 359.926971436, 495.861816406, 287.5496521, 936.878173828, 530.866760254, 91.3798141479, 773.181945801, 1835.44311523, 4954.17480469, 539.956787109, 6829.24414062, 1270.5480957, 122.580085754, 124.374702454, 382.498931885, 85.3671875, 55.5032424927, 6.3420381546, 6.02668094635, 3.03157877922, 0.108085393906, 0.00309197511524],
        "mean": [0.0747906938195, 0.352040737867, 0.688226759434, 0.38568264246, 0.331278383732, 0.329303830862, 0.538999140263, 0.612221956253, 1.44131267071, 2.34572005272, 2.6292078495, 1.49432253838, 1.49595117569, 1.16917872429, 1.79137158394, 4.26952552795, 4.05589962006, 2.30601191521, 3.68962025642, 5.43850374222, 4.89877033234, 4.55954504013, 3.04645752907, 1.82219278812, 3.93065452576, 34.4511146545, 81.1101150513, 8.38219928741, 81.8743972778, 10.3027410507, 1.47009217739, 2.12532782555, 7.84320259094, 1.77566051483, 0.343862921, 0.0530409626663, 0.0450392588973, 0.021509533748, 0.00070376257645, 3.47517961927e-05],
        "median": [0.00827007927001, 0.0342035219073, 0.0570718571544, 0.0609758272767, 0.020000230521, 0.0182805415243, 0.0179884694517, 0.00762969441712, 0.00273015256971, 0.00155976286624, 0.00114973960444, 0.00563304964453, 0.0135472528636, 0.0229292716831, 0.120101608336, 0.44344907999, 0.206250488758, 0.0429007448256, 0.0307057388127, 0.129840940237, 0.812758743763, 0.54912340641, 0.122821085155, 0.100266516209, 0.241646021605, 1.01050662994, 1.18281531334, 0.242018014193, 0.195686846972, 0.134233146906, 0.0402807146311, 0.0554954968393, 0.100424945354, 0.0182439386845, 0.00666633993387, 0.00185760390013, 0.000371861096937, 8.12861326267e-05, 4.73240288557e-06, 3.11712983603e-06],
        "min": [3.03989985829e-22, 2.24499201238e-21, 1.30995771082e-20, 1.47877162214e-20, 4.96211981603e-20, 1.29115280973e-19, 1.38515917216e-19, 5.63397109607e-19, 3.0391561793e-19, 3.68696422699e-19, 5.08676992436e-19, 1.01158688164e-18, 2.00324160565e-18, 1.97363495037e-18, 1.46109130216e-18, 4.0710111573e-18, 5.25994721663e-18, 3.0530353394e-18, 5.43277998818e-18, 5.47935894207e-18, 9.48925220545e-18, 1.05542770226e-17, 1.16598816663e-17, 8.0733348909e-18, 9.90182838829e-18, 1.8396230471e-17, 1.38291868109e-17, 1.66593133121e-17, 1.4347998627e-17, 1.72034707693e-17, 1.92585646052e-17, 1.83738171851e-17, 1.21049445405e-17, 1.10256219064e-17, 7.5953585001e-18, 4.37585947307e-18, 2.67934553754e-18, 1.04341896296e-18, 3.29620513959e-19, 3.96593327964e-20],
        "var": [0.134874165058, 1.21925115585, 3.95748472214, 1.15995764732, 3.10332894325, 3.20851397514, 4.89784812927, 5.84711647034, 47.2956047058, 129.123168945, 135.280776978, 38.3940582275, 47.3944129944, 39.2210273743, 310.867218018, 614.793029785, 652.470214844, 113.996231079, 557.00958252, 1372.99804688, 466.07699585, 1602.79663086, 473.973846436, 48.204574585, 1330.99035645, 24692.9023438, 121981.921875, 1432.32788086, 234458.65625, 6076.91113281, 69.0472946167, 76.1490020752, 927.840393066, 44.2085151672, 9.07908630371, 0.140790373087, 0.118969418108, 0.0402245931327, 4.48634164059e-05, 4.31330882122e-08]
    },
    "gfcc": {
        "mean": [-212.040206909, 31.2658786774, -97.3291168213, 79.5624923706, -32.8811836243, 40.9449386597, -20.6826305389, 7.18361330032, -28.0083942413, 2.24014997482, -8.17868804932, 4.02757644653, 2.74595308304],
        "cov": [[19766.6914062, -406.517669678, -2692.63134766, -178.866210938, -763.223937988, -11.3944692612, -488.750640869, -59.2003097534, -7.34667253494, 189.202896118, -172.543701172, 29.5302944183, -219.046447754], [-406.517669678, 4156.69628906, -583.575012207, -1468.39147949, 42.3677711487, -863.358520508, -841.020874023, 383.479095459, 833.624755859, -189.017089844, 142.108947754, -93.1024856567, -338.337097168], [-2692.63134766, -583.575012207, 1570.42346191, 949.747924805, 358.652313232, 233.71635437, 256.461425781, -121.153274536, -169.265853882, 73.3495788574, 22.6070728302, 80.9209365845, 133.142791748], [-178.866210938, -1468.39147949, 949.747924805, 2419.89086914, 867.220397949, 750.256347656, 919.380126953, -550.694946289, -779.89654541, 81.1172714233, 37.4516220093, -88.7202911377, 490.333740234], [-763.223937988, 42.3677711487, 358.652313232, 867.220397949, 998.520324707, 358.562713623, 305.41204834, -261.993927002, -248.813247681, 22.1139125824, 70.3781814575, 11.966173172, 195.704238892], [-11.3944692612, -863.358520508, 233.71635437, 750.256347656, 358.562713623, 579.68560791, 445.512969971, -186.241424561, -395.780303955, 16.0070533752, -34.0962982178, -39.6551704407, 266.780670166], [-488.750640869, -841.020874023, 256.461425781, 919.380126953, 305.41204834, 445.512969971, 864.221130371, -181.387557983, -455.189758301, 37.4910926819, -14.7774620056, -157.580673218, 383.243347168], [-59.2003097534, 383.479095459, -121.153274536, -550.694946289, -261.993927002, -186.241424561, -181.387557983, 346.311737061, 268.007537842, -3.65547370911, -27.2212677002, -2.08184885979, -110.135681152], [-7.34667253494, 833.624755859, -169.265853882, -779.89654541, -248.813247681, -395.780303955, -455.189758301, 268.007537842, 634.891052246, 30.9902572632, 32.8344154358, 59.7328033447, -245.275527954], [189.202896118, -189.017089844, 73.3495788574, 81.1172714233, 22.1139125824, 16.0070533752, 37.4910926819, -3.65547370911, 30.9902572632, 162.806808472, 62.8322410583, 23.9087848663, -8.04378890991], [-172.543701172, 142.108947754, 22.6070728302, 37.4516220093, 70.3781814575, -34.0962982178, -14.7774620056, -27.2212677002, 32.8344154358, 62.8322410583, 179.301956177, 50.2835159302, -32.0590057373], [29.5302944183, -93.1024856567, 80.9209365845, -88.7202911377, 11.966173172, -39.6551704407, -157.580673218, -2.08184885979, 59.7328033447, 23.9087848663, 50.2835159302, 223.51121521, -56.4604454041], [-219.046447754, -338.337097168, 133.142791748, 490.333740234, 195.704238892, 266.780670166, 383.243347168, -110.135681152, -245.275527954, -8.04378890991, -32.0590057373, -56.4604454041, 372.75402832]],
        "icov": [[9.04873813852e-05, -3.36348930432e-05, 0.000223429742618, -0.000164952856721, 0.000115675502457, -8.91463059816e-05, 9.91313427221e-05, -1.38921413964e-05, 2.45623482442e-06, -0.000247027142905, 0.000195296044694, -0.000130056374473, 5.02507100464e-05], [-3.36348930432e-05, 0.000691106950399, -7.26170546841e-05, 0.000282964145299, -0.000673141388688, 0.000794646912254, 0.000307959824568, -0.000239758563112, -0.000281459913822, 0.00088580470765, -0.000808982120361, 0.00087289797375, -0.000444983015768], [0.000223429742618, -7.26170546841e-05, 0.00149619649164, -0.000948290806264, 0.000225830634008, -0.000137172901304, 0.000246467476245, -0.00041330663953, -0.000160564930411, -0.000728094018996, 0.00067588838283, -0.000826631847303, 0.000194023159565], [-0.000164952856721, 0.000282964145299, -0.000948290806264, 0.00190521357581, -0.000830976583529, 7.59738177294e-05, -0.000611748138908, 0.000987483072095, 0.000374417228159, 0.000328465685016, -0.000698695657775, 0.000798419234343, -0.000390626373701], [0.000115675502457, -0.000673141388688, 0.000225830634008, -0.000830976583529, 0.0024334823247, -0.00155205791816, -9.85202204902e-05, 0.000783711671829, -0.00025261726114, -0.000628215319011, 0.000260020751739, -0.00101703661494, 0.000323981570546], [-8.91463059816e-05, 0.000794646912254, -0.000137172901304, 7.59738177294e-05, -0.00155205791816, 0.0053334608674, -0.000399720447604, -0.000615690078121, 0.00111800839659, 0.000447401136626, 5.11357975483e-05, 0.000469150341814, -0.0013345265761], [9.91313427221e-05, 0.000307959824568, 0.000246467476245, -0.000611748138908, -9.85202204902e-05, -0.000399720447604, 0.00390859274194, -0.000835417595226, 0.000859301362652, -0.000703060301021, -0.000724470010027, 0.00194582494441, -0.00209047342651], [-1.38921413964e-05, -0.000239758563112, -0.00041330663953, 0.000987483072095, 0.000783711671829, -0.000615690078121, -0.000835417595226, 0.00582653842866, -0.0016741422005, -0.000298453815049, 0.000833691214211, 0.000102933321614, 0.0002117723634], [2.45623482442e-06, -0.000281459913822, -0.000160564930411, 0.000374417228159, -0.00025261726114, 0.00111800839659, 0.000859301362652, -0.0016741422005, 0.00441566342488, -0.00161424500402, 0.000106100895209, -0.000107457955892, 0.000128699393827], [-0.000247027142905, 0.00088580470765, -0.000728094018996, 0.000328465685016, -0.000628215319011, 0.000447401136626, -0.000703060301021, -0.000298453815049, -0.00161424500402, 0.00953892152756, -0.00392803689465, 0.000716363836545, 4.54550863651e-05], [0.000195296044694, -0.000808982120361, 0.00067588838283, -0.000698695657775, 0.000260020751739, 5.11357975483e-05, -0.000724470010027, 0.000833691214211, 0.000106100895209, -0.00392803689465, 0.00876287743449, -0.00266631925479, 0.00121106160805], [-0.000130056374473, 0.00087289797375, -0.000826631847303, 0.000798419234343, -0.00101703661494, 0.000469150341814, 0.00194582494441, 0.000102933321614, -0.000107457955892, 0.000716363836545, -0.00266631925479, 0.0072827343829, -0.000992568209767], [5.02507100464e-05, -0.000444983015768, 0.000194023159565, -0.000390626373701, 0.000323981570546, -0.0013345265761, -0.00209047342651, 0.0002117723634, 0.000128699393827, 4.54550863651e-05, 0.00121106160805, -0.000992568209767, 0.00578928552568]]
    },
    "melbands": {
        "dmean": [0.000457607151475, 0.000310607079882, 4.91124810651e-05, 1.69078994077e-05, 1.07458736238e-05, 8.48251511343e-06, 1.35409427457e-05, 2.03007330128e-05, 1.17534418678e-05, 4.98478493682e-06, 4.27636177847e-06, 3.81305767405e-06, 4.92358321935e-06, 8.766600331e-06, 6.90581236995e-06, 4.43728049504e-06, 2.5255071705e-06, 3.55626457349e-06, 4.91477612741e-06, 4.3995478336e-06, 3.60942249245e-06, 4.29968304161e-06, 3.4992849578e-06, 1.92786774278e-06, 7.58990836403e-07, 1.65628478044e-06, 2.71436442745e-06, 1.17727586257e-05, 4.7598965466e-05, 1.11705719519e-06, 5.16839861575e-07, 2.6786541639e-05, 1.4539014046e-05, 6.24474807864e-07, 4.88708906232e-07, 6.18896422111e-07, 5.46047147054e-07, 2.1884693524e-06, 2.78923266706e-06, 2.22192895194e-07],
        "dmean2": [0.000779964204412, 0.000540837529115, 7.77663954068e-05, 2.31896574405e-05, 1.56527748914e-05, 1.22603923955e-05, 2.15968702832e-05, 2.95763966278e-05, 1.69783434103e-05, 7.40173209124e-06, 6.42614122626e-06, 6.31356215308e-06, 8.6540776465e-06, 1.47216314872e-05, 9.50230332819e-06, 5.79047036808e-06, 3.30401257997e-06, 4.15100066675e-06, 6.98116718922e-06, 5.97339567321e-06, 5.2775289987e-06, 6.62087222736e-06, 5.79113793719e-06, 2.96455777971e-06, 1.05366314074e-06, 2.69219140137e-06, 4.38705637862e-06, 1.97418612515e-05, 7.73583524278e-05, 1.83258305242e-06, 8.12945586404e-07, 4.07063707826e-05, 1.63896620506e-05, 7.86196949321e-07, 7.59297279274e-07, 9.69124016592e-07, 8.44909664011e-07, 3.73165676137e-06, 4.63557853436e-06, 3.40924117381e-07],
        "dvar": [3.33660295837e-06, 1.06950039935e-06, 1.86620940923e-08, 7.45521955281e-09, 1.98457295042e-09, 1.07359021673e-09, 4.66719907166e-09, 9.53296908079e-09, 2.13991069309e-09, 5.4396076532e-10, 3.28716026621e-10, 5.58372403869e-10, 4.20943457868e-09, 8.58062509934e-09, 2.96642288511e-09, 8.64687377256e-10, 1.34437239119e-10, 4.19585366451e-10, 1.86010040704e-09, 8.35732427706e-10, 4.65593064103e-10, 1.96869232028e-09, 1.90104465503e-09, 1.29681779204e-10, 9.05173852539e-12, 4.88531770593e-10, 4.69219496591e-10, 4.52824533426e-09, 5.18625569157e-08, 8.7674190824e-12, 1.12000252822e-11, 2.0895923214e-08, 1.15711404902e-08, 1.84032407369e-11, 1.83661280628e-11, 1.22674110453e-11, 8.31913097438e-12, 1.19571214041e-10, 2.24294027795e-10, 9.78812083469e-13],
        "dvar2": [9.23544575926e-06, 3.07391246679e-06, 4.54612205658e-08, 1.63354059168e-08, 3.28186056109e-09, 2.29502838955e-09, 1.06002877587e-08, 2.11425987828e-08, 4.04303213131e-09, 1.01259411966e-09, 5.40676670102e-10, 1.53230717004e-09, 1.22071268649e-08, 2.34215349337e-08, 6.89251677954e-09, 1.47509737758e-09, 2.58363302974e-10, 6.18087636628e-10, 4.68313832158e-09, 1.79785653032e-09, 9.14865017076e-10, 4.44979386671e-09, 5.20516296731e-09, 3.29613253358e-10, 1.9452672112e-11, 1.03384645289e-09, 9.40508226854e-10, 8.40752978348e-09, 1.17356954377e-07, 2.29985301636e-11, 2.75847227005e-11, 4.89747762344e-08, 1.36542475104e-08, 3.131452736e-11, 4.77081082972e-11, 2.54683878154e-11, 1.81403468635e-11, 3.64861113544e-10, 6.42315534094e-10, 1.74498501586e-12],
        "max": [0.0405745059252, 0.0126786818728, 0.00281538371928, 0.00181445223279, 0.00105375272688, 0.000548516982235, 0.00133119744714, 0.00218944321387, 0.00108142290264, 0.000521888956428, 0.000512436032295, 0.000427566381404, 0.00125669979025, 0.00189211731777, 0.00111361173913, 0.000805033138022, 0.000200757567654, 0.000569966738112, 0.000752854393795, 0.000559477775823, 0.000415452872403, 0.000948827015236, 0.000889602175448, 0.000211813283386, 5.03679657413e-05, 0.000463429663796, 0.000426027196227, 0.00170486874413, 0.00529572041705, 3.86789433833e-05, 6.0782480432e-05, 0.0039463606663, 0.00347842369229, 9.97884635581e-05, 0.000100351026049, 7.77339810156e-05, 7.14928537491e-05, 0.000196892870008, 0.000294454046525, 2.09024619835e-05],
        "mean": [0.000655784097034, 0.000413463305449, 6.92108878866e-05, 2.35789666476e-05, 1.81381419679e-05, 1.37771085065e-05, 2.31079466175e-05, 2.81830889435e-05, 1.97638109967e-05, 8.89231614565e-06, 7.51126117393e-06, 4.82211999042e-06, 4.55555937151e-06, 1.03942857095e-05, 1.03935672087e-05, 7.78818139224e-06, 3.69450958715e-06, 5.60428679819e-06, 6.61311287331e-06, 6.75835281072e-06, 5.82933489568e-06, 4.96024176755e-06, 3.32259924107e-06, 2.55353802459e-06, 1.22661572277e-06, 1.70561429513e-06, 4.04764250561e-06, 2.55627055594e-05, 8.25010210974e-05, 2.04936941373e-06, 6.44928832116e-07, 5.01373251609e-05, 2.31643098232e-05, 8.96982669474e-07, 6.08842924521e-07, 1.04804701095e-06, 1.15063062367e-06, 4.13754014517e-06, 5.91389562032e-06, 4.12542789263e-07],
        "median": [7.9862678831e-05, 4.15858230554e-05, 1.04117598312e-05, 9.99663370749e-07, 7.26242376459e-07, 1.59361221108e-07, 3.33232428318e-08, 1.37762539154e-08, 8.53016501878e-09, 3.69929864519e-08, 6.37357828737e-08, 6.89193058179e-08, 9.25680865294e-08, 8.53157871461e-07, 1.04026833014e-06, 9.42901436929e-08, 4.68734526748e-08, 3.89741714457e-08, 4.42192771288e-08, 1.93330748743e-07, 1.05291519503e-06, 5.46523210687e-07, 9.36255446504e-08, 7.35062855028e-08, 4.15765555317e-08, 2.45293030332e-08, 1.48043937997e-07, 6.3147280116e-07, 8.8550024202e-07, 1.60253136983e-07, 4.03974738106e-08, 9.11049937713e-08, 8.57317417058e-08, 5.3498318664e-08, 1.09322169095e-08, 2.28246648248e-08, 2.67283652988e-08, 7.59281846285e-08, 2.81025265281e-08, 8.53325410333e-09],
        "min": [4.86800542586e-24, 5.45952883133e-24, 3.64171326008e-24, 9.37479854296e-24, 6.05829240219e-24, 1.19575267801e-23, 4.20835599261e-24, 4.69182833103e-24, 4.45734139911e-24, 5.98326147492e-24, 1.03434298044e-23, 9.04282378594e-24, 2.56149663749e-24, 7.09500393751e-24, 1.03921577425e-23, 6.81414184511e-24, 5.3352501066e-24, 6.00389965392e-24, 7.63669184415e-24, 7.23578247693e-24, 1.12336632803e-23, 1.06276059015e-23, 1.25241158701e-23, 8.20157541686e-24, 6.25929889401e-24, 5.78312904098e-24, 8.68532227888e-24, 1.26622351594e-23, 7.69083057922e-24, 9.09634484291e-24, 9.87195525151e-24, 7.91953792172e-24, 8.09424852412e-24, 1.03344020802e-23, 1.1951402064e-23, 1.04612477583e-23, 1.14564170895e-23, 7.46087683649e-24, 8.64188365314e-24, 9.72144690168e-24],
