{
"metadata": {
    "version": {
        "essentia": "2.0.1",
        "extractor": "archive-music 1.0"
    },
    "audio_properties": {
        "analysis_sample_rate": 44100,
        "bitrate": 128,
        "channels": 2,
        "equal_loudness": 0,
        "length": 15.6734695435,
        "replay_gain": -5.65664863586,
        "downmix": "mix"
    },
    "tags": {
        "track": 0,
        "year": 0,
        "album": "",
        "artist": "",
        "comment": "",
        "genre": "",
        "title": ""
    }
},
"highlevel": {
    "culture": {
        "all": {
            "non_western": 1.30495764097e-05,
            "western": 0.999986946583
        },
        "probability": 0.999986946583,
        "value": "western"
    },
    "danceability": {
        "all": {
            "danceable": 0.184061393142,
            "not_danceable": 0.815938591957
        },
        "probability": 0.815938591957,
        "value": "not_danceable"
    },
    "gender": {
        "all": {
            "female": 0.370915293694,
            "male": 0.629084706306
        },
        "probability": 0.629084706306,
        "value": "male"
    },
    "genre_dortmund": {
        "all": {
            "alternative": 0.0314905643463,
            "blues": 0.0262075606734,
            "electronic": 0.0332762859762,
            "folkcountry": 0.0381411314011,
            "funksoulrnb": 0.020195087418,
            "jazz": 0.122485950589,
            "pop": 0.0177228245884,
            "raphiphop": 0.0556222684681,
            "rock": 0.654858350754
        },
        "probability": 0.654858350754,
        "value": "rock"
    },
    "genre_electronic": {
        "all": {
            "ambient": 0.967069864273,
            "dnb": 0.014029012993,
            "house": 0.00995677988976,
            "techno": 0.00424766959623,
            "trance": 0.00469669653103
        },
        "probability": 0.967069864273,
        "value": "ambient"
    },
    "genre_rosamerica": {
        "all": {
            "cla": 0.420564293861,
            "dan": 0.0273040048778,
            "hip": 0.172000691295,
            "jaz": 0.0493487454951,
            "pop": 0.0502571500838,
            "rhy": 0.0530732870102,
            "roc": 0.148966163397,
            "spe": 0.0784856751561
        },
        "probability": 0.420564293861,
        "value": "cla"
    },
    "genre_tzanetakis": {
        "all": {
            "blu": 0.0024124190677,
            "cla": 0.0597129315138,
            "cou": 0.00278014363721,
            "dis": 0.00854178331792,
            "hip": 0.244656205177,
            "jaz": 0.022102965042,
            "met": 0.0127160781994,
            "pop": 0.101614683867,
            "reg": 0.156271591783,
            "roc": 0.389191180468
        },
        "probability": 0.389191180468,
        "value": "roc"
    },
    "mirex_ballroom": {
        "all": {
            "ChaChaCha": 0.0940337628126,
            "Jive": 0.372355461121,
            "Quickstep": 0.194666787982,
            "Rumba-American": 0.0108255641535,
            "Rumba-International": 0.0258652884513,
            "Rumba-Misc": 0.0174961928278,
            "Samba": 0.0517480969429,
            "Tango": 0.0416490957141,
            "VienneseWaltz": 0.113401070237,
            "Waltz": 0.0779586881399
        },
        "probability": 0.372355461121,
        "value": "Jive"
    },
    "mood_acoustic": {
        "all": {
            "acoustic": 0.394252002239,
            "not_acoustic": 0.605747997761
        },
        "probability": 0.605747997761,
        "value": "not_acoustic"
    },
    "mood_aggressive": {
        "all": {
            "aggressive": 0.793063223362,
            "not_aggressive": 0.206936761737
        },
        "probability": 0.793063223362,
        "value": "aggressive"
    },
    "mood_electronic": {
        "all": {
            "electronic": 0.205677405,
            "not_electronic": 0.794322609901
        },
        "probability": 0.794322609901,
        "value": "not_electronic"
    },
    "mood_happy": {
        "all": {
            "happy": 0.162844270468,
            "not_happy": 0.837155759335
        },
        "probability": 0.837155759335,
        "value": "not_happy"
    },
    "mood_party": {
        "all": {
            "not_party": 0.42336294055,
            "party": 0.576637089252
        },
        "probability": 0.576637089252,
        "value": "party"
    },
    "mood_relaxed": {
        "all": {
            "not_relaxed": 0.843510985374,
            "relaxed": 0.156489014626
        },
        "probability": 0.843510985374,
        "value": "not_relaxed"
    },
    "mood_sad": {
        "all": {
            "not_sad": 0.46296146512,
            "sad": 0.537038564682
        },
        "probability": 0.537038564682,
        "value": "sad"
    },
    "moods_mirex": {
        "all": {
            "Cluster1": 0.149817794561,
            "Cluster2": 0.145198956132,
            "Cluster3": 0.0527749285102,
            "Cluster4": 0.188485696912,
            "Cluster5": 0.463722616434
        },
        "probability": 0.463722616434,
        "value": "Cluster5"
    },
    "timbre": {
        "all": {
            "bright": 0.0167350675911,
            "dark": 0.983264923096
        },
        "probability": 0.983264923096,
        "value": "dark"
    },
    "tonal_atonal": {
        "all": {
            "atonal": 0.988058805466,
            "tonal": 0.011941188015
        },
        "probability": 0.988058805466,
        "value": "atonal"
    },
    "voice_instrumental": {
        "all": {
            "instrumental": 0.00230041681789,
            "voice": 0.997699558735
        },
        "probability": 0.997699558735,
        "value": "voice"
    }
},
"lowlevel": {
    "average_loudness": 0.684821784496,
    "barkbands_kurtosis": {
        "dmean": 1.83710861206,
        "dmean2": 3.28542280197,
        "dvar": 5.40362787247,
        "dvar2": 16.3922100067,
        "max": 24.9838638306,
        "mean": 2.59739661217,
        "median": 1.63032722473,
        "min": -1.65331816673,
        "var": 12.2945232391
    },
    "barkbands_skewness": {
        "dmean": 0.439738988876,
        "dmean2": 0.751522421837,
        "dvar": 0.160114899278,
        "dvar2": 0.438279777765,
        "max": 4.44742250443,
        "mean": 1.26403951645,
        "median": 1.25205659866,
        "min": -2.16416478157,
        "var": 1.05583751202
    },
    "barkbands_spread": {
        "dmean": 4.55579376221,
        "dmean2": 7.86833429337,
        "dvar": 24.1678314209,
        "dvar2": 69.992729187,
        "max": 62.2076568604,
        "mean": 19.887752533,
        "median": 17.3251914978,
        "min": 5.27529478073,
        "var": 114.443023682
    },
    "dissonance": {
        "dmean": 0.0162653885782,
        "dmean2": 0.0286702942103,
        "dvar": 0.000267046591034,
        "dvar2": 0.000829877972137,
        "max": 0.499756842852,
        "mean": 0.474959075451,
        "median": 0.479155540466,
        "min": 0.366269677877,
        "var": 0.000350858055754
    },
    "dynamic_complexity": 7.85703372955,
    "erbbands_kurtosis": {
        "dmean": 0.665377676487,
        "dmean2": 1.11132729053,
        "dvar": 0.77531927824,
        "dvar2": 1.89445602894,
        "max": 13.5263633728,
        "mean": 0.110469900072,
        "median": -0.176539897919,
        "min": -1.57645475864,
        "var": 2.10855603218
    },
    "erbbands_skewness": {
        "dmean": 0.309961736202,
        "dmean2": 0.519210994244,
        "dvar": 0.0804484188557,
        "dvar2": 0.206290841103,
        "max": 1.6722972393,
        "mean": 0.288641065359,
        "median": 0.386152505875,
        "min": -3.02892160416,
        "var": 0.402091801167
    },
    "erbbands_spread": {
        "dmean": 5.20189666748,
        "dmean2": 8.92737770081,
        "dvar": 23.7635173798,
        "dvar2": 70.6026000977,
        "max": 93.3937911987,
        "mean": 34.714881897,
        "median": 31.0673370361,
        "min": 5.16517782211,
        "var": 280.201446533
    },
    "hfc": {
        "dmean": 1.97406089306,
        "dmean2": 3.22299814224,
        "dvar": 13.9658479691,
        "dvar2": 37.1614303589,
        "max": 93.6809082031,
        "mean": 11.3306026459,
        "median": 4.8957862854,
        "min": 1.17179742298e-16,
        "var": 228.709365845
    },
    "melbands_kurtosis": {
        "dmean": 3.93234157562,
        "dmean2": 6.93919658661,
        "dvar": 29.5899906158,
        "dvar2": 92.8198928833,
        "max": 52.8796806335,
        "mean": 7.68587398529,
        "median": 4.86579942703,
        "min": -1.72612786293,
        "var": 69.875328064
    },
    "melbands_skewness": {
        "dmean": 0.549039363861,
        "dmean2": 0.949042975903,
        "dvar": 0.278011262417,
        "dvar2": 0.837309360504,
        "max": 6.12879800797,
        "mean": 2.06980013847,
        "median": 1.9063000679,
        "min": -1.41327464581,
        "var": 1.64268434048
    },
    "melbands_spread": {
        "dmean": 6.53403425217,
        "dmean2": 10.8592061996,
        "dvar": 76.2636489868,
        "dvar2": 184.236099243,
        "max": 136.810195923,
        "mean": 23.9733791351,
        "median": 18.6340122223,
        "min": 4.4560008049,
        "var": 316.728027344
    },
    "pitch_salience": {
        "dmean": 0.0690627023578,
        "dmean2": 0.118149459362,
        "dvar": 0.00353338988498,
        "dvar2": 0.0100968573242,
        "max": 0.969272017479,
        "mean": 0.670320808887,
        "median": 0.684796690941,
        "min": 0.315880358219,
        "var": 0.00825696345419
    },
    "silence_rate_20dB": {
        "dmean": 0,
        "dmean2": 0,
        "dvar": 0,
        "dvar2": 0,
        "max": 1,
        "mean": 1,
        "median": 1,
        "min": 1,
        "var": 0
    },
    "silence_rate_30dB": {
        "dmean": 0.0118518518284,
        "dmean2": 0.0237388722599,
        "dvar": 0.0117114717141,
        "dvar2": 0.0320770181715,
        "max": 1,
        "mean": 0.988165676594,
        "median": 1,
        "min": 0,
        "var": 0.0116943065077
    },
    "silence_rate_60dB": {
        "dmean": 0.0237037036568,
        "dmean2": 0.0474777445197,
        "dvar": 0.0231417585164,
        "dvar2": 0.0541258975863,
        "max": 1,
        "mean": 0.418639063835,
        "median": 0,
        "min": 0,
        "var": 0.243382364511
    },
    "spectral_centroid": {
        "dmean": 229.309356689,
        "dmean2": 367.495330811,
        "dvar": 206237.703125,
        "dvar2": 237423.578125,
        "max": 10965.9580078,
        "mean": 1279.11108398,
        "median": 1081.12963867,
        "min": 372.358581543,
        "var": 703974.625
    },
    "spectral_complexity": {
        "dmean": 2.17777776718,
        "dmean2": 3.59940648079,
        "dvar": 5.6009759903,
        "dvar2": 14.4122133255,
        "max": 53,
        "mean": 15.3801774979,
        "median": 11,
        "min": 0,
        "var": 190.23274231
    },
    "spectral_crest": {
        "dmean": 2.58017873764,
        "dmean2": 4.44422578812,
        "dvar": 5.11952447891,
        "dvar2": 14.7385778427,
        "max": 20.1519355774,
        "mean": 8.35715293884,
        "median": 7.55680656433,
        "min": 2.76596498489,
        "var": 11.4583511353
    },
    "spectral_decrease": {
        "dmean": 1.22295951144e-09,
        "dmean2": 2.11946660222e-09,
        "dvar": 6.63061402937e-18,
        "dvar2": 2.06961863119e-17,
        "max": 1.23950779475e-23,
        "mean": -3.91316135051e-09,
        "median": -1.42187750463e-09,
        "min": -4.58615083687e-08,
        "var": 2.99700373771e-17
    },
    "spectral_energy": {
        "dmean": 0.00473274616525,
        "dmean2": 0.00818587001413,
        "dvar": 9.76744049694e-05,
        "dvar2": 0.000304166896967,
        "max": 0.178846552968,
        "mean": 0.0157969016582,
        "median": 0.00575980218127,
        "min": 1.05724377471e-20,
        "var": 0.000479190755868
    },
    "spectral_energyband_high": {
        "dmean": 7.23927441868e-05,
        "dmean2": 0.000119953641843,
        "dvar": 4.10085370106e-08,
        "dvar2": 1.07124741078e-07,
        "max": 0.00603890186176,
        "mean": 0.000292287266348,
        "median": 8.03859729785e-05,
        "min": 7.5933718126e-21,
        "var": 4.48196061598e-07
    },
    "spectral_energyband_low": {
        "dmean": 0.00278218253516,
        "dmean2": 0.00499119516462,
        "dvar": 6.17827172391e-05,
        "dvar2": 0.000194728243514,
        "max": 0.0885910242796,
        "mean": 0.00346136698499,
        "median": 0.000558892556001,
        "min": 3.18028958395e-23,
        "var": 7.45154247852e-05
    },
    "spectral_energyband_middle_high": {
        "dmean": 0.000804221781436,
        "dmean2": 0.00128840224352,
        "dvar": 1.82676387794e-06,
        "dvar2": 4.75676142742e-06,
        "max": 0.020395938307,
        "mean": 0.00327691342682,
        "median": 0.00127746001817,
        "min": 1.35449330887e-21,
        "var": 1.73981879925e-05
    },
    "spectral_energyband_middle_low": {
        "dmean": 0.00378289143555,
        "dmean2": 0.00661854725331,
        "dvar": 5.23135458934e-05,
        "dvar2": 0.000165450837812,
        "max": 0.113453000784,
        "mean": 0.0101024797186,
        "median": 0.00291107082739,
        "min": 3.02714277839e-22,
        "var": 0.000215211650357
    },
    "spectral_flatness_db": {
        "dmean": 0.0179834961891,
        "dmean2": 0.0310679189861,
        "dvar": 0.000221511683776,
        "dvar2": 0.000626948080026,
        "max": 0.242748275399,
        "mean": 0.129075139761,
        "median": 0.124230831861,
        "min": 0.0462823547423,
        "var": 0.0015745019773
    },
    "spectral_flux": {
        "dmean": 0.0101691847667,
        "dmean2": 0.0165468174964,
        "dvar": 0.000186219927855,
        "dvar2": 0.000495221756864,
        "max": 0.282349646091,
        "mean": 0.0611361898482,
        "median": 0.0474657639861,
        "min": 1.04190038541e-10,
        "var": 0.00256856740452
    },
    "spectral_kurtosis": {
        "dmean": 1.96496713161,
        "dmean2": 3.42729139328,
        "dvar": 7.00272369385,
        "dvar2": 21.0840091705,
        "max": 32.8899612427,
        "mean": 6.37646245956,
        "median": 5.14285421371,
        "min": -1.21979653835,
        "var": 21.7287998199
    },
    "spectral_rms": {
        "dmean": 0.000454912020359,
        "dmean2": 0.000765791279264,
        "dvar": 3.53980027512e-07,
        "dvar2": 1.07209405087e-06,
        "max": 0.0132092563435,
        "mean": 0.00306702475064,
        "median": 0.00237050885335,
        "min": 3.21163083107e-12,
        "var": 6.00495923209e-06
    },
    "spectral_rolloff": {
        "dmean": 424.538970947,
        "dmean2": 732.032653809,
        "dvar": 977505.9375,
        "dvar2": 1888951.625,
        "max": 19466.015625,
        "mean": 1517.58215332,
        "median": 1141.25976562,
        "min": 279.931640625,
        "var": 2997594.25
    },
    "spectral_skewness": {
        "dmean": 0.208129957318,
        "dmean2": 0.349675625563,
        "dvar": 0.0534541532397,
        "dvar2": 0.149632319808,
        "max": 3.77174162865,
        "mean": 1.68684065342,
        "median": 1.66117155552,
        "min": 0.00997525826097,
        "var": 0.298414826393
    },
    "spectral_spread": {
        "dmean": 322663.84375,
        "dmean2": 461692.09375,
        "dvar": 3.05877037875e+12,
        "dvar2": 2.70155435213e+12,
        "max": 41497832,
        "mean": 3742593.25,
        "median": 3387922,
        "min": 1026275.625,
        "var": 5.88229902336e+12
    },
    "spectral_strongpeak": {
        "dmean": 0.277250081301,
        "dmean2": 0.483942359686,
        "dvar": 0.178723782301,
        "dvar2": 0.494753926992,
        "max": 3.60428929329,
        "mean": 0.481238275766,
        "median": 0.241259261966,
        "min": 0,
        "var": 0.359654933214
    },
    "zerocrossingrate": {
        "dmean": 0.00766565371305,
        "dmean2": 0.0110558755696,
        "dvar": 0.000598547398113,
        "dvar2": 0.00118762941565,
        "max": 0.50390625,
        "mean": 0.0622999221087,
        "median": 0.0517578125,
        "min": 0.02099609375,
        "var": 0.00218161405064
    },
    "barkbands": {
        "dmean": [6.4225459937e-05, 0.000748320424464, 0.00132905179635, 0.00153514405247, 0.00198504677974, 0.000949055887759, 0.000950636749621, 0.000585701025557, 0.000624888460152, 0.000390853936551, 0.000159637900651, 0.000234059232753, 0.000176064422703, 0.00013911863789, 0.000155356392497, 0.000150089530507, 9.8266711575e-05, 8.80876468727e-05, 7.00369782862e-05, 6.08357622696e-05, 2.58194959315e-05, 8.43435100251e-06, 1.00523939182e-05, 1.73454245669e-05, 8.8503884399e-06, 1.02053973023e-05, 1.50931862208e-06],
        "dmean2": [0.000118247167848, 0.00138620648067, 0.00233772676438, 0.00273808906786, 0.0034747349564, 0.00157906813547, 0.00162973068655, 0.00102782191243, 0.00106302183121, 0.00066301546758, 0.000263066904154, 0.000403322250349, 0.000301142368698, 0.000233989485423, 0.000269189098617, 0.000257388193859, 0.000161670308444, 0.000142878430779, 0.00011845301924, 9.97698880383e-05, 4.40865478595e-05, 1.37465785883e-05, 1.6987491108e-05, 2.94424280582e-05, 1.55473171617e-05, 1.68360402313e-05, 2.50655307354e-06],
        "dvar": [3.86563812071e-08, 1.6525555111e-05, 1.27353341668e-05, 1.80712777365e-05, 1.51452904902e-05, 6.32164983472e-06, 4.25253256253e-06, 1.69033478414e-06, 1.96045971279e-06, 6.93499941917e-07, 1.3002875221e-07, 1.83631129858e-07, 1.15848983739e-07, 7.13638854677e-08, 9.35170234584e-08, 1.23098303106e-07, 4.57483828598e-08, 5.82396744164e-08, 1.88074391616e-08, 1.75630923138e-08, 3.0158875397e-09, 6.4864019711e-10, 1.17122322951e-09, 7.86385090379e-09, 1.70429137469e-09, 2.5758442046e-09, 4.63107746596e-11],
        "dvar2": [1.18556449991e-07, 5.02141483594e-05, 3.96221694245e-05, 5.25292634848e-05, 5.03168339492e-05, 1.74403594428e-05, 1.34507299663e-05, 5.10372819917e-06, 5.23551398146e-06, 1.82743917776e-06, 3.46648278082e-07, 5.6377649571e-07, 2.99892349176e-07, 2.01336547434e-07, 2.54779791931e-07, 3.43533457681e-07, 1.10826746891e-07, 1.50019076273e-07, 5.13911508904e-08, 4.52618742486e-08, 8.48591508174e-09, 2.02392946846e-09, 3.12591952323e-09, 1.91184792442e-08, 5.39445021985e-09, 6.96627200369e-09, 1.39655259579e-10],
        "max": [0.001714120619, 0.0700733363628, 0.0440397337079, 0.0565801821649, 0.0356013253331, 0.0355336666107, 0.0202319584787, 0.0147249624133, 0.0141898309812, 0.0106334378943, 0.00446557952091, 0.00429587531835, 0.00329800182953, 0.00395138096064, 0.00491128582507, 0.00511618377641, 0.00359013304114, 0.00408227788284, 0.0016247658059, 0.00244459696114, 0.00106303277425, 0.000689936045092, 0.000878533348441, 0.00234558572993, 0.000771562044974, 0.00148174737114, 8.84256296558e-05],
        "mean": [6.07872316323e-05, 0.00077646918362, 0.001431011362, 0.00193217163906, 0.00319140939973, 0.00143754133023, 0.0014061689144, 0.000845634378493, 0.0010719827842, 0.000633037823718, 0.00029459403595, 0.000475351320347, 0.000342979270499, 0.000292751879897, 0.000324865541188, 0.000274020974757, 0.000219625377213, 0.000202015638934, 0.000187107711099, 0.000172384010511, 6.51878290228e-05, 3.0017195968e-05, 2.94675774057e-05, 4.73103427794e-05, 1.92049537873e-05, 3.15581492032e-05, 2.25129974751e-06],
        "median": [2.71349040304e-06, 3.08201961161e-05, 0.000172994594323, 0.000396334100515, 0.000851134071127, 0.000316123710945, 0.000260068802163, 0.000135969210532, 0.000122259691125, 9.61354307947e-05, 4.29528990935e-05, 0.000146961043356, 9.78431926342e-05, 9.08211804926e-05, 7.9739591456e-05, 6.54009199934e-05, 6.44567844574e-05, 5.1092079957e-05, 4.77860667161e-05, 3.62712344213e-05, 1.56022269948e-05, 4.67851214125e-06, 3.63061599273e-06, 3.49228344021e-06, 1.24010637137e-06, 9.43122529407e-07, 1.59819091294e-08],
        "min": [4.85569959016e-24, 1.86313819405e-24, 8.12946327493e-24, 1.23086550799e-23, 4.17311868037e-23, 2.46114000138e-23, 2.47080133866e-23, 4.63086184706e-23, 3.48717130667e-23, 7.22497760688e-23, 1.31307311313e-22, 9.19330294791e-23, 3.53407476728e-23, 9.6316420296e-23, 1.10999280066e-22, 1.0424700937e-22, 1.20058722784e-22, 1.58974266224e-22, 1.9943420999e-22, 2.55091010048e-22, 3.28311892824e-22, 3.9037558134e-22, 6.7736837883e-22, 9.1869716134e-22, 1.3178055465e-21, 1.57974129436e-21, 1.97499832174e-21],
        "var": [3.35320642364e-08, 1.4621839e-05, 1.37282640935e-05, 2.57427946053e-05, 2.71910703304e-05, 8.52750054037e-06, 7.27355745767e-06, 2.59400167124e-06, 4.30628961112e-06, 1.4944588429e-06, 3.39668360994e-07, 5.09432311446e-07, 2.94975876614e-07, 2.06431849392e-07, 3.31042542712e-07, 2.68576968665e-07, 1.45857029565e-07, 1.45567440768e-07, 1.00427726579e-07, 1.00743278608e-07, 1.37206113138e-08, 5.24796117674e-09, 8.44206660133e-09, 3.50252378212e-08, 4.81316231316e-09, 1.76822041453e-08, 7.04090119541e-11]
    },
    "erbbands": {
        "dmean": [0.0200554002076, 0.186515823007, 1.03730976582, 4.09214735031, 4.90951347351, 7.73271751404, 9.51809978485, 8.00179767609, 12.0194139481, 11.5622320175, 15.3570184708, 16.5987854004, 12.0971546173, 9.34262657166, 5.97126197815, 9.43656158447, 7.58642053604, 7.09243345261, 7.06001663208, 8.07022953033, 6.65499687195, 5.1002202034, 5.02701950073, 3.09101390839, 4.12302494049, 2.3771135807, 1.69499027729, 0.643145382404, 0.343195676804, 0.255563437939, 0.282799810171, 0.268015682697, 0.357011139393, 0.120587781072, 0.0487717539072, 0.0466163083911, 0.0213033948094, 0.00304592121392, 0.000116489056381, 6.32860337646e-06],
        "dmean2": [0.0360510125756, 0.347630858421, 1.83349859715, 7.25327110291, 8.62850666046, 13.8867959976, 17.0363883972, 13.9598665237, 20.9069480896, 19.9783191681, 26.9214572906, 28.3637218475, 19.9810009003, 15.7575340271, 9.94977378845, 16.1170692444, 12.977142334, 11.5970153809, 12.232884407, 14.0388736725, 11.1914968491, 8.33480834961, 8.20369243622, 5.03630256653, 7.22520208359, 3.98253083229, 2.99313640594, 1.11401534081, 0.58233332634, 0.433492928743, 0.504163682461, 0.417798012495, 0.626585543156, 0.20300014317, 0.085723631084, 0.0819221585989, 0.0351725146174, 0.00494999298826, 0.000205597796594, 1.06031011455e-05],
        "dvar": [0.00748330913484, 1.12842786312, 9.70068073273, 138.263702393, 142.722991943, 282.19152832, 381.305725098, 505.692077637, 965.511413574, 529.369750977, 1251.51635742, 1360.90893555, 671.920166016, 463.942138672, 137.408569336, 313.864898682, 210.933502197, 216.666137695, 199.851821899, 344.622497559, 236.194702148, 120.183380127, 224.332275391, 41.2768936157, 81.1879425049, 24.9701328278, 14.8959589005, 2.37211179733, 0.98124396801, 0.462192207575, 1.259806633, 1.86712801456, 2.48487901688, 0.272396922112, 0.0729348734021, 0.0446318201721, 0.0181266386062, 0.000152294058353, 3.55705964239e-07, 1.87011989228e-10],
        "dvar2": [0.0217301137745, 3.4996547699, 31.6571884155, 404.420288086, 475.355072021, 902.84552002, 1125.7845459, 1446.79785156, 3257.03271484, 1516.55151367, 3721.06567383, 3526.28564453, 1728.89135742, 1322.34277344, 367.713470459, 930.332092285, 538.229431152, 598.890136719, 573.058776855, 971.31640625, 635.888183594, 290.885253906, 580.254455566, 100.567077637, 231.222457886, 65.4252853394, 42.2281341553, 6.44728803635, 3.08334326744, 1.22807872295, 3.68770861626, 4.16926670074, 6.73627328873, 0.906921863556, 0.206662207842, 0.14562304318, 0.043497890234, 0.000390898931073, 1.12153338705e-06, 5.13014575265e-10],
        "max": [1.2261493206, 18.0087413788, 31.4988307953, 166.180618286, 147.768432617, 145.614730835, 244.259307861, 311.462493896, 363.515686035, 208.791259766, 370.319152832, 398.420715332, 364.639282227, 287.671478271, 150.075683594, 186.228729248, 142.091949463, 227.648254395, 211.084976196, 289.180938721, 199.561141968, 182.146331787, 275.416015625, 109.488288879, 133.048355103, 83.2067718506, 48.4736442566, 38.1633644104, 26.2015228271, 22.0160923004, 25.0767269135, 39.4931564331, 40.8520622253, 10.8229722977, 4.8013420105, 4.99356412888, 4.00436735153, 0.277939081192, 0.00902123283595, 0.000309062801534],
        "mean": [0.0222000274807, 0.187317878008, 1.15016138554, 5.19059658051, 7.1226067543, 11.2191591263, 13.5595655441, 11.1167125702, 17.9145240784, 18.0810470581, 22.3560657501, 27.4369125366, 22.3942165375, 16.6114521027, 12.0795173645, 20.4122638702, 16.2125473022, 15.0458459854, 16.3062229156, 17.6849155426, 13.4660139084, 12.2126150131, 11.5510120392, 9.08291721344, 11.1967372894, 7.18274021149, 4.00104856491, 1.82606828213, 1.11015748978, 0.919973671436, 0.792575716972, 0.789969205856, 0.910880386829, 0.330943286419, 0.0905738174915, 0.128746837378, 0.0595537908375, 0.00823886040598, 0.000242766123847, 2.49365511991e-05],
        "median": [0.00120837183204, 0.0119870910421, 0.153668671846, 1.01532554626, 1.73111438751, 2.77350378036, 3.0186047554, 2.35784363747, 3.81637144089, 2.96761226654, 3.17176246643, 2.94918870926, 2.6230006218, 2.95903587341, 3.77045059204, 6.06373071671, 5.25043296814, 5.29324483871, 4.45319032669, 4.48347711563, 3.69921875, 3.97286510468, 2.91118907928, 2.51630544662, 2.23757553101, 1.54017281532, 0.946556210518, 0.394215643406, 0.187479734421, 0.141054272652, 0.0923381596804, 0.0489387698472, 0.0590530782938, 0.020017594099, 0.00471430085599, 0.00387786189094, 0.00124714639969, 0.000138899718877, 1.04049740912e-05, 8.6788650151e-06],
        "min": [2.15712966925e-22, 4.04634324243e-22, 4.63752509638e-21, 3.0511985073e-20, 1.04366689743e-19, 9.16925443865e-20, 1.68806263121e-19, 1.65519538506e-19, 3.58171919422e-19, 4.00929143779e-19, 1.15413346904e-18, 7.93640765159e-19, 2.89981770852e-18, 1.90954003343e-18, 4.23732822716e-18, 3.17890886078e-18, 2.23474567766e-18, 3.90933126195e-18, 3.02932792946e-18, 4.22087188247e-18, 6.73758957568e-18, 6.72446428731e-18, 9.78647391597e-18, 1.0086821542e-17, 1.2182524983e-17, 1.2503504975e-17, 1.48767490182e-17, 1.38490432815e-17, 1.50699519395e-17, 1.46946650587e-17, 2.15614552829e-17, 1.72100104592e-17, 1.38624651141e-17, 1.37263045679e-17, 9.70079454812e-18, 5.34878269211e-18, 3.02204357019e-18, 9.96324778955e-19, 2.33751676832e-19, 3.39894426747e-20],
        "var": [0.00758038414642, 0.933462560177, 9.82571315765, 186.009689331, 201.807159424, 403.00592041, 679.575378418, 550.891296387, 1237.49108887, 1054.40881348, 1873.84741211, 2922.41796875, 1765.06311035, 1153.25219727, 390.030517578, 962.924194336, 607.764404297, 573.978210449, 645.917114258, 1153.83166504, 556.796447754, 422.357788086, 531.345397949, 226.328521729, 413.698394775, 161.495925903, 41.8805007935, 14.5054168701, 6.67054653168, 5.65652608871, 6.65949821472, 10.4205036163, 11.5523805618, 1.18682575226, 0.164018899202, 0.251660943031, 0.0842792838812, 0.000761176168453, 7.64870776493e-07, 1.74468917091e-09]
    },
    "gfcc": {
        "mean": [-92.2051010132, 106.10849762, -133.03503418, 18.2085762024, -56.5291290283, -1.17021095753, -45.5571136475, 2.5729072094, -30.4866657257, -2.94386291504, -16.0409030914, -8.61676216125, -13.1112165451],
        "cov": [[22121.984375, 894.957519531, -963.366088867, 410.977233887, -325.676971436, -510.609893799, -228.695556641, -253.993469238, -724.055847168, 44.4045791626, -365.07635498, -264.944366455, -158.362350464], [894.957519531, 1415.75231934, -493.504211426, -300.368133545, 104.815948486, -205.219009399, 159.986312866, 82.3670806885, 35.4023551941, 86.133972168, 66.222869873, -196.08203125, 128.269042969], [-963.366088867, -493.504211426, 1100.77697754, -168.059020996, -94.027557373, -30.0263290405, -208.282852173, 33.1246528625, -183.415618896, -27.1786594391, -221.741928101, 95.6319885254, -266.765777588], [410.977233887, -300.368133545, -168.059020996, 529.808166504, 0.800186991692, 282.909790039, 93.2480239868, -23.5768108368, 88.7916030884, -53.9153137207, 136.540344238, 78.5741577148, 156.763656616], [-325.676971436, 104.815948486, -94.027557373, 0.800186991692, 139.125076294, -42.4436187744, 32.8413352966, 4.62813138962, 42.0220298767, -2.97077727318, 26.670167923, -19.2929954529, 18.6077785492], [-510.609893799, -205.219009399, -30.0263290405, 282.909790039, -42.4436187744, 374.665222168, 76.7431488037, 36.8494720459, 73.7996902466, -7.09356689453, 100.895957947, 71.9382476807, 116.677825928], [-228.695556641, 159.986312866, -208.282852173, 93.2480239868, 32.8413352966, 76.7431488037, 315.150543213, 17.3575325012, 58.6792182922, 36.3801460266, 100.346687317, -23.7064323425, 144.081085205], [-253.993469238, 82.3670806885, 33.1246528625, -23.5768108368, 4.62813138962, 36.8494720459, 17.3575325012, 131.086593628, 26.7586250305, 18.9544429779, -11.6182518005, 4.26115512848, 22.4672584534], [-724.055847168, 35.4023551941, -183.415618896, 88.7916030884, 42.0220298767, 73.7996902466, 58.6792182922, 26.7586250305, 182.579772949, 5.33608961105, 80.6571273804, 28.2112407684, 67.3731155396], [44.4045791626, 86.133972168, -27.1786594391, -53.9153137207, -2.97077727318, -7.09356689453, 36.3801460266, 18.9544429779, 5.33608961105, 72.0184020996, 19.7584152222, -14.41248703, 21.8947925568], [-365.07635498, 66.222869873, -221.741928101, 136.540344238, 26.670167923, 100.895957947, 100.346687317, -11.6182518005, 80.6571273804, 19.7584152222, 148.009719849, 19.8947486877, 119.267776489], [-264.944366455, -196.08203125, 95.6319885254, 78.5741577148, -19.2929954529, 71.9382476807, -23.7064323425, 4.26115512848, 28.2112407684, -14.41248703, 19.8947486877, 110.80632019, -1.25911200047], [-158.362350464, 128.269042969, -266.765777588, 156.763656616, 18.6077785492, 116.677825928, 144.081085205, 22.4672584534, 67.3731155396, 21.8947925568, 119.267776489, -1.25911200047, 195.834442139]],
        "icov": [[0.000114006536023, -0.000179736976861, 0.000283479748759, -0.00059523107484, 0.000254778395174, 0.000180249495315, 2.00565555133e-05, 6.95045455359e-05, 0.000532046717126, -0.000589176896028, 0.000665460422169, -0.000266176648438, 0.00039405800635], [-0.000179736976861, 0.00176177395042, -0.00013902450155, 0.00190191005822, -0.000659017532598, 0.000105527535197, -0.000130494867335, -0.00107979180757, -0.000731737236492, 0.00114298705012, -0.00200891355053, 0.00196892069653, -0.00143140472937], [0.000283479748759, -0.00013902450155, 0.00287844287232, -0.00121681147721, 0.000524934963323, -0.000217887019971, -0.000205477961572, -0.000659390410874, 0.00276870606467, -0.00198112195358, 0.00309534883127, -0.00246085459366, 0.00289013446309], [-0.00059523107484, 0.00190191005822, -0.00121681147721, 0.00850890669972, -0.00192287471145, -0.00321409944445, -0.000174171247636, 0.00038662890438, -0.00273455493152, 0.00684579880908, -0.00503800995648, 0.00109558226541, -0.00476375129074], [0.000254778395174, -0.000659017532598, 0.000524934963323, -0.00192287471145, 0.00983395054936, 0.00248725060374, -0.000495335203595, -0.000824363902211, -0.000787624507211, 0.000437615904957, -0.000754304579459, 0.000787962984759, 0.00162118882872], [0.000180249495315, 0.000105527535197, -0.000217887019971, -0.00321409944445, 0.00248725060374, 0.00648137787357, -0.000116686693218, -0.00200382224284, 6.81410529069e-05, -0.00099195947405, -0.0012837392278, -0.000560067303013, -0.000563808658626], [2.00565555133e-05, -0.000130494867335, -0.000205477961572, -0.000174171247636, -0.000495335203595, -0.000116686693218, 0.00515966303647, 0.000163390213856, -0.000223154333071, -0.00135822012089, -0.000769166625105, 0.0011887854198, -0.00303235161118], [6.95045455359e-05, -0.00107979180757, -0.000659390410874, 0.00038662890438, -0.000824363902211, -0.00200382224284, 0.000163390213856, 0.011198701337, -0.00218020030297, -0.00279462314211, 0.0058593978174, -0.00158356898464, -0.00309323752299], [0.000532046717126, -0.000731737236492, 0.00276870606467, -0.00273455493152, -0.000787624507211, 6.81410529069e-05, -0.000223154333071, -0.00218020030297, 0.0117618441582, -0.00251747923903, -1.36229709824e-05, -0.00389780942351, 0.00353684322909], [-0.000589176896028, 0.00114298705012, -0.00198112195358, 0.00684579880908, 0.000437615904957, -0.00099195947405, -0.00135822012089, -0.00279462314211, -0.00251747923903, 0.0230578072369, -0.00914673320949, 0.00324710807763, -0.0036548206117], [0.000665460422169, -0.00200891355053, 0.00309534883127, -0.00503800995648, -0.000754304579459, -0.0012837392278, -0.000769166625105, 0.0058593978174, -1.36229709824e-05, -0.00914673320949, 0.0258611459285, -0.00662469537929, -0.00393182132393], [-0.000266176648438, 0.00196892069653, -0.00246085459366, 0.00109558226541, 0.000787962984759, -0.000560067303013, 0.0011887854198, -0.00158356898464, -0.00389780942351, 0.00324710807763, -0.00662469537929, 0.0166277438402, -0.00104873988312], [0.00039405800635, -0.00143140472937, 0.00289013446309, -0.00476375129074, 0.00162118882872, -0.000563808658626, -0.00303235161118, -0.00309323752299, 0.00353684322909, -0.0036548206117, -0.00393182132393, -0.00104873988312, 0.018460245803]]
    },
    "melbands": {
        "dmean": [0.000190118109458, 0.000459044240415, 0.000630020396784, 0.000430923246313, 0.000331191549776, 0.00018229597481, 0.000187863988685, 0.000112426416308, 0.000127210223582, 0.000108643784188, 6.23107989668e-05, 3.96967298002e-05, 1.90847895283e-05, 2.72371617029e-05, 2.58204090642e-05, 1.59970641107e-05, 1.40559177453e-05, 1.25535816551e-05, 1.24232019516e-05, 1.15690818348e-05, 7.68872178014e-06, 5.73610486754e-06, 5.78184926781e-06, 4.43562066721e-06, 2.83886288344e-06, 2.95213317258e-06, 3.43865167451e-06, 1.4880922663e-06, 1.48257049659e-06, 6.46584510378e-07, 3.44815532571e-07, 2.46281956606e-07, 1.78183270805e-07, 1.55340003971e-07, 1.74270894604e-07, 2.06051822715e-07, 2.265181962e-07, 3.13690861731e-07, 1.66251354017e-07, 9.80761711844e-08],
        "dmean2": [0.00035385103547, 0.000821855966933, 0.00111421360634, 0.000763007963542, 0.00060293788556, 0.000315831304761, 0.000323247397318, 0.000193776446395, 0.000223210794502, 0.000184593474842, 0.000101527490187, 6.76867275615e-05, 3.13568125421e-05, 4.73906293337e-05, 4.37811759184e-05, 2.70033615379e-05, 2.32910369959e-05, 2.17634660657e-05, 2.13081257243e-05, 2.01922030101e-05, 1.27167813844e-05, 9.47926218942e-06, 9.44398288993e-06, 7.49004448153e-06, 4.63538663098e-06, 5.09796245751e-06, 5.90735498918e-06, 2.50766083809e-06, 2.62137950813e-06, 1.10832411337e-06, 6.07281776865e-07, 4.22625276997e-07, 3.01512756096e-07, 2.70731220553e-07, 3.0643957416e-07, 3.6446976992e-07, 3.48587860799e-07, 5.38070366929e-07, 2.88665319204e-07, 1.7294702559e-07],
        "dvar": [8.73559372394e-07, 2.36939695242e-06, 3.10028735839e-06, 8.88645899977e-07, 4.40184095396e-07, 2.49073650593e-07, 2.00252657123e-07, 4.66358116569e-08, 8.65578400067e-08, 5.98790208528e-08, 1.7950000597e-08, 7.95111443352e-09, 1.73725733799e-09, 2.76976841462e-09, 2.84303625087e-09, 8.47816483684e-10, 9.07150743412e-10, 5.98858462819e-10, 6.49553300036e-10, 8.27031720885e-10, 3.16607601247e-10, 1.29158572726e-10, 2.56246857067e-10, 1.42487119326e-10, 3.42746733772e-11, 4.10621710245e-11, 6.48417916582e-11, 8.74789823913e-12, 1.33299005514e-11, 2.27355634319e-12, 9.29519699058e-13, 5.36745561192e-13, 2.46473224859e-13, 1.83832143301e-13, 4.05806654556e-13, 7.50680604917e-13, 1.82691253618e-12, 2.48945395548e-12, 3.18868249947e-13, 1.96697015229e-13],
        "dvar2": [2.57371516454e-06, 7.84323128755e-06, 9.06230798137e-06, 2.97354472423e-06, 1.35121001676e-06, 7.09121650289e-07, 6.63670391532e-07, 1.33993552254e-07, 2.54286078416e-07, 1.56678282792e-07, 4.59088838056e-08, 2.27480523307e-08, 4.56697657469e-09, 8.659973183e-09, 7.15319758982e-09, 2.21547535872e-09, 2.48059417451e-09, 1.74925529617e-09, 1.64561408944e-09, 2.3131068172e-09, 8.44842806824e-10, 3.2111885373e-10, 6.45643594144e-10, 3.85560056104e-10, 8.63778423787e-11, 1.1687356638e-10, 1.8354189002e-10, 2.29037656896e-11, 3.75351902338e-11, 6.67232328416e-12, 2.65249129085e-12, 1.76916044748e-12, 7.78555605402e-13, 4.76639940624e-13, 1.16768205348e-12, 2.14396187435e-12, 4.30595446452e-12, 6.20823097791e-12, 1.05239428283e-12, 6.40762453947e-13],
        "max": [0.0159090925008, 0.0189047697932, 0.025703638792, 0.00901263765991, 0.00746048474684, 0.00658209435642, 0.00497432705015, 0.00186518905684, 0.00298059522174, 0.00267740013078, 0.00183687766548, 0.00114953308366, 0.000629569462035, 0.000586646026932, 0.000770555227064, 0.000324478984112, 0.000498276203871, 0.000322388368659, 0.000427573366323, 0.000413371686591, 0.000198924535653, 0.000156392998178, 0.000308255577693, 0.000199201182113, 8.82861932041e-05, 7.93737344793e-05, 0.000121742414194, 4.27789709647e-05, 4.64714066766e-05, 2.67190371233e-05, 2.19919493247e-05, 1.59685296239e-05, 1.09694974526e-05, 1.2626125681e-05, 1.38995446832e-05, 1.84524269571e-05, 3.34172873409e-05, 3.95641473006e-05, 1.00248980743e-05, 8.48486797622e-06],
        "mean": [0.000208661906072, 0.000494636246003, 0.000916343356948, 0.000655393581837, 0.000491800252348, 0.000257969251834, 0.00028667569859, 0.000184143369552, 0.000178893416887, 0.000171188366949, 0.000107784857391, 6.80996163283e-05, 3.66440217476e-05, 5.37962296221e-05, 4.72934807476e-05, 3.12006595777e-05, 2.68844414677e-05, 2.54579208558e-05, 2.49931381404e-05, 2.13822186197e-05, 1.45438752952e-05, 1.24370553749e-05, 1.19485121104e-05, 9.25769745663e-06, 6.98724124959e-06, 7.39475854061e-06, 8.24877952255e-06, 4.00669068767e-06, 2.93778066407e-06, 1.46889533426e-06, 8.84393443812e-07, 6.36639640561e-07, 5.19865409387e-07, 5.06197125105e-07, 4.41040953092e-07, 4.67371478408e-07, 4.97476833061e-07, 7.15726173439e-07, 4.54250510984e-07, 2.172048994e-07],
        "median": [8.77955062606e-06, 6.06382600381e-05, 0.00020658475114, 0.000166867306689, 0.000113991598482, 5.6754637626e-05, 5.80852938583e-05, 2.92107706628e-05, 2.46699491981e-05, 1.82158146345e-05, 1.34666033773e-05, 1.19686046673e-05, 7.01585122442e-06, 1.60540439538e-05, 1.40452866617e-05, 9.17593206395e-06, 8.93758442544e-06, 6.67909807817e-06, 5.6766225498e-06, 5.16879481438e-06, 4.00174849347e-06, 3.98886277253e-06, 3.27292036673e-06, 2.18976833821e-06, 1.91570916286e-06, 1.55507586896e-06, 1.55628686116e-06, 7.8615420307e-07, 6.85829320446e-07, 3.21821659099e-07, 1.61975961532e-07, 1.00712519213e-07, 7.9436134115e-08, 7.02369220562e-08, 4.78975046292e-08, 3.27485771834e-08, 2.48141684978e-08, 3.81307074804e-08, 3.34148531067e-08, 1.1573150438e-08],
        "min": [2.11312880656e-24, 2.0746507354e-24, 8.22595121883e-24, 8.00842755738e-24, 5.74301664724e-24, 4.12727529104e-24, 5.53852378466e-24, 4.97612551823e-24, 9.63874351324e-24, 5.07666505174e-24, 1.40060029134e-23, 6.26660611258e-24, 1.6668660904e-23, 8.02368176071e-24, 8.43555313907e-24, 3.20262105289e-24, 7.70087830057e-24, 2.29977093016e-24, 8.16434907074e-24, 3.75904843112e-24, 7.72833697096e-24, 6.16292572937e-24, 7.30446228506e-24, 8.63860672494e-24, 7.48400308278e-24, 7.34014956355e-24, 8.14514819631e-24, 8.55249545738e-24, 8.32056009606e-24, 5.4976067528e-24, 7.75194600013e-24, 7.93194118173e-24, 8.62295493571e-24, 9.0165768059e-24, 1.30297835989e-23, 1.13412994065e-23, 9.56598292764e-24, 8.84731092146e-24, 9.6445313857e-24, 1.05023702885e-23],
