{
"metadata": {
    "version": {
        "essentia": "2.0.1",
        "extractor": "archive-music 1.0"
    },
    "audio_properties": {
        "analysis_sample_rate": 44100,
        "bitrate": 128,
        "channels": 2,
        "equal_loudness": 0,
        "length": 16.0914287567,
        "replay_gain": 4.86966133118,
        "downmix": "mix"
    },
    "tags": {
        "track": 0,
        "year": 0,
        "album": "",
        "artist": "",
        "comment": "",
        "genre": "",
        "title": ""
    }
},
"highlevel": {
    "culture": {
        "all": {
            "non_western": 0.836954534054,
            "western": 0.163045495749
        },
        "probability": 0.836954534054,
        "value": "non_western"
    },
    "danceability": {
        "all": {
            "danceable": 3.00000096379e-14,
            "not_danceable": 1
        },
        "probability": 1,
        "value": "not_danceable"
    },
    "gender": {
        "all": {
            "female": 0.449779212475,
            "male": 0.550220787525
        },
        "probability": 0.550220787525,
        "value": "male"
    },
    "genre_dortmund": {
        "all": {
            "alternative": 0.0366224125028,
            "blues": 0.0063914982602,
            "electronic": 0.419020146132,
            "folkcountry": 0.0192532930523,
            "funksoulrnb": 0.087211586535,
            "jazz": 0.1503508389,
            "pop": 0.095809571445,
            "raphiphop": 0.0483702532947,
            "rock": 0.13697040081
        },
        "probability": 0.419020146132,
        "value": "electronic"
    },
    "genre_electronic": {
        "all": {
            "ambient": 0.191438525915,
            "dnb": 0.722247362137,
            "house": 0.0551804602146,
            "techno": 0.00754529656842,
            "trance": 0.0235883314162
        },
        "probability": 0.722247362137,
        "value": "dnb"
    },
    "genre_rosamerica": {
        "all": {
            "cla": 0.0140772648156,
            "dan": 0.17217476666,
            "hip": 0.193143159151,
            "jaz": 0.0898249223828,
            "pop": 0.424204707146,
            "rhy": 0.0751838237047,
            "roc": 0.0233050417155,
            "spe": 0.00808631535619
        },
        "probability": 0.424204707146,
        "value": "pop"
    },
    "genre_tzanetakis": {
        "all": {
            "blu": 0.00306183705106,
            "cla": 0.00276033137925,
            "cou": 0.00261591910385,
            "dis": 0.0297104027122,
            "hip": 0.0149295590818,
            "jaz": 0.00941520463675,
            "met": 0.0143678458408,
            "pop": 0.864799261093,
            "reg": 0.0228054467589,
            "roc": 0.0355342067778
        },
        "probability": 0.864799261093,
        "value": "pop"
    },
    "mirex_ballroom": {
        "all": {
            "ChaChaCha": 0.607945680618,
            "Jive": 0.138932064176,
            "Quickstep": 0.0835205987096,
            "Rumba-American": 0.00458688428625,
            "Rumba-International": 0.00584405241534,
            "Rumba-Misc": 0.00426389509812,
            "Samba": 0.143742218614,
            "Tango": 0.00386296445504,
            "VienneseWaltz": 0.00447474047542,
            "Waltz": 0.00282693654299
        },
        "probability": 0.607945680618,
        "value": "ChaChaCha"
    },
    "mood_acoustic": {
        "all": {
            "acoustic": 0.0111760925502,
            "not_acoustic": 0.988823890686
        },
        "probability": 0.988823890686,
        "value": "not_acoustic"
    },
    "mood_aggressive": {
        "all": {
            "aggressive": 3.00000096379e-14,
            "not_aggressive": 1
        },
        "probability": 1,
        "value": "not_aggressive"
    },
    "mood_electronic": {
        "all": {
            "electronic": 0.950704753399,
            "not_electronic": 0.0492952652276
        },
        "probability": 0.950704753399,
        "value": "electronic"
    },
    "mood_happy": {
        "all": {
            "happy": 0.745033681393,
            "not_happy": 0.254966288805
        },
        "probability": 0.745033681393,
        "value": "happy"
    },
    "mood_party": {
        "all": {
            "not_party": 5.69860425514e-09,
            "party": 1
        },
        "probability": 1,
        "value": "party"
    },
    "mood_relaxed": {
        "all": {
            "not_relaxed": 0.0180546380579,
            "relaxed": 0.981945335865
        },
        "probability": 0.981945335865,
        "value": "relaxed"
    },
    "mood_sad": {
        "all": {
            "not_sad": 0.731765687466,
            "sad": 0.268234282732
        },
        "probability": 0.731765687466,
        "value": "not_sad"
    },
    "moods_mirex": {
        "all": {
            "Cluster1": 0.1089181602,
            "Cluster2": 0.0481648631394,
            "Cluster3": 0.198151186109,
            "Cluster4": 0.0408951155841,
            "Cluster5": 0.603870689869
        },
        "probability": 0.603870689869,
        "value": "Cluster5"
    },
    "timbre": {
        "all": {
            "bright": 0.317975223064,
            "dark": 0.682024776936
        },
        "probability": 0.682024776936,
        "value": "dark"
    },
    "tonal_atonal": {
        "all": {
            "atonal": 0.986190974712,
            "tonal": 0.0138090383261
        },
        "probability": 0.986190974712,
        "value": "atonal"
    },
    "voice_instrumental": {
        "all": {
            "instrumental": 0.652564942837,
            "voice": 0.347435057163
        },
        "probability": 0.652564942837,
        "value": "instrumental"
    }
},
"lowlevel": {
    "average_loudness": 0.781510949135,
    "barkbands_kurtosis": {
        "dmean": 1.71946144104,
        "dmean2": 2.9602792263,
        "dvar": 5.31575012207,
        "dvar2": 14.2203197479,
        "max": 23.9891395569,
        "mean": 0.824110925198,
        "median": 0.150483250618,
        "min": -1.89976704121,
        "var": 7.26903438568
    },
    "barkbands_skewness": {
        "dmean": 0.610712647438,
        "dmean2": 0.99682611227,
        "dvar": 0.366449058056,
        "dvar2": 0.955589711666,
        "max": 3.14620065689,
        "mean": -0.473588764668,
        "median": -0.645343542099,
        "min": -4.64818334579,
        "var": 1.4818354845
    },
    "barkbands_spread": {
        "dmean": 10.4255208969,
        "dmean2": 17.2516689301,
        "dvar": 94.9742202759,
        "dvar2": 264.78616333,
        "max": 115.624687195,
        "mean": 38.5573806763,
        "median": 34.3801231384,
        "min": 5.56974220276,
        "var": 430.645385742
    },
    "dissonance": {
        "dmean": 0.0100286556408,
        "dmean2": 0.0171536523849,
        "dvar": 0.000114396323625,
        "dvar2": 0.000318889535265,
        "max": 0.499970316887,
        "mean": 0.482052773237,
        "median": 0.486572742462,
        "min": 0.382011532784,
        "var": 0.000229057797696
    },
    "dynamic_complexity": 4.78081989288,
    "erbbands_kurtosis": {
        "dmean": 1.75307750702,
        "dmean2": 3.06206250191,
        "dvar": 15.1247196198,
        "dvar2": 41.029258728,
        "max": 47.5355415344,
        "mean": 0.949845433235,
        "median": 0.336874604225,
        "min": -1.67140340805,
        "var": 11.9175777435
    },
    "erbbands_skewness": {
        "dmean": 0.519121468067,
        "dmean2": 0.86512953043,
        "dvar": 0.365709334612,
        "dvar2": 0.895303428173,
        "max": 1.56149303913,
        "mean": -0.784115314484,
        "median": -0.808890402317,
        "min": -6.53622913361,
        "var": 0.576636254787
    },
    "erbbands_spread": {
        "dmean": 11.582482338,
        "dmean2": 19.4442501068,
        "dvar": 127.901107788,
        "dvar2": 342.8074646,
        "max": 108.796554565,
        "mean": 40.4117279053,
        "median": 36.3683319092,
        "min": 3.87510085106,
        "var": 347.861480713
    },
    "hfc": {
        "dmean": 37.518901825,
        "dmean2": 61.7915115356,
        "dvar": 6441.77978516,
        "dvar2": 15714.3857422,
        "max": 1894.25134277,
        "mean": 81.3379669189,
        "median": 34.4368438721,
        "min": 1.19202470211e-16,
        "var": 23019.4472656
    },
    "melbands_kurtosis": {
        "dmean": 2.70927858353,
        "dmean2": 4.50457048416,
        "dvar": 17.9583129883,
        "dvar2": 48.0770874023,
        "max": 40.669002533,
        "mean": 2.72252655029,
        "median": -0.21731364727,
        "min": -1.9076410532,
        "var": 41.9199142456
    },
    "melbands_skewness": {
        "dmean": 0.637388527393,
        "dmean2": 1.02185344696,
        "dvar": 0.401302844286,
        "dvar2": 1.06924426556,
        "max": 5.44212293625,
        "mean": 1.09556818008,
        "median": 0.832171857357,
        "min": -2.17230701447,
        "var": 2.15067243576
    },
    "melbands_spread": {
        "dmean": 23.0290203094,
        "dmean2": 38.8738441467,
        "dvar": 439.856964111,
        "dvar2": 1139.1126709,
        "max": 233.67906189,
        "mean": 85.2599487305,
        "median": 84.1721191406,
        "min": 8.89892196655,
        "var": 1890.39807129
    },
    "pitch_salience": {
        "dmean": 0.0699480623007,
        "dmean2": 0.115938968956,
        "dvar": 0.00372248957865,
        "dvar2": 0.00964149832726,
        "max": 0.988694012165,
        "mean": 0.558826744556,
        "median": 0.560610175133,
        "min": 0.218495801091,
        "var": 0.0142190847546
    },
    "silence_rate_20dB": {
        "dmean": 0,
        "dmean2": 0,
        "dvar": 0,
        "dvar2": 0,
        "max": 1,
        "mean": 1,
        "median": 1,
        "min": 1,
        "var": 0
    },
    "silence_rate_30dB": {
        "dmean": 0.00577200576663,
        "dmean2": 0.0115606933832,
        "dvar": 0.00573869561777,
        "dvar2": 0.0143172051758,
        "max": 1,
        "mean": 0.988472640514,
        "median": 1,
        "min": 0,
        "var": 0.0113945165649
    },
    "silence_rate_60dB": {
        "dmean": 0.0375180393457,
        "dmean2": 0.0751445069909,
        "dvar": 0.0361104644835,
        "dvar2": 0.0752774104476,
        "max": 1,
        "mean": 0.167146980762,
        "median": 0,
        "min": 0,
        "var": 0.13920943439
    },
    "spectral_centroid": {
        "dmean": 434.830230713,
        "dmean2": 704.011535645,
        "dvar": 278410.375,
        "dvar2": 510570.3125,
        "max": 10921.3105469,
        "mean": 3284.0871582,
        "median": 3434.47119141,
        "min": 867.567687988,
        "var": 844399.1875
    },
    "spectral_complexity": {
        "dmean": 3.40548348427,
        "dmean2": 5.29479789734,
        "dvar": 13.1963472366,
        "dvar2": 30.5922622681,
        "max": 57,
        "mean": 17.141210556,
        "median": 14,
        "min": 0,
        "var": 145.980178833
    },
    "spectral_crest": {
        "dmean": 2.53839373589,
        "dmean2": 4.26466941833,
        "dvar": 5.73682689667,
        "dvar2": 14.9200658798,
        "max": 22.8966560364,
        "mean": 8.03991699219,
        "median": 6.8243727684,
        "min": 2.85464549065,
        "var": 15.4643964767
    },
    "spectral_decrease": {
        "dmean": 7.21006865323e-10,
        "dmean2": 1.18148157924e-09,
        "dvar": 1.17876670088e-18,
        "dvar2": 2.62299054959e-18,
        "max": 4.64833212932e-29,
        "mean": -2.13048045872e-09,
        "median": -1.6664554181e-09,
        "min": -2.2031038327e-08,
        "var": 4.8197700847e-18
    },
    "spectral_energy": {
        "dmean": 0.00583399878815,
        "dmean2": 0.00963415205479,
        "dvar": 0.000117785704788,
        "dvar2": 0.000274539139355,
        "max": 0.245569482446,
        "mean": 0.0154185211286,
        "median": 0.0100325942039,
        "min": 1.06470544467e-20,
        "var": 0.000465913588414
    },
    "spectral_energyband_high": {
        "dmean": 0.0047461153008,
        "dmean2": 0.00778772169724,
        "dvar": 9.32389011723e-05,
        "dvar2": 0.000227110649575,
        "max": 0.232783690095,
        "mean": 0.0095256222412,
        "median": 0.00320172635838,
        "min": 7.7291497943e-21,
        "var": 0.000345867651049
    },
    "spectral_energyband_low": {
        "dmean": 0.000191588740563,
        "dmean2": 0.000257215695456,
        "dvar": 1.7539777275e-07,
        "dvar2": 2.98562724765e-07,
        "max": 0.0114231677726,
        "mean": 0.000913549680263,
        "median": 2.24793220696e-05,
        "min": 4.56371873997e-23,
        "var": 2.78233483186e-06
    },
    "spectral_energyband_middle_high": {
        "dmean": 0.0015726153506,
        "dmean2": 0.00254031410441,
        "dvar": 7.279680176e-06,
        "dvar2": 1.63419463206e-05,
        "max": 0.0533826686442,
        "mean": 0.00334750092588,
        "median": 0.00232272245921,
        "min": 1.27970939603e-21,
        "var": 1.68322603713e-05
    },
    "spectral_energyband_middle_low": {
        "dmean": 0.00084078888176,
        "dmean2": 0.00136217975523,
        "dvar": 1.23554593756e-06,
        "dvar2": 3.32624540533e-06,
        "max": 0.0132920080796,
        "mean": 0.00175184023101,
        "median": 0.00126644549891,
        "min": 3.32153405618e-22,
        "var": 2.94056826533e-06
    },
    "spectral_flatness_db": {
        "dmean": 0.02097116597,
        "dmean2": 0.0329323299229,
        "dvar": 0.000371308997273,
        "dvar2": 0.000989865045995,
        "max": 0.297339856625,
        "mean": 0.11775714159,
        "median": 0.113810837269,
        "min": 0.0423095189035,
        "var": 0.00133590993937
    },
    "spectral_flux": {
        "dmean": 0.0155207151547,
        "dmean2": 0.0256071947515,
        "dvar": 0.000330701936036,
        "dvar2": 0.000687870313413,
        "max": 0.353792816401,
        "mean": 0.0746295675635,
        "median": 0.0682949647307,
        "min": 1.04426828296e-10,
        "var": 0.00237890542485
    },
    "spectral_kurtosis": {
        "dmean": 0.943714916706,
        "dmean2": 1.58067893982,
        "dvar": 1.40230286121,
        "dvar2": 4.24552965164,
        "max": 11.0443515778,
        "mean": 1.70172607899,
        "median": 1.30935668945,
        "min": -1.19466078281,
        "var": 1.86777079105
    },
    "spectral_rms": {
        "dmean": 0.00064745103009,
        "dmean2": 0.00105317705311,
        "dvar": 5.36593802281e-07,
        "dvar2": 1.26887653096e-06,
        "max": 0.0154783716425,
        "mean": 0.00335437036119,
        "median": 0.00312856119126,
        "min": 3.2229442639e-12,
        "var": 3.79065659217e-06
    },
    "spectral_rolloff": {
        "dmean": 1430.76245117,
        "dmean2": 2449.21630859,
        "dvar": 2627891.5,
        "dvar2": 6651956.5,
        "max": 19681.3476562,
        "mean": 6907.78076172,
        "median": 7568.92089844,
        "min": 366.064453125,
        "var": 9814414
    },
    "spectral_skewness": {
        "dmean": 0.254833817482,
        "dmean2": 0.425948172808,
        "dvar": 0.0807288065553,
        "dvar2": 0.221383392811,
        "max": 2.02510857582,
        "mean": 0.945664823055,
        "median": 0.934310495853,
        "min": -0.737004458904,
        "var": 0.0850466117263
    },
    "spectral_spread": {
        "dmean": 1018841.1875,
        "dmean2": 1625599.625,
        "dvar": 3.56374256026e+12,
        "dvar2": 4.70721442611e+12,
        "max": 40298112,
        "mean": 6087563.5,
        "median": 6158297,
        "min": 1559038,
        "var": 5.10412613222e+12
    },
    "spectral_strongpeak": {
        "dmean": 3.061429739,
        "dmean2": 5.30871248245,
        "dvar": 33.0652732849,
        "dvar2": 86.6474914551,
        "max": 53.4373779297,
        "mean": 3.53585529327,
        "median": 0.866384744644,
        "min": 0,
        "var": 37.9368133545
    },
    "zerocrossingrate": {
        "dmean": 0.0210841670632,
        "dmean2": 0.0289172567427,
        "dvar": 0.00069569417974,
        "dvar2": 0.00142707990017,
        "max": 0.5146484375,
        "mean": 0.209102571011,
        "median": 0.21728515625,
        "min": 0.04150390625,
        "var": 0.00751889590174
    },
    "barkbands": {
        "dmean": [9.17866418604e-06, 8.95871635294e-05, 0.000128059327835, 5.27427182533e-05, 4.18647687184e-05, 0.00043576565804, 2.43291215156e-05, 4.50021398137e-05, 0.0005110144848, 0.000116886389151, 7.5755873695e-05, 6.76947456668e-05, 7.62515555834e-05, 0.000122668177937, 0.000467011122964, 0.000110010674689, 0.00017029348237, 0.000240777691943, 0.000486596953124, 0.0010050390847, 0.000918561476283, 0.000900473329239, 0.000778556102887, 0.00165704579558, 0.000632935028989, 0.000453761807876, 2.35050447372e-05],
        "dmean2": [1.51992489918e-05, 0.000132322922582, 0.000172432817635, 8.06899188319e-05, 6.11261493759e-05, 0.000648213026579, 3.83552214771e-05, 7.00638702256e-05, 0.000885962392204, 0.000192711959244, 0.0001229870104, 0.000119267773698, 0.000136517657666, 0.000207016666536, 0.000726819213014, 0.000176451838342, 0.000291357631795, 0.000397570547648, 0.000826764910016, 0.0016784114996, 0.0015215392923, 0.00149851618335, 0.00130167021416, 0.00282783783041, 0.00101441005245, 0.000732972985134, 3.98682677769e-05],
        "dvar": [1.34682473507e-10, 4.25931538928e-08, 9.47851930277e-08, 1.36313547117e-08, 6.98271307442e-09, 4.55392722643e-07, 2.15851181373e-09, 1.49743684119e-08, 9.43000145526e-07, 3.71685295875e-08, 2.92396382662e-08, 1.26378125742e-07, 6.39530242097e-08, 6.61404726543e-08, 9.01825899291e-07, 4.14098870749e-08, 1.59550808121e-07, 3.68171271248e-07, 8.04989213066e-07, 8.07005835668e-06, 5.23530934515e-06, 2.81023631032e-06, 4.14606893173e-06, 1.77115052793e-05, 2.24121413339e-06, 1.57796671374e-06, 1.25038042142e-08],
        "dvar2": [3.37890992963e-10, 8.23598682587e-08, 1.54465851665e-07, 3.10164125494e-08, 1.34802924379e-08, 9.80581717158e-07, 4.07663813817e-09, 3.76637991906e-08, 2.79024925476e-06, 9.89920820871e-08, 7.56429869853e-08, 3.64466473002e-07, 1.82110255764e-07, 1.9865530021e-07, 1.99227270059e-06, 9.66154303228e-08, 3.3084964457e-07, 9.30020291889e-07, 2.12425720747e-06, 2.1716898118e-05, 1.47230830407e-05, 7.39045526643e-06, 9.61775458563e-06, 4.91160317324e-05, 5.6663407122e-06, 4.00121143684e-06, 2.9535685897e-08],
        "max": [0.000180621689651, 0.00771013787016, 0.00479397224262, 0.00173508329317, 0.00181635539047, 0.0124519122764, 0.000936493393965, 0.00225039245561, 0.00859696511179, 0.00185093935579, 0.00227736169472, 0.00673208944499, 0.00373047171161, 0.00274154241197, 0.0101686818525, 0.00214201724157, 0.00693970825523, 0.0113103929907, 0.0121733453125, 0.0402415394783, 0.046398550272, 0.024949092418, 0.0362288765609, 0.0670633763075, 0.0368130542338, 0.0224798694253, 0.00187312171329],
        "mean": [1.76844714588e-05, 0.000560444954317, 0.000270244403509, 9.72487032413e-05, 9.09403897822e-05, 0.0008017498767, 3.61634156434e-05, 7.2130074841e-05, 0.000598157232162, 0.000179102324182, 0.000103927013697, 8.03039001767e-05, 9.39042511163e-05, 0.000159349438036, 0.000588738534134, 0.000172092899447, 0.000266256945906, 0.000358398770913, 0.000821967318188, 0.00143450323958, 0.00150387105532, 0.00138892699033, 0.00137349043507, 0.00241111172363, 0.00121134927031, 0.000700755917933, 2.57099763985e-05],
        "median": [8.2983278844e-06, 5.38821495866e-06, 3.16892487717e-06, 6.10369806964e-06, 1.40568681672e-05, 0.000341261969879, 1.79934795597e-05, 2.0195649995e-05, 0.000280802429188, 9.35843418119e-05, 4.48396676802e-05, 3.8190788473e-05, 3.85271268897e-05, 8.68658171385e-05, 0.000159468938364, 7.6614858699e-05, 0.000103006525023, 0.000155341112986, 0.000465578894364, 0.00056436820887, 0.000387219479308, 0.000497997098137, 0.000385515450034, 0.000536658335477, 0.000180658331374, 0.000158711744007, 4.00664021072e-07],
        "min": [1.87215183709e-23, 1.10109820462e-23, 5.76461447554e-24, 3.23700805195e-23, 8.20990389475e-23, 9.14386345726e-23, 4.2232955982e-23, 2.9374267636e-23, 1.79557458466e-23, 5.54568774608e-23, 3.24138181235e-23, 4.50401490677e-23, 5.2629994407e-23, 1.10139333326e-22, 1.26050973329e-22, 8.29840714634e-23, 9.12158350094e-23, 2.236623372e-22, 1.77823232963e-22, 3.37861729346e-22, 4.42565962497e-22, 4.86401031869e-22, 4.34559567045e-22, 6.35041863945e-22, 1.12907407115e-21, 1.65485094996e-21, 2.34373366878e-21],
        "var": [5.69881475343e-10, 1.31287879412e-06, 3.37156677688e-07, 3.86588325796e-08, 3.18915596154e-08, 1.79642427156e-06, 4.16856238417e-09, 3.34763754495e-08, 9.00613770227e-07, 5.94485101146e-08, 3.7605389025e-08, 7.92871404087e-08, 4.77467096971e-08, 5.90947450974e-08, 1.35388313538e-06, 7.09497243179e-08, 2.85567296032e-07, 4.93085963171e-07, 1.50039829805e-06, 1.07917230707e-05, 1.18085217764e-05, 5.95842584517e-06, 1.01995501609e-05, 2.71725566563e-05, 8.02582144388e-06, 3.10211567012e-06, 1.58714463794e-08]
    },
    "erbbands": {
        "dmean": [0.00261646602303, 0.021058337763, 0.0960345119238, 0.204731419683, 0.0909472629428, 0.174951538444, 1.25254881382, 4.81283664703, 0.594967186451, 0.39717233181, 2.00354504585, 15.3154058456, 4.03011512756, 4.54220199585, 1.93911755085, 3.17358827591, 3.53209161758, 6.07144260406, 10.5639743805, 22.4702377319, 6.94768047333, 9.31743431091, 10.4007978439, 23.7730903625, 24.4413433075, 47.5630912781, 39.8446464539, 35.7467193604, 31.9492588043, 26.3290939331, 21.0068778992, 36.6735420227, 21.91938591, 8.18620109558, 4.64159727097, 2.52144217491, 0.708250522614, 0.079931423068, 0.00231371889822, 8.28385309433e-05],
        "dmean2": [0.00403630640358, 0.030874826014, 0.140089184046, 0.281063616276, 0.142435625196, 0.25042450428, 1.98704779148, 6.98906707764, 0.861717164516, 0.639486551285, 3.31981778145, 26.6506900787, 6.82893228531, 7.16426515579, 3.19111704826, 5.63840961456, 6.31969928741, 10.2356891632, 17.8545379639, 33.6318206787, 11.4221887589, 15.6245260239, 17.012430191, 39.0545578003, 41.6625709534, 79.1521530151, 63.7890472412, 61.4124526978, 53.6462173462, 44.9110527039, 35.4063415527, 62.3775177002, 36.5519828796, 13.3636980057, 7.59770059586, 4.11285638809, 1.14092028141, 0.12042517215, 0.00359970633872, 0.000127239181893],
        "dvar": [3.25504151988e-05, 0.00236503756605, 0.0535354278982, 0.230428352952, 0.0343998260796, 0.0987964347005, 6.72408437729, 61.4870300293, 0.680091559887, 0.387612611055, 17.2443408966, 878.449829102, 44.9307250977, 50.3527870178, 28.1210517883, 250.775680542, 167.743270874, 194.667999268, 544.771972656, 3284.20898438, 209.1743927, 455.898406982, 900.945373535, 2298.46923828, 2231.26708984, 18865.40625, 10232.9394531, 9379.56640625, 4460.69384766, 3187.83618164, 2930.51904297, 10830.7666016, 2254.29736328, 261.627288818, 235.071563721, 35.4688835144, 7.22480678558, 0.1022901088, 0.000105684215669, 6.70168915917e-08],
        "dvar2": [6.7101456807e-05, 0.00469213491306, 0.104389347136, 0.400903910398, 0.0849940031767, 0.19386972487, 16.1455955505, 124.953857422, 1.33418142796, 0.854627490044, 46.4134178162, 2606.8215332, 124.03717804, 124.821166992, 76.8838577271, 721.920410156, 483.315246582, 579.817077637, 1521.66418457, 6764.97607422, 496.394042969, 949.159423828, 2208.6105957, 5588.47753906, 5225.87011719, 50535.0234375, 22315.2207031, 29870.1757812, 11867.9882812, 8119.89941406, 6939.72607422, 29904.8789062, 6195.98388672, 614.144592285, 675.669067383, 90.7702484131, 18.5324764252, 0.208618491888, 0.000209131772863, 1.42944358572e-07],
        "max": [0.207578420639, 1.79624760151, 3.42765283585, 8.94251441956, 2.35995984077, 6.11023616791, 48.3297042847, 154.277801514, 15.418554306, 11.5207338333, 61.3535919189, 262.482635498, 64.4910049438, 82.7611694336, 85.9682006836, 298.896179199, 201.173400879, 187.67906189, 323.259368896, 691.387512207, 162.639450073, 388.49432373, 566.154052734, 880.893615723, 789.497375488, 1946.22460938, 1854.76501465, 1780.19128418, 834.236450195, 886.646972656, 1184.92749023, 1379.92773438, 1002.02490234, 325.18460083, 382.031951904, 110.483482361, 48.1419181824, 7.29800367355, 0.217270463705, 0.0060660992749],
        "mean": [0.0153132155538, 0.132295876741, 0.224552720785, 0.464034020901, 0.195255845785, 0.400235384703, 2.18201422691, 8.74637413025, 1.23343443871, 0.688502073288, 3.10208559036, 17.3593177795, 6.32529592514, 6.83586454391, 2.97158670425, 3.7692258358, 4.54351234436, 8.06664085388, 14.3096656799, 27.5281543732, 11.5160150528, 15.1238021851, 16.5468235016, 41.6146736145, 40.9246864319, 67.9029693604, 68.6848068237, 54.2305183411, 49.2657394409, 43.6409721375, 37.7251853943, 50.1814651489, 34.4425582886, 15.276553154, 8.50428581238, 4.09543418884, 0.99110108614, 0.125347435474, 0.00349560240284, 0.000158852722961],
        "median": [0.000273810088402, 0.00102467183024, 0.00388627033681, 0.0127555821091, 0.0250814780593, 0.0861849784851, 0.935185313225, 3.23720049858, 0.702003002167, 0.408686935902, 1.62676429749, 7.45347929001, 3.8637406826, 3.89033031464, 1.61262214184, 1.71777915955, 2.20822072029, 4.37000465393, 6.35576057434, 7.21661281586, 5.06949329376, 6.6680765152, 8.47309875488, 22.6749229431, 21.5661125183, 25.2641906738, 22.4517669678, 12.8105640411, 13.6722068787, 19.3729743958, 10.3305549622, 7.51925754547, 9.20596313477, 3.12214612961, 1.28207182884, 1.0273103714, 0.198235660791, 0.0111588649452, 0.00036291842116, 3.92845286115e-05],
        "min": [2.0522896763e-22, 3.14303449806e-21, 8.44137734331e-21, 6.21557664816e-20, 1.24728897281e-19, 3.40732651513e-19, 5.92260543106e-19, 8.16267411936e-19, 4.19618591786e-19, 8.68347116893e-19, 5.91234425556e-19, 5.01571459276e-19, 1.79784273339e-18, 1.18415950489e-18, 1.34624864784e-18, 2.43301177151e-18, 2.21827423692e-18, 4.42694904283e-18, 5.73481340833e-18, 7.29789608002e-18, 4.21604032051e-18, 5.18420063358e-18, 1.27253647415e-17, 9.95209615412e-18, 8.82151148314e-18, 1.77726421683e-17, 1.38649119144e-17, 1.92843627142e-17, 1.60469333066e-17, 1.24192640743e-17, 1.19526291569e-17, 1.35047483767e-17, 1.11288978875e-17, 1.18975058408e-17, 8.76067565781e-18, 6.43780236448e-18, 3.2594439924e-18, 1.24335420388e-18, 3.17525504892e-19, 3.43653671825e-20],
        "var": [0.000961307552643, 0.0718820989132, 0.199795812368, 0.919914066792, 0.105029799044, 0.581747531891, 17.5769367218, 269.352203369, 2.82779288292, 0.849385380745, 28.3449573517, 831.160400391, 64.9598922729, 80.632598877, 29.7836475372, 158.904083252, 116.540130615, 163.146530151, 531.357971191, 4424.70751953, 345.311065674, 852.565368652, 1143.62280273, 4787.86328125, 4438.30126953, 24542.6914062, 25501.2890625, 15237.8457031, 8812.65917969, 6217.10595703, 8265.5859375, 15035.5917969, 4559.40966797, 955.826721191, 536.012878418, 82.5860748291, 10.3302927017, 0.225134149194, 0.000203624862479, 1.72447172986e-07]
    },
    "gfcc": {
        "mean": [-27.9411525726, -22.3748340607, -131.09513855, 33.7954864502, -87.4404754639, 12.2193565369, -41.2483024597, 19.2020244598, -26.9347057343, 11.1917695999, -16.1578197479, 7.41405630112, -3.31532001495],
        "cov": [[16483.4160156, -1825.26281738, 68.748260498, 632.391113281, -63.9962463379, 793.424072266, -463.666320801, 256.941131592, -220.774032593, 295.862884521, -655.748596191, -318.350097656, -224.616653442], [-1825.26281738, 2759.50634766, 470.462677002, 487.086486816, 39.2584991455, -128.519805908, 230.056686401, 48.7316627502, 50.7050514221, -150.716201782, 270.148986816, 56.9729270935, -36.4710617065], [68.748260498, 470.462677002, 1278.87719727, 570.278442383, 453.678222656, 389.323638916, 119.585670471, 168.271148682, -5.16457509995, 24.056476593, -156.668228149, -141.370101929, -163.234939575], [632.391113281, 487.086486816, 570.278442383, 603.808410645, 229.81829834, 218.31678772, 125.371109009, 74.3548812866, 62.3268356323, -36.2736282349, -63.7770500183, -101.983573914, -94.1755371094], [-63.9962463379, 39.2584991455, 453.678222656, 229.81829834, 422.254241943, 212.13722229, 27.1440238953, 52.0259246826, 6.92620134354, 30.7684822083, -100.17061615, -120.580818176, -90.0508117676], [793.424072266, -128.519805908, 389.323638916, 218.31678772, 212.13722229, 350.423675537, 36.4162826538, 53.5928611755, 27.5958404541, 44.1159629822, -127.017082214, -105.656585693, -77.5378112793], [-463.666320801, 230.056686401, 119.585670471, 125.371109009, 27.1440238953, 36.4162826538, 160.894699097, 40.5851593018, 29.5960826874, -32.841003418, 10.839963913, -13.9681301117, -24.2191295624], [256.941131592, 48.7316627502, 168.271148682, 74.3548812866, 52.0259246826, 53.5928611755, 40.5851593018, 138.015716553, 5.1395072937, 8.36533546448, -40.1474304199, -38.0157318115, -26.8449993134], [-220.774032593, 50.7050514221, -5.16457509995, 62.3268356323, 6.92620134354, 27.5958404541, 29.5960826874, 5.1395072937, 108.969192505, -6.58000469208, -10.635134697, -28.1711483002, 0.167117372155], [295.862884521, -150.716201782, 24.056476593, -36.2736282349, 30.7684822083, 44.1159629822, -32.841003418, 8.36533546448, -6.58000469208, 97.5852508545, -13.4660158157, -11.5007858276, 9.44982147217], [-655.748596191, 270.148986816, -156.668228149, -63.7770500183, -100.17061615, -127.017082214, 10.839963913, -40.1474304199, -10.635134697, -13.4660158157, 164.56489563, 92.0842590332, 44.0408477783], [-318.350097656, 56.9729270935, -141.370101929, -101.983573914, -120.580818176, -105.656585693, -13.9681301117, -38.0157318115, -28.1711483002, -11.5007858276, 92.0842590332, 136.042999268, 51.2527732849], [-224.616653442, -36.4710617065, -163.234939575, -94.1755371094, -90.0508117676, -77.5378112793, -24.2191295624, -26.8449993134, 0.167117372155, 9.44982147217, 44.0408477783, 51.2527732849, 88.2960281372]],
        "icov": [[0.000157311980729, 1.41635528053e-05, 0.000302579690469, -0.000538108812179, 0.000350435497239, -0.000338583486155, 0.000563589623198, -0.000358417659299, 0.000557702151127, -0.000410380715039, 0.000469068298116, -9.39821475185e-05, 0.000360624922905], [1.41635528053e-05, 0.000698837917298, -0.000317668891512, -0.000432710890891, 9.36877768254e-05, 0.000381900812499, -0.000196584136575, -0.000103514481452, -0.000118277566798, 0.000530854042154, -0.00140600302257, 0.000369047891581, 5.18923261552e-05], [0.000302579690469, -0.000317668891512, 0.00303467269987, -0.00221167318523, -0.000514379527885, -0.00161388376728, 0.00100239249878, -0.00191457755864, 0.00214836187661, -0.00148782262113, 0.00209871307015, -0.00152116641402, 0.00163219450042], [-0.000538108812179, -0.000432710890891, -0.00221167318523, 0.00589854130521, -0.00140908977482, 0.000134996866109, -0.00281668175012, 0.00153389631305, -0.00331046525389, 0.0027755938936, -0.00184217037167, 0.00123596645426, -0.00105925148819], [0.000350435497239, 9.36877768254e-05, -0.000514379527885, -0.00140908977482, 0.00568637205288, -0.00150958041195, 0.0016019414179, -0.000127336708829, 0.00158377841581, -0.00161002925597, 0.000543062167708, 0.00228680996224, 0.00192175910342], [-0.000338583486155, 0.000381900812499, -0.00161388376728, 0.000134996866109, -0.00150958041195, 0.00747559452429, -0.0021073340904, 0.00146177294664, -0.00216641533189, -0.00166444014758, 0.00114210892934, 0.000521466659848, 0.000658222939819], [0.000563589623198, -0.000196584136575, 0.00100239249878, -0.00281668175012, 0.0016019414179, -0.0021073340904, 0.011062046513, -0.00349865714088, 0.000462755269837, 0.000952472968493, -0.000100388235296, -0.000255680788541, 0.00205085286871], [-0.000358417659299, -0.000103514481452, -0.00191457755864, 0.00153389631305, -0.000127336708829, 0.00146177294664, -0.00349865714088, 0.0105071244761, -0.0011312593706, -0.000494521751534, 0.000535342143849, 0.00154324294999, -0.000577118946239], [0.000557702151127, -0.000118277566798, 0.00214836187661, -0.00331046525389, 0.00158377841581, -0.00216641533189, 0.000462755269837, -0.0011312593706, 0.0134164653718, -0.0013930395944, 0.00187138724141, 0.00225857365876, -0.000814251310658], [-0.000410380715039, 0.000530854042154, -0.00148782262113, 0.0027755938936, -0.00161002925597, -0.00166444014758, 0.000952472968493, -0.000494521751534, -0.0013930395944, 0.0153366615996, -0.00408680224791, 0.00201552174985, -0.00437787221745], [0.000469068298116, -0.00140600302257, 0.00209871307015, -0.00184217037167, 0.000543062167708, 0.00114210892934, -0.000100388235296, 0.000535342143849, 0.00187138724141, -0.00408680224791, 0.0167017262429, -0.00753041543067, 0.000694041780662], [-9.39821475185e-05, 0.000369047891581, -0.00152116641402, 0.00123596645426, 0.00228680996224, 0.000521466659848, -0.000255680788541, 0.00154324294999, 0.00225857365876, 0.00201552174985, -0.00753041543067, 0.0165820736438, -0.00448057241738], [0.000360624922905, 5.18923261552e-05, 0.00163219450042, -0.00105925148819, 0.00192175910342, 0.000658222939819, 0.00205085286871, -0.000577118946239, -0.000814251310658, -0.00437787221745, 0.000694041780662, -0.00448057241738, 0.019801825285]]
    },
    "melbands": {
        "dmean": [2.49319509749e-05, 4.07212864957e-05, 2.97283131658e-05, 8.83193661139e-06, 3.73296534235e-05, 9.65620638453e-05, 7.76770502853e-06, 4.4946482376e-06, 2.16669759538e-05, 9.54335919232e-05, 1.66411700775e-05, 1.84366926987e-05, 7.74048567109e-06, 6.14736381976e-06, 1.13713522296e-05, 8.34997445054e-06, 1.1349149645e-05, 1.20238237287e-05, 3.85047314921e-05, 1.87064142665e-05, 8.51691493153e-06, 1.02596968645e-05, 9.09983555175e-06, 1.17505369417e-05, 2.16487296711e-05, 1.81584564416e-05, 2.50423745456e-05, 3.68870896637e-05, 2.79491141555e-05, 2.36850137298e-05, 2.10209491343e-05, 2.19628218474e-05, 1.53917917487e-05, 1.6793181203e-05, 1.34051751957e-05, 1.1388283383e-05, 3.27909947373e-05, 1.77387191798e-05, 1.33157436721e-05, 5.939615221e-06],
        "dmean2": [3.66590356862e-05, 5.78539693379e-05, 4.05181817769e-05, 1.31046235765e-05, 5.85301531828e-05, 0.000141262367833, 1.13070127554e-05, 7.26619373381e-06, 3.64204133803e-05, 0.00016640299873, 2.77844264929e-05, 2.91163250949e-05, 1.26738423205e-05, 1.05787394205e-05, 2.01035163627e-05, 1.4573099179e-05, 1.91160015675e-05, 2.09077770705e-05, 6.09523558524e-05, 2.77567014564e-05, 1.46827906065e-05, 1.68687984115e-05, 1.49232155309e-05, 1.94329277292e-05, 3.57953649655e-05, 3.11289659294e-05, 4.21648219344e-05, 6.16464021732e-05, 4.72754582006e-05, 3.9862763515e-05, 3.6452045606e-05, 3.73703187506e-05, 2.61099085037e-05, 2.81588345388e-05, 2.23448914767e-05, 1.92830211745e-05, 5.59319378226e-05, 3.01213240164e-05, 2.22050512093e-05, 9.47869193624e-06],
        "dvar": [3.06392844429e-09, 8.55449755477e-09, 4.71638550437e-09, 2.76682565747e-10, 5.1998418904e-09, 2.37215580512e-08, 1.233421143e-10, 6.77521858061e-11, 1.79779424681e-09, 3.38182424287e-08, 9.61822177459e-10, 7.96376353751e-10, 3.5298963752e-10, 5.19998044624e-10, 2.22441398634e-09, 7.55121021268e-10, 6.28304686057e-10, 1.05708930498e-09, 5.16066256395e-09, 2.38992647894e-09, 4.96459207078e-10, 5.39760069973e-10, 6.45108966246e-10, 8.84782747068e-10, 2.14877449167e-09, 1.31151178806e-09, 4.25696722317e-09, 1.36601672196e-08, 7.09159531098e-09, 4.56323423492e-09, 2.45632270079e-09, 3.10840886364e-09, 8.40106373357e-10, 2.15018003402e-09, 1.20207421794e-09, 1.19681209387e-09, 9.83180825642e-09, 1.87306392618e-09, 7.9074913284e-10, 2.01001673639e-10],
        "dvar2": [5.71108138558e-09, 1.67676965646e-08, 8.14985234854e-09, 6.11386774541e-10, 1.23859171808e-08, 4.89639546686e-08, 2.33998098675e-10, 1.72363540107e-10, 4.99680474775e-09, 1.00420642468e-07, 2.62372679138e-09, 1.96648097806e-09, 9.39146871382e-10, 1.5268336595e-09, 6.32549301827e-09, 2.17346207698e-09, 1.89081972302e-09, 3.09921954766e-09, 1.1536865685e-08, 4.93202279017e-09, 1.22929844082e-09, 1.16257281579e-09, 1.48218981533e-09, 2.20435758536e-09, 5.19413223543e-09, 3.68778674265e-09, 1.09549453953e-08, 3.68415129515e-08, 1.70543081879e-08, 1.35666224921e-08, 7.66478081005e-09, 8.45063929944e-09, 2.19150231295e-09, 5.33968869121e-09, 2.73748979041e-09, 3.40252670483e-09, 2.73339662016e-08, 5.26402699208e-09, 2.18375140193e-09, 4.33120206367e-10],
        "max": [0.00213795271702, 0.00181517470628, 0.00126488716342, 0.000295985577395, 0.00131967838388, 0.00299532711506, 0.000166930709383, 0.000123557270854, 0.000559579872061, 0.00163629092276, 0.000326540408423, 0.000319378304994, 0.000250909622991, 0.000389479275327, 0.000832484511193, 0.00038060254883, 0.000322256237268, 0.00051885744324, 0.000690011773258, 0.000561846187338, 0.000234952909523, 0.000446545396699, 0.000522595597431, 0.000557279738132, 0.000930023146793, 0.000536858686246, 0.00127306312788, 0.00172996195033, 0.00126170716248, 0.00129211589228, 0.000829608121421, 0.000746297184378, 0.000548101670574, 0.000847594346851, 0.000755206565373, 0.000685094913933, 0.00100408436265, 0.000852919300087, 0.000358550227247, 0.000319290033076],
        "mean": [0.000158261696924, 0.000144950696267, 7.05652055331e-05, 1.90589053091e-05, 6.71248490107e-05, 0.000176152767381, 1.59096816787e-05, 7.66672928876e-06, 3.06002148136e-05, 0.000108110820292, 2.63263627858e-05, 2.7228907129e-05, 1.12310017357e-05, 8.05426316219e-06, 1.19724509204e-05, 1.07602818389e-05, 1.47112868945e-05, 1.55367342813e-05, 4.99208072142e-05, 2.12140839722e-05, 1.2550757674e-05, 1.57210033649e-05, 1.30443859234e-05, 1.72908894456e-05, 3.67158463632e-05, 2.86074646283e-05, 3.31007540808e-05, 4.94474297739e-05, 4.54810106021e-05, 3.63110084436e-05, 2.95439949696e-05, 3.07361260639e-05, 2.25926050916e-05, 2.53940579569e-05, 2.19946996367e-05, 1.97156077775e-05, 3.85585663025e-05, 2.49693075602e-05, 2.02252431336e-05, 1.03310940176e-05],
        "median": [3.38168979397e-06, 1.83262454811e-06, 2.73792875305e-06, 2.08569963434e-06, 3.09001188725e-05, 7.03180412529e-05, 8.97537029232e-06, 3.80438586944e-06, 1.60750132636e-05, 4.6921599278e-05, 1.3807924006e-05, 1.55039524543e-05, 5.79433208259e-06, 3.88120497519e-06, 3.93399795939e-06, 5.40710243513e-06, 7.75391163188e-06, 8.01290207164e-06, 1.28769870571e-05, 5.65159052712e-06, 4.76845434605e-06, 6.00267094342e-06, 5.51702760276e-06, 9.11984625418e-06, 1.83840438694e-05, 1.56393762154e-05, 1.40415950227e-05, 1.47754708451e-05, 1.29113932417e-05, 1.00249380921e-05, 5.8902528508e-06, 5.82214579481e-06, 9.69411667029e-06, 8.99102451513e-06, 5.6011263041e-06, 5.07990262122e-06, 4.19637581217e-06, 5.4162910601e-06, 4.80685821458e-06, 1.67197777046e-06],
        "min": [4.58073226089e-24, 4.394956701e-24, 1.33652585318e-23, 1.48934919422e-23, 2.05887537112e-23, 1.73987011847e-23, 7.34895246239e-24, 8.42288245521e-24, 4.69850367201e-24, 3.21745459614e-24, 9.12960558526e-24, 4.57343608638e-24, 4.27696125338e-24, 4.96243523165e-24, 9.72528076568e-24, 5.02885179785e-24, 8.61503634995e-24, 7.91138898857e-24, 1.02547460615e-23, 8.65644918089e-24, 4.33302875336e-24, 4.71640647583e-24, 7.04915534169e-24, 1.02701225382e-23, 7.93966886316e-24, 5.60881839106e-24, 6.96850693591e-24, 1.19908135548e-23, 9.59912612972e-24, 8.40082827088e-24, 1.16702220607e-23, 9.89701657361e-24, 7.60320943189e-24, 6.60597052413e-24, 5.94181353966e-24, 8.76793100402e-24, 8.14021623793e-24, 6.75915981774e-24, 1.02633564782e-23, 9.80840698357e-24],
        "var": [1.0306742837e-07, 7.18889552331e-08, 1.98698781873e-08, 1.33540656311e-09, 1.42908183065e-08, 1.01172140887e-07, 4.23101331748e-10, 1.610688527e-10, 2.31977459464e-09, 3.18760093876e-08, 1.4765719758e-09, 1.30886546046e-09, 4.17368084538e-10, 3.8558253812e-10, 1.48345413731e-09, 5.30994304082e-10, 5.3117454879e-10, 7.84141529486e-10, 8.3904696524e-09, 2.93665158857e-09, 6.35490993162e-10, 9.6431418406e-10, 9.12899644767e-10, 1.12967446508e-09, 4.51078419061e-09, 1.91246662951e-09, 5.06529840294e-09, 1.59930468868e-08, 1.23261232332e-08, 8.51619041953e-09, 3.93901133933e-09, 4.3814822881e-09, 1.57514223886e-09, 3.03971092741e-09, 3.01959146576e-09, 2.60904875482e-09, 1.06793631716e-08, 2.94742230622e-09, 1.40731526432e-09, 6.11568740094e-10]
    },
    "mfcc": {
